
##########################
# Experiment information #
##########################

EXPERIMENT_NAME: antsRegistration-r8-p11
VFC_BACKENDS: libinterflop_vprec.so --range-binary32=8 --precision-binary32=11 --range-binary64=8 --precision-binary64=11

SIF_IMG: /home/mdugre/projects/rrg-glatard/mdugre/containers/ants-vprec-no_metrics.simg

SUBJECT_ID: s017
INPUT_IMG: /home/mdugre/scratch/mri-registration-rp/datasets/ds004513/derivatives/mri-registration-rp/antsBrainExtraction/sub-s017/BrainExtractionBrain.nii.gz
OUTPUT_DIR: /home/mdugre/scratch/mri-registration-rp/datasets/ds004513/derivatives/mri-registration-rp/0001/antsRegistration-r8-p11/sub-s017

FIXED_IMG: /templateflow/tpl-MNI152NLin2009cAsym/tpl-MNI152NLin2009cAsym_res-01_desc-brain_T1w.nii.gz
DATA_DIR: /home/mdugre/scratch/mri-registration-rp/datasets/ds004513
TEMPLATEFLOW_DIR: /home/mdugre/projects/rrg-glatard/mdugre/templateflow
ITK_GLOBAL_DEFAULT_NUMBER_OF_THREADS: 16
##########################

Info [verificarlo]: loaded backend libinterflop_ieee.so
Info [interflop-ieee]: load backend with:
Info [interflop-ieee]: debug = false
Info [interflop-ieee]: debug-binary = false
Info [interflop-ieee]: no-backend-name = false
Info [interflop-ieee]: print-new-line = false
Info [interflop-ieee]: print-subnormal-normalized = false
Info [interflop-ieee]: count-op = false
All_Command_lines_OK
Using double precision for computations.
=============================================================================
The composite transform comprises the following transforms (in order): 
  1. Center of mass alignment using fixed image: /templateflow/tpl-MNI152NLin2009cAsym/tpl-MNI152NLin2009cAsym_res-01_desc-brain_T1w.nii.gz and moving image: /home/mdugre/scratch/mri-registration-rp/datasets/ds004513/derivatives/mri-registration-rp/antsBrainExtraction/sub-s017/BrainExtractionBrain.nii.gz (type = Euler3DTransform)
=============================================================================
  number of levels = 1
  fixed image: /templateflow/tpl-MNI152NLin2009cAsym/tpl-MNI152NLin2009cAsym_res-01_desc-brain_T1w.nii.gz
  moving image: /home/mdugre/scratch/mri-registration-rp/datasets/ds004513/derivatives/mri-registration-rp/antsBrainExtraction/sub-s017/BrainExtractionBrain.nii.gz
Dimension = 3
Number of stages = 1
Use histogram matching = false
Winsorize image intensities = true
  Lower quantile = 0.005
  Upper quantile = 0.995


Stage 1 State
   Image metric = MattesMI
     Fixed image = Image (0x4d9ae70)
  RTTI typeinfo:   itk::Image<double, 3u>
  Reference Count: 2
  Modified Time: 2334
  Debug: Off
  Object Name: 
  Observers: 
    none
  Source: (none)
  Source output name: (none)
  Release Data: Off
  Data Released: False
  Global Release Data: Off
  PipelineMTime: 0
  UpdateMTime: 1943
  RealTimeStamp: 0 seconds 
  LargestPossibleRegion: 
    Dimension: 3
    Index: [0, 0, 0]
    Size: [193, 229, 193]
  BufferedRegion: 
    Dimension: 3
    Index: [0, 0, 0]
    Size: [193, 229, 193]
  RequestedRegion: 
    Dimension: 3
    Index: [0, 0, 0]
    Size: [193, 229, 193]
  Spacing: [1, 1, 1]
  Origin: [96, 132, -78]
  Direction: 
-1 0 0
0 -1 0
0 0 1

  IndexToPointMatrix: 
-1 0 0
0 -1 0
0 0 1

  PointToIndexMatrix: 
-1 0 0
0 -1 0
0 0 1

  Inverse Direction: 
-1 0 0
0 -1 0
0 0 1

  PixelContainer: 
    ImportImageContainer (0x4da3c60)
      RTTI typeinfo:   itk::ImportImageContainer<unsigned long, double>
      Reference Count: 1
      Modified Time: 1940
      Debug: Off
      Object Name: 
      Observers: 
        none
      Pointer: 0x152b74ae1010
      Container manages memory: true
      Size: 8530021
      Capacity: 8530021

     Moving image = Image (0x4da6610)
  RTTI typeinfo:   itk::Image<double, 3u>
  Reference Count: 2
  Modified Time: 2335
  Debug: Off
  Object Name: 
  Observers: 
    none
  Source: (none)
  Source output name: (none)
  Release Data: Off
  Data Released: False
  Global Release Data: Off
  PipelineMTime: 0
  UpdateMTime: 2332
  RealTimeStamp: 0 seconds 
  LargestPossibleRegion: 
    Dimension: 3
    Index: [0, 0, 0]
    Size: [160, 240, 256]
  BufferedRegion: 
    Dimension: 3
    Index: [0, 0, 0]
    Size: [160, 240, 256]
  RequestedRegion: 
    Dimension: 3
    Index: [0, 0, 0]
    Size: [160, 240, 256]
  Spacing: [1, 1, 1]
  Origin: [91.3357, 102.231, -120.042]
  Direction: 
-0.997442 -5.36781e-05 -0.0714818
5.35416e-05 -1 3.82465e-06
-0.0714818 -1.23894e-08 0.997442

  IndexToPointMatrix: 
-0.997444 -5.36781e-05 -0.0714818
5.35418e-05 -1 3.82465e-06
-0.0714819 -1.23894e-08 0.997442

  PointToIndexMatrix: 
-0.99744 5.35415e-05 -0.0714816
-5.36781e-05 -1 -1.23894e-08
-0.0714818 3.82465e-06 0.997442

  Inverse Direction: 
-0.997442 5.35416e-05 -0.0714818
-5.36781e-05 -1 -1.23894e-08
-0.0714818 3.82465e-06 0.997442

  PixelContainer: 
    ImportImageContainer (0x4e3fef0)
      RTTI typeinfo:   itk::ImportImageContainer<unsigned long, double>
      Reference Count: 1
      Modified Time: 2329
      Debug: Off
      Object Name: 
      Observers: 
        none
      Pointer: 0x152b6ffe0010
      Container manages memory: true
      Size: 9830400
      Capacity: 9830400

     Weighting = 1
     Sampling strategy = regular
     Number of bins = 32
     Radius = 4
     Sampling percentage  = 0.25
   Transform = Rigid
     Gradient step = 0.1
     Update field sigma (voxel space) = 0
     Total field sigma (voxel space) = 0
     Update field time sigma = 0
     Total field time sigma  = 0
     Number of time indices = 0
     Number of time point samples = 0
Registration using 1 total stages.

Stage 0
  iterations = 0
  convergence threshold = 1e-06
  convergence window size = 10
  number of levels = 1
  using the Mattes MI metric (number of bins = 32, weight = 1, use gradient filter = 0)
  preprocessing:  winsorizing the image intensities
  Shrink factors (level 1 out of 1): [1, 1, 1]
  smoothing sigmas per level: [0]
  regular sampling (percentage = 0.25)

*** Running Euler3DTransform registration ***

  Elapsed time (stage 0): 1.10303


Total elapsed time: 1.10514
Info [verificarlo]: loaded backend libinterflop_ieee.so
Info [interflop-ieee]: load backend with:
Info [interflop-ieee]: debug = false
Info [interflop-ieee]: debug-binary = false
Info [interflop-ieee]: no-backend-name = false
Info [interflop-ieee]: print-new-line = false
Info [interflop-ieee]: print-subnormal-normalized = false
Info [interflop-ieee]: count-op = false
All_Command_lines_OK
Using double precision for computations.
=============================================================================
The composite transform comprises the following transforms (in order): 
  1. /home/mdugre/scratch/mri-registration-rp/datasets/ds004513/derivatives/mri-registration-rp/0001/antsRegistration-r8-p11/sub-s017/align_Composite.h5[0] (type = Euler3DTransform)
  2. /home/mdugre/scratch/mri-registration-rp/datasets/ds004513/derivatives/mri-registration-rp/0001/antsRegistration-r8-p11/sub-s017/align_Composite.h5[1] (type = Euler3DTransform)
=============================================================================
  number of levels = 4
  fixed image: /templateflow/tpl-MNI152NLin2009cAsym/tpl-MNI152NLin2009cAsym_res-01_desc-brain_T1w.nii.gz
  moving image: /home/mdugre/scratch/mri-registration-rp/datasets/ds004513/derivatives/mri-registration-rp/antsBrainExtraction/sub-s017/BrainExtractionBrain.nii.gz
Dimension = 3
Number of stages = 1
Use histogram matching = false
Winsorize image intensities = true
  Lower quantile = 0.005
  Upper quantile = 0.995


Stage 1 State
   Image metric = MattesMI
     Fixed image = Image (0x4e2f530)
  RTTI typeinfo:   itk::Image<double, 3u>
  Reference Count: 2
  Modified Time: 1580
  Debug: Off
  Object Name: 
  Observers: 
    none
  Source: (none)
  Source output name: (none)
  Release Data: Off
  Data Released: False
  Global Release Data: Off
  PipelineMTime: 0
  UpdateMTime: 1189
  RealTimeStamp: 0 seconds 
  LargestPossibleRegion: 
    Dimension: 3
    Index: [0, 0, 0]
    Size: [193, 229, 193]
  BufferedRegion: 
    Dimension: 3
    Index: [0, 0, 0]
    Size: [193, 229, 193]
  RequestedRegion: 
    Dimension: 3
    Index: [0, 0, 0]
    Size: [193, 229, 193]
  Spacing: [1, 1, 1]
  Origin: [96, 132, -78]
  Direction: 
-1 0 0
0 -1 0
0 0 1

  IndexToPointMatrix: 
-1 0 0
0 -1 0
0 0 1

  PointToIndexMatrix: 
-1 0 0
0 -1 0
0 0 1

  Inverse Direction: 
-1 0 0
0 -1 0
0 0 1

  PixelContainer: 
    ImportImageContainer (0x4eedd60)
      RTTI typeinfo:   itk::ImportImageContainer<unsigned long, double>
      Reference Count: 1
      Modified Time: 1186
      Debug: Off
      Object Name: 
      Observers: 
        none
      Pointer: 0x14bf47253010
      Container manages memory: true
      Size: 8530021
      Capacity: 8530021

     Moving image = Image (0x4edff60)
  RTTI typeinfo:   itk::Image<double, 3u>
  Reference Count: 2
  Modified Time: 1581
  Debug: Off
  Object Name: 
  Observers: 
    none
  Source: (none)
  Source output name: (none)
  Release Data: Off
  Data Released: False
  Global Release Data: Off
  PipelineMTime: 0
  UpdateMTime: 1578
  RealTimeStamp: 0 seconds 
  LargestPossibleRegion: 
    Dimension: 3
    Index: [0, 0, 0]
    Size: [160, 240, 256]
  BufferedRegion: 
    Dimension: 3
    Index: [0, 0, 0]
    Size: [160, 240, 256]
  RequestedRegion: 
    Dimension: 3
    Index: [0, 0, 0]
    Size: [160, 240, 256]
  Spacing: [1, 1, 1]
  Origin: [91.3357, 102.231, -120.042]
  Direction: 
-0.997442 -5.36781e-05 -0.0714818
5.35416e-05 -1 3.82465e-06
-0.0714818 -1.23894e-08 0.997442

  IndexToPointMatrix: 
-0.997444 -5.36781e-05 -0.0714818
5.35418e-05 -1 3.82465e-06
-0.0714819 -1.23894e-08 0.997442

  PointToIndexMatrix: 
-0.99744 5.35415e-05 -0.0714816
-5.36781e-05 -1 -1.23894e-08
-0.0714818 3.82465e-06 0.997442

  Inverse Direction: 
-0.997442 5.35416e-05 -0.0714818
-5.36781e-05 -1 -1.23894e-08
-0.0714818 3.82465e-06 0.997442

  PixelContainer: 
    ImportImageContainer (0x4ed16d0)
      RTTI typeinfo:   itk::ImportImageContainer<unsigned long, double>
      Reference Count: 1
      Modified Time: 1575
      Debug: Off
      Object Name: 
      Observers: 
        none
      Pointer: 0x14bf42752010
      Container manages memory: true
      Size: 9830400
      Capacity: 9830400

     Weighting = 1
     Sampling strategy = regular
     Number of bins = 32
     Radius = 4
     Sampling percentage  = 0.25
   Transform = Rigid
     Gradient step = 0.1
     Update field sigma (voxel space) = 0
     Total field sigma (voxel space) = 0
     Update field time sigma = 0
     Total field time sigma  = 0
     Number of time indices = 0
     Number of time point samples = 0
Registration using 1 total stages.

Stage 0
  iterations = 1000x500x250x100
  convergence threshold = 1e-06
  convergence window size = 10
  number of levels = 4
  using the Mattes MI metric (number of bins = 32, weight = 1, use gradient filter = 0)
  preprocessing:  winsorizing the image intensities
  Shrink factors (level 1 out of 4): [8, 8, 8]
  Shrink factors (level 2 out of 4): [4, 4, 4]
  Shrink factors (level 3 out of 4): [2, 2, 2]
  Shrink factors (level 4 out of 4): [1, 1, 1]
  smoothing sigmas per level: [3, 2, 1, 0]
  regular sampling (percentage = 0.25)

*** Running Euler3DTransform registration ***

DIAGNOSTIC,Iteration,metricValue,convergenceValue,ITERATION_TIME_INDEX,SINCE_LAST
 2DIAGNOSTIC,     1, -5.567767283252e-01, 1.797693134862e+308, 6.8197e-01, 6.8197e-01, 
 2DIAGNOSTIC,     2, -5.584239703569e-01, 1.797693134862e+308, 6.8617e-01, 4.2019e-03, 
 2DIAGNOSTIC,     3, -5.612715515272e-01, 1.797693134862e+308, 6.9027e-01, 4.1010e-03, 
 2DIAGNOSTIC,     4, -5.637780194106e-01, 1.797693134862e+308, 6.9433e-01, 4.0650e-03, 
 2DIAGNOSTIC,     5, -5.658229214212e-01, 1.797693134862e+308, 6.9870e-01, 4.3652e-03, 
 2DIAGNOSTIC,     6, -5.696445468689e-01, 1.797693134862e+308, 7.0261e-01, 3.9082e-03, 
 2DIAGNOSTIC,     7, -5.734118275242e-01, 1.797693134862e+308, 7.0661e-01, 3.9980e-03, 
 2DIAGNOSTIC,     8, -5.754533484979e-01, 1.797693134862e+308, 7.1190e-01, 5.2929e-03, 
 2DIAGNOSTIC,     9, -5.763021950250e-01, 1.797693134862e+308, 7.1625e-01, 4.3519e-03, 
 2DIAGNOSTIC,    10, -5.771142770255e-01, 2.558085388189e-03, 7.2162e-01, 5.3740e-03, 
 2DIAGNOSTIC,    11, -5.785125587612e-01, 2.176117873031e-03, 7.2576e-01, 4.1311e-03, 
 2DIAGNOSTIC,    12, -5.799413348090e-01, 1.786767970983e-03, 7.3030e-01, 4.5459e-03, 
 2DIAGNOSTIC,    13, -5.809477908980e-01, 1.443124036835e-03, 7.3493e-01, 4.6320e-03, 
 2DIAGNOSTIC,    14, -5.814655964876e-01, 1.127354078216e-03, 7.3888e-01, 3.9511e-03, 
 2DIAGNOSTIC,    15, -5.819093877219e-01, 8.331089413526e-04, 7.4331e-01, 4.4281e-03, 
 2DIAGNOSTIC,    16, -5.822326442998e-01, 6.258215683232e-04, 7.4785e-01, 4.5331e-03, 
 2DIAGNOSTIC,    17, -5.825793599843e-01, 5.040365830238e-04, 7.5207e-01, 4.2222e-03, 
 2DIAGNOSTIC,    18, -5.863713925916e-01, 5.095725576645e-04, 7.5612e-01, 4.0560e-03, 
 2DIAGNOSTIC,    19, -5.901617810168e-01, 5.855607354908e-04, 7.6332e-01, 7.1990e-03, 
 2DIAGNOSTIC,    20, -5.906016223816e-01, 6.286272500309e-04, 7.6822e-01, 4.8981e-03, 
 2DIAGNOSTIC,    21, -5.907365705866e-01, 6.467002963836e-04, 7.7260e-01, 4.3762e-03, 
 2DIAGNOSTIC,    22, -5.906256574994e-01, 6.330265936379e-04, 7.7718e-01, 4.5829e-03, 
 2DIAGNOSTIC,    23, -5.906307681711e-01, 5.816453055176e-04, 7.8116e-01, 3.9830e-03, 
 2DIAGNOSTIC,    24, -5.905636622010e-01, 4.878472529219e-04, 7.8533e-01, 4.1661e-03, 
 2DIAGNOSTIC,    25, -5.906024985370e-01, 3.662279783956e-04, 7.8976e-01, 4.4310e-03, 
 2DIAGNOSTIC,    26, -5.906025304324e-01, 2.276984665070e-04, 7.9377e-01, 4.0140e-03, 
 2DIAGNOSTIC,    27, -5.906211320574e-01, 8.394584288737e-05, 7.9775e-01, 3.9771e-03, 
 2DIAGNOSTIC,    28, -5.908796758313e-01, 1.198925031175e-05, 8.0185e-01, 4.1001e-03, 
 2DIAGNOSTIC,    29, -5.911411552395e-01, 1.217108543249e-05, 8.0647e-01, 4.6198e-03, 
 2DIAGNOSTIC,    30, -5.915241330962e-01, 2.456301684436e-05, 8.1252e-01, 6.0530e-03, 
 2DIAGNOSTIC,    31, -5.916229825992e-01, 3.758205306224e-05, 8.1656e-01, 4.0329e-03, 
 2DIAGNOSTIC,    32, -5.916651208817e-01, 4.532975449154e-05, 8.2091e-01, 4.3559e-03, 
 2DIAGNOSTIC,    33, -5.916874987632e-01, 4.885284294643e-05, 8.2525e-01, 4.3349e-03, 
 2DIAGNOSTIC,    34, -5.917053822200e-01, 4.682712858777e-05, 8.2964e-01, 4.3941e-03, 
 2DIAGNOSTIC,    35, -5.917390904868e-01, 4.153275817365e-05, 8.4047e-01, 1.0828e-02, 
 2DIAGNOSTIC,    36, -5.917390912695e-01, 3.272086429418e-05, 8.4440e-01, 3.9270e-03, 
 2DIAGNOSTIC,    37, -5.917391070342e-01, 2.163060314829e-05, 8.4829e-01, 3.8919e-03, 
 2DIAGNOSTIC,    38, -5.917391330930e-01, 1.245673595324e-05, 8.5233e-01, 4.0410e-03, 
 2DIAGNOSTIC,    39, -5.917391754735e-01, 5.801896389646e-06, 8.5624e-01, 3.9072e-03, 
 2DIAGNOSTIC,    40, -5.917392424311e-01, 3.643428651643e-06, 8.6013e-01, 3.8979e-03, 
 2DIAGNOSTIC,    41, -5.917393428829e-01, 2.487109298725e-06, 8.6402e-01, 3.8831e-03, 
 2DIAGNOSTIC,    42, -5.917394845334e-01, 1.715730317535e-06, 8.6806e-01, 4.0410e-03, 
 2DIAGNOSTIC,    43, -5.917396625587e-01, 1.144189314836e-06, 8.7216e-01, 4.1010e-03, 
DIAGNOSTIC,Iteration,metricValue,convergenceValue,ITERATION_TIME_INDEX,SINCE_LAST
 2DIAGNOSTIC,     1, -4.784004501421e-01, 1.797693134862e+308, 1.5518e+00, 6.7962e-01, 
 2DIAGNOSTIC,     2, -4.783999131491e-01, 1.797693134862e+308, 1.5831e+00, 3.1284e-02, 
 2DIAGNOSTIC,     3, -4.784190365428e-01, 1.797693134862e+308, 1.6173e+00, 3.4262e-02, 
 2DIAGNOSTIC,     4, -4.785028756514e-01, 1.797693134862e+308, 1.6469e+00, 2.9606e-02, 
 2DIAGNOSTIC,     5, -4.786647485433e-01, 1.797693134862e+308, 1.6731e+00, 2.6164e-02, 
 2DIAGNOSTIC,     6, -4.788099932962e-01, 1.797693134862e+308, 1.7015e+00, 2.8449e-02, 
 2DIAGNOSTIC,     7, -4.794645847219e-01, 1.797693134862e+308, 1.7302e+00, 2.8615e-02, 
 2DIAGNOSTIC,     8, -4.813619171752e-01, 1.797693134862e+308, 1.7695e+00, 3.9292e-02, 
 2DIAGNOSTIC,     9, -4.817935635328e-01, 1.797693134862e+308, 1.8005e+00, 3.1059e-02, 
 2DIAGNOSTIC,    10, -4.822647496895e-01, 5.583367504461e-04, 1.8308e+00, 3.0297e-02, 
 2DIAGNOSTIC,    11, -4.831344909908e-01, 6.366384574544e-04, 1.8614e+00, 3.0552e-02, 
 2DIAGNOSTIC,    12, -4.835768992581e-01, 6.653898034801e-04, 1.9070e+00, 4.5638e-02, 
 2DIAGNOSTIC,    13, -4.835677565324e-01, 6.290342968997e-04, 1.9407e+00, 3.3667e-02, 
 2DIAGNOSTIC,    14, -4.835733047841e-01, 5.452729207883e-04, 1.9770e+00, 3.6382e-02, 
 2DIAGNOSTIC,    15, -4.835701547252e-01, 4.305772096029e-04, 2.0073e+00, 3.0221e-02, 
 2DIAGNOSTIC,    16, -4.835566913006e-01, 2.956272804162e-04, 2.0392e+00, 3.1950e-02, 
 2DIAGNOSTIC,    17, -4.835523104088e-01, 1.703980275269e-04, 2.0690e+00, 2.9809e-02, 
 2DIAGNOSTIC,    18, -4.835483887833e-01, 1.058854946065e-04, 2.0958e+00, 2.6812e-02, 
 2DIAGNOSTIC,    19, -4.835469915473e-01, 5.203914176776e-05, 2.1232e+00, 2.7402e-02, 
 2DIAGNOSTIC,    20, -4.835401827380e-01, 1.204163306773e-05, 2.1554e+00, 3.2194e-02, 
DIAGNOSTIC,Iteration,metricValue,convergenceValue,ITERATION_TIME_INDEX,SINCE_LAST
 2DIAGNOSTIC,     1, -4.161561167872e-01, 1.797693134862e+308, 3.2372e+00, 1.0817e+00, 
 2DIAGNOSTIC,     2, -4.161756893438e-01, 1.797693134862e+308, 3.5088e+00, 2.7161e-01, 
 2DIAGNOSTIC,     3, -4.161696114508e-01, 1.797693134862e+308, 3.7328e+00, 2.2400e-01, 
 2DIAGNOSTIC,     4, -4.161681503552e-01, 1.797693134862e+308, 4.1006e+00, 3.6787e-01, 
 2DIAGNOSTIC,     5, -4.161678896601e-01, 1.797693134862e+308, 4.3210e+00, 2.2038e-01, 
 2DIAGNOSTIC,     6, -4.161669123584e-01, 1.797693134862e+308, 4.5475e+00, 2.2648e-01, 
 2DIAGNOSTIC,     7, -4.161667485642e-01, 1.797693134862e+308, 4.7965e+00, 2.4902e-01, 
 2DIAGNOSTIC,     8, -4.161656816015e-01, 1.797693134862e+308, 5.0189e+00, 2.2238e-01, 
 2DIAGNOSTIC,     9, -4.161650043537e-01, 1.797693134862e+308, 5.2780e+00, 2.5907e-01, 
 2DIAGNOSTIC,    10, -4.161655463813e-01, 2.943366605487e-06, 5.5468e+00, 2.6885e-01, 
 2DIAGNOSTIC,    11, -4.161636420994e-01, 1.720591493629e-06, 5.7785e+00, 2.3162e-01, 
 2DIAGNOSTIC,    12, -4.161624970808e-01, 1.867462473798e-06, 6.0160e+00, 2.3756e-01, 
 2DIAGNOSTIC,    13, -4.161615819743e-01, 1.698398061328e-06, 6.2648e+00, 2.4878e-01, 
 2DIAGNOSTIC,    14, -4.161624603294e-01, 1.592444846779e-06, 6.4956e+00, 2.3078e-01, 
 2DIAGNOSTIC,    15, -4.161620529813e-01, 1.530180435499e-06, 6.7203e+00, 2.2476e-01, 
 2DIAGNOSTIC,    16, -4.161603835105e-01, 1.417836916665e-06, 6.9254e+00, 2.0503e-01, 
 2DIAGNOSTIC,    17, -4.161625251480e-01, 1.455414116495e-06, 7.1608e+00, 2.3543e-01, 
 2DIAGNOSTIC,    18, -4.161617349625e-01, 1.453854860042e-06, 7.3790e+00, 2.1823e-01, 
 2DIAGNOSTIC,    19, -4.161656140593e-01, 1.594928501054e-06, 7.6258e+00, 2.4677e-01, 
 2DIAGNOSTIC,    20, -4.161678254529e-01, 1.821576324078e-06, 7.9517e+00, 3.2586e-01, 
 2DIAGNOSTIC,    21, -4.161672172259e-01, 1.924327022708e-06, 8.1983e+00, 2.4665e-01, 
 2DIAGNOSTIC,    22, -4.161665846123e-01, 1.927748309392e-06, 8.4066e+00, 2.0830e-01, 
 2DIAGNOSTIC,    23, -4.161660793965e-01, 1.843028034097e-06, 8.6440e+00, 2.3740e-01, 
 2DIAGNOSTIC,    24, -4.161655365532e-01, 1.730448866512e-06, 8.8583e+00, 2.1424e-01, 
 2DIAGNOSTIC,    25, -4.161651834946e-01, 1.568353732502e-06, 9.0642e+00, 2.0597e-01, 
 2DIAGNOSTIC,    26, -4.161660037665e-01, 1.368374529631e-06, 9.3127e+00, 2.4852e-01, 
 2DIAGNOSTIC,    27, -4.161651045496e-01, 1.203105051695e-06, 9.5277e+00, 2.1492e-01, 
 2DIAGNOSTIC,    28, -4.161679884897e-01, 1.097088642259e-06, 9.8009e+00, 2.7319e-01, 
 2DIAGNOSTIC,    29, -4.161710849647e-01, 1.162831219675e-06, 1.0025e+01, 2.2439e-01, 
 2DIAGNOSTIC,    30, -4.161703640305e-01, 1.250475694124e-06, 1.0264e+01, 2.3835e-01, 
 2DIAGNOSTIC,    31, -4.161708142910e-01, 1.313167810622e-06, 1.0492e+01, 2.2862e-01, 
 2DIAGNOSTIC,    32, -4.161710089264e-01, 1.336085268026e-06, 1.0724e+01, 2.3188e-01, 
 2DIAGNOSTIC,    33, -4.161749613447e-01, 1.395595231449e-06, 1.0960e+01, 2.3634e-01, 
 2DIAGNOSTIC,    34, -4.161777487504e-01, 1.452526297338e-06, 1.1174e+01, 2.1401e-01, 
 2DIAGNOSTIC,    35, -4.161792220175e-01, 1.478601714958e-06, 1.1443e+01, 2.6822e-01, 
 2DIAGNOSTIC,    36, -4.161806859646e-01, 1.495439421809e-06, 1.1701e+01, 2.5847e-01, 
 2DIAGNOSTIC,    37, -4.161791778423e-01, 1.407680674151e-06, 1.1896e+01, 1.9473e-01, 
 2DIAGNOSTIC,    38, -4.161838486864e-01, 1.406626881396e-06, 1.2162e+01, 2.6584e-01, 
 2DIAGNOSTIC,    39, -4.161849953097e-01, 1.422742186372e-06, 1.2419e+01, 2.5683e-01, 
 2DIAGNOSTIC,    40, -4.161860914888e-01, 1.386764645762e-06, 1.2734e+01, 3.1530e-01, 
 2DIAGNOSTIC,    41, -4.161854987574e-01, 1.295749587561e-06, 1.2964e+01, 2.3028e-01, 
 2DIAGNOSTIC,    42, -4.161840259986e-01, 1.138573350185e-06, 1.3196e+01, 2.3177e-01, 
 2DIAGNOSTIC,    43, -4.161834049858e-01, 1.004201839249e-06, 1.3410e+01, 2.1435e-01, 
DIAGNOSTIC,Iteration,metricValue,convergenceValue,ITERATION_TIME_INDEX,SINCE_LAST
 2DIAGNOSTIC,     1, -3.834265912337e-01, 1.797693134862e+308, 1.5871e+01, 2.4606e+00, 
 2DIAGNOSTIC,     2, -3.834925053357e-01, 1.797693134862e+308, 1.7386e+01, 1.5152e+00, 
 2DIAGNOSTIC,     3, -3.834978116477e-01, 1.797693134862e+308, 1.8904e+01, 1.5183e+00, 
 2DIAGNOSTIC,     4, -3.835004127727e-01, 1.797693134862e+308, 2.0419e+01, 1.5150e+00, 
 2DIAGNOSTIC,     5, -3.835019582510e-01, 1.797693134862e+308, 2.2163e+01, 1.7438e+00, 
 2DIAGNOSTIC,     6, -3.835049957415e-01, 1.797693134862e+308, 2.3947e+01, 1.7843e+00, 
 2DIAGNOSTIC,     7, -3.835058343718e-01, 1.797693134862e+308, 2.5662e+01, 1.7150e+00, 
 2DIAGNOSTIC,     8, -3.835066498252e-01, 1.797693134862e+308, 2.7553e+01, 1.8901e+00, 
 2DIAGNOSTIC,     9, -3.835062955319e-01, 1.797693134862e+308, 2.9213e+01, 1.6600e+00, 
 2DIAGNOSTIC,    10, -3.835063108994e-01, 1.066660742795e-05, 3.0942e+01, 1.7291e+00, 
 2DIAGNOSTIC,    11, -3.835061571788e-01, 4.747040673631e-06, 3.3166e+01, 2.2241e+00, 
 2DIAGNOSTIC,    12, -3.835060832646e-01, 3.706200632322e-06, 3.4583e+01, 1.4170e+00, 
 2DIAGNOSTIC,    13, -3.835060190718e-01, 3.027826094681e-06, 3.6082e+01, 1.4995e+00, 
 2DIAGNOSTIC,    14, -3.835058638475e-01, 2.523467057938e-06, 3.7604e+01, 1.5212e+00, 
 2DIAGNOSTIC,    15, -3.835058006961e-01, 2.133709269422e-06, 3.9067e+01, 1.4635e+00, 
 2DIAGNOSTIC,    16, -3.835056463968e-01, 1.924177724363e-06, 4.0927e+01, 1.8598e+00, 
 2DIAGNOSTIC,    17, -3.835054775126e-01, 1.773328558809e-06, 4.2432e+01, 1.5047e+00, 
 2DIAGNOSTIC,    18, -3.835053086119e-01, 1.675385377549e-06, 4.3811e+01, 1.3796e+00, 
 2DIAGNOSTIC,    19, -3.835051448141e-01, 1.576051817699e-06, 4.5171e+01, 1.3603e+00, 
 2DIAGNOSTIC,    20, -3.835051658763e-01, 1.497295074183e-06, 4.6496e+01, 1.3243e+00, 
 2DIAGNOSTIC,    21, -3.835053779572e-01, 1.436675313438e-06, 4.8111e+01, 1.6156e+00, 
 2DIAGNOSTIC,    22, -3.835055901411e-01, 1.393331720861e-06, 4.9772e+01, 1.6609e+00, 
 2DIAGNOSTIC,    23, -3.835055251003e-01, 1.354581542184e-06, 5.1338e+01, 1.5659e+00, 
 2DIAGNOSTIC,    24, -3.835054518282e-01, 1.314933130485e-06, 5.2950e+01, 1.6119e+00, 
 2DIAGNOSTIC,    25, -3.835053813422e-01, 1.275595341015e-06, 5.4541e+01, 1.5906e+00, 
 2DIAGNOSTIC,    26, -3.835053141616e-01, 1.232550095119e-06, 5.5881e+01, 1.3399e+00, 
 2DIAGNOSTIC,    27, -3.835053494675e-01, 1.188143193546e-06, 5.7240e+01, 1.3589e+00, 
 2DIAGNOSTIC,    28, -3.835054089353e-01, 1.143229099491e-06, 5.8851e+01, 1.6116e+00, 
 2DIAGNOSTIC,    29, -3.835055814678e-01, 1.101082729479e-06, 6.0299e+01, 1.4476e+00, 
 2DIAGNOSTIC,    30, -3.835053714641e-01, 1.056523027732e-06, 6.2262e+01, 1.9631e+00, 
 2DIAGNOSTIC,    31, -3.835053052288e-01, 1.018740040888e-06, 6.3752e+01, 1.4898e+00, 
  Elapsed time (stage 0): 6.4655e+01


Total elapsed time: 6.4658e+01
Info [verificarlo]: loaded backend libinterflop_ieee.so
Info [interflop-ieee]: load backend with:
Info [interflop-ieee]: debug = false
Info [interflop-ieee]: debug-binary = false
Info [interflop-ieee]: no-backend-name = false
Info [interflop-ieee]: print-new-line = false
Info [interflop-ieee]: print-subnormal-normalized = false
Info [interflop-ieee]: count-op = false
All_Command_lines_OK
Using double precision for computations.
=============================================================================
The composite transform comprises the following transforms (in order): 
  1. /home/mdugre/scratch/mri-registration-rp/datasets/ds004513/derivatives/mri-registration-rp/0001/antsRegistration-r8-p11/sub-s017/rigid_Composite.h5[0] (type = Euler3DTransform)
  2. /home/mdugre/scratch/mri-registration-rp/datasets/ds004513/derivatives/mri-registration-rp/0001/antsRegistration-r8-p11/sub-s017/rigid_Composite.h5[1] (type = Euler3DTransform)
  3. /home/mdugre/scratch/mri-registration-rp/datasets/ds004513/derivatives/mri-registration-rp/0001/antsRegistration-r8-p11/sub-s017/rigid_Composite.h5[2] (type = Euler3DTransform)
=============================================================================
  number of levels = 4
  fixed image: /templateflow/tpl-MNI152NLin2009cAsym/tpl-MNI152NLin2009cAsym_res-01_desc-brain_T1w.nii.gz
  moving image: /home/mdugre/scratch/mri-registration-rp/datasets/ds004513/derivatives/mri-registration-rp/antsBrainExtraction/sub-s017/BrainExtractionBrain.nii.gz
Dimension = 3
Number of stages = 1
Use histogram matching = false
Winsorize image intensities = true
  Lower quantile = 0.005
  Upper quantile = 0.995


Stage 1 State
   Image metric = MattesMI
     Fixed image = Image (0x3ff27e0)
  RTTI typeinfo:   itk::Image<double, 3u>
  Reference Count: 2
  Modified Time: 1594
  Debug: Off
  Object Name: 
  Observers: 
    none
  Source: (none)
  Source output name: (none)
  Release Data: Off
  Data Released: False
  Global Release Data: Off
  PipelineMTime: 0
  UpdateMTime: 1203
  RealTimeStamp: 0 seconds 
  LargestPossibleRegion: 
    Dimension: 3
    Index: [0, 0, 0]
    Size: [193, 229, 193]
  BufferedRegion: 
    Dimension: 3
    Index: [0, 0, 0]
    Size: [193, 229, 193]
  RequestedRegion: 
    Dimension: 3
    Index: [0, 0, 0]
    Size: [193, 229, 193]
  Spacing: [1, 1, 1]
  Origin: [96, 132, -78]
  Direction: 
-1 0 0
0 -1 0
0 0 1

  IndexToPointMatrix: 
-1 0 0
0 -1 0
0 0 1

  PointToIndexMatrix: 
-1 0 0
0 -1 0
0 0 1

  Inverse Direction: 
-1 0 0
0 -1 0
0 0 1

  PixelContainer: 
    ImportImageContainer (0x40b2a20)
      RTTI typeinfo:   itk::ImportImageContainer<unsigned long, double>
      Reference Count: 1
      Modified Time: 1200
      Debug: Off
      Object Name: 
      Observers: 
        none
      Pointer: 0x153791e4d010
      Container manages memory: true
      Size: 8530021
      Capacity: 8530021

     Moving image = Image (0x40add70)
  RTTI typeinfo:   itk::Image<double, 3u>
  Reference Count: 2
  Modified Time: 1595
  Debug: Off
  Object Name: 
  Observers: 
    none
  Source: (none)
  Source output name: (none)
  Release Data: Off
  Data Released: False
  Global Release Data: Off
  PipelineMTime: 0
  UpdateMTime: 1592
  RealTimeStamp: 0 seconds 
  LargestPossibleRegion: 
    Dimension: 3
    Index: [0, 0, 0]
    Size: [160, 240, 256]
  BufferedRegion: 
    Dimension: 3
    Index: [0, 0, 0]
    Size: [160, 240, 256]
  RequestedRegion: 
    Dimension: 3
    Index: [0, 0, 0]
    Size: [160, 240, 256]
  Spacing: [1, 1, 1]
  Origin: [91.3357, 102.231, -120.042]
  Direction: 
-0.997442 -5.36781e-05 -0.0714818
5.35416e-05 -1 3.82465e-06
-0.0714818 -1.23894e-08 0.997442

  IndexToPointMatrix: 
-0.997444 -5.36781e-05 -0.0714818
5.35418e-05 -1 3.82465e-06
-0.0714819 -1.23894e-08 0.997442

  PointToIndexMatrix: 
-0.99744 5.35415e-05 -0.0714816
-5.36781e-05 -1 -1.23894e-08
-0.0714818 3.82465e-06 0.997442

  Inverse Direction: 
-0.997442 5.35416e-05 -0.0714818
-5.36781e-05 -1 -1.23894e-08
-0.0714818 3.82465e-06 0.997442

  PixelContainer: 
    ImportImageContainer (0x4065c90)
      RTTI typeinfo:   itk::ImportImageContainer<unsigned long, double>
      Reference Count: 1
      Modified Time: 1589
      Debug: Off
      Object Name: 
      Observers: 
        none
      Pointer: 0x15378d34c010
      Container manages memory: true
      Size: 9830400
      Capacity: 9830400

     Weighting = 1
     Sampling strategy = regular
     Number of bins = 32
     Radius = 4
     Sampling percentage  = 0.25
   Transform = Affine
     Gradient step = 0.1
     Update field sigma (voxel space) = 0
     Total field sigma (voxel space) = 0
     Update field time sigma = 0
     Total field time sigma  = 0
     Number of time indices = 0
     Number of time point samples = 0
Registration using 1 total stages.

Stage 0
  iterations = 1000x500x250x100
  convergence threshold = 1e-06
  convergence window size = 10
  number of levels = 4
  using the Mattes MI metric (number of bins = 32, weight = 1, use gradient filter = 0)
  preprocessing:  winsorizing the image intensities
  Shrink factors (level 1 out of 4): [8, 8, 8]
  Shrink factors (level 2 out of 4): [4, 4, 4]
  Shrink factors (level 3 out of 4): [2, 2, 2]
  Shrink factors (level 4 out of 4): [1, 1, 1]
  smoothing sigmas per level: [3, 2, 1, 0]
  regular sampling (percentage = 0.25)

*** Running AffineTransform registration ***

DIAGNOSTIC,Iteration,metricValue,convergenceValue,ITERATION_TIME_INDEX,SINCE_LAST
 2DIAGNOSTIC,     1, -5.806290998433e-01, 1.797693134862e+308, 6.1301e-01, 6.1301e-01, 
 2DIAGNOSTIC,     2, -5.832407507931e-01, 1.797693134862e+308, 6.1787e-01, 4.8611e-03, 
 2DIAGNOSTIC,     3, -5.883921006139e-01, 1.797693134862e+308, 6.2180e-01, 3.9361e-03, 
 2DIAGNOSTIC,     4, -5.973582020807e-01, 1.797693134862e+308, 6.2577e-01, 3.9668e-03, 
 2DIAGNOSTIC,     5, -6.166279651779e-01, 1.797693134862e+308, 6.3018e-01, 4.4072e-03, 
 2DIAGNOSTIC,     6, -6.406440245116e-01, 1.797693134862e+308, 6.3452e-01, 4.3390e-03, 
 2DIAGNOSTIC,     7, -7.009864257750e-01, 1.797693134862e+308, 6.3861e-01, 4.0898e-03, 
 2DIAGNOSTIC,     8, -7.630482516547e-01, 1.797693134862e+308, 6.4275e-01, 4.1411e-03, 
 2DIAGNOSTIC,     9, -8.423469021016e-01, 1.797693134862e+308, 6.4923e-01, 6.4828e-03, 
 2DIAGNOSTIC,    10, -8.569694552619e-01, 2.845116131552e-02, 6.5363e-01, 4.4031e-03, 
 2DIAGNOSTIC,    11, -8.701917123873e-01, 2.871708896303e-02, 6.5863e-01, 5.0008e-03, 
 2DIAGNOSTIC,    12, -8.814645613468e-01, 2.683607374005e-02, 6.6688e-01, 8.2450e-03, 
 2DIAGNOSTIC,    13, -8.822368116289e-01, 2.307206283510e-02, 6.7104e-01, 4.1659e-03, 
 2DIAGNOSTIC,    14, -8.834458719299e-01, 1.815384140014e-02, 6.7529e-01, 4.2460e-03, 
 2DIAGNOSTIC,    15, -8.851322802152e-01, 1.292532925530e-02, 6.8009e-01, 4.8010e-03, 
 2DIAGNOSTIC,    16, -8.870480809661e-01, 7.902435063449e-03, 6.8514e-01, 5.0521e-03, 
 2DIAGNOSTIC,    17, -8.886777819831e-01, 4.189413173900e-03, 6.9096e-01, 5.8191e-03, 
 2DIAGNOSTIC,    18, -8.889448810525e-01, 1.810422430189e-03, 6.9735e-01, 6.3889e-03, 
 2DIAGNOSTIC,    19, -8.890594323400e-01, 1.083853131628e-03, 7.0262e-01, 5.2631e-03, 
 2DIAGNOSTIC,    20, -8.887882561735e-01, 5.969783263519e-04, 7.0827e-01, 5.6520e-03, 
 2DIAGNOSTIC,    21, -8.886098615704e-01, 3.264824924146e-04, 7.1579e-01, 7.5190e-03, 
 2DIAGNOSTIC,    22, -8.885249832506e-01, 2.361096530934e-04, 7.2275e-01, 6.9611e-03, 
 2DIAGNOSTIC,    23, -8.882875302826e-01, 1.410432911402e-04, 7.3005e-01, 7.3011e-03, 
 2DIAGNOSTIC,    24, -8.882052345182e-01, 5.851496528197e-05, 7.3593e-01, 5.8780e-03, 
DIAGNOSTIC,Iteration,metricValue,convergenceValue,ITERATION_TIME_INDEX,SINCE_LAST
 2DIAGNOSTIC,     1, -7.469015879555e-01, 1.797693134862e+308, 1.4705e+00, 7.3460e-01, 
 2DIAGNOSTIC,     2, -7.476337610334e-01, 1.797693134862e+308, 1.5065e+00, 3.5995e-02, 
 2DIAGNOSTIC,     3, -7.481984149220e-01, 1.797693134862e+308, 1.5381e+00, 3.1530e-02, 
 2DIAGNOSTIC,     4, -7.485348956902e-01, 1.797693134862e+308, 1.5737e+00, 3.5675e-02, 
 2DIAGNOSTIC,     5, -7.488723349233e-01, 1.797693134862e+308, 1.6058e+00, 3.2089e-02, 
 2DIAGNOSTIC,     6, -7.493028718203e-01, 1.797693134862e+308, 1.6440e+00, 3.8197e-02, 
 2DIAGNOSTIC,     7, -7.498240981518e-01, 1.797693134862e+308, 1.6896e+00, 4.5568e-02, 
 2DIAGNOSTIC,     8, -7.499189037830e-01, 1.797693134862e+308, 1.7256e+00, 3.6050e-02, 
 2DIAGNOSTIC,     9, -7.503981904123e-01, 1.797693134862e+308, 1.7694e+00, 4.3726e-02, 
 2DIAGNOSTIC,    10, -7.505578656677e-01, 3.049238833981e-04, 1.8099e+00, 4.0504e-02, 
 2DIAGNOSTIC,    11, -7.505341233999e-01, 2.389539910876e-04, 1.8513e+00, 4.1425e-02, 
 2DIAGNOSTIC,    12, -7.505061913988e-01, 1.848758143373e-04, 1.8941e+00, 4.2860e-02, 
 2DIAGNOSTIC,    13, -7.505141120983e-01, 1.393602385421e-04, 1.9377e+00, 4.3563e-02, 
 2DIAGNOSTIC,    14, -7.505102732834e-01, 9.677096765698e-05, 1.9822e+00, 4.4518e-02, 
 2DIAGNOSTIC,    15, -7.505029862770e-01, 5.935599143583e-05, 2.0281e+00, 4.5829e-02, 
 2DIAGNOSTIC,    16, -7.504912485411e-01, 3.116311020315e-05, 2.0694e+00, 4.1296e-02, 
 2DIAGNOSTIC,    17, -7.504804688763e-01, 1.513171399705e-05, 2.1065e+00, 3.7151e-02, 
 2DIAGNOSTIC,    18, -7.504860792611e-01, 1.517274222547e-06, 2.1444e+00, 3.7921e-02, 
DIAGNOSTIC,Iteration,metricValue,convergenceValue,ITERATION_TIME_INDEX,SINCE_LAST
 2DIAGNOSTIC,     1, -6.294116115626e-01, 1.797693134862e+308, 3.2347e+00, 1.0903e+00, 
 2DIAGNOSTIC,     2, -6.299274337684e-01, 1.797693134862e+308, 3.4972e+00, 2.6243e-01, 
 2DIAGNOSTIC,     3, -6.304606937557e-01, 1.797693134862e+308, 3.7763e+00, 2.7910e-01, 
 2DIAGNOSTIC,     4, -6.311440983228e-01, 1.797693134862e+308, 4.0315e+00, 2.5522e-01, 
 2DIAGNOSTIC,     5, -6.319613521832e-01, 1.797693134862e+308, 4.2883e+00, 2.5683e-01, 
 2DIAGNOSTIC,     6, -6.326508619584e-01, 1.797693134862e+308, 4.8099e+00, 5.2161e-01, 
 2DIAGNOSTIC,     7, -6.326442431726e-01, 1.797693134862e+308, 5.1836e+00, 3.7363e-01, 
 2DIAGNOSTIC,     8, -6.326421030231e-01, 1.797693134862e+308, 5.4881e+00, 3.0451e-01, 
 2DIAGNOSTIC,     9, -6.326413590340e-01, 1.797693134862e+308, 5.7887e+00, 3.0058e-01, 
 2DIAGNOSTIC,    10, -6.326405356538e-01, 3.607193932099e-04, 6.1124e+00, 3.2379e-01, 
 2DIAGNOSTIC,    11, -6.326380580967e-01, 2.475998139488e-04, 6.3949e+00, 2.8244e-01, 
 2DIAGNOSTIC,    12, -6.326382568576e-01, 1.509095219461e-04, 6.6525e+00, 2.5757e-01, 
 2DIAGNOSTIC,    13, -6.326371996828e-01, 7.419551143593e-05, 6.9566e+00, 3.0416e-01, 
 2DIAGNOSTIC,    14, -6.326376013376e-01, 2.341664811722e-05, 7.2443e+00, 2.8768e-01, 
 2DIAGNOSTIC,    15, -6.326364676227e-01, 1.358505330881e-06, 7.5321e+00, 2.8782e-01, 
 2DIAGNOSTIC,    16, -6.326355130207e-01, 1.489402991467e-06, 7.8130e+00, 2.8084e-01, 
 2DIAGNOSTIC,    17, -6.326348603437e-01, 1.460469323845e-06, 8.1548e+00, 3.4184e-01, 
 2DIAGNOSTIC,    18, -6.326337609313e-01, 1.391313735194e-06, 8.4063e+00, 2.5156e-01, 
 2DIAGNOSTIC,    19, -6.326327161555e-01, 1.322246822040e-06, 8.6683e+00, 2.6200e-01, 
 2DIAGNOSTIC,    20, -6.326305164291e-01, 1.226844792326e-06, 8.9248e+00, 2.5642e-01, 
 2DIAGNOSTIC,    21, -6.326298185370e-01, 1.107474484320e-06, 9.1814e+00, 2.5664e-01, 
 2DIAGNOSTIC,    22, -6.326281932535e-01, 1.008190452199e-06, 9.4370e+00, 2.5564e-01, 
DIAGNOSTIC,Iteration,metricValue,convergenceValue,ITERATION_TIME_INDEX,SINCE_LAST
 2DIAGNOSTIC,     1, -5.634463072352e-01, 1.797693134862e+308, 1.2417e+01, 2.9803e+00, 
 2DIAGNOSTIC,     2, -5.639251008117e-01, 1.797693134862e+308, 1.4183e+01, 1.7656e+00, 
 2DIAGNOSTIC,     3, -5.643935835401e-01, 1.797693134862e+308, 1.5985e+01, 1.8023e+00, 
 2DIAGNOSTIC,     4, -5.653421951804e-01, 1.797693134862e+308, 1.7961e+01, 1.9761e+00, 
 2DIAGNOSTIC,     5, -5.666806406892e-01, 1.797693134862e+308, 2.0889e+01, 2.9276e+00, 
 2DIAGNOSTIC,     6, -5.666788496094e-01, 1.797693134862e+308, 2.3527e+01, 2.6381e+00, 
 2DIAGNOSTIC,     7, -5.666781306723e-01, 1.797693134862e+308, 2.5774e+01, 2.2472e+00, 
 2DIAGNOSTIC,     8, -5.666783417198e-01, 1.797693134862e+308, 2.8403e+01, 2.6283e+00, 
 2DIAGNOSTIC,     9, -5.666783766695e-01, 1.797693134862e+308, 3.0731e+01, 2.3287e+00, 
 2DIAGNOSTIC,    10, -5.666783809448e-01, 3.983055716459e-04, 3.2797e+01, 2.0662e+00, 
 2DIAGNOSTIC,    11, -5.666784986808e-01, 2.625636390557e-04, 3.4915e+01, 2.1174e+00, 
 2DIAGNOSTIC,    12, -5.666783067837e-01, 1.470596620459e-04, 3.6825e+01, 1.9105e+00, 
 2DIAGNOSTIC,    13, -5.666782263864e-01, 5.397769634087e-05, 3.8723e+01, 1.8975e+00, 
 2DIAGNOSTIC,    14, -5.666781591274e-01, 2.173446858739e-06, 4.0852e+01, 2.1296e+00, 
 2DIAGNOSTIC,    15, -5.666780471920e-01, 2.093880952250e-06, 4.2854e+01, 2.0017e+00, 
 2DIAGNOSTIC,    16, -5.666779423730e-01, 1.968193534554e-06, 4.4627e+01, 1.7728e+00, 
 2DIAGNOSTIC,    17, -5.666778682196e-01, 1.835858313766e-06, 4.6710e+01, 2.0828e+00, 
 2DIAGNOSTIC,    18, -5.666776768943e-01, 1.722290781402e-06, 4.8440e+01, 1.7308e+00, 
 2DIAGNOSTIC,    19, -5.666778579789e-01, 1.630789601297e-06, 5.0319e+01, 1.8789e+00, 
 2DIAGNOSTIC,    20, -5.666778657098e-01, 1.552590470487e-06, 5.2024e+01, 1.7043e+00, 
 2DIAGNOSTIC,    21, -5.666783831459e-01, 1.500796260441e-06, 5.4152e+01, 2.1286e+00, 
 2DIAGNOSTIC,    22, -5.666783919560e-01, 1.450733208647e-06, 5.6592e+01, 2.4399e+00, 
 2DIAGNOSTIC,    23, -5.666783122898e-01, 1.401356637669e-06, 5.8654e+01, 2.0619e+00, 
 2DIAGNOSTIC,    24, -5.666779638810e-01, 1.345976410487e-06, 6.0694e+01, 2.0401e+00, 
 2DIAGNOSTIC,    25, -5.666779138914e-01, 1.290044019525e-06, 6.2604e+01, 1.9099e+00, 
 2DIAGNOSTIC,    26, -5.666778638795e-01, 1.233655210542e-06, 6.4680e+01, 2.0757e+00, 
 2DIAGNOSTIC,    27, -5.666775343471e-01, 1.173079006357e-06, 6.6602e+01, 1.9226e+00, 
 2DIAGNOSTIC,    28, -5.666776749693e-01, 1.116721355852e-06, 6.8567e+01, 1.9646e+00, 
 2DIAGNOSTIC,    29, -5.666775005561e-01, 1.066324725532e-06, 7.0437e+01, 1.8699e+00, 
 2DIAGNOSTIC,    30, -5.666775609727e-01, 1.023173489961e-06, 7.2924e+01, 2.4874e+00, 
  Elapsed time (stage 0): 7.4168e+01


Total elapsed time: 7.4170e+01
Info [verificarlo]: loaded backend libinterflop_vprec.so
Info [interflop-vprec]: load backend with: 
Info [interflop-vprec]: precision-binary32 = 11
Info [interflop-vprec]: range-binary32 = 8
Info [interflop-vprec]: precision-binary64 = 11
Info [interflop-vprec]: range-binary64 = 8
Info [interflop-vprec]: mode = ob
Info [interflop-vprec]: error-mode = rel
Info [interflop-vprec]: max-abs-error-exponent = -1022
Info [interflop-vprec]: daz = false
Info [interflop-vprec]: ftz = false
Info [interflop-vprec]: 	instrument = none
Info [interflop-vprec]: 	prec-input-file = (null)
Info [interflop-vprec]: 	prec-output-file = (null)
Info [interflop-vprec]: 	prec-log-file = (null)
All_Command_lines_OK
Using double precision for computations.
=============================================================================
The composite transform comprises the following transforms (in order): 
  1. /home/mdugre/scratch/mri-registration-rp/datasets/ds004513/derivatives/mri-registration-rp/0001/antsRegistration-r8-p11/sub-s017/affine_Composite.h5[0] (type = Euler3DTransform)
  2. /home/mdugre/scratch/mri-registration-rp/datasets/ds004513/derivatives/mri-registration-rp/0001/antsRegistration-r8-p11/sub-s017/affine_Composite.h5[1] (type = Euler3DTransform)
  3. /home/mdugre/scratch/mri-registration-rp/datasets/ds004513/derivatives/mri-registration-rp/0001/antsRegistration-r8-p11/sub-s017/affine_Composite.h5[2] (type = Euler3DTransform)
  4. /home/mdugre/scratch/mri-registration-rp/datasets/ds004513/derivatives/mri-registration-rp/0001/antsRegistration-r8-p11/sub-s017/affine_Composite.h5[3] (type = AffineTransform)
=============================================================================
  number of levels = 4
  fixed image: /templateflow/tpl-MNI152NLin2009cAsym/tpl-MNI152NLin2009cAsym_res-01_desc-brain_T1w.nii.gz
  moving image: /home/mdugre/scratch/mri-registration-rp/datasets/ds004513/derivatives/mri-registration-rp/antsBrainExtraction/sub-s017/BrainExtractionBrain.nii.gz
Dimension = 3
Number of stages = 1
Use histogram matching = false
Winsorize image intensities = true
  Lower quantile = 0.005
  Upper quantile = 0.995


Stage 1 State
   Image metric = CC
     Fixed image = Image (0x49646f0)
  RTTI typeinfo:   itk::Image<double, 3u>
  Reference Count: 2
  Modified Time: 1606
  Debug: Off
  Object Name: 
  Observers: 
    none
  Source: (none)
  Source output name: (none)
