
##########################
# Experiment information #
##########################

EXPERIMENT_NAME: antsRegistration-r8-p15
VFC_BACKENDS: libinterflop_vprec.so --range-binary32=8 --precision-binary32=15 --range-binary64=8 --precision-binary64=15

SIF_IMG: /home/mdugre/projects/rrg-glatard/mdugre/containers/ants-vprec-no_metrics.simg

SUBJECT_ID: s033
INPUT_IMG: /home/mdugre/scratch/mri-registration-rp/datasets/ds004513/derivatives/mri-registration-rp/antsBrainExtraction/sub-s033/BrainExtractionBrain.nii.gz
OUTPUT_DIR: /home/mdugre/scratch/mri-registration-rp/datasets/ds004513/derivatives/mri-registration-rp/0001/antsRegistration-r8-p15/sub-s033

FIXED_IMG: /templateflow/tpl-MNI152NLin2009cAsym/tpl-MNI152NLin2009cAsym_res-01_desc-brain_T1w.nii.gz
DATA_DIR: /home/mdugre/scratch/mri-registration-rp/datasets/ds004513
TEMPLATEFLOW_DIR: /home/mdugre/projects/rrg-glatard/mdugre/templateflow
ITK_GLOBAL_DEFAULT_NUMBER_OF_THREADS: 16
##########################

Info [verificarlo]: loaded backend libinterflop_ieee.so
Info [interflop-ieee]: load backend with:
Info [interflop-ieee]: debug = false
Info [interflop-ieee]: debug-binary = false
Info [interflop-ieee]: no-backend-name = false
Info [interflop-ieee]: print-new-line = false
Info [interflop-ieee]: print-subnormal-normalized = false
Info [interflop-ieee]: count-op = false
All_Command_lines_OK
Using double precision for computations.
=============================================================================
The composite transform comprises the following transforms (in order): 
  1. Center of mass alignment using fixed image: /templateflow/tpl-MNI152NLin2009cAsym/tpl-MNI152NLin2009cAsym_res-01_desc-brain_T1w.nii.gz and moving image: /home/mdugre/scratch/mri-registration-rp/datasets/ds004513/derivatives/mri-registration-rp/antsBrainExtraction/sub-s033/BrainExtractionBrain.nii.gz (type = Euler3DTransform)
=============================================================================
  number of levels = 1
  fixed image: /templateflow/tpl-MNI152NLin2009cAsym/tpl-MNI152NLin2009cAsym_res-01_desc-brain_T1w.nii.gz
  moving image: /home/mdugre/scratch/mri-registration-rp/datasets/ds004513/derivatives/mri-registration-rp/antsBrainExtraction/sub-s033/BrainExtractionBrain.nii.gz
Dimension = 3
Number of stages = 1
Use histogram matching = false
Winsorize image intensities = true
  Lower quantile = 0.005
  Upper quantile = 0.995


Stage 1 State
   Image metric = MattesMI
     Fixed image = Image (0x3334e70)
  RTTI typeinfo:   itk::Image<double, 3u>
  Reference Count: 2
  Modified Time: 2330
  Debug: Off
  Object Name: 
  Observers: 
    none
  Source: (none)
  Source output name: (none)
  Release Data: Off
  Data Released: False
  Global Release Data: Off
  PipelineMTime: 0
  UpdateMTime: 1941
  RealTimeStamp: 0 seconds 
  LargestPossibleRegion: 
    Dimension: 3
    Index: [0, 0, 0]
    Size: [193, 229, 193]
  BufferedRegion: 
    Dimension: 3
    Index: [0, 0, 0]
    Size: [193, 229, 193]
  RequestedRegion: 
    Dimension: 3
    Index: [0, 0, 0]
    Size: [193, 229, 193]
  Spacing: [1, 1, 1]
  Origin: [96, 132, -78]
  Direction: 
-1 0 0
0 -1 0
0 0 1

  IndexToPointMatrix: 
-1 0 0
0 -1 0
0 0 1

  PointToIndexMatrix: 
-1 0 0
0 -1 0
0 0 1

  Inverse Direction: 
-1 0 0
0 -1 0
0 0 1

  PixelContainer: 
    ImportImageContainer (0x333dc60)
      RTTI typeinfo:   itk::ImportImageContainer<unsigned long, double>
      Reference Count: 1
      Modified Time: 1938
      Debug: Off
      Object Name: 
      Observers: 
        none
      Pointer: 0x1494080ae010
      Container manages memory: true
      Size: 8530021
      Capacity: 8530021

     Moving image = Image (0x3337540)
  RTTI typeinfo:   itk::Image<double, 3u>
  Reference Count: 2
  Modified Time: 2331
  Debug: Off
  Object Name: 
  Observers: 
    none
  Source: (none)
  Source output name: (none)
  Release Data: Off
  Data Released: False
  Global Release Data: Off
  PipelineMTime: 0
  UpdateMTime: 2328
  RealTimeStamp: 0 seconds 
  LargestPossibleRegion: 
    Dimension: 3
    Index: [0, 0, 0]
    Size: [160, 240, 256]
  BufferedRegion: 
    Dimension: 3
    Index: [0, 0, 0]
    Size: [160, 240, 256]
  RequestedRegion: 
    Dimension: 3
    Index: [0, 0, 0]
    Size: [160, 240, 256]
  Spacing: [1, 1, 1]
  Origin: [91.5134, 94.282, -109.927]
  Direction: 
-0.99591 -0.0698718 -0.0572835
0.0697565 -0.997556 0.00401236
-0.0574239 5.01125e-08 0.99835

  IndexToPointMatrix: 
-0.99591 -0.0698718 -0.0572835
0.0697565 -0.997556 0.00401236
-0.0574239 5.01125e-08 0.99835

  PointToIndexMatrix: 
-0.99591 0.0697565 -0.0574239
-0.0698718 -0.997556 5.01483e-08
-0.0572835 0.00401236 0.99835

  Inverse Direction: 
-0.99591 0.0697565 -0.0574239
-0.0698718 -0.997556 5.01483e-08
-0.0572835 0.00401236 0.99835

  PixelContainer: 
    ImportImageContainer (0x3449610)
      RTTI typeinfo:   itk::ImportImageContainer<unsigned long, double>
      Reference Count: 1
      Modified Time: 2325
      Debug: Off
      Object Name: 
      Observers: 
        none
      Pointer: 0x1494035ad010
      Container manages memory: true
      Size: 9830400
      Capacity: 9830400

     Weighting = 1
     Sampling strategy = regular
     Number of bins = 32
     Radius = 4
     Sampling percentage  = 0.25
   Transform = Rigid
     Gradient step = 0.1
     Update field sigma (voxel space) = 0
     Total field sigma (voxel space) = 0
     Update field time sigma = 0
     Total field time sigma  = 0
     Number of time indices = 0
     Number of time point samples = 0
Registration using 1 total stages.

Stage 0
  iterations = 0
  convergence threshold = 1e-06
  convergence window size = 10
  number of levels = 1
  using the Mattes MI metric (number of bins = 32, weight = 1, use gradient filter = 0)
  preprocessing:  winsorizing the image intensities
  Shrink factors (level 1 out of 1): [1, 1, 1]
  smoothing sigmas per level: [0]
  regular sampling (percentage = 0.25)

*** Running Euler3DTransform registration ***

  Elapsed time (stage 0): 1.08807


Total elapsed time: 1.0902
Info [verificarlo]: loaded backend libinterflop_ieee.so
Info [interflop-ieee]: load backend with:
Info [interflop-ieee]: debug = false
Info [interflop-ieee]: debug-binary = false
Info [interflop-ieee]: no-backend-name = false
Info [interflop-ieee]: print-new-line = false
Info [interflop-ieee]: print-subnormal-normalized = false
Info [interflop-ieee]: count-op = false
All_Command_lines_OK
Using double precision for computations.
=============================================================================
The composite transform comprises the following transforms (in order): 
  1. /home/mdugre/scratch/mri-registration-rp/datasets/ds004513/derivatives/mri-registration-rp/0001/antsRegistration-r8-p15/sub-s033/align_Composite.h5[0] (type = Euler3DTransform)
  2. /home/mdugre/scratch/mri-registration-rp/datasets/ds004513/derivatives/mri-registration-rp/0001/antsRegistration-r8-p15/sub-s033/align_Composite.h5[1] (type = Euler3DTransform)
=============================================================================
  number of levels = 4
  fixed image: /templateflow/tpl-MNI152NLin2009cAsym/tpl-MNI152NLin2009cAsym_res-01_desc-brain_T1w.nii.gz
  moving image: /home/mdugre/scratch/mri-registration-rp/datasets/ds004513/derivatives/mri-registration-rp/antsBrainExtraction/sub-s033/BrainExtractionBrain.nii.gz
Dimension = 3
Number of stages = 1
Use histogram matching = false
Winsorize image intensities = true
  Lower quantile = 0.005
  Upper quantile = 0.995


Stage 1 State
   Image metric = MattesMI
     Fixed image = Image (0x4580530)
  RTTI typeinfo:   itk::Image<double, 3u>
  Reference Count: 2
  Modified Time: 1578
  Debug: Off
  Object Name: 
  Observers: 
    none
  Source: (none)
  Source output name: (none)
  Release Data: Off
  Data Released: False
  Global Release Data: Off
  PipelineMTime: 0
  UpdateMTime: 1189
  RealTimeStamp: 0 seconds 
  LargestPossibleRegion: 
    Dimension: 3
    Index: [0, 0, 0]
    Size: [193, 229, 193]
  BufferedRegion: 
    Dimension: 3
    Index: [0, 0, 0]
    Size: [193, 229, 193]
  RequestedRegion: 
    Dimension: 3
    Index: [0, 0, 0]
    Size: [193, 229, 193]
  Spacing: [1, 1, 1]
  Origin: [96, 132, -78]
  Direction: 
-1 0 0
0 -1 0
0 0 1

  IndexToPointMatrix: 
-1 0 0
0 -1 0
0 0 1

  PointToIndexMatrix: 
-1 0 0
0 -1 0
0 0 1

  Inverse Direction: 
-1 0 0
0 -1 0
0 0 1

  PixelContainer: 
    ImportImageContainer (0x463ed60)
      RTTI typeinfo:   itk::ImportImageContainer<unsigned long, double>
      Reference Count: 1
      Modified Time: 1186
      Debug: Off
      Object Name: 
      Observers: 
        none
      Pointer: 0x1515e7ae6010
      Container manages memory: true
      Size: 8530021
      Capacity: 8530021

     Moving image = Image (0x4630f60)
  RTTI typeinfo:   itk::Image<double, 3u>
  Reference Count: 2
  Modified Time: 1579
  Debug: Off
  Object Name: 
  Observers: 
    none
  Source: (none)
  Source output name: (none)
  Release Data: Off
  Data Released: False
  Global Release Data: Off
  PipelineMTime: 0
  UpdateMTime: 1576
  RealTimeStamp: 0 seconds 
  LargestPossibleRegion: 
    Dimension: 3
    Index: [0, 0, 0]
    Size: [160, 240, 256]
  BufferedRegion: 
    Dimension: 3
    Index: [0, 0, 0]
    Size: [160, 240, 256]
  RequestedRegion: 
    Dimension: 3
    Index: [0, 0, 0]
    Size: [160, 240, 256]
  Spacing: [1, 1, 1]
  Origin: [91.5134, 94.282, -109.927]
  Direction: 
-0.99591 -0.0698718 -0.0572835
0.0697565 -0.997556 0.00401236
-0.0574239 5.01125e-08 0.99835

  IndexToPointMatrix: 
-0.99591 -0.0698718 -0.0572835
0.0697565 -0.997556 0.00401236
-0.0574239 5.01125e-08 0.99835

  PointToIndexMatrix: 
-0.99591 0.0697565 -0.0574239
-0.0698718 -0.997556 5.01483e-08
-0.0572835 0.00401236 0.99835

  Inverse Direction: 
-0.99591 0.0697565 -0.0574239
-0.0698718 -0.997556 5.01483e-08
-0.0572835 0.00401236 0.99835

  PixelContainer: 
    ImportImageContainer (0x46226d0)
      RTTI typeinfo:   itk::ImportImageContainer<unsigned long, double>
      Reference Count: 1
      Modified Time: 1573
      Debug: Off
      Object Name: 
      Observers: 
        none
      Pointer: 0x1515e2fe5010
      Container manages memory: true
      Size: 9830400
      Capacity: 9830400

     Weighting = 1
     Sampling strategy = regular
     Number of bins = 32
     Radius = 4
     Sampling percentage  = 0.25
   Transform = Rigid
     Gradient step = 0.1
     Update field sigma (voxel space) = 0
     Total field sigma (voxel space) = 0
     Update field time sigma = 0
     Total field time sigma  = 0
     Number of time indices = 0
     Number of time point samples = 0
Registration using 1 total stages.

Stage 0
  iterations = 1000x500x250x100
  convergence threshold = 1e-06
  convergence window size = 10
  number of levels = 4
  using the Mattes MI metric (number of bins = 32, weight = 1, use gradient filter = 0)
  preprocessing:  winsorizing the image intensities
  Shrink factors (level 1 out of 4): [8, 8, 8]
  Shrink factors (level 2 out of 4): [4, 4, 4]
  Shrink factors (level 3 out of 4): [2, 2, 2]
  Shrink factors (level 4 out of 4): [1, 1, 1]
  smoothing sigmas per level: [3, 2, 1, 0]
  regular sampling (percentage = 0.25)

*** Running Euler3DTransform registration ***

DIAGNOSTIC,Iteration,metricValue,convergenceValue,ITERATION_TIME_INDEX,SINCE_LAST
 2DIAGNOSTIC,     1, -4.945365495269e-01, 1.797693134862e+308, 6.4416e-01, 6.4416e-01, 
 2DIAGNOSTIC,     2, -4.961551199262e-01, 1.797693134862e+308, 6.4820e-01, 4.0441e-03, 
 2DIAGNOSTIC,     3, -4.991207097076e-01, 1.797693134862e+308, 6.5233e-01, 4.1282e-03, 
 2DIAGNOSTIC,     4, -5.030359852117e-01, 1.797693134862e+308, 6.5637e-01, 4.0359e-03, 
 2DIAGNOSTIC,     5, -5.059125054655e-01, 1.797693134862e+308, 6.6026e-01, 3.8891e-03, 
 2DIAGNOSTIC,     6, -5.092815596254e-01, 1.797693134862e+308, 6.6452e-01, 4.2641e-03, 
 2DIAGNOSTIC,     7, -5.205915484568e-01, 1.797693134862e+308, 6.6924e-01, 4.7190e-03, 
 2DIAGNOSTIC,     8, -5.236677933913e-01, 1.797693134862e+308, 6.7335e-01, 4.1080e-03, 
 2DIAGNOSTIC,     9, -5.261653611514e-01, 1.797693134862e+308, 6.7749e-01, 4.1411e-03, 
 2DIAGNOSTIC,    10, -5.313843279548e-01, 4.956236851461e-03, 6.8198e-01, 4.4930e-03, 
 2DIAGNOSTIC,    11, -5.461121550605e-01, 5.255951709878e-03, 6.8731e-01, 5.3320e-03, 
 2DIAGNOSTIC,    12, -5.563506773259e-01, 5.544499219502e-03, 6.9158e-01, 4.2639e-03, 
 2DIAGNOSTIC,    13, -6.011783753089e-01, 7.240286203972e-03, 6.9698e-01, 5.3999e-03, 
 2DIAGNOSTIC,    14, -6.166052825027e-01, 8.701253899194e-03, 7.0125e-01, 4.2720e-03, 
 2DIAGNOSTIC,    15, -6.211428291646e-01, 9.416357351026e-03, 7.0549e-01, 4.2410e-03, 
 2DIAGNOSTIC,    16, -6.235432151629e-01, 9.368281935594e-03, 7.1031e-01, 4.8211e-03, 
 2DIAGNOSTIC,    17, -6.347577461806e-01, 9.145335029065e-03, 7.1620e-01, 5.8899e-03, 
 2DIAGNOSTIC,    18, -6.413138476792e-01, 8.359392953637e-03, 7.2091e-01, 4.7028e-03, 
 2DIAGNOSTIC,    19, -6.420802714074e-01, 6.980623462019e-03, 7.2599e-01, 5.0850e-03, 
 2DIAGNOSTIC,    20, -6.425493370552e-01, 5.272872589509e-03, 7.3009e-01, 4.1039e-03, 
 2DIAGNOSTIC,    21, -6.431795004445e-01, 3.641466671928e-03, 7.3467e-01, 4.5731e-03, 
 2DIAGNOSTIC,    22, -6.434078410068e-01, 2.049113987780e-03, 7.3875e-01, 4.0851e-03, 
 2DIAGNOSTIC,    23, -6.435083889927e-01, 1.381096894151e-03, 7.4334e-01, 4.5850e-03, 
 2DIAGNOSTIC,    24, -6.436807757068e-01, 9.688116321002e-04, 7.4850e-01, 5.1630e-03, 
 2DIAGNOSTIC,    25, -6.439989396513e-01, 6.014653726995e-04, 7.5414e-01, 5.6400e-03, 
 2DIAGNOSTIC,    26, -6.448361537476e-01, 2.655196702583e-04, 7.5824e-01, 4.1001e-03, 
 2DIAGNOSTIC,    27, -6.460796036404e-01, 1.536865489204e-04, 7.6281e-01, 4.5669e-03, 
 2DIAGNOSTIC,    28, -6.463976196398e-01, 1.550353420096e-04, 7.6686e-01, 4.0560e-03, 
 2DIAGNOSTIC,    29, -6.463935458268e-01, 1.547432186488e-04, 7.7091e-01, 4.0460e-03, 
 2DIAGNOSTIC,    30, -6.464392298287e-01, 1.482978527244e-04, 7.7547e-01, 4.5631e-03, 
 2DIAGNOSTIC,    31, -6.463723508697e-01, 1.368671519628e-04, 7.7951e-01, 4.0421e-03, 
 2DIAGNOSTIC,    32, -6.464254416057e-01, 1.173265702970e-04, 7.8455e-01, 5.0399e-03, 
 2DIAGNOSTIC,    33, -6.464354984488e-01, 8.969328667878e-05, 7.9757e-01, 1.3017e-02, 
 2DIAGNOSTIC,    34, -6.464354984158e-01, 5.811487852688e-05, 8.1048e-01, 1.2907e-02, 
 2DIAGNOSTIC,    35, -6.464354984158e-01, 2.735368032797e-05, 8.1651e-01, 6.0270e-03, 
 2DIAGNOSTIC,    36, -6.464354984158e-01, 6.561974956465e-06, 8.2114e-01, 4.6341e-03, 
 2DIAGNOSTIC,    37, -6.464354984158e-01, 2.244498808802e-06, 8.2577e-01, 4.6339e-03, 
 2DIAGNOSTIC,    38, -6.464354984158e-01, 1.990754116429e-06, 8.3058e-01, 4.8048e-03, 
 2DIAGNOSTIC,    39, -6.464354984158e-01, 1.582335594941e-06, 8.3521e-01, 4.6349e-03, 
 2DIAGNOSTIC,    40, -6.464354984158e-01, 1.698172845184e-06, 8.3987e-01, 4.6551e-03, 
DIAGNOSTIC,Iteration,metricValue,convergenceValue,ITERATION_TIME_INDEX,SINCE_LAST
 2DIAGNOSTIC,     1, -5.367244451960e-01, 1.797693134862e+308, 1.5544e+00, 7.1449e-01, 
 2DIAGNOSTIC,     2, -5.380313835687e-01, 1.797693134862e+308, 1.5816e+00, 2.7274e-02, 
 2DIAGNOSTIC,     3, -5.401731911296e-01, 1.797693134862e+308, 1.6091e+00, 2.7448e-02, 
 2DIAGNOSTIC,     4, -5.431881344855e-01, 1.797693134862e+308, 1.6367e+00, 2.7628e-02, 
 2DIAGNOSTIC,     5, -5.453557596682e-01, 1.797693134862e+308, 1.6640e+00, 2.7337e-02, 
 2DIAGNOSTIC,     6, -5.461088565372e-01, 1.797693134862e+308, 1.6911e+00, 2.7025e-02, 
 2DIAGNOSTIC,     7, -5.462086681068e-01, 1.797693134862e+308, 1.7218e+00, 3.0697e-02, 
 2DIAGNOSTIC,     8, -5.464869267597e-01, 1.797693134862e+308, 1.7563e+00, 3.4576e-02, 
 2DIAGNOSTIC,     9, -5.465850814212e-01, 1.797693134862e+308, 1.7940e+00, 3.7692e-02, 
 2DIAGNOSTIC,    10, -5.466464838436e-01, 1.224741204170e-03, 1.8215e+00, 2.7444e-02, 
 2DIAGNOSTIC,    11, -5.470487707126e-01, 8.391099573096e-04, 1.8521e+00, 3.0569e-02, 
 2DIAGNOSTIC,    12, -5.471506826552e-01, 5.042748136313e-04, 1.8833e+00, 3.1276e-02, 
 2DIAGNOSTIC,    13, -5.471747723929e-01, 2.608962766465e-04, 1.9208e+00, 3.7508e-02, 
 2DIAGNOSTIC,    14, -5.471893677786e-01, 1.401592645125e-04, 1.9541e+00, 3.3238e-02, 
 2DIAGNOSTIC,    15, -5.471839955886e-01, 9.761646719267e-05, 1.9867e+00, 3.2663e-02, 
 2DIAGNOSTIC,    16, -5.471599230321e-01, 7.527609462711e-05, 2.0161e+00, 2.9341e-02, 
 2DIAGNOSTIC,    17, -5.471662422352e-01, 5.183180902107e-05, 2.0456e+00, 2.9545e-02, 
 2DIAGNOSTIC,    18, -5.471747030109e-01, 3.478198759815e-05, 2.0786e+00, 3.2963e-02, 
 2DIAGNOSTIC,    19, -5.471813452941e-01, 1.945632129509e-05, 2.1114e+00, 3.2827e-02, 
 2DIAGNOSTIC,    20, -5.471662915670e-01, 4.969841120639e-06, 2.1403e+00, 2.8848e-02, 
 2DIAGNOSTIC,    21, -5.471844159943e-01, 1.951266930991e-06, 2.1735e+00, 3.3252e-02, 
 2DIAGNOSTIC,    22, -5.471946856477e-01, 1.794831553964e-06, 2.2026e+00, 2.9077e-02, 
 2DIAGNOSTIC,    23, -5.472309778482e-01, 2.955892193408e-06, 2.2300e+00, 2.7420e-02, 
 2DIAGNOSTIC,    24, -5.472460348051e-01, 4.500345929498e-06, 2.2608e+00, 3.0819e-02, 
 2DIAGNOSTIC,    25, -5.473225344921e-01, 7.130561956184e-06, 2.2883e+00, 2.7433e-02, 
 2DIAGNOSTIC,    26, -5.474469323191e-01, 1.098291055074e-05, 2.3157e+00, 2.7439e-02, 
 2DIAGNOSTIC,    27, -5.481013380526e-01, 2.630865647180e-05, 2.3462e+00, 3.0486e-02, 
 2DIAGNOSTIC,    28, -5.480678934912e-01, 3.738992959342e-05, 2.3844e+00, 3.8260e-02, 
 2DIAGNOSTIC,    29, -5.482084716651e-01, 4.712039697414e-05, 2.4184e+00, 3.3930e-02, 
 2DIAGNOSTIC,    30, -5.482082519079e-01, 5.166414426402e-05, 2.4494e+00, 3.1066e-02, 
 2DIAGNOSTIC,    31, -5.482014616270e-01, 5.125921262927e-05, 2.4803e+00, 3.0840e-02, 
 2DIAGNOSTIC,    32, -5.481815957412e-01, 4.582630607157e-05, 2.5081e+00, 2.7822e-02, 
 2DIAGNOSTIC,    33, -5.481718257611e-01, 3.689943061767e-05, 2.5354e+00, 2.7291e-02, 
 2DIAGNOSTIC,    34, -5.481825626885e-01, 2.560031604820e-05, 2.5630e+00, 2.7619e-02, 
 2DIAGNOSTIC,    35, -5.481838557821e-01, 1.379952399915e-05, 2.5904e+00, 2.7372e-02, 
 2DIAGNOSTIC,    36, -5.481854580002e-01, 3.009184873712e-06, 2.6173e+00, 2.6912e-02, 
 2DIAGNOSTIC,    37, -5.482631349722e-01, 2.936490576432e-06, 2.6481e+00, 3.0784e-02, 
 2DIAGNOSTIC,    38, -5.482856021618e-01, 2.436032984717e-06, 2.6789e+00, 3.0833e-02, 
 2DIAGNOSTIC,    39, -5.482706821859e-01, 3.481465907697e-06, 2.7142e+00, 3.5235e-02, 
 2DIAGNOSTIC,    40, -5.481987762307e-01, 3.305019094013e-06, 2.7455e+00, 3.1358e-02, 
 2DIAGNOSTIC,    41, -5.482804189854e-01, 3.879299902091e-06, 2.7773e+00, 3.1799e-02, 
 2DIAGNOSTIC,    42, -5.481859686597e-01, 2.660544314411e-06, 2.8117e+00, 3.4418e-02, 
 2DIAGNOSTIC,    43, -5.482756814317e-01, 2.303089001322e-06, 2.8494e+00, 3.7709e-02, 
 2DIAGNOSTIC,    44, -5.483025247597e-01, 2.248527272718e-06, 2.8811e+00, 3.1619e-02, 
 2DIAGNOSTIC,    45, -5.482811788873e-01, 1.830539702718e-06, 2.9116e+00, 3.0588e-02, 
 2DIAGNOSTIC,    46, -5.482645577010e-01, 1.147489692783e-06, 2.9441e+00, 3.2435e-02, 
 2DIAGNOSTIC,    47, -5.482548592988e-01, 1.197417275695e-06, 3.0395e+00, 9.5423e-02, 
 2DIAGNOSTIC,    48, -5.482548592976e-01, 1.431906364834e-06, 3.1240e+00, 8.4524e-02, 
 2DIAGNOSTIC,    49, -5.482548592976e-01, 1.429368726380e-06, 3.1569e+00, 3.2849e-02, 
DIAGNOSTIC,Iteration,metricValue,convergenceValue,ITERATION_TIME_INDEX,SINCE_LAST
 2DIAGNOSTIC,     1, -4.661873923153e-01, 1.797693134862e+308, 4.2332e+00, 1.0764e+00, 
 2DIAGNOSTIC,     2, -4.663634394486e-01, 1.797693134862e+308, 4.4200e+00, 1.8681e-01, 
 2DIAGNOSTIC,     3, -4.665065259016e-01, 1.797693134862e+308, 4.6200e+00, 1.9994e-01, 
 2DIAGNOSTIC,     4, -4.666272928414e-01, 1.797693134862e+308, 4.8232e+00, 2.0318e-01, 
 2DIAGNOSTIC,     5, -4.667166872686e-01, 1.797693134862e+308, 5.0308e+00, 2.0761e-01, 
 2DIAGNOSTIC,     6, -4.668667224759e-01, 1.797693134862e+308, 5.2344e+00, 2.0366e-01, 
 2DIAGNOSTIC,     7, -4.669697644693e-01, 1.797693134862e+308, 5.4656e+00, 2.3114e-01, 
 2DIAGNOSTIC,     8, -4.670258354315e-01, 1.797693134862e+308, 5.7568e+00, 2.9128e-01, 
 2DIAGNOSTIC,     9, -4.670791311736e-01, 1.797693134862e+308, 5.9622e+00, 2.0536e-01, 
 2DIAGNOSTIC,    10, -4.671177517720e-01, 1.313509032743e-04, 6.1727e+00, 2.1053e-01, 
 2DIAGNOSTIC,    11, -4.671984777569e-01, 1.051590725653e-04, 6.3921e+00, 2.1941e-01, 
 2DIAGNOSTIC,    12, -4.674361350895e-01, 9.491471237444e-05, 6.7214e+00, 3.2929e-01, 
 2DIAGNOSTIC,    13, -4.675162725522e-01, 8.805782527485e-05, 6.9172e+00, 1.9575e-01, 
 2DIAGNOSTIC,    14, -4.675732982147e-01, 8.220342595459e-05, 7.1891e+00, 2.7194e-01, 
 2DIAGNOSTIC,    15, -4.675740518630e-01, 7.348806729283e-05, 7.4347e+00, 2.4554e-01, 
 2DIAGNOSTIC,    16, -4.675763023238e-01, 6.504180657574e-05, 7.7774e+00, 3.4273e-01, 
 2DIAGNOSTIC,    17, -4.675763986677e-01, 5.533214195719e-05, 7.9772e+00, 1.9979e-01, 
 2DIAGNOSTIC,    18, -4.675746396017e-01, 4.352684200681e-05, 8.1839e+00, 2.0674e-01, 
 2DIAGNOSTIC,    19, -4.675729803276e-01, 3.083180171762e-05, 8.4013e+00, 2.1740e-01, 
 2DIAGNOSTIC,    20, -4.675713164630e-01, 1.787274767896e-05, 8.6010e+00, 1.9963e-01, 
 2DIAGNOSTIC,    21, -4.675679154858e-01, 6.728824047925e-06, 8.7936e+00, 1.9267e-01, 
 2DIAGNOSTIC,    22, -4.675676523212e-01, 2.633896862253e-06, 9.0159e+00, 2.2230e-01, 
DIAGNOSTIC,Iteration,metricValue,convergenceValue,ITERATION_TIME_INDEX,SINCE_LAST
 2DIAGNOSTIC,     1, -4.258650654124e-01, 1.797693134862e+308, 1.1538e+01, 2.5222e+00, 
 2DIAGNOSTIC,     2, -4.259686154989e-01, 1.797693134862e+308, 1.2972e+01, 1.4342e+00, 
 2DIAGNOSTIC,     3, -4.260095467510e-01, 1.797693134862e+308, 1.4746e+01, 1.7740e+00, 
 2DIAGNOSTIC,     4, -4.260079782558e-01, 1.797693134862e+308, 1.7093e+01, 2.3465e+00, 
 2DIAGNOSTIC,     5, -4.260082722860e-01, 1.797693134862e+308, 1.8502e+01, 1.4095e+00, 
 2DIAGNOSTIC,     6, -4.260081848372e-01, 1.797693134862e+308, 2.0205e+01, 1.7026e+00, 
 2DIAGNOSTIC,     7, -4.260082288654e-01, 1.797693134862e+308, 2.1827e+01, 1.6220e+00, 
 2DIAGNOSTIC,     8, -4.260082706052e-01, 1.797693134862e+308, 2.3267e+01, 1.4404e+00, 
 2DIAGNOSTIC,     9, -4.260078902120e-01, 1.797693134862e+308, 2.4570e+01, 1.3032e+00, 
 2DIAGNOSTIC,    10, -4.260078339579e-01, 1.494221171619e-05, 2.6005e+01, 1.4348e+00, 
 2DIAGNOSTIC,    11, -4.260077633149e-01, 5.172223643046e-06, 2.7450e+01, 1.4453e+00, 
 2DIAGNOSTIC,    12, -4.260079209480e-01, 2.525714708740e-06, 2.9080e+01, 1.6301e+00, 
 2DIAGNOSTIC,    13, -4.260075419796e-01, 2.380979043759e-06, 3.0870e+01, 1.7896e+00, 
 2DIAGNOSTIC,    14, -4.260073521381e-01, 2.179566227195e-06, 3.2583e+01, 1.7126e+00, 
 2DIAGNOSTIC,    15, -4.260072565338e-01, 2.022728081988e-06, 3.3860e+01, 1.2777e+00, 
 2DIAGNOSTIC,    16, -4.260070637974e-01, 1.882302856887e-06, 3.5116e+01, 1.2553e+00, 
 2DIAGNOSTIC,    17, -4.260071838308e-01, 1.774332092461e-06, 3.6397e+01, 1.2808e+00, 
 2DIAGNOSTIC,    18, -4.260079267904e-01, 1.716698777438e-06, 3.7849e+01, 1.4519e+00, 
 2DIAGNOSTIC,    19, -4.260077506586e-01, 1.649762573691e-06, 3.9742e+01, 1.8930e+00, 
 2DIAGNOSTIC,    20, -4.260076582822e-01, 1.587395461168e-06, 4.1185e+01, 1.4438e+00, 
 2DIAGNOSTIC,    21, -4.260075623291e-01, 1.526081956332e-06, 4.2791e+01, 1.6053e+00, 
 2DIAGNOSTIC,    22, -4.260075692515e-01, 1.474329267399e-06, 4.4077e+01, 1.2866e+00, 
 2DIAGNOSTIC,    23, -4.260071731419e-01, 1.401531026124e-06, 4.5380e+01, 1.3030e+00, 
 2DIAGNOSTIC,    24, -4.260072955086e-01, 1.331546853930e-06, 4.6627e+01, 1.2466e+00, 
 2DIAGNOSTIC,    25, -4.260077426131e-01, 1.276328118284e-06, 4.8101e+01, 1.4746e+00, 
 2DIAGNOSTIC,    26, -4.260075741879e-01, 1.215383741149e-06, 4.9414e+01, 1.3129e+00, 
 2DIAGNOSTIC,    27, -4.260077430093e-01, 1.166581558382e-06, 5.1674e+01, 2.2598e+00, 
 2DIAGNOSTIC,    28, -4.260076501495e-01, 1.138062189925e-06, 5.3316e+01, 1.6418e+00, 
 2DIAGNOSTIC,    29, -4.260073500796e-01, 1.100397799839e-06, 5.4937e+01, 1.6211e+00, 
 2DIAGNOSTIC,    30, -4.260072538178e-01, 1.060702344458e-06, 5.6388e+01, 1.4510e+00, 
 2DIAGNOSTIC,    31, -4.260071615545e-01, 1.019379574120e-06, 5.7839e+01, 1.4514e+00, 
  Elapsed time (stage 0): 5.8592e+01


Total elapsed time: 5.8594e+01
Info [verificarlo]: loaded backend libinterflop_ieee.so
Info [interflop-ieee]: load backend with:
Info [interflop-ieee]: debug = false
Info [interflop-ieee]: debug-binary = false
Info [interflop-ieee]: no-backend-name = false
Info [interflop-ieee]: print-new-line = false
Info [interflop-ieee]: print-subnormal-normalized = false
Info [interflop-ieee]: count-op = false
All_Command_lines_OK
Using double precision for computations.
=============================================================================
The composite transform comprises the following transforms (in order): 
  1. /home/mdugre/scratch/mri-registration-rp/datasets/ds004513/derivatives/mri-registration-rp/0001/antsRegistration-r8-p15/sub-s033/rigid_Composite.h5[0] (type = Euler3DTransform)
  2. /home/mdugre/scratch/mri-registration-rp/datasets/ds004513/derivatives/mri-registration-rp/0001/antsRegistration-r8-p15/sub-s033/rigid_Composite.h5[1] (type = Euler3DTransform)
  3. /home/mdugre/scratch/mri-registration-rp/datasets/ds004513/derivatives/mri-registration-rp/0001/antsRegistration-r8-p15/sub-s033/rigid_Composite.h5[2] (type = Euler3DTransform)
=============================================================================
  number of levels = 4
  fixed image: /templateflow/tpl-MNI152NLin2009cAsym/tpl-MNI152NLin2009cAsym_res-01_desc-brain_T1w.nii.gz
  moving image: /home/mdugre/scratch/mri-registration-rp/datasets/ds004513/derivatives/mri-registration-rp/antsBrainExtraction/sub-s033/BrainExtractionBrain.nii.gz
Dimension = 3
Number of stages = 1
Use histogram matching = false
Winsorize image intensities = true
  Lower quantile = 0.005
  Upper quantile = 0.995


Stage 1 State
   Image metric = MattesMI
     Fixed image = Image (0x4dc67e0)
  RTTI typeinfo:   itk::Image<double, 3u>
  Reference Count: 2
  Modified Time: 1592
  Debug: Off
  Object Name: 
  Observers: 
    none
  Source: (none)
  Source output name: (none)
  Release Data: Off
  Data Released: False
  Global Release Data: Off
  PipelineMTime: 0
  UpdateMTime: 1203
  RealTimeStamp: 0 seconds 
  LargestPossibleRegion: 
    Dimension: 3
    Index: [0, 0, 0]
    Size: [193, 229, 193]
  BufferedRegion: 
    Dimension: 3
    Index: [0, 0, 0]
    Size: [193, 229, 193]
  RequestedRegion: 
    Dimension: 3
    Index: [0, 0, 0]
    Size: [193, 229, 193]
  Spacing: [1, 1, 1]
  Origin: [96, 132, -78]
  Direction: 
-1 0 0
0 -1 0
0 0 1

  IndexToPointMatrix: 
-1 0 0
0 -1 0
0 0 1

  PointToIndexMatrix: 
-1 0 0
0 -1 0
0 0 1

  Inverse Direction: 
-1 0 0
0 -1 0
0 0 1

  PixelContainer: 
    ImportImageContainer (0x4e86a20)
      RTTI typeinfo:   itk::ImportImageContainer<unsigned long, double>
      Reference Count: 1
      Modified Time: 1200
      Debug: Off
      Object Name: 
      Observers: 
        none
      Pointer: 0x14657f24c010
      Container manages memory: true
      Size: 8530021
      Capacity: 8530021

     Moving image = Image (0x4e81d70)
  RTTI typeinfo:   itk::Image<double, 3u>
  Reference Count: 2
  Modified Time: 1593
  Debug: Off
  Object Name: 
  Observers: 
    none
  Source: (none)
  Source output name: (none)
  Release Data: Off
  Data Released: False
  Global Release Data: Off
  PipelineMTime: 0
  UpdateMTime: 1590
  RealTimeStamp: 0 seconds 
  LargestPossibleRegion: 
    Dimension: 3
    Index: [0, 0, 0]
    Size: [160, 240, 256]
  BufferedRegion: 
    Dimension: 3
    Index: [0, 0, 0]
    Size: [160, 240, 256]
  RequestedRegion: 
    Dimension: 3
    Index: [0, 0, 0]
    Size: [160, 240, 256]
  Spacing: [1, 1, 1]
  Origin: [91.5134, 94.282, -109.927]
  Direction: 
-0.99591 -0.0698718 -0.0572835
0.0697565 -0.997556 0.00401236
-0.0574239 5.01125e-08 0.99835

  IndexToPointMatrix: 
-0.99591 -0.0698718 -0.0572835
0.0697565 -0.997556 0.00401236
-0.0574239 5.01125e-08 0.99835

  PointToIndexMatrix: 
-0.99591 0.0697565 -0.0574239
-0.0698718 -0.997556 5.01483e-08
-0.0572835 0.00401236 0.99835

  Inverse Direction: 
-0.99591 0.0697565 -0.0574239
-0.0698718 -0.997556 5.01483e-08
-0.0572835 0.00401236 0.99835

  PixelContainer: 
    ImportImageContainer (0x4e39c90)
      RTTI typeinfo:   itk::ImportImageContainer<unsigned long, double>
      Reference Count: 1
      Modified Time: 1587
      Debug: Off
      Object Name: 
      Observers: 
        none
      Pointer: 0x14657a74b010
      Container manages memory: true
      Size: 9830400
      Capacity: 9830400

     Weighting = 1
     Sampling strategy = regular
     Number of bins = 32
     Radius = 4
     Sampling percentage  = 0.25
   Transform = Affine
     Gradient step = 0.1
     Update field sigma (voxel space) = 0
     Total field sigma (voxel space) = 0
     Update field time sigma = 0
     Total field time sigma  = 0
     Number of time indices = 0
     Number of time point samples = 0
Registration using 1 total stages.

Stage 0
  iterations = 1000x500x250x100
  convergence threshold = 1e-06
  convergence window size = 10
  number of levels = 4
  using the Mattes MI metric (number of bins = 32, weight = 1, use gradient filter = 0)
  preprocessing:  winsorizing the image intensities
  Shrink factors (level 1 out of 4): [8, 8, 8]
  Shrink factors (level 2 out of 4): [4, 4, 4]
  Shrink factors (level 3 out of 4): [2, 2, 2]
  Shrink factors (level 4 out of 4): [1, 1, 1]
  smoothing sigmas per level: [3, 2, 1, 0]
  regular sampling (percentage = 0.25)

*** Running AffineTransform registration ***

DIAGNOSTIC,Iteration,metricValue,convergenceValue,ITERATION_TIME_INDEX,SINCE_LAST
 2DIAGNOSTIC,     1, -6.382810303046e-01, 1.797693134862e+308, 6.7807e-01, 6.7807e-01, 
 2DIAGNOSTIC,     2, -6.407465072413e-01, 1.797693134862e+308, 6.8223e-01, 4.1611e-03, 
 2DIAGNOSTIC,     3, -6.451565035795e-01, 1.797693134862e+308, 6.8626e-01, 4.0331e-03, 
 2DIAGNOSTIC,     4, -6.521823737040e-01, 1.797693134862e+308, 6.9046e-01, 4.2009e-03, 
 2DIAGNOSTIC,     5, -6.630833064373e-01, 1.797693134862e+308, 6.9506e-01, 4.6010e-03, 
 2DIAGNOSTIC,     6, -6.815409417097e-01, 1.797693134862e+308, 6.9985e-01, 4.7898e-03, 
 2DIAGNOSTIC,     7, -7.249755713934e-01, 1.797693134862e+308, 7.0496e-01, 5.1048e-03, 
 2DIAGNOSTIC,     8, -8.402355309532e-01, 1.797693134862e+308, 7.0905e-01, 4.0958e-03, 
 2DIAGNOSTIC,     9, -8.669940050663e-01, 1.797693134862e+308, 7.1564e-01, 6.5832e-03, 
 2DIAGNOSTIC,    10, -8.690222988421e-01, 2.370898061568e-02, 7.1992e-01, 4.2870e-03, 
 2DIAGNOSTIC,    11, -8.788621701245e-01, 2.366240420133e-02, 7.2412e-01, 4.1921e-03, 
 2DIAGNOSTIC,    12, -8.887429906794e-01, 2.187474539174e-02, 7.2833e-01, 4.2100e-03, 
 2DIAGNOSTIC,    13, -8.929110787206e-01, 1.864012080191e-02, 7.3370e-01, 5.3742e-03, 
 2DIAGNOSTIC,    14, -8.986825803240e-01, 1.459632390406e-02, 7.3838e-01, 4.6761e-03, 
 2DIAGNOSTIC,    15, -9.051774348553e-01, 1.031724029223e-02, 7.4456e-01, 6.1820e-03, 
 2DIAGNOSTIC,    16, -9.052612368067e-01, 6.142674411910e-03, 7.4966e-01, 5.0972e-03, 
 2DIAGNOSTIC,    17, -9.054082359936e-01, 2.822264660887e-03, 7.5431e-01, 4.6589e-03, 
 2DIAGNOSTIC,    18, -9.052651119954e-01, 1.920434352567e-03, 7.5885e-01, 4.5340e-03, 
 2DIAGNOSTIC,    19, -9.053415772009e-01, 1.448630780120e-03, 7.6300e-01, 4.1521e-03, 
 2DIAGNOSTIC,    20, -9.056304404961e-01, 9.325085984869e-04, 7.6712e-01, 4.1220e-03, 
 2DIAGNOSTIC,    21, -9.057899934939e-01, 5.478684614233e-04, 7.7174e-01, 4.6170e-03, 
 2DIAGNOSTIC,    22, -9.059075184264e-01, 3.096420079059e-04, 7.7587e-01, 4.1330e-03, 
 2DIAGNOSTIC,    23, -9.059068883020e-01, 1.268751596820e-04, 7.8013e-01, 4.2610e-03, 
 2DIAGNOSTIC,    24, -9.060841156536e-01, 3.174000993472e-05, 7.8430e-01, 4.1709e-03, 
 2DIAGNOSTIC,    25, -9.061395775349e-01, 3.166799271159e-05, 7.8843e-01, 4.1280e-03, 
 2DIAGNOSTIC,    26, -9.063733773892e-01, 3.282323305977e-05, 7.9311e-01, 4.6821e-03, 
 2DIAGNOSTIC,    27, -9.065862526043e-01, 3.551384097943e-05, 7.9868e-01, 5.5621e-03, 
 2DIAGNOSTIC,    28, -9.066217397554e-01, 3.347841017352e-05, 8.0449e-01, 5.8172e-03, 
 2DIAGNOSTIC,    29, -9.061326395578e-01, 2.371906548165e-05, 8.1027e-01, 5.7731e-03, 
 2DIAGNOSTIC,    30, -9.059997575497e-01, 1.442578180951e-05, 8.1542e-01, 5.1501e-03, 
 2DIAGNOSTIC,    31, -9.057796820363e-01, 3.788805704813e-06, 8.2012e-01, 4.7040e-03, 
DIAGNOSTIC,Iteration,metricValue,convergenceValue,ITERATION_TIME_INDEX,SINCE_LAST
 2DIAGNOSTIC,     1, -7.439601931581e-01, 1.797693134862e+308, 1.5091e+00, 6.8893e-01, 
 2DIAGNOSTIC,     2, -7.448097250643e-01, 1.797693134862e+308, 1.5444e+00, 3.5312e-02, 
 2DIAGNOSTIC,     3, -7.457624710073e-01, 1.797693134862e+308, 1.5790e+00, 3.4625e-02, 
 2DIAGNOSTIC,     4, -7.465208536592e-01, 1.797693134862e+308, 1.6132e+00, 3.4241e-02, 
 2DIAGNOSTIC,     5, -7.471936148655e-01, 1.797693134862e+308, 1.6520e+00, 3.8726e-02, 
 2DIAGNOSTIC,     6, -7.483572355589e-01, 1.797693134862e+308, 1.7171e+00, 6.5137e-02, 
 2DIAGNOSTIC,     7, -7.483853597463e-01, 1.797693134862e+308, 1.7570e+00, 3.9879e-02, 
 2DIAGNOSTIC,     8, -7.483799471628e-01, 1.797693134862e+308, 1.7972e+00, 4.0215e-02, 
 2DIAGNOSTIC,     9, -7.483654706370e-01, 1.797693134862e+308, 1.8363e+00, 3.9136e-02, 
 2DIAGNOSTIC,    10, -7.483783371300e-01, 3.998128847102e-04, 1.8723e+00, 3.5971e-02, 
 2DIAGNOSTIC,    11, -7.483835711426e-01, 2.696111390300e-04, 1.9069e+00, 3.4644e-02, 
 2DIAGNOSTIC,    12, -7.484127397487e-01, 1.646930565977e-04, 1.9416e+00, 3.4646e-02, 
 2DIAGNOSTIC,    13, -7.484380632165e-01, 9.006375354266e-05, 1.9803e+00, 3.8717e-02, 
 2DIAGNOSTIC,    14, -7.484579570170e-01, 3.915993890707e-05, 2.0153e+00, 3.4969e-02, 
 2DIAGNOSTIC,    15, -7.484718048098e-01, 8.250507680760e-06, 2.0544e+00, 3.9152e-02, 
 2DIAGNOSTIC,    16, -7.484889396204e-01, 8.678624265318e-06, 2.0881e+00, 3.3723e-02, 
 2DIAGNOSTIC,    17, -7.484998543330e-01, 9.304347010561e-06, 2.1228e+00, 3.4630e-02, 
 2DIAGNOSTIC,    18, -7.485241901105e-01, 9.577087389800e-06, 2.1581e+00, 3.5303e-02, 
 2DIAGNOSTIC,    19, -7.485569868498e-01, 9.452093768653e-06, 2.1967e+00, 3.8650e-02, 
 2DIAGNOSTIC,    20, -7.485826616484e-01, 9.345212434037e-06, 2.2360e+00, 3.9250e-02, 
 2DIAGNOSTIC,    21, -7.485579584199e-01, 8.164359587295e-06, 2.2719e+00, 3.5917e-02, 
 2DIAGNOSTIC,    22, -7.485681869594e-01, 7.167249782440e-06, 2.3069e+00, 3.5023e-02, 
 2DIAGNOSTIC,    23, -7.486415311116e-01, 7.337624926843e-06, 2.3419e+00, 3.4955e-02, 
 2DIAGNOSTIC,    24, -7.486597077094e-01, 7.488977231608e-06, 2.3810e+00, 3.9157e-02, 
 2DIAGNOSTIC,    25, -7.486543949648e-01, 7.180902240903e-06, 2.4204e+00, 3.9397e-02, 
 2DIAGNOSTIC,    26, -7.486291221806e-01, 6.256595523314e-06, 2.4633e+00, 4.2900e-02, 
 2DIAGNOSTIC,    27, -7.486463536887e-01, 5.333011881312e-06, 2.5139e+00, 5.0581e-02, 
 2DIAGNOSTIC,    28, -7.486372412427e-01, 4.246003273492e-06, 2.5534e+00, 3.9477e-02, 
 2DIAGNOSTIC,    29, -7.486235267963e-01, 3.172439619281e-06, 2.5882e+00, 3.4783e-02, 
 2DIAGNOSTIC,    30, -7.486102842683e-01, 2.166094878998e-06, 2.6226e+00, 3.4416e-02, 
DIAGNOSTIC,Iteration,metricValue,convergenceValue,ITERATION_TIME_INDEX,SINCE_LAST
 2DIAGNOSTIC,     1, -6.325630801386e-01, 1.797693134862e+308, 3.7833e+00, 1.1607e+00, 
 2DIAGNOSTIC,     2, -6.331633715830e-01, 1.797693134862e+308, 4.0359e+00, 2.5259e-01, 
 2DIAGNOSTIC,     3, -6.337953288078e-01, 1.797693134862e+308, 4.2851e+00, 2.4922e-01, 
 2DIAGNOSTIC,     4, -6.346537202754e-01, 1.797693134862e+308, 4.5745e+00, 2.8944e-01, 
 2DIAGNOSTIC,     5, -6.368484695154e-01, 1.797693134862e+308, 4.9257e+00, 3.5115e-01, 
 2DIAGNOSTIC,     6, -6.378405944099e-01, 1.797693134862e+308, 5.3341e+00, 4.0843e-01, 
 2DIAGNOSTIC,     7, -6.378599660675e-01, 1.797693134862e+308, 5.6568e+00, 3.2265e-01, 
 2DIAGNOSTIC,     8, -6.378506720001e-01, 1.797693134862e+308, 5.9443e+00, 2.8758e-01, 
 2DIAGNOSTIC,     9, -6.378482652281e-01, 1.797693134862e+308, 6.3447e+00, 4.0040e-01, 
 2DIAGNOSTIC,    10, -6.378437943120e-01, 6.234809196591e-04, 6.6487e+00, 3.0391e-01, 
 2DIAGNOSTIC,    11, -6.378435775199e-01, 4.468340415088e-04, 6.9471e+00, 2.9849e-01, 
 2DIAGNOSTIC,    12, -6.378426862717e-01, 2.831018595089e-04, 7.3031e+00, 3.5596e-01, 
 2DIAGNOSTIC,    13, -6.378424421747e-01, 1.416180665608e-04, 7.5907e+00, 2.8759e-01, 
 2DIAGNOSTIC,    14, -6.378412749607e-01, 3.347467554346e-05, 7.8897e+00, 2.9902e-01, 
 2DIAGNOSTIC,    15, -6.378395103155e-01, 1.355946887230e-06, 8.1598e+00, 2.7006e-01, 
DIAGNOSTIC,Iteration,metricValue,convergenceValue,ITERATION_TIME_INDEX,SINCE_LAST
 2DIAGNOSTIC,     1, -5.637369261215e-01, 1.797693134862e+308, 1.1012e+01, 2.8521e+00, 
 2DIAGNOSTIC,     2, -5.638460425138e-01, 1.797693134862e+308, 1.3157e+01, 2.1449e+00, 
 2DIAGNOSTIC,     3, -5.638597612745e-01, 1.797693134862e+308, 1.6270e+01, 3.1132e+00, 
 2DIAGNOSTIC,     4, -5.638594676328e-01, 1.797693134862e+308, 1.8231e+01, 1.9605e+00, 
 2DIAGNOSTIC,     5, -5.638580712810e-01, 1.797693134862e+308, 2.0696e+01, 2.4654e+00, 
 2DIAGNOSTIC,     6, -5.638577932618e-01, 1.797693134862e+308, 2.2731e+01, 2.0351e+00, 
 2DIAGNOSTIC,     7, -5.638578278156e-01, 1.797693134862e+308, 2.4617e+01, 1.8861e+00, 
 2DIAGNOSTIC,     8, -5.638578967673e-01, 1.797693134862e+308, 2.6459e+01, 1.8417e+00, 
 2DIAGNOSTIC,     9, -5.638577428312e-01, 1.797693134862e+308, 2.8210e+01, 1.7515e+00, 
 2DIAGNOSTIC,    10, -5.638576848282e-01, 9.676272300377e-06, 3.0280e+01, 2.0699e+00, 
 2DIAGNOSTIC,    11, -5.638575434931e-01, 3.276793855200e-06, 3.2243e+01, 1.9624e+00, 
 2DIAGNOSTIC,    12, -5.638575306101e-01, 2.474669735159e-06, 3.4008e+01, 1.7656e+00, 
 2DIAGNOSTIC,    13, -5.638574633071e-01, 2.340557980651e-06, 3.5872e+01, 1.8633e+00, 
 2DIAGNOSTIC,    14, -5.638574827553e-01, 2.226811777625e-06, 3.7768e+01, 1.8969e+00, 
 2DIAGNOSTIC,    15, -5.638574825246e-01, 2.085779979205e-06, 4.0011e+01, 2.2422e+00, 
 2DIAGNOSTIC,    16, -5.638573944210e-01, 1.954017417274e-06, 4.2087e+01, 2.0766e+00, 
 2DIAGNOSTIC,    17, -5.638571391399e-01, 1.834326399913e-06, 4.3750e+01, 1.6627e+00, 
 2DIAGNOSTIC,    18, -5.638569098980e-01, 1.727097490807e-06, 4.5633e+01, 1.8832e+00, 
 2DIAGNOSTIC,    19, -5.638569736175e-01, 1.632527927585e-06, 4.7444e+01, 1.8108e+00, 
 2DIAGNOSTIC,    20, -5.638569348217e-01, 1.548707396992e-06, 4.9086e+01, 1.6424e+00, 
 2DIAGNOSTIC,    21, -5.638569703814e-01, 1.474236554513e-06, 5.0701e+01, 1.6142e+00, 
 2DIAGNOSTIC,    22, -5.638572780474e-01, 1.417239611098e-06, 5.2565e+01, 1.8643e+00, 
 2DIAGNOSTIC,    23, -5.638573300552e-01, 1.367406515476e-06, 5.4737e+01, 2.1720e+00, 
 2DIAGNOSTIC,    24, -5.638571452221e-01, 1.319667414214e-06, 5.6749e+01, 2.0119e+00, 
 2DIAGNOSTIC,    25, -5.638569014155e-01, 1.271507552275e-06, 5.8650e+01, 1.9015e+00, 
 2DIAGNOSTIC,    26, -5.638567982884e-01, 1.223615440617e-06, 6.0421e+01, 1.7709e+00, 
 2DIAGNOSTIC,    27, -5.638567251385e-01, 1.173092046017e-06, 6.2493e+01, 2.0718e+00, 
 2DIAGNOSTIC,    28, -5.638566833889e-01, 1.121665449279e-06, 6.4197e+01, 1.7046e+00, 
 2DIAGNOSTIC,    29, -5.638567139597e-01, 1.076942393735e-06, 6.6069e+01, 1.8720e+00, 
 2DIAGNOSTIC,    30, -5.638566976720e-01, 1.036266190947e-06, 6.7948e+01, 1.8784e+00, 
  Elapsed time (stage 0): 6.8979e+01


Total elapsed time: 6.8981e+01
Info [verificarlo]: loaded backend libinterflop_vprec.so
Info [interflop-vprec]: load backend with: 
Info [interflop-vprec]: precision-binary32 = 15
Info [interflop-vprec]: range-binary32 = 8
Info [interflop-vprec]: precision-binary64 = 15
Info [interflop-vprec]: range-binary64 = 8
Info [interflop-vprec]: mode = ob
Info [interflop-vprec]: error-mode = rel
Info [interflop-vprec]: max-abs-error-exponent = -1022
Info [interflop-vprec]: daz = false
Info [interflop-vprec]: ftz = false
Info [interflop-vprec]: 	instrument = none
Info [interflop-vprec]: 	prec-input-file = (null)
Info [interflop-vprec]: 	prec-output-file = (null)
Info [interflop-vprec]: 	prec-log-file = (null)
All_Command_lines_OK
Using double precision for computations.
=============================================================================
The composite transform comprises the following transforms (in order): 
