
##########################
# Experiment information #
##########################

EXPERIMENT_NAME: antsRegistration-r8-p18
VFC_BACKENDS: libinterflop_vprec.so --range-binary32=8 --precision-binary32=18 --range-binary64=8 --precision-binary64=18

SIF_IMG: /home/mdugre/projects/rrg-glatard/mdugre/containers/ants-vprec-no_metrics.simg

SUBJECT_ID: s020
INPUT_IMG: /home/mdugre/scratch/mri-registration-rp/datasets/ds004513/derivatives/mri-registration-rp/antsBrainExtraction/sub-s020/BrainExtractionBrain.nii.gz
OUTPUT_DIR: /home/mdugre/scratch/mri-registration-rp/datasets/ds004513/derivatives/mri-registration-rp/0001/antsRegistration-r8-p18/sub-s020

FIXED_IMG: /templateflow/tpl-MNI152NLin2009cAsym/tpl-MNI152NLin2009cAsym_res-01_desc-brain_T1w.nii.gz
DATA_DIR: /home/mdugre/scratch/mri-registration-rp/datasets/ds004513
TEMPLATEFLOW_DIR: /home/mdugre/projects/rrg-glatard/mdugre/templateflow
ITK_GLOBAL_DEFAULT_NUMBER_OF_THREADS: 16
##########################

Info [verificarlo]: loaded backend libinterflop_ieee.so
Info [interflop-ieee]: load backend with:
Info [interflop-ieee]: debug = false
Info [interflop-ieee]: debug-binary = false
Info [interflop-ieee]: no-backend-name = false
Info [interflop-ieee]: print-new-line = false
Info [interflop-ieee]: print-subnormal-normalized = false
Info [interflop-ieee]: count-op = false
All_Command_lines_OK
Using double precision for computations.
=============================================================================
The composite transform comprises the following transforms (in order): 
  1. Center of mass alignment using fixed image: /templateflow/tpl-MNI152NLin2009cAsym/tpl-MNI152NLin2009cAsym_res-01_desc-brain_T1w.nii.gz and moving image: /home/mdugre/scratch/mri-registration-rp/datasets/ds004513/derivatives/mri-registration-rp/antsBrainExtraction/sub-s020/BrainExtractionBrain.nii.gz (type = Euler3DTransform)
=============================================================================
  number of levels = 1
  fixed image: /templateflow/tpl-MNI152NLin2009cAsym/tpl-MNI152NLin2009cAsym_res-01_desc-brain_T1w.nii.gz
  moving image: /home/mdugre/scratch/mri-registration-rp/datasets/ds004513/derivatives/mri-registration-rp/antsBrainExtraction/sub-s020/BrainExtractionBrain.nii.gz
Dimension = 3
Number of stages = 1
Use histogram matching = false
Winsorize image intensities = true
  Lower quantile = 0.005
  Upper quantile = 0.995


Stage 1 State
   Image metric = MattesMI
     Fixed image = Image (0x3663e70)
  RTTI typeinfo:   itk::Image<double, 3u>
  Reference Count: 2
  Modified Time: 2334
  Debug: Off
  Object Name: 
  Observers: 
    none
  Source: (none)
  Source output name: (none)
  Release Data: Off
  Data Released: False
  Global Release Data: Off
  PipelineMTime: 0
  UpdateMTime: 1943
  RealTimeStamp: 0 seconds 
  LargestPossibleRegion: 
    Dimension: 3
    Index: [0, 0, 0]
    Size: [193, 229, 193]
  BufferedRegion: 
    Dimension: 3
    Index: [0, 0, 0]
    Size: [193, 229, 193]
  RequestedRegion: 
    Dimension: 3
    Index: [0, 0, 0]
    Size: [193, 229, 193]
  Spacing: [1, 1, 1]
  Origin: [96, 132, -78]
  Direction: 
-1 0 0
0 -1 0
0 0 1

  IndexToPointMatrix: 
-1 0 0
0 -1 0
0 0 1

  PointToIndexMatrix: 
-1 0 0
0 -1 0
0 0 1

  Inverse Direction: 
-1 0 0
0 -1 0
0 0 1

  PixelContainer: 
    ImportImageContainer (0x366cc60)
      RTTI typeinfo:   itk::ImportImageContainer<unsigned long, double>
      Reference Count: 1
      Modified Time: 1940
      Debug: Off
      Object Name: 
      Observers: 
        none
      Pointer: 0x153b22a57010
      Container manages memory: true
      Size: 8530021
      Capacity: 8530021

     Moving image = Image (0x366f610)
  RTTI typeinfo:   itk::Image<double, 3u>
  Reference Count: 2
  Modified Time: 2335
  Debug: Off
  Object Name: 
  Observers: 
    none
  Source: (none)
  Source output name: (none)
  Release Data: Off
  Data Released: False
  Global Release Data: Off
  PipelineMTime: 0
  UpdateMTime: 2332
  RealTimeStamp: 0 seconds 
  LargestPossibleRegion: 
    Dimension: 3
    Index: [0, 0, 0]
    Size: [160, 240, 256]
  BufferedRegion: 
    Dimension: 3
    Index: [0, 0, 0]
    Size: [160, 240, 256]
  RequestedRegion: 
    Dimension: 3
    Index: [0, 0, 0]
    Size: [160, 240, 256]
  Spacing: [0.999995, 1, 1]
  Origin: [87.0906, 98.7205, -152.377]
  Direction: 
-0.996975 0.0261379 -0.0731913
-0.0260677 -0.999658 -0.00191374
-0.0732163 -2.46403e-08 0.997316

  IndexToPointMatrix: 
-0.996971 0.0261379 -0.0731913
-0.0260676 -0.999658 -0.00191374
-0.0732159 -2.46403e-08 0.997316

  PointToIndexMatrix: 
-0.99698 -0.0260679 -0.0732166
0.0261379 -0.999658 -2.46993e-08
-0.0731913 -0.00191374 0.997316

  Inverse Direction: 
-0.996975 -0.0260677 -0.0732163
0.0261379 -0.999658 -2.46993e-08
-0.0731913 -0.00191374 0.997316

  PixelContainer: 
    ImportImageContainer (0x3708ef0)
      RTTI typeinfo:   itk::ImportImageContainer<unsigned long, double>
      Reference Count: 1
      Modified Time: 2329
      Debug: Off
      Object Name: 
      Observers: 
        none
      Pointer: 0x153b1df56010
      Container manages memory: true
      Size: 9830400
      Capacity: 9830400

     Weighting = 1
     Sampling strategy = regular
     Number of bins = 32
     Radius = 4
     Sampling percentage  = 0.25
   Transform = Rigid
     Gradient step = 0.1
     Update field sigma (voxel space) = 0
     Total field sigma (voxel space) = 0
     Update field time sigma = 0
     Total field time sigma  = 0
     Number of time indices = 0
     Number of time point samples = 0
Registration using 1 total stages.

Stage 0
  iterations = 0
  convergence threshold = 1e-06
  convergence window size = 10
  number of levels = 1
  using the Mattes MI metric (number of bins = 32, weight = 1, use gradient filter = 0)
  preprocessing:  winsorizing the image intensities
  Shrink factors (level 1 out of 1): [1, 1, 1]
  smoothing sigmas per level: [0]
  regular sampling (percentage = 0.25)

*** Running Euler3DTransform registration ***

  Elapsed time (stage 0): 1.19347


Total elapsed time: 1.19548
Info [verificarlo]: loaded backend libinterflop_ieee.so
Info [interflop-ieee]: load backend with:
Info [interflop-ieee]: debug = false
Info [interflop-ieee]: debug-binary = false
Info [interflop-ieee]: no-backend-name = false
Info [interflop-ieee]: print-new-line = false
Info [interflop-ieee]: print-subnormal-normalized = false
Info [interflop-ieee]: count-op = false
All_Command_lines_OK
Using double precision for computations.
=============================================================================
The composite transform comprises the following transforms (in order): 
  1. /home/mdugre/scratch/mri-registration-rp/datasets/ds004513/derivatives/mri-registration-rp/0001/antsRegistration-r8-p18/sub-s020/align_Composite.h5[0] (type = Euler3DTransform)
  2. /home/mdugre/scratch/mri-registration-rp/datasets/ds004513/derivatives/mri-registration-rp/0001/antsRegistration-r8-p18/sub-s020/align_Composite.h5[1] (type = Euler3DTransform)
=============================================================================
  number of levels = 4
  fixed image: /templateflow/tpl-MNI152NLin2009cAsym/tpl-MNI152NLin2009cAsym_res-01_desc-brain_T1w.nii.gz
  moving image: /home/mdugre/scratch/mri-registration-rp/datasets/ds004513/derivatives/mri-registration-rp/antsBrainExtraction/sub-s020/BrainExtractionBrain.nii.gz
Dimension = 3
Number of stages = 1
Use histogram matching = false
Winsorize image intensities = true
  Lower quantile = 0.005
  Upper quantile = 0.995


Stage 1 State
   Image metric = MattesMI
     Fixed image = Image (0x458d530)
  RTTI typeinfo:   itk::Image<double, 3u>
  Reference Count: 2
  Modified Time: 1580
  Debug: Off
  Object Name: 
  Observers: 
    none
  Source: (none)
  Source output name: (none)
  Release Data: Off
  Data Released: False
  Global Release Data: Off
  PipelineMTime: 0
  UpdateMTime: 1189
  RealTimeStamp: 0 seconds 
  LargestPossibleRegion: 
    Dimension: 3
    Index: [0, 0, 0]
    Size: [193, 229, 193]
  BufferedRegion: 
    Dimension: 3
    Index: [0, 0, 0]
    Size: [193, 229, 193]
  RequestedRegion: 
    Dimension: 3
    Index: [0, 0, 0]
    Size: [193, 229, 193]
  Spacing: [1, 1, 1]
  Origin: [96, 132, -78]
  Direction: 
-1 0 0
0 -1 0
0 0 1

  IndexToPointMatrix: 
-1 0 0
0 -1 0
0 0 1

  PointToIndexMatrix: 
-1 0 0
0 -1 0
0 0 1

  Inverse Direction: 
-1 0 0
0 -1 0
0 0 1

  PixelContainer: 
    ImportImageContainer (0x464bd60)
      RTTI typeinfo:   itk::ImportImageContainer<unsigned long, double>
      Reference Count: 1
      Modified Time: 1186
      Debug: Off
      Object Name: 
      Observers: 
        none
      Pointer: 0x151285625010
      Container manages memory: true
      Size: 8530021
      Capacity: 8530021

     Moving image = Image (0x463df60)
  RTTI typeinfo:   itk::Image<double, 3u>
  Reference Count: 2
  Modified Time: 1581
  Debug: Off
  Object Name: 
  Observers: 
    none
  Source: (none)
  Source output name: (none)
  Release Data: Off
  Data Released: False
  Global Release Data: Off
  PipelineMTime: 0
  UpdateMTime: 1578
  RealTimeStamp: 0 seconds 
  LargestPossibleRegion: 
    Dimension: 3
    Index: [0, 0, 0]
    Size: [160, 240, 256]
  BufferedRegion: 
    Dimension: 3
    Index: [0, 0, 0]
    Size: [160, 240, 256]
  RequestedRegion: 
    Dimension: 3
    Index: [0, 0, 0]
    Size: [160, 240, 256]
  Spacing: [0.999995, 1, 1]
  Origin: [87.0906, 98.7205, -152.377]
  Direction: 
-0.996975 0.0261379 -0.0731913
-0.0260677 -0.999658 -0.00191374
-0.0732163 -2.46403e-08 0.997316

  IndexToPointMatrix: 
-0.996971 0.0261379 -0.0731913
-0.0260676 -0.999658 -0.00191374
-0.0732159 -2.46403e-08 0.997316

  PointToIndexMatrix: 
-0.99698 -0.0260679 -0.0732166
0.0261379 -0.999658 -2.46993e-08
-0.0731913 -0.00191374 0.997316

  Inverse Direction: 
-0.996975 -0.0260677 -0.0732163
0.0261379 -0.999658 -2.46993e-08
-0.0731913 -0.00191374 0.997316

  PixelContainer: 
    ImportImageContainer (0x462f6d0)
      RTTI typeinfo:   itk::ImportImageContainer<unsigned long, double>
      Reference Count: 1
      Modified Time: 1575
      Debug: Off
      Object Name: 
      Observers: 
        none
      Pointer: 0x151280b24010
      Container manages memory: true
      Size: 9830400
      Capacity: 9830400

     Weighting = 1
     Sampling strategy = regular
     Number of bins = 32
     Radius = 4
     Sampling percentage  = 0.25
   Transform = Rigid
     Gradient step = 0.1
     Update field sigma (voxel space) = 0
     Total field sigma (voxel space) = 0
     Update field time sigma = 0
     Total field time sigma  = 0
     Number of time indices = 0
     Number of time point samples = 0
Registration using 1 total stages.

Stage 0
  iterations = 1000x500x250x100
  convergence threshold = 1e-06
  convergence window size = 10
  number of levels = 4
  using the Mattes MI metric (number of bins = 32, weight = 1, use gradient filter = 0)
  preprocessing:  winsorizing the image intensities
  Shrink factors (level 1 out of 4): [8, 8, 8]
  Shrink factors (level 2 out of 4): [4, 4, 4]
  Shrink factors (level 3 out of 4): [2, 2, 2]
  Shrink factors (level 4 out of 4): [1, 1, 1]
  smoothing sigmas per level: [3, 2, 1, 0]
  regular sampling (percentage = 0.25)

*** Running Euler3DTransform registration ***

DIAGNOSTIC,Iteration,metricValue,convergenceValue,ITERATION_TIME_INDEX,SINCE_LAST
 2DIAGNOSTIC,     1, -3.791273390751e-01, 1.797693134862e+308, 8.8495e-01, 8.8495e-01, 
 2DIAGNOSTIC,     2, -3.803606001643e-01, 1.797693134862e+308, 8.8998e-01, 5.0240e-03, 
 2DIAGNOSTIC,     3, -3.828962034719e-01, 1.797693134862e+308, 8.9436e-01, 4.3859e-03, 
 2DIAGNOSTIC,     4, -3.876122532015e-01, 1.797693134862e+308, 8.9914e-01, 4.7791e-03, 
 2DIAGNOSTIC,     5, -3.904935334081e-01, 1.797693134862e+308, 9.0376e-01, 4.6148e-03, 
 2DIAGNOSTIC,     6, -3.911039700181e-01, 1.797693134862e+308, 9.0778e-01, 4.0252e-03, 
 2DIAGNOSTIC,     7, -3.914905453856e-01, 1.797693134862e+308, 9.1171e-01, 3.9299e-03, 
 2DIAGNOSTIC,     8, -3.925629083064e-01, 1.797693134862e+308, 9.1586e-01, 4.1502e-03, 
 2DIAGNOSTIC,     9, -3.981570789235e-01, 1.797693134862e+308, 9.2022e-01, 4.3640e-03, 
 2DIAGNOSTIC,    10, -4.079218556696e-01, 3.866687266231e-03, 9.2599e-01, 5.7621e-03, 
 2DIAGNOSTIC,    11, -4.246779602407e-01, 4.904320352957e-03, 9.3096e-01, 4.9748e-03, 
 2DIAGNOSTIC,    12, -4.297045200929e-01, 5.673254149497e-03, 9.3533e-01, 4.3650e-03, 
 2DIAGNOSTIC,    13, -4.335692915515e-01, 6.156954111675e-03, 9.4043e-01, 5.1029e-03, 
 2DIAGNOSTIC,    14, -4.439932007375e-01, 6.764094567473e-03, 9.4490e-01, 4.4658e-03, 
 2DIAGNOSTIC,    15, -4.466217674463e-01, 6.904768050803e-03, 9.4993e-01, 5.0359e-03, 
 2DIAGNOSTIC,    16, -4.513528166462e-01, 6.619270361078e-03, 9.5427e-01, 4.3371e-03, 
 2DIAGNOSTIC,    17, -4.528510994705e-01, 5.844785614470e-03, 9.5915e-01, 4.8771e-03, 
 2DIAGNOSTIC,    18, -4.555717392046e-01, 4.777374783221e-03, 9.6573e-01, 6.5870e-03, 
 2DIAGNOSTIC,    19, -4.559551101109e-01, 3.601534539747e-03, 9.7016e-01, 4.4248e-03, 
 2DIAGNOSTIC,    20, -4.573566704972e-01, 2.586717310551e-03, 9.7682e-01, 6.6609e-03, 
 2DIAGNOSTIC,    21, -4.575250023268e-01, 1.982978794299e-03, 9.8119e-01, 4.3750e-03, 
 2DIAGNOSTIC,    22, -4.577284116604e-01, 1.415647925154e-03, 9.8607e-01, 4.8721e-03, 
 2DIAGNOSTIC,    23, -4.579446268741e-01, 8.825894372068e-04, 9.9056e-01, 4.4899e-03, 
 2DIAGNOSTIC,    24, -4.580221796219e-01, 6.077391792646e-04, 9.9496e-01, 4.4019e-03, 
 2DIAGNOSTIC,    25, -4.581755598741e-01, 3.715345925599e-04, 9.9934e-01, 4.3800e-03, 
 2DIAGNOSTIC,    26, -4.586246255709e-01, 2.524014651327e-04, 1.0038e+00, 4.4181e-03, 
 2DIAGNOSTIC,    27, -4.589286843204e-01, 1.618405455232e-04, 1.0104e+00, 6.6700e-03, 
 2DIAGNOSTIC,    28, -4.591715704964e-01, 1.332361641227e-04, 1.0149e+00, 4.4539e-03, 
 2DIAGNOSTIC,    29, -4.592804745130e-01, 1.047458987194e-04, 1.0200e+00, 5.1341e-03, 
 2DIAGNOSTIC,    30, -4.597210782725e-01, 1.089990339380e-04, 1.0260e+00, 6.0241e-03, 
 2DIAGNOSTIC,    31, -4.598053058655e-01, 1.077334521762e-04, 1.0306e+00, 4.5540e-03, 
 2DIAGNOSTIC,    32, -4.606518319579e-01, 1.178720488363e-04, 1.0355e+00, 4.9360e-03, 
 2DIAGNOSTIC,    33, -4.610440276715e-01, 1.280792136316e-04, 1.0399e+00, 4.3840e-03, 
 2DIAGNOSTIC,    34, -4.611900017355e-01, 1.299426872249e-04, 1.0443e+00, 4.3540e-03, 
 2DIAGNOSTIC,    35, -4.615610388820e-01, 1.292540407411e-04, 1.0491e+00, 4.8411e-03, 
 2DIAGNOSTIC,    36, -4.621294717718e-01, 1.346041842016e-04, 1.0546e+00, 5.4889e-03, 
 2DIAGNOSTIC,    37, -4.627565369237e-01, 1.428892219160e-04, 1.0590e+00, 4.4370e-03, 
 2DIAGNOSTIC,    38, -4.631666397735e-01, 1.481652850074e-04, 1.0640e+00, 4.9710e-03, 
 2DIAGNOSTIC,    39, -4.636680957164e-01, 1.493151053557e-04, 1.0712e+00, 7.1559e-03, 
 2DIAGNOSTIC,    40, -4.638122581510e-01, 1.458289776875e-04, 1.0756e+00, 4.3929e-03, 
 2DIAGNOSTIC,    41, -4.639961773206e-01, 1.325867841195e-04, 1.0799e+00, 4.3380e-03, 
 2DIAGNOSTIC,    42, -4.641744939114e-01, 1.229981206672e-04, 1.0842e+00, 4.3530e-03, 
 2DIAGNOSTIC,    43, -4.642624753710e-01, 1.093877322722e-04, 1.0886e+00, 4.3828e-03, 
 2DIAGNOSTIC,    44, -4.643961577804e-01, 9.013027864420e-05, 1.0930e+00, 4.3750e-03, 
 2DIAGNOSTIC,    45, -4.646334191948e-01, 7.183175932535e-05, 1.0974e+00, 4.4289e-03, 
 2DIAGNOSTIC,    46, -4.652153008423e-01, 6.346156960340e-05, 1.1024e+00, 4.9310e-03, 
 2DIAGNOSTIC,    47, -4.654984406211e-01, 6.163683408601e-05, 1.1089e+00, 6.5250e-03, 
 2DIAGNOSTIC,    48, -4.655599367114e-01, 6.023517998429e-05, 1.1133e+00, 4.3700e-03, 
 2DIAGNOSTIC,    49, -4.655821063721e-01, 6.015231068963e-05, 1.1176e+00, 4.3240e-03, 
 2DIAGNOSTIC,    50, -4.657173058587e-01, 5.790566189103e-05, 1.1219e+00, 4.3602e-03, 
 2DIAGNOSTIC,    51, -4.670782491606e-01, 6.942411802262e-05, 1.1269e+00, 4.9410e-03, 
 2DIAGNOSTIC,    52, -4.675597278937e-01, 8.148233980875e-05, 1.1319e+00, 5.0471e-03, 
 2DIAGNOSTIC,    53, -4.680488542538e-01, 9.239146611976e-05, 1.1374e+00, 5.4932e-03, 
 2DIAGNOSTIC,    54, -4.687002702129e-01, 1.035482233751e-04, 1.1419e+00, 4.5230e-03, 
 2DIAGNOSTIC,    55, -4.689430490345e-01, 1.096743353709e-04, 1.1469e+00, 4.9140e-03, 
 2DIAGNOSTIC,    56, -4.694124638324e-01, 1.167775270750e-04, 1.1519e+00, 5.0449e-03, 
 2DIAGNOSTIC,    57, -4.696144981378e-01, 1.177144712537e-04, 1.1563e+00, 4.4200e-03, 
 2DIAGNOSTIC,    58, -4.705258096401e-01, 1.181739725213e-04, 1.1610e+00, 4.6492e-03, 
 2DIAGNOSTIC,    59, -4.729827833485e-01, 1.338664384087e-04, 1.1673e+00, 6.3169e-03, 
 2DIAGNOSTIC,    60, -4.754354410749e-01, 1.625742975286e-04, 1.1724e+00, 5.1420e-03, 
 2DIAGNOSTIC,    61, -4.761192713634e-01, 1.955939749309e-04, 1.1774e+00, 4.9748e-03, 
 2DIAGNOSTIC,    62, -4.763340521543e-01, 2.162345015858e-04, 1.1824e+00, 4.9899e-03, 
 2DIAGNOSTIC,    63, -4.764287795645e-01, 2.213795191945e-04, 1.1873e+00, 4.9100e-03, 
 2DIAGNOSTIC,    64, -4.764995719242e-01, 2.118280775428e-04, 1.1922e+00, 4.8440e-03, 
 2DIAGNOSTIC,    65, -4.764657081391e-01, 1.838293004052e-04, 1.1971e+00, 4.9849e-03, 
 2DIAGNOSTIC,    66, -4.765807022218e-01, 1.449215816028e-04, 1.2015e+00, 4.3609e-03, 
 2DIAGNOSTIC,    67, -4.768512676259e-01, 9.810106166055e-05, 1.2064e+00, 4.8850e-03, 
 2DIAGNOSTIC,    68, -4.770802463224e-01, 5.352174328893e-05, 1.2115e+00, 5.1532e-03, 
 2DIAGNOSTIC,    69, -4.773189210310e-01, 2.919773002026e-05, 1.2185e+00, 6.9270e-03, 
 2DIAGNOSTIC,    70, -4.773283683830e-01, 2.479721575946e-05, 1.2236e+00, 5.1141e-03, 
 2DIAGNOSTIC,    71, -4.773798809132e-01, 2.468133701833e-05, 1.2281e+00, 4.5040e-03, 
 2DIAGNOSTIC,    72, -4.773507803734e-01, 2.380290960683e-05, 1.2324e+00, 4.3550e-03, 
 2DIAGNOSTIC,    73, -4.773871930226e-01, 2.178514156956e-05, 1.2368e+00, 4.3499e-03, 
 2DIAGNOSTIC,    74, -4.775069961616e-01, 1.939224696000e-05, 1.2412e+00, 4.4639e-03, 
 2DIAGNOSTIC,    75, -4.776586878564e-01, 1.621442631141e-05, 1.2461e+00, 4.8890e-03, 
 2DIAGNOSTIC,    76, -4.779502395657e-01, 1.491411025074e-05, 1.2506e+00, 4.4169e-03, 
 2DIAGNOSTIC,    77, -4.790977945637e-01, 2.369762044324e-05, 1.2573e+00, 6.7899e-03, 
 2DIAGNOSTIC,    78, -4.792346693028e-01, 3.265873390847e-05, 1.2618e+00, 4.4508e-03, 
 2DIAGNOSTIC,    79, -4.792849094670e-01, 4.064619310049e-05, 1.2662e+00, 4.4360e-03, 
 2DIAGNOSTIC,    80, -4.794538460498e-01, 4.603724586918e-05, 1.2716e+00, 5.3980e-03, 
 2DIAGNOSTIC,    81, -4.799350653289e-01, 5.091656239927e-05, 1.2761e+00, 4.4680e-03, 
 2DIAGNOSTIC,    82, -4.806312970228e-01, 5.564018571545e-05, 1.2807e+00, 4.6310e-03, 
 2DIAGNOSTIC,    83, -4.834990722768e-01, 7.657117151763e-05, 1.2855e+00, 4.7581e-03, 
 2DIAGNOSTIC,    84, -4.908594697465e-01, 1.446074091853e-04, 1.2907e+00, 5.2400e-03, 
 2DIAGNOSTIC,    85, -4.966914967574e-01, 2.395181720004e-04, 1.2963e+00, 5.5439e-03, 
 2DIAGNOSTIC,    86, -4.971053499820e-01, 3.134995199094e-04, 1.3007e+00, 4.4150e-03, 
 2DIAGNOSTIC,    87, -4.981099747982e-01, 3.718136634138e-04, 1.3057e+00, 5.0590e-03, 
 2DIAGNOSTIC,    88, -4.990962624483e-01, 4.007094790764e-04, 1.3107e+00, 4.9942e-03, 
 2DIAGNOSTIC,    89, -5.001450703603e-01, 3.967809204201e-04, 1.3179e+00, 7.1771e-03, 
 2DIAGNOSTIC,    90, -5.003578353335e-01, 3.566582725962e-04, 1.3227e+00, 4.7910e-03, 
 2DIAGNOSTIC,    91, -5.005844863937e-01, 2.887090907029e-04, 1.3356e+00, 1.2891e-02, 
 2DIAGNOSTIC,    92, -5.007161764236e-01, 2.006672876598e-04, 1.3409e+00, 5.2600e-03, 
 2DIAGNOSTIC,    93, -5.009158036552e-01, 1.146137324625e-04, 1.3450e+00, 4.1149e-03, 
 2DIAGNOSTIC,    94, -5.010696720493e-01, 6.762320606660e-05, 1.3490e+00, 4.0550e-03, 
 2DIAGNOSTIC,    95, -5.011530764457e-01, 5.356370026922e-05, 1.3530e+00, 4.0221e-03, 
 2DIAGNOSTIC,    96, -5.014322218594e-01, 3.909941277053e-05, 1.3581e+00, 5.0330e-03, 
 2DIAGNOSTIC,    97, -5.015728036265e-01, 2.833233717427e-05, 1.3621e+00, 4.0629e-03, 
 2DIAGNOSTIC,    98, -5.017929844673e-01, 2.247841948712e-05, 1.3675e+00, 5.3580e-03, 
 2DIAGNOSTIC,    99, -5.017548781645e-01, 2.084055151313e-05, 1.3715e+00, 3.9649e-03, 
 2DIAGNOSTIC,   100, -5.017497048228e-01, 1.853519460081e-05, 1.3754e+00, 3.9670e-03, 
 2DIAGNOSTIC,   101, -5.018201346524e-01, 1.631236800382e-05, 1.3798e+00, 4.4010e-03, 
 2DIAGNOSTIC,   102, -5.017474502390e-01, 1.288798903464e-05, 1.3843e+00, 4.5130e-03, 
 2DIAGNOSTIC,   103, -5.027249572902e-01, 1.530380288936e-05, 1.3933e+00, 8.9371e-03, 
 2DIAGNOSTIC,   104, -5.027270549254e-01, 1.699178353533e-05, 1.3972e+00, 3.9349e-03, 
 2DIAGNOSTIC,   105, -5.027412193502e-01, 1.764423179779e-05, 1.4014e+00, 4.1728e-03, 
 2DIAGNOSTIC,   106, -5.027629691643e-01, 1.841037040846e-05, 1.4053e+00, 3.9539e-03, 
 2DIAGNOSTIC,   107, -5.027914680523e-01, 1.831558136733e-05, 1.4092e+00, 3.8888e-03, 
 2DIAGNOSTIC,   108, -5.028248256618e-01, 1.782837802502e-05, 1.4131e+00, 3.9010e-03, 
 2DIAGNOSTIC,   109, -5.028579985956e-01, 1.560380755491e-05, 1.4171e+00, 3.9592e-03, 
 2DIAGNOSTIC,   110, -5.028968594716e-01, 1.219783573203e-05, 1.4210e+00, 3.9248e-03, 
 2DIAGNOSTIC,   111, -5.029537848165e-01, 8.475787755176e-06, 1.4254e+00, 4.3919e-03, 
 2DIAGNOSTIC,   112, -5.030276175810e-01, 3.882415425831e-06, 1.4293e+00, 3.9320e-03, 
 2DIAGNOSTIC,   113, -5.029851226906e-01, 4.044451581146e-06, 1.4352e+00, 5.8911e-03, 
 2DIAGNOSTIC,   114, -5.030019093106e-01, 3.954697866543e-06, 1.4395e+00, 4.2269e-03, 
 2DIAGNOSTIC,   115, -5.030046956339e-01, 3.598999486262e-06, 1.4443e+00, 4.8060e-03, 
 2DIAGNOSTIC,   116, -5.029314091856e-01, 2.651250688854e-06, 1.4506e+00, 6.3398e-03, 
 2DIAGNOSTIC,   117, -5.029325035567e-01, 1.651575544000e-06, 1.4548e+00, 4.2160e-03, 
DIAGNOSTIC,Iteration,metricValue,convergenceValue,ITERATION_TIME_INDEX,SINCE_LAST
 2DIAGNOSTIC,     1, -4.053595028723e-01, 1.797693134862e+308, 2.1438e+00, 6.8900e-01, 
 2DIAGNOSTIC,     2, -4.058977209890e-01, 1.797693134862e+308, 2.1730e+00, 2.9176e-02, 
 2DIAGNOSTIC,     3, -4.065629043370e-01, 1.797693134862e+308, 2.2001e+00, 2.7107e-02, 
 2DIAGNOSTIC,     4, -4.069623598975e-01, 1.797693134862e+308, 2.2285e+00, 2.8389e-02, 
 2DIAGNOSTIC,     5, -4.072155544964e-01, 1.797693134862e+308, 2.2570e+00, 2.8515e-02, 
 2DIAGNOSTIC,     6, -4.078216706286e-01, 1.797693134862e+308, 2.2881e+00, 3.1073e-02, 
 2DIAGNOSTIC,     7, -4.092567733281e-01, 1.797693134862e+308, 2.3293e+00, 4.1255e-02, 
 2DIAGNOSTIC,     8, -4.101838259393e-01, 1.797693134862e+308, 2.3731e+00, 4.3715e-02, 
 2DIAGNOSTIC,     9, -4.105637781664e-01, 1.797693134862e+308, 2.4082e+00, 3.5110e-02, 
 2DIAGNOSTIC,    10, -4.114968952956e-01, 9.730283944520e-04, 2.4394e+00, 3.1223e-02, 
 2DIAGNOSTIC,    11, -4.125833644615e-01, 9.608637226982e-04, 2.4697e+00, 3.0317e-02, 
 2DIAGNOSTIC,    12, -4.129361744930e-01, 9.133556177026e-04, 2.4997e+00, 3.0012e-02, 
 2DIAGNOSTIC,    13, -4.134092425657e-01, 8.516450971912e-04, 2.5294e+00, 2.9634e-02, 
 2DIAGNOSTIC,    14, -4.157149767878e-01, 8.564194283252e-04, 2.5638e+00, 3.4432e-02, 
 2DIAGNOSTIC,    15, -4.182171736878e-01, 9.067701075290e-04, 2.6120e+00, 4.8178e-02, 
 2DIAGNOSTIC,    16, -4.186041403791e-01, 9.071576567173e-04, 2.6426e+00, 3.0672e-02, 
 2DIAGNOSTIC,    17, -4.189530712830e-01, 8.982882982757e-04, 2.6707e+00, 2.8038e-02, 
 2DIAGNOSTIC,    18, -4.192126926122e-01, 8.545420237420e-04, 2.6984e+00, 2.7709e-02, 
 2DIAGNOSTIC,    19, -4.194880151887e-01, 7.582984047120e-04, 2.7260e+00, 2.7600e-02, 
 2DIAGNOSTIC,    20, -4.198527558402e-01, 6.438497044528e-04, 2.7735e+00, 4.7533e-02, 
 2DIAGNOSTIC,    21, -4.199873819357e-01, 5.211551551135e-04, 2.8073e+00, 3.3806e-02, 
 2DIAGNOSTIC,    22, -4.199830725493e-01, 3.738345388965e-04, 2.8385e+00, 3.1161e-02, 
 2DIAGNOSTIC,    23, -4.199811093391e-01, 2.179327321816e-04, 2.8694e+00, 3.0954e-02, 
 2DIAGNOSTIC,    24, -4.199807858976e-01, 1.190219565086e-04, 2.9003e+00, 3.0830e-02, 
 2DIAGNOSTIC,    25, -4.199794950788e-01, 8.548158320695e-05, 2.9350e+00, 3.4714e-02, 
 2DIAGNOSTIC,    26, -4.199752275470e-01, 5.658329905594e-05, 2.9663e+00, 3.1287e-02, 
 2DIAGNOSTIC,    27, -4.199640626191e-01, 3.326072032284e-05, 2.9937e+00, 2.7471e-02, 
 2DIAGNOSTIC,    28, -4.199614218444e-01, 1.486841240649e-05, 3.0231e+00, 2.9378e-02, 
 2DIAGNOSTIC,    29, -4.199616732994e-01, 2.762639244730e-06, 3.0572e+00, 3.4127e-02, 
DIAGNOSTIC,Iteration,metricValue,convergenceValue,ITERATION_TIME_INDEX,SINCE_LAST
 2DIAGNOSTIC,     1, -3.592829406725e-01, 1.797693134862e+308, 4.2008e+00, 1.1436e+00, 
 2DIAGNOSTIC,     2, -3.594162894437e-01, 1.797693134862e+308, 4.4894e+00, 2.8860e-01, 
 2DIAGNOSTIC,     3, -3.595837776013e-01, 1.797693134862e+308, 4.7474e+00, 2.5798e-01, 
 2DIAGNOSTIC,     4, -3.597598541413e-01, 1.797693134862e+308, 4.9775e+00, 2.3009e-01, 
 2DIAGNOSTIC,     5, -3.598904292396e-01, 1.797693134862e+308, 5.2089e+00, 2.3139e-01, 
 2DIAGNOSTIC,     6, -3.601952999571e-01, 1.797693134862e+308, 5.4712e+00, 2.6238e-01, 
 2DIAGNOSTIC,     7, -3.613128703901e-01, 1.797693134862e+308, 5.7356e+00, 2.6432e-01, 
 2DIAGNOSTIC,     8, -3.617437412997e-01, 1.797693134862e+308, 6.1293e+00, 3.9374e-01, 
 2DIAGNOSTIC,     9, -3.617411378367e-01, 1.797693134862e+308, 6.4363e+00, 3.0696e-01, 
 2DIAGNOSTIC,    10, -3.617387922222e-01, 5.376555372086e-04, 6.7047e+00, 2.6841e-01, 
 2DIAGNOSTIC,    11, -3.617390839782e-01, 4.791359926771e-04, 6.9944e+00, 2.8974e-01, 
 2DIAGNOSTIC,    12, -3.617376362856e-01, 3.949093702648e-04, 7.3315e+00, 3.3710e-01, 
 2DIAGNOSTIC,    13, -3.617372592982e-01, 2.977909008937e-04, 7.6366e+00, 3.0505e-01, 
 2DIAGNOSTIC,    14, -3.617369668692e-01, 1.985848032772e-04, 7.9150e+00, 2.7849e-01, 
 2DIAGNOSTIC,    15, -3.617366249753e-01, 1.021749304842e-04, 8.1649e+00, 2.4988e-01, 
 2DIAGNOSTIC,    16, -3.617356832448e-01, 2.230340877134e-05, 8.4005e+00, 2.3555e-01, 
 2DIAGNOSTIC,    17, -3.617349718603e-01, 1.129121374642e-06, 8.7053e+00, 3.0479e-01, 
 2DIAGNOSTIC,    18, -3.617335364769e-01, 1.165078685750e-06, 9.0740e+00, 3.6879e-01, 
 2DIAGNOSTIC,    19, -3.617337475215e-01, 1.157222265402e-06, 9.3923e+00, 3.1822e-01, 
 2DIAGNOSTIC,    20, -3.617332326655e-01, 1.083685442417e-06, 9.6503e+00, 2.5801e-01, 
 2DIAGNOSTIC,    21, -3.617328107607e-01, 1.061476772556e-06, 9.9510e+00, 3.0069e-01, 
 2DIAGNOSTIC,    22, -3.617329382828e-01, 1.037765751978e-06, 1.0179e+01, 2.2757e-01, 
 2DIAGNOSTIC,    23, -3.617318515279e-01, 1.004369410119e-06, 1.0421e+01, 2.4230e-01, 
DIAGNOSTIC,Iteration,metricValue,convergenceValue,ITERATION_TIME_INDEX,SINCE_LAST
 2DIAGNOSTIC,     1, -3.316060474119e-01, 1.797693134862e+308, 1.2908e+01, 2.4875e+00, 
 2DIAGNOSTIC,     2, -3.316966651978e-01, 1.797693134862e+308, 1.4236e+01, 1.3276e+00, 
 2DIAGNOSTIC,     3, -3.318893726487e-01, 1.797693134862e+308, 1.5670e+01, 1.4340e+00, 
 2DIAGNOSTIC,     4, -3.322975326566e-01, 1.797693134862e+308, 1.6975e+01, 1.3046e+00, 
 2DIAGNOSTIC,     5, -3.324140461639e-01, 1.797693134862e+308, 1.8287e+01, 1.3127e+00, 
 2DIAGNOSTIC,     6, -3.326064881642e-01, 1.797693134862e+308, 1.9772e+01, 1.4845e+00, 
 2DIAGNOSTIC,     7, -3.327252671343e-01, 1.797693134862e+308, 2.1977e+01, 2.2054e+00, 
 2DIAGNOSTIC,     8, -3.327295555265e-01, 1.797693134862e+308, 2.3433e+01, 1.4559e+00, 
 2DIAGNOSTIC,     9, -3.327472266829e-01, 1.797693134862e+308, 2.5007e+01, 1.5738e+00, 
 2DIAGNOSTIC,    10, -3.327573718545e-01, 2.503670298406e-04, 2.6584e+01, 1.5775e+00, 
 2DIAGNOSTIC,    11, -3.327610110585e-01, 1.820885710074e-04, 2.7882e+01, 1.2981e+00, 
 2DIAGNOSTIC,    12, -3.327661580616e-01, 1.158775930426e-04, 2.9468e+01, 1.5853e+00, 
 2DIAGNOSTIC,    13, -3.327764915745e-01, 6.248740848910e-05, 3.0983e+01, 1.5154e+00, 
 2DIAGNOSTIC,    14, -3.327976857167e-01, 3.751897202581e-05, 3.2884e+01, 1.9006e+00, 
 2DIAGNOSTIC,    15, -3.327989126611e-01, 1.910895678098e-05, 3.4252e+01, 1.3678e+00, 
 2DIAGNOSTIC,    16, -3.328006398289e-01, 1.166794429670e-05, 3.5617e+01, 1.3653e+00, 
 2DIAGNOSTIC,    17, -3.328038437426e-01, 1.036643098400e-05, 3.7109e+01, 1.4920e+00, 
 2DIAGNOSTIC,    18, -3.328093894685e-01, 8.861098589226e-06, 3.8684e+01, 1.5750e+00, 
 2DIAGNOSTIC,    19, -3.328097134173e-01, 7.637047320486e-06, 4.0145e+01, 1.4611e+00, 
 2DIAGNOSTIC,    20, -3.328099257269e-01, 6.429617245750e-06, 4.1444e+01, 1.2985e+00, 
 2DIAGNOSTIC,    21, -3.328109712784e-01, 5.092073488602e-06, 4.2871e+01, 1.4270e+00, 
 2DIAGNOSTIC,    22, -3.328204591175e-01, 4.105904867685e-06, 4.4791e+01, 1.9205e+00, 
 2DIAGNOSTIC,    23, -3.328218521789e-01, 3.357997268881e-06, 4.6318e+01, 1.5271e+00, 
 2DIAGNOSTIC,    24, -3.328219782715e-01, 3.250125128050e-06, 4.7748e+01, 1.4295e+00, 
 2DIAGNOSTIC,    25, -3.328227585718e-01, 3.046993942421e-06, 4.9119e+01, 1.3714e+00, 
 2DIAGNOSTIC,    26, -3.328233458810e-01, 2.766360884275e-06, 5.0426e+01, 1.3065e+00, 
 2DIAGNOSTIC,    27, -3.328239532176e-01, 2.471552076007e-06, 5.1971e+01, 1.5454e+00, 
 2DIAGNOSTIC,    28, -3.328241409244e-01, 2.249402317064e-06, 5.3302e+01, 1.3312e+00, 
 2DIAGNOSTIC,    29, -3.328257157831e-01, 1.998223001363e-06, 5.4872e+01, 1.5697e+00, 
 2DIAGNOSTIC,    30, -3.328271232098e-01, 1.726419582938e-06, 5.6351e+01, 1.4789e+00, 
 2DIAGNOSTIC,    31, -3.328270983401e-01, 1.429392593420e-06, 5.7655e+01, 1.3040e+00, 
 2DIAGNOSTIC,    32, -3.328278876077e-01, 1.387274429707e-06, 5.9149e+01, 1.4946e+00, 
 2DIAGNOSTIC,    33, -3.328285387083e-01, 1.363485007282e-06, 6.0433e+01, 1.2834e+00, 
 2DIAGNOSTIC,    34, -3.328289345855e-01, 1.315129277247e-06, 6.1939e+01, 1.5066e+00, 
 2DIAGNOSTIC,    35, -3.328290921904e-01, 1.255757909758e-06, 6.3841e+01, 1.9022e+00, 
 2DIAGNOSTIC,    36, -3.328289290904e-01, 1.177124466963e-06, 6.6567e+01, 2.7260e+00, 
 2DIAGNOSTIC,    37, -3.328289988012e-01, 1.091261167326e-06, 7.0767e+01, 4.1991e+00, 
  Elapsed time (stage 0): 7.1631e+01


Total elapsed time: 7.1634e+01
Info [verificarlo]: loaded backend libinterflop_ieee.so
Info [interflop-ieee]: load backend with:
Info [interflop-ieee]: debug = false
Info [interflop-ieee]: debug-binary = false
Info [interflop-ieee]: no-backend-name = false
Info [interflop-ieee]: print-new-line = false
Info [interflop-ieee]: print-subnormal-normalized = false
Info [interflop-ieee]: count-op = false
All_Command_lines_OK
Using double precision for computations.
=============================================================================
The composite transform comprises the following transforms (in order): 
  1. /home/mdugre/scratch/mri-registration-rp/datasets/ds004513/derivatives/mri-registration-rp/0001/antsRegistration-r8-p18/sub-s020/rigid_Composite.h5[0] (type = Euler3DTransform)
  2. /home/mdugre/scratch/mri-registration-rp/datasets/ds004513/derivatives/mri-registration-rp/0001/antsRegistration-r8-p18/sub-s020/rigid_Composite.h5[1] (type = Euler3DTransform)
  3. /home/mdugre/scratch/mri-registration-rp/datasets/ds004513/derivatives/mri-registration-rp/0001/antsRegistration-r8-p18/sub-s020/rigid_Composite.h5[2] (type = Euler3DTransform)
=============================================================================
  number of levels = 4
  fixed image: /templateflow/tpl-MNI152NLin2009cAsym/tpl-MNI152NLin2009cAsym_res-01_desc-brain_T1w.nii.gz
  moving image: /home/mdugre/scratch/mri-registration-rp/datasets/ds004513/derivatives/mri-registration-rp/antsBrainExtraction/sub-s020/BrainExtractionBrain.nii.gz
Dimension = 3
Number of stages = 1
Use histogram matching = false
Winsorize image intensities = true
  Lower quantile = 0.005
  Upper quantile = 0.995


Stage 1 State
   Image metric = MattesMI
     Fixed image = Image (0x49e97e0)
  RTTI typeinfo:   itk::Image<double, 3u>
  Reference Count: 2
  Modified Time: 1594
  Debug: Off
  Object Name: 
  Observers: 
    none
  Source: (none)
  Source output name: (none)
  Release Data: Off
  Data Released: False
  Global Release Data: Off
  PipelineMTime: 0
  UpdateMTime: 1203
  RealTimeStamp: 0 seconds 
  LargestPossibleRegion: 
    Dimension: 3
    Index: [0, 0, 0]
    Size: [193, 229, 193]
  BufferedRegion: 
    Dimension: 3
    Index: [0, 0, 0]
    Size: [193, 229, 193]
  RequestedRegion: 
    Dimension: 3
    Index: [0, 0, 0]
    Size: [193, 229, 193]
  Spacing: [1, 1, 1]
  Origin: [96, 132, -78]
  Direction: 
-1 0 0
0 -1 0
0 0 1

  IndexToPointMatrix: 
-1 0 0
0 -1 0
0 0 1

  PointToIndexMatrix: 
-1 0 0
0 -1 0
0 0 1

  Inverse Direction: 
-1 0 0
0 -1 0
0 0 1

  PixelContainer: 
    ImportImageContainer (0x4aa9a20)
      RTTI typeinfo:   itk::ImportImageContainer<unsigned long, double>
      Reference Count: 1
      Modified Time: 1200
      Debug: Off
      Object Name: 
      Observers: 
        none
      Pointer: 0x14655cd97010
      Container manages memory: true
      Size: 8530021
      Capacity: 8530021

     Moving image = Image (0x4aa4d70)
  RTTI typeinfo:   itk::Image<double, 3u>
  Reference Count: 2
  Modified Time: 1595
  Debug: Off
  Object Name: 
  Observers: 
    none
  Source: (none)
  Source output name: (none)
  Release Data: Off
  Data Released: False
  Global Release Data: Off
  PipelineMTime: 0
  UpdateMTime: 1592
  RealTimeStamp: 0 seconds 
  LargestPossibleRegion: 
    Dimension: 3
    Index: [0, 0, 0]
    Size: [160, 240, 256]
  BufferedRegion: 
    Dimension: 3
    Index: [0, 0, 0]
    Size: [160, 240, 256]
  RequestedRegion: 
    Dimension: 3
    Index: [0, 0, 0]
    Size: [160, 240, 256]
  Spacing: [0.999995, 1, 1]
  Origin: [87.0906, 98.7205, -152.377]
  Direction: 
-0.996975 0.0261379 -0.0731913
-0.0260677 -0.999658 -0.00191374
-0.0732163 -2.46403e-08 0.997316

  IndexToPointMatrix: 
-0.996971 0.0261379 -0.0731913
-0.0260676 -0.999658 -0.00191374
-0.0732159 -2.46403e-08 0.997316

  PointToIndexMatrix: 
-0.99698 -0.0260679 -0.0732166
0.0261379 -0.999658 -2.46993e-08
-0.0731913 -0.00191374 0.997316

  Inverse Direction: 
-0.996975 -0.0260677 -0.0732163
0.0261379 -0.999658 -2.46993e-08
-0.0731913 -0.00191374 0.997316

  PixelContainer: 
    ImportImageContainer (0x4a5cc90)
      RTTI typeinfo:   itk::ImportImageContainer<unsigned long, double>
      Reference Count: 1
      Modified Time: 1589
      Debug: Off
      Object Name: 
      Observers: 
        none
      Pointer: 0x146558296010
      Container manages memory: true
      Size: 9830400
      Capacity: 9830400

     Weighting = 1
     Sampling strategy = regular
     Number of bins = 32
     Radius = 4
     Sampling percentage  = 0.25
   Transform = Affine
     Gradient step = 0.1
     Update field sigma (voxel space) = 0
     Total field sigma (voxel space) = 0
     Update field time sigma = 0
     Total field time sigma  = 0
     Number of time indices = 0
     Number of time point samples = 0
Registration using 1 total stages.

Stage 0
  iterations = 1000x500x250x100
  convergence threshold = 1e-06
  convergence window size = 10
  number of levels = 4
  using the Mattes MI metric (number of bins = 32, weight = 1, use gradient filter = 0)
  preprocessing:  winsorizing the image intensities
  Shrink factors (level 1 out of 4): [8, 8, 8]
  Shrink factors (level 2 out of 4): [4, 4, 4]
  Shrink factors (level 3 out of 4): [2, 2, 2]
  Shrink factors (level 4 out of 4): [1, 1, 1]
  smoothing sigmas per level: [3, 2, 1, 0]
  regular sampling (percentage = 0.25)

*** Running AffineTransform registration ***

DIAGNOSTIC,Iteration,metricValue,convergenceValue,ITERATION_TIME_INDEX,SINCE_LAST
 2DIAGNOSTIC,     1, -5.143816257688e-01, 1.797693134862e+308, 6.9708e-01, 6.9708e-01, 
 2DIAGNOSTIC,     2, -5.161755814390e-01, 1.797693134862e+308, 7.0158e-01, 4.5021e-03, 
 2DIAGNOSTIC,     3, -5.191705795974e-01, 1.797693134862e+308, 7.0610e-01, 4.5140e-03, 
 2DIAGNOSTIC,     4, -5.241089088521e-01, 1.797693134862e+308, 7.1043e-01, 4.3340e-03, 
 2DIAGNOSTIC,     5, -5.335442633375e-01, 1.797693134862e+308, 7.1484e-01, 4.4060e-03, 
 2DIAGNOSTIC,     6, -5.539714284761e-01, 1.797693134862e+308, 7.1929e-01, 4.4539e-03, 
 2DIAGNOSTIC,     7, -5.859808576869e-01, 1.797693134862e+308, 7.2448e-01, 5.1851e-03, 
 2DIAGNOSTIC,     8, -7.121043505506e-01, 1.797693134862e+308, 7.3042e-01, 5.9428e-03, 
 2DIAGNOSTIC,     9, -7.264718295466e-01, 1.797693134862e+308, 7.3522e-01, 4.7979e-03, 
 2DIAGNOSTIC,    10, -7.441406580376e-01, 2.785873126763e-02, 7.4117e-01, 5.9521e-03, 
 2DIAGNOSTIC,    11, -7.597471473190e-01, 2.850259784817e-02, 7.4992e-01, 8.7509e-03, 
 2DIAGNOSTIC,    12, -7.614945870916e-01, 2.660388949519e-02, 7.5507e-01, 5.1529e-03, 
 2DIAGNOSTIC,    13, -7.715423355033e-01, 2.306536872120e-02, 7.6015e-01, 5.0781e-03, 
 2DIAGNOSTIC,    14, -7.876834436530e-01, 1.869469002092e-02, 7.6516e-01, 5.0061e-03, 
 2DIAGNOSTIC,    15, -8.097564187939e-01, 1.426005565586e-02, 7.7017e-01, 5.0101e-03, 
 2DIAGNOSTIC,    16, -8.270229247278e-01, 1.020997225665e-02, 7.7535e-01, 5.1820e-03, 
 2DIAGNOSTIC,    17, -8.350979482670e-01, 6.724928517648e-03, 7.8046e-01, 5.1081e-03, 
 2DIAGNOSTIC,    18, -8.450911405054e-01, 6.238681666048e-03, 7.8602e-01, 5.5630e-03, 
 2DIAGNOSTIC,    19, -8.512104850245e-01, 5.670579687242e-03, 7.9319e-01, 7.1700e-03, 
 2DIAGNOSTIC,    20, -8.515600856366e-01, 5.001616263532e-03, 7.9870e-01, 5.5079e-03, 
 2DIAGNOSTIC,    21, -8.515101240034e-01, 4.248243644328e-03, 8.0365e-01, 4.9498e-03, 
 2DIAGNOSTIC,    22, -8.516372258000e-01, 3.219774019916e-03, 8.0854e-01, 4.8931e-03, 
 2DIAGNOSTIC,    23, -8.529123644055e-01, 2.189858424331e-03, 8.1344e-01, 4.8940e-03, 
 2DIAGNOSTIC,    24, -8.544735326932e-01, 1.337811792217e-03, 8.1855e-01, 5.1100e-03, 
 2DIAGNOSTIC,    25, -8.561597833148e-01, 8.052513877586e-04, 8.2509e-01, 6.5420e-03, 
 2DIAGNOSTIC,    26, -8.557922915112e-01, 4.956589798762e-04, 8.3065e-01, 5.5659e-03, 
 2DIAGNOSTIC,    27, -8.558685306671e-01, 2.798179638632e-04, 8.3554e-01, 4.8869e-03, 
 2DIAGNOSTIC,    28, -8.570607992099e-01, 2.054780460798e-04, 8.4094e-01, 5.3968e-03, 
 2DIAGNOSTIC,    29, -8.577813749967e-01, 2.061895055643e-04, 8.4913e-01, 8.1911e-03, 
 2DIAGNOSTIC,    30, -8.576488736520e-01, 1.901180282736e-04, 8.5413e-01, 4.9999e-03, 
 2DIAGNOSTIC,    31, -8.576617361783e-01, 1.578031683636e-04, 8.5912e-01, 4.9882e-03, 
 2DIAGNOSTIC,    32, -8.576777909351e-01, 1.148405065145e-04, 8.6455e-01, 5.4331e-03, 
 2DIAGNOSTIC,    33, -8.575539408989e-01, 7.643934387776e-05, 8.6996e-01, 5.4121e-03, 
 2DIAGNOSTIC,    34, -8.571539323182e-01, 4.543399997285e-05, 8.7545e-01, 5.4879e-03, 
 2DIAGNOSTIC,    35, -8.570260943781e-01, 2.911817646261e-05, 8.8087e-01, 5.4159e-03, 
 2DIAGNOSTIC,    36, -8.568988792666e-01, 6.291049764198e-06, 8.8659e-01, 5.7230e-03, 
DIAGNOSTIC,Iteration,metricValue,convergenceValue,ITERATION_TIME_INDEX,SINCE_LAST
 2DIAGNOSTIC,     1, -7.172538807363e-01, 1.797693134862e+308, 1.5717e+00, 6.8506e-01, 
 2DIAGNOSTIC,     2, -7.178647744086e-01, 1.797693134862e+308, 1.6077e+00, 3.6073e-02, 
 2DIAGNOSTIC,     3, -7.181604845636e-01, 1.797693134862e+308, 1.6441e+00, 3.6376e-02, 
 2DIAGNOSTIC,     4, -7.181301190407e-01, 1.797693134862e+308, 1.6967e+00, 5.2564e-02, 
 2DIAGNOSTIC,     5, -7.181323778151e-01, 1.797693134862e+308, 1.7559e+00, 5.9252e-02, 
 2DIAGNOSTIC,     6, -7.181275189799e-01, 1.797693134862e+308, 1.7987e+00, 4.2813e-02, 
 2DIAGNOSTIC,     7, -7.181109708891e-01, 1.797693134862e+308, 1.8413e+00, 4.2599e-02, 
 2DIAGNOSTIC,     8, -7.180961788226e-01, 1.797693134862e+308, 1.8829e+00, 4.1560e-02, 
 2DIAGNOSTIC,     9, -7.180772140705e-01, 1.797693134862e+308, 1.9201e+00, 3.7201e-02, 
 2DIAGNOSTIC,    10, -7.180632228667e-01, 4.039033333213e-05, 1.9569e+00, 3.6784e-02, 
 2DIAGNOSTIC,    11, -7.180839329340e-01, 5.677913366323e-06, 1.9975e+00, 4.0587e-02, 
DIAGNOSTIC,Iteration,metricValue,convergenceValue,ITERATION_TIME_INDEX,SINCE_LAST
 2DIAGNOSTIC,     1, -5.955457435207e-01, 1.797693134862e+308, 3.1379e+00, 1.1405e+00, 
 2DIAGNOSTIC,     2, -5.958841430582e-01, 1.797693134862e+308, 3.4611e+00, 3.2315e-01, 
 2DIAGNOSTIC,     3, -5.961540786493e-01, 1.797693134862e+308, 3.7512e+00, 2.9009e-01, 
 2DIAGNOSTIC,     4, -5.964513957283e-01, 1.797693134862e+308, 4.1017e+00, 3.5055e-01, 
 2DIAGNOSTIC,     5, -5.970168587115e-01, 1.797693134862e+308, 4.4446e+00, 3.4287e-01, 
 2DIAGNOSTIC,     6, -5.971706446099e-01, 1.797693134862e+308, 4.9394e+00, 4.9478e-01, 
