
##########################
# Experiment information #
##########################

EXPERIMENT_NAME: antsRegistration-r7-p22
VFC_BACKENDS: libinterflop_vprec.so --range-binary32=7 --precision-binary32=22 --range-binary64=7 --precision-binary64=22

SIF_IMG: /home/mdugre/projects/rrg-glatard/mdugre/containers/ants-vprec-no_metrics.simg

SUBJECT_ID: s037
INPUT_IMG: /home/mdugre/scratch/mri-registration-rp/datasets/ds004513/derivatives/mri-registration-rp/antsBrainExtraction/sub-s037/BrainExtractionBrain.nii.gz
OUTPUT_DIR: /home/mdugre/scratch/mri-registration-rp/datasets/ds004513/derivatives/mri-registration-rp/0001/antsRegistration-r7-p22/sub-s037

FIXED_IMG: /templateflow/tpl-MNI152NLin2009cAsym/tpl-MNI152NLin2009cAsym_res-01_desc-brain_T1w.nii.gz
DATA_DIR: /home/mdugre/scratch/mri-registration-rp/datasets/ds004513
TEMPLATEFLOW_DIR: /home/mdugre/projects/rrg-glatard/mdugre/templateflow
ITK_GLOBAL_DEFAULT_NUMBER_OF_THREADS: 16
##########################

Info [verificarlo]: loaded backend libinterflop_ieee.so
Info [interflop-ieee]: load backend with:
Info [interflop-ieee]: debug = false
Info [interflop-ieee]: debug-binary = false
Info [interflop-ieee]: no-backend-name = false
Info [interflop-ieee]: print-new-line = false
Info [interflop-ieee]: print-subnormal-normalized = false
Info [interflop-ieee]: count-op = false
All_Command_lines_OK
Using double precision for computations.
=============================================================================
The composite transform comprises the following transforms (in order): 
  1. Center of mass alignment using fixed image: /templateflow/tpl-MNI152NLin2009cAsym/tpl-MNI152NLin2009cAsym_res-01_desc-brain_T1w.nii.gz and moving image: /home/mdugre/scratch/mri-registration-rp/datasets/ds004513/derivatives/mri-registration-rp/antsBrainExtraction/sub-s037/BrainExtractionBrain.nii.gz (type = Euler3DTransform)
=============================================================================
  number of levels = 1
  fixed image: /templateflow/tpl-MNI152NLin2009cAsym/tpl-MNI152NLin2009cAsym_res-01_desc-brain_T1w.nii.gz
  moving image: /home/mdugre/scratch/mri-registration-rp/datasets/ds004513/derivatives/mri-registration-rp/antsBrainExtraction/sub-s037/BrainExtractionBrain.nii.gz
Dimension = 3
Number of stages = 1
Use histogram matching = false
Winsorize image intensities = true
  Lower quantile = 0.005
  Upper quantile = 0.995


Stage 1 State
   Image metric = MattesMI
     Fixed image = Image (0x37f7e70)
  RTTI typeinfo:   itk::Image<double, 3u>
  Reference Count: 2
  Modified Time: 2330
  Debug: Off
  Object Name: 
  Observers: 
    none
  Source: (none)
  Source output name: (none)
  Release Data: Off
  Data Released: False
  Global Release Data: Off
  PipelineMTime: 0
  UpdateMTime: 1941
  RealTimeStamp: 0 seconds 
  LargestPossibleRegion: 
    Dimension: 3
    Index: [0, 0, 0]
    Size: [193, 229, 193]
  BufferedRegion: 
    Dimension: 3
    Index: [0, 0, 0]
    Size: [193, 229, 193]
  RequestedRegion: 
    Dimension: 3
    Index: [0, 0, 0]
    Size: [193, 229, 193]
  Spacing: [1, 1, 1]
  Origin: [96, 132, -78]
  Direction: 
-1 0 0
0 -1 0
0 0 1

  IndexToPointMatrix: 
-1 0 0
0 -1 0
0 0 1

  PointToIndexMatrix: 
-1 0 0
0 -1 0
0 0 1

  Inverse Direction: 
-1 0 0
0 -1 0
0 0 1

  PixelContainer: 
    ImportImageContainer (0x3800c60)
      RTTI typeinfo:   itk::ImportImageContainer<unsigned long, double>
      Reference Count: 1
      Modified Time: 1938
      Debug: Off
      Object Name: 
      Observers: 
        none
      Pointer: 0x1536bfc1a010
      Container manages memory: true
      Size: 8530021
      Capacity: 8530021

     Moving image = Image (0x3894ec0)
  RTTI typeinfo:   itk::Image<double, 3u>
  Reference Count: 2
  Modified Time: 2331
  Debug: Off
  Object Name: 
  Observers: 
    none
  Source: (none)
  Source output name: (none)
  Release Data: Off
  Data Released: False
  Global Release Data: Off
  PipelineMTime: 0
  UpdateMTime: 2328
  RealTimeStamp: 0 seconds 
  LargestPossibleRegion: 
    Dimension: 3
    Index: [0, 0, 0]
    Size: [160, 240, 256]
  BufferedRegion: 
    Dimension: 3
    Index: [0, 0, 0]
    Size: [160, 240, 256]
  RequestedRegion: 
    Dimension: 3
    Index: [0, 0, 0]
    Size: [160, 240, 256]
  Spacing: [1, 1, 1]
  Origin: [87.9508, 102.562, -147.639]
  Direction: 
-0.998659 -0.0436121 -0.0279129
0.043595 -0.999049 0.00121847
-0.0279395 -2.65543e-08 0.99961

  IndexToPointMatrix: 
-0.998659 -0.0436121 -0.0279129
0.043595 -0.999049 0.00121847
-0.0279395 -2.65543e-08 0.99961

  PointToIndexMatrix: 
-0.998659 0.043595 -0.0279395
-0.0436121 -0.999049 -2.65517e-08
-0.0279129 0.00121847 0.99961

  Inverse Direction: 
-0.998659 0.043595 -0.0279395
-0.0436121 -0.999049 -2.65517e-08
-0.0279129 0.00121847 0.99961

  PixelContainer: 
    ImportImageContainer (0x392c610)
      RTTI typeinfo:   itk::ImportImageContainer<unsigned long, double>
      Reference Count: 1
      Modified Time: 2325
      Debug: Off
      Object Name: 
      Observers: 
        none
      Pointer: 0x1536bb119010
      Container manages memory: true
      Size: 9830400
      Capacity: 9830400

     Weighting = 1
     Sampling strategy = regular
     Number of bins = 32
     Radius = 4
     Sampling percentage  = 0.25
   Transform = Rigid
     Gradient step = 0.1
     Update field sigma (voxel space) = 0
     Total field sigma (voxel space) = 0
     Update field time sigma = 0
     Total field time sigma  = 0
     Number of time indices = 0
     Number of time point samples = 0
Registration using 1 total stages.

Stage 0
  iterations = 0
  convergence threshold = 1e-06
  convergence window size = 10
  number of levels = 1
  using the Mattes MI metric (number of bins = 32, weight = 1, use gradient filter = 0)
  preprocessing:  winsorizing the image intensities
  Shrink factors (level 1 out of 1): [1, 1, 1]
  smoothing sigmas per level: [0]
  regular sampling (percentage = 0.25)

*** Running Euler3DTransform registration ***

  Elapsed time (stage 0): 1.10421


Total elapsed time: 1.10625
Info [verificarlo]: loaded backend libinterflop_ieee.so
Info [interflop-ieee]: load backend with:
Info [interflop-ieee]: debug = false
Info [interflop-ieee]: debug-binary = false
Info [interflop-ieee]: no-backend-name = false
Info [interflop-ieee]: print-new-line = false
Info [interflop-ieee]: print-subnormal-normalized = false
Info [interflop-ieee]: count-op = false
All_Command_lines_OK
Using double precision for computations.
=============================================================================
The composite transform comprises the following transforms (in order): 
  1. /home/mdugre/scratch/mri-registration-rp/datasets/ds004513/derivatives/mri-registration-rp/0001/antsRegistration-r7-p22/sub-s037/align_Composite.h5[0] (type = Euler3DTransform)
  2. /home/mdugre/scratch/mri-registration-rp/datasets/ds004513/derivatives/mri-registration-rp/0001/antsRegistration-r7-p22/sub-s037/align_Composite.h5[1] (type = Euler3DTransform)
=============================================================================
  number of levels = 4
  fixed image: /templateflow/tpl-MNI152NLin2009cAsym/tpl-MNI152NLin2009cAsym_res-01_desc-brain_T1w.nii.gz
  moving image: /home/mdugre/scratch/mri-registration-rp/datasets/ds004513/derivatives/mri-registration-rp/antsBrainExtraction/sub-s037/BrainExtractionBrain.nii.gz
Dimension = 3
Number of stages = 1
Use histogram matching = false
Winsorize image intensities = true
  Lower quantile = 0.005
  Upper quantile = 0.995


Stage 1 State
   Image metric = MattesMI
     Fixed image = Image (0x472c530)
  RTTI typeinfo:   itk::Image<double, 3u>
  Reference Count: 2
  Modified Time: 1578
  Debug: Off
  Object Name: 
  Observers: 
    none
  Source: (none)
  Source output name: (none)
  Release Data: Off
  Data Released: False
  Global Release Data: Off
  PipelineMTime: 0
  UpdateMTime: 1189
  RealTimeStamp: 0 seconds 
  LargestPossibleRegion: 
    Dimension: 3
    Index: [0, 0, 0]
    Size: [193, 229, 193]
  BufferedRegion: 
    Dimension: 3
    Index: [0, 0, 0]
    Size: [193, 229, 193]
  RequestedRegion: 
    Dimension: 3
    Index: [0, 0, 0]
    Size: [193, 229, 193]
  Spacing: [1, 1, 1]
  Origin: [96, 132, -78]
  Direction: 
-1 0 0
0 -1 0
0 0 1

  IndexToPointMatrix: 
-1 0 0
0 -1 0
0 0 1

  PointToIndexMatrix: 
-1 0 0
0 -1 0
0 0 1

  Inverse Direction: 
-1 0 0
0 -1 0
0 0 1

  PixelContainer: 
    ImportImageContainer (0x47ead60)
      RTTI typeinfo:   itk::ImportImageContainer<unsigned long, double>
      Reference Count: 1
      Modified Time: 1186
      Debug: Off
      Object Name: 
      Observers: 
        none
      Pointer: 0x14fa23f10010
      Container manages memory: true
      Size: 8530021
      Capacity: 8530021

     Moving image = Image (0x47dcf60)
  RTTI typeinfo:   itk::Image<double, 3u>
  Reference Count: 2
  Modified Time: 1579
  Debug: Off
  Object Name: 
  Observers: 
    none
  Source: (none)
  Source output name: (none)
  Release Data: Off
  Data Released: False
  Global Release Data: Off
  PipelineMTime: 0
  UpdateMTime: 1576
  RealTimeStamp: 0 seconds 
  LargestPossibleRegion: 
    Dimension: 3
    Index: [0, 0, 0]
    Size: [160, 240, 256]
  BufferedRegion: 
    Dimension: 3
    Index: [0, 0, 0]
    Size: [160, 240, 256]
  RequestedRegion: 
    Dimension: 3
    Index: [0, 0, 0]
    Size: [160, 240, 256]
  Spacing: [1, 1, 1]
  Origin: [87.9508, 102.562, -147.639]
  Direction: 
-0.998659 -0.0436121 -0.0279129
0.043595 -0.999049 0.00121847
-0.0279395 -2.65543e-08 0.99961

  IndexToPointMatrix: 
-0.998659 -0.0436121 -0.0279129
0.043595 -0.999049 0.00121847
-0.0279395 -2.65543e-08 0.99961

  PointToIndexMatrix: 
-0.998659 0.043595 -0.0279395
-0.0436121 -0.999049 -2.65517e-08
-0.0279129 0.00121847 0.99961

  Inverse Direction: 
-0.998659 0.043595 -0.0279395
-0.0436121 -0.999049 -2.65517e-08
-0.0279129 0.00121847 0.99961

  PixelContainer: 
    ImportImageContainer (0x47ce6d0)
      RTTI typeinfo:   itk::ImportImageContainer<unsigned long, double>
      Reference Count: 1
      Modified Time: 1573
      Debug: Off
      Object Name: 
      Observers: 
        none
      Pointer: 0x14fa1f40f010
      Container manages memory: true
      Size: 9830400
      Capacity: 9830400

     Weighting = 1
     Sampling strategy = regular
     Number of bins = 32
     Radius = 4
     Sampling percentage  = 0.25
   Transform = Rigid
     Gradient step = 0.1
     Update field sigma (voxel space) = 0
     Total field sigma (voxel space) = 0
     Update field time sigma = 0
     Total field time sigma  = 0
     Number of time indices = 0
     Number of time point samples = 0
Registration using 1 total stages.

Stage 0
  iterations = 1000x500x250x100
  convergence threshold = 1e-06
  convergence window size = 10
  number of levels = 4
  using the Mattes MI metric (number of bins = 32, weight = 1, use gradient filter = 0)
  preprocessing:  winsorizing the image intensities
  Shrink factors (level 1 out of 4): [8, 8, 8]
  Shrink factors (level 2 out of 4): [4, 4, 4]
  Shrink factors (level 3 out of 4): [2, 2, 2]
  Shrink factors (level 4 out of 4): [1, 1, 1]
  smoothing sigmas per level: [3, 2, 1, 0]
  regular sampling (percentage = 0.25)

*** Running Euler3DTransform registration ***

DIAGNOSTIC,Iteration,metricValue,convergenceValue,ITERATION_TIME_INDEX,SINCE_LAST
 2DIAGNOSTIC,     1, -4.299060189477e-01, 1.797693134862e+308, 6.4637e-01, 6.4637e-01, 
 2DIAGNOSTIC,     2, -4.311703807429e-01, 1.797693134862e+308, 6.5069e-01, 4.3161e-03, 
 2DIAGNOSTIC,     3, -4.334997061176e-01, 1.797693134862e+308, 6.5514e-01, 4.4451e-03, 
 2DIAGNOSTIC,     4, -4.389575130370e-01, 1.797693134862e+308, 6.5952e-01, 4.3800e-03, 
 2DIAGNOSTIC,     5, -4.438813134482e-01, 1.797693134862e+308, 6.6427e-01, 4.7581e-03, 
 2DIAGNOSTIC,     6, -4.461495460377e-01, 1.797693134862e+308, 6.6865e-01, 4.3800e-03, 
 2DIAGNOSTIC,     7, -4.511407144429e-01, 1.797693134862e+308, 6.7397e-01, 5.3182e-03, 
 2DIAGNOSTIC,     8, -4.667812032718e-01, 1.797693134862e+308, 6.7920e-01, 5.2240e-03, 
 2DIAGNOSTIC,     9, -4.753090114372e-01, 1.797693134862e+308, 6.8429e-01, 5.0931e-03, 
 2DIAGNOSTIC,    10, -4.802481719655e-01, 7.481707542057e-03, 6.9075e-01, 6.4571e-03, 
 2DIAGNOSTIC,    11, -4.821261368877e-01, 7.356704266140e-03, 6.9520e-01, 4.4529e-03, 
 2DIAGNOSTIC,    12, -4.837491005317e-01, 6.749992380108e-03, 7.0104e-01, 5.8401e-03, 
 2DIAGNOSTIC,    13, -5.028244927621e-01, 6.622215038795e-03, 7.0854e-01, 7.4990e-03, 
 2DIAGNOSTIC,    14, -5.042109134414e-01, 6.183615245772e-03, 7.1343e-01, 4.8940e-03, 
 2DIAGNOSTIC,    15, -5.066116081883e-01, 5.558135432505e-03, 7.1836e-01, 4.9250e-03, 
 2DIAGNOSTIC,    16, -5.083451635964e-01, 4.676295421851e-03, 7.2288e-01, 4.5261e-03, 
 2DIAGNOSTIC,    17, -5.184993492514e-01, 3.998770500486e-03, 7.2998e-01, 7.0961e-03, 
 2DIAGNOSTIC,    18, -5.256348856022e-01, 3.769024583799e-03, 7.3487e-01, 4.8862e-03, 
 2DIAGNOSTIC,    19, -5.260487279879e-01, 3.491513212162e-03, 7.3970e-01, 4.8330e-03, 
 2DIAGNOSTIC,    20, -5.292109541987e-01, 3.174906851508e-03, 7.4455e-01, 4.8480e-03, 
 2DIAGNOSTIC,    21, -5.301818242239e-01, 2.681599995385e-03, 7.4878e-01, 4.2360e-03, 
 2DIAGNOSTIC,    22, -5.312241339919e-01, 2.041188702851e-03, 7.5389e-01, 5.1050e-03, 
 2DIAGNOSTIC,    23, -5.321371293577e-01, 1.776978955989e-03, 7.6061e-01, 6.7232e-03, 
 2DIAGNOSTIC,    24, -5.330747169760e-01, 1.429097687564e-03, 7.6598e-01, 5.3701e-03, 
 2DIAGNOSTIC,    25, -5.340979398121e-01, 1.060387105103e-03, 7.7082e-01, 4.8430e-03, 
 2DIAGNOSTIC,    26, -5.353301693059e-01, 6.839342277349e-04, 7.7682e-01, 5.9988e-03, 
 2DIAGNOSTIC,    27, -5.359877728864e-01, 5.005574821566e-04, 7.8147e-01, 4.6420e-03, 
 2DIAGNOSTIC,    28, -5.363338774287e-01, 4.385706153822e-04, 7.8633e-01, 4.8659e-03, 
 2DIAGNOSTIC,    29, -5.373050628120e-01, 3.660291199482e-04, 7.9141e-01, 5.0800e-03, 
 2DIAGNOSTIC,    30, -5.398201314278e-01, 3.715995871363e-04, 7.9652e-01, 5.1079e-03, 
 2DIAGNOSTIC,    31, -5.446422107700e-01, 4.465290221224e-04, 8.0753e-01, 1.1015e-02, 
 2DIAGNOSTIC,    32, -5.446646714003e-01, 4.912682353547e-04, 8.1251e-01, 4.9720e-03, 
 2DIAGNOSTIC,    33, -5.447647990006e-01, 5.056529347259e-04, 8.1688e-01, 4.3731e-03, 
 2DIAGNOSTIC,    34, -5.449311847920e-01, 4.904181812582e-04, 8.2139e-01, 4.5090e-03, 
 2DIAGNOSTIC,    35, -5.452045896132e-01, 4.491619274114e-04, 8.2608e-01, 4.6968e-03, 
 2DIAGNOSTIC,    36, -5.456974762675e-01, 3.933153196564e-04, 8.3023e-01, 4.1420e-03, 
 2DIAGNOSTIC,    37, -5.462998561209e-01, 3.227910333103e-04, 8.3452e-01, 4.2980e-03, 
 2DIAGNOSTIC,    38, -5.470544374671e-01, 2.429332500142e-04, 8.3894e-01, 4.4150e-03, 
 2DIAGNOSTIC,    39, -5.483333791522e-01, 1.763330861526e-04, 8.4368e-01, 4.7362e-03, 
 2DIAGNOSTIC,    40, -5.485725978011e-01, 1.327580324548e-04, 8.4807e-01, 4.3931e-03, 
 2DIAGNOSTIC,    41, -5.488485831285e-01, 1.482689506521e-04, 8.5358e-01, 5.5120e-03, 
 2DIAGNOSTIC,    42, -5.491459290384e-01, 1.532225546515e-04, 8.5836e-01, 4.7801e-03, 
 2DIAGNOSTIC,    43, -5.502486337092e-01, 1.587096659970e-04, 8.6356e-01, 5.2018e-03, 
 2DIAGNOSTIC,    44, -5.634809400791e-01, 3.167364578077e-04, 8.6976e-01, 6.2020e-03, 
 2DIAGNOSTIC,    45, -5.665246014422e-01, 4.730801894107e-04, 8.7477e-01, 5.0030e-03, 
 2DIAGNOSTIC,    46, -5.687132807945e-01, 6.100700394851e-04, 8.8053e-01, 5.7659e-03, 
 2DIAGNOSTIC,    47, -5.691575757576e-01, 6.967417941409e-04, 8.8598e-01, 5.4479e-03, 
 2DIAGNOSTIC,    48, -5.694209802921e-01, 7.241419784415e-04, 8.9040e-01, 4.4210e-03, 
 2DIAGNOSTIC,    49, -5.697318902422e-01, 6.966096668015e-04, 8.9532e-01, 4.9150e-03, 
 2DIAGNOSTIC,    50, -5.705165659934e-01, 6.138429505955e-04, 9.0019e-01, 4.8699e-03, 
 2DIAGNOSTIC,    51, -5.708542276560e-01, 4.841635284408e-04, 9.0432e-01, 4.1349e-03, 
 2DIAGNOSTIC,    52, -5.718247631868e-01, 3.286290302299e-04, 9.1141e-01, 7.0899e-03, 
 2DIAGNOSTIC,    53, -5.722649879014e-01, 1.605680436645e-04, 9.1611e-01, 4.6980e-03, 
 2DIAGNOSTIC,    54, -5.725249553421e-01, 1.188772320106e-04, 9.2125e-01, 5.1360e-03, 
 2DIAGNOSTIC,    55, -5.724877922824e-01, 9.655314847392e-05, 9.2631e-01, 5.0671e-03, 
 2DIAGNOSTIC,    56, -5.725789223514e-01, 8.784695267491e-05, 9.3079e-01, 4.4801e-03, 
 2DIAGNOSTIC,    57, -5.729594937476e-01, 7.882491897575e-05, 9.3573e-01, 4.9400e-03, 
 2DIAGNOSTIC,    58, -5.737761007425e-01, 7.251159761517e-05, 9.4148e-01, 5.7480e-03, 
 2DIAGNOSTIC,    59, -5.745705670672e-01, 6.936785250060e-05, 9.4753e-01, 6.0532e-03, 
 2DIAGNOSTIC,    60, -5.751351761457e-01, 7.182692442987e-05, 9.5201e-01, 4.4768e-03, 
 2DIAGNOSTIC,    61, -5.758209248839e-01, 7.622419494080e-05, 9.5610e-01, 4.0889e-03, 
 2DIAGNOSTIC,    62, -5.777817143442e-01, 9.834430662173e-05, 9.6201e-01, 5.9121e-03, 
 2DIAGNOSTIC,    63, -5.792081089422e-01, 1.256057385886e-04, 9.6669e-01, 4.6761e-03, 
 2DIAGNOSTIC,    64, -5.799865177393e-01, 1.484418742957e-04, 9.7263e-01, 5.9390e-03, 
 2DIAGNOSTIC,    65, -5.802538900006e-01, 1.583983003413e-04, 9.7797e-01, 5.3442e-03, 
 2DIAGNOSTIC,    66, -5.803247704572e-01, 1.542738843538e-04, 9.8288e-01, 4.9050e-03, 
 2DIAGNOSTIC,    67, -5.808954791253e-01, 1.427855768305e-04, 9.8718e-01, 4.3008e-03, 
 2DIAGNOSTIC,    68, -5.833135958868e-01, 1.428378458668e-04, 9.9252e-01, 5.3411e-03, 
 2DIAGNOSTIC,    69, -5.840398753811e-01, 1.404405764009e-04, 9.9825e-01, 5.7330e-03, 
 2DIAGNOSTIC,    70, -5.847589609570e-01, 1.346372982311e-04, 1.0036e+00, 5.3020e-03, 
 2DIAGNOSTIC,    71, -5.850161140473e-01, 1.230950406567e-04, 1.0103e+00, 6.7339e-03, 
 2DIAGNOSTIC,    72, -5.856800910706e-01, 1.191108380778e-04, 1.0160e+00, 5.7211e-03, 
 2DIAGNOSTIC,    73, -5.855841879123e-01, 1.129447126384e-04, 1.0214e+00, 5.4169e-03, 
 2DIAGNOSTIC,    74, -5.861464388172e-01, 1.056221489928e-04, 1.0278e+00, 6.3970e-03, 
 2DIAGNOSTIC,    75, -5.863521151394e-01, 9.185042302676e-05, 1.0327e+00, 4.8852e-03, 
 2DIAGNOSTIC,    76, -5.863203840617e-01, 7.003108767282e-05, 1.0373e+00, 4.5509e-03, 
 2DIAGNOSTIC,    77, -5.864050362638e-01, 4.625944194978e-05, 1.0418e+00, 4.5631e-03, 
 2DIAGNOSTIC,    78, -5.865546796489e-01, 3.593622392100e-05, 1.0473e+00, 5.4629e-03, 
 2DIAGNOSTIC,    79, -5.867094614639e-01, 2.818323859161e-05, 1.0606e+00, 1.3356e-02, 
 2DIAGNOSTIC,    80, -5.867094570890e-01, 2.261996797292e-05, 1.0647e+00, 4.0860e-03, 
 2DIAGNOSTIC,    81, -5.867094723558e-01, 1.667759343023e-05, 1.0693e+00, 4.5650e-03, 
 2DIAGNOSTIC,    82, -5.867094981661e-01, 1.364161830521e-05, 1.0735e+00, 4.2310e-03, 
 2DIAGNOSTIC,    83, -5.867095417921e-01, 8.694114281048e-06, 1.0785e+00, 4.9689e-03, 
 2DIAGNOSTIC,    84, -5.867096155099e-01, 6.516293946379e-06, 1.0827e+00, 4.1609e-03, 
 2DIAGNOSTIC,    85, -5.867097400138e-01, 5.088951973275e-06, 1.0870e+00, 4.3819e-03, 
 2DIAGNOSTIC,    86, -5.867099501146e-01, 3.065257187450e-06, 1.0925e+00, 5.4290e-03, 
 2DIAGNOSTIC,    87, -5.867103041562e-01, 1.327708655898e-06, 1.0967e+00, 4.2241e-03, 
DIAGNOSTIC,Iteration,metricValue,convergenceValue,ITERATION_TIME_INDEX,SINCE_LAST
 2DIAGNOSTIC,     1, -4.723317579282e-01, 1.797693134862e+308, 1.7703e+00, 6.7364e-01, 
 2DIAGNOSTIC,     2, -4.730332710349e-01, 1.797693134862e+308, 1.7994e+00, 2.9094e-02, 
 2DIAGNOSTIC,     3, -4.739809595896e-01, 1.797693134862e+308, 1.8279e+00, 2.8450e-02, 
 2DIAGNOSTIC,     4, -4.750706523904e-01, 1.797693134862e+308, 1.8554e+00, 2.7554e-02, 
 2DIAGNOSTIC,     5, -4.784898694200e-01, 1.797693134862e+308, 1.8838e+00, 2.8385e-02, 
 2DIAGNOSTIC,     6, -4.808473976724e-01, 1.797693134862e+308, 1.9130e+00, 2.9154e-02, 
 2DIAGNOSTIC,     7, -4.823127924334e-01, 1.797693134862e+308, 1.9989e+00, 8.5906e-02, 
 2DIAGNOSTIC,     8, -4.823200691891e-01, 1.797693134862e+308, 2.0269e+00, 2.7999e-02, 
 2DIAGNOSTIC,     9, -4.823140505107e-01, 1.797693134862e+308, 2.0550e+00, 2.8124e-02, 
 2DIAGNOSTIC,    10, -4.823165003476e-01, 1.650199099911e-03, 2.0834e+00, 2.8440e-02, 
 2DIAGNOSTIC,    11, -4.823205960667e-01, 1.281383775456e-03, 2.1100e+00, 2.6556e-02, 
 2DIAGNOSTIC,    12, -4.823348309101e-01, 8.956903258003e-04, 2.1387e+00, 2.8699e-02, 
 2DIAGNOSTIC,    13, -4.823382848444e-01, 5.344597200496e-04, 2.1674e+00, 2.8726e-02, 
 2DIAGNOSTIC,    14, -4.823558620357e-01, 2.218008308037e-04, 2.1994e+00, 3.2026e-02, 
 2DIAGNOSTIC,    15, -4.823653829042e-01, 6.449817687129e-05, 2.2298e+00, 3.0335e-02, 
 2DIAGNOSTIC,    16, -4.823919119240e-01, 7.943458740028e-06, 2.2598e+00, 3.0034e-02, 
 2DIAGNOSTIC,    17, -4.824087515099e-01, 9.127296640613e-06, 2.2897e+00, 2.9867e-02, 
 2DIAGNOSTIC,    18, -4.824317402068e-01, 1.050775186968e-05, 2.3195e+00, 2.9862e-02, 
 2DIAGNOSTIC,    19, -4.824579113679e-01, 1.155604615864e-05, 2.3496e+00, 3.0016e-02, 
 2DIAGNOSTIC,    20, -4.824984503705e-01, 1.284116462404e-05, 2.3790e+00, 2.9418e-02, 
 2DIAGNOSTIC,    21, -4.825984678937e-01, 1.585779486366e-05, 2.4084e+00, 2.9398e-02, 
 2DIAGNOSTIC,    22, -4.827376792152e-01, 2.132762454382e-05, 2.4372e+00, 2.8801e-02, 
 2DIAGNOSTIC,    23, -4.830212475614e-01, 3.177097890202e-05, 2.4808e+00, 4.3641e-02, 
 2DIAGNOSTIC,    24, -4.831596802897e-01, 4.220760576991e-05, 2.5171e+00, 3.6330e-02, 
 2DIAGNOSTIC,    25, -4.831856100842e-01, 4.881475393542e-05, 2.5460e+00, 2.8823e-02, 
 2DIAGNOSTIC,    26, -4.832646479340e-01, 5.291748585650e-05, 2.5746e+00, 2.8646e-02, 
 2DIAGNOSTIC,    27, -4.833344119313e-01, 5.367255885375e-05, 2.6030e+00, 2.8409e-02, 
 2DIAGNOSTIC,    28, -4.834262629908e-01, 5.173864847160e-05, 2.6316e+00, 2.8561e-02, 
 2DIAGNOSTIC,    29, -4.835359339850e-01, 4.789281124065e-05, 2.6636e+00, 3.2042e-02, 
 2DIAGNOSTIC,    30, -4.836832707234e-01, 4.360386062346e-05, 2.6973e+00, 3.3628e-02, 
 2DIAGNOSTIC,    31, -4.837297376926e-01, 3.832989399161e-05, 2.7258e+00, 2.8592e-02, 
 2DIAGNOSTIC,    32, -4.838458299829e-01, 3.445884784289e-05, 2.7574e+00, 3.1521e-02, 
 2DIAGNOSTIC,    33, -4.843712488853e-01, 4.202931499311e-05, 2.7895e+00, 3.2152e-02, 
 2DIAGNOSTIC,    34, -4.859095514462e-01, 7.410026332720e-05, 2.8178e+00, 2.8329e-02, 
 2DIAGNOSTIC,    35, -4.897332900284e-01, 1.615643123303e-04, 2.8502e+00, 3.2325e-02, 
 2DIAGNOSTIC,    36, -4.917006789136e-01, 2.609405125114e-04, 2.8899e+00, 3.9753e-02, 
 2DIAGNOSTIC,    37, -4.917540872532e-01, 3.322548869437e-04, 2.9221e+00, 3.2140e-02, 
 2DIAGNOSTIC,    38, -4.922311427219e-01, 3.780713201359e-04, 2.9539e+00, 3.1787e-02, 
 2DIAGNOSTIC,    39, -4.924918967836e-01, 3.907659183210e-04, 2.9852e+00, 3.1399e-02, 
 2DIAGNOSTIC,    40, -4.925802772337e-01, 3.680807771445e-04, 3.0174e+00, 3.2154e-02, 
 2DIAGNOSTIC,    41, -4.925940074322e-01, 3.121927457413e-04, 3.0455e+00, 2.8141e-02, 
 2DIAGNOSTIC,    42, -4.927203434180e-01, 2.335336328113e-04, 3.0787e+00, 3.3188e-02, 
 2DIAGNOSTIC,    43, -4.929542375157e-01, 1.470545833310e-04, 3.1156e+00, 3.6908e-02, 
 2DIAGNOSTIC,    44, -4.930795061591e-01, 7.150967314236e-05, 3.1487e+00, 3.3032e-02, 
 2DIAGNOSTIC,    45, -4.931044780938e-01, 4.217083693370e-05, 3.1811e+00, 3.2421e-02, 
 2DIAGNOSTIC,    46, -4.931636489939e-01, 3.616486135632e-05, 3.2200e+00, 3.8896e-02, 
 2DIAGNOSTIC,    47, -4.932176321727e-01, 2.822169068259e-05, 3.2534e+00, 3.3373e-02, 
 2DIAGNOSTIC,    48, -4.932444567849e-01, 2.399246370869e-05, 3.2866e+00, 3.3273e-02, 
 2DIAGNOSTIC,    49, -4.932669131417e-01, 2.106179357869e-05, 3.3202e+00, 3.3586e-02, 
 2DIAGNOSTIC,    50, -4.932732714521e-01, 1.745671460336e-05, 3.3535e+00, 3.3322e-02, 
 2DIAGNOSTIC,    51, -4.932769354921e-01, 1.258897140730e-05, 3.3827e+00, 2.9127e-02, 
 2DIAGNOSTIC,    52, -4.932737512584e-01, 8.087395101004e-06, 3.4159e+00, 3.3242e-02, 
 2DIAGNOSTIC,    53, -4.932840893642e-01, 5.707816787916e-06, 3.4438e+00, 2.7874e-02, 
 2DIAGNOSTIC,    54, -4.932802971282e-01, 4.245710805845e-06, 3.4720e+00, 2.8226e-02, 
 2DIAGNOSTIC,    55, -4.932858791537e-01, 2.805587514094e-06, 3.5037e+00, 3.1673e-02, 
 2DIAGNOSTIC,    56, -4.933376940878e-01, 2.353390264994e-06, 3.5314e+00, 2.7689e-02, 
 2DIAGNOSTIC,    57, -4.933758728950e-01, 2.672621451916e-06, 3.5638e+00, 3.2393e-02, 
 2DIAGNOSTIC,    58, -4.933948141888e-01, 3.229020231494e-06, 3.5966e+00, 3.2870e-02, 
 2DIAGNOSTIC,    59, -4.933904118335e-01, 3.693873976925e-06, 3.6256e+00, 2.8945e-02, 
 2DIAGNOSTIC,    60, -4.934247817041e-01, 4.243982576549e-06, 3.6583e+00, 3.2695e-02, 
 2DIAGNOSTIC,    61, -4.934393828140e-01, 4.578732805457e-06, 3.6914e+00, 3.3102e-02, 
 2DIAGNOSTIC,    62, -4.934430011102e-01, 4.505302883769e-06, 3.7244e+00, 3.2987e-02, 
 2DIAGNOSTIC,    63, -4.935023198399e-01, 4.707309468777e-06, 3.7562e+00, 3.1810e-02, 
 2DIAGNOSTIC,    64, -4.935331813286e-01, 4.741733474548e-06, 3.8023e+00, 4.6131e-02, 
 2DIAGNOSTIC,    65, -4.935356849265e-01, 4.426626044739e-06, 3.8342e+00, 3.1870e-02, 
 2DIAGNOSTIC,    66, -4.935285214485e-01, 4.136773583432e-06, 3.8663e+00, 3.2167e-02, 
 2DIAGNOSTIC,    67, -4.935134133496e-01, 3.708218870604e-06, 3.8946e+00, 2.8213e-02, 
 2DIAGNOSTIC,    68, -4.935136404357e-01, 3.146142461864e-06, 3.9265e+00, 3.1933e-02, 
 2DIAGNOSTIC,    69, -4.935136723306e-01, 2.290776304174e-06, 4.0177e+00, 9.1168e-02, 
 2DIAGNOSTIC,    70, -4.935136723289e-01, 1.572358878335e-06, 4.1100e+00, 9.2315e-02, 
DIAGNOSTIC,Iteration,metricValue,convergenceValue,ITERATION_TIME_INDEX,SINCE_LAST
 2DIAGNOSTIC,     1, -4.341241509546e-01, 1.797693134862e+308, 5.1335e+00, 1.0235e+00, 
 2DIAGNOSTIC,     2, -4.342891745611e-01, 1.797693134862e+308, 5.3429e+00, 2.0945e-01, 
 2DIAGNOSTIC,     3, -4.343962552151e-01, 1.797693134862e+308, 5.5530e+00, 2.1012e-01, 
 2DIAGNOSTIC,     4, -4.344950469722e-01, 1.797693134862e+308, 5.7649e+00, 2.1189e-01, 
 2DIAGNOSTIC,     5, -4.346041415322e-01, 1.797693134862e+308, 5.9861e+00, 2.2114e-01, 
 2DIAGNOSTIC,     6, -4.348606019007e-01, 1.797693134862e+308, 6.2639e+00, 2.7783e-01, 
 2DIAGNOSTIC,     7, -4.349251920803e-01, 1.797693134862e+308, 6.5310e+00, 2.6713e-01, 
 2DIAGNOSTIC,     8, -4.349267816297e-01, 1.797693134862e+308, 6.7985e+00, 2.6742e-01, 
 2DIAGNOSTIC,     9, -4.349270518354e-01, 1.797693134862e+308, 7.0443e+00, 2.4590e-01, 
 2DIAGNOSTIC,    10, -4.349260663456e-01, 1.323140128997e-04, 7.2947e+00, 2.5040e-01, 
 2DIAGNOSTIC,    11, -4.349253107391e-01, 9.583337363085e-05, 7.5102e+00, 2.1542e-01, 
 2DIAGNOSTIC,    12, -4.349234945324e-01, 6.587855359158e-05, 7.7179e+00, 2.0774e-01, 
 2DIAGNOSTIC,    13, -4.349224443972e-01, 4.028011073712e-05, 7.9245e+00, 2.0657e-01, 
 2DIAGNOSTIC,    14, -4.349223818259e-01, 1.956155418822e-05, 8.1559e+00, 2.3144e-01, 
 2DIAGNOSTIC,    15, -4.349223377198e-01, 4.494670750921e-06, 8.3806e+00, 2.2469e-01, 
 2DIAGNOSTIC,    16, -4.349241895209e-01, 1.574005124988e-06, 8.6182e+00, 2.3754e-01, 
 2DIAGNOSTIC,    17, -4.349231189326e-01, 1.474948036990e-06, 8.8216e+00, 2.0340e-01, 
 2DIAGNOSTIC,    18, -4.349218704234e-01, 1.437590965825e-06, 9.0183e+00, 1.9679e-01, 
 2DIAGNOSTIC,    19, -4.349216237707e-01, 1.437221581919e-06, 9.2257e+00, 2.0731e-01, 
 2DIAGNOSTIC,    20, -4.349192618161e-01, 1.347963240021e-06, 9.4952e+00, 2.6954e-01, 
 2DIAGNOSTIC,    21, -4.349188966912e-01, 1.256693959804e-06, 9.6883e+00, 1.9307e-01, 
 2DIAGNOSTIC,    22, -4.349188245097e-01, 1.142419354720e-06, 9.9198e+00, 2.3154e-01, 
 2DIAGNOSTIC,    23, -4.349185009946e-01, 1.027951628138e-06, 1.0118e+01, 1.9801e-01, 
DIAGNOSTIC,Iteration,metricValue,convergenceValue,ITERATION_TIME_INDEX,SINCE_LAST
 2DIAGNOSTIC,     1, -4.013434323655e-01, 1.797693134862e+308, 1.2639e+01, 2.5217e+00, 
 2DIAGNOSTIC,     2, -4.015009340807e-01, 1.797693134862e+308, 1.4076e+01, 1.4363e+00, 
 2DIAGNOSTIC,     3, -4.015900245305e-01, 1.797693134862e+308, 1.5356e+01, 1.2802e+00, 
 2DIAGNOSTIC,     4, -4.016370569661e-01, 1.797693134862e+308, 1.7254e+01, 1.8978e+00, 
 2DIAGNOSTIC,     5, -4.016385468620e-01, 1.797693134862e+308, 1.8887e+01, 1.6331e+00, 
 2DIAGNOSTIC,     6, -4.016387264322e-01, 1.797693134862e+308, 2.0234e+01, 1.3476e+00, 
 2DIAGNOSTIC,     7, -4.016386494109e-01, 1.797693134862e+308, 2.1885e+01, 1.6502e+00, 
 2DIAGNOSTIC,     8, -4.016406615063e-01, 1.797693134862e+308, 2.3222e+01, 1.3373e+00, 
 2DIAGNOSTIC,     9, -4.016422279476e-01, 1.797693134862e+308, 2.4551e+01, 1.3287e+00, 
 2DIAGNOSTIC,    10, -4.016468173715e-01, 3.595833260298e-05, 2.5950e+01, 1.3993e+00, 
 2DIAGNOSTIC,    11, -4.016542957106e-01, 1.624679999943e-05, 2.7266e+01, 1.3160e+00, 
 2DIAGNOSTIC,    12, -4.016990969990e-01, 1.042993840300e-05, 2.8617e+01, 1.3510e+00, 
 2DIAGNOSTIC,    13, -4.017323588419e-01, 1.133088744384e-05, 3.0425e+01, 1.8078e+00, 
 2DIAGNOSTIC,    14, -4.017388239713e-01, 1.398098306464e-05, 3.1890e+01, 1.4654e+00, 
 2DIAGNOSTIC,    15, -4.017534157505e-01, 1.600798422023e-05, 3.3463e+01, 1.5730e+00, 
 2DIAGNOSTIC,    16, -4.017744949770e-01, 1.744568430652e-05, 3.6189e+01, 2.7258e+00, 
 2DIAGNOSTIC,    17, -4.017744688823e-01, 1.723720808332e-05, 3.7492e+01, 1.3031e+00, 
 2DIAGNOSTIC,    18, -4.017770745618e-01, 1.580889657441e-05, 3.8926e+01, 1.4341e+00, 
 2DIAGNOSTIC,    19, -4.017808590589e-01, 1.345401777560e-05, 4.0430e+01, 1.5043e+00, 
 2DIAGNOSTIC,    20, -4.017852097182e-01, 1.057200443132e-05, 4.1863e+01, 1.4324e+00, 
 2DIAGNOSTIC,    21, -4.017899290831e-01, 7.497600443530e-06, 4.3199e+01, 1.3360e+00, 
 2DIAGNOSTIC,    22, -4.017962522427e-01, 5.764384040693e-06, 4.4695e+01, 1.4957e+00, 
 2DIAGNOSTIC,    23, -4.018008736993e-01, 4.950172079576e-06, 4.6344e+01, 1.6498e+00, 
 2DIAGNOSTIC,    24, -4.018020450398e-01, 4.087719795418e-06, 4.7903e+01, 1.5582e+00, 
 2DIAGNOSTIC,    25, -4.018032187994e-01, 3.465756632771e-06, 4.9411e+01, 1.5089e+00, 
 2DIAGNOSTIC,    26, -4.018031915773e-01, 3.259080719617e-06, 5.0803e+01, 1.3920e+00, 
 2DIAGNOSTIC,    27, -4.018069868903e-01, 2.973045723012e-06, 5.2462e+01, 1.6584e+00, 
 2DIAGNOSTIC,    28, -4.018096239562e-01, 2.666227981188e-06, 5.3928e+01, 1.4665e+00, 
 2DIAGNOSTIC,    29, -4.018090036023e-01, 2.312397525218e-06, 5.5428e+01, 1.4992e+00, 
 2DIAGNOSTIC,    30, -4.018101641491e-01, 1.999667771438e-06, 5.7074e+01, 1.6463e+00, 
 2DIAGNOSTIC,    31, -4.018126652265e-01, 1.780214871031e-06, 5.8890e+01, 1.8165e+00, 
 2DIAGNOSTIC,    32, -4.018128894180e-01, 1.642479015282e-06, 6.0422e+01, 1.5317e+00, 
 2DIAGNOSTIC,    33, -4.018134178510e-01, 1.561296269915e-06, 6.2122e+01, 1.7000e+00, 
 2DIAGNOSTIC,    34, -4.018133148103e-01, 1.451519014838e-06, 6.3979e+01, 1.8566e+00, 
 2DIAGNOSTIC,    35, -4.018132643256e-01, 1.323250198627e-06, 6.5790e+01, 1.8113e+00, 
 2DIAGNOSTIC,    36, -4.018131930020e-01, 1.158311602426e-06, 6.7388e+01, 1.5981e+00, 
 2DIAGNOSTIC,    37, -4.018130325886e-01, 1.044143366769e-06, 6.8760e+01, 1.3716e+00, 
  Elapsed time (stage 0): 6.9639e+01


Total elapsed time: 6.9642e+01
Info [verificarlo]: loaded backend libinterflop_ieee.so
Info [interflop-ieee]: load backend with:
Info [interflop-ieee]: debug = false
Info [interflop-ieee]: debug-binary = false
Info [interflop-ieee]: no-backend-name = false
Info [interflop-ieee]: print-new-line = false
Info [interflop-ieee]: print-subnormal-normalized = false
Info [interflop-ieee]: count-op = false
All_Command_lines_OK
Using double precision for computations.
=============================================================================
The composite transform comprises the following transforms (in order): 
  1. /home/mdugre/scratch/mri-registration-rp/datasets/ds004513/derivatives/mri-registration-rp/0001/antsRegistration-r7-p22/sub-s037/rigid_Composite.h5[0] (type = Euler3DTransform)
  2. /home/mdugre/scratch/mri-registration-rp/datasets/ds004513/derivatives/mri-registration-rp/0001/antsRegistration-r7-p22/sub-s037/rigid_Composite.h5[1] (type = Euler3DTransform)
  3. /home/mdugre/scratch/mri-registration-rp/datasets/ds004513/derivatives/mri-registration-rp/0001/antsRegistration-r7-p22/sub-s037/rigid_Composite.h5[2] (type = Euler3DTransform)
=============================================================================
  number of levels = 4
  fixed image: /templateflow/tpl-MNI152NLin2009cAsym/tpl-MNI152NLin2009cAsym_res-01_desc-brain_T1w.nii.gz
  moving image: /home/mdugre/scratch/mri-registration-rp/datasets/ds004513/derivatives/mri-registration-rp/antsBrainExtraction/sub-s037/BrainExtractionBrain.nii.gz
Dimension = 3
Number of stages = 1
Use histogram matching = false
Winsorize image intensities = true
  Lower quantile = 0.005
  Upper quantile = 0.995


Stage 1 State
   Image metric = MattesMI
     Fixed image = Image (0x46e57e0)
  RTTI typeinfo:   itk::Image<double, 3u>
  Reference Count: 2
  Modified Time: 1592
  Debug: Off
  Object Name: 
  Observers: 
    none
  Source: (none)
  Source output name: (none)
  Release Data: Off
  Data Released: False
  Global Release Data: Off
  PipelineMTime: 0
  UpdateMTime: 1203
  RealTimeStamp: 0 seconds 
  LargestPossibleRegion: 
    Dimension: 3
    Index: [0, 0, 0]
    Size: [193, 229, 193]
  BufferedRegion: 
    Dimension: 3
    Index: [0, 0, 0]
    Size: [193, 229, 193]
  RequestedRegion: 
    Dimension: 3
    Index: [0, 0, 0]
    Size: [193, 229, 193]
  Spacing: [1, 1, 1]
  Origin: [96, 132, -78]
  Direction: 
-1 0 0
0 -1 0
0 0 1

  IndexToPointMatrix: 
-1 0 0
0 -1 0
0 0 1

  PointToIndexMatrix: 
-1 0 0
0 -1 0
0 0 1

  Inverse Direction: 
-1 0 0
0 -1 0
0 0 1

  PixelContainer: 
    ImportImageContainer (0x47a5a20)
      RTTI typeinfo:   itk::ImportImageContainer<unsigned long, double>
      Reference Count: 1
      Modified Time: 1200
      Debug: Off
      Object Name: 
      Observers: 
        none
      Pointer: 0x15022bb5e010
      Container manages memory: true
      Size: 8530021
      Capacity: 8530021

     Moving image = Image (0x47a0d70)
  RTTI typeinfo:   itk::Image<double, 3u>
  Reference Count: 2
  Modified Time: 1593
  Debug: Off
  Object Name: 
  Observers: 
    none
  Source: (none)
  Source output name: (none)
  Release Data: Off
  Data Released: False
  Global Release Data: Off
  PipelineMTime: 0
  UpdateMTime: 1590
  RealTimeStamp: 0 seconds 
  LargestPossibleRegion: 
    Dimension: 3
    Index: [0, 0, 0]
    Size: [160, 240, 256]
  BufferedRegion: 
    Dimension: 3
    Index: [0, 0, 0]
    Size: [160, 240, 256]
  RequestedRegion: 
    Dimension: 3
    Index: [0, 0, 0]
    Size: [160, 240, 256]
  Spacing: [1, 1, 1]
  Origin: [87.9508, 102.562, -147.639]
  Direction: 
-0.998659 -0.0436121 -0.0279129
0.043595 -0.999049 0.00121847
-0.0279395 -2.65543e-08 0.99961

  IndexToPointMatrix: 
-0.998659 -0.0436121 -0.0279129
0.043595 -0.999049 0.00121847
-0.0279395 -2.65543e-08 0.99961

  PointToIndexMatrix: 
-0.998659 0.043595 -0.0279395
-0.0436121 -0.999049 -2.65517e-08
-0.0279129 0.00121847 0.99961

  Inverse Direction: 
-0.998659 0.043595 -0.0279395
-0.0436121 -0.999049 -2.65517e-08
-0.0279129 0.00121847 0.99961

  PixelContainer: 
    ImportImageContainer (0x4758c90)
      RTTI typeinfo:   itk::ImportImageContainer<unsigned long, double>
      Reference Count: 1
      Modified Time: 1587
      Debug: Off
      Object Name: 
      Observers: 
        none
      Pointer: 0x15022705d010
      Container manages memory: true
      Size: 9830400
      Capacity: 9830400

     Weighting = 1
     Sampling strategy = regular
     Number of bins = 32
     Radius = 4
     Sampling percentage  = 0.25
   Transform = Affine
     Gradient step = 0.1
     Update field sigma (voxel space) = 0
     Total field sigma (voxel space) = 0
     Update field time sigma = 0
     Total field time sigma  = 0
     Number of time indices = 0
     Number of time point samples = 0
Registration using 1 total stages.

Stage 0
  iterations = 1000x500x250x100
  convergence threshold = 1e-06
  convergence window size = 10
  number of levels = 4
  using the Mattes MI metric (number of bins = 32, weight = 1, use gradient filter = 0)
  preprocessing:  winsorizing the image intensities
  Shrink factors (level 1 out of 4): [8, 8, 8]
  Shrink factors (level 2 out of 4): [4, 4, 4]
  Shrink factors (level 3 out of 4): [2, 2, 2]
  Shrink factors (level 4 out of 4): [1, 1, 1]
  smoothing sigmas per level: [3, 2, 1, 0]
  regular sampling (percentage = 0.25)

*** Running AffineTransform registration ***

DIAGNOSTIC,Iteration,metricValue,convergenceValue,ITERATION_TIME_INDEX,SINCE_LAST
 2DIAGNOSTIC,     1, -5.865025537562e-01, 1.797693134862e+308, 6.8206e-01, 6.8206e-01, 
 2DIAGNOSTIC,     2, -5.877656136154e-01, 1.797693134862e+308, 6.8623e-01, 4.1649e-03, 
 2DIAGNOSTIC,     3, -5.900811138225e-01, 1.797693134862e+308, 6.9048e-01, 4.2570e-03, 
 2DIAGNOSTIC,     4, -5.946813537305e-01, 1.797693134862e+308, 6.9451e-01, 4.0240e-03, 
 2DIAGNOSTIC,     5, -6.051270396206e-01, 1.797693134862e+308, 6.9848e-01, 3.9690e-03, 
 2DIAGNOSTIC,     6, -6.164679714710e-01, 1.797693134862e+308, 7.0237e-01, 3.8919e-03, 
 2DIAGNOSTIC,     7, -6.315086770957e-01, 1.797693134862e+308, 7.0654e-01, 4.1709e-03, 
 2DIAGNOSTIC,     8, -6.816469586014e-01, 1.797693134862e+308, 7.1178e-01, 5.2409e-03, 
 2DIAGNOSTIC,     9, -6.963617045553e-01, 1.797693134862e+308, 7.2068e-01, 8.8971e-03, 
 2DIAGNOSTIC,    10, -6.960530083858e-01, 1.301423783015e-02, 7.2513e-01, 4.4539e-03, 
 2DIAGNOSTIC,    11, -6.967622580055e-01, 1.266785337629e-02, 7.2943e-01, 4.2939e-03, 
 2DIAGNOSTIC,    12, -6.979186785383e-01, 1.134167589917e-02, 7.3378e-01, 4.3540e-03, 
 2DIAGNOSTIC,    13, -6.996302148942e-01, 9.326985570649e-03, 7.3811e-01, 4.3271e-03, 
 2DIAGNOSTIC,    14, -7.014241161963e-01, 6.967948876691e-03, 7.4259e-01, 4.4880e-03, 
 2DIAGNOSTIC,    15, -7.026584992605e-01, 4.671113435505e-03, 7.4691e-01, 4.3161e-03, 
 2DIAGNOSTIC,    16, -7.041575627893e-01, 2.614743143189e-03, 7.5171e-01, 4.7970e-03, 
 2DIAGNOSTIC,    17, -7.073230109398e-01, 1.006805184859e-03, 7.5720e-01, 5.4882e-03, 
 2DIAGNOSTIC,    18, -7.126486178883e-01, 8.093347606714e-04, 7.6365e-01, 6.4521e-03, 
 2DIAGNOSTIC,    19, -7.135384730748e-01, 9.088311684517e-04, 7.6996e-01, 6.3119e-03, 
 2DIAGNOSTIC,    20, -7.143909942755e-01, 9.269100231181e-04, 7.7496e-01, 5.0049e-03, 
 2DIAGNOSTIC,    21, -7.158199887274e-01, 9.013807881229e-04, 7.8005e-01, 5.0900e-03, 
 2DIAGNOSTIC,    22, -7.169805939968e-01, 8.371326039420e-04, 7.8491e-01, 4.8518e-03, 
 2DIAGNOSTIC,    23, -7.174053978367e-01, 7.378812022745e-04, 7.9009e-01, 5.1811e-03, 
 2DIAGNOSTIC,    24, -7.179429345402e-01, 6.198171866015e-04, 7.9790e-01, 7.8101e-03, 
 2DIAGNOSTIC,    25, -7.179476545596e-01, 4.757925841943e-04, 8.0425e-01, 6.3560e-03, 
 2DIAGNOSTIC,    26, -7.178897582306e-01, 3.217009755981e-04, 8.0960e-01, 5.3480e-03, 
 2DIAGNOSTIC,    27, -7.178425116439e-01, 1.955871594048e-04, 8.1514e-01, 5.5349e-03, 
 2DIAGNOSTIC,    28, -7.179063193505e-01, 1.408936504915e-04, 8.2065e-01, 5.5149e-03, 
 2DIAGNOSTIC,    29, -7.179745946037e-01, 9.072212666127e-05, 8.2654e-01, 5.8839e-03, 
 2DIAGNOSTIC,    30, -7.180182450834e-01, 4.769407124162e-05, 8.3203e-01, 5.4951e-03, 
 2DIAGNOSTIC,    31, -7.178876496049e-01, 2.031984854797e-05, 8.3723e-01, 5.1961e-03, 
 2DIAGNOSTIC,    32, -7.179998374703e-01, 9.403832673185e-06, 8.4274e-01, 5.5141e-03, 
 2DIAGNOSTIC,    33, -7.180830273373e-01, 4.486924836032e-06, 8.4845e-01, 5.7051e-03, 
 2DIAGNOSTIC,    34, -7.180683195133e-01, 5.819737575227e-06, 8.5423e-01, 5.7881e-03, 
 2DIAGNOSTIC,    35, -7.181070839075e-01, 7.183821898106e-06, 8.5927e-01, 5.0380e-03, 
 2DIAGNOSTIC,    36, -7.188544490961e-01, 1.582698518151e-05, 8.6489e-01, 5.6190e-03, 
 2DIAGNOSTIC,    37, -7.191547200595e-01, 2.512413217549e-05, 8.6990e-01, 5.0049e-03, 
 2DIAGNOSTIC,    38, -7.201426002479e-01, 4.294103184689e-05, 8.7705e-01, 7.1540e-03, 
 2DIAGNOSTIC,    39, -7.200432436476e-01, 5.533056615592e-05, 8.8256e-01, 5.5101e-03, 
 2DIAGNOSTIC,    40, -7.199326516532e-01, 6.143145542439e-05, 8.8884e-01, 6.2809e-03, 
 2DIAGNOSTIC,    41, -7.198830712564e-01, 5.966100982405e-05, 8.9449e-01, 5.6531e-03, 
 2DIAGNOSTIC,    42, -7.197229857826e-01, 5.174962188745e-05, 9.0003e-01, 5.5320e-03, 
 2DIAGNOSTIC,    43, -7.196428107406e-01, 3.936304121326e-05, 9.0500e-01, 4.9701e-03, 
 2DIAGNOSTIC,    44, -7.195734105710e-01, 2.319111008681e-05, 9.0999e-01, 4.9908e-03, 
 2DIAGNOSTIC,    45, -7.196204415140e-01, 6.389199967080e-06, 9.1496e-01, 4.9770e-03, 
