
##########################
# Experiment information #
##########################

EXPERIMENT_NAME: antsRegistration-r7-p14
VFC_BACKENDS: libinterflop_vprec.so --range-binary32=7 --precision-binary32=14 --range-binary64=7 --precision-binary64=14

SIF_IMG: /home/mdugre/projects/rrg-glatard/mdugre/containers/ants-vprec-no_metrics.simg

SUBJECT_ID: s035
INPUT_IMG: /home/mdugre/scratch/mri-registration-rp/datasets/ds004513/derivatives/mri-registration-rp/antsBrainExtraction/sub-s035/BrainExtractionBrain.nii.gz
OUTPUT_DIR: /home/mdugre/scratch/mri-registration-rp/datasets/ds004513/derivatives/mri-registration-rp/0001/antsRegistration-r7-p14/sub-s035

FIXED_IMG: /templateflow/tpl-MNI152NLin2009cAsym/tpl-MNI152NLin2009cAsym_res-01_desc-brain_T1w.nii.gz
DATA_DIR: /home/mdugre/scratch/mri-registration-rp/datasets/ds004513
TEMPLATEFLOW_DIR: /home/mdugre/projects/rrg-glatard/mdugre/templateflow
ITK_GLOBAL_DEFAULT_NUMBER_OF_THREADS: 16
##########################

Info [verificarlo]: loaded backend libinterflop_ieee.so
Info [interflop-ieee]: load backend with:
Info [interflop-ieee]: debug = false
Info [interflop-ieee]: debug-binary = false
Info [interflop-ieee]: no-backend-name = false
Info [interflop-ieee]: print-new-line = false
Info [interflop-ieee]: print-subnormal-normalized = false
Info [interflop-ieee]: count-op = false
All_Command_lines_OK
Using double precision for computations.
=============================================================================
The composite transform comprises the following transforms (in order): 
  1. Center of mass alignment using fixed image: /templateflow/tpl-MNI152NLin2009cAsym/tpl-MNI152NLin2009cAsym_res-01_desc-brain_T1w.nii.gz and moving image: /home/mdugre/scratch/mri-registration-rp/datasets/ds004513/derivatives/mri-registration-rp/antsBrainExtraction/sub-s035/BrainExtractionBrain.nii.gz (type = Euler3DTransform)
=============================================================================
  number of levels = 1
  fixed image: /templateflow/tpl-MNI152NLin2009cAsym/tpl-MNI152NLin2009cAsym_res-01_desc-brain_T1w.nii.gz
  moving image: /home/mdugre/scratch/mri-registration-rp/datasets/ds004513/derivatives/mri-registration-rp/antsBrainExtraction/sub-s035/BrainExtractionBrain.nii.gz
Dimension = 3
Number of stages = 1
Use histogram matching = false
Winsorize image intensities = true
  Lower quantile = 0.005
  Upper quantile = 0.995


Stage 1 State
   Image metric = MattesMI
     Fixed image = Image (0x39f6e70)
  RTTI typeinfo:   itk::Image<double, 3u>
  Reference Count: 2
  Modified Time: 2330
  Debug: Off
  Object Name: 
  Observers: 
    none
  Source: (none)
  Source output name: (none)
  Release Data: Off
  Data Released: False
  Global Release Data: Off
  PipelineMTime: 0
  UpdateMTime: 1941
  RealTimeStamp: 0 seconds 
  LargestPossibleRegion: 
    Dimension: 3
    Index: [0, 0, 0]
    Size: [193, 229, 193]
  BufferedRegion: 
    Dimension: 3
    Index: [0, 0, 0]
    Size: [193, 229, 193]
  RequestedRegion: 
    Dimension: 3
    Index: [0, 0, 0]
    Size: [193, 229, 193]
  Spacing: [1, 1, 1]
  Origin: [96, 132, -78]
  Direction: 
-1 0 0
0 -1 0
0 0 1

  IndexToPointMatrix: 
-1 0 0
0 -1 0
0 0 1

  PointToIndexMatrix: 
-1 0 0
0 -1 0
0 0 1

  Inverse Direction: 
-1 0 0
0 -1 0
0 0 1

  PixelContainer: 
    ImportImageContainer (0x39ffc60)
      RTTI typeinfo:   itk::ImportImageContainer<unsigned long, double>
      Reference Count: 1
      Modified Time: 1938
      Debug: Off
      Object Name: 
      Observers: 
        none
      Pointer: 0x151e72676010
      Container manages memory: true
      Size: 8530021
      Capacity: 8530021

     Moving image = Image (0x3a93ec0)
  RTTI typeinfo:   itk::Image<double, 3u>
  Reference Count: 2
  Modified Time: 2331
  Debug: Off
  Object Name: 
  Observers: 
    none
  Source: (none)
  Source output name: (none)
  Release Data: Off
  Data Released: False
  Global Release Data: Off
  PipelineMTime: 0
  UpdateMTime: 2328
  RealTimeStamp: 0 seconds 
  LargestPossibleRegion: 
    Dimension: 3
    Index: [0, 0, 0]
    Size: [160, 240, 256]
  BufferedRegion: 
    Dimension: 3
    Index: [0, 0, 0]
    Size: [160, 240, 256]
  RequestedRegion: 
    Dimension: 3
    Index: [0, 0, 0]
    Size: [160, 240, 256]
  Spacing: [1, 1, 1]
  Origin: [98.6438, 87.6358, -117.989]
  Direction: 
-0.993515 -0.100993 -0.0522355
0.100854 -0.994887 0.00530255
-0.0525039 1.93537e-08 0.998621

  IndexToPointMatrix: 
-0.993515 -0.100993 -0.0522355
0.100854 -0.994887 0.00530255
-0.0525039 1.93537e-08 0.998621

  PointToIndexMatrix: 
-0.993515 0.100854 -0.0525039
-0.100993 -0.994887 1.93006e-08
-0.0522355 0.00530255 0.998621

  Inverse Direction: 
-0.993515 0.100854 -0.0525039
-0.100993 -0.994887 1.93006e-08
-0.0522355 0.00530255 0.998621

  PixelContainer: 
    ImportImageContainer (0x3b2b610)
      RTTI typeinfo:   itk::ImportImageContainer<unsigned long, double>
      Reference Count: 1
      Modified Time: 2325
      Debug: Off
      Object Name: 
      Observers: 
        none
      Pointer: 0x151e6db75010
      Container manages memory: true
      Size: 9830400
      Capacity: 9830400

     Weighting = 1
     Sampling strategy = regular
     Number of bins = 32
     Radius = 4
     Sampling percentage  = 0.25
   Transform = Rigid
     Gradient step = 0.1
     Update field sigma (voxel space) = 0
     Total field sigma (voxel space) = 0
     Update field time sigma = 0
     Total field time sigma  = 0
     Number of time indices = 0
     Number of time point samples = 0
Registration using 1 total stages.

Stage 0
  iterations = 0
  convergence threshold = 1e-06
  convergence window size = 10
  number of levels = 1
  using the Mattes MI metric (number of bins = 32, weight = 1, use gradient filter = 0)
  preprocessing:  winsorizing the image intensities
  Shrink factors (level 1 out of 1): [1, 1, 1]
  smoothing sigmas per level: [0]
  regular sampling (percentage = 0.25)

*** Running Euler3DTransform registration ***

  Elapsed time (stage 0): 1.17247


Total elapsed time: 1.17481
Info [verificarlo]: loaded backend libinterflop_ieee.so
Info [interflop-ieee]: load backend with:
Info [interflop-ieee]: debug = false
Info [interflop-ieee]: debug-binary = false
Info [interflop-ieee]: no-backend-name = false
Info [interflop-ieee]: print-new-line = false
Info [interflop-ieee]: print-subnormal-normalized = false
Info [interflop-ieee]: count-op = false
All_Command_lines_OK
Using double precision for computations.
=============================================================================
The composite transform comprises the following transforms (in order): 
  1. /home/mdugre/scratch/mri-registration-rp/datasets/ds004513/derivatives/mri-registration-rp/0001/antsRegistration-r7-p14/sub-s035/align_Composite.h5[0] (type = Euler3DTransform)
  2. /home/mdugre/scratch/mri-registration-rp/datasets/ds004513/derivatives/mri-registration-rp/0001/antsRegistration-r7-p14/sub-s035/align_Composite.h5[1] (type = Euler3DTransform)
=============================================================================
  number of levels = 4
  fixed image: /templateflow/tpl-MNI152NLin2009cAsym/tpl-MNI152NLin2009cAsym_res-01_desc-brain_T1w.nii.gz
  moving image: /home/mdugre/scratch/mri-registration-rp/datasets/ds004513/derivatives/mri-registration-rp/antsBrainExtraction/sub-s035/BrainExtractionBrain.nii.gz
Dimension = 3
Number of stages = 1
Use histogram matching = false
Winsorize image intensities = true
  Lower quantile = 0.005
  Upper quantile = 0.995


Stage 1 State
   Image metric = MattesMI
     Fixed image = Image (0x514b530)
  RTTI typeinfo:   itk::Image<double, 3u>
  Reference Count: 2
  Modified Time: 1578
  Debug: Off
  Object Name: 
  Observers: 
    none
  Source: (none)
  Source output name: (none)
  Release Data: Off
  Data Released: False
  Global Release Data: Off
  PipelineMTime: 0
  UpdateMTime: 1189
  RealTimeStamp: 0 seconds 
  LargestPossibleRegion: 
    Dimension: 3
    Index: [0, 0, 0]
    Size: [193, 229, 193]
  BufferedRegion: 
    Dimension: 3
    Index: [0, 0, 0]
    Size: [193, 229, 193]
  RequestedRegion: 
    Dimension: 3
    Index: [0, 0, 0]
    Size: [193, 229, 193]
  Spacing: [1, 1, 1]
  Origin: [96, 132, -78]
  Direction: 
-1 0 0
0 -1 0
0 0 1

  IndexToPointMatrix: 
-1 0 0
0 -1 0
0 0 1

  PointToIndexMatrix: 
-1 0 0
0 -1 0
0 0 1

  Inverse Direction: 
-1 0 0
0 -1 0
0 0 1

  PixelContainer: 
    ImportImageContainer (0x5209d60)
      RTTI typeinfo:   itk::ImportImageContainer<unsigned long, double>
      Reference Count: 1
      Modified Time: 1186
      Debug: Off
      Object Name: 
      Observers: 
        none
      Pointer: 0x14de4120a010
      Container manages memory: true
      Size: 8530021
      Capacity: 8530021

     Moving image = Image (0x51fbf60)
  RTTI typeinfo:   itk::Image<double, 3u>
  Reference Count: 2
  Modified Time: 1579
  Debug: Off
  Object Name: 
  Observers: 
    none
  Source: (none)
  Source output name: (none)
  Release Data: Off
  Data Released: False
  Global Release Data: Off
  PipelineMTime: 0
  UpdateMTime: 1576
  RealTimeStamp: 0 seconds 
  LargestPossibleRegion: 
    Dimension: 3
    Index: [0, 0, 0]
    Size: [160, 240, 256]
  BufferedRegion: 
    Dimension: 3
    Index: [0, 0, 0]
    Size: [160, 240, 256]
  RequestedRegion: 
    Dimension: 3
    Index: [0, 0, 0]
    Size: [160, 240, 256]
  Spacing: [1, 1, 1]
  Origin: [98.6438, 87.6358, -117.989]
  Direction: 
-0.993515 -0.100993 -0.0522355
0.100854 -0.994887 0.00530255
-0.0525039 1.93537e-08 0.998621

  IndexToPointMatrix: 
-0.993515 -0.100993 -0.0522355
0.100854 -0.994887 0.00530255
-0.0525039 1.93537e-08 0.998621

  PointToIndexMatrix: 
-0.993515 0.100854 -0.0525039
-0.100993 -0.994887 1.93006e-08
-0.0522355 0.00530255 0.998621

  Inverse Direction: 
-0.993515 0.100854 -0.0525039
-0.100993 -0.994887 1.93006e-08
-0.0522355 0.00530255 0.998621

  PixelContainer: 
    ImportImageContainer (0x51ed6d0)
      RTTI typeinfo:   itk::ImportImageContainer<unsigned long, double>
      Reference Count: 1
      Modified Time: 1573
      Debug: Off
      Object Name: 
      Observers: 
        none
      Pointer: 0x14de3c709010
      Container manages memory: true
      Size: 9830400
      Capacity: 9830400

     Weighting = 1
     Sampling strategy = regular
     Number of bins = 32
     Radius = 4
     Sampling percentage  = 0.25
   Transform = Rigid
     Gradient step = 0.1
     Update field sigma (voxel space) = 0
     Total field sigma (voxel space) = 0
     Update field time sigma = 0
     Total field time sigma  = 0
     Number of time indices = 0
     Number of time point samples = 0
Registration using 1 total stages.

Stage 0
  iterations = 1000x500x250x100
  convergence threshold = 1e-06
  convergence window size = 10
  number of levels = 4
  using the Mattes MI metric (number of bins = 32, weight = 1, use gradient filter = 0)
  preprocessing:  winsorizing the image intensities
  Shrink factors (level 1 out of 4): [8, 8, 8]
  Shrink factors (level 2 out of 4): [4, 4, 4]
  Shrink factors (level 3 out of 4): [2, 2, 2]
  Shrink factors (level 4 out of 4): [1, 1, 1]
  smoothing sigmas per level: [3, 2, 1, 0]
  regular sampling (percentage = 0.25)

*** Running Euler3DTransform registration ***

DIAGNOSTIC,Iteration,metricValue,convergenceValue,ITERATION_TIME_INDEX,SINCE_LAST
 2DIAGNOSTIC,     1, -5.238630234552e-01, 1.797693134862e+308, 7.6777e-01, 7.6777e-01, 
 2DIAGNOSTIC,     2, -5.257885820767e-01, 1.797693134862e+308, 7.7376e-01, 5.9850e-03, 
 2DIAGNOSTIC,     3, -5.278597554839e-01, 1.797693134862e+308, 7.7886e-01, 5.1010e-03, 
 2DIAGNOSTIC,     4, -5.302176117225e-01, 1.797693134862e+308, 7.8447e-01, 5.6171e-03, 
 2DIAGNOSTIC,     5, -5.343462816845e-01, 1.797693134862e+308, 7.8935e-01, 4.8761e-03, 
 2DIAGNOSTIC,     6, -5.399239396740e-01, 1.797693134862e+308, 7.9412e-01, 4.7741e-03, 
 2DIAGNOSTIC,     7, -5.490554822001e-01, 1.797693134862e+308, 7.9895e-01, 4.8230e-03, 
 2DIAGNOSTIC,     8, -5.545204224448e-01, 1.797693134862e+308, 8.0549e-01, 6.5389e-03, 
 2DIAGNOSTIC,     9, -5.601437715553e-01, 1.797693134862e+308, 8.1030e-01, 4.8130e-03, 
 2DIAGNOSTIC,    10, -5.617741193774e-01, 5.067640484485e-03, 8.1545e-01, 5.1460e-03, 
 2DIAGNOSTIC,    11, -5.649562249041e-01, 4.796539612083e-03, 8.2162e-01, 6.1779e-03, 
 2DIAGNOSTIC,    12, -5.658710903081e-01, 4.260783098155e-03, 8.2690e-01, 5.2722e-03, 
 2DIAGNOSTIC,    13, -5.662828333056e-01, 3.524744036646e-03, 8.3167e-01, 4.7789e-03, 
 2DIAGNOSTIC,    14, -5.685908474577e-01, 2.751340472953e-03, 8.3728e-01, 5.6100e-03, 
 2DIAGNOSTIC,    15, -5.732745043306e-01, 2.134644679428e-03, 8.4436e-01, 7.0732e-03, 
 2DIAGNOSTIC,    16, -5.738084427845e-01, 1.591333148336e-03, 8.5071e-01, 6.3491e-03, 
 2DIAGNOSTIC,    17, -5.739093703465e-01, 1.247363567740e-03, 8.5582e-01, 5.1179e-03, 
 2DIAGNOSTIC,    18, -5.745773598458e-01, 1.002163966316e-03, 8.6134e-01, 5.5130e-03, 
 2DIAGNOSTIC,    19, -5.752045522722e-01, 8.579763081919e-04, 8.6612e-01, 4.7820e-03, 
 2DIAGNOSTIC,    20, -5.755578777726e-01, 6.955845773867e-04, 8.7084e-01, 4.7190e-03, 
 2DIAGNOSTIC,    21, -5.761681227725e-01, 5.767135182697e-04, 8.7562e-01, 4.7860e-03, 
 2DIAGNOSTIC,    22, -5.775610178280e-01, 4.707067062531e-04, 8.8049e-01, 4.8690e-03, 
 2DIAGNOSTIC,    23, -5.801876522132e-01, 3.965856196787e-04, 8.8596e-01, 5.4629e-03, 
 2DIAGNOSTIC,    24, -5.873578871752e-01, 4.881452203714e-04, 8.9302e-01, 7.0629e-03, 
 2DIAGNOSTIC,    25, -5.924052233460e-01, 7.199711434571e-04, 8.9959e-01, 6.5670e-03, 
 2DIAGNOSTIC,    26, -5.933789722501e-01, 8.944842699358e-04, 9.0544e-01, 5.8510e-03, 
 2DIAGNOSTIC,    27, -5.948140362539e-01, 1.002036484352e-03, 9.1071e-01, 5.2779e-03, 
 2DIAGNOSTIC,    28, -5.954370004521e-01, 1.029952320789e-03, 9.1544e-01, 4.7300e-03, 
 2DIAGNOSTIC,    29, -5.955619965601e-01, 9.699000562273e-04, 9.2011e-01, 4.6611e-03, 
 2DIAGNOSTIC,    30, -5.960977142418e-01, 8.366692959427e-04, 9.2506e-01, 4.9500e-03, 
 2DIAGNOSTIC,    31, -5.971105016135e-01, 6.606986235104e-04, 9.3048e-01, 5.4200e-03, 
 2DIAGNOSTIC,    32, -5.989728413261e-01, 4.853112631911e-04, 9.3744e-01, 6.9668e-03, 
 2DIAGNOSTIC,    33, -5.996340171069e-01, 3.222359245744e-04, 9.4221e-01, 4.7660e-03, 
 2DIAGNOSTIC,    34, -5.997688324733e-01, 2.443793011872e-04, 9.4690e-01, 4.6961e-03, 
 2DIAGNOSTIC,    35, -5.999328162708e-01, 2.224308785526e-04, 9.5287e-01, 5.9640e-03, 
 2DIAGNOSTIC,    36, -6.001598298487e-01, 1.965988104424e-04, 9.5753e-01, 4.6649e-03, 
 2DIAGNOSTIC,    37, -6.004938012933e-01, 1.767006115833e-04, 9.6304e-01, 5.5032e-03, 
 2DIAGNOSTIC,    38, -6.008280010052e-01, 1.536048159104e-04, 9.6884e-01, 5.8000e-03, 
 2DIAGNOSTIC,    39, -6.038559363552e-01, 1.574331422031e-04, 9.7441e-01, 5.5711e-03, 
 2DIAGNOSTIC,    40, -6.077047305824e-01, 1.993081276072e-04, 9.7951e-01, 5.1041e-03, 
 2DIAGNOSTIC,    41, -6.174632671288e-01, 3.481386781800e-04, 9.8594e-01, 6.4261e-03, 
 2DIAGNOSTIC,    42, -6.161977699014e-01, 4.608904787751e-04, 9.9550e-01, 9.5570e-03, 
 2DIAGNOSTIC,    43, -6.161564326243e-01, 5.335366649027e-04, 1.0002e+00, 4.7112e-03, 
 2DIAGNOSTIC,    44, -6.170772042059e-01, 5.644815087733e-04, 1.0047e+00, 4.4949e-03, 
 2DIAGNOSTIC,    45, -6.185357132077e-01, 5.560469650356e-04, 1.0093e+00, 4.5679e-03, 
 2DIAGNOSTIC,    46, -6.206472515163e-01, 5.180553545312e-04, 1.0139e+00, 4.5969e-03, 
 2DIAGNOSTIC,    47, -6.234100379377e-01, 4.649601480546e-04, 1.0183e+00, 4.4789e-03, 
 2DIAGNOSTIC,    48, -6.282459751862e-01, 4.232183336625e-04, 1.0233e+00, 4.9789e-03, 
 2DIAGNOSTIC,    49, -6.332857005211e-01, 4.219356473810e-04, 1.0282e+00, 4.8430e-03, 
 2DIAGNOSTIC,    50, -6.437673439996e-01, 5.158706648713e-04, 1.0329e+00, 4.7560e-03, 
 2DIAGNOSTIC,    51, -6.567709929975e-01, 7.709778417290e-04, 1.0378e+00, 4.8621e-03, 
 2DIAGNOSTIC,    52, -6.630139256907e-01, 9.856120977206e-04, 1.0431e+00, 5.3170e-03, 
 2DIAGNOSTIC,    53, -6.637658024524e-01, 1.103855250541e-03, 1.0477e+00, 4.6449e-03, 
 2DIAGNOSTIC,    54, -6.646848107341e-01, 1.129224821239e-03, 1.0525e+00, 4.7860e-03, 
 2DIAGNOSTIC,    55, -6.699955151412e-01, 1.103370640429e-03, 1.0612e+00, 8.6789e-03, 
 2DIAGNOSTIC,    56, -6.720090180984e-01, 1.005090263481e-03, 1.0684e+00, 7.1828e-03, 
 2DIAGNOSTIC,    57, -6.720481906940e-01, 8.375242885900e-04, 1.0730e+00, 4.5578e-03, 
 2DIAGNOSTIC,    58, -6.725919715646e-01, 6.425668678473e-04, 1.0775e+00, 4.5650e-03, 
 2DIAGNOSTIC,    59, -6.729036459066e-01, 4.360797712100e-04, 1.0821e+00, 4.5800e-03, 
 2DIAGNOSTIC,    60, -6.731488765858e-01, 2.773044818816e-04, 1.0867e+00, 4.5941e-03, 
 2DIAGNOSTIC,    61, -6.734259112413e-01, 1.993310080389e-04, 1.0915e+00, 4.7841e-03, 
 2DIAGNOSTIC,    62, -6.739132176700e-01, 1.568958907245e-04, 1.0960e+00, 4.5681e-03, 
 2DIAGNOSTIC,    63, -6.762843424311e-01, 1.247261551576e-04, 1.1023e+00, 6.2981e-03, 
 2DIAGNOSTIC,    64, -6.766381783748e-01, 8.969341603030e-05, 1.1069e+00, 4.5550e-03, 
 2DIAGNOSTIC,    65, -6.771215385400e-01, 8.898283767314e-05, 1.1114e+00, 4.4951e-03, 
 2DIAGNOSTIC,    66, -6.778537383493e-01, 9.953427784530e-05, 1.1166e+00, 5.1959e-03, 
 2DIAGNOSTIC,    67, -6.792267889788e-01, 1.098306176505e-04, 1.1229e+00, 6.2919e-03, 
 2DIAGNOSTIC,    68, -6.807681389082e-01, 1.231391853226e-04, 1.1275e+00, 4.5750e-03, 
 2DIAGNOSTIC,    69, -6.815200235261e-01, 1.312169282186e-04, 1.1320e+00, 4.5280e-03, 
 2DIAGNOSTIC,    70, -6.818105467464e-01, 1.303118194003e-04, 1.1381e+00, 6.1450e-03, 
 2DIAGNOSTIC,    71, -6.820510819515e-01, 1.205032674650e-04, 1.1426e+00, 4.5061e-03, 
 2DIAGNOSTIC,    72, -6.822317475275e-01, 1.032410989612e-04, 1.1471e+00, 4.4849e-03, 
 2DIAGNOSTIC,    73, -6.825798885837e-01, 9.372263343558e-05, 1.1533e+00, 6.2039e-03, 
 2DIAGNOSTIC,    74, -6.826263733029e-01, 7.797282599616e-05, 1.1578e+00, 4.4560e-03, 
 2DIAGNOSTIC,    75, -6.826914365485e-01, 5.871059533945e-05, 1.1623e+00, 4.5712e-03, 
 2DIAGNOSTIC,    76, -6.828123028797e-01, 3.951572762598e-05, 1.1671e+00, 4.7801e-03, 
 2DIAGNOSTIC,    77, -6.832344836196e-01, 2.762667283327e-05, 1.1718e+00, 4.6699e-03, 
 2DIAGNOSTIC,    78, -6.838172130080e-01, 2.580675526776e-05, 1.1786e+00, 6.8090e-03, 
 2DIAGNOSTIC,    79, -6.837376730372e-01, 2.541958865063e-05, 1.1833e+00, 4.6771e-03, 
 2DIAGNOSTIC,    80, -6.837941316964e-01, 2.471286625969e-05, 1.1877e+00, 4.4160e-03, 
 2DIAGNOSTIC,    81, -6.839726788513e-01, 2.407072104836e-05, 1.1922e+00, 4.4689e-03, 
 2DIAGNOSTIC,    82, -6.841108086435e-01, 2.281125523196e-05, 1.1968e+00, 4.6601e-03, 
 2DIAGNOSTIC,    83, -6.851047519189e-01, 2.675889217229e-05, 1.2032e+00, 6.3610e-03, 
 2DIAGNOSTIC,    84, -6.858178025239e-01, 3.208899259283e-05, 1.2087e+00, 5.5509e-03, 
 2DIAGNOSTIC,    85, -6.861557042162e-01, 3.640463352543e-05, 1.2159e+00, 7.1890e-03, 
 2DIAGNOSTIC,    86, -6.861559915335e-01, 3.780254371272e-05, 1.2204e+00, 4.5071e-03, 
 2DIAGNOSTIC,    87, -6.861670104638e-01, 3.777837432168e-05, 1.2249e+00, 4.4661e-03, 
 2DIAGNOSTIC,    88, -6.861800686125e-01, 3.717575525306e-05, 1.2294e+00, 4.4940e-03, 
 2DIAGNOSTIC,    89, -6.861877382367e-01, 3.259418323374e-05, 1.2344e+00, 4.9560e-03, 
 2DIAGNOSTIC,    90, -6.861915367317e-01, 2.533884816564e-05, 1.2388e+00, 4.4339e-03, 
 2DIAGNOSTIC,    91, -6.861985126540e-01, 1.686258951741e-05, 1.2434e+00, 4.6580e-03, 
 2DIAGNOSTIC,    92, -6.862113967281e-01, 7.665643153375e-06, 1.2479e+00, 4.4861e-03, 
 2DIAGNOSTIC,    93, -6.862267510026e-01, 2.805242038998e-06, 1.2524e+00, 4.4560e-03, 
 2DIAGNOSTIC,    94, -6.862421307264e-01, 1.275616824793e-06, 1.2573e+00, 4.9250e-03, 
 2DIAGNOSTIC,    95, -6.863402086105e-01, 1.765332933374e-06, 1.2633e+00, 5.9810e-03, 
 2DIAGNOSTIC,    96, -6.863401377676e-01, 2.097393871850e-06, 1.2677e+00, 4.4360e-03, 
 2DIAGNOSTIC,    97, -6.863402775485e-01, 2.310100281925e-06, 1.2722e+00, 4.4270e-03, 
 2DIAGNOSTIC,    98, -6.863407385225e-01, 2.396587087325e-06, 1.2766e+00, 4.4348e-03, 
 2DIAGNOSTIC,    99, -6.863418785369e-01, 2.321132286409e-06, 1.2814e+00, 4.7710e-03, 
 2DIAGNOSTIC,   100, -6.863434253282e-01, 2.073632600895e-06, 1.2957e+00, 1.4315e-02, 
 2DIAGNOSTIC,   101, -6.863434251678e-01, 1.693746974337e-06, 1.3095e+00, 1.3834e-02, 
 2DIAGNOSTIC,   102, -6.863434251678e-01, 1.253772063526e-06, 1.3166e+00, 7.1290e-03, 
DIAGNOSTIC,Iteration,metricValue,convergenceValue,ITERATION_TIME_INDEX,SINCE_LAST
 2DIAGNOSTIC,     1, -5.583126058301e-01, 1.797693134862e+308, 2.0695e+00, 7.5290e-01, 
 2DIAGNOSTIC,     2, -5.587681546787e-01, 1.797693134862e+308, 2.0999e+00, 3.0392e-02, 
 2DIAGNOSTIC,     3, -5.591008366784e-01, 1.797693134862e+308, 2.1317e+00, 3.1773e-02, 
 2DIAGNOSTIC,     4, -5.599290520842e-01, 1.797693134862e+308, 2.1643e+00, 3.2596e-02, 
 2DIAGNOSTIC,     5, -5.608877272632e-01, 1.797693134862e+308, 2.2015e+00, 3.7225e-02, 
 2DIAGNOSTIC,     6, -5.613229950708e-01, 1.797693134862e+308, 2.2341e+00, 3.2561e-02, 
 2DIAGNOSTIC,     7, -5.624634303028e-01, 1.797693134862e+308, 2.2704e+00, 3.6306e-02, 
 2DIAGNOSTIC,     8, -5.631322179239e-01, 1.797693134862e+308, 2.3135e+00, 4.3115e-02, 
 2DIAGNOSTIC,     9, -5.632644766815e-01, 1.797693134862e+308, 2.3500e+00, 3.6525e-02, 
 2DIAGNOSTIC,    10, -5.639251931915e-01, 6.933662322804e-04, 2.3826e+00, 3.2538e-02, 
 2DIAGNOSTIC,    11, -5.654729441019e-01, 6.699790873567e-04, 2.4195e+00, 3.6904e-02, 
 2DIAGNOSTIC,    12, -5.659948464900e-01, 6.301449496368e-04, 2.4605e+00, 4.0991e-02, 
 2DIAGNOSTIC,    13, -5.661015829652e-01, 5.566766448780e-04, 2.5002e+00, 3.9700e-02, 
 2DIAGNOSTIC,    14, -5.661232349713e-01, 4.747636350826e-04, 2.5418e+00, 4.1587e-02, 
 2DIAGNOSTIC,    15, -5.661571100040e-01, 3.942710050765e-04, 2.5937e+00, 5.1951e-02, 
 2DIAGNOSTIC,    16, -5.661503886612e-01, 2.998328849644e-04, 2.6283e+00, 3.4573e-02, 
 2DIAGNOSTIC,    17, -5.661451133596e-01, 2.222357008302e-04, 2.6632e+00, 3.4934e-02, 
 2DIAGNOSTIC,    18, -5.661225346909e-01, 1.518015557542e-04, 2.6939e+00, 3.0729e-02, 
 2DIAGNOSTIC,    19, -5.661098571987e-01, 7.829994396995e-05, 2.7271e+00, 3.3134e-02, 
 2DIAGNOSTIC,    20, -5.661055985888e-01, 2.068353295565e-05, 2.7582e+00, 3.1079e-02, 
 2DIAGNOSTIC,    21, -5.660914993834e-01, 3.292144907213e-06, 2.7890e+00, 3.0826e-02, 
DIAGNOSTIC,Iteration,metricValue,convergenceValue,ITERATION_TIME_INDEX,SINCE_LAST
 2DIAGNOSTIC,     1, -5.039550999198e-01, 1.797693134862e+308, 4.0274e+00, 1.2384e+00, 
 2DIAGNOSTIC,     2, -5.041339478022e-01, 1.797693134862e+308, 4.2999e+00, 2.7248e-01, 
 2DIAGNOSTIC,     3, -5.042653405735e-01, 1.797693134862e+308, 4.5480e+00, 2.4813e-01, 
 2DIAGNOSTIC,     4, -5.043232072519e-01, 1.797693134862e+308, 4.8418e+00, 2.9383e-01, 
 2DIAGNOSTIC,     5, -5.043497259336e-01, 1.797693134862e+308, 5.1227e+00, 2.8092e-01, 
 2DIAGNOSTIC,     6, -5.044503411718e-01, 1.797693134862e+308, 5.3952e+00, 2.7243e-01, 
 2DIAGNOSTIC,     7, -5.045434959154e-01, 1.797693134862e+308, 5.7123e+00, 3.1713e-01, 
 2DIAGNOSTIC,     8, -5.045488272373e-01, 1.797693134862e+308, 6.0948e+00, 3.8254e-01, 
 2DIAGNOSTIC,     9, -5.045489928730e-01, 1.797693134862e+308, 6.3388e+00, 2.4393e-01, 
 2DIAGNOSTIC,    10, -5.045464480212e-01, 7.488274203987e-05, 6.6099e+00, 2.7115e-01, 
 2DIAGNOSTIC,    11, -5.045438040779e-01, 5.013749917859e-05, 6.8511e+00, 2.4119e-01, 
 2DIAGNOSTIC,    12, -5.045440626846e-01, 3.347756867222e-05, 7.1638e+00, 3.1266e-01, 
 2DIAGNOSTIC,    13, -5.045432233259e-01, 2.224713840360e-05, 7.4683e+00, 3.0455e-01, 
 2DIAGNOSTIC,    14, -5.045423592808e-01, 1.319545046717e-05, 7.7596e+00, 2.9132e-01, 
 2DIAGNOSTIC,    15, -5.045405768362e-01, 5.222656200829e-06, 8.0240e+00, 2.6438e-01, 
 2DIAGNOSTIC,    16, -5.045397040694e-01, 1.385708160731e-06, 8.2561e+00, 2.3208e-01, 
 2DIAGNOSTIC,    17, -5.045388716638e-01, 1.109092343361e-06, 8.5094e+00, 2.5333e-01, 
 2DIAGNOSTIC,    18, -5.045399269395e-01, 1.131118817395e-06, 8.7576e+00, 2.4821e-01, 
 2DIAGNOSTIC,    19, -5.045429267548e-01, 1.304118013634e-06, 9.0355e+00, 2.7785e-01, 
 2DIAGNOSTIC,    20, -5.045412182224e-01, 1.374844993754e-06, 9.3157e+00, 2.8021e-01, 
 2DIAGNOSTIC,    21, -5.045413256191e-01, 1.393449808658e-06, 9.5601e+00, 2.4438e-01, 
 2DIAGNOSTIC,    22, -5.045415046970e-01, 1.433514369958e-06, 9.8264e+00, 2.6629e-01, 
 2DIAGNOSTIC,    23, -5.045417282817e-01, 1.454511246224e-06, 1.0063e+01, 2.3648e-01, 
 2DIAGNOSTIC,    24, -5.045402154629e-01, 1.410730642554e-06, 1.0315e+01, 2.5233e-01, 
 2DIAGNOSTIC,    25, -5.045442715379e-01, 1.415905002848e-06, 1.0671e+01, 3.5565e-01, 
 2DIAGNOSTIC,    26, -5.045424783674e-01, 1.348545410999e-06, 1.0939e+01, 2.6791e-01, 
 2DIAGNOSTIC,    27, -5.045425482477e-01, 1.259526155692e-06, 1.1162e+01, 2.2356e-01, 
 2DIAGNOSTIC,    28, -5.045426718399e-01, 1.191694358034e-06, 1.1428e+01, 2.6532e-01, 
 2DIAGNOSTIC,    29, -5.045409474042e-01, 1.148675258696e-06, 1.1659e+01, 2.3091e-01, 
 2DIAGNOSTIC,    30, -5.045411837089e-01, 1.075969403158e-06, 1.1922e+01, 2.6304e-01, 
DIAGNOSTIC,Iteration,metricValue,convergenceValue,ITERATION_TIME_INDEX,SINCE_LAST
 2DIAGNOSTIC,     1, -4.672552316732e-01, 1.797693134862e+308, 1.4435e+01, 2.5134e+00, 
 2DIAGNOSTIC,     2, -4.673580221603e-01, 1.797693134862e+308, 1.5881e+01, 1.4464e+00, 
 2DIAGNOSTIC,     3, -4.673671612059e-01, 1.797693134862e+308, 1.7289e+01, 1.4079e+00, 
 2DIAGNOSTIC,     4, -4.673700992217e-01, 1.797693134862e+308, 2.0225e+01, 2.9352e+00, 
 2DIAGNOSTIC,     5, -4.673695247622e-01, 1.797693134862e+308, 2.2125e+01, 1.9004e+00, 
 2DIAGNOSTIC,     6, -4.673697282462e-01, 1.797693134862e+308, 2.3794e+01, 1.6687e+00, 
 2DIAGNOSTIC,     7, -4.673697285231e-01, 1.797693134862e+308, 2.6103e+01, 2.3094e+00, 
 2DIAGNOSTIC,     8, -4.673696251978e-01, 1.797693134862e+308, 3.0558e+01, 4.4549e+00, 
 2DIAGNOSTIC,     9, -4.673696251978e-01, 1.797693134862e+308, 3.2922e+01, 2.3642e+00, 
 2DIAGNOSTIC,    10, -4.673696251978e-01, 1.085072614675e-05, 3.4544e+01, 1.6216e+00, 
 2DIAGNOSTIC,    11, -4.673696251978e-01, 3.636520019154e-06, 3.6019e+01, 1.4756e+00, 
 2DIAGNOSTIC,    12, -4.673696251978e-01, 2.755043072025e-06, 3.7657e+01, 1.6380e+00, 
 2DIAGNOSTIC,    13, -4.673696251978e-01, 2.423257499662e-06, 3.9363e+01, 1.7062e+00, 
 2DIAGNOSTIC,    14, -4.673696251978e-01, 2.269482437367e-06, 4.1091e+01, 1.7275e+00, 
 2DIAGNOSTIC,    15, -4.673696251978e-01, 2.112863465770e-06, 4.2807e+01, 1.7164e+00, 
 2DIAGNOSTIC,    16, -4.673696251978e-01, 1.984227068735e-06, 4.4463e+01, 1.6559e+00, 
 2DIAGNOSTIC,    17, -4.673696251978e-01, 1.871202053798e-06, 4.6173e+01, 1.7094e+00, 
 2DIAGNOSTIC,    18, -4.673696251978e-01, 1.767244803927e-06, 4.7922e+01, 1.7493e+00, 
 2DIAGNOSTIC,    19, -4.673696251978e-01, 1.674230580020e-06, 4.9892e+01, 1.9698e+00, 
 2DIAGNOSTIC,    20, -4.673696251978e-01, 1.590517905742e-06, 5.1688e+01, 1.7960e+00, 
 2DIAGNOSTIC,    21, -4.673696251978e-01, 1.514777971001e-06, 5.3453e+01, 1.7653e+00, 
 2DIAGNOSTIC,    22, -4.673696251978e-01, 1.445923570521e-06, 5.5173e+01, 1.7195e+00, 
 2DIAGNOSTIC,    23, -4.673696251978e-01, 1.383056580449e-06, 5.6945e+01, 1.7721e+00, 
 2DIAGNOSTIC,    24, -4.673696251978e-01, 1.325428565929e-06, 5.8652e+01, 1.7070e+00, 
 2DIAGNOSTIC,    25, -4.673696251978e-01, 1.272410843065e-06, 6.0397e+01, 1.7455e+00, 
 2DIAGNOSTIC,    26, -4.673696251978e-01, 1.223471449437e-06, 6.2142e+01, 1.7451e+00, 
 2DIAGNOSTIC,    27, -4.673696251978e-01, 1.178157232863e-06, 6.3943e+01, 1.8007e+00, 
 2DIAGNOSTIC,    28, -4.673696251978e-01, 1.136079777628e-06, 6.5856e+01, 1.9131e+00, 
 2DIAGNOSTIC,    29, -4.673696251978e-01, 1.096904243249e-06, 6.7746e+01, 1.8899e+00, 
 2DIAGNOSTIC,    30, -4.673696251978e-01, 1.060340434976e-06, 6.9475e+01, 1.7292e+00, 
 2DIAGNOSTIC,    31, -4.673696251978e-01, 1.026135602933e-06, 7.1285e+01, 1.8099e+00, 
  Elapsed time (stage 0): 7.2305e+01


Total elapsed time: 7.2308e+01
Info [verificarlo]: loaded backend libinterflop_ieee.so
Info [interflop-ieee]: load backend with:
Info [interflop-ieee]: debug = false
Info [interflop-ieee]: debug-binary = false
Info [interflop-ieee]: no-backend-name = false
Info [interflop-ieee]: print-new-line = false
Info [interflop-ieee]: print-subnormal-normalized = false
Info [interflop-ieee]: count-op = false
All_Command_lines_OK
Using double precision for computations.
=============================================================================
The composite transform comprises the following transforms (in order): 
  1. /home/mdugre/scratch/mri-registration-rp/datasets/ds004513/derivatives/mri-registration-rp/0001/antsRegistration-r7-p14/sub-s035/rigid_Composite.h5[0] (type = Euler3DTransform)
  2. /home/mdugre/scratch/mri-registration-rp/datasets/ds004513/derivatives/mri-registration-rp/0001/antsRegistration-r7-p14/sub-s035/rigid_Composite.h5[1] (type = Euler3DTransform)
  3. /home/mdugre/scratch/mri-registration-rp/datasets/ds004513/derivatives/mri-registration-rp/0001/antsRegistration-r7-p14/sub-s035/rigid_Composite.h5[2] (type = Euler3DTransform)
=============================================================================
  number of levels = 4
  fixed image: /templateflow/tpl-MNI152NLin2009cAsym/tpl-MNI152NLin2009cAsym_res-01_desc-brain_T1w.nii.gz
  moving image: /home/mdugre/scratch/mri-registration-rp/datasets/ds004513/derivatives/mri-registration-rp/antsBrainExtraction/sub-s035/BrainExtractionBrain.nii.gz
Dimension = 3
Number of stages = 1
Use histogram matching = false
Winsorize image intensities = true
  Lower quantile = 0.005
  Upper quantile = 0.995


Stage 1 State
   Image metric = MattesMI
     Fixed image = Image (0x519d7e0)
  RTTI typeinfo:   itk::Image<double, 3u>
  Reference Count: 2
  Modified Time: 1592
  Debug: Off
  Object Name: 
  Observers: 
    none
  Source: (none)
  Source output name: (none)
  Release Data: Off
  Data Released: False
  Global Release Data: Off
  PipelineMTime: 0
  UpdateMTime: 1203
  RealTimeStamp: 0 seconds 
  LargestPossibleRegion: 
    Dimension: 3
    Index: [0, 0, 0]
    Size: [193, 229, 193]
  BufferedRegion: 
    Dimension: 3
    Index: [0, 0, 0]
    Size: [193, 229, 193]
  RequestedRegion: 
    Dimension: 3
    Index: [0, 0, 0]
    Size: [193, 229, 193]
  Spacing: [1, 1, 1]
  Origin: [96, 132, -78]
  Direction: 
-1 0 0
0 -1 0
0 0 1

  IndexToPointMatrix: 
-1 0 0
0 -1 0
0 0 1

  PointToIndexMatrix: 
-1 0 0
0 -1 0
0 0 1

  Inverse Direction: 
-1 0 0
0 -1 0
0 0 1

  PixelContainer: 
    ImportImageContainer (0x525da20)
      RTTI typeinfo:   itk::ImportImageContainer<unsigned long, double>
      Reference Count: 1
      Modified Time: 1200
      Debug: Off
      Object Name: 
      Observers: 
        none
      Pointer: 0x15440c845010
      Container manages memory: true
      Size: 8530021
      Capacity: 8530021

     Moving image = Image (0x5258d70)
  RTTI typeinfo:   itk::Image<double, 3u>
  Reference Count: 2
  Modified Time: 1593
  Debug: Off
  Object Name: 
  Observers: 
    none
  Source: (none)
  Source output name: (none)
  Release Data: Off
  Data Released: False
  Global Release Data: Off
  PipelineMTime: 0
  UpdateMTime: 1590
  RealTimeStamp: 0 seconds 
  LargestPossibleRegion: 
    Dimension: 3
    Index: [0, 0, 0]
    Size: [160, 240, 256]
  BufferedRegion: 
    Dimension: 3
    Index: [0, 0, 0]
    Size: [160, 240, 256]
  RequestedRegion: 
    Dimension: 3
    Index: [0, 0, 0]
    Size: [160, 240, 256]
  Spacing: [1, 1, 1]
  Origin: [98.6438, 87.6358, -117.989]
  Direction: 
-0.993515 -0.100993 -0.0522355
0.100854 -0.994887 0.00530255
-0.0525039 1.93537e-08 0.998621

  IndexToPointMatrix: 
-0.993515 -0.100993 -0.0522355
0.100854 -0.994887 0.00530255
-0.0525039 1.93537e-08 0.998621

  PointToIndexMatrix: 
-0.993515 0.100854 -0.0525039
-0.100993 -0.994887 1.93006e-08
-0.0522355 0.00530255 0.998621

  Inverse Direction: 
-0.993515 0.100854 -0.0525039
-0.100993 -0.994887 1.93006e-08
-0.0522355 0.00530255 0.998621

  PixelContainer: 
    ImportImageContainer (0x5210c90)
      RTTI typeinfo:   itk::ImportImageContainer<unsigned long, double>
      Reference Count: 1
      Modified Time: 1587
      Debug: Off
      Object Name: 
      Observers: 
        none
      Pointer: 0x154407d44010
      Container manages memory: true
      Size: 9830400
      Capacity: 9830400

     Weighting = 1
     Sampling strategy = regular
     Number of bins = 32
     Radius = 4
     Sampling percentage  = 0.25
   Transform = Affine
     Gradient step = 0.1
     Update field sigma (voxel space) = 0
     Total field sigma (voxel space) = 0
     Update field time sigma = 0
     Total field time sigma  = 0
     Number of time indices = 0
     Number of time point samples = 0
Registration using 1 total stages.

Stage 0
  iterations = 1000x500x250x100
  convergence threshold = 1e-06
  convergence window size = 10
  number of levels = 4
  using the Mattes MI metric (number of bins = 32, weight = 1, use gradient filter = 0)
  preprocessing:  winsorizing the image intensities
  Shrink factors (level 1 out of 4): [8, 8, 8]
  Shrink factors (level 2 out of 4): [4, 4, 4]
  Shrink factors (level 3 out of 4): [2, 2, 2]
  Shrink factors (level 4 out of 4): [1, 1, 1]
  smoothing sigmas per level: [3, 2, 1, 0]
  regular sampling (percentage = 0.25)

*** Running AffineTransform registration ***

DIAGNOSTIC,Iteration,metricValue,convergenceValue,ITERATION_TIME_INDEX,SINCE_LAST
 2DIAGNOSTIC,     1, -6.772044279176e-01, 1.797693134862e+308, 6.8144e-01, 6.8144e-01, 
 2DIAGNOSTIC,     2, -6.792263537885e-01, 1.797693134862e+308, 6.8705e-01, 5.6078e-03, 
 2DIAGNOSTIC,     3, -6.832796337224e-01, 1.797693134862e+308, 6.9219e-01, 5.1391e-03, 
 2DIAGNOSTIC,     4, -6.898503291234e-01, 1.797693134862e+308, 6.9717e-01, 4.9772e-03, 
 2DIAGNOSTIC,     5, -7.000935920614e-01, 1.797693134862e+308, 7.0224e-01, 5.0669e-03, 
 2DIAGNOSTIC,     6, -7.114926141135e-01, 1.797693134862e+308, 7.0803e-01, 5.7981e-03, 
 2DIAGNOSTIC,     7, -7.368691854201e-01, 1.797693134862e+308, 7.1519e-01, 7.1580e-03, 
 2DIAGNOSTIC,     8, -7.363893575297e-01, 1.797693134862e+308, 7.2444e-01, 9.2480e-03, 
 2DIAGNOSTIC,     9, -7.364550952709e-01, 1.797693134862e+308, 7.3012e-01, 5.6779e-03, 
 2DIAGNOSTIC,    10, -7.364175630070e-01, 6.833692039231e-03, 7.3600e-01, 5.8799e-03, 
 2DIAGNOSTIC,    11, -7.362844028349e-01, 5.718681456309e-03, 7.4110e-01, 5.1060e-03, 
 2DIAGNOSTIC,    12, -7.363042087267e-01, 4.341171347424e-03, 7.4695e-01, 5.8491e-03, 
 2DIAGNOSTIC,    13, -7.364715740897e-01, 2.921040286005e-03, 7.5289e-01, 5.9350e-03, 
 2DIAGNOSTIC,    14, -7.365184287008e-01, 1.639467645109e-03, 7.5892e-01, 6.0310e-03, 
 2DIAGNOSTIC,    15, -7.363950489367e-01, 6.503723655601e-04, 7.6430e-01, 5.3849e-03, 
DIAGNOSTIC,Iteration,metricValue,convergenceValue,ITERATION_TIME_INDEX,SINCE_LAST
 2DIAGNOSTIC,     1, -6.004623268176e-01, 1.797693134862e+308, 1.5381e+00, 7.7378e-01, 
 2DIAGNOSTIC,     2, -6.019355001428e-01, 1.797693134862e+308, 1.5746e+00, 3.6565e-02, 
 2DIAGNOSTIC,     3, -6.039828057184e-01, 1.797693134862e+308, 1.6100e+00, 3.5387e-02, 
 2DIAGNOSTIC,     4, -6.065438841122e-01, 1.797693134862e+308, 1.6450e+00, 3.4948e-02, 
 2DIAGNOSTIC,     5, -6.085708662922e-01, 1.797693134862e+308, 1.6805e+00, 3.5543e-02, 
 2DIAGNOSTIC,     6, -6.093079457078e-01, 1.797693134862e+308, 1.7191e+00, 3.8598e-02, 
 2DIAGNOSTIC,     7, -6.096964592614e-01, 1.797693134862e+308, 1.7541e+00, 3.4994e-02, 
 2DIAGNOSTIC,     8, -6.100967230586e-01, 1.797693134862e+308, 1.7985e+00, 4.4398e-02, 
 2DIAGNOSTIC,     9, -6.103193729689e-01, 1.797693134862e+308, 1.8786e+00, 8.0112e-02, 
 2DIAGNOSTIC,    10, -6.103314898014e-01, 1.083599231176e-03, 1.9149e+00, 3.6293e-02, 
 2DIAGNOSTIC,    11, -6.103254220103e-01, 7.414802842445e-04, 1.9636e+00, 4.8639e-02, 
 2DIAGNOSTIC,    12, -6.103266058568e-01, 4.478344933300e-04, 2.0031e+00, 3.9569e-02, 
 2DIAGNOSTIC,    13, -6.103082581124e-01, 2.306878309030e-04, 2.0380e+00, 3.4923e-02, 
 2DIAGNOSTIC,    14, -6.103004610726e-01, 1.076064517762e-04, 2.0728e+00, 3.4746e-02, 
 2DIAGNOSTIC,    15, -6.102939700572e-01, 5.398548058293e-05, 2.1118e+00, 3.9030e-02, 
 2DIAGNOSTIC,    16, -6.102971428358e-01, 2.386725234724e-05, 2.1515e+00, 3.9667e-02, 
 2DIAGNOSTIC,    17, -6.102910576216e-01, 5.555737321195e-06, 2.1867e+00, 3.5195e-02, 
DIAGNOSTIC,Iteration,metricValue,convergenceValue,ITERATION_TIME_INDEX,SINCE_LAST
 2DIAGNOSTIC,     1, -5.339551569194e-01, 1.797693134862e+308, 3.3457e+00, 1.1591e+00, 
 2DIAGNOSTIC,     2, -5.343746812099e-01, 1.797693134862e+308, 3.7051e+00, 3.5933e-01, 
 2DIAGNOSTIC,     3, -5.347075892650e-01, 1.797693134862e+308, 4.0831e+00, 3.7806e-01, 
 2DIAGNOSTIC,     4, -5.348874687738e-01, 1.797693134862e+308, 4.4122e+00, 3.2906e-01, 
 2DIAGNOSTIC,     5, -5.350850250526e-01, 1.797693134862e+308, 4.7219e+00, 3.0974e-01, 
 2DIAGNOSTIC,     6, -5.356060292539e-01, 1.797693134862e+308, 5.1070e+00, 3.8508e-01, 
 2DIAGNOSTIC,     7, -5.356387922360e-01, 1.797693134862e+308, 5.4056e+00, 2.9858e-01, 
 2DIAGNOSTIC,     8, -5.356908375695e-01, 1.797693134862e+308, 5.7818e+00, 3.7622e-01, 
 2DIAGNOSTIC,     9, -5.358085901971e-01, 1.797693134862e+308, 6.0898e+00, 3.0798e-01, 
 2DIAGNOSTIC,    10, -5.359527538886e-01, 2.356520785804e-04, 6.4322e+00, 3.4238e-01, 
 2DIAGNOSTIC,    11, -5.361637204948e-01, 1.868881070901e-04, 6.8963e+00, 4.6407e-01, 
 2DIAGNOSTIC,    12, -5.362368693583e-01, 1.511548321610e-04, 7.2707e+00, 3.7448e-01, 
 2DIAGNOSTIC,    13, -5.362363034150e-01, 1.213803338338e-04, 7.7279e+00, 4.5716e-01, 
 2DIAGNOSTIC,    14, -5.362363344698e-01, 9.198986837179e-05, 8.0594e+00, 3.3155e-01, 
 2DIAGNOSTIC,    15, -5.362361461112e-01, 6.474425872857e-05, 8.3651e+00, 3.0566e-01, 
 2DIAGNOSTIC,    16, -5.362352730621e-01, 5.232601336883e-05, 8.6467e+00, 2.8163e-01, 
 2DIAGNOSTIC,    17, -5.362350981858e-01, 3.776269644976e-05, 8.9776e+00, 3.3091e-01, 
 2DIAGNOSTIC,    18, -5.362341870813e-01, 2.305641374371e-05, 9.2970e+00, 3.1938e-01, 
 2DIAGNOSTIC,    19, -5.362331075692e-01, 1.117456982976e-05, 9.6325e+00, 3.3543e-01, 
 2DIAGNOSTIC,    20, -5.362313513888e-01, 3.240410333220e-06, 1.0002e+01, 3.6980e-01, 
 2DIAGNOSTIC,    21, -5.362300011257e-01, 1.152335644357e-06, 1.0314e+01, 3.1139e-01, 
 2DIAGNOSTIC,    22, -5.362294664128e-01, 1.039754671202e-06, 1.0665e+01, 3.5134e-01, 
DIAGNOSTIC,Iteration,metricValue,convergenceValue,ITERATION_TIME_INDEX,SINCE_LAST
 2DIAGNOSTIC,     1, -4.911442075242e-01, 1.797693134862e+308, 1.3628e+01, 2.9629e+00, 
 2DIAGNOSTIC,     2, -4.915339406753e-01, 1.797693134862e+308, 1.5548e+01, 1.9203e+00, 
 2DIAGNOSTIC,     3, -4.918596957023e-01, 1.797693134862e+308, 1.7415e+01, 1.8672e+00, 
 2DIAGNOSTIC,     4, -4.921246303259e-01, 1.797693134862e+308, 1.9323e+01, 1.9076e+00, 
 2DIAGNOSTIC,     5, -4.923031110672e-01, 1.797693134862e+308, 2.1185e+01, 1.8622e+00, 
 2DIAGNOSTIC,     6, -4.926409935315e-01, 1.797693134862e+308, 2.3850e+01, 2.6647e+00, 
 2DIAGNOSTIC,     7, -4.927039278091e-01, 1.797693134862e+308, 2.5740e+01, 1.8897e+00, 
 2DIAGNOSTIC,     8, -4.929053248577e-01, 1.797693134862e+308, 2.7424e+01, 1.6843e+00, 
 2DIAGNOSTIC,     9, -4.929774483941e-01, 1.797693134862e+308, 3.1499e+01, 4.0754e+00, 
 2DIAGNOSTIC,    10, -4.929761178558e-01, 2.429540679529e-04, 3.4546e+01, 3.0469e+00, 
 2DIAGNOSTIC,    11, -4.929761392064e-01, 1.764690020793e-04, 3.6678e+01, 2.1315e+00, 
 2DIAGNOSTIC,    12, -4.929761589447e-01, 1.240127039263e-04, 3.9280e+01, 2.6023e+00, 
 2DIAGNOSTIC,    13, -4.929760854319e-01, 8.296488856623e-05, 4.1432e+01, 2.1524e+00, 
 2DIAGNOSTIC,    14, -4.929760118509e-01, 5.130971767822e-05, 4.3464e+01, 2.0317e+00, 
 2DIAGNOSTIC,    15, -4.929759382283e-01, 2.603903057877e-05, 4.5182e+01, 1.7179e+00, 
 2DIAGNOSTIC,    16, -4.929758894154e-01, 1.398500521957e-05, 4.6840e+01, 1.6582e+00, 
 2DIAGNOSTIC,    17, -4.929757724747e-01, 4.210681763588e-06, 4.8859e+01, 2.0183e+00, 
 2DIAGNOSTIC,    18, -4.929756731774e-01, 1.692646616765e-06, 5.0576e+01, 1.7171e+00, 
 2DIAGNOSTIC,    19, -4.929757060066e-01, 1.639129897486e-06, 5.2778e+01, 2.2025e+00, 
 2DIAGNOSTIC,    20, -4.929753320994e-01, 1.545059725015e-06, 5.4927e+01, 2.1486e+00, 
 2DIAGNOSTIC,    21, -4.929750442586e-01, 1.457195164124e-06, 5.6890e+01, 1.9636e+00, 
