
##########################
# Experiment information #
##########################

EXPERIMENT_NAME: antsRegistration-r7-p17
VFC_BACKENDS: libinterflop_vprec.so --range-binary32=7 --precision-binary32=17 --range-binary64=7 --precision-binary64=17

SIF_IMG: /home/mdugre/projects/rrg-glatard/mdugre/containers/ants-vprec-no_metrics.simg

SUBJECT_ID: s035
INPUT_IMG: /home/mdugre/scratch/mri-registration-rp/datasets/ds004513/derivatives/mri-registration-rp/antsBrainExtraction/sub-s035/BrainExtractionBrain.nii.gz
OUTPUT_DIR: /home/mdugre/scratch/mri-registration-rp/datasets/ds004513/derivatives/mri-registration-rp/0011/antsRegistration-r7-p17/sub-s035

FIXED_IMG: /templateflow/tpl-MNI152NLin2009cAsym/tpl-MNI152NLin2009cAsym_res-01_desc-brain_T1w.nii.gz
DATA_DIR: /home/mdugre/scratch/mri-registration-rp/datasets/ds004513
TEMPLATEFLOW_DIR: /home/mdugre/projects/rrg-glatard/mdugre/templateflow
ITK_GLOBAL_DEFAULT_NUMBER_OF_THREADS: 16
##########################

Info [verificarlo]: loaded backend libinterflop_ieee.so
Info [interflop-ieee]: load backend with:
Info [interflop-ieee]: debug = false
Info [interflop-ieee]: debug-binary = false
Info [interflop-ieee]: no-backend-name = false
Info [interflop-ieee]: print-new-line = false
Info [interflop-ieee]: print-subnormal-normalized = false
Info [interflop-ieee]: count-op = false
All_Command_lines_OK
Using double precision for computations.
=============================================================================
The composite transform comprises the following transforms (in order): 
  1. Center of mass alignment using fixed image: /templateflow/tpl-MNI152NLin2009cAsym/tpl-MNI152NLin2009cAsym_res-01_desc-brain_T1w.nii.gz and moving image: /home/mdugre/scratch/mri-registration-rp/datasets/ds004513/derivatives/mri-registration-rp/antsBrainExtraction/sub-s035/BrainExtractionBrain.nii.gz (type = Euler3DTransform)
=============================================================================
  number of levels = 1
  fixed image: /templateflow/tpl-MNI152NLin2009cAsym/tpl-MNI152NLin2009cAsym_res-01_desc-brain_T1w.nii.gz
  moving image: /home/mdugre/scratch/mri-registration-rp/datasets/ds004513/derivatives/mri-registration-rp/antsBrainExtraction/sub-s035/BrainExtractionBrain.nii.gz
Dimension = 3
Number of stages = 1
Use histogram matching = false
Winsorize image intensities = true
  Lower quantile = 0.005
  Upper quantile = 0.995


Stage 1 State
   Image metric = MattesMI
     Fixed image = Image (0x3ca1e70)
  RTTI typeinfo:   itk::Image<double, 3u>
  Reference Count: 2
  Modified Time: 2330
  Debug: Off
  Object Name: 
  Observers: 
    none
  Source: (none)
  Source output name: (none)
  Release Data: Off
  Data Released: False
  Global Release Data: Off
  PipelineMTime: 0
  UpdateMTime: 1941
  RealTimeStamp: 0 seconds 
  LargestPossibleRegion: 
    Dimension: 3
    Index: [0, 0, 0]
    Size: [193, 229, 193]
  BufferedRegion: 
    Dimension: 3
    Index: [0, 0, 0]
    Size: [193, 229, 193]
  RequestedRegion: 
    Dimension: 3
    Index: [0, 0, 0]
    Size: [193, 229, 193]
  Spacing: [1, 1, 1]
  Origin: [96, 132, -78]
  Direction: 
-1 0 0
0 -1 0
0 0 1

  IndexToPointMatrix: 
-1 0 0
0 -1 0
0 0 1

  PointToIndexMatrix: 
-1 0 0
0 -1 0
0 0 1

  Inverse Direction: 
-1 0 0
0 -1 0
0 0 1

  PixelContainer: 
    ImportImageContainer (0x3caac60)
      RTTI typeinfo:   itk::ImportImageContainer<unsigned long, double>
      Reference Count: 1
      Modified Time: 1938
      Debug: Off
      Object Name: 
      Observers: 
        none
      Pointer: 0x14b75f8dd010
      Container manages memory: true
      Size: 8530021
      Capacity: 8530021

     Moving image = Image (0x3d3eec0)
  RTTI typeinfo:   itk::Image<double, 3u>
  Reference Count: 2
  Modified Time: 2331
  Debug: Off
  Object Name: 
  Observers: 
    none
  Source: (none)
  Source output name: (none)
  Release Data: Off
  Data Released: False
  Global Release Data: Off
  PipelineMTime: 0
  UpdateMTime: 2328
  RealTimeStamp: 0 seconds 
  LargestPossibleRegion: 
    Dimension: 3
    Index: [0, 0, 0]
    Size: [160, 240, 256]
  BufferedRegion: 
    Dimension: 3
    Index: [0, 0, 0]
    Size: [160, 240, 256]
  RequestedRegion: 
    Dimension: 3
    Index: [0, 0, 0]
    Size: [160, 240, 256]
  Spacing: [1, 1, 1]
  Origin: [98.6438, 87.6358, -117.989]
  Direction: 
-0.993515 -0.100993 -0.0522355
0.100854 -0.994887 0.00530255
-0.0525039 1.93537e-08 0.998621

  IndexToPointMatrix: 
-0.993515 -0.100993 -0.0522355
0.100854 -0.994887 0.00530255
-0.0525039 1.93537e-08 0.998621

  PointToIndexMatrix: 
-0.993515 0.100854 -0.0525039
-0.100993 -0.994887 1.93006e-08
-0.0522355 0.00530255 0.998621

  Inverse Direction: 
-0.993515 0.100854 -0.0525039
-0.100993 -0.994887 1.93006e-08
-0.0522355 0.00530255 0.998621

  PixelContainer: 
    ImportImageContainer (0x3dd6610)
      RTTI typeinfo:   itk::ImportImageContainer<unsigned long, double>
      Reference Count: 1
      Modified Time: 2325
      Debug: Off
      Object Name: 
      Observers: 
        none
      Pointer: 0x14b75addc010
      Container manages memory: true
      Size: 9830400
      Capacity: 9830400

     Weighting = 1
     Sampling strategy = regular
     Number of bins = 32
     Radius = 4
     Sampling percentage  = 0.25
   Transform = Rigid
     Gradient step = 0.1
     Update field sigma (voxel space) = 0
     Total field sigma (voxel space) = 0
     Update field time sigma = 0
     Total field time sigma  = 0
     Number of time indices = 0
     Number of time point samples = 0
Registration using 1 total stages.

Stage 0
  iterations = 0
  convergence threshold = 1e-06
  convergence window size = 10
  number of levels = 1
  using the Mattes MI metric (number of bins = 32, weight = 1, use gradient filter = 0)
  preprocessing:  winsorizing the image intensities
  Shrink factors (level 1 out of 1): [1, 1, 1]
  smoothing sigmas per level: [0]
  regular sampling (percentage = 0.25)

*** Running Euler3DTransform registration ***

  Elapsed time (stage 0): 1.09694


Total elapsed time: 1.10014
Info [verificarlo]: loaded backend libinterflop_ieee.so
Info [interflop-ieee]: load backend with:
Info [interflop-ieee]: debug = false
Info [interflop-ieee]: debug-binary = false
Info [interflop-ieee]: no-backend-name = false
Info [interflop-ieee]: print-new-line = false
Info [interflop-ieee]: print-subnormal-normalized = false
Info [interflop-ieee]: count-op = false
All_Command_lines_OK
Using double precision for computations.
=============================================================================
The composite transform comprises the following transforms (in order): 
  1. /home/mdugre/scratch/mri-registration-rp/datasets/ds004513/derivatives/mri-registration-rp/0011/antsRegistration-r7-p17/sub-s035/align_Composite.h5[0] (type = Euler3DTransform)
  2. /home/mdugre/scratch/mri-registration-rp/datasets/ds004513/derivatives/mri-registration-rp/0011/antsRegistration-r7-p17/sub-s035/align_Composite.h5[1] (type = Euler3DTransform)
=============================================================================
  number of levels = 4
  fixed image: /templateflow/tpl-MNI152NLin2009cAsym/tpl-MNI152NLin2009cAsym_res-01_desc-brain_T1w.nii.gz
  moving image: /home/mdugre/scratch/mri-registration-rp/datasets/ds004513/derivatives/mri-registration-rp/antsBrainExtraction/sub-s035/BrainExtractionBrain.nii.gz
Dimension = 3
Number of stages = 1
Use histogram matching = false
Winsorize image intensities = true
  Lower quantile = 0.005
  Upper quantile = 0.995


Stage 1 State
   Image metric = MattesMI
     Fixed image = Image (0x5010530)
  RTTI typeinfo:   itk::Image<double, 3u>
  Reference Count: 2
  Modified Time: 1578
  Debug: Off
  Object Name: 
  Observers: 
    none
  Source: (none)
  Source output name: (none)
  Release Data: Off
  Data Released: False
  Global Release Data: Off
  PipelineMTime: 0
  UpdateMTime: 1189
  RealTimeStamp: 0 seconds 
  LargestPossibleRegion: 
    Dimension: 3
    Index: [0, 0, 0]
    Size: [193, 229, 193]
  BufferedRegion: 
    Dimension: 3
    Index: [0, 0, 0]
    Size: [193, 229, 193]
  RequestedRegion: 
    Dimension: 3
    Index: [0, 0, 0]
    Size: [193, 229, 193]
  Spacing: [1, 1, 1]
  Origin: [96, 132, -78]
  Direction: 
-1 0 0
0 -1 0
0 0 1

  IndexToPointMatrix: 
-1 0 0
0 -1 0
0 0 1

  PointToIndexMatrix: 
-1 0 0
0 -1 0
0 0 1

  Inverse Direction: 
-1 0 0
0 -1 0
0 0 1

  PixelContainer: 
    ImportImageContainer (0x50ced60)
      RTTI typeinfo:   itk::ImportImageContainer<unsigned long, double>
      Reference Count: 1
      Modified Time: 1186
      Debug: Off
      Object Name: 
      Observers: 
        none
      Pointer: 0x14abd2569010
      Container manages memory: true
      Size: 8530021
      Capacity: 8530021

     Moving image = Image (0x50c0f60)
  RTTI typeinfo:   itk::Image<double, 3u>
  Reference Count: 2
  Modified Time: 1579
  Debug: Off
  Object Name: 
  Observers: 
    none
  Source: (none)
  Source output name: (none)
  Release Data: Off
  Data Released: False
  Global Release Data: Off
  PipelineMTime: 0
  UpdateMTime: 1576
  RealTimeStamp: 0 seconds 
  LargestPossibleRegion: 
    Dimension: 3
    Index: [0, 0, 0]
    Size: [160, 240, 256]
  BufferedRegion: 
    Dimension: 3
    Index: [0, 0, 0]
    Size: [160, 240, 256]
  RequestedRegion: 
    Dimension: 3
    Index: [0, 0, 0]
    Size: [160, 240, 256]
  Spacing: [1, 1, 1]
  Origin: [98.6438, 87.6358, -117.989]
  Direction: 
-0.993515 -0.100993 -0.0522355
0.100854 -0.994887 0.00530255
-0.0525039 1.93537e-08 0.998621

  IndexToPointMatrix: 
-0.993515 -0.100993 -0.0522355
0.100854 -0.994887 0.00530255
-0.0525039 1.93537e-08 0.998621

  PointToIndexMatrix: 
-0.993515 0.100854 -0.0525039
-0.100993 -0.994887 1.93006e-08
-0.0522355 0.00530255 0.998621

  Inverse Direction: 
-0.993515 0.100854 -0.0525039
-0.100993 -0.994887 1.93006e-08
-0.0522355 0.00530255 0.998621

  PixelContainer: 
    ImportImageContainer (0x50b26d0)
      RTTI typeinfo:   itk::ImportImageContainer<unsigned long, double>
      Reference Count: 1
      Modified Time: 1573
      Debug: Off
      Object Name: 
      Observers: 
        none
      Pointer: 0x14abcda68010
      Container manages memory: true
      Size: 9830400
      Capacity: 9830400

     Weighting = 1
     Sampling strategy = regular
     Number of bins = 32
     Radius = 4
     Sampling percentage  = 0.25
   Transform = Rigid
     Gradient step = 0.1
     Update field sigma (voxel space) = 0
     Total field sigma (voxel space) = 0
     Update field time sigma = 0
     Total field time sigma  = 0
     Number of time indices = 0
     Number of time point samples = 0
Registration using 1 total stages.

Stage 0
  iterations = 1000x500x250x100
  convergence threshold = 1e-06
  convergence window size = 10
  number of levels = 4
  using the Mattes MI metric (number of bins = 32, weight = 1, use gradient filter = 0)
  preprocessing:  winsorizing the image intensities
  Shrink factors (level 1 out of 4): [8, 8, 8]
  Shrink factors (level 2 out of 4): [4, 4, 4]
  Shrink factors (level 3 out of 4): [2, 2, 2]
  Shrink factors (level 4 out of 4): [1, 1, 1]
  smoothing sigmas per level: [3, 2, 1, 0]
  regular sampling (percentage = 0.25)

*** Running Euler3DTransform registration ***

DIAGNOSTIC,Iteration,metricValue,convergenceValue,ITERATION_TIME_INDEX,SINCE_LAST
 2DIAGNOSTIC,     1, -5.238630234552e-01, 1.797693134862e+308, 8.8650e-01, 8.8650e-01, 
 2DIAGNOSTIC,     2, -5.257885820767e-01, 1.797693134862e+308, 8.9063e-01, 4.1261e-03, 
 2DIAGNOSTIC,     3, -5.278597554839e-01, 1.797693134862e+308, 8.9503e-01, 4.4060e-03, 
 2DIAGNOSTIC,     4, -5.302176117225e-01, 1.797693134862e+308, 8.9947e-01, 4.4329e-03, 
 2DIAGNOSTIC,     5, -5.343462816845e-01, 1.797693134862e+308, 9.0357e-01, 4.1051e-03, 
 2DIAGNOSTIC,     6, -5.399239396740e-01, 1.797693134862e+308, 9.0794e-01, 4.3650e-03, 
 2DIAGNOSTIC,     7, -5.490554822001e-01, 1.797693134862e+308, 9.1262e-01, 4.6809e-03, 
 2DIAGNOSTIC,     8, -5.545204224448e-01, 1.797693134862e+308, 9.1846e-01, 5.8401e-03, 
 2DIAGNOSTIC,     9, -5.601437715553e-01, 1.797693134862e+308, 9.2362e-01, 5.1670e-03, 
 2DIAGNOSTIC,    10, -5.617741193774e-01, 5.067640484485e-03, 9.2806e-01, 4.4391e-03, 
 2DIAGNOSTIC,    11, -5.649562249041e-01, 4.796539612083e-03, 9.3356e-01, 5.5010e-03, 
 2DIAGNOSTIC,    12, -5.658710903081e-01, 4.260783098155e-03, 9.3877e-01, 5.2111e-03, 
 2DIAGNOSTIC,    13, -5.662828333056e-01, 3.524744036645e-03, 9.4294e-01, 4.1649e-03, 
 2DIAGNOSTIC,    14, -5.685908474577e-01, 2.751340472953e-03, 9.4810e-01, 5.1582e-03, 
 2DIAGNOSTIC,    15, -5.732745043306e-01, 2.134644679428e-03, 9.5448e-01, 6.3841e-03, 
 2DIAGNOSTIC,    16, -5.738084427846e-01, 1.591333148336e-03, 9.5971e-01, 5.2280e-03, 
 2DIAGNOSTIC,    17, -5.739093703465e-01, 1.247363567740e-03, 9.6392e-01, 4.2109e-03, 
 2DIAGNOSTIC,    18, -5.745773598458e-01, 1.002163966316e-03, 9.6812e-01, 4.2038e-03, 
 2DIAGNOSTIC,    19, -5.752045522722e-01, 8.579763081916e-04, 9.7232e-01, 4.1919e-03, 
 2DIAGNOSTIC,    20, -5.755578777726e-01, 6.955845773855e-04, 9.7679e-01, 4.4782e-03, 
 2DIAGNOSTIC,    21, -5.761681227725e-01, 5.767135182678e-04, 9.8108e-01, 4.2870e-03, 
 2DIAGNOSTIC,    22, -5.775610178280e-01, 4.707067062504e-04, 9.8548e-01, 4.3991e-03, 
 2DIAGNOSTIC,    23, -5.801876522130e-01, 3.965856196717e-04, 9.9030e-01, 4.8189e-03, 
 2DIAGNOSTIC,    24, -5.873578871736e-01, 4.881452203319e-04, 9.9638e-01, 6.0780e-03, 
 2DIAGNOSTIC,    25, -5.924052233436e-01, 7.199711433760e-04, 1.0023e+00, 5.9381e-03, 
 2DIAGNOSTIC,    26, -5.933789722478e-01, 8.944842698249e-04, 1.0077e+00, 5.3699e-03, 
 2DIAGNOSTIC,    27, -5.948140362532e-01, 1.002036484255e-03, 1.0125e+00, 4.8020e-03, 
 2DIAGNOSTIC,    28, -5.954370004501e-01, 1.029952320690e-03, 1.0168e+00, 4.3390e-03, 
 2DIAGNOSTIC,    29, -5.955619965579e-01, 9.699000561323e-04, 1.0211e+00, 4.2760e-03, 
 2DIAGNOSTIC,    30, -5.960977142397e-01, 8.366692958624e-04, 1.0254e+00, 4.3430e-03, 
 2DIAGNOSTIC,    31, -5.971105016112e-01, 6.606986234481e-04, 1.0303e+00, 4.8289e-03, 
 2DIAGNOSTIC,    32, -5.989728413269e-01, 4.853112631978e-04, 1.0367e+00, 6.4092e-03, 
 2DIAGNOSTIC,    33, -5.996340170996e-01, 3.222359245219e-04, 1.0410e+00, 4.2720e-03, 
 2DIAGNOSTIC,    34, -5.997688324667e-01, 2.443793010768e-04, 1.0452e+00, 4.2391e-03, 
 2DIAGNOSTIC,    35, -5.999328162640e-01, 2.224308783834e-04, 1.0505e+00, 5.3551e-03, 
 2DIAGNOSTIC,    36, -6.001598298430e-01, 1.965988102472e-04, 1.0548e+00, 4.2639e-03, 
 2DIAGNOSTIC,    37, -6.004938012878e-01, 1.767006114079e-04, 1.0596e+00, 4.8010e-03, 
 2DIAGNOSTIC,    38, -6.008280010040e-01, 1.536048158112e-04, 1.0640e+00, 4.3590e-03, 
 2DIAGNOSTIC,    39, -6.038559363797e-01, 1.574331425076e-04, 1.0690e+00, 5.0330e-03, 
 2DIAGNOSTIC,    40, -6.077047305223e-01, 1.993081272123e-04, 1.0735e+00, 4.5171e-03, 
 2DIAGNOSTIC,    41, -6.174632693720e-01, 3.481387048527e-04, 1.0795e+00, 6.0070e-03, 
 2DIAGNOSTIC,    42, -6.161977755764e-01, 4.608905679859e-04, 1.0884e+00, 8.8332e-03, 
 2DIAGNOSTIC,    43, -6.161564395987e-01, 5.335368189083e-04, 1.0927e+00, 4.3731e-03, 
 2DIAGNOSTIC,    44, -6.170772104923e-01, 5.644817025124e-04, 1.0970e+00, 4.2720e-03, 
 2DIAGNOSTIC,    45, -6.185357181740e-01, 5.560471646646e-04, 1.1016e+00, 4.5512e-03, 
 2DIAGNOSTIC,    46, -6.206472544925e-01, 5.180555195551e-04, 1.1061e+00, 4.5099e-03, 
 2DIAGNOSTIC,    47, -6.234100392680e-01, 4.649602467092e-04, 1.1104e+00, 4.2989e-03, 
 2DIAGNOSTIC,    48, -6.282459752414e-01, 4.232183465731e-04, 1.1147e+00, 4.3061e-03, 
 2DIAGNOSTIC,    49, -6.332856976429e-01, 4.219355489768e-04, 1.1190e+00, 4.3252e-03, 
 2DIAGNOSTIC,    50, -6.437673391071e-01, 5.158704496699e-04, 1.1234e+00, 4.4081e-03, 
 2DIAGNOSTIC,    51, -6.567709940254e-01, 7.709776129259e-04, 1.1279e+00, 4.4479e-03, 
 2DIAGNOSTIC,    52, -6.630139264615e-01, 9.856119048287e-04, 1.1328e+00, 4.9541e-03, 
 2DIAGNOSTIC,    53, -6.637658024108e-01, 1.103855115467e-03, 1.1372e+00, 4.3440e-03, 
 2DIAGNOSTIC,    54, -6.646848100631e-01, 1.129224744265e-03, 1.1416e+00, 4.4360e-03, 
 2DIAGNOSTIC,    55, -6.699955022639e-01, 1.103370509279e-03, 1.1494e+00, 7.8058e-03, 
 2DIAGNOSTIC,    56, -6.720090083219e-01, 1.005090104148e-03, 1.1559e+00, 6.4909e-03, 
 2DIAGNOSTIC,    57, -6.720481842457e-01, 8.375241289528e-04, 1.1602e+00, 4.3061e-03, 
 2DIAGNOSTIC,    58, -6.725919675457e-01, 6.425667319270e-04, 1.1645e+00, 4.2608e-03, 
 2DIAGNOSTIC,    59, -6.729036436520e-01, 4.360796633245e-04, 1.1687e+00, 4.2579e-03, 
 2DIAGNOSTIC,    60, -6.731488752490e-01, 2.773044030055e-04, 1.1729e+00, 4.2379e-03, 
 2DIAGNOSTIC,    61, -6.734259092227e-01, 1.993310054084e-04, 1.1772e+00, 4.2439e-03, 
 2DIAGNOSTIC,    62, -6.739132140147e-01, 1.568959458895e-04, 1.1815e+00, 4.2908e-03, 
 2DIAGNOSTIC,    63, -6.762843243318e-01, 1.247261459412e-04, 1.1877e+00, 6.1920e-03, 
 2DIAGNOSTIC,    64, -6.766381578029e-01, 8.969332848569e-05, 1.1919e+00, 4.2679e-03, 
 2DIAGNOSTIC,    65, -6.771215210469e-01, 8.898261581145e-05, 1.1967e+00, 4.7839e-03, 
 2DIAGNOSTIC,    66, -6.778537232551e-01, 9.953398400111e-05, 1.2016e+00, 4.9150e-03, 
 2DIAGNOSTIC,    67, -6.792268278886e-01, 1.098306828971e-04, 1.2076e+00, 5.9428e-03, 
 2DIAGNOSTIC,    68, -6.807680871723e-01, 1.231389768563e-04, 1.2119e+00, 4.3020e-03, 
 2DIAGNOSTIC,    69, -6.815199623479e-01, 1.312164454767e-04, 1.2162e+00, 4.2751e-03, 
 2DIAGNOSTIC,    70, -6.818104805101e-01, 1.303110885726e-04, 1.2220e+00, 5.8560e-03, 
 2DIAGNOSTIC,    71, -6.820510281232e-01, 1.205024312353e-04, 1.2262e+00, 4.2250e-03, 
 2DIAGNOSTIC,    72, -6.822317004773e-01, 1.032402696534e-04, 1.2305e+00, 4.2751e-03, 
 2DIAGNOSTIC,    73, -6.825798773881e-01, 9.372203546978e-05, 1.2365e+00, 6.0110e-03, 
 2DIAGNOSTIC,    74, -6.826263914040e-01, 7.797268150937e-05, 1.2408e+00, 4.2431e-03, 
 2DIAGNOSTIC,    75, -6.826914530077e-01, 5.871090684439e-05, 1.2450e+00, 4.2710e-03, 
 2DIAGNOSTIC,    76, -6.828123270432e-01, 3.951650087192e-05, 1.2493e+00, 4.2579e-03, 
 2DIAGNOSTIC,    77, -6.832344921735e-01, 2.762806389303e-05, 1.2538e+00, 4.5459e-03, 
 2DIAGNOSTIC,    78, -6.838171733574e-01, 2.580779447535e-05, 1.2601e+00, 6.2959e-03, 
 2DIAGNOSTIC,    79, -6.837376310407e-01, 2.542012347002e-05, 1.2644e+00, 4.2579e-03, 
 2DIAGNOSTIC,    80, -6.837940928814e-01, 2.471284500451e-05, 1.2686e+00, 4.2362e-03, 
 2DIAGNOSTIC,    81, -6.839726446468e-01, 2.407025579302e-05, 1.2732e+00, 4.5791e-03, 
 2DIAGNOSTIC,    82, -6.841107702682e-01, 2.281041504465e-05, 1.2775e+00, 4.3309e-03, 
 2DIAGNOSTIC,    83, -6.851045876653e-01, 2.675727442257e-05, 1.2836e+00, 6.0060e-03, 
 2DIAGNOSTIC,    84, -6.858177538800e-01, 3.208758180732e-05, 1.2889e+00, 5.3360e-03, 
 2DIAGNOSTIC,    85, -6.861555527247e-01, 3.640296701844e-05, 1.2958e+00, 6.8669e-03, 
 2DIAGNOSTIC,    86, -6.861558474083e-01, 3.780087958088e-05, 1.3002e+00, 4.4818e-03, 
 2DIAGNOSTIC,    87, -6.861668643036e-01, 3.777679336630e-05, 1.3045e+00, 4.2479e-03, 
 2DIAGNOSTIC,    88, -6.861799144533e-01, 3.717411970382e-05, 1.3088e+00, 4.2741e-03, 
 2DIAGNOSTIC,    89, -6.861876050931e-01, 3.259274321623e-05, 1.3187e+00, 9.9831e-03, 
 2DIAGNOSTIC,    90, -6.861914234497e-01, 2.533784561337e-05, 1.3236e+00, 4.8900e-03, 
 2DIAGNOSTIC,    91, -6.861984125311e-01, 1.686220081651e-05, 1.3279e+00, 4.2820e-03, 
 2DIAGNOSTIC,    92, -6.862113112934e-01, 7.665960575628e-06, 1.3322e+00, 4.3089e-03, 
 2DIAGNOSTIC,    93, -6.862267074480e-01, 2.805789077987e-06, 1.3364e+00, 4.2131e-03, 
 2DIAGNOSTIC,    94, -6.862421165790e-01, 1.277040895741e-06, 1.3412e+00, 4.7278e-03, 
 2DIAGNOSTIC,    95, -6.863402591451e-01, 1.767290552426e-06, 1.3463e+00, 5.1820e-03, 
 2DIAGNOSTIC,    96, -6.863402261079e-01, 2.099891727971e-06, 1.3505e+00, 4.1609e-03, 
 2DIAGNOSTIC,    97, -6.863404732436e-01, 2.313376199202e-06, 1.3547e+00, 4.1678e-03, 
 2DIAGNOSTIC,    98, -6.863412444874e-01, 2.401683155597e-06, 1.3593e+00, 4.6170e-03, 
 2DIAGNOSTIC,    99, -6.863464975964e-01, 2.346255402455e-06, 1.3653e+00, 6.0110e-03, 
 2DIAGNOSTIC,   100, -6.863467992258e-01, 2.109905211916e-06, 1.3704e+00, 5.1239e-03, 
 2DIAGNOSTIC,   101, -6.863468064142e-01, 1.737908801466e-06, 1.3834e+00, 1.3007e-02, 
 2DIAGNOSTIC,   102, -6.863468064141e-01, 1.301661603644e-06, 1.3929e+00, 9.4571e-03, 
DIAGNOSTIC,Iteration,metricValue,convergenceValue,ITERATION_TIME_INDEX,SINCE_LAST
 2DIAGNOSTIC,     1, -5.582104204141e-01, 1.797693134862e+308, 2.0506e+00, 6.5770e-01, 
 2DIAGNOSTIC,     2, -5.585583606928e-01, 1.797693134862e+308, 2.0793e+00, 2.8687e-02, 
 2DIAGNOSTIC,     3, -5.591016870512e-01, 1.797693134862e+308, 2.1076e+00, 2.8299e-02, 
 2DIAGNOSTIC,     4, -5.597966584354e-01, 1.797693134862e+308, 2.1364e+00, 2.8795e-02, 
 2DIAGNOSTIC,     5, -5.608401050045e-01, 1.797693134862e+308, 2.1682e+00, 3.1793e-02, 
 2DIAGNOSTIC,     6, -5.612102003478e-01, 1.797693134862e+308, 2.1967e+00, 2.8570e-02, 
 2DIAGNOSTIC,     7, -5.624332096876e-01, 1.797693134862e+308, 2.2325e+00, 3.5799e-02, 
 2DIAGNOSTIC,     8, -5.635110148421e-01, 1.797693134862e+308, 2.2612e+00, 2.8653e-02, 
 2DIAGNOSTIC,     9, -5.652587170151e-01, 1.797693134862e+308, 2.2932e+00, 3.2061e-02, 
 2DIAGNOSTIC,    10, -5.660144948425e-01, 9.165736902636e-04, 2.3399e+00, 4.6680e-02, 
 2DIAGNOSTIC,    11, -5.660027407891e-01, 8.658594118486e-04, 2.3698e+00, 2.9920e-02, 
 2DIAGNOSTIC,    12, -5.660734306500e-01, 7.648644785459e-04, 2.4021e+00, 3.2259e-02, 
 2DIAGNOSTIC,    13, -5.660721043710e-01, 6.309877442097e-04, 2.4380e+00, 3.5907e-02, 
 2DIAGNOSTIC,    14, -5.660705928894e-01, 4.828132935795e-04, 2.4703e+00, 3.2297e-02, 
 2DIAGNOSTIC,    15, -5.660598982430e-01, 3.455280907757e-04, 2.4988e+00, 2.8520e-02, 
 2DIAGNOSTIC,    16, -5.660617411515e-01, 2.058611260073e-04, 2.5305e+00, 3.1636e-02, 
 2DIAGNOSTIC,    17, -5.660763825881e-01, 1.007030469493e-04, 2.5587e+00, 2.8261e-02, 
 2DIAGNOSTIC,    18, -5.660876354328e-01, 2.749251577475e-05, 2.5907e+00, 3.1946e-02, 
 2DIAGNOSTIC,    19, -5.660995234781e-01, 5.785556148864e-06, 2.6228e+00, 3.2137e-02, 
 2DIAGNOSTIC,    20, -5.661021944236e-01, 5.028976367241e-06, 2.6511e+00, 2.8316e-02, 
 2DIAGNOSTIC,    21, -5.661024185160e-01, 3.703621925588e-06, 2.6826e+00, 3.1460e-02, 
 2DIAGNOSTIC,    22, -5.661446636600e-01, 4.876921388279e-06, 2.7086e+00, 2.5967e-02, 
 2DIAGNOSTIC,    23, -5.661541116682e-01, 5.772261278306e-06, 2.7379e+00, 2.9386e-02, 
 2DIAGNOSTIC,    24, -5.661664815343e-01, 6.421413565813e-06, 2.7748e+00, 3.6869e-02, 
 2DIAGNOSTIC,    25, -5.661710118197e-01, 6.429632677309e-06, 2.8038e+00, 2.9019e-02, 
 2DIAGNOSTIC,    26, -5.661557988921e-01, 5.691927433285e-06, 2.8305e+00, 2.6633e-02, 
 2DIAGNOSTIC,    27, -5.661605741902e-01, 4.947085856737e-06, 2.8569e+00, 2.6474e-02, 
 2DIAGNOSTIC,    28, -5.661594739641e-01, 4.066602713314e-06, 2.8883e+00, 3.1405e-02, 
 2DIAGNOSTIC,    29, -5.661592630834e-01, 3.176712456726e-06, 2.9200e+00, 3.1662e-02, 
 2DIAGNOSTIC,    30, -5.661664114037e-01, 2.325853133520e-06, 2.9516e+00, 3.1557e-02, 
 2DIAGNOSTIC,    31, -5.661433404217e-01, 1.024976053150e-06, 2.9825e+00, 3.0974e-02, 
DIAGNOSTIC,Iteration,metricValue,convergenceValue,ITERATION_TIME_INDEX,SINCE_LAST
 2DIAGNOSTIC,     1, -5.036748807332e-01, 1.797693134862e+308, 3.9952e+00, 1.0126e+00, 
 2DIAGNOSTIC,     2, -5.038573776744e-01, 1.797693134862e+308, 4.2234e+00, 2.2820e-01, 
 2DIAGNOSTIC,     3, -5.040314883282e-01, 1.797693134862e+308, 4.4378e+00, 2.1446e-01, 
 2DIAGNOSTIC,     4, -5.041565957395e-01, 1.797693134862e+308, 4.6550e+00, 2.1716e-01, 
 2DIAGNOSTIC,     5, -5.042603064427e-01, 1.797693134862e+308, 4.8957e+00, 2.4069e-01, 
 2DIAGNOSTIC,     6, -5.043212324354e-01, 1.797693134862e+308, 5.1977e+00, 3.0200e-01, 
 2DIAGNOSTIC,     7, -5.043317678904e-01, 1.797693134862e+308, 5.4206e+00, 2.2294e-01, 
 2DIAGNOSTIC,     8, -5.045427362422e-01, 1.797693134862e+308, 5.6183e+00, 1.9772e-01, 
 2DIAGNOSTIC,     9, -5.045877654743e-01, 1.797693134862e+308, 5.8761e+00, 2.5783e-01, 
 2DIAGNOSTIC,    10, -5.046142733395e-01, 1.175036561234e-04, 6.1046e+00, 2.2845e-01, 
 2DIAGNOSTIC,    11, -5.046110701908e-01, 8.995037561577e-05, 6.3554e+00, 2.5082e-01, 
 2DIAGNOSTIC,    12, -5.046587373687e-01, 6.990872212970e-05, 6.6429e+00, 2.8751e-01, 
 2DIAGNOSTIC,    13, -5.046551165509e-01, 5.400714955718e-05, 7.0224e+00, 3.7948e-01, 
 2DIAGNOSTIC,    14, -5.046491379413e-01, 4.036631292856e-05, 7.2615e+00, 2.3908e-01, 
 2DIAGNOSTIC,    15, -5.046603726447e-01, 2.946538897307e-05, 7.4838e+00, 2.2231e-01, 
 2DIAGNOSTIC,    16, -5.046682145549e-01, 1.992315842751e-05, 7.7783e+00, 2.9445e-01, 
 2DIAGNOSTIC,    17, -5.046735825845e-01, 1.018005402570e-05, 8.0524e+00, 2.7416e-01, 
 2DIAGNOSTIC,    18, -5.046711236095e-01, 7.248178831888e-06, 8.3377e+00, 2.8531e-01, 
 2DIAGNOSTIC,    19, -5.046688047282e-01, 5.393077284331e-06, 8.5912e+00, 2.5348e-01, 
 2DIAGNOSTIC,    20, -5.046693635069e-01, 4.155629596395e-06, 8.8471e+00, 2.5592e-01, 
 2DIAGNOSTIC,    21, -5.046687922664e-01, 2.647989577970e-06, 9.0692e+00, 2.2209e-01, 
 2DIAGNOSTIC,    22, -5.046675733804e-01, 2.363478434866e-06, 9.3215e+00, 2.5232e-01, 
 2DIAGNOSTIC,    23, -5.046671980478e-01, 1.932332917697e-06, 9.5476e+00, 2.2606e-01, 
 2DIAGNOSTIC,    24, -5.046681203592e-01, 1.364483448667e-06, 9.8066e+00, 2.5906e-01, 
 2DIAGNOSTIC,    25, -5.046693739222e-01, 1.114243726029e-06, 1.0064e+01, 2.5728e-01, 
 2DIAGNOSTIC,    26, -5.046679628109e-01, 1.032312412434e-06, 1.0310e+01, 2.4650e-01, 
 2DIAGNOSTIC,    27, -5.046733880576e-01, 1.202739418990e-06, 1.0573e+01, 2.6308e-01, 
 2DIAGNOSTIC,    28, -5.046751942953e-01, 1.343955088148e-06, 1.0848e+01, 2.7454e-01, 
 2DIAGNOSTIC,    29, -5.046744131397e-01, 1.394233006387e-06, 1.1131e+01, 2.8346e-01, 
 2DIAGNOSTIC,    30, -5.046772459944e-01, 1.478802418908e-06, 1.1470e+01, 3.3873e-01, 
 2DIAGNOSTIC,    31, -5.046769403115e-01, 1.502091163182e-06, 1.1764e+01, 2.9376e-01, 
 2DIAGNOSTIC,    32, -5.046762552031e-01, 1.444973390385e-06, 1.2021e+01, 2.5710e-01, 
 2DIAGNOSTIC,    33, -5.046755635067e-01, 1.330017681926e-06, 1.2255e+01, 2.3355e-01, 
 2DIAGNOSTIC,    34, -5.046741048369e-01, 1.178837121394e-06, 1.2492e+01, 2.3699e-01, 
 2DIAGNOSTIC,    35, -5.046747668376e-01, 1.045869866611e-06, 1.2718e+01, 2.2678e-01, 
DIAGNOSTIC,Iteration,metricValue,convergenceValue,ITERATION_TIME_INDEX,SINCE_LAST
 2DIAGNOSTIC,     1, -4.673146838716e-01, 1.797693134862e+308, 1.5239e+01, 2.5202e+00, 
 2DIAGNOSTIC,     2, -4.674491637130e-01, 1.797693134862e+308, 1.7207e+01, 1.9682e+00, 
 2DIAGNOSTIC,     3, -4.674545222628e-01, 1.797693134862e+308, 1.9660e+01, 2.4530e+00, 
 2DIAGNOSTIC,     4, -4.674542340226e-01, 1.797693134862e+308, 2.1225e+01, 1.5653e+00, 
 2DIAGNOSTIC,     5, -4.674539716722e-01, 1.797693134862e+308, 2.3490e+01, 2.2648e+00, 
 2DIAGNOSTIC,     6, -4.674540612050e-01, 1.797693134862e+308, 2.5203e+01, 1.7135e+00, 
 2DIAGNOSTIC,     7, -4.674536322492e-01, 1.797693134862e+308, 2.6597e+01, 1.3935e+00, 
 2DIAGNOSTIC,     8, -4.674535679721e-01, 1.797693134862e+308, 2.8619e+01, 2.0225e+00, 
 2DIAGNOSTIC,     9, -4.674535120339e-01, 1.797693134862e+308, 2.9994e+01, 1.3748e+00, 
 2DIAGNOSTIC,    10, -4.674534884012e-01, 1.179463911406e-05, 3.1545e+01, 1.5512e+00, 
 2DIAGNOSTIC,    11, -4.674535974312e-01, 3.044682880135e-06, 3.3306e+01, 1.7607e+00, 
 2DIAGNOSTIC,    12, -4.674536454846e-01, 2.547573979952e-06, 3.4942e+01, 1.6361e+00, 
 2DIAGNOSTIC,    13, -4.674534577696e-01, 2.378537040978e-06, 3.6536e+01, 1.5943e+00, 
 2DIAGNOSTIC,    14, -4.674534745492e-01, 2.228535924687e-06, 3.7855e+01, 1.3191e+00, 
 2DIAGNOSTIC,    15, -4.674535030315e-01, 2.092613139770e-06, 3.9548e+01, 1.6922e+00, 
 2DIAGNOSTIC,    16, -4.674535371316e-01, 1.981145514224e-06, 4.1082e+01, 1.5345e+00, 
 2DIAGNOSTIC,    17, -4.674535709115e-01, 1.869300734099e-06, 4.2715e+01, 1.6329e+00, 
 2DIAGNOSTIC,    18, -4.674536106174e-01, 1.769429492135e-06, 4.4053e+01, 1.3380e+00, 
 2DIAGNOSTIC,    19, -4.674534701084e-01, 1.673676235693e-06, 4.5595e+01, 1.5418e+00, 
 2DIAGNOSTIC,    20, -4.674538380685e-01, 1.597979770632e-06, 4.6943e+01, 1.3484e+00, 
 2DIAGNOSTIC,    21, -4.674538029772e-01, 1.530482622740e-06, 4.8604e+01, 1.6606e+00, 
 2DIAGNOSTIC,    22, -4.674538524987e-01, 1.470582855365e-06, 5.0297e+01, 1.6937e+00, 
 2DIAGNOSTIC,    23, -4.674536771603e-01, 1.404101709804e-06, 5.1915e+01, 1.6175e+00, 
 2DIAGNOSTIC,    24, -4.674533876123e-01, 1.334430772333e-06, 5.3537e+01, 1.6224e+00, 
 2DIAGNOSTIC,    25, -4.674532973377e-01, 1.268022373595e-06, 5.4944e+01, 1.4065e+00, 
 2DIAGNOSTIC,    26, -4.674532157884e-01, 1.205849775587e-06, 5.6621e+01, 1.6775e+00, 
 2DIAGNOSTIC,    27, -4.674531380943e-01, 1.148945851827e-06, 5.8101e+01, 1.4799e+00, 
 2DIAGNOSTIC,    28, -4.674530645730e-01, 1.098377884763e-06, 5.9569e+01, 1.4677e+00, 
 2DIAGNOSTIC,    29, -4.674530107805e-01, 1.050691193133e-06, 6.1191e+01, 1.6219e+00, 
 2DIAGNOSTIC,    30, -4.674530593608e-01, 1.019016451720e-06, 6.2890e+01, 1.6992e+00, 
  Elapsed time (stage 0): 6.3725e+01


Total elapsed time: 6.3727e+01
Info [verificarlo]: loaded backend libinterflop_vprec.so
Info [interflop-vprec]: load backend with: 
Info [interflop-vprec]: precision-binary32 = 17
Info [interflop-vprec]: range-binary32 = 7
Info [interflop-vprec]: precision-binary64 = 17
Info [interflop-vprec]: range-binary64 = 7
Info [interflop-vprec]: mode = ob
Info [interflop-vprec]: error-mode = rel
Info [interflop-vprec]: max-abs-error-exponent = -1022
Info [interflop-vprec]: daz = false
Info [interflop-vprec]: ftz = false
Info [interflop-vprec]: 	instrument = none
Info [interflop-vprec]: 	prec-input-file = (null)
Info [interflop-vprec]: 	prec-output-file = (null)
Info [interflop-vprec]: 	prec-log-file = (null)
All_Command_lines_OK
Using double precision for computations.
=============================================================================
The composite transform comprises the following transforms (in order): 
  1. /home/mdugre/scratch/mri-registration-rp/datasets/ds004513/derivatives/mri-registration-rp/0011/antsRegistration-r7-p17/sub-s035/rigid_Composite.h5[0] (type = Euler3DTransform)
  2. /home/mdugre/scratch/mri-registration-rp/datasets/ds004513/derivatives/mri-registration-rp/0011/antsRegistration-r7-p17/sub-s035/rigid_Composite.h5[1] (type = Euler3DTransform)
  3. /home/mdugre/scratch/mri-registration-rp/datasets/ds004513/derivatives/mri-registration-rp/0011/antsRegistration-r7-p17/sub-s035/rigid_Composite.h5[2] (type = Euler3DTransform)
=============================================================================
  number of levels = 4
  fixed image: /templateflow/tpl-MNI152NLin2009cAsym/tpl-MNI152NLin2009cAsym_res-01_desc-brain_T1w.nii.gz
  moving image: /home/mdugre/scratch/mri-registration-rp/datasets/ds004513/derivatives/mri-registration-rp/antsBrainExtraction/sub-s035/BrainExtractionBrain.nii.gz
Dimension = 3
Number of stages = 1
Use histogram matching = false
Winsorize image intensities = true
  Lower quantile = 0.005
  Upper quantile = 0.995


Stage 1 State
   Image metric = MattesMI
     Fixed image = Image (0x4298490)
  RTTI typeinfo:   itk::Image<double, 3u>
  Reference Count: 2
  Modified Time: 1592
  Debug: Off
  Object Name: 
  Observers: 
    none
  Source: (none)
  Source output name: (none)
  Release Data: Off
  Data Released: False
  Global Release Data: Off
  PipelineMTime: 0
  UpdateMTime: 1203
  RealTimeStamp: 0 seconds 
  LargestPossibleRegion: 
    Dimension: 3
    Index: [0, 0, 0]
    Size: [193, 229, 193]
  BufferedRegion: 
    Dimension: 3
    Index: [0, 0, 0]
    Size: [193, 229, 193]
  RequestedRegion: 
    Dimension: 3
    Index: [0, 0, 0]
    Size: [193, 229, 193]
  Spacing: [1, 1, 1]
  Origin: [96, 132, -78]
  Direction: 
-1 0 0
0 -1 0
0 0 1

  IndexToPointMatrix: 
-1 0 0
0 -1 0
0 0 1

  PointToIndexMatrix: 
-1 0 0
0 -1 0
0 0 1

  Inverse Direction: 
-1 0 0
0 -1 0
0 0 1

  PixelContainer: 
    ImportImageContainer (0x43638c0)
      RTTI typeinfo:   itk::ImportImageContainer<unsigned long, double>
      Reference Count: 1
      Modified Time: 1200
      Debug: Off
      Object Name: 
      Observers: 
        none
      Pointer: 0x15141970d010
      Container manages memory: true
      Size: 8530021
      Capacity: 8530021

     Moving image = Image (0x4353b60)
  RTTI typeinfo:   itk::Image<double, 3u>
  Reference Count: 2
  Modified Time: 1593
  Debug: Off
  Object Name: 
  Observers: 
    none
  Source: (none)
  Source output name: (none)
  Release Data: Off
  Data Released: False
  Global Release Data: Off
  PipelineMTime: 0
  UpdateMTime: 1590
  RealTimeStamp: 0 seconds 
  LargestPossibleRegion: 
    Dimension: 3
    Index: [0, 0, 0]
    Size: [160, 240, 256]
  BufferedRegion: 
    Dimension: 3
    Index: [0, 0, 0]
    Size: [160, 240, 256]
  RequestedRegion: 
    Dimension: 3
    Index: [0, 0, 0]
    Size: [160, 240, 256]
  Spacing: [1, 1, 1]
  Origin: [98.6436, 87.6357, -117.989]
  Direction: 
-0.993515 -0.100993 -0.0522354
0.100854 -0.994888 0.00530255
-0.0525038 1.93537e-08 0.998619

  IndexToPointMatrix: 
-0.993515 -0.100993 -0.0522354
0.100854 -0.994888 0.00530255
-0.0525038 1.93537e-08 0.998619

  PointToIndexMatrix: 
-0.993515 0.100854 -0.0525038
-0.100993 -0.994888 0
-0.0522356 0.00530243 0.998623

  Inverse Direction: 
-0.993515 0.100854 -0.0525038
-0.100993 -0.994888 0
-0.0522356 0.00530243 0.998623

  PixelContainer: 
    ImportImageContainer (0x43e71d0)
      RTTI typeinfo:   itk::ImportImageContainer<unsigned long, double>
      Reference Count: 1
      Modified Time: 1587
      Debug: Off
      Object Name: 
      Observers: 
        none
      Pointer: 0x151414c0c010
      Container manages memory: true
      Size: 9830400
      Capacity: 9830400

     Weighting = 1
     Sampling strategy = regular
     Number of bins = 32
     Radius = 4
     Sampling percentage  = 0.25
   Transform = Affine
     Gradient step = 0.1
     Update field sigma (voxel space) = 0
     Total field sigma (voxel space) = 0
     Update field time sigma = 0
     Total field time sigma  = 0
     Number of time indices = 0
     Number of time point samples = 0
Registration using 1 total stages.

Stage 0
  iterations = 1000x500x250x100
  convergence threshold = 1e-06
  convergence window size = 10
  number of levels = 4
  using the Mattes MI metric (number of bins = 32, weight = 1, use gradient filter = 0)
  preprocessing:  winsorizing the image intensities
  Shrink factors (level 1 out of 4): [8, 8, 8]
  Shrink factors (level 2 out of 4): [4, 4, 4]
  Shrink factors (level 3 out of 4): [2, 2, 2]
  Shrink factors (level 4 out of 4): [1, 1, 1]
  smoothing sigmas per level: [3, 2, 1, 0]
  regular sampling (percentage = 0.25)

*** Running AffineTransform registration ***

DIAGNOSTIC,Iteration,metricValue,convergenceValue,ITERATION_TIME_INDEX,SINCE_LAST
 2DIAGNOSTIC,     1, -6.760499761507e-01, 1.797693134862e+308, 0.0000e+00, 0.0000e+00, 
 2DIAGNOSTIC,     2, -6.782659859802e-01, 1.797693134862e+308, 0.0000e+00, 0.0000e+00, 
 2DIAGNOSTIC,     3, -6.825851634624e-01, 1.797693134862e+308, 0.0000e+00, 0.0000e+00, 
 2DIAGNOSTIC,     4, -6.902108852353e-01, 1.797693134862e+308, 0.0000e+00, 0.0000e+00, 
 2DIAGNOSTIC,     5, -6.997008250931e-01, 1.797693134862e+308, 0.0000e+00, 0.0000e+00, 
 2DIAGNOSTIC,     6, -7.109524696838e-01, 1.797693134862e+308, 0.0000e+00, 0.0000e+00, 
 2DIAGNOSTIC,     7, -7.256612746559e-01, 1.797693134862e+308, 0.0000e+00, 0.0000e+00, 
 2DIAGNOSTIC,     8, -7.340830030652e-01, 1.797693134862e+308, 0.0000e+00, 0.0000e+00, 
 2DIAGNOSTIC,     9, -7.355180014088e-01, 1.797693134862e+308, 0.0000e+00, 0.0000e+00, 
 2DIAGNOSTIC,    10, -7.367283961564e-01, 6.646775133554e-03, 0.0000e+00, 0.0000e+00, 
 2DIAGNOSTIC,    11, -7.364498486394e-01, 5.674410581303e-03, 0.0000e+00, 0.0000e+00, 
 2DIAGNOSTIC,    12, -7.364187261756e-01, 4.430374990922e-03, 0.0000e+00, 0.0000e+00, 
 2DIAGNOSTIC,    13, -7.363944761026e-01, 3.113385708020e-03, 0.0000e+00, 0.0000e+00, 
 2DIAGNOSTIC,    14, -7.360409507259e-01, 1.915677594072e-03, 0.0000e+00, 0.0000e+00, 
 2DIAGNOSTIC,    15, -7.359861161730e-01, 9.564285006229e-04, 0.0000e+00, 0.0000e+00, 
 2DIAGNOSTIC,    16, -7.358540907511e-01, 3.004455998708e-04, 0.0000e+00, 0.0000e+00, 
 2DIAGNOSTIC,    17, -7.358854576171e-01, 3.398290262505e-05, 0.0000e+00, 0.0000e+00, 
DIAGNOSTIC,Iteration,metricValue,convergenceValue,ITERATION_TIME_INDEX,SINCE_LAST
 2DIAGNOSTIC,     1, -6.047800436558e-01, 1.797693134862e+308, 0.0000e+00, 0.0000e+00, 
 2DIAGNOSTIC,     2, -6.057973961608e-01, 1.797693134862e+308, 0.0000e+00, 0.0000e+00, 
 2DIAGNOSTIC,     3, -6.069967630131e-01, 1.797693134862e+308, 0.0000e+00, 0.0000e+00, 
 2DIAGNOSTIC,     4, -6.082791601866e-01, 1.797693134862e+308, 0.0000e+00, 0.0000e+00, 
 2DIAGNOSTIC,     5, -6.090748972297e-01, 1.797693134862e+308, 0.0000e+00, 0.0000e+00, 
 2DIAGNOSTIC,     6, -6.095126006687e-01, 1.797693134862e+308, 0.0000e+00, 0.0000e+00, 
 2DIAGNOSTIC,     7, -6.103384269432e-01, 1.797693134862e+308, 0.0000e+00, 0.0000e+00, 
 2DIAGNOSTIC,     8, -6.106415763952e-01, 1.797693134862e+308, 0.0000e+00, 0.0000e+00, 
 2DIAGNOSTIC,     9, -6.106774981728e-01, 1.797693134862e+308, 0.0000e+00, 0.0000e+00, 
 2DIAGNOSTIC,    10, -6.106261969464e-01, 6.429541572375e-04, 0.0000e+00, 0.0000e+00, 
 2DIAGNOSTIC,    11, -6.105727815423e-01, 4.483577910435e-04, 0.0000e+00, 0.0000e+00, 
 2DIAGNOSTIC,    12, -6.105617592457e-01, 2.846579072355e-04, 0.0000e+00, 0.0000e+00, 
 2DIAGNOSTIC,    13, -6.105362323112e-01, 1.618146017842e-04, 0.0000e+00, 0.0000e+00, 
 2DIAGNOSTIC,    14, -6.105564809931e-01, 8.529554242791e-05, 0.0000e+00, 0.0000e+00, 
 2DIAGNOSTIC,    15, -6.105311925015e-01, 3.544757936674e-05, 0.0000e+00, 0.0000e+00, 
DIAGNOSTIC,Iteration,metricValue,convergenceValue,ITERATION_TIME_INDEX,SINCE_LAST
 2DIAGNOSTIC,     1, -5.345018712412e-01, 1.797693134862e+308, 0.0000e+00, 0.0000e+00, 
 2DIAGNOSTIC,     2, -5.348270070343e-01, 1.797693134862e+308, 0.0000e+00, 0.0000e+00, 
 2DIAGNOSTIC,     3, -5.350707221436e-01, 1.797693134862e+308, 0.0000e+00, 0.0000e+00, 
 2DIAGNOSTIC,     4, -5.352939879715e-01, 1.797693134862e+308, 0.0000e+00, 0.0000e+00, 
 2DIAGNOSTIC,     5, -5.354589411452e-01, 1.797693134862e+308, 0.0000e+00, 0.0000e+00, 
 2DIAGNOSTIC,     6, -5.356572409024e-01, 1.797693134862e+308, 0.0000e+00, 0.0000e+00, 
 2DIAGNOSTIC,     7, -5.360604561707e-01, 1.797693134862e+308, 0.0000e+00, 0.0000e+00, 
 2DIAGNOSTIC,     8, -5.362691103538e-01, 1.797693134862e+308, 0.0000e+00, 0.0000e+00, 
 2DIAGNOSTIC,     9, -5.362693354726e-01, 1.797693134862e+308, 0.0000e+00, 0.0000e+00, 
 2DIAGNOSTIC,    10, -5.362957015670e-01, 2.305866514817e-04, 0.0000e+00, 0.0000e+00, 
 2DIAGNOSTIC,    11, -5.363048658457e-01, 1.802614669120e-04, 0.0000e+00, 0.0000e+00, 
 2DIAGNOSTIC,    12, -5.363056980614e-01, 1.364040659594e-04, 0.0000e+00, 0.0000e+00, 
 2DIAGNOSTIC,    13, -5.363049622501e-01, 9.690620535127e-05, 0.0000e+00, 0.0000e+00, 
 2DIAGNOSTIC,    14, -5.363069333007e-01, 6.314349696999e-05, 0.0000e+00, 0.0000e+00, 
 2DIAGNOSTIC,    15, -5.363054066403e-01, 3.417935689889e-05, 0.0000e+00, 0.0000e+00, 
 2DIAGNOSTIC,    16, -5.363064759616e-01, 1.219995447710e-05, 0.0000e+00, 0.0000e+00, 
 2DIAGNOSTIC,    17, -5.363056758395e-01, 4.246197870171e-06, 0.0000e+00, 0.0000e+00, 
 2DIAGNOSTIC,    18, -5.363074641896e-01, 3.170254600914e-06, 0.0000e+00, 0.0000e+00, 
 2DIAGNOSTIC,    19, -5.363076658341e-01, 2.068527919424e-06, 0.0000e+00, 0.0000e+00, 
 2DIAGNOSTIC,    20, -5.363069099796e-01, 1.711487852815e-06, 0.0000e+00, 0.0000e+00, 
 2DIAGNOSTIC,    21, -5.363078603216e-01, 1.632356316915e-06, 0.0000e+00, 0.0000e+00, 
 2DIAGNOSTIC,    22, -5.363065249689e-01, 1.535775763596e-06, 0.0000e+00, 0.0000e+00, 
 2DIAGNOSTIC,    23, -5.363068771370e-01, 1.427994334280e-06, 0.0000e+00, 0.0000e+00, 
 2DIAGNOSTIC,    24, -5.363072226894e-01, 1.375541205328e-06, 0.0000e+00, 0.0000e+00, 
 2DIAGNOSTIC,    25, -5.363063231418e-01, 1.269334319189e-06, 0.0000e+00, 0.0000e+00, 
 2DIAGNOSTIC,    26, -5.363061501559e-01, 1.190296147174e-06, 0.0000e+00, 0.0000e+00, 
 2DIAGNOSTIC,    27, -5.363059739459e-01, 1.099137301820e-06, 0.0000e+00, 0.0000e+00, 
