
##########################
# Experiment information #
##########################

EXPERIMENT_NAME: antsRegistration-r7-p6
VFC_BACKENDS: libinterflop_vprec.so --range-binary32=7 --precision-binary32=6 --range-binary64=7 --precision-binary64=6

SIF_IMG: /home/mdugre/projects/rrg-glatard/mdugre/containers/ants-vprec-no_metrics.simg

SUBJECT_ID: s032
INPUT_IMG: /home/mdugre/scratch/mri-registration-rp/datasets/ds004513/derivatives/mri-registration-rp/antsBrainExtraction/sub-s032/BrainExtractionBrain.nii.gz
OUTPUT_DIR: /home/mdugre/scratch/mri-registration-rp/datasets/ds004513/derivatives/mri-registration-rp/0011/antsRegistration-r7-p6/sub-s032

FIXED_IMG: /templateflow/tpl-MNI152NLin2009cAsym/tpl-MNI152NLin2009cAsym_res-01_desc-brain_T1w.nii.gz
DATA_DIR: /home/mdugre/scratch/mri-registration-rp/datasets/ds004513
TEMPLATEFLOW_DIR: /home/mdugre/projects/rrg-glatard/mdugre/templateflow
ITK_GLOBAL_DEFAULT_NUMBER_OF_THREADS: 16
##########################

Info [verificarlo]: loaded backend libinterflop_ieee.so
Info [interflop-ieee]: load backend with:
Info [interflop-ieee]: debug = false
Info [interflop-ieee]: debug-binary = false
Info [interflop-ieee]: no-backend-name = false
Info [interflop-ieee]: print-new-line = false
Info [interflop-ieee]: print-subnormal-normalized = false
Info [interflop-ieee]: count-op = false
All_Command_lines_OK
Using double precision for computations.
=============================================================================
The composite transform comprises the following transforms (in order): 
  1. Center of mass alignment using fixed image: /templateflow/tpl-MNI152NLin2009cAsym/tpl-MNI152NLin2009cAsym_res-01_desc-brain_T1w.nii.gz and moving image: /home/mdugre/scratch/mri-registration-rp/datasets/ds004513/derivatives/mri-registration-rp/antsBrainExtraction/sub-s032/BrainExtractionBrain.nii.gz (type = Euler3DTransform)
=============================================================================
  number of levels = 1
  fixed image: /templateflow/tpl-MNI152NLin2009cAsym/tpl-MNI152NLin2009cAsym_res-01_desc-brain_T1w.nii.gz
  moving image: /home/mdugre/scratch/mri-registration-rp/datasets/ds004513/derivatives/mri-registration-rp/antsBrainExtraction/sub-s032/BrainExtractionBrain.nii.gz
Dimension = 3
Number of stages = 1
Use histogram matching = false
Winsorize image intensities = true
  Lower quantile = 0.005
  Upper quantile = 0.995


Stage 1 State
   Image metric = MattesMI
     Fixed image = Image (0x3fd0bd0)
  RTTI typeinfo:   itk::Image<double, 3u>
  Reference Count: 2
  Modified Time: 2330
  Debug: Off
  Object Name: 
  Observers: 
    none
  Source: (none)
  Source output name: (none)
  Release Data: Off
  Data Released: False
  Global Release Data: Off
  PipelineMTime: 0
  UpdateMTime: 1941
  RealTimeStamp: 0 seconds 
  LargestPossibleRegion: 
    Dimension: 3
    Index: [0, 0, 0]
    Size: [193, 229, 193]
  BufferedRegion: 
    Dimension: 3
    Index: [0, 0, 0]
    Size: [193, 229, 193]
  RequestedRegion: 
    Dimension: 3
    Index: [0, 0, 0]
    Size: [193, 229, 193]
  Spacing: [1, 1, 1]
  Origin: [96, 132, -78]
  Direction: 
-1 0 0
0 -1 0
0 0 1

  IndexToPointMatrix: 
-1 0 0
0 -1 0
0 0 1

  PointToIndexMatrix: 
-1 0 0
0 -1 0
0 0 1

  Inverse Direction: 
-1 0 0
0 -1 0
0 0 1

  PixelContainer: 
    ImportImageContainer (0x3fd99e0)
      RTTI typeinfo:   itk::ImportImageContainer<unsigned long, double>
      Reference Count: 1
      Modified Time: 1938
      Debug: Off
      Object Name: 
      Observers: 
        none
      Pointer: 0x152a8eb46010
      Container manages memory: true
      Size: 8530021
      Capacity: 8530021

     Moving image = Image (0x3fdad40)
  RTTI typeinfo:   itk::Image<double, 3u>
  Reference Count: 2
  Modified Time: 2331
  Debug: Off
  Object Name: 
  Observers: 
    none
  Source: (none)
  Source output name: (none)
  Release Data: Off
  Data Released: False
  Global Release Data: Off
  PipelineMTime: 0
  UpdateMTime: 2328
  RealTimeStamp: 0 seconds 
  LargestPossibleRegion: 
    Dimension: 3
    Index: [0, 0, 0]
    Size: [160, 240, 256]
  BufferedRegion: 
    Dimension: 3
    Index: [0, 0, 0]
    Size: [160, 240, 256]
  RequestedRegion: 
    Dimension: 3
    Index: [0, 0, 0]
    Size: [160, 240, 256]
  Spacing: [1, 1, 1]
  Origin: [73.279, 104.707, -131.187]
  Direction: 
-0.997527 0.0645574 -0.0278053
-0.0645323 -0.997914 -0.00179875
-0.0278634 4.01097e-08 0.999612

  IndexToPointMatrix: 
-0.997527 0.0645574 -0.0278053
-0.0645323 -0.997914 -0.00179875
-0.0278634 4.01097e-08 0.999612

  PointToIndexMatrix: 
-0.997527 -0.0645323 -0.0278634
0.0645574 -0.997914 4.01049e-08
-0.0278053 -0.00179875 0.999612

  Inverse Direction: 
-0.997527 -0.0645323 -0.0278634
0.0645574 -0.997914 4.01049e-08
-0.0278053 -0.00179875 0.999612

  PixelContainer: 
    ImportImageContainer (0x4000850)
      RTTI typeinfo:   itk::ImportImageContainer<unsigned long, double>
      Reference Count: 1
      Modified Time: 2325
      Debug: Off
      Object Name: 
      Observers: 
        none
      Pointer: 0x152a8a045010
      Container manages memory: true
      Size: 9830400
      Capacity: 9830400

     Weighting = 1
     Sampling strategy = regular
     Number of bins = 32
     Radius = 4
     Sampling percentage  = 0.25
   Transform = Rigid
     Gradient step = 0.1
     Update field sigma (voxel space) = 0
     Total field sigma (voxel space) = 0
     Update field time sigma = 0
     Total field time sigma  = 0
     Number of time indices = 0
     Number of time point samples = 0
Registration using 1 total stages.

Stage 0
  iterations = 0
  convergence threshold = 1e-06
  convergence window size = 10
  number of levels = 1
  using the Mattes MI metric (number of bins = 32, weight = 1, use gradient filter = 0)
  preprocessing:  winsorizing the image intensities
  Shrink factors (level 1 out of 1): [1, 1, 1]
  smoothing sigmas per level: [0]
  regular sampling (percentage = 0.25)

*** Running Euler3DTransform registration ***

  Elapsed time (stage 0): 1.14192


Total elapsed time: 1.14465
Info [verificarlo]: loaded backend libinterflop_ieee.so
Info [interflop-ieee]: load backend with:
Info [interflop-ieee]: debug = false
Info [interflop-ieee]: debug-binary = false
Info [interflop-ieee]: no-backend-name = false
Info [interflop-ieee]: print-new-line = false
Info [interflop-ieee]: print-subnormal-normalized = false
Info [interflop-ieee]: count-op = false
All_Command_lines_OK
Using double precision for computations.
=============================================================================
The composite transform comprises the following transforms (in order): 
  1. /home/mdugre/scratch/mri-registration-rp/datasets/ds004513/derivatives/mri-registration-rp/0011/antsRegistration-r7-p6/sub-s032/align_Composite.h5[0] (type = Euler3DTransform)
  2. /home/mdugre/scratch/mri-registration-rp/datasets/ds004513/derivatives/mri-registration-rp/0011/antsRegistration-r7-p6/sub-s032/align_Composite.h5[1] (type = Euler3DTransform)
=============================================================================
  number of levels = 4
  fixed image: /templateflow/tpl-MNI152NLin2009cAsym/tpl-MNI152NLin2009cAsym_res-01_desc-brain_T1w.nii.gz
  moving image: /home/mdugre/scratch/mri-registration-rp/datasets/ds004513/derivatives/mri-registration-rp/antsBrainExtraction/sub-s032/BrainExtractionBrain.nii.gz
Dimension = 3
Number of stages = 1
Use histogram matching = false
Winsorize image intensities = true
  Lower quantile = 0.005
  Upper quantile = 0.995


Stage 1 State
   Image metric = MattesMI
     Fixed image = Image (0x3a92530)
  RTTI typeinfo:   itk::Image<double, 3u>
  Reference Count: 2
  Modified Time: 1578
  Debug: Off
  Object Name: 
  Observers: 
    none
  Source: (none)
  Source output name: (none)
  Release Data: Off
  Data Released: False
  Global Release Data: Off
  PipelineMTime: 0
  UpdateMTime: 1189
  RealTimeStamp: 0 seconds 
  LargestPossibleRegion: 
    Dimension: 3
    Index: [0, 0, 0]
    Size: [193, 229, 193]
  BufferedRegion: 
    Dimension: 3
    Index: [0, 0, 0]
    Size: [193, 229, 193]
  RequestedRegion: 
    Dimension: 3
    Index: [0, 0, 0]
    Size: [193, 229, 193]
  Spacing: [1, 1, 1]
  Origin: [96, 132, -78]
  Direction: 
-1 0 0
0 -1 0
0 0 1

  IndexToPointMatrix: 
-1 0 0
0 -1 0
0 0 1

  PointToIndexMatrix: 
-1 0 0
0 -1 0
0 0 1

  Inverse Direction: 
-1 0 0
0 -1 0
0 0 1

  PixelContainer: 
    ImportImageContainer (0x3b50d60)
      RTTI typeinfo:   itk::ImportImageContainer<unsigned long, double>
      Reference Count: 1
      Modified Time: 1186
      Debug: Off
      Object Name: 
      Observers: 
        none
      Pointer: 0x152ec9481010
      Container manages memory: true
      Size: 8530021
      Capacity: 8530021

     Moving image = Image (0x3b42f60)
  RTTI typeinfo:   itk::Image<double, 3u>
  Reference Count: 2
  Modified Time: 1579
  Debug: Off
  Object Name: 
  Observers: 
    none
  Source: (none)
  Source output name: (none)
  Release Data: Off
  Data Released: False
  Global Release Data: Off
  PipelineMTime: 0
  UpdateMTime: 1576
  RealTimeStamp: 0 seconds 
  LargestPossibleRegion: 
    Dimension: 3
    Index: [0, 0, 0]
    Size: [160, 240, 256]
  BufferedRegion: 
    Dimension: 3
    Index: [0, 0, 0]
    Size: [160, 240, 256]
  RequestedRegion: 
    Dimension: 3
    Index: [0, 0, 0]
    Size: [160, 240, 256]
  Spacing: [1, 1, 1]
  Origin: [73.279, 104.707, -131.187]
  Direction: 
-0.997527 0.0645574 -0.0278053
-0.0645323 -0.997914 -0.00179875
-0.0278634 4.01097e-08 0.999612

  IndexToPointMatrix: 
-0.997527 0.0645574 -0.0278053
-0.0645323 -0.997914 -0.00179875
-0.0278634 4.01097e-08 0.999612

  PointToIndexMatrix: 
-0.997527 -0.0645323 -0.0278634
0.0645574 -0.997914 4.01049e-08
-0.0278053 -0.00179875 0.999612

  Inverse Direction: 
-0.997527 -0.0645323 -0.0278634
0.0645574 -0.997914 4.01049e-08
-0.0278053 -0.00179875 0.999612

  PixelContainer: 
    ImportImageContainer (0x3b346d0)
      RTTI typeinfo:   itk::ImportImageContainer<unsigned long, double>
      Reference Count: 1
      Modified Time: 1573
      Debug: Off
      Object Name: 
      Observers: 
        none
      Pointer: 0x152ec4980010
      Container manages memory: true
      Size: 9830400
      Capacity: 9830400

     Weighting = 1
     Sampling strategy = regular
     Number of bins = 32
     Radius = 4
     Sampling percentage  = 0.25
   Transform = Rigid
     Gradient step = 0.1
     Update field sigma (voxel space) = 0
     Total field sigma (voxel space) = 0
     Update field time sigma = 0
     Total field time sigma  = 0
     Number of time indices = 0
     Number of time point samples = 0
Registration using 1 total stages.

Stage 0
  iterations = 1000x500x250x100
  convergence threshold = 1e-06
  convergence window size = 10
  number of levels = 4
  using the Mattes MI metric (number of bins = 32, weight = 1, use gradient filter = 0)
  preprocessing:  winsorizing the image intensities
  Shrink factors (level 1 out of 4): [8, 8, 8]
  Shrink factors (level 2 out of 4): [4, 4, 4]
  Shrink factors (level 3 out of 4): [2, 2, 2]
  Shrink factors (level 4 out of 4): [1, 1, 1]
  smoothing sigmas per level: [3, 2, 1, 0]
  regular sampling (percentage = 0.25)

*** Running Euler3DTransform registration ***

DIAGNOSTIC,Iteration,metricValue,convergenceValue,ITERATION_TIME_INDEX,SINCE_LAST
 2DIAGNOSTIC,     1, -5.480496989617e-01, 1.797693134862e+308, 9.8697e-01, 9.8697e-01, 
 2DIAGNOSTIC,     2, -5.506811078454e-01, 1.797693134862e+308, 9.9195e-01, 4.9770e-03, 
 2DIAGNOSTIC,     3, -5.546514955662e-01, 1.797693134862e+308, 9.9764e-01, 5.6851e-03, 
 2DIAGNOSTIC,     4, -5.606863537750e-01, 1.797693134862e+308, 1.0024e+00, 4.7131e-03, 
 2DIAGNOSTIC,     5, -5.693661845193e-01, 1.797693134862e+308, 1.0070e+00, 4.6659e-03, 
 2DIAGNOSTIC,     6, -5.854078830086e-01, 1.797693134862e+308, 1.0122e+00, 5.2049e-03, 
 2DIAGNOSTIC,     7, -6.232769732918e-01, 1.797693134862e+308, 1.0180e+00, 5.7721e-03, 
 2DIAGNOSTIC,     8, -6.297683730473e-01, 1.797693134862e+308, 1.0234e+00, 5.3651e-03, 
 2DIAGNOSTIC,     9, -6.366738733405e-01, 1.797693134862e+308, 1.0320e+00, 8.6122e-03, 
 2DIAGNOSTIC,    10, -6.375630690827e-01, 1.201760866083e-02, 1.0368e+00, 4.8239e-03, 
 2DIAGNOSTIC,    11, -6.405337628679e-01, 1.087684809450e-02, 1.0426e+00, 5.7800e-03, 
 2DIAGNOSTIC,    12, -6.435528997438e-01, 9.167753354490e-03, 1.0488e+00, 6.2342e-03, 
 2DIAGNOSTIC,    13, -6.444720921444e-01, 7.089498731847e-03, 1.0534e+00, 4.6079e-03, 
 2DIAGNOSTIC,    14, -6.463616611293e-01, 4.967892496988e-03, 1.0594e+00, 5.9919e-03, 
 2DIAGNOSTIC,    15, -6.484646963404e-01, 3.033020789043e-03, 1.0676e+00, 8.1749e-03, 
 2DIAGNOSTIC,    16, -6.486009987994e-01, 1.520386367320e-03, 1.0718e+00, 4.1940e-03, 
 2DIAGNOSTIC,    17, -6.493699344760e-01, 1.108203205204e-03, 1.0764e+00, 4.5948e-03, 
 2DIAGNOSTIC,    18, -6.514578195065e-01, 8.586162135985e-04, 1.0807e+00, 4.3690e-03, 
 2DIAGNOSTIC,    19, -6.526592717406e-01, 7.533650369804e-04, 1.0851e+00, 4.3631e-03, 
 2DIAGNOSTIC,    20, -6.536191777189e-01, 6.303067369292e-04, 1.0894e+00, 4.2710e-03, 
 2DIAGNOSTIC,    21, -6.549162298979e-01, 5.534292205379e-04, 1.0939e+00, 4.4992e-03, 
 2DIAGNOSTIC,    22, -6.562385790832e-01, 5.226986103232e-04, 1.0994e+00, 5.5461e-03, 
 2DIAGNOSTIC,    23, -6.565000058113e-01, 4.680180012236e-04, 1.1043e+00, 4.8590e-03, 
 2DIAGNOSTIC,    24, -6.565387353854e-01, 4.101063704205e-04, 1.1093e+00, 4.9810e-03, 
 2DIAGNOSTIC,    25, -6.567702146893e-01, 3.618032093030e-04, 1.1144e+00, 5.0981e-03, 
 2DIAGNOSTIC,    26, -6.583507212369e-01, 3.132611037342e-04, 1.1188e+00, 4.4830e-03, 
 2DIAGNOSTIC,    27, -6.586527568469e-01, 2.554116018358e-04, 1.1232e+00, 4.3569e-03, 
 2DIAGNOSTIC,    28, -6.593310437738e-01, 2.225767143847e-04, 1.1287e+00, 5.4801e-03, 
 2DIAGNOSTIC,    29, -6.595734041655e-01, 1.939316665342e-04, 1.1334e+00, 4.7319e-03, 
 2DIAGNOSTIC,    30, -6.595955819569e-01, 1.634946778530e-04, 1.1382e+00, 4.8358e-03, 
 2DIAGNOSTIC,    31, -6.596949967568e-01, 1.392755860924e-04, 1.1425e+00, 4.2479e-03, 
 2DIAGNOSTIC,    32, -6.597157295313e-01, 1.221677497605e-04, 1.1473e+00, 4.8208e-03, 
 2DIAGNOSTIC,    33, -6.597001423846e-01, 9.820426862993e-05, 1.1541e+00, 6.7830e-03, 
 2DIAGNOSTIC,    34, -6.595254449704e-01, 6.486903007193e-05, 1.1584e+00, 4.3342e-03, 
 2DIAGNOSTIC,    35, -6.595295822811e-01, 3.010817890427e-05, 1.1627e+00, 4.3080e-03, 
 2DIAGNOSTIC,    36, -6.595351297937e-01, 1.424396566407e-05, 1.1671e+00, 4.3418e-03, 
 2DIAGNOSTIC,    37, -6.595409535782e-01, 1.474135173953e-06, 1.1714e+00, 4.3292e-03, 
DIAGNOSTIC,Iteration,metricValue,convergenceValue,ITERATION_TIME_INDEX,SINCE_LAST
 2DIAGNOSTIC,     1, -5.183739626512e-01, 1.797693134862e+308, 1.9633e+00, 7.9193e-01, 
 2DIAGNOSTIC,     2, -5.189226238269e-01, 1.797693134862e+308, 1.9946e+00, 3.1259e-02, 
 2DIAGNOSTIC,     3, -5.196899327332e-01, 1.797693134862e+308, 2.0277e+00, 3.3073e-02, 
 2DIAGNOSTIC,     4, -5.204463662982e-01, 1.797693134862e+308, 2.0596e+00, 3.1920e-02, 
 2DIAGNOSTIC,     5, -5.209979485277e-01, 1.797693134862e+308, 2.0911e+00, 3.1505e-02, 
 2DIAGNOSTIC,     6, -5.216357744160e-01, 1.797693134862e+308, 2.1217e+00, 3.0578e-02, 
 2DIAGNOSTIC,     7, -5.233753714799e-01, 1.797693134862e+308, 2.1538e+00, 3.2098e-02, 
 2DIAGNOSTIC,     8, -5.241119131294e-01, 1.797693134862e+308, 2.1927e+00, 3.8895e-02, 
 2DIAGNOSTIC,     9, -5.247293428655e-01, 1.797693134862e+308, 2.2308e+00, 3.8090e-02, 
 2DIAGNOSTIC,    10, -5.250028240834e-01, 8.899807883857e-04, 2.2649e+00, 3.4174e-02, 
 2DIAGNOSTIC,    11, -5.254483050716e-01, 7.905532139995e-04, 2.2975e+00, 3.2556e-02, 
 2DIAGNOSTIC,    12, -5.277635691422e-01, 7.650652138030e-04, 2.3296e+00, 3.2102e-02, 
 2DIAGNOSTIC,    13, -5.283161391042e-01, 7.264279691106e-04, 2.3579e+00, 2.8322e-02, 
 2DIAGNOSTIC,    14, -5.288222939814e-01, 6.775650306917e-04, 2.3863e+00, 2.8334e-02, 
 2DIAGNOSTIC,    15, -5.289976643499e-01, 6.012605402705e-04, 2.4151e+00, 2.8872e-02, 
 2DIAGNOSTIC,    16, -5.298475149857e-01, 5.287513925532e-04, 2.4513e+00, 3.6197e-02, 
 2DIAGNOSTIC,    17, -5.313522116757e-01, 5.176188718083e-04, 2.4845e+00, 3.3191e-02, 
 2DIAGNOSTIC,    18, -5.317211921242e-01, 4.916462087388e-04, 2.5185e+00, 3.3983e-02, 
 2DIAGNOSTIC,    19, -5.322490383227e-01, 4.569577038663e-04, 2.5544e+00, 3.5938e-02, 
 2DIAGNOSTIC,    20, -5.323376753944e-01, 3.940990032789e-04, 2.5843e+00, 2.9877e-02, 
 2DIAGNOSTIC,    21, -5.325910097767e-01, 3.171262389793e-04, 2.6173e+00, 3.3036e-02, 
 2DIAGNOSTIC,    22, -5.334985668280e-01, 2.960182889217e-04, 2.6512e+00, 3.3848e-02, 
 2DIAGNOSTIC,    23, -5.343210791503e-01, 2.806740243456e-04, 2.6858e+00, 3.4577e-02, 
 2DIAGNOSTIC,    24, -5.358675279022e-01, 2.867866637419e-04, 2.7291e+00, 4.3342e-02, 
 2DIAGNOSTIC,    25, -5.371405947523e-01, 2.962846293910e-04, 2.7581e+00, 2.8945e-02, 
 2DIAGNOSTIC,    26, -5.416512717469e-01, 3.873079321518e-04, 2.7891e+00, 3.1056e-02, 
 2DIAGNOSTIC,    27, -5.440796174726e-01, 5.111292776393e-04, 2.8208e+00, 3.1662e-02, 
 2DIAGNOSTIC,    28, -5.458268460717e-01, 6.178012135670e-04, 2.8820e+00, 6.1191e-02, 
 2DIAGNOSTIC,    29, -5.459368585553e-01, 6.711460865747e-04, 2.9102e+00, 2.8267e-02, 
 2DIAGNOSTIC,    30, -5.462574250976e-01, 6.653777393187e-04, 2.9390e+00, 2.8724e-02, 
 2DIAGNOSTIC,    31, -5.467021632026e-01, 6.081695260147e-04, 2.9698e+00, 3.0874e-02, 
 2DIAGNOSTIC,    32, -5.470711602772e-01, 5.175567923660e-04, 3.0003e+00, 3.0430e-02, 
 2DIAGNOSTIC,    33, -5.475758319118e-01, 4.052111215781e-04, 3.0305e+00, 3.0223e-02, 
 2DIAGNOSTIC,    34, -5.481186223534e-01, 2.948246874910e-04, 3.0614e+00, 3.0877e-02, 
 2DIAGNOSTIC,    35, -5.484843980626e-01, 1.867423708659e-04, 3.0929e+00, 3.1533e-02, 
 2DIAGNOSTIC,    36, -5.492386680543e-01, 1.443400655493e-04, 3.1292e+00, 3.6324e-02, 
 2DIAGNOSTIC,    37, -5.495050342622e-01, 1.285498347202e-04, 3.1656e+00, 3.6413e-02, 
 2DIAGNOSTIC,    38, -5.503786443446e-01, 1.382044290216e-04, 3.2102e+00, 4.4534e-02, 
 2DIAGNOSTIC,    39, -5.506972814920e-01, 1.398418602293e-04, 3.2417e+00, 3.1546e-02, 
 2DIAGNOSTIC,    40, -5.508911722073e-01, 1.349081338428e-04, 3.2752e+00, 3.3442e-02, 
 2DIAGNOSTIC,    41, -5.513308155327e-01, 1.289061144478e-04, 3.3075e+00, 3.2384e-02, 
 2DIAGNOSTIC,    42, -5.534660359213e-01, 1.423655355097e-04, 3.3464e+00, 3.8829e-02, 
 2DIAGNOSTIC,    43, -5.539166108556e-01, 1.525899802291e-04, 3.3773e+00, 3.0968e-02, 
 2DIAGNOSTIC,    44, -5.544793658623e-01, 1.612978951305e-04, 3.4164e+00, 3.9084e-02, 
 2DIAGNOSTIC,    45, -5.560354814212e-01, 1.770140308305e-04, 3.4515e+00, 3.5074e-02, 
 2DIAGNOSTIC,    46, -5.581291258300e-01, 2.074430356164e-04, 3.4821e+00, 3.0582e-02, 
 2DIAGNOSTIC,    47, -5.655337467150e-01, 3.018799625488e-04, 3.5274e+00, 4.5365e-02, 
 2DIAGNOSTIC,    48, -5.663399175309e-01, 3.798587944925e-04, 3.5575e+00, 3.0092e-02, 
 2DIAGNOSTIC,    49, -5.671773750606e-01, 4.318883417483e-04, 3.5911e+00, 3.3519e-02, 
 2DIAGNOSTIC,    50, -5.673298822413e-01, 4.450383835584e-04, 3.6876e+00, 9.6578e-02, 
 2DIAGNOSTIC,    51, -5.673298820221e-01, 4.186107107810e-04, 3.7178e+00, 3.0169e-02, 
 2DIAGNOSTIC,    52, -5.673298857736e-01, 3.737445890493e-04, 3.7623e+00, 4.4532e-02, 
 2DIAGNOSTIC,    53, -5.673298921161e-01, 2.992886960471e-04, 3.7983e+00, 3.6018e-02, 
 2DIAGNOSTIC,    54, -5.673299028380e-01, 2.053509715982e-04, 3.8334e+00, 3.5007e-02, 
 2DIAGNOSTIC,    55, -5.673299209594e-01, 1.105166117522e-04, 3.8664e+00, 3.3014e-02, 
 2DIAGNOSTIC,    56, -5.673299515877e-01, 2.647473354718e-05, 3.8996e+00, 3.3218e-02, 
 2DIAGNOSTIC,    57, -5.673300033101e-01, 1.089386628820e-05, 3.9312e+00, 3.1621e-02, 
 2DIAGNOSTIC,    58, -5.673300905594e-01, 1.950351919015e-06, 3.9641e+00, 3.2875e-02, 
DIAGNOSTIC,Iteration,metricValue,convergenceValue,ITERATION_TIME_INDEX,SINCE_LAST
 2DIAGNOSTIC,     1, -5.013016050946e-01, 1.797693134862e+308, 5.1441e+00, 1.1801e+00, 
 2DIAGNOSTIC,     2, -5.015856216696e-01, 1.797693134862e+308, 5.4418e+00, 2.9767e-01, 
 2DIAGNOSTIC,     3, -5.019076771431e-01, 1.797693134862e+308, 5.7376e+00, 2.9576e-01, 
 2DIAGNOSTIC,     4, -5.020529108450e-01, 1.797693134862e+308, 6.0480e+00, 3.1043e-01, 
 2DIAGNOSTIC,     5, -5.021261895098e-01, 1.797693134862e+308, 6.3462e+00, 2.9815e-01, 
 2DIAGNOSTIC,     6, -5.021655351529e-01, 1.797693134862e+308, 6.7210e+00, 3.7486e-01, 
 2DIAGNOSTIC,     7, -5.021914138966e-01, 1.797693134862e+308, 7.0318e+00, 3.1075e-01, 
 2DIAGNOSTIC,     8, -5.022444682573e-01, 1.797693134862e+308, 7.2925e+00, 2.6077e-01, 
 2DIAGNOSTIC,     9, -5.023302409030e-01, 1.797693134862e+308, 7.6898e+00, 3.9732e-01, 
 2DIAGNOSTIC,    10, -5.023285238186e-01, 1.155598572667e-04, 8.0036e+00, 3.1370e-01, 
 2DIAGNOSTIC,    11, -5.023277878895e-01, 7.309044676763e-05, 8.3813e+00, 3.7771e-01, 
 2DIAGNOSTIC,    12, -5.023247119701e-01, 4.439399147552e-05, 8.7071e+00, 3.2580e-01, 
 2DIAGNOSTIC,    13, -5.023244487621e-01, 3.018726156012e-05, 8.9654e+00, 2.5837e-01, 
 2DIAGNOSTIC,    14, -5.023248115264e-01, 2.126141341775e-05, 9.2158e+00, 2.5033e-01, 
 2DIAGNOSTIC,    15, -5.023242553839e-01, 1.452529712979e-05, 9.4790e+00, 2.6328e-01, 
 2DIAGNOSTIC,    16, -5.023236982802e-01, 8.913750034367e-06, 9.7187e+00, 2.3963e-01, 
 2DIAGNOSTIC,    17, -5.023225003448e-01, 4.132027539266e-06, 9.9579e+00, 2.3924e-01, 
 2DIAGNOSTIC,    18, -5.023232581862e-01, 1.287680712780e-06, 1.0273e+01, 3.1556e-01, 
 2DIAGNOSTIC,    19, -5.023241725218e-01, 1.367813746392e-06, 1.0583e+01, 3.0944e-01, 
 2DIAGNOSTIC,    20, -5.023254900465e-01, 1.455820562220e-06, 1.0851e+01, 2.6826e-01, 
 2DIAGNOSTIC,    21, -5.023256391659e-01, 1.534715738570e-06, 1.1101e+01, 2.5016e-01, 
 2DIAGNOSTIC,    22, -5.023247936594e-01, 1.504992406219e-06, 1.1440e+01, 3.3855e-01, 
 2DIAGNOSTIC,    23, -5.023256823412e-01, 1.487986997915e-06, 1.1768e+01, 3.2768e-01, 
 2DIAGNOSTIC,    24, -5.023252167528e-01, 1.458598403115e-06, 1.2039e+01, 2.7187e-01, 
 2DIAGNOSTIC,    25, -5.023249068057e-01, 1.399433778158e-06, 1.2329e+01, 2.8971e-01, 
 2DIAGNOSTIC,    26, -5.023242947383e-01, 1.309018533700e-06, 1.2597e+01, 2.6740e-01, 
 2DIAGNOSTIC,    27, -5.023236261866e-01, 1.178721545661e-06, 1.2829e+01, 2.3222e-01, 
 2DIAGNOSTIC,    28, -5.023222417801e-01, 1.044813819094e-06, 1.3092e+01, 2.6291e-01, 
DIAGNOSTIC,Iteration,metricValue,convergenceValue,ITERATION_TIME_INDEX,SINCE_LAST
 2DIAGNOSTIC,     1, -4.666690774518e-01, 1.797693134862e+308, 1.5740e+01, 2.6485e+00, 
 2DIAGNOSTIC,     2, -4.668370662427e-01, 1.797693134862e+308, 1.7425e+01, 1.6848e+00, 
 2DIAGNOSTIC,     3, -4.669991130359e-01, 1.797693134862e+308, 2.0033e+01, 2.6081e+00, 
 2DIAGNOSTIC,     4, -4.670021173114e-01, 1.797693134862e+308, 2.1510e+01, 1.4770e+00, 
 2DIAGNOSTIC,     5, -4.670100003420e-01, 1.797693134862e+308, 2.2928e+01, 1.4179e+00, 
 2DIAGNOSTIC,     6, -4.670112158424e-01, 1.797693134862e+308, 2.4652e+01, 1.7242e+00, 
 2DIAGNOSTIC,     7, -4.670128854634e-01, 1.797693134862e+308, 2.6070e+01, 1.4181e+00, 
 2DIAGNOSTIC,     8, -4.670146400038e-01, 1.797693134862e+308, 2.7504e+01, 1.4334e+00, 
 2DIAGNOSTIC,     9, -4.670227404489e-01, 1.797693134862e+308, 2.8914e+01, 1.4107e+00, 
 2DIAGNOSTIC,    10, -4.670426639974e-01, 3.677224732596e-05, 3.0568e+01, 1.6535e+00, 
 2DIAGNOSTIC,    11, -4.670639386209e-01, 1.848609314635e-05, 3.2738e+01, 2.1705e+00, 
 2DIAGNOSTIC,    12, -4.670625361093e-01, 1.005757609675e-05, 3.4676e+01, 1.9377e+00, 
 2DIAGNOSTIC,    13, -4.670629628952e-01, 9.890911475019e-06, 3.6220e+01, 1.5443e+00, 
 2DIAGNOSTIC,    14, -4.670630913424e-01, 9.204472506352e-06, 3.8264e+01, 2.0435e+00, 
 2DIAGNOSTIC,    15, -4.670629937852e-01, 8.274182381807e-06, 4.2832e+01, 4.5687e+00, 
 2DIAGNOSTIC,    16, -4.670629937849e-01, 6.930315234716e-06, 4.6534e+01, 3.7012e+00, 
 2DIAGNOSTIC,    17, -4.670629937849e-01, 5.360670604318e-06, 4.8311e+01, 1.7770e+00, 
 2DIAGNOSTIC,    18, -4.670629937849e-01, 3.714298327892e-06, 4.9858e+01, 1.5475e+00, 
 2DIAGNOSTIC,    19, -4.670629937849e-01, 2.309370421331e-06, 5.1257e+01, 1.3987e+00, 
 2DIAGNOSTIC,    20, -4.670629937849e-01, 1.573357351611e-06, 5.3026e+01, 1.7686e+00, 
 2DIAGNOSTIC,    21, -4.670629937849e-01, 1.526973480832e-06, 5.4524e+01, 1.4985e+00, 
 2DIAGNOSTIC,    22, -4.670629937849e-01, 1.444544614849e-06, 5.6200e+01, 1.6763e+00, 
 2DIAGNOSTIC,    23, -4.670629937849e-01, 1.380588591095e-06, 5.7726e+01, 1.5259e+00, 
 2DIAGNOSTIC,    24, -4.670629937849e-01, 1.325532629048e-06, 5.9337e+01, 1.6107e+00, 
 2DIAGNOSTIC,    25, -4.670629937849e-01, 1.272506753233e-06, 6.1024e+01, 1.6870e+00, 
 2DIAGNOSTIC,    26, -4.670629937849e-01, 1.223560123498e-06, 6.2703e+01, 1.6788e+00, 
 2DIAGNOSTIC,    27, -4.670629937849e-01, 1.178239459790e-06, 6.4249e+01, 1.5464e+00, 
 2DIAGNOSTIC,    28, -4.670629937849e-01, 1.136156235849e-06, 6.6091e+01, 1.8417e+00, 
 2DIAGNOSTIC,    29, -4.670629937849e-01, 1.096975519199e-06, 6.7653e+01, 1.5624e+00, 
 2DIAGNOSTIC,    30, -4.670629937849e-01, 1.060407038220e-06, 6.9506e+01, 1.8528e+00, 
 2DIAGNOSTIC,    31, -4.670629937849e-01, 1.026197978309e-06, 7.0998e+01, 1.4919e+00, 
  Elapsed time (stage 0): 7.1824e+01


Total elapsed time: 7.1827e+01
Info [verificarlo]: loaded backend libinterflop_vprec.so
Info [interflop-vprec]: load backend with: 
Info [interflop-vprec]: precision-binary32 = 6
Info [interflop-vprec]: range-binary32 = 7
Info [interflop-vprec]: precision-binary64 = 6
Info [interflop-vprec]: range-binary64 = 7
Info [interflop-vprec]: mode = ob
Info [interflop-vprec]: error-mode = rel
Info [interflop-vprec]: max-abs-error-exponent = -1022
Info [interflop-vprec]: daz = false
Info [interflop-vprec]: ftz = false
Info [interflop-vprec]: 	instrument = none
Info [interflop-vprec]: 	prec-input-file = (null)
Info [interflop-vprec]: 	prec-output-file = (null)
Info [interflop-vprec]: 	prec-log-file = (null)
All_Command_lines_OK
Using double precision for computations.
=============================================================================
The composite transform comprises the following transforms (in order): 
  1. /home/mdugre/scratch/mri-registration-rp/datasets/ds004513/derivatives/mri-registration-rp/0011/antsRegistration-r7-p6/sub-s032/rigid_Composite.h5[0] (type = Euler3DTransform)
  2. /home/mdugre/scratch/mri-registration-rp/datasets/ds004513/derivatives/mri-registration-rp/0011/antsRegistration-r7-p6/sub-s032/rigid_Composite.h5[1] (type = Euler3DTransform)
  3. /home/mdugre/scratch/mri-registration-rp/datasets/ds004513/derivatives/mri-registration-rp/0011/antsRegistration-r7-p6/sub-s032/rigid_Composite.h5[2] (type = Euler3DTransform)
=============================================================================
  number of levels = 4
  fixed image: /templateflow/tpl-MNI152NLin2009cAsym/tpl-MNI152NLin2009cAsym_res-01_desc-brain_T1w.nii.gz
  moving image: /home/mdugre/scratch/mri-registration-rp/datasets/ds004513/derivatives/mri-registration-rp/antsBrainExtraction/sub-s032/BrainExtractionBrain.nii.gz
Dimension = 3
Number of stages = 1
Use histogram matching = false
Winsorize image intensities = true
  Lower quantile = 0.005
  Upper quantile = 0.995


Stage 1 State
   Image metric = MattesMI
     Fixed image = Image (0x4f721e0)
  RTTI typeinfo:   itk::Image<double, 3u>
  Reference Count: 2
  Modified Time: 1592
  Debug: Off
  Object Name: 
  Observers: 
    none
  Source: (none)
  Source output name: (none)
  Release Data: Off
  Data Released: False
  Global Release Data: Off
  PipelineMTime: 0
  UpdateMTime: 1203
  RealTimeStamp: 0 seconds 
  LargestPossibleRegion: 
    Dimension: 3
    Index: [0, 0, 0]
    Size: [193, 229, 193]
  BufferedRegion: 
    Dimension: 3
    Index: [0, 0, 0]
    Size: [193, 229, 193]
  RequestedRegion: 
    Dimension: 3
    Index: [0, 0, 0]
    Size: [193, 229, 193]
  Spacing: [1, 1, 1]
  Origin: [96, 132, -78]
  Direction: 
-1 0 0
0 -1 0
0 0 1

  IndexToPointMatrix: 
-1 0 0
0 -1 0
0 0 1

  PointToIndexMatrix: 
-1 0 0
0 -1 0
0 0 1

  Inverse Direction: 
-1 0 0
0 -1 0
0 0 1

  PixelContainer: 
    ImportImageContainer (0x503f890)
      RTTI typeinfo:   itk::ImportImageContainer<unsigned long, double>
      Reference Count: 1
      Modified Time: 1200
      Debug: Off
      Object Name: 
      Observers: 
        none
      Pointer: 0x154bbad87010
      Container manages memory: true
      Size: 8530021
      Capacity: 8530021

     Moving image = Image (0x503ee40)
  RTTI typeinfo:   itk::Image<double, 3u>
  Reference Count: 2
  Modified Time: 1593
  Debug: Off
  Object Name: 
  Observers: 
    none
  Source: (none)
  Source output name: (none)
  Release Data: Off
  Data Released: False
  Global Release Data: Off
  PipelineMTime: 0
  UpdateMTime: 1590
  RealTimeStamp: 0 seconds 
  LargestPossibleRegion: 
    Dimension: 3
    Index: [0, 0, 0]
    Size: [160, 240, 256]
  BufferedRegion: 
    Dimension: 3
    Index: [0, 0, 0]
    Size: [160, 240, 256]
  RequestedRegion: 
    Dimension: 3
    Index: [0, 0, 0]
    Size: [160, 240, 256]
  Spacing: [1, 1, 1]
  Origin: [73, 105, -132]
  Direction: 
-1 0.0644531 -0.027832
-0.0644531 -1 -0.00180054
-0.027832 0 1

  IndexToPointMatrix: 
-1 0.0644531 -0.027832
-0.0644531 -1 -0.00180054
-0.027832 0 1

  PointToIndexMatrix: 
-1 -0.0644531 -0.027832
0.0644531 -1 0
-0.027832 -0.00180054 1

  Inverse Direction: 
-1 -0.0644531 -0.027832
0.0644531 -1 0
-0.027832 -0.00180054 1

  PixelContainer: 
    ImportImageContainer (0x50dfa50)
      RTTI typeinfo:   itk::ImportImageContainer<unsigned long, double>
      Reference Count: 1
      Modified Time: 1587
      Debug: Off
      Object Name: 
      Observers: 
        none
      Pointer: 0x154bb6286010
      Container manages memory: true
      Size: 9830400
      Capacity: 9830400

     Weighting = 1
     Sampling strategy = regular
     Number of bins = 32
     Radius = 4
     Sampling percentage  = 0.25
   Transform = Affine
     Gradient step = 0.1
     Update field sigma (voxel space) = 0
     Total field sigma (voxel space) = 0
     Update field time sigma = 0
     Total field time sigma  = 0
     Number of time indices = 0
     Number of time point samples = 0
Registration using 1 total stages.

Stage 0
  iterations = 1000x500x250x100
  convergence threshold = 1e-06
  convergence window size = 10
  number of levels = 4
  using the Mattes MI metric (number of bins = 32, weight = 1, use gradient filter = 0)
slurmstepd: error: *** JOB 42388486 ON nc10235 CANCELLED AT 2025-04-10T14:16:54 DUE TO TIME LIMIT ***
