
##########################
# Experiment information #
##########################

EXPERIMENT_NAME: antsRegistration-r7-p23
VFC_BACKENDS: libinterflop_vprec.so --range-binary32=7 --precision-binary32=23 --range-binary64=7 --precision-binary64=23

SIF_IMG: /home/mdugre/projects/rrg-glatard/mdugre/containers/ants-vprec-no_metrics.simg

SUBJECT_ID: s033
INPUT_IMG: /home/mdugre/scratch/mri-registration-rp/datasets/ds004513/derivatives/mri-registration-rp/antsBrainExtraction/sub-s033/BrainExtractionBrain.nii.gz
OUTPUT_DIR: /home/mdugre/scratch/mri-registration-rp/datasets/ds004513/derivatives/mri-registration-rp/0011/antsRegistration-r7-p23/sub-s033

FIXED_IMG: /templateflow/tpl-MNI152NLin2009cAsym/tpl-MNI152NLin2009cAsym_res-01_desc-brain_T1w.nii.gz
DATA_DIR: /home/mdugre/scratch/mri-registration-rp/datasets/ds004513
TEMPLATEFLOW_DIR: /home/mdugre/projects/rrg-glatard/mdugre/templateflow
ITK_GLOBAL_DEFAULT_NUMBER_OF_THREADS: 16
##########################

Info [verificarlo]: loaded backend libinterflop_ieee.so
Info [interflop-ieee]: load backend with:
Info [interflop-ieee]: debug = false
Info [interflop-ieee]: debug-binary = false
Info [interflop-ieee]: no-backend-name = false
Info [interflop-ieee]: print-new-line = false
Info [interflop-ieee]: print-subnormal-normalized = false
Info [interflop-ieee]: count-op = false
All_Command_lines_OK
Using double precision for computations.
=============================================================================
The composite transform comprises the following transforms (in order): 
  1. Center of mass alignment using fixed image: /templateflow/tpl-MNI152NLin2009cAsym/tpl-MNI152NLin2009cAsym_res-01_desc-brain_T1w.nii.gz and moving image: /home/mdugre/scratch/mri-registration-rp/datasets/ds004513/derivatives/mri-registration-rp/antsBrainExtraction/sub-s033/BrainExtractionBrain.nii.gz (type = Euler3DTransform)
=============================================================================
  number of levels = 1
  fixed image: /templateflow/tpl-MNI152NLin2009cAsym/tpl-MNI152NLin2009cAsym_res-01_desc-brain_T1w.nii.gz
  moving image: /home/mdugre/scratch/mri-registration-rp/datasets/ds004513/derivatives/mri-registration-rp/antsBrainExtraction/sub-s033/BrainExtractionBrain.nii.gz
Dimension = 3
Number of stages = 1
Use histogram matching = false
Winsorize image intensities = true
  Lower quantile = 0.005
  Upper quantile = 0.995


Stage 1 State
   Image metric = MattesMI
     Fixed image = Image (0x4c82e70)
  RTTI typeinfo:   itk::Image<double, 3u>
  Reference Count: 2
  Modified Time: 2330
  Debug: Off
  Object Name: 
  Observers: 
    none
  Source: (none)
  Source output name: (none)
  Release Data: Off
  Data Released: False
  Global Release Data: Off
  PipelineMTime: 0
  UpdateMTime: 1941
  RealTimeStamp: 0 seconds 
  LargestPossibleRegion: 
    Dimension: 3
    Index: [0, 0, 0]
    Size: [193, 229, 193]
  BufferedRegion: 
    Dimension: 3
    Index: [0, 0, 0]
    Size: [193, 229, 193]
  RequestedRegion: 
    Dimension: 3
    Index: [0, 0, 0]
    Size: [193, 229, 193]
  Spacing: [1, 1, 1]
  Origin: [96, 132, -78]
  Direction: 
-1 0 0
0 -1 0
0 0 1

  IndexToPointMatrix: 
-1 0 0
0 -1 0
0 0 1

  PointToIndexMatrix: 
-1 0 0
0 -1 0
0 0 1

  Inverse Direction: 
-1 0 0
0 -1 0
0 0 1

  PixelContainer: 
    ImportImageContainer (0x4c8bc60)
      RTTI typeinfo:   itk::ImportImageContainer<unsigned long, double>
      Reference Count: 1
      Modified Time: 1938
      Debug: Off
      Object Name: 
      Observers: 
        none
      Pointer: 0x14b2c8263010
      Container manages memory: true
      Size: 8530021
      Capacity: 8530021

     Moving image = Image (0x4c85540)
  RTTI typeinfo:   itk::Image<double, 3u>
  Reference Count: 2
  Modified Time: 2331
  Debug: Off
  Object Name: 
  Observers: 
    none
  Source: (none)
  Source output name: (none)
  Release Data: Off
  Data Released: False
  Global Release Data: Off
  PipelineMTime: 0
  UpdateMTime: 2328
  RealTimeStamp: 0 seconds 
  LargestPossibleRegion: 
    Dimension: 3
    Index: [0, 0, 0]
    Size: [160, 240, 256]
  BufferedRegion: 
    Dimension: 3
    Index: [0, 0, 0]
    Size: [160, 240, 256]
  RequestedRegion: 
    Dimension: 3
    Index: [0, 0, 0]
    Size: [160, 240, 256]
  Spacing: [1, 1, 1]
  Origin: [91.5134, 94.282, -109.927]
  Direction: 
-0.99591 -0.0698718 -0.0572835
0.0697565 -0.997556 0.00401236
-0.0574239 5.01125e-08 0.99835

  IndexToPointMatrix: 
-0.99591 -0.0698718 -0.0572835
0.0697565 -0.997556 0.00401236
-0.0574239 5.01125e-08 0.99835

  PointToIndexMatrix: 
-0.99591 0.0697565 -0.0574239
-0.0698718 -0.997556 5.01483e-08
-0.0572835 0.00401236 0.99835

  Inverse Direction: 
-0.99591 0.0697565 -0.0574239
-0.0698718 -0.997556 5.01483e-08
-0.0572835 0.00401236 0.99835

  PixelContainer: 
    ImportImageContainer (0x4d97610)
      RTTI typeinfo:   itk::ImportImageContainer<unsigned long, double>
      Reference Count: 1
      Modified Time: 2325
      Debug: Off
      Object Name: 
      Observers: 
        none
      Pointer: 0x14b2c3762010
      Container manages memory: true
      Size: 9830400
      Capacity: 9830400

     Weighting = 1
     Sampling strategy = regular
     Number of bins = 32
     Radius = 4
     Sampling percentage  = 0.25
   Transform = Rigid
     Gradient step = 0.1
     Update field sigma (voxel space) = 0
     Total field sigma (voxel space) = 0
     Update field time sigma = 0
     Total field time sigma  = 0
     Number of time indices = 0
     Number of time point samples = 0
Registration using 1 total stages.

Stage 0
  iterations = 0
  convergence threshold = 1e-06
  convergence window size = 10
  number of levels = 1
  using the Mattes MI metric (number of bins = 32, weight = 1, use gradient filter = 0)
  preprocessing:  winsorizing the image intensities
  Shrink factors (level 1 out of 1): [1, 1, 1]
  smoothing sigmas per level: [0]
  regular sampling (percentage = 0.25)

*** Running Euler3DTransform registration ***

  Elapsed time (stage 0): 1.09549


Total elapsed time: 1.09767
Info [verificarlo]: loaded backend libinterflop_ieee.so
Info [interflop-ieee]: load backend with:
Info [interflop-ieee]: debug = false
Info [interflop-ieee]: debug-binary = false
Info [interflop-ieee]: no-backend-name = false
Info [interflop-ieee]: print-new-line = false
Info [interflop-ieee]: print-subnormal-normalized = false
Info [interflop-ieee]: count-op = false
All_Command_lines_OK
Using double precision for computations.
=============================================================================
The composite transform comprises the following transforms (in order): 
  1. /home/mdugre/scratch/mri-registration-rp/datasets/ds004513/derivatives/mri-registration-rp/0011/antsRegistration-r7-p23/sub-s033/align_Composite.h5[0] (type = Euler3DTransform)
  2. /home/mdugre/scratch/mri-registration-rp/datasets/ds004513/derivatives/mri-registration-rp/0011/antsRegistration-r7-p23/sub-s033/align_Composite.h5[1] (type = Euler3DTransform)
=============================================================================
  number of levels = 4
  fixed image: /templateflow/tpl-MNI152NLin2009cAsym/tpl-MNI152NLin2009cAsym_res-01_desc-brain_T1w.nii.gz
  moving image: /home/mdugre/scratch/mri-registration-rp/datasets/ds004513/derivatives/mri-registration-rp/antsBrainExtraction/sub-s033/BrainExtractionBrain.nii.gz
Dimension = 3
Number of stages = 1
Use histogram matching = false
Winsorize image intensities = true
  Lower quantile = 0.005
  Upper quantile = 0.995


Stage 1 State
   Image metric = MattesMI
     Fixed image = Image (0x4bec530)
  RTTI typeinfo:   itk::Image<double, 3u>
  Reference Count: 2
  Modified Time: 1578
  Debug: Off
  Object Name: 
  Observers: 
    none
  Source: (none)
  Source output name: (none)
  Release Data: Off
  Data Released: False
  Global Release Data: Off
  PipelineMTime: 0
  UpdateMTime: 1189
  RealTimeStamp: 0 seconds 
  LargestPossibleRegion: 
    Dimension: 3
    Index: [0, 0, 0]
    Size: [193, 229, 193]
  BufferedRegion: 
    Dimension: 3
    Index: [0, 0, 0]
    Size: [193, 229, 193]
  RequestedRegion: 
    Dimension: 3
    Index: [0, 0, 0]
    Size: [193, 229, 193]
  Spacing: [1, 1, 1]
  Origin: [96, 132, -78]
  Direction: 
-1 0 0
0 -1 0
0 0 1

  IndexToPointMatrix: 
-1 0 0
0 -1 0
0 0 1

  PointToIndexMatrix: 
-1 0 0
0 -1 0
0 0 1

  Inverse Direction: 
-1 0 0
0 -1 0
0 0 1

  PixelContainer: 
    ImportImageContainer (0x4caad60)
      RTTI typeinfo:   itk::ImportImageContainer<unsigned long, double>
      Reference Count: 1
      Modified Time: 1186
      Debug: Off
      Object Name: 
      Observers: 
        none
      Pointer: 0x1475510b0010
      Container manages memory: true
      Size: 8530021
      Capacity: 8530021

     Moving image = Image (0x4c9cf60)
  RTTI typeinfo:   itk::Image<double, 3u>
  Reference Count: 2
  Modified Time: 1579
  Debug: Off
  Object Name: 
  Observers: 
    none
  Source: (none)
  Source output name: (none)
  Release Data: Off
  Data Released: False
  Global Release Data: Off
  PipelineMTime: 0
  UpdateMTime: 1576
  RealTimeStamp: 0 seconds 
  LargestPossibleRegion: 
    Dimension: 3
    Index: [0, 0, 0]
    Size: [160, 240, 256]
  BufferedRegion: 
    Dimension: 3
    Index: [0, 0, 0]
    Size: [160, 240, 256]
  RequestedRegion: 
    Dimension: 3
    Index: [0, 0, 0]
    Size: [160, 240, 256]
  Spacing: [1, 1, 1]
  Origin: [91.5134, 94.282, -109.927]
  Direction: 
-0.99591 -0.0698718 -0.0572835
0.0697565 -0.997556 0.00401236
-0.0574239 5.01125e-08 0.99835

  IndexToPointMatrix: 
-0.99591 -0.0698718 -0.0572835
0.0697565 -0.997556 0.00401236
-0.0574239 5.01125e-08 0.99835

  PointToIndexMatrix: 
-0.99591 0.0697565 -0.0574239
-0.0698718 -0.997556 5.01483e-08
-0.0572835 0.00401236 0.99835

  Inverse Direction: 
-0.99591 0.0697565 -0.0574239
-0.0698718 -0.997556 5.01483e-08
-0.0572835 0.00401236 0.99835

  PixelContainer: 
    ImportImageContainer (0x4c8e6d0)
      RTTI typeinfo:   itk::ImportImageContainer<unsigned long, double>
      Reference Count: 1
      Modified Time: 1573
      Debug: Off
      Object Name: 
      Observers: 
        none
      Pointer: 0x14754c5af010
      Container manages memory: true
      Size: 9830400
      Capacity: 9830400

     Weighting = 1
     Sampling strategy = regular
     Number of bins = 32
     Radius = 4
     Sampling percentage  = 0.25
   Transform = Rigid
     Gradient step = 0.1
     Update field sigma (voxel space) = 0
     Total field sigma (voxel space) = 0
     Update field time sigma = 0
     Total field time sigma  = 0
     Number of time indices = 0
     Number of time point samples = 0
Registration using 1 total stages.

Stage 0
  iterations = 1000x500x250x100
  convergence threshold = 1e-06
  convergence window size = 10
  number of levels = 4
  using the Mattes MI metric (number of bins = 32, weight = 1, use gradient filter = 0)
  preprocessing:  winsorizing the image intensities
  Shrink factors (level 1 out of 4): [8, 8, 8]
  Shrink factors (level 2 out of 4): [4, 4, 4]
  Shrink factors (level 3 out of 4): [2, 2, 2]
  Shrink factors (level 4 out of 4): [1, 1, 1]
  smoothing sigmas per level: [3, 2, 1, 0]
  regular sampling (percentage = 0.25)

*** Running Euler3DTransform registration ***

DIAGNOSTIC,Iteration,metricValue,convergenceValue,ITERATION_TIME_INDEX,SINCE_LAST
 2DIAGNOSTIC,     1, -4.945365495269e-01, 1.797693134862e+308, 7.5716e-01, 7.5716e-01, 
 2DIAGNOSTIC,     2, -4.961551199262e-01, 1.797693134862e+308, 7.6208e-01, 4.9219e-03, 
 2DIAGNOSTIC,     3, -4.991207097076e-01, 1.797693134862e+308, 7.6657e-01, 4.4940e-03, 
 2DIAGNOSTIC,     4, -5.030359852117e-01, 1.797693134862e+308, 7.7107e-01, 4.4980e-03, 
 2DIAGNOSTIC,     5, -5.059125054655e-01, 1.797693134862e+308, 7.7554e-01, 4.4682e-03, 
 2DIAGNOSTIC,     6, -5.092815596254e-01, 1.797693134862e+308, 7.8017e-01, 4.6279e-03, 
 2DIAGNOSTIC,     7, -5.205915484568e-01, 1.797693134862e+308, 7.8551e-01, 5.3432e-03, 
 2DIAGNOSTIC,     8, -5.236677933913e-01, 1.797693134862e+308, 7.9005e-01, 4.5350e-03, 
 2DIAGNOSTIC,     9, -5.261653611514e-01, 1.797693134862e+308, 7.9495e-01, 4.9019e-03, 
 2DIAGNOSTIC,    10, -5.313843279548e-01, 4.956236851461e-03, 8.0000e-01, 5.0559e-03, 
 2DIAGNOSTIC,    11, -5.461121550605e-01, 5.255951709877e-03, 8.0607e-01, 6.0680e-03, 
 2DIAGNOSTIC,    12, -5.563506773257e-01, 5.544499219492e-03, 8.1093e-01, 4.8559e-03, 
 2DIAGNOSTIC,    13, -6.011783753099e-01, 7.240286204007e-03, 8.1702e-01, 6.0880e-03, 
 2DIAGNOSTIC,    14, -6.166052825043e-01, 8.701253899280e-03, 8.2176e-01, 4.7462e-03, 
 2DIAGNOSTIC,    15, -6.211428291610e-01, 9.416357350974e-03, 8.2644e-01, 4.6771e-03, 
 2DIAGNOSTIC,    16, -6.235432150765e-01, 9.368281932810e-03, 8.3180e-01, 5.3649e-03, 
 2DIAGNOSTIC,    17, -6.347577458932e-01, 9.145335018312e-03, 8.3848e-01, 6.6810e-03, 
 2DIAGNOSTIC,    18, -6.413138475694e-01, 8.359392941964e-03, 8.4376e-01, 5.2779e-03, 
 2DIAGNOSTIC,    19, -6.420802705688e-01, 6.980623431288e-03, 8.4956e-01, 5.7940e-03, 
 2DIAGNOSTIC,    20, -6.425493361776e-01, 5.272872544089e-03, 8.5411e-01, 4.5490e-03, 
 2DIAGNOSTIC,    21, -6.431795001585e-01, 3.641466631388e-03, 8.5925e-01, 5.1410e-03, 
 2DIAGNOSTIC,    22, -6.434078407797e-01, 2.049113956110e-03, 8.6379e-01, 4.5400e-03, 
 2DIAGNOSTIC,    23, -6.435083886504e-01, 1.381096871259e-03, 8.6896e-01, 5.1761e-03, 
 2DIAGNOSTIC,    24, -6.436807746472e-01, 9.688116050993e-04, 8.7494e-01, 5.9781e-03, 
 2DIAGNOSTIC,    25, -6.439989348628e-01, 6.014652716683e-04, 8.8193e-01, 6.9871e-03, 
 2DIAGNOSTIC,    26, -6.448361495514e-01, 2.655195219380e-04, 8.8648e-01, 4.5481e-03, 
 2DIAGNOSTIC,    27, -6.460796041850e-01, 1.536864514630e-04, 8.9177e-01, 5.2941e-03, 
 2DIAGNOSTIC,    28, -6.463976200485e-01, 1.550352987034e-04, 8.9629e-01, 4.5218e-03, 
 2DIAGNOSTIC,    29, -6.463935460628e-01, 1.547432162080e-04, 9.0082e-01, 4.5240e-03, 
 2DIAGNOSTIC,    30, -6.464392299584e-01, 1.482978880871e-04, 9.0592e-01, 5.1031e-03, 
 2DIAGNOSTIC,    31, -6.463723509257e-01, 1.368672266992e-04, 9.1042e-01, 4.4971e-03, 
 2DIAGNOSTIC,    32, -6.464254414175e-01, 1.173266696497e-04, 9.1608e-01, 5.6620e-03, 
 2DIAGNOSTIC,    33, -6.464354985001e-01, 8.969340106151e-05, 9.3048e-01, 1.4406e-02, 
 2DIAGNOSTIC,    34, -6.464354984672e-01, 5.811498867817e-05, 9.4511e-01, 1.4629e-02, 
 2DIAGNOSTIC,    35, -6.464354984671e-01, 2.735372593880e-05, 9.5021e-01, 5.1000e-03, 
 2DIAGNOSTIC,    36, -6.464354984671e-01, 6.561961618287e-06, 9.5529e-01, 5.0769e-03, 
 2DIAGNOSTIC,    37, -6.464354984671e-01, 2.244491945802e-06, 9.6090e-01, 5.6150e-03, 
 2DIAGNOSTIC,    38, -6.464354984671e-01, 1.990752317285e-06, 9.6707e-01, 6.1650e-03, 
 2DIAGNOSTIC,    39, -6.464354984671e-01, 1.582336631296e-06, 9.7233e-01, 5.2650e-03, 
 2DIAGNOSTIC,    40, -6.464354984671e-01, 1.698175252796e-06, 9.7762e-01, 5.2850e-03, 
DIAGNOSTIC,Iteration,metricValue,convergenceValue,ITERATION_TIME_INDEX,SINCE_LAST
 2DIAGNOSTIC,     1, -5.367244444879e-01, 1.797693134862e+308, 1.7635e+00, 7.8587e-01, 
 2DIAGNOSTIC,     2, -5.380313827482e-01, 1.797693134862e+308, 1.7971e+00, 3.3652e-02, 
 2DIAGNOSTIC,     3, -5.401731902654e-01, 1.797693134862e+308, 1.8286e+00, 3.1460e-02, 
 2DIAGNOSTIC,     4, -5.431881337792e-01, 1.797693134862e+308, 1.8591e+00, 3.0531e-02, 
 2DIAGNOSTIC,     5, -5.453557591945e-01, 1.797693134862e+308, 1.8897e+00, 3.0607e-02, 
 2DIAGNOSTIC,     6, -5.461088562967e-01, 1.797693134862e+308, 1.9206e+00, 3.0840e-02, 
 2DIAGNOSTIC,     7, -5.462086678699e-01, 1.797693134862e+308, 1.9517e+00, 3.1118e-02, 
 2DIAGNOSTIC,     8, -5.464644811210e-01, 1.797693134862e+308, 2.0003e+00, 4.8600e-02, 
 2DIAGNOSTIC,     9, -5.466119842020e-01, 1.797693134862e+308, 2.0374e+00, 3.7139e-02, 
 2DIAGNOSTIC,    10, -5.465653130861e-01, 1.220919022272e-03, 2.0731e+00, 3.5630e-02, 
 2DIAGNOSTIC,    11, -5.465682684778e-01, 8.133912666762e-04, 2.1108e+00, 3.7772e-02, 
 2DIAGNOSTIC,    12, -5.465541408983e-01, 4.580258672062e-04, 2.1443e+00, 3.3439e-02, 
 2DIAGNOSTIC,    13, -5.465494215491e-01, 2.001583040677e-04, 2.1783e+00, 3.4019e-02, 
 2DIAGNOSTIC,    14, -5.465144127866e-01, 7.040399697460e-05, 2.2098e+00, 3.1481e-02, 
 2DIAGNOSTIC,    15, -5.465021546324e-01, 2.625951070326e-05, 2.2441e+00, 3.4300e-02, 
 2DIAGNOSTIC,    16, -5.465203007802e-01, 1.067860716390e-05, 2.2778e+00, 3.3772e-02, 
DIAGNOSTIC,Iteration,metricValue,convergenceValue,ITERATION_TIME_INDEX,SINCE_LAST
 2DIAGNOSTIC,     1, -4.642612160654e-01, 1.797693134862e+308, 3.4356e+00, 1.1578e+00, 
 2DIAGNOSTIC,     2, -4.645523964031e-01, 1.797693134862e+308, 3.6891e+00, 2.5344e-01, 
 2DIAGNOSTIC,     3, -4.648354186303e-01, 1.797693134862e+308, 3.9677e+00, 2.7864e-01, 
 2DIAGNOSTIC,     4, -4.650444819118e-01, 1.797693134862e+308, 4.2359e+00, 2.6818e-01, 
 2DIAGNOSTIC,     5, -4.653294029201e-01, 1.797693134862e+308, 4.4959e+00, 2.5998e-01, 
 2DIAGNOSTIC,     6, -4.657501520741e-01, 1.797693134862e+308, 4.7566e+00, 2.6073e-01, 
 2DIAGNOSTIC,     7, -4.663152994296e-01, 1.797693134862e+308, 5.1635e+00, 4.0690e-01, 
 2DIAGNOSTIC,     8, -4.663376519317e-01, 1.797693134862e+308, 5.4304e+00, 2.6689e-01, 
 2DIAGNOSTIC,     9, -4.663397935801e-01, 1.797693134862e+308, 5.7492e+00, 3.1883e-01, 
 2DIAGNOSTIC,    10, -4.663424495548e-01, 3.304414770209e-04, 6.0633e+00, 3.1414e-01, 
 2DIAGNOSTIC,    11, -4.663407763386e-01, 2.569717126105e-04, 6.3621e+00, 2.9878e-01, 
 2DIAGNOSTIC,    12, -4.663402989536e-01, 1.871608149344e-04, 6.6416e+00, 2.7949e-01, 
 2DIAGNOSTIC,    13, -4.663397689329e-01, 1.247948725940e-04, 6.8887e+00, 2.4712e-01, 
 2DIAGNOSTIC,    14, -4.663383672033e-01, 6.955014319619e-05, 7.1254e+00, 2.3665e-01, 
 2DIAGNOSTIC,    15, -4.663373086227e-01, 2.688612312034e-05, 7.3863e+00, 2.6089e-01, 
 2DIAGNOSTIC,    16, -4.663380614693e-01, 2.757966645728e-06, 7.6585e+00, 2.7217e-01, 
 2DIAGNOSTIC,    17, -4.663366388580e-01, 1.609410882175e-06, 7.9307e+00, 2.7225e-01, 
 2DIAGNOSTIC,    18, -4.663363748473e-01, 1.361300769213e-06, 8.1869e+00, 2.5618e-01, 
 2DIAGNOSTIC,    19, -4.663349265940e-01, 1.197064514846e-06, 8.4703e+00, 2.8339e-01, 
 2DIAGNOSTIC,    20, -4.663342707899e-01, 1.156854699425e-06, 8.7152e+00, 2.4489e-01, 
 2DIAGNOSTIC,    21, -4.663338224289e-01, 1.098744270803e-06, 8.9445e+00, 2.2938e-01, 
 2DIAGNOSTIC,    22, -4.663346781268e-01, 1.094938717562e-06, 9.1889e+00, 2.4437e-01, 
 2DIAGNOSTIC,    23, -4.663351762428e-01, 1.123944447901e-06, 9.4973e+00, 3.0839e-01, 
 2DIAGNOSTIC,    24, -4.663374260651e-01, 1.197302324660e-06, 9.8042e+00, 3.0693e-01, 
 2DIAGNOSTIC,    25, -4.663373143333e-01, 1.246669195216e-06, 1.0091e+01, 2.8649e-01, 
 2DIAGNOSTIC,    26, -4.663384918716e-01, 1.341408003869e-06, 1.0337e+01, 2.4584e-01, 
 2DIAGNOSTIC,    27, -4.663413936191e-01, 1.450741823221e-06, 1.0594e+01, 2.5790e-01, 
 2DIAGNOSTIC,    28, -4.663452538558e-01, 1.603542211508e-06, 1.0869e+01, 2.7436e-01, 
 2DIAGNOSTIC,    29, -4.663455684919e-01, 1.676444301088e-06, 1.1133e+01, 2.6432e-01, 
 2DIAGNOSTIC,    30, -4.663486409396e-01, 1.741005999277e-06, 1.1448e+01, 3.1512e-01, 
 2DIAGNOSTIC,    31, -4.663501665359e-01, 1.757562032391e-06, 1.1805e+01, 3.5701e-01, 
 2DIAGNOSTIC,    32, -4.663498087285e-01, 1.712207374667e-06, 1.2109e+01, 3.0388e-01, 
 2DIAGNOSTIC,    33, -4.663495634935e-01, 1.605379552461e-06, 1.2372e+01, 2.6303e-01, 
 2DIAGNOSTIC,    34, -4.663507448878e-01, 1.506621635665e-06, 1.2638e+01, 2.6572e-01, 
 2DIAGNOSTIC,    35, -4.663521258211e-01, 1.380762658498e-06, 1.2920e+01, 2.8209e-01, 
 2DIAGNOSTIC,    36, -4.663521734519e-01, 1.236181167562e-06, 1.3181e+01, 2.6074e-01, 
 2DIAGNOSTIC,    37, -4.663538877321e-01, 1.141629181970e-06, 1.3462e+01, 2.8098e-01, 
 2DIAGNOSTIC,    38, -4.663549474407e-01, 1.104640959173e-06, 1.3681e+01, 2.1921e-01, 
 2DIAGNOSTIC,    39, -4.663582256531e-01, 1.098561414531e-06, 1.3943e+01, 2.6176e-01, 
 2DIAGNOSTIC,    40, -4.663613273838e-01, 1.157924434107e-06, 1.4206e+01, 2.6317e-01, 
 2DIAGNOSTIC,    41, -4.663616856140e-01, 1.207565952160e-06, 1.4446e+01, 2.4008e-01, 
 2DIAGNOSTIC,    42, -4.663696941785e-01, 1.326038245635e-06, 1.4682e+01, 2.3572e-01, 
 2DIAGNOSTIC,    43, -4.663799862993e-01, 1.523926991601e-06, 1.4973e+01, 2.9162e-01, 
 2DIAGNOSTIC,    44, -4.663851215158e-01, 1.721616463710e-06, 1.5317e+01, 3.4394e-01, 
 2DIAGNOSTIC,    45, -4.663846451659e-01, 1.828351608123e-06, 1.5553e+01, 2.3576e-01, 
 2DIAGNOSTIC,    46, -4.663834643619e-01, 1.810962466778e-06, 1.5833e+01, 2.7978e-01, 
 2DIAGNOSTIC,    47, -4.663818556294e-01, 1.688498403839e-06, 1.6061e+01, 2.2871e-01, 
 2DIAGNOSTIC,    48, -4.663820290832e-01, 1.486762409068e-06, 1.6305e+01, 2.4358e-01, 
 2DIAGNOSTIC,    49, -4.663854169395e-01, 1.295763254035e-06, 1.6567e+01, 2.6165e-01, 
 2DIAGNOSTIC,    50, -4.663872365784e-01, 1.112000299126e-06, 1.6801e+01, 2.3420e-01, 
DIAGNOSTIC,Iteration,metricValue,convergenceValue,ITERATION_TIME_INDEX,SINCE_LAST
 2DIAGNOSTIC,     1, -4.249046532737e-01, 1.797693134862e+308, 1.9294e+01, 2.4928e+00, 
 2DIAGNOSTIC,     2, -4.249634126209e-01, 1.797693134862e+308, 2.0793e+01, 1.4989e+00, 
 2DIAGNOSTIC,     3, -4.249876088773e-01, 1.797693134862e+308, 2.2217e+01, 1.4239e+00, 
 2DIAGNOSTIC,     4, -4.250090856580e-01, 1.797693134862e+308, 2.3607e+01, 1.3908e+00, 
 2DIAGNOSTIC,     5, -4.251339512664e-01, 1.797693134862e+308, 2.5103e+01, 1.4954e+00, 
 2DIAGNOSTIC,     6, -4.252901621189e-01, 1.797693134862e+308, 2.7954e+01, 2.8512e+00, 
 2DIAGNOSTIC,     7, -4.253025498454e-01, 1.797693134862e+308, 2.9299e+01, 1.3448e+00, 
 2DIAGNOSTIC,     8, -4.253439924157e-01, 1.797693134862e+308, 3.0712e+01, 1.4135e+00, 
 2DIAGNOSTIC,     9, -4.253843351386e-01, 1.797693134862e+308, 3.2071e+01, 1.3589e+00, 
 2DIAGNOSTIC,    10, -4.254100145551e-01, 8.915245150491e-05, 3.3410e+01, 1.3383e+00, 
 2DIAGNOSTIC,    11, -4.254658493811e-01, 7.793862415049e-05, 3.4743e+01, 1.3336e+00, 
 2DIAGNOSTIC,    12, -4.256076333429e-01, 7.303499257444e-05, 3.7528e+01, 2.7850e+00, 
 2DIAGNOSTIC,    13, -4.256072208768e-01, 6.373284764563e-05, 3.9061e+01, 1.5328e+00, 
 2DIAGNOSTIC,    14, -4.256075579173e-01, 5.124540415574e-05, 4.1105e+01, 2.0442e+00, 
 2DIAGNOSTIC,    15, -4.256076936586e-01, 4.142634310524e-05, 4.2673e+01, 1.5679e+00, 
 2DIAGNOSTIC,    16, -4.256077004353e-01, 3.572313450588e-05, 4.4379e+01, 1.7065e+00, 
 2DIAGNOSTIC,    17, -4.256075300766e-01, 2.795303237055e-05, 4.6083e+01, 1.7033e+00, 
 2DIAGNOSTIC,    18, -4.256076882308e-01, 2.016477099821e-05, 4.8051e+01, 1.9681e+00, 
 2DIAGNOSTIC,    19, -4.256077533496e-01, 1.299176110388e-05, 4.9707e+01, 1.6559e+00, 
 2DIAGNOSTIC,    20, -4.256076455100e-01, 6.342305527027e-06, 5.1409e+01, 1.7021e+00, 
 2DIAGNOSTIC,    21, -4.256075864755e-01, 1.529219373332e-06, 5.2773e+01, 1.3645e+00, 
 2DIAGNOSTIC,    22, -4.256074544824e-01, 1.454968037294e-06, 5.4445e+01, 1.6717e+00, 
 2DIAGNOSTIC,    23, -4.256074137851e-01, 1.372972185158e-06, 5.6043e+01, 1.5975e+00, 
 2DIAGNOSTIC,    24, -4.256072552333e-01, 1.303526272693e-06, 5.7567e+01, 1.5248e+00, 
 2DIAGNOSTIC,    25, -4.256071290245e-01, 1.242110558783e-06, 5.9229e+01, 1.6621e+00, 
 2DIAGNOSTIC,    26, -4.256071784487e-01, 1.190041150505e-06, 6.0892e+01, 1.6625e+00, 
 2DIAGNOSTIC,    27, -4.256070449831e-01, 1.137298955116e-06, 6.2627e+01, 1.7350e+00, 
 2DIAGNOSTIC,    28, -4.256069399549e-01, 1.093489139542e-06, 6.4196e+01, 1.5694e+00, 
 2DIAGNOSTIC,    29, -4.256070104621e-01, 1.060019476806e-06, 6.5730e+01, 1.5335e+00, 
 2DIAGNOSTIC,    30, -4.256069235211e-01, 1.027891534722e-06, 6.7432e+01, 1.7026e+00, 
 2DIAGNOSTIC,    31, -4.256072634920e-01, 1.007049677260e-06, 6.9142e+01, 1.7099e+00, 
  Elapsed time (stage 0): 7.0054e+01


Total elapsed time: 7.0057e+01
Info [verificarlo]: loaded backend libinterflop_vprec.so
Info [interflop-vprec]: load backend with: 
Info [interflop-vprec]: precision-binary32 = 23
Info [interflop-vprec]: range-binary32 = 7
Info [interflop-vprec]: precision-binary64 = 23
Info [interflop-vprec]: range-binary64 = 7
Info [interflop-vprec]: mode = ob
Info [interflop-vprec]: error-mode = rel
Info [interflop-vprec]: max-abs-error-exponent = -1022
Info [interflop-vprec]: daz = false
Info [interflop-vprec]: ftz = false
Info [interflop-vprec]: 	instrument = none
Info [interflop-vprec]: 	prec-input-file = (null)
Info [interflop-vprec]: 	prec-output-file = (null)
Info [interflop-vprec]: 	prec-log-file = (null)
All_Command_lines_OK
Using double precision for computations.
=============================================================================
The composite transform comprises the following transforms (in order): 
  1. /home/mdugre/scratch/mri-registration-rp/datasets/ds004513/derivatives/mri-registration-rp/0011/antsRegistration-r7-p23/sub-s033/rigid_Composite.h5[0] (type = Euler3DTransform)
  2. /home/mdugre/scratch/mri-registration-rp/datasets/ds004513/derivatives/mri-registration-rp/0011/antsRegistration-r7-p23/sub-s033/rigid_Composite.h5[1] (type = Euler3DTransform)
  3. /home/mdugre/scratch/mri-registration-rp/datasets/ds004513/derivatives/mri-registration-rp/0011/antsRegistration-r7-p23/sub-s033/rigid_Composite.h5[2] (type = Euler3DTransform)
=============================================================================
  number of levels = 4
  fixed image: /templateflow/tpl-MNI152NLin2009cAsym/tpl-MNI152NLin2009cAsym_res-01_desc-brain_T1w.nii.gz
  moving image: /home/mdugre/scratch/mri-registration-rp/datasets/ds004513/derivatives/mri-registration-rp/antsBrainExtraction/sub-s033/BrainExtractionBrain.nii.gz
Dimension = 3
Number of stages = 1
Use histogram matching = false
Winsorize image intensities = true
  Lower quantile = 0.005
  Upper quantile = 0.995


Stage 1 State
   Image metric = MattesMI
     Fixed image = Image (0x3891490)
  RTTI typeinfo:   itk::Image<double, 3u>
  Reference Count: 2
  Modified Time: 1592
  Debug: Off
  Object Name: 
  Observers: 
    none
  Source: (none)
  Source output name: (none)
  Release Data: Off
  Data Released: False
  Global Release Data: Off
  PipelineMTime: 0
  UpdateMTime: 1203
  RealTimeStamp: 0 seconds 
  LargestPossibleRegion: 
    Dimension: 3
    Index: [0, 0, 0]
    Size: [193, 229, 193]
  BufferedRegion: 
    Dimension: 3
    Index: [0, 0, 0]
    Size: [193, 229, 193]
  RequestedRegion: 
    Dimension: 3
    Index: [0, 0, 0]
    Size: [193, 229, 193]
  Spacing: [1, 1, 1]
  Origin: [96, 132, -78]
  Direction: 
-1 0 0
0 -1 0
0 0 1

  IndexToPointMatrix: 
-1 0 0
0 -1 0
0 0 1

  PointToIndexMatrix: 
-1 0 0
0 -1 0
0 0 1

  Inverse Direction: 
-1 0 0
0 -1 0
0 0 1

  PixelContainer: 
    ImportImageContainer (0x395c8c0)
      RTTI typeinfo:   itk::ImportImageContainer<unsigned long, double>
      Reference Count: 1
      Modified Time: 1200
      Debug: Off
      Object Name: 
      Observers: 
        none
      Pointer: 0x14e1168d5010
      Container manages memory: true
      Size: 8530021
      Capacity: 8530021

     Moving image = Image (0x394cb60)
  RTTI typeinfo:   itk::Image<double, 3u>
  Reference Count: 2
  Modified Time: 1593
  Debug: Off
  Object Name: 
  Observers: 
    none
  Source: (none)
  Source output name: (none)
  Release Data: Off
  Data Released: False
  Global Release Data: Off
  PipelineMTime: 0
  UpdateMTime: 1590
  RealTimeStamp: 0 seconds 
  LargestPossibleRegion: 
    Dimension: 3
    Index: [0, 0, 0]
    Size: [160, 240, 256]
  BufferedRegion: 
    Dimension: 3
    Index: [0, 0, 0]
    Size: [160, 240, 256]
  RequestedRegion: 
    Dimension: 3
    Index: [0, 0, 0]
    Size: [160, 240, 256]
  Spacing: [1, 1, 1]
  Origin: [91.5134, 94.282, -109.927]
  Direction: 
-0.99591 -0.0698718 -0.0572835
0.0697565 -0.997556 0.00401236
-0.0574239 5.01125e-08 0.99835

  IndexToPointMatrix: 
-0.99591 -0.0698718 -0.0572835
0.0697565 -0.997556 0.00401236
-0.0574239 5.01125e-08 0.99835

  PointToIndexMatrix: 
-0.99591 0.0697565 -0.0574239
-0.0698718 -0.997556 -8.9407e-08
-0.0572835 0.00401232 0.99835

  Inverse Direction: 
-0.99591 0.0697565 -0.0574239
-0.0698718 -0.997556 -8.9407e-08
-0.0572835 0.00401232 0.99835

  PixelContainer: 
    ImportImageContainer (0x39e01d0)
      RTTI typeinfo:   itk::ImportImageContainer<unsigned long, double>
      Reference Count: 1
      Modified Time: 1587
      Debug: Off
      Object Name: 
      Observers: 
        none
      Pointer: 0x14e111dd4010
      Container manages memory: true
      Size: 9830400
      Capacity: 9830400

     Weighting = 1
     Sampling strategy = regular
     Number of bins = 32
     Radius = 4
     Sampling percentage  = 0.25
   Transform = Affine
     Gradient step = 0.1
     Update field sigma (voxel space) = 0
     Total field sigma (voxel space) = 0
     Update field time sigma = 0
     Total field time sigma  = 0
     Number of time indices = 0
     Number of time point samples = 0
Registration using 1 total stages.

Stage 0
  iterations = 1000x500x250x100
  convergence threshold = 1e-06
  convergence window size = 10
  number of levels = 4
  using the Mattes MI metric (number of bins = 32, weight = 1, use gradient filter = 0)
  preprocessing:  winsorizing the image intensities
  Shrink factors (level 1 out of 4): [8, 8, 8]
  Shrink factors (level 2 out of 4): [4, 4, 4]
  Shrink factors (level 3 out of 4): [2, 2, 2]
  Shrink factors (level 4 out of 4): [1, 1, 1]
  smoothing sigmas per level: [3, 2, 1, 0]
  regular sampling (percentage = 0.25)

*** Running AffineTransform registration ***

DIAGNOSTIC,Iteration,metricValue,convergenceValue,ITERATION_TIME_INDEX,SINCE_LAST
 2DIAGNOSTIC,     1, -6.376509468010e-01, 1.797693134862e+308, 0.0000e+00, 0.0000e+00, 
 2DIAGNOSTIC,     2, -6.402715397980e-01, 1.797693134862e+308, 0.0000e+00, 0.0000e+00, 
 2DIAGNOSTIC,     3, -6.449463636130e-01, 1.797693134862e+308, 0.0000e+00, 0.0000e+00, 
 2DIAGNOSTIC,     4, -6.518401558903e-01, 1.797693134862e+308, 0.0000e+00, 0.0000e+00, 
 2DIAGNOSTIC,     5, -6.626106762168e-01, 1.797693134862e+308, 0.0000e+00, 0.0000e+00, 
 2DIAGNOSTIC,     6, -6.828429933120e-01, 1.797693134862e+308, 0.0000e+00, 0.0000e+00, 
 2DIAGNOSTIC,     7, -7.253330646586e-01, 1.797693134862e+308, 0.0000e+00, 0.0000e+00, 
 2DIAGNOSTIC,     8, -7.630669507493e-01, 1.797693134862e+308, 0.0000e+00, 0.0000e+00, 
 2DIAGNOSTIC,     9, -7.815411960422e-01, 1.797693134862e+308, 0.0000e+00, 0.0000e+00, 
 2DIAGNOSTIC,    10, -8.302513341146e-01, 1.767835141473e-02, 0.0000e+00, 0.0000e+00, 
 2DIAGNOSTIC,    11, -8.897729146557e-01, 1.999292079439e-02, 0.0000e+00, 0.0000e+00, 
 2DIAGNOSTIC,    12, -8.938310005011e-01, 2.023574767909e-02, 0.0000e+00, 0.0000e+00, 
 2DIAGNOSTIC,    13, -9.013565397117e-01, 1.900314294743e-02, 0.0000e+00, 0.0000e+00, 
 2DIAGNOSTIC,    14, -9.057622094059e-01, 1.659663088485e-02, 0.0000e+00, 0.0000e+00, 
 2DIAGNOSTIC,    15, -9.068016079675e-01, 1.335015082750e-02, 0.0000e+00, 0.0000e+00, 
 2DIAGNOSTIC,    16, -9.072048609531e-01, 9.804213511985e-03, 0.0000e+00, 0.0000e+00, 
 2DIAGNOSTIC,    17, -9.071445138399e-01, 6.745169968437e-03, 0.0000e+00, 0.0000e+00, 
 2DIAGNOSTIC,    18, -9.068929718548e-01, 4.224369360984e-03, 0.0000e+00, 0.0000e+00, 
 2DIAGNOSTIC,    19, -9.068217387698e-01, 1.949240571567e-03, 0.0000e+00, 0.0000e+00, 
 2DIAGNOSTIC,    20, -9.068561798345e-01, 5.865974888626e-04, 0.0000e+00, 0.0000e+00, 
 2DIAGNOSTIC,    21, -9.067273472974e-01, 3.113430806703e-04, 0.0000e+00, 0.0000e+00, 
 2DIAGNOSTIC,    22, -9.066125835776e-01, 9.574182758811e-05, 0.0000e+00, 0.0000e+00, 
 2DIAGNOSTIC,    23, -9.066331599515e-01, 4.929980698024e-06, 0.0000e+00, 0.0000e+00, 
DIAGNOSTIC,Iteration,metricValue,convergenceValue,ITERATION_TIME_INDEX,SINCE_LAST
 2DIAGNOSTIC,     1, -7.436024468577e-01, 1.797693134862e+308, 0.0000e+00, 0.0000e+00, 
 2DIAGNOSTIC,     2, -7.447322580887e-01, 1.797693134862e+308, 0.0000e+00, 0.0000e+00, 
 2DIAGNOSTIC,     3, -7.458205311410e-01, 1.797693134862e+308, 0.0000e+00, 0.0000e+00, 
 2DIAGNOSTIC,     4, -7.467281159777e-01, 1.797693134862e+308, 0.0000e+00, 0.0000e+00, 
 2DIAGNOSTIC,     5, -7.474371917853e-01, 1.797693134862e+308, 0.0000e+00, 0.0000e+00, 
 2DIAGNOSTIC,     6, -7.480317676942e-01, 1.797693134862e+308, 0.0000e+00, 0.0000e+00, 
 2DIAGNOSTIC,     7, -7.486127085496e-01, 1.797693134862e+308, 0.0000e+00, 0.0000e+00, 
 2DIAGNOSTIC,     8, -7.486199644752e-01, 1.797693134862e+308, 0.0000e+00, 0.0000e+00, 
 2DIAGNOSTIC,     9, -7.486381546787e-01, 1.797693134862e+308, 0.0000e+00, 0.0000e+00, 
 2DIAGNOSTIC,    10, -7.486434714557e-01, 4.367441211424e-04, 0.0000e+00, 0.0000e+00, 
 2DIAGNOSTIC,    11, -7.486417335256e-01, 2.921295931076e-04, 0.0000e+00, 0.0000e+00, 
 2DIAGNOSTIC,    12, -7.487191214128e-01, 1.833404305532e-04, 0.0000e+00, 0.0000e+00, 
 2DIAGNOSTIC,    13, -7.486951460516e-01, 1.057743754854e-04, 0.0000e+00, 0.0000e+00, 
 2DIAGNOSTIC,    14, -7.486864013387e-01, 5.426544205470e-05, 0.0000e+00, 0.0000e+00, 
 2DIAGNOSTIC,    15, -7.486491150501e-01, 2.168945374199e-05, 0.0000e+00, 0.0000e+00, 
 2DIAGNOSTIC,    16, -7.486403286860e-01, 4.933786268480e-06, 0.0000e+00, 0.0000e+00, 
 2DIAGNOSTIC,    17, -7.486315465945e-01, 2.641003630892e-06, 0.0000e+00, 0.0000e+00, 
DIAGNOSTIC,Iteration,metricValue,convergenceValue,ITERATION_TIME_INDEX,SINCE_LAST
 2DIAGNOSTIC,     1, -6.323810274896e-01, 1.797693134862e+308, 0.0000e+00, 0.0000e+00, 
 2DIAGNOSTIC,     2, -6.329495088611e-01, 1.797693134862e+308, 0.0000e+00, 0.0000e+00, 
 2DIAGNOSTIC,     3, -6.335961304221e-01, 1.797693134862e+308, 0.0000e+00, 0.0000e+00, 
 2DIAGNOSTIC,     4, -6.344359682893e-01, 1.797693134862e+308, 0.0000e+00, 0.0000e+00, 
 2DIAGNOSTIC,     5, -6.365487471391e-01, 1.797693134862e+308, 0.0000e+00, 0.0000e+00, 
 2DIAGNOSTIC,     6, -6.378498505629e-01, 1.797693134862e+308, 0.0000e+00, 0.0000e+00, 
 2DIAGNOSTIC,     7, -6.378739018269e-01, 1.797693134862e+308, 0.0000e+00, 0.0000e+00, 
 2DIAGNOSTIC,     8, -6.378751350144e-01, 1.797693134862e+308, 0.0000e+00, 0.0000e+00, 
 2DIAGNOSTIC,     9, -6.378744305853e-01, 1.797693134862e+308, 0.0000e+00, 0.0000e+00, 
 2DIAGNOSTIC,    10, -6.378796432559e-01, 6.568233027048e-04, 0.0000e+00, 0.0000e+00, 
 2DIAGNOSTIC,    11, -6.378732943316e-01, 4.782639512775e-04, 0.0000e+00, 0.0000e+00, 
 2DIAGNOSTIC,    12, -6.378759013009e-01, 3.089663671872e-04, 0.0000e+00, 0.0000e+00, 
 2DIAGNOSTIC,    13, -6.378748337568e-01, 1.610729441005e-04, 0.0000e+00, 0.0000e+00, 
 2DIAGNOSTIC,    14, -6.378759450448e-01, 4.534925962378e-05, 0.0000e+00, 0.0000e+00, 
 2DIAGNOSTIC,    15, -6.378752519408e-01, 2.917064573754e-06, 0.0000e+00, 0.0000e+00, 
 2DIAGNOSTIC,    16, -6.378750705527e-01, 2.006461281776e-06, 0.0000e+00, 0.0000e+00, 
 2DIAGNOSTIC,    17, -6.378757353505e-01, 1.851850328791e-06, 0.0000e+00, 0.0000e+00, 
 2DIAGNOSTIC,    18, -6.378747516555e-01, 1.721516613880e-06, 0.0000e+00, 0.0000e+00, 
 2DIAGNOSTIC,    19, -6.378740614484e-01, 1.572864497618e-06, 0.0000e+00, 0.0000e+00, 
 2DIAGNOSTIC,    20, -6.378749313149e-01, 1.589456044143e-06, 0.0000e+00, 0.0000e+00, 
 2DIAGNOSTIC,    21, -6.378733307424e-01, 1.433423794106e-06, 0.0000e+00, 0.0000e+00, 
 2DIAGNOSTIC,    22, -6.378736866061e-01, 1.360921452517e-06, 0.0000e+00, 0.0000e+00, 
 2DIAGNOSTIC,    23, -6.378752463578e-01, 1.311606768438e-06, 0.0000e+00, 0.0000e+00, 
 2DIAGNOSTIC,    24, -6.378748298692e-01, 1.285710924739e-06, 0.0000e+00, 0.0000e+00, 
 2DIAGNOSTIC,    25, -6.378731799851e-01, 1.224461578533e-06, 0.0000e+00, 0.0000e+00, 
 2DIAGNOSTIC,    26, -6.378723413402e-01, 1.155903467685e-06, 0.0000e+00, 0.0000e+00, 
 2DIAGNOSTIC,    27, -6.378725618360e-01, 1.113975309580e-06, 0.0000e+00, 0.0000e+00, 
 2DIAGNOSTIC,    28, -6.378686661939e-01, 1.002458874071e-06, 0.0000e+00, 0.0000e+00, 
DIAGNOSTIC,Iteration,metricValue,convergenceValue,ITERATION_TIME_INDEX,SINCE_LAST
 2DIAGNOSTIC,     1, -5.636608461667e-01, 1.797693134862e+308, 0.0000e+00, 0.0000e+00, 
 2DIAGNOSTIC,     2, -5.637648488116e-01, 1.797693134862e+308, 0.0000e+00, 0.0000e+00, 
 2DIAGNOSTIC,     3, -5.637711348282e-01, 1.797693134862e+308, 0.0000e+00, 0.0000e+00, 
 2DIAGNOSTIC,     4, -5.637701593504e-01, 1.797693134862e+308, 0.0000e+00, 0.0000e+00, 
 2DIAGNOSTIC,     5, -5.637681066052e-01, 1.797693134862e+308, 1.2800e+02, 1.2800e+02, 
 2DIAGNOSTIC,     6, -5.637689640312e-01, 1.797693134862e+308, 1.2800e+02, 0.0000e+00, 
 2DIAGNOSTIC,     7, -5.637690886331e-01, 1.797693134862e+308, 1.2800e+02, 0.0000e+00, 
 2DIAGNOSTIC,     8, -5.637692045750e-01, 1.797693134862e+308, 1.2800e+02, 0.0000e+00, 
 2DIAGNOSTIC,     9, -5.637690125241e-01, 1.797693134862e+308, 1.2800e+02, 0.0000e+00, 
 2DIAGNOSTIC,    10, -5.637689908241e-01, 8.729981280653e-06, 1.2800e+02, 0.0000e+00, 
 2DIAGNOSTIC,    11, -5.637689058692e-01, 2.979482405491e-06, 1.2800e+02, 0.0000e+00, 
 2DIAGNOSTIC,    12, -5.637688006396e-01, 2.534653938832e-06, 1.2800e+02, 0.0000e+00, 
 2DIAGNOSTIC,    13, -5.637687275419e-01, 2.410353609025e-06, 1.2800e+02, 0.0000e+00, 
 2DIAGNOSTIC,    14, -5.637688437470e-01, 2.278841947007e-06, 1.2800e+02, 0.0000e+00, 
 2DIAGNOSTIC,    15, -5.637688049332e-01, 2.093097340117e-06, 1.2800e+02, 0.0000e+00, 
 2DIAGNOSTIC,    16, -5.637687220424e-01, 1.957440111541e-06, 1.2800e+02, 0.0000e+00, 
 2DIAGNOSTIC,    17, -5.637685325928e-01, 1.838651673594e-06, 1.2800e+02, 0.0000e+00, 
 2DIAGNOSTIC,    18, -5.637686999377e-01, 1.744249641257e-06, 1.2800e+02, 0.0000e+00, 
 2DIAGNOSTIC,    19, -5.637685355830e-01, 1.652138111236e-06, 1.2800e+02, 0.0000e+00, 
 2DIAGNOSTIC,    20, -5.637683239996e-01, 1.565514190824e-06, 2.5600e+02, 1.2800e+02, 
 2DIAGNOSTIC,    21, -5.637684503398e-01, 1.490776396683e-06, 2.5600e+02, 0.0000e+00, 
 2DIAGNOSTIC,    22, -5.637685310289e-01, 1.424439927261e-06, 2.5600e+02, 0.0000e+00, 
 2DIAGNOSTIC,    23, -5.637682563363e-01, 1.358020140299e-06, 2.5600e+02, 0.0000e+00, 
 2DIAGNOSTIC,    24, -5.637681520675e-01, 1.299960468000e-06, 2.5600e+02, 0.0000e+00, 
 2DIAGNOSTIC,    25, -5.637681261886e-01, 1.247783753051e-06, 2.5600e+02, 0.0000e+00, 
 2DIAGNOSTIC,    26, -5.637680595119e-01, 1.199000340076e-06, 2.5600e+02, 0.0000e+00, 
 2DIAGNOSTIC,    27, -5.637680037473e-01, 1.151348643980e-06, 2.5600e+02, 0.0000e+00, 
 2DIAGNOSTIC,    28, -5.637680150526e-01, 1.113013078140e-06, 2.5600e+02, 0.0000e+00, 
 2DIAGNOSTIC,    29, -5.637678809464e-01, 1.074480027022e-06, 2.5600e+02, 0.0000e+00, 
 2DIAGNOSTIC,    30, -5.637677478302e-01, 1.034793203576e-06, 2.5600e+02, 0.0000e+00, 
 2DIAGNOSTIC,    31, -5.637677627118e-01, 1.002324069604e-06, 2.5600e+02, 0.0000e+00, 
  Elapsed time (stage 0): 2.5600e+02


Total elapsed time: 2.5600e+02
Info [verificarlo]: loaded backend libinterflop_vprec.so
Info [interflop-vprec]: load backend with: 
Info [interflop-vprec]: precision-binary32 = 23
Info [interflop-vprec]: range-binary32 = 7
Info [interflop-vprec]: precision-binary64 = 23
Info [interflop-vprec]: range-binary64 = 7
Info [interflop-vprec]: mode = ob
Info [interflop-vprec]: error-mode = rel
Info [interflop-vprec]: max-abs-error-exponent = -1022
Info [interflop-vprec]: daz = false
Info [interflop-vprec]: ftz = false
Info [interflop-vprec]: 	instrument = none
Info [interflop-vprec]: 	prec-input-file = (null)
Info [interflop-vprec]: 	prec-output-file = (null)
Info [interflop-vprec]: 	prec-log-file = (null)
All_Command_lines_OK
Using double precision for computations.
=============================================================================
The composite transform comprises the following transforms (in order): 
  1. /home/mdugre/scratch/mri-registration-rp/datasets/ds004513/derivatives/mri-registration-rp/0011/antsRegistration-r7-p23/sub-s033/affine_Composite.h5[0] (type = Euler3DTransform)
  2. /home/mdugre/scratch/mri-registration-rp/datasets/ds004513/derivatives/mri-registration-rp/0011/antsRegistration-r7-p23/sub-s033/affine_Composite.h5[1] (type = Euler3DTransform)
  3. /home/mdugre/scratch/mri-registration-rp/datasets/ds004513/derivatives/mri-registration-rp/0011/antsRegistration-r7-p23/sub-s033/affine_Composite.h5[2] (type = Euler3DTransform)
  4. /home/mdugre/scratch/mri-registration-rp/datasets/ds004513/derivatives/mri-registration-rp/0011/antsRegistration-r7-p23/sub-s033/affine_Composite.h5[3] (type = AffineTransform)
