
##########################
# Experiment information #
##########################

EXPERIMENT_NAME: antsRegistration-r8-p22
VFC_BACKENDS: libinterflop_vprec.so --range-binary32=8 --precision-binary32=22 --range-binary64=8 --precision-binary64=22

SIF_IMG: /home/mdugre/projects/rrg-glatard/mdugre/containers/ants-vprec-no_metrics.simg

SUBJECT_ID: s032
INPUT_IMG: /home/mdugre/scratch/mri-registration-rp/datasets/ds004513/derivatives/mri-registration-rp/antsBrainExtraction/sub-s032/BrainExtractionBrain.nii.gz
OUTPUT_DIR: /home/mdugre/scratch/mri-registration-rp/datasets/ds004513/derivatives/mri-registration-rp/0011/antsRegistration-r8-p22/sub-s032

FIXED_IMG: /templateflow/tpl-MNI152NLin2009cAsym/tpl-MNI152NLin2009cAsym_res-01_desc-brain_T1w.nii.gz
DATA_DIR: /home/mdugre/scratch/mri-registration-rp/datasets/ds004513
TEMPLATEFLOW_DIR: /home/mdugre/projects/rrg-glatard/mdugre/templateflow
ITK_GLOBAL_DEFAULT_NUMBER_OF_THREADS: 16
##########################

Info [verificarlo]: loaded backend libinterflop_ieee.so
Info [interflop-ieee]: load backend with:
Info [interflop-ieee]: debug = false
Info [interflop-ieee]: debug-binary = false
Info [interflop-ieee]: no-backend-name = false
Info [interflop-ieee]: print-new-line = false
Info [interflop-ieee]: print-subnormal-normalized = false
Info [interflop-ieee]: count-op = false
All_Command_lines_OK
Using double precision for computations.
=============================================================================
The composite transform comprises the following transforms (in order): 
  1. Center of mass alignment using fixed image: /templateflow/tpl-MNI152NLin2009cAsym/tpl-MNI152NLin2009cAsym_res-01_desc-brain_T1w.nii.gz and moving image: /home/mdugre/scratch/mri-registration-rp/datasets/ds004513/derivatives/mri-registration-rp/antsBrainExtraction/sub-s032/BrainExtractionBrain.nii.gz (type = Euler3DTransform)
=============================================================================
  number of levels = 1
  fixed image: /templateflow/tpl-MNI152NLin2009cAsym/tpl-MNI152NLin2009cAsym_res-01_desc-brain_T1w.nii.gz
  moving image: /home/mdugre/scratch/mri-registration-rp/datasets/ds004513/derivatives/mri-registration-rp/antsBrainExtraction/sub-s032/BrainExtractionBrain.nii.gz
Dimension = 3
Number of stages = 1
Use histogram matching = false
Winsorize image intensities = true
  Lower quantile = 0.005
  Upper quantile = 0.995


Stage 1 State
   Image metric = MattesMI
     Fixed image = Image (0x488be70)
  RTTI typeinfo:   itk::Image<double, 3u>
  Reference Count: 2
  Modified Time: 2330
  Debug: Off
  Object Name: 
  Observers: 
    none
  Source: (none)
  Source output name: (none)
  Release Data: Off
  Data Released: False
  Global Release Data: Off
  PipelineMTime: 0
  UpdateMTime: 1941
  RealTimeStamp: 0 seconds 
  LargestPossibleRegion: 
    Dimension: 3
    Index: [0, 0, 0]
    Size: [193, 229, 193]
  BufferedRegion: 
    Dimension: 3
    Index: [0, 0, 0]
    Size: [193, 229, 193]
  RequestedRegion: 
    Dimension: 3
    Index: [0, 0, 0]
    Size: [193, 229, 193]
  Spacing: [1, 1, 1]
  Origin: [96, 132, -78]
  Direction: 
-1 0 0
0 -1 0
0 0 1

  IndexToPointMatrix: 
-1 0 0
0 -1 0
0 0 1

  PointToIndexMatrix: 
-1 0 0
0 -1 0
0 0 1

  Inverse Direction: 
-1 0 0
0 -1 0
0 0 1

  PixelContainer: 
    ImportImageContainer (0x4894c60)
      RTTI typeinfo:   itk::ImportImageContainer<unsigned long, double>
      Reference Count: 1
      Modified Time: 1938
      Debug: Off
      Object Name: 
      Observers: 
        none
      Pointer: 0x14f8c09f3010
      Container manages memory: true
      Size: 8530021
      Capacity: 8530021

     Moving image = Image (0x4928ec0)
  RTTI typeinfo:   itk::Image<double, 3u>
  Reference Count: 2
  Modified Time: 2331
  Debug: Off
  Object Name: 
  Observers: 
    none
  Source: (none)
  Source output name: (none)
  Release Data: Off
  Data Released: False
  Global Release Data: Off
  PipelineMTime: 0
  UpdateMTime: 2328
  RealTimeStamp: 0 seconds 
  LargestPossibleRegion: 
    Dimension: 3
    Index: [0, 0, 0]
    Size: [160, 240, 256]
  BufferedRegion: 
    Dimension: 3
    Index: [0, 0, 0]
    Size: [160, 240, 256]
  RequestedRegion: 
    Dimension: 3
    Index: [0, 0, 0]
    Size: [160, 240, 256]
  Spacing: [1, 1, 1]
  Origin: [73.279, 104.707, -131.187]
  Direction: 
-0.997527 0.0645574 -0.0278053
-0.0645323 -0.997914 -0.00179875
-0.0278634 4.01097e-08 0.999612

  IndexToPointMatrix: 
-0.997527 0.0645574 -0.0278053
-0.0645323 -0.997914 -0.00179875
-0.0278634 4.01097e-08 0.999612

  PointToIndexMatrix: 
-0.997527 -0.0645323 -0.0278634
0.0645574 -0.997914 4.01049e-08
-0.0278053 -0.00179875 0.999612

  Inverse Direction: 
-0.997527 -0.0645323 -0.0278634
0.0645574 -0.997914 4.01049e-08
-0.0278053 -0.00179875 0.999612

  PixelContainer: 
    ImportImageContainer (0x49c0610)
      RTTI typeinfo:   itk::ImportImageContainer<unsigned long, double>
      Reference Count: 1
      Modified Time: 2325
      Debug: Off
      Object Name: 
      Observers: 
        none
      Pointer: 0x14f8bbef2010
      Container manages memory: true
      Size: 9830400
      Capacity: 9830400

     Weighting = 1
     Sampling strategy = regular
     Number of bins = 32
     Radius = 4
     Sampling percentage  = 0.25
   Transform = Rigid
     Gradient step = 0.1
     Update field sigma (voxel space) = 0
     Total field sigma (voxel space) = 0
     Update field time sigma = 0
     Total field time sigma  = 0
     Number of time indices = 0
     Number of time point samples = 0
Registration using 1 total stages.

Stage 0
  iterations = 0
  convergence threshold = 1e-06
  convergence window size = 10
  number of levels = 1
  using the Mattes MI metric (number of bins = 32, weight = 1, use gradient filter = 0)
  preprocessing:  winsorizing the image intensities
  Shrink factors (level 1 out of 1): [1, 1, 1]
  smoothing sigmas per level: [0]
  regular sampling (percentage = 0.25)

*** Running Euler3DTransform registration ***

  Elapsed time (stage 0): 1.09932


Total elapsed time: 1.10156
Info [verificarlo]: loaded backend libinterflop_ieee.so
Info [interflop-ieee]: load backend with:
Info [interflop-ieee]: debug = false
Info [interflop-ieee]: debug-binary = false
Info [interflop-ieee]: no-backend-name = false
Info [interflop-ieee]: print-new-line = false
Info [interflop-ieee]: print-subnormal-normalized = false
Info [interflop-ieee]: count-op = false
All_Command_lines_OK
Using double precision for computations.
=============================================================================
The composite transform comprises the following transforms (in order): 
  1. /home/mdugre/scratch/mri-registration-rp/datasets/ds004513/derivatives/mri-registration-rp/0011/antsRegistration-r8-p22/sub-s032/align_Composite.h5[0] (type = Euler3DTransform)
  2. /home/mdugre/scratch/mri-registration-rp/datasets/ds004513/derivatives/mri-registration-rp/0011/antsRegistration-r8-p22/sub-s032/align_Composite.h5[1] (type = Euler3DTransform)
=============================================================================
  number of levels = 4
  fixed image: /templateflow/tpl-MNI152NLin2009cAsym/tpl-MNI152NLin2009cAsym_res-01_desc-brain_T1w.nii.gz
  moving image: /home/mdugre/scratch/mri-registration-rp/datasets/ds004513/derivatives/mri-registration-rp/antsBrainExtraction/sub-s032/BrainExtractionBrain.nii.gz
Dimension = 3
Number of stages = 1
Use histogram matching = false
Winsorize image intensities = true
  Lower quantile = 0.005
  Upper quantile = 0.995


Stage 1 State
   Image metric = MattesMI
     Fixed image = Image (0x39f5530)
  RTTI typeinfo:   itk::Image<double, 3u>
  Reference Count: 2
  Modified Time: 1578
  Debug: Off
  Object Name: 
  Observers: 
    none
  Source: (none)
  Source output name: (none)
  Release Data: Off
  Data Released: False
  Global Release Data: Off
  PipelineMTime: 0
  UpdateMTime: 1189
  RealTimeStamp: 0 seconds 
  LargestPossibleRegion: 
    Dimension: 3
    Index: [0, 0, 0]
    Size: [193, 229, 193]
  BufferedRegion: 
    Dimension: 3
    Index: [0, 0, 0]
    Size: [193, 229, 193]
  RequestedRegion: 
    Dimension: 3
    Index: [0, 0, 0]
    Size: [193, 229, 193]
  Spacing: [1, 1, 1]
  Origin: [96, 132, -78]
  Direction: 
-1 0 0
0 -1 0
0 0 1

  IndexToPointMatrix: 
-1 0 0
0 -1 0
0 0 1

  PointToIndexMatrix: 
-1 0 0
0 -1 0
0 0 1

  Inverse Direction: 
-1 0 0
0 -1 0
0 0 1

  PixelContainer: 
    ImportImageContainer (0x3ab3d60)
      RTTI typeinfo:   itk::ImportImageContainer<unsigned long, double>
      Reference Count: 1
      Modified Time: 1186
      Debug: Off
      Object Name: 
      Observers: 
        none
      Pointer: 0x149a72acc010
      Container manages memory: true
      Size: 8530021
      Capacity: 8530021

     Moving image = Image (0x3aa5f60)
  RTTI typeinfo:   itk::Image<double, 3u>
  Reference Count: 2
  Modified Time: 1579
  Debug: Off
  Object Name: 
  Observers: 
    none
  Source: (none)
  Source output name: (none)
  Release Data: Off
  Data Released: False
  Global Release Data: Off
  PipelineMTime: 0
  UpdateMTime: 1576
  RealTimeStamp: 0 seconds 
  LargestPossibleRegion: 
    Dimension: 3
    Index: [0, 0, 0]
    Size: [160, 240, 256]
  BufferedRegion: 
    Dimension: 3
    Index: [0, 0, 0]
    Size: [160, 240, 256]
  RequestedRegion: 
    Dimension: 3
    Index: [0, 0, 0]
    Size: [160, 240, 256]
  Spacing: [1, 1, 1]
  Origin: [73.279, 104.707, -131.187]
  Direction: 
-0.997527 0.0645574 -0.0278053
-0.0645323 -0.997914 -0.00179875
-0.0278634 4.01097e-08 0.999612

  IndexToPointMatrix: 
-0.997527 0.0645574 -0.0278053
-0.0645323 -0.997914 -0.00179875
-0.0278634 4.01097e-08 0.999612

  PointToIndexMatrix: 
-0.997527 -0.0645323 -0.0278634
0.0645574 -0.997914 4.01049e-08
-0.0278053 -0.00179875 0.999612

  Inverse Direction: 
-0.997527 -0.0645323 -0.0278634
0.0645574 -0.997914 4.01049e-08
-0.0278053 -0.00179875 0.999612

  PixelContainer: 
    ImportImageContainer (0x3a976d0)
      RTTI typeinfo:   itk::ImportImageContainer<unsigned long, double>
      Reference Count: 1
      Modified Time: 1573
      Debug: Off
      Object Name: 
      Observers: 
        none
      Pointer: 0x149a6dfcb010
      Container manages memory: true
      Size: 9830400
      Capacity: 9830400

     Weighting = 1
     Sampling strategy = regular
     Number of bins = 32
     Radius = 4
     Sampling percentage  = 0.25
   Transform = Rigid
     Gradient step = 0.1
     Update field sigma (voxel space) = 0
     Total field sigma (voxel space) = 0
     Update field time sigma = 0
     Total field time sigma  = 0
     Number of time indices = 0
     Number of time point samples = 0
Registration using 1 total stages.

Stage 0
  iterations = 1000x500x250x100
  convergence threshold = 1e-06
  convergence window size = 10
  number of levels = 4
  using the Mattes MI metric (number of bins = 32, weight = 1, use gradient filter = 0)
  preprocessing:  winsorizing the image intensities
  Shrink factors (level 1 out of 4): [8, 8, 8]
  Shrink factors (level 2 out of 4): [4, 4, 4]
  Shrink factors (level 3 out of 4): [2, 2, 2]
  Shrink factors (level 4 out of 4): [1, 1, 1]
  smoothing sigmas per level: [3, 2, 1, 0]
  regular sampling (percentage = 0.25)

*** Running Euler3DTransform registration ***

DIAGNOSTIC,Iteration,metricValue,convergenceValue,ITERATION_TIME_INDEX,SINCE_LAST
 2DIAGNOSTIC,     1, -5.480496989617e-01, 1.797693134862e+308, 7.7066e-01, 7.7066e-01, 
 2DIAGNOSTIC,     2, -5.506811078454e-01, 1.797693134862e+308, 7.7550e-01, 4.8361e-03, 
 2DIAGNOSTIC,     3, -5.546514955662e-01, 1.797693134862e+308, 7.8029e-01, 4.7879e-03, 
 2DIAGNOSTIC,     4, -5.606863537750e-01, 1.797693134862e+308, 7.8501e-01, 4.7240e-03, 
 2DIAGNOSTIC,     5, -5.693661845193e-01, 1.797693134862e+308, 7.8984e-01, 4.8301e-03, 
 2DIAGNOSTIC,     6, -5.854078830086e-01, 1.797693134862e+308, 7.9476e-01, 4.9191e-03, 
 2DIAGNOSTIC,     7, -6.232769732918e-01, 1.797693134862e+308, 7.9965e-01, 4.8900e-03, 
 2DIAGNOSTIC,     8, -6.297683730473e-01, 1.797693134862e+308, 8.0512e-01, 5.4710e-03, 
 2DIAGNOSTIC,     9, -6.366738733405e-01, 1.797693134862e+308, 8.1352e-01, 8.4019e-03, 
 2DIAGNOSTIC,    10, -6.375630690827e-01, 1.201760866083e-02, 8.1843e-01, 4.9050e-03, 
 2DIAGNOSTIC,    11, -6.405337628679e-01, 1.087684809450e-02, 8.2355e-01, 5.1289e-03, 
 2DIAGNOSTIC,    12, -6.435528997438e-01, 9.167753354490e-03, 8.2880e-01, 5.2500e-03, 
 2DIAGNOSTIC,    13, -6.444720921444e-01, 7.089498731847e-03, 8.3345e-01, 4.6470e-03, 
 2DIAGNOSTIC,    14, -6.463616611293e-01, 4.967892496988e-03, 8.3889e-01, 5.4400e-03, 
 2DIAGNOSTIC,    15, -6.484646963404e-01, 3.033020789043e-03, 8.4734e-01, 8.4450e-03, 
 2DIAGNOSTIC,    16, -6.486009987994e-01, 1.520386367320e-03, 8.5237e-01, 5.0302e-03, 
 2DIAGNOSTIC,    17, -6.493699344760e-01, 1.108203205204e-03, 8.5752e-01, 5.1520e-03, 
 2DIAGNOSTIC,    18, -6.514578195065e-01, 8.586162135985e-04, 8.6248e-01, 4.9589e-03, 
 2DIAGNOSTIC,    19, -6.526592717406e-01, 7.533650369804e-04, 8.6720e-01, 4.7178e-03, 
 2DIAGNOSTIC,    20, -6.536191777189e-01, 6.303067369292e-04, 8.7193e-01, 4.7309e-03, 
 2DIAGNOSTIC,    21, -6.549162298979e-01, 5.534292205379e-04, 8.7672e-01, 4.7908e-03, 
 2DIAGNOSTIC,    22, -6.562385790832e-01, 5.226986103232e-04, 8.8270e-01, 5.9860e-03, 
 2DIAGNOSTIC,    23, -6.565000058113e-01, 4.680180012236e-04, 8.8808e-01, 5.3771e-03, 
 2DIAGNOSTIC,    24, -6.565387353854e-01, 4.101063704205e-04, 8.9405e-01, 5.9721e-03, 
 2DIAGNOSTIC,    25, -6.567702146893e-01, 3.618032093028e-04, 8.9943e-01, 5.3821e-03, 
 2DIAGNOSTIC,    26, -6.583507212369e-01, 3.132611037338e-04, 9.0415e-01, 4.7200e-03, 
 2DIAGNOSTIC,    27, -6.586527568469e-01, 2.554116018353e-04, 9.0884e-01, 4.6809e-03, 
 2DIAGNOSTIC,    28, -6.593310437738e-01, 2.225767143843e-04, 9.1456e-01, 5.7230e-03, 
 2DIAGNOSTIC,    29, -6.595734041655e-01, 1.939316665340e-04, 9.1963e-01, 5.0712e-03, 
 2DIAGNOSTIC,    30, -6.595955819569e-01, 1.634946778530e-04, 9.2481e-01, 5.1830e-03, 
 2DIAGNOSTIC,    31, -6.596949967568e-01, 1.392755860927e-04, 9.2930e-01, 4.4849e-03, 
 2DIAGNOSTIC,    32, -6.597157295314e-01, 1.221677497610e-04, 9.3434e-01, 5.0402e-03, 
 2DIAGNOSTIC,    33, -6.597001423846e-01, 9.820426863079e-05, 9.4158e-01, 7.2410e-03, 
 2DIAGNOSTIC,    34, -6.595254449705e-01, 6.486903007351e-05, 9.4619e-01, 4.6160e-03, 
 2DIAGNOSTIC,    35, -6.595295822812e-01, 3.010817890593e-05, 9.5078e-01, 4.5841e-03, 
 2DIAGNOSTIC,    36, -6.595351297937e-01, 1.424396566560e-05, 9.5547e-01, 4.6880e-03, 
 2DIAGNOSTIC,    37, -6.595409535782e-01, 1.474135175157e-06, 9.6018e-01, 4.7159e-03, 
DIAGNOSTIC,Iteration,metricValue,convergenceValue,ITERATION_TIME_INDEX,SINCE_LAST
 2DIAGNOSTIC,     1, -5.183739626509e-01, 1.797693134862e+308, 1.7249e+00, 7.6475e-01, 
 2DIAGNOSTIC,     2, -5.189226238266e-01, 1.797693134862e+308, 1.7560e+00, 3.1060e-02, 
 2DIAGNOSTIC,     3, -5.196899327329e-01, 1.797693134862e+308, 1.7877e+00, 3.1705e-02, 
 2DIAGNOSTIC,     4, -5.204463662980e-01, 1.797693134862e+308, 1.8185e+00, 3.0800e-02, 
 2DIAGNOSTIC,     5, -5.209979485274e-01, 1.797693134862e+308, 1.8489e+00, 3.0383e-02, 
 2DIAGNOSTIC,     6, -5.216357744158e-01, 1.797693134862e+308, 1.8798e+00, 3.0946e-02, 
 2DIAGNOSTIC,     7, -5.233753714840e-01, 1.797693134862e+308, 1.9107e+00, 3.0923e-02, 
 2DIAGNOSTIC,     8, -5.241119131321e-01, 1.797693134862e+308, 1.9487e+00, 3.7947e-02, 
 2DIAGNOSTIC,     9, -5.247293428669e-01, 1.797693134862e+308, 1.9870e+00, 3.8324e-02, 
 2DIAGNOSTIC,    10, -5.250028240751e-01, 8.899807882497e-04, 2.0179e+00, 3.0857e-02, 
 2DIAGNOSTIC,    11, -5.255570911332e-01, 7.959217756709e-04, 2.0553e+00, 3.7467e-02, 
 2DIAGNOSTIC,    12, -5.289098581408e-01, 8.211614594038e-04, 2.0879e+00, 3.2602e-02, 
 2DIAGNOSTIC,    13, -5.295596038784e-01, 8.231568990483e-04, 2.1184e+00, 3.0434e-02, 
 2DIAGNOSTIC,    14, -5.295253590530e-01, 7.798186690735e-04, 2.1471e+00, 2.8715e-02, 
 2DIAGNOSTIC,    15, -5.301734602777e-01, 7.172060159595e-04, 2.1755e+00, 2.8453e-02, 
 2DIAGNOSTIC,    16, -5.312974377912e-01, 6.544534286718e-04, 2.2061e+00, 3.0545e-02, 
 2DIAGNOSTIC,    17, -5.330531442027e-01, 6.473155952435e-04, 2.2594e+00, 5.3289e-02, 
 2DIAGNOSTIC,    18, -5.331722626588e-01, 6.054616444405e-04, 2.2926e+00, 3.3229e-02, 
 2DIAGNOSTIC,    19, -5.334118211807e-01, 5.389662874321e-04, 2.3233e+00, 3.0708e-02, 
 2DIAGNOSTIC,    20, -5.338315142142e-01, 4.491889457020e-04, 2.3543e+00, 3.0973e-02, 
 2DIAGNOSTIC,    21, -5.362195155760e-01, 3.987454003166e-04, 2.3959e+00, 4.1622e-02, 
 2DIAGNOSTIC,    22, -5.365966892233e-01, 4.047952112264e-04, 2.4257e+00, 2.9798e-02, 
 2DIAGNOSTIC,    23, -5.369751447940e-01, 3.976647986394e-04, 2.4573e+00, 3.1556e-02, 
 2DIAGNOSTIC,    24, -5.377714759824e-01, 3.722135084128e-04, 2.4912e+00, 3.3892e-02, 
 2DIAGNOSTIC,    25, -5.385478582099e-01, 3.438375134038e-04, 2.5330e+00, 4.1848e-02, 
 2DIAGNOSTIC,    26, -5.387506250937e-01, 3.109507645351e-04, 2.5635e+00, 3.0540e-02, 
 2DIAGNOSTIC,    27, -5.392187258747e-01, 2.957336569459e-04, 2.5984e+00, 3.4891e-02, 
 2DIAGNOSTIC,    28, -5.403008740041e-01, 2.774004859247e-04, 2.6399e+00, 4.1426e-02, 
 2DIAGNOSTIC,    29, -5.406472708659e-01, 2.448022052257e-04, 2.6715e+00, 3.1597e-02, 
 2DIAGNOSTIC,    30, -5.407601349931e-01, 1.997633627166e-04, 2.7025e+00, 3.1034e-02, 
 2DIAGNOSTIC,    31, -5.410797537074e-01, 1.859568576472e-04, 2.7330e+00, 3.0513e-02, 
 2DIAGNOSTIC,    32, -5.431166266573e-01, 1.958091087514e-04, 2.7642e+00, 3.1151e-02, 
 2DIAGNOSTIC,    33, -5.461058596089e-01, 2.397544989277e-04, 2.8126e+00, 4.8460e-02, 
 2DIAGNOSTIC,    34, -5.475353292364e-01, 2.921157417870e-04, 2.8510e+00, 3.8376e-02, 
 2DIAGNOSTIC,    35, -5.476739965798e-01, 3.283405322603e-04, 2.8806e+00, 2.9631e-02, 
 2DIAGNOSTIC,    36, -5.489448690680e-01, 3.539890341086e-04, 2.9111e+00, 3.0481e-02, 
 2DIAGNOSTIC,    37, -5.504715830062e-01, 3.721346716096e-04, 2.9378e+00, 2.6707e-02, 
 2DIAGNOSTIC,    38, -5.506479761471e-01, 3.702936547957e-04, 2.9653e+00, 2.7481e-02, 
 2DIAGNOSTIC,    39, -5.509367640519e-01, 3.424641228551e-04, 3.0160e+00, 5.0662e-02, 
 2DIAGNOSTIC,    40, -5.510220001756e-01, 2.870794877580e-04, 3.0464e+00, 3.0468e-02, 
 2DIAGNOSTIC,    41, -5.512002677996e-01, 2.133311782681e-04, 3.0736e+00, 2.7220e-02, 
 2DIAGNOSTIC,    42, -5.512739705827e-01, 1.483645493404e-04, 3.1020e+00, 2.8403e-02, 
 2DIAGNOSTIC,    43, -5.514290969368e-01, 1.108647473222e-04, 3.1304e+00, 2.8347e-02, 
 2DIAGNOSTIC,    44, -5.516149114971e-01, 8.441444248529e-05, 3.1588e+00, 2.8425e-02, 
 2DIAGNOSTIC,    45, -5.525868064087e-01, 6.400149384925e-05, 3.1903e+00, 3.1478e-02, 
 2DIAGNOSTIC,    46, -5.530930948110e-01, 5.816720365125e-05, 3.2182e+00, 2.7913e-02, 
 2DIAGNOSTIC,    47, -5.534924627328e-01, 6.873970298701e-05, 3.2476e+00, 2.9405e-02, 
 2DIAGNOSTIC,    48, -5.560479625938e-01, 1.024486079331e-04, 3.2914e+00, 4.3812e-02, 
 2DIAGNOSTIC,    49, -5.580189717696e-01, 1.486221118992e-04, 3.3194e+00, 2.8020e-02, 
 2DIAGNOSTIC,    50, -5.584286432724e-01, 1.835109693400e-04, 3.3477e+00, 2.8255e-02, 
 2DIAGNOSTIC,    51, -5.592969560328e-01, 2.107172241095e-04, 3.3874e+00, 3.9745e-02, 
 2DIAGNOSTIC,    52, -5.595129703422e-01, 2.197112685086e-04, 3.4160e+00, 2.8552e-02, 
 2DIAGNOSTIC,    53, -5.599866445005e-01, 2.133249514775e-04, 3.4528e+00, 3.6786e-02, 
 2DIAGNOSTIC,    54, -5.605476473840e-01, 1.935014848403e-04, 3.4808e+00, 2.8062e-02, 
 2DIAGNOSTIC,    55, -5.640416010517e-01, 1.986590971111e-04, 3.5141e+00, 3.3267e-02, 
 2DIAGNOSTIC,    56, -5.652866323372e-01, 2.005563315198e-04, 3.5480e+00, 3.3932e-02, 
 2DIAGNOSTIC,    57, -5.653894339131e-01, 1.874760669072e-04, 3.5818e+00, 3.3714e-02, 
 2DIAGNOSTIC,    58, -5.654505990850e-01, 1.807655318493e-04, 3.6149e+00, 3.3121e-02, 
 2DIAGNOSTIC,    59, -5.654648410755e-01, 1.745938140333e-04, 3.6444e+00, 2.9484e-02, 
 2DIAGNOSTIC,    60, -5.655490786851e-01, 1.555369962373e-04, 3.6780e+00, 3.3674e-02, 
 2DIAGNOSTIC,    61, -5.656647819356e-01, 1.304404196601e-04, 3.7072e+00, 2.9203e-02, 
 2DIAGNOSTIC,    62, -5.658041617737e-01, 9.704168371237e-05, 3.7446e+00, 3.7353e-02, 
 2DIAGNOSTIC,    63, -5.661117140274e-01, 6.230581698194e-05, 3.7778e+00, 3.3179e-02, 
 2DIAGNOSTIC,    64, -5.663308653158e-01, 2.839128408402e-05, 3.8168e+00, 3.8981e-02, 
 2DIAGNOSTIC,    65, -5.665497137583e-01, 2.241198979000e-05, 3.8478e+00, 3.1007e-02, 
 2DIAGNOSTIC,    66, -5.668707028304e-01, 2.686459983667e-05, 3.8751e+00, 2.7301e-02, 
 2DIAGNOSTIC,    67, -5.669818532732e-01, 3.024969999678e-05, 3.9172e+00, 4.2164e-02, 
 2DIAGNOSTIC,    68, -5.669429968163e-01, 3.083782930442e-05, 3.9554e+00, 3.8169e-02, 
 2DIAGNOSTIC,    69, -5.669396196617e-01, 2.859068919545e-05, 3.9865e+00, 3.1117e-02, 
 2DIAGNOSTIC,    70, -5.669206389208e-01, 2.417976182795e-05, 4.0194e+00, 3.2931e-02, 
 2DIAGNOSTIC,    71, -5.669196906118e-01, 1.842784203232e-05, 4.0493e+00, 2.9842e-02, 
 2DIAGNOSTIC,    72, -5.669150483041e-01, 1.204103129392e-05, 4.0812e+00, 3.1943e-02, 
 2DIAGNOSTIC,    73, -5.669260283943e-01, 6.998112297161e-06, 4.1124e+00, 3.1183e-02, 
 2DIAGNOSTIC,    74, -5.669282940746e-01, 3.014301397432e-06, 4.1451e+00, 3.2682e-02, 
DIAGNOSTIC,Iteration,metricValue,convergenceValue,ITERATION_TIME_INDEX,SINCE_LAST
 2DIAGNOSTIC,     1, -5.007932034307e-01, 1.797693134862e+308, 5.3442e+00, 1.1991e+00, 
 2DIAGNOSTIC,     2, -5.010571916243e-01, 1.797693134862e+308, 5.6760e+00, 3.3178e-01, 
 2DIAGNOSTIC,     3, -5.013845396097e-01, 1.797693134862e+308, 5.9856e+00, 3.0963e-01, 
 2DIAGNOSTIC,     4, -5.016108343475e-01, 1.797693134862e+308, 6.2852e+00, 2.9962e-01, 
 2DIAGNOSTIC,     5, -5.017216381077e-01, 1.797693134862e+308, 6.5820e+00, 2.9674e-01, 
 2DIAGNOSTIC,     6, -5.017888266965e-01, 1.797693134862e+308, 6.8674e+00, 2.8547e-01, 
 2DIAGNOSTIC,     7, -5.020151792625e-01, 1.797693134862e+308, 7.2051e+00, 3.3761e-01, 
 2DIAGNOSTIC,     8, -5.021234888419e-01, 1.797693134862e+308, 7.4700e+00, 2.6498e-01, 
 2DIAGNOSTIC,     9, -5.022330001420e-01, 1.797693134862e+308, 7.7512e+00, 2.8120e-01, 
 2DIAGNOSTIC,    10, -5.022822295474e-01, 1.864360393103e-04, 8.0355e+00, 2.8426e-01, 
 2DIAGNOSTIC,    11, -5.023587108724e-01, 1.443743210347e-04, 8.3147e+00, 2.7919e-01, 
 2DIAGNOSTIC,    12, -5.024508514531e-01, 1.130212899610e-04, 8.5543e+00, 2.3959e-01, 
 2DIAGNOSTIC,    13, -5.025003393727e-01, 9.259701234815e-05, 8.8254e+00, 2.7109e-01, 
 2DIAGNOSTIC,    14, -5.025503642001e-01, 7.807515408215e-05, 9.1204e+00, 2.9499e-01, 
 2DIAGNOSTIC,    15, -5.025391455010e-01, 6.239576709791e-05, 9.3712e+00, 2.5080e-01, 
 2DIAGNOSTIC,    16, -5.025484184660e-01, 4.573366525266e-05, 9.6092e+00, 2.3805e-01, 
 2DIAGNOSTIC,    17, -5.025678886348e-01, 3.510669330579e-05, 9.8813e+00, 2.7208e-01, 
 2DIAGNOSTIC,    18, -5.025706804967e-01, 2.598207546223e-05, 1.0264e+01, 3.8224e-01, 
 2DIAGNOSTIC,    19, -5.025706832466e-01, 1.884780624919e-05, 1.0553e+01, 2.8967e-01, 
 2DIAGNOSTIC,    20, -5.025673739470e-01, 1.213279053067e-05, 1.0848e+01, 2.9441e-01, 
 2DIAGNOSTIC,    21, -5.025660228567e-01, 7.066472494766e-06, 1.1115e+01, 2.6742e-01, 
 2DIAGNOSTIC,    22, -5.025665187634e-01, 4.290758549935e-06, 1.1359e+01, 2.4440e-01, 
 2DIAGNOSTIC,    23, -5.025636671198e-01, 2.598189776770e-06, 1.1622e+01, 2.6214e-01, 
 2DIAGNOSTIC,    24, -5.025611446718e-01, 2.072434115138e-06, 1.1842e+01, 2.2012e-01, 
 2DIAGNOSTIC,    25, -5.025624487759e-01, 1.297019437053e-06, 1.2111e+01, 2.6937e-01, 
DIAGNOSTIC,Iteration,metricValue,convergenceValue,ITERATION_TIME_INDEX,SINCE_LAST
 2DIAGNOSTIC,     1, -4.667822110371e-01, 1.797693134862e+308, 1.4611e+01, 2.5004e+00, 
 2DIAGNOSTIC,     2, -4.669441939375e-01, 1.797693134862e+308, 1.6064e+01, 1.4527e+00, 
 2DIAGNOSTIC,     3, -4.670163348880e-01, 1.797693134862e+308, 1.7663e+01, 1.5992e+00, 
 2DIAGNOSTIC,     4, -4.670202768912e-01, 1.797693134862e+308, 1.9403e+01, 1.7392e+00, 
 2DIAGNOSTIC,     5, -4.670218573669e-01, 1.797693134862e+308, 2.1133e+01, 1.7300e+00, 
 2DIAGNOSTIC,     6, -4.670247296812e-01, 1.797693134862e+308, 2.2464e+01, 1.3314e+00, 
 2DIAGNOSTIC,     7, -4.670269775414e-01, 1.797693134862e+308, 2.3878e+01, 1.4141e+00, 
 2DIAGNOSTIC,     8, -4.670337914653e-01, 1.797693134862e+308, 2.5231e+01, 1.3527e+00, 
 2DIAGNOSTIC,     9, -4.670931583398e-01, 1.797693134862e+308, 2.7586e+01, 2.3556e+00, 
 2DIAGNOSTIC,    10, -4.670953525154e-01, 3.112255335590e-05, 2.9395e+01, 1.8085e+00, 
 2DIAGNOSTIC,    11, -4.670958959296e-01, 1.826399507816e-05, 3.1420e+01, 2.0251e+00, 
 2DIAGNOSTIC,    12, -4.670955721392e-01, 1.431352566111e-05, 3.3770e+01, 2.3499e+00, 
 2DIAGNOSTIC,    13, -4.670954971989e-01, 1.327542206329e-05, 3.5302e+01, 1.5321e+00, 
 2DIAGNOSTIC,    14, -4.670954219702e-01, 1.152667298922e-05, 3.6765e+01, 1.4632e+00, 
 2DIAGNOSTIC,    15, -4.670951676994e-01, 9.211536002737e-06, 3.8286e+01, 1.5210e+00, 
 2DIAGNOSTIC,    16, -4.670951024562e-01, 6.679454435513e-06, 3.9813e+01, 1.5268e+00, 
 2DIAGNOSTIC,    17, -4.670949454592e-01, 4.108233467526e-06, 4.1391e+01, 1.5777e+00, 
 2DIAGNOSTIC,    18, -4.670948892018e-01, 1.788259961069e-06, 4.2985e+01, 1.5946e+00, 
 2DIAGNOSTIC,    19, -4.670950028569e-01, 1.613668861630e-06, 4.4442e+01, 1.4566e+00, 
 2DIAGNOSTIC,    20, -4.670950417949e-01, 1.529443382053e-06, 4.6158e+01, 1.7163e+00, 
 2DIAGNOSTIC,    21, -4.670948036341e-01, 1.468052296123e-06, 4.7872e+01, 1.7140e+00, 
 2DIAGNOSTIC,    22, -4.670947466733e-01, 1.406343031161e-06, 4.9268e+01, 1.3955e+00, 
 2DIAGNOSTIC,    23, -4.670948923606e-01, 1.355546220834e-06, 5.0972e+01, 1.7044e+00, 
 2DIAGNOSTIC,    24, -4.670946704204e-01, 1.303868042750e-06, 5.2605e+01, 1.6333e+00, 
 2DIAGNOSTIC,    25, -4.670946118091e-01, 1.250888974708e-06, 5.4284e+01, 1.6785e+00, 
 2DIAGNOSTIC,    26, -4.670945385096e-01, 1.201035776340e-06, 5.5757e+01, 1.4730e+00, 
 2DIAGNOSTIC,    27, -4.670944586842e-01, 1.151719654070e-06, 5.7215e+01, 1.4585e+00, 
 2DIAGNOSTIC,    28, -4.670945607935e-01, 1.109257006915e-06, 5.8735e+01, 1.5198e+00, 
 2DIAGNOSTIC,    29, -4.670943888135e-01, 1.070900682076e-06, 6.0268e+01, 1.5330e+00, 
 2DIAGNOSTIC,    30, -4.670944882878e-01, 1.040687179057e-06, 6.1737e+01, 1.4690e+00, 
 2DIAGNOSTIC,    31, -4.670943207445e-01, 1.006291502154e-06, 6.3313e+01, 1.5761e+00, 
  Elapsed time (stage 0): 6.4109e+01


Total elapsed time: 6.4112e+01
Info [verificarlo]: loaded backend libinterflop_vprec.so
Info [interflop-vprec]: load backend with: 
Info [interflop-vprec]: precision-binary32 = 22
Info [interflop-vprec]: range-binary32 = 8
Info [interflop-vprec]: precision-binary64 = 22
Info [interflop-vprec]: range-binary64 = 8
Info [interflop-vprec]: mode = ob
Info [interflop-vprec]: error-mode = rel
Info [interflop-vprec]: max-abs-error-exponent = -1022
Info [interflop-vprec]: daz = false
Info [interflop-vprec]: ftz = false
Info [interflop-vprec]: 	instrument = none
Info [interflop-vprec]: 	prec-input-file = (null)
Info [interflop-vprec]: 	prec-output-file = (null)
Info [interflop-vprec]: 	prec-log-file = (null)
All_Command_lines_OK
Using double precision for computations.
=============================================================================
The composite transform comprises the following transforms (in order): 
  1. /home/mdugre/scratch/mri-registration-rp/datasets/ds004513/derivatives/mri-registration-rp/0011/antsRegistration-r8-p22/sub-s032/rigid_Composite.h5[0] (type = Euler3DTransform)
  2. /home/mdugre/scratch/mri-registration-rp/datasets/ds004513/derivatives/mri-registration-rp/0011/antsRegistration-r8-p22/sub-s032/rigid_Composite.h5[1] (type = Euler3DTransform)
  3. /home/mdugre/scratch/mri-registration-rp/datasets/ds004513/derivatives/mri-registration-rp/0011/antsRegistration-r8-p22/sub-s032/rigid_Composite.h5[2] (type = Euler3DTransform)
=============================================================================
  number of levels = 4
  fixed image: /templateflow/tpl-MNI152NLin2009cAsym/tpl-MNI152NLin2009cAsym_res-01_desc-brain_T1w.nii.gz
  moving image: /home/mdugre/scratch/mri-registration-rp/datasets/ds004513/derivatives/mri-registration-rp/antsBrainExtraction/sub-s032/BrainExtractionBrain.nii.gz
Dimension = 3
Number of stages = 1
Use histogram matching = false
Winsorize image intensities = true
  Lower quantile = 0.005
  Upper quantile = 0.995


Stage 1 State
   Image metric = MattesMI
     Fixed image = Image (0x4b9f490)
  RTTI typeinfo:   itk::Image<double, 3u>
  Reference Count: 2
  Modified Time: 1592
  Debug: Off
  Object Name: 
  Observers: 
    none
  Source: (none)
  Source output name: (none)
  Release Data: Off
  Data Released: False
  Global Release Data: Off
  PipelineMTime: 0
  UpdateMTime: 1203
  RealTimeStamp: 0 seconds 
  LargestPossibleRegion: 
    Dimension: 3
    Index: [0, 0, 0]
    Size: [193, 229, 193]
  BufferedRegion: 
    Dimension: 3
    Index: [0, 0, 0]
    Size: [193, 229, 193]
  RequestedRegion: 
    Dimension: 3
    Index: [0, 0, 0]
    Size: [193, 229, 193]
  Spacing: [1, 1, 1]
  Origin: [96, 132, -78]
  Direction: 
-1 0 0
0 -1 0
0 0 1

  IndexToPointMatrix: 
-1 0 0
0 -1 0
0 0 1

  PointToIndexMatrix: 
-1 0 0
0 -1 0
0 0 1

  Inverse Direction: 
-1 0 0
0 -1 0
0 0 1

  PixelContainer: 
    ImportImageContainer (0x4c6a8c0)
      RTTI typeinfo:   itk::ImportImageContainer<unsigned long, double>
      Reference Count: 1
      Modified Time: 1200
      Debug: Off
      Object Name: 
      Observers: 
        none
      Pointer: 0x153f75647010
      Container manages memory: true
      Size: 8530021
      Capacity: 8530021

     Moving image = Image (0x4c5ab60)
  RTTI typeinfo:   itk::Image<double, 3u>
  Reference Count: 2
  Modified Time: 1593
  Debug: Off
  Object Name: 
  Observers: 
    none
  Source: (none)
  Source output name: (none)
  Release Data: Off
  Data Released: False
  Global Release Data: Off
  PipelineMTime: 0
  UpdateMTime: 1590
  RealTimeStamp: 0 seconds 
  LargestPossibleRegion: 
    Dimension: 3
    Index: [0, 0, 0]
    Size: [160, 240, 256]
  BufferedRegion: 
    Dimension: 3
    Index: [0, 0, 0]
    Size: [160, 240, 256]
  RequestedRegion: 
    Dimension: 3
    Index: [0, 0, 0]
    Size: [160, 240, 256]
  Spacing: [1, 1, 1]
  Origin: [73.279, 104.707, -131.187]
  Direction: 
-0.997527 0.0645574 -0.0278053
-0.0645323 -0.997914 -0.00179875
-0.0278634 4.01097e-08 0.999612

  IndexToPointMatrix: 
-0.997527 0.0645574 -0.0278053
-0.0645323 -0.997914 -0.00179875
-0.0278634 4.01097e-08 0.999612

  PointToIndexMatrix: 
-0.997527 -0.0645323 -0.0278634
0.0645574 -0.997914 1.20141e-07
-0.0278053 -0.00179879 0.999612

  Inverse Direction: 
-0.997527 -0.0645323 -0.0278634
0.0645574 -0.997914 1.20141e-07
-0.0278053 -0.00179879 0.999612

  PixelContainer: 
    ImportImageContainer (0x4cee1d0)
      RTTI typeinfo:   itk::ImportImageContainer<unsigned long, double>
      Reference Count: 1
      Modified Time: 1587
      Debug: Off
      Object Name: 
      Observers: 
        none
      Pointer: 0x153f70b46010
      Container manages memory: true
      Size: 9830400
      Capacity: 9830400

     Weighting = 1
     Sampling strategy = regular
     Number of bins = 32
     Radius = 4
     Sampling percentage  = 0.25
   Transform = Affine
     Gradient step = 0.1
     Update field sigma (voxel space) = 0
     Total field sigma (voxel space) = 0
     Update field time sigma = 0
     Total field time sigma  = 0
     Number of time indices = 0
     Number of time point samples = 0
Registration using 1 total stages.

Stage 0
  iterations = 1000x500x250x100
  convergence threshold = 1e-06
  convergence window size = 10
  number of levels = 4
  using the Mattes MI metric (number of bins = 32, weight = 1, use gradient filter = 0)
  preprocessing:  winsorizing the image intensities
  Shrink factors (level 1 out of 4): [8, 8, 8]
  Shrink factors (level 2 out of 4): [4, 4, 4]
  Shrink factors (level 3 out of 4): [2, 2, 2]
  Shrink factors (level 4 out of 4): [1, 1, 1]
  smoothing sigmas per level: [3, 2, 1, 0]
  regular sampling (percentage = 0.25)

*** Running AffineTransform registration ***

DIAGNOSTIC,Iteration,metricValue,convergenceValue,ITERATION_TIME_INDEX,SINCE_LAST
 2DIAGNOSTIC,     1, -6.850114150293e-01, 1.797693134862e+308, 0.0000e+00, 0.0000e+00, 
 2DIAGNOSTIC,     2, -6.867971841166e-01, 1.797693134862e+308, 0.0000e+00, 0.0000e+00, 
 2DIAGNOSTIC,     3, -6.897339555033e-01, 1.797693134862e+308, 0.0000e+00, 0.0000e+00, 
 2DIAGNOSTIC,     4, -6.943588680063e-01, 1.797693134862e+308, 0.0000e+00, 0.0000e+00, 
 2DIAGNOSTIC,     5, -7.081662291290e-01, 1.797693134862e+308, 0.0000e+00, 0.0000e+00, 
 2DIAGNOSTIC,     6, -7.183093334619e-01, 1.797693134862e+308, 0.0000e+00, 0.0000e+00, 
 2DIAGNOSTIC,     7, -7.250519612037e-01, 1.797693134862e+308, 0.0000e+00, 0.0000e+00, 
 2DIAGNOSTIC,     8, -7.276142012629e-01, 1.797693134862e+308, 0.0000e+00, 0.0000e+00, 
 2DIAGNOSTIC,     9, -7.304758703581e-01, 1.797693134862e+308, 0.0000e+00, 0.0000e+00, 
 2DIAGNOSTIC,    10, -7.312981754740e-01, 5.091039902981e-03, 0.0000e+00, 0.0000e+00, 
 2DIAGNOSTIC,    11, -7.327409309816e-01, 4.279259965530e-03, 0.0000e+00, 0.0000e+00, 
 2DIAGNOSTIC,    12, -7.353747493146e-01, 3.371266609817e-03, 0.0000e+00, 0.0000e+00, 
 2DIAGNOSTIC,    13, -7.365087948739e-01, 2.429828675066e-03, 0.0000e+00, 0.0000e+00, 
 2DIAGNOSTIC,    14, -7.367783647995e-01, 1.539355933195e-03, 0.0000e+00, 0.0000e+00, 
 2DIAGNOSTIC,    15, -7.371919186085e-01, 1.001731055003e-03, 0.0000e+00, 0.0000e+00, 
 2DIAGNOSTIC,    16, -7.374570346193e-01, 6.948405963660e-04, 0.0000e+00, 0.0000e+00, 
 2DIAGNOSTIC,    17, -7.376543602031e-01, 5.204044854737e-04, 0.0000e+00, 0.0000e+00, 
 2DIAGNOSTIC,    18, -7.377268607637e-01, 3.739705053989e-04, 0.0000e+00, 0.0000e+00, 
 2DIAGNOSTIC,    19, -7.377192993622e-01, 2.685700707308e-04, 0.0000e+00, 0.0000e+00, 
 2DIAGNOSTIC,    20, -7.378703040440e-01, 1.683556568490e-04, 0.0000e+00, 0.0000e+00, 
 2DIAGNOSTIC,    21, -7.380226507531e-01, 9.091172181615e-05, 0.0000e+00, 0.0000e+00, 
 2DIAGNOSTIC,    22, -7.381622649598e-01, 6.122107683337e-05, 0.0000e+00, 0.0000e+00, 
 2DIAGNOSTIC,    23, -7.383414155051e-01, 5.094913761364e-05, 0.0000e+00, 0.0000e+00, 
 2DIAGNOSTIC,    24, -7.382201912547e-01, 3.921237569589e-05, 0.0000e+00, 0.0000e+00, 
 2DIAGNOSTIC,    25, -7.381296612895e-01, 2.994589756761e-05, 0.0000e+00, 0.0000e+00, 
 2DIAGNOSTIC,    26, -7.382307035217e-01, 2.415012751268e-05, 0.0000e+00, 0.0000e+00, 
 2DIAGNOSTIC,    27, -7.381716503787e-01, 1.850144216187e-05, 0.0000e+00, 0.0000e+00, 
 2DIAGNOSTIC,    28, -7.381116121015e-01, 1.184451071589e-05, 0.0000e+00, 0.0000e+00, 
 2DIAGNOSTIC,    29, -7.381849206975e-01, 5.584803971066e-06, 0.0000e+00, 0.0000e+00, 
 2DIAGNOSTIC,    30, -7.386045631217e-01, 6.723730283639e-06, 0.0000e+00, 0.0000e+00, 
 2DIAGNOSTIC,    31, -7.386443006335e-01, 9.456075772983e-06, 0.0000e+00, 0.0000e+00, 
 2DIAGNOSTIC,    32, -7.386538044195e-01, 1.300929275527e-05, 0.0000e+00, 0.0000e+00, 
 2DIAGNOSTIC,    33, -7.387041990879e-01, 1.805968362738e-05, 0.0000e+00, 0.0000e+00, 
 2DIAGNOSTIC,    34, -7.387346098807e-01, 2.014229406729e-05, 0.0000e+00, 0.0000e+00, 
 2DIAGNOSTIC,    35, -7.387521516672e-01, 1.933302628424e-05, 0.0000e+00, 0.0000e+00, 
 2DIAGNOSTIC,    36, -7.389653588029e-01, 2.022329521032e-05, 0.0000e+00, 0.0000e+00, 
 2DIAGNOSTIC,    37, -7.389300363709e-01, 1.827048429046e-05, 0.0000e+00, 0.0000e+00, 
 2DIAGNOSTIC,    38, -7.388976767531e-01, 1.388495239969e-05, 0.0000e+00, 0.0000e+00, 
 2DIAGNOSTIC,    39, -7.389815748083e-01, 9.970641612570e-06, 0.0000e+00, 0.0000e+00, 
 2DIAGNOSTIC,    40, -7.392793895459e-01, 1.231037440100e-05, 0.0000e+00, 0.0000e+00, 
 2DIAGNOSTIC,    41, -7.394554426604e-01, 1.538105124517e-05, 0.0000e+00, 0.0000e+00, 
 2DIAGNOSTIC,    42, -7.397391987330e-01, 1.961491933488e-05, 0.0000e+00, 0.0000e+00, 
 2DIAGNOSTIC,    43, -7.398071319315e-01, 2.293670343253e-05, 0.0000e+00, 0.0000e+00, 
 2DIAGNOSTIC,    44, -7.399012176097e-01, 2.511435490492e-05, 0.0000e+00, 0.0000e+00, 
 2DIAGNOSTIC,    45, -7.399697549154e-01, 2.551629429953e-05, 0.0000e+00, 0.0000e+00, 
 2DIAGNOSTIC,    46, -7.398936293735e-01, 2.466050460176e-05, 0.0000e+00, 0.0000e+00, 
 2DIAGNOSTIC,    47, -7.400450994715e-01, 2.255357033735e-05, 0.0000e+00, 0.0000e+00, 
 2DIAGNOSTIC,    48, -7.400139490372e-01, 1.790628893079e-05, 0.0000e+00, 0.0000e+00, 
 2DIAGNOSTIC,    49, -7.401210228198e-01, 1.329221823276e-05, 0.0000e+00, 0.0000e+00, 
 2DIAGNOSTIC,    50, -7.401319134051e-01, 1.002738256513e-05, 0.0000e+00, 0.0000e+00, 
 2DIAGNOSTIC,    51, -7.401328524536e-01, 7.300958080481e-06, 0.0000e+00, 0.0000e+00, 
 2DIAGNOSTIC,    52, -7.401353786592e-01, 6.175256588206e-06, 0.0000e+00, 0.0000e+00, 
 2DIAGNOSTIC,    53, -7.401423289826e-01, 5.081644725614e-06, 0.0000e+00, 0.0000e+00, 
 2DIAGNOSTIC,    54, -7.401629070294e-01, 4.405795146330e-06, 0.0000e+00, 0.0000e+00, 
 2DIAGNOSTIC,    55, -7.402848949893e-01, 4.748416283375e-06, 0.0000e+00, 0.0000e+00, 
 2DIAGNOSTIC,    56, -7.405133805418e-01, 5.690029843797e-06, 0.0000e+00, 0.0000e+00, 
 2DIAGNOSTIC,    57, -7.405217536226e-01, 7.176408571296e-06, 0.0000e+00, 0.0000e+00, 
 2DIAGNOSTIC,    58, -7.406298472152e-01, 8.498332655048e-06, 0.0000e+00, 0.0000e+00, 
 2DIAGNOSTIC,    59, -7.409100808717e-01, 1.155098286323e-05, 0.0000e+00, 0.0000e+00, 
 2DIAGNOSTIC,    60, -7.409789201595e-01, 1.389581234339e-05, 0.0000e+00, 0.0000e+00, 
 2DIAGNOSTIC,    61, -7.410088593846e-01, 1.506840968190e-05, 0.0000e+00, 0.0000e+00, 
 2DIAGNOSTIC,    62, -7.413137240147e-01, 1.675479245436e-05, 0.0000e+00, 0.0000e+00, 
 2DIAGNOSTIC,    63, -7.413137751304e-01, 1.683326923727e-05, 0.0000e+00, 0.0000e+00, 
 2DIAGNOSTIC,    64, -7.413392100657e-01, 1.560475451278e-05, 0.0000e+00, 0.0000e+00, 
 2DIAGNOSTIC,    65, -7.413756301786e-01, 1.388636680830e-05, 0.0000e+00, 0.0000e+00, 
 2DIAGNOSTIC,    66, -7.413087476320e-01, 1.189531220857e-05, 0.0000e+00, 0.0000e+00, 
 2DIAGNOSTIC,    67, -7.413523714328e-01, 9.158894143865e-06, 0.0000e+00, 0.0000e+00, 
 2DIAGNOSTIC,    68, -7.413009290923e-01, 5.935824584004e-06, 0.0000e+00, 0.0000e+00, 
 2DIAGNOSTIC,    69, -7.413552898802e-01, 4.176277735983e-06, 0.0000e+00, 0.0000e+00, 
 2DIAGNOSTIC,    70, -7.413034759280e-01, 2.208596077774e-06, 0.0000e+00, 0.0000e+00, 
DIAGNOSTIC,Iteration,metricValue,convergenceValue,ITERATION_TIME_INDEX,SINCE_LAST
 2DIAGNOSTIC,     1, -5.976240254459e-01, 1.797693134862e+308, 0.0000e+00, 0.0000e+00, 
 2DIAGNOSTIC,     2, -5.979678813323e-01, 1.797693134862e+308, 0.0000e+00, 0.0000e+00, 
 2DIAGNOSTIC,     3, -5.985024656298e-01, 1.797693134862e+308, 0.0000e+00, 0.0000e+00, 
 2DIAGNOSTIC,     4, -5.989450871304e-01, 1.797693134862e+308, 0.0000e+00, 0.0000e+00, 
 2DIAGNOSTIC,     5, -5.993656143715e-01, 1.797693134862e+308, 0.0000e+00, 0.0000e+00, 
 2DIAGNOSTIC,     6, -5.995672665748e-01, 1.797693134862e+308, 0.0000e+00, 0.0000e+00, 
 2DIAGNOSTIC,     7, -5.995871843319e-01, 1.797693134862e+308, 0.0000e+00, 0.0000e+00, 
 2DIAGNOSTIC,     8, -5.995850845920e-01, 1.797693134862e+308, 0.0000e+00, 0.0000e+00, 
 2DIAGNOSTIC,     9, -5.995889182744e-01, 1.797693134862e+308, 0.0000e+00, 0.0000e+00, 
 2DIAGNOSTIC,    10, -5.996396153454e-01, 2.178592869075e-04, 0.0000e+00, 0.0000e+00, 
 2DIAGNOSTIC,    11, -5.996512658402e-01, 1.423878077163e-04, 0.0000e+00, 0.0000e+00, 
 2DIAGNOSTIC,    12, -5.996552439235e-01, 8.059514870121e-05, 0.0000e+00, 0.0000e+00, 
 2DIAGNOSTIC,    13, -5.996980161220e-01, 4.221597703467e-05, 0.0000e+00, 0.0000e+00, 
 2DIAGNOSTIC,    14, -5.997058017598e-01, 2.061394672602e-05, 0.0000e+00, 0.0000e+00, 
 2DIAGNOSTIC,    15, -5.996910353668e-01, 1.285536453448e-05, 0.0000e+00, 0.0000e+00, 
 2DIAGNOSTIC,    16, -5.996909717931e-01, 1.106622087690e-05, 0.0000e+00, 0.0000e+00, 
 2DIAGNOSTIC,    17, -5.996969902268e-01, 9.392399645883e-06, 0.0000e+00, 0.0000e+00, 
 2DIAGNOSTIC,    18, -5.997031607157e-01, 7.304091237170e-06, 0.0000e+00, 0.0000e+00, 
 2DIAGNOSTIC,    19, -5.996894557872e-01, 4.636464399431e-06, 0.0000e+00, 0.0000e+00, 
 2DIAGNOSTIC,    20, -5.996848498133e-01, 3.081470464940e-06, 0.0000e+00, 0.0000e+00, 
