
##########################
# Experiment information #
##########################

EXPERIMENT_NAME: antsRegistration-r8-p7
VFC_BACKENDS: libinterflop_vprec.so --range-binary32=8 --precision-binary32=7 --range-binary64=8 --precision-binary64=7

SIF_IMG: /home/mdugre/projects/rrg-glatard/mdugre/containers/ants-vprec-no_metrics.simg

SUBJECT_ID: s017
INPUT_IMG: /home/mdugre/scratch/mri-registration-rp/datasets/ds004513/derivatives/mri-registration-rp/antsBrainExtraction/sub-s017/BrainExtractionBrain.nii.gz
OUTPUT_DIR: /home/mdugre/scratch/mri-registration-rp/datasets/ds004513/derivatives/mri-registration-rp/0011/antsRegistration-r8-p7/sub-s017

FIXED_IMG: /templateflow/tpl-MNI152NLin2009cAsym/tpl-MNI152NLin2009cAsym_res-01_desc-brain_T1w.nii.gz
DATA_DIR: /home/mdugre/scratch/mri-registration-rp/datasets/ds004513
TEMPLATEFLOW_DIR: /home/mdugre/projects/rrg-glatard/mdugre/templateflow
ITK_GLOBAL_DEFAULT_NUMBER_OF_THREADS: 16
##########################

Info [verificarlo]: loaded backend libinterflop_ieee.so
Info [interflop-ieee]: load backend with:
Info [interflop-ieee]: debug = false
Info [interflop-ieee]: debug-binary = false
Info [interflop-ieee]: no-backend-name = false
Info [interflop-ieee]: print-new-line = false
Info [interflop-ieee]: print-subnormal-normalized = false
Info [interflop-ieee]: count-op = false
All_Command_lines_OK
Using double precision for computations.
=============================================================================
The composite transform comprises the following transforms (in order): 
  1. Center of mass alignment using fixed image: /templateflow/tpl-MNI152NLin2009cAsym/tpl-MNI152NLin2009cAsym_res-01_desc-brain_T1w.nii.gz and moving image: /home/mdugre/scratch/mri-registration-rp/datasets/ds004513/derivatives/mri-registration-rp/antsBrainExtraction/sub-s017/BrainExtractionBrain.nii.gz (type = Euler3DTransform)
=============================================================================
  number of levels = 1
  fixed image: /templateflow/tpl-MNI152NLin2009cAsym/tpl-MNI152NLin2009cAsym_res-01_desc-brain_T1w.nii.gz
  moving image: /home/mdugre/scratch/mri-registration-rp/datasets/ds004513/derivatives/mri-registration-rp/antsBrainExtraction/sub-s017/BrainExtractionBrain.nii.gz
Dimension = 3
Number of stages = 1
Use histogram matching = false
Winsorize image intensities = true
  Lower quantile = 0.005
  Upper quantile = 0.995


Stage 1 State
   Image metric = MattesMI
     Fixed image = Image (0x3705bd0)
  RTTI typeinfo:   itk::Image<double, 3u>
  Reference Count: 2
  Modified Time: 2334
  Debug: Off
  Object Name: 
  Observers: 
    none
  Source: (none)
  Source output name: (none)
  Release Data: Off
  Data Released: False
  Global Release Data: Off
  PipelineMTime: 0
  UpdateMTime: 1943
  RealTimeStamp: 0 seconds 
  LargestPossibleRegion: 
    Dimension: 3
    Index: [0, 0, 0]
    Size: [193, 229, 193]
  BufferedRegion: 
    Dimension: 3
    Index: [0, 0, 0]
    Size: [193, 229, 193]
  RequestedRegion: 
    Dimension: 3
    Index: [0, 0, 0]
    Size: [193, 229, 193]
  Spacing: [1, 1, 1]
  Origin: [96, 132, -78]
  Direction: 
-1 0 0
0 -1 0
0 0 1

  IndexToPointMatrix: 
-1 0 0
0 -1 0
0 0 1

  PointToIndexMatrix: 
-1 0 0
0 -1 0
0 0 1

  Inverse Direction: 
-1 0 0
0 -1 0
0 0 1

  PixelContainer: 
    ImportImageContainer (0x370e9e0)
      RTTI typeinfo:   itk::ImportImageContainer<unsigned long, double>
      Reference Count: 1
      Modified Time: 1940
      Debug: Off
      Object Name: 
      Observers: 
        none
      Pointer: 0x14d7eba5f010
      Container manages memory: true
      Size: 8530021
      Capacity: 8530021

     Moving image = Image (0x370fbd0)
  RTTI typeinfo:   itk::Image<double, 3u>
  Reference Count: 2
  Modified Time: 2335
  Debug: Off
  Object Name: 
  Observers: 
    none
  Source: (none)
  Source output name: (none)
  Release Data: Off
  Data Released: False
  Global Release Data: Off
  PipelineMTime: 0
  UpdateMTime: 2332
  RealTimeStamp: 0 seconds 
  LargestPossibleRegion: 
    Dimension: 3
    Index: [0, 0, 0]
    Size: [160, 240, 256]
  BufferedRegion: 
    Dimension: 3
    Index: [0, 0, 0]
    Size: [160, 240, 256]
  RequestedRegion: 
    Dimension: 3
    Index: [0, 0, 0]
    Size: [160, 240, 256]
  Spacing: [1, 1, 1]
  Origin: [91.3357, 102.231, -120.042]
  Direction: 
-0.997442 -5.36781e-05 -0.0714818
5.35416e-05 -1 3.82465e-06
-0.0714818 -1.23894e-08 0.997442

  IndexToPointMatrix: 
-0.997444 -5.36781e-05 -0.0714818
5.35418e-05 -1 3.82465e-06
-0.0714819 -1.23894e-08 0.997442

  PointToIndexMatrix: 
-0.99744 5.35415e-05 -0.0714816
-5.36781e-05 -1 -1.23894e-08
-0.0714818 3.82465e-06 0.997442

  Inverse Direction: 
-0.997442 5.35416e-05 -0.0714818
-5.36781e-05 -1 -1.23894e-08
-0.0714818 3.82465e-06 0.997442

  PixelContainer: 
    ImportImageContainer (0x3895b50)
      RTTI typeinfo:   itk::ImportImageContainer<unsigned long, double>
      Reference Count: 1
      Modified Time: 2329
      Debug: Off
      Object Name: 
      Observers: 
        none
      Pointer: 0x14d7e6f5e010
      Container manages memory: true
      Size: 9830400
      Capacity: 9830400

     Weighting = 1
     Sampling strategy = regular
     Number of bins = 32
     Radius = 4
     Sampling percentage  = 0.25
   Transform = Rigid
     Gradient step = 0.1
     Update field sigma (voxel space) = 0
     Total field sigma (voxel space) = 0
     Update field time sigma = 0
     Total field time sigma  = 0
     Number of time indices = 0
     Number of time point samples = 0
Registration using 1 total stages.

Stage 0
  iterations = 0
  convergence threshold = 1e-06
  convergence window size = 10
  number of levels = 1
  using the Mattes MI metric (number of bins = 32, weight = 1, use gradient filter = 0)
  preprocessing:  winsorizing the image intensities
  Shrink factors (level 1 out of 1): [1, 1, 1]
  smoothing sigmas per level: [0]
  regular sampling (percentage = 0.25)

*** Running Euler3DTransform registration ***

  Elapsed time (stage 0): 1.1217


Total elapsed time: 1.1239
Info [verificarlo]: loaded backend libinterflop_ieee.so
Info [interflop-ieee]: load backend with:
Info [interflop-ieee]: debug = false
Info [interflop-ieee]: debug-binary = false
Info [interflop-ieee]: no-backend-name = false
Info [interflop-ieee]: print-new-line = false
Info [interflop-ieee]: print-subnormal-normalized = false
Info [interflop-ieee]: count-op = false
All_Command_lines_OK
Using double precision for computations.
=============================================================================
The composite transform comprises the following transforms (in order): 
  1. /home/mdugre/scratch/mri-registration-rp/datasets/ds004513/derivatives/mri-registration-rp/0011/antsRegistration-r8-p7/sub-s017/align_Composite.h5[0] (type = Euler3DTransform)
  2. /home/mdugre/scratch/mri-registration-rp/datasets/ds004513/derivatives/mri-registration-rp/0011/antsRegistration-r8-p7/sub-s017/align_Composite.h5[1] (type = Euler3DTransform)
=============================================================================
  number of levels = 4
  fixed image: /templateflow/tpl-MNI152NLin2009cAsym/tpl-MNI152NLin2009cAsym_res-01_desc-brain_T1w.nii.gz
  moving image: /home/mdugre/scratch/mri-registration-rp/datasets/ds004513/derivatives/mri-registration-rp/antsBrainExtraction/sub-s017/BrainExtractionBrain.nii.gz
Dimension = 3
Number of stages = 1
Use histogram matching = false
Winsorize image intensities = true
  Lower quantile = 0.005
  Upper quantile = 0.995


Stage 1 State
   Image metric = MattesMI
     Fixed image = Image (0x442c530)
  RTTI typeinfo:   itk::Image<double, 3u>
  Reference Count: 2
  Modified Time: 1580
  Debug: Off
  Object Name: 
  Observers: 
    none
  Source: (none)
  Source output name: (none)
  Release Data: Off
  Data Released: False
  Global Release Data: Off
  PipelineMTime: 0
  UpdateMTime: 1189
  RealTimeStamp: 0 seconds 
  LargestPossibleRegion: 
    Dimension: 3
    Index: [0, 0, 0]
    Size: [193, 229, 193]
  BufferedRegion: 
    Dimension: 3
    Index: [0, 0, 0]
    Size: [193, 229, 193]
  RequestedRegion: 
    Dimension: 3
    Index: [0, 0, 0]
    Size: [193, 229, 193]
  Spacing: [1, 1, 1]
  Origin: [96, 132, -78]
  Direction: 
-1 0 0
0 -1 0
0 0 1

  IndexToPointMatrix: 
-1 0 0
0 -1 0
0 0 1

  PointToIndexMatrix: 
-1 0 0
0 -1 0
0 0 1

  Inverse Direction: 
-1 0 0
0 -1 0
0 0 1

  PixelContainer: 
    ImportImageContainer (0x44ead60)
      RTTI typeinfo:   itk::ImportImageContainer<unsigned long, double>
      Reference Count: 1
      Modified Time: 1186
      Debug: Off
      Object Name: 
      Observers: 
        none
      Pointer: 0x14bef2b6c010
      Container manages memory: true
      Size: 8530021
      Capacity: 8530021

     Moving image = Image (0x44dcf60)
  RTTI typeinfo:   itk::Image<double, 3u>
  Reference Count: 2
  Modified Time: 1581
  Debug: Off
  Object Name: 
  Observers: 
    none
  Source: (none)
  Source output name: (none)
  Release Data: Off
  Data Released: False
  Global Release Data: Off
  PipelineMTime: 0
  UpdateMTime: 1578
  RealTimeStamp: 0 seconds 
  LargestPossibleRegion: 
    Dimension: 3
    Index: [0, 0, 0]
    Size: [160, 240, 256]
  BufferedRegion: 
    Dimension: 3
    Index: [0, 0, 0]
    Size: [160, 240, 256]
  RequestedRegion: 
    Dimension: 3
    Index: [0, 0, 0]
    Size: [160, 240, 256]
  Spacing: [1, 1, 1]
  Origin: [91.3357, 102.231, -120.042]
  Direction: 
-0.997442 -5.36781e-05 -0.0714818
5.35416e-05 -1 3.82465e-06
-0.0714818 -1.23894e-08 0.997442

  IndexToPointMatrix: 
-0.997444 -5.36781e-05 -0.0714818
5.35418e-05 -1 3.82465e-06
-0.0714819 -1.23894e-08 0.997442

  PointToIndexMatrix: 
-0.99744 5.35415e-05 -0.0714816
-5.36781e-05 -1 -1.23894e-08
-0.0714818 3.82465e-06 0.997442

  Inverse Direction: 
-0.997442 5.35416e-05 -0.0714818
-5.36781e-05 -1 -1.23894e-08
-0.0714818 3.82465e-06 0.997442

  PixelContainer: 
    ImportImageContainer (0x44ce6d0)
      RTTI typeinfo:   itk::ImportImageContainer<unsigned long, double>
      Reference Count: 1
      Modified Time: 1575
      Debug: Off
      Object Name: 
      Observers: 
        none
      Pointer: 0x14beee06b010
      Container manages memory: true
      Size: 9830400
      Capacity: 9830400

     Weighting = 1
     Sampling strategy = regular
     Number of bins = 32
     Radius = 4
     Sampling percentage  = 0.25
   Transform = Rigid
     Gradient step = 0.1
     Update field sigma (voxel space) = 0
     Total field sigma (voxel space) = 0
     Update field time sigma = 0
     Total field time sigma  = 0
     Number of time indices = 0
     Number of time point samples = 0
Registration using 1 total stages.

Stage 0
  iterations = 1000x500x250x100
  convergence threshold = 1e-06
  convergence window size = 10
  number of levels = 4
  using the Mattes MI metric (number of bins = 32, weight = 1, use gradient filter = 0)
  preprocessing:  winsorizing the image intensities
  Shrink factors (level 1 out of 4): [8, 8, 8]
  Shrink factors (level 2 out of 4): [4, 4, 4]
  Shrink factors (level 3 out of 4): [2, 2, 2]
  Shrink factors (level 4 out of 4): [1, 1, 1]
  smoothing sigmas per level: [3, 2, 1, 0]
  regular sampling (percentage = 0.25)

*** Running Euler3DTransform registration ***

DIAGNOSTIC,Iteration,metricValue,convergenceValue,ITERATION_TIME_INDEX,SINCE_LAST
 2DIAGNOSTIC,     1, -5.567767283252e-01, 1.797693134862e+308, 8.0245e-01, 8.0245e-01, 
 2DIAGNOSTIC,     2, -5.584239703569e-01, 1.797693134862e+308, 8.0768e-01, 5.2350e-03, 
 2DIAGNOSTIC,     3, -5.612715515272e-01, 1.797693134862e+308, 8.1251e-01, 4.8230e-03, 
 2DIAGNOSTIC,     4, -5.637780194106e-01, 1.797693134862e+308, 8.1693e-01, 4.4191e-03, 
 2DIAGNOSTIC,     5, -5.658229214212e-01, 1.797693134862e+308, 8.2129e-01, 4.3609e-03, 
 2DIAGNOSTIC,     6, -5.696445468689e-01, 1.797693134862e+308, 8.2658e-01, 5.2960e-03, 
 2DIAGNOSTIC,     7, -5.734118275242e-01, 1.797693134862e+308, 8.3115e-01, 4.5729e-03, 
 2DIAGNOSTIC,     8, -5.754533484979e-01, 1.797693134862e+308, 8.3704e-01, 5.8892e-03, 
 2DIAGNOSTIC,     9, -5.763021950250e-01, 1.797693134862e+308, 8.4143e-01, 4.3859e-03, 
 2DIAGNOSTIC,    10, -5.771142770255e-01, 2.558085388189e-03, 8.4698e-01, 5.5499e-03, 
 2DIAGNOSTIC,    11, -5.785125587612e-01, 2.176117873031e-03, 8.5136e-01, 4.3831e-03, 
 2DIAGNOSTIC,    12, -5.799413348090e-01, 1.786767970983e-03, 8.5626e-01, 4.8962e-03, 
 2DIAGNOSTIC,    13, -5.809477908980e-01, 1.443124036835e-03, 8.6122e-01, 4.9591e-03, 
 2DIAGNOSTIC,    14, -5.814655964876e-01, 1.127354078216e-03, 8.6560e-01, 4.3769e-03, 
 2DIAGNOSTIC,    15, -5.819093877219e-01, 8.331089413525e-04, 8.7051e-01, 4.9119e-03, 
 2DIAGNOSTIC,    16, -5.822326442998e-01, 6.258215683232e-04, 8.7539e-01, 4.8790e-03, 
 2DIAGNOSTIC,    17, -5.825793599843e-01, 5.040365830238e-04, 8.7990e-01, 4.5180e-03, 
 2DIAGNOSTIC,    18, -5.863713925916e-01, 5.095725576648e-04, 8.8509e-01, 5.1861e-03, 
 2DIAGNOSTIC,    19, -5.901617810168e-01, 5.855607354915e-04, 8.9369e-01, 8.5969e-03, 
 2DIAGNOSTIC,    20, -5.906016223816e-01, 6.286272500321e-04, 8.9979e-01, 6.1021e-03, 
 2DIAGNOSTIC,    21, -5.907365705867e-01, 6.467002963853e-04, 9.0507e-01, 5.2791e-03, 
 2DIAGNOSTIC,    22, -5.906256574995e-01, 6.330265936399e-04, 9.1036e-01, 5.2941e-03, 
 2DIAGNOSTIC,    23, -5.906307681711e-01, 5.816453055196e-04, 9.1494e-01, 4.5762e-03, 
 2DIAGNOSTIC,    24, -5.905636622010e-01, 4.878472529239e-04, 9.1956e-01, 4.6260e-03, 
 2DIAGNOSTIC,    25, -5.906024985370e-01, 3.662279783973e-04, 9.2459e-01, 5.0230e-03, 
 2DIAGNOSTIC,    26, -5.906025304325e-01, 2.276984665083e-04, 9.2923e-01, 4.6451e-03, 
 2DIAGNOSTIC,    27, -5.906211320574e-01, 8.394584288817e-05, 9.3351e-01, 4.2751e-03, 
 2DIAGNOSTIC,    28, -5.908796758314e-01, 1.198925031203e-05, 9.3764e-01, 4.1330e-03, 
 2DIAGNOSTIC,    29, -5.911411552396e-01, 1.217108543256e-05, 9.4231e-01, 4.6721e-03, 
 2DIAGNOSTIC,    30, -5.915241330962e-01, 2.456301684475e-05, 9.4858e-01, 6.2718e-03, 
 2DIAGNOSTIC,    31, -5.916229825992e-01, 3.758205306133e-05, 9.5270e-01, 4.1170e-03, 
 2DIAGNOSTIC,    32, -5.916651208816e-01, 4.532975448977e-05, 9.5687e-01, 4.1661e-03, 
 2DIAGNOSTIC,    33, -5.916874987632e-01, 4.885284294419e-05, 9.6099e-01, 4.1201e-03, 
 2DIAGNOSTIC,    34, -5.917053822200e-01, 4.682712858558e-05, 9.6555e-01, 4.5612e-03, 
 2DIAGNOSTIC,    35, -5.917390904868e-01, 4.153275817180e-05, 9.7676e-01, 1.1215e-02, 
 2DIAGNOSTIC,    36, -5.917390912695e-01, 3.272086429286e-05, 9.8092e-01, 4.1530e-03, 
 2DIAGNOSTIC,    37, -5.917391070342e-01, 2.163060314760e-05, 9.8499e-01, 4.0691e-03, 
 2DIAGNOSTIC,    38, -5.917391330930e-01, 1.245673595313e-05, 9.8904e-01, 4.0569e-03, 
 2DIAGNOSTIC,    39, -5.917391754735e-01, 5.801896390142e-06, 9.9318e-01, 4.1361e-03, 
 2DIAGNOSTIC,    40, -5.917392424312e-01, 3.643428653024e-06, 9.9722e-01, 4.0400e-03, 
 2DIAGNOSTIC,    41, -5.917393428829e-01, 2.487109299638e-06, 1.0013e+00, 4.0421e-03, 
 2DIAGNOSTIC,    42, -5.917394845335e-01, 1.715730318090e-06, 1.0053e+00, 4.0300e-03, 
 2DIAGNOSTIC,    43, -5.917396625587e-01, 1.144189315128e-06, 1.0095e+00, 4.1718e-03, 
DIAGNOSTIC,Iteration,metricValue,convergenceValue,ITERATION_TIME_INDEX,SINCE_LAST
 2DIAGNOSTIC,     1, -4.784004501425e-01, 1.797693134862e+308, 1.7196e+00, 7.1010e-01, 
 2DIAGNOSTIC,     2, -4.783999131494e-01, 1.797693134862e+308, 1.7485e+00, 2.8953e-02, 
 2DIAGNOSTIC,     3, -4.784190365431e-01, 1.797693134862e+308, 1.7812e+00, 3.2713e-02, 
 2DIAGNOSTIC,     4, -4.785028756517e-01, 1.797693134862e+308, 1.8097e+00, 2.8452e-02, 
 2DIAGNOSTIC,     5, -4.786647485436e-01, 1.797693134862e+308, 1.8377e+00, 2.7981e-02, 
 2DIAGNOSTIC,     6, -4.788099932965e-01, 1.797693134862e+308, 1.8663e+00, 2.8678e-02, 
 2DIAGNOSTIC,     7, -4.794645847224e-01, 1.797693134862e+308, 1.8952e+00, 2.8823e-02, 
 2DIAGNOSTIC,     8, -4.813619171757e-01, 1.797693134862e+308, 1.9339e+00, 3.8762e-02, 
 2DIAGNOSTIC,     9, -4.817935635330e-01, 1.797693134862e+308, 1.9659e+00, 3.2011e-02, 
 2DIAGNOSTIC,    10, -4.822647496884e-01, 5.583367503688e-04, 1.9944e+00, 2.8500e-02, 
 2DIAGNOSTIC,    11, -4.831344909909e-01, 6.366384573753e-04, 2.0260e+00, 3.1606e-02, 
 2DIAGNOSTIC,    12, -4.835768992599e-01, 6.653898034899e-04, 2.0725e+00, 4.6506e-02, 
 2DIAGNOSTIC,    13, -4.835677565329e-01, 6.290342969202e-04, 2.1088e+00, 3.6230e-02, 
 2DIAGNOSTIC,    14, -4.835733047846e-01, 5.452729208192e-04, 2.1482e+00, 3.9419e-02, 
 2DIAGNOSTIC,    15, -4.835701547257e-01, 4.305772096430e-04, 2.1798e+00, 3.1594e-02, 
 2DIAGNOSTIC,    16, -4.835566913011e-01, 2.956272804584e-04, 2.2086e+00, 2.8839e-02, 
 2DIAGNOSTIC,    17, -4.835523104092e-01, 1.703980275670e-04, 2.2366e+00, 2.8022e-02, 
 2DIAGNOSTIC,    18, -4.835483887836e-01, 1.058854946433e-04, 2.2673e+00, 3.0693e-02, 
 2DIAGNOSTIC,    19, -4.835469915474e-01, 5.203914178328e-05, 2.2977e+00, 3.0330e-02, 
 2DIAGNOSTIC,    20, -4.835401827380e-01, 1.204163301934e-05, 2.3343e+00, 3.6641e-02, 
DIAGNOSTIC,Iteration,metricValue,convergenceValue,ITERATION_TIME_INDEX,SINCE_LAST
 2DIAGNOSTIC,     1, -4.161561167869e-01, 1.797693134862e+308, 3.4956e+00, 1.1612e+00, 
 2DIAGNOSTIC,     2, -4.161756893439e-01, 1.797693134862e+308, 3.8040e+00, 3.0842e-01, 
 2DIAGNOSTIC,     3, -4.161696114509e-01, 1.797693134862e+308, 4.1068e+00, 3.0287e-01, 
 2DIAGNOSTIC,     4, -4.161681503553e-01, 1.797693134862e+308, 4.5271e+00, 4.2021e-01, 
 2DIAGNOSTIC,     5, -4.161678896602e-01, 1.797693134862e+308, 4.8130e+00, 2.8594e-01, 
 2DIAGNOSTIC,     6, -4.161669123585e-01, 1.797693134862e+308, 5.0884e+00, 2.7543e-01, 
 2DIAGNOSTIC,     7, -4.161667485643e-01, 1.797693134862e+308, 5.3531e+00, 2.6471e-01, 
 2DIAGNOSTIC,     8, -4.161656816016e-01, 1.797693134862e+308, 5.5879e+00, 2.3475e-01, 
 2DIAGNOSTIC,     9, -4.161650043538e-01, 1.797693134862e+308, 5.8546e+00, 2.6668e-01, 
 2DIAGNOSTIC,    10, -4.161655463814e-01, 2.943366636809e-06, 6.1386e+00, 2.8399e-01, 
 2DIAGNOSTIC,    11, -4.161636420995e-01, 1.720591499235e-06, 6.4238e+00, 2.8524e-01, 
 2DIAGNOSTIC,    12, -4.161624970809e-01, 1.867462473326e-06, 6.7522e+00, 3.2836e-01, 
 2DIAGNOSTIC,    13, -4.161615819745e-01, 1.698398059524e-06, 7.0151e+00, 2.6293e-01, 
 2DIAGNOSTIC,    14, -4.161624603295e-01, 1.592444846474e-06, 7.2912e+00, 2.7613e-01, 
 2DIAGNOSTIC,    15, -4.161620529814e-01, 1.530180437748e-06, 7.5539e+00, 2.6268e-01, 
 2DIAGNOSTIC,    16, -4.161603835107e-01, 1.417836919676e-06, 7.7781e+00, 2.2419e-01, 
 2DIAGNOSTIC,    17, -4.161625251482e-01, 1.455414121020e-06, 8.0476e+00, 2.6956e-01, 
 2DIAGNOSTIC,    18, -4.161617349626e-01, 1.453854864712e-06, 8.2939e+00, 2.4623e-01, 
 2DIAGNOSTIC,    19, -4.161656140595e-01, 1.594928505419e-06, 8.5761e+00, 2.8227e-01, 
 2DIAGNOSTIC,    20, -4.161678254531e-01, 1.821576329337e-06, 8.9805e+00, 4.0433e-01, 
 2DIAGNOSTIC,    21, -4.161672172261e-01, 1.924327027128e-06, 9.2852e+00, 3.0472e-01, 
 2DIAGNOSTIC,    22, -4.161665846124e-01, 1.927748312064e-06, 9.5532e+00, 2.6803e-01, 
 2DIAGNOSTIC,    23, -4.161660793967e-01, 1.843028035922e-06, 9.8678e+00, 3.1455e-01, 
 2DIAGNOSTIC,    24, -4.161655365534e-01, 1.730448868711e-06, 1.0100e+01, 2.3199e-01, 
 2DIAGNOSTIC,    25, -4.161651834947e-01, 1.568353734160e-06, 1.0330e+01, 2.3052e-01, 
 2DIAGNOSTIC,    26, -4.161660037666e-01, 1.368374529617e-06, 1.0590e+01, 2.5951e-01, 
 2DIAGNOSTIC,    27, -4.161651045497e-01, 1.203105049793e-06, 1.0824e+01, 2.3400e-01, 
 2DIAGNOSTIC,    28, -4.161679884898e-01, 1.097088639372e-06, 1.1077e+01, 2.5306e-01, 
 2DIAGNOSTIC,    29, -4.161710849648e-01, 1.162831214763e-06, 1.1372e+01, 2.9529e-01, 
 2DIAGNOSTIC,    30, -4.161703640306e-01, 1.250475688823e-06, 1.1641e+01, 2.6935e-01, 
 2DIAGNOSTIC,    31, -4.161708142911e-01, 1.313167805946e-06, 1.1905e+01, 2.6330e-01, 
 2DIAGNOSTIC,    32, -4.161710089265e-01, 1.336085264786e-06, 1.2172e+01, 2.6681e-01, 
 2DIAGNOSTIC,    33, -4.161749613449e-01, 1.395595230200e-06, 1.2454e+01, 2.8256e-01, 
 2DIAGNOSTIC,    34, -4.161777487506e-01, 1.452526299368e-06, 1.2727e+01, 2.7291e-01, 
 2DIAGNOSTIC,    35, -4.161792220179e-01, 1.478601721595e-06, 1.3031e+01, 3.0413e-01, 
 2DIAGNOSTIC,    36, -4.161806859649e-01, 1.495439432501e-06, 1.3335e+01, 3.0396e-01, 
 2DIAGNOSTIC,    37, -4.161791778426e-01, 1.407680686700e-06, 1.3589e+01, 2.5387e-01, 
 2DIAGNOSTIC,    38, -4.161838486868e-01, 1.406626895774e-06, 1.3906e+01, 3.1734e-01, 
 2DIAGNOSTIC,    39, -4.161849953102e-01, 1.422742201516e-06, 1.4249e+01, 3.4239e-01, 
 2DIAGNOSTIC,    40, -4.161860914892e-01, 1.386764659661e-06, 1.4610e+01, 3.6132e-01, 
 2DIAGNOSTIC,    41, -4.161854987578e-01, 1.295749599426e-06, 1.4874e+01, 2.6371e-01, 
 2DIAGNOSTIC,    42, -4.161840259990e-01, 1.138573359118e-06, 1.5114e+01, 2.3977e-01, 
 2DIAGNOSTIC,    43, -4.161834049862e-01, 1.004201844859e-06, 1.5370e+01, 2.5684e-01, 
DIAGNOSTIC,Iteration,metricValue,convergenceValue,ITERATION_TIME_INDEX,SINCE_LAST
 2DIAGNOSTIC,     1, -3.834265912360e-01, 1.797693134862e+308, 1.7929e+01, 2.5582e+00, 
 2DIAGNOSTIC,     2, -3.834925053371e-01, 1.797693134862e+308, 1.9573e+01, 1.6444e+00, 
 2DIAGNOSTIC,     3, -3.834978116496e-01, 1.797693134862e+308, 2.1324e+01, 1.7509e+00, 
 2DIAGNOSTIC,     4, -3.835004127742e-01, 1.797693134862e+308, 2.3319e+01, 1.9950e+00, 
 2DIAGNOSTIC,     5, -3.835019582517e-01, 1.797693134862e+308, 2.5009e+01, 1.6903e+00, 
 2DIAGNOSTIC,     6, -3.835049957424e-01, 1.797693134862e+308, 2.6741e+01, 1.7318e+00, 
 2DIAGNOSTIC,     7, -3.835058343724e-01, 1.797693134862e+308, 2.8431e+01, 1.6900e+00, 
 2DIAGNOSTIC,     8, -3.835066498256e-01, 1.797693134862e+308, 3.0309e+01, 1.8778e+00, 
 2DIAGNOSTIC,     9, -3.835062955323e-01, 1.797693134862e+308, 3.1993e+01, 1.6843e+00, 
 2DIAGNOSTIC,    10, -3.835063108998e-01, 1.066660713488e-05, 3.3760e+01, 1.7666e+00, 
 2DIAGNOSTIC,    11, -3.835061571792e-01, 4.747040468975e-06, 3.6093e+01, 2.3333e+00, 
 2DIAGNOSTIC,    12, -3.835060832651e-01, 3.706200464387e-06, 3.7470e+01, 1.3765e+00, 
 2DIAGNOSTIC,    13, -3.835060190722e-01, 3.027826003268e-06, 3.9211e+01, 1.7414e+00, 
 2DIAGNOSTIC,    14, -3.835058638480e-01, 2.523467017471e-06, 4.0862e+01, 1.6509e+00, 
 2DIAGNOSTIC,    15, -3.835058006965e-01, 2.133709238863e-06, 4.2614e+01, 1.7526e+00, 
 2DIAGNOSTIC,    16, -3.835056463972e-01, 1.924177715273e-06, 4.4721e+01, 2.1067e+00, 
 2DIAGNOSTIC,    17, -3.835054775130e-01, 1.773328555360e-06, 4.6399e+01, 1.6780e+00, 
 2DIAGNOSTIC,    18, -3.835053086123e-01, 1.675385375786e-06, 4.7858e+01, 1.4588e+00, 
 2DIAGNOSTIC,    19, -3.835051448145e-01, 1.576051816408e-06, 4.9614e+01, 1.7558e+00, 
 2DIAGNOSTIC,    20, -3.835051658767e-01, 1.497295072782e-06, 5.1095e+01, 1.4812e+00, 
 2DIAGNOSTIC,    21, -3.835053779576e-01, 1.436675312598e-06, 5.2895e+01, 1.8005e+00, 
 2DIAGNOSTIC,    22, -3.835055901416e-01, 1.393331720459e-06, 5.4671e+01, 1.7760e+00, 
 2DIAGNOSTIC,    23, -3.835055251007e-01, 1.354581541928e-06, 5.6341e+01, 1.6701e+00, 
 2DIAGNOSTIC,    24, -3.835054518286e-01, 1.314933130256e-06, 5.8107e+01, 1.7654e+00, 
 2DIAGNOSTIC,    25, -3.835053813426e-01, 1.275595340730e-06, 5.9801e+01, 1.6945e+00, 
 2DIAGNOSTIC,    26, -3.835053141620e-01, 1.232550094599e-06, 6.1413e+01, 1.6118e+00, 
 2DIAGNOSTIC,    27, -3.835053494679e-01, 1.188143192762e-06, 6.3023e+01, 1.6098e+00, 
 2DIAGNOSTIC,    28, -3.835054089357e-01, 1.143229098319e-06, 6.4806e+01, 1.7833e+00, 
 2DIAGNOSTIC,    29, -3.835055814682e-01, 1.101082727828e-06, 6.6261e+01, 1.4547e+00, 
 2DIAGNOSTIC,    30, -3.835053714645e-01, 1.056523025941e-06, 6.8387e+01, 2.1262e+00, 
 2DIAGNOSTIC,    31, -3.835053052292e-01, 1.018740039403e-06, 7.0081e+01, 1.6940e+00, 
  Elapsed time (stage 0): 7.0968e+01


Total elapsed time: 7.0971e+01
Info [verificarlo]: loaded backend libinterflop_vprec.so
Info [interflop-vprec]: load backend with: 
Info [interflop-vprec]: precision-binary32 = 7
Info [interflop-vprec]: range-binary32 = 8
Info [interflop-vprec]: precision-binary64 = 7
Info [interflop-vprec]: range-binary64 = 8
Info [interflop-vprec]: mode = ob
Info [interflop-vprec]: error-mode = rel
Info [interflop-vprec]: max-abs-error-exponent = -1022
Info [interflop-vprec]: daz = false
Info [interflop-vprec]: ftz = false
Info [interflop-vprec]: 	instrument = none
Info [interflop-vprec]: 	prec-input-file = (null)
Info [interflop-vprec]: 	prec-output-file = (null)
Info [interflop-vprec]: 	prec-log-file = (null)
All_Command_lines_OK
Using double precision for computations.
=============================================================================
The composite transform comprises the following transforms (in order): 
  1. /home/mdugre/scratch/mri-registration-rp/datasets/ds004513/derivatives/mri-registration-rp/0011/antsRegistration-r8-p7/sub-s017/rigid_Composite.h5[0] (type = Euler3DTransform)
  2. /home/mdugre/scratch/mri-registration-rp/datasets/ds004513/derivatives/mri-registration-rp/0011/antsRegistration-r8-p7/sub-s017/rigid_Composite.h5[1] (type = Euler3DTransform)
  3. /home/mdugre/scratch/mri-registration-rp/datasets/ds004513/derivatives/mri-registration-rp/0011/antsRegistration-r8-p7/sub-s017/rigid_Composite.h5[2] (type = Euler3DTransform)
=============================================================================
  number of levels = 4
  fixed image: /templateflow/tpl-MNI152NLin2009cAsym/tpl-MNI152NLin2009cAsym_res-01_desc-brain_T1w.nii.gz
  moving image: /home/mdugre/scratch/mri-registration-rp/datasets/ds004513/derivatives/mri-registration-rp/antsBrainExtraction/sub-s017/BrainExtractionBrain.nii.gz
Dimension = 3
Number of stages = 1
Use histogram matching = false
Winsorize image intensities = true
  Lower quantile = 0.005
  Upper quantile = 0.995


Stage 1 State
   Image metric = MattesMI
     Fixed image = Image (0x511a1e0)
  RTTI typeinfo:   itk::Image<double, 3u>
  Reference Count: 2
  Modified Time: 1592
  Debug: Off
  Object Name: 
  Observers: 
    none
  Source: (none)
  Source output name: (none)
  Release Data: Off
  Data Released: False
  Global Release Data: Off
  PipelineMTime: 0
  UpdateMTime: 1203
  RealTimeStamp: 0 seconds 
  LargestPossibleRegion: 
    Dimension: 3
    Index: [0, 0, 0]
    Size: [193, 229, 193]
  BufferedRegion: 
    Dimension: 3
    Index: [0, 0, 0]
    Size: [193, 229, 193]
  RequestedRegion: 
    Dimension: 3
    Index: [0, 0, 0]
    Size: [193, 229, 193]
  Spacing: [1, 1, 1]
  Origin: [96, 132, -78]
  Direction: 
-1 0 0
0 -1 0
0 0 1

  IndexToPointMatrix: 
-1 0 0
0 -1 0
0 0 1

  PointToIndexMatrix: 
-1 0 0
0 -1 0
0 0 1

  Inverse Direction: 
-1 0 0
0 -1 0
0 0 1

  PixelContainer: 
    ImportImageContainer (0x51e7890)
      RTTI typeinfo:   itk::ImportImageContainer<unsigned long, double>
      Reference Count: 1
      Modified Time: 1200
      Debug: Off
      Object Name: 
      Observers: 
        none
      Pointer: 0x151618db0010
      Container manages memory: true
      Size: 8530021
      Capacity: 8530021

     Moving image = Image (0x51e6e40)
  RTTI typeinfo:   itk::Image<double, 3u>
  Reference Count: 2
  Modified Time: 1593
  Debug: Off
  Object Name: 
  Observers: 
    none
  Source: (none)
  Source output name: (none)
  Release Data: Off
  Data Released: False
  Global Release Data: Off
  PipelineMTime: 0
  UpdateMTime: 1590
  RealTimeStamp: 0 seconds 
  LargestPossibleRegion: 
    Dimension: 3
    Index: [0, 0, 0]
    Size: [160, 240, 256]
  BufferedRegion: 
    Dimension: 3
    Index: [0, 0, 0]
    Size: [160, 240, 256]
  RequestedRegion: 
    Dimension: 3
    Index: [0, 0, 0]
    Size: [160, 240, 256]
  Spacing: [1, 1, 1]
  Origin: [91.5, 102, -120]
  Direction: 
-0.996094 -5.36442e-05 -0.0708008
5.34058e-05 -1 3.7998e-06
-0.0708008 -1.49012e-08 0.996094

  IndexToPointMatrix: 
-0.996094 -5.36442e-05 -0.0708008
5.34058e-05 -1 3.7998e-06
-0.0708008 -1.49012e-08 0.996094

  PointToIndexMatrix: 
-1 5.34058e-05 -0.0708008
-5.34058e-05 -1 -1.89245e-06
-0.0708008 1.89245e-06 0.996094

  Inverse Direction: 
-1 5.34058e-05 -0.0708008
-5.34058e-05 -1 -1.89245e-06
-0.0708008 1.89245e-06 0.996094

  PixelContainer: 
    ImportImageContainer (0x5287a50)
      RTTI typeinfo:   itk::ImportImageContainer<unsigned long, double>
      Reference Count: 1
      Modified Time: 1587
      Debug: Off
      Object Name: 
      Observers: 
        none
      Pointer: 0x1516142af010
      Container manages memory: true
      Size: 9830400
      Capacity: 9830400

     Weighting = 1
     Sampling strategy = regular
     Number of bins = 32
     Radius = 4
     Sampling percentage  = 0.25
   Transform = Affine
     Gradient step = 0.1
     Update field sigma (voxel space) = 0
     Total field sigma (voxel space) = 0
     Update field time sigma = 0
     Total field time sigma  = 0
     Number of time indices = 0
     Number of time point samples = 0
Registration using 1 total stages.

Stage 0
  iterations = 1000x500x250x100
  convergence threshold = 1e-06
  convergence window size = 10
  number of levels = 4
  using the Mattes MI metric (number of bins = 32, weight = 1, use gradient filter = 0)
  preprocessing:  winsorizing the image intensities
  Shrink factors (level 1 out of 4): [8, 8, 8]
  Shrink factors (level 2 out of 4): [4, 4, 4]
  Shrink factors (level 3 out of 4): [2, 2, 2]
  Shrink factors (level 4 out of 4): [1, 1, 1]
  smoothing sigmas per level: [3, 2, 1, 0]
  regular sampling (percentage = 0.25)

*** Running AffineTransform registration ***

DIAGNOSTIC,Iteration,metricValue,convergenceValue,ITERATION_TIME_INDEX,SINCE_LAST
 2DIAGNOSTIC,     1, -6.001576825495e-01, 1.797693134862e+308, 0.0000e+00, 0.0000e+00, 
 2DIAGNOSTIC,     2, -6.001576825495e-01, 1.797693134862e+308, 0.0000e+00, 0.0000e+00, 
 2DIAGNOSTIC,     3, -6.001576825495e-01, 1.797693134862e+308, 0.0000e+00, 0.0000e+00, 
 2DIAGNOSTIC,     4, -6.001576825495e-01, 1.797693134862e+308, 0.0000e+00, 0.0000e+00, 
 2DIAGNOSTIC,     5, -6.001576825495e-01, 1.797693134862e+308, 0.0000e+00, 0.0000e+00, 
 2DIAGNOSTIC,     6, -6.001576825495e-01, 1.797693134862e+308, 0.0000e+00, 0.0000e+00, 
 2DIAGNOSTIC,     7, -6.001576825495e-01, 1.797693134862e+308, 0.0000e+00, 0.0000e+00, 
 2DIAGNOSTIC,     8, -6.001576825495e-01, 1.797693134862e+308, 0.0000e+00, 0.0000e+00, 
 2DIAGNOSTIC,     9, -6.001576825495e-01, 1.797693134862e+308, 0.0000e+00, 0.0000e+00, 
DIAGNOSTIC,Iteration,metricValue,convergenceValue,ITERATION_TIME_INDEX,SINCE_LAST
 2DIAGNOSTIC,     1, -4.841408750110e-01, 1.797693134862e+308, 0.0000e+00, 0.0000e+00, 
 2DIAGNOSTIC,     2, -4.841408750110e-01, 1.797693134862e+308, 0.0000e+00, 0.0000e+00, 
 2DIAGNOSTIC,     3, -4.841408750110e-01, 1.797693134862e+308, 0.0000e+00, 0.0000e+00, 
 2DIAGNOSTIC,     4, -4.841447491311e-01, 1.797693134862e+308, 0.0000e+00, 0.0000e+00, 
 2DIAGNOSTIC,     5, -4.841447491311e-01, 1.797693134862e+308, 0.0000e+00, 0.0000e+00, 
 2DIAGNOSTIC,     6, -4.841447491311e-01, 1.797693134862e+308, 0.0000e+00, 0.0000e+00, 
 2DIAGNOSTIC,     7, -4.841447491311e-01, 1.797693134862e+308, 0.0000e+00, 0.0000e+00, 
 2DIAGNOSTIC,     8, -4.841447491311e-01, 1.797693134862e+308, 0.0000e+00, 0.0000e+00, 
 2DIAGNOSTIC,     9, -4.841447491311e-01, 1.797693134862e+308, 0.0000e+00, 0.0000e+00, 
DIAGNOSTIC,Iteration,metricValue,convergenceValue,ITERATION_TIME_INDEX,SINCE_LAST
 2DIAGNOSTIC,     1, -4.128270576426e-01, 1.797693134862e+308, 0.0000e+00, 0.0000e+00, 
 2DIAGNOSTIC,     2, -4.128270576426e-01, 1.797693134862e+308, 0.0000e+00, 0.0000e+00, 
 2DIAGNOSTIC,     3, -4.128270576426e-01, 1.797693134862e+308, 0.0000e+00, 0.0000e+00, 
 2DIAGNOSTIC,     4, -4.128270576426e-01, 1.797693134862e+308, 0.0000e+00, 0.0000e+00, 
 2DIAGNOSTIC,     5, -4.128265481238e-01, 1.797693134862e+308, 0.0000e+00, 0.0000e+00, 
 2DIAGNOSTIC,     6, -4.128265481238e-01, 1.797693134862e+308, 0.0000e+00, 0.0000e+00, 
 2DIAGNOSTIC,     7, -4.128265481238e-01, 1.797693134862e+308, 0.0000e+00, 0.0000e+00, 
 2DIAGNOSTIC,     8, -4.128265481238e-01, 1.797693134862e+308, 0.0000e+00, 0.0000e+00, 
 2DIAGNOSTIC,     9, -4.128265481238e-01, 1.797693134862e+308, 0.0000e+00, 0.0000e+00, 
DIAGNOSTIC,Iteration,metricValue,convergenceValue,ITERATION_TIME_INDEX,SINCE_LAST
 2DIAGNOSTIC,     1, -3.784967521032e-01, 1.797693134862e+308, 0.0000e+00, 0.0000e+00, 
 2DIAGNOSTIC,     2, -3.784969171322e-01, 1.797693134862e+308, 0.0000e+00, 0.0000e+00, 
 2DIAGNOSTIC,     3, -3.784973143152e-01, 1.797693134862e+308, 0.0000e+00, 0.0000e+00, 
 2DIAGNOSTIC,     4, -3.785007309984e-01, 1.797693134862e+308, 0.0000e+00, 0.0000e+00, 
 2DIAGNOSTIC,     5, -3.803186610043e-01, 1.797693134862e+308, 0.0000e+00, 0.0000e+00, 
 2DIAGNOSTIC,     6, -3.862412260768e-01, 1.797693134862e+308, 0.0000e+00, 0.0000e+00, 
 2DIAGNOSTIC,     7, -3.917697090894e-01, 1.797693134862e+308, 0.0000e+00, 0.0000e+00, 
 2DIAGNOSTIC,     8, -3.984044147508e-01, 1.797693134862e+308, 0.0000e+00, 0.0000e+00, 
 2DIAGNOSTIC,     9, -4.047167667298e-01, 1.797693134862e+308, 0.0000e+00, 0.0000e+00, 
 2DIAGNOSTIC,    10, -4.147729635860e-01, 5.863025231751e-03, 0.0000e+00, 0.0000e+00, 
 2DIAGNOSTIC,    11, -4.346253068486e-01, 7.588373090183e-03, 0.0000e+00, 0.0000e+00, 
 2DIAGNOSTIC,    12, -4.717183626502e-01, 1.042847111914e-02, 0.0000e+00, 0.0000e+00, 
 2DIAGNOSTIC,    13, -5.167790104497e-01, 1.410267074505e-02, 0.0000e+00, 0.0000e+00, 
 2DIAGNOSTIC,    14, -5.307015804270e-01, 1.647879861598e-02, 0.0000e+00, 0.0000e+00, 
 2DIAGNOSTIC,    15, -5.367812317908e-01, 1.733656323735e-02, 0.0000e+00, 0.0000e+00, 
 2DIAGNOSTIC,    16, -5.366871890202e-01, 1.674667063414e-02, 0.0000e+00, 0.0000e+00, 
 2DIAGNOSTIC,    17, -5.367443071627e-01, 1.491445934747e-02, 0.0000e+00, 0.0000e+00, 
 2DIAGNOSTIC,    18, -5.367866274694e-01, 1.218694199011e-02, 0.0000e+00, 0.0000e+00, 
 2DIAGNOSTIC,    19, -5.368046200493e-01, 8.898662850515e-03, 0.0000e+00, 0.0000e+00, 
 2DIAGNOSTIC,    20, -5.367944596715e-01, 5.510349563999e-03, 0.0000e+00, 0.0000e+00, 
 2DIAGNOSTIC,    21, -5.368072241442e-01, 2.568919466940e-03, 0.0000e+00, 0.0000e+00, 
 2DIAGNOSTIC,    22, -5.367994356898e-01, 7.121000513814e-04, 0.0000e+00, 0.0000e+00, 
 2DIAGNOSTIC,    23, -5.367903979030e-01, 1.652583840184e-04, 0.0000e+00, 0.0000e+00, 
 2DIAGNOSTIC,    24, -5.367890754651e-01, 3.666331173768e-06, 0.0000e+00, 0.0000e+00, 
 2DIAGNOSTIC,    25, -5.367838028497e-01, 3.336237836611e-06, 0.0000e+00, 0.0000e+00, 
  Elapsed time (stage 0): 0.0000e+00


Total elapsed time: 0.0000e+00
Info [verificarlo]: loaded backend libinterflop_vprec.so
Info [interflop-vprec]: load backend with: 
Info [interflop-vprec]: precision-binary32 = 7
Info [interflop-vprec]: range-binary32 = 8
Info [interflop-vprec]: precision-binary64 = 7
Info [interflop-vprec]: range-binary64 = 8
Info [interflop-vprec]: mode = ob
Info [interflop-vprec]: error-mode = rel
Info [interflop-vprec]: max-abs-error-exponent = -1022
Info [interflop-vprec]: daz = false
Info [interflop-vprec]: ftz = false
Info [interflop-vprec]: 	instrument = none
Info [interflop-vprec]: 	prec-input-file = (null)
Info [interflop-vprec]: 	prec-output-file = (null)
Info [interflop-vprec]: 	prec-log-file = (null)
All_Command_lines_OK
Using double precision for computations.
=============================================================================
The composite transform comprises the following transforms (in order): 
  1. /home/mdugre/scratch/mri-registration-rp/datasets/ds004513/derivatives/mri-registration-rp/0011/antsRegistration-r8-p7/sub-s017/affine_Composite.h5[0] (type = Euler3DTransform)
  2. /home/mdugre/scratch/mri-registration-rp/datasets/ds004513/derivatives/mri-registration-rp/0011/antsRegistration-r8-p7/sub-s017/affine_Composite.h5[1] (type = Euler3DTransform)
  3. /home/mdugre/scratch/mri-registration-rp/datasets/ds004513/derivatives/mri-registration-rp/0011/antsRegistration-r8-p7/sub-s017/affine_Composite.h5[2] (type = Euler3DTransform)
  4. /home/mdugre/scratch/mri-registration-rp/datasets/ds004513/derivatives/mri-registration-rp/0011/antsRegistration-r8-p7/sub-s017/affine_Composite.h5[3] (type = AffineTransform)
=============================================================================
  number of levels = 4
  fixed image: /templateflow/tpl-MNI152NLin2009cAsym/tpl-MNI152NLin2009cAsym_res-01_desc-brain_T1w.nii.gz
  moving image: /home/mdugre/scratch/mri-registration-rp/datasets/ds004513/derivatives/mri-registration-rp/antsBrainExtraction/sub-s017/BrainExtractionBrain.nii.gz
Dimension = 3
Number of stages = 1
Use histogram matching = false
Winsorize image intensities = true
  Lower quantile = 0.005
  Upper quantile = 0.995


Stage 1 State
   Image metric = CC
     Fixed image = Image (0x479b6f0)
  RTTI typeinfo:   itk::Image<double, 3u>
  Reference Count: 2
  Modified Time: 1606
  Debug: Off
  Object Name: 
  Observers: 
    none
  Source: (none)
  Source output name: (none)
  Release Data: Off
  Data Released: False
  Global Release Data: Off
  PipelineMTime: 0
  UpdateMTime: 1217
  RealTimeStamp: 0 seconds 
  LargestPossibleRegion: 
    Dimension: 3
    Index: [0, 0, 0]
    Size: [193, 229, 193]
  BufferedRegion: 
    Dimension: 3
    Index: [0, 0, 0]
    Size: [193, 229, 193]
  RequestedRegion: 
    Dimension: 3
    Index: [0, 0, 0]
    Size: [193, 229, 193]
  Spacing: [1, 1, 1]
  Origin: [96, 132, -78]
  Direction: 
-1 0 0
0 -1 0
0 0 1

  IndexToPointMatrix: 
-1 0 0
0 -1 0
0 0 1

  PointToIndexMatrix: 
-1 0 0
0 -1 0
0 0 1

  Inverse Direction: 
-1 0 0
0 -1 0
0 0 1

  PixelContainer: 
    ImportImageContainer (0x48698b0)
      RTTI typeinfo:   itk::ImportImageContainer<unsigned long, double>
      Reference Count: 1
      Modified Time: 1214
      Debug: Off
      Object Name: 
      Observers: 
        none
      Pointer: 0x14b1157d9010
      Container manages memory: true
      Size: 8530021
      Capacity: 8530021

     Moving image = Image (0x4857240)
  RTTI typeinfo:   itk::Image<double, 3u>
  Reference Count: 2
  Modified Time: 1607
  Debug: Off
  Object Name: 
  Observers: 
    none
  Source: (none)
  Source output name: (none)
  Release Data: Off
  Data Released: False
  Global Release Data: Off
  PipelineMTime: 0
  UpdateMTime: 1604
  RealTimeStamp: 0 seconds 
  LargestPossibleRegion: 
    Dimension: 3
    Index: [0, 0, 0]
    Size: [160, 240, 256]
  BufferedRegion: 
    Dimension: 3
    Index: [0, 0, 0]
    Size: [160, 240, 256]
  RequestedRegion: 
    Dimension: 3
    Index: [0, 0, 0]
    Size: [160, 240, 256]
  Spacing: [1, 1, 1]
  Origin: [91.5, 102, -120]
  Direction: 
-0.996094 -5.36442e-05 -0.0708008
5.34058e-05 -1 3.7998e-06
-0.0708008 -1.49012e-08 0.996094

  IndexToPointMatrix: 
-0.996094 -5.36442e-05 -0.0708008
5.34058e-05 -1 3.7998e-06
-0.0708008 -1.49012e-08 0.996094

  PointToIndexMatrix: 
-1 5.34058e-05 -0.0708008
-5.34058e-05 -1 -1.89245e-06
-0.0708008 1.89245e-06 0.996094

  Inverse Direction: 
-1 5.34058e-05 -0.0708008
-5.34058e-05 -1 -1.89245e-06
-0.0708008 1.89245e-06 0.996094

  PixelContainer: 
    ImportImageContainer (0x4895690)
      RTTI typeinfo:   itk::ImportImageContainer<unsigned long, double>
      Reference Count: 1
      Modified Time: 1601
      Debug: Off
      Object Name: 
      Observers: 
        none
      Pointer: 0x14b110cd8010
      Container manages memory: true
      Size: 9830400
      Capacity: 9830400

     Weighting = 1
     Sampling strategy = none
     Number of bins = 32
     Radius = 4
     Sampling percentage  = 1
   Transform = SyN
     Gradient step = 0.1
     Update field sigma (voxel space) = 3
     Total field sigma (voxel space) = 0
     Update field time sigma = 0
     Total field time sigma  = 0
     Number of time indices = 0
     Number of time point samples = 0
Registration using 1 total stages.

Stage 0
  iterations = 100x70x50x20
  convergence threshold = 1e-06
  convergence window size = 10
  number of levels = 4
  using the CC metric (radius = 4, weight = 1, use gradient filter = 0)
  preprocessing:  winsorizing the image intensities
  Shrink factors (level 1 out of 4): [8, 8, 8]
  Shrink factors (level 2 out of 4): [4, 4, 4]
  Shrink factors (level 3 out of 4): [2, 2, 2]
  Shrink factors (level 4 out of 4): [1, 1, 1]
  smoothing sigmas per level: [3, 2, 1, 0]
  Using default NONE metricSamplingStrategy 

