
##########################
# Experiment information #
##########################

EXPERIMENT_NAME: antsRegistration-r7-p21
VFC_BACKENDS: libinterflop_vprec.so --range-binary32=7 --precision-binary32=21 --range-binary64=7 --precision-binary64=21

SIF_IMG: /home/mdugre/projects/rrg-glatard/mdugre/containers/ants-vprec-no_metrics.simg

SUBJECT_ID: s003
INPUT_IMG: /home/mdugre/scratch/mri-registration-rp/datasets/ds004513/derivatives/mri-registration-rp/antsBrainExtraction/sub-s003/BrainExtractionBrain.nii.gz
OUTPUT_DIR: /home/mdugre/scratch/mri-registration-rp/datasets/ds004513/derivatives/mri-registration-rp/0011/antsRegistration-r7-p21/sub-s003

FIXED_IMG: /templateflow/tpl-MNI152NLin2009cAsym/tpl-MNI152NLin2009cAsym_res-01_desc-brain_T1w.nii.gz
DATA_DIR: /home/mdugre/scratch/mri-registration-rp/datasets/ds004513
TEMPLATEFLOW_DIR: /home/mdugre/projects/rrg-glatard/mdugre/templateflow
ITK_GLOBAL_DEFAULT_NUMBER_OF_THREADS: 16
##########################

Info [verificarlo]: loaded backend libinterflop_ieee.so
Info [interflop-ieee]: load backend with:
Info [interflop-ieee]: debug = false
Info [interflop-ieee]: debug-binary = false
Info [interflop-ieee]: no-backend-name = false
Info [interflop-ieee]: print-new-line = false
Info [interflop-ieee]: print-subnormal-normalized = false
Info [interflop-ieee]: count-op = false
All_Command_lines_OK
Using double precision for computations.
=============================================================================
The composite transform comprises the following transforms (in order): 
  1. Center of mass alignment using fixed image: /templateflow/tpl-MNI152NLin2009cAsym/tpl-MNI152NLin2009cAsym_res-01_desc-brain_T1w.nii.gz and moving image: /home/mdugre/scratch/mri-registration-rp/datasets/ds004513/derivatives/mri-registration-rp/antsBrainExtraction/sub-s003/BrainExtractionBrain.nii.gz (type = Euler3DTransform)
=============================================================================
  number of levels = 1
  fixed image: /templateflow/tpl-MNI152NLin2009cAsym/tpl-MNI152NLin2009cAsym_res-01_desc-brain_T1w.nii.gz
  moving image: /home/mdugre/scratch/mri-registration-rp/datasets/ds004513/derivatives/mri-registration-rp/antsBrainExtraction/sub-s003/BrainExtractionBrain.nii.gz
Dimension = 3
Number of stages = 1
Use histogram matching = false
Winsorize image intensities = true
  Lower quantile = 0.005
  Upper quantile = 0.995


Stage 1 State
   Image metric = MattesMI
     Fixed image = Image (0x45e2e70)
  RTTI typeinfo:   itk::Image<double, 3u>
  Reference Count: 2
  Modified Time: 2334
  Debug: Off
  Object Name: 
  Observers: 
    none
  Source: (none)
  Source output name: (none)
  Release Data: Off
  Data Released: False
  Global Release Data: Off
  PipelineMTime: 0
  UpdateMTime: 1943
  RealTimeStamp: 0 seconds 
  LargestPossibleRegion: 
    Dimension: 3
    Index: [0, 0, 0]
    Size: [193, 229, 193]
  BufferedRegion: 
    Dimension: 3
    Index: [0, 0, 0]
    Size: [193, 229, 193]
  RequestedRegion: 
    Dimension: 3
    Index: [0, 0, 0]
    Size: [193, 229, 193]
  Spacing: [1, 1, 1]
  Origin: [96, 132, -78]
  Direction: 
-1 0 0
0 -1 0
0 0 1

  IndexToPointMatrix: 
-1 0 0
0 -1 0
0 0 1

  PointToIndexMatrix: 
-1 0 0
0 -1 0
0 0 1

  Inverse Direction: 
-1 0 0
0 -1 0
0 0 1

  PixelContainer: 
    ImportImageContainer (0x45ef140)
      RTTI typeinfo:   itk::ImportImageContainer<unsigned long, double>
      Reference Count: 1
      Modified Time: 1940
      Debug: Off
      Object Name: 
      Observers: 
        none
      Pointer: 0x14b282fea010
      Container manages memory: true
      Size: 8530021
      Capacity: 8530021

     Moving image = Image (0x45ec310)
  RTTI typeinfo:   itk::Image<double, 3u>
  Reference Count: 2
  Modified Time: 2335
  Debug: Off
  Object Name: 
  Observers: 
    none
  Source: (none)
  Source output name: (none)
  Release Data: Off
  Data Released: False
  Global Release Data: Off
  PipelineMTime: 0
  UpdateMTime: 2332
  RealTimeStamp: 0 seconds 
  LargestPossibleRegion: 
    Dimension: 3
    Index: [0, 0, 0]
    Size: [176, 240, 256]
  BufferedRegion: 
    Dimension: 3
    Index: [0, 0, 0]
    Size: [176, 240, 256]
  RequestedRegion: 
    Dimension: 3
    Index: [0, 0, 0]
    Size: [176, 240, 256]
  Spacing: [0.999999, 1, 1]
  Origin: [93.3499, 86.9368, -128.957]
  Direction: 
-0.999513 -0.0279216 -0.0139567
0.0279189 -0.99961 0.000389866
-0.0139622 2.01492e-08 0.999903

  IndexToPointMatrix: 
-0.999512 -0.0279216 -0.0139567
0.0279189 -0.99961 0.000389866
-0.0139621 2.01492e-08 0.999903

  PointToIndexMatrix: 
-0.999514 0.0279189 -0.0139622
-0.0279216 -0.99961 2.01716e-08
-0.0139567 0.000389866 0.999903

  Inverse Direction: 
-0.999513 0.0279189 -0.0139622
-0.0279216 -0.99961 2.01716e-08
-0.0139567 0.000389866 0.999903

  PixelContainer: 
    ImportImageContainer (0x4717610)
      RTTI typeinfo:   itk::ImportImageContainer<unsigned long, double>
      Reference Count: 1
      Modified Time: 2329
      Debug: Off
      Object Name: 
      Observers: 
        none
      Pointer: 0x14b27dd69010
      Container manages memory: true
      Size: 10813440
      Capacity: 10813440

     Weighting = 1
     Sampling strategy = regular
     Number of bins = 32
     Radius = 4
     Sampling percentage  = 0.25
   Transform = Rigid
     Gradient step = 0.1
     Update field sigma (voxel space) = 0
     Total field sigma (voxel space) = 0
     Update field time sigma = 0
     Total field time sigma  = 0
     Number of time indices = 0
     Number of time point samples = 0
Registration using 1 total stages.

Stage 0
  iterations = 0
  convergence threshold = 1e-06
  convergence window size = 10
  number of levels = 1
  using the Mattes MI metric (number of bins = 32, weight = 1, use gradient filter = 0)
  preprocessing:  winsorizing the image intensities
  Shrink factors (level 1 out of 1): [1, 1, 1]
  smoothing sigmas per level: [0]
  regular sampling (percentage = 0.25)

*** Running Euler3DTransform registration ***

  Elapsed time (stage 0): 1.3768


Total elapsed time: 1.3834
Info [verificarlo]: loaded backend libinterflop_ieee.so
Info [interflop-ieee]: load backend with:
Info [interflop-ieee]: debug = false
Info [interflop-ieee]: debug-binary = false
Info [interflop-ieee]: no-backend-name = false
Info [interflop-ieee]: print-new-line = false
Info [interflop-ieee]: print-subnormal-normalized = false
Info [interflop-ieee]: count-op = false
All_Command_lines_OK
Using double precision for computations.
=============================================================================
The composite transform comprises the following transforms (in order): 
  1. /home/mdugre/scratch/mri-registration-rp/datasets/ds004513/derivatives/mri-registration-rp/0011/antsRegistration-r7-p21/sub-s003/align_Composite.h5[0] (type = Euler3DTransform)
  2. /home/mdugre/scratch/mri-registration-rp/datasets/ds004513/derivatives/mri-registration-rp/0011/antsRegistration-r7-p21/sub-s003/align_Composite.h5[1] (type = Euler3DTransform)
=============================================================================
  number of levels = 4
  fixed image: /templateflow/tpl-MNI152NLin2009cAsym/tpl-MNI152NLin2009cAsym_res-01_desc-brain_T1w.nii.gz
  moving image: /home/mdugre/scratch/mri-registration-rp/datasets/ds004513/derivatives/mri-registration-rp/antsBrainExtraction/sub-s003/BrainExtractionBrain.nii.gz
Dimension = 3
Number of stages = 1
Use histogram matching = false
Winsorize image intensities = true
  Lower quantile = 0.005
  Upper quantile = 0.995


Stage 1 State
   Image metric = MattesMI
     Fixed image = Image (0x4c06530)
  RTTI typeinfo:   itk::Image<double, 3u>
  Reference Count: 2
  Modified Time: 1580
  Debug: Off
  Object Name: 
  Observers: 
    none
  Source: (none)
  Source output name: (none)
  Release Data: Off
  Data Released: False
  Global Release Data: Off
  PipelineMTime: 0
  UpdateMTime: 1189
  RealTimeStamp: 0 seconds 
  LargestPossibleRegion: 
    Dimension: 3
    Index: [0, 0, 0]
    Size: [193, 229, 193]
  BufferedRegion: 
    Dimension: 3
    Index: [0, 0, 0]
    Size: [193, 229, 193]
  RequestedRegion: 
    Dimension: 3
    Index: [0, 0, 0]
    Size: [193, 229, 193]
  Spacing: [1, 1, 1]
  Origin: [96, 132, -78]
  Direction: 
-1 0 0
0 -1 0
0 0 1

  IndexToPointMatrix: 
-1 0 0
0 -1 0
0 0 1

  PointToIndexMatrix: 
-1 0 0
0 -1 0
0 0 1

  Inverse Direction: 
-1 0 0
0 -1 0
0 0 1

  PixelContainer: 
    ImportImageContainer (0x4cc4d60)
      RTTI typeinfo:   itk::ImportImageContainer<unsigned long, double>
      Reference Count: 1
      Modified Time: 1186
      Debug: Off
      Object Name: 
      Observers: 
        none
      Pointer: 0x145daf700010
      Container manages memory: true
      Size: 8530021
      Capacity: 8530021

     Moving image = Image (0x4cb6f60)
  RTTI typeinfo:   itk::Image<double, 3u>
  Reference Count: 2
  Modified Time: 1581
  Debug: Off
  Object Name: 
  Observers: 
    none
  Source: (none)
  Source output name: (none)
  Release Data: Off
  Data Released: False
  Global Release Data: Off
  PipelineMTime: 0
  UpdateMTime: 1578
  RealTimeStamp: 0 seconds 
  LargestPossibleRegion: 
    Dimension: 3
    Index: [0, 0, 0]
    Size: [176, 240, 256]
  BufferedRegion: 
    Dimension: 3
    Index: [0, 0, 0]
    Size: [176, 240, 256]
  RequestedRegion: 
    Dimension: 3
    Index: [0, 0, 0]
    Size: [176, 240, 256]
  Spacing: [0.999999, 1, 1]
  Origin: [93.3499, 86.9368, -128.957]
  Direction: 
-0.999513 -0.0279216 -0.0139567
0.0279189 -0.99961 0.000389866
-0.0139622 2.01492e-08 0.999903

  IndexToPointMatrix: 
-0.999512 -0.0279216 -0.0139567
0.0279189 -0.99961 0.000389866
-0.0139621 2.01492e-08 0.999903

  PointToIndexMatrix: 
-0.999514 0.0279189 -0.0139622
-0.0279216 -0.99961 2.01716e-08
-0.0139567 0.000389866 0.999903

  Inverse Direction: 
-0.999513 0.0279189 -0.0139622
-0.0279216 -0.99961 2.01716e-08
-0.0139567 0.000389866 0.999903

  PixelContainer: 
    ImportImageContainer (0x4ca86d0)
      RTTI typeinfo:   itk::ImportImageContainer<unsigned long, double>
      Reference Count: 1
      Modified Time: 1575
      Debug: Off
      Object Name: 
      Observers: 
        none
      Pointer: 0x145daa47f010
      Container manages memory: true
      Size: 10813440
      Capacity: 10813440

     Weighting = 1
     Sampling strategy = regular
     Number of bins = 32
     Radius = 4
     Sampling percentage  = 0.25
   Transform = Rigid
     Gradient step = 0.1
     Update field sigma (voxel space) = 0
     Total field sigma (voxel space) = 0
     Update field time sigma = 0
     Total field time sigma  = 0
     Number of time indices = 0
     Number of time point samples = 0
Registration using 1 total stages.

Stage 0
  iterations = 1000x500x250x100
  convergence threshold = 1e-06
  convergence window size = 10
  number of levels = 4
  using the Mattes MI metric (number of bins = 32, weight = 1, use gradient filter = 0)
  preprocessing:  winsorizing the image intensities
  Shrink factors (level 1 out of 4): [8, 8, 8]
  Shrink factors (level 2 out of 4): [4, 4, 4]
  Shrink factors (level 3 out of 4): [2, 2, 2]
  Shrink factors (level 4 out of 4): [1, 1, 1]
  smoothing sigmas per level: [3, 2, 1, 0]
  regular sampling (percentage = 0.25)

*** Running Euler3DTransform registration ***

DIAGNOSTIC,Iteration,metricValue,convergenceValue,ITERATION_TIME_INDEX,SINCE_LAST
 2DIAGNOSTIC,     1, -4.871187133941e-01, 1.797693134862e+308, 8.7331e-01, 8.7331e-01, 
 2DIAGNOSTIC,     2, -4.887966556740e-01, 1.797693134862e+308, 8.7897e-01, 5.6610e-03, 
 2DIAGNOSTIC,     3, -4.919242839642e-01, 1.797693134862e+308, 8.8339e-01, 4.4219e-03, 
 2DIAGNOSTIC,     4, -5.019092629522e-01, 1.797693134862e+308, 8.8776e-01, 4.3709e-03, 
 2DIAGNOSTIC,     5, -5.198319788477e-01, 1.797693134862e+308, 8.9196e-01, 4.1950e-03, 
 2DIAGNOSTIC,     6, -5.251449584180e-01, 1.797693134862e+308, 8.9630e-01, 4.3440e-03, 
 2DIAGNOSTIC,     7, -5.365118080768e-01, 1.797693134862e+308, 9.0086e-01, 4.5552e-03, 
 2DIAGNOSTIC,     8, -5.564319077261e-01, 1.797693134862e+308, 9.0784e-01, 6.9790e-03, 
 2DIAGNOSTIC,     9, -5.572786469687e-01, 1.797693134862e+308, 9.1203e-01, 4.1912e-03, 
 2DIAGNOSTIC,    10, -5.597886110608e-01, 1.060089541986e-02, 9.1700e-01, 4.9729e-03, 
 2DIAGNOSTIC,    11, -5.645450860914e-01, 9.471656029002e-03, 9.2141e-01, 4.4069e-03, 
 2DIAGNOSTIC,    12, -5.675342641672e-01, 7.901754414629e-03, 9.2637e-01, 4.9601e-03, 
 2DIAGNOSTIC,    13, -5.685174641934e-01, 6.033280802479e-03, 9.3136e-01, 4.9961e-03, 
 2DIAGNOSTIC,    14, -5.693412095341e-01, 4.302087948767e-03, 9.3690e-01, 5.5392e-03, 
 2DIAGNOSTIC,    15, -5.718972801997e-01, 3.155204981949e-03, 9.4180e-01, 4.9009e-03, 
 2DIAGNOSTIC,    16, -5.734788767073e-01, 2.091398053248e-03, 9.4611e-01, 4.3070e-03, 
 2DIAGNOSTIC,    17, -5.737823402464e-01, 1.310029424172e-03, 9.5045e-01, 4.3359e-03, 
 2DIAGNOSTIC,    18, -5.749452616695e-01, 1.114936190117e-03, 9.5479e-01, 4.3399e-03, 
 2DIAGNOSTIC,    19, -5.774392255365e-01, 9.301256922338e-04, 9.6157e-01, 6.7811e-03, 
 2DIAGNOSTIC,    20, -5.782944999858e-01, 7.612328989408e-04, 9.6667e-01, 5.1060e-03, 
 2DIAGNOSTIC,    21, -5.788863756201e-01, 6.687985513826e-04, 9.7112e-01, 4.4460e-03, 
 2DIAGNOSTIC,    22, -5.857337703801e-01, 7.546209649316e-04, 9.7554e-01, 4.4179e-03, 
 2DIAGNOSTIC,    23, -6.028589202082e-01, 1.162232413645e-03, 9.8079e-01, 5.2531e-03, 
 2DIAGNOSTIC,    24, -6.086613821294e-01, 1.554691214778e-03, 9.8678e-01, 5.9872e-03, 
 2DIAGNOSTIC,    25, -6.127624290784e-01, 1.904928800266e-03, 9.9167e-01, 4.8981e-03, 
 2DIAGNOSTIC,    26, -6.171330101002e-01, 2.167612371934e-03, 9.9643e-01, 4.7531e-03, 
 2DIAGNOSTIC,    27, -6.180829723199e-01, 2.226134220770e-03, 1.0007e+00, 4.2570e-03, 
 2DIAGNOSTIC,    28, -6.204355227710e-01, 2.128618108844e-03, 1.0055e+00, 4.7750e-03, 
 2DIAGNOSTIC,    29, -6.216541928598e-01, 1.901236622025e-03, 1.0097e+00, 4.2901e-03, 
 2DIAGNOSTIC,    30, -6.252686865533e-01, 1.589741107288e-03, 1.0147e+00, 4.9782e-03, 
 2DIAGNOSTIC,    31, -6.305776528897e-01, 1.244379872414e-03, 1.0191e+00, 4.3910e-03, 
 2DIAGNOSTIC,    32, -6.437123997466e-01, 1.107466287720e-03, 1.0247e+00, 5.5358e-03, 
 2DIAGNOSTIC,    33, -6.470268629821e-01, 1.176395276682e-03, 1.0291e+00, 4.4620e-03, 
 2DIAGNOSTIC,    34, -6.489222455788e-01, 1.241914781343e-03, 1.0361e+00, 6.9730e-03, 
 2DIAGNOSTIC,    35, -6.509314776679e-01, 1.271901382470e-03, 1.0403e+00, 4.2260e-03, 
 2DIAGNOSTIC,    36, -6.520038072297e-01, 1.251976155509e-03, 1.0446e+00, 4.2520e-03, 
 2DIAGNOSTIC,    37, -6.528673096898e-01, 1.135504984311e-03, 1.0488e+00, 4.2419e-03, 
 2DIAGNOSTIC,    38, -6.532442926920e-01, 9.531180368259e-04, 1.0530e+00, 4.2222e-03, 
 2DIAGNOSTIC,    39, -6.541897526985e-01, 7.192750461152e-04, 1.0598e+00, 6.7630e-03, 
 2DIAGNOSTIC,    40, -6.543492487353e-01, 4.757999832891e-04, 1.0640e+00, 4.2460e-03, 
 2DIAGNOSTIC,    41, -6.543546470752e-01, 2.589940807203e-04, 1.0684e+00, 4.3740e-03, 
 2DIAGNOSTIC,    42, -6.545488610808e-01, 1.810959815261e-04, 1.0733e+00, 4.8890e-03, 
 2DIAGNOSTIC,    43, -6.547209667052e-01, 1.285778380761e-04, 1.0781e+00, 4.8249e-03, 
 2DIAGNOSTIC,    44, -6.549033851178e-01, 8.853969818576e-05, 1.0823e+00, 4.1649e-03, 
 2DIAGNOSTIC,    45, -6.550450559804e-01, 6.468092776843e-05, 1.0864e+00, 4.1411e-03, 
 2DIAGNOSTIC,    46, -6.553621257407e-01, 5.018809437230e-05, 1.0911e+00, 4.6580e-03, 
 2DIAGNOSTIC,    47, -6.558789408402e-01, 4.555270391291e-05, 1.0958e+00, 4.7350e-03, 
 2DIAGNOSTIC,    48, -6.561665479289e-01, 4.303522921364e-05, 1.1005e+00, 4.6880e-03, 
 2DIAGNOSTIC,    49, -6.562571389519e-01, 4.656851095752e-05, 1.1047e+00, 4.1909e-03, 
 2DIAGNOSTIC,    50, -6.561932041405e-01, 4.655755768959e-05, 1.1104e+00, 5.6660e-03, 
 2DIAGNOSTIC,    51, -6.562114141002e-01, 4.236814259768e-05, 1.1150e+00, 4.6749e-03, 
 2DIAGNOSTIC,    52, -6.561361601881e-01, 3.533684016136e-05, 1.1198e+00, 4.7052e-03, 
 2DIAGNOSTIC,    53, -6.559717547372e-01, 2.530308210889e-05, 1.1244e+00, 4.6968e-03, 
 2DIAGNOSTIC,    54, -6.558985326267e-01, 1.434415889935e-05, 1.1292e+00, 4.7019e-03, 
 2DIAGNOSTIC,    55, -6.558231597662e-01, 3.078612949261e-06, 1.1333e+00, 4.1599e-03, 
DIAGNOSTIC,Iteration,metricValue,convergenceValue,ITERATION_TIME_INDEX,SINCE_LAST
 2DIAGNOSTIC,     1, -5.253176625448e-01, 1.797693134862e+308, 1.9040e+00, 7.7066e-01, 
 2DIAGNOSTIC,     2, -5.259567758661e-01, 1.797693134862e+308, 1.9354e+00, 3.1431e-02, 
 2DIAGNOSTIC,     3, -5.267020389792e-01, 1.797693134862e+308, 1.9645e+00, 2.9101e-02, 
 2DIAGNOSTIC,     4, -5.275079338819e-01, 1.797693134862e+308, 1.9926e+00, 2.8137e-02, 
 2DIAGNOSTIC,     5, -5.280181834186e-01, 1.797693134862e+308, 2.0220e+00, 2.9371e-02, 
 2DIAGNOSTIC,     6, -5.283352317281e-01, 1.797693134862e+308, 2.0508e+00, 2.8743e-02, 
 2DIAGNOSTIC,     7, -5.296487014901e-01, 1.797693134862e+308, 2.0848e+00, 3.4082e-02, 
 2DIAGNOSTIC,     8, -5.317543165953e-01, 1.797693134862e+308, 2.1286e+00, 4.3758e-02, 
 2DIAGNOSTIC,     9, -5.328822838449e-01, 1.797693134862e+308, 2.1576e+00, 2.8962e-02, 
 2DIAGNOSTIC,    10, -5.332937055793e-01, 1.003954272097e-03, 2.1872e+00, 2.9613e-02, 
 2DIAGNOSTIC,    11, -5.338794371408e-01, 9.504957237983e-04, 2.2271e+00, 3.9944e-02, 
 2DIAGNOSTIC,    12, -5.340120747618e-01, 8.543439157444e-04, 2.2557e+00, 2.8560e-02, 
 2DIAGNOSTIC,    13, -5.342360813743e-01, 7.342741843788e-04, 2.2886e+00, 3.2966e-02, 
 2DIAGNOSTIC,    14, -5.343119809338e-01, 5.982888593763e-04, 2.3221e+00, 3.3418e-02, 
 2DIAGNOSTIC,    15, -5.343061472867e-01, 4.452694131857e-04, 2.3563e+00, 3.4262e-02, 
 2DIAGNOSTIC,    16, -5.342580179321e-01, 2.798443399102e-04, 2.3909e+00, 3.4559e-02, 
 2DIAGNOSTIC,    17, -5.342524366917e-01, 1.482504230520e-04, 2.4233e+00, 3.2449e-02, 
 2DIAGNOSTIC,    18, -5.342468923844e-01, 7.957611103886e-05, 2.4563e+00, 3.3004e-02, 
 2DIAGNOSTIC,    19, -5.342505321743e-01, 4.266259681257e-05, 2.4909e+00, 3.4516e-02, 
 2DIAGNOSTIC,    20, -5.342540143583e-01, 1.642788841570e-05, 2.5217e+00, 3.0823e-02, 
 2DIAGNOSTIC,    21, -5.343052307449e-01, 7.556812668723e-06, 2.5532e+00, 3.1528e-02, 
 2DIAGNOSTIC,    22, -5.343515113204e-01, 3.116683289874e-06, 2.5857e+00, 3.2539e-02, 
 2DIAGNOSTIC,    23, -5.345620090199e-01, 8.918891413003e-06, 2.6213e+00, 3.5571e-02, 
 2DIAGNOSTIC,    24, -5.351060295136e-01, 2.721041989064e-05, 2.6769e+00, 5.5635e-02, 
 2DIAGNOSTIC,    25, -5.353260456484e-01, 4.593379511520e-05, 2.7119e+00, 3.4949e-02, 
 2DIAGNOSTIC,    26, -5.353189143405e-01, 5.793242735312e-05, 2.7505e+00, 3.8568e-02, 
 2DIAGNOSTIC,    27, -5.353181471124e-01, 6.377405330513e-05, 2.7849e+00, 3.4407e-02, 
 2DIAGNOSTIC,    28, -5.353238823661e-01, 6.326923679743e-05, 2.8270e+00, 4.2145e-02, 
 2DIAGNOSTIC,    29, -5.353207125588e-01, 5.676115616784e-05, 2.8653e+00, 3.8252e-02, 
 2DIAGNOSTIC,    30, -5.353171403666e-01, 4.537115537264e-05, 2.9011e+00, 3.5803e-02, 
 2DIAGNOSTIC,    31, -5.353127774678e-01, 3.149648743132e-05, 2.9372e+00, 3.6158e-02, 
 2DIAGNOSTIC,    32, -5.353075209138e-01, 1.635957926820e-05, 2.9725e+00, 3.5237e-02, 
 2DIAGNOSTIC,    33, -5.353037789972e-01, 3.816585650476e-06, 3.0084e+00, 3.5907e-02, 
DIAGNOSTIC,Iteration,metricValue,convergenceValue,ITERATION_TIME_INDEX,SINCE_LAST
 2DIAGNOSTIC,     1, -4.741018983953e-01, 1.797693134862e+308, 4.2623e+00, 1.2540e+00, 
 2DIAGNOSTIC,     2, -4.742665548189e-01, 1.797693134862e+308, 4.5302e+00, 2.6790e-01, 
 2DIAGNOSTIC,     3, -4.744765587104e-01, 1.797693134862e+308, 4.7963e+00, 2.6605e-01, 
 2DIAGNOSTIC,     4, -4.747324904297e-01, 1.797693134862e+308, 5.0736e+00, 2.7730e-01, 
 2DIAGNOSTIC,     5, -4.750222033505e-01, 1.797693134862e+308, 5.3420e+00, 2.6842e-01, 
 2DIAGNOSTIC,     6, -4.751700742081e-01, 1.797693134862e+308, 5.5934e+00, 2.5137e-01, 
 2DIAGNOSTIC,     7, -4.756882550868e-01, 1.797693134862e+308, 5.8652e+00, 2.7185e-01, 
 2DIAGNOSTIC,     8, -4.780031701179e-01, 1.797693134862e+308, 6.2966e+00, 4.3132e-01, 
 2DIAGNOSTIC,     9, -4.781722753414e-01, 1.797693134862e+308, 6.5609e+00, 2.6432e-01, 
 2DIAGNOSTIC,    10, -4.784177416377e-01, 6.408141243378e-04, 6.8408e+00, 2.7992e-01, 
 2DIAGNOSTIC,    11, -4.784767599849e-01, 6.295218007944e-04, 7.1052e+00, 2.6441e-01, 
 2DIAGNOSTIC,    12, -4.785408125373e-01, 5.747195853338e-04, 7.3493e+00, 2.4407e-01, 
 2DIAGNOSTIC,    13, -4.787014219371e-01, 4.919031080495e-04, 7.6261e+00, 2.7678e-01, 
 2DIAGNOSTIC,    14, -4.788537284428e-01, 3.933370745364e-04, 8.0868e+00, 4.6074e-01, 
 2DIAGNOSTIC,    15, -4.788504093787e-01, 2.849897263330e-04, 8.3465e+00, 2.5964e-01, 
 2DIAGNOSTIC,    16, -4.788466422503e-01, 1.703550417266e-04, 8.6079e+00, 2.6143e-01, 
 2DIAGNOSTIC,    17, -4.788453038273e-01, 6.978480445964e-05, 8.8678e+00, 2.5991e-01, 
 2DIAGNOSTIC,    18, -4.788419341900e-01, 5.050639776780e-05, 9.1411e+00, 2.7327e-01, 
 2DIAGNOSTIC,    19, -4.788387733694e-01, 3.368685150554e-05, 9.4062e+00, 2.6511e-01, 
 2DIAGNOSTIC,    20, -4.788385648898e-01, 2.291972646783e-05, 9.7091e+00, 3.0295e-01, 
 2DIAGNOSTIC,    21, -4.788405494377e-01, 1.299764524925e-05, 1.0037e+01, 3.2793e-01, 
 2DIAGNOSTIC,    22, -4.788429519734e-01, 4.628818628151e-06, 1.0364e+01, 3.2719e-01, 
DIAGNOSTIC,Iteration,metricValue,convergenceValue,ITERATION_TIME_INDEX,SINCE_LAST
 2DIAGNOSTIC,     1, -4.450730834003e-01, 1.797693134862e+308, 1.2902e+01, 2.5381e+00, 
 2DIAGNOSTIC,     2, -4.450921189186e-01, 1.797693134862e+308, 1.4289e+01, 1.3865e+00, 
 2DIAGNOSTIC,     3, -4.451209370533e-01, 1.797693134862e+308, 1.5798e+01, 1.5092e+00, 
 2DIAGNOSTIC,     4, -4.451926805926e-01, 1.797693134862e+308, 1.7331e+01, 1.5333e+00, 
 2DIAGNOSTIC,     5, -4.452230960316e-01, 1.797693134862e+308, 1.8829e+01, 1.4973e+00, 
 2DIAGNOSTIC,     6, -4.452337885787e-01, 1.797693134862e+308, 2.0717e+01, 1.8885e+00, 
 2DIAGNOSTIC,     7, -4.452705501171e-01, 1.797693134862e+308, 2.3179e+01, 2.4618e+00, 
 2DIAGNOSTIC,     8, -4.452699503721e-01, 1.797693134862e+308, 2.5439e+01, 2.2602e+00, 
 2DIAGNOSTIC,     9, -4.452700714155e-01, 1.797693134862e+308, 2.7099e+01, 1.6602e+00, 
 2DIAGNOSTIC,    10, -4.452698342950e-01, 3.477848227179e-05, 2.8838e+01, 1.7391e+00, 
 2DIAGNOSTIC,    11, -4.452695857211e-01, 2.551532462537e-05, 3.0186e+01, 1.3475e+00, 
 2DIAGNOSTIC,    12, -4.452695230683e-01, 1.677085510862e-05, 3.1577e+01, 1.3915e+00, 
 2DIAGNOSTIC,    13, -4.452695663604e-01, 9.433185196764e-06, 3.3072e+01, 1.4945e+00, 
 2DIAGNOSTIC,    14, -4.452695948079e-01, 5.775155315163e-06, 3.4657e+01, 1.5852e+00, 
 2DIAGNOSTIC,    15, -4.452697102988e-01, 3.589966083239e-06, 3.6161e+01, 1.5035e+00, 
 2DIAGNOSTIC,    16, -4.452696401222e-01, 1.924881298437e-06, 3.7614e+01, 1.4531e+00, 
 2DIAGNOSTIC,    17, -4.452694938767e-01, 1.837210746439e-06, 3.9131e+01, 1.5177e+00, 
 2DIAGNOSTIC,    18, -4.452694271037e-01, 1.738593588096e-06, 4.0706e+01, 1.5744e+00, 
 2DIAGNOSTIC,    19, -4.452693613139e-01, 1.654904651149e-06, 4.2083e+01, 1.3777e+00, 
 2DIAGNOSTIC,    20, -4.452691358767e-01, 1.566755394478e-06, 4.3606e+01, 1.5224e+00, 
 2DIAGNOSTIC,    21, -4.452692487294e-01, 1.485361991703e-06, 4.5287e+01, 1.6817e+00, 
 2DIAGNOSTIC,    22, -4.452689273701e-01, 1.402893244448e-06, 4.6781e+01, 1.4936e+00, 
 2DIAGNOSTIC,    23, -4.452690638400e-01, 1.336847034496e-06, 4.8290e+01, 1.5094e+00, 
 2DIAGNOSTIC,    24, -4.452692983716e-01, 1.287364710209e-06, 4.9842e+01, 1.5512e+00, 
 2DIAGNOSTIC,    25, -4.452690929511e-01, 1.242934042647e-06, 5.1356e+01, 1.5139e+00, 
 2DIAGNOSTIC,    26, -4.452689680415e-01, 1.200239044999e-06, 5.3251e+01, 1.8952e+00, 
 2DIAGNOSTIC,    27, -4.452688969427e-01, 1.157924132966e-06, 5.4663e+01, 1.4120e+00, 
 2DIAGNOSTIC,    28, -4.452685656752e-01, 1.111385136143e-06, 5.5995e+01, 1.3321e+00, 
 2DIAGNOSTIC,    29, -4.452685994571e-01, 1.069808634784e-06, 5.7574e+01, 1.5787e+00, 
 2DIAGNOSTIC,    30, -4.452687205418e-01, 1.031180807409e-06, 5.9102e+01, 1.5287e+00, 
  Elapsed time (stage 0): 6.0035e+01


Total elapsed time: 6.0037e+01
Info [verificarlo]: loaded backend libinterflop_vprec.so
Info [interflop-vprec]: load backend with: 
Info [interflop-vprec]: precision-binary32 = 21
Info [interflop-vprec]: range-binary32 = 7
Info [interflop-vprec]: precision-binary64 = 21
Info [interflop-vprec]: range-binary64 = 7
Info [interflop-vprec]: mode = ob
Info [interflop-vprec]: error-mode = rel
Info [interflop-vprec]: max-abs-error-exponent = -1022
Info [interflop-vprec]: daz = false
Info [interflop-vprec]: ftz = false
Info [interflop-vprec]: 	instrument = none
Info [interflop-vprec]: 	prec-input-file = (null)
Info [interflop-vprec]: 	prec-output-file = (null)
Info [interflop-vprec]: 	prec-log-file = (null)
All_Command_lines_OK
Using double precision for computations.
=============================================================================
The composite transform comprises the following transforms (in order): 
  1. /home/mdugre/scratch/mri-registration-rp/datasets/ds004513/derivatives/mri-registration-rp/0011/antsRegistration-r7-p21/sub-s003/rigid_Composite.h5[0] (type = Euler3DTransform)
  2. /home/mdugre/scratch/mri-registration-rp/datasets/ds004513/derivatives/mri-registration-rp/0011/antsRegistration-r7-p21/sub-s003/rigid_Composite.h5[1] (type = Euler3DTransform)
  3. /home/mdugre/scratch/mri-registration-rp/datasets/ds004513/derivatives/mri-registration-rp/0011/antsRegistration-r7-p21/sub-s003/rigid_Composite.h5[2] (type = Euler3DTransform)
=============================================================================
  number of levels = 4
  fixed image: /templateflow/tpl-MNI152NLin2009cAsym/tpl-MNI152NLin2009cAsym_res-01_desc-brain_T1w.nii.gz
  moving image: /home/mdugre/scratch/mri-registration-rp/datasets/ds004513/derivatives/mri-registration-rp/antsBrainExtraction/sub-s003/BrainExtractionBrain.nii.gz
Dimension = 3
Number of stages = 1
Use histogram matching = false
Winsorize image intensities = true
  Lower quantile = 0.005
  Upper quantile = 0.995


Stage 1 State
   Image metric = MattesMI
     Fixed image = Image (0x466b490)
  RTTI typeinfo:   itk::Image<double, 3u>
  Reference Count: 2
  Modified Time: 1594
  Debug: Off
  Object Name: 
  Observers: 
    none
  Source: (none)
  Source output name: (none)
  Release Data: Off
  Data Released: False
  Global Release Data: Off
  PipelineMTime: 0
  UpdateMTime: 1203
  RealTimeStamp: 0 seconds 
  LargestPossibleRegion: 
    Dimension: 3
    Index: [0, 0, 0]
    Size: [193, 229, 193]
  BufferedRegion: 
    Dimension: 3
    Index: [0, 0, 0]
    Size: [193, 229, 193]
  RequestedRegion: 
    Dimension: 3
    Index: [0, 0, 0]
    Size: [193, 229, 193]
  Spacing: [1, 1, 1]
  Origin: [96, 132, -78]
  Direction: 
-1 0 0
0 -1 0
0 0 1

  IndexToPointMatrix: 
-1 0 0
0 -1 0
0 0 1

  PointToIndexMatrix: 
-1 0 0
0 -1 0
0 0 1

  Inverse Direction: 
-1 0 0
0 -1 0
0 0 1

  PixelContainer: 
    ImportImageContainer (0x47368c0)
      RTTI typeinfo:   itk::ImportImageContainer<unsigned long, double>
      Reference Count: 1
      Modified Time: 1200
      Debug: Off
      Object Name: 
      Observers: 
        none
      Pointer: 0x146341805010
      Container manages memory: true
      Size: 8530021
      Capacity: 8530021

     Moving image = Image (0x4726b60)
  RTTI typeinfo:   itk::Image<double, 3u>
  Reference Count: 2
  Modified Time: 1595
  Debug: Off
  Object Name: 
  Observers: 
    none
  Source: (none)
  Source output name: (none)
  Release Data: Off
  Data Released: False
  Global Release Data: Off
  PipelineMTime: 0
  UpdateMTime: 1592
  RealTimeStamp: 0 seconds 
  LargestPossibleRegion: 
    Dimension: 3
    Index: [0, 0, 0]
    Size: [176, 240, 256]
  BufferedRegion: 
    Dimension: 3
    Index: [0, 0, 0]
    Size: [176, 240, 256]
  RequestedRegion: 
    Dimension: 3
    Index: [0, 0, 0]
    Size: [176, 240, 256]
  Spacing: [0.999999, 1, 1]
  Origin: [93.3499, 86.9368, -128.957]
  Direction: 
-0.999513 -0.0279216 -0.0139567
0.0279189 -0.99961 0.000389866
-0.0139622 2.01492e-08 0.999902

  IndexToPointMatrix: 
-0.999512 -0.0279216 -0.0139567
0.0279189 -0.99961 0.000389866
-0.0139621 2.01492e-08 0.999902

  PointToIndexMatrix: 
-0.999514 0.0279189 -0.0139622
-0.0279216 -0.99961 5.59958e-08
-0.0139567 0.000389902 0.999902

  Inverse Direction: 
-0.999513 0.0279189 -0.0139622
-0.0279216 -0.99961 5.59958e-08
-0.0139567 0.000389902 0.999902

  PixelContainer: 
    ImportImageContainer (0x47ba1d0)
      RTTI typeinfo:   itk::ImportImageContainer<unsigned long, double>
      Reference Count: 1
      Modified Time: 1589
      Debug: Off
      Object Name: 
      Observers: 
        none
      Pointer: 0x14633c584010
      Container manages memory: true
      Size: 10813440
      Capacity: 10813440

     Weighting = 1
     Sampling strategy = regular
     Number of bins = 32
     Radius = 4
     Sampling percentage  = 0.25
   Transform = Affine
     Gradient step = 0.1
     Update field sigma (voxel space) = 0
     Total field sigma (voxel space) = 0
     Update field time sigma = 0
     Total field time sigma  = 0
     Number of time indices = 0
     Number of time point samples = 0
Registration using 1 total stages.

Stage 0
  iterations = 1000x500x250x100
  convergence threshold = 1e-06
  convergence window size = 10
  number of levels = 4
  using the Mattes MI metric (number of bins = 32, weight = 1, use gradient filter = 0)
  preprocessing:  winsorizing the image intensities
  Shrink factors (level 1 out of 4): [8, 8, 8]
  Shrink factors (level 2 out of 4): [4, 4, 4]
  Shrink factors (level 3 out of 4): [2, 2, 2]
  Shrink factors (level 4 out of 4): [1, 1, 1]
  smoothing sigmas per level: [3, 2, 1, 0]
  regular sampling (percentage = 0.25)

*** Running AffineTransform registration ***

DIAGNOSTIC,Iteration,metricValue,convergenceValue,ITERATION_TIME_INDEX,SINCE_LAST
 2DIAGNOSTIC,     1, -6.563633331950e-01, 1.797693134862e+308, 0.0000e+00, 0.0000e+00, 
 2DIAGNOSTIC,     2, -6.592120962407e-01, 1.797693134862e+308, 0.0000e+00, 0.0000e+00, 
 2DIAGNOSTIC,     3, -6.644441412496e-01, 1.797693134862e+308, 0.0000e+00, 0.0000e+00, 
 2DIAGNOSTIC,     4, -6.714198285676e-01, 1.797693134862e+308, 0.0000e+00, 0.0000e+00, 
 2DIAGNOSTIC,     5, -6.797369196233e-01, 1.797693134862e+308, 0.0000e+00, 0.0000e+00, 
 2DIAGNOSTIC,     6, -6.918385922017e-01, 1.797693134862e+308, 0.0000e+00, 0.0000e+00, 
 2DIAGNOSTIC,     7, -7.199002167922e-01, 1.797693134862e+308, 0.0000e+00, 0.0000e+00, 
 2DIAGNOSTIC,     8, -7.221181557550e-01, 1.797693134862e+308, 0.0000e+00, 0.0000e+00, 
 2DIAGNOSTIC,     9, -7.220433133788e-01, 1.797693134862e+308, 0.0000e+00, 0.0000e+00, 
 2DIAGNOSTIC,    10, -7.219904254875e-01, 7.639737436124e-03, 0.0000e+00, 0.0000e+00, 
 2DIAGNOSTIC,    11, -7.219621075128e-01, 6.445729744387e-03, 0.0000e+00, 0.0000e+00, 
 2DIAGNOSTIC,    12, -7.219632325915e-01, 4.963763840425e-03, 0.0000e+00, 0.0000e+00, 
 2DIAGNOSTIC,    13, -7.219395353877e-01, 3.432613384340e-03, 0.0000e+00, 0.0000e+00, 
 2DIAGNOSTIC,    14, -7.217611327440e-01, 2.023964117717e-03, 0.0000e+00, 0.0000e+00, 
 2DIAGNOSTIC,    15, -7.217367792459e-01, 8.494384205193e-04, 0.0000e+00, 0.0000e+00, 
 2DIAGNOSTIC,    16, -7.215861539289e-01, 3.064528226757e-05, 0.0000e+00, 0.0000e+00, 
DIAGNOSTIC,Iteration,metricValue,convergenceValue,ITERATION_TIME_INDEX,SINCE_LAST
 2DIAGNOSTIC,     1, -5.921957916329e-01, 1.797693134862e+308, 0.0000e+00, 0.0000e+00, 
 2DIAGNOSTIC,     2, -5.927675330418e-01, 1.797693134862e+308, 0.0000e+00, 0.0000e+00, 
 2DIAGNOSTIC,     3, -5.933876656872e-01, 1.797693134862e+308, 0.0000e+00, 0.0000e+00, 
 2DIAGNOSTIC,     4, -5.943082147850e-01, 1.797693134862e+308, 0.0000e+00, 0.0000e+00, 
 2DIAGNOSTIC,     5, -5.948247882301e-01, 1.797693134862e+308, 0.0000e+00, 0.0000e+00, 
 2DIAGNOSTIC,     6, -5.948860477990e-01, 1.797693134862e+308, 0.0000e+00, 0.0000e+00, 
 2DIAGNOSTIC,     7, -5.952621051936e-01, 1.797693134862e+308, 0.0000e+00, 0.0000e+00, 
 2DIAGNOSTIC,     8, -5.967843297535e-01, 1.797693134862e+308, 0.0000e+00, 0.0000e+00, 
 2DIAGNOSTIC,     9, -6.006911148255e-01, 1.797693134862e+308, 0.0000e+00, 0.0000e+00, 
 2DIAGNOSTIC,    10, -6.007056854976e-01, 8.751218740515e-04, 0.0000e+00, 0.0000e+00, 
 2DIAGNOSTIC,    11, -6.007417959835e-01, 8.623107705960e-04, 0.0000e+00, 0.0000e+00, 
 2DIAGNOSTIC,    12, -6.007510150553e-01, 7.997872142720e-04, 0.0000e+00, 0.0000e+00, 
 2DIAGNOSTIC,    13, -6.007398387833e-01, 6.951051315656e-04, 0.0000e+00, 0.0000e+00, 
 2DIAGNOSTIC,    14, -6.007502995049e-01, 5.715713220566e-04, 0.0000e+00, 0.0000e+00, 
 2DIAGNOSTIC,    15, -6.007584799984e-01, 4.296871279422e-04, 0.0000e+00, 0.0000e+00, 
 2DIAGNOSTIC,    16, -6.007875093082e-01, 2.712148370872e-04, 0.0000e+00, 0.0000e+00, 
 2DIAGNOSTIC,    17, -6.008268374671e-01, 1.184045042226e-04, 0.0000e+00, 0.0000e+00, 
 2DIAGNOSTIC,    18, -6.008702932893e-01, 1.029000880301e-05, 0.0000e+00, 0.0000e+00, 
 2DIAGNOSTIC,    19, -6.009266603209e-01, 1.194053951074e-05, 0.0000e+00, 0.0000e+00, 
 2DIAGNOSTIC,    20, -6.010445634710e-01, 1.557542736369e-05, 0.0000e+00, 0.0000e+00, 
 2DIAGNOSTIC,    21, -6.011943286408e-01, 2.169969365492e-05, 0.0000e+00, 0.0000e+00, 
 2DIAGNOSTIC,    22, -6.013968412536e-01, 2.990140774070e-05, 0.0000e+00, 0.0000e+00, 
 2DIAGNOSTIC,    23, -6.015686403343e-01, 3.798108590834e-05, 0.0000e+00, 0.0000e+00, 
 2DIAGNOSTIC,    24, -6.018362623653e-01, 4.743747694901e-05, 0.0000e+00, 0.0000e+00, 
 2DIAGNOSTIC,    25, -6.020007864022e-01, 5.499375085865e-05, 0.0000e+00, 0.0000e+00, 
 2DIAGNOSTIC,    26, -6.020140302263e-01, 5.764803751883e-05, 0.0000e+00, 0.0000e+00, 
 2DIAGNOSTIC,    27, -6.020086518135e-01, 5.543555528065e-05, 0.0000e+00, 0.0000e+00, 
 2DIAGNOSTIC,    28, -6.020422935605e-01, 4.958135326407e-05, 0.0000e+00, 0.0000e+00, 
 2DIAGNOSTIC,    29, -6.020677519132e-01, 4.081728974435e-05, 0.0000e+00, 0.0000e+00, 
 2DIAGNOSTIC,    30, -6.021194006377e-01, 3.151313556325e-05, 0.0000e+00, 0.0000e+00, 
 2DIAGNOSTIC,    31, -6.022872606932e-01, 2.477484452001e-05, 0.0000e+00, 0.0000e+00, 
 2DIAGNOSTIC,    32, -6.022475467913e-01, 1.857919775766e-05, 0.0000e+00, 0.0000e+00, 
 2DIAGNOSTIC,    33, -6.022493632495e-01, 1.355646966367e-05, 0.0000e+00, 0.0000e+00, 
 2DIAGNOSTIC,    34, -6.022405690040e-01, 1.119860309860e-05, 0.0000e+00, 0.0000e+00, 
 2DIAGNOSTIC,    35, -6.022320157193e-01, 1.008765541463e-05, 0.0000e+00, 0.0000e+00, 
 2DIAGNOSTIC,    36, -6.022238336458e-01, 8.210168918034e-06, 0.0000e+00, 0.0000e+00, 
 2DIAGNOSTIC,    37, -6.022247622787e-01, 5.683418206285e-06, 0.0000e+00, 0.0000e+00, 
 2DIAGNOSTIC,    38, -6.022078329721e-01, 3.070917316932e-06, 0.0000e+00, 0.0000e+00, 
DIAGNOSTIC,Iteration,metricValue,convergenceValue,ITERATION_TIME_INDEX,SINCE_LAST
 2DIAGNOSTIC,     1, -5.258132423973e-01, 1.797693134862e+308, 0.0000e+00, 0.0000e+00, 
 2DIAGNOSTIC,     2, -5.261646308207e-01, 1.797693134862e+308, 0.0000e+00, 0.0000e+00, 
 2DIAGNOSTIC,     3, -5.265051376572e-01, 1.797693134862e+308, 0.0000e+00, 0.0000e+00, 
 2DIAGNOSTIC,     4, -5.267792840771e-01, 1.797693134862e+308, 0.0000e+00, 0.0000e+00, 
 2DIAGNOSTIC,     5, -5.270520660508e-01, 1.797693134862e+308, 0.0000e+00, 0.0000e+00, 
 2DIAGNOSTIC,     6, -5.275118384318e-01, 1.797693134862e+308, 0.0000e+00, 0.0000e+00, 
 2DIAGNOSTIC,     7, -5.284447779795e-01, 1.797693134862e+308, 0.0000e+00, 0.0000e+00, 
 2DIAGNOSTIC,     8, -5.335039408779e-01, 1.797693134862e+308, 0.0000e+00, 0.0000e+00, 
 2DIAGNOSTIC,     9, -5.336594778796e-01, 1.797693134862e+308, 0.0000e+00, 0.0000e+00, 
 2DIAGNOSTIC,    10, -5.336533773300e-01, 1.086251686312e-03, 0.0000e+00, 0.0000e+00, 
 2DIAGNOSTIC,    11, -5.336590493634e-01, 1.063829470624e-03, 0.0000e+00, 0.0000e+00, 
 2DIAGNOSTIC,    12, -5.336558410893e-01, 9.640594569997e-04, 0.0000e+00, 0.0000e+00, 
 2DIAGNOSTIC,    13, -5.336577739604e-01, 8.035500518472e-04, 0.0000e+00, 0.0000e+00, 
 2DIAGNOSTIC,    14, -5.336568071715e-01, 6.035177317146e-04, 0.0000e+00, 0.0000e+00, 
 2DIAGNOSTIC,    15, -5.336533268590e-01, 3.879291352221e-04, 0.0000e+00, 0.0000e+00, 
 2DIAGNOSTIC,    16, -5.336525333135e-01, 1.806709938866e-04, 0.0000e+00, 0.0000e+00, 
 2DIAGNOSTIC,    17, -5.336513886136e-01, 6.311849456916e-06, 0.0000e+00, 0.0000e+00, 
 2DIAGNOSTIC,    18, -5.336503545246e-01, 1.279581929470e-06, 0.0000e+00, 0.0000e+00, 
 2DIAGNOSTIC,    19, -5.336503387658e-01, 1.211586682273e-06, 0.0000e+00, 0.0000e+00, 
 2DIAGNOSTIC,    20, -5.336494141318e-01, 1.002804959523e-06, 0.0000e+00, 0.0000e+00, 
DIAGNOSTIC,Iteration,metricValue,convergenceValue,ITERATION_TIME_INDEX,SINCE_LAST
 2DIAGNOSTIC,     1, -4.878946064912e-01, 1.797693134862e+308, 0.0000e+00, 0.0000e+00, 
 2DIAGNOSTIC,     2, -4.881450641454e-01, 1.797693134862e+308, 0.0000e+00, 0.0000e+00, 
 2DIAGNOSTIC,     3, -4.884775587937e-01, 1.797693134862e+308, 0.0000e+00, 0.0000e+00, 
 2DIAGNOSTIC,     4, -4.888423473419e-01, 1.797693134862e+308, 0.0000e+00, 0.0000e+00, 
 2DIAGNOSTIC,     5, -4.892296662216e-01, 1.797693134862e+308, 0.0000e+00, 0.0000e+00, 
 2DIAGNOSTIC,     6, -4.893307873219e-01, 1.797693134862e+308, 0.0000e+00, 0.0000e+00, 
 2DIAGNOSTIC,     7, -4.894034259683e-01, 1.797693134862e+308, 0.0000e+00, 0.0000e+00, 
 2DIAGNOSTIC,     8, -4.894128740114e-01, 1.797693134862e+308, 0.0000e+00, 0.0000e+00, 
 2DIAGNOSTIC,     9, -4.894077030770e-01, 1.797693134862e+308, 0.0000e+00, 0.0000e+00, 
 2DIAGNOSTIC,    10, -4.894071140503e-01, 2.095851414045e-04, 0.0000e+00, 0.0000e+00, 
 2DIAGNOSTIC,    11, -4.894060487345e-01, 1.385586818335e-04, 0.0000e+00, 0.0000e+00, 
 2DIAGNOSTIC,    12, -4.894060810203e-01, 7.932223474073e-05, 5.1200e+02, 5.1200e+02, 
 2DIAGNOSTIC,    13, -4.894050078333e-01, 3.689451406177e-05, 5.1200e+02, 0.0000e+00, 
 2DIAGNOSTIC,    14, -4.894050743944e-01, 1.218946054039e-05, 5.1200e+02, 0.0000e+00, 
 2DIAGNOSTIC,    15, -4.894049922556e-01, 4.804867863750e-06, 5.1200e+02, 0.0000e+00, 
 2DIAGNOSTIC,    16, -4.894049829819e-01, 1.695734442378e-06, 5.1200e+02, 0.0000e+00, 
 2DIAGNOSTIC,    17, -4.894047563293e-01, 1.443338947346e-06, 5.1200e+02, 0.0000e+00, 
 2DIAGNOSTIC,    18, -4.894044082736e-01, 1.557306231130e-06, 5.1200e+02, 0.0000e+00, 
 2DIAGNOSTIC,    19, -4.894044869521e-01, 1.523748706780e-06, 5.1200e+02, 0.0000e+00, 
 2DIAGNOSTIC,    20, -4.894043261615e-01, 1.486148299625e-06, 5.1200e+02, 0.0000e+00, 
 2DIAGNOSTIC,    21, -4.894042029636e-01, 1.428903674563e-06, 5.1200e+02, 0.0000e+00, 
 2DIAGNOSTIC,    22, -4.894041437485e-01, 1.385420671844e-06, 5.1200e+02, 0.0000e+00, 
 2DIAGNOSTIC,    23, -4.894041102613e-01, 1.323676565017e-06, 5.1200e+02, 0.0000e+00, 
 2DIAGNOSTIC,    24, -4.894040012045e-01, 1.271766871029e-06, 5.1200e+02, 0.0000e+00, 
 2DIAGNOSTIC,    25, -4.894041361093e-01, 1.230397265510e-06, 5.1200e+02, 0.0000e+00, 
 2DIAGNOSTIC,    26, -4.894041238407e-01, 1.195891503616e-06, 5.1200e+02, 0.0000e+00, 
 2DIAGNOSTIC,    27, -4.894043693443e-01, 1.167347175687e-06, 5.1200e+02, 0.0000e+00, 
 2DIAGNOSTIC,    28, -4.894043380250e-01, 1.133960449734e-06, 5.1200e+02, 0.0000e+00, 
 2DIAGNOSTIC,    29, -4.894044034394e-01, 1.106278034353e-06, 5.1200e+02, 0.0000e+00, 
 2DIAGNOSTIC,    30, -4.894043520967e-01, 1.075652721831e-06, 5.1200e+02, 0.0000e+00, 
 2DIAGNOSTIC,    31, -4.894042187390e-01, 1.040903594658e-06, 5.1200e+02, 0.0000e+00, 
 2DIAGNOSTIC,    32, -4.894041474253e-01, 1.004746934964e-06, 5.1200e+02, 0.0000e+00, 
  Elapsed time (stage 0): 5.1200e+02


Total elapsed time: 5.1200e+02
Info [verificarlo]: loaded backend libinterflop_vprec.so
Info [interflop-vprec]: load backend with: 
Info [interflop-vprec]: precision-binary32 = 21
Info [interflop-vprec]: range-binary32 = 7
Info [interflop-vprec]: precision-binary64 = 21
Info [interflop-vprec]: range-binary64 = 7
Info [interflop-vprec]: mode = ob
Info [interflop-vprec]: error-mode = rel
Info [interflop-vprec]: max-abs-error-exponent = -1022
Info [interflop-vprec]: daz = false
Info [interflop-vprec]: ftz = false
Info [interflop-vprec]: 	instrument = none
Info [interflop-vprec]: 	prec-input-file = (null)
Info [interflop-vprec]: 	prec-output-file = (null)
Info [interflop-vprec]: 	prec-log-file = (null)
All_Command_lines_OK
Using double precision for computations.
