
##########################
# Experiment information #
##########################

EXPERIMENT_NAME: antsRegistration-r7-p16
VFC_BACKENDS: libinterflop_vprec.so --range-binary32=7 --precision-binary32=16 --range-binary64=7 --precision-binary64=16

SIF_IMG: /home/mdugre/projects/rrg-glatard/mdugre/containers/ants-vprec-no_metrics.simg

SUBJECT_ID: s035
INPUT_IMG: /home/mdugre/scratch/mri-registration-rp/datasets/ds004513/derivatives/mri-registration-rp/antsBrainExtraction/sub-s035/BrainExtractionBrain.nii.gz
OUTPUT_DIR: /home/mdugre/scratch/mri-registration-rp/datasets/ds004513/derivatives/mri-registration-rp/0011/antsRegistration-r7-p16/sub-s035

FIXED_IMG: /templateflow/tpl-MNI152NLin2009cAsym/tpl-MNI152NLin2009cAsym_res-01_desc-brain_T1w.nii.gz
DATA_DIR: /home/mdugre/scratch/mri-registration-rp/datasets/ds004513
TEMPLATEFLOW_DIR: /home/mdugre/projects/rrg-glatard/mdugre/templateflow
ITK_GLOBAL_DEFAULT_NUMBER_OF_THREADS: 16
##########################

Info [verificarlo]: loaded backend libinterflop_ieee.so
Info [interflop-ieee]: load backend with:
Info [interflop-ieee]: debug = false
Info [interflop-ieee]: debug-binary = false
Info [interflop-ieee]: no-backend-name = false
Info [interflop-ieee]: print-new-line = false
Info [interflop-ieee]: print-subnormal-normalized = false
Info [interflop-ieee]: count-op = false
All_Command_lines_OK
Using double precision for computations.
=============================================================================
The composite transform comprises the following transforms (in order): 
  1. Center of mass alignment using fixed image: /templateflow/tpl-MNI152NLin2009cAsym/tpl-MNI152NLin2009cAsym_res-01_desc-brain_T1w.nii.gz and moving image: /home/mdugre/scratch/mri-registration-rp/datasets/ds004513/derivatives/mri-registration-rp/antsBrainExtraction/sub-s035/BrainExtractionBrain.nii.gz (type = Euler3DTransform)
=============================================================================
  number of levels = 1
  fixed image: /templateflow/tpl-MNI152NLin2009cAsym/tpl-MNI152NLin2009cAsym_res-01_desc-brain_T1w.nii.gz
  moving image: /home/mdugre/scratch/mri-registration-rp/datasets/ds004513/derivatives/mri-registration-rp/antsBrainExtraction/sub-s035/BrainExtractionBrain.nii.gz
Dimension = 3
Number of stages = 1
Use histogram matching = false
Winsorize image intensities = true
  Lower quantile = 0.005
  Upper quantile = 0.995


Stage 1 State
   Image metric = MattesMI
     Fixed image = Image (0x3d0fe70)
  RTTI typeinfo:   itk::Image<double, 3u>
  Reference Count: 2
  Modified Time: 2330
  Debug: Off
  Object Name: 
  Observers: 
    none
  Source: (none)
  Source output name: (none)
  Release Data: Off
  Data Released: False
  Global Release Data: Off
  PipelineMTime: 0
  UpdateMTime: 1941
  RealTimeStamp: 0 seconds 
  LargestPossibleRegion: 
    Dimension: 3
    Index: [0, 0, 0]
    Size: [193, 229, 193]
  BufferedRegion: 
    Dimension: 3
    Index: [0, 0, 0]
    Size: [193, 229, 193]
  RequestedRegion: 
    Dimension: 3
    Index: [0, 0, 0]
    Size: [193, 229, 193]
  Spacing: [1, 1, 1]
  Origin: [96, 132, -78]
  Direction: 
-1 0 0
0 -1 0
0 0 1

  IndexToPointMatrix: 
-1 0 0
0 -1 0
0 0 1

  PointToIndexMatrix: 
-1 0 0
0 -1 0
0 0 1

  Inverse Direction: 
-1 0 0
0 -1 0
0 0 1

  PixelContainer: 
    ImportImageContainer (0x3d18c60)
      RTTI typeinfo:   itk::ImportImageContainer<unsigned long, double>
      Reference Count: 1
      Modified Time: 1938
      Debug: Off
      Object Name: 
      Observers: 
        none
      Pointer: 0x151a937f2010
      Container manages memory: true
      Size: 8530021
      Capacity: 8530021

     Moving image = Image (0x3dacec0)
  RTTI typeinfo:   itk::Image<double, 3u>
  Reference Count: 2
  Modified Time: 2331
  Debug: Off
  Object Name: 
  Observers: 
    none
  Source: (none)
  Source output name: (none)
  Release Data: Off
  Data Released: False
  Global Release Data: Off
  PipelineMTime: 0
  UpdateMTime: 2328
  RealTimeStamp: 0 seconds 
  LargestPossibleRegion: 
    Dimension: 3
    Index: [0, 0, 0]
    Size: [160, 240, 256]
  BufferedRegion: 
    Dimension: 3
    Index: [0, 0, 0]
    Size: [160, 240, 256]
  RequestedRegion: 
    Dimension: 3
    Index: [0, 0, 0]
    Size: [160, 240, 256]
  Spacing: [1, 1, 1]
  Origin: [98.6438, 87.6358, -117.989]
  Direction: 
-0.993515 -0.100993 -0.0522355
0.100854 -0.994887 0.00530255
-0.0525039 1.93537e-08 0.998621

  IndexToPointMatrix: 
-0.993515 -0.100993 -0.0522355
0.100854 -0.994887 0.00530255
-0.0525039 1.93537e-08 0.998621

  PointToIndexMatrix: 
-0.993515 0.100854 -0.0525039
-0.100993 -0.994887 1.93006e-08
-0.0522355 0.00530255 0.998621

  Inverse Direction: 
-0.993515 0.100854 -0.0525039
-0.100993 -0.994887 1.93006e-08
-0.0522355 0.00530255 0.998621

  PixelContainer: 
    ImportImageContainer (0x3e44610)
      RTTI typeinfo:   itk::ImportImageContainer<unsigned long, double>
      Reference Count: 1
      Modified Time: 2325
      Debug: Off
      Object Name: 
      Observers: 
        none
      Pointer: 0x151a8ecf1010
      Container manages memory: true
      Size: 9830400
      Capacity: 9830400

     Weighting = 1
     Sampling strategy = regular
     Number of bins = 32
     Radius = 4
     Sampling percentage  = 0.25
   Transform = Rigid
     Gradient step = 0.1
     Update field sigma (voxel space) = 0
     Total field sigma (voxel space) = 0
     Update field time sigma = 0
     Total field time sigma  = 0
     Number of time indices = 0
     Number of time point samples = 0
Registration using 1 total stages.

Stage 0
  iterations = 0
  convergence threshold = 1e-06
  convergence window size = 10
  number of levels = 1
  using the Mattes MI metric (number of bins = 32, weight = 1, use gradient filter = 0)
  preprocessing:  winsorizing the image intensities
  Shrink factors (level 1 out of 1): [1, 1, 1]
  smoothing sigmas per level: [0]
  regular sampling (percentage = 0.25)

*** Running Euler3DTransform registration ***

  Elapsed time (stage 0): 1.0903


Total elapsed time: 1.09246
Info [verificarlo]: loaded backend libinterflop_ieee.so
Info [interflop-ieee]: load backend with:
Info [interflop-ieee]: debug = false
Info [interflop-ieee]: debug-binary = false
Info [interflop-ieee]: no-backend-name = false
Info [interflop-ieee]: print-new-line = false
Info [interflop-ieee]: print-subnormal-normalized = false
Info [interflop-ieee]: count-op = false
All_Command_lines_OK
Using double precision for computations.
=============================================================================
The composite transform comprises the following transforms (in order): 
  1. /home/mdugre/scratch/mri-registration-rp/datasets/ds004513/derivatives/mri-registration-rp/0011/antsRegistration-r7-p16/sub-s035/align_Composite.h5[0] (type = Euler3DTransform)
  2. /home/mdugre/scratch/mri-registration-rp/datasets/ds004513/derivatives/mri-registration-rp/0011/antsRegistration-r7-p16/sub-s035/align_Composite.h5[1] (type = Euler3DTransform)
=============================================================================
  number of levels = 4
  fixed image: /templateflow/tpl-MNI152NLin2009cAsym/tpl-MNI152NLin2009cAsym_res-01_desc-brain_T1w.nii.gz
  moving image: /home/mdugre/scratch/mri-registration-rp/datasets/ds004513/derivatives/mri-registration-rp/antsBrainExtraction/sub-s035/BrainExtractionBrain.nii.gz
Dimension = 3
Number of stages = 1
Use histogram matching = false
Winsorize image intensities = true
  Lower quantile = 0.005
  Upper quantile = 0.995


Stage 1 State
   Image metric = MattesMI
     Fixed image = Image (0x3e71530)
  RTTI typeinfo:   itk::Image<double, 3u>
  Reference Count: 2
  Modified Time: 1578
  Debug: Off
  Object Name: 
  Observers: 
    none
  Source: (none)
  Source output name: (none)
  Release Data: Off
  Data Released: False
  Global Release Data: Off
  PipelineMTime: 0
  UpdateMTime: 1189
  RealTimeStamp: 0 seconds 
  LargestPossibleRegion: 
    Dimension: 3
    Index: [0, 0, 0]
    Size: [193, 229, 193]
  BufferedRegion: 
    Dimension: 3
    Index: [0, 0, 0]
    Size: [193, 229, 193]
  RequestedRegion: 
    Dimension: 3
    Index: [0, 0, 0]
    Size: [193, 229, 193]
  Spacing: [1, 1, 1]
  Origin: [96, 132, -78]
  Direction: 
-1 0 0
0 -1 0
0 0 1

  IndexToPointMatrix: 
-1 0 0
0 -1 0
0 0 1

  PointToIndexMatrix: 
-1 0 0
0 -1 0
0 0 1

  Inverse Direction: 
-1 0 0
0 -1 0
0 0 1

  PixelContainer: 
    ImportImageContainer (0x3f2fd60)
      RTTI typeinfo:   itk::ImportImageContainer<unsigned long, double>
      Reference Count: 1
      Modified Time: 1186
      Debug: Off
      Object Name: 
      Observers: 
        none
      Pointer: 0x1461ca710010
      Container manages memory: true
      Size: 8530021
      Capacity: 8530021

     Moving image = Image (0x3f21f60)
  RTTI typeinfo:   itk::Image<double, 3u>
  Reference Count: 2
  Modified Time: 1579
  Debug: Off
  Object Name: 
  Observers: 
    none
  Source: (none)
  Source output name: (none)
  Release Data: Off
  Data Released: False
  Global Release Data: Off
  PipelineMTime: 0
  UpdateMTime: 1576
  RealTimeStamp: 0 seconds 
  LargestPossibleRegion: 
    Dimension: 3
    Index: [0, 0, 0]
    Size: [160, 240, 256]
  BufferedRegion: 
    Dimension: 3
    Index: [0, 0, 0]
    Size: [160, 240, 256]
  RequestedRegion: 
    Dimension: 3
    Index: [0, 0, 0]
    Size: [160, 240, 256]
  Spacing: [1, 1, 1]
  Origin: [98.6438, 87.6358, -117.989]
  Direction: 
-0.993515 -0.100993 -0.0522355
0.100854 -0.994887 0.00530255
-0.0525039 1.93537e-08 0.998621

  IndexToPointMatrix: 
-0.993515 -0.100993 -0.0522355
0.100854 -0.994887 0.00530255
-0.0525039 1.93537e-08 0.998621

  PointToIndexMatrix: 
-0.993515 0.100854 -0.0525039
-0.100993 -0.994887 1.93006e-08
-0.0522355 0.00530255 0.998621

  Inverse Direction: 
-0.993515 0.100854 -0.0525039
-0.100993 -0.994887 1.93006e-08
-0.0522355 0.00530255 0.998621

  PixelContainer: 
    ImportImageContainer (0x3f136d0)
      RTTI typeinfo:   itk::ImportImageContainer<unsigned long, double>
      Reference Count: 1
      Modified Time: 1573
      Debug: Off
      Object Name: 
      Observers: 
        none
      Pointer: 0x1461c5c0f010
      Container manages memory: true
      Size: 9830400
      Capacity: 9830400

     Weighting = 1
     Sampling strategy = regular
     Number of bins = 32
     Radius = 4
     Sampling percentage  = 0.25
   Transform = Rigid
     Gradient step = 0.1
     Update field sigma (voxel space) = 0
     Total field sigma (voxel space) = 0
     Update field time sigma = 0
     Total field time sigma  = 0
     Number of time indices = 0
     Number of time point samples = 0
Registration using 1 total stages.

Stage 0
  iterations = 1000x500x250x100
  convergence threshold = 1e-06
  convergence window size = 10
  number of levels = 4
  using the Mattes MI metric (number of bins = 32, weight = 1, use gradient filter = 0)
  preprocessing:  winsorizing the image intensities
  Shrink factors (level 1 out of 4): [8, 8, 8]
  Shrink factors (level 2 out of 4): [4, 4, 4]
  Shrink factors (level 3 out of 4): [2, 2, 2]
  Shrink factors (level 4 out of 4): [1, 1, 1]
  smoothing sigmas per level: [3, 2, 1, 0]
  regular sampling (percentage = 0.25)

*** Running Euler3DTransform registration ***

DIAGNOSTIC,Iteration,metricValue,convergenceValue,ITERATION_TIME_INDEX,SINCE_LAST
 2DIAGNOSTIC,     1, -5.238630234552e-01, 1.797693134862e+308, 6.7536e-01, 6.7536e-01, 
 2DIAGNOSTIC,     2, -5.257885820767e-01, 1.797693134862e+308, 6.7930e-01, 3.9399e-03, 
 2DIAGNOSTIC,     3, -5.278597554839e-01, 1.797693134862e+308, 6.8340e-01, 4.1010e-03, 
 2DIAGNOSTIC,     4, -5.302176117225e-01, 1.797693134862e+308, 6.8726e-01, 3.8590e-03, 
 2DIAGNOSTIC,     5, -5.343462816845e-01, 1.797693134862e+308, 6.9141e-01, 4.1490e-03, 
 2DIAGNOSTIC,     6, -5.399239396740e-01, 1.797693134862e+308, 6.9572e-01, 4.3051e-03, 
 2DIAGNOSTIC,     7, -5.490554822001e-01, 1.797693134862e+308, 6.9991e-01, 4.1919e-03, 
 2DIAGNOSTIC,     8, -5.545204224448e-01, 1.797693134862e+308, 7.0534e-01, 5.4290e-03, 
 2DIAGNOSTIC,     9, -5.601437715553e-01, 1.797693134862e+308, 7.0966e-01, 4.3230e-03, 
 2DIAGNOSTIC,    10, -5.617741193774e-01, 5.067640484485e-03, 7.1421e-01, 4.5528e-03, 
 2DIAGNOSTIC,    11, -5.649562249041e-01, 4.796539612083e-03, 7.1937e-01, 5.1570e-03, 
 2DIAGNOSTIC,    12, -5.658710903081e-01, 4.260783098155e-03, 7.2401e-01, 4.6430e-03, 
 2DIAGNOSTIC,    13, -5.662828333056e-01, 3.524744036645e-03, 7.2812e-01, 4.1070e-03, 
 2DIAGNOSTIC,    14, -5.685908474577e-01, 2.751340472953e-03, 7.3280e-01, 4.6811e-03, 
 2DIAGNOSTIC,    15, -5.732745043306e-01, 2.134644679428e-03, 7.3895e-01, 6.1500e-03, 
 2DIAGNOSTIC,    16, -5.738084427846e-01, 1.591333148336e-03, 7.4402e-01, 5.0728e-03, 
 2DIAGNOSTIC,    17, -5.739093703465e-01, 1.247363567740e-03, 7.4814e-01, 4.1139e-03, 
 2DIAGNOSTIC,    18, -5.745773598458e-01, 1.002163966316e-03, 7.5224e-01, 4.1041e-03, 
 2DIAGNOSTIC,    19, -5.752045522723e-01, 8.579763081921e-04, 7.5635e-01, 4.1120e-03, 
 2DIAGNOSTIC,    20, -5.755578777726e-01, 6.955845773871e-04, 7.6045e-01, 4.0941e-03, 
 2DIAGNOSTIC,    21, -5.761681227725e-01, 5.767135182701e-04, 7.6469e-01, 4.2379e-03, 
 2DIAGNOSTIC,    22, -5.775610178281e-01, 4.707067062536e-04, 7.6881e-01, 4.1258e-03, 
 2DIAGNOSTIC,    23, -5.801876522132e-01, 3.965856196799e-04, 7.7308e-01, 4.2710e-03, 
 2DIAGNOSTIC,    24, -5.873578871756e-01, 4.881452203804e-04, 7.7885e-01, 5.7690e-03, 
 2DIAGNOSTIC,    25, -5.924052233469e-01, 7.199711434829e-04, 7.8454e-01, 5.6901e-03, 
 2DIAGNOSTIC,    26, -5.933789722515e-01, 8.944842699824e-04, 7.8968e-01, 5.1351e-03, 
 2DIAGNOSTIC,    27, -5.948140362546e-01, 1.002036484401e-03, 7.9412e-01, 4.4470e-03, 
 2DIAGNOSTIC,    28, -5.954370004528e-01, 1.029952320837e-03, 7.9783e-01, 3.7029e-03, 
 2DIAGNOSTIC,    29, -5.955619965608e-01, 9.699000562707e-04, 8.0191e-01, 4.0848e-03, 
 2DIAGNOSTIC,    30, -5.960977142425e-01, 8.366692959753e-04, 8.0565e-01, 3.7391e-03, 
 2DIAGNOSTIC,    31, -5.971105016148e-01, 6.606986235403e-04, 8.1001e-01, 4.3612e-03, 
 2DIAGNOSTIC,    32, -5.989728413267e-01, 4.853112632046e-04, 8.1623e-01, 6.2211e-03, 
 2DIAGNOSTIC,    33, -5.996340171175e-01, 3.222359247242e-04, 8.2051e-01, 4.2760e-03, 
 2DIAGNOSTIC,    34, -5.997688324832e-01, 2.443793014406e-04, 8.2467e-01, 4.1590e-03, 
 2DIAGNOSTIC,    35, -5.999328162794e-01, 2.224308788699e-04, 8.2980e-01, 5.1320e-03, 
 2DIAGNOSTIC,    36, -6.001598298567e-01, 1.965988107901e-04, 8.3397e-01, 4.1699e-03, 
 2DIAGNOSTIC,    37, -6.004938012999e-01, 1.767006118985e-04, 8.3847e-01, 4.4980e-03, 
 2DIAGNOSTIC,    38, -6.008280010185e-01, 1.536048162515e-04, 8.4228e-01, 3.8161e-03, 
 2DIAGNOSTIC,    39, -6.038559363687e-01, 1.574331425359e-04, 8.4701e-01, 4.7290e-03, 
 2DIAGNOSTIC,    40, -6.077047303458e-01, 1.993081248142e-04, 8.5094e-01, 3.9260e-03, 
 2DIAGNOSTIC,    41, -6.174632722577e-01, 3.481387372307e-04, 8.5587e-01, 4.9250e-03, 
 2DIAGNOSTIC,    42, -6.161977849743e-01, 4.608907053442e-04, 8.6345e-01, 7.5889e-03, 
 2DIAGNOSTIC,    43, -6.161564512516e-01, 5.335370670620e-04, 8.6728e-01, 3.8230e-03, 
 2DIAGNOSTIC,    44, -6.170772210423e-01, 5.644820207827e-04, 8.7108e-01, 3.8011e-03, 
 2DIAGNOSTIC,    45, -6.185357265786e-01, 5.560474976684e-04, 8.7521e-01, 4.1311e-03, 
 2DIAGNOSTIC,    46, -6.206472597520e-01, 5.180558014320e-04, 8.7891e-01, 3.7041e-03, 
 2DIAGNOSTIC,    47, -6.234100422063e-01, 4.649604277664e-04, 8.8270e-01, 3.7899e-03, 
 2DIAGNOSTIC,    48, -6.282459765595e-01, 4.232183973105e-04, 8.8647e-01, 3.7718e-03, 
 2DIAGNOSTIC,    49, -6.332856936025e-01, 4.219354180483e-04, 8.9063e-01, 4.1518e-03, 
 2DIAGNOSTIC,    50, -6.437673324686e-01, 5.158701322668e-04, 8.9491e-01, 4.2839e-03, 
 2DIAGNOSTIC,    51, -6.567709931975e-01, 7.709772304239e-04, 8.9905e-01, 4.1409e-03, 
 2DIAGNOSTIC,    52, -6.630139275751e-01, 9.856115720452e-04, 9.0373e-01, 4.6749e-03, 
 2DIAGNOSTIC,    53, -6.637658020586e-01, 1.103854869222e-03, 9.0779e-01, 4.0619e-03, 
 2DIAGNOSTIC,    54, -6.646848077584e-01, 1.129224579621e-03, 9.1193e-01, 4.1409e-03, 
 2DIAGNOSTIC,    55, -6.699954815646e-01, 1.103370261304e-03, 9.1920e-01, 7.2691e-03, 
 2DIAGNOSTIC,    56, -6.720089968149e-01, 1.005089854241e-03, 9.2524e-01, 6.0380e-03, 
 2DIAGNOSTIC,    57, -6.720481697448e-01, 8.375238513411e-04, 9.2929e-01, 4.0500e-03, 
 2DIAGNOSTIC,    58, -6.725919550961e-01, 6.425664588186e-04, 9.3361e-01, 4.3280e-03, 
 2DIAGNOSTIC,    59, -6.729036376037e-01, 4.360794316970e-04, 9.3779e-01, 4.1709e-03, 
 2DIAGNOSTIC,    60, -6.731488727848e-01, 2.773042405894e-04, 9.4194e-01, 4.1521e-03, 
 2DIAGNOSTIC,    61, -6.734259067387e-01, 1.993309689474e-04, 9.4632e-01, 4.3800e-03, 
 2DIAGNOSTIC,    62, -6.739132106424e-01, 1.568960414493e-04, 9.5058e-01, 4.2629e-03, 
 2DIAGNOSTIC,    63, -6.762843208453e-01, 1.247263479764e-04, 9.5609e-01, 5.5101e-03, 
 2DIAGNOSTIC,    64, -6.766381583696e-01, 8.969363262586e-05, 9.6025e-01, 4.1630e-03, 
 2DIAGNOSTIC,    65, -6.771215202665e-01, 8.898284312413e-05, 9.6434e-01, 4.0879e-03, 
 2DIAGNOSTIC,    66, -6.778537200853e-01, 9.953416567085e-05, 9.6899e-01, 4.6489e-03, 
 2DIAGNOSTIC,    67, -6.792268180960e-01, 1.098307372606e-04, 9.7477e-01, 5.7790e-03, 
 2DIAGNOSTIC,    68, -6.807680928870e-01, 1.231390234487e-04, 9.7886e-01, 4.0860e-03, 
 2DIAGNOSTIC,    69, -6.815199651976e-01, 1.312164989711e-04, 9.8295e-01, 4.0948e-03, 
 2DIAGNOSTIC,    70, -6.818104812430e-01, 1.303111544739e-04, 9.8855e-01, 5.5978e-03, 
 2DIAGNOSTIC,    71, -6.820510302680e-01, 1.205025148027e-04, 9.9267e-01, 4.1242e-03, 
 2DIAGNOSTIC,    72, -6.822317018175e-01, 1.032403512529e-04, 9.9674e-01, 4.0710e-03, 
 2DIAGNOSTIC,    73, -6.825798782405e-01, 9.372210100857e-05, 1.0023e+00, 5.5881e-03, 
 2DIAGNOSTIC,    74, -6.826263945826e-01, 7.797276459753e-05, 1.0064e+00, 4.0820e-03, 
 2DIAGNOSTIC,    75, -6.826914558238e-01, 5.871098964280e-05, 1.0105e+00, 4.0460e-03, 
 2DIAGNOSTIC,    76, -6.828123299953e-01, 3.951656384341e-05, 1.0145e+00, 4.0560e-03, 
 2DIAGNOSTIC,    77, -6.832344944719e-01, 2.762805516048e-05, 1.0186e+00, 4.0781e-03, 
 2DIAGNOSTIC,    78, -6.838171753912e-01, 2.580780742165e-05, 1.0246e+00, 6.0439e-03, 
 2DIAGNOSTIC,    79, -6.837376330539e-01, 2.542013963308e-05, 1.0287e+00, 4.0898e-03, 
 2DIAGNOSTIC,    80, -6.837940945554e-01, 2.471284822083e-05, 1.0328e+00, 4.0472e-03, 
 2DIAGNOSTIC,    81, -6.839726459977e-01, 2.407025261639e-05, 1.0368e+00, 4.0569e-03, 
 2DIAGNOSTIC,    82, -6.841107720099e-01, 2.281040393693e-05, 1.0409e+00, 4.1089e-03, 
 2DIAGNOSTIC,    83, -6.851046231272e-01, 2.675743925360e-05, 1.0466e+00, 5.6701e-03, 
 2DIAGNOSTIC,    84, -6.858177546095e-01, 3.208772067785e-05, 1.0520e+00, 5.4021e-03, 
 2DIAGNOSTIC,    85, -6.861555910059e-01, 3.640327420541e-05, 1.0590e+00, 6.9852e-03, 
 2DIAGNOSTIC,    86, -6.861558837942e-01, 3.780130691007e-05, 1.0634e+00, 4.4181e-03, 
 2DIAGNOSTIC,    87, -6.861669015809e-01, 3.777729677605e-05, 1.0677e+00, 4.2899e-03, 
 2DIAGNOSTIC,    88, -6.861799540753e-01, 3.717466000395e-05, 1.0718e+00, 4.1001e-03, 
 2DIAGNOSTIC,    89, -6.861876394832e-01, 3.259324175074e-05, 1.0763e+00, 4.5371e-03, 
 2DIAGNOSTIC,    90, -6.861914526888e-01, 2.533822888613e-05, 1.0804e+00, 4.0979e-03, 
 2DIAGNOSTIC,    91, -6.861984383460e-01, 1.686241510467e-05, 1.0845e+00, 4.0421e-03, 
 2DIAGNOSTIC,    92, -6.862113333386e-01, 7.665968435310e-06, 1.0886e+00, 4.1270e-03, 
 2DIAGNOSTIC,    93, -6.862267187000e-01, 2.805712749432e-06, 1.0927e+00, 4.0469e-03, 
 2DIAGNOSTIC,    94, -6.862421202207e-01, 1.276682473048e-06, 1.0972e+00, 4.5731e-03, 
 2DIAGNOSTIC,    95, -6.863402448634e-01, 1.766785585399e-06, 1.1030e+00, 5.7781e-03, 
 2DIAGNOSTIC,    96, -6.863402014795e-01, 2.099236072646e-06, 1.1071e+00, 4.0650e-03, 
 2DIAGNOSTIC,    97, -6.863403345057e-01, 2.312110245529e-06, 1.1111e+00, 4.0081e-03, 
 2DIAGNOSTIC,    98, -6.863407825961e-01, 2.398483938596e-06, 1.1151e+00, 3.9821e-03, 
 2DIAGNOSTIC,    99, -6.863418511970e-01, 2.322482110807e-06, 1.1191e+00, 4.0810e-03, 
 2DIAGNOSTIC,   100, -6.863433259565e-01, 2.074064378401e-06, 1.1319e+00, 1.2753e-02, 
 2DIAGNOSTIC,   101, -6.863433258198e-01, 1.693285529340e-06, 1.1445e+00, 1.2602e-02, 
 2DIAGNOSTIC,   102, -6.863433258198e-01, 1.252520947315e-06, 1.1509e+00, 6.3632e-03, 
DIAGNOSTIC,Iteration,metricValue,convergenceValue,ITERATION_TIME_INDEX,SINCE_LAST
 2DIAGNOSTIC,     1, -5.583135301371e-01, 1.797693134862e+308, 1.8533e+00, 7.0249e-01, 
 2DIAGNOSTIC,     2, -5.587690188064e-01, 1.797693134862e+308, 1.8808e+00, 2.7431e-02, 
 2DIAGNOSTIC,     3, -5.591103338142e-01, 1.797693134862e+308, 1.9072e+00, 2.6467e-02, 
 2DIAGNOSTIC,     4, -5.599294650454e-01, 1.797693134862e+308, 1.9350e+00, 2.7761e-02, 
 2DIAGNOSTIC,     5, -5.608880440282e-01, 1.797693134862e+308, 1.9645e+00, 2.9452e-02, 
 2DIAGNOSTIC,     6, -5.613234162377e-01, 1.797693134862e+308, 1.9914e+00, 2.6933e-02, 
 2DIAGNOSTIC,     7, -5.624616188649e-01, 1.797693134862e+308, 2.0227e+00, 3.1263e-02, 
 2DIAGNOSTIC,     8, -5.631243786796e-01, 1.797693134862e+308, 2.0585e+00, 3.5802e-02, 
 2DIAGNOSTIC,     9, -5.632665727964e-01, 1.797693134862e+308, 2.0899e+00, 3.1491e-02, 
 2DIAGNOSTIC,    10, -5.639223201142e-01, 6.925597350598e-04, 2.1195e+00, 2.9587e-02, 
 2DIAGNOSTIC,    11, -5.654844953242e-01, 6.698344073785e-04, 2.1514e+00, 3.1853e-02, 
 2DIAGNOSTIC,    12, -5.660113843951e-01, 6.307455202866e-04, 2.1795e+00, 2.8134e-02, 
 2DIAGNOSTIC,    13, -5.661378015773e-01, 5.589634867894e-04, 2.2720e+00, 9.2459e-02, 
 2DIAGNOSTIC,    14, -5.661378003060e-01, 4.771636388007e-04, 2.3013e+00, 2.9309e-02, 
 2DIAGNOSTIC,    15, -5.661378413946e-01, 3.954359855629e-04, 2.3289e+00, 2.7618e-02, 
 2DIAGNOSTIC,    16, -5.661379108464e-01, 3.000576822522e-04, 2.3560e+00, 2.7138e-02, 
 2DIAGNOSTIC,    17, -5.661380281639e-01, 2.216756803234e-04, 2.3868e+00, 3.0721e-02, 
 2DIAGNOSTIC,    18, -5.661382262105e-01, 1.510368593546e-04, 2.4152e+00, 2.8425e-02, 
 2DIAGNOSTIC,    19, -5.661385605275e-01, 7.804134518157e-05, 2.4492e+00, 3.3991e-02, 
 2DIAGNOSTIC,    20, -5.661391250083e-01, 2.091540044755e-05, 2.4824e+00, 3.3205e-02, 
 2DIAGNOSTIC,    21, -5.661400765390e-01, 4.656361965151e-06, 2.5141e+00, 3.1759e-02, 
 2DIAGNOSTIC,    22, -5.661407779256e-01, 1.593963757388e-06, 2.5428e+00, 2.8687e-02, 
 2DIAGNOSTIC,    23, -5.661329319756e-01, 1.383779932133e-06, 2.5751e+00, 3.2237e-02, 
 2DIAGNOSTIC,    24, -5.661349439439e-01, 1.238901228738e-06, 2.6043e+00, 2.9212e-02, 
 2DIAGNOSTIC,    25, -5.661382203499e-01, 1.178032222569e-06, 2.6304e+00, 2.6087e-02, 
 2DIAGNOSTIC,    26, -5.661434281608e-01, 1.229273539807e-06, 2.6576e+00, 2.7251e-02, 
 2DIAGNOSTIC,    27, -5.661517409931e-01, 1.432795991789e-06, 2.6898e+00, 3.2140e-02, 
 2DIAGNOSTIC,    28, -5.661586528955e-01, 1.726210066610e-06, 2.7197e+00, 2.9953e-02, 
 2DIAGNOSTIC,    29, -5.661501469776e-01, 1.801660223996e-06, 2.7493e+00, 2.9633e-02, 
 2DIAGNOSTIC,    30, -5.661400929966e-01, 1.650398705803e-06, 2.7778e+00, 2.8422e-02, 
 2DIAGNOSTIC,    31, -5.661387278527e-01, 1.448031378290e-06, 2.8066e+00, 2.8843e-02, 
 2DIAGNOSTIC,    32, -5.661423990997e-01, 1.285812889829e-06, 2.8416e+00, 3.4943e-02, 
 2DIAGNOSTIC,    33, -5.661473181142e-01, 1.056297530444e-06, 2.8733e+00, 3.1775e-02, 
DIAGNOSTIC,Iteration,metricValue,convergenceValue,ITERATION_TIME_INDEX,SINCE_LAST
 2DIAGNOSTIC,     1, -5.040402063564e-01, 1.797693134862e+308, 3.9394e+00, 1.0661e+00, 
 2DIAGNOSTIC,     2, -5.041458877325e-01, 1.797693134862e+308, 4.1295e+00, 1.9006e-01, 
 2DIAGNOSTIC,     3, -5.041941695873e-01, 1.797693134862e+308, 4.3627e+00, 2.3321e-01, 
 2DIAGNOSTIC,     4, -5.042629555376e-01, 1.797693134862e+308, 4.6103e+00, 2.4763e-01, 
 2DIAGNOSTIC,     5, -5.043420888617e-01, 1.797693134862e+308, 4.8291e+00, 2.1873e-01, 
 2DIAGNOSTIC,     6, -5.045587431252e-01, 1.797693134862e+308, 5.2170e+00, 3.8795e-01, 
 2DIAGNOSTIC,     7, -5.045686299520e-01, 1.797693134862e+308, 5.4708e+00, 2.5375e-01, 
 2DIAGNOSTIC,     8, -5.045662290435e-01, 1.797693134862e+308, 5.7218e+00, 2.5103e-01, 
 2DIAGNOSTIC,     9, -5.045618133506e-01, 1.797693134862e+308, 5.9922e+00, 2.7040e-01, 
 2DIAGNOSTIC,    10, -5.045628503870e-01, 7.788421682006e-05, 6.2463e+00, 2.5413e-01, 
 2DIAGNOSTIC,    11, -5.045644189647e-01, 5.702119656713e-05, 6.4901e+00, 2.4379e-01, 
 2DIAGNOSTIC,    12, -5.045653630252e-01, 3.977364206607e-05, 6.7402e+00, 2.5009e-01, 
 2DIAGNOSTIC,    13, -5.045686706828e-01, 2.417479970100e-05, 6.9985e+00, 2.5832e-01, 
 2DIAGNOSTIC,    14, -5.045687031369e-01, 1.162229840146e-05, 7.2344e+00, 2.3586e-01, 
 2DIAGNOSTIC,    15, -5.045678149162e-01, 2.600698624303e-06, 7.4838e+00, 2.4943e-01, 
 2DIAGNOSTIC,    16, -5.045686913252e-01, 2.311044767209e-06, 7.8279e+00, 3.4410e-01, 
 2DIAGNOSTIC,    17, -5.045687723689e-01, 2.354909828549e-06, 8.0660e+00, 2.3809e-01, 
 2DIAGNOSTIC,    18, -5.045679096662e-01, 2.250202279612e-06, 8.2586e+00, 1.9256e-01, 
 2DIAGNOSTIC,    19, -5.045670958869e-01, 1.957767777228e-06, 8.4475e+00, 1.8890e-01, 
 2DIAGNOSTIC,    20, -5.045663638413e-01, 1.678154048106e-06, 8.6611e+00, 2.1360e-01, 
 2DIAGNOSTIC,    21, -5.045656053973e-01, 1.438735292875e-06, 8.8895e+00, 2.2843e-01, 
 2DIAGNOSTIC,    22, -5.045647860717e-01, 1.228567076038e-06, 9.0796e+00, 1.9007e-01, 
 2DIAGNOSTIC,    23, -5.045640452213e-01, 1.120453845163e-06, 9.2729e+00, 1.9329e-01, 
 2DIAGNOSTIC,    24, -5.045634320019e-01, 1.033670025428e-06, 9.5014e+00, 2.2852e-01, 
 2DIAGNOSTIC,    25, -5.045656742216e-01, 1.011196186819e-06, 9.7451e+00, 2.4376e-01, 
DIAGNOSTIC,Iteration,metricValue,convergenceValue,ITERATION_TIME_INDEX,SINCE_LAST
 2DIAGNOSTIC,     1, -4.672800114917e-01, 1.797693134862e+308, 1.2138e+01, 2.3930e+00, 
 2DIAGNOSTIC,     2, -4.673626997561e-01, 1.797693134862e+308, 1.4108e+01, 1.9700e+00, 
 2DIAGNOSTIC,     3, -4.673642140064e-01, 1.797693134862e+308, 1.5484e+01, 1.3757e+00, 
 2DIAGNOSTIC,     4, -4.673627620568e-01, 1.797693134862e+308, 1.6967e+01, 1.4833e+00, 
 2DIAGNOSTIC,     5, -4.673614217330e-01, 1.797693134862e+308, 1.8678e+01, 1.7108e+00, 
 2DIAGNOSTIC,     6, -4.673607617804e-01, 1.797693134862e+308, 2.0351e+01, 1.6734e+00, 
 2DIAGNOSTIC,     7, -4.673602262572e-01, 1.797693134862e+308, 2.1999e+01, 1.6476e+00, 
 2DIAGNOSTIC,     8, -4.673600600186e-01, 1.797693134862e+308, 2.3528e+01, 1.5290e+00, 
 2DIAGNOSTIC,     9, -4.673598815477e-01, 1.797693134862e+308, 2.4861e+01, 1.3332e+00, 
 2DIAGNOSTIC,    10, -4.673597091816e-01, 7.621965547627e-06, 2.6391e+01, 1.5303e+00, 
 2DIAGNOSTIC,    11, -4.673597202995e-01, 2.357725010380e-06, 2.7880e+01, 1.4889e+00, 
 2DIAGNOSTIC,    12, -4.673595164997e-01, 2.194993311028e-06, 2.9412e+01, 1.5322e+00, 
 2DIAGNOSTIC,    13, -4.673593232005e-01, 2.161343751472e-06, 3.1054e+01, 1.6411e+00, 
 2DIAGNOSTIC,    14, -4.673591220647e-01, 2.087908430148e-06, 3.2545e+01, 1.4915e+00, 
 2DIAGNOSTIC,    15, -4.673588221646e-01, 1.975131837417e-06, 3.4357e+01, 1.8122e+00, 
 2DIAGNOSTIC,    16, -4.673589285613e-01, 1.869317490411e-06, 3.5822e+01, 1.4647e+00, 
 2DIAGNOSTIC,    17, -4.673587240390e-01, 1.760203117179e-06, 3.7133e+01, 1.3110e+00, 
 2DIAGNOSTIC,    18, -4.673586240331e-01, 1.664816633946e-06, 3.8430e+01, 1.2973e+00, 
 2DIAGNOSTIC,    19, -4.673585254208e-01, 1.580385145208e-06, 3.9772e+01, 1.3413e+00, 
 2DIAGNOSTIC,    20, -4.673586358460e-01, 1.511164552749e-06, 4.1256e+01, 1.4841e+00, 
 2DIAGNOSTIC,    21, -4.673586443411e-01, 1.456332252715e-06, 4.2541e+01, 1.2856e+00, 
 2DIAGNOSTIC,    22, -4.673586605188e-01, 1.406785671884e-06, 4.3901e+01, 1.3596e+00, 
 2DIAGNOSTIC,    23, -4.673591018239e-01, 1.371980697426e-06, 4.5412e+01, 1.5113e+00, 
 2DIAGNOSTIC,    24, -4.673589166354e-01, 1.331220605305e-06, 4.6961e+01, 1.5490e+00, 
 2DIAGNOSTIC,    25, -4.673591436696e-01, 1.291457494709e-06, 4.8438e+01, 1.4772e+00, 
 2DIAGNOSTIC,    26, -4.673586372972e-01, 1.243627485499e-06, 4.9765e+01, 1.3271e+00, 
 2DIAGNOSTIC,    27, -4.673586495211e-01, 1.193463869967e-06, 5.1238e+01, 1.4731e+00, 
 2DIAGNOSTIC,    28, -4.673588736145e-01, 1.148019651322e-06, 5.2856e+01, 1.6173e+00, 
 2DIAGNOSTIC,    29, -4.673586856637e-01, 1.098221974576e-06, 5.4357e+01, 1.5017e+00, 
 2DIAGNOSTIC,    30, -4.673584911733e-01, 1.050202907936e-06, 5.5789e+01, 1.4318e+00, 
 2DIAGNOSTIC,    31, -4.673585076342e-01, 1.007052697406e-06, 5.7420e+01, 1.6305e+00, 
  Elapsed time (stage 0): 5.8211e+01


Total elapsed time: 5.8213e+01
Info [verificarlo]: loaded backend libinterflop_vprec.so
Info [interflop-vprec]: load backend with: 
Info [interflop-vprec]: precision-binary32 = 16
Info [interflop-vprec]: range-binary32 = 7
Info [interflop-vprec]: precision-binary64 = 16
Info [interflop-vprec]: range-binary64 = 7
Info [interflop-vprec]: mode = ob
Info [interflop-vprec]: error-mode = rel
Info [interflop-vprec]: max-abs-error-exponent = -1022
Info [interflop-vprec]: daz = false
Info [interflop-vprec]: ftz = false
Info [interflop-vprec]: 	instrument = none
Info [interflop-vprec]: 	prec-input-file = (null)
Info [interflop-vprec]: 	prec-output-file = (null)
Info [interflop-vprec]: 	prec-log-file = (null)
All_Command_lines_OK
Using double precision for computations.
=============================================================================
The composite transform comprises the following transforms (in order): 
  1. /home/mdugre/scratch/mri-registration-rp/datasets/ds004513/derivatives/mri-registration-rp/0011/antsRegistration-r7-p16/sub-s035/rigid_Composite.h5[0] (type = Euler3DTransform)
  2. /home/mdugre/scratch/mri-registration-rp/datasets/ds004513/derivatives/mri-registration-rp/0011/antsRegistration-r7-p16/sub-s035/rigid_Composite.h5[1] (type = Euler3DTransform)
  3. /home/mdugre/scratch/mri-registration-rp/datasets/ds004513/derivatives/mri-registration-rp/0011/antsRegistration-r7-p16/sub-s035/rigid_Composite.h5[2] (type = Euler3DTransform)
=============================================================================
  number of levels = 4
  fixed image: /templateflow/tpl-MNI152NLin2009cAsym/tpl-MNI152NLin2009cAsym_res-01_desc-brain_T1w.nii.gz
  moving image: /home/mdugre/scratch/mri-registration-rp/datasets/ds004513/derivatives/mri-registration-rp/antsBrainExtraction/sub-s035/BrainExtractionBrain.nii.gz
Dimension = 3
Number of stages = 1
Use histogram matching = false
Winsorize image intensities = true
  Lower quantile = 0.005
  Upper quantile = 0.995


Stage 1 State
   Image metric = MattesMI
     Fixed image = Image (0x425c490)
  RTTI typeinfo:   itk::Image<double, 3u>
  Reference Count: 2
  Modified Time: 1592
  Debug: Off
  Object Name: 
  Observers: 
    none
  Source: (none)
  Source output name: (none)
  Release Data: Off
  Data Released: False
  Global Release Data: Off
  PipelineMTime: 0
  UpdateMTime: 1203
  RealTimeStamp: 0 seconds 
  LargestPossibleRegion: 
    Dimension: 3
    Index: [0, 0, 0]
    Size: [193, 229, 193]
  BufferedRegion: 
    Dimension: 3
    Index: [0, 0, 0]
    Size: [193, 229, 193]
  RequestedRegion: 
    Dimension: 3
    Index: [0, 0, 0]
    Size: [193, 229, 193]
  Spacing: [1, 1, 1]
  Origin: [96, 132, -78]
  Direction: 
-1 0 0
0 -1 0
0 0 1

  IndexToPointMatrix: 
-1 0 0
0 -1 0
0 0 1

  PointToIndexMatrix: 
-1 0 0
0 -1 0
0 0 1

  Inverse Direction: 
-1 0 0
0 -1 0
0 0 1

  PixelContainer: 
    ImportImageContainer (0x43278c0)
      RTTI typeinfo:   itk::ImportImageContainer<unsigned long, double>
      Reference Count: 1
      Modified Time: 1200
      Debug: Off
      Object Name: 
      Observers: 
        none
      Pointer: 0x15149b45d010
      Container manages memory: true
      Size: 8530021
      Capacity: 8530021

     Moving image = Image (0x4317b60)
  RTTI typeinfo:   itk::Image<double, 3u>
  Reference Count: 2
  Modified Time: 1593
  Debug: Off
  Object Name: 
  Observers: 
    none
  Source: (none)
  Source output name: (none)
  Release Data: Off
  Data Released: False
  Global Release Data: Off
  PipelineMTime: 0
  UpdateMTime: 1590
  RealTimeStamp: 0 seconds 
  LargestPossibleRegion: 
    Dimension: 3
    Index: [0, 0, 0]
    Size: [160, 240, 256]
  BufferedRegion: 
    Dimension: 3
    Index: [0, 0, 0]
    Size: [160, 240, 256]
  RequestedRegion: 
    Dimension: 3
    Index: [0, 0, 0]
    Size: [160, 240, 256]
  Spacing: [1, 1, 1]
  Origin: [98.6436, 87.6357, -117.989]
  Direction: 
-0.993515 -0.100993 -0.0522356
0.100854 -0.994888 0.00530255
-0.0525041 1.93538e-08 0.998619

  IndexToPointMatrix: 
-0.993515 -0.100993 -0.0522356
0.100854 -0.994888 0.00530255
-0.0525041 1.93538e-08 0.998619

  PointToIndexMatrix: 
-0.993515 0.100854 -0.0525041
-0.100992 -0.994881 -1.14441e-05
-0.0522356 0.00530243 0.998611

  Inverse Direction: 
-0.993515 0.100854 -0.0525041
-0.100992 -0.994881 -1.14441e-05
-0.0522356 0.00530243 0.998611

  PixelContainer: 
    ImportImageContainer (0x43ab1d0)
      RTTI typeinfo:   itk::ImportImageContainer<unsigned long, double>
      Reference Count: 1
      Modified Time: 1587
      Debug: Off
      Object Name: 
      Observers: 
        none
      Pointer: 0x15149695c010
      Container manages memory: true
      Size: 9830400
      Capacity: 9830400

     Weighting = 1
     Sampling strategy = regular
     Number of bins = 32
     Radius = 4
     Sampling percentage  = 0.25
   Transform = Affine
     Gradient step = 0.1
     Update field sigma (voxel space) = 0
     Total field sigma (voxel space) = 0
     Update field time sigma = 0
     Total field time sigma  = 0
     Number of time indices = 0
     Number of time point samples = 0
Registration using 1 total stages.

Stage 0
  iterations = 1000x500x250x100
  convergence threshold = 1e-06
  convergence window size = 10
  number of levels = 4
  using the Mattes MI metric (number of bins = 32, weight = 1, use gradient filter = 0)
  preprocessing:  winsorizing the image intensities
  Shrink factors (level 1 out of 4): [8, 8, 8]
  Shrink factors (level 2 out of 4): [4, 4, 4]
  Shrink factors (level 3 out of 4): [2, 2, 2]
  Shrink factors (level 4 out of 4): [1, 1, 1]
  smoothing sigmas per level: [3, 2, 1, 0]
  regular sampling (percentage = 0.25)

*** Running AffineTransform registration ***

DIAGNOSTIC,Iteration,metricValue,convergenceValue,ITERATION_TIME_INDEX,SINCE_LAST
 2DIAGNOSTIC,     1, -6.765774858618e-01, 1.797693134862e+308, 0.0000e+00, 0.0000e+00, 
 2DIAGNOSTIC,     2, -6.786721650145e-01, 1.797693134862e+308, 0.0000e+00, 0.0000e+00, 
 2DIAGNOSTIC,     3, -6.826243943470e-01, 1.797693134862e+308, 0.0000e+00, 0.0000e+00, 
 2DIAGNOSTIC,     4, -6.888573655143e-01, 1.797693134862e+308, 0.0000e+00, 0.0000e+00, 
 2DIAGNOSTIC,     5, -6.988153838954e-01, 1.797693134862e+308, 0.0000e+00, 0.0000e+00, 
 2DIAGNOSTIC,     6, -7.107365967765e-01, 1.797693134862e+308, 0.0000e+00, 0.0000e+00, 
 2DIAGNOSTIC,     7, -7.321557474573e-01, 1.797693134862e+308, 0.0000e+00, 0.0000e+00, 
 2DIAGNOSTIC,     8, -7.357419899002e-01, 1.797693134862e+308, 0.0000e+00, 0.0000e+00, 
 2DIAGNOSTIC,     9, -7.374455298510e-01, 1.797693134862e+308, 0.0000e+00, 0.0000e+00, 
 2DIAGNOSTIC,    10, -7.405923526078e-01, 7.019398523107e-03, 0.0000e+00, 0.0000e+00, 
 2DIAGNOSTIC,    11, -7.443839612709e-01, 6.221413759180e-03, 0.0000e+00, 0.0000e+00, 
 2DIAGNOSTIC,    12, -7.451685314451e-01, 5.090400492743e-03, 0.0000e+00, 0.0000e+00, 
 2DIAGNOSTIC,    13, -7.452929254444e-01, 3.808680096282e-03, 0.0000e+00, 0.0000e+00, 
 2DIAGNOSTIC,    14, -7.454289924510e-01, 2.558205863378e-03, 0.0000e+00, 0.0000e+00, 
 2DIAGNOSTIC,    15, -7.454717867237e-01, 1.508118528179e-03, 0.0000e+00, 0.0000e+00, 
 2DIAGNOSTIC,    16, -7.453747297996e-01, 7.313770619467e-04, 0.0000e+00, 0.0000e+00, 
 2DIAGNOSTIC,    17, -7.453091914946e-01, 4.739977490653e-04, 0.0000e+00, 0.0000e+00, 
 2DIAGNOSTIC,    18, -7.453145257188e-01, 2.817671789507e-04, 0.0000e+00, 0.0000e+00, 
 2DIAGNOSTIC,    19, -7.452973525409e-01, 1.184039483277e-04, 0.0000e+00, 0.0000e+00, 
 2DIAGNOSTIC,    20, -7.452986438806e-01, 2.059481029169e-05, 0.0000e+00, 0.0000e+00, 
DIAGNOSTIC,Iteration,metricValue,convergenceValue,ITERATION_TIME_INDEX,SINCE_LAST
 2DIAGNOSTIC,     1, -6.114893200314e-01, 1.797693134862e+308, 0.0000e+00, 0.0000e+00, 
 2DIAGNOSTIC,     2, -6.117687691018e-01, 1.797693134862e+308, 0.0000e+00, 0.0000e+00, 
 2DIAGNOSTIC,     3, -6.120845398905e-01, 1.797693134862e+308, 0.0000e+00, 0.0000e+00, 
 2DIAGNOSTIC,     4, -6.125722434146e-01, 1.797693134862e+308, 0.0000e+00, 0.0000e+00, 
 2DIAGNOSTIC,     5, -6.130118618807e-01, 1.797693134862e+308, 0.0000e+00, 0.0000e+00, 
 2DIAGNOSTIC,     6, -6.131087895735e-01, 1.797693134862e+308, 0.0000e+00, 0.0000e+00, 
 2DIAGNOSTIC,     7, -6.131262218261e-01, 1.797693134862e+308, 0.0000e+00, 0.0000e+00, 
 2DIAGNOSTIC,     8, -6.131386911202e-01, 1.797693134862e+308, 0.0000e+00, 0.0000e+00, 
 2DIAGNOSTIC,     9, -6.131255424078e-01, 1.797693134862e+308, 0.0000e+00, 0.0000e+00, 
 2DIAGNOSTIC,    10, -6.131172650293e-01, 1.807394716742e-04, 0.0000e+00, 0.0000e+00, 
 2DIAGNOSTIC,    11, -6.131178463682e-01, 1.168075643955e-04, 0.0000e+00, 0.0000e+00, 
 2DIAGNOSTIC,    12, -6.131122778342e-01, 6.402326503589e-05, 0.0000e+00, 0.0000e+00, 
 2DIAGNOSTIC,    13, -6.131026533861e-01, 2.448395092464e-05, 0.0000e+00, 0.0000e+00, 
 2DIAGNOSTIC,    14, -6.131146737109e-01, 4.792653781741e-06, 0.0000e+00, 0.0000e+00, 
DIAGNOSTIC,Iteration,metricValue,convergenceValue,ITERATION_TIME_INDEX,SINCE_LAST
 2DIAGNOSTIC,     1, -5.364087566103e-01, 1.797693134862e+308, 0.0000e+00, 0.0000e+00, 
 2DIAGNOSTIC,     2, -5.366405581450e-01, 1.797693134862e+308, 0.0000e+00, 0.0000e+00, 
 2DIAGNOSTIC,     3, -5.368341893637e-01, 1.797693134862e+308, 0.0000e+00, 0.0000e+00, 
 2DIAGNOSTIC,     4, -5.369014907913e-01, 1.797693134862e+308, 0.0000e+00, 0.0000e+00, 
 2DIAGNOSTIC,     5, -5.368928909402e-01, 1.797693134862e+308, 0.0000e+00, 0.0000e+00, 
 2DIAGNOSTIC,     6, -5.368889719734e-01, 1.797693134862e+308, 0.0000e+00, 0.0000e+00, 
 2DIAGNOSTIC,     7, -5.368895546448e-01, 1.797693134862e+308, 0.0000e+00, 0.0000e+00, 
 2DIAGNOSTIC,     8, -5.368892556163e-01, 1.797693134862e+308, 0.0000e+00, 0.0000e+00, 
 2DIAGNOSTIC,     9, -5.368892373745e-01, 1.797693134862e+308, 0.0000e+00, 0.0000e+00, 
 2DIAGNOSTIC,    10, -5.368891708101e-01, 4.181159381560e-05, 0.0000e+00, 0.0000e+00, 
 2DIAGNOSTIC,    11, -5.368884369254e-01, 1.662124871595e-05, 0.0000e+00, 0.0000e+00, 
 2DIAGNOSTIC,    12, -5.368884027452e-01, 4.407957702651e-06, 0.0000e+00, 0.0000e+00, 
 2DIAGNOSTIC,    13, -5.368883405741e-01, 1.710821832396e-06, 0.0000e+00, 0.0000e+00, 
 2DIAGNOSTIC,    14, -5.368883015921e-01, 2.015382366216e-06, 0.0000e+00, 0.0000e+00, 
 2DIAGNOSTIC,    15, -5.368882995949e-01, 2.001807147323e-06, 0.0000e+00, 0.0000e+00, 
 2DIAGNOSTIC,    16, -5.368882995949e-01, 1.869401422702e-06, 0.0000e+00, 0.0000e+00, 
 2DIAGNOSTIC,    17, -5.368882995949e-01, 1.780602788840e-06, 0.0000e+00, 0.0000e+00, 
 2DIAGNOSTIC,    18, -5.368882994898e-01, 1.699629719257e-06, 0.0000e+00, 0.0000e+00, 
 2DIAGNOSTIC,    19, -5.368882994898e-01, 1.631530525133e-06, 0.0000e+00, 0.0000e+00, 
 2DIAGNOSTIC,    20, -5.368882994898e-01, 1.571808740844e-06, 0.0000e+00, 0.0000e+00, 
 2DIAGNOSTIC,    21, -5.368883048784e-01, 1.500034660762e-06, 0.0000e+00, 0.0000e+00, 
 2DIAGNOSTIC,    22, -5.368883048784e-01, 1.434308948556e-06, 0.0000e+00, 0.0000e+00, 
 2DIAGNOSTIC,    23, -5.368883048784e-01, 1.372968789499e-06, 0.0000e+00, 0.0000e+00, 
 2DIAGNOSTIC,    24, -5.368883048784e-01, 1.315858997916e-06, 0.0000e+00, 0.0000e+00, 
 2DIAGNOSTIC,    25, -5.368883047386e-01, 1.263239130668e-06, 0.0000e+00, 0.0000e+00, 
 2DIAGNOSTIC,    26, -5.368883047386e-01, 1.214631613990e-06, 0.0000e+00, 0.0000e+00, 
 2DIAGNOSTIC,    27, -5.368883047386e-01, 1.169593733016e-06, 0.0000e+00, 0.0000e+00, 
 2DIAGNOSTIC,    28, -5.368883047386e-01, 1.127747633292e-06, 0.0000e+00, 0.0000e+00, 
 2DIAGNOSTIC,    29, -5.368883047386e-01, 1.088771541410e-06, 0.0000e+00, 0.0000e+00, 
 2DIAGNOSTIC,    30, -5.368883047386e-01, 1.052382765335e-06, 0.0000e+00, 0.0000e+00, 
 2DIAGNOSTIC,    31, -5.368882239270e-01, 1.017054533745e-06, 0.0000e+00, 0.0000e+00, 
DIAGNOSTIC,Iteration,metricValue,convergenceValue,ITERATION_TIME_INDEX,SINCE_LAST
