
##########################
# Experiment information #
##########################

EXPERIMENT_NAME: antsRegistration-r8-p21
VFC_BACKENDS: libinterflop_vprec.so --range-binary32=8 --precision-binary32=21 --range-binary64=8 --precision-binary64=21

SIF_IMG: /home/mdugre/projects/rrg-glatard/mdugre/containers/ants-vprec-no_metrics.simg

SUBJECT_ID: s033
INPUT_IMG: /home/mdugre/scratch/mri-registration-rp/datasets/ds004513/derivatives/mri-registration-rp/antsBrainExtraction/sub-s033/BrainExtractionBrain.nii.gz
OUTPUT_DIR: /home/mdugre/scratch/mri-registration-rp/datasets/ds004513/derivatives/mri-registration-rp/0011/antsRegistration-r8-p21/sub-s033

FIXED_IMG: /templateflow/tpl-MNI152NLin2009cAsym/tpl-MNI152NLin2009cAsym_res-01_desc-brain_T1w.nii.gz
DATA_DIR: /home/mdugre/scratch/mri-registration-rp/datasets/ds004513
TEMPLATEFLOW_DIR: /home/mdugre/projects/rrg-glatard/mdugre/templateflow
ITK_GLOBAL_DEFAULT_NUMBER_OF_THREADS: 16
##########################

Info [verificarlo]: loaded backend libinterflop_ieee.so
Info [interflop-ieee]: load backend with:
Info [interflop-ieee]: debug = false
Info [interflop-ieee]: debug-binary = false
Info [interflop-ieee]: no-backend-name = false
Info [interflop-ieee]: print-new-line = false
Info [interflop-ieee]: print-subnormal-normalized = false
Info [interflop-ieee]: count-op = false
All_Command_lines_OK
Using double precision for computations.
=============================================================================
The composite transform comprises the following transforms (in order): 
  1. Center of mass alignment using fixed image: /templateflow/tpl-MNI152NLin2009cAsym/tpl-MNI152NLin2009cAsym_res-01_desc-brain_T1w.nii.gz and moving image: /home/mdugre/scratch/mri-registration-rp/datasets/ds004513/derivatives/mri-registration-rp/antsBrainExtraction/sub-s033/BrainExtractionBrain.nii.gz (type = Euler3DTransform)
=============================================================================
  number of levels = 1
  fixed image: /templateflow/tpl-MNI152NLin2009cAsym/tpl-MNI152NLin2009cAsym_res-01_desc-brain_T1w.nii.gz
  moving image: /home/mdugre/scratch/mri-registration-rp/datasets/ds004513/derivatives/mri-registration-rp/antsBrainExtraction/sub-s033/BrainExtractionBrain.nii.gz
Dimension = 3
Number of stages = 1
Use histogram matching = false
Winsorize image intensities = true
  Lower quantile = 0.005
  Upper quantile = 0.995


Stage 1 State
   Image metric = MattesMI
     Fixed image = Image (0x328be70)
  RTTI typeinfo:   itk::Image<double, 3u>
  Reference Count: 2
  Modified Time: 2330
  Debug: Off
  Object Name: 
  Observers: 
    none
  Source: (none)
  Source output name: (none)
  Release Data: Off
  Data Released: False
  Global Release Data: Off
  PipelineMTime: 0
  UpdateMTime: 1941
  RealTimeStamp: 0 seconds 
  LargestPossibleRegion: 
    Dimension: 3
    Index: [0, 0, 0]
    Size: [193, 229, 193]
  BufferedRegion: 
    Dimension: 3
    Index: [0, 0, 0]
    Size: [193, 229, 193]
  RequestedRegion: 
    Dimension: 3
    Index: [0, 0, 0]
    Size: [193, 229, 193]
  Spacing: [1, 1, 1]
  Origin: [96, 132, -78]
  Direction: 
-1 0 0
0 -1 0
0 0 1

  IndexToPointMatrix: 
-1 0 0
0 -1 0
0 0 1

  PointToIndexMatrix: 
-1 0 0
0 -1 0
0 0 1

  Inverse Direction: 
-1 0 0
0 -1 0
0 0 1

  PixelContainer: 
    ImportImageContainer (0x3294c60)
      RTTI typeinfo:   itk::ImportImageContainer<unsigned long, double>
      Reference Count: 1
      Modified Time: 1938
      Debug: Off
      Object Name: 
      Observers: 
        none
      Pointer: 0x14561130e010
      Container manages memory: true
      Size: 8530021
      Capacity: 8530021

     Moving image = Image (0x328e540)
  RTTI typeinfo:   itk::Image<double, 3u>
  Reference Count: 2
  Modified Time: 2331
  Debug: Off
  Object Name: 
  Observers: 
    none
  Source: (none)
  Source output name: (none)
  Release Data: Off
  Data Released: False
  Global Release Data: Off
  PipelineMTime: 0
  UpdateMTime: 2328
  RealTimeStamp: 0 seconds 
  LargestPossibleRegion: 
    Dimension: 3
    Index: [0, 0, 0]
    Size: [160, 240, 256]
  BufferedRegion: 
    Dimension: 3
    Index: [0, 0, 0]
    Size: [160, 240, 256]
  RequestedRegion: 
    Dimension: 3
    Index: [0, 0, 0]
    Size: [160, 240, 256]
  Spacing: [1, 1, 1]
  Origin: [91.5134, 94.282, -109.927]
  Direction: 
-0.99591 -0.0698718 -0.0572835
0.0697565 -0.997556 0.00401236
-0.0574239 5.01125e-08 0.99835

  IndexToPointMatrix: 
-0.99591 -0.0698718 -0.0572835
0.0697565 -0.997556 0.00401236
-0.0574239 5.01125e-08 0.99835

  PointToIndexMatrix: 
-0.99591 0.0697565 -0.0574239
-0.0698718 -0.997556 5.01483e-08
-0.0572835 0.00401236 0.99835

  Inverse Direction: 
-0.99591 0.0697565 -0.0574239
-0.0698718 -0.997556 5.01483e-08
-0.0572835 0.00401236 0.99835

  PixelContainer: 
    ImportImageContainer (0x33a0610)
      RTTI typeinfo:   itk::ImportImageContainer<unsigned long, double>
      Reference Count: 1
      Modified Time: 2325
      Debug: Off
      Object Name: 
      Observers: 
        none
      Pointer: 0x14560c80d010
      Container manages memory: true
      Size: 9830400
      Capacity: 9830400

     Weighting = 1
     Sampling strategy = regular
     Number of bins = 32
     Radius = 4
     Sampling percentage  = 0.25
   Transform = Rigid
     Gradient step = 0.1
     Update field sigma (voxel space) = 0
     Total field sigma (voxel space) = 0
     Update field time sigma = 0
     Total field time sigma  = 0
     Number of time indices = 0
     Number of time point samples = 0
Registration using 1 total stages.

Stage 0
  iterations = 0
  convergence threshold = 1e-06
  convergence window size = 10
  number of levels = 1
  using the Mattes MI metric (number of bins = 32, weight = 1, use gradient filter = 0)
  preprocessing:  winsorizing the image intensities
  Shrink factors (level 1 out of 1): [1, 1, 1]
  smoothing sigmas per level: [0]
  regular sampling (percentage = 0.25)

*** Running Euler3DTransform registration ***

  Elapsed time (stage 0): 1.10996


Total elapsed time: 1.11221
Info [verificarlo]: loaded backend libinterflop_ieee.so
Info [interflop-ieee]: load backend with:
Info [interflop-ieee]: debug = false
Info [interflop-ieee]: debug-binary = false
Info [interflop-ieee]: no-backend-name = false
Info [interflop-ieee]: print-new-line = false
Info [interflop-ieee]: print-subnormal-normalized = false
Info [interflop-ieee]: count-op = false
All_Command_lines_OK
Using double precision for computations.
=============================================================================
The composite transform comprises the following transforms (in order): 
  1. /home/mdugre/scratch/mri-registration-rp/datasets/ds004513/derivatives/mri-registration-rp/0011/antsRegistration-r8-p21/sub-s033/align_Composite.h5[0] (type = Euler3DTransform)
  2. /home/mdugre/scratch/mri-registration-rp/datasets/ds004513/derivatives/mri-registration-rp/0011/antsRegistration-r8-p21/sub-s033/align_Composite.h5[1] (type = Euler3DTransform)
=============================================================================
  number of levels = 4
  fixed image: /templateflow/tpl-MNI152NLin2009cAsym/tpl-MNI152NLin2009cAsym_res-01_desc-brain_T1w.nii.gz
  moving image: /home/mdugre/scratch/mri-registration-rp/datasets/ds004513/derivatives/mri-registration-rp/antsBrainExtraction/sub-s033/BrainExtractionBrain.nii.gz
Dimension = 3
Number of stages = 1
Use histogram matching = false
Winsorize image intensities = true
  Lower quantile = 0.005
  Upper quantile = 0.995


Stage 1 State
   Image metric = MattesMI
     Fixed image = Image (0x4375530)
  RTTI typeinfo:   itk::Image<double, 3u>
  Reference Count: 2
  Modified Time: 1578
  Debug: Off
  Object Name: 
  Observers: 
    none
  Source: (none)
  Source output name: (none)
  Release Data: Off
  Data Released: False
  Global Release Data: Off
  PipelineMTime: 0
  UpdateMTime: 1189
  RealTimeStamp: 0 seconds 
  LargestPossibleRegion: 
    Dimension: 3
    Index: [0, 0, 0]
    Size: [193, 229, 193]
  BufferedRegion: 
    Dimension: 3
    Index: [0, 0, 0]
    Size: [193, 229, 193]
  RequestedRegion: 
    Dimension: 3
    Index: [0, 0, 0]
    Size: [193, 229, 193]
  Spacing: [1, 1, 1]
  Origin: [96, 132, -78]
  Direction: 
-1 0 0
0 -1 0
0 0 1

  IndexToPointMatrix: 
-1 0 0
0 -1 0
0 0 1

  PointToIndexMatrix: 
-1 0 0
0 -1 0
0 0 1

  Inverse Direction: 
-1 0 0
0 -1 0
0 0 1

  PixelContainer: 
    ImportImageContainer (0x4433d60)
      RTTI typeinfo:   itk::ImportImageContainer<unsigned long, double>
      Reference Count: 1
      Modified Time: 1186
      Debug: Off
      Object Name: 
      Observers: 
        none
      Pointer: 0x152ab4a85010
      Container manages memory: true
      Size: 8530021
      Capacity: 8530021

     Moving image = Image (0x4425f60)
  RTTI typeinfo:   itk::Image<double, 3u>
  Reference Count: 2
  Modified Time: 1579
  Debug: Off
  Object Name: 
  Observers: 
    none
  Source: (none)
  Source output name: (none)
  Release Data: Off
  Data Released: False
  Global Release Data: Off
  PipelineMTime: 0
  UpdateMTime: 1576
  RealTimeStamp: 0 seconds 
  LargestPossibleRegion: 
    Dimension: 3
    Index: [0, 0, 0]
    Size: [160, 240, 256]
  BufferedRegion: 
    Dimension: 3
    Index: [0, 0, 0]
    Size: [160, 240, 256]
  RequestedRegion: 
    Dimension: 3
    Index: [0, 0, 0]
    Size: [160, 240, 256]
  Spacing: [1, 1, 1]
  Origin: [91.5134, 94.282, -109.927]
  Direction: 
-0.99591 -0.0698718 -0.0572835
0.0697565 -0.997556 0.00401236
-0.0574239 5.01125e-08 0.99835

  IndexToPointMatrix: 
-0.99591 -0.0698718 -0.0572835
0.0697565 -0.997556 0.00401236
-0.0574239 5.01125e-08 0.99835

  PointToIndexMatrix: 
-0.99591 0.0697565 -0.0574239
-0.0698718 -0.997556 5.01483e-08
-0.0572835 0.00401236 0.99835

  Inverse Direction: 
-0.99591 0.0697565 -0.0574239
-0.0698718 -0.997556 5.01483e-08
-0.0572835 0.00401236 0.99835

  PixelContainer: 
    ImportImageContainer (0x44176d0)
      RTTI typeinfo:   itk::ImportImageContainer<unsigned long, double>
      Reference Count: 1
      Modified Time: 1573
      Debug: Off
      Object Name: 
      Observers: 
        none
      Pointer: 0x152aaff84010
      Container manages memory: true
      Size: 9830400
      Capacity: 9830400

     Weighting = 1
     Sampling strategy = regular
     Number of bins = 32
     Radius = 4
     Sampling percentage  = 0.25
   Transform = Rigid
     Gradient step = 0.1
     Update field sigma (voxel space) = 0
     Total field sigma (voxel space) = 0
     Update field time sigma = 0
     Total field time sigma  = 0
     Number of time indices = 0
     Number of time point samples = 0
Registration using 1 total stages.

Stage 0
  iterations = 1000x500x250x100
  convergence threshold = 1e-06
  convergence window size = 10
  number of levels = 4
  using the Mattes MI metric (number of bins = 32, weight = 1, use gradient filter = 0)
  preprocessing:  winsorizing the image intensities
  Shrink factors (level 1 out of 4): [8, 8, 8]
  Shrink factors (level 2 out of 4): [4, 4, 4]
  Shrink factors (level 3 out of 4): [2, 2, 2]
  Shrink factors (level 4 out of 4): [1, 1, 1]
  smoothing sigmas per level: [3, 2, 1, 0]
  regular sampling (percentage = 0.25)

*** Running Euler3DTransform registration ***

DIAGNOSTIC,Iteration,metricValue,convergenceValue,ITERATION_TIME_INDEX,SINCE_LAST
 2DIAGNOSTIC,     1, -4.945365495269e-01, 1.797693134862e+308, 7.7548e-01, 7.7548e-01, 
 2DIAGNOSTIC,     2, -4.961551199262e-01, 1.797693134862e+308, 7.8098e-01, 5.4972e-03, 
 2DIAGNOSTIC,     3, -4.991207097076e-01, 1.797693134862e+308, 7.8621e-01, 5.2340e-03, 
 2DIAGNOSTIC,     4, -5.030359852117e-01, 1.797693134862e+308, 7.9137e-01, 5.1630e-03, 
 2DIAGNOSTIC,     5, -5.059125054655e-01, 1.797693134862e+308, 7.9668e-01, 5.3101e-03, 
 2DIAGNOSTIC,     6, -5.092815596254e-01, 1.797693134862e+308, 8.0204e-01, 5.3620e-03, 
 2DIAGNOSTIC,     7, -5.205915484568e-01, 1.797693134862e+308, 8.0803e-01, 5.9810e-03, 
 2DIAGNOSTIC,     8, -5.236677933913e-01, 1.797693134862e+308, 8.1295e-01, 4.9210e-03, 
 2DIAGNOSTIC,     9, -5.261653611514e-01, 1.797693134862e+308, 8.1805e-01, 5.1031e-03, 
 2DIAGNOSTIC,    10, -5.313843279548e-01, 4.956236851461e-03, 8.2357e-01, 5.5170e-03, 
 2DIAGNOSTIC,    11, -5.461121550605e-01, 5.255951709879e-03, 8.3033e-01, 6.7599e-03, 
 2DIAGNOSTIC,    12, -5.563506773260e-01, 5.544499219505e-03, 8.3560e-01, 5.2760e-03, 
 2DIAGNOSTIC,    13, -6.011783753083e-01, 7.240286203951e-03, 8.4194e-01, 6.3429e-03, 
 2DIAGNOSTIC,    14, -6.166052825019e-01, 8.701253899146e-03, 8.4698e-01, 5.0392e-03, 
 2DIAGNOSTIC,    15, -6.211428291663e-01, 9.416357351050e-03, 8.5234e-01, 5.3520e-03, 
 2DIAGNOSTIC,    16, -6.235432152066e-01, 9.368281937003e-03, 8.5857e-01, 6.2342e-03, 
 2DIAGNOSTIC,    17, -6.347577463229e-01, 9.145335034416e-03, 8.6580e-01, 7.2269e-03, 
 2DIAGNOSTIC,    18, -6.413138477311e-01, 8.359392959369e-03, 8.7148e-01, 5.6789e-03, 
 2DIAGNOSTIC,    19, -6.420802718074e-01, 6.980623476792e-03, 8.7769e-01, 6.2099e-03, 
 2DIAGNOSTIC,    20, -6.425493374697e-01, 5.272872611133e-03, 8.8267e-01, 4.9829e-03, 
 2DIAGNOSTIC,    21, -6.431795005844e-01, 3.641466691268e-03, 8.8807e-01, 5.4018e-03, 
 2DIAGNOSTIC,    22, -6.434078411170e-01, 2.049114002886e-03, 8.9283e-01, 4.7638e-03, 
 2DIAGNOSTIC,    23, -6.435083891543e-01, 1.381096904991e-03, 8.9812e-01, 5.2810e-03, 
 2DIAGNOSTIC,    24, -6.436807762182e-01, 9.688116449995e-04, 9.0385e-01, 5.7371e-03, 
 2DIAGNOSTIC,    25, -6.439989420128e-01, 6.014654223981e-04, 9.1029e-01, 6.4380e-03, 
 2DIAGNOSTIC,    26, -6.448361558276e-01, 2.655197437592e-04, 9.1497e-01, 4.6821e-03, 
 2DIAGNOSTIC,    27, -6.460796033596e-01, 1.536865973179e-04, 9.2016e-01, 5.1899e-03, 
 2DIAGNOSTIC,    28, -6.463976194257e-01, 1.550353636231e-04, 9.2472e-01, 4.5528e-03, 
 2DIAGNOSTIC,    29, -6.463935457004e-01, 1.547432198706e-04, 9.2932e-01, 4.6079e-03, 
 2DIAGNOSTIC,    30, -6.464392297601e-01, 1.482978350723e-04, 9.3454e-01, 5.2211e-03, 
 2DIAGNOSTIC,    31, -6.463723508399e-01, 1.368671149963e-04, 9.3914e-01, 4.5919e-03, 
 2DIAGNOSTIC,    32, -6.464254416982e-01, 1.173265213271e-04, 9.4481e-01, 5.6732e-03, 
 2DIAGNOSTIC,    33, -6.464354984232e-01, 8.969323035150e-05, 9.5952e-01, 1.4711e-02, 
 2DIAGNOSTIC,    34, -6.464354983903e-01, 5.811482426619e-05, 9.7434e-01, 1.4816e-02, 
 2DIAGNOSTIC,    35, -6.464354983903e-01, 2.735365801435e-05, 9.8185e-01, 7.5150e-03, 
 2DIAGNOSTIC,    36, -6.464354983903e-01, 6.561981956456e-06, 9.8705e-01, 5.1999e-03, 
 2DIAGNOSTIC,    37, -6.464354983903e-01, 2.244502513363e-06, 9.9220e-01, 5.1491e-03, 
 2DIAGNOSTIC,    38, -6.464354983903e-01, 1.990755191035e-06, 9.9908e-01, 6.8800e-03, 
 2DIAGNOSTIC,    39, -6.464354983903e-01, 1.582335158363e-06, 1.0052e+00, 6.1190e-03, 
 2DIAGNOSTIC,    40, -6.464354983903e-01, 1.698171682253e-06, 1.0106e+00, 5.3639e-03, 
DIAGNOSTIC,Iteration,metricValue,convergenceValue,ITERATION_TIME_INDEX,SINCE_LAST
 2DIAGNOSTIC,     1, -5.367244455569e-01, 1.797693134862e+308, 1.7376e+00, 7.2704e-01, 
 2DIAGNOSTIC,     2, -5.380313839876e-01, 1.797693134862e+308, 1.7644e+00, 2.6786e-02, 
 2DIAGNOSTIC,     3, -5.401731915732e-01, 1.797693134862e+308, 1.7933e+00, 2.8940e-02, 
 2DIAGNOSTIC,     4, -5.431881348498e-01, 1.797693134862e+308, 1.8234e+00, 3.0061e-02, 
 2DIAGNOSTIC,     5, -5.453557599140e-01, 1.797693134862e+308, 1.8540e+00, 3.0618e-02, 
 2DIAGNOSTIC,     6, -5.461088566619e-01, 1.797693134862e+308, 1.8843e+00, 3.0307e-02, 
 2DIAGNOSTIC,     7, -5.462086682302e-01, 1.797693134862e+308, 1.9181e+00, 3.3738e-02, 
 2DIAGNOSTIC,     8, -5.464869268899e-01, 1.797693134862e+308, 1.9533e+00, 3.5286e-02, 
 2DIAGNOSTIC,     9, -5.465850815841e-01, 1.797693134862e+308, 1.9917e+00, 3.8343e-02, 
 2DIAGNOSTIC,    10, -5.466464841535e-01, 1.224741170772e-03, 2.0211e+00, 2.9403e-02, 
 2DIAGNOSTIC,    11, -5.470487709394e-01, 8.391099329352e-04, 2.0526e+00, 3.1482e-02, 
 2DIAGNOSTIC,    12, -5.471506826007e-01, 5.042747892858e-04, 2.0844e+00, 3.1782e-02, 
 2DIAGNOSTIC,    13, -5.471747722955e-01, 2.608962540579e-04, 2.1231e+00, 3.8698e-02, 
 2DIAGNOSTIC,    14, -5.471893676767e-01, 1.401592421950e-04, 2.1549e+00, 3.1810e-02, 
 2DIAGNOSTIC,    15, -5.471839954791e-01, 9.761644260008e-05, 2.1862e+00, 3.1324e-02, 
 2DIAGNOSTIC,    16, -5.471599229178e-01, 7.527606625363e-05, 2.2178e+00, 3.1574e-02, 
 2DIAGNOSTIC,    17, -5.471662421181e-01, 5.183178003342e-05, 2.2469e+00, 2.9162e-02, 
 2DIAGNOSTIC,    18, -5.471747028876e-01, 3.478196079382e-05, 2.2793e+00, 3.2372e-02, 
 2DIAGNOSTIC,    19, -5.471813451677e-01, 1.945629947688e-05, 2.3108e+00, 3.1545e-02, 
 2DIAGNOSTIC,    20, -5.471662914377e-01, 4.969829525178e-06, 2.3400e+00, 2.9155e-02, 
 2DIAGNOSTIC,    21, -5.471844158631e-01, 1.951263738045e-06, 2.3747e+00, 3.4665e-02, 
 2DIAGNOSTIC,    22, -5.471946855237e-01, 1.794829831980e-06, 2.4029e+00, 2.8214e-02, 
 2DIAGNOSTIC,    23, -5.472309777294e-01, 2.955891117006e-06, 2.4310e+00, 2.8131e-02, 
 2DIAGNOSTIC,    24, -5.472460346990e-01, 4.500345722525e-06, 2.4623e+00, 3.1339e-02, 
 2DIAGNOSTIC,    25, -5.473225343876e-01, 7.130562440838e-06, 2.4901e+00, 2.7774e-02, 
 2DIAGNOSTIC,    26, -5.474469321968e-01, 1.098291117940e-05, 2.5186e+00, 2.8437e-02, 
 2DIAGNOSTIC,    27, -5.481013380050e-01, 2.630865857421e-05, 2.5503e+00, 3.1734e-02, 
 2DIAGNOSTIC,    28, -5.480678937832e-01, 3.738993901762e-05, 2.5902e+00, 3.9885e-02, 
 2DIAGNOSTIC,    29, -5.482084716467e-01, 4.712040653269e-05, 2.6300e+00, 3.9838e-02, 
 2DIAGNOSTIC,    30, -5.482082518653e-01, 5.166415282391e-05, 2.6645e+00, 3.4447e-02, 
 2DIAGNOSTIC,    31, -5.482014615791e-01, 5.125921936591e-05, 2.7023e+00, 3.7884e-02, 
 2DIAGNOSTIC,    32, -5.481815957011e-01, 4.582631058370e-05, 2.7298e+00, 2.7433e-02, 
 2DIAGNOSTIC,    33, -5.481718257194e-01, 3.689943257178e-05, 2.7570e+00, 2.7239e-02, 
 2DIAGNOSTIC,    34, -5.481825626396e-01, 2.560031556901e-05, 2.7842e+00, 2.7220e-02, 
 2DIAGNOSTIC,    35, -5.481838557422e-01, 1.379952156027e-05, 2.8136e+00, 2.9362e-02, 
 2DIAGNOSTIC,    36, -5.481854579811e-01, 3.009180811937e-06, 2.8421e+00, 2.8476e-02, 
 2DIAGNOSTIC,    37, -5.482631349730e-01, 2.936486491217e-06, 2.8745e+00, 3.2396e-02, 
 2DIAGNOSTIC,    38, -5.482856021537e-01, 2.436033906868e-06, 2.9068e+00, 3.2322e-02, 
 2DIAGNOSTIC,    39, -5.482706816506e-01, 3.481460346531e-06, 2.9427e+00, 3.5947e-02, 
 2DIAGNOSTIC,    40, -5.481987728247e-01, 3.304970478561e-06, 2.9749e+00, 3.2167e-02, 
 2DIAGNOSTIC,    41, -5.482804015578e-01, 3.879038070288e-06, 3.0065e+00, 3.1572e-02, 
 2DIAGNOSTIC,    42, -5.481859084839e-01, 2.659579880909e-06, 3.0416e+00, 3.5168e-02, 
 2DIAGNOSTIC,    43, -5.482756799123e-01, 2.302268102387e-06, 3.0813e+00, 3.9674e-02, 
 2DIAGNOSTIC,    44, -5.483025231593e-01, 2.247892431726e-06, 3.1129e+00, 3.1579e-02, 
 2DIAGNOSTIC,    45, -5.482811786458e-01, 1.830160461753e-06, 3.1452e+00, 3.2349e-02, 
 2DIAGNOSTIC,    46, -5.482645577355e-01, 1.147409409322e-06, 3.1776e+00, 3.2325e-02, 
 2DIAGNOSTIC,    47, -5.482548593236e-01, 1.197636601079e-06, 3.2686e+00, 9.1000e-02, 
 2DIAGNOSTIC,    48, -5.482548593225e-01, 1.432380311240e-06, 3.3538e+00, 8.5272e-02, 
 2DIAGNOSTIC,    49, -5.482548593225e-01, 1.430025226023e-06, 3.3858e+00, 3.1941e-02, 
DIAGNOSTIC,Iteration,metricValue,convergenceValue,ITERATION_TIME_INDEX,SINCE_LAST
 2DIAGNOSTIC,     1, -4.661873943903e-01, 1.797693134862e+308, 4.5571e+00, 1.1714e+00, 
 2DIAGNOSTIC,     2, -4.663634407954e-01, 1.797693134862e+308, 4.7858e+00, 2.2865e-01, 
 2DIAGNOSTIC,     3, -4.665065268610e-01, 1.797693134862e+308, 5.0454e+00, 2.5956e-01, 
 2DIAGNOSTIC,     4, -4.666272938544e-01, 1.797693134862e+308, 5.2882e+00, 2.4286e-01, 
 2DIAGNOSTIC,     5, -4.667166883161e-01, 1.797693134862e+308, 5.5352e+00, 2.4703e-01, 
 2DIAGNOSTIC,     6, -4.668667243865e-01, 1.797693134862e+308, 5.7871e+00, 2.5184e-01, 
 2DIAGNOSTIC,     7, -4.669697654112e-01, 1.797693134862e+308, 6.0523e+00, 2.6525e-01, 
 2DIAGNOSTIC,     8, -4.670258334421e-01, 1.797693134862e+308, 6.3555e+00, 3.0322e-01, 
 2DIAGNOSTIC,     9, -4.670791322334e-01, 1.797693134862e+308, 6.5680e+00, 2.1243e-01, 
 2DIAGNOSTIC,    10, -4.671177525189e-01, 1.313506874474e-04, 6.7921e+00, 2.2417e-01, 
 2DIAGNOSTIC,    11, -4.671984787122e-01, 1.051589549296e-04, 7.0252e+00, 2.3304e-01, 
 2DIAGNOSTIC,    12, -4.674361136548e-01, 9.491351850641e-05, 7.3850e+00, 3.5984e-01, 
 2DIAGNOSTIC,    13, -4.675162714474e-01, 8.805679460819e-05, 7.6108e+00, 2.2578e-01, 
 2DIAGNOSTIC,    14, -4.675732993185e-01, 8.220268825543e-05, 7.9138e+00, 3.0303e-01, 
 2DIAGNOSTIC,    15, -4.675740524907e-01, 7.348762175001e-05, 8.2023e+00, 2.8845e-01, 
 2DIAGNOSTIC,    16, -4.675763034683e-01, 6.504172882597e-05, 8.5927e+00, 3.9043e-01, 
 2DIAGNOSTIC,    17, -4.675763998162e-01, 5.533237676399e-05, 8.8166e+00, 2.2388e-01, 
 2DIAGNOSTIC,    18, -4.675746407096e-01, 4.352722040435e-05, 9.0336e+00, 2.1698e-01, 
 2DIAGNOSTIC,    19, -4.675729813737e-01, 3.083235458661e-05, 9.2774e+00, 2.4384e-01, 
 2DIAGNOSTIC,    20, -4.675713174011e-01, 1.787339504947e-05, 9.4994e+00, 2.2193e-01, 
 2DIAGNOSTIC,    21, -4.675679165014e-01, 6.729531495622e-06, 9.7366e+00, 2.3727e-01, 
 2DIAGNOSTIC,    22, -4.675676534727e-01, 2.633961700971e-06, 1.0018e+01, 2.8128e-01, 
DIAGNOSTIC,Iteration,metricValue,convergenceValue,ITERATION_TIME_INDEX,SINCE_LAST
 2DIAGNOSTIC,     1, -4.258650717070e-01, 1.797693134862e+308, 1.2612e+01, 2.5942e+00, 
 2DIAGNOSTIC,     2, -4.259686236001e-01, 1.797693134862e+308, 1.4149e+01, 1.5370e+00, 
 2DIAGNOSTIC,     3, -4.260095499752e-01, 1.797693134862e+308, 1.6263e+01, 2.1138e+00, 
 2DIAGNOSTIC,     4, -4.260079819166e-01, 1.797693134862e+308, 1.8400e+01, 2.1370e+00, 
 2DIAGNOSTIC,     5, -4.260080727312e-01, 1.797693134862e+308, 2.0108e+01, 1.7082e+00, 
 2DIAGNOSTIC,     6, -4.260081332277e-01, 1.797693134862e+308, 2.1566e+01, 1.4582e+00, 
 2DIAGNOSTIC,     7, -4.260082716626e-01, 1.797693134862e+308, 2.3327e+01, 1.7611e+00, 
 2DIAGNOSTIC,     8, -4.260079805755e-01, 1.797693134862e+308, 2.5040e+01, 1.7127e+00, 
 2DIAGNOSTIC,     9, -4.260078917184e-01, 1.797693134862e+308, 2.6517e+01, 1.4773e+00, 
 2DIAGNOSTIC,    10, -4.260079142163e-01, 1.493587179278e-05, 2.8193e+01, 1.6755e+00, 
 2DIAGNOSTIC,    11, -4.260079355373e-01, 5.184552667445e-06, 2.9699e+01, 1.5058e+00, 
 2DIAGNOSTIC,    12, -4.260077552231e-01, 2.533753515915e-06, 3.1376e+01, 1.6775e+00, 
 2DIAGNOSTIC,    13, -4.260077780857e-01, 2.405862449845e-06, 3.2972e+01, 1.5957e+00, 
 2DIAGNOSTIC,    14, -4.260078160575e-01, 2.227081650180e-06, 3.4939e+01, 1.9668e+00, 
 2DIAGNOSTIC,    15, -4.260079264255e-01, 2.084819946929e-06, 3.6611e+01, 1.6721e+00, 
 2DIAGNOSTIC,    16, -4.260076274948e-01, 1.953232494217e-06, 3.7925e+01, 1.3141e+00, 
 2DIAGNOSTIC,    17, -4.260075334718e-01, 1.842910735586e-06, 3.9416e+01, 1.4908e+00, 
 2DIAGNOSTIC,    18, -4.260075461174e-01, 1.737297701643e-06, 4.1429e+01, 2.0135e+00, 
 2DIAGNOSTIC,    19, -4.260075494814e-01, 1.642195886761e-06, 4.2932e+01, 1.5027e+00, 
 2DIAGNOSTIC,    20, -4.260073512169e-01, 1.553560432285e-06, 4.4462e+01, 1.5305e+00, 
 2DIAGNOSTIC,    21, -4.260073579516e-01, 1.478240674875e-06, 4.5985e+01, 1.5222e+00, 
 2DIAGNOSTIC,    22, -4.260071599735e-01, 1.401761731808e-06, 4.7526e+01, 1.5411e+00, 
 2DIAGNOSTIC,    23, -4.260071640636e-01, 1.336789833960e-06, 4.9009e+01, 1.4832e+00, 
 2DIAGNOSTIC,    24, -4.260070668221e-01, 1.279643147063e-06, 5.0469e+01, 1.4607e+00, 
 2DIAGNOSTIC,    25, -4.260069726855e-01, 1.232083186357e-06, 5.1807e+01, 1.3374e+00, 
 2DIAGNOSTIC,    26, -4.260071895614e-01, 1.190020039524e-06, 5.3141e+01, 1.3338e+00, 
 2DIAGNOSTIC,    27, -4.260077202136e-01, 1.164785624376e-06, 5.4594e+01, 1.4533e+00, 
 2DIAGNOSTIC,    28, -4.260078350098e-01, 1.145284189076e-06, 5.6193e+01, 1.5987e+00, 
 2DIAGNOSTIC,    29, -4.260078427615e-01, 1.126771428821e-06, 5.7648e+01, 1.4550e+00, 
 2DIAGNOSTIC,    30, -4.260077533453e-01, 1.100459320960e-06, 5.9096e+01, 1.4486e+00, 
 2DIAGNOSTIC,    31, -4.260076621289e-01, 1.070301912709e-06, 6.0797e+01, 1.7010e+00, 
 2DIAGNOSTIC,    32, -4.260075658225e-01, 1.031472433848e-06, 6.2267e+01, 1.4698e+00, 
  Elapsed time (stage 0): 6.3148e+01


Total elapsed time: 6.3150e+01
Info [verificarlo]: loaded backend libinterflop_vprec.so
Info [interflop-vprec]: load backend with: 
Info [interflop-vprec]: precision-binary32 = 21
Info [interflop-vprec]: range-binary32 = 8
Info [interflop-vprec]: precision-binary64 = 21
Info [interflop-vprec]: range-binary64 = 8
Info [interflop-vprec]: mode = ob
Info [interflop-vprec]: error-mode = rel
Info [interflop-vprec]: max-abs-error-exponent = -1022
Info [interflop-vprec]: daz = false
Info [interflop-vprec]: ftz = false
Info [interflop-vprec]: 	instrument = none
Info [interflop-vprec]: 	prec-input-file = (null)
Info [interflop-vprec]: 	prec-output-file = (null)
Info [interflop-vprec]: 	prec-log-file = (null)
All_Command_lines_OK
Using double precision for computations.
=============================================================================
The composite transform comprises the following transforms (in order): 
  1. /home/mdugre/scratch/mri-registration-rp/datasets/ds004513/derivatives/mri-registration-rp/0011/antsRegistration-r8-p21/sub-s033/rigid_Composite.h5[0] (type = Euler3DTransform)
  2. /home/mdugre/scratch/mri-registration-rp/datasets/ds004513/derivatives/mri-registration-rp/0011/antsRegistration-r8-p21/sub-s033/rigid_Composite.h5[1] (type = Euler3DTransform)
  3. /home/mdugre/scratch/mri-registration-rp/datasets/ds004513/derivatives/mri-registration-rp/0011/antsRegistration-r8-p21/sub-s033/rigid_Composite.h5[2] (type = Euler3DTransform)
=============================================================================
  number of levels = 4
  fixed image: /templateflow/tpl-MNI152NLin2009cAsym/tpl-MNI152NLin2009cAsym_res-01_desc-brain_T1w.nii.gz
  moving image: /home/mdugre/scratch/mri-registration-rp/datasets/ds004513/derivatives/mri-registration-rp/antsBrainExtraction/sub-s033/BrainExtractionBrain.nii.gz
Dimension = 3
Number of stages = 1
Use histogram matching = false
Winsorize image intensities = true
  Lower quantile = 0.005
  Upper quantile = 0.995


Stage 1 State
   Image metric = MattesMI
     Fixed image = Image (0x4790490)
  RTTI typeinfo:   itk::Image<double, 3u>
  Reference Count: 2
  Modified Time: 1592
  Debug: Off
  Object Name: 
  Observers: 
    none
  Source: (none)
  Source output name: (none)
  Release Data: Off
  Data Released: False
  Global Release Data: Off
  PipelineMTime: 0
  UpdateMTime: 1203
  RealTimeStamp: 0 seconds 
  LargestPossibleRegion: 
    Dimension: 3
    Index: [0, 0, 0]
    Size: [193, 229, 193]
  BufferedRegion: 
    Dimension: 3
    Index: [0, 0, 0]
    Size: [193, 229, 193]
  RequestedRegion: 
    Dimension: 3
    Index: [0, 0, 0]
    Size: [193, 229, 193]
  Spacing: [1, 1, 1]
  Origin: [96, 132, -78]
  Direction: 
-1 0 0
0 -1 0
0 0 1

  IndexToPointMatrix: 
-1 0 0
0 -1 0
0 0 1

  PointToIndexMatrix: 
-1 0 0
0 -1 0
0 0 1

  Inverse Direction: 
-1 0 0
0 -1 0
0 0 1

  PixelContainer: 
    ImportImageContainer (0x485b8c0)
      RTTI typeinfo:   itk::ImportImageContainer<unsigned long, double>
      Reference Count: 1
      Modified Time: 1200
      Debug: Off
      Object Name: 
      Observers: 
        none
      Pointer: 0x152ee02ae010
      Container manages memory: true
      Size: 8530021
      Capacity: 8530021

     Moving image = Image (0x484bb60)
  RTTI typeinfo:   itk::Image<double, 3u>
  Reference Count: 2
  Modified Time: 1593
  Debug: Off
  Object Name: 
  Observers: 
    none
  Source: (none)
  Source output name: (none)
  Release Data: Off
  Data Released: False
  Global Release Data: Off
  PipelineMTime: 0
  UpdateMTime: 1590
  RealTimeStamp: 0 seconds 
  LargestPossibleRegion: 
    Dimension: 3
    Index: [0, 0, 0]
    Size: [160, 240, 256]
  BufferedRegion: 
    Dimension: 3
    Index: [0, 0, 0]
    Size: [160, 240, 256]
  RequestedRegion: 
    Dimension: 3
    Index: [0, 0, 0]
    Size: [160, 240, 256]
  Spacing: [1, 1, 1]
  Origin: [91.5134, 94.282, -109.927]
  Direction: 
-0.99591 -0.0698718 -0.0572835
0.0697565 -0.997556 0.00401236
-0.0574239 5.01125e-08 0.99835

  IndexToPointMatrix: 
-0.99591 -0.0698718 -0.0572835
0.0697565 -0.997556 0.00401236
-0.0574239 5.01125e-08 0.99835

  PointToIndexMatrix: 
-0.99591 0.0697565 -0.0574239
-0.0698718 -0.997556 3.57628e-07
-0.0572835 0.00401223 0.99835

  Inverse Direction: 
-0.99591 0.0697565 -0.0574239
-0.0698718 -0.997556 3.57628e-07
-0.0572835 0.00401223 0.99835

  PixelContainer: 
    ImportImageContainer (0x48df1d0)
      RTTI typeinfo:   itk::ImportImageContainer<unsigned long, double>
      Reference Count: 1
      Modified Time: 1587
      Debug: Off
      Object Name: 
      Observers: 
        none
      Pointer: 0x152edb7ad010
      Container manages memory: true
      Size: 9830400
      Capacity: 9830400

     Weighting = 1
     Sampling strategy = regular
     Number of bins = 32
     Radius = 4
     Sampling percentage  = 0.25
   Transform = Affine
     Gradient step = 0.1
     Update field sigma (voxel space) = 0
     Total field sigma (voxel space) = 0
     Update field time sigma = 0
     Total field time sigma  = 0
     Number of time indices = 0
     Number of time point samples = 0
Registration using 1 total stages.

Stage 0
  iterations = 1000x500x250x100
  convergence threshold = 1e-06
  convergence window size = 10
  number of levels = 4
  using the Mattes MI metric (number of bins = 32, weight = 1, use gradient filter = 0)
  preprocessing:  winsorizing the image intensities
  Shrink factors (level 1 out of 4): [8, 8, 8]
  Shrink factors (level 2 out of 4): [4, 4, 4]
  Shrink factors (level 3 out of 4): [2, 2, 2]
  Shrink factors (level 4 out of 4): [1, 1, 1]
  smoothing sigmas per level: [3, 2, 1, 0]
  regular sampling (percentage = 0.25)

*** Running AffineTransform registration ***

DIAGNOSTIC,Iteration,metricValue,convergenceValue,ITERATION_TIME_INDEX,SINCE_LAST
 2DIAGNOSTIC,     1, -6.382828924039e-01, 1.797693134862e+308, 0.0000e+00, 0.0000e+00, 
 2DIAGNOSTIC,     2, -6.407527894942e-01, 1.797693134862e+308, 0.0000e+00, 0.0000e+00, 
 2DIAGNOSTIC,     3, -6.451651727450e-01, 1.797693134862e+308, 0.0000e+00, 0.0000e+00, 
 2DIAGNOSTIC,     4, -6.522001871040e-01, 1.797693134862e+308, 0.0000e+00, 0.0000e+00, 
 2DIAGNOSTIC,     5, -6.631228034863e-01, 1.797693134862e+308, 0.0000e+00, 0.0000e+00, 
 2DIAGNOSTIC,     6, -6.816278968901e-01, 1.797693134862e+308, 0.0000e+00, 0.0000e+00, 
 2DIAGNOSTIC,     7, -7.249083824902e-01, 1.797693134862e+308, 0.0000e+00, 0.0000e+00, 
 2DIAGNOSTIC,     8, -8.394908594780e-01, 1.797693134862e+308, 0.0000e+00, 0.0000e+00, 
 2DIAGNOSTIC,     9, -8.690363012805e-01, 1.797693134862e+308, 0.0000e+00, 0.0000e+00, 
 2DIAGNOSTIC,    10, -8.717306938145e-01, 2.384986558872e-02, 0.0000e+00, 0.0000e+00, 
 2DIAGNOSTIC,    11, -8.871626423623e-01, 2.403547896941e-02, 0.0000e+00, 0.0000e+00, 
 2DIAGNOSTIC,    12, -8.961578742468e-01, 2.237288414487e-02, 0.0000e+00, 0.0000e+00, 
 2DIAGNOSTIC,    13, -9.034839326873e-01, 1.928603956988e-02, 0.0000e+00, 0.0000e+00, 
 2DIAGNOSTIC,    14, -9.070296630454e-01, 1.525468779380e-02, 0.0000e+00, 0.0000e+00, 
 2DIAGNOSTIC,    15, -9.069028383610e-01, 1.077531220923e-02, 0.0000e+00, 0.0000e+00, 
 2DIAGNOSTIC,    16, -9.067063084868e-01, 6.383760585394e-03, 0.0000e+00, 0.0000e+00, 
 2DIAGNOSTIC,    17, -9.063060062602e-01, 2.833808339369e-03, 0.0000e+00, 0.0000e+00, 
 2DIAGNOSTIC,    18, -9.063410258604e-01, 1.710291417291e-03, 0.0000e+00, 0.0000e+00, 
 2DIAGNOSTIC,    19, -9.062460180355e-01, 1.110343643158e-03, 0.0000e+00, 0.0000e+00, 
 2DIAGNOSTIC,    20, -9.063306787835e-01, 5.194771053249e-04, 0.0000e+00, 0.0000e+00, 
 2DIAGNOSTIC,    21, -9.064527446703e-01, 1.987579803668e-04, 0.0000e+00, 0.0000e+00, 
 2DIAGNOSTIC,    22, -9.062894896435e-01, 2.818788921735e-05, 0.0000e+00, 0.0000e+00, 
DIAGNOSTIC,Iteration,metricValue,convergenceValue,ITERATION_TIME_INDEX,SINCE_LAST
 2DIAGNOSTIC,     1, -7.438071234120e-01, 1.797693134862e+308, 0.0000e+00, 0.0000e+00, 
 2DIAGNOSTIC,     2, -7.445059667793e-01, 1.797693134862e+308, 0.0000e+00, 0.0000e+00, 
 2DIAGNOSTIC,     3, -7.451634441436e-01, 1.797693134862e+308, 0.0000e+00, 0.0000e+00, 
 2DIAGNOSTIC,     4, -7.460174178012e-01, 1.797693134862e+308, 0.0000e+00, 0.0000e+00, 
 2DIAGNOSTIC,     5, -7.469236473305e-01, 1.797693134862e+308, 0.0000e+00, 0.0000e+00, 
 2DIAGNOSTIC,     6, -7.478049686227e-01, 1.797693134862e+308, 0.0000e+00, 0.0000e+00, 
 2DIAGNOSTIC,     7, -7.484126966530e-01, 1.797693134862e+308, 0.0000e+00, 0.0000e+00, 
 2DIAGNOSTIC,     8, -7.484197879338e-01, 1.797693134862e+308, 0.0000e+00, 0.0000e+00, 
 2DIAGNOSTIC,     9, -7.484273699736e-01, 1.797693134862e+308, 0.0000e+00, 0.0000e+00, 
 2DIAGNOSTIC,    10, -7.484394485154e-01, 4.449668569032e-04, 0.0000e+00, 0.0000e+00, 
 2DIAGNOSTIC,    11, -7.484509627119e-01, 3.245181402039e-04, 0.0000e+00, 0.0000e+00, 
 2DIAGNOSTIC,    12, -7.484317392386e-01, 2.166596584836e-04, 0.0000e+00, 0.0000e+00, 
 2DIAGNOSTIC,    13, -7.484423021331e-01, 1.256283482235e-04, 0.0000e+00, 0.0000e+00, 
 2DIAGNOSTIC,    14, -7.484346754202e-01, 5.926532015019e-05, 0.0000e+00, 0.0000e+00, 
 2DIAGNOSTIC,    15, -7.484309766008e-01, 1.898523612974e-05, 0.0000e+00, 0.0000e+00, 
 2DIAGNOSTIC,    16, -7.484478148730e-01, 3.138303853137e-06, 0.0000e+00, 0.0000e+00, 
 2DIAGNOSTIC,    17, -7.484591155402e-01, 2.890958890660e-06, 0.0000e+00, 0.0000e+00, 
 2DIAGNOSTIC,    18, -7.484736283579e-01, 3.030689674624e-06, 0.0000e+00, 0.0000e+00, 
 2DIAGNOSTIC,    19, -7.484961990509e-01, 3.633878510455e-06, 0.0000e+00, 0.0000e+00, 
 2DIAGNOSTIC,    20, -7.485286871427e-01, 4.829708604132e-06, 0.0000e+00, 0.0000e+00, 
 2DIAGNOSTIC,    21, -7.486009309264e-01, 7.122944991320e-06, 0.0000e+00, 0.0000e+00, 
 2DIAGNOSTIC,    22, -7.486093257820e-01, 8.461322334209e-06, 0.0000e+00, 0.0000e+00, 
 2DIAGNOSTIC,    23, -7.486281670057e-01, 9.533485213466e-06, 0.0000e+00, 0.0000e+00, 
 2DIAGNOSTIC,    24, -7.486387198244e-01, 9.809553534544e-06, 0.0000e+00, 0.0000e+00, 
 2DIAGNOSTIC,    25, -7.486188424347e-01, 8.894290710153e-06, 0.0000e+00, 0.0000e+00, 
 2DIAGNOSTIC,    26, -7.486305690414e-01, 7.748262378163e-06, 0.0000e+00, 0.0000e+00, 
 2DIAGNOSTIC,    27, -7.486196377502e-01, 6.071065223129e-06, 0.0000e+00, 0.0000e+00, 
 2DIAGNOSTIC,    28, -7.486694281615e-01, 4.934204065020e-06, 0.0000e+00, 0.0000e+00, 
 2DIAGNOSTIC,    29, -7.486839261271e-01, 3.983921373914e-06, 0.0000e+00, 0.0000e+00, 
 2DIAGNOSTIC,    30, -7.486724939633e-01, 3.073212475002e-06, 0.0000e+00, 0.0000e+00, 
 2DIAGNOSTIC,    31, -7.486634733342e-01, 2.822968904956e-06, 0.0000e+00, 0.0000e+00, 
 2DIAGNOSTIC,    32, -7.486519573029e-01, 2.376192360445e-06, 0.0000e+00, 0.0000e+00, 
 2DIAGNOSTIC,    33, -7.486292440540e-01, 1.767586192851e-06, 0.0000e+00, 0.0000e+00, 
 2DIAGNOSTIC,    34, -7.486305661089e-01, 1.257081863527e-06, 0.0000e+00, 0.0000e+00, 
DIAGNOSTIC,Iteration,metricValue,convergenceValue,ITERATION_TIME_INDEX,SINCE_LAST
 2DIAGNOSTIC,     1, -6.324847513273e-01, 1.797693134862e+308, 0.0000e+00, 0.0000e+00, 
 2DIAGNOSTIC,     2, -6.330833067681e-01, 1.797693134862e+308, 0.0000e+00, 0.0000e+00, 
 2DIAGNOSTIC,     3, -6.337464086947e-01, 1.797693134862e+308, 0.0000e+00, 0.0000e+00, 
 2DIAGNOSTIC,     4, -6.345814536703e-01, 1.797693134862e+308, 0.0000e+00, 0.0000e+00, 
 2DIAGNOSTIC,     5, -6.368412619897e-01, 1.797693134862e+308, 0.0000e+00, 0.0000e+00, 
 2DIAGNOSTIC,     6, -6.368299953103e-01, 1.797693134862e+308, 0.0000e+00, 0.0000e+00, 
 2DIAGNOSTIC,     7, -6.368264689128e-01, 1.797693134862e+308, 0.0000e+00, 0.0000e+00, 
 2DIAGNOSTIC,     8, -6.368232673246e-01, 1.797693134862e+308, 0.0000e+00, 0.0000e+00, 
 2DIAGNOSTIC,     9, -6.368228103429e-01, 1.797693134862e+308, 0.0000e+00, 0.0000e+00, 
 2DIAGNOSTIC,    10, -6.368218531118e-01, 4.866629198285e-04, 0.0000e+00, 0.0000e+00, 
 2DIAGNOSTIC,    11, -6.368208292051e-01, 3.276552062570e-04, 0.0000e+00, 0.0000e+00, 
 2DIAGNOSTIC,    12, -6.368200122340e-01, 1.893951224917e-04, 0.0000e+00, 0.0000e+00, 
 2DIAGNOSTIC,    13, -6.368178016674e-01, 7.841652606999e-05, 0.0000e+00, 0.0000e+00, 
DIAGNOSTIC,Iteration,metricValue,convergenceValue,ITERATION_TIME_INDEX,SINCE_LAST
 2DIAGNOSTIC,     1, -5.628380811826e-01, 1.797693134862e+308, 0.0000e+00, 0.0000e+00, 
 2DIAGNOSTIC,     2, -5.630205115496e-01, 1.797693134862e+308, 0.0000e+00, 0.0000e+00, 
 2DIAGNOSTIC,     3, -5.632065554726e-01, 1.797693134862e+308, 0.0000e+00, 0.0000e+00, 
 2DIAGNOSTIC,     4, -5.635344905092e-01, 1.797693134862e+308, 0.0000e+00, 0.0000e+00, 
 2DIAGNOSTIC,     5, -5.640000165813e-01, 1.797693134862e+308, 0.0000e+00, 0.0000e+00, 
 2DIAGNOSTIC,     6, -5.640008006805e-01, 1.797693134862e+308, 0.0000e+00, 0.0000e+00, 
 2DIAGNOSTIC,     7, -5.639998714724e-01, 1.797693134862e+308, 0.0000e+00, 0.0000e+00, 
 2DIAGNOSTIC,     8, -5.639996282185e-01, 1.797693134862e+308, 0.0000e+00, 0.0000e+00, 
 2DIAGNOSTIC,     9, -5.639996618826e-01, 1.797693134862e+308, 0.0000e+00, 0.0000e+00, 
 2DIAGNOSTIC,    10, -5.639996330570e-01, 1.439221434050e-04, 0.0000e+00, 0.0000e+00, 
 2DIAGNOSTIC,    11, -5.639993500892e-01, 9.447515028663e-05, 0.0000e+00, 0.0000e+00, 
 2DIAGNOSTIC,    12, -5.639992687929e-01, 5.298576653508e-05, 0.0000e+00, 0.0000e+00, 
 2DIAGNOSTIC,    13, -5.639992680142e-01, 2.040673832365e-05, 0.0000e+00, 0.0000e+00, 
 2DIAGNOSTIC,    14, -5.639992528184e-01, 2.180172045105e-06, 0.0000e+00, 0.0000e+00, 
 2DIAGNOSTIC,    15, -5.639993952353e-01, 2.042543360239e-06, 0.0000e+00, 0.0000e+00, 
 2DIAGNOSTIC,    16, -5.639993524654e-01, 1.953761174206e-06, 0.0000e+00, 0.0000e+00, 
 2DIAGNOSTIC,    17, -5.639993704636e-01, 1.852226752905e-06, 0.0000e+00, 0.0000e+00, 
 2DIAGNOSTIC,    18, -5.639992098528e-01, 1.752577083257e-06, 0.0000e+00, 0.0000e+00, 
 2DIAGNOSTIC,    19, -5.639992072254e-01, 1.665858913688e-06, 0.0000e+00, 0.0000e+00, 
 2DIAGNOSTIC,    20, -5.639990607572e-01, 1.584502875872e-06, 0.0000e+00, 0.0000e+00, 
 2DIAGNOSTIC,    21, -5.639990585270e-01, 1.504930320785e-06, 0.0000e+00, 0.0000e+00, 
 2DIAGNOSTIC,    22, -5.639990585141e-01, 1.431886783414e-06, 0.0000e+00, 0.0000e+00, 
 2DIAGNOSTIC,    23, -5.639990581415e-01, 1.366727023923e-06, 0.0000e+00, 0.0000e+00, 
 2DIAGNOSTIC,    24, -5.639990578007e-01, 1.308332547169e-06, 0.0000e+00, 0.0000e+00, 
 2DIAGNOSTIC,    25, -5.639990578939e-01, 1.259302102860e-06, 0.0000e+00, 0.0000e+00, 
 2DIAGNOSTIC,    26, -5.639990577630e-01, 1.214586009789e-06, 0.0000e+00, 0.0000e+00, 
 2DIAGNOSTIC,    27, -5.639990565667e-01, 1.174544816032e-06, 0.0000e+00, 0.0000e+00, 
 2DIAGNOSTIC,    28, -5.639990567260e-01, 1.134949718845e-06, 0.0000e+00, 0.0000e+00, 
 2DIAGNOSTIC,    29, -5.639990562120e-01, 1.098367157934e-06, 0.0000e+00, 0.0000e+00, 
 2DIAGNOSTIC,    30, -5.639990558407e-01, 1.061770406381e-06, 0.0000e+00, 0.0000e+00, 
 2DIAGNOSTIC,    31, -5.639990564653e-01, 1.027519150293e-06, 0.0000e+00, 0.0000e+00, 
  Elapsed time (stage 0): 0.0000e+00


Total elapsed time: 0.0000e+00
Info [verificarlo]: loaded backend libinterflop_vprec.so
Info [interflop-vprec]: load backend with: 
Info [interflop-vprec]: precision-binary32 = 21
Info [interflop-vprec]: range-binary32 = 8
Info [interflop-vprec]: precision-binary64 = 21
Info [interflop-vprec]: range-binary64 = 8
Info [interflop-vprec]: mode = ob
Info [interflop-vprec]: error-mode = rel
Info [interflop-vprec]: max-abs-error-exponent = -1022
Info [interflop-vprec]: daz = false
Info [interflop-vprec]: ftz = false
Info [interflop-vprec]: 	instrument = none
Info [interflop-vprec]: 	prec-input-file = (null)
Info [interflop-vprec]: 	prec-output-file = (null)
Info [interflop-vprec]: 	prec-log-file = (null)
All_Command_lines_OK
Using double precision for computations.
=============================================================================
The composite transform comprises the following transforms (in order): 
  1. /home/mdugre/scratch/mri-registration-rp/datasets/ds004513/derivatives/mri-registration-rp/0011/antsRegistration-r8-p21/sub-s033/affine_Composite.h5[0] (type = Euler3DTransform)
