
##########################
# Experiment information #
##########################

EXPERIMENT_NAME: antsRegistration-r7-p20
VFC_BACKENDS: libinterflop_vprec.so --range-binary32=7 --precision-binary32=20 --range-binary64=7 --precision-binary64=20

SIF_IMG: /home/mdugre/projects/rrg-glatard/mdugre/containers/ants-vprec-no_metrics.simg

SUBJECT_ID: s033
INPUT_IMG: /home/mdugre/scratch/mri-registration-rp/datasets/ds004513/derivatives/mri-registration-rp/antsBrainExtraction/sub-s033/BrainExtractionBrain.nii.gz
OUTPUT_DIR: /home/mdugre/scratch/mri-registration-rp/datasets/ds004513/derivatives/mri-registration-rp/0011/antsRegistration-r7-p20/sub-s033

FIXED_IMG: /templateflow/tpl-MNI152NLin2009cAsym/tpl-MNI152NLin2009cAsym_res-01_desc-brain_T1w.nii.gz
DATA_DIR: /home/mdugre/scratch/mri-registration-rp/datasets/ds004513
TEMPLATEFLOW_DIR: /home/mdugre/projects/rrg-glatard/mdugre/templateflow
ITK_GLOBAL_DEFAULT_NUMBER_OF_THREADS: 16
##########################

Info [verificarlo]: loaded backend libinterflop_ieee.so
Info [interflop-ieee]: load backend with:
Info [interflop-ieee]: debug = false
Info [interflop-ieee]: debug-binary = false
Info [interflop-ieee]: no-backend-name = false
Info [interflop-ieee]: print-new-line = false
Info [interflop-ieee]: print-subnormal-normalized = false
Info [interflop-ieee]: count-op = false
All_Command_lines_OK
Using double precision for computations.
=============================================================================
The composite transform comprises the following transforms (in order): 
  1. Center of mass alignment using fixed image: /templateflow/tpl-MNI152NLin2009cAsym/tpl-MNI152NLin2009cAsym_res-01_desc-brain_T1w.nii.gz and moving image: /home/mdugre/scratch/mri-registration-rp/datasets/ds004513/derivatives/mri-registration-rp/antsBrainExtraction/sub-s033/BrainExtractionBrain.nii.gz (type = Euler3DTransform)
=============================================================================
  number of levels = 1
  fixed image: /templateflow/tpl-MNI152NLin2009cAsym/tpl-MNI152NLin2009cAsym_res-01_desc-brain_T1w.nii.gz
  moving image: /home/mdugre/scratch/mri-registration-rp/datasets/ds004513/derivatives/mri-registration-rp/antsBrainExtraction/sub-s033/BrainExtractionBrain.nii.gz
Dimension = 3
Number of stages = 1
Use histogram matching = false
Winsorize image intensities = true
  Lower quantile = 0.005
  Upper quantile = 0.995


Stage 1 State
   Image metric = MattesMI
     Fixed image = Image (0x518be70)
  RTTI typeinfo:   itk::Image<double, 3u>
  Reference Count: 2
  Modified Time: 2330
  Debug: Off
  Object Name: 
  Observers: 
    none
  Source: (none)
  Source output name: (none)
  Release Data: Off
  Data Released: False
  Global Release Data: Off
  PipelineMTime: 0
  UpdateMTime: 1941
  RealTimeStamp: 0 seconds 
  LargestPossibleRegion: 
    Dimension: 3
    Index: [0, 0, 0]
    Size: [193, 229, 193]
  BufferedRegion: 
    Dimension: 3
    Index: [0, 0, 0]
    Size: [193, 229, 193]
  RequestedRegion: 
    Dimension: 3
    Index: [0, 0, 0]
    Size: [193, 229, 193]
  Spacing: [1, 1, 1]
  Origin: [96, 132, -78]
  Direction: 
-1 0 0
0 -1 0
0 0 1

  IndexToPointMatrix: 
-1 0 0
0 -1 0
0 0 1

  PointToIndexMatrix: 
-1 0 0
0 -1 0
0 0 1

  Inverse Direction: 
-1 0 0
0 -1 0
0 0 1

  PixelContainer: 
    ImportImageContainer (0x5194c60)
      RTTI typeinfo:   itk::ImportImageContainer<unsigned long, double>
      Reference Count: 1
      Modified Time: 1938
      Debug: Off
      Object Name: 
      Observers: 
        none
      Pointer: 0x1543f870b010
      Container manages memory: true
      Size: 8530021
      Capacity: 8530021

     Moving image = Image (0x518e540)
  RTTI typeinfo:   itk::Image<double, 3u>
  Reference Count: 2
  Modified Time: 2331
  Debug: Off
  Object Name: 
  Observers: 
    none
  Source: (none)
  Source output name: (none)
  Release Data: Off
  Data Released: False
  Global Release Data: Off
  PipelineMTime: 0
  UpdateMTime: 2328
  RealTimeStamp: 0 seconds 
  LargestPossibleRegion: 
    Dimension: 3
    Index: [0, 0, 0]
    Size: [160, 240, 256]
  BufferedRegion: 
    Dimension: 3
    Index: [0, 0, 0]
    Size: [160, 240, 256]
  RequestedRegion: 
    Dimension: 3
    Index: [0, 0, 0]
    Size: [160, 240, 256]
  Spacing: [1, 1, 1]
  Origin: [91.5134, 94.282, -109.927]
  Direction: 
-0.99591 -0.0698718 -0.0572835
0.0697565 -0.997556 0.00401236
-0.0574239 5.01125e-08 0.99835

  IndexToPointMatrix: 
-0.99591 -0.0698718 -0.0572835
0.0697565 -0.997556 0.00401236
-0.0574239 5.01125e-08 0.99835

  PointToIndexMatrix: 
-0.99591 0.0697565 -0.0574239
-0.0698718 -0.997556 5.01483e-08
-0.0572835 0.00401236 0.99835

  Inverse Direction: 
-0.99591 0.0697565 -0.0574239
-0.0698718 -0.997556 5.01483e-08
-0.0572835 0.00401236 0.99835

  PixelContainer: 
    ImportImageContainer (0x52a0610)
      RTTI typeinfo:   itk::ImportImageContainer<unsigned long, double>
      Reference Count: 1
      Modified Time: 2325
      Debug: Off
      Object Name: 
      Observers: 
        none
      Pointer: 0x1543f3c0a010
      Container manages memory: true
      Size: 9830400
      Capacity: 9830400

     Weighting = 1
     Sampling strategy = regular
     Number of bins = 32
     Radius = 4
     Sampling percentage  = 0.25
   Transform = Rigid
     Gradient step = 0.1
     Update field sigma (voxel space) = 0
     Total field sigma (voxel space) = 0
     Update field time sigma = 0
     Total field time sigma  = 0
     Number of time indices = 0
     Number of time point samples = 0
Registration using 1 total stages.

Stage 0
  iterations = 0
  convergence threshold = 1e-06
  convergence window size = 10
  number of levels = 1
  using the Mattes MI metric (number of bins = 32, weight = 1, use gradient filter = 0)
  preprocessing:  winsorizing the image intensities
  Shrink factors (level 1 out of 1): [1, 1, 1]
  smoothing sigmas per level: [0]
  regular sampling (percentage = 0.25)

*** Running Euler3DTransform registration ***

  Elapsed time (stage 0): 1.12214


Total elapsed time: 1.12444
Info [verificarlo]: loaded backend libinterflop_ieee.so
Info [interflop-ieee]: load backend with:
Info [interflop-ieee]: debug = false
Info [interflop-ieee]: debug-binary = false
Info [interflop-ieee]: no-backend-name = false
Info [interflop-ieee]: print-new-line = false
Info [interflop-ieee]: print-subnormal-normalized = false
Info [interflop-ieee]: count-op = false
All_Command_lines_OK
Using double precision for computations.
=============================================================================
The composite transform comprises the following transforms (in order): 
  1. /home/mdugre/scratch/mri-registration-rp/datasets/ds004513/derivatives/mri-registration-rp/0011/antsRegistration-r7-p20/sub-s033/align_Composite.h5[0] (type = Euler3DTransform)
  2. /home/mdugre/scratch/mri-registration-rp/datasets/ds004513/derivatives/mri-registration-rp/0011/antsRegistration-r7-p20/sub-s033/align_Composite.h5[1] (type = Euler3DTransform)
=============================================================================
  number of levels = 4
  fixed image: /templateflow/tpl-MNI152NLin2009cAsym/tpl-MNI152NLin2009cAsym_res-01_desc-brain_T1w.nii.gz
  moving image: /home/mdugre/scratch/mri-registration-rp/datasets/ds004513/derivatives/mri-registration-rp/antsBrainExtraction/sub-s033/BrainExtractionBrain.nii.gz
Dimension = 3
Number of stages = 1
Use histogram matching = false
Winsorize image intensities = true
  Lower quantile = 0.005
  Upper quantile = 0.995


Stage 1 State
   Image metric = MattesMI
     Fixed image = Image (0x35e3530)
  RTTI typeinfo:   itk::Image<double, 3u>
  Reference Count: 2
  Modified Time: 1578
  Debug: Off
  Object Name: 
  Observers: 
    none
  Source: (none)
  Source output name: (none)
  Release Data: Off
  Data Released: False
  Global Release Data: Off
  PipelineMTime: 0
  UpdateMTime: 1189
  RealTimeStamp: 0 seconds 
  LargestPossibleRegion: 
    Dimension: 3
    Index: [0, 0, 0]
    Size: [193, 229, 193]
  BufferedRegion: 
    Dimension: 3
    Index: [0, 0, 0]
    Size: [193, 229, 193]
  RequestedRegion: 
    Dimension: 3
    Index: [0, 0, 0]
    Size: [193, 229, 193]
  Spacing: [1, 1, 1]
  Origin: [96, 132, -78]
  Direction: 
-1 0 0
0 -1 0
0 0 1

  IndexToPointMatrix: 
-1 0 0
0 -1 0
0 0 1

  PointToIndexMatrix: 
-1 0 0
0 -1 0
0 0 1

  Inverse Direction: 
-1 0 0
0 -1 0
0 0 1

  PixelContainer: 
    ImportImageContainer (0x36a1d60)
      RTTI typeinfo:   itk::ImportImageContainer<unsigned long, double>
      Reference Count: 1
      Modified Time: 1186
      Debug: Off
      Object Name: 
      Observers: 
        none
      Pointer: 0x145ab0f06010
      Container manages memory: true
      Size: 8530021
      Capacity: 8530021

     Moving image = Image (0x3693f60)
  RTTI typeinfo:   itk::Image<double, 3u>
  Reference Count: 2
  Modified Time: 1579
  Debug: Off
  Object Name: 
  Observers: 
    none
  Source: (none)
  Source output name: (none)
  Release Data: Off
  Data Released: False
  Global Release Data: Off
  PipelineMTime: 0
  UpdateMTime: 1576
  RealTimeStamp: 0 seconds 
  LargestPossibleRegion: 
    Dimension: 3
    Index: [0, 0, 0]
    Size: [160, 240, 256]
  BufferedRegion: 
    Dimension: 3
    Index: [0, 0, 0]
    Size: [160, 240, 256]
  RequestedRegion: 
    Dimension: 3
    Index: [0, 0, 0]
    Size: [160, 240, 256]
  Spacing: [1, 1, 1]
  Origin: [91.5134, 94.282, -109.927]
  Direction: 
-0.99591 -0.0698718 -0.0572835
0.0697565 -0.997556 0.00401236
-0.0574239 5.01125e-08 0.99835

  IndexToPointMatrix: 
-0.99591 -0.0698718 -0.0572835
0.0697565 -0.997556 0.00401236
-0.0574239 5.01125e-08 0.99835

  PointToIndexMatrix: 
-0.99591 0.0697565 -0.0574239
-0.0698718 -0.997556 5.01483e-08
-0.0572835 0.00401236 0.99835

  Inverse Direction: 
-0.99591 0.0697565 -0.0574239
-0.0698718 -0.997556 5.01483e-08
-0.0572835 0.00401236 0.99835

  PixelContainer: 
    ImportImageContainer (0x36856d0)
      RTTI typeinfo:   itk::ImportImageContainer<unsigned long, double>
      Reference Count: 1
      Modified Time: 1573
      Debug: Off
      Object Name: 
      Observers: 
        none
      Pointer: 0x145aac405010
      Container manages memory: true
      Size: 9830400
      Capacity: 9830400

     Weighting = 1
     Sampling strategy = regular
     Number of bins = 32
     Radius = 4
     Sampling percentage  = 0.25
   Transform = Rigid
     Gradient step = 0.1
     Update field sigma (voxel space) = 0
     Total field sigma (voxel space) = 0
     Update field time sigma = 0
     Total field time sigma  = 0
     Number of time indices = 0
     Number of time point samples = 0
Registration using 1 total stages.

Stage 0
  iterations = 1000x500x250x100
  convergence threshold = 1e-06
  convergence window size = 10
  number of levels = 4
  using the Mattes MI metric (number of bins = 32, weight = 1, use gradient filter = 0)
  preprocessing:  winsorizing the image intensities
  Shrink factors (level 1 out of 4): [8, 8, 8]
  Shrink factors (level 2 out of 4): [4, 4, 4]
  Shrink factors (level 3 out of 4): [2, 2, 2]
  Shrink factors (level 4 out of 4): [1, 1, 1]
  smoothing sigmas per level: [3, 2, 1, 0]
  regular sampling (percentage = 0.25)

*** Running Euler3DTransform registration ***

DIAGNOSTIC,Iteration,metricValue,convergenceValue,ITERATION_TIME_INDEX,SINCE_LAST
 2DIAGNOSTIC,     1, -4.945365495269e-01, 1.797693134862e+308, 7.5537e-01, 7.5537e-01, 
 2DIAGNOSTIC,     2, -4.961551199262e-01, 1.797693134862e+308, 7.6002e-01, 4.6480e-03, 
 2DIAGNOSTIC,     3, -4.991207097076e-01, 1.797693134862e+308, 7.6449e-01, 4.4749e-03, 
 2DIAGNOSTIC,     4, -5.030359852117e-01, 1.797693134862e+308, 7.6894e-01, 4.4458e-03, 
 2DIAGNOSTIC,     5, -5.059125054655e-01, 1.797693134862e+308, 7.7326e-01, 4.3268e-03, 
 2DIAGNOSTIC,     6, -5.092815596254e-01, 1.797693134862e+308, 7.7772e-01, 4.4560e-03, 
 2DIAGNOSTIC,     7, -5.205915484568e-01, 1.797693134862e+308, 7.8275e-01, 5.0340e-03, 
 2DIAGNOSTIC,     8, -5.236677933913e-01, 1.797693134862e+308, 7.8727e-01, 4.5140e-03, 
 2DIAGNOSTIC,     9, -5.261653611514e-01, 1.797693134862e+308, 7.9178e-01, 4.5149e-03, 
 2DIAGNOSTIC,    10, -5.313843279548e-01, 4.956236851461e-03, 7.9670e-01, 4.9140e-03, 
 2DIAGNOSTIC,    11, -5.461121550605e-01, 5.255951709878e-03, 8.0257e-01, 5.8682e-03, 
 2DIAGNOSTIC,    12, -5.563506773260e-01, 5.544499219503e-03, 8.0720e-01, 4.6389e-03, 
 2DIAGNOSTIC,    13, -6.011783753079e-01, 7.240286203933e-03, 8.1307e-01, 5.8632e-03, 
 2DIAGNOSTIC,    14, -6.166052825014e-01, 8.701253899114e-03, 8.1766e-01, 4.5950e-03, 
 2DIAGNOSTIC,    15, -6.211428291672e-01, 9.416357351056e-03, 8.2226e-01, 4.6010e-03, 
 2DIAGNOSTIC,    16, -6.235432152288e-01, 9.368281937713e-03, 8.2751e-01, 5.2459e-03, 
 2DIAGNOSTIC,    17, -6.347577463915e-01, 9.145335037024e-03, 8.3405e-01, 6.5370e-03, 
 2DIAGNOSTIC,    18, -6.413138477535e-01, 8.359392962082e-03, 8.3899e-01, 4.9400e-03, 
 2DIAGNOSTIC,    19, -6.420802719837e-01, 6.980623483440e-03, 8.4453e-01, 5.5430e-03, 
 2DIAGNOSTIC,    20, -6.425493376477e-01, 5.272872620623e-03, 8.4899e-01, 4.4630e-03, 
 2DIAGNOSTIC,    21, -6.431795006503e-01, 3.641466699805e-03, 8.5396e-01, 4.9660e-03, 
 2DIAGNOSTIC,    22, -6.434078411679e-01, 2.049114009553e-03, 8.5845e-01, 4.4880e-03, 
 2DIAGNOSTIC,    23, -6.435083892236e-01, 1.381096909687e-03, 8.6343e-01, 4.9860e-03, 
 2DIAGNOSTIC,    24, -6.436807764506e-01, 9.688116507174e-04, 8.6957e-01, 6.1359e-03, 
 2DIAGNOSTIC,    25, -6.439989431444e-01, 6.014654460748e-04, 8.7567e-01, 6.0971e-03, 
 2DIAGNOSTIC,    26, -6.448361568360e-01, 2.655197793765e-04, 8.8005e-01, 4.3890e-03, 
 2DIAGNOSTIC,    27, -6.460796032116e-01, 1.536866208838e-04, 8.8491e-01, 4.8549e-03, 
 2DIAGNOSTIC,    28, -6.463976193089e-01, 1.550353742695e-04, 8.8908e-01, 4.1690e-03, 
 2DIAGNOSTIC,    29, -6.463935456286e-01, 1.547432204799e-04, 8.9328e-01, 4.2000e-03, 
 2DIAGNOSTIC,    30, -6.464392297221e-01, 1.482978263792e-04, 8.9812e-01, 4.8380e-03, 
 2DIAGNOSTIC,    31, -6.463723508230e-01, 1.368670971647e-04, 9.0243e-01, 4.3089e-03, 
 2DIAGNOSTIC,    32, -6.464254417421e-01, 1.173264978955e-04, 9.0783e-01, 5.4052e-03, 
 2DIAGNOSTIC,    33, -6.464354984108e-01, 8.969320345478e-05, 9.2147e-01, 1.3636e-02, 
 2DIAGNOSTIC,    34, -6.464354983778e-01, 5.811479833512e-05, 9.3511e-01, 1.3643e-02, 
 2DIAGNOSTIC,    35, -6.464354983778e-01, 2.735364752307e-05, 9.4149e-01, 6.3839e-03, 
 2DIAGNOSTIC,    36, -6.464354983778e-01, 6.561985780654e-06, 9.4740e-01, 5.9090e-03, 
 2DIAGNOSTIC,    37, -6.464354983778e-01, 2.244504645303e-06, 9.5222e-01, 4.8201e-03, 
 2DIAGNOSTIC,    38, -6.464354983778e-01, 1.990755915331e-06, 9.5702e-01, 4.8020e-03, 
 2DIAGNOSTIC,    39, -6.464354983778e-01, 1.582335032939e-06, 9.6188e-01, 4.8540e-03, 
 2DIAGNOSTIC,    40, -6.464354983778e-01, 1.698171153055e-06, 9.6701e-01, 5.1332e-03, 
DIAGNOSTIC,Iteration,metricValue,convergenceValue,ITERATION_TIME_INDEX,SINCE_LAST
 2DIAGNOSTIC,     1, -5.367244457430e-01, 1.797693134862e+308, 1.6479e+00, 6.8086e-01, 
 2DIAGNOSTIC,     2, -5.380313842040e-01, 1.797693134862e+308, 1.6758e+00, 2.7949e-02, 
 2DIAGNOSTIC,     3, -5.401731918051e-01, 1.797693134862e+308, 1.7059e+00, 3.0031e-02, 
 2DIAGNOSTIC,     4, -5.431881350422e-01, 1.797693134862e+308, 1.7347e+00, 2.8884e-02, 
 2DIAGNOSTIC,     5, -5.453557600453e-01, 1.797693134862e+308, 1.7641e+00, 2.9322e-02, 
 2DIAGNOSTIC,     6, -5.461088567285e-01, 1.797693134862e+308, 1.7920e+00, 2.7926e-02, 
 2DIAGNOSTIC,     7, -5.462086682966e-01, 1.797693134862e+308, 1.8239e+00, 3.1936e-02, 
 2DIAGNOSTIC,     8, -5.464869269607e-01, 1.797693134862e+308, 1.8583e+00, 3.4338e-02, 
 2DIAGNOSTIC,     9, -5.465850816769e-01, 1.797693134862e+308, 1.8975e+00, 3.9280e-02, 
 2DIAGNOSTIC,    10, -5.466464843304e-01, 1.224741154772e-03, 1.9278e+00, 3.0258e-02, 
 2DIAGNOSTIC,    11, -5.470487710676e-01, 8.391099215796e-04, 1.9624e+00, 3.4646e-02, 
 2DIAGNOSTIC,    12, -5.471506825731e-01, 5.042747773969e-04, 1.9960e+00, 3.3572e-02, 
 2DIAGNOSTIC,    13, -5.471747722441e-01, 2.608962426009e-04, 2.0363e+00, 4.0297e-02, 
 2DIAGNOSTIC,    14, -5.471893676228e-01, 1.401592304844e-04, 2.0694e+00, 3.3078e-02, 
 2DIAGNOSTIC,    15, -5.471839954210e-01, 9.761642937731e-05, 2.1026e+00, 3.3215e-02, 
 2DIAGNOSTIC,    16, -5.471599228571e-01, 7.527605076046e-05, 2.1389e+00, 3.6305e-02, 
 2DIAGNOSTIC,    17, -5.471662420558e-01, 5.183176404232e-05, 2.1709e+00, 3.1965e-02, 
 2DIAGNOSTIC,    18, -5.471747028219e-01, 3.478194587943e-05, 2.2077e+00, 3.6791e-02, 
 2DIAGNOSTIC,    19, -5.471813451003e-01, 1.945628731571e-05, 2.2422e+00, 3.4487e-02, 
 2DIAGNOSTIC,    20, -5.471662913687e-01, 4.969823102080e-06, 2.2722e+00, 3.0017e-02, 
 2DIAGNOSTIC,    21, -5.471844157931e-01, 1.951261972881e-06, 2.3061e+00, 3.3913e-02, 
 2DIAGNOSTIC,    22, -5.471946854576e-01, 1.794828880262e-06, 2.3363e+00, 3.0257e-02, 
 2DIAGNOSTIC,    23, -5.472309776661e-01, 2.955890519130e-06, 2.3658e+00, 2.9421e-02, 
 2DIAGNOSTIC,    24, -5.472460346424e-01, 4.500345597729e-06, 2.3984e+00, 3.2647e-02, 
 2DIAGNOSTIC,    25, -5.473225343319e-01, 7.130562693095e-06, 2.4280e+00, 2.9577e-02, 
 2DIAGNOSTIC,    26, -5.474469321316e-01, 1.098291151421e-05, 2.4581e+00, 3.0164e-02, 
 2DIAGNOSTIC,    27, -5.481013379786e-01, 2.630865967845e-05, 2.4919e+00, 3.3792e-02, 
 2DIAGNOSTIC,    28, -5.480678939402e-01, 3.738994405437e-05, 2.5329e+00, 4.0994e-02, 
 2DIAGNOSTIC,    29, -5.482084716363e-01, 4.712041162858e-05, 2.5706e+00, 3.7617e-02, 
 2DIAGNOSTIC,    30, -5.482082518421e-01, 5.166415737845e-05, 2.6043e+00, 3.3736e-02, 
 2DIAGNOSTIC,    31, -5.482014615528e-01, 5.125922293831e-05, 2.6377e+00, 3.3428e-02, 
 2DIAGNOSTIC,    32, -5.481815956792e-01, 4.582631296405e-05, 2.6683e+00, 3.0577e-02, 
 2DIAGNOSTIC,    33, -5.481718256966e-01, 3.689943358476e-05, 2.6980e+00, 2.9667e-02, 
 2DIAGNOSTIC,    34, -5.481825626128e-01, 2.560031528333e-05, 2.7280e+00, 3.0070e-02, 
 2DIAGNOSTIC,    35, -5.481838557203e-01, 1.379952023475e-05, 2.7581e+00, 3.0056e-02, 
 2DIAGNOSTIC,    36, -5.481854579706e-01, 3.009178632093e-06, 2.7891e+00, 3.1049e-02, 
 2DIAGNOSTIC,    37, -5.482631349735e-01, 2.936484298277e-06, 2.8230e+00, 3.3827e-02, 
 2DIAGNOSTIC,    38, -5.482856021493e-01, 2.436034415566e-06, 2.8583e+00, 3.5333e-02, 
 2DIAGNOSTIC,    39, -5.482706813565e-01, 3.481457286948e-06, 2.8930e+00, 3.4687e-02, 
 2DIAGNOSTIC,    40, -5.481987709532e-01, 3.304943762553e-06, 2.9274e+00, 3.4413e-02, 
 2DIAGNOSTIC,    41, -5.482803919815e-01, 3.878894194738e-06, 2.9610e+00, 3.3563e-02, 
 2DIAGNOSTIC,    42, -5.481858754181e-01, 2.659049933806e-06, 2.9970e+00, 3.5998e-02, 
 2DIAGNOSTIC,    43, -5.482756790786e-01, 2.301817041271e-06, 3.0362e+00, 3.9256e-02, 
 2DIAGNOSTIC,    44, -5.483025222817e-01, 2.247543626818e-06, 3.0695e+00, 3.3333e-02, 
 2DIAGNOSTIC,    45, -5.482811785135e-01, 1.829952106226e-06, 3.1016e+00, 3.2008e-02, 
 2DIAGNOSTIC,    46, -5.482645577545e-01, 1.147365319795e-06, 3.1340e+00, 3.2447e-02, 
 2DIAGNOSTIC,    47, -5.482548593373e-01, 1.197757132164e-06, 3.2334e+00, 9.9426e-02, 
 2DIAGNOSTIC,    48, -5.482548593361e-01, 1.432640741043e-06, 3.3206e+00, 8.7209e-02, 
 2DIAGNOSTIC,    49, -5.482548593361e-01, 1.430385954990e-06, 3.3592e+00, 3.8533e-02, 
DIAGNOSTIC,Iteration,metricValue,convergenceValue,ITERATION_TIME_INDEX,SINCE_LAST
 2DIAGNOSTIC,     1, -4.661873955284e-01, 1.797693134862e+308, 4.4416e+00, 1.0825e+00, 
 2DIAGNOSTIC,     2, -4.663634415340e-01, 1.797693134862e+308, 4.6756e+00, 2.3395e-01, 
 2DIAGNOSTIC,     3, -4.665065273876e-01, 1.797693134862e+308, 4.9168e+00, 2.4117e-01, 
 2DIAGNOSTIC,     4, -4.666272944105e-01, 1.797693134862e+308, 5.1518e+00, 2.3506e-01, 
 2DIAGNOSTIC,     5, -4.667166888911e-01, 1.797693134862e+308, 5.3902e+00, 2.3836e-01, 
 2DIAGNOSTIC,     6, -4.668667254351e-01, 1.797693134862e+308, 5.6531e+00, 2.6289e-01, 
 2DIAGNOSTIC,     7, -4.669697659272e-01, 1.797693134862e+308, 5.9332e+00, 2.8016e-01, 
 2DIAGNOSTIC,     8, -4.670258323448e-01, 1.797693134862e+308, 6.2931e+00, 3.5985e-01, 
 2DIAGNOSTIC,     9, -4.670791328150e-01, 1.797693134862e+308, 6.5498e+00, 2.5671e-01, 
 2DIAGNOSTIC,    10, -4.671177529284e-01, 1.313505687691e-04, 6.7962e+00, 2.4645e-01, 
 2DIAGNOSTIC,    11, -4.671984792356e-01, 1.051588901619e-04, 7.0280e+00, 2.3177e-01, 
 2DIAGNOSTIC,    12, -4.674361018874e-01, 9.491286299770e-05, 7.3913e+00, 3.6332e-01, 
 2DIAGNOSTIC,    13, -4.675162708400e-01, 8.805622877055e-05, 7.6296e+00, 2.3826e-01, 
 2DIAGNOSTIC,    14, -4.675732999244e-01, 8.220228335515e-05, 7.9686e+00, 3.3899e-01, 
 2DIAGNOSTIC,    15, -4.675740528377e-01, 7.348737741733e-05, 8.2688e+00, 3.0025e-01, 
 2DIAGNOSTIC,    16, -4.675763040956e-01, 6.504168640406e-05, 8.7111e+00, 4.4227e-01, 
 2DIAGNOSTIC,    17, -4.675764004462e-01, 5.533250589838e-05, 8.9520e+00, 2.4087e-01, 
 2DIAGNOSTIC,    18, -4.675746413233e-01, 4.352742837962e-05, 9.1916e+00, 2.3959e-01, 
 2DIAGNOSTIC,    19, -4.675729819471e-01, 3.083265827794e-05, 9.4610e+00, 2.6939e-01, 
 2DIAGNOSTIC,    20, -4.675704090624e-01, 1.784610542255e-05, 9.6864e+00, 2.2542e-01, 
 2DIAGNOSTIC,    21, -4.675680462393e-01, 6.710661803064e-06, 9.9110e+00, 2.2465e-01, 
 2DIAGNOSTIC,    22, -4.675679038319e-01, 2.626371630489e-06, 1.0150e+01, 2.3867e-01, 
DIAGNOSTIC,Iteration,metricValue,convergenceValue,ITERATION_TIME_INDEX,SINCE_LAST
 2DIAGNOSTIC,     1, -4.258650751982e-01, 1.797693134862e+308, 1.2632e+01, 2.4824e+00, 
 2DIAGNOSTIC,     2, -4.259686280515e-01, 1.797693134862e+308, 1.4174e+01, 1.5418e+00, 
 2DIAGNOSTIC,     3, -4.260095517141e-01, 1.797693134862e+308, 1.6230e+01, 2.0558e+00, 
 2DIAGNOSTIC,     4, -4.260080858593e-01, 1.797693134862e+308, 1.8315e+01, 2.0848e+00, 
 2DIAGNOSTIC,     5, -4.260079728140e-01, 1.797693134862e+308, 2.0015e+01, 1.7000e+00, 
 2DIAGNOSTIC,     6, -4.260081351995e-01, 1.797693134862e+308, 2.1649e+01, 1.6343e+00, 
 2DIAGNOSTIC,     7, -4.260082737006e-01, 1.797693134862e+308, 2.3883e+01, 2.2338e+00, 
 2DIAGNOSTIC,     8, -4.260082776832e-01, 1.797693134862e+308, 2.5344e+01, 1.4616e+00, 
 2DIAGNOSTIC,     9, -4.260080784306e-01, 1.797693134862e+308, 2.6827e+01, 1.4829e+00, 
 2DIAGNOSTIC,    10, -4.260079845286e-01, 1.496274178493e-05, 2.8412e+01, 1.5846e+00, 
 2DIAGNOSTIC,    11, -4.260077920745e-01, 5.193979355417e-06, 2.9868e+01, 1.4558e+00, 
 2DIAGNOSTIC,    12, -4.260078117836e-01, 2.538938332367e-06, 3.1382e+01, 1.5148e+00, 
 2DIAGNOSTIC,    13, -4.260080346728e-01, 2.416167074831e-06, 3.2782e+01, 1.4001e+00, 
 2DIAGNOSTIC,    14, -4.260077584143e-01, 2.230805564898e-06, 3.4319e+01, 1.5365e+00, 
 2DIAGNOSTIC,    15, -4.260078813414e-01, 2.074869503307e-06, 3.5635e+01, 1.3161e+00, 
 2DIAGNOSTIC,    16, -4.260078142184e-01, 1.946316958754e-06, 3.7267e+01, 1.6318e+00, 
 2DIAGNOSTIC,    17, -4.260079287040e-01, 1.846450340882e-06, 3.8896e+01, 1.6290e+00, 
 2DIAGNOSTIC,    18, -4.260076291730e-01, 1.748887456056e-06, 4.0226e+01, 1.3302e+00, 
 2DIAGNOSTIC,    19, -4.260075374230e-01, 1.653531942598e-06, 4.1727e+01, 1.5007e+00, 
 2DIAGNOSTIC,    20, -4.260075510141e-01, 1.567274375044e-06, 4.3192e+01, 1.4656e+00, 
 2DIAGNOSTIC,    21, -4.260073600828e-01, 1.478947856688e-06, 4.4801e+01, 1.6090e+00, 
 2DIAGNOSTIC,    22, -4.260072640627e-01, 1.399557892870e-06, 4.6289e+01, 1.4877e+00, 
 2DIAGNOSTIC,    23, -4.260071676255e-01, 1.335483001484e-06, 4.7716e+01, 1.4271e+00, 
 2DIAGNOSTIC,    24, -4.260069726874e-01, 1.268072055867e-06, 4.9022e+01, 1.3058e+00, 
 2DIAGNOSTIC,    25, -4.260070894967e-01, 1.217894265042e-06, 5.0370e+01, 1.3486e+00, 
 2DIAGNOSTIC,    26, -4.260077249666e-01, 1.190976314125e-06, 5.1942e+01, 1.5715e+00, 
 2DIAGNOSTIC,    27, -4.260078493515e-01, 1.174780287057e-06, 5.3440e+01, 1.4978e+00, 
 2DIAGNOSTIC,    28, -4.260076628372e-01, 1.148679602943e-06, 5.4921e+01, 1.4817e+00, 
 2DIAGNOSTIC,    29, -4.260073732385e-01, 1.114788113279e-06, 5.6450e+01, 1.5281e+00, 
 2DIAGNOSTIC,    30, -4.260072816806e-01, 1.079891386528e-06, 5.7909e+01, 1.4596e+00, 
 2DIAGNOSTIC,    31, -4.260074019617e-01, 1.043506737256e-06, 5.9574e+01, 1.6645e+00, 
 2DIAGNOSTIC,    32, -4.260075218317e-01, 1.008023984568e-06, 6.1093e+01, 1.5191e+00, 
  Elapsed time (stage 0): 6.1905e+01


Total elapsed time: 6.1908e+01
Info [verificarlo]: loaded backend libinterflop_vprec.so
Info [interflop-vprec]: load backend with: 
Info [interflop-vprec]: precision-binary32 = 20
Info [interflop-vprec]: range-binary32 = 7
Info [interflop-vprec]: precision-binary64 = 20
Info [interflop-vprec]: range-binary64 = 7
Info [interflop-vprec]: mode = ob
Info [interflop-vprec]: error-mode = rel
Info [interflop-vprec]: max-abs-error-exponent = -1022
Info [interflop-vprec]: daz = false
Info [interflop-vprec]: ftz = false
Info [interflop-vprec]: 	instrument = none
Info [interflop-vprec]: 	prec-input-file = (null)
Info [interflop-vprec]: 	prec-output-file = (null)
Info [interflop-vprec]: 	prec-log-file = (null)
All_Command_lines_OK
Using double precision for computations.
=============================================================================
The composite transform comprises the following transforms (in order): 
  1. /home/mdugre/scratch/mri-registration-rp/datasets/ds004513/derivatives/mri-registration-rp/0011/antsRegistration-r7-p20/sub-s033/rigid_Composite.h5[0] (type = Euler3DTransform)
  2. /home/mdugre/scratch/mri-registration-rp/datasets/ds004513/derivatives/mri-registration-rp/0011/antsRegistration-r7-p20/sub-s033/rigid_Composite.h5[1] (type = Euler3DTransform)
  3. /home/mdugre/scratch/mri-registration-rp/datasets/ds004513/derivatives/mri-registration-rp/0011/antsRegistration-r7-p20/sub-s033/rigid_Composite.h5[2] (type = Euler3DTransform)
=============================================================================
  number of levels = 4
  fixed image: /templateflow/tpl-MNI152NLin2009cAsym/tpl-MNI152NLin2009cAsym_res-01_desc-brain_T1w.nii.gz
  moving image: /home/mdugre/scratch/mri-registration-rp/datasets/ds004513/derivatives/mri-registration-rp/antsBrainExtraction/sub-s033/BrainExtractionBrain.nii.gz
Dimension = 3
Number of stages = 1
Use histogram matching = false
Winsorize image intensities = true
  Lower quantile = 0.005
  Upper quantile = 0.995


Stage 1 State
   Image metric = MattesMI
     Fixed image = Image (0x33fa490)
  RTTI typeinfo:   itk::Image<double, 3u>
  Reference Count: 2
  Modified Time: 1592
  Debug: Off
  Object Name: 
  Observers: 
    none
  Source: (none)
  Source output name: (none)
  Release Data: Off
  Data Released: False
  Global Release Data: Off
  PipelineMTime: 0
  UpdateMTime: 1203
  RealTimeStamp: 0 seconds 
  LargestPossibleRegion: 
    Dimension: 3
    Index: [0, 0, 0]
    Size: [193, 229, 193]
  BufferedRegion: 
    Dimension: 3
    Index: [0, 0, 0]
    Size: [193, 229, 193]
  RequestedRegion: 
    Dimension: 3
    Index: [0, 0, 0]
    Size: [193, 229, 193]
  Spacing: [1, 1, 1]
  Origin: [96, 132, -78]
  Direction: 
-1 0 0
0 -1 0
0 0 1

  IndexToPointMatrix: 
-1 0 0
0 -1 0
0 0 1

  PointToIndexMatrix: 
-1 0 0
0 -1 0
0 0 1

  Inverse Direction: 
-1 0 0
0 -1 0
0 0 1

  PixelContainer: 
    ImportImageContainer (0x34c58c0)
      RTTI typeinfo:   itk::ImportImageContainer<unsigned long, double>
      Reference Count: 1
      Modified Time: 1200
      Debug: Off
      Object Name: 
      Observers: 
        none
      Pointer: 0x151805618010
      Container manages memory: true
      Size: 8530021
      Capacity: 8530021

     Moving image = Image (0x34b5b60)
  RTTI typeinfo:   itk::Image<double, 3u>
  Reference Count: 2
  Modified Time: 1593
  Debug: Off
  Object Name: 
  Observers: 
    none
  Source: (none)
  Source output name: (none)
  Release Data: Off
  Data Released: False
  Global Release Data: Off
  PipelineMTime: 0
  UpdateMTime: 1590
  RealTimeStamp: 0 seconds 
  LargestPossibleRegion: 
    Dimension: 3
    Index: [0, 0, 0]
    Size: [160, 240, 256]
  BufferedRegion: 
    Dimension: 3
    Index: [0, 0, 0]
    Size: [160, 240, 256]
  RequestedRegion: 
    Dimension: 3
    Index: [0, 0, 0]
    Size: [160, 240, 256]
  Spacing: [1, 1, 1]
  Origin: [91.5134, 94.282, -109.927]
  Direction: 
-0.99591 -0.0698718 -0.0572835
0.0697565 -0.997556 0.00401236
-0.0574239 5.01125e-08 0.99835

  IndexToPointMatrix: 
-0.99591 -0.0698718 -0.0572835
0.0697565 -0.997556 0.00401236
-0.0574239 5.01125e-08 0.99835

  PointToIndexMatrix: 
-0.995912 0.0697566 -0.057424
-0.069872 -0.997557 5.02915e-08
-0.0572836 0.00401236 0.99835

  Inverse Direction: 
-0.995912 0.0697566 -0.057424
-0.069872 -0.997557 5.02915e-08
-0.0572836 0.00401236 0.99835

  PixelContainer: 
    ImportImageContainer (0x35491d0)
      RTTI typeinfo:   itk::ImportImageContainer<unsigned long, double>
      Reference Count: 1
      Modified Time: 1587
      Debug: Off
      Object Name: 
      Observers: 
        none
      Pointer: 0x151800b17010
      Container manages memory: true
      Size: 9830400
      Capacity: 9830400

     Weighting = 1
     Sampling strategy = regular
     Number of bins = 32
     Radius = 4
     Sampling percentage  = 0.25
   Transform = Affine
     Gradient step = 0.1
     Update field sigma (voxel space) = 0
     Total field sigma (voxel space) = 0
     Update field time sigma = 0
     Total field time sigma  = 0
     Number of time indices = 0
     Number of time point samples = 0
Registration using 1 total stages.

Stage 0
  iterations = 1000x500x250x100
  convergence threshold = 1e-06
  convergence window size = 10
  number of levels = 4
  using the Mattes MI metric (number of bins = 32, weight = 1, use gradient filter = 0)
  preprocessing:  winsorizing the image intensities
  Shrink factors (level 1 out of 4): [8, 8, 8]
  Shrink factors (level 2 out of 4): [4, 4, 4]
  Shrink factors (level 3 out of 4): [2, 2, 2]
  Shrink factors (level 4 out of 4): [1, 1, 1]
  smoothing sigmas per level: [3, 2, 1, 0]
  regular sampling (percentage = 0.25)

*** Running AffineTransform registration ***

DIAGNOSTIC,Iteration,metricValue,convergenceValue,ITERATION_TIME_INDEX,SINCE_LAST
 2DIAGNOSTIC,     1, -6.382763370777e-01, 1.797693134862e+308, 0.0000e+00, 0.0000e+00, 
 2DIAGNOSTIC,     2, -6.407555096186e-01, 1.797693134862e+308, 0.0000e+00, 0.0000e+00, 
 2DIAGNOSTIC,     3, -6.451889240283e-01, 1.797693134862e+308, 0.0000e+00, 0.0000e+00, 
 2DIAGNOSTIC,     4, -6.522566492138e-01, 1.797693134862e+308, 0.0000e+00, 0.0000e+00, 
 2DIAGNOSTIC,     5, -6.632520269604e-01, 1.797693134862e+308, 0.0000e+00, 0.0000e+00, 
 2DIAGNOSTIC,     6, -6.818908665206e-01, 1.797693134862e+308, 0.0000e+00, 0.0000e+00, 
 2DIAGNOSTIC,     7, -7.254495674403e-01, 1.797693134862e+308, 0.0000e+00, 0.0000e+00, 
 2DIAGNOSTIC,     8, -8.395800742094e-01, 1.797693134862e+308, 0.0000e+00, 0.0000e+00, 
 2DIAGNOSTIC,     9, -8.696219476343e-01, 1.797693134862e+308, 0.0000e+00, 0.0000e+00, 
 2DIAGNOSTIC,    10, -8.726043080800e-01, 2.390761934903e-02, 0.0000e+00, 0.0000e+00, 
 2DIAGNOSTIC,    11, -8.891129225262e-01, 2.413027038475e-02, 0.0000e+00, 0.0000e+00, 
 2DIAGNOSTIC,    12, -8.994321671821e-01, 2.252703011498e-02, 0.0000e+00, 0.0000e+00, 
 2DIAGNOSTIC,    13, -9.046105580849e-01, 1.941881247063e-02, 0.0000e+00, 0.0000e+00, 
 2DIAGNOSTIC,    14, -9.068969413943e-01, 1.532967706122e-02, 0.0000e+00, 0.0000e+00, 
 2DIAGNOSTIC,    15, -9.070735965572e-01, 1.080295126622e-02, 0.0000e+00, 0.0000e+00, 
 2DIAGNOSTIC,    16, -9.071634610971e-01, 6.374958099778e-03, 0.0000e+00, 0.0000e+00, 
 2DIAGNOSTIC,    17, -9.070693791565e-01, 2.805278135147e-03, 0.0000e+00, 0.0000e+00, 
 2DIAGNOSTIC,    18, -9.070134611160e-01, 1.655641834378e-03, 0.0000e+00, 0.0000e+00, 
 2DIAGNOSTIC,    19, -9.071438816054e-01, 1.051824245918e-03, 0.0000e+00, 0.0000e+00, 
 2DIAGNOSTIC,    20, -9.069660553738e-01, 4.624156588285e-04, 0.0000e+00, 0.0000e+00, 
 2DIAGNOSTIC,    21, -9.068768759088e-01, 1.610405086173e-04, 0.0000e+00, 0.0000e+00, 
 2DIAGNOSTIC,    22, -9.067658326443e-01, 3.371516105168e-05, 0.0000e+00, 0.0000e+00, 
DIAGNOSTIC,Iteration,metricValue,convergenceValue,ITERATION_TIME_INDEX,SINCE_LAST
 2DIAGNOSTIC,     1, -7.432954491845e-01, 1.797693134862e+308, 0.0000e+00, 0.0000e+00, 
 2DIAGNOSTIC,     2, -7.442140408986e-01, 1.797693134862e+308, 0.0000e+00, 0.0000e+00, 
 2DIAGNOSTIC,     3, -7.450750685844e-01, 1.797693134862e+308, 0.0000e+00, 0.0000e+00, 
 2DIAGNOSTIC,     4, -7.458943982585e-01, 1.797693134862e+308, 0.0000e+00, 0.0000e+00, 
 2DIAGNOSTIC,     5, -7.466970545299e-01, 1.797693134862e+308, 0.0000e+00, 0.0000e+00, 
 2DIAGNOSTIC,     6, -7.475692110929e-01, 1.797693134862e+308, 0.0000e+00, 0.0000e+00, 
 2DIAGNOSTIC,     7, -7.482957777827e-01, 1.797693134862e+308, 0.0000e+00, 0.0000e+00, 
 2DIAGNOSTIC,     8, -7.482859202331e-01, 1.797693134862e+308, 0.0000e+00, 0.0000e+00, 
 2DIAGNOSTIC,     9, -7.483337557263e-01, 1.797693134862e+308, 0.0000e+00, 0.0000e+00, 
 2DIAGNOSTIC,    10, -7.483623283459e-01, 4.670467802431e-04, 0.0000e+00, 0.0000e+00, 
 2DIAGNOSTIC,    11, -7.483895253549e-01, 3.357980902292e-04, 0.0000e+00, 0.0000e+00, 
 2DIAGNOSTIC,    12, -7.484262586881e-01, 2.263814775149e-04, 0.0000e+00, 0.0000e+00, 
 2DIAGNOSTIC,    13, -7.484201545088e-01, 1.385769856351e-04, 0.0000e+00, 0.0000e+00, 
 2DIAGNOSTIC,    14, -7.483965041439e-01, 7.258306723415e-05, 0.0000e+00, 0.0000e+00, 
 2DIAGNOSTIC,    15, -7.484045330465e-01, 2.913649213253e-05, 0.0000e+00, 0.0000e+00, 
 2DIAGNOSTIC,    16, -7.484103239344e-01, 9.010349795419e-06, 0.0000e+00, 0.0000e+00, 
 2DIAGNOSTIC,    17, -7.484200352167e-01, 7.083764844928e-06, 0.0000e+00, 0.0000e+00, 
 2DIAGNOSTIC,    18, -7.484277917542e-01, 4.833079925895e-06, 0.0000e+00, 0.0000e+00, 
 2DIAGNOSTIC,    19, -7.484263587431e-01, 3.474180160300e-06, 0.0000e+00, 0.0000e+00, 
 2DIAGNOSTIC,    20, -7.484461796492e-01, 3.000238683624e-06, 0.0000e+00, 0.0000e+00, 
 2DIAGNOSTIC,    21, -7.484749547508e-01, 3.415018298113e-06, 0.0000e+00, 0.0000e+00, 
 2DIAGNOSTIC,    22, -7.485432773771e-01, 5.416289278685e-06, 0.0000e+00, 0.0000e+00, 
 2DIAGNOSTIC,    23, -7.485796607755e-01, 7.362931148100e-06, 0.0000e+00, 0.0000e+00, 
 2DIAGNOSTIC,    24, -7.486022962366e-01, 8.573392377594e-06, 0.0000e+00, 0.0000e+00, 
 2DIAGNOSTIC,    25, -7.485985891459e-01, 9.080490577025e-06, 0.0000e+00, 0.0000e+00, 
 2DIAGNOSTIC,    26, -7.486761919499e-01, 1.003257741025e-05, 0.0000e+00, 0.0000e+00, 
 2DIAGNOSTIC,    27, -7.486831124160e-01, 1.027343231654e-05, 0.0000e+00, 0.0000e+00, 
 2DIAGNOSTIC,    28, -7.486586413377e-01, 9.418892366636e-06, 0.0000e+00, 0.0000e+00, 
 2DIAGNOSTIC,    29, -7.486473610435e-01, 7.706598770994e-06, 0.0000e+00, 0.0000e+00, 
 2DIAGNOSTIC,    30, -7.486382183690e-01, 5.624307874513e-06, 0.0000e+00, 0.0000e+00, 
 2DIAGNOSTIC,    31, -7.486455815748e-01, 3.653932972081e-06, 0.0000e+00, 0.0000e+00, 
 2DIAGNOSTIC,    32, -7.486562517814e-01, 2.476350797455e-06, 0.0000e+00, 0.0000e+00, 
 2DIAGNOSTIC,    33, -7.486527637932e-01, 1.615819437389e-06, 0.0000e+00, 0.0000e+00, 
 2DIAGNOSTIC,    34, -7.486516065743e-01, 1.004541450817e-06, 0.0000e+00, 0.0000e+00, 
DIAGNOSTIC,Iteration,metricValue,convergenceValue,ITERATION_TIME_INDEX,SINCE_LAST
 2DIAGNOSTIC,     1, -6.324260563082e-01, 1.797693134862e+308, 0.0000e+00, 0.0000e+00, 
 2DIAGNOSTIC,     2, -6.330123896057e-01, 1.797693134862e+308, 0.0000e+00, 0.0000e+00, 
 2DIAGNOSTIC,     3, -6.336468294360e-01, 1.797693134862e+308, 0.0000e+00, 0.0000e+00, 
 2DIAGNOSTIC,     4, -6.345292392407e-01, 1.797693134862e+308, 0.0000e+00, 0.0000e+00, 
 2DIAGNOSTIC,     5, -6.367755603205e-01, 1.797693134862e+308, 0.0000e+00, 0.0000e+00, 
 2DIAGNOSTIC,     6, -6.367751257223e-01, 1.797693134862e+308, 0.0000e+00, 0.0000e+00, 
 2DIAGNOSTIC,     7, -6.367758549284e-01, 1.797693134862e+308, 0.0000e+00, 0.0000e+00, 
 2DIAGNOSTIC,     8, -6.367746823657e-01, 1.797693134862e+308, 0.0000e+00, 0.0000e+00, 
 2DIAGNOSTIC,     9, -6.367738799610e-01, 1.797693134862e+308, 0.0000e+00, 0.0000e+00, 
 2DIAGNOSTIC,    10, -6.367720720175e-01, 4.896781498525e-04, 0.0000e+00, 0.0000e+00, 
 2DIAGNOSTIC,    11, -6.367678516609e-01, 3.306271870672e-04, 0.0000e+00, 0.0000e+00, 
 2DIAGNOSTIC,    12, -6.367672463577e-01, 1.916612874363e-04, 0.0000e+00, 0.0000e+00, 
 2DIAGNOSTIC,    13, -6.367664916379e-01, 7.889755049410e-05, 0.0000e+00, 0.0000e+00, 
 2DIAGNOSTIC,    14, -6.367645081628e-01, 1.377824772164e-06, 0.0000e+00, 0.0000e+00, 
 2DIAGNOSTIC,    15, -6.367648335471e-01, 1.237474155188e-06, 0.0000e+00, 0.0000e+00, 
 2DIAGNOSTIC,    16, -6.367619163256e-01, 1.101976931414e-06, 0.0000e+00, 0.0000e+00, 
 2DIAGNOSTIC,    17, -6.367596998466e-01, 1.027245400076e-06, 0.0000e+00, 0.0000e+00, 
DIAGNOSTIC,Iteration,metricValue,convergenceValue,ITERATION_TIME_INDEX,SINCE_LAST
 2DIAGNOSTIC,     1, -5.628317714266e-01, 1.797693134862e+308, 0.0000e+00, 0.0000e+00, 
 2DIAGNOSTIC,     2, -5.629987362401e-01, 1.797693134862e+308, 0.0000e+00, 0.0000e+00, 
 2DIAGNOSTIC,     3, -5.631748205509e-01, 1.797693134862e+308, 0.0000e+00, 0.0000e+00, 
 2DIAGNOSTIC,     4, -5.634981575596e-01, 1.797693134862e+308, 0.0000e+00, 0.0000e+00, 
 2DIAGNOSTIC,     5, -5.639135209822e-01, 1.797693134862e+308, 0.0000e+00, 0.0000e+00, 
 2DIAGNOSTIC,     6, -5.639735727141e-01, 1.797693134862e+308, 0.0000e+00, 0.0000e+00, 
 2DIAGNOSTIC,     7, -5.639739131492e-01, 1.797693134862e+308, 0.0000e+00, 0.0000e+00, 
 2DIAGNOSTIC,     8, -5.639733556157e-01, 1.797693134862e+308, 0.0000e+00, 0.0000e+00, 
 2DIAGNOSTIC,     9, -5.639726816708e-01, 1.797693134862e+308, 0.0000e+00, 0.0000e+00, 
 2DIAGNOSTIC,    10, -5.639725762005e-01, 1.435826659715e-04, 0.0000e+00, 0.0000e+00, 
 2DIAGNOSTIC,    11, -5.639725704525e-01, 9.603387386682e-05, 0.0000e+00, 0.0000e+00, 
 2DIAGNOSTIC,    12, -5.639726042778e-01, 5.530585753494e-05, 0.0000e+00, 0.0000e+00, 
 2DIAGNOSTIC,    13, -5.639726357856e-01, 2.279590723422e-05, 0.0000e+00, 0.0000e+00, 
 2DIAGNOSTIC,    14, -5.639726700870e-01, 4.327093719059e-06, 0.0000e+00, 0.0000e+00, 
 2DIAGNOSTIC,    15, -5.639726708207e-01, 2.036764298496e-06, 0.0000e+00, 0.0000e+00, 
 2DIAGNOSTIC,    16, -5.639726712191e-01, 1.931961787979e-06, 0.0000e+00, 0.0000e+00, 
 2DIAGNOSTIC,    17, -5.639726705429e-01, 1.855011883663e-06, 0.0000e+00, 0.0000e+00, 
 2DIAGNOSTIC,    18, -5.639726697533e-01, 1.773038355746e-06, 0.0000e+00, 0.0000e+00, 
 2DIAGNOSTIC,    19, -5.639726690431e-01, 1.681409661294e-06, 0.0000e+00, 0.0000e+00, 
 2DIAGNOSTIC,    20, -5.639726691500e-01, 1.595716193577e-06, 0.0000e+00, 0.0000e+00, 
 2DIAGNOSTIC,    21, -5.639726683263e-01, 1.517605906429e-06, 0.0000e+00, 0.0000e+00, 
 2DIAGNOSTIC,    22, -5.639726684989e-01, 1.447161305013e-06, 0.0000e+00, 0.0000e+00, 
 2DIAGNOSTIC,    23, -5.639726692227e-01, 1.383467380045e-06, 0.0000e+00, 0.0000e+00, 
 2DIAGNOSTIC,    24, -5.639726680709e-01, 1.325789629303e-06, 0.0000e+00, 0.0000e+00, 
 2DIAGNOSTIC,    25, -5.639726682833e-01, 1.272759596445e-06, 0.0000e+00, 0.0000e+00, 
 2DIAGNOSTIC,    26, -5.639726682221e-01, 1.223827458971e-06, 0.0000e+00, 0.0000e+00, 
 2DIAGNOSTIC,    27, -5.639726678276e-01, 1.178508448232e-06, 0.0000e+00, 0.0000e+00, 
 2DIAGNOSTIC,    28, -5.639726681549e-01, 1.136424866578e-06, 0.0000e+00, 0.0000e+00, 
 2DIAGNOSTIC,    29, -5.639726684454e-01, 1.097240844412e-06, 0.0000e+00, 0.0000e+00, 
 2DIAGNOSTIC,    30, -5.639726688266e-01, 1.060681177438e-06, 0.0000e+00, 0.0000e+00, 
 2DIAGNOSTIC,    31, -5.639726693699e-01, 1.026476521532e-06, 0.0000e+00, 0.0000e+00, 
  Elapsed time (stage 0): 0.0000e+00


Total elapsed time: 0.0000e+00
Info [verificarlo]: loaded backend libinterflop_vprec.so
Info [interflop-vprec]: load backend with: 
Info [interflop-vprec]: precision-binary32 = 20
Info [interflop-vprec]: range-binary32 = 7
Info [interflop-vprec]: precision-binary64 = 20
Info [interflop-vprec]: range-binary64 = 7
Info [interflop-vprec]: mode = ob
Info [interflop-vprec]: error-mode = rel
Info [interflop-vprec]: max-abs-error-exponent = -1022
Info [interflop-vprec]: daz = false
Info [interflop-vprec]: ftz = false
Info [interflop-vprec]: 	instrument = none
Info [interflop-vprec]: 	prec-input-file = (null)
Info [interflop-vprec]: 	prec-output-file = (null)
Info [interflop-vprec]: 	prec-log-file = (null)
All_Command_lines_OK
