
##########################
# Experiment information #
##########################

EXPERIMENT_NAME: antsRegistration-r8-p18
VFC_BACKENDS: libinterflop_vprec.so --range-binary32=8 --precision-binary32=18 --range-binary64=8 --precision-binary64=18

SIF_IMG: /home/mdugre/projects/rrg-glatard/mdugre/containers/ants-vprec-no_metrics.simg

SUBJECT_ID: s032
INPUT_IMG: /home/mdugre/scratch/mri-registration-rp/datasets/ds004513/derivatives/mri-registration-rp/antsBrainExtraction/sub-s032/BrainExtractionBrain.nii.gz
OUTPUT_DIR: /home/mdugre/scratch/mri-registration-rp/datasets/ds004513/derivatives/mri-registration-rp/0011/antsRegistration-r8-p18/sub-s032

FIXED_IMG: /templateflow/tpl-MNI152NLin2009cAsym/tpl-MNI152NLin2009cAsym_res-01_desc-brain_T1w.nii.gz
DATA_DIR: /home/mdugre/scratch/mri-registration-rp/datasets/ds004513
TEMPLATEFLOW_DIR: /home/mdugre/projects/rrg-glatard/mdugre/templateflow
ITK_GLOBAL_DEFAULT_NUMBER_OF_THREADS: 16
##########################

Info [verificarlo]: loaded backend libinterflop_ieee.so
Info [interflop-ieee]: load backend with:
Info [interflop-ieee]: debug = false
Info [interflop-ieee]: debug-binary = false
Info [interflop-ieee]: no-backend-name = false
Info [interflop-ieee]: print-new-line = false
Info [interflop-ieee]: print-subnormal-normalized = false
Info [interflop-ieee]: count-op = false
All_Command_lines_OK
Using double precision for computations.
=============================================================================
The composite transform comprises the following transforms (in order): 
  1. Center of mass alignment using fixed image: /templateflow/tpl-MNI152NLin2009cAsym/tpl-MNI152NLin2009cAsym_res-01_desc-brain_T1w.nii.gz and moving image: /home/mdugre/scratch/mri-registration-rp/datasets/ds004513/derivatives/mri-registration-rp/antsBrainExtraction/sub-s032/BrainExtractionBrain.nii.gz (type = Euler3DTransform)
=============================================================================
  number of levels = 1
  fixed image: /templateflow/tpl-MNI152NLin2009cAsym/tpl-MNI152NLin2009cAsym_res-01_desc-brain_T1w.nii.gz
  moving image: /home/mdugre/scratch/mri-registration-rp/datasets/ds004513/derivatives/mri-registration-rp/antsBrainExtraction/sub-s032/BrainExtractionBrain.nii.gz
Dimension = 3
Number of stages = 1
Use histogram matching = false
Winsorize image intensities = true
  Lower quantile = 0.005
  Upper quantile = 0.995


Stage 1 State
   Image metric = MattesMI
     Fixed image = Image (0x4113e70)
  RTTI typeinfo:   itk::Image<double, 3u>
  Reference Count: 2
  Modified Time: 2330
  Debug: Off
  Object Name: 
  Observers: 
    none
  Source: (none)
  Source output name: (none)
  Release Data: Off
  Data Released: False
  Global Release Data: Off
  PipelineMTime: 0
  UpdateMTime: 1941
  RealTimeStamp: 0 seconds 
  LargestPossibleRegion: 
    Dimension: 3
    Index: [0, 0, 0]
    Size: [193, 229, 193]
  BufferedRegion: 
    Dimension: 3
    Index: [0, 0, 0]
    Size: [193, 229, 193]
  RequestedRegion: 
    Dimension: 3
    Index: [0, 0, 0]
    Size: [193, 229, 193]
  Spacing: [1, 1, 1]
  Origin: [96, 132, -78]
  Direction: 
-1 0 0
0 -1 0
0 0 1

  IndexToPointMatrix: 
-1 0 0
0 -1 0
0 0 1

  PointToIndexMatrix: 
-1 0 0
0 -1 0
0 0 1

  Inverse Direction: 
-1 0 0
0 -1 0
0 0 1

  PixelContainer: 
    ImportImageContainer (0x411cc60)
      RTTI typeinfo:   itk::ImportImageContainer<unsigned long, double>
      Reference Count: 1
      Modified Time: 1938
      Debug: Off
      Object Name: 
      Observers: 
        none
      Pointer: 0x149c70215010
      Container manages memory: true
      Size: 8530021
      Capacity: 8530021

     Moving image = Image (0x41b0ec0)
  RTTI typeinfo:   itk::Image<double, 3u>
  Reference Count: 2
  Modified Time: 2331
  Debug: Off
  Object Name: 
  Observers: 
    none
  Source: (none)
  Source output name: (none)
  Release Data: Off
  Data Released: False
  Global Release Data: Off
  PipelineMTime: 0
  UpdateMTime: 2328
  RealTimeStamp: 0 seconds 
  LargestPossibleRegion: 
    Dimension: 3
    Index: [0, 0, 0]
    Size: [160, 240, 256]
  BufferedRegion: 
    Dimension: 3
    Index: [0, 0, 0]
    Size: [160, 240, 256]
  RequestedRegion: 
    Dimension: 3
    Index: [0, 0, 0]
    Size: [160, 240, 256]
  Spacing: [1, 1, 1]
  Origin: [73.279, 104.707, -131.187]
  Direction: 
-0.997527 0.0645574 -0.0278053
-0.0645323 -0.997914 -0.00179875
-0.0278634 4.01097e-08 0.999612

  IndexToPointMatrix: 
-0.997527 0.0645574 -0.0278053
-0.0645323 -0.997914 -0.00179875
-0.0278634 4.01097e-08 0.999612

  PointToIndexMatrix: 
-0.997527 -0.0645323 -0.0278634
0.0645574 -0.997914 4.01049e-08
-0.0278053 -0.00179875 0.999612

  Inverse Direction: 
-0.997527 -0.0645323 -0.0278634
0.0645574 -0.997914 4.01049e-08
-0.0278053 -0.00179875 0.999612

  PixelContainer: 
    ImportImageContainer (0x4248610)
      RTTI typeinfo:   itk::ImportImageContainer<unsigned long, double>
      Reference Count: 1
      Modified Time: 2325
      Debug: Off
      Object Name: 
      Observers: 
        none
      Pointer: 0x149c6b714010
      Container manages memory: true
      Size: 9830400
      Capacity: 9830400

     Weighting = 1
     Sampling strategy = regular
     Number of bins = 32
     Radius = 4
     Sampling percentage  = 0.25
   Transform = Rigid
     Gradient step = 0.1
     Update field sigma (voxel space) = 0
     Total field sigma (voxel space) = 0
     Update field time sigma = 0
     Total field time sigma  = 0
     Number of time indices = 0
     Number of time point samples = 0
Registration using 1 total stages.

Stage 0
  iterations = 0
  convergence threshold = 1e-06
  convergence window size = 10
  number of levels = 1
  using the Mattes MI metric (number of bins = 32, weight = 1, use gradient filter = 0)
  preprocessing:  winsorizing the image intensities
  Shrink factors (level 1 out of 1): [1, 1, 1]
  smoothing sigmas per level: [0]
  regular sampling (percentage = 0.25)

*** Running Euler3DTransform registration ***

  Elapsed time (stage 0): 1.11219


Total elapsed time: 1.11436
Info [verificarlo]: loaded backend libinterflop_ieee.so
Info [interflop-ieee]: load backend with:
Info [interflop-ieee]: debug = false
Info [interflop-ieee]: debug-binary = false
Info [interflop-ieee]: no-backend-name = false
Info [interflop-ieee]: print-new-line = false
Info [interflop-ieee]: print-subnormal-normalized = false
Info [interflop-ieee]: count-op = false
All_Command_lines_OK
Using double precision for computations.
=============================================================================
The composite transform comprises the following transforms (in order): 
  1. /home/mdugre/scratch/mri-registration-rp/datasets/ds004513/derivatives/mri-registration-rp/0011/antsRegistration-r8-p18/sub-s032/align_Composite.h5[0] (type = Euler3DTransform)
  2. /home/mdugre/scratch/mri-registration-rp/datasets/ds004513/derivatives/mri-registration-rp/0011/antsRegistration-r8-p18/sub-s032/align_Composite.h5[1] (type = Euler3DTransform)
=============================================================================
  number of levels = 4
  fixed image: /templateflow/tpl-MNI152NLin2009cAsym/tpl-MNI152NLin2009cAsym_res-01_desc-brain_T1w.nii.gz
  moving image: /home/mdugre/scratch/mri-registration-rp/datasets/ds004513/derivatives/mri-registration-rp/antsBrainExtraction/sub-s032/BrainExtractionBrain.nii.gz
Dimension = 3
Number of stages = 1
Use histogram matching = false
Winsorize image intensities = true
  Lower quantile = 0.005
  Upper quantile = 0.995


Stage 1 State
   Image metric = MattesMI
     Fixed image = Image (0x4c53530)
  RTTI typeinfo:   itk::Image<double, 3u>
  Reference Count: 2
  Modified Time: 1578
  Debug: Off
  Object Name: 
  Observers: 
    none
  Source: (none)
  Source output name: (none)
  Release Data: Off
  Data Released: False
  Global Release Data: Off
  PipelineMTime: 0
  UpdateMTime: 1189
  RealTimeStamp: 0 seconds 
  LargestPossibleRegion: 
    Dimension: 3
    Index: [0, 0, 0]
    Size: [193, 229, 193]
  BufferedRegion: 
    Dimension: 3
    Index: [0, 0, 0]
    Size: [193, 229, 193]
  RequestedRegion: 
    Dimension: 3
    Index: [0, 0, 0]
    Size: [193, 229, 193]
  Spacing: [1, 1, 1]
  Origin: [96, 132, -78]
  Direction: 
-1 0 0
0 -1 0
0 0 1

  IndexToPointMatrix: 
-1 0 0
0 -1 0
0 0 1

  PointToIndexMatrix: 
-1 0 0
0 -1 0
0 0 1

  Inverse Direction: 
-1 0 0
0 -1 0
0 0 1

  PixelContainer: 
    ImportImageContainer (0x4d11d60)
      RTTI typeinfo:   itk::ImportImageContainer<unsigned long, double>
      Reference Count: 1
      Modified Time: 1186
      Debug: Off
      Object Name: 
      Observers: 
        none
      Pointer: 0x14558746b010
      Container manages memory: true
      Size: 8530021
      Capacity: 8530021

     Moving image = Image (0x4d03f60)
  RTTI typeinfo:   itk::Image<double, 3u>
  Reference Count: 2
  Modified Time: 1579
  Debug: Off
  Object Name: 
  Observers: 
    none
  Source: (none)
  Source output name: (none)
  Release Data: Off
  Data Released: False
  Global Release Data: Off
  PipelineMTime: 0
  UpdateMTime: 1576
  RealTimeStamp: 0 seconds 
  LargestPossibleRegion: 
    Dimension: 3
    Index: [0, 0, 0]
    Size: [160, 240, 256]
  BufferedRegion: 
    Dimension: 3
    Index: [0, 0, 0]
    Size: [160, 240, 256]
  RequestedRegion: 
    Dimension: 3
    Index: [0, 0, 0]
    Size: [160, 240, 256]
  Spacing: [1, 1, 1]
  Origin: [73.279, 104.707, -131.187]
  Direction: 
-0.997527 0.0645574 -0.0278053
-0.0645323 -0.997914 -0.00179875
-0.0278634 4.01097e-08 0.999612

  IndexToPointMatrix: 
-0.997527 0.0645574 -0.0278053
-0.0645323 -0.997914 -0.00179875
-0.0278634 4.01097e-08 0.999612

  PointToIndexMatrix: 
-0.997527 -0.0645323 -0.0278634
0.0645574 -0.997914 4.01049e-08
-0.0278053 -0.00179875 0.999612

  Inverse Direction: 
-0.997527 -0.0645323 -0.0278634
0.0645574 -0.997914 4.01049e-08
-0.0278053 -0.00179875 0.999612

  PixelContainer: 
    ImportImageContainer (0x4cf56d0)
      RTTI typeinfo:   itk::ImportImageContainer<unsigned long, double>
      Reference Count: 1
      Modified Time: 1573
      Debug: Off
      Object Name: 
      Observers: 
        none
      Pointer: 0x14558296a010
      Container manages memory: true
      Size: 9830400
      Capacity: 9830400

     Weighting = 1
     Sampling strategy = regular
     Number of bins = 32
     Radius = 4
     Sampling percentage  = 0.25
   Transform = Rigid
     Gradient step = 0.1
     Update field sigma (voxel space) = 0
     Total field sigma (voxel space) = 0
     Update field time sigma = 0
     Total field time sigma  = 0
     Number of time indices = 0
     Number of time point samples = 0
Registration using 1 total stages.

Stage 0
  iterations = 1000x500x250x100
  convergence threshold = 1e-06
  convergence window size = 10
  number of levels = 4
  using the Mattes MI metric (number of bins = 32, weight = 1, use gradient filter = 0)
  preprocessing:  winsorizing the image intensities
  Shrink factors (level 1 out of 4): [8, 8, 8]
  Shrink factors (level 2 out of 4): [4, 4, 4]
  Shrink factors (level 3 out of 4): [2, 2, 2]
  Shrink factors (level 4 out of 4): [1, 1, 1]
  smoothing sigmas per level: [3, 2, 1, 0]
  regular sampling (percentage = 0.25)

*** Running Euler3DTransform registration ***

DIAGNOSTIC,Iteration,metricValue,convergenceValue,ITERATION_TIME_INDEX,SINCE_LAST
 2DIAGNOSTIC,     1, -5.480496989617e-01, 1.797693134862e+308, 7.4246e-01, 7.4246e-01, 
 2DIAGNOSTIC,     2, -5.506811078454e-01, 1.797693134862e+308, 7.4720e-01, 4.7431e-03, 
 2DIAGNOSTIC,     3, -5.546514955662e-01, 1.797693134862e+308, 7.5172e-01, 4.5249e-03, 
 2DIAGNOSTIC,     4, -5.606863537750e-01, 1.797693134862e+308, 7.5625e-01, 4.5290e-03, 
 2DIAGNOSTIC,     5, -5.693661845193e-01, 1.797693134862e+308, 7.6024e-01, 3.9880e-03, 
 2DIAGNOSTIC,     6, -5.854078830086e-01, 1.797693134862e+308, 7.6444e-01, 4.1952e-03, 
 2DIAGNOSTIC,     7, -6.232769732918e-01, 1.797693134862e+308, 7.6883e-01, 4.3969e-03, 
 2DIAGNOSTIC,     8, -6.297683730473e-01, 1.797693134862e+308, 7.7354e-01, 4.7019e-03, 
 2DIAGNOSTIC,     9, -6.366738733405e-01, 1.797693134862e+308, 7.8074e-01, 7.2019e-03, 
 2DIAGNOSTIC,    10, -6.375630690827e-01, 1.201760866083e-02, 7.8491e-01, 4.1709e-03, 
 2DIAGNOSTIC,    11, -6.405337628679e-01, 1.087684809450e-02, 7.8891e-01, 3.9990e-03, 
 2DIAGNOSTIC,    12, -6.435528997438e-01, 9.167753354490e-03, 7.9340e-01, 4.4971e-03, 
 2DIAGNOSTIC,    13, -6.444720921444e-01, 7.089498731847e-03, 7.9744e-01, 4.0362e-03, 
 2DIAGNOSTIC,    14, -6.463616611293e-01, 4.967892496988e-03, 8.0195e-01, 4.5061e-03, 
 2DIAGNOSTIC,    15, -6.484646963404e-01, 3.033020789043e-03, 8.0906e-01, 7.1130e-03, 
 2DIAGNOSTIC,    16, -6.486009987994e-01, 1.520386367320e-03, 8.1309e-01, 4.0300e-03, 
 2DIAGNOSTIC,    17, -6.493699344760e-01, 1.108203205204e-03, 8.1710e-01, 4.0090e-03, 
 2DIAGNOSTIC,    18, -6.514578195065e-01, 8.586162135984e-04, 8.2130e-01, 4.2059e-03, 
 2DIAGNOSTIC,    19, -6.526592717406e-01, 7.533650369804e-04, 8.2535e-01, 4.0438e-03, 
 2DIAGNOSTIC,    20, -6.536191777189e-01, 6.303067369292e-04, 8.2940e-01, 4.0569e-03, 
 2DIAGNOSTIC,    21, -6.549162298979e-01, 5.534292205380e-04, 8.3346e-01, 4.0591e-03, 
 2DIAGNOSTIC,    22, -6.562385790832e-01, 5.226986103233e-04, 8.3851e-01, 5.0452e-03, 
 2DIAGNOSTIC,    23, -6.565000058113e-01, 4.680180012237e-04, 8.4303e-01, 4.5199e-03, 
 2DIAGNOSTIC,    24, -6.565387353854e-01, 4.101063704208e-04, 8.4766e-01, 4.6272e-03, 
 2DIAGNOSTIC,    25, -6.567702146893e-01, 3.618032093041e-04, 8.5226e-01, 4.6060e-03, 
 2DIAGNOSTIC,    26, -6.583507212369e-01, 3.132611037347e-04, 8.5636e-01, 4.0929e-03, 
 2DIAGNOSTIC,    27, -6.586527568469e-01, 2.554116018359e-04, 8.6034e-01, 3.9818e-03, 
 2DIAGNOSTIC,    28, -6.593310437738e-01, 2.225767143841e-04, 8.6553e-01, 5.1920e-03, 
 2DIAGNOSTIC,    29, -6.595734041655e-01, 1.939316665336e-04, 8.6997e-01, 4.4410e-03, 
 2DIAGNOSTIC,    30, -6.595955819569e-01, 1.634946778527e-04, 8.7447e-01, 4.4971e-03, 
 2DIAGNOSTIC,    31, -6.596949967568e-01, 1.392755860915e-04, 8.7846e-01, 3.9890e-03, 
 2DIAGNOSTIC,    32, -6.597157295313e-01, 1.221677497593e-04, 8.8292e-01, 4.4658e-03, 
 2DIAGNOSTIC,    33, -6.597001423845e-01, 9.820426862762e-05, 8.8927e-01, 6.3488e-03, 
 2DIAGNOSTIC,    34, -6.595254449701e-01, 6.486903006674e-05, 8.9319e-01, 3.9170e-03, 
 2DIAGNOSTIC,    35, -6.595295822810e-01, 3.010817889873e-05, 8.9709e-01, 3.9070e-03, 
 2DIAGNOSTIC,    36, -6.595351297936e-01, 1.424396565813e-05, 9.0101e-01, 3.9160e-03, 
 2DIAGNOSTIC,    37, -6.595409535781e-01, 1.474135168794e-06, 9.0499e-01, 3.9752e-03, 
DIAGNOSTIC,Iteration,metricValue,convergenceValue,ITERATION_TIME_INDEX,SINCE_LAST
 2DIAGNOSTIC,     1, -5.183739626527e-01, 1.797693134862e+308, 1.6325e+00, 7.2748e-01, 
 2DIAGNOSTIC,     2, -5.189226238284e-01, 1.797693134862e+308, 1.6603e+00, 2.7880e-02, 
 2DIAGNOSTIC,     3, -5.196899327350e-01, 1.797693134862e+308, 1.6884e+00, 2.8029e-02, 
 2DIAGNOSTIC,     4, -5.204463662995e-01, 1.797693134862e+308, 1.7162e+00, 2.7850e-02, 
 2DIAGNOSTIC,     5, -5.209979485292e-01, 1.797693134862e+308, 1.7440e+00, 2.7804e-02, 
 2DIAGNOSTIC,     6, -5.216357744175e-01, 1.797693134862e+308, 1.7718e+00, 2.7800e-02, 
 2DIAGNOSTIC,     7, -5.233753714605e-01, 1.797693134862e+308, 1.7995e+00, 2.7697e-02, 
 2DIAGNOSTIC,     8, -5.241119131167e-01, 1.797693134862e+308, 1.8340e+00, 3.4522e-02, 
 2DIAGNOSTIC,     9, -5.247293428587e-01, 1.797693134862e+308, 1.8688e+00, 3.4722e-02, 
 2DIAGNOSTIC,    10, -5.250028241228e-01, 8.899807889699e-04, 1.8992e+00, 3.0446e-02, 
 2DIAGNOSTIC,    11, -5.255570915271e-01, 7.959217960508e-04, 1.9337e+00, 3.4490e-02, 
 2DIAGNOSTIC,    12, -5.289098581053e-01, 8.211614744987e-04, 1.9681e+00, 3.4393e-02, 
 2DIAGNOSTIC,    13, -5.295596026056e-01, 8.231568574954e-04, 2.0025e+00, 3.4378e-02, 
 2DIAGNOSTIC,    14, -5.295253575783e-01, 7.798185763589e-04, 2.0325e+00, 3.0007e-02, 
 2DIAGNOSTIC,    15, -5.301734556171e-01, 7.172057718944e-04, 2.0603e+00, 2.7797e-02, 
 2DIAGNOSTIC,    16, -5.312974490614e-01, 6.544536152213e-04, 2.0878e+00, 2.7557e-02, 
 2DIAGNOSTIC,    17, -5.330531801226e-01, 6.473169107198e-04, 2.1381e+00, 5.0283e-02, 
 2DIAGNOSTIC,    18, -5.331722841915e-01, 6.054633929976e-04, 2.1664e+00, 2.8241e-02, 
 2DIAGNOSTIC,    19, -5.334119803079e-01, 5.389721952411e-04, 2.1940e+00, 2.7639e-02, 
 2DIAGNOSTIC,    20, -5.338316232880e-01, 4.491965950258e-04, 2.2222e+00, 2.8188e-02, 
 2DIAGNOSTIC,    21, -5.362327583457e-01, 3.990909303826e-04, 2.2612e+00, 3.8984e-02, 
 2DIAGNOSTIC,    22, -5.366237221824e-01, 4.057432948713e-04, 2.2888e+00, 2.7592e-02, 
 2DIAGNOSTIC,    23, -5.369875569120e-01, 3.987258833931e-04, 2.3165e+00, 2.7737e-02, 
 2DIAGNOSTIC,    24, -5.377940939828e-01, 3.735249372742e-04, 2.3446e+00, 2.8095e-02, 
 2DIAGNOSTIC,    25, -5.384991208735e-01, 3.437162621562e-04, 2.3854e+00, 4.0769e-02, 
 2DIAGNOSTIC,    26, -5.387520487250e-01, 3.105902835205e-04, 2.4144e+00, 2.9040e-02, 
 2DIAGNOSTIC,    27, -5.394834253925e-01, 3.003700485437e-04, 2.4463e+00, 3.1905e-02, 
 2DIAGNOSTIC,    28, -5.405404186172e-01, 2.856028389394e-04, 2.4854e+00, 3.9129e-02, 
 2DIAGNOSTIC,    29, -5.413720327514e-01, 2.646078773826e-04, 2.5137e+00, 2.8222e-02, 
 2DIAGNOSTIC,    30, -5.427362901970e-01, 2.506746964324e-04, 2.5427e+00, 2.9008e-02, 
 2DIAGNOSTIC,    31, -5.461021946803e-01, 3.133169792667e-04, 2.5707e+00, 2.8036e-02, 
 2DIAGNOSTIC,    32, -5.500316000576e-01, 4.132580238769e-04, 2.6071e+00, 3.6356e-02, 
 2DIAGNOSTIC,    33, -5.517160325423e-01, 4.996226364921e-04, 2.6388e+00, 3.1722e-02, 
 2DIAGNOSTIC,    34, -5.532138666212e-01, 5.699475667315e-04, 2.6670e+00, 2.8208e-02, 
 2DIAGNOSTIC,    35, -5.556570213979e-01, 6.302686353065e-04, 2.6990e+00, 3.1972e-02, 
 2DIAGNOSTIC,    36, -5.573768249734e-01, 6.550100128353e-04, 2.7274e+00, 2.8439e-02, 
 2DIAGNOSTIC,    37, -5.578916053219e-01, 6.329330148814e-04, 2.7592e+00, 3.1772e-02, 
 2DIAGNOSTIC,    38, -5.591935605543e-01, 5.854763162934e-04, 2.8083e+00, 4.9118e-02, 
 2DIAGNOSTIC,    39, -5.605073205775e-01, 5.143343264141e-04, 2.8411e+00, 3.2766e-02, 
 2DIAGNOSTIC,    40, -5.610880205807e-01, 4.225590656182e-04, 2.8723e+00, 3.1191e-02, 
 2DIAGNOSTIC,    41, -5.615469662552e-01, 3.434675640418e-04, 2.9046e+00, 3.2309e-02, 
 2DIAGNOSTIC,    42, -5.631377854822e-01, 3.051117763725e-04, 2.9525e+00, 4.7904e-02, 
 2DIAGNOSTIC,    43, -5.637871953975e-01, 2.676664612954e-04, 2.9834e+00, 3.0974e-02, 
 2DIAGNOSTIC,    44, -5.639095903229e-01, 2.251836158443e-04, 3.0183e+00, 3.4844e-02, 
 2DIAGNOSTIC,    45, -5.641394741257e-01, 1.944187733438e-04, 3.0572e+00, 3.8879e-02, 
 2DIAGNOSTIC,    46, -5.644273895240e-01, 1.696344483808e-04, 3.0908e+00, 3.3689e-02, 
 2DIAGNOSTIC,    47, -5.647872610932e-01, 1.390555012600e-04, 3.1240e+00, 3.3141e-02, 
 2DIAGNOSTIC,    48, -5.651606123052e-01, 1.144167451290e-04, 3.1538e+00, 2.9801e-02, 
 2DIAGNOSTIC,    49, -5.656341363642e-01, 9.915854676077e-05, 3.1870e+00, 3.3214e-02, 
 2DIAGNOSTIC,    50, -5.659388206356e-01, 8.447008846274e-05, 3.2160e+00, 2.9015e-02, 
 2DIAGNOSTIC,    51, -5.660524216226e-01, 6.782299423099e-05, 3.2490e+00, 3.3024e-02, 
 2DIAGNOSTIC,    52, -5.661643062936e-01, 6.239991974074e-05, 3.2833e+00, 3.4280e-02, 
 2DIAGNOSTIC,    53, -5.663180296524e-01, 5.916728258271e-05, 3.3213e+00, 3.8003e-02, 
 2DIAGNOSTIC,    54, -5.666981571013e-01, 5.521760528576e-05, 3.3599e+00, 3.8607e-02, 
 2DIAGNOSTIC,    55, -5.667093039498e-01, 4.834782361514e-05, 3.3954e+00, 3.5477e-02, 
 2DIAGNOSTIC,    56, -5.667223897736e-01, 4.000206335086e-05, 3.4316e+00, 3.6163e-02, 
 2DIAGNOSTIC,    57, -5.667383773995e-01, 3.164125886017e-05, 3.4680e+00, 3.6429e-02, 
 2DIAGNOSTIC,    58, -5.667452215124e-01, 2.389769668661e-05, 3.5012e+00, 3.3186e-02, 
 2DIAGNOSTIC,    59, -5.667428551485e-01, 1.823334589694e-05, 3.5305e+00, 2.9312e-02, 
 2DIAGNOSTIC,    60, -5.667442192953e-01, 1.371418713614e-05, 3.5600e+00, 2.9511e-02, 
 2DIAGNOSTIC,    61, -5.667474842209e-01, 9.117975968535e-06, 3.5901e+00, 3.0094e-02, 
 2DIAGNOSTIC,    62, -5.667902698549e-01, 5.145921271696e-06, 3.6198e+00, 2.9722e-02, 
 2DIAGNOSTIC,    63, -5.668301336115e-01, 2.358446166972e-06, 3.6488e+00, 2.8998e-02, 
 2DIAGNOSTIC,    64, -5.669041475481e-01, 3.163973347833e-06, 3.6782e+00, 2.9325e-02, 
 2DIAGNOSTIC,    65, -5.670623323320e-01, 5.031950655730e-06, 3.7115e+00, 3.3344e-02, 
 2DIAGNOSTIC,    66, -5.673750817692e-01, 8.936825339482e-06, 3.7599e+00, 4.8403e-02, 
 2DIAGNOSTIC,    67, -5.673970214820e-01, 1.214830271205e-05, 3.7964e+00, 3.6541e-02, 
 2DIAGNOSTIC,    68, -5.673892176855e-01, 1.416801568639e-05, 3.8597e+00, 6.3278e-02, 
 2DIAGNOSTIC,    69, -5.673892183444e-01, 1.482316433589e-05, 3.9191e+00, 5.9335e-02, 
 2DIAGNOSTIC,    70, -5.673892183784e-01, 1.406583172346e-05, 3.9853e+00, 6.6213e-02, 
 2DIAGNOSTIC,    71, -5.673892183789e-01, 1.200279232485e-05, 4.0676e+00, 8.2369e-02, 
 2DIAGNOSTIC,    72, -5.673892183789e-01, 9.199324674190e-06, 4.1254e+00, 5.7743e-02, 
 2DIAGNOSTIC,    73, -5.673892183789e-01, 5.949073375136e-06, 4.1605e+00, 3.5103e-02, 
 2DIAGNOSTIC,    74, -5.673892183789e-01, 2.772958010731e-06, 4.2080e+00, 4.7484e-02, 
DIAGNOSTIC,Iteration,metricValue,convergenceValue,ITERATION_TIME_INDEX,SINCE_LAST
 2DIAGNOSTIC,     1, -5.013427256182e-01, 1.797693134862e+308, 5.3198e+00, 1.1118e+00, 
 2DIAGNOSTIC,     2, -5.016578307599e-01, 1.797693134862e+308, 5.5541e+00, 2.3434e-01, 
 2DIAGNOSTIC,     3, -5.019726506663e-01, 1.797693134862e+308, 5.7943e+00, 2.4017e-01, 
 2DIAGNOSTIC,     4, -5.021135301266e-01, 1.797693134862e+308, 6.0172e+00, 2.2285e-01, 
 2DIAGNOSTIC,     5, -5.021657662771e-01, 1.797693134862e+308, 6.2675e+00, 2.5038e-01, 
 2DIAGNOSTIC,     6, -5.021736467681e-01, 1.797693134862e+308, 6.6143e+00, 3.4673e-01, 
 2DIAGNOSTIC,     7, -5.021752259179e-01, 1.797693134862e+308, 6.8838e+00, 2.6950e-01, 
 2DIAGNOSTIC,     8, -5.021737156689e-01, 1.797693134862e+308, 7.1629e+00, 2.7915e-01, 
 2DIAGNOSTIC,     9, -5.021730156796e-01, 1.797693134862e+308, 7.5044e+00, 3.4152e-01, 
 2DIAGNOSTIC,    10, -5.021725151356e-01, 8.533548760889e-05, 7.8009e+00, 2.9651e-01, 
 2DIAGNOSTIC,    11, -5.021710191502e-01, 4.064396570273e-05, 8.0379e+00, 2.3698e-01, 
 2DIAGNOSTIC,    12, -5.021696216757e-01, 1.451083137607e-05, 8.3042e+00, 2.6631e-01, 
 2DIAGNOSTIC,    13, -5.021697774506e-01, 4.903045683041e-06, 8.5433e+00, 2.3908e-01, 
 2DIAGNOSTIC,    14, -5.021683964672e-01, 2.028965122108e-06, 8.7834e+00, 2.4011e-01, 
 2DIAGNOSTIC,    15, -5.021688446042e-01, 1.541259296384e-06, 9.0518e+00, 2.6835e-01, 
 2DIAGNOSTIC,    16, -5.021701962176e-01, 1.491870819659e-06, 9.2950e+00, 2.4320e-01, 
 2DIAGNOSTIC,    17, -5.021727158989e-01, 1.630479314098e-06, 9.5630e+00, 2.6799e-01, 
 2DIAGNOSTIC,    18, -5.021733609157e-01, 1.747136923524e-06, 9.7865e+00, 2.2349e-01, 
 2DIAGNOSTIC,    19, -5.021727519128e-01, 1.815253513004e-06, 1.0094e+01, 3.0758e-01, 
 2DIAGNOSTIC,    20, -5.021757516912e-01, 1.936681250023e-06, 1.0354e+01, 2.6008e-01, 
 2DIAGNOSTIC,    21, -5.021739708668e-01, 1.923375962061e-06, 1.0615e+01, 2.6133e-01, 
 2DIAGNOSTIC,    22, -5.021805014177e-01, 2.005555085859e-06, 1.0921e+01, 3.0549e-01, 
 2DIAGNOSTIC,    23, -5.021921653267e-01, 2.316404510358e-06, 1.1235e+01, 3.1405e-01, 
 2DIAGNOSTIC,    24, -5.021917872827e-01, 2.466660391769e-06, 1.1548e+01, 3.1267e-01, 
 2DIAGNOSTIC,    25, -5.021884971551e-01, 2.438348032208e-06, 1.1892e+01, 3.4408e-01, 
 2DIAGNOSTIC,    26, -5.021886425400e-01, 2.339501929662e-06, 1.2215e+01, 3.2362e-01, 
 2DIAGNOSTIC,    27, -5.021871861407e-01, 2.161513223339e-06, 1.2520e+01, 3.0426e-01, 
 2DIAGNOSTIC,    28, -5.021885994638e-01, 1.940957726793e-06, 1.2824e+01, 3.0461e-01, 
 2DIAGNOSTIC,    29, -5.021898446870e-01, 1.670437194373e-06, 1.3080e+01, 2.5611e-01, 
 2DIAGNOSTIC,    30, -5.021937011489e-01, 1.499395182576e-06, 1.3400e+01, 3.1931e-01, 
 2DIAGNOSTIC,    31, -5.021953298716e-01, 1.293060704587e-06, 1.3691e+01, 2.9106e-01, 
 2DIAGNOSTIC,    32, -5.021949960025e-01, 1.177689363079e-06, 1.3989e+01, 2.9785e-01, 
 2DIAGNOSTIC,    33, -5.021962391421e-01, 1.274013506705e-06, 1.4304e+01, 3.1583e-01, 
 2DIAGNOSTIC,    34, -5.021965113977e-01, 1.333791144489e-06, 1.4598e+01, 2.9313e-01, 
 2DIAGNOSTIC,    35, -5.021996155713e-01, 1.348139584325e-06, 1.4894e+01, 2.9649e-01, 
 2DIAGNOSTIC,    36, -5.022000867493e-01, 1.329198560378e-06, 1.5151e+01, 2.5654e-01, 
 2DIAGNOSTIC,    37, -5.022044385074e-01, 1.314099079358e-06, 1.5463e+01, 3.1238e-01, 
 2DIAGNOSTIC,    38, -5.022070055372e-01, 1.315046571457e-06, 1.5752e+01, 2.8880e-01, 
 2DIAGNOSTIC,    39, -5.022112979801e-01, 1.348871481701e-06, 1.6071e+01, 3.1904e-01, 
 2DIAGNOSTIC,    40, -5.022183698363e-01, 1.483283381079e-06, 1.6336e+01, 2.6541e-01, 
 2DIAGNOSTIC,    41, -5.022308164995e-01, 1.738190213367e-06, 1.6600e+01, 2.6358e-01, 
 2DIAGNOSTIC,    42, -5.022514536920e-01, 2.159067466430e-06, 1.6907e+01, 3.0736e-01, 
 2DIAGNOSTIC,    43, -5.022796217144e-01, 2.808779899558e-06, 1.7152e+01, 2.4443e-01, 
 2DIAGNOSTIC,    44, -5.022963407298e-01, 3.443625798967e-06, 1.7395e+01, 2.4381e-01, 
 2DIAGNOSTIC,    45, -5.023244066506e-01, 4.183280458463e-06, 1.7688e+01, 2.9215e-01, 
 2DIAGNOSTIC,    46, -5.023210621706e-01, 4.516876387160e-06, 1.8014e+01, 3.2699e-01, 
 2DIAGNOSTIC,    47, -5.023226115136e-01, 4.544733480202e-06, 1.8297e+01, 2.8226e-01, 
 2DIAGNOSTIC,    48, -5.023760468802e-01, 4.860361437868e-06, 1.8616e+01, 3.1896e-01, 
 2DIAGNOSTIC,    49, -5.023848937144e-01, 4.892180754335e-06, 1.8843e+01, 2.2722e-01, 
 2DIAGNOSTIC,    50, -5.023986058270e-01, 4.754027983712e-06, 1.9068e+01, 2.2484e-01, 
 2DIAGNOSTIC,    51, -5.024085475727e-01, 4.480986503613e-06, 1.9328e+01, 2.6015e-01, 
 2DIAGNOSTIC,    52, -5.024165106815e-01, 4.156022022282e-06, 1.9586e+01, 2.5832e-01, 
 2DIAGNOSTIC,    53, -5.024169166283e-01, 3.797429745541e-06, 1.9843e+01, 2.5694e-01, 
 2DIAGNOSTIC,    54, -5.024132890482e-01, 3.272185468278e-06, 2.0094e+01, 2.5048e-01, 
 2DIAGNOSTIC,    55, -5.024101101706e-01, 2.773972625259e-06, 2.0874e+01, 7.8065e-01, 
 2DIAGNOSTIC,    56, -5.024101101494e-01, 2.054403632896e-06, 2.1651e+01, 7.7690e-01, 
 2DIAGNOSTIC,    57, -5.024101101494e-01, 1.218037262430e-06, 2.1977e+01, 3.2530e-01, 
DIAGNOSTIC,Iteration,metricValue,convergenceValue,ITERATION_TIME_INDEX,SINCE_LAST
 2DIAGNOSTIC,     1, -4.668937372085e-01, 1.797693134862e+308, 2.4368e+01, 2.3911e+00, 
 2DIAGNOSTIC,     2, -4.670727837842e-01, 1.797693134862e+308, 2.6197e+01, 1.8290e+00, 
 2DIAGNOSTIC,     3, -4.670763468940e-01, 1.797693134862e+308, 2.8146e+01, 1.9493e+00, 
 2DIAGNOSTIC,     4, -4.670753789179e-01, 1.797693134862e+308, 3.0186e+01, 2.0399e+00, 
 2DIAGNOSTIC,     5, -4.670753878047e-01, 1.797693134862e+308, 3.2075e+01, 1.8889e+00, 
 2DIAGNOSTIC,     6, -4.670753545595e-01, 1.797693134862e+308, 3.6906e+01, 4.8313e+00, 
 2DIAGNOSTIC,     7, -4.670753545584e-01, 1.797693134862e+308, 4.0844e+01, 3.9376e+00, 
 2DIAGNOSTIC,     8, -4.670753545584e-01, 1.797693134862e+308, 4.3246e+01, 2.4023e+00, 
 2DIAGNOSTIC,     9, -4.670753545584e-01, 1.797693134862e+308, 4.5081e+01, 1.8350e+00, 
 2DIAGNOSTIC,    10, -4.670753545584e-01, 1.432599051031e-05, 4.6717e+01, 1.6361e+00, 
 2DIAGNOSTIC,    11, -4.670753545584e-01, 2.984371593198e-06, 4.8373e+01, 1.6557e+00, 
 2DIAGNOSTIC,    12, -4.670753545584e-01, 2.598330025430e-06, 5.0030e+01, 1.6579e+00, 
 2DIAGNOSTIC,    13, -4.670753545584e-01, 2.444491343373e-06, 5.1679e+01, 1.6484e+00, 
 2DIAGNOSTIC,    14, -4.670753545584e-01, 2.270755908029e-06, 5.3311e+01, 1.6323e+00, 
 2DIAGNOSTIC,    15, -4.670753545584e-01, 2.120716920323e-06, 5.5329e+01, 2.0175e+00, 
 2DIAGNOSTIC,    16, -4.670753545584e-01, 1.988168904621e-06, 5.7005e+01, 1.6768e+00, 
 2DIAGNOSTIC,    17, -4.670753545584e-01, 1.871215095151e-06, 5.9011e+01, 2.0055e+00, 
 2DIAGNOSTIC,    18, -4.670753545584e-01, 1.767256436420e-06, 6.0649e+01, 1.6382e+00, 
 2DIAGNOSTIC,    19, -4.670753545584e-01, 1.674241020239e-06, 6.2251e+01, 1.6015e+00, 
 2DIAGNOSTIC,    20, -4.670753545584e-01, 1.590527328038e-06, 6.4345e+01, 2.0942e+00, 
 2DIAGNOSTIC,    21, -4.670753545584e-01, 1.514786517297e-06, 6.6001e+01, 1.6564e+00, 
 2DIAGNOSTIC,    22, -4.670753545584e-01, 1.445931357535e-06, 6.7641e+01, 1.6394e+00, 
 2DIAGNOSTIC,    23, -4.670753545584e-01, 1.383063705021e-06, 6.9291e+01, 1.6505e+00, 
 2DIAGNOSTIC,    24, -4.670753545584e-01, 1.325435109126e-06, 7.0933e+01, 1.6418e+00, 
 2DIAGNOSTIC,    25, -4.670753545584e-01, 1.272416873227e-06, 7.2564e+01, 1.6313e+00, 
 2DIAGNOSTIC,    26, -4.670753545584e-01, 1.223477024692e-06, 7.4184e+01, 1.6197e+00, 
 2DIAGNOSTIC,    27, -4.670753545584e-01, 1.178162402755e-06, 7.5665e+01, 1.4814e+00, 
 2DIAGNOSTIC,    28, -4.670753545584e-01, 1.136084584831e-06, 7.7150e+01, 1.4844e+00, 
 2DIAGNOSTIC,    29, -4.670753545584e-01, 1.096908724664e-06, 7.8711e+01, 1.5614e+00, 
 2DIAGNOSTIC,    30, -4.670753545584e-01, 1.060344622605e-06, 8.0185e+01, 1.4741e+00, 
 2DIAGNOSTIC,    31, -4.670753545584e-01, 1.026139524740e-06, 8.1731e+01, 1.5464e+00, 
  Elapsed time (stage 0): 8.2606e+01


Total elapsed time: 8.2609e+01
Info [verificarlo]: loaded backend libinterflop_vprec.so
Info [interflop-vprec]: load backend with: 
Info [interflop-vprec]: precision-binary32 = 18
Info [interflop-vprec]: range-binary32 = 8
Info [interflop-vprec]: precision-binary64 = 18
Info [interflop-vprec]: range-binary64 = 8
Info [interflop-vprec]: mode = ob
Info [interflop-vprec]: error-mode = rel
Info [interflop-vprec]: max-abs-error-exponent = -1022
Info [interflop-vprec]: daz = false
Info [interflop-vprec]: ftz = false
Info [interflop-vprec]: 	instrument = none
Info [interflop-vprec]: 	prec-input-file = (null)
Info [interflop-vprec]: 	prec-output-file = (null)
Info [interflop-vprec]: 	prec-log-file = (null)
All_Command_lines_OK
Using double precision for computations.
=============================================================================
The composite transform comprises the following transforms (in order): 
  1. /home/mdugre/scratch/mri-registration-rp/datasets/ds004513/derivatives/mri-registration-rp/0011/antsRegistration-r8-p18/sub-s032/rigid_Composite.h5[0] (type = Euler3DTransform)
  2. /home/mdugre/scratch/mri-registration-rp/datasets/ds004513/derivatives/mri-registration-rp/0011/antsRegistration-r8-p18/sub-s032/rigid_Composite.h5[1] (type = Euler3DTransform)
  3. /home/mdugre/scratch/mri-registration-rp/datasets/ds004513/derivatives/mri-registration-rp/0011/antsRegistration-r8-p18/sub-s032/rigid_Composite.h5[2] (type = Euler3DTransform)
=============================================================================
  number of levels = 4
  fixed image: /templateflow/tpl-MNI152NLin2009cAsym/tpl-MNI152NLin2009cAsym_res-01_desc-brain_T1w.nii.gz
  moving image: /home/mdugre/scratch/mri-registration-rp/datasets/ds004513/derivatives/mri-registration-rp/antsBrainExtraction/sub-s032/BrainExtractionBrain.nii.gz
Dimension = 3
Number of stages = 1
Use histogram matching = false
Winsorize image intensities = true
  Lower quantile = 0.005
  Upper quantile = 0.995


Stage 1 State
   Image metric = MattesMI
     Fixed image = Image (0x49e2490)
  RTTI typeinfo:   itk::Image<double, 3u>
  Reference Count: 2
  Modified Time: 1592
  Debug: Off
  Object Name: 
  Observers: 
    none
  Source: (none)
  Source output name: (none)
  Release Data: Off
  Data Released: False
  Global Release Data: Off
  PipelineMTime: 0
  UpdateMTime: 1203
  RealTimeStamp: 0 seconds 
  LargestPossibleRegion: 
    Dimension: 3
    Index: [0, 0, 0]
    Size: [193, 229, 193]
  BufferedRegion: 
    Dimension: 3
    Index: [0, 0, 0]
    Size: [193, 229, 193]
  RequestedRegion: 
    Dimension: 3
    Index: [0, 0, 0]
    Size: [193, 229, 193]
  Spacing: [1, 1, 1]
  Origin: [96, 132, -78]
  Direction: 
-1 0 0
0 -1 0
0 0 1

  IndexToPointMatrix: 
-1 0 0
0 -1 0
0 0 1

  PointToIndexMatrix: 
-1 0 0
0 -1 0
0 0 1

  Inverse Direction: 
-1 0 0
0 -1 0
0 0 1

  PixelContainer: 
    ImportImageContainer (0x4aad8c0)
      RTTI typeinfo:   itk::ImportImageContainer<unsigned long, double>
      Reference Count: 1
      Modified Time: 1200
      Debug: Off
      Object Name: 
      Observers: 
        none
      Pointer: 0x154ee48ba010
      Container manages memory: true
      Size: 8530021
      Capacity: 8530021

     Moving image = Image (0x4a9db60)
  RTTI typeinfo:   itk::Image<double, 3u>
  Reference Count: 2
  Modified Time: 1593
  Debug: Off
  Object Name: 
  Observers: 
    none
  Source: (none)
  Source output name: (none)
  Release Data: Off
  Data Released: False
  Global Release Data: Off
  PipelineMTime: 0
  UpdateMTime: 1590
  RealTimeStamp: 0 seconds 
  LargestPossibleRegion: 
    Dimension: 3
    Index: [0, 0, 0]
    Size: [160, 240, 256]
  BufferedRegion: 
    Dimension: 3
    Index: [0, 0, 0]
    Size: [160, 240, 256]
  RequestedRegion: 
    Dimension: 3
    Index: [0, 0, 0]
    Size: [160, 240, 256]
  Spacing: [1, 1, 1]
  Origin: [73.2791, 104.708, -131.187]
  Direction: 
-0.997526 0.0645573 -0.0278053
-0.0645323 -0.997913 -0.00179875
-0.0278634 4.01097e-08 0.999611

  IndexToPointMatrix: 
-0.997526 0.0645573 -0.0278053
-0.0645323 -0.997913 -0.00179875
-0.0278634 4.01097e-08 0.999611

  PointToIndexMatrix: 
-0.997528 -0.0645323 -0.0278634
0.0645576 -0.997919 3.7253e-08
-0.0278054 -0.00179876 0.999617

  Inverse Direction: 
-0.997528 -0.0645323 -0.0278634
0.0645576 -0.997919 3.7253e-08
-0.0278054 -0.00179876 0.999617

  PixelContainer: 
    ImportImageContainer (0x4b311d0)
      RTTI typeinfo:   itk::ImportImageContainer<unsigned long, double>
      Reference Count: 1
      Modified Time: 1587
      Debug: Off
      Object Name: 
      Observers: 
        none
      Pointer: 0x154edfdb9010
      Container manages memory: true
      Size: 9830400
      Capacity: 9830400

     Weighting = 1
     Sampling strategy = regular
     Number of bins = 32
     Radius = 4
     Sampling percentage  = 0.25
   Transform = Affine
     Gradient step = 0.1
     Update field sigma (voxel space) = 0
     Total field sigma (voxel space) = 0
     Update field time sigma = 0
     Total field time sigma  = 0
     Number of time indices = 0
     Number of time point samples = 0
Registration using 1 total stages.

Stage 0
  iterations = 1000x500x250x100
  convergence threshold = 1e-06
  convergence window size = 10
  number of levels = 4
  using the Mattes MI metric (number of bins = 32, weight = 1, use gradient filter = 0)
  preprocessing:  winsorizing the image intensities
  Shrink factors (level 1 out of 4): [8, 8, 8]
  Shrink factors (level 2 out of 4): [4, 4, 4]
  Shrink factors (level 3 out of 4): [2, 2, 2]
  Shrink factors (level 4 out of 4): [1, 1, 1]
  smoothing sigmas per level: [3, 2, 1, 0]
  regular sampling (percentage = 0.25)

*** Running AffineTransform registration ***

DIAGNOSTIC,Iteration,metricValue,convergenceValue,ITERATION_TIME_INDEX,SINCE_LAST
 2DIAGNOSTIC,     1, -6.840308129380e-01, 1.797693134862e+308, 0.0000e+00, 0.0000e+00, 
 2DIAGNOSTIC,     2, -6.858308605332e-01, 1.797693134862e+308, 0.0000e+00, 0.0000e+00, 
 2DIAGNOSTIC,     3, -6.885433781822e-01, 1.797693134862e+308, 0.0000e+00, 0.0000e+00, 
 2DIAGNOSTIC,     4, -6.931200993763e-01, 1.797693134862e+308, 0.0000e+00, 0.0000e+00, 
 2DIAGNOSTIC,     5, -7.031111029487e-01, 1.797693134862e+308, 0.0000e+00, 0.0000e+00, 
 2DIAGNOSTIC,     6, -7.113192085957e-01, 1.797693134862e+308, 0.0000e+00, 0.0000e+00, 
 2DIAGNOSTIC,     7, -7.205440301635e-01, 1.797693134862e+308, 0.0000e+00, 0.0000e+00, 
 2DIAGNOSTIC,     8, -7.249783999750e-01, 1.797693134862e+308, 0.0000e+00, 0.0000e+00, 
 2DIAGNOSTIC,     9, -7.275317423156e-01, 1.797693134862e+308, 0.0000e+00, 0.0000e+00, 
 2DIAGNOSTIC,    10, -7.298364958015e-01, 4.907325376161e-03, 0.0000e+00, 0.0000e+00, 
 2DIAGNOSTIC,    11, -7.299447879706e-01, 4.233243046638e-03, 0.0000e+00, 0.0000e+00, 
 2DIAGNOSTIC,    12, -7.303704998737e-01, 3.370290676409e-03, 0.0000e+00, 0.0000e+00, 
 2DIAGNOSTIC,    13, -7.301129247200e-01, 2.416415229638e-03, 0.0000e+00, 0.0000e+00, 
 2DIAGNOSTIC,    14, -7.306648936007e-01, 1.526349389403e-03, 0.0000e+00, 0.0000e+00, 
 2DIAGNOSTIC,    15, -7.307689612249e-01, 8.833255481575e-04, 0.0000e+00, 0.0000e+00, 
 2DIAGNOSTIC,    16, -7.310517739307e-01, 4.478806936790e-04, 0.0000e+00, 0.0000e+00, 
 2DIAGNOSTIC,    17, -7.317826653580e-01, 2.544625975801e-04, 0.0000e+00, 0.0000e+00, 
 2DIAGNOSTIC,    18, -7.320863247236e-01, 1.626223542249e-04, 0.0000e+00, 0.0000e+00, 
 2DIAGNOSTIC,    19, -7.323619594749e-01, 1.233684865757e-04, 0.0000e+00, 0.0000e+00, 
 2DIAGNOSTIC,    20, -7.331204487681e-01, 1.373625636391e-04, 0.0000e+00, 0.0000e+00, 
 2DIAGNOSTIC,    21, -7.337358359921e-01, 1.504456100744e-04, 0.0000e+00, 0.0000e+00, 
 2DIAGNOSTIC,    22, -7.336456258956e-01, 1.543931118180e-04, 0.0000e+00, 0.0000e+00, 
 2DIAGNOSTIC,    23, -7.338304726040e-01, 1.425051656192e-04, 0.0000e+00, 0.0000e+00, 
 2DIAGNOSTIC,    24, -7.339677849381e-01, 1.298396650262e-04, 0.0000e+00, 0.0000e+00, 
 2DIAGNOSTIC,    25, -7.338877502110e-01, 1.063094074660e-04, 0.0000e+00, 0.0000e+00, 
 2DIAGNOSTIC,    26, -7.339224821863e-01, 7.926663251573e-05, 0.0000e+00, 0.0000e+00, 
 2DIAGNOSTIC,    27, -7.340472600184e-01, 5.945494181451e-05, 0.0000e+00, 0.0000e+00, 
 2DIAGNOSTIC,    28, -7.341670639382e-01, 4.157816299492e-05, 0.0000e+00, 0.0000e+00, 
 2DIAGNOSTIC,    29, -7.342780486357e-01, 2.610172457593e-05, 0.0000e+00, 0.0000e+00, 
 2DIAGNOSTIC,    30, -7.342498891942e-01, 1.867254641509e-05, 0.0000e+00, 0.0000e+00, 
 2DIAGNOSTIC,    31, -7.343000592377e-01, 1.861857168645e-05, 0.0000e+00, 0.0000e+00, 
 2DIAGNOSTIC,    32, -7.346070656688e-01, 1.946552979146e-05, 0.0000e+00, 0.0000e+00, 
 2DIAGNOSTIC,    33, -7.350770949558e-01, 2.609973930405e-05, 0.0000e+00, 0.0000e+00, 
 2DIAGNOSTIC,    34, -7.354082391784e-01, 3.527812178248e-05, 0.0000e+00, 0.0000e+00, 
 2DIAGNOSTIC,    35, -7.357410493320e-01, 4.353090581290e-05, 0.0000e+00, 0.0000e+00, 
 2DIAGNOSTIC,    36, -7.363130422020e-01, 5.386393958234e-05, 0.0000e+00, 0.0000e+00, 
 2DIAGNOSTIC,    37, -7.369477554405e-01, 6.644648950969e-05, 0.0000e+00, 0.0000e+00, 
 2DIAGNOSTIC,    38, -7.374018044473e-01, 7.782562428465e-05, 0.0000e+00, 0.0000e+00, 
 2DIAGNOSTIC,    39, -7.378385758737e-01, 8.678722038795e-05, 0.0000e+00, 0.0000e+00, 
 2DIAGNOSTIC,    40, -7.385960081221e-01, 9.426403163014e-05, 0.0000e+00, 0.0000e+00, 
 2DIAGNOSTIC,    41, -7.388086155347e-01, 9.476738585367e-05, 0.0000e+00, 0.0000e+00, 
 2DIAGNOSTIC,    42, -7.390418260917e-01, 9.121969639889e-05, 0.0000e+00, 0.0000e+00, 
 2DIAGNOSTIC,    43, -7.388647312524e-01, 8.186425601637e-05, 0.0000e+00, 0.0000e+00, 
 2DIAGNOSTIC,    44, -7.388640315308e-01, 6.818291917315e-05, 0.0000e+00, 0.0000e+00, 
 2DIAGNOSTIC,    45, -7.391759990567e-01, 5.413005230457e-05, 0.0000e+00, 0.0000e+00, 
 2DIAGNOSTIC,    46, -7.391919560263e-01, 4.036280182639e-05, 0.0000e+00, 0.0000e+00, 
 2DIAGNOSTIC,    47, -7.392205781269e-01, 2.892839077733e-05, 0.0000e+00, 0.0000e+00, 
 2DIAGNOSTIC,    48, -7.392475464191e-01, 1.923270199438e-05, 0.0000e+00, 0.0000e+00, 
 2DIAGNOSTIC,    49, -7.391488634577e-01, 1.072114668266e-05, 0.0000e+00, 0.0000e+00, 
 2DIAGNOSTIC,    50, -7.391532578026e-01, 7.464469408643e-06, 0.0000e+00, 0.0000e+00, 
 2DIAGNOSTIC,    51, -7.392563042465e-01, 6.007455753455e-06, 0.0000e+00, 0.0000e+00, 
 2DIAGNOSTIC,    52, -7.392591344074e-01, 5.896192498266e-06, 0.0000e+00, 0.0000e+00, 
 2DIAGNOSTIC,    53, -7.392586315599e-01, 4.015118070445e-06, 0.0000e+00, 0.0000e+00, 
 2DIAGNOSTIC,    54, -7.392578041607e-01, 1.829815246109e-06, 0.0000e+00, 0.0000e+00, 
 2DIAGNOSTIC,    55, -7.392586554434e-01, 1.821325126265e-06, 0.0000e+00, 0.0000e+00, 
 2DIAGNOSTIC,    56, -7.392581084764e-01, 1.773760967532e-06, 0.0000e+00, 0.0000e+00, 
 2DIAGNOSTIC,    57, -7.392595724499e-01, 1.801676736038e-06, 0.0000e+00, 0.0000e+00, 
 2DIAGNOSTIC,    58, -7.392594465263e-01, 1.919548389913e-06, 0.0000e+00, 0.0000e+00, 
 2DIAGNOSTIC,    59, -7.392597861546e-01, 1.261387401238e-06, 0.0000e+00, 0.0000e+00, 
