
##########################
# Experiment information #
##########################

EXPERIMENT_NAME: antsRegistration-r8-p22
VFC_BACKENDS: libinterflop_vprec.so --range-binary32=8 --precision-binary32=22 --range-binary64=8 --precision-binary64=22

SIF_IMG: /home/mdugre/projects/rrg-glatard/mdugre/containers/ants-vprec-no_metrics.simg

SUBJECT_ID: s025
INPUT_IMG: /home/mdugre/scratch/mri-registration-rp/datasets/ds004513/derivatives/mri-registration-rp/antsBrainExtraction/sub-s025/BrainExtractionBrain.nii.gz
OUTPUT_DIR: /home/mdugre/scratch/mri-registration-rp/datasets/ds004513/derivatives/mri-registration-rp/0011/antsRegistration-r8-p22/sub-s025

FIXED_IMG: /templateflow/tpl-MNI152NLin2009cAsym/tpl-MNI152NLin2009cAsym_res-01_desc-brain_T1w.nii.gz
DATA_DIR: /home/mdugre/scratch/mri-registration-rp/datasets/ds004513
TEMPLATEFLOW_DIR: /home/mdugre/projects/rrg-glatard/mdugre/templateflow
ITK_GLOBAL_DEFAULT_NUMBER_OF_THREADS: 16
##########################

Info [verificarlo]: loaded backend libinterflop_ieee.so
Info [interflop-ieee]: load backend with:
Info [interflop-ieee]: debug = false
Info [interflop-ieee]: debug-binary = false
Info [interflop-ieee]: no-backend-name = false
Info [interflop-ieee]: print-new-line = false
Info [interflop-ieee]: print-subnormal-normalized = false
Info [interflop-ieee]: count-op = false
All_Command_lines_OK
Using double precision for computations.
=============================================================================
The composite transform comprises the following transforms (in order): 
  1. Center of mass alignment using fixed image: /templateflow/tpl-MNI152NLin2009cAsym/tpl-MNI152NLin2009cAsym_res-01_desc-brain_T1w.nii.gz and moving image: /home/mdugre/scratch/mri-registration-rp/datasets/ds004513/derivatives/mri-registration-rp/antsBrainExtraction/sub-s025/BrainExtractionBrain.nii.gz (type = Euler3DTransform)
=============================================================================
  number of levels = 1
  fixed image: /templateflow/tpl-MNI152NLin2009cAsym/tpl-MNI152NLin2009cAsym_res-01_desc-brain_T1w.nii.gz
  moving image: /home/mdugre/scratch/mri-registration-rp/datasets/ds004513/derivatives/mri-registration-rp/antsBrainExtraction/sub-s025/BrainExtractionBrain.nii.gz
Dimension = 3
Number of stages = 1
Use histogram matching = false
Winsorize image intensities = true
  Lower quantile = 0.005
  Upper quantile = 0.995


Stage 1 State
   Image metric = MattesMI
     Fixed image = Image (0x4cdbe70)
  RTTI typeinfo:   itk::Image<double, 3u>
  Reference Count: 2
  Modified Time: 2334
  Debug: Off
  Object Name: 
  Observers: 
    none
  Source: (none)
  Source output name: (none)
  Release Data: Off
  Data Released: False
  Global Release Data: Off
  PipelineMTime: 0
  UpdateMTime: 1943
  RealTimeStamp: 0 seconds 
  LargestPossibleRegion: 
    Dimension: 3
    Index: [0, 0, 0]
    Size: [193, 229, 193]
  BufferedRegion: 
    Dimension: 3
    Index: [0, 0, 0]
    Size: [193, 229, 193]
  RequestedRegion: 
    Dimension: 3
    Index: [0, 0, 0]
    Size: [193, 229, 193]
  Spacing: [1, 1, 1]
  Origin: [96, 132, -78]
  Direction: 
-1 0 0
0 -1 0
0 0 1

  IndexToPointMatrix: 
-1 0 0
0 -1 0
0 0 1

  PointToIndexMatrix: 
-1 0 0
0 -1 0
0 0 1

  Inverse Direction: 
-1 0 0
0 -1 0
0 0 1

  PixelContainer: 
    ImportImageContainer (0x4ce4c60)
      RTTI typeinfo:   itk::ImportImageContainer<unsigned long, double>
      Reference Count: 1
      Modified Time: 1940
      Debug: Off
      Object Name: 
      Observers: 
        none
      Pointer: 0x1531291f4010
      Container manages memory: true
      Size: 8530021
      Capacity: 8530021

     Moving image = Image (0x4ce7610)
  RTTI typeinfo:   itk::Image<double, 3u>
  Reference Count: 2
  Modified Time: 2335
  Debug: Off
  Object Name: 
  Observers: 
    none
  Source: (none)
  Source output name: (none)
  Release Data: Off
  Data Released: False
  Global Release Data: Off
  PipelineMTime: 0
  UpdateMTime: 2332
  RealTimeStamp: 0 seconds 
  LargestPossibleRegion: 
    Dimension: 3
    Index: [0, 0, 0]
    Size: [176, 240, 256]
  BufferedRegion: 
    Dimension: 3
    Index: [0, 0, 0]
    Size: [176, 240, 256]
  RequestedRegion: 
    Dimension: 3
    Index: [0, 0, 0]
    Size: [176, 240, 256]
  Spacing: [0.999999, 1, 1]
  Origin: [90.3778, 84.5091, -154.071]
  Direction: 
-0.999391 7.48184e-06 -0.0348969
-7.47664e-06 -1 -2.7953e-07
-0.0348969 -1.84481e-08 0.999391

  IndexToPointMatrix: 
-0.99939 7.48184e-06 -0.0348969
-7.47663e-06 -1 -2.7953e-07
-0.0348968 -1.84481e-08 0.999391

  PointToIndexMatrix: 
-0.999392 -7.47665e-06 -0.0348969
7.48184e-06 -1 -1.84481e-08
-0.0348969 -2.7953e-07 0.999391

  Inverse Direction: 
-0.999391 -7.47664e-06 -0.0348969
7.48184e-06 -1 -1.84481e-08
-0.0348969 -2.7953e-07 0.999391

  PixelContainer: 
    ImportImageContainer (0x4d80ef0)
      RTTI typeinfo:   itk::ImportImageContainer<unsigned long, double>
      Reference Count: 1
      Modified Time: 2329
      Debug: Off
      Object Name: 
      Observers: 
        none
      Pointer: 0x153123f73010
      Container manages memory: true
      Size: 10813440
      Capacity: 10813440

     Weighting = 1
     Sampling strategy = regular
     Number of bins = 32
     Radius = 4
     Sampling percentage  = 0.25
   Transform = Rigid
     Gradient step = 0.1
     Update field sigma (voxel space) = 0
     Total field sigma (voxel space) = 0
     Update field time sigma = 0
     Total field time sigma  = 0
     Number of time indices = 0
     Number of time point samples = 0
Registration using 1 total stages.

Stage 0
  iterations = 0
  convergence threshold = 1e-06
  convergence window size = 10
  number of levels = 1
  using the Mattes MI metric (number of bins = 32, weight = 1, use gradient filter = 0)
  preprocessing:  winsorizing the image intensities
  Shrink factors (level 1 out of 1): [1, 1, 1]
  smoothing sigmas per level: [0]
  regular sampling (percentage = 0.25)

*** Running Euler3DTransform registration ***

  Elapsed time (stage 0): 1.16775


Total elapsed time: 1.17031
Info [verificarlo]: loaded backend libinterflop_ieee.so
Info [interflop-ieee]: load backend with:
Info [interflop-ieee]: debug = false
Info [interflop-ieee]: debug-binary = false
Info [interflop-ieee]: no-backend-name = false
Info [interflop-ieee]: print-new-line = false
Info [interflop-ieee]: print-subnormal-normalized = false
Info [interflop-ieee]: count-op = false
All_Command_lines_OK
Using double precision for computations.
=============================================================================
The composite transform comprises the following transforms (in order): 
  1. /home/mdugre/scratch/mri-registration-rp/datasets/ds004513/derivatives/mri-registration-rp/0011/antsRegistration-r8-p22/sub-s025/align_Composite.h5[0] (type = Euler3DTransform)
  2. /home/mdugre/scratch/mri-registration-rp/datasets/ds004513/derivatives/mri-registration-rp/0011/antsRegistration-r8-p22/sub-s025/align_Composite.h5[1] (type = Euler3DTransform)
=============================================================================
  number of levels = 4
  fixed image: /templateflow/tpl-MNI152NLin2009cAsym/tpl-MNI152NLin2009cAsym_res-01_desc-brain_T1w.nii.gz
  moving image: /home/mdugre/scratch/mri-registration-rp/datasets/ds004513/derivatives/mri-registration-rp/antsBrainExtraction/sub-s025/BrainExtractionBrain.nii.gz
Dimension = 3
Number of stages = 1
Use histogram matching = false
Winsorize image intensities = true
  Lower quantile = 0.005
  Upper quantile = 0.995


Stage 1 State
   Image metric = MattesMI
     Fixed image = Image (0x3910530)
  RTTI typeinfo:   itk::Image<double, 3u>
  Reference Count: 2
  Modified Time: 1580
  Debug: Off
  Object Name: 
  Observers: 
    none
  Source: (none)
  Source output name: (none)
  Release Data: Off
  Data Released: False
  Global Release Data: Off
  PipelineMTime: 0
  UpdateMTime: 1189
  RealTimeStamp: 0 seconds 
  LargestPossibleRegion: 
    Dimension: 3
    Index: [0, 0, 0]
    Size: [193, 229, 193]
  BufferedRegion: 
    Dimension: 3
    Index: [0, 0, 0]
    Size: [193, 229, 193]
  RequestedRegion: 
    Dimension: 3
    Index: [0, 0, 0]
    Size: [193, 229, 193]
  Spacing: [1, 1, 1]
  Origin: [96, 132, -78]
  Direction: 
-1 0 0
0 -1 0
0 0 1

  IndexToPointMatrix: 
-1 0 0
0 -1 0
0 0 1

  PointToIndexMatrix: 
-1 0 0
0 -1 0
0 0 1

  Inverse Direction: 
-1 0 0
0 -1 0
0 0 1

  PixelContainer: 
    ImportImageContainer (0x39ced60)
      RTTI typeinfo:   itk::ImportImageContainer<unsigned long, double>
      Reference Count: 1
      Modified Time: 1186
      Debug: Off
      Object Name: 
      Observers: 
        none
      Pointer: 0x1500a41d2010
      Container manages memory: true
      Size: 8530021
      Capacity: 8530021

     Moving image = Image (0x39c0f60)
  RTTI typeinfo:   itk::Image<double, 3u>
  Reference Count: 2
  Modified Time: 1581
  Debug: Off
  Object Name: 
  Observers: 
    none
  Source: (none)
  Source output name: (none)
  Release Data: Off
  Data Released: False
  Global Release Data: Off
  PipelineMTime: 0
  UpdateMTime: 1578
  RealTimeStamp: 0 seconds 
  LargestPossibleRegion: 
    Dimension: 3
    Index: [0, 0, 0]
    Size: [176, 240, 256]
  BufferedRegion: 
    Dimension: 3
    Index: [0, 0, 0]
    Size: [176, 240, 256]
  RequestedRegion: 
    Dimension: 3
    Index: [0, 0, 0]
    Size: [176, 240, 256]
  Spacing: [0.999999, 1, 1]
  Origin: [90.3778, 84.5091, -154.071]
  Direction: 
-0.999391 7.48184e-06 -0.0348969
-7.47664e-06 -1 -2.7953e-07
-0.0348969 -1.84481e-08 0.999391

  IndexToPointMatrix: 
-0.99939 7.48184e-06 -0.0348969
-7.47663e-06 -1 -2.7953e-07
-0.0348968 -1.84481e-08 0.999391

  PointToIndexMatrix: 
-0.999392 -7.47665e-06 -0.0348969
7.48184e-06 -1 -1.84481e-08
-0.0348969 -2.7953e-07 0.999391

  Inverse Direction: 
-0.999391 -7.47664e-06 -0.0348969
7.48184e-06 -1 -1.84481e-08
-0.0348969 -2.7953e-07 0.999391

  PixelContainer: 
    ImportImageContainer (0x39b26d0)
      RTTI typeinfo:   itk::ImportImageContainer<unsigned long, double>
      Reference Count: 1
      Modified Time: 1575
      Debug: Off
      Object Name: 
      Observers: 
        none
      Pointer: 0x15009ef51010
      Container manages memory: true
      Size: 10813440
      Capacity: 10813440

     Weighting = 1
     Sampling strategy = regular
     Number of bins = 32
     Radius = 4
     Sampling percentage  = 0.25
   Transform = Rigid
     Gradient step = 0.1
     Update field sigma (voxel space) = 0
     Total field sigma (voxel space) = 0
     Update field time sigma = 0
     Total field time sigma  = 0
     Number of time indices = 0
     Number of time point samples = 0
Registration using 1 total stages.

Stage 0
  iterations = 1000x500x250x100
  convergence threshold = 1e-06
  convergence window size = 10
  number of levels = 4
  using the Mattes MI metric (number of bins = 32, weight = 1, use gradient filter = 0)
  preprocessing:  winsorizing the image intensities
  Shrink factors (level 1 out of 4): [8, 8, 8]
  Shrink factors (level 2 out of 4): [4, 4, 4]
  Shrink factors (level 3 out of 4): [2, 2, 2]
  Shrink factors (level 4 out of 4): [1, 1, 1]
  smoothing sigmas per level: [3, 2, 1, 0]
  regular sampling (percentage = 0.25)

*** Running Euler3DTransform registration ***

DIAGNOSTIC,Iteration,metricValue,convergenceValue,ITERATION_TIME_INDEX,SINCE_LAST
 2DIAGNOSTIC,     1, -5.323241903179e-01, 1.797693134862e+308, 6.6115e-01, 6.6115e-01, 
 2DIAGNOSTIC,     2, -5.346190553927e-01, 1.797693134862e+308, 6.6560e-01, 4.4470e-03, 
 2DIAGNOSTIC,     3, -5.378036555361e-01, 1.797693134862e+308, 6.6978e-01, 4.1752e-03, 
 2DIAGNOSTIC,     4, -5.422949451405e-01, 1.797693134862e+308, 6.7387e-01, 4.0941e-03, 
 2DIAGNOSTIC,     5, -5.486805952477e-01, 1.797693134862e+308, 6.7797e-01, 4.1001e-03, 
 2DIAGNOSTIC,     6, -5.542790085272e-01, 1.797693134862e+308, 6.8200e-01, 4.0281e-03, 
 2DIAGNOSTIC,     7, -5.627123115611e-01, 1.797693134862e+308, 6.8608e-01, 4.0760e-03, 
 2DIAGNOSTIC,     8, -5.766609943856e-01, 1.797693134862e+308, 6.9015e-01, 4.0729e-03, 
 2DIAGNOSTIC,     9, -5.881111419397e-01, 1.797693134862e+308, 6.9458e-01, 4.4281e-03, 
 2DIAGNOSTIC,    10, -6.012927005665e-01, 7.820055967719e-03, 7.0048e-01, 5.9049e-03, 
 2DIAGNOSTIC,    11, -6.192402913594e-01, 8.564422673952e-03, 7.0827e-01, 7.7910e-03, 
 2DIAGNOSTIC,    12, -6.197111897450e-01, 8.513711436549e-03, 7.1261e-01, 4.3359e-03, 
 2DIAGNOSTIC,    13, -6.223136777509e-01, 7.932305190679e-03, 7.1689e-01, 4.2830e-03, 
 2DIAGNOSTIC,    14, -6.239859078525e-01, 6.938967258808e-03, 7.2122e-01, 4.3271e-03, 
 2DIAGNOSTIC,    15, -6.258731029031e-01, 5.722268374514e-03, 7.2550e-01, 4.2830e-03, 
 2DIAGNOSTIC,    16, -6.290042957030e-01, 4.404898010656e-03, 7.2998e-01, 4.4811e-03, 
 2DIAGNOSTIC,    17, -6.327399548114e-01, 3.192249457794e-03, 7.3551e-01, 5.5230e-03, 
 2DIAGNOSTIC,    18, -6.361770329219e-01, 2.298162514475e-03, 7.4099e-01, 5.4839e-03, 
 2DIAGNOSTIC,    19, -6.381920795624e-01, 1.629119692923e-03, 7.4590e-01, 4.9119e-03, 
 2DIAGNOSTIC,    20, -6.414786468339e-01, 1.264281191668e-03, 7.5020e-01, 4.2951e-03, 
 2DIAGNOSTIC,    21, -6.422621311253e-01, 1.244231354208e-03, 7.5477e-01, 4.5772e-03, 
 2DIAGNOSTIC,    22, -6.443386369468e-01, 1.164065698512e-03, 7.5909e-01, 4.3139e-03, 
 2DIAGNOSTIC,    23, -6.458367310874e-01, 1.066297094567e-03, 7.6354e-01, 4.4551e-03, 
 2DIAGNOSTIC,    24, -6.528535011182e-01, 1.047817932826e-03, 7.6874e-01, 5.1930e-03, 
 2DIAGNOSTIC,    25, -6.591704558324e-01, 1.083081243039e-03, 7.7481e-01, 6.0740e-03, 
 2DIAGNOSTIC,    26, -6.605963645054e-01, 1.093549131338e-03, 7.7976e-01, 4.9551e-03, 
 2DIAGNOSTIC,    27, -6.608439814900e-01, 1.070984893392e-03, 7.8402e-01, 4.2591e-03, 
 2DIAGNOSTIC,    28, -6.615671833987e-01, 1.019502621433e-03, 7.8819e-01, 4.1659e-03, 
 2DIAGNOSTIC,    29, -6.628794401207e-01, 9.260604121444e-04, 7.9243e-01, 4.2429e-03, 
 2DIAGNOSTIC,    30, -6.728296241222e-01, 9.537386702655e-04, 7.9826e-01, 5.8260e-03, 
 2DIAGNOSTIC,    31, -6.735479496712e-01, 9.084174278350e-04, 8.0231e-01, 4.0479e-03, 
 2DIAGNOSTIC,    32, -6.743493205728e-01, 8.254162751524e-04, 8.0666e-01, 4.3519e-03, 
 2DIAGNOSTIC,    33, -6.778518891127e-01, 7.396633807107e-04, 8.1089e-01, 4.2369e-03, 
 2DIAGNOSTIC,    34, -6.872951998574e-01, 8.064187617211e-04, 8.1969e-01, 8.7972e-03, 
 2DIAGNOSTIC,    35, -6.877308021036e-01, 8.751423699205e-04, 8.2384e-01, 4.1440e-03, 
 2DIAGNOSTIC,    36, -6.893198755405e-01, 8.963882598111e-04, 8.2790e-01, 4.0679e-03, 
 2DIAGNOSTIC,    37, -6.927347374304e-01, 8.790636799759e-04, 8.3226e-01, 4.3600e-03, 
 2DIAGNOSTIC,    38, -7.010099849660e-01, 8.851147582995e-04, 8.3640e-01, 4.1409e-03, 
 2DIAGNOSTIC,    39, -7.064043063785e-01, 8.770239580378e-04, 8.4037e-01, 3.9670e-03, 
 2DIAGNOSTIC,    40, -7.084392717372e-01, 9.204753661646e-04, 8.4449e-01, 4.1139e-03, 
 2DIAGNOSTIC,    41, -7.160664446442e-01, 9.678529642275e-04, 8.4962e-01, 5.1370e-03, 
 2DIAGNOSTIC,    42, -7.194633792104e-01, 9.631921605752e-04, 8.5521e-01, 5.5890e-03, 
 2DIAGNOSTIC,    43, -7.226927427450e-01, 9.326342241701e-04, 8.6011e-01, 4.8940e-03, 
 2DIAGNOSTIC,    44, -7.263333389383e-01, 9.465806115940e-04, 8.6449e-01, 4.3888e-03, 
 2DIAGNOSTIC,    45, -7.443587647406e-01, 1.050641859362e-03, 8.7010e-01, 5.6069e-03, 
 2DIAGNOSTIC,    46, -7.459716517870e-01, 1.075373893666e-03, 8.7441e-01, 4.3039e-03, 
 2DIAGNOSTIC,    47, -7.460071828471e-01, 1.028497265908e-03, 8.7922e-01, 4.8182e-03, 
 2DIAGNOSTIC,    48, -7.468159186952e-01, 9.705272242581e-04, 8.8418e-01, 4.9551e-03, 
 2DIAGNOSTIC,    49, -7.475370912473e-01, 8.765832895313e-04, 8.8904e-01, 4.8621e-03, 
 2DIAGNOSTIC,    50, -7.477653268381e-01, 7.189024296180e-04, 8.9323e-01, 4.1940e-03, 
 2DIAGNOSTIC,    51, -7.479177641427e-01, 5.650423075253e-04, 8.9879e-01, 5.5559e-03, 
 2DIAGNOSTIC,    52, -7.478642337989e-01, 3.937588921385e-04, 9.0332e-01, 4.5280e-03, 
 2DIAGNOSTIC,    53, -7.476886863984e-01, 2.180849701395e-04, 9.0743e-01, 4.1130e-03, 
 2DIAGNOSTIC,    54, -7.478923246750e-01, 5.553970129810e-05, 9.1148e-01, 4.0479e-03, 
 2DIAGNOSTIC,    55, -7.481422660284e-01, 3.660138913246e-05, 9.1662e-01, 5.1401e-03, 
 2DIAGNOSTIC,    56, -7.483306733881e-01, 2.882314365053e-05, 9.2115e-01, 4.5278e-03, 
 2DIAGNOSTIC,    57, -7.481832789260e-01, 1.774510313675e-05, 9.2522e-01, 4.0729e-03, 
 2DIAGNOSTIC,    58, -7.482043160410e-01, 1.153285106402e-05, 9.2929e-01, 4.0739e-03, 
 2DIAGNOSTIC,    59, -7.483616882311e-01, 1.078002016646e-05, 9.3391e-01, 4.6201e-03, 
 2DIAGNOSTIC,    60, -7.488284957407e-01, 1.385218588660e-05, 9.3945e-01, 5.5370e-03, 
 2DIAGNOSTIC,    61, -7.483124529208e-01, 1.293084774519e-05, 9.4446e-01, 5.0070e-03, 
 2DIAGNOSTIC,    62, -7.482226738681e-01, 1.012594030952e-05, 9.4852e-01, 4.0610e-03, 
 2DIAGNOSTIC,    63, -7.487211783197e-01, 8.691045963852e-06, 9.5253e-01, 4.0071e-03, 
 2DIAGNOSTIC,    64, -7.492819406103e-01, 1.132291505261e-05, 9.5704e-01, 4.5099e-03, 
 2DIAGNOSTIC,    65, -7.496422550381e-01, 1.661754588875e-05, 9.6110e-01, 4.0660e-03, 
 2DIAGNOSTIC,    66, -7.503155519688e-01, 2.579105386312e-05, 9.6685e-01, 5.7480e-03, 
 2DIAGNOSTIC,    67, -7.511262160145e-01, 3.641081404286e-05, 9.7092e-01, 4.0669e-03, 
 2DIAGNOSTIC,    68, -7.524366369273e-01, 5.126196738590e-05, 9.7515e-01, 4.2369e-03, 
 2DIAGNOSTIC,    69, -7.537669555005e-01, 6.945530453670e-05, 9.8080e-01, 5.6450e-03, 
 2DIAGNOSTIC,    70, -7.557513247213e-01, 9.505519265238e-05, 9.8691e-01, 6.1109e-03, 
 2DIAGNOSTIC,    71, -7.558740098821e-01, 1.083414221817e-04, 9.9094e-01, 4.0309e-03, 
 2DIAGNOSTIC,    72, -7.563145401505e-01, 1.129691719385e-04, 9.9569e-01, 4.7488e-03, 
 2DIAGNOSTIC,    73, -7.564447474210e-01, 1.101429035424e-04, 1.0001e+00, 4.4389e-03, 
 2DIAGNOSTIC,    74, -7.562515899379e-01, 9.878177583215e-05, 1.0041e+00, 3.9928e-03, 
 2DIAGNOSTIC,    75, -7.564647842343e-01, 8.137602956200e-05, 1.0086e+00, 4.4420e-03, 
 2DIAGNOSTIC,    76, -7.565633171828e-01, 6.085814767108e-05, 1.0126e+00, 4.0240e-03, 
 2DIAGNOSTIC,    77, -7.565533453155e-01, 3.939342867912e-05, 1.0166e+00, 4.0171e-03, 
 2DIAGNOSTIC,    78, -7.568246514016e-01, 2.308907907336e-05, 1.0206e+00, 3.9880e-03, 
 2DIAGNOSTIC,    79, -7.573559282217e-01, 1.448922470548e-05, 1.0246e+00, 4.0200e-03, 
 2DIAGNOSTIC,    80, -7.581760618705e-01, 1.913806029673e-05, 1.0287e+00, 4.0569e-03, 
 2DIAGNOSTIC,    81, -7.589829263306e-01, 2.642445614103e-05, 1.0342e+00, 5.5702e-03, 
 2DIAGNOSTIC,    82, -7.591948995060e-01, 3.423232348194e-05, 1.0383e+00, 4.0350e-03, 
 2DIAGNOSTIC,    83, -7.596834872597e-01, 4.172744868276e-05, 1.0427e+00, 4.4489e-03, 
 2DIAGNOSTIC,    84, -7.603087612961e-01, 4.706567140264e-05, 1.0482e+00, 5.5161e-03, 
 2DIAGNOSTIC,    85, -7.604907603516e-01, 4.953917999839e-05, 1.0522e+00, 3.9699e-03, 
 2DIAGNOSTIC,    86, -7.606336622823e-01, 4.837630455779e-05, 1.0562e+00, 3.9408e-03, 
 2DIAGNOSTIC,    87, -7.607393894982e-01, 4.311400994205e-05, 1.0606e+00, 4.4370e-03, 
 2DIAGNOSTIC,    88, -7.614365563605e-01, 3.833459793400e-05, 1.0665e+00, 5.9431e-03, 
 2DIAGNOSTIC,    89, -7.618335798419e-01, 3.407375704162e-05, 1.0705e+00, 3.9549e-03, 
 2DIAGNOSTIC,    90, -7.618698363058e-01, 3.044419432458e-05, 1.0744e+00, 3.9399e-03, 
 2DIAGNOSTIC,    91, -7.617753196722e-01, 2.727577376376e-05, 1.0784e+00, 3.9828e-03, 
 2DIAGNOSTIC,    92, -7.617983522538e-01, 2.262534020102e-05, 1.0829e+00, 4.4510e-03, 
 2DIAGNOSTIC,    93, -7.616955754181e-01, 1.749292762656e-05, 1.0868e+00, 3.9349e-03, 
 2DIAGNOSTIC,    94, -7.616097141931e-01, 1.310901801281e-05, 1.0923e+00, 5.4760e-03, 
 2DIAGNOSTIC,    95, -7.614958951243e-01, 7.919719535456e-06, 1.0963e+00, 4.0569e-03, 
 2DIAGNOSTIC,    96, -7.614967778784e-01, 2.780995419902e-06, 1.1031e+00, 6.7952e-03, 
DIAGNOSTIC,Iteration,metricValue,convergenceValue,ITERATION_TIME_INDEX,SINCE_LAST
 2DIAGNOSTIC,     1, -6.054718389892e-01, 1.797693134862e+308, 1.8188e+00, 7.1566e-01, 
 2DIAGNOSTIC,     2, -6.062627766098e-01, 1.797693134862e+308, 1.8483e+00, 2.9473e-02, 
 2DIAGNOSTIC,     3, -6.074128771411e-01, 1.797693134862e+308, 1.8789e+00, 3.0650e-02, 
 2DIAGNOSTIC,     4, -6.084821616118e-01, 1.797693134862e+308, 1.9081e+00, 2.9231e-02, 
 2DIAGNOSTIC,     5, -6.095745107188e-01, 1.797693134862e+308, 1.9397e+00, 3.1613e-02, 
 2DIAGNOSTIC,     6, -6.107473072546e-01, 1.797693134862e+308, 1.9724e+00, 3.2689e-02, 
 2DIAGNOSTIC,     7, -6.129634796624e-01, 1.797693134862e+308, 2.0045e+00, 3.2031e-02, 
 2DIAGNOSTIC,     8, -6.156136282162e-01, 1.797693134862e+308, 2.0466e+00, 4.2086e-02, 
 2DIAGNOSTIC,     9, -6.165828531614e-01, 1.797693134862e+308, 2.0806e+00, 3.4067e-02, 
 2DIAGNOSTIC,    10, -6.172262913443e-01, 1.343403826529e-03, 2.1105e+00, 2.9845e-02, 
 2DIAGNOSTIC,    11, -6.200139040198e-01, 1.320292402200e-03, 2.1438e+00, 3.3335e-02, 
 2DIAGNOSTIC,    12, -6.207830931854e-01, 1.239022001513e-03, 2.1801e+00, 3.6349e-02, 
 2DIAGNOSTIC,    13, -6.209978350866e-01, 1.106345653043e-03, 2.2154e+00, 3.5217e-02, 
 2DIAGNOSTIC,    14, -6.209542331506e-01, 9.278841643348e-04, 2.2539e+00, 3.8531e-02, 
 2DIAGNOSTIC,    15, -6.209722272669e-01, 7.241428736674e-04, 2.2874e+00, 3.3499e-02, 
 2DIAGNOSTIC,    16, -6.209441946915e-01, 5.111511444354e-04, 2.3218e+00, 3.4419e-02, 
 2DIAGNOSTIC,    17, -6.209366680930e-01, 3.345335914653e-04, 2.3560e+00, 3.4175e-02, 
 2DIAGNOSTIC,    18, -6.209283457693e-01, 2.152817003317e-04, 2.3897e+00, 3.3670e-02, 
 2DIAGNOSTIC,    19, -6.209077454397e-01, 1.126251709130e-04, 2.4213e+00, 3.1659e-02, 
 2DIAGNOSTIC,    20, -6.209104399126e-01, 2.337797393666e-05, 2.4534e+00, 3.2039e-02, 
 2DIAGNOSTIC,    21, -6.209147246617e-01, 1.546657678257e-06, 2.4852e+00, 3.1891e-02, 
DIAGNOSTIC,Iteration,metricValue,convergenceValue,ITERATION_TIME_INDEX,SINCE_LAST
 2DIAGNOSTIC,     1, -5.342369058113e-01, 1.797693134862e+308, 3.7949e+00, 1.3096e+00, 
 2DIAGNOSTIC,     2, -5.343438483921e-01, 1.797693134862e+308, 4.0843e+00, 2.8940e-01, 
 2DIAGNOSTIC,     3, -5.344278741057e-01, 1.797693134862e+308, 4.3491e+00, 2.6482e-01, 
 2DIAGNOSTIC,     4, -5.344738494318e-01, 1.797693134862e+308, 4.6039e+00, 2.5479e-01, 
 2DIAGNOSTIC,     5, -5.346224192180e-01, 1.797693134862e+308, 4.8720e+00, 2.6811e-01, 
 2DIAGNOSTIC,     6, -5.352333207278e-01, 1.797693134862e+308, 5.2543e+00, 3.8226e-01, 
 2DIAGNOSTIC,     7, -5.355782013338e-01, 1.797693134862e+308, 5.6448e+00, 3.9056e-01, 
 2DIAGNOSTIC,     8, -5.355914483830e-01, 1.797693134862e+308, 5.9048e+00, 2.6001e-01, 
 2DIAGNOSTIC,     9, -5.356143391575e-01, 1.797693134862e+308, 6.1719e+00, 2.6707e-01, 
 2DIAGNOSTIC,    10, -5.356419167138e-01, 2.129415524936e-04, 6.4613e+00, 2.8945e-01, 
 2DIAGNOSTIC,    11, -5.356742586670e-01, 1.816212743013e-04, 6.7377e+00, 2.7638e-01, 
 2DIAGNOSTIC,    12, -5.357254835618e-01, 1.461566103437e-04, 6.9943e+00, 2.5657e-01, 
 2DIAGNOSTIC,    13, -5.357859052245e-01, 1.094333729122e-04, 7.2511e+00, 2.5684e-01, 
 2DIAGNOSTIC,    14, -5.358615193510e-01, 7.314550906000e-05, 7.5313e+00, 2.8016e-01, 
 2DIAGNOSTIC,    15, -5.359983773155e-01, 4.482461829307e-05, 8.2225e+00, 6.9125e-01, 
 2DIAGNOSTIC,    16, -5.359981964560e-01, 3.599340370244e-05, 8.5030e+00, 2.8047e-01, 
 2DIAGNOSTIC,    17, -5.359970721412e-01, 3.587057992794e-05, 8.8036e+00, 3.0060e-01, 
 2DIAGNOSTIC,    18, -5.359963349652e-01, 3.301842049287e-05, 9.1176e+00, 3.1394e-01, 
 2DIAGNOSTIC,    19, -5.359962332363e-01, 2.816379839269e-05, 9.4470e+00, 3.2943e-01, 
 2DIAGNOSTIC,    20, -5.359962431364e-01, 2.201459084199e-05, 9.7932e+00, 3.4619e-01, 
 2DIAGNOSTIC,    21, -5.359955616746e-01, 1.534869950158e-05, 1.0134e+01, 3.4038e-01, 
 2DIAGNOSTIC,    22, -5.359938568264e-01, 9.227593377882e-06, 1.0428e+01, 2.9421e-01, 
 2DIAGNOSTIC,    23, -5.359921403313e-01, 4.255251261354e-06, 1.0694e+01, 2.6575e-01, 
DIAGNOSTIC,Iteration,metricValue,convergenceValue,ITERATION_TIME_INDEX,SINCE_LAST
 2DIAGNOSTIC,     1, -4.897116880833e-01, 1.797693134862e+308, 1.3548e+01, 2.8541e+00, 
 2DIAGNOSTIC,     2, -4.897237976451e-01, 1.797693134862e+308, 1.7218e+01, 3.6708e+00, 
 2DIAGNOSTIC,     3, -4.897246263408e-01, 1.797693134862e+308, 1.9175e+01, 1.9567e+00, 
 2DIAGNOSTIC,     4, -4.897242984773e-01, 1.797693134862e+308, 2.1656e+01, 2.4806e+00, 
 2DIAGNOSTIC,     5, -4.897243159578e-01, 1.797693134862e+308, 2.3345e+01, 1.6894e+00, 
 2DIAGNOSTIC,     6, -4.897238712664e-01, 1.797693134862e+308, 2.4975e+01, 1.6299e+00, 
 2DIAGNOSTIC,     7, -4.897238960029e-01, 1.797693134862e+308, 2.6579e+01, 1.6044e+00, 
 2DIAGNOSTIC,     8, -4.897236927868e-01, 1.797693134862e+308, 2.8320e+01, 1.7409e+00, 
 2DIAGNOSTIC,     9, -4.897237222397e-01, 1.797693134862e+308, 3.0333e+01, 2.0123e+00, 
 2DIAGNOSTIC,    10, -4.897236248676e-01, 3.816711656446e-06, 3.1910e+01, 1.5773e+00, 
 2DIAGNOSTIC,    11, -4.897234242782e-01, 2.789487032057e-06, 3.3469e+01, 1.5587e+00, 
 2DIAGNOSTIC,    12, -4.897233539733e-01, 2.523905160590e-06, 3.5111e+01, 1.6422e+00, 
 2DIAGNOSTIC,    13, -4.897233030807e-01, 2.345525609557e-06, 3.6654e+01, 1.5430e+00, 
 2DIAGNOSTIC,    14, -4.897232521742e-01, 2.185826744008e-06, 3.8611e+01, 1.9568e+00, 
 2DIAGNOSTIC,    15, -4.897231578838e-01, 2.052782827264e-06, 4.0100e+01, 1.4890e+00, 
 2DIAGNOSTIC,    16, -4.897229625375e-01, 1.919472999670e-06, 4.2174e+01, 2.0740e+00, 
 2DIAGNOSTIC,    17, -4.897228632290e-01, 1.805974177732e-06, 4.3780e+01, 1.6058e+00, 
 2DIAGNOSTIC,    18, -4.897226593661e-01, 1.697822780880e-06, 4.5378e+01, 1.5984e+00, 
 2DIAGNOSTIC,    19, -4.897227082292e-01, 1.609942023938e-06, 4.7258e+01, 1.8805e+00, 
 2DIAGNOSTIC,    20, -4.897225113903e-01, 1.528316596160e-06, 4.9098e+01, 1.8392e+00, 
 2DIAGNOSTIC,    21, -4.897222135348e-01, 1.446689941439e-06, 5.0777e+01, 1.6792e+00, 
 2DIAGNOSTIC,    22, -4.897223815473e-01, 1.381665235618e-06, 5.2457e+01, 1.6803e+00, 
 2DIAGNOSTIC,    23, -4.897223104799e-01, 1.324954507796e-06, 5.4515e+01, 2.0580e+00, 
 2DIAGNOSTIC,    24, -4.897222052748e-01, 1.274606113433e-06, 5.6227e+01, 1.7118e+00, 
 2DIAGNOSTIC,    25, -4.897221022032e-01, 1.228712410525e-06, 5.8135e+01, 1.9083e+00, 
 2DIAGNOSTIC,    26, -4.897219944424e-01, 1.183844587339e-06, 5.9701e+01, 1.5655e+00, 
 2DIAGNOSTIC,    27, -4.897218926068e-01, 1.141749081189e-06, 6.1154e+01, 1.4534e+00, 
 2DIAGNOSTIC,    28, -4.897218007690e-01, 1.099804017468e-06, 6.2631e+01, 1.4765e+00, 
 2DIAGNOSTIC,    29, -4.897219586700e-01, 1.068451525289e-06, 6.4089e+01, 1.4589e+00, 
 2DIAGNOSTIC,    30, -4.897220287699e-01, 1.039516877084e-06, 6.5450e+01, 1.3602e+00, 
 2DIAGNOSTIC,    31, -4.897220305023e-01, 1.008755503712e-06, 6.7280e+01, 1.8307e+00, 
  Elapsed time (stage 0): 6.8217e+01


Total elapsed time: 6.8219e+01
Info [verificarlo]: loaded backend libinterflop_vprec.so
Info [interflop-vprec]: load backend with: 
Info [interflop-vprec]: precision-binary32 = 22
Info [interflop-vprec]: range-binary32 = 8
Info [interflop-vprec]: precision-binary64 = 22
Info [interflop-vprec]: range-binary64 = 8
Info [interflop-vprec]: mode = ob
Info [interflop-vprec]: error-mode = rel
Info [interflop-vprec]: max-abs-error-exponent = -1022
Info [interflop-vprec]: daz = false
Info [interflop-vprec]: ftz = false
Info [interflop-vprec]: 	instrument = none
Info [interflop-vprec]: 	prec-input-file = (null)
Info [interflop-vprec]: 	prec-output-file = (null)
Info [interflop-vprec]: 	prec-log-file = (null)
All_Command_lines_OK
Using double precision for computations.
=============================================================================
The composite transform comprises the following transforms (in order): 
  1. /home/mdugre/scratch/mri-registration-rp/datasets/ds004513/derivatives/mri-registration-rp/0011/antsRegistration-r8-p22/sub-s025/rigid_Composite.h5[0] (type = Euler3DTransform)
  2. /home/mdugre/scratch/mri-registration-rp/datasets/ds004513/derivatives/mri-registration-rp/0011/antsRegistration-r8-p22/sub-s025/rigid_Composite.h5[1] (type = Euler3DTransform)
  3. /home/mdugre/scratch/mri-registration-rp/datasets/ds004513/derivatives/mri-registration-rp/0011/antsRegistration-r8-p22/sub-s025/rigid_Composite.h5[2] (type = Euler3DTransform)
=============================================================================
  number of levels = 4
  fixed image: /templateflow/tpl-MNI152NLin2009cAsym/tpl-MNI152NLin2009cAsym_res-01_desc-brain_T1w.nii.gz
  moving image: /home/mdugre/scratch/mri-registration-rp/datasets/ds004513/derivatives/mri-registration-rp/antsBrainExtraction/sub-s025/BrainExtractionBrain.nii.gz
Dimension = 3
Number of stages = 1
Use histogram matching = false
Winsorize image intensities = true
  Lower quantile = 0.005
  Upper quantile = 0.995


Stage 1 State
   Image metric = MattesMI
     Fixed image = Image (0x4366490)
  RTTI typeinfo:   itk::Image<double, 3u>
  Reference Count: 2
  Modified Time: 1594
  Debug: Off
  Object Name: 
  Observers: 
    none
  Source: (none)
  Source output name: (none)
  Release Data: Off
  Data Released: False
  Global Release Data: Off
  PipelineMTime: 0
  UpdateMTime: 1203
  RealTimeStamp: 0 seconds 
  LargestPossibleRegion: 
    Dimension: 3
    Index: [0, 0, 0]
    Size: [193, 229, 193]
  BufferedRegion: 
    Dimension: 3
    Index: [0, 0, 0]
    Size: [193, 229, 193]
  RequestedRegion: 
    Dimension: 3
    Index: [0, 0, 0]
    Size: [193, 229, 193]
  Spacing: [1, 1, 1]
  Origin: [96, 132, -78]
  Direction: 
-1 0 0
0 -1 0
0 0 1

  IndexToPointMatrix: 
-1 0 0
0 -1 0
0 0 1

  PointToIndexMatrix: 
-1 0 0
0 -1 0
0 0 1

  Inverse Direction: 
-1 0 0
0 -1 0
0 0 1

  PixelContainer: 
    ImportImageContainer (0x44318c0)
      RTTI typeinfo:   itk::ImportImageContainer<unsigned long, double>
      Reference Count: 1
      Modified Time: 1200
      Debug: Off
      Object Name: 
      Observers: 
        none
      Pointer: 0x14eeb85ee010
      Container manages memory: true
      Size: 8530021
      Capacity: 8530021

     Moving image = Image (0x4421b60)
  RTTI typeinfo:   itk::Image<double, 3u>
  Reference Count: 2
  Modified Time: 1595
  Debug: Off
  Object Name: 
  Observers: 
    none
  Source: (none)
  Source output name: (none)
  Release Data: Off
  Data Released: False
  Global Release Data: Off
  PipelineMTime: 0
  UpdateMTime: 1592
  RealTimeStamp: 0 seconds 
  LargestPossibleRegion: 
    Dimension: 3
    Index: [0, 0, 0]
    Size: [176, 240, 256]
  BufferedRegion: 
    Dimension: 3
    Index: [0, 0, 0]
    Size: [176, 240, 256]
  RequestedRegion: 
    Dimension: 3
    Index: [0, 0, 0]
    Size: [176, 240, 256]
  Spacing: [0.999999, 1, 1]
  Origin: [90.3778, 84.5091, -154.071]
  Direction: 
-0.999391 7.48184e-06 -0.0348969
-7.47664e-06 -1 -2.7953e-07
-0.0348969 -1.84481e-08 0.999391

  IndexToPointMatrix: 
-0.99939 7.48184e-06 -0.0348969
-7.47663e-06 -1 -2.7953e-07
-0.0348968 -1.84481e-08 0.999391

  PointToIndexMatrix: 
-0.999393 -7.47665e-06 -0.0348969
7.48184e-06 -1 -1.84481e-08
-0.0348969 -2.7953e-07 0.999391

  Inverse Direction: 
-0.999391 -7.47665e-06 -0.0348969
7.48184e-06 -1 -1.8448e-08
-0.0348969 -2.7953e-07 0.999391

  PixelContainer: 
    ImportImageContainer (0x44b51d0)
      RTTI typeinfo:   itk::ImportImageContainer<unsigned long, double>
      Reference Count: 1
      Modified Time: 1589
      Debug: Off
      Object Name: 
      Observers: 
        none
      Pointer: 0x14eeb336d010
      Container manages memory: true
      Size: 10813440
      Capacity: 10813440

     Weighting = 1
     Sampling strategy = regular
     Number of bins = 32
     Radius = 4
     Sampling percentage  = 0.25
   Transform = Affine
     Gradient step = 0.1
     Update field sigma (voxel space) = 0
     Total field sigma (voxel space) = 0
     Update field time sigma = 0
     Total field time sigma  = 0
     Number of time indices = 0
     Number of time point samples = 0
Registration using 1 total stages.

Stage 0
  iterations = 1000x500x250x100
  convergence threshold = 1e-06
  convergence window size = 10
  number of levels = 4
  using the Mattes MI metric (number of bins = 32, weight = 1, use gradient filter = 0)
  preprocessing:  winsorizing the image intensities
  Shrink factors (level 1 out of 4): [8, 8, 8]
  Shrink factors (level 2 out of 4): [4, 4, 4]
  Shrink factors (level 3 out of 4): [2, 2, 2]
  Shrink factors (level 4 out of 4): [1, 1, 1]
  smoothing sigmas per level: [3, 2, 1, 0]
  regular sampling (percentage = 0.25)

*** Running AffineTransform registration ***

DIAGNOSTIC,Iteration,metricValue,convergenceValue,ITERATION_TIME_INDEX,SINCE_LAST
 2DIAGNOSTIC,     1, -7.479656604152e-01, 1.797693134862e+308, 0.0000e+00, 0.0000e+00, 
 2DIAGNOSTIC,     2, -7.503030697998e-01, 1.797693134862e+308, 0.0000e+00, 0.0000e+00, 
 2DIAGNOSTIC,     3, -7.537627805348e-01, 1.797693134862e+308, 0.0000e+00, 0.0000e+00, 
 2DIAGNOSTIC,     4, -7.604512827668e-01, 1.797693134862e+308, 0.0000e+00, 0.0000e+00, 
 2DIAGNOSTIC,     5, -7.719941285228e-01, 1.797693134862e+308, 0.0000e+00, 0.0000e+00, 
 2DIAGNOSTIC,     6, -7.868167531812e-01, 1.797693134862e+308, 0.0000e+00, 0.0000e+00, 
 2DIAGNOSTIC,     7, -8.287202522343e-01, 1.797693134862e+308, 0.0000e+00, 0.0000e+00, 
 2DIAGNOSTIC,     8, -8.843273297664e-01, 1.797693134862e+308, 0.0000e+00, 0.0000e+00, 
 2DIAGNOSTIC,     9, -9.207409907448e-01, 1.797693134862e+308, 0.0000e+00, 0.0000e+00, 
 2DIAGNOSTIC,    10, -9.230885749603e-01, 1.573825913841e-02, 0.0000e+00, 0.0000e+00, 
 2DIAGNOSTIC,    11, -9.295783587045e-01, 1.566375213200e-02, 0.0000e+00, 0.0000e+00, 
 2DIAGNOSTIC,    12, -9.321445345198e-01, 1.433929055136e-02, 0.0000e+00, 0.0000e+00, 
 2DIAGNOSTIC,    13, -9.334281904288e-01, 1.205425084786e-02, 0.0000e+00, 0.0000e+00, 
 2DIAGNOSTIC,    14, -9.348449408104e-01, 9.231337298162e-03, 0.0000e+00, 0.0000e+00, 
 2DIAGNOSTIC,    15, -9.358921482280e-01, 6.281260473404e-03, 0.0000e+00, 0.0000e+00, 
 2DIAGNOSTIC,    16, -9.371399947522e-01, 3.492207928817e-03, 0.0000e+00, 0.0000e+00, 
 2DIAGNOSTIC,    17, -9.380036242599e-01, 1.545462043703e-03, 0.0000e+00, 0.0000e+00, 
 2DIAGNOSTIC,    18, -9.380289378917e-01, 6.867889569527e-04, 0.0000e+00, 0.0000e+00, 
 2DIAGNOSTIC,    19, -9.381098578569e-01, 4.900405333512e-04, 0.0000e+00, 0.0000e+00, 
 2DIAGNOSTIC,    20, -9.382122064284e-01, 3.065990027658e-04, 0.0000e+00, 0.0000e+00, 
 2DIAGNOSTIC,    21, -9.381792877491e-01, 2.121553817656e-04, 0.0000e+00, 0.0000e+00, 
 2DIAGNOSTIC,    22, -9.383343372972e-01, 1.469449153755e-04, 0.0000e+00, 0.0000e+00, 
 2DIAGNOSTIC,    23, -9.384822027356e-01, 9.403369705475e-05, 0.0000e+00, 0.0000e+00, 
 2DIAGNOSTIC,    24, -9.385149761268e-01, 5.646766842832e-05, 0.0000e+00, 0.0000e+00, 
 2DIAGNOSTIC,    25, -9.385894601338e-01, 3.099791433697e-05, 0.0000e+00, 0.0000e+00, 
 2DIAGNOSTIC,    26, -9.381476732051e-01, 1.444418719009e-05, 0.0000e+00, 0.0000e+00, 
 2DIAGNOSTIC,    27, -9.382276595140e-01, 9.248304599765e-06, 0.0000e+00, 0.0000e+00, 
 2DIAGNOSTIC,    28, -9.381013673724e-01, 2.412622295417e-06, 0.0000e+00, 0.0000e+00, 
DIAGNOSTIC,Iteration,metricValue,convergenceValue,ITERATION_TIME_INDEX,SINCE_LAST
 2DIAGNOSTIC,     1, -7.504585713818e-01, 1.797693134862e+308, 0.0000e+00, 0.0000e+00, 
 2DIAGNOSTIC,     2, -7.508803489670e-01, 1.797693134862e+308, 0.0000e+00, 0.0000e+00, 
 2DIAGNOSTIC,     3, -7.512923067872e-01, 1.797693134862e+308, 0.0000e+00, 0.0000e+00, 
 2DIAGNOSTIC,     4, -7.519361859387e-01, 1.797693134862e+308, 0.0000e+00, 0.0000e+00, 
 2DIAGNOSTIC,     5, -7.533463055870e-01, 1.797693134862e+308, 0.0000e+00, 0.0000e+00, 
 2DIAGNOSTIC,     6, -7.542124692569e-01, 1.797693134862e+308, 0.0000e+00, 0.0000e+00, 
 2DIAGNOSTIC,     7, -7.542400581683e-01, 1.797693134862e+308, 0.0000e+00, 0.0000e+00, 
 2DIAGNOSTIC,     8, -7.542341106869e-01, 1.797693134862e+308, 0.0000e+00, 0.0000e+00, 
 2DIAGNOSTIC,     9, -7.542311461014e-01, 1.797693134862e+308, 0.0000e+00, 0.0000e+00, 
 2DIAGNOSTIC,    10, -7.542245224047e-01, 3.798071546946e-04, 0.0000e+00, 0.0000e+00, 
 2DIAGNOSTIC,    11, -7.542226273313e-01, 2.751251740443e-04, 0.0000e+00, 0.0000e+00, 
 2DIAGNOSTIC,    12, -7.542276545856e-01, 1.774085513864e-04, 0.0000e+00, 0.0000e+00, 
 2DIAGNOSTIC,    13, -7.542282599937e-01, 9.130297048635e-05, 0.0000e+00, 0.0000e+00, 
 2DIAGNOSTIC,    14, -7.542368252301e-01, 2.623345552664e-05, 0.0000e+00, 0.0000e+00, 
 2DIAGNOSTIC,    15, -7.542499164411e-01, 2.838206920541e-06, 0.0000e+00, 0.0000e+00, 
 2DIAGNOSTIC,    16, -7.542433292153e-01, 2.544408961289e-06, 0.0000e+00, 0.0000e+00, 
 2DIAGNOSTIC,    17, -7.542377361132e-01, 2.731567359006e-06, 0.0000e+00, 0.0000e+00, 
 2DIAGNOSTIC,    18, -7.542376981821e-01, 2.697234749140e-06, 0.0000e+00, 0.0000e+00, 
 2DIAGNOSTIC,    19, -7.542461942930e-01, 2.687636141668e-06, 0.0000e+00, 0.0000e+00, 
 2DIAGNOSTIC,    20, -7.542673918196e-01, 2.851266472655e-06, 0.0000e+00, 0.0000e+00, 
 2DIAGNOSTIC,    21, -7.542856266197e-01, 3.167646517838e-06, 0.0000e+00, 0.0000e+00, 
 2DIAGNOSTIC,    22, -7.543010791969e-01, 3.656840683368e-06, 0.0000e+00, 0.0000e+00, 
 2DIAGNOSTIC,    23, -7.543473973597e-01, 4.664453597550e-06, 0.0000e+00, 0.0000e+00, 
 2DIAGNOSTIC,    24, -7.546573671698e-01, 1.025947559489e-05, 0.0000e+00, 0.0000e+00, 
 2DIAGNOSTIC,    25, -7.547433409393e-01, 1.593483820848e-05, 0.0000e+00, 0.0000e+00, 
 2DIAGNOSTIC,    26, -7.547318776989e-01, 1.955959610926e-05, 0.0000e+00, 0.0000e+00, 
 2DIAGNOSTIC,    27, -7.547203965725e-01, 2.103884707085e-05, 0.0000e+00, 0.0000e+00, 
 2DIAGNOSTIC,    28, -7.547073595922e-01, 2.036158254561e-05, 0.0000e+00, 0.0000e+00, 
 2DIAGNOSTIC,    29, -7.546952177046e-01, 1.779243553605e-05, 0.0000e+00, 0.0000e+00, 
 2DIAGNOSTIC,    30, -7.546844103339e-01, 1.391965192224e-05, 0.0000e+00, 0.0000e+00, 
 2DIAGNOSTIC,    31, -7.546729747897e-01, 9.223606132237e-06, 0.0000e+00, 0.0000e+00, 
 2DIAGNOSTIC,    32, -7.546603088585e-01, 4.125610004874e-06, 0.0000e+00, 0.0000e+00, 
DIAGNOSTIC,Iteration,metricValue,convergenceValue,ITERATION_TIME_INDEX,SINCE_LAST
 2DIAGNOSTIC,     1, -6.418367271787e-01, 1.797693134862e+308, 0.0000e+00, 0.0000e+00, 
 2DIAGNOSTIC,     2, -6.423149636695e-01, 1.797693134862e+308, 0.0000e+00, 0.0000e+00, 
 2DIAGNOSTIC,     3, -6.427968775574e-01, 1.797693134862e+308, 0.0000e+00, 0.0000e+00, 
 2DIAGNOSTIC,     4, -6.432529553012e-01, 1.797693134862e+308, 0.0000e+00, 0.0000e+00, 
 2DIAGNOSTIC,     5, -6.439581844667e-01, 1.797693134862e+308, 0.0000e+00, 0.0000e+00, 
 2DIAGNOSTIC,     6, -6.448030262772e-01, 1.797693134862e+308, 0.0000e+00, 0.0000e+00, 
 2DIAGNOSTIC,     7, -6.448298271589e-01, 1.797693134862e+308, 0.0000e+00, 0.0000e+00, 
 2DIAGNOSTIC,     8, -6.448319101719e-01, 1.797693134862e+308, 0.0000e+00, 0.0000e+00, 
 2DIAGNOSTIC,     9, -6.448386954202e-01, 1.797693134862e+308, 0.0000e+00, 0.0000e+00, 
 2DIAGNOSTIC,    10, -6.448351809292e-01, 3.345976593763e-04, 0.0000e+00, 0.0000e+00, 
 2DIAGNOSTIC,    11, -6.448338431729e-01, 2.366265632901e-04, 0.0000e+00, 0.0000e+00, 
 2DIAGNOSTIC,    12, -6.448318599827e-01, 1.515523239198e-04, 0.0000e+00, 0.0000e+00, 
 2DIAGNOSTIC,    13, -6.448328761973e-01, 8.283805984603e-05, 0.0000e+00, 0.0000e+00, 
 2DIAGNOSTIC,    14, -6.448306468516e-01, 3.064538936336e-05, 0.0000e+00, 0.0000e+00, 
 2DIAGNOSTIC,    15, -6.448270479613e-01, 2.766610785548e-06, 0.0000e+00, 0.0000e+00, 
 2DIAGNOSTIC,    16, -6.448266849141e-01, 1.588446329415e-06, 0.0000e+00, 0.0000e+00, 
 2DIAGNOSTIC,    17, -6.448245683564e-01, 1.224435899776e-06, 0.0000e+00, 0.0000e+00, 
DIAGNOSTIC,Iteration,metricValue,convergenceValue,ITERATION_TIME_INDEX,SINCE_LAST
 2DIAGNOSTIC,     1, -5.761742353939e-01, 1.797693134862e+308, 0.0000e+00, 0.0000e+00, 
 2DIAGNOSTIC,     2, -5.766440186449e-01, 1.797693134862e+308, 0.0000e+00, 0.0000e+00, 
 2DIAGNOSTIC,     3, -5.771808644528e-01, 1.797693134862e+308, 0.0000e+00, 0.0000e+00, 
 2DIAGNOSTIC,     4, -5.777994010461e-01, 1.797693134862e+308, 0.0000e+00, 0.0000e+00, 
 2DIAGNOSTIC,     5, -5.793769043150e-01, 1.797693134862e+308, 0.0000e+00, 0.0000e+00, 
 2DIAGNOSTIC,     6, -5.793767859895e-01, 1.797693134862e+308, 0.0000e+00, 0.0000e+00, 
 2DIAGNOSTIC,     7, -5.793768063107e-01, 1.797693134862e+308, 0.0000e+00, 0.0000e+00, 
