
##########################
# Experiment information #
##########################

EXPERIMENT_NAME: antsRegistration-r7-p18
VFC_BACKENDS: libinterflop_vprec.so --range-binary32=7 --precision-binary32=18 --range-binary64=7 --precision-binary64=18

SIF_IMG: /home/mdugre/projects/rrg-glatard/mdugre/containers/ants-vprec-no_metrics.simg

SUBJECT_ID: s014
INPUT_IMG: /home/mdugre/scratch/mri-registration-rp/datasets/ds004513/derivatives/mri-registration-rp/antsBrainExtraction/sub-s014/BrainExtractionBrain.nii.gz
OUTPUT_DIR: /home/mdugre/scratch/mri-registration-rp/datasets/ds004513/derivatives/mri-registration-rp/0011/antsRegistration-r7-p18/sub-s014

FIXED_IMG: /templateflow/tpl-MNI152NLin2009cAsym/tpl-MNI152NLin2009cAsym_res-01_desc-brain_T1w.nii.gz
DATA_DIR: /home/mdugre/scratch/mri-registration-rp/datasets/ds004513
TEMPLATEFLOW_DIR: /home/mdugre/projects/rrg-glatard/mdugre/templateflow
ITK_GLOBAL_DEFAULT_NUMBER_OF_THREADS: 16
##########################

Info [verificarlo]: loaded backend libinterflop_ieee.so
Info [interflop-ieee]: load backend with:
Info [interflop-ieee]: debug = false
Info [interflop-ieee]: debug-binary = false
Info [interflop-ieee]: no-backend-name = false
Info [interflop-ieee]: print-new-line = false
Info [interflop-ieee]: print-subnormal-normalized = false
Info [interflop-ieee]: count-op = false
All_Command_lines_OK
Using double precision for computations.
=============================================================================
The composite transform comprises the following transforms (in order): 
  1. Center of mass alignment using fixed image: /templateflow/tpl-MNI152NLin2009cAsym/tpl-MNI152NLin2009cAsym_res-01_desc-brain_T1w.nii.gz and moving image: /home/mdugre/scratch/mri-registration-rp/datasets/ds004513/derivatives/mri-registration-rp/antsBrainExtraction/sub-s014/BrainExtractionBrain.nii.gz (type = Euler3DTransform)
=============================================================================
  number of levels = 1
  fixed image: /templateflow/tpl-MNI152NLin2009cAsym/tpl-MNI152NLin2009cAsym_res-01_desc-brain_T1w.nii.gz
  moving image: /home/mdugre/scratch/mri-registration-rp/datasets/ds004513/derivatives/mri-registration-rp/antsBrainExtraction/sub-s014/BrainExtractionBrain.nii.gz
Dimension = 3
Number of stages = 1
Use histogram matching = false
Winsorize image intensities = true
  Lower quantile = 0.005
  Upper quantile = 0.995


Stage 1 State
   Image metric = MattesMI
     Fixed image = Image (0x3fcce70)
  RTTI typeinfo:   itk::Image<double, 3u>
  Reference Count: 2
  Modified Time: 2334
  Debug: Off
  Object Name: 
  Observers: 
    none
  Source: (none)
  Source output name: (none)
  Release Data: Off
  Data Released: False
  Global Release Data: Off
  PipelineMTime: 0
  UpdateMTime: 1943
  RealTimeStamp: 0 seconds 
  LargestPossibleRegion: 
    Dimension: 3
    Index: [0, 0, 0]
    Size: [193, 229, 193]
  BufferedRegion: 
    Dimension: 3
    Index: [0, 0, 0]
    Size: [193, 229, 193]
  RequestedRegion: 
    Dimension: 3
    Index: [0, 0, 0]
    Size: [193, 229, 193]
  Spacing: [1, 1, 1]
  Origin: [96, 132, -78]
  Direction: 
-1 0 0
0 -1 0
0 0 1

  IndexToPointMatrix: 
-1 0 0
0 -1 0
0 0 1

  PointToIndexMatrix: 
-1 0 0
0 -1 0
0 0 1

  Inverse Direction: 
-1 0 0
0 -1 0
0 0 1

  PixelContainer: 
    ImportImageContainer (0x3fd9140)
      RTTI typeinfo:   itk::ImportImageContainer<unsigned long, double>
      Reference Count: 1
      Modified Time: 1940
      Debug: Off
      Object Name: 
      Observers: 
        none
      Pointer: 0x150d348d9010
      Container manages memory: true
      Size: 8530021
      Capacity: 8530021

     Moving image = Image (0x3fd6310)
  RTTI typeinfo:   itk::Image<double, 3u>
  Reference Count: 2
  Modified Time: 2335
  Debug: Off
  Object Name: 
  Observers: 
    none
  Source: (none)
  Source output name: (none)
  Release Data: Off
  Data Released: False
  Global Release Data: Off
  PipelineMTime: 0
  UpdateMTime: 2332
  RealTimeStamp: 0 seconds 
  LargestPossibleRegion: 
    Dimension: 3
    Index: [0, 0, 0]
    Size: [160, 240, 256]
  BufferedRegion: 
    Dimension: 3
    Index: [0, 0, 0]
    Size: [160, 240, 256]
  RequestedRegion: 
    Dimension: 3
    Index: [0, 0, 0]
    Size: [160, 240, 256]
  Spacing: [0.999999, 1, 1]
  Origin: [84.1637, 106.709, -120.531]
  Direction: 
-0.999619 -0.0226874 -0.0157033
0.0226846 -0.999743 0.00035635
-0.0157073 -7.8229e-09 0.999877

  IndexToPointMatrix: 
-0.999619 -0.0226874 -0.0157033
0.0226845 -0.999743 0.00035635
-0.0157073 -7.8229e-09 0.999877

  PointToIndexMatrix: 
-0.99962 0.0226846 -0.0157073
-0.0226874 -0.999743 -7.83127e-09
-0.0157033 0.00035635 0.999877

  Inverse Direction: 
-0.999619 0.0226846 -0.0157073
-0.0226874 -0.999743 -7.83127e-09
-0.0157033 0.00035635 0.999877

  PixelContainer: 
    ImportImageContainer (0x4101610)
      RTTI typeinfo:   itk::ImportImageContainer<unsigned long, double>
      Reference Count: 1
      Modified Time: 2329
      Debug: Off
      Object Name: 
      Observers: 
        none
      Pointer: 0x150d2fdd8010
      Container manages memory: true
      Size: 9830400
      Capacity: 9830400

     Weighting = 1
     Sampling strategy = regular
     Number of bins = 32
     Radius = 4
     Sampling percentage  = 0.25
   Transform = Rigid
     Gradient step = 0.1
     Update field sigma (voxel space) = 0
     Total field sigma (voxel space) = 0
     Update field time sigma = 0
     Total field time sigma  = 0
     Number of time indices = 0
     Number of time point samples = 0
Registration using 1 total stages.

Stage 0
  iterations = 0
  convergence threshold = 1e-06
  convergence window size = 10
  number of levels = 1
  using the Mattes MI metric (number of bins = 32, weight = 1, use gradient filter = 0)
  preprocessing:  winsorizing the image intensities
  Shrink factors (level 1 out of 1): [1, 1, 1]
  smoothing sigmas per level: [0]
  regular sampling (percentage = 0.25)

*** Running Euler3DTransform registration ***

  Elapsed time (stage 0): 1.10572


Total elapsed time: 1.10804
Info [verificarlo]: loaded backend libinterflop_ieee.so
Info [interflop-ieee]: load backend with:
Info [interflop-ieee]: debug = false
Info [interflop-ieee]: debug-binary = false
Info [interflop-ieee]: no-backend-name = false
Info [interflop-ieee]: print-new-line = false
Info [interflop-ieee]: print-subnormal-normalized = false
Info [interflop-ieee]: count-op = false
All_Command_lines_OK
Using double precision for computations.
=============================================================================
The composite transform comprises the following transforms (in order): 
  1. /home/mdugre/scratch/mri-registration-rp/datasets/ds004513/derivatives/mri-registration-rp/0011/antsRegistration-r7-p18/sub-s014/align_Composite.h5[0] (type = Euler3DTransform)
  2. /home/mdugre/scratch/mri-registration-rp/datasets/ds004513/derivatives/mri-registration-rp/0011/antsRegistration-r7-p18/sub-s014/align_Composite.h5[1] (type = Euler3DTransform)
=============================================================================
  number of levels = 4
  fixed image: /templateflow/tpl-MNI152NLin2009cAsym/tpl-MNI152NLin2009cAsym_res-01_desc-brain_T1w.nii.gz
  moving image: /home/mdugre/scratch/mri-registration-rp/datasets/ds004513/derivatives/mri-registration-rp/antsBrainExtraction/sub-s014/BrainExtractionBrain.nii.gz
Dimension = 3
Number of stages = 1
Use histogram matching = false
Winsorize image intensities = true
  Lower quantile = 0.005
  Upper quantile = 0.995


Stage 1 State
   Image metric = MattesMI
     Fixed image = Image (0x46dc530)
  RTTI typeinfo:   itk::Image<double, 3u>
  Reference Count: 2
  Modified Time: 1580
  Debug: Off
  Object Name: 
  Observers: 
    none
  Source: (none)
  Source output name: (none)
  Release Data: Off
  Data Released: False
  Global Release Data: Off
  PipelineMTime: 0
  UpdateMTime: 1189
  RealTimeStamp: 0 seconds 
  LargestPossibleRegion: 
    Dimension: 3
    Index: [0, 0, 0]
    Size: [193, 229, 193]
  BufferedRegion: 
    Dimension: 3
    Index: [0, 0, 0]
    Size: [193, 229, 193]
  RequestedRegion: 
    Dimension: 3
    Index: [0, 0, 0]
    Size: [193, 229, 193]
  Spacing: [1, 1, 1]
  Origin: [96, 132, -78]
  Direction: 
-1 0 0
0 -1 0
0 0 1

  IndexToPointMatrix: 
-1 0 0
0 -1 0
0 0 1

  PointToIndexMatrix: 
-1 0 0
0 -1 0
0 0 1

  Inverse Direction: 
-1 0 0
0 -1 0
0 0 1

  PixelContainer: 
    ImportImageContainer (0x479ad60)
      RTTI typeinfo:   itk::ImportImageContainer<unsigned long, double>
      Reference Count: 1
      Modified Time: 1186
      Debug: Off
      Object Name: 
      Observers: 
        none
      Pointer: 0x151fe1d32010
      Container manages memory: true
      Size: 8530021
      Capacity: 8530021

     Moving image = Image (0x478cf60)
  RTTI typeinfo:   itk::Image<double, 3u>
  Reference Count: 2
  Modified Time: 1581
  Debug: Off
  Object Name: 
  Observers: 
    none
  Source: (none)
  Source output name: (none)
  Release Data: Off
  Data Released: False
  Global Release Data: Off
  PipelineMTime: 0
  UpdateMTime: 1578
  RealTimeStamp: 0 seconds 
  LargestPossibleRegion: 
    Dimension: 3
    Index: [0, 0, 0]
    Size: [160, 240, 256]
  BufferedRegion: 
    Dimension: 3
    Index: [0, 0, 0]
    Size: [160, 240, 256]
  RequestedRegion: 
    Dimension: 3
    Index: [0, 0, 0]
    Size: [160, 240, 256]
  Spacing: [0.999999, 1, 1]
  Origin: [84.1637, 106.709, -120.531]
  Direction: 
-0.999619 -0.0226874 -0.0157033
0.0226846 -0.999743 0.00035635
-0.0157073 -7.8229e-09 0.999877

  IndexToPointMatrix: 
-0.999619 -0.0226874 -0.0157033
0.0226845 -0.999743 0.00035635
-0.0157073 -7.8229e-09 0.999877

  PointToIndexMatrix: 
-0.99962 0.0226846 -0.0157073
-0.0226874 -0.999743 -7.83127e-09
-0.0157033 0.00035635 0.999877

  Inverse Direction: 
-0.999619 0.0226846 -0.0157073
-0.0226874 -0.999743 -7.83127e-09
-0.0157033 0.00035635 0.999877

  PixelContainer: 
    ImportImageContainer (0x477e6d0)
      RTTI typeinfo:   itk::ImportImageContainer<unsigned long, double>
      Reference Count: 1
      Modified Time: 1575
      Debug: Off
      Object Name: 
      Observers: 
        none
      Pointer: 0x151fdd231010
      Container manages memory: true
      Size: 9830400
      Capacity: 9830400

     Weighting = 1
     Sampling strategy = regular
     Number of bins = 32
     Radius = 4
     Sampling percentage  = 0.25
   Transform = Rigid
     Gradient step = 0.1
     Update field sigma (voxel space) = 0
     Total field sigma (voxel space) = 0
     Update field time sigma = 0
     Total field time sigma  = 0
     Number of time indices = 0
     Number of time point samples = 0
Registration using 1 total stages.

Stage 0
  iterations = 1000x500x250x100
  convergence threshold = 1e-06
  convergence window size = 10
  number of levels = 4
  using the Mattes MI metric (number of bins = 32, weight = 1, use gradient filter = 0)
  preprocessing:  winsorizing the image intensities
  Shrink factors (level 1 out of 4): [8, 8, 8]
  Shrink factors (level 2 out of 4): [4, 4, 4]
  Shrink factors (level 3 out of 4): [2, 2, 2]
  Shrink factors (level 4 out of 4): [1, 1, 1]
  smoothing sigmas per level: [3, 2, 1, 0]
  regular sampling (percentage = 0.25)

*** Running Euler3DTransform registration ***

DIAGNOSTIC,Iteration,metricValue,convergenceValue,ITERATION_TIME_INDEX,SINCE_LAST
 2DIAGNOSTIC,     1, -4.770821406565e-01, 1.797693134862e+308, 8.0835e-01, 8.0835e-01, 
 2DIAGNOSTIC,     2, -4.784216133942e-01, 1.797693134862e+308, 8.1298e-01, 4.6241e-03, 
 2DIAGNOSTIC,     3, -4.807043200681e-01, 1.797693134862e+308, 8.1745e-01, 4.4749e-03, 
 2DIAGNOSTIC,     4, -4.840264478065e-01, 1.797693134862e+308, 8.2185e-01, 4.4000e-03, 
 2DIAGNOSTIC,     5, -4.883050305770e-01, 1.797693134862e+308, 8.2639e-01, 4.5340e-03, 
 2DIAGNOSTIC,     6, -4.953560426371e-01, 1.797693134862e+308, 8.3147e-01, 5.0862e-03, 
 2DIAGNOSTIC,     7, -5.007350570384e-01, 1.797693134862e+308, 8.3582e-01, 4.3459e-03, 
 2DIAGNOSTIC,     8, -5.013278569503e-01, 1.797693134862e+308, 8.4029e-01, 4.4670e-03, 
 2DIAGNOSTIC,     9, -5.085255256006e-01, 1.797693134862e+308, 8.4623e-01, 5.9419e-03, 
 2DIAGNOSTIC,    10, -5.161992633656e-01, 5.125196520979e-03, 8.5316e-01, 6.9299e-03, 
 2DIAGNOSTIC,    11, -5.167072941437e-01, 4.879252931146e-03, 8.5788e-01, 4.7269e-03, 
 2DIAGNOSTIC,    12, -5.203629876260e-01, 4.481282734468e-03, 8.6260e-01, 4.7188e-03, 
 2DIAGNOSTIC,    13, -5.229718709777e-01, 3.958672533579e-03, 8.6727e-01, 4.6690e-03, 
 2DIAGNOSTIC,    14, -5.250338110829e-01, 3.368007801722e-03, 8.7265e-01, 5.3749e-03, 
 2DIAGNOSTIC,    15, -5.272078697647e-01, 2.786121483391e-03, 8.7960e-01, 6.9559e-03, 
 2DIAGNOSTIC,    16, -5.275715603977e-01, 2.284098302163e-03, 8.8420e-01, 4.5960e-03, 
 2DIAGNOSTIC,    17, -5.282507656511e-01, 1.839921123739e-03, 8.8890e-01, 4.7040e-03, 
 2DIAGNOSTIC,    18, -5.289722876066e-01, 1.313912041896e-03, 8.9395e-01, 5.0452e-03, 
 2DIAGNOSTIC,    19, -5.292207410111e-01, 9.370568707344e-04, 8.9960e-01, 5.6510e-03, 
 2DIAGNOSTIC,    20, -5.294476960672e-01, 7.341365573341e-04, 9.0448e-01, 4.8850e-03, 
 2DIAGNOSTIC,    21, -5.294955840903e-01, 4.966190831876e-04, 9.0885e-01, 4.3621e-03, 
 2DIAGNOSTIC,    22, -5.295366245031e-01, 3.281311959336e-04, 9.1369e-01, 4.8409e-03, 
 2DIAGNOSTIC,    23, -5.295376311909e-01, 2.063244245668e-04, 9.1855e-01, 4.8621e-03, 
 2DIAGNOSTIC,    24, -5.295911249027e-01, 1.234508389553e-04, 9.2344e-01, 4.8962e-03, 
 2DIAGNOSTIC,    25, -5.296271130647e-01, 8.499150549794e-05, 9.2849e-01, 5.0411e-03, 
 2DIAGNOSTIC,    26, -5.296539599385e-01, 4.983583932643e-05, 9.3298e-01, 4.4920e-03, 
 2DIAGNOSTIC,    27, -5.297704229811e-01, 2.877322816107e-05, 9.3738e-01, 4.4038e-03, 
 2DIAGNOSTIC,    28, -5.299884954871e-01, 2.504887533261e-05, 9.4330e-01, 5.9190e-03, 
 2DIAGNOSTIC,    29, -5.300854192463e-01, 2.569611953743e-05, 9.4818e-01, 4.8811e-03, 
 2DIAGNOSTIC,    30, -5.300410324622e-01, 2.732899345746e-05, 9.5250e-01, 4.3199e-03, 
 2DIAGNOSTIC,    31, -5.300376932143e-01, 2.724560549729e-05, 9.5686e-01, 4.3559e-03, 
 2DIAGNOSTIC,    32, -5.301686264233e-01, 2.763232919877e-05, 9.6121e-01, 4.3478e-03, 
 2DIAGNOSTIC,    33, -5.303926738418e-01, 2.905769096846e-05, 9.6672e-01, 5.5120e-03, 
 2DIAGNOSTIC,    34, -5.304519664598e-01, 2.945835347860e-05, 9.7209e-01, 5.3680e-03, 
 2DIAGNOSTIC,    35, -5.305073139182e-01, 2.868169327607e-05, 9.7640e-01, 4.3139e-03, 
 2DIAGNOSTIC,    36, -5.305686017146e-01, 2.670517372217e-05, 9.8110e-01, 4.7021e-03, 
 2DIAGNOSTIC,    37, -5.306602858940e-01, 2.533264911357e-05, 9.8719e-01, 6.0852e-03, 
 2DIAGNOSTIC,    38, -5.306881156229e-01, 2.512162424230e-05, 9.9213e-01, 4.9429e-03, 
 2DIAGNOSTIC,    39, -5.307317416634e-01, 2.461885298077e-05, 9.9755e-01, 5.4231e-03, 
 2DIAGNOSTIC,    40, -5.308225091353e-01, 2.257034276019e-05, 1.0042e+00, 6.6559e-03, 
 2DIAGNOSTIC,    41, -5.308460424125e-01, 1.877385526272e-05, 1.0092e+00, 4.9770e-03, 
 2DIAGNOSTIC,    42, -5.308561837321e-01, 1.520831957775e-05, 1.0142e+00, 4.9880e-03, 
 2DIAGNOSTIC,    43, -5.308777649273e-01, 1.355835177773e-05, 1.0191e+00, 4.9570e-03, 
 2DIAGNOSTIC,    44, -5.309114036110e-01, 1.190613944935e-05, 1.0240e+00, 4.9119e-03, 
 2DIAGNOSTIC,    45, -5.310262965518e-01, 1.129423567137e-05, 1.0319e+00, 7.8361e-03, 
 2DIAGNOSTIC,    46, -5.310374074445e-01, 1.049838942504e-05, 1.0369e+00, 5.0499e-03, 
 2DIAGNOSTIC,    47, -5.310434720121e-01, 9.962263453893e-06, 1.0419e+00, 4.9539e-03, 
 2DIAGNOSTIC,    48, -5.310518853633e-01, 8.989886109353e-06, 1.0468e+00, 4.9119e-03, 
 2DIAGNOSTIC,    49, -5.310584329536e-01, 7.783359502678e-06, 1.0532e+00, 6.4368e-03, 
 2DIAGNOSTIC,    50, -5.310645817646e-01, 6.973833584029e-06, 1.0599e+00, 6.6550e-03, 
 2DIAGNOSTIC,    51, -5.310656430617e-01, 5.851695600367e-06, 1.0648e+00, 4.9291e-03, 
 2DIAGNOSTIC,    52, -5.310738190002e-01, 4.481863509605e-06, 1.0703e+00, 5.4681e-03, 
 2DIAGNOSTIC,    53, -5.310768127969e-01, 3.049471521320e-06, 1.0748e+00, 4.5550e-03, 
 2DIAGNOSTIC,    54, -5.310775506016e-01, 1.750844720129e-06, 1.0796e+00, 4.7741e-03, 
 2DIAGNOSTIC,    55, -5.310817434211e-01, 1.565716413025e-06, 1.0840e+00, 4.4231e-03, 
 2DIAGNOSTIC,    56, -5.310870994121e-01, 1.452195857461e-06, 1.0889e+00, 4.8630e-03, 
 2DIAGNOSTIC,    57, -5.310885232962e-01, 1.327089154866e-06, 1.0939e+00, 4.9570e-03, 
 2DIAGNOSTIC,    58, -5.310914487850e-01, 1.238639650996e-06, 1.0988e+00, 4.8971e-03, 
 2DIAGNOSTIC,    59, -5.311015678587e-01, 1.240623596535e-06, 1.1042e+00, 5.4109e-03, 
 2DIAGNOSTIC,    60, -5.311021904297e-01, 1.235244578884e-06, 1.1086e+00, 4.3871e-03, 
 2DIAGNOSTIC,    61, -5.311059901820e-01, 1.204917779083e-06, 1.1223e+00, 1.3789e-02, 
 2DIAGNOSTIC,    62, -5.311059901659e-01, 1.182103197373e-06, 1.1355e+00, 1.3187e-02, 
 2DIAGNOSTIC,    63, -5.311059901659e-01, 1.122797857800e-06, 1.1408e+00, 5.2249e-03, 
 2DIAGNOSTIC,    64, -5.311059901659e-01, 1.011506956507e-06, 1.1460e+00, 5.2149e-03, 
DIAGNOSTIC,Iteration,metricValue,convergenceValue,ITERATION_TIME_INDEX,SINCE_LAST
 2DIAGNOSTIC,     1, -4.295258231625e-01, 1.797693134862e+308, 1.8807e+00, 7.3475e-01, 
 2DIAGNOSTIC,     2, -4.302859640431e-01, 1.797693134862e+308, 1.9103e+00, 2.9627e-02, 
 2DIAGNOSTIC,     3, -4.309651196675e-01, 1.797693134862e+308, 1.9406e+00, 3.0260e-02, 
 2DIAGNOSTIC,     4, -4.317164347764e-01, 1.797693134862e+308, 1.9716e+00, 3.1022e-02, 
 2DIAGNOSTIC,     5, -4.325561938345e-01, 1.797693134862e+308, 2.0017e+00, 3.0094e-02, 
 2DIAGNOSTIC,     6, -4.341819580778e-01, 1.797693134862e+308, 2.0349e+00, 3.3155e-02, 
 2DIAGNOSTIC,     7, -4.354327949460e-01, 1.797693134862e+308, 2.0647e+00, 2.9839e-02, 
 2DIAGNOSTIC,     8, -4.367134834399e-01, 1.797693134862e+308, 2.0997e+00, 3.4937e-02, 
 2DIAGNOSTIC,     9, -4.377076816052e-01, 1.797693134862e+308, 2.1432e+00, 4.3592e-02, 
 2DIAGNOSTIC,    10, -4.379510214292e-01, 1.375954781894e-03, 2.1748e+00, 3.1551e-02, 
 2DIAGNOSTIC,    11, -4.381306699705e-01, 1.211218579673e-03, 2.2073e+00, 3.2502e-02, 
 2DIAGNOSTIC,    12, -4.403708091229e-01, 1.128184042319e-03, 2.2430e+00, 3.5716e-02, 
 2DIAGNOSTIC,    13, -4.435986505929e-01, 1.148562288902e-03, 2.2812e+00, 3.8162e-02, 
 2DIAGNOSTIC,    14, -4.436199448381e-01, 1.094787364095e-03, 2.3110e+00, 2.9779e-02, 
 2DIAGNOSTIC,    15, -4.445052017826e-01, 1.025845796435e-03, 2.3459e+00, 3.4968e-02, 
 2DIAGNOSTIC,    16, -4.479362667424e-01, 1.077370595473e-03, 2.3893e+00, 4.3404e-02, 
 2DIAGNOSTIC,    17, -4.481475950972e-01, 1.073587593367e-03, 2.4183e+00, 2.8986e-02, 
 2DIAGNOSTIC,    18, -4.482020490556e-01, 1.018146305548e-03, 2.4505e+00, 3.2162e-02, 
 2DIAGNOSTIC,    19, -4.481966708836e-01, 9.107728247396e-04, 2.5067e+00, 5.6241e-02, 
 2DIAGNOSTIC,    20, -4.481953336191e-01, 7.394369060303e-04, 2.5360e+00, 2.9239e-02, 
 2DIAGNOSTIC,    21, -4.481954334400e-01, 5.189437695874e-04, 2.5723e+00, 3.6310e-02, 
 2DIAGNOSTIC,    22, -4.482018534072e-01, 3.337448801627e-04, 2.6054e+00, 3.3147e-02, 
 2DIAGNOSTIC,    23, -4.481921491928e-01, 2.259319879025e-04, 2.6338e+00, 2.8340e-02, 
 2DIAGNOSTIC,    24, -4.482074312946e-01, 1.077320602672e-04, 2.6653e+00, 3.1581e-02, 
 2DIAGNOSTIC,    25, -4.482144438986e-01, 9.691655404369e-06, 2.6991e+00, 3.3817e-02, 
 2DIAGNOSTIC,    26, -4.482116709890e-01, 3.273678336531e-06, 2.7339e+00, 3.4713e-02, 
 2DIAGNOSTIC,    27, -4.482088353359e-01, 2.084624423013e-06, 2.7691e+00, 3.5233e-02, 
 2DIAGNOSTIC,    28, -4.482139219729e-01, 2.274301838294e-06, 2.8015e+00, 3.2431e-02, 
 2DIAGNOSTIC,    29, -4.482420866063e-01, 2.842583552681e-06, 2.8384e+00, 3.6840e-02, 
 2DIAGNOSTIC,    30, -4.482455732339e-01, 3.232684219631e-06, 2.8726e+00, 3.4210e-02, 
 2DIAGNOSTIC,    31, -4.482405886087e-01, 3.298136050059e-06, 2.9030e+00, 3.0464e-02, 
 2DIAGNOSTIC,    32, -4.482290914497e-01, 3.068919601515e-06, 2.9339e+00, 3.0828e-02, 
 2DIAGNOSTIC,    33, -4.482261087062e-01, 2.406542572719e-06, 2.9690e+00, 3.5182e-02, 
 2DIAGNOSTIC,    34, -4.482147420897e-01, 1.704266769341e-06, 3.0053e+00, 3.6211e-02, 
 2DIAGNOSTIC,    35, -4.482170221269e-01, 1.142410674081e-06, 3.0382e+00, 3.2941e-02, 
DIAGNOSTIC,Iteration,metricValue,convergenceValue,ITERATION_TIME_INDEX,SINCE_LAST
 2DIAGNOSTIC,     1, -3.932184618245e-01, 1.797693134862e+308, 4.1711e+00, 1.1329e+00, 
 2DIAGNOSTIC,     2, -3.933350080204e-01, 1.797693134862e+308, 4.3942e+00, 2.2309e-01, 
 2DIAGNOSTIC,     3, -3.934316047128e-01, 1.797693134862e+308, 4.6274e+00, 2.3322e-01, 
 2DIAGNOSTIC,     4, -3.934445201032e-01, 1.797693134862e+308, 4.9391e+00, 3.1168e-01, 
 2DIAGNOSTIC,     5, -3.934561040723e-01, 1.797693134862e+308, 5.2268e+00, 2.8771e-01, 
 2DIAGNOSTIC,     6, -3.934557399766e-01, 1.797693134862e+308, 5.5287e+00, 3.0189e-01, 
 2DIAGNOSTIC,     7, -3.934568947209e-01, 1.797693134862e+308, 5.9723e+00, 4.4361e-01, 
 2DIAGNOSTIC,     8, -3.934560026025e-01, 1.797693134862e+308, 6.2642e+00, 2.9196e-01, 
 2DIAGNOSTIC,     9, -3.934553706733e-01, 1.797693134862e+308, 6.6349e+00, 3.7065e-01, 
 2DIAGNOSTIC,    10, -3.934548435115e-01, 2.950388312538e-05, 6.9632e+00, 3.2828e-01, 
 2DIAGNOSTIC,    11, -3.934535150154e-01, 1.251787730805e-05, 7.2551e+00, 2.9192e-01, 
 2DIAGNOSTIC,    12, -3.934529103074e-01, 4.334106993104e-06, 7.5057e+00, 2.5061e-01, 
 2DIAGNOSTIC,    13, -3.934523311637e-01, 2.580302170707e-06, 7.7692e+00, 2.6353e-01, 
 2DIAGNOSTIC,    14, -3.934518640194e-01, 1.691075443302e-06, 8.0658e+00, 2.9654e-01, 
 2DIAGNOSTIC,    15, -3.934519733727e-01, 1.537715200242e-06, 8.3269e+00, 2.6114e-01, 
 2DIAGNOSTIC,    16, -3.934513608845e-01, 1.410840021365e-06, 8.5661e+00, 2.3920e-01, 
 2DIAGNOSTIC,    17, -3.934508379559e-01, 1.380509592426e-06, 8.8127e+00, 2.4664e-01, 
 2DIAGNOSTIC,    18, -3.934502559047e-01, 1.340256948576e-06, 9.0367e+00, 2.2400e-01, 
 2DIAGNOSTIC,    19, -3.934497851041e-01, 1.301860488113e-06, 9.2967e+00, 2.5992e-01, 
 2DIAGNOSTIC,    20, -3.934499620918e-01, 1.290039402468e-06, 9.5193e+00, 2.2266e-01, 
 2DIAGNOSTIC,    21, -3.934502604216e-01, 1.271710311300e-06, 9.7921e+00, 2.7277e-01, 
 2DIAGNOSTIC,    22, -3.934498714885e-01, 1.245514219712e-06, 1.0083e+01, 2.9102e-01, 
 2DIAGNOSTIC,    23, -3.934501306521e-01, 1.231426918817e-06, 1.0372e+01, 2.8869e-01, 
 2DIAGNOSTIC,    24, -3.934495534990e-01, 1.200792369503e-06, 1.0611e+01, 2.3903e-01, 
 2DIAGNOSTIC,    25, -3.934490926902e-01, 1.174527758351e-06, 1.0851e+01, 2.4026e-01, 
 2DIAGNOSTIC,    26, -3.934495815579e-01, 1.156238082868e-06, 1.1114e+01, 2.6301e-01, 
 2DIAGNOSTIC,    27, -3.934510332175e-01, 1.170201587693e-06, 1.1405e+01, 2.9122e-01, 
 2DIAGNOSTIC,    28, -3.934498669546e-01, 1.138213950633e-06, 1.1651e+01, 2.4581e-01, 
 2DIAGNOSTIC,    29, -3.934494067207e-01, 1.086573180709e-06, 1.1872e+01, 2.2095e-01, 
 2DIAGNOSTIC,    30, -3.934490070286e-01, 1.034518152081e-06, 1.2139e+01, 2.6701e-01, 
 2DIAGNOSTIC,    31, -3.934493551505e-01, 1.002859541341e-06, 1.2379e+01, 2.3972e-01, 
 2DIAGNOSTIC,    32, -3.934514388280e-01, 1.012149857212e-06, 1.2628e+01, 2.4889e-01, 
 2DIAGNOSTIC,    33, -3.934519790961e-01, 1.036071889865e-06, 1.2853e+01, 2.2531e-01, 
 2DIAGNOSTIC,    34, -3.934514161337e-01, 1.029042889750e-06, 1.3102e+01, 2.4909e-01, 
 2DIAGNOSTIC,    35, -3.934525147718e-01, 1.027695391936e-06, 1.3351e+01, 2.4899e-01, 
 2DIAGNOSTIC,    36, -3.934539683310e-01, 1.051995548982e-06, 1.3662e+01, 3.1113e-01, 
 2DIAGNOSTIC,    37, -3.934536116754e-01, 1.079271394415e-06, 1.3927e+01, 2.6526e-01, 
 2DIAGNOSTIC,    38, -3.934525130144e-01, 1.042002316001e-06, 1.4187e+01, 2.5960e-01, 
DIAGNOSTIC,Iteration,metricValue,convergenceValue,ITERATION_TIME_INDEX,SINCE_LAST
 2DIAGNOSTIC,     1, -3.660000231624e-01, 1.797693134862e+308, 1.6697e+01, 2.5094e+00, 
 2DIAGNOSTIC,     2, -3.661006044559e-01, 1.797693134862e+308, 1.8447e+01, 1.7507e+00, 
 2DIAGNOSTIC,     3, -3.661940053292e-01, 1.797693134862e+308, 2.0199e+01, 1.7516e+00, 
 2DIAGNOSTIC,     4, -3.662025643793e-01, 1.797693134862e+308, 2.2839e+01, 2.6404e+00, 
 2DIAGNOSTIC,     5, -3.662022977212e-01, 1.797693134862e+308, 2.4994e+01, 2.1546e+00, 
 2DIAGNOSTIC,     6, -3.662022733077e-01, 1.797693134862e+308, 2.6737e+01, 1.7428e+00, 
 2DIAGNOSTIC,     7, -3.662021510236e-01, 1.797693134862e+308, 2.8456e+01, 1.7193e+00, 
 2DIAGNOSTIC,     8, -3.662021104596e-01, 1.797693134862e+308, 3.0209e+01, 1.7529e+00, 
 2DIAGNOSTIC,     9, -3.662019867439e-01, 1.797693134862e+308, 3.1983e+01, 1.7746e+00, 
 2DIAGNOSTIC,    10, -3.662019340497e-01, 2.615307426311e-05, 3.3507e+01, 1.5232e+00, 
 2DIAGNOSTIC,    11, -3.662019021222e-01, 1.049209190040e-05, 3.5244e+01, 1.7369e+00, 
 2DIAGNOSTIC,    12, -3.662017877670e-01, 3.091361897661e-06, 3.6883e+01, 1.6396e+00, 
 2DIAGNOSTIC,    13, -3.662019075515e-01, 2.358435314556e-06, 3.8397e+01, 1.5142e+00, 
 2DIAGNOSTIC,    14, -3.662018586938e-01, 2.210206254738e-06, 3.9946e+01, 1.5482e+00, 
 2DIAGNOSTIC,    15, -3.662018919965e-01, 2.075386452180e-06, 4.1519e+01, 1.5733e+00, 
 2DIAGNOSTIC,    16, -3.662018421208e-01, 1.958104273739e-06, 4.3366e+01, 1.8468e+00, 
 2DIAGNOSTIC,    17, -3.662017315490e-01, 1.846828500712e-06, 4.5062e+01, 1.6968e+00, 
 2DIAGNOSTIC,    18, -3.662016584375e-01, 1.745449656705e-06, 4.6862e+01, 1.7997e+00, 
 2DIAGNOSTIC,    19, -3.662015876155e-01, 1.648798700099e-06, 4.8624e+01, 1.7616e+00, 
 2DIAGNOSTIC,    20, -3.662013732754e-01, 1.553843689786e-06, 5.0353e+01, 1.7292e+00, 
 2DIAGNOSTIC,    21, -3.662013254764e-01, 1.468744403356e-06, 5.2450e+01, 2.0975e+00, 
 2DIAGNOSTIC,    22, -3.662011170191e-01, 1.384171153015e-06, 5.4304e+01, 1.8533e+00, 
 2DIAGNOSTIC,    23, -3.662008967091e-01, 1.309503384311e-06, 5.5721e+01, 1.4170e+00, 
 2DIAGNOSTIC,    24, -3.662008589109e-01, 1.245216003816e-06, 5.7212e+01, 1.4912e+00, 
 2DIAGNOSTIC,    25, -3.662009022352e-01, 1.195923265217e-06, 5.8728e+01, 1.5159e+00, 
 2DIAGNOSTIC,    26, -3.662008588455e-01, 1.154782428403e-06, 6.0249e+01, 1.5213e+00, 
 2DIAGNOSTIC,    27, -3.662010886778e-01, 1.126687581669e-06, 6.2077e+01, 1.8283e+00, 
 2DIAGNOSTIC,    28, -3.662011544825e-01, 1.105168424553e-06, 6.3842e+01, 1.7641e+00, 
 2DIAGNOSTIC,    29, -3.662007271066e-01, 1.074819774440e-06, 6.5898e+01, 2.0564e+00, 
 2DIAGNOSTIC,    30, -3.662006710120e-01, 1.041888226749e-06, 6.7640e+01, 1.7424e+00, 
 2DIAGNOSTIC,    31, -3.662006079278e-01, 1.010052154048e-06, 6.9387e+01, 1.7469e+00, 
  Elapsed time (stage 0): 7.0233e+01


Total elapsed time: 7.0236e+01
Info [verificarlo]: loaded backend libinterflop_vprec.so
Info [interflop-vprec]: load backend with: 
Info [interflop-vprec]: precision-binary32 = 18
Info [interflop-vprec]: range-binary32 = 7
Info [interflop-vprec]: precision-binary64 = 18
Info [interflop-vprec]: range-binary64 = 7
Info [interflop-vprec]: mode = ob
Info [interflop-vprec]: error-mode = rel
Info [interflop-vprec]: max-abs-error-exponent = -1022
Info [interflop-vprec]: daz = false
Info [interflop-vprec]: ftz = false
Info [interflop-vprec]: 	instrument = none
Info [interflop-vprec]: 	prec-input-file = (null)
Info [interflop-vprec]: 	prec-output-file = (null)
Info [interflop-vprec]: 	prec-log-file = (null)
All_Command_lines_OK
Using double precision for computations.
=============================================================================
The composite transform comprises the following transforms (in order): 
  1. /home/mdugre/scratch/mri-registration-rp/datasets/ds004513/derivatives/mri-registration-rp/0011/antsRegistration-r7-p18/sub-s014/rigid_Composite.h5[0] (type = Euler3DTransform)
  2. /home/mdugre/scratch/mri-registration-rp/datasets/ds004513/derivatives/mri-registration-rp/0011/antsRegistration-r7-p18/sub-s014/rigid_Composite.h5[1] (type = Euler3DTransform)
  3. /home/mdugre/scratch/mri-registration-rp/datasets/ds004513/derivatives/mri-registration-rp/0011/antsRegistration-r7-p18/sub-s014/rigid_Composite.h5[2] (type = Euler3DTransform)
=============================================================================
  number of levels = 4
  fixed image: /templateflow/tpl-MNI152NLin2009cAsym/tpl-MNI152NLin2009cAsym_res-01_desc-brain_T1w.nii.gz
  moving image: /home/mdugre/scratch/mri-registration-rp/datasets/ds004513/derivatives/mri-registration-rp/antsBrainExtraction/sub-s014/BrainExtractionBrain.nii.gz
Dimension = 3
Number of stages = 1
Use histogram matching = false
Winsorize image intensities = true
  Lower quantile = 0.005
  Upper quantile = 0.995


Stage 1 State
   Image metric = MattesMI
     Fixed image = Image (0x3cbe490)
  RTTI typeinfo:   itk::Image<double, 3u>
  Reference Count: 2
  Modified Time: 1592
  Debug: Off
  Object Name: 
  Observers: 
    none
  Source: (none)
  Source output name: (none)
  Release Data: Off
  Data Released: False
  Global Release Data: Off
  PipelineMTime: 0
  UpdateMTime: 1203
  RealTimeStamp: 0 seconds 
  LargestPossibleRegion: 
    Dimension: 3
    Index: [0, 0, 0]
    Size: [193, 229, 193]
  BufferedRegion: 
    Dimension: 3
    Index: [0, 0, 0]
    Size: [193, 229, 193]
  RequestedRegion: 
    Dimension: 3
    Index: [0, 0, 0]
    Size: [193, 229, 193]
  Spacing: [1, 1, 1]
  Origin: [96, 132, -78]
  Direction: 
-1 0 0
0 -1 0
0 0 1

  IndexToPointMatrix: 
-1 0 0
0 -1 0
0 0 1

  PointToIndexMatrix: 
-1 0 0
0 -1 0
0 0 1

  Inverse Direction: 
-1 0 0
0 -1 0
0 0 1

  PixelContainer: 
    ImportImageContainer (0x3d898c0)
      RTTI typeinfo:   itk::ImportImageContainer<unsigned long, double>
      Reference Count: 1
      Modified Time: 1200
      Debug: Off
      Object Name: 
      Observers: 
        none
      Pointer: 0x14643537a010
      Container manages memory: true
      Size: 8530021
      Capacity: 8530021

     Moving image = Image (0x3d79b60)
  RTTI typeinfo:   itk::Image<double, 3u>
  Reference Count: 2
  Modified Time: 1593
  Debug: Off
  Object Name: 
  Observers: 
    none
  Source: (none)
  Source output name: (none)
  Release Data: Off
  Data Released: False
  Global Release Data: Off
  PipelineMTime: 0
  UpdateMTime: 1590
  RealTimeStamp: 0 seconds 
  LargestPossibleRegion: 
    Dimension: 3
    Index: [0, 0, 0]
    Size: [160, 240, 256]
  BufferedRegion: 
    Dimension: 3
    Index: [0, 0, 0]
    Size: [160, 240, 256]
  RequestedRegion: 
    Dimension: 3
    Index: [0, 0, 0]
    Size: [160, 240, 256]
  Spacing: [1, 1, 1]
  Origin: [84.1638, 106.709, -120.531]
  Direction: 
-0.999619 -0.0226874 -0.0157033
0.0226846 -0.999743 0.00035635
-0.0157073 -7.8229e-09 0.999876

  IndexToPointMatrix: 
-0.999619 -0.0226874 -0.0157033
0.0226846 -0.999743 0.00035635
-0.0157073 -7.8229e-09 0.999876

  PointToIndexMatrix: 
-0.999619 0.0226846 -0.0157073
-0.0226873 -0.999744 -3.8147e-06
-0.0157033 0.000354767 0.99988

  Inverse Direction: 
-0.999619 0.0226846 -0.0157073
-0.0226873 -0.999744 -3.8147e-06
-0.0157033 0.000354767 0.99988

  PixelContainer: 
    ImportImageContainer (0x3e0d1d0)
      RTTI typeinfo:   itk::ImportImageContainer<unsigned long, double>
      Reference Count: 1
      Modified Time: 1587
      Debug: Off
      Object Name: 
      Observers: 
        none
      Pointer: 0x146430879010
      Container manages memory: true
      Size: 9830400
      Capacity: 9830400

     Weighting = 1
     Sampling strategy = regular
     Number of bins = 32
     Radius = 4
     Sampling percentage  = 0.25
   Transform = Affine
     Gradient step = 0.1
     Update field sigma (voxel space) = 0
     Total field sigma (voxel space) = 0
     Update field time sigma = 0
     Total field time sigma  = 0
     Number of time indices = 0
     Number of time point samples = 0
Registration using 1 total stages.

Stage 0
  iterations = 1000x500x250x100
  convergence threshold = 1e-06
  convergence window size = 10
  number of levels = 4
  using the Mattes MI metric (number of bins = 32, weight = 1, use gradient filter = 0)
  preprocessing:  winsorizing the image intensities
  Shrink factors (level 1 out of 4): [8, 8, 8]
  Shrink factors (level 2 out of 4): [4, 4, 4]
  Shrink factors (level 3 out of 4): [2, 2, 2]
  Shrink factors (level 4 out of 4): [1, 1, 1]
  smoothing sigmas per level: [3, 2, 1, 0]
  regular sampling (percentage = 0.25)

*** Running AffineTransform registration ***

DIAGNOSTIC,Iteration,metricValue,convergenceValue,ITERATION_TIME_INDEX,SINCE_LAST
 2DIAGNOSTIC,     1, -5.240127370029e-01, 1.797693134862e+308, 0.0000e+00, 0.0000e+00, 
 2DIAGNOSTIC,     2, -5.259119397798e-01, 1.797693134862e+308, 0.0000e+00, 0.0000e+00, 
 2DIAGNOSTIC,     3, -5.291760156053e-01, 1.797693134862e+308, 0.0000e+00, 0.0000e+00, 
 2DIAGNOSTIC,     4, -5.348724209679e-01, 1.797693134862e+308, 0.0000e+00, 0.0000e+00, 
 2DIAGNOSTIC,     5, -5.451045471133e-01, 1.797693134862e+308, 0.0000e+00, 0.0000e+00, 
 2DIAGNOSTIC,     6, -6.181984484285e-01, 1.797693134862e+308, 0.0000e+00, 0.0000e+00, 
 2DIAGNOSTIC,     7, -6.596987412322e-01, 1.797693134862e+308, 0.0000e+00, 0.0000e+00, 
 2DIAGNOSTIC,     8, -7.231856976458e-01, 1.797693134862e+308, 0.0000e+00, 0.0000e+00, 
 2DIAGNOSTIC,     9, -7.341093676353e-01, 1.797693134862e+308, 0.0000e+00, 0.0000e+00, 
 2DIAGNOSTIC,    10, -7.479432322954e-01, 2.833930318655e-02, 0.0000e+00, 0.0000e+00, 
 2DIAGNOSTIC,    11, -7.642419637781e-01, 2.713489911816e-02, 0.0000e+00, 0.0000e+00, 
 2DIAGNOSTIC,    12, -7.704879197750e-01, 2.401902804994e-02, 0.0000e+00, 0.0000e+00, 
 2DIAGNOSTIC,    13, -7.732860905246e-01, 1.953847019798e-02, 0.0000e+00, 0.0000e+00, 
 2DIAGNOSTIC,    14, -7.768446018629e-01, 1.437052503980e-02, 0.0000e+00, 0.0000e+00, 
 2DIAGNOSTIC,    15, -7.814606904994e-01, 9.102067989235e-03, 0.0000e+00, 0.0000e+00, 
 2DIAGNOSTIC,    16, -7.848061503149e-01, 5.765890267468e-03, 0.0000e+00, 0.0000e+00, 
 2DIAGNOSTIC,    17, -7.913858897669e-01, 3.494834401565e-03, 0.0000e+00, 0.0000e+00, 
 2DIAGNOSTIC,    18, -7.989453317113e-01, 2.823379566696e-03, 0.0000e+00, 0.0000e+00, 
 2DIAGNOSTIC,    19, -7.994945897587e-01, 2.215531274498e-03, 0.0000e+00, 0.0000e+00, 
 2DIAGNOSTIC,    20, -8.004611364137e-01, 1.768313943108e-03, 0.0000e+00, 0.0000e+00, 
 2DIAGNOSTIC,    21, -8.015729643112e-01, 1.539063130500e-03, 0.0000e+00, 0.0000e+00, 
 2DIAGNOSTIC,    22, -8.027716517588e-01, 1.324106970073e-03, 0.0000e+00, 0.0000e+00, 
 2DIAGNOSTIC,    23, -8.030469048923e-01, 1.057834556683e-03, 0.0000e+00, 0.0000e+00, 
 2DIAGNOSTIC,    24, -8.031571675897e-01, 7.785540074893e-04, 0.0000e+00, 0.0000e+00, 
 2DIAGNOSTIC,    25, -8.032743291680e-01, 5.279643248664e-04, 0.0000e+00, 0.0000e+00, 
 2DIAGNOSTIC,    26, -8.055399785099e-01, 3.325559199596e-04, 0.0000e+00, 0.0000e+00, 
 2DIAGNOSTIC,    27, -8.090314802015e-01, 2.639828708972e-04, 0.0000e+00, 0.0000e+00, 
 2DIAGNOSTIC,    28, -8.146995404430e-01, 3.592362222555e-04, 0.0000e+00, 0.0000e+00, 
 2DIAGNOSTIC,    29, -8.257564934443e-01, 5.674121973792e-04, 0.0000e+00, 0.0000e+00, 
 2DIAGNOSTIC,    30, -8.272145128383e-01, 7.350998111599e-04, 0.0000e+00, 0.0000e+00, 
 2DIAGNOSTIC,    31, -8.284752803538e-01, 8.521445403756e-04, 0.0000e+00, 0.0000e+00, 
 2DIAGNOSTIC,    32, -8.303054478731e-01, 9.176946356984e-04, 0.0000e+00, 0.0000e+00, 
 2DIAGNOSTIC,    33, -8.321160782106e-01, 9.147610423935e-04, 0.0000e+00, 0.0000e+00, 
 2DIAGNOSTIC,    34, -8.327691246542e-01, 8.325085834332e-04, 0.0000e+00, 0.0000e+00, 
 2DIAGNOSTIC,    35, -8.334334208562e-01, 6.855182148819e-04, 0.0000e+00, 0.0000e+00, 
 2DIAGNOSTIC,    36, -8.360188545536e-01, 5.349626445358e-04, 0.0000e+00, 0.0000e+00, 
 2DIAGNOSTIC,    37, -8.388421839634e-01, 4.059734431593e-04, 0.0000e+00, 0.0000e+00, 
 2DIAGNOSTIC,    38, -8.394633206964e-01, 3.046782691426e-04, 0.0000e+00, 0.0000e+00, 
 2DIAGNOSTIC,    39, -8.397138619317e-01, 2.892607689670e-04, 0.0000e+00, 0.0000e+00, 
 2DIAGNOSTIC,    40, -8.399376585344e-01, 2.633296380131e-04, 0.0000e+00, 0.0000e+00, 
 2DIAGNOSTIC,    41, -8.402399138342e-01, 2.273758233535e-04, 0.0000e+00, 0.0000e+00, 
 2DIAGNOSTIC,    42, -8.403255662482e-01, 1.878426656212e-04, 0.0000e+00, 0.0000e+00, 
 2DIAGNOSTIC,    43, -8.410343383528e-01, 1.543484498587e-04, 0.0000e+00, 0.0000e+00, 
 2DIAGNOSTIC,    44, -8.413525889694e-01, 1.163504054792e-04, 0.0000e+00, 0.0000e+00, 
 2DIAGNOSTIC,    45, -8.417535124616e-01, 7.762169146372e-05, 0.0000e+00, 0.0000e+00, 
 2DIAGNOSTIC,    46, -8.419324920692e-01, 5.496225882836e-05, 0.0000e+00, 0.0000e+00, 
 2DIAGNOSTIC,    47, -8.421468442729e-01, 5.185373552793e-05, 0.0000e+00, 0.0000e+00, 
 2DIAGNOSTIC,    48, -8.421842186110e-01, 4.895487582555e-05, 0.0000e+00, 0.0000e+00, 
 2DIAGNOSTIC,    49, -8.422139616656e-01, 4.361786063785e-05, 0.0000e+00, 0.0000e+00, 
 2DIAGNOSTIC,    50, -8.422295724447e-01, 3.614481434126e-05, 0.0000e+00, 0.0000e+00, 
 2DIAGNOSTIC,    51, -8.422326770792e-01, 2.782684592760e-05, 0.0000e+00, 0.0000e+00, 
 2DIAGNOSTIC,    52, -8.422409748990e-01, 1.781532771704e-05, 0.0000e+00, 0.0000e+00, 
 2DIAGNOSTIC,    53, -8.421828077231e-01, 1.101666281486e-05, 0.0000e+00, 0.0000e+00, 
 2DIAGNOSTIC,    54, -8.416175425750e-01, 1.799952539450e-06, 0.0000e+00, 0.0000e+00, 
DIAGNOSTIC,Iteration,metricValue,convergenceValue,ITERATION_TIME_INDEX,SINCE_LAST
 2DIAGNOSTIC,     1, -6.891239932361e-01, 1.797693134862e+308, 0.0000e+00, 0.0000e+00, 
 2DIAGNOSTIC,     2, -6.898448740364e-01, 1.797693134862e+308, 0.0000e+00, 0.0000e+00, 
 2DIAGNOSTIC,     3, -6.904488982425e-01, 1.797693134862e+308, 0.0000e+00, 0.0000e+00, 
 2DIAGNOSTIC,     4, -6.909083053771e-01, 1.797693134862e+308, 0.0000e+00, 0.0000e+00, 
 2DIAGNOSTIC,     5, -6.916953957854e-01, 1.797693134862e+308, 0.0000e+00, 0.0000e+00, 
 2DIAGNOSTIC,     6, -6.923180622208e-01, 1.797693134862e+308, 0.0000e+00, 0.0000e+00, 
 2DIAGNOSTIC,     7, -6.923046153585e-01, 1.797693134862e+308, 0.0000e+00, 0.0000e+00, 
 2DIAGNOSTIC,     8, -6.923921072436e-01, 1.797693134862e+308, 0.0000e+00, 0.0000e+00, 
 2DIAGNOSTIC,     9, -6.924927390585e-01, 1.797693134862e+308, 0.0000e+00, 0.0000e+00, 
 2DIAGNOSTIC,    10, -6.927744240670e-01, 3.353870092251e-04, 0.0000e+00, 0.0000e+00, 
 2DIAGNOSTIC,    11, -6.931092230523e-01, 2.543482249955e-04, 0.0000e+00, 0.0000e+00, 
 2DIAGNOSTIC,    12, -6.936833577895e-01, 2.084217378260e-04, 0.0000e+00, 0.0000e+00, 
 2DIAGNOSTIC,    13, -6.936120666830e-01, 1.677373772921e-04, 0.0000e+00, 0.0000e+00, 
 2DIAGNOSTIC,    14, -6.935961146904e-01, 1.307592246344e-04, 0.0000e+00, 0.0000e+00, 
 2DIAGNOSTIC,    15, -6.935782199970e-01, 1.076653624265e-04, 0.0000e+00, 0.0000e+00, 
 2DIAGNOSTIC,    16, -6.935720339623e-01, 9.343467731551e-05, 0.0000e+00, 0.0000e+00, 
 2DIAGNOSTIC,    17, -6.935418306442e-01, 7.122295378281e-05, 0.0000e+00, 0.0000e+00, 
 2DIAGNOSTIC,    18, -6.935427401642e-01, 4.721894074183e-05, 0.0000e+00, 0.0000e+00, 
 2DIAGNOSTIC,    19, -6.935555999899e-01, 2.410208351170e-05, 0.0000e+00, 0.0000e+00, 
 2DIAGNOSTIC,    20, -6.935437879913e-01, 6.665052488988e-06, 0.0000e+00, 0.0000e+00, 
DIAGNOSTIC,Iteration,metricValue,convergenceValue,ITERATION_TIME_INDEX,SINCE_LAST
 2DIAGNOSTIC,     1, -5.886325009568e-01, 1.797693134862e+308, 0.0000e+00, 0.0000e+00, 
 2DIAGNOSTIC,     2, -5.892710034469e-01, 1.797693134862e+308, 0.0000e+00, 0.0000e+00, 
 2DIAGNOSTIC,     3, -5.899939473574e-01, 1.797693134862e+308, 0.0000e+00, 0.0000e+00, 
 2DIAGNOSTIC,     4, -5.908187788427e-01, 1.797693134862e+308, 0.0000e+00, 0.0000e+00, 
 2DIAGNOSTIC,     5, -5.918433067429e-01, 1.797693134862e+308, 0.0000e+00, 0.0000e+00, 
 2DIAGNOSTIC,     6, -5.938052821274e-01, 1.797693134862e+308, 0.0000e+00, 0.0000e+00, 
 2DIAGNOSTIC,     7, -5.938321644057e-01, 1.797693134862e+308, 0.0000e+00, 0.0000e+00, 
 2DIAGNOSTIC,     8, -5.938243423965e-01, 1.797693134862e+308, 0.0000e+00, 0.0000e+00, 
 2DIAGNOSTIC,     9, -5.938219427174e-01, 1.797693134862e+308, 0.0000e+00, 0.0000e+00, 
 2DIAGNOSTIC,    10, -5.938151640708e-01, 6.550853171003e-04, 0.0000e+00, 0.0000e+00, 
 2DIAGNOSTIC,    11, -5.938127070769e-01, 4.792535122229e-04, 0.0000e+00, 0.0000e+00, 
 2DIAGNOSTIC,    12, -5.938106806162e-01, 3.154736299558e-04, 0.0000e+00, 0.0000e+00, 
 2DIAGNOSTIC,    13, -5.938084800018e-01, 1.760713713243e-04, 0.0000e+00, 0.0000e+00, 
 2DIAGNOSTIC,    14, -5.938079087446e-01, 6.892290598406e-05, 0.0000e+00, 0.0000e+00, 
