
##########################
# Experiment information #
##########################

EXPERIMENT_NAME: antsRegistration-r8-p20
VFC_BACKENDS: libinterflop_vprec.so --range-binary32=8 --precision-binary32=20 --range-binary64=8 --precision-binary64=20

SIF_IMG: /home/mdugre/projects/rrg-glatard/mdugre/containers/ants-vprec-no_metrics.simg

SUBJECT_ID: s020
INPUT_IMG: /home/mdugre/scratch/mri-registration-rp/datasets/ds004513/derivatives/mri-registration-rp/antsBrainExtraction/sub-s020/BrainExtractionBrain.nii.gz
OUTPUT_DIR: /home/mdugre/scratch/mri-registration-rp/datasets/ds004513/derivatives/mri-registration-rp/0011/antsRegistration-r8-p20/sub-s020

FIXED_IMG: /templateflow/tpl-MNI152NLin2009cAsym/tpl-MNI152NLin2009cAsym_res-01_desc-brain_T1w.nii.gz
DATA_DIR: /home/mdugre/scratch/mri-registration-rp/datasets/ds004513
TEMPLATEFLOW_DIR: /home/mdugre/projects/rrg-glatard/mdugre/templateflow
ITK_GLOBAL_DEFAULT_NUMBER_OF_THREADS: 16
##########################

Info [verificarlo]: loaded backend libinterflop_ieee.so
Info [interflop-ieee]: load backend with:
Info [interflop-ieee]: debug = false
Info [interflop-ieee]: debug-binary = false
Info [interflop-ieee]: no-backend-name = false
Info [interflop-ieee]: print-new-line = false
Info [interflop-ieee]: print-subnormal-normalized = false
Info [interflop-ieee]: count-op = false
All_Command_lines_OK
Using double precision for computations.
=============================================================================
The composite transform comprises the following transforms (in order): 
  1. Center of mass alignment using fixed image: /templateflow/tpl-MNI152NLin2009cAsym/tpl-MNI152NLin2009cAsym_res-01_desc-brain_T1w.nii.gz and moving image: /home/mdugre/scratch/mri-registration-rp/datasets/ds004513/derivatives/mri-registration-rp/antsBrainExtraction/sub-s020/BrainExtractionBrain.nii.gz (type = Euler3DTransform)
=============================================================================
  number of levels = 1
  fixed image: /templateflow/tpl-MNI152NLin2009cAsym/tpl-MNI152NLin2009cAsym_res-01_desc-brain_T1w.nii.gz
  moving image: /home/mdugre/scratch/mri-registration-rp/datasets/ds004513/derivatives/mri-registration-rp/antsBrainExtraction/sub-s020/BrainExtractionBrain.nii.gz
Dimension = 3
Number of stages = 1
Use histogram matching = false
Winsorize image intensities = true
  Lower quantile = 0.005
  Upper quantile = 0.995


Stage 1 State
   Image metric = MattesMI
     Fixed image = Image (0x4f3be70)
  RTTI typeinfo:   itk::Image<double, 3u>
  Reference Count: 2
  Modified Time: 2334
  Debug: Off
  Object Name: 
  Observers: 
    none
  Source: (none)
  Source output name: (none)
  Release Data: Off
  Data Released: False
  Global Release Data: Off
  PipelineMTime: 0
  UpdateMTime: 1943
  RealTimeStamp: 0 seconds 
  LargestPossibleRegion: 
    Dimension: 3
    Index: [0, 0, 0]
    Size: [193, 229, 193]
  BufferedRegion: 
    Dimension: 3
    Index: [0, 0, 0]
    Size: [193, 229, 193]
  RequestedRegion: 
    Dimension: 3
    Index: [0, 0, 0]
    Size: [193, 229, 193]
  Spacing: [1, 1, 1]
  Origin: [96, 132, -78]
  Direction: 
-1 0 0
0 -1 0
0 0 1

  IndexToPointMatrix: 
-1 0 0
0 -1 0
0 0 1

  PointToIndexMatrix: 
-1 0 0
0 -1 0
0 0 1

  Inverse Direction: 
-1 0 0
0 -1 0
0 0 1

  PixelContainer: 
    ImportImageContainer (0x4f44c60)
      RTTI typeinfo:   itk::ImportImageContainer<unsigned long, double>
      Reference Count: 1
      Modified Time: 1940
      Debug: Off
      Object Name: 
      Observers: 
        none
      Pointer: 0x14a69e670010
      Container manages memory: true
      Size: 8530021
      Capacity: 8530021

     Moving image = Image (0x4f47610)
  RTTI typeinfo:   itk::Image<double, 3u>
  Reference Count: 2
  Modified Time: 2335
  Debug: Off
  Object Name: 
  Observers: 
    none
  Source: (none)
  Source output name: (none)
  Release Data: Off
  Data Released: False
  Global Release Data: Off
  PipelineMTime: 0
  UpdateMTime: 2332
  RealTimeStamp: 0 seconds 
  LargestPossibleRegion: 
    Dimension: 3
    Index: [0, 0, 0]
    Size: [160, 240, 256]
  BufferedRegion: 
    Dimension: 3
    Index: [0, 0, 0]
    Size: [160, 240, 256]
  RequestedRegion: 
    Dimension: 3
    Index: [0, 0, 0]
    Size: [160, 240, 256]
  Spacing: [0.999995, 1, 1]
  Origin: [87.0906, 98.7205, -152.377]
  Direction: 
-0.996975 0.0261379 -0.0731913
-0.0260677 -0.999658 -0.00191374
-0.0732163 -2.46403e-08 0.997316

  IndexToPointMatrix: 
-0.996971 0.0261379 -0.0731913
-0.0260676 -0.999658 -0.00191374
-0.0732159 -2.46403e-08 0.997316

  PointToIndexMatrix: 
-0.99698 -0.0260679 -0.0732166
0.0261379 -0.999658 -2.46993e-08
-0.0731913 -0.00191374 0.997316

  Inverse Direction: 
-0.996975 -0.0260677 -0.0732163
0.0261379 -0.999658 -2.46993e-08
-0.0731913 -0.00191374 0.997316

  PixelContainer: 
    ImportImageContainer (0x4fe0ef0)
      RTTI typeinfo:   itk::ImportImageContainer<unsigned long, double>
      Reference Count: 1
      Modified Time: 2329
      Debug: Off
      Object Name: 
      Observers: 
        none
      Pointer: 0x14a699b6f010
      Container manages memory: true
      Size: 9830400
      Capacity: 9830400

     Weighting = 1
     Sampling strategy = regular
     Number of bins = 32
     Radius = 4
     Sampling percentage  = 0.25
   Transform = Rigid
     Gradient step = 0.1
     Update field sigma (voxel space) = 0
     Total field sigma (voxel space) = 0
     Update field time sigma = 0
     Total field time sigma  = 0
     Number of time indices = 0
     Number of time point samples = 0
Registration using 1 total stages.

Stage 0
  iterations = 0
  convergence threshold = 1e-06
  convergence window size = 10
  number of levels = 1
  using the Mattes MI metric (number of bins = 32, weight = 1, use gradient filter = 0)
  preprocessing:  winsorizing the image intensities
  Shrink factors (level 1 out of 1): [1, 1, 1]
  smoothing sigmas per level: [0]
  regular sampling (percentage = 0.25)

*** Running Euler3DTransform registration ***

  Elapsed time (stage 0): 1.10969


Total elapsed time: 1.1121
Info [verificarlo]: loaded backend libinterflop_ieee.so
Info [interflop-ieee]: load backend with:
Info [interflop-ieee]: debug = false
Info [interflop-ieee]: debug-binary = false
Info [interflop-ieee]: no-backend-name = false
Info [interflop-ieee]: print-new-line = false
Info [interflop-ieee]: print-subnormal-normalized = false
Info [interflop-ieee]: count-op = false
All_Command_lines_OK
Using double precision for computations.
=============================================================================
The composite transform comprises the following transforms (in order): 
  1. /home/mdugre/scratch/mri-registration-rp/datasets/ds004513/derivatives/mri-registration-rp/0011/antsRegistration-r8-p20/sub-s020/align_Composite.h5[0] (type = Euler3DTransform)
  2. /home/mdugre/scratch/mri-registration-rp/datasets/ds004513/derivatives/mri-registration-rp/0011/antsRegistration-r8-p20/sub-s020/align_Composite.h5[1] (type = Euler3DTransform)
=============================================================================
  number of levels = 4
  fixed image: /templateflow/tpl-MNI152NLin2009cAsym/tpl-MNI152NLin2009cAsym_res-01_desc-brain_T1w.nii.gz
  moving image: /home/mdugre/scratch/mri-registration-rp/datasets/ds004513/derivatives/mri-registration-rp/antsBrainExtraction/sub-s020/BrainExtractionBrain.nii.gz
Dimension = 3
Number of stages = 1
Use histogram matching = false
Winsorize image intensities = true
  Lower quantile = 0.005
  Upper quantile = 0.995


Stage 1 State
   Image metric = MattesMI
     Fixed image = Image (0x3e12530)
  RTTI typeinfo:   itk::Image<double, 3u>
  Reference Count: 2
  Modified Time: 1580
  Debug: Off
  Object Name: 
  Observers: 
    none
  Source: (none)
  Source output name: (none)
  Release Data: Off
  Data Released: False
  Global Release Data: Off
  PipelineMTime: 0
  UpdateMTime: 1189
  RealTimeStamp: 0 seconds 
  LargestPossibleRegion: 
    Dimension: 3
    Index: [0, 0, 0]
    Size: [193, 229, 193]
  BufferedRegion: 
    Dimension: 3
    Index: [0, 0, 0]
    Size: [193, 229, 193]
  RequestedRegion: 
    Dimension: 3
    Index: [0, 0, 0]
    Size: [193, 229, 193]
  Spacing: [1, 1, 1]
  Origin: [96, 132, -78]
  Direction: 
-1 0 0
0 -1 0
0 0 1

  IndexToPointMatrix: 
-1 0 0
0 -1 0
0 0 1

  PointToIndexMatrix: 
-1 0 0
0 -1 0
0 0 1

  Inverse Direction: 
-1 0 0
0 -1 0
0 0 1

  PixelContainer: 
    ImportImageContainer (0x3ed0d60)
      RTTI typeinfo:   itk::ImportImageContainer<unsigned long, double>
      Reference Count: 1
      Modified Time: 1186
      Debug: Off
      Object Name: 
      Observers: 
        none
      Pointer: 0x14cd37fa3010
      Container manages memory: true
      Size: 8530021
      Capacity: 8530021

     Moving image = Image (0x3ec2f60)
  RTTI typeinfo:   itk::Image<double, 3u>
  Reference Count: 2
  Modified Time: 1581
  Debug: Off
  Object Name: 
  Observers: 
    none
  Source: (none)
  Source output name: (none)
  Release Data: Off
  Data Released: False
  Global Release Data: Off
  PipelineMTime: 0
  UpdateMTime: 1578
  RealTimeStamp: 0 seconds 
  LargestPossibleRegion: 
    Dimension: 3
    Index: [0, 0, 0]
    Size: [160, 240, 256]
  BufferedRegion: 
    Dimension: 3
    Index: [0, 0, 0]
    Size: [160, 240, 256]
  RequestedRegion: 
    Dimension: 3
    Index: [0, 0, 0]
    Size: [160, 240, 256]
  Spacing: [0.999995, 1, 1]
  Origin: [87.0906, 98.7205, -152.377]
  Direction: 
-0.996975 0.0261379 -0.0731913
-0.0260677 -0.999658 -0.00191374
-0.0732163 -2.46403e-08 0.997316

  IndexToPointMatrix: 
-0.996971 0.0261379 -0.0731913
-0.0260676 -0.999658 -0.00191374
-0.0732159 -2.46403e-08 0.997316

  PointToIndexMatrix: 
-0.99698 -0.0260679 -0.0732166
0.0261379 -0.999658 -2.46993e-08
-0.0731913 -0.00191374 0.997316

  Inverse Direction: 
-0.996975 -0.0260677 -0.0732163
0.0261379 -0.999658 -2.46993e-08
-0.0731913 -0.00191374 0.997316

  PixelContainer: 
    ImportImageContainer (0x3eb46d0)
      RTTI typeinfo:   itk::ImportImageContainer<unsigned long, double>
      Reference Count: 1
      Modified Time: 1575
      Debug: Off
      Object Name: 
      Observers: 
        none
      Pointer: 0x14cd334a2010
      Container manages memory: true
      Size: 9830400
      Capacity: 9830400

     Weighting = 1
     Sampling strategy = regular
     Number of bins = 32
     Radius = 4
     Sampling percentage  = 0.25
   Transform = Rigid
     Gradient step = 0.1
     Update field sigma (voxel space) = 0
     Total field sigma (voxel space) = 0
     Update field time sigma = 0
     Total field time sigma  = 0
     Number of time indices = 0
     Number of time point samples = 0
Registration using 1 total stages.

Stage 0
  iterations = 1000x500x250x100
  convergence threshold = 1e-06
  convergence window size = 10
  number of levels = 4
  using the Mattes MI metric (number of bins = 32, weight = 1, use gradient filter = 0)
  preprocessing:  winsorizing the image intensities
  Shrink factors (level 1 out of 4): [8, 8, 8]
  Shrink factors (level 2 out of 4): [4, 4, 4]
  Shrink factors (level 3 out of 4): [2, 2, 2]
  Shrink factors (level 4 out of 4): [1, 1, 1]
  smoothing sigmas per level: [3, 2, 1, 0]
  regular sampling (percentage = 0.25)

*** Running Euler3DTransform registration ***

DIAGNOSTIC,Iteration,metricValue,convergenceValue,ITERATION_TIME_INDEX,SINCE_LAST
 2DIAGNOSTIC,     1, -3.791273390751e-01, 1.797693134862e+308, 7.0695e-01, 7.0695e-01, 
 2DIAGNOSTIC,     2, -3.803606001643e-01, 1.797693134862e+308, 7.1157e-01, 4.6251e-03, 
 2DIAGNOSTIC,     3, -3.828962034719e-01, 1.797693134862e+308, 7.1631e-01, 4.7410e-03, 
 2DIAGNOSTIC,     4, -3.876122532015e-01, 1.797693134862e+308, 7.2053e-01, 4.2160e-03, 
 2DIAGNOSTIC,     5, -3.904935334081e-01, 1.797693134862e+308, 7.2529e-01, 4.7619e-03, 
 2DIAGNOSTIC,     6, -3.911039700181e-01, 1.797693134862e+308, 7.2943e-01, 4.1442e-03, 
 2DIAGNOSTIC,     7, -3.914905453856e-01, 1.797693134862e+308, 7.3363e-01, 4.1990e-03, 
 2DIAGNOSTIC,     8, -3.925629083064e-01, 1.797693134862e+308, 7.3809e-01, 4.4601e-03, 
 2DIAGNOSTIC,     9, -3.981570789235e-01, 1.797693134862e+308, 7.4249e-01, 4.3919e-03, 
 2DIAGNOSTIC,    10, -4.079218556696e-01, 3.866687266231e-03, 7.4839e-01, 5.8999e-03, 
 2DIAGNOSTIC,    11, -4.246779602407e-01, 4.904320352958e-03, 7.5364e-01, 5.2590e-03, 
 2DIAGNOSTIC,    12, -4.297045200929e-01, 5.673254149498e-03, 7.5823e-01, 4.5812e-03, 
 2DIAGNOSTIC,    13, -4.335692915521e-01, 6.156954111713e-03, 7.6345e-01, 5.2190e-03, 
 2DIAGNOSTIC,    14, -4.439932007367e-01, 6.764094567463e-03, 7.6806e-01, 4.6160e-03, 
 2DIAGNOSTIC,    15, -4.466217674966e-01, 6.904768053083e-03, 7.7341e-01, 5.3530e-03, 
 2DIAGNOSTIC,    16, -4.513528166460e-01, 6.619270362919e-03, 7.7794e-01, 4.5280e-03, 
 2DIAGNOSTIC,    17, -4.528510991669e-01, 5.844785603746e-03, 7.8298e-01, 5.0349e-03, 
 2DIAGNOSTIC,    18, -4.555717392092e-01, 4.777374774306e-03, 7.9000e-01, 7.0210e-03, 
 2DIAGNOSTIC,    19, -4.559551093808e-01, 3.601534506672e-03, 7.9462e-01, 4.6179e-03, 
 2DIAGNOSTIC,    20, -4.573567027036e-01, 2.586718369905e-03, 8.0159e-01, 6.9768e-03, 
 2DIAGNOSTIC,    21, -4.575251031459e-01, 1.982982905190e-03, 8.0617e-01, 4.5779e-03, 
 2DIAGNOSTIC,    22, -4.577284855750e-01, 1.415653544323e-03, 8.1121e-01, 5.0380e-03, 
 2DIAGNOSTIC,    23, -4.579446047831e-01, 8.825931693357e-04, 8.1576e-01, 4.5559e-03, 
 2DIAGNOSTIC,    24, -4.580221479554e-01, 6.077406661966e-04, 8.2041e-01, 4.6470e-03, 
 2DIAGNOSTIC,    25, -4.581755109841e-01, 3.715333706245e-04, 8.2496e-01, 4.5469e-03, 
 2DIAGNOSTIC,    26, -4.586245073637e-01, 2.523960348354e-04, 8.2953e-01, 4.5679e-03, 
 2DIAGNOSTIC,    27, -4.589282461960e-01, 1.618239474850e-04, 8.3637e-01, 6.8400e-03, 
 2DIAGNOSTIC,    28, -4.591707548523e-01, 1.332021647010e-04, 8.4086e-01, 4.4940e-03, 
 2DIAGNOSTIC,    29, -4.592798222254e-01, 1.047028150817e-04, 8.4538e-01, 4.5240e-03, 
 2DIAGNOSTIC,    30, -4.596800834018e-01, 1.080661162406e-04, 8.5234e-01, 6.9518e-03, 
 2DIAGNOSTIC,    31, -4.599396519032e-01, 1.098036237520e-04, 8.5679e-01, 4.4558e-03, 
 2DIAGNOSTIC,    32, -4.599345650044e-01, 1.049797647316e-04, 8.6134e-01, 4.5500e-03, 
 2DIAGNOSTIC,    33, -4.600731739369e-01, 9.788742670164e-05, 8.6579e-01, 4.4460e-03, 
 2DIAGNOSTIC,    34, -4.601769676563e-01, 8.558022627154e-05, 8.7073e-01, 4.9419e-03, 
 2DIAGNOSTIC,    35, -4.602314807875e-01, 6.959306184327e-05, 8.7680e-01, 6.0740e-03, 
 2DIAGNOSTIC,    36, -4.602525190237e-01, 5.639261233500e-05, 8.8135e-01, 4.5428e-03, 
 2DIAGNOSTIC,    37, -4.604049036404e-01, 4.671703704124e-05, 8.8576e-01, 4.4129e-03, 
 2DIAGNOSTIC,    38, -4.610425947709e-01, 4.827042803677e-05, 8.9085e-01, 5.0859e-03, 
 2DIAGNOSTIC,    39, -4.612213732579e-01, 4.956969010490e-05, 8.9527e-01, 4.4241e-03, 
 2DIAGNOSTIC,    40, -4.612057153478e-01, 5.236649501419e-05, 9.0098e-01, 5.7130e-03, 
 2DIAGNOSTIC,    41, -4.615204907490e-01, 5.941654907450e-05, 9.0553e-01, 4.5440e-03, 
 2DIAGNOSTIC,    42, -4.616690421491e-01, 6.253021502792e-05, 9.1065e-01, 5.1210e-03, 
 2DIAGNOSTIC,    43, -4.620015485347e-01, 6.645271515164e-05, 9.1605e-01, 5.3999e-03, 
 2DIAGNOSTIC,    44, -4.631452159786e-01, 8.209705413156e-05, 9.2191e-01, 5.8620e-03, 
 2DIAGNOSTIC,    45, -4.648629777494e-01, 1.143671787526e-04, 9.2655e-01, 4.6380e-03, 
 2DIAGNOSTIC,    46, -4.649723317631e-01, 1.357111500752e-04, 9.3108e-01, 4.5362e-03, 
 2DIAGNOSTIC,    47, -4.651903900129e-01, 1.484587712970e-04, 9.3578e-01, 4.6980e-03, 
 2DIAGNOSTIC,    48, -4.675124024393e-01, 1.862392253864e-04, 9.4213e-01, 6.3469e-03, 
 2DIAGNOSTIC,    49, -4.681559132925e-01, 2.143103229292e-04, 9.4687e-01, 4.7388e-03, 
 2DIAGNOSTIC,    50, -4.683503587249e-01, 2.227431343759e-04, 9.5226e-01, 5.3918e-03, 
 2DIAGNOSTIC,    51, -4.687592724910e-01, 2.192459166055e-04, 9.5743e-01, 5.1680e-03, 
 2DIAGNOSTIC,    52, -4.690779388890e-01, 2.009338707789e-04, 9.6200e-01, 4.5719e-03, 
 2DIAGNOSTIC,    53, -4.702336818057e-01, 1.814162119516e-04, 9.6716e-01, 5.1630e-03, 
 2DIAGNOSTIC,    54, -4.711461806402e-01, 1.685660077371e-04, 9.7359e-01, 6.4261e-03, 
 2DIAGNOSTIC,    55, -4.716488588225e-01, 1.660768169313e-04, 9.7801e-01, 4.4219e-03, 
 2DIAGNOSTIC,    56, -4.725663654657e-01, 1.599046444479e-04, 9.8243e-01, 4.4210e-03, 
 2DIAGNOSTIC,    57, -4.733027992581e-01, 1.485016001218e-04, 9.8689e-01, 4.4551e-03, 
 2DIAGNOSTIC,    58, -4.750291397171e-01, 1.672315809580e-04, 9.9223e-01, 5.3430e-03, 
 2DIAGNOSTIC,    59, -4.799788362125e-01, 2.289064130014e-04, 9.9862e-01, 6.3951e-03, 
 2DIAGNOSTIC,    60, -4.822434963999e-01, 2.911860777508e-04, 1.0038e+00, 5.1310e-03, 
 2DIAGNOSTIC,    61, -4.838082655411e-01, 3.440278537069e-04, 1.0088e+00, 5.0540e-03, 
 2DIAGNOSTIC,    62, -4.844285418125e-01, 3.718556287002e-04, 1.0138e+00, 4.9698e-03, 
 2DIAGNOSTIC,    63, -4.848062807490e-01, 3.782106203895e-04, 1.0182e+00, 4.4689e-03, 
 2DIAGNOSTIC,    64, -4.850631230714e-01, 3.588760337336e-04, 1.0243e+00, 6.0601e-03, 
 2DIAGNOSTIC,    65, -4.855987468621e-01, 3.153253590264e-04, 1.0287e+00, 4.4041e-03, 
 2DIAGNOSTIC,    66, -4.857733518061e-01, 2.536575324763e-04, 1.0336e+00, 4.9291e-03, 
 2DIAGNOSTIC,    67, -4.859020140126e-01, 1.780379535874e-04, 1.0380e+00, 4.3921e-03, 
 2DIAGNOSTIC,    68, -4.860496367076e-01, 1.041558035312e-04, 1.0425e+00, 4.4379e-03, 
 2DIAGNOSTIC,    69, -4.867052146215e-01, 7.310035417069e-05, 1.0475e+00, 5.0380e-03, 
 2DIAGNOSTIC,    70, -4.880741299859e-01, 6.798796359024e-05, 1.0527e+00, 5.1968e-03, 
 2DIAGNOSTIC,    71, -4.890086319845e-01, 7.815594007094e-05, 1.0571e+00, 4.4420e-03, 
 2DIAGNOSTIC,    72, -4.894357386985e-01, 8.960487216724e-05, 1.0626e+00, 5.4801e-03, 
 2DIAGNOSTIC,    73, -4.899375048818e-01, 9.979574483548e-05, 1.0677e+00, 5.0640e-03, 
 2DIAGNOSTIC,    74, -4.904834072248e-01, 1.066917573119e-04, 1.0725e+00, 4.8180e-03, 
 2DIAGNOSTIC,    75, -4.932927294249e-01, 1.306377557558e-04, 1.0784e+00, 5.8491e-03, 
 2DIAGNOSTIC,    76, -4.957368383210e-01, 1.621217327722e-04, 1.0836e+00, 5.2459e-03, 
 2DIAGNOSTIC,    77, -4.959307430490e-01, 1.796188114994e-04, 1.0886e+00, 5.0240e-03, 
 2DIAGNOSTIC,    78, -4.962079428066e-01, 1.832871521067e-04, 1.0938e+00, 5.1651e-03, 
 2DIAGNOSTIC,    79, -4.964635955364e-01, 1.762980431099e-04, 1.0982e+00, 4.4310e-03, 
 2DIAGNOSTIC,    80, -4.968388972714e-01, 1.654647907205e-04, 1.1037e+00, 5.5130e-03, 
 2DIAGNOSTIC,    81, -4.970331918584e-01, 1.472098716511e-04, 1.1087e+00, 4.9870e-03, 
 2DIAGNOSTIC,    82, -4.971299513504e-01, 1.194240573444e-04, 1.1138e+00, 5.0600e-03, 
 2DIAGNOSTIC,    83, -4.975994727297e-01, 8.852361641517e-05, 1.1199e+00, 6.1522e-03, 
 2DIAGNOSTIC,    84, -4.976681827940e-01, 5.395475397849e-05, 1.1244e+00, 4.4580e-03, 
 2DIAGNOSTIC,    85, -4.976223961448e-01, 3.464997971294e-05, 1.1288e+00, 4.3919e-03, 
 2DIAGNOSTIC,    86, -4.976688517428e-01, 3.039969555719e-05, 1.1332e+00, 4.4141e-03, 
 2DIAGNOSTIC,    87, -4.977189036363e-01, 2.505558513814e-05, 1.1377e+00, 4.5011e-03, 
 2DIAGNOSTIC,    88, -4.978483686691e-01, 2.023107003146e-05, 1.1437e+00, 6.0041e-03, 
 2DIAGNOSTIC,    89, -4.977888386051e-01, 1.487663926939e-05, 1.1486e+00, 4.8978e-03, 
 2DIAGNOSTIC,    90, -4.978049106508e-01, 1.096981501373e-05, 1.1530e+00, 4.3969e-03, 
 2DIAGNOSTIC,    91, -4.978191494443e-01, 7.564296236579e-06, 1.1574e+00, 4.4351e-03, 
 2DIAGNOSTIC,    92, -4.978921308553e-01, 4.566343924602e-06, 1.1620e+00, 4.5202e-03, 
 2DIAGNOSTIC,    93, -4.980927685298e-01, 5.605814011248e-06, 1.1664e+00, 4.4219e-03, 
 2DIAGNOSTIC,    94, -4.988641166836e-01, 1.157067552104e-05, 1.1726e+00, 6.2242e-03, 
 2DIAGNOSTIC,    95, -4.989226658640e-01, 1.628853271542e-05, 1.1771e+00, 4.4630e-03, 
 2DIAGNOSTIC,    96, -4.992965681046e-01, 2.209408086476e-05, 1.1820e+00, 4.9381e-03, 
 2DIAGNOSTIC,    97, -4.996321143359e-01, 2.807097836313e-05, 1.1885e+00, 6.5269e-03, 
 2DIAGNOSTIC,    98, -4.996447017914e-01, 3.206589225866e-05, 1.1932e+00, 4.6611e-03, 
 2DIAGNOSTIC,    99, -4.997600407170e-01, 3.322842680110e-05, 1.1976e+00, 4.4341e-03, 
 2DIAGNOSTIC,   100, -4.998336910385e-01, 3.173481847401e-05, 1.2020e+00, 4.4081e-03, 
 2DIAGNOSTIC,   101, -4.998746496539e-01, 2.759477564935e-05, 1.2065e+00, 4.4420e-03, 
 2DIAGNOSTIC,   102, -4.999781455370e-01, 2.194910598145e-05, 1.2116e+00, 5.0831e-03, 
 2DIAGNOSTIC,   103, -5.000317074073e-01, 1.571862478931e-05, 1.2171e+00, 5.5251e-03, 
 2DIAGNOSTIC,   104, -5.000978221239e-01, 1.305324338788e-05, 1.2226e+00, 5.5151e-03, 
 2DIAGNOSTIC,   105, -5.002562053845e-01, 1.041804009031e-05, 1.2271e+00, 4.4630e-03, 
 2DIAGNOSTIC,   106, -5.003296433678e-01, 9.350019715399e-06, 1.2315e+00, 4.4689e-03, 
 2DIAGNOSTIC,   107, -5.004027770540e-01, 9.749246240079e-06, 1.2360e+00, 4.4658e-03, 
 2DIAGNOSTIC,   108, -5.013603876001e-01, 1.465654783249e-05, 1.2457e+00, 9.7330e-03, 
 2DIAGNOSTIC,   109, -5.013671729634e-01, 1.860593298454e-05, 1.2501e+00, 4.3731e-03, 
 2DIAGNOSTIC,   110, -5.013994955076e-01, 2.134582557122e-05, 1.2545e+00, 4.3809e-03, 
 2DIAGNOSTIC,   111, -5.015260300600e-01, 2.296931693910e-05, 1.2590e+00, 4.4949e-03, 
 2DIAGNOSTIC,   112, -5.015874949450e-01, 2.322146628450e-05, 1.2633e+00, 4.3349e-03, 
 2DIAGNOSTIC,   113, -5.018010039575e-01, 2.259526860660e-05, 1.2676e+00, 4.3111e-03, 
 2DIAGNOSTIC,   114, -5.018585418815e-01, 2.042400985625e-05, 1.2721e+00, 4.4498e-03, 
 2DIAGNOSTIC,   115, -5.020190711934e-01, 1.809501752406e-05, 1.2764e+00, 4.2942e-03, 
 2DIAGNOSTIC,   116, -5.023371858290e-01, 1.615262670309e-05, 1.2807e+00, 4.3359e-03, 
 2DIAGNOSTIC,   117, -5.025805745570e-01, 1.415566634446e-05, 1.2866e+00, 5.9278e-03, 
 2DIAGNOSTIC,   118, -5.027784209558e-01, 1.673445940303e-05, 1.2915e+00, 4.8449e-03, 
 2DIAGNOSTIC,   119, -5.027908557593e-01, 1.777838196563e-05, 1.2963e+00, 4.8480e-03, 
 2DIAGNOSTIC,   120, -5.029562455144e-01, 1.811099223706e-05, 1.3096e+00, 1.3233e-02, 
 2DIAGNOSTIC,   121, -5.028343376365e-01, 1.669994758243e-05, 1.3150e+00, 5.4312e-03, 
 2DIAGNOSTIC,   122, -5.028509494707e-01, 1.409016702209e-05, 1.3195e+00, 4.5300e-03, 
 2DIAGNOSTIC,   123, -5.028767211106e-01, 1.136360367988e-05, 1.3243e+00, 4.7641e-03, 
 2DIAGNOSTIC,   124, -5.028828381636e-01, 7.912126457801e-06, 1.3285e+00, 4.2429e-03, 
 2DIAGNOSTIC,   125, -5.029193891503e-01, 4.700468471707e-06, 1.3358e+00, 7.2660e-03, 
 2DIAGNOSTIC,   126, -5.029200259198e-01, 2.613043122183e-06, 1.3412e+00, 5.3651e-03, 
 2DIAGNOSTIC,   127, -5.029201869821e-01, 1.471813640467e-06, 1.3459e+00, 4.7641e-03, 
 2DIAGNOSTIC,   128, -5.029203387262e-01, 1.157818490567e-06, 1.3501e+00, 4.1909e-03, 
DIAGNOSTIC,Iteration,metricValue,convergenceValue,ITERATION_TIME_INDEX,SINCE_LAST
 2DIAGNOSTIC,     1, -4.055113025111e-01, 1.797693134862e+308, 2.0588e+00, 7.0872e-01, 
 2DIAGNOSTIC,     2, -4.059864190740e-01, 1.797693134862e+308, 2.0878e+00, 2.8945e-02, 
 2DIAGNOSTIC,     3, -4.066652732315e-01, 1.797693134862e+308, 2.1205e+00, 3.2727e-02, 
 2DIAGNOSTIC,     4, -4.070789988058e-01, 1.797693134862e+308, 2.1488e+00, 2.8337e-02, 
 2DIAGNOSTIC,     5, -4.072588934301e-01, 1.797693134862e+308, 2.1773e+00, 2.8422e-02, 
 2DIAGNOSTIC,     6, -4.078091776535e-01, 1.797693134862e+308, 2.2098e+00, 3.2525e-02, 
 2DIAGNOSTIC,     7, -4.089922973502e-01, 1.797693134862e+308, 2.2379e+00, 2.8134e-02, 
 2DIAGNOSTIC,     8, -4.100231358494e-01, 1.797693134862e+308, 2.2744e+00, 3.6477e-02, 
 2DIAGNOSTIC,     9, -4.109332656641e-01, 1.797693134862e+308, 2.3178e+00, 4.3401e-02, 
 2DIAGNOSTIC,    10, -4.113742663577e-01, 9.450331912155e-04, 2.3454e+00, 2.7643e-02, 
 2DIAGNOSTIC,    11, -4.125177695692e-01, 9.411990321554e-04, 2.3744e+00, 2.8905e-02, 
 2DIAGNOSTIC,    12, -4.136427930652e-01, 9.435166673128e-04, 2.4046e+00, 3.0297e-02, 
 2DIAGNOSTIC,    13, -4.140631735621e-01, 9.172473393720e-04, 2.4327e+00, 2.8058e-02, 
 2DIAGNOSTIC,    14, -4.142324847375e-01, 8.416082414006e-04, 2.4642e+00, 3.1503e-02, 
 2DIAGNOSTIC,    15, -4.143197631778e-01, 7.127891581301e-04, 2.4924e+00, 2.8217e-02, 
 2DIAGNOSTIC,    16, -4.145432143143e-01, 5.674818404151e-04, 2.5214e+00, 2.8925e-02, 
 2DIAGNOSTIC,    17, -4.152712953046e-01, 4.636032867419e-04, 2.5544e+00, 3.3005e-02, 
 2DIAGNOSTIC,    18, -4.156045890793e-01, 3.799867118163e-04, 2.5829e+00, 2.8520e-02, 
 2DIAGNOSTIC,    19, -4.182135942808e-01, 3.987853078399e-04, 2.6152e+00, 3.2294e-02, 
 2DIAGNOSTIC,    20, -4.188888998577e-01, 4.147534658268e-04, 2.6430e+00, 2.7825e-02, 
 2DIAGNOSTIC,    21, -4.197745176879e-01, 4.568776267273e-04, 2.6800e+00, 3.6966e-02, 
 2DIAGNOSTIC,    22, -4.199975704873e-01, 4.949177915748e-04, 2.7404e+00, 6.0420e-02, 
 2DIAGNOSTIC,    23, -4.200004826561e-01, 4.960424067453e-04, 2.7684e+00, 2.7999e-02, 
 2DIAGNOSTIC,    24, -4.200134456256e-01, 4.554283218604e-04, 2.8033e+00, 3.4948e-02, 
 2DIAGNOSTIC,    25, -4.200202845591e-01, 3.777246178480e-04, 2.8379e+00, 3.4525e-02, 
 2DIAGNOSTIC,    26, -4.200193005632e-01, 2.767842704785e-04, 2.8698e+00, 3.1940e-02, 
 2DIAGNOSTIC,    27, -4.200165801552e-01, 1.766106923517e-04, 2.8972e+00, 2.7425e-02, 
 2DIAGNOSTIC,    28, -4.200144446539e-01, 7.397868522497e-05, 2.9282e+00, 3.1004e-02, 
 2DIAGNOSTIC,    29, -4.200045907304e-01, 3.301709742884e-05, 2.9589e+00, 3.0673e-02, 
 2DIAGNOSTIC,    30, -4.199971338425e-01, 6.557644601578e-06, 2.9951e+00, 3.6163e-02, 
DIAGNOSTIC,Iteration,metricValue,convergenceValue,ITERATION_TIME_INDEX,SINCE_LAST
 2DIAGNOSTIC,     1, -3.603512651762e-01, 1.797693134862e+308, 4.1143e+00, 1.1192e+00, 
 2DIAGNOSTIC,     2, -3.603773391678e-01, 1.797693134862e+308, 4.3931e+00, 2.7879e-01, 
 2DIAGNOSTIC,     3, -3.603802425488e-01, 1.797693134862e+308, 4.6260e+00, 2.3294e-01, 
 2DIAGNOSTIC,     4, -3.603940831450e-01, 1.797693134862e+308, 4.8676e+00, 2.4155e-01, 
 2DIAGNOSTIC,     5, -3.604236150534e-01, 1.797693134862e+308, 5.0969e+00, 2.2933e-01, 
 2DIAGNOSTIC,     6, -3.604842733302e-01, 1.797693134862e+308, 5.3312e+00, 2.3432e-01, 
 2DIAGNOSTIC,     7, -3.608560567220e-01, 1.797693134862e+308, 5.5818e+00, 2.5062e-01, 
 2DIAGNOSTIC,     8, -3.609182485295e-01, 1.797693134862e+308, 5.9484e+00, 3.6657e-01, 
 2DIAGNOSTIC,     9, -3.609128472761e-01, 1.797693134862e+308, 6.3607e+00, 4.1226e-01, 
 2DIAGNOSTIC,    10, -3.609130797319e-01, 1.318919500440e-04, 6.5977e+00, 2.3707e-01, 
 2DIAGNOSTIC,    11, -3.609126199971e-01, 1.216335502792e-04, 6.8522e+00, 2.5445e-01, 
 2DIAGNOSTIC,    12, -3.609115783200e-01, 1.036743573532e-04, 7.0966e+00, 2.4437e-01, 
 2DIAGNOSTIC,    13, -3.609110967679e-01, 7.941802230531e-05, 7.3472e+00, 2.5068e-01, 
 2DIAGNOSTIC,    14, -3.609112996593e-01, 5.275509038896e-05, 7.6024e+00, 2.5513e-01, 
 2DIAGNOSTIC,    15, -3.609102804777e-01, 2.673535478372e-05, 7.8239e+00, 2.2150e-01, 
 2DIAGNOSTIC,    16, -3.609081772207e-01, 4.105499105386e-06, 8.0660e+00, 2.4215e-01, 
 2DIAGNOSTIC,    17, -3.609074323010e-01, 1.058414138465e-06, 8.3055e+00, 2.3952e-01, 
 2DIAGNOSTIC,    18, -3.609078100457e-01, 1.170046172574e-06, 8.5477e+00, 2.4221e-01, 
 2DIAGNOSTIC,    19, -3.609074951181e-01, 1.084954561047e-06, 8.8066e+00, 2.5884e-01, 
 2DIAGNOSTIC,    20, -3.609064016270e-01, 1.030014605857e-06, 9.0690e+00, 2.6240e-01, 
 2DIAGNOSTIC,    21, -3.609065882841e-01, 1.026207250954e-06, 9.3400e+00, 2.7105e-01, 
DIAGNOSTIC,Iteration,metricValue,convergenceValue,ITERATION_TIME_INDEX,SINCE_LAST
 2DIAGNOSTIC,     1, -3.313400322909e-01, 1.797693134862e+308, 1.1879e+01, 2.5391e+00, 
 2DIAGNOSTIC,     2, -3.314822865299e-01, 1.797693134862e+308, 1.3334e+01, 1.4552e+00, 
 2DIAGNOSTIC,     3, -3.316038713788e-01, 1.797693134862e+308, 1.4614e+01, 1.2799e+00, 
 2DIAGNOSTIC,     4, -3.317298339580e-01, 1.797693134862e+308, 1.6017e+01, 1.4026e+00, 
 2DIAGNOSTIC,     5, -3.318372642480e-01, 1.797693134862e+308, 1.7557e+01, 1.5402e+00, 
 2DIAGNOSTIC,     6, -3.321772977165e-01, 1.797693134862e+308, 1.9005e+01, 1.4476e+00, 
 2DIAGNOSTIC,     7, -3.322213874561e-01, 1.797693134862e+308, 2.1181e+01, 2.1762e+00, 
 2DIAGNOSTIC,     8, -3.322411249982e-01, 1.797693134862e+308, 2.2526e+01, 1.3450e+00, 
 2DIAGNOSTIC,     9, -3.322758836197e-01, 1.797693134862e+308, 2.3992e+01, 1.4665e+00, 
 2DIAGNOSTIC,    10, -3.322828371544e-01, 2.060465281656e-04, 2.5699e+01, 1.7066e+00, 
 2DIAGNOSTIC,    11, -3.322830627434e-01, 1.564698831191e-04, 2.7488e+01, 1.7888e+00, 
 2DIAGNOSTIC,    12, -3.322824903626e-01, 1.113834097804e-04, 2.9722e+01, 2.2347e+00, 
 2DIAGNOSTIC,    13, -3.322822989063e-01, 7.159611513574e-05, 3.1569e+01, 1.8465e+00, 
 2DIAGNOSTIC,    14, -3.322822733287e-01, 3.898156302701e-05, 3.2873e+01, 1.3038e+00, 
 2DIAGNOSTIC,    15, -3.322822110464e-01, 1.297193994194e-05, 3.4549e+01, 1.6759e+00, 
 2DIAGNOSTIC,    16, -3.322822466211e-01, 7.386530759254e-06, 3.6061e+01, 1.5128e+00, 
 2DIAGNOSTIC,    17, -3.322821996274e-01, 4.177859408143e-06, 3.7531e+01, 1.4692e+00, 
 2DIAGNOSTIC,    18, -3.322820127568e-01, 1.999585002938e-06, 3.8899e+01, 1.3680e+00, 
 2DIAGNOSTIC,    19, -3.322819114832e-01, 1.581402411049e-06, 4.0196e+01, 1.2969e+00, 
 2DIAGNOSTIC,    20, -3.322820466138e-01, 1.516428536887e-06, 4.2319e+01, 2.1238e+00, 
 2DIAGNOSTIC,    21, -3.322820684925e-01, 1.474929984389e-06, 4.3817e+01, 1.4976e+00, 
 2DIAGNOSTIC,    22, -3.322820146137e-01, 1.416827843950e-06, 4.5283e+01, 1.4666e+00, 
 2DIAGNOSTIC,    23, -3.322818977221e-01, 1.355404005358e-06, 4.6761e+01, 1.4775e+00, 
 2DIAGNOSTIC,    24, -3.322817851655e-01, 1.297056451410e-06, 4.8224e+01, 1.4629e+00, 
 2DIAGNOSTIC,    25, -3.322817328616e-01, 1.241981568749e-06, 4.9499e+01, 1.2752e+00, 
 2DIAGNOSTIC,    26, -3.322816227626e-01, 1.191440846343e-06, 5.0918e+01, 1.4194e+00, 
 2DIAGNOSTIC,    27, -3.322816028683e-01, 1.145852531581e-06, 5.2331e+01, 1.4121e+00, 
 2DIAGNOSTIC,    28, -3.322818270231e-01, 1.107931211476e-06, 5.4081e+01, 1.7502e+00, 
 2DIAGNOSTIC,    29, -3.322817808417e-01, 1.070667742645e-06, 5.5601e+01, 1.5204e+00, 
 2DIAGNOSTIC,    30, -3.322817262869e-01, 1.040770031019e-06, 5.7060e+01, 1.4585e+00, 
 2DIAGNOSTIC,    31, -3.322816783343e-01, 1.014110698867e-06, 5.8327e+01, 1.2674e+00, 
  Elapsed time (stage 0): 5.9087e+01


Total elapsed time: 5.9089e+01
Info [verificarlo]: loaded backend libinterflop_vprec.so
Info [interflop-vprec]: load backend with: 
Info [interflop-vprec]: precision-binary32 = 20
Info [interflop-vprec]: range-binary32 = 8
Info [interflop-vprec]: precision-binary64 = 20
Info [interflop-vprec]: range-binary64 = 8
Info [interflop-vprec]: mode = ob
Info [interflop-vprec]: error-mode = rel
Info [interflop-vprec]: max-abs-error-exponent = -1022
Info [interflop-vprec]: daz = false
Info [interflop-vprec]: ftz = false
Info [interflop-vprec]: 	instrument = none
Info [interflop-vprec]: 	prec-input-file = (null)
Info [interflop-vprec]: 	prec-output-file = (null)
Info [interflop-vprec]: 	prec-log-file = (null)
All_Command_lines_OK
Using double precision for computations.
=============================================================================
The composite transform comprises the following transforms (in order): 
  1. /home/mdugre/scratch/mri-registration-rp/datasets/ds004513/derivatives/mri-registration-rp/0011/antsRegistration-r8-p20/sub-s020/rigid_Composite.h5[0] (type = Euler3DTransform)
  2. /home/mdugre/scratch/mri-registration-rp/datasets/ds004513/derivatives/mri-registration-rp/0011/antsRegistration-r8-p20/sub-s020/rigid_Composite.h5[1] (type = Euler3DTransform)
  3. /home/mdugre/scratch/mri-registration-rp/datasets/ds004513/derivatives/mri-registration-rp/0011/antsRegistration-r8-p20/sub-s020/rigid_Composite.h5[2] (type = Euler3DTransform)
=============================================================================
  number of levels = 4
  fixed image: /templateflow/tpl-MNI152NLin2009cAsym/tpl-MNI152NLin2009cAsym_res-01_desc-brain_T1w.nii.gz
  moving image: /home/mdugre/scratch/mri-registration-rp/datasets/ds004513/derivatives/mri-registration-rp/antsBrainExtraction/sub-s020/BrainExtractionBrain.nii.gz
Dimension = 3
Number of stages = 1
Use histogram matching = false
Winsorize image intensities = true
  Lower quantile = 0.005
  Upper quantile = 0.995


Stage 1 State
   Image metric = MattesMI
     Fixed image = Image (0x3aa2490)
  RTTI typeinfo:   itk::Image<double, 3u>
  Reference Count: 2
  Modified Time: 1594
  Debug: Off
  Object Name: 
  Observers: 
    none
  Source: (none)
  Source output name: (none)
  Release Data: Off
  Data Released: False
  Global Release Data: Off
  PipelineMTime: 0
  UpdateMTime: 1203
  RealTimeStamp: 0 seconds 
  LargestPossibleRegion: 
    Dimension: 3
    Index: [0, 0, 0]
    Size: [193, 229, 193]
  BufferedRegion: 
    Dimension: 3
    Index: [0, 0, 0]
    Size: [193, 229, 193]
  RequestedRegion: 
    Dimension: 3
    Index: [0, 0, 0]
    Size: [193, 229, 193]
  Spacing: [1, 1, 1]
  Origin: [96, 132, -78]
  Direction: 
-1 0 0
0 -1 0
0 0 1

  IndexToPointMatrix: 
-1 0 0
0 -1 0
0 0 1

  PointToIndexMatrix: 
-1 0 0
0 -1 0
0 0 1

  Inverse Direction: 
-1 0 0
0 -1 0
0 0 1

  PixelContainer: 
    ImportImageContainer (0x3b6d8c0)
      RTTI typeinfo:   itk::ImportImageContainer<unsigned long, double>
      Reference Count: 1
      Modified Time: 1200
      Debug: Off
      Object Name: 
      Observers: 
        none
      Pointer: 0x145868e67010
      Container manages memory: true
      Size: 8530021
      Capacity: 8530021

     Moving image = Image (0x3b5db60)
  RTTI typeinfo:   itk::Image<double, 3u>
  Reference Count: 2
  Modified Time: 1595
  Debug: Off
  Object Name: 
  Observers: 
    none
  Source: (none)
  Source output name: (none)
  Release Data: Off
  Data Released: False
  Global Release Data: Off
  PipelineMTime: 0
  UpdateMTime: 1592
  RealTimeStamp: 0 seconds 
  LargestPossibleRegion: 
    Dimension: 3
    Index: [0, 0, 0]
    Size: [160, 240, 256]
  BufferedRegion: 
    Dimension: 3
    Index: [0, 0, 0]
    Size: [160, 240, 256]
  RequestedRegion: 
    Dimension: 3
    Index: [0, 0, 0]
    Size: [160, 240, 256]
  Spacing: [0.999995, 1, 1]
  Origin: [87.0906, 98.7205, -152.377]
  Direction: 
-0.996975 0.0261379 -0.0731913
-0.0260677 -0.999659 -0.00191374
-0.0732163 -2.46403e-08 0.997316

  IndexToPointMatrix: 
-0.996971 0.0261379 -0.0731913
-0.0260676 -0.999659 -0.00191374
-0.0732159 -2.46403e-08 0.997316

  PointToIndexMatrix: 
-0.99698 -0.0260679 -0.0732166
0.026138 -0.999658 -1.43051e-06
-0.0731913 -0.00191307 0.997317

  Inverse Direction: 
-0.996975 -0.0260677 -0.0732163
0.026138 -0.999658 -1.43051e-06
-0.0731913 -0.00191307 0.997317

  PixelContainer: 
    ImportImageContainer (0x3bf11d0)
      RTTI typeinfo:   itk::ImportImageContainer<unsigned long, double>
      Reference Count: 1
      Modified Time: 1589
      Debug: Off
      Object Name: 
      Observers: 
        none
      Pointer: 0x145864366010
      Container manages memory: true
      Size: 9830400
      Capacity: 9830400

     Weighting = 1
     Sampling strategy = regular
     Number of bins = 32
     Radius = 4
     Sampling percentage  = 0.25
   Transform = Affine
     Gradient step = 0.1
     Update field sigma (voxel space) = 0
     Total field sigma (voxel space) = 0
     Update field time sigma = 0
     Total field time sigma  = 0
     Number of time indices = 0
     Number of time point samples = 0
Registration using 1 total stages.

Stage 0
  iterations = 1000x500x250x100
  convergence threshold = 1e-06
  convergence window size = 10
  number of levels = 4
  using the Mattes MI metric (number of bins = 32, weight = 1, use gradient filter = 0)
  preprocessing:  winsorizing the image intensities
  Shrink factors (level 1 out of 4): [8, 8, 8]
  Shrink factors (level 2 out of 4): [4, 4, 4]
  Shrink factors (level 3 out of 4): [2, 2, 2]
  Shrink factors (level 4 out of 4): [1, 1, 1]
  smoothing sigmas per level: [3, 2, 1, 0]
  regular sampling (percentage = 0.25)

*** Running AffineTransform registration ***

DIAGNOSTIC,Iteration,metricValue,convergenceValue,ITERATION_TIME_INDEX,SINCE_LAST
 2DIAGNOSTIC,     1, -5.137955409504e-01, 1.797693134862e+308, 0.0000e+00, 0.0000e+00, 
 2DIAGNOSTIC,     2, -5.153536276529e-01, 1.797693134862e+308, 0.0000e+00, 0.0000e+00, 
 2DIAGNOSTIC,     3, -5.183226310716e-01, 1.797693134862e+308, 0.0000e+00, 0.0000e+00, 
 2DIAGNOSTIC,     4, -5.246151223891e-01, 1.797693134862e+308, 0.0000e+00, 0.0000e+00, 
 2DIAGNOSTIC,     5, -5.352626504224e-01, 1.797693134862e+308, 0.0000e+00, 0.0000e+00, 
 2DIAGNOSTIC,     6, -5.613292948653e-01, 1.797693134862e+308, 0.0000e+00, 0.0000e+00, 
 2DIAGNOSTIC,     7, -6.267366358777e-01, 1.797693134862e+308, 0.0000e+00, 0.0000e+00, 
 2DIAGNOSTIC,     8, -7.245621055939e-01, 1.797693134862e+308, 0.0000e+00, 0.0000e+00, 
 2DIAGNOSTIC,     9, -7.487777143954e-01, 1.797693134862e+308, 0.0000e+00, 0.0000e+00, 
 2DIAGNOSTIC,    10, -7.768551499054e-01, 3.120766697726e-02, 0.0000e+00, 0.0000e+00, 
 2DIAGNOSTIC,    11, -7.842162436469e-01, 3.126614550580e-02, 0.0000e+00, 0.0000e+00, 
 2DIAGNOSTIC,    12, -7.996901911482e-01, 2.911318618519e-02, 0.0000e+00, 0.0000e+00, 
 2DIAGNOSTIC,    13, -8.251720006519e-01, 2.562235542744e-02, 0.0000e+00, 0.0000e+00, 
 2DIAGNOSTIC,    14, -8.446691571847e-01, 2.120747362093e-02, 0.0000e+00, 0.0000e+00, 
 2DIAGNOSTIC,    15, -8.446922929766e-01, 1.595462965450e-02, 0.0000e+00, 0.0000e+00, 
 2DIAGNOSTIC,    16, -8.446661038568e-01, 1.074402300024e-02, 0.0000e+00, 0.0000e+00, 
 2DIAGNOSTIC,    17, -8.444419717811e-01, 6.816313621953e-03, 0.0000e+00, 0.0000e+00, 
 2DIAGNOSTIC,    18, -8.445432120245e-01, 4.967309228275e-03, 0.0000e+00, 0.0000e+00, 
 2DIAGNOSTIC,    19, -8.444744432878e-01, 3.382656605944e-03, 0.0000e+00, 0.0000e+00, 
 2DIAGNOSTIC,    20, -8.444151474043e-01, 2.233606798072e-03, 0.0000e+00, 0.0000e+00, 
 2DIAGNOSTIC,    21, -8.442684867079e-01, 1.144222713691e-03, 0.0000e+00, 0.0000e+00, 
 2DIAGNOSTIC,    22, -8.443988606955e-01, 3.310995307090e-04, 0.0000e+00, 0.0000e+00, 
DIAGNOSTIC,Iteration,metricValue,convergenceValue,ITERATION_TIME_INDEX,SINCE_LAST
 2DIAGNOSTIC,     1, -7.126329668966e-01, 1.797693134862e+308, 0.0000e+00, 0.0000e+00, 
 2DIAGNOSTIC,     2, -7.135003321836e-01, 1.797693134862e+308, 0.0000e+00, 0.0000e+00, 
 2DIAGNOSTIC,     3, -7.143559649287e-01, 1.797693134862e+308, 0.0000e+00, 0.0000e+00, 
 2DIAGNOSTIC,     4, -7.149647669145e-01, 1.797693134862e+308, 0.0000e+00, 0.0000e+00, 
 2DIAGNOSTIC,     5, -7.155088212347e-01, 1.797693134862e+308, 0.0000e+00, 0.0000e+00, 
 2DIAGNOSTIC,     6, -7.157555519694e-01, 1.797693134862e+308, 0.0000e+00, 0.0000e+00, 
 2DIAGNOSTIC,     7, -7.157778984048e-01, 1.797693134862e+308, 0.0000e+00, 0.0000e+00, 
 2DIAGNOSTIC,     8, -7.157824122434e-01, 1.797693134862e+308, 0.0000e+00, 0.0000e+00, 
 2DIAGNOSTIC,     9, -7.157749369096e-01, 1.797693134862e+308, 0.0000e+00, 0.0000e+00, 
 2DIAGNOSTIC,    10, -7.157431779073e-01, 2.623261189871e-04, 0.0000e+00, 0.0000e+00, 
 2DIAGNOSTIC,    11, -7.157564453396e-01, 1.535072608827e-04, 0.0000e+00, 0.0000e+00, 
 2DIAGNOSTIC,    12, -7.157545182034e-01, 7.765224287888e-05, 0.0000e+00, 0.0000e+00, 
 2DIAGNOSTIC,    13, -7.157602297539e-01, 3.281343719072e-05, 0.0000e+00, 0.0000e+00, 
 2DIAGNOSTIC,    14, -7.157659421021e-01, 8.729394371493e-06, 0.0000e+00, 0.0000e+00, 
 2DIAGNOSTIC,    15, -7.157512497236e-01, 1.124836443336e-06, 0.0000e+00, 0.0000e+00, 
DIAGNOSTIC,Iteration,metricValue,convergenceValue,ITERATION_TIME_INDEX,SINCE_LAST
 2DIAGNOSTIC,     1, -5.938516446175e-01, 1.797693134862e+308, 0.0000e+00, 0.0000e+00, 
 2DIAGNOSTIC,     2, -5.943705429879e-01, 1.797693134862e+308, 0.0000e+00, 0.0000e+00, 
 2DIAGNOSTIC,     3, -5.948651482855e-01, 1.797693134862e+308, 0.0000e+00, 0.0000e+00, 
 2DIAGNOSTIC,     4, -5.954098404116e-01, 1.797693134862e+308, 0.0000e+00, 0.0000e+00, 
 2DIAGNOSTIC,     5, -5.961185772892e-01, 1.797693134862e+308, 0.0000e+00, 0.0000e+00, 
 2DIAGNOSTIC,     6, -5.970646689589e-01, 1.797693134862e+308, 0.0000e+00, 0.0000e+00, 
 2DIAGNOSTIC,     7, -5.970763747987e-01, 1.797693134862e+308, 0.0000e+00, 0.0000e+00, 
 2DIAGNOSTIC,     8, -5.970946348477e-01, 1.797693134862e+308, 0.0000e+00, 0.0000e+00, 
 2DIAGNOSTIC,     9, -5.971124085671e-01, 1.797693134862e+308, 0.0000e+00, 0.0000e+00, 
