
##########################
# Experiment information #
##########################

EXPERIMENT_NAME: antsRegistration-r7-p16
VFC_BACKENDS: libinterflop_vprec.so --range-binary32=7 --precision-binary32=16 --range-binary64=7 --precision-binary64=16

SIF_IMG: /home/mdugre/projects/rrg-glatard/mdugre/containers/ants-vprec-no_metrics.simg

SUBJECT_ID: s025
INPUT_IMG: /home/mdugre/scratch/mri-registration-rp/datasets/ds004513/derivatives/mri-registration-rp/antsBrainExtraction/sub-s025/BrainExtractionBrain.nii.gz
OUTPUT_DIR: /home/mdugre/scratch/mri-registration-rp/datasets/ds004513/derivatives/mri-registration-rp/0011/antsRegistration-r7-p16/sub-s025

FIXED_IMG: /templateflow/tpl-MNI152NLin2009cAsym/tpl-MNI152NLin2009cAsym_res-01_desc-brain_T1w.nii.gz
DATA_DIR: /home/mdugre/scratch/mri-registration-rp/datasets/ds004513
TEMPLATEFLOW_DIR: /home/mdugre/projects/rrg-glatard/mdugre/templateflow
ITK_GLOBAL_DEFAULT_NUMBER_OF_THREADS: 16
##########################

Info [verificarlo]: loaded backend libinterflop_ieee.so
Info [interflop-ieee]: load backend with:
Info [interflop-ieee]: debug = false
Info [interflop-ieee]: debug-binary = false
Info [interflop-ieee]: no-backend-name = false
Info [interflop-ieee]: print-new-line = false
Info [interflop-ieee]: print-subnormal-normalized = false
Info [interflop-ieee]: count-op = false
All_Command_lines_OK
Using double precision for computations.
=============================================================================
The composite transform comprises the following transforms (in order): 
  1. Center of mass alignment using fixed image: /templateflow/tpl-MNI152NLin2009cAsym/tpl-MNI152NLin2009cAsym_res-01_desc-brain_T1w.nii.gz and moving image: /home/mdugre/scratch/mri-registration-rp/datasets/ds004513/derivatives/mri-registration-rp/antsBrainExtraction/sub-s025/BrainExtractionBrain.nii.gz (type = Euler3DTransform)
=============================================================================
  number of levels = 1
  fixed image: /templateflow/tpl-MNI152NLin2009cAsym/tpl-MNI152NLin2009cAsym_res-01_desc-brain_T1w.nii.gz
  moving image: /home/mdugre/scratch/mri-registration-rp/datasets/ds004513/derivatives/mri-registration-rp/antsBrainExtraction/sub-s025/BrainExtractionBrain.nii.gz
Dimension = 3
Number of stages = 1
Use histogram matching = false
Winsorize image intensities = true
  Lower quantile = 0.005
  Upper quantile = 0.995


Stage 1 State
   Image metric = MattesMI
     Fixed image = Image (0x471ce70)
  RTTI typeinfo:   itk::Image<double, 3u>
  Reference Count: 2
  Modified Time: 2334
  Debug: Off
  Object Name: 
  Observers: 
    none
  Source: (none)
  Source output name: (none)
  Release Data: Off
  Data Released: False
  Global Release Data: Off
  PipelineMTime: 0
  UpdateMTime: 1943
  RealTimeStamp: 0 seconds 
  LargestPossibleRegion: 
    Dimension: 3
    Index: [0, 0, 0]
    Size: [193, 229, 193]
  BufferedRegion: 
    Dimension: 3
    Index: [0, 0, 0]
    Size: [193, 229, 193]
  RequestedRegion: 
    Dimension: 3
    Index: [0, 0, 0]
    Size: [193, 229, 193]
  Spacing: [1, 1, 1]
  Origin: [96, 132, -78]
  Direction: 
-1 0 0
0 -1 0
0 0 1

  IndexToPointMatrix: 
-1 0 0
0 -1 0
0 0 1

  PointToIndexMatrix: 
-1 0 0
0 -1 0
0 0 1

  Inverse Direction: 
-1 0 0
0 -1 0
0 0 1

  PixelContainer: 
    ImportImageContainer (0x4725c60)
      RTTI typeinfo:   itk::ImportImageContainer<unsigned long, double>
      Reference Count: 1
      Modified Time: 1940
      Debug: Off
      Object Name: 
      Observers: 
        none
      Pointer: 0x14f2256d1010
      Container manages memory: true
      Size: 8530021
      Capacity: 8530021

     Moving image = Image (0x4728610)
  RTTI typeinfo:   itk::Image<double, 3u>
  Reference Count: 2
  Modified Time: 2335
  Debug: Off
  Object Name: 
  Observers: 
    none
  Source: (none)
  Source output name: (none)
  Release Data: Off
  Data Released: False
  Global Release Data: Off
  PipelineMTime: 0
  UpdateMTime: 2332
  RealTimeStamp: 0 seconds 
  LargestPossibleRegion: 
    Dimension: 3
    Index: [0, 0, 0]
    Size: [176, 240, 256]
  BufferedRegion: 
    Dimension: 3
    Index: [0, 0, 0]
    Size: [176, 240, 256]
  RequestedRegion: 
    Dimension: 3
    Index: [0, 0, 0]
    Size: [176, 240, 256]
  Spacing: [0.999999, 1, 1]
  Origin: [90.3778, 84.5091, -154.071]
  Direction: 
-0.999391 7.48184e-06 -0.0348969
-7.47664e-06 -1 -2.7953e-07
-0.0348969 -1.84481e-08 0.999391

  IndexToPointMatrix: 
-0.99939 7.48184e-06 -0.0348969
-7.47663e-06 -1 -2.7953e-07
-0.0348968 -1.84481e-08 0.999391

  PointToIndexMatrix: 
-0.999392 -7.47665e-06 -0.0348969
7.48184e-06 -1 -1.84481e-08
-0.0348969 -2.7953e-07 0.999391

  Inverse Direction: 
-0.999391 -7.47664e-06 -0.0348969
7.48184e-06 -1 -1.84481e-08
-0.0348969 -2.7953e-07 0.999391

  PixelContainer: 
    ImportImageContainer (0x47c1ef0)
      RTTI typeinfo:   itk::ImportImageContainer<unsigned long, double>
      Reference Count: 1
      Modified Time: 2329
      Debug: Off
      Object Name: 
      Observers: 
        none
      Pointer: 0x14f220450010
      Container manages memory: true
      Size: 10813440
      Capacity: 10813440

     Weighting = 1
     Sampling strategy = regular
     Number of bins = 32
     Radius = 4
     Sampling percentage  = 0.25
   Transform = Rigid
     Gradient step = 0.1
     Update field sigma (voxel space) = 0
     Total field sigma (voxel space) = 0
     Update field time sigma = 0
     Total field time sigma  = 0
     Number of time indices = 0
     Number of time point samples = 0
Registration using 1 total stages.

Stage 0
  iterations = 0
  convergence threshold = 1e-06
  convergence window size = 10
  number of levels = 1
  using the Mattes MI metric (number of bins = 32, weight = 1, use gradient filter = 0)
  preprocessing:  winsorizing the image intensities
  Shrink factors (level 1 out of 1): [1, 1, 1]
  smoothing sigmas per level: [0]
  regular sampling (percentage = 0.25)

*** Running Euler3DTransform registration ***

  Elapsed time (stage 0): 1.09885


Total elapsed time: 1.10123
Info [verificarlo]: loaded backend libinterflop_ieee.so
Info [interflop-ieee]: load backend with:
Info [interflop-ieee]: debug = false
Info [interflop-ieee]: debug-binary = false
Info [interflop-ieee]: no-backend-name = false
Info [interflop-ieee]: print-new-line = false
Info [interflop-ieee]: print-subnormal-normalized = false
Info [interflop-ieee]: count-op = false
All_Command_lines_OK
Using double precision for computations.
=============================================================================
The composite transform comprises the following transforms (in order): 
  1. /home/mdugre/scratch/mri-registration-rp/datasets/ds004513/derivatives/mri-registration-rp/0011/antsRegistration-r7-p16/sub-s025/align_Composite.h5[0] (type = Euler3DTransform)
  2. /home/mdugre/scratch/mri-registration-rp/datasets/ds004513/derivatives/mri-registration-rp/0011/antsRegistration-r7-p16/sub-s025/align_Composite.h5[1] (type = Euler3DTransform)
=============================================================================
  number of levels = 4
  fixed image: /templateflow/tpl-MNI152NLin2009cAsym/tpl-MNI152NLin2009cAsym_res-01_desc-brain_T1w.nii.gz
  moving image: /home/mdugre/scratch/mri-registration-rp/datasets/ds004513/derivatives/mri-registration-rp/antsBrainExtraction/sub-s025/BrainExtractionBrain.nii.gz
Dimension = 3
Number of stages = 1
Use histogram matching = false
Winsorize image intensities = true
  Lower quantile = 0.005
  Upper quantile = 0.995


Stage 1 State
   Image metric = MattesMI
     Fixed image = Image (0x3a03530)
  RTTI typeinfo:   itk::Image<double, 3u>
  Reference Count: 2
  Modified Time: 1580
  Debug: Off
  Object Name: 
  Observers: 
    none
  Source: (none)
  Source output name: (none)
  Release Data: Off
  Data Released: False
  Global Release Data: Off
  PipelineMTime: 0
  UpdateMTime: 1189
  RealTimeStamp: 0 seconds 
  LargestPossibleRegion: 
    Dimension: 3
    Index: [0, 0, 0]
    Size: [193, 229, 193]
  BufferedRegion: 
    Dimension: 3
    Index: [0, 0, 0]
    Size: [193, 229, 193]
  RequestedRegion: 
    Dimension: 3
    Index: [0, 0, 0]
    Size: [193, 229, 193]
  Spacing: [1, 1, 1]
  Origin: [96, 132, -78]
  Direction: 
-1 0 0
0 -1 0
0 0 1

  IndexToPointMatrix: 
-1 0 0
0 -1 0
0 0 1

  PointToIndexMatrix: 
-1 0 0
0 -1 0
0 0 1

  Inverse Direction: 
-1 0 0
0 -1 0
0 0 1

  PixelContainer: 
    ImportImageContainer (0x3ac1d60)
      RTTI typeinfo:   itk::ImportImageContainer<unsigned long, double>
      Reference Count: 1
      Modified Time: 1186
      Debug: Off
      Object Name: 
      Observers: 
        none
      Pointer: 0x14da80fa3010
      Container manages memory: true
      Size: 8530021
      Capacity: 8530021

     Moving image = Image (0x3ab3f60)
  RTTI typeinfo:   itk::Image<double, 3u>
  Reference Count: 2
  Modified Time: 1581
  Debug: Off
  Object Name: 
  Observers: 
    none
  Source: (none)
  Source output name: (none)
  Release Data: Off
  Data Released: False
  Global Release Data: Off
  PipelineMTime: 0
  UpdateMTime: 1578
  RealTimeStamp: 0 seconds 
  LargestPossibleRegion: 
    Dimension: 3
    Index: [0, 0, 0]
    Size: [176, 240, 256]
  BufferedRegion: 
    Dimension: 3
    Index: [0, 0, 0]
    Size: [176, 240, 256]
  RequestedRegion: 
    Dimension: 3
    Index: [0, 0, 0]
    Size: [176, 240, 256]
  Spacing: [0.999999, 1, 1]
  Origin: [90.3778, 84.5091, -154.071]
  Direction: 
-0.999391 7.48184e-06 -0.0348969
-7.47664e-06 -1 -2.7953e-07
-0.0348969 -1.84481e-08 0.999391

  IndexToPointMatrix: 
-0.99939 7.48184e-06 -0.0348969
-7.47663e-06 -1 -2.7953e-07
-0.0348968 -1.84481e-08 0.999391

  PointToIndexMatrix: 
-0.999392 -7.47665e-06 -0.0348969
7.48184e-06 -1 -1.84481e-08
-0.0348969 -2.7953e-07 0.999391

  Inverse Direction: 
-0.999391 -7.47664e-06 -0.0348969
7.48184e-06 -1 -1.84481e-08
-0.0348969 -2.7953e-07 0.999391

  PixelContainer: 
    ImportImageContainer (0x3aa56d0)
      RTTI typeinfo:   itk::ImportImageContainer<unsigned long, double>
      Reference Count: 1
      Modified Time: 1575
      Debug: Off
      Object Name: 
      Observers: 
        none
      Pointer: 0x14da7bd22010
      Container manages memory: true
      Size: 10813440
      Capacity: 10813440

     Weighting = 1
     Sampling strategy = regular
     Number of bins = 32
     Radius = 4
     Sampling percentage  = 0.25
   Transform = Rigid
     Gradient step = 0.1
     Update field sigma (voxel space) = 0
     Total field sigma (voxel space) = 0
     Update field time sigma = 0
     Total field time sigma  = 0
     Number of time indices = 0
     Number of time point samples = 0
Registration using 1 total stages.

Stage 0
  iterations = 1000x500x250x100
  convergence threshold = 1e-06
  convergence window size = 10
  number of levels = 4
  using the Mattes MI metric (number of bins = 32, weight = 1, use gradient filter = 0)
  preprocessing:  winsorizing the image intensities
  Shrink factors (level 1 out of 4): [8, 8, 8]
  Shrink factors (level 2 out of 4): [4, 4, 4]
  Shrink factors (level 3 out of 4): [2, 2, 2]
  Shrink factors (level 4 out of 4): [1, 1, 1]
  smoothing sigmas per level: [3, 2, 1, 0]
  regular sampling (percentage = 0.25)

*** Running Euler3DTransform registration ***

DIAGNOSTIC,Iteration,metricValue,convergenceValue,ITERATION_TIME_INDEX,SINCE_LAST
 2DIAGNOSTIC,     1, -5.323241903179e-01, 1.797693134862e+308, 7.4146e-01, 7.4146e-01, 
 2DIAGNOSTIC,     2, -5.346190553927e-01, 1.797693134862e+308, 7.4656e-01, 5.1019e-03, 
 2DIAGNOSTIC,     3, -5.378036555361e-01, 1.797693134862e+308, 7.5101e-01, 4.4429e-03, 
 2DIAGNOSTIC,     4, -5.422949451405e-01, 1.797693134862e+308, 7.5515e-01, 4.1411e-03, 
 2DIAGNOSTIC,     5, -5.486805952477e-01, 1.797693134862e+308, 7.5926e-01, 4.1070e-03, 
 2DIAGNOSTIC,     6, -5.542790085272e-01, 1.797693134862e+308, 7.6337e-01, 4.1130e-03, 
 2DIAGNOSTIC,     7, -5.627123115611e-01, 1.797693134862e+308, 7.6751e-01, 4.1461e-03, 
 2DIAGNOSTIC,     8, -5.766609943856e-01, 1.797693134862e+308, 7.7170e-01, 4.1821e-03, 
 2DIAGNOSTIC,     9, -5.881111419397e-01, 1.797693134862e+308, 7.7627e-01, 4.5750e-03, 
 2DIAGNOSTIC,    10, -6.012927005665e-01, 7.820055967721e-03, 7.8196e-01, 5.6860e-03, 
 2DIAGNOSTIC,    11, -6.192402913587e-01, 8.564422673924e-03, 7.8965e-01, 7.6969e-03, 
 2DIAGNOSTIC,    12, -6.197111897438e-01, 8.513711436476e-03, 7.9398e-01, 4.3280e-03, 
 2DIAGNOSTIC,    13, -6.223136777511e-01, 7.932305190630e-03, 7.9815e-01, 4.1671e-03, 
 2DIAGNOSTIC,    14, -6.239859078535e-01, 6.938967258810e-03, 8.0235e-01, 4.2009e-03, 
 2DIAGNOSTIC,    15, -6.258731029039e-01, 5.722268374554e-03, 8.0675e-01, 4.3950e-03, 
 2DIAGNOSTIC,    16, -6.290042957052e-01, 4.404898010766e-03, 8.1099e-01, 4.2460e-03, 
 2DIAGNOSTIC,    17, -6.327399548215e-01, 3.192249458177e-03, 8.1678e-01, 5.7881e-03, 
 2DIAGNOSTIC,    18, -6.361770329223e-01, 2.298162514803e-03, 8.2245e-01, 5.6689e-03, 
 2DIAGNOSTIC,    19, -6.381920794909e-01, 1.629119691366e-03, 8.2734e-01, 4.8940e-03, 
 2DIAGNOSTIC,    20, -6.414786468752e-01, 1.264281191315e-03, 8.3173e-01, 4.3821e-03, 
 2DIAGNOSTIC,    21, -6.422621311693e-01, 1.244231354916e-03, 8.3605e-01, 4.3249e-03, 
 2DIAGNOSTIC,    22, -6.443386369850e-01, 1.164065699976e-03, 8.4038e-01, 4.3330e-03, 
 2DIAGNOSTIC,    23, -6.458367311133e-01, 1.066297096405e-03, 8.4509e-01, 4.7052e-03, 
 2DIAGNOSTIC,    24, -6.528535018033e-01, 1.047817947787e-03, 8.5025e-01, 5.1630e-03, 
 2DIAGNOSTIC,    25, -6.591704568689e-01, 1.083081274759e-03, 8.5638e-01, 6.1281e-03, 
 2DIAGNOSTIC,    26, -6.605963669800e-01, 1.093549201185e-03, 8.6136e-01, 4.9791e-03, 
 2DIAGNOSTIC,    27, -6.608439802457e-01, 1.070984927362e-03, 8.6590e-01, 4.5371e-03, 
 2DIAGNOSTIC,    28, -6.615671812349e-01, 1.019502605867e-03, 8.7029e-01, 4.3900e-03, 
 2DIAGNOSTIC,    29, -6.628794707344e-01, 9.260608737234e-04, 8.7479e-01, 4.5040e-03, 
 2DIAGNOSTIC,    30, -6.728294287139e-01, 9.537360428433e-04, 8.8135e-01, 6.5610e-03, 
 2DIAGNOSTIC,    31, -6.735477843687e-01, 9.084127253909e-04, 8.8596e-01, 4.6060e-03, 
 2DIAGNOSTIC,    32, -6.743491173728e-01, 8.254094975523e-04, 8.9066e-01, 4.6990e-03, 
 2DIAGNOSTIC,    33, -6.778518099064e-01, 7.396569933015e-04, 8.9531e-01, 4.6520e-03, 
 2DIAGNOSTIC,    34, -6.872953288806e-01, 8.064161089849e-04, 9.0478e-01, 9.4690e-03, 
 2DIAGNOSTIC,    35, -6.877328886118e-01, 8.751688564042e-04, 9.0940e-01, 4.6248e-03, 
 2DIAGNOSTIC,    36, -6.893221840124e-01, 8.964417546463e-04, 9.1374e-01, 4.3430e-03, 
 2DIAGNOSTIC,    37, -6.927395344998e-01, 8.791680232084e-04, 9.1815e-01, 4.4079e-03, 
 2DIAGNOSTIC,    38, -7.010287084475e-01, 8.854214747601e-04, 9.2276e-01, 4.6120e-03, 
 2DIAGNOSTIC,    39, -7.063964348748e-01, 8.771822662714e-04, 9.2707e-01, 4.3080e-03, 
 2DIAGNOSTIC,    40, -7.084256451629e-01, 9.204219868964e-04, 9.3146e-01, 4.3881e-03, 
 2DIAGNOSTIC,    41, -7.161127136991e-01, 9.682568750390e-04, 9.3657e-01, 5.1091e-03, 
 2DIAGNOSTIC,    42, -7.193690153439e-01, 9.624773441756e-04, 9.4278e-01, 6.2129e-03, 
 2DIAGNOSTIC,    43, -7.222720759585e-01, 9.276128971419e-04, 9.4713e-01, 4.3480e-03, 
 2DIAGNOSTIC,    44, -7.286233676993e-01, 9.652608107862e-04, 9.5152e-01, 4.3929e-03, 
 2DIAGNOSTIC,    45, -7.393050032729e-01, 1.017399260444e-03, 9.5628e-01, 4.7610e-03, 
 2DIAGNOSTIC,    46, -7.439932791824e-01, 1.027585066795e-03, 9.6073e-01, 4.4460e-03, 
 2DIAGNOSTIC,    47, -7.512832582598e-01, 1.037726400075e-03, 9.6839e-01, 7.6571e-03, 
 2DIAGNOSTIC,    48, -7.533837237568e-01, 1.042347199739e-03, 9.7264e-01, 4.2529e-03, 
 2DIAGNOSTIC,    49, -7.538696049820e-01, 9.996106448244e-04, 9.7750e-01, 4.8580e-03, 
 2DIAGNOSTIC,    50, -7.548178044539e-01, 8.872768791929e-04, 9.8188e-01, 4.3790e-03, 
 2DIAGNOSTIC,    51, -7.570334569087e-01, 7.785404139159e-04, 9.8621e-01, 4.3330e-03, 
 2DIAGNOSTIC,    52, -7.581619977068e-01, 6.363964105699e-04, 9.9103e-01, 4.8201e-03, 
 2DIAGNOSTIC,    53, -7.587656952191e-01, 4.678019264803e-04, 9.9583e-01, 4.7951e-03, 
 2DIAGNOSTIC,    54, -7.591091184054e-01, 3.139314998064e-04, 1.0003e+00, 4.4889e-03, 
 2DIAGNOSTIC,    55, -7.612303665062e-01, 2.359442200842e-04, 1.0077e+00, 7.4310e-03, 
 2DIAGNOSTIC,    56, -7.613086124191e-01, 1.729070712369e-04, 1.0126e+00, 4.8652e-03, 
 2DIAGNOSTIC,    57, -7.612298806759e-01, 1.494786471798e-04, 1.0173e+00, 4.7359e-03, 
 2DIAGNOSTIC,    58, -7.610325033384e-01, 1.270487142798e-04, 1.0217e+00, 4.3120e-03, 
 2DIAGNOSTIC,    59, -7.609712454785e-01, 9.646149072425e-05, 1.0264e+00, 4.7650e-03, 
 2DIAGNOSTIC,    60, -7.610250344726e-01, 6.433516466840e-05, 1.0308e+00, 4.3390e-03, 
 2DIAGNOSTIC,    61, -7.609770922995e-01, 4.204525311644e-05, 1.0356e+00, 4.8630e-03, 
 2DIAGNOSTIC,    62, -7.610147815736e-01, 2.467260181796e-05, 1.0403e+00, 4.6809e-03, 
 2DIAGNOSTIC,    63, -7.610503377998e-01, 1.000536918302e-05, 1.0449e+00, 4.6010e-03, 
DIAGNOSTIC,Iteration,metricValue,convergenceValue,ITERATION_TIME_INDEX,SINCE_LAST
 2DIAGNOSTIC,     1, -6.055809171625e-01, 1.797693134862e+308, 1.7702e+00, 7.2533e-01, 
 2DIAGNOSTIC,     2, -6.064386425543e-01, 1.797693134862e+308, 1.7969e+00, 2.6637e-02, 
 2DIAGNOSTIC,     3, -6.074831151353e-01, 1.797693134862e+308, 1.8260e+00, 2.9151e-02, 
 2DIAGNOSTIC,     4, -6.085918456759e-01, 1.797693134862e+308, 1.8541e+00, 2.8106e-02, 
 2DIAGNOSTIC,     5, -6.095639950231e-01, 1.797693134862e+308, 1.8847e+00, 3.0587e-02, 
 2DIAGNOSTIC,     6, -6.107977304020e-01, 1.797693134862e+308, 1.9121e+00, 2.7400e-02, 
 2DIAGNOSTIC,     7, -6.123788371542e-01, 1.797693134862e+308, 1.9412e+00, 2.9051e-02, 
 2DIAGNOSTIC,     8, -6.152681773480e-01, 1.797693134862e+308, 1.9760e+00, 3.4830e-02, 
 2DIAGNOSTIC,     9, -6.164776331231e-01, 1.797693134862e+308, 2.0223e+00, 4.6289e-02, 
 2DIAGNOSTIC,    10, -6.170232479277e-01, 1.289437686473e-03, 2.0540e+00, 3.1723e-02, 
 2DIAGNOSTIC,    11, -6.175713656377e-01, 1.182795562519e-03, 2.0842e+00, 3.0159e-02, 
 2DIAGNOSTIC,    12, -6.185943464227e-01, 1.059756754779e-03, 2.1143e+00, 3.0099e-02, 
 2DIAGNOSTIC,    13, -6.200966838438e-01, 9.485625961850e-04, 2.1479e+00, 3.3640e-02, 
 2DIAGNOSTIC,    14, -6.203045776040e-01, 8.097356455788e-04, 2.1999e+00, 5.1993e-02, 
 2DIAGNOSTIC,    15, -6.202990484603e-01, 6.471509166006e-04, 2.2318e+00, 3.1919e-02, 
 2DIAGNOSTIC,    16, -6.203093236609e-01, 4.825754009596e-04, 2.2668e+00, 3.4995e-02, 
 2DIAGNOSTIC,    17, -6.203243333220e-01, 3.345367879565e-04, 2.2956e+00, 2.8776e-02, 
 2DIAGNOSTIC,    18, -6.203013272067e-01, 2.447146796353e-04, 2.3282e+00, 3.2654e-02, 
 2DIAGNOSTIC,    19, -6.203140791926e-01, 1.716340956963e-04, 2.3563e+00, 2.8009e-02, 
 2DIAGNOSTIC,    20, -6.203323522980e-01, 1.036169597298e-04, 2.3912e+00, 3.4951e-02, 
 2DIAGNOSTIC,    21, -6.203283507661e-01, 4.439576014466e-05, 2.4193e+00, 2.8080e-02, 
 2DIAGNOSTIC,    22, -6.203180394851e-01, 6.992800057927e-06, 2.4509e+00, 3.1598e-02, 
 2DIAGNOSTIC,    23, -6.203288377501e-01, 2.597395286560e-06, 2.4820e+00, 3.1119e-02, 
 2DIAGNOSTIC,    24, -6.203264749756e-01, 2.404321073748e-06, 2.5097e+00, 2.7684e-02, 
 2DIAGNOSTIC,    25, -6.203292908127e-01, 2.061525897941e-06, 2.5378e+00, 2.8072e-02, 
 2DIAGNOSTIC,    26, -6.203618997431e-01, 2.425118155312e-06, 2.5681e+00, 3.0350e-02, 
 2DIAGNOSTIC,    27, -6.203980645680e-01, 3.528153570583e-06, 2.6066e+00, 3.8473e-02, 
 2DIAGNOSTIC,    28, -6.204070113616e-01, 4.084148090493e-06, 2.6348e+00, 2.8239e-02, 
 2DIAGNOSTIC,    29, -6.203994907370e-01, 4.406298754082e-06, 2.6630e+00, 2.8143e-02, 
 2DIAGNOSTIC,    30, -6.204129035104e-01, 4.895122407499e-06, 2.6943e+00, 3.1381e-02, 
 2DIAGNOSTIC,    31, -6.204672034660e-01, 5.727518885688e-06, 2.7223e+00, 2.7982e-02, 
 2DIAGNOSTIC,    32, -6.205248037305e-01, 6.706064375202e-06, 2.7557e+00, 3.3382e-02, 
 2DIAGNOSTIC,    33, -6.205692092467e-01, 7.848274488242e-06, 2.7855e+00, 2.9769e-02, 
 2DIAGNOSTIC,    34, -6.206013937158e-01, 8.690600039336e-06, 2.8166e+00, 3.1140e-02, 
 2DIAGNOSTIC,    35, -6.207385314145e-01, 1.058567909613e-05, 2.8500e+00, 3.3370e-02, 
 2DIAGNOSTIC,    36, -6.208487656894e-01, 1.321646112408e-05, 2.8858e+00, 3.5831e-02, 
 2DIAGNOSTIC,    37, -6.208898323727e-01, 1.546103526767e-05, 2.9218e+00, 3.6012e-02, 
 2DIAGNOSTIC,    38, -6.209082293308e-01, 1.655888027967e-05, 2.9544e+00, 3.2581e-02, 
 2DIAGNOSTIC,    39, -6.209148197293e-01, 1.611197826665e-05, 2.9874e+00, 3.2968e-02, 
 2DIAGNOSTIC,    40, -6.208419798279e-01, 1.351980346691e-05, 3.0230e+00, 3.5658e-02, 
 2DIAGNOSTIC,    41, -6.208736877661e-01, 1.079808789528e-05, 3.0713e+00, 4.8284e-02, 
 2DIAGNOSTIC,    42, -6.208807727353e-01, 7.941724967073e-06, 3.1078e+00, 3.6429e-02, 
 2DIAGNOSTIC,    43, -6.208838154166e-01, 5.051135889934e-06, 3.1428e+00, 3.5073e-02, 
 2DIAGNOSTIC,    44, -6.208825829822e-01, 2.190260667011e-06, 3.1737e+00, 3.0834e-02, 
DIAGNOSTIC,Iteration,metricValue,convergenceValue,ITERATION_TIME_INDEX,SINCE_LAST
 2DIAGNOSTIC,     1, -5.342280655323e-01, 1.797693134862e+308, 4.3034e+00, 1.1297e+00, 
 2DIAGNOSTIC,     2, -5.343812139907e-01, 1.797693134862e+308, 4.5640e+00, 2.6061e-01, 
 2DIAGNOSTIC,     3, -5.344655239675e-01, 1.797693134862e+308, 4.8250e+00, 2.6105e-01, 
 2DIAGNOSTIC,     4, -5.345667154259e-01, 1.797693134862e+308, 5.0684e+00, 2.4332e-01, 
 2DIAGNOSTIC,     5, -5.348350233110e-01, 1.797693134862e+308, 5.3025e+00, 2.3413e-01, 
 2DIAGNOSTIC,     6, -5.353769251914e-01, 1.797693134862e+308, 5.5553e+00, 2.5286e-01, 
 2DIAGNOSTIC,     7, -5.356259101077e-01, 1.797693134862e+308, 5.8990e+00, 3.4361e-01, 
 2DIAGNOSTIC,     8, -5.356786257100e-01, 1.797693134862e+308, 6.1807e+00, 2.8179e-01, 
 2DIAGNOSTIC,     9, -5.356864224998e-01, 1.797693134862e+308, 6.4455e+00, 2.6481e-01, 
 2DIAGNOSTIC,    10, -5.356877253850e-01, 2.175477021882e-04, 6.7045e+00, 2.5896e-01, 
 2DIAGNOSTIC,    11, -5.356885581088e-01, 1.765316639462e-04, 6.9693e+00, 2.6477e-01, 
 2DIAGNOSTIC,    12, -5.356869457468e-01, 1.333584377630e-04, 7.2717e+00, 3.0243e-01, 
 2DIAGNOSTIC,    13, -5.356864670063e-01, 8.875919829184e-05, 7.6003e+00, 3.2856e-01, 
 2DIAGNOSTIC,    14, -5.356856504207e-01, 4.660247208092e-05, 7.9272e+00, 3.2693e-01, 
 2DIAGNOSTIC,    15, -5.356847994964e-01, 1.507616998492e-05, 8.2798e+00, 3.5265e-01, 
 2DIAGNOSTIC,    16, -5.356838041606e-01, 4.043387097211e-06, 8.5658e+00, 2.8596e-01, 
 2DIAGNOSTIC,    17, -5.356828088947e-01, 1.822664315733e-06, 8.8387e+00, 2.7287e-01, 
 2DIAGNOSTIC,    18, -5.356818743446e-01, 1.375566431198e-06, 9.1388e+00, 3.0008e-01, 
 2DIAGNOSTIC,    19, -5.356820865428e-01, 1.234725320459e-06, 9.4039e+00, 2.6512e-01, 
 2DIAGNOSTIC,    20, -5.356802584480e-01, 1.133285492810e-06, 9.6806e+00, 2.7668e-01, 
 2DIAGNOSTIC,    21, -5.356784869970e-01, 1.062749491014e-06, 9.9520e+00, 2.7142e-01, 
DIAGNOSTIC,Iteration,metricValue,convergenceValue,ITERATION_TIME_INDEX,SINCE_LAST
 2DIAGNOSTIC,     1, -4.892808045331e-01, 1.797693134862e+308, 1.2546e+01, 2.5942e+00, 
 2DIAGNOSTIC,     2, -4.893537019076e-01, 1.797693134862e+308, 1.4266e+01, 1.7202e+00, 
 2DIAGNOSTIC,     3, -4.896343563999e-01, 1.797693134862e+308, 1.6064e+01, 1.7979e+00, 
 2DIAGNOSTIC,     4, -4.896488880943e-01, 1.797693134862e+308, 1.7428e+01, 1.3641e+00, 
 2DIAGNOSTIC,     5, -4.896625684795e-01, 1.797693134862e+308, 1.8795e+01, 1.3666e+00, 
 2DIAGNOSTIC,     6, -4.897086829462e-01, 1.797693134862e+308, 2.0484e+01, 1.6888e+00, 
 2DIAGNOSTIC,     7, -4.897421639980e-01, 1.797693134862e+308, 2.2542e+01, 2.0582e+00, 
 2DIAGNOSTIC,     8, -4.897429464837e-01, 1.797693134862e+308, 2.4162e+01, 1.6201e+00, 
 2DIAGNOSTIC,     9, -4.897425399334e-01, 1.797693134862e+308, 2.6033e+01, 1.8705e+00, 
 2DIAGNOSTIC,    10, -4.897414759043e-01, 5.703359462197e-05, 2.7922e+01, 1.8896e+00, 
 2DIAGNOSTIC,    11, -4.897417064644e-01, 3.404636482077e-05, 2.9887e+01, 1.9645e+00, 
 2DIAGNOSTIC,    12, -4.897415610968e-01, 1.520960797759e-05, 3.1393e+01, 1.5066e+00, 
 2DIAGNOSTIC,    13, -4.897411822081e-01, 1.066713550887e-05, 3.3281e+01, 1.8878e+00, 
 2DIAGNOSTIC,    14, -4.897410947802e-01, 6.656250737910e-06, 3.5076e+01, 1.7951e+00, 
 2DIAGNOSTIC,    15, -4.897409898627e-01, 3.270814335460e-06, 3.6616e+01, 1.5398e+00, 
 2DIAGNOSTIC,    16, -4.897407707193e-01, 1.833210148183e-06, 3.8148e+01, 1.5319e+00, 
 2DIAGNOSTIC,    17, -4.897407939006e-01, 1.721636599027e-06, 3.9759e+01, 1.6106e+00, 
 2DIAGNOSTIC,    18, -4.897408214531e-01, 1.662575258632e-06, 4.1256e+01, 1.4975e+00, 
 2DIAGNOSTIC,    19, -4.897406160493e-01, 1.601677280978e-06, 4.2976e+01, 1.7196e+00, 
 2DIAGNOSTIC,    20, -4.897404151982e-01, 1.516776151483e-06, 4.4551e+01, 1.5753e+00, 
 2DIAGNOSTIC,    21, -4.897403193541e-01, 1.450732900692e-06, 4.6094e+01, 1.5435e+00, 
 2DIAGNOSTIC,    22, -4.897403534597e-01, 1.393895165382e-06, 4.7721e+01, 1.6268e+00, 
 2DIAGNOSTIC,    23, -4.897403939435e-01, 1.338151824556e-06, 4.9421e+01, 1.7001e+00, 
 2DIAGNOSTIC,    24, -4.897402936935e-01, 1.286798409973e-06, 5.1069e+01, 1.6476e+00, 
 2DIAGNOSTIC,    25, -4.897401891601e-01, 1.238687958642e-06, 5.2429e+01, 1.3601e+00, 
 2DIAGNOSTIC,    26, -4.897400927557e-01, 1.190438879417e-06, 5.3866e+01, 1.4372e+00, 
 2DIAGNOSTIC,    27, -4.897398938783e-01, 1.144956638915e-06, 5.5275e+01, 1.4091e+00, 
 2DIAGNOSTIC,    28, -4.897399507945e-01, 1.107703135175e-06, 5.6895e+01, 1.6196e+00, 
 2DIAGNOSTIC,    29, -4.897399140667e-01, 1.070891057331e-06, 5.8400e+01, 1.5053e+00, 
 2DIAGNOSTIC,    30, -4.897397327089e-01, 1.031699471125e-06, 5.9939e+01, 1.5392e+00, 
  Elapsed time (stage 0): 6.0785e+01


Total elapsed time: 6.0788e+01
Info [verificarlo]: loaded backend libinterflop_vprec.so
Info [interflop-vprec]: load backend with: 
Info [interflop-vprec]: precision-binary32 = 16
Info [interflop-vprec]: range-binary32 = 7
Info [interflop-vprec]: precision-binary64 = 16
Info [interflop-vprec]: range-binary64 = 7
Info [interflop-vprec]: mode = ob
Info [interflop-vprec]: error-mode = rel
Info [interflop-vprec]: max-abs-error-exponent = -1022
Info [interflop-vprec]: daz = false
Info [interflop-vprec]: ftz = false
Info [interflop-vprec]: 	instrument = none
Info [interflop-vprec]: 	prec-input-file = (null)
Info [interflop-vprec]: 	prec-output-file = (null)
Info [interflop-vprec]: 	prec-log-file = (null)
All_Command_lines_OK
Using double precision for computations.
=============================================================================
The composite transform comprises the following transforms (in order): 
  1. /home/mdugre/scratch/mri-registration-rp/datasets/ds004513/derivatives/mri-registration-rp/0011/antsRegistration-r7-p16/sub-s025/rigid_Composite.h5[0] (type = Euler3DTransform)
  2. /home/mdugre/scratch/mri-registration-rp/datasets/ds004513/derivatives/mri-registration-rp/0011/antsRegistration-r7-p16/sub-s025/rigid_Composite.h5[1] (type = Euler3DTransform)
  3. /home/mdugre/scratch/mri-registration-rp/datasets/ds004513/derivatives/mri-registration-rp/0011/antsRegistration-r7-p16/sub-s025/rigid_Composite.h5[2] (type = Euler3DTransform)
=============================================================================
  number of levels = 4
  fixed image: /templateflow/tpl-MNI152NLin2009cAsym/tpl-MNI152NLin2009cAsym_res-01_desc-brain_T1w.nii.gz
  moving image: /home/mdugre/scratch/mri-registration-rp/datasets/ds004513/derivatives/mri-registration-rp/antsBrainExtraction/sub-s025/BrainExtractionBrain.nii.gz
Dimension = 3
Number of stages = 1
Use histogram matching = false
Winsorize image intensities = true
  Lower quantile = 0.005
  Upper quantile = 0.995


Stage 1 State
   Image metric = MattesMI
     Fixed image = Image (0x4ea8490)
  RTTI typeinfo:   itk::Image<double, 3u>
  Reference Count: 2
  Modified Time: 1592
  Debug: Off
  Object Name: 
  Observers: 
    none
  Source: (none)
  Source output name: (none)
  Release Data: Off
  Data Released: False
  Global Release Data: Off
  PipelineMTime: 0
  UpdateMTime: 1203
  RealTimeStamp: 0 seconds 
  LargestPossibleRegion: 
    Dimension: 3
    Index: [0, 0, 0]
    Size: [193, 229, 193]
  BufferedRegion: 
    Dimension: 3
    Index: [0, 0, 0]
    Size: [193, 229, 193]
  RequestedRegion: 
    Dimension: 3
    Index: [0, 0, 0]
    Size: [193, 229, 193]
  Spacing: [1, 1, 1]
  Origin: [96, 132, -78]
  Direction: 
-1 0 0
0 -1 0
0 0 1

  IndexToPointMatrix: 
-1 0 0
0 -1 0
0 0 1

  PointToIndexMatrix: 
-1 0 0
0 -1 0
0 0 1

  Inverse Direction: 
-1 0 0
0 -1 0
0 0 1

  PixelContainer: 
    ImportImageContainer (0x4f738c0)
      RTTI typeinfo:   itk::ImportImageContainer<unsigned long, double>
      Reference Count: 1
      Modified Time: 1200
      Debug: Off
      Object Name: 
      Observers: 
        none
      Pointer: 0x146494b67010
      Container manages memory: true
      Size: 8530021
      Capacity: 8530021

     Moving image = Image (0x4f63b60)
  RTTI typeinfo:   itk::Image<double, 3u>
  Reference Count: 2
  Modified Time: 1593
  Debug: Off
  Object Name: 
  Observers: 
    none
  Source: (none)
  Source output name: (none)
  Release Data: Off
  Data Released: False
  Global Release Data: Off
  PipelineMTime: 0
  UpdateMTime: 1590
  RealTimeStamp: 0 seconds 
  LargestPossibleRegion: 
    Dimension: 3
    Index: [0, 0, 0]
    Size: [176, 240, 256]
  BufferedRegion: 
    Dimension: 3
    Index: [0, 0, 0]
    Size: [176, 240, 256]
  RequestedRegion: 
    Dimension: 3
    Index: [0, 0, 0]
    Size: [176, 240, 256]
  Spacing: [1, 1, 1]
  Origin: [90.3779, 84.5088, -154.07]
  Direction: 
-0.99939 7.48184e-06 -0.0348969
-7.47666e-06 -1 -2.79531e-07
-0.0348969 -1.84482e-08 0.99939

  IndexToPointMatrix: 
-0.99939 7.48184e-06 -0.0348969
-7.47666e-06 -1 -2.79531e-07
-0.0348969 -1.84482e-08 0.99939

  PointToIndexMatrix: 
-0.99939 -7.47666e-06 -0.0348969
7.47666e-06 -1 1.30496e-07
-0.0348969 -1.30494e-07 0.99939

  Inverse Direction: 
-0.99939 -7.47666e-06 -0.0348969
7.47666e-06 -1 1.30496e-07
-0.0348969 -1.30494e-07 0.99939

  PixelContainer: 
    ImportImageContainer (0x4ff71d0)
      RTTI typeinfo:   itk::ImportImageContainer<unsigned long, double>
      Reference Count: 1
      Modified Time: 1587
      Debug: Off
      Object Name: 
      Observers: 
        none
      Pointer: 0x14648f8e6010
      Container manages memory: true
      Size: 10813440
      Capacity: 10813440

     Weighting = 1
     Sampling strategy = regular
     Number of bins = 32
     Radius = 4
     Sampling percentage  = 0.25
   Transform = Affine
     Gradient step = 0.1
     Update field sigma (voxel space) = 0
     Total field sigma (voxel space) = 0
     Update field time sigma = 0
     Total field time sigma  = 0
     Number of time indices = 0
     Number of time point samples = 0
Registration using 1 total stages.

Stage 0
  iterations = 1000x500x250x100
  convergence threshold = 1e-06
  convergence window size = 10
  number of levels = 4
  using the Mattes MI metric (number of bins = 32, weight = 1, use gradient filter = 0)
  preprocessing:  winsorizing the image intensities
  Shrink factors (level 1 out of 4): [8, 8, 8]
  Shrink factors (level 2 out of 4): [4, 4, 4]
  Shrink factors (level 3 out of 4): [2, 2, 2]
  Shrink factors (level 4 out of 4): [1, 1, 1]
  smoothing sigmas per level: [3, 2, 1, 0]
  regular sampling (percentage = 0.25)

*** Running AffineTransform registration ***

DIAGNOSTIC,Iteration,metricValue,convergenceValue,ITERATION_TIME_INDEX,SINCE_LAST
 2DIAGNOSTIC,     1, -7.472958115751e-01, 1.797693134862e+308, 0.0000e+00, 0.0000e+00, 
 2DIAGNOSTIC,     2, -7.492298385430e-01, 1.797693134862e+308, 0.0000e+00, 0.0000e+00, 
 2DIAGNOSTIC,     3, -7.521675152452e-01, 1.797693134862e+308, 0.0000e+00, 0.0000e+00, 
 2DIAGNOSTIC,     4, -7.567948238081e-01, 1.797693134862e+308, 0.0000e+00, 0.0000e+00, 
 2DIAGNOSTIC,     5, -7.648605249040e-01, 1.797693134862e+308, 0.0000e+00, 0.0000e+00, 
 2DIAGNOSTIC,     6, -7.780780381449e-01, 1.797693134862e+308, 0.0000e+00, 0.0000e+00, 
 2DIAGNOSTIC,     7, -8.008031269911e-01, 1.797693134862e+308, 0.0000e+00, 0.0000e+00, 
 2DIAGNOSTIC,     8, -8.791515272947e-01, 1.797693134862e+308, 0.0000e+00, 0.0000e+00, 
 2DIAGNOSTIC,     9, -9.083929129096e-01, 1.797693134862e+308, 0.0000e+00, 0.0000e+00, 
 2DIAGNOSTIC,    10, -9.148122042552e-01, 1.477399382059e-02, 0.0000e+00, 0.0000e+00, 
 2DIAGNOSTIC,    11, -9.210309136458e-01, 1.512589239339e-02, 0.0000e+00, 0.0000e+00, 
 2DIAGNOSTIC,    12, -9.289021220608e-01, 1.433386082221e-02, 0.0000e+00, 0.0000e+00, 
 2DIAGNOSTIC,    13, -9.343382789434e-01, 1.257327724686e-02, 0.0000e+00, 0.0000e+00, 
 2DIAGNOSTIC,    14, -9.361053475801e-01, 1.010170268543e-02, 0.0000e+00, 0.0000e+00, 
 2DIAGNOSTIC,    15, -9.359123468012e-01, 7.279372962117e-03, 0.0000e+00, 0.0000e+00, 
 2DIAGNOSTIC,    16, -9.362105612184e-01, 4.477853047133e-03, 0.0000e+00, 0.0000e+00, 
 2DIAGNOSTIC,    17, -9.362402128904e-01, 2.031994854439e-03, 0.0000e+00, 0.0000e+00, 
 2DIAGNOSTIC,    18, -9.365922610317e-01, 1.121776218475e-03, 0.0000e+00, 0.0000e+00, 
 2DIAGNOSTIC,    19, -9.365701948375e-01, 7.159954917817e-04, 0.0000e+00, 0.0000e+00, 
 2DIAGNOSTIC,    20, -9.366100503541e-01, 3.934879310778e-04, 0.0000e+00, 0.0000e+00, 
 2DIAGNOSTIC,    21, -9.365712293304e-01, 1.613798320160e-04, 0.0000e+00, 0.0000e+00, 
 2DIAGNOSTIC,    22, -9.367553469713e-01, 5.376435319907e-05, 0.0000e+00, 0.0000e+00, 
 2DIAGNOSTIC,    23, -9.372124612932e-01, 3.334077018572e-05, 0.0000e+00, 0.0000e+00, 
 2DIAGNOSTIC,    24, -9.377615805579e-01, 4.284969196269e-05, 0.0000e+00, 0.0000e+00, 
 2DIAGNOSTIC,    25, -9.379453521582e-01, 4.741926788661e-05, 0.0000e+00, 0.0000e+00, 
 2DIAGNOSTIC,    26, -9.379033439139e-01, 5.060094965116e-05, 0.0000e+00, 0.0000e+00, 
 2DIAGNOSTIC,    27, -9.378125047344e-01, 4.814871776619e-05, 0.0000e+00, 0.0000e+00, 
 2DIAGNOSTIC,    28, -9.378875369986e-01, 4.628597347406e-05, 0.0000e+00, 0.0000e+00, 
 2DIAGNOSTIC,    29, -9.379909508192e-01, 4.104618843286e-05, 0.0000e+00, 0.0000e+00, 
 2DIAGNOSTIC,    30, -9.380550685127e-01, 3.353543643664e-05, 0.0000e+00, 0.0000e+00, 
 2DIAGNOSTIC,    31, -9.378566403195e-01, 2.113946064498e-05, 0.0000e+00, 0.0000e+00, 
 2DIAGNOSTIC,    32, -9.378097174097e-01, 9.077804393395e-06, 0.0000e+00, 0.0000e+00, 
DIAGNOSTIC,Iteration,metricValue,convergenceValue,ITERATION_TIME_INDEX,SINCE_LAST
 2DIAGNOSTIC,     1, -7.504865244479e-01, 1.797693134862e+308, 0.0000e+00, 0.0000e+00, 
 2DIAGNOSTIC,     2, -7.508324016846e-01, 1.797693134862e+308, 0.0000e+00, 0.0000e+00, 
 2DIAGNOSTIC,     3, -7.513281703675e-01, 1.797693134862e+308, 0.0000e+00, 0.0000e+00, 
 2DIAGNOSTIC,     4, -7.521295505441e-01, 1.797693134862e+308, 0.0000e+00, 0.0000e+00, 
 2DIAGNOSTIC,     5, -7.536587069522e-01, 1.797693134862e+308, 0.0000e+00, 0.0000e+00, 
 2DIAGNOSTIC,     6, -7.542773726722e-01, 1.797693134862e+308, 0.0000e+00, 0.0000e+00, 
 2DIAGNOSTIC,     7, -7.543473093183e-01, 1.797693134862e+308, 0.0000e+00, 0.0000e+00, 
 2DIAGNOSTIC,     8, -7.543434063681e-01, 1.797693134862e+308, 0.0000e+00, 0.0000e+00, 
 2DIAGNOSTIC,     9, -7.543277537989e-01, 1.797693134862e+308, 0.0000e+00, 0.0000e+00, 
 2DIAGNOSTIC,    10, -7.543528193526e-01, 3.871762915664e-04, 0.0000e+00, 0.0000e+00, 
 2DIAGNOSTIC,    11, -7.543629407113e-01, 2.789559348359e-04, 0.0000e+00, 0.0000e+00, 
 2DIAGNOSTIC,    12, -7.543659733197e-01, 1.755426400361e-04, 0.0000e+00, 0.0000e+00, 
 2DIAGNOSTIC,    13, -7.543804942453e-01, 8.742995958068e-05, 0.0000e+00, 0.0000e+00, 
 2DIAGNOSTIC,    14, -7.544046428854e-01, 2.549520618546e-05, 0.0000e+00, 0.0000e+00, 
 2DIAGNOSTIC,    15, -7.544511180906e-01, 8.881272349492e-06, 0.0000e+00, 0.0000e+00, 
 2DIAGNOSTIC,    16, -7.545133647060e-01, 9.696878831025e-06, 0.0000e+00, 0.0000e+00, 
 2DIAGNOSTIC,    17, -7.546116492316e-01, 1.342322084692e-05, 0.0000e+00, 0.0000e+00, 
 2DIAGNOSTIC,    18, -7.546197818592e-01, 1.574000563721e-05, 0.0000e+00, 0.0000e+00, 
 2DIAGNOSTIC,    19, -7.545960316594e-01, 1.575040529515e-05, 0.0000e+00, 0.0000e+00, 
 2DIAGNOSTIC,    20, -7.546014995536e-01, 1.505009017017e-05, 0.0000e+00, 0.0000e+00, 
 2DIAGNOSTIC,    21, -7.545975742377e-01, 1.324751184725e-05, 0.0000e+00, 0.0000e+00, 
 2DIAGNOSTIC,    22, -7.545937776444e-01, 1.047385957599e-05, 0.0000e+00, 0.0000e+00, 
 2DIAGNOSTIC,    23, -7.545951423293e-01, 7.366603605653e-06, 0.0000e+00, 0.0000e+00, 
 2DIAGNOSTIC,    24, -7.545951542568e-01, 4.355504101022e-06, 0.0000e+00, 0.0000e+00, 
 2DIAGNOSTIC,    25, -7.545950658953e-01, 1.992077462348e-06, 0.0000e+00, 0.0000e+00, 
DIAGNOSTIC,Iteration,metricValue,convergenceValue,ITERATION_TIME_INDEX,SINCE_LAST
 2DIAGNOSTIC,     1, -6.423395066926e-01, 1.797693134862e+308, 0.0000e+00, 0.0000e+00, 
 2DIAGNOSTIC,     2, -6.427705471849e-01, 1.797693134862e+308, 0.0000e+00, 0.0000e+00, 
 2DIAGNOSTIC,     3, -6.431291130322e-01, 1.797693134862e+308, 0.0000e+00, 0.0000e+00, 
 2DIAGNOSTIC,     4, -6.435227864008e-01, 1.797693134862e+308, 0.0000e+00, 0.0000e+00, 
 2DIAGNOSTIC,     5, -6.440619944183e-01, 1.797693134862e+308, 0.0000e+00, 0.0000e+00, 
 2DIAGNOSTIC,     6, -6.447273215083e-01, 1.797693134862e+308, 0.0000e+00, 0.0000e+00, 
 2DIAGNOSTIC,     7, -6.447803038736e-01, 1.797693134862e+308, 0.0000e+00, 0.0000e+00, 
 2DIAGNOSTIC,     8, -6.447809237665e-01, 1.797693134862e+308, 0.0000e+00, 0.0000e+00, 
 2DIAGNOSTIC,     9, -6.447930149166e-01, 1.797693134862e+308, 0.0000e+00, 0.0000e+00, 
 2DIAGNOSTIC,    10, -6.447905873507e-01, 2.712590768078e-04, 0.0000e+00, 0.0000e+00, 
 2DIAGNOSTIC,    11, -6.447965803438e-01, 1.919736573209e-04, 0.0000e+00, 0.0000e+00, 
 2DIAGNOSTIC,    12, -6.447959716597e-01, 1.247848763773e-04, 0.0000e+00, 0.0000e+00, 
 2DIAGNOSTIC,    13, -6.447976717312e-01, 6.934076479963e-05, 0.0000e+00, 0.0000e+00, 
 2DIAGNOSTIC,    14, -6.447950802027e-01, 2.785960335504e-05, 0.0000e+00, 0.0000e+00, 
 2DIAGNOSTIC,    15, -6.447951754430e-01, 4.897333427858e-06, 0.0000e+00, 0.0000e+00, 
 2DIAGNOSTIC,    16, -6.447947457920e-01, 2.844482344277e-06, 0.0000e+00, 0.0000e+00, 
 2DIAGNOSTIC,    17, -6.447964151136e-01, 2.372401823734e-06, 0.0000e+00, 0.0000e+00, 
 2DIAGNOSTIC,    18, -6.447964950636e-01, 1.913997937725e-06, 0.0000e+00, 0.0000e+00, 
 2DIAGNOSTIC,    19, -6.447962962390e-01, 1.769408499074e-06, 0.0000e+00, 0.0000e+00, 
 2DIAGNOSTIC,    20, -6.447974803901e-01, 1.599570511532e-06, 0.0000e+00, 0.0000e+00, 
 2DIAGNOSTIC,    21, -6.447988426187e-01, 1.597712971056e-06, 0.0000e+00, 0.0000e+00, 
 2DIAGNOSTIC,    22, -6.447967982269e-01, 1.531443839888e-06, 0.0000e+00, 0.0000e+00, 
 2DIAGNOSTIC,    23, -6.447997467612e-01, 1.554117625181e-06, 0.0000e+00, 0.0000e+00, 
 2DIAGNOSTIC,    24, -6.447961001045e-01, 1.442067943509e-06, 0.0000e+00, 0.0000e+00, 
 2DIAGNOSTIC,    25, -6.447948499093e-01, 1.308833484384e-06, 0.0000e+00, 0.0000e+00, 
 2DIAGNOSTIC,    26, -6.447941116020e-01, 1.161266202740e-06, 0.0000e+00, 0.0000e+00, 
 2DIAGNOSTIC,    27, -6.447932617687e-01, 1.042731796651e-06, 0.0000e+00, 0.0000e+00, 
DIAGNOSTIC,Iteration,metricValue,convergenceValue,ITERATION_TIME_INDEX,SINCE_LAST
 2DIAGNOSTIC,     1, -5.761215799039e-01, 1.797693134862e+308, 0.0000e+00, 0.0000e+00, 
 2DIAGNOSTIC,     2, -5.766052532186e-01, 1.797693134862e+308, 0.0000e+00, 0.0000e+00, 
 2DIAGNOSTIC,     3, -5.771680855323e-01, 1.797693134862e+308, 0.0000e+00, 0.0000e+00, 
 2DIAGNOSTIC,     4, -5.778258386778e-01, 1.797693134862e+308, 0.0000e+00, 0.0000e+00, 
 2DIAGNOSTIC,     5, -5.787269689982e-01, 1.797693134862e+308, 0.0000e+00, 0.0000e+00, 
 2DIAGNOSTIC,     6, -5.802425006827e-01, 1.797693134862e+308, 0.0000e+00, 0.0000e+00, 
 2DIAGNOSTIC,     7, -5.802522230156e-01, 1.797693134862e+308, 0.0000e+00, 0.0000e+00, 
 2DIAGNOSTIC,     8, -5.802501740706e-01, 1.797693134862e+308, 0.0000e+00, 0.0000e+00, 
 2DIAGNOSTIC,     9, -5.802504986670e-01, 1.797693134862e+308, 0.0000e+00, 0.0000e+00, 
 2DIAGNOSTIC,    10, -5.802481311824e-01, 5.363633507749e-04, 0.0000e+00, 0.0000e+00, 
 2DIAGNOSTIC,    11, -5.802460604568e-01, 3.932475592377e-04, 0.0000e+00, 0.0000e+00, 
 2DIAGNOSTIC,    12, -5.802459264899e-01, 2.588461636687e-04, 0.0000e+00, 0.0000e+00, 
 2DIAGNOSTIC,    13, -5.802441023044e-01, 1.438406478750e-04, 0.0000e+00, 0.0000e+00, 
