
##########################
# Experiment information #
##########################

EXPERIMENT_NAME: antsRegistration-r7-p22
VFC_BACKENDS: libinterflop_vprec.so --range-binary32=7 --precision-binary32=22 --range-binary64=7 --precision-binary64=22

SIF_IMG: /home/mdugre/projects/rrg-glatard/mdugre/containers/ants-vprec-no_metrics.simg

SUBJECT_ID: s035
INPUT_IMG: /home/mdugre/scratch/mri-registration-rp/datasets/ds004513/derivatives/mri-registration-rp/antsBrainExtraction/sub-s035/BrainExtractionBrain.nii.gz
OUTPUT_DIR: /home/mdugre/scratch/mri-registration-rp/datasets/ds004513/derivatives/mri-registration-rp/0011/antsRegistration-r7-p22/sub-s035

FIXED_IMG: /templateflow/tpl-MNI152NLin2009cAsym/tpl-MNI152NLin2009cAsym_res-01_desc-brain_T1w.nii.gz
DATA_DIR: /home/mdugre/scratch/mri-registration-rp/datasets/ds004513
TEMPLATEFLOW_DIR: /home/mdugre/projects/rrg-glatard/mdugre/templateflow
ITK_GLOBAL_DEFAULT_NUMBER_OF_THREADS: 16
##########################

Info [verificarlo]: loaded backend libinterflop_ieee.so
Info [interflop-ieee]: load backend with:
Info [interflop-ieee]: debug = false
Info [interflop-ieee]: debug-binary = false
Info [interflop-ieee]: no-backend-name = false
Info [interflop-ieee]: print-new-line = false
Info [interflop-ieee]: print-subnormal-normalized = false
Info [interflop-ieee]: count-op = false
All_Command_lines_OK
Using double precision for computations.
=============================================================================
The composite transform comprises the following transforms (in order): 
  1. Center of mass alignment using fixed image: /templateflow/tpl-MNI152NLin2009cAsym/tpl-MNI152NLin2009cAsym_res-01_desc-brain_T1w.nii.gz and moving image: /home/mdugre/scratch/mri-registration-rp/datasets/ds004513/derivatives/mri-registration-rp/antsBrainExtraction/sub-s035/BrainExtractionBrain.nii.gz (type = Euler3DTransform)
=============================================================================
  number of levels = 1
  fixed image: /templateflow/tpl-MNI152NLin2009cAsym/tpl-MNI152NLin2009cAsym_res-01_desc-brain_T1w.nii.gz
  moving image: /home/mdugre/scratch/mri-registration-rp/datasets/ds004513/derivatives/mri-registration-rp/antsBrainExtraction/sub-s035/BrainExtractionBrain.nii.gz
Dimension = 3
Number of stages = 1
Use histogram matching = false
Winsorize image intensities = true
  Lower quantile = 0.005
  Upper quantile = 0.995


Stage 1 State
   Image metric = MattesMI
     Fixed image = Image (0x32ede70)
  RTTI typeinfo:   itk::Image<double, 3u>
  Reference Count: 2
  Modified Time: 2330
  Debug: Off
  Object Name: 
  Observers: 
    none
  Source: (none)
  Source output name: (none)
  Release Data: Off
  Data Released: False
  Global Release Data: Off
  PipelineMTime: 0
  UpdateMTime: 1941
  RealTimeStamp: 0 seconds 
  LargestPossibleRegion: 
    Dimension: 3
    Index: [0, 0, 0]
    Size: [193, 229, 193]
  BufferedRegion: 
    Dimension: 3
    Index: [0, 0, 0]
    Size: [193, 229, 193]
  RequestedRegion: 
    Dimension: 3
    Index: [0, 0, 0]
    Size: [193, 229, 193]
  Spacing: [1, 1, 1]
  Origin: [96, 132, -78]
  Direction: 
-1 0 0
0 -1 0
0 0 1

  IndexToPointMatrix: 
-1 0 0
0 -1 0
0 0 1

  PointToIndexMatrix: 
-1 0 0
0 -1 0
0 0 1

  Inverse Direction: 
-1 0 0
0 -1 0
0 0 1

  PixelContainer: 
    ImportImageContainer (0x32f6c60)
      RTTI typeinfo:   itk::ImportImageContainer<unsigned long, double>
      Reference Count: 1
      Modified Time: 1938
      Debug: Off
      Object Name: 
      Observers: 
        none
      Pointer: 0x14726092f010
      Container manages memory: true
      Size: 8530021
      Capacity: 8530021

     Moving image = Image (0x338aec0)
  RTTI typeinfo:   itk::Image<double, 3u>
  Reference Count: 2
  Modified Time: 2331
  Debug: Off
  Object Name: 
  Observers: 
    none
  Source: (none)
  Source output name: (none)
  Release Data: Off
  Data Released: False
  Global Release Data: Off
  PipelineMTime: 0
  UpdateMTime: 2328
  RealTimeStamp: 0 seconds 
  LargestPossibleRegion: 
    Dimension: 3
    Index: [0, 0, 0]
    Size: [160, 240, 256]
  BufferedRegion: 
    Dimension: 3
    Index: [0, 0, 0]
    Size: [160, 240, 256]
  RequestedRegion: 
    Dimension: 3
    Index: [0, 0, 0]
    Size: [160, 240, 256]
  Spacing: [1, 1, 1]
  Origin: [98.6438, 87.6358, -117.989]
  Direction: 
-0.993515 -0.100993 -0.0522355
0.100854 -0.994887 0.00530255
-0.0525039 1.93537e-08 0.998621

  IndexToPointMatrix: 
-0.993515 -0.100993 -0.0522355
0.100854 -0.994887 0.00530255
-0.0525039 1.93537e-08 0.998621

  PointToIndexMatrix: 
-0.993515 0.100854 -0.0525039
-0.100993 -0.994887 1.93006e-08
-0.0522355 0.00530255 0.998621

  Inverse Direction: 
-0.993515 0.100854 -0.0525039
-0.100993 -0.994887 1.93006e-08
-0.0522355 0.00530255 0.998621

  PixelContainer: 
    ImportImageContainer (0x3422610)
      RTTI typeinfo:   itk::ImportImageContainer<unsigned long, double>
      Reference Count: 1
      Modified Time: 2325
      Debug: Off
      Object Name: 
      Observers: 
        none
      Pointer: 0x14725be2e010
      Container manages memory: true
      Size: 9830400
      Capacity: 9830400

     Weighting = 1
     Sampling strategy = regular
     Number of bins = 32
     Radius = 4
     Sampling percentage  = 0.25
   Transform = Rigid
     Gradient step = 0.1
     Update field sigma (voxel space) = 0
     Total field sigma (voxel space) = 0
     Update field time sigma = 0
     Total field time sigma  = 0
     Number of time indices = 0
     Number of time point samples = 0
Registration using 1 total stages.

Stage 0
  iterations = 0
  convergence threshold = 1e-06
  convergence window size = 10
  number of levels = 1
  using the Mattes MI metric (number of bins = 32, weight = 1, use gradient filter = 0)
  preprocessing:  winsorizing the image intensities
  Shrink factors (level 1 out of 1): [1, 1, 1]
  smoothing sigmas per level: [0]
  regular sampling (percentage = 0.25)

*** Running Euler3DTransform registration ***

  Elapsed time (stage 0): 1.2001


Total elapsed time: 1.20246
Info [verificarlo]: loaded backend libinterflop_ieee.so
Info [interflop-ieee]: load backend with:
Info [interflop-ieee]: debug = false
Info [interflop-ieee]: debug-binary = false
Info [interflop-ieee]: no-backend-name = false
Info [interflop-ieee]: print-new-line = false
Info [interflop-ieee]: print-subnormal-normalized = false
Info [interflop-ieee]: count-op = false
All_Command_lines_OK
Using double precision for computations.
=============================================================================
The composite transform comprises the following transforms (in order): 
  1. /home/mdugre/scratch/mri-registration-rp/datasets/ds004513/derivatives/mri-registration-rp/0011/antsRegistration-r7-p22/sub-s035/align_Composite.h5[0] (type = Euler3DTransform)
  2. /home/mdugre/scratch/mri-registration-rp/datasets/ds004513/derivatives/mri-registration-rp/0011/antsRegistration-r7-p22/sub-s035/align_Composite.h5[1] (type = Euler3DTransform)
=============================================================================
  number of levels = 4
  fixed image: /templateflow/tpl-MNI152NLin2009cAsym/tpl-MNI152NLin2009cAsym_res-01_desc-brain_T1w.nii.gz
  moving image: /home/mdugre/scratch/mri-registration-rp/datasets/ds004513/derivatives/mri-registration-rp/antsBrainExtraction/sub-s035/BrainExtractionBrain.nii.gz
Dimension = 3
Number of stages = 1
Use histogram matching = false
Winsorize image intensities = true
  Lower quantile = 0.005
  Upper quantile = 0.995


Stage 1 State
   Image metric = MattesMI
     Fixed image = Image (0x4c0d530)
  RTTI typeinfo:   itk::Image<double, 3u>
  Reference Count: 2
  Modified Time: 1578
  Debug: Off
  Object Name: 
  Observers: 
    none
  Source: (none)
  Source output name: (none)
  Release Data: Off
  Data Released: False
  Global Release Data: Off
  PipelineMTime: 0
  UpdateMTime: 1189
  RealTimeStamp: 0 seconds 
  LargestPossibleRegion: 
    Dimension: 3
    Index: [0, 0, 0]
    Size: [193, 229, 193]
  BufferedRegion: 
    Dimension: 3
    Index: [0, 0, 0]
    Size: [193, 229, 193]
  RequestedRegion: 
    Dimension: 3
    Index: [0, 0, 0]
    Size: [193, 229, 193]
  Spacing: [1, 1, 1]
  Origin: [96, 132, -78]
  Direction: 
-1 0 0
0 -1 0
0 0 1

  IndexToPointMatrix: 
-1 0 0
0 -1 0
0 0 1

  PointToIndexMatrix: 
-1 0 0
0 -1 0
0 0 1

  Inverse Direction: 
-1 0 0
0 -1 0
0 0 1

  PixelContainer: 
    ImportImageContainer (0x4ccbd60)
      RTTI typeinfo:   itk::ImportImageContainer<unsigned long, double>
      Reference Count: 1
      Modified Time: 1186
      Debug: Off
      Object Name: 
      Observers: 
        none
      Pointer: 0x14579555e010
      Container manages memory: true
      Size: 8530021
      Capacity: 8530021

     Moving image = Image (0x4cbdf60)
  RTTI typeinfo:   itk::Image<double, 3u>
  Reference Count: 2
  Modified Time: 1579
  Debug: Off
  Object Name: 
  Observers: 
    none
  Source: (none)
  Source output name: (none)
  Release Data: Off
  Data Released: False
  Global Release Data: Off
  PipelineMTime: 0
  UpdateMTime: 1576
  RealTimeStamp: 0 seconds 
  LargestPossibleRegion: 
    Dimension: 3
    Index: [0, 0, 0]
    Size: [160, 240, 256]
  BufferedRegion: 
    Dimension: 3
    Index: [0, 0, 0]
    Size: [160, 240, 256]
  RequestedRegion: 
    Dimension: 3
    Index: [0, 0, 0]
    Size: [160, 240, 256]
  Spacing: [1, 1, 1]
  Origin: [98.6438, 87.6358, -117.989]
  Direction: 
-0.993515 -0.100993 -0.0522355
0.100854 -0.994887 0.00530255
-0.0525039 1.93537e-08 0.998621

  IndexToPointMatrix: 
-0.993515 -0.100993 -0.0522355
0.100854 -0.994887 0.00530255
-0.0525039 1.93537e-08 0.998621

  PointToIndexMatrix: 
-0.993515 0.100854 -0.0525039
-0.100993 -0.994887 1.93006e-08
-0.0522355 0.00530255 0.998621

  Inverse Direction: 
-0.993515 0.100854 -0.0525039
-0.100993 -0.994887 1.93006e-08
-0.0522355 0.00530255 0.998621

  PixelContainer: 
    ImportImageContainer (0x4caf6d0)
      RTTI typeinfo:   itk::ImportImageContainer<unsigned long, double>
      Reference Count: 1
      Modified Time: 1573
      Debug: Off
      Object Name: 
      Observers: 
        none
      Pointer: 0x145790a5d010
      Container manages memory: true
      Size: 9830400
      Capacity: 9830400

     Weighting = 1
     Sampling strategy = regular
     Number of bins = 32
     Radius = 4
     Sampling percentage  = 0.25
   Transform = Rigid
     Gradient step = 0.1
     Update field sigma (voxel space) = 0
     Total field sigma (voxel space) = 0
     Update field time sigma = 0
     Total field time sigma  = 0
     Number of time indices = 0
     Number of time point samples = 0
Registration using 1 total stages.

Stage 0
  iterations = 1000x500x250x100
  convergence threshold = 1e-06
  convergence window size = 10
  number of levels = 4
  using the Mattes MI metric (number of bins = 32, weight = 1, use gradient filter = 0)
  preprocessing:  winsorizing the image intensities
  Shrink factors (level 1 out of 4): [8, 8, 8]
  Shrink factors (level 2 out of 4): [4, 4, 4]
  Shrink factors (level 3 out of 4): [2, 2, 2]
  Shrink factors (level 4 out of 4): [1, 1, 1]
  smoothing sigmas per level: [3, 2, 1, 0]
  regular sampling (percentage = 0.25)

*** Running Euler3DTransform registration ***

DIAGNOSTIC,Iteration,metricValue,convergenceValue,ITERATION_TIME_INDEX,SINCE_LAST
 2DIAGNOSTIC,     1, -5.238630234552e-01, 1.797693134862e+308, 8.8644e-01, 8.8644e-01, 
 2DIAGNOSTIC,     2, -5.257885820767e-01, 1.797693134862e+308, 8.9170e-01, 5.2621e-03, 
 2DIAGNOSTIC,     3, -5.278597554839e-01, 1.797693134862e+308, 8.9713e-01, 5.4319e-03, 
 2DIAGNOSTIC,     4, -5.302176117225e-01, 1.797693134862e+308, 9.0238e-01, 5.2500e-03, 
 2DIAGNOSTIC,     5, -5.343462816845e-01, 1.797693134862e+308, 9.0756e-01, 5.1761e-03, 
 2DIAGNOSTIC,     6, -5.399239396740e-01, 1.797693134862e+308, 9.1285e-01, 5.2931e-03, 
 2DIAGNOSTIC,     7, -5.490554822001e-01, 1.797693134862e+308, 9.1822e-01, 5.3649e-03, 
 2DIAGNOSTIC,     8, -5.545204224448e-01, 1.797693134862e+308, 9.2501e-01, 6.7921e-03, 
 2DIAGNOSTIC,     9, -5.601437715553e-01, 1.797693134862e+308, 9.3035e-01, 5.3430e-03, 
 2DIAGNOSTIC,    10, -5.617741193774e-01, 5.067640484485e-03, 9.3582e-01, 5.4669e-03, 
 2DIAGNOSTIC,    11, -5.649562249041e-01, 4.796539612083e-03, 9.4255e-01, 6.7339e-03, 
 2DIAGNOSTIC,    12, -5.658710903081e-01, 4.260783098155e-03, 9.4876e-01, 6.2070e-03, 
 2DIAGNOSTIC,    13, -5.662828333056e-01, 3.524744036645e-03, 9.5381e-01, 5.0550e-03, 
 2DIAGNOSTIC,    14, -5.685908474577e-01, 2.751340472952e-03, 9.6031e-01, 6.4929e-03, 
 2DIAGNOSTIC,    15, -5.732745043306e-01, 2.134644679428e-03, 9.6865e-01, 8.3420e-03, 
 2DIAGNOSTIC,    16, -5.738084427846e-01, 1.591333148336e-03, 9.7534e-01, 6.6960e-03, 
 2DIAGNOSTIC,    17, -5.739093703465e-01, 1.247363567741e-03, 9.8061e-01, 5.2669e-03, 
 2DIAGNOSTIC,    18, -5.745773598458e-01, 1.002163966316e-03, 9.8613e-01, 5.5170e-03, 
 2DIAGNOSTIC,    19, -5.752045522722e-01, 8.579763081914e-04, 9.9138e-01, 5.2521e-03, 
 2DIAGNOSTIC,    20, -5.755578777726e-01, 6.955845773847e-04, 9.9668e-01, 5.3029e-03, 
 2DIAGNOSTIC,    21, -5.761681227724e-01, 5.767135182665e-04, 1.0020e+00, 5.2910e-03, 
 2DIAGNOSTIC,    22, -5.775610178280e-01, 4.707067062488e-04, 1.0074e+00, 5.3999e-03, 
 2DIAGNOSTIC,    23, -5.801876522128e-01, 3.965856196676e-04, 1.0131e+00, 5.7690e-03, 
 2DIAGNOSTIC,    24, -5.873578871726e-01, 4.881452203092e-04, 1.0209e+00, 7.7791e-03, 
 2DIAGNOSTIC,    25, -5.924052233422e-01, 7.199711433302e-04, 1.0282e+00, 7.2401e-03, 
 2DIAGNOSTIC,    26, -5.933789722465e-01, 8.944842697636e-04, 1.0349e+00, 6.7570e-03, 
 2DIAGNOSTIC,    27, -5.948140362529e-01, 1.002036484203e-03, 1.0407e+00, 5.8060e-03, 
 2DIAGNOSTIC,    28, -5.954370004490e-01, 1.029952320635e-03, 1.0458e+00, 5.0921e-03, 
 2DIAGNOSTIC,    29, -5.955619965566e-01, 9.699000560804e-04, 1.0510e+00, 5.1560e-03, 
 2DIAGNOSTIC,    30, -5.960977142384e-01, 8.366692958181e-04, 1.0563e+00, 5.3170e-03, 
 2DIAGNOSTIC,    31, -5.971105016099e-01, 6.606986234138e-04, 1.0623e+00, 6.0179e-03, 
 2DIAGNOSTIC,    32, -5.989728413273e-01, 4.853112632026e-04, 1.0706e+00, 8.2579e-03, 
 2DIAGNOSTIC,    33, -5.996340170962e-01, 3.222359245014e-04, 1.0757e+00, 5.1420e-03, 
 2DIAGNOSTIC,    34, -5.997688324635e-01, 2.443793010296e-04, 1.0812e+00, 5.5311e-03, 
 2DIAGNOSTIC,    35, -5.999328162606e-01, 2.224308783063e-04, 1.0878e+00, 6.5110e-03, 
 2DIAGNOSTIC,    36, -6.001598298402e-01, 1.965988101574e-04, 1.0929e+00, 5.1680e-03, 
 2DIAGNOSTIC,    37, -6.004938012851e-01, 1.767006113275e-04, 1.0991e+00, 6.2182e-03, 
 2DIAGNOSTIC,    38, -6.008280010043e-01, 1.536048157773e-04, 1.1044e+00, 5.2640e-03, 
 2DIAGNOSTIC,    39, -6.038559363949e-01, 1.574331427090e-04, 1.1105e+00, 6.0802e-03, 
 2DIAGNOSTIC,    40, -6.077047304706e-01, 1.993081267858e-04, 1.1155e+00, 5.0170e-03, 
 2DIAGNOSTIC,    41, -6.174632710425e-01, 3.481387245809e-04, 1.1225e+00, 7.0231e-03, 
 2DIAGNOSTIC,    42, -6.161977799502e-01, 4.608906360120e-04, 1.1324e+00, 9.9080e-03, 
 2DIAGNOSTIC,    43, -6.161564449812e-01, 5.335369371175e-04, 1.1372e+00, 4.7650e-03, 
 2DIAGNOSTIC,    44, -6.170772153471e-01, 5.644818516475e-04, 1.1419e+00, 4.7030e-03, 
 2DIAGNOSTIC,    45, -6.185357220142e-01, 5.560473186890e-04, 1.1466e+00, 4.7259e-03, 
 2DIAGNOSTIC,    46, -6.206472568095e-01, 5.180556473433e-04, 1.1513e+00, 4.6310e-03, 
 2DIAGNOSTIC,    47, -6.234100403448e-01, 4.649603239846e-04, 1.1560e+00, 4.7491e-03, 
 2DIAGNOSTIC,    48, -6.282459753700e-01, 4.232183585850e-04, 1.1610e+00, 5.0449e-03, 
 2DIAGNOSTIC,    49, -6.332856954757e-01, 4.219354753858e-04, 1.1657e+00, 4.6530e-03, 
 2DIAGNOSTIC,    50, -6.437673354392e-01, 5.158702865507e-04, 1.1708e+00, 5.0740e-03, 
 2DIAGNOSTIC,    51, -6.567709946401e-01, 7.709774363344e-04, 1.1758e+00, 5.0218e-03, 
 2DIAGNOSTIC,    52, -6.630139270441e-01, 9.856117552292e-04, 1.1814e+00, 5.6438e-03, 
 2DIAGNOSTIC,    53, -6.637658023589e-01, 1.103855009782e-03, 1.1862e+00, 4.7328e-03, 
 2DIAGNOSTIC,    54, -6.646848094623e-01, 1.129224682331e-03, 1.1910e+00, 4.8089e-03, 
 2DIAGNOSTIC,    55, -6.699954923835e-01, 1.103370406041e-03, 1.1995e+00, 8.4910e-03, 
 2DIAGNOSTIC,    56, -6.720090011160e-01, 1.005089982331e-03, 1.2063e+00, 6.8550e-03, 
 2DIAGNOSTIC,    57, -6.720481790078e-01, 8.375240049924e-04, 1.2109e+00, 4.5741e-03, 
 2DIAGNOSTIC,    58, -6.725919640416e-01, 6.425666238040e-04, 1.2156e+00, 4.6830e-03, 
 2DIAGNOSTIC,    59, -6.729036417519e-01, 4.360795764594e-04, 1.2201e+00, 4.5328e-03, 
 2DIAGNOSTIC,    60, -6.731488742011e-01, 2.773043399830e-04, 1.2248e+00, 4.6391e-03, 
 2DIAGNOSTIC,    61, -6.734259077272e-01, 1.993310011259e-04, 1.2293e+00, 4.4971e-03, 
 2DIAGNOSTIC,    62, -6.739132113857e-01, 1.568959886971e-04, 1.2338e+00, 4.5471e-03, 
 2DIAGNOSTIC,    63, -6.762843122420e-01, 1.247261540887e-04, 1.2403e+00, 6.5322e-03, 
 2DIAGNOSTIC,    64, -6.766381443772e-01, 8.969329252319e-05, 1.2450e+00, 4.6871e-03, 
 2DIAGNOSTIC,    65, -6.771215095434e-01, 8.898248655290e-05, 1.2496e+00, 4.5431e-03, 
 2DIAGNOSTIC,    66, -6.778537131540e-01, 9.953380443298e-05, 1.2548e+00, 5.2209e-03, 
 2DIAGNOSTIC,    67, -6.792268526600e-01, 1.098307293658e-04, 1.2613e+00, 6.4788e-03, 
 2DIAGNOSTIC,    68, -6.807680537233e-01, 1.231388437175e-04, 1.2658e+00, 4.5669e-03, 
 2DIAGNOSTIC,    69, -6.815199225182e-01, 1.312161333839e-04, 1.2705e+00, 4.6358e-03, 
 2DIAGNOSTIC,    70, -6.818104372241e-01, 1.303106150601e-04, 1.2919e+00, 2.1466e-02, 
 2DIAGNOSTIC,    71, -6.820509930526e-01, 1.205018900079e-04, 1.2980e+00, 6.0520e-03, 
 2DIAGNOSTIC,    72, -6.822316697852e-01, 1.032397328205e-04, 1.3027e+00, 4.7541e-03, 
 2DIAGNOSTIC,    73, -6.825798701254e-01, 9.372164888766e-05, 1.3091e+00, 6.3200e-03, 
 2DIAGNOSTIC,    74, -6.826264034677e-01, 7.797259282206e-05, 1.3138e+00, 4.7100e-03, 
 2DIAGNOSTIC,    75, -6.826914639690e-01, 5.871111644263e-05, 1.3183e+00, 4.5309e-03, 
 2DIAGNOSTIC,    76, -6.828123430566e-01, 3.951701116446e-05, 1.3229e+00, 4.5569e-03, 
 2DIAGNOSTIC,    77, -6.832344979338e-01, 2.762897341421e-05, 1.3275e+00, 4.6570e-03, 
 2DIAGNOSTIC,    78, -6.838171475286e-01, 2.580847515397e-05, 1.3344e+00, 6.9208e-03, 
 2DIAGNOSTIC,    79, -6.837376036760e-01, 2.542047422686e-05, 1.3389e+00, 4.4620e-03, 
 2DIAGNOSTIC,    80, -6.837940675764e-01, 2.471283094104e-05, 1.3434e+00, 4.4558e-03, 
 2DIAGNOSTIC,    81, -6.839726223389e-01, 2.406995073836e-05, 1.3479e+00, 4.5559e-03, 
 2DIAGNOSTIC,    82, -6.841107452569e-01, 2.280986411232e-05, 1.3526e+00, 4.7009e-03, 
 2DIAGNOSTIC,    83, -6.851044826123e-01, 2.675622688839e-05, 1.3598e+00, 7.2091e-03, 
 2DIAGNOSTIC,    84, -6.858177222570e-01, 3.208666893793e-05, 1.3656e+00, 5.7559e-03, 
 2DIAGNOSTIC,    85, -6.861554561508e-01, 3.640189801349e-05, 1.3729e+00, 7.3180e-03, 
 2DIAGNOSTIC,    86, -6.861557555454e-01, 3.779982015313e-05, 1.3773e+00, 4.4281e-03, 
 2DIAGNOSTIC,    87, -6.861667711580e-01, 3.777579332020e-05, 1.3821e+00, 4.7510e-03, 
 2DIAGNOSTIC,    88, -6.861798162330e-01, 3.717308604242e-05, 1.3869e+00, 4.7910e-03, 
 2DIAGNOSTIC,    89, -6.861875198013e-01, 3.259183189780e-05, 1.3922e+00, 5.3260e-03, 
 2DIAGNOSTIC,    90, -6.861913512511e-01, 2.533721264259e-05, 1.3966e+00, 4.4560e-03, 
 2DIAGNOSTIC,    91, -6.861983487352e-01, 1.686195830967e-05, 1.4012e+00, 4.5741e-03, 
 2DIAGNOSTIC,    92, -6.862112568406e-01, 7.666166533608e-06, 1.4057e+00, 4.4971e-03, 
 2DIAGNOSTIC,    93, -6.862266795165e-01, 2.806139678268e-06, 1.4102e+00, 4.4799e-03, 
 2DIAGNOSTIC,    94, -6.862421073726e-01, 1.277947288963e-06, 1.4153e+00, 5.1169e-03, 
 2DIAGNOSTIC,    95, -6.863402938120e-01, 1.768549402936e-06, 1.4209e+00, 5.6190e-03, 
 2DIAGNOSTIC,    96, -6.863402882550e-01, 2.101521494071e-06, 1.4255e+00, 4.5459e-03, 
 2DIAGNOSTIC,    97, -6.863405210065e-01, 2.315139454416e-06, 1.4301e+00, 4.5972e-03, 
 2DIAGNOSTIC,    98, -6.863412508550e-01, 2.403196788448e-06, 1.4352e+00, 5.1169e-03, 
 2DIAGNOSTIC,    99, -6.863464035620e-01, 2.346984607734e-06, 1.4424e+00, 7.2181e-03, 
 2DIAGNOSTIC,   100, -6.863467142922e-01, 2.109903034880e-06, 1.4485e+00, 6.0611e-03, 
 2DIAGNOSTIC,   101, -6.863467181186e-01, 1.737203060851e-06, 1.4626e+00, 1.4122e-02, 
 2DIAGNOSTIC,   102, -6.863467181186e-01, 1.300372425683e-06, 1.4724e+00, 9.8290e-03, 
DIAGNOSTIC,Iteration,metricValue,convergenceValue,ITERATION_TIME_INDEX,SINCE_LAST
 2DIAGNOSTIC,     1, -5.582141355398e-01, 1.797693134862e+308, 2.2555e+00, 7.8303e-01, 
 2DIAGNOSTIC,     2, -5.585619440277e-01, 1.797693134862e+308, 2.2878e+00, 3.2395e-02, 
 2DIAGNOSTIC,     3, -5.591139300552e-01, 1.797693134862e+308, 2.3193e+00, 3.1437e-02, 
 2DIAGNOSTIC,     4, -5.598092084496e-01, 1.797693134862e+308, 2.3556e+00, 3.6310e-02, 
 2DIAGNOSTIC,     5, -5.608433158909e-01, 1.797693134862e+308, 2.3914e+00, 3.5814e-02, 
 2DIAGNOSTIC,     6, -5.612139589737e-01, 1.797693134862e+308, 2.4233e+00, 3.1918e-02, 
 2DIAGNOSTIC,     7, -5.624509232232e-01, 1.797693134862e+308, 2.4647e+00, 4.1363e-02, 
 2DIAGNOSTIC,     8, -5.635381102155e-01, 1.797693134862e+308, 2.4968e+00, 3.2090e-02, 
 2DIAGNOSTIC,     9, -5.652213088370e-01, 1.797693134862e+308, 2.5320e+00, 3.5257e-02, 
 2DIAGNOSTIC,    10, -5.659873119427e-01, 9.138487780438e-04, 2.5819e+00, 4.9907e-02, 
 2DIAGNOSTIC,    11, -5.659921802829e-01, 8.626295070270e-04, 2.6152e+00, 3.3303e-02, 
 2DIAGNOSTIC,    12, -5.660793938495e-01, 7.621047462764e-04, 2.6505e+00, 3.5233e-02, 
 2DIAGNOSTIC,    13, -5.660747048197e-01, 6.290734783888e-04, 2.6859e+00, 3.5451e-02, 
 2DIAGNOSTIC,    14, -5.660668638163e-01, 4.816550518420e-04, 2.7170e+00, 3.1057e-02, 
 2DIAGNOSTIC,    15, -5.660831388132e-01, 3.457465150535e-04, 2.7521e+00, 3.5097e-02, 
 2DIAGNOSTIC,    16, -5.660870938453e-01, 2.072649466063e-04, 2.7873e+00, 3.5223e-02, 
 2DIAGNOSTIC,    17, -5.661138964672e-01, 1.037669993551e-04, 2.8219e+00, 3.4612e-02, 
 2DIAGNOSTIC,    18, -5.661059908066e-01, 3.154141269014e-05, 2.8582e+00, 3.6308e-02, 
 2DIAGNOSTIC,    19, -5.660964442818e-01, 8.083665857292e-06, 2.8934e+00, 3.5136e-02, 
 2DIAGNOSTIC,    20, -5.661101674785e-01, 6.069848997980e-06, 2.9287e+00, 3.5291e-02, 
 2DIAGNOSTIC,    21, -5.661414178939e-01, 4.613580700481e-06, 2.9647e+00, 3.6036e-02, 
 2DIAGNOSTIC,    22, -5.661653732019e-01, 5.524540148939e-06, 3.0011e+00, 3.6438e-02, 
 2DIAGNOSTIC,    23, -5.661764467351e-01, 6.125083015278e-06, 3.0365e+00, 3.5361e-02, 
 2DIAGNOSTIC,    24, -5.661658977740e-01, 5.858838470457e-06, 3.0748e+00, 3.8346e-02, 
 2DIAGNOSTIC,    25, -5.661645944452e-01, 5.502350086638e-06, 3.1098e+00, 3.4945e-02, 
 2DIAGNOSTIC,    26, -5.661468606887e-01, 4.478162644844e-06, 3.1441e+00, 3.4340e-02, 
 2DIAGNOSTIC,    27, -5.661330860752e-01, 3.468617548658e-06, 3.1810e+00, 3.6833e-02, 
 2DIAGNOSTIC,    28, -5.661409194710e-01, 2.330077781713e-06, 3.2150e+00, 3.4031e-02, 
 2DIAGNOSTIC,    29, -5.661443036580e-01, 1.048021339066e-06, 3.2518e+00, 3.6814e-02, 
DIAGNOSTIC,Iteration,metricValue,convergenceValue,ITERATION_TIME_INDEX,SINCE_LAST
 2DIAGNOSTIC,     1, -5.036940382019e-01, 1.797693134862e+308, 4.3861e+00, 1.1343e+00, 
 2DIAGNOSTIC,     2, -5.038743979868e-01, 1.797693134862e+308, 4.6318e+00, 2.4574e-01, 
 2DIAGNOSTIC,     3, -5.040452223337e-01, 1.797693134862e+308, 4.8870e+00, 2.5515e-01, 
 2DIAGNOSTIC,     4, -5.041762538324e-01, 1.797693134862e+308, 5.1537e+00, 2.6677e-01, 
 2DIAGNOSTIC,     5, -5.042585756971e-01, 1.797693134862e+308, 5.4710e+00, 3.1724e-01, 
 2DIAGNOSTIC,     6, -5.043196430572e-01, 1.797693134862e+308, 5.8287e+00, 3.5776e-01, 
 2DIAGNOSTIC,     7, -5.043047105557e-01, 1.797693134862e+308, 6.0758e+00, 2.4710e-01, 
 2DIAGNOSTIC,     8, -5.044848057123e-01, 1.797693134862e+308, 6.3718e+00, 2.9595e-01, 
 2DIAGNOSTIC,     9, -5.046114221081e-01, 1.797693134862e+308, 6.7915e+00, 4.1969e-01, 
 2DIAGNOSTIC,    10, -5.046088013167e-01, 1.123777803383e-04, 7.1037e+00, 3.1220e-01, 
 2DIAGNOSTIC,    11, -5.046075706949e-01, 8.662381617351e-05, 7.3856e+00, 2.8191e-01, 
 2DIAGNOSTIC,    12, -5.046022772718e-01, 6.585305214864e-05, 7.6296e+00, 2.4399e-01, 
 2DIAGNOSTIC,    13, -5.045985409439e-01, 4.959413480186e-05, 7.9509e+00, 3.2132e-01, 
 2DIAGNOSTIC,    14, -5.045999311697e-01, 3.652022768609e-05, 8.2626e+00, 3.1175e-01, 
 2DIAGNOSTIC,    15, -5.045995753459e-01, 2.515845346293e-05, 8.5580e+00, 2.9540e-01, 
 2DIAGNOSTIC,    16, -5.045989425870e-01, 1.539836850413e-05, 8.7802e+00, 2.2211e-01, 
 2DIAGNOSTIC,    17, -5.045975759432e-01, 4.895086409155e-06, 9.0453e+00, 2.6519e-01, 
DIAGNOSTIC,Iteration,metricValue,convergenceValue,ITERATION_TIME_INDEX,SINCE_LAST
 2DIAGNOSTIC,     1, -4.672934892053e-01, 1.797693134862e+308, 1.1817e+01, 2.7718e+00, 
 2DIAGNOSTIC,     2, -4.674096945782e-01, 1.797693134862e+308, 1.3587e+01, 1.7695e+00, 
 2DIAGNOSTIC,     3, -4.674179130374e-01, 1.797693134862e+308, 1.5678e+01, 2.0912e+00, 
 2DIAGNOSTIC,     4, -4.674174784868e-01, 1.797693134862e+308, 1.7940e+01, 2.2622e+00, 
 2DIAGNOSTIC,     5, -4.674176353206e-01, 1.797693134862e+308, 1.9908e+01, 1.9682e+00, 
 2DIAGNOSTIC,     6, -4.674170430180e-01, 1.797693134862e+308, 2.2864e+01, 2.9554e+00, 
 2DIAGNOSTIC,     7, -4.674171431981e-01, 1.797693134862e+308, 2.8101e+01, 5.2378e+00, 
 2DIAGNOSTIC,     8, -4.674171431980e-01, 1.797693134862e+308, 3.2049e+01, 3.9476e+00, 
 2DIAGNOSTIC,     9, -4.674171431980e-01, 1.797693134862e+308, 3.3810e+01, 1.7613e+00, 
 2DIAGNOSTIC,    10, -4.674171431980e-01, 1.104729074647e-05, 3.5423e+01, 1.6128e+00, 
 2DIAGNOSTIC,    11, -4.674171431980e-01, 3.241661858944e-06, 3.7143e+01, 1.7203e+00, 
 2DIAGNOSTIC,    12, -4.674171431980e-01, 2.581894493814e-06, 3.8825e+01, 1.6817e+00, 
 2DIAGNOSTIC,    13, -4.674171431980e-01, 2.414470851059e-06, 4.0423e+01, 1.5977e+00, 
 2DIAGNOSTIC,    14, -4.674171431980e-01, 2.254608859803e-06, 4.1960e+01, 1.5375e+00, 
 2DIAGNOSTIC,    15, -4.674171431980e-01, 2.124761728770e-06, 4.3977e+01, 2.0170e+00, 
 2DIAGNOSTIC,    16, -4.674171431980e-01, 1.988154633231e-06, 4.5782e+01, 1.8048e+00, 
 2DIAGNOSTIC,    17, -4.674171431980e-01, 1.871202456802e-06, 4.7360e+01, 1.5784e+00, 
 2DIAGNOSTIC,    18, -4.674171431980e-01, 1.767245163382e-06, 4.8937e+01, 1.5766e+00, 
 2DIAGNOSTIC,    19, -4.674171431980e-01, 1.674230902658e-06, 5.1004e+01, 2.0674e+00, 
 2DIAGNOSTIC,    20, -4.674171431980e-01, 1.590518196967e-06, 5.2597e+01, 1.5926e+00, 
 2DIAGNOSTIC,    21, -4.674171431980e-01, 1.514778235165e-06, 5.4172e+01, 1.5750e+00, 
 2DIAGNOSTIC,    22, -4.674171431980e-01, 1.445923811239e-06, 5.5790e+01, 1.6177e+00, 
 2DIAGNOSTIC,    23, -4.674171431980e-01, 1.383056800690e-06, 5.7507e+01, 1.7176e+00, 
 2DIAGNOSTIC,    24, -4.674171431980e-01, 1.325428768184e-06, 5.9216e+01, 1.7093e+00, 
 2DIAGNOSTIC,    25, -4.674171431980e-01, 1.272411029429e-06, 6.0843e+01, 1.6266e+00, 
 2DIAGNOSTIC,    26, -4.674171431980e-01, 1.223471621750e-06, 6.2595e+01, 1.7523e+00, 
 2DIAGNOSTIC,    27, -4.674171431980e-01, 1.178157392659e-06, 6.4472e+01, 1.8766e+00, 
 2DIAGNOSTIC,    28, -4.674171431980e-01, 1.136079926224e-06, 6.6298e+01, 1.8257e+00, 
 2DIAGNOSTIC,    29, -4.674171431980e-01, 1.096904381805e-06, 6.8295e+01, 1.9976e+00, 
 2DIAGNOSTIC,    30, -4.674171431980e-01, 1.060340564449e-06, 7.0181e+01, 1.8859e+00, 
 2DIAGNOSTIC,    31, -4.674171431980e-01, 1.026135724183e-06, 7.2565e+01, 2.3844e+00, 
  Elapsed time (stage 0): 7.3535e+01


Total elapsed time: 7.3544e+01
Info [verificarlo]: loaded backend libinterflop_vprec.so
Info [interflop-vprec]: load backend with: 
Info [interflop-vprec]: precision-binary32 = 22
Info [interflop-vprec]: range-binary32 = 7
Info [interflop-vprec]: precision-binary64 = 22
Info [interflop-vprec]: range-binary64 = 7
Info [interflop-vprec]: mode = ob
Info [interflop-vprec]: error-mode = rel
Info [interflop-vprec]: max-abs-error-exponent = -1022
Info [interflop-vprec]: daz = false
Info [interflop-vprec]: ftz = false
Info [interflop-vprec]: 	instrument = none
Info [interflop-vprec]: 	prec-input-file = (null)
Info [interflop-vprec]: 	prec-output-file = (null)
Info [interflop-vprec]: 	prec-log-file = (null)
All_Command_lines_OK
Using double precision for computations.
=============================================================================
The composite transform comprises the following transforms (in order): 
  1. /home/mdugre/scratch/mri-registration-rp/datasets/ds004513/derivatives/mri-registration-rp/0011/antsRegistration-r7-p22/sub-s035/rigid_Composite.h5[0] (type = Euler3DTransform)
  2. /home/mdugre/scratch/mri-registration-rp/datasets/ds004513/derivatives/mri-registration-rp/0011/antsRegistration-r7-p22/sub-s035/rigid_Composite.h5[1] (type = Euler3DTransform)
  3. /home/mdugre/scratch/mri-registration-rp/datasets/ds004513/derivatives/mri-registration-rp/0011/antsRegistration-r7-p22/sub-s035/rigid_Composite.h5[2] (type = Euler3DTransform)
=============================================================================
  number of levels = 4
  fixed image: /templateflow/tpl-MNI152NLin2009cAsym/tpl-MNI152NLin2009cAsym_res-01_desc-brain_T1w.nii.gz
  moving image: /home/mdugre/scratch/mri-registration-rp/datasets/ds004513/derivatives/mri-registration-rp/antsBrainExtraction/sub-s035/BrainExtractionBrain.nii.gz
Dimension = 3
Number of stages = 1
Use histogram matching = false
Winsorize image intensities = true
  Lower quantile = 0.005
  Upper quantile = 0.995


Stage 1 State
   Image metric = MattesMI
     Fixed image = Image (0x40e0490)
  RTTI typeinfo:   itk::Image<double, 3u>
  Reference Count: 2
  Modified Time: 1592
  Debug: Off
  Object Name: 
  Observers: 
    none
  Source: (none)
  Source output name: (none)
  Release Data: Off
  Data Released: False
  Global Release Data: Off
  PipelineMTime: 0
  UpdateMTime: 1203
  RealTimeStamp: 0 seconds 
  LargestPossibleRegion: 
    Dimension: 3
    Index: [0, 0, 0]
    Size: [193, 229, 193]
  BufferedRegion: 
    Dimension: 3
    Index: [0, 0, 0]
    Size: [193, 229, 193]
  RequestedRegion: 
    Dimension: 3
    Index: [0, 0, 0]
    Size: [193, 229, 193]
  Spacing: [1, 1, 1]
  Origin: [96, 132, -78]
  Direction: 
-1 0 0
0 -1 0
0 0 1

  IndexToPointMatrix: 
-1 0 0
0 -1 0
0 0 1

  PointToIndexMatrix: 
-1 0 0
0 -1 0
0 0 1

  Inverse Direction: 
-1 0 0
0 -1 0
0 0 1

  PixelContainer: 
    ImportImageContainer (0x41ab8c0)
      RTTI typeinfo:   itk::ImportImageContainer<unsigned long, double>
      Reference Count: 1
      Modified Time: 1200
      Debug: Off
      Object Name: 
      Observers: 
        none
      Pointer: 0x1525f7026010
      Container manages memory: true
      Size: 8530021
      Capacity: 8530021

     Moving image = Image (0x419bb60)
  RTTI typeinfo:   itk::Image<double, 3u>
  Reference Count: 2
  Modified Time: 1593
  Debug: Off
  Object Name: 
  Observers: 
    none
  Source: (none)
  Source output name: (none)
  Release Data: Off
  Data Released: False
  Global Release Data: Off
  PipelineMTime: 0
  UpdateMTime: 1590
  RealTimeStamp: 0 seconds 
  LargestPossibleRegion: 
    Dimension: 3
    Index: [0, 0, 0]
    Size: [160, 240, 256]
  BufferedRegion: 
    Dimension: 3
    Index: [0, 0, 0]
    Size: [160, 240, 256]
  RequestedRegion: 
    Dimension: 3
    Index: [0, 0, 0]
    Size: [160, 240, 256]
  Spacing: [1, 1, 1]
  Origin: [98.6438, 87.6358, -117.989]
  Direction: 
-0.993515 -0.100993 -0.0522355
0.100854 -0.994887 0.00530255
-0.0525039 1.93537e-08 0.998621

  IndexToPointMatrix: 
-0.993515 -0.100993 -0.0522355
0.100854 -0.994887 0.00530255
-0.0525039 1.93537e-08 0.998621

  PointToIndexMatrix: 
-0.993515 0.100854 -0.0525039
-0.100993 -0.994887 -1.78814e-07
-0.0522355 0.00530255 0.998621

  Inverse Direction: 
-0.993515 0.100854 -0.0525039
-0.100993 -0.994887 -1.78814e-07
-0.0522355 0.00530255 0.998621

  PixelContainer: 
    ImportImageContainer (0x422f1d0)
      RTTI typeinfo:   itk::ImportImageContainer<unsigned long, double>
      Reference Count: 1
      Modified Time: 1587
      Debug: Off
      Object Name: 
      Observers: 
        none
      Pointer: 0x1525f2525010
      Container manages memory: true
      Size: 9830400
      Capacity: 9830400

     Weighting = 1
     Sampling strategy = regular
     Number of bins = 32
     Radius = 4
     Sampling percentage  = 0.25
   Transform = Affine
     Gradient step = 0.1
     Update field sigma (voxel space) = 0
     Total field sigma (voxel space) = 0
     Update field time sigma = 0
     Total field time sigma  = 0
     Number of time indices = 0
     Number of time point samples = 0
Registration using 1 total stages.

Stage 0
  iterations = 1000x500x250x100
  convergence threshold = 1e-06
  convergence window size = 10
  number of levels = 4
  using the Mattes MI metric (number of bins = 32, weight = 1, use gradient filter = 0)
  preprocessing:  winsorizing the image intensities
  Shrink factors (level 1 out of 4): [8, 8, 8]
  Shrink factors (level 2 out of 4): [4, 4, 4]
  Shrink factors (level 3 out of 4): [2, 2, 2]
  Shrink factors (level 4 out of 4): [1, 1, 1]
  smoothing sigmas per level: [3, 2, 1, 0]
  regular sampling (percentage = 0.25)

*** Running AffineTransform registration ***

DIAGNOSTIC,Iteration,metricValue,convergenceValue,ITERATION_TIME_INDEX,SINCE_LAST
 2DIAGNOSTIC,     1, -6.756148619220e-01, 1.797693134862e+308, 0.0000e+00, 0.0000e+00, 
 2DIAGNOSTIC,     2, -6.775940825930e-01, 1.797693134862e+308, 0.0000e+00, 0.0000e+00, 
 2DIAGNOSTIC,     3, -6.810587906269e-01, 1.797693134862e+308, 0.0000e+00, 0.0000e+00, 
 2DIAGNOSTIC,     4, -6.864251807585e-01, 1.797693134862e+308, 0.0000e+00, 0.0000e+00, 
 2DIAGNOSTIC,     5, -6.956672646195e-01, 1.797693134862e+308, 0.0000e+00, 0.0000e+00, 
 2DIAGNOSTIC,     6, -7.078069479117e-01, 1.797693134862e+308, 0.0000e+00, 0.0000e+00, 
 2DIAGNOSTIC,     7, -7.231269168807e-01, 1.797693134862e+308, 0.0000e+00, 0.0000e+00, 
 2DIAGNOSTIC,     8, -7.323703086815e-01, 1.797693134862e+308, 0.0000e+00, 0.0000e+00, 
 2DIAGNOSTIC,     9, -7.340350337705e-01, 1.797693134862e+308, 0.0000e+00, 0.0000e+00, 
 2DIAGNOSTIC,    10, -7.374115854135e-01, 6.705070340464e-03, 0.0000e+00, 0.0000e+00, 
 2DIAGNOSTIC,    11, -7.422061997057e-01, 6.090785421490e-03, 0.0000e+00, 0.0000e+00, 
 2DIAGNOSTIC,    12, -7.423889264603e-01, 5.101785769774e-03, 0.0000e+00, 0.0000e+00, 
 2DIAGNOSTIC,    13, -7.424983503754e-01, 3.922967023333e-03, 0.0000e+00, 0.0000e+00, 
 2DIAGNOSTIC,    14, -7.426756051386e-01, 2.724727918841e-03, 0.0000e+00, 0.0000e+00, 
 2DIAGNOSTIC,    15, -7.429327347876e-01, 1.692211689059e-03, 0.0000e+00, 0.0000e+00, 
 2DIAGNOSTIC,    16, -7.431574671787e-01, 9.339222819560e-04, 0.0000e+00, 0.0000e+00, 
 2DIAGNOSTIC,    17, -7.432136853349e-01, 5.338328087890e-04, 0.0000e+00, 0.0000e+00, 
 2DIAGNOSTIC,    18, -7.434792702450e-01, 3.400500319616e-04, 0.0000e+00, 0.0000e+00, 
 2DIAGNOSTIC,    19, -7.436189246014e-01, 1.723750005841e-04, 0.0000e+00, 0.0000e+00, 
 2DIAGNOSTIC,    20, -7.437648381306e-01, 7.248521387714e-05, 0.0000e+00, 0.0000e+00, 
 2DIAGNOSTIC,    21, -7.438555500394e-01, 6.688214498739e-05, 0.0000e+00, 0.0000e+00, 
 2DIAGNOSTIC,    22, -7.441909212317e-01, 6.496056545593e-05, 0.0000e+00, 0.0000e+00, 
 2DIAGNOSTIC,    23, -7.451958928073e-01, 7.605807334492e-05, 0.0000e+00, 0.0000e+00, 
 2DIAGNOSTIC,    24, -7.451664698498e-01, 8.112267376887e-05, 0.0000e+00, 0.0000e+00, 
 2DIAGNOSTIC,    25, -7.448818539508e-01, 7.807488169651e-05, 0.0000e+00, 0.0000e+00, 
 2DIAGNOSTIC,    26, -7.448399967359e-01, 7.116546522668e-05, 0.0000e+00, 0.0000e+00, 
 2DIAGNOSTIC,    27, -7.447940948190e-01, 5.811584355227e-05, 0.0000e+00, 0.0000e+00, 
 2DIAGNOSTIC,    28, -7.447229187741e-01, 4.304098757223e-05, 0.0000e+00, 0.0000e+00, 
 2DIAGNOSTIC,    29, -7.446300328290e-01, 2.571387435044e-05, 0.0000e+00, 0.0000e+00, 
 2DIAGNOSTIC,    30, -7.444322282976e-01, 6.877319386388e-06, 0.0000e+00, 0.0000e+00, 
DIAGNOSTIC,Iteration,metricValue,convergenceValue,ITERATION_TIME_INDEX,SINCE_LAST
 2DIAGNOSTIC,     1, -6.100865628858e-01, 1.797693134862e+308, 0.0000e+00, 0.0000e+00, 
 2DIAGNOSTIC,     2, -6.104537837159e-01, 1.797693134862e+308, 0.0000e+00, 0.0000e+00, 
 2DIAGNOSTIC,     3, -6.110908897278e-01, 1.797693134862e+308, 0.0000e+00, 0.0000e+00, 
 2DIAGNOSTIC,     4, -6.119409625259e-01, 1.797693134862e+308, 0.0000e+00, 0.0000e+00, 
 2DIAGNOSTIC,     5, -6.125855842234e-01, 1.797693134862e+308, 0.0000e+00, 0.0000e+00, 
 2DIAGNOSTIC,     6, -6.127899970836e-01, 1.797693134862e+308, 0.0000e+00, 0.0000e+00, 
 2DIAGNOSTIC,     7, -6.128042011621e-01, 1.797693134862e+308, 0.0000e+00, 0.0000e+00, 
 2DIAGNOSTIC,     8, -6.127767404550e-01, 1.797693134862e+308, 0.0000e+00, 0.0000e+00, 
 2DIAGNOSTIC,     9, -6.127707804854e-01, 1.797693134862e+308, 0.0000e+00, 0.0000e+00, 
 2DIAGNOSTIC,    10, -6.127667361914e-01, 2.968930091634e-04, 0.0000e+00, 0.0000e+00, 
 2DIAGNOSTIC,    11, -6.127606359559e-01, 1.905277631271e-04, 0.0000e+00, 0.0000e+00, 
 2DIAGNOSTIC,    12, -6.127541342447e-01, 9.910483270439e-05, 0.0000e+00, 0.0000e+00, 
 2DIAGNOSTIC,    13, -6.127399830516e-01, 3.484208300582e-05, 0.0000e+00, 0.0000e+00, 
 2DIAGNOSTIC,    14, -6.127464791749e-01, 4.719553722832e-06, 0.0000e+00, 0.0000e+00, 
DIAGNOSTIC,Iteration,metricValue,convergenceValue,ITERATION_TIME_INDEX,SINCE_LAST
 2DIAGNOSTIC,     1, -5.360237669508e-01, 1.797693134862e+308, 0.0000e+00, 0.0000e+00, 
 2DIAGNOSTIC,     2, -5.363126017748e-01, 1.797693134862e+308, 0.0000e+00, 0.0000e+00, 
 2DIAGNOSTIC,     3, -5.365690793892e-01, 1.797693134862e+308, 0.0000e+00, 0.0000e+00, 
 2DIAGNOSTIC,     4, -5.366876668849e-01, 1.797693134862e+308, 0.0000e+00, 0.0000e+00, 
 2DIAGNOSTIC,     5, -5.366848467100e-01, 1.797693134862e+308, 0.0000e+00, 0.0000e+00, 
 2DIAGNOSTIC,     6, -5.366834029595e-01, 1.797693134862e+308, 0.0000e+00, 0.0000e+00, 
 2DIAGNOSTIC,     7, -5.366831941536e-01, 1.797693134862e+308, 0.0000e+00, 0.0000e+00, 
 2DIAGNOSTIC,     8, -5.366839609083e-01, 1.797693134862e+308, 0.0000e+00, 0.0000e+00, 
 2DIAGNOSTIC,     9, -5.366824906364e-01, 1.797693134862e+308, 0.0000e+00, 0.0000e+00, 
 2DIAGNOSTIC,    10, -5.366818091287e-01, 5.929597757365e-05, 0.0000e+00, 0.0000e+00, 
 2DIAGNOSTIC,    11, -5.366813730898e-01, 2.518952088303e-05, 0.0000e+00, 0.0000e+00, 
 2DIAGNOSTIC,    12, -5.366820198152e-01, 7.281910613832e-06, 0.0000e+00, 0.0000e+00, 
 2DIAGNOSTIC,    13, -5.366814224805e-01, 1.993922168916e-06, 0.0000e+00, 0.0000e+00, 
 2DIAGNOSTIC,    14, -5.366811471933e-01, 1.982155300617e-06, 0.0000e+00, 0.0000e+00, 
 2DIAGNOSTIC,    15, -5.366815846490e-01, 1.916854718315e-06, 0.0000e+00, 0.0000e+00, 
 2DIAGNOSTIC,    16, -5.366793833273e-01, 1.756566694336e-06, 0.0000e+00, 0.0000e+00, 
 2DIAGNOSTIC,    17, -5.366807096782e-01, 1.671174153159e-06, 0.0000e+00, 0.0000e+00, 
 2DIAGNOSTIC,    18, -5.366812498197e-01, 1.651293453198e-06, 0.0000e+00, 0.0000e+00, 
 2DIAGNOSTIC,    19, -5.366797748070e-01, 1.561750253981e-06, 0.0000e+00, 0.0000e+00, 
 2DIAGNOSTIC,    20, -5.366786529525e-01, 1.445810559234e-06, 0.0000e+00, 0.0000e+00, 
 2DIAGNOSTIC,    21, -5.366783118516e-01, 1.335151858857e-06, 0.0000e+00, 0.0000e+00, 
 2DIAGNOSTIC,    22, -5.366767899382e-01, 1.229482567762e-06, 0.0000e+00, 0.0000e+00, 
 2DIAGNOSTIC,    23, -5.366766106760e-01, 1.134923700276e-06, 0.0000e+00, 0.0000e+00, 
 2DIAGNOSTIC,    24, -5.366763152447e-01, 1.058504045047e-06, 0.0000e+00, 0.0000e+00, 
 2DIAGNOSTIC,    25, -5.366759432842e-01, 1.016469799400e-06, 0.0000e+00, 0.0000e+00, 
DIAGNOSTIC,Iteration,metricValue,convergenceValue,ITERATION_TIME_INDEX,SINCE_LAST
 2DIAGNOSTIC,     1, -4.921030627696e-01, 1.797693134862e+308, 0.0000e+00, 0.0000e+00, 
 2DIAGNOSTIC,     2, -4.922499421886e-01, 1.797693134862e+308, 0.0000e+00, 0.0000e+00, 
 2DIAGNOSTIC,     3, -4.923693727892e-01, 1.797693134862e+308, 0.0000e+00, 0.0000e+00, 
 2DIAGNOSTIC,     4, -4.924001414173e-01, 1.797693134862e+308, 0.0000e+00, 0.0000e+00, 
 2DIAGNOSTIC,     5, -4.924050206298e-01, 1.797693134862e+308, 0.0000e+00, 0.0000e+00, 
 2DIAGNOSTIC,     6, -4.924057894264e-01, 1.797693134862e+308, 0.0000e+00, 0.0000e+00, 
 2DIAGNOSTIC,     7, -4.924055207153e-01, 1.797693134862e+308, 0.0000e+00, 0.0000e+00, 
 2DIAGNOSTIC,     8, -4.924062060628e-01, 1.797693134862e+308, 0.0000e+00, 0.0000e+00, 
