
##########################
# Experiment information #
##########################

EXPERIMENT_NAME: antsRegistration-r7-p18
VFC_BACKENDS: libinterflop_vprec.so --range-binary32=7 --precision-binary32=18 --range-binary64=7 --precision-binary64=18

SIF_IMG: /home/mdugre/projects/rrg-glatard/mdugre/containers/ants-vprec-no_metrics.simg

SUBJECT_ID: s017
INPUT_IMG: /home/mdugre/scratch/mri-registration-rp/datasets/ds004513/derivatives/mri-registration-rp/antsBrainExtraction/sub-s017/BrainExtractionBrain.nii.gz
OUTPUT_DIR: /home/mdugre/scratch/mri-registration-rp/datasets/ds004513/derivatives/mri-registration-rp/0011/antsRegistration-r7-p18/sub-s017

FIXED_IMG: /templateflow/tpl-MNI152NLin2009cAsym/tpl-MNI152NLin2009cAsym_res-01_desc-brain_T1w.nii.gz
DATA_DIR: /home/mdugre/scratch/mri-registration-rp/datasets/ds004513
TEMPLATEFLOW_DIR: /home/mdugre/projects/rrg-glatard/mdugre/templateflow
ITK_GLOBAL_DEFAULT_NUMBER_OF_THREADS: 16
##########################

Info [verificarlo]: loaded backend libinterflop_ieee.so
Info [interflop-ieee]: load backend with:
Info [interflop-ieee]: debug = false
Info [interflop-ieee]: debug-binary = false
Info [interflop-ieee]: no-backend-name = false
Info [interflop-ieee]: print-new-line = false
Info [interflop-ieee]: print-subnormal-normalized = false
Info [interflop-ieee]: count-op = false
All_Command_lines_OK
Using double precision for computations.
=============================================================================
The composite transform comprises the following transforms (in order): 
  1. Center of mass alignment using fixed image: /templateflow/tpl-MNI152NLin2009cAsym/tpl-MNI152NLin2009cAsym_res-01_desc-brain_T1w.nii.gz and moving image: /home/mdugre/scratch/mri-registration-rp/datasets/ds004513/derivatives/mri-registration-rp/antsBrainExtraction/sub-s017/BrainExtractionBrain.nii.gz (type = Euler3DTransform)
=============================================================================
  number of levels = 1
  fixed image: /templateflow/tpl-MNI152NLin2009cAsym/tpl-MNI152NLin2009cAsym_res-01_desc-brain_T1w.nii.gz
  moving image: /home/mdugre/scratch/mri-registration-rp/datasets/ds004513/derivatives/mri-registration-rp/antsBrainExtraction/sub-s017/BrainExtractionBrain.nii.gz
Dimension = 3
Number of stages = 1
Use histogram matching = false
Winsorize image intensities = true
  Lower quantile = 0.005
  Upper quantile = 0.995


Stage 1 State
   Image metric = MattesMI
     Fixed image = Image (0x3411e70)
  RTTI typeinfo:   itk::Image<double, 3u>
  Reference Count: 2
  Modified Time: 2334
  Debug: Off
  Object Name: 
  Observers: 
    none
  Source: (none)
  Source output name: (none)
  Release Data: Off
  Data Released: False
  Global Release Data: Off
  PipelineMTime: 0
  UpdateMTime: 1943
  RealTimeStamp: 0 seconds 
  LargestPossibleRegion: 
    Dimension: 3
    Index: [0, 0, 0]
    Size: [193, 229, 193]
  BufferedRegion: 
    Dimension: 3
    Index: [0, 0, 0]
    Size: [193, 229, 193]
  RequestedRegion: 
    Dimension: 3
    Index: [0, 0, 0]
    Size: [193, 229, 193]
  Spacing: [1, 1, 1]
  Origin: [96, 132, -78]
  Direction: 
-1 0 0
0 -1 0
0 0 1

  IndexToPointMatrix: 
-1 0 0
0 -1 0
0 0 1

  PointToIndexMatrix: 
-1 0 0
0 -1 0
0 0 1

  Inverse Direction: 
-1 0 0
0 -1 0
0 0 1

  PixelContainer: 
    ImportImageContainer (0x341ac60)
      RTTI typeinfo:   itk::ImportImageContainer<unsigned long, double>
      Reference Count: 1
      Modified Time: 1940
      Debug: Off
      Object Name: 
      Observers: 
        none
      Pointer: 0x15527a103010
      Container manages memory: true
      Size: 8530021
      Capacity: 8530021

     Moving image = Image (0x341d610)
  RTTI typeinfo:   itk::Image<double, 3u>
  Reference Count: 2
  Modified Time: 2335
  Debug: Off
  Object Name: 
  Observers: 
    none
  Source: (none)
  Source output name: (none)
  Release Data: Off
  Data Released: False
  Global Release Data: Off
  PipelineMTime: 0
  UpdateMTime: 2332
  RealTimeStamp: 0 seconds 
  LargestPossibleRegion: 
    Dimension: 3
    Index: [0, 0, 0]
    Size: [160, 240, 256]
  BufferedRegion: 
    Dimension: 3
    Index: [0, 0, 0]
    Size: [160, 240, 256]
  RequestedRegion: 
    Dimension: 3
    Index: [0, 0, 0]
    Size: [160, 240, 256]
  Spacing: [1, 1, 1]
  Origin: [91.3357, 102.231, -120.042]
  Direction: 
-0.997442 -5.36781e-05 -0.0714818
5.35416e-05 -1 3.82465e-06
-0.0714818 -1.23894e-08 0.997442

  IndexToPointMatrix: 
-0.997444 -5.36781e-05 -0.0714818
5.35418e-05 -1 3.82465e-06
-0.0714819 -1.23894e-08 0.997442

  PointToIndexMatrix: 
-0.99744 5.35415e-05 -0.0714816
-5.36781e-05 -1 -1.23894e-08
-0.0714818 3.82465e-06 0.997442

  Inverse Direction: 
-0.997442 5.35416e-05 -0.0714818
-5.36781e-05 -1 -1.23894e-08
-0.0714818 3.82465e-06 0.997442

  PixelContainer: 
    ImportImageContainer (0x34b6ef0)
      RTTI typeinfo:   itk::ImportImageContainer<unsigned long, double>
      Reference Count: 1
      Modified Time: 2329
      Debug: Off
      Object Name: 
      Observers: 
        none
      Pointer: 0x155275602010
      Container manages memory: true
      Size: 9830400
      Capacity: 9830400

     Weighting = 1
     Sampling strategy = regular
     Number of bins = 32
     Radius = 4
     Sampling percentage  = 0.25
   Transform = Rigid
     Gradient step = 0.1
     Update field sigma (voxel space) = 0
     Total field sigma (voxel space) = 0
     Update field time sigma = 0
     Total field time sigma  = 0
     Number of time indices = 0
     Number of time point samples = 0
Registration using 1 total stages.

Stage 0
  iterations = 0
  convergence threshold = 1e-06
  convergence window size = 10
  number of levels = 1
  using the Mattes MI metric (number of bins = 32, weight = 1, use gradient filter = 0)
  preprocessing:  winsorizing the image intensities
  Shrink factors (level 1 out of 1): [1, 1, 1]
  smoothing sigmas per level: [0]
  regular sampling (percentage = 0.25)

*** Running Euler3DTransform registration ***

  Elapsed time (stage 0): 1.06839


Total elapsed time: 1.07054
Info [verificarlo]: loaded backend libinterflop_ieee.so
Info [interflop-ieee]: load backend with:
Info [interflop-ieee]: debug = false
Info [interflop-ieee]: debug-binary = false
Info [interflop-ieee]: no-backend-name = false
Info [interflop-ieee]: print-new-line = false
Info [interflop-ieee]: print-subnormal-normalized = false
Info [interflop-ieee]: count-op = false
All_Command_lines_OK
Using double precision for computations.
=============================================================================
The composite transform comprises the following transforms (in order): 
  1. /home/mdugre/scratch/mri-registration-rp/datasets/ds004513/derivatives/mri-registration-rp/0011/antsRegistration-r7-p18/sub-s017/align_Composite.h5[0] (type = Euler3DTransform)
  2. /home/mdugre/scratch/mri-registration-rp/datasets/ds004513/derivatives/mri-registration-rp/0011/antsRegistration-r7-p18/sub-s017/align_Composite.h5[1] (type = Euler3DTransform)
=============================================================================
  number of levels = 4
  fixed image: /templateflow/tpl-MNI152NLin2009cAsym/tpl-MNI152NLin2009cAsym_res-01_desc-brain_T1w.nii.gz
  moving image: /home/mdugre/scratch/mri-registration-rp/datasets/ds004513/derivatives/mri-registration-rp/antsBrainExtraction/sub-s017/BrainExtractionBrain.nii.gz
Dimension = 3
Number of stages = 1
Use histogram matching = false
Winsorize image intensities = true
  Lower quantile = 0.005
  Upper quantile = 0.995


Stage 1 State
   Image metric = MattesMI
     Fixed image = Image (0x3fe7530)
  RTTI typeinfo:   itk::Image<double, 3u>
  Reference Count: 2
  Modified Time: 1580
  Debug: Off
  Object Name: 
  Observers: 
    none
  Source: (none)
  Source output name: (none)
  Release Data: Off
  Data Released: False
  Global Release Data: Off
  PipelineMTime: 0
  UpdateMTime: 1189
  RealTimeStamp: 0 seconds 
  LargestPossibleRegion: 
    Dimension: 3
    Index: [0, 0, 0]
    Size: [193, 229, 193]
  BufferedRegion: 
    Dimension: 3
    Index: [0, 0, 0]
    Size: [193, 229, 193]
  RequestedRegion: 
    Dimension: 3
    Index: [0, 0, 0]
    Size: [193, 229, 193]
  Spacing: [1, 1, 1]
  Origin: [96, 132, -78]
  Direction: 
-1 0 0
0 -1 0
0 0 1

  IndexToPointMatrix: 
-1 0 0
0 -1 0
0 0 1

  PointToIndexMatrix: 
-1 0 0
0 -1 0
0 0 1

  Inverse Direction: 
-1 0 0
0 -1 0
0 0 1

  PixelContainer: 
    ImportImageContainer (0x40a5d60)
      RTTI typeinfo:   itk::ImportImageContainer<unsigned long, double>
      Reference Count: 1
      Modified Time: 1186
      Debug: Off
      Object Name: 
      Observers: 
        none
      Pointer: 0x14b28cd25010
      Container manages memory: true
      Size: 8530021
      Capacity: 8530021

     Moving image = Image (0x4097f60)
  RTTI typeinfo:   itk::Image<double, 3u>
  Reference Count: 2
  Modified Time: 1581
  Debug: Off
  Object Name: 
  Observers: 
    none
  Source: (none)
  Source output name: (none)
  Release Data: Off
  Data Released: False
  Global Release Data: Off
  PipelineMTime: 0
  UpdateMTime: 1578
  RealTimeStamp: 0 seconds 
  LargestPossibleRegion: 
    Dimension: 3
    Index: [0, 0, 0]
    Size: [160, 240, 256]
  BufferedRegion: 
    Dimension: 3
    Index: [0, 0, 0]
    Size: [160, 240, 256]
  RequestedRegion: 
    Dimension: 3
    Index: [0, 0, 0]
    Size: [160, 240, 256]
  Spacing: [1, 1, 1]
  Origin: [91.3357, 102.231, -120.042]
  Direction: 
-0.997442 -5.36781e-05 -0.0714818
5.35416e-05 -1 3.82465e-06
-0.0714818 -1.23894e-08 0.997442

  IndexToPointMatrix: 
-0.997444 -5.36781e-05 -0.0714818
5.35418e-05 -1 3.82465e-06
-0.0714819 -1.23894e-08 0.997442

  PointToIndexMatrix: 
-0.99744 5.35415e-05 -0.0714816
-5.36781e-05 -1 -1.23894e-08
-0.0714818 3.82465e-06 0.997442

  Inverse Direction: 
-0.997442 5.35416e-05 -0.0714818
-5.36781e-05 -1 -1.23894e-08
-0.0714818 3.82465e-06 0.997442

  PixelContainer: 
    ImportImageContainer (0x40896d0)
      RTTI typeinfo:   itk::ImportImageContainer<unsigned long, double>
      Reference Count: 1
      Modified Time: 1575
      Debug: Off
      Object Name: 
      Observers: 
        none
      Pointer: 0x14b288224010
      Container manages memory: true
      Size: 9830400
      Capacity: 9830400

     Weighting = 1
     Sampling strategy = regular
     Number of bins = 32
     Radius = 4
     Sampling percentage  = 0.25
   Transform = Rigid
     Gradient step = 0.1
     Update field sigma (voxel space) = 0
     Total field sigma (voxel space) = 0
     Update field time sigma = 0
     Total field time sigma  = 0
     Number of time indices = 0
     Number of time point samples = 0
Registration using 1 total stages.

Stage 0
  iterations = 1000x500x250x100
  convergence threshold = 1e-06
  convergence window size = 10
  number of levels = 4
  using the Mattes MI metric (number of bins = 32, weight = 1, use gradient filter = 0)
  preprocessing:  winsorizing the image intensities
  Shrink factors (level 1 out of 4): [8, 8, 8]
  Shrink factors (level 2 out of 4): [4, 4, 4]
  Shrink factors (level 3 out of 4): [2, 2, 2]
  Shrink factors (level 4 out of 4): [1, 1, 1]
  smoothing sigmas per level: [3, 2, 1, 0]
  regular sampling (percentage = 0.25)

*** Running Euler3DTransform registration ***

DIAGNOSTIC,Iteration,metricValue,convergenceValue,ITERATION_TIME_INDEX,SINCE_LAST
 2DIAGNOSTIC,     1, -5.567767283252e-01, 1.797693134862e+308, 7.0298e-01, 7.0298e-01, 
 2DIAGNOSTIC,     2, -5.584239703569e-01, 1.797693134862e+308, 7.0672e-01, 3.7401e-03, 
 2DIAGNOSTIC,     3, -5.612715515272e-01, 1.797693134862e+308, 7.1025e-01, 3.5260e-03, 
 2DIAGNOSTIC,     4, -5.637780194106e-01, 1.797693134862e+308, 7.1372e-01, 3.4750e-03, 
 2DIAGNOSTIC,     5, -5.658229214212e-01, 1.797693134862e+308, 7.1708e-01, 3.3550e-03, 
 2DIAGNOSTIC,     6, -5.696445468689e-01, 1.797693134862e+308, 7.2087e-01, 3.7918e-03, 
 2DIAGNOSTIC,     7, -5.734118275242e-01, 1.797693134862e+308, 7.2433e-01, 3.4609e-03, 
 2DIAGNOSTIC,     8, -5.754533484979e-01, 1.797693134862e+308, 7.2927e-01, 4.9429e-03, 
 2DIAGNOSTIC,     9, -5.763021950250e-01, 1.797693134862e+308, 7.3259e-01, 3.3150e-03, 
 2DIAGNOSTIC,    10, -5.771142770255e-01, 2.558085388189e-03, 7.3727e-01, 4.6799e-03, 
 2DIAGNOSTIC,    11, -5.785125587612e-01, 2.176117873031e-03, 7.4077e-01, 3.4981e-03, 
 2DIAGNOSTIC,    12, -5.799413348090e-01, 1.786767970983e-03, 7.4524e-01, 4.4720e-03, 
 2DIAGNOSTIC,    13, -5.809477908980e-01, 1.443124036835e-03, 7.4920e-01, 3.9661e-03, 
 2DIAGNOSTIC,    14, -5.814655964876e-01, 1.127354078216e-03, 7.5329e-01, 4.0901e-03, 
 2DIAGNOSTIC,    15, -5.819093877219e-01, 8.331089413526e-04, 7.5725e-01, 3.9539e-03, 
 2DIAGNOSTIC,    16, -5.822326442998e-01, 6.258215683233e-04, 7.6123e-01, 3.9809e-03, 
 2DIAGNOSTIC,    17, -5.825793599843e-01, 5.040365830239e-04, 7.6482e-01, 3.5939e-03, 
 2DIAGNOSTIC,    18, -5.863713925916e-01, 5.095725576647e-04, 7.6884e-01, 4.0190e-03, 
 2DIAGNOSTIC,    19, -5.901617810167e-01, 5.855607354907e-04, 7.7527e-01, 6.4330e-03, 
 2DIAGNOSTIC,    20, -5.906016223816e-01, 6.286272500305e-04, 7.7970e-01, 4.4229e-03, 
 2DIAGNOSTIC,    21, -5.907365705866e-01, 6.467002963831e-04, 7.8365e-01, 3.9558e-03, 
 2DIAGNOSTIC,    22, -5.906256574994e-01, 6.330265936373e-04, 7.8769e-01, 4.0381e-03, 
 2DIAGNOSTIC,    23, -5.906307681710e-01, 5.816453055170e-04, 7.9133e-01, 3.6390e-03, 
 2DIAGNOSTIC,    24, -5.905636622010e-01, 4.878472529214e-04, 7.9514e-01, 3.8061e-03, 
 2DIAGNOSTIC,    25, -5.906024985370e-01, 3.662279783951e-04, 7.9938e-01, 4.2450e-03, 
 2DIAGNOSTIC,    26, -5.906025304324e-01, 2.276984665067e-04, 8.0302e-01, 3.6399e-03, 
 2DIAGNOSTIC,    27, -5.906211320574e-01, 8.394584288737e-05, 8.0660e-01, 3.5810e-03, 
 2DIAGNOSTIC,    28, -5.908796758313e-01, 1.198925031199e-05, 8.1018e-01, 3.5770e-03, 
 2DIAGNOSTIC,    29, -5.911411552395e-01, 1.217108543270e-05, 8.1419e-01, 4.0112e-03, 
 2DIAGNOSTIC,    30, -5.915241330962e-01, 2.456301684454e-05, 8.1981e-01, 5.6159e-03, 
 2DIAGNOSTIC,    31, -5.916229825993e-01, 3.758205306253e-05, 8.2353e-01, 3.7241e-03, 
 2DIAGNOSTIC,    32, -5.916651208817e-01, 4.532975449188e-05, 8.2761e-01, 4.0832e-03, 
 2DIAGNOSTIC,    33, -5.916874987632e-01, 4.885284294678e-05, 8.3120e-01, 3.5889e-03, 
 2DIAGNOSTIC,    34, -5.917053822200e-01, 4.682712858811e-05, 8.3524e-01, 4.0388e-03, 
 2DIAGNOSTIC,    35, -5.917390904868e-01, 4.153275817390e-05, 8.4496e-01, 9.7220e-03, 
 2DIAGNOSTIC,    36, -5.917390912695e-01, 3.272086429434e-05, 8.4865e-01, 3.6819e-03, 
 2DIAGNOSTIC,    37, -5.917391070342e-01, 2.163060314837e-05, 8.5223e-01, 3.5820e-03, 
 2DIAGNOSTIC,    38, -5.917391330930e-01, 1.245673595325e-05, 8.5594e-01, 3.7150e-03, 
 2DIAGNOSTIC,    39, -5.917391754735e-01, 5.801896389573e-06, 8.5986e-01, 3.9151e-03, 
 2DIAGNOSTIC,    40, -5.917392424311e-01, 3.643428651487e-06, 8.6342e-01, 3.5651e-03, 
 2DIAGNOSTIC,    41, -5.917393428829e-01, 2.487109298621e-06, 8.6713e-01, 3.7041e-03, 
 2DIAGNOSTIC,    42, -5.917394845334e-01, 1.715730317473e-06, 8.7070e-01, 3.5708e-03, 
 2DIAGNOSTIC,    43, -5.917396625587e-01, 1.144189314791e-06, 8.7427e-01, 3.5701e-03, 
DIAGNOSTIC,Iteration,metricValue,convergenceValue,ITERATION_TIME_INDEX,SINCE_LAST
 2DIAGNOSTIC,     1, -4.784004501421e-01, 1.797693134862e+308, 1.5660e+00, 6.9177e-01, 
 2DIAGNOSTIC,     2, -4.783999131490e-01, 1.797693134862e+308, 1.5911e+00, 2.5076e-02, 
 2DIAGNOSTIC,     3, -4.784190365428e-01, 1.797693134862e+308, 1.6200e+00, 2.8933e-02, 
 2DIAGNOSTIC,     4, -4.785028756513e-01, 1.797693134862e+308, 1.6456e+00, 2.5569e-02, 
 2DIAGNOSTIC,     5, -4.786647485433e-01, 1.797693134862e+308, 1.6713e+00, 2.5728e-02, 
 2DIAGNOSTIC,     6, -4.788099932962e-01, 1.797693134862e+308, 1.6970e+00, 2.5621e-02, 
 2DIAGNOSTIC,     7, -4.794645847219e-01, 1.797693134862e+308, 1.7229e+00, 2.5948e-02, 
 2DIAGNOSTIC,     8, -4.813619171751e-01, 1.797693134862e+308, 1.7593e+00, 3.6408e-02, 
 2DIAGNOSTIC,     9, -4.817935635328e-01, 1.797693134862e+308, 1.7887e+00, 2.9359e-02, 
 2DIAGNOSTIC,    10, -4.822647496896e-01, 5.583367504545e-04, 1.8147e+00, 2.6026e-02, 
 2DIAGNOSTIC,    11, -4.831344909908e-01, 6.366384574631e-04, 1.8436e+00, 2.8863e-02, 
 2DIAGNOSTIC,    12, -4.835768992579e-01, 6.653898034804e-04, 1.8861e+00, 4.2496e-02, 
 2DIAGNOSTIC,    13, -4.835677565324e-01, 6.290342968990e-04, 1.9191e+00, 3.3000e-02, 
 2DIAGNOSTIC,    14, -4.835733047841e-01, 5.452729207865e-04, 1.9551e+00, 3.6073e-02, 
 2DIAGNOSTIC,    15, -4.835701547251e-01, 4.305772096000e-04, 1.9854e+00, 3.0309e-02, 
 2DIAGNOSTIC,    16, -4.835566913006e-01, 2.956272804128e-04, 2.0135e+00, 2.8064e-02, 
 2DIAGNOSTIC,    17, -4.835523104088e-01, 1.703980275235e-04, 2.0413e+00, 2.7833e-02, 
 2DIAGNOSTIC,    18, -4.835483887833e-01, 1.058854946032e-04, 2.0657e+00, 2.4364e-02, 
 2DIAGNOSTIC,    19, -4.835469915472e-01, 5.203914176634e-05, 2.0900e+00, 2.4307e-02, 
 2DIAGNOSTIC,    20, -4.835401827380e-01, 1.204163307249e-05, 2.1183e+00, 2.8289e-02, 
DIAGNOSTIC,Iteration,metricValue,convergenceValue,ITERATION_TIME_INDEX,SINCE_LAST
 2DIAGNOSTIC,     1, -4.161561167872e-01, 1.797693134862e+308, 3.1116e+00, 9.9330e-01, 
 2DIAGNOSTIC,     2, -4.161756893438e-01, 1.797693134862e+308, 3.3410e+00, 2.2941e-01, 
 2DIAGNOSTIC,     3, -4.161696114508e-01, 1.797693134862e+308, 3.5595e+00, 2.1855e-01, 
 2DIAGNOSTIC,     4, -4.161681503552e-01, 1.797693134862e+308, 3.8943e+00, 3.3477e-01, 
 2DIAGNOSTIC,     5, -4.161678896601e-01, 1.797693134862e+308, 4.1021e+00, 2.0776e-01, 
 2DIAGNOSTIC,     6, -4.161669123584e-01, 1.797693134862e+308, 4.3151e+00, 2.1298e-01, 
 2DIAGNOSTIC,     7, -4.161667485642e-01, 1.797693134862e+308, 4.5720e+00, 2.5698e-01, 
 2DIAGNOSTIC,     8, -4.161656816014e-01, 1.797693134862e+308, 4.7641e+00, 1.9204e-01, 
 2DIAGNOSTIC,     9, -4.161650043537e-01, 1.797693134862e+308, 5.0050e+00, 2.4094e-01, 
 2DIAGNOSTIC,    10, -4.161655463813e-01, 2.943366602379e-06, 5.2524e+00, 2.4739e-01, 
 2DIAGNOSTIC,    11, -4.161636420994e-01, 1.720591493073e-06, 5.4728e+00, 2.2043e-01, 
 2DIAGNOSTIC,    12, -4.161624970808e-01, 1.867462473853e-06, 5.6888e+00, 2.1598e-01, 
 2DIAGNOSTIC,    13, -4.161615819743e-01, 1.698398061481e-06, 5.8785e+00, 1.8965e-01, 
 2DIAGNOSTIC,    14, -4.161624603294e-01, 1.592444846821e-06, 6.1097e+00, 2.3121e-01, 
 2DIAGNOSTIC,    15, -4.161620529813e-01, 1.530180435291e-06, 6.3519e+00, 2.4216e-01, 
 2DIAGNOSTIC,    16, -4.161603835105e-01, 1.417836916387e-06, 6.5441e+00, 1.9225e-01, 
 2DIAGNOSTIC,    17, -4.161625251480e-01, 1.455414116003e-06, 6.7557e+00, 2.1155e-01, 
 2DIAGNOSTIC,    18, -4.161617349624e-01, 1.453854859522e-06, 6.9396e+00, 1.8396e-01, 
 2DIAGNOSTIC,    19, -4.161656140593e-01, 1.594928500555e-06, 7.1576e+00, 2.1794e-01, 
 2DIAGNOSTIC,    20, -4.161678254529e-01, 1.821576323502e-06, 7.4734e+00, 3.1581e-01, 
 2DIAGNOSTIC,    21, -4.161672172259e-01, 1.924327022215e-06, 7.7023e+00, 2.2897e-01, 
 2DIAGNOSTIC,    22, -4.161665846123e-01, 1.927748309101e-06, 7.9087e+00, 2.0633e-01, 
 2DIAGNOSTIC,    23, -4.161660793965e-01, 1.843028033882e-06, 8.1332e+00, 2.2449e-01, 
 2DIAGNOSTIC,    24, -4.161655365532e-01, 1.730448866255e-06, 8.3400e+00, 2.0688e-01, 
 2DIAGNOSTIC,    25, -4.161651834946e-01, 1.568353732315e-06, 8.5345e+00, 1.9444e-01, 
 2DIAGNOSTIC,    26, -4.161660037665e-01, 1.368374529666e-06, 8.7528e+00, 2.1836e-01, 
 2DIAGNOSTIC,    27, -4.161651045496e-01, 1.203105051896e-06, 8.9434e+00, 1.9057e-01, 
 2DIAGNOSTIC,    28, -4.161679884897e-01, 1.097088642550e-06, 9.1305e+00, 1.8708e-01, 
 2DIAGNOSTIC,    29, -4.161710849647e-01, 1.162831220168e-06, 9.3542e+00, 2.2370e-01, 
 2DIAGNOSTIC,    30, -4.161703640305e-01, 1.250475694638e-06, 9.5867e+00, 2.3251e-01, 
 2DIAGNOSTIC,    31, -4.161708142910e-01, 1.313167811080e-06, 9.8154e+00, 2.2868e-01, 
 2DIAGNOSTIC,    32, -4.161710089263e-01, 1.336085268346e-06, 1.0005e+01, 1.9012e-01, 
 2DIAGNOSTIC,    33, -4.161749613447e-01, 1.395595231594e-06, 1.0239e+01, 2.3378e-01, 
 2DIAGNOSTIC,    34, -4.161777487503e-01, 1.452526297161e-06, 1.0459e+01, 2.1940e-01, 
 2DIAGNOSTIC,    35, -4.161792220175e-01, 1.478601714313e-06, 1.0710e+01, 2.5086e-01, 
 2DIAGNOSTIC,    36, -4.161806859645e-01, 1.495439420757e-06, 1.0945e+01, 2.3504e-01, 
 2DIAGNOSTIC,    37, -4.161791778422e-01, 1.407680672926e-06, 1.1150e+01, 2.0502e-01, 
 2DIAGNOSTIC,    38, -4.161838486864e-01, 1.406626879974e-06, 1.1407e+01, 2.5776e-01, 
 2DIAGNOSTIC,    39, -4.161849953097e-01, 1.422742184860e-06, 1.1667e+01, 2.5999e-01, 
 2DIAGNOSTIC,    40, -4.161860914887e-01, 1.386764644361e-06, 1.1985e+01, 3.1794e-01, 
 2DIAGNOSTIC,    41, -4.161854987574e-01, 1.295749586360e-06, 1.2204e+01, 2.1867e-01, 
 2DIAGNOSTIC,    42, -4.161840259985e-01, 1.138573349265e-06, 1.2392e+01, 1.8806e-01, 
 2DIAGNOSTIC,    43, -4.161834049857e-01, 1.004201838673e-06, 1.2593e+01, 2.0053e-01, 
DIAGNOSTIC,Iteration,metricValue,convergenceValue,ITERATION_TIME_INDEX,SINCE_LAST
 2DIAGNOSTIC,     1, -3.834265912335e-01, 1.797693134862e+308, 1.5045e+01, 2.4525e+00, 
 2DIAGNOSTIC,     2, -3.834925053356e-01, 1.797693134862e+308, 1.6635e+01, 1.5904e+00, 
 2DIAGNOSTIC,     3, -3.834978116475e-01, 1.797693134862e+308, 1.8211e+01, 1.5756e+00, 
 2DIAGNOSTIC,     4, -3.835004127726e-01, 1.797693134862e+308, 1.9864e+01, 1.6525e+00, 
 2DIAGNOSTIC,     5, -3.835019582509e-01, 1.797693134862e+308, 2.1416e+01, 1.5528e+00, 
 2DIAGNOSTIC,     6, -3.835049957414e-01, 1.797693134862e+308, 2.3094e+01, 1.6772e+00, 
 2DIAGNOSTIC,     7, -3.835058343718e-01, 1.797693134862e+308, 2.4765e+01, 1.6719e+00, 
 2DIAGNOSTIC,     8, -3.835066498251e-01, 1.797693134862e+308, 2.6665e+01, 1.8996e+00, 
 2DIAGNOSTIC,     9, -3.835062955319e-01, 1.797693134862e+308, 2.8426e+01, 1.7613e+00, 
 2DIAGNOSTIC,    10, -3.835063108993e-01, 1.066660745767e-05, 3.0116e+01, 1.6898e+00, 
 2DIAGNOSTIC,    11, -3.835061571788e-01, 4.747040694530e-06, 3.2341e+01, 2.2246e+00, 
 2DIAGNOSTIC,    12, -3.835060832646e-01, 3.706200649406e-06, 3.3754e+01, 1.4134e+00, 
 2DIAGNOSTIC,    13, -3.835060190717e-01, 3.027826104021e-06, 3.5310e+01, 1.5560e+00, 
 2DIAGNOSTIC,    14, -3.835058638475e-01, 2.523467062032e-06, 3.6669e+01, 1.3585e+00, 
 2DIAGNOSTIC,    15, -3.835058006960e-01, 2.133709272573e-06, 3.8240e+01, 1.5710e+00, 
 2DIAGNOSTIC,    16, -3.835056463968e-01, 1.924177725321e-06, 4.0091e+01, 1.8515e+00, 
 2DIAGNOSTIC,    17, -3.835054775125e-01, 1.773328559176e-06, 4.1616e+01, 1.5253e+00, 
 2DIAGNOSTIC,    18, -3.835053086119e-01, 1.675385377743e-06, 4.2960e+01, 1.3434e+00, 
 2DIAGNOSTIC,    19, -3.835051448141e-01, 1.576051817845e-06, 4.4332e+01, 1.3725e+00, 
 2DIAGNOSTIC,    20, -3.835051658763e-01, 1.497295074392e-06, 4.5718e+01, 1.3852e+00, 
 2DIAGNOSTIC,    21, -3.835053779572e-01, 1.436675313597e-06, 4.7284e+01, 1.5664e+00, 
 2DIAGNOSTIC,    22, -3.835055901411e-01, 1.393331720924e-06, 4.8819e+01, 1.5355e+00, 
 2DIAGNOSTIC,    23, -3.835055251002e-01, 1.354581542233e-06, 5.0375e+01, 1.5554e+00, 
 2DIAGNOSTIC,    24, -3.835054518281e-01, 1.314933130499e-06, 5.1904e+01, 1.5289e+00, 
 2DIAGNOSTIC,    25, -3.835053813422e-01, 1.275595341028e-06, 5.3438e+01, 1.5347e+00, 
 2DIAGNOSTIC,    26, -3.835053141616e-01, 1.232550095168e-06, 5.4831e+01, 1.3921e+00, 
 2DIAGNOSTIC,    27, -3.835053494674e-01, 1.188143193616e-06, 5.6189e+01, 1.3579e+00, 
 2DIAGNOSTIC,    28, -3.835054089353e-01, 1.143229099589e-06, 5.7737e+01, 1.5484e+00, 
 2DIAGNOSTIC,    29, -3.835055814677e-01, 1.101082729604e-06, 5.9125e+01, 1.3883e+00, 
 2DIAGNOSTIC,    30, -3.835053714641e-01, 1.056523027891e-06, 6.1149e+01, 2.0242e+00, 
 2DIAGNOSTIC,    31, -3.835053052288e-01, 1.018740041048e-06, 6.2658e+01, 1.5084e+00, 
  Elapsed time (stage 0): 6.3510e+01


Total elapsed time: 6.3513e+01
Info [verificarlo]: loaded backend libinterflop_vprec.so
Info [interflop-vprec]: load backend with: 
Info [interflop-vprec]: precision-binary32 = 18
Info [interflop-vprec]: range-binary32 = 7
Info [interflop-vprec]: precision-binary64 = 18
Info [interflop-vprec]: range-binary64 = 7
Info [interflop-vprec]: mode = ob
Info [interflop-vprec]: error-mode = rel
Info [interflop-vprec]: max-abs-error-exponent = -1022
Info [interflop-vprec]: daz = false
Info [interflop-vprec]: ftz = false
Info [interflop-vprec]: 	instrument = none
Info [interflop-vprec]: 	prec-input-file = (null)
Info [interflop-vprec]: 	prec-output-file = (null)
Info [interflop-vprec]: 	prec-log-file = (null)
All_Command_lines_OK
Using double precision for computations.
=============================================================================
The composite transform comprises the following transforms (in order): 
  1. /home/mdugre/scratch/mri-registration-rp/datasets/ds004513/derivatives/mri-registration-rp/0011/antsRegistration-r7-p18/sub-s017/rigid_Composite.h5[0] (type = Euler3DTransform)
  2. /home/mdugre/scratch/mri-registration-rp/datasets/ds004513/derivatives/mri-registration-rp/0011/antsRegistration-r7-p18/sub-s017/rigid_Composite.h5[1] (type = Euler3DTransform)
  3. /home/mdugre/scratch/mri-registration-rp/datasets/ds004513/derivatives/mri-registration-rp/0011/antsRegistration-r7-p18/sub-s017/rigid_Composite.h5[2] (type = Euler3DTransform)
=============================================================================
  number of levels = 4
  fixed image: /templateflow/tpl-MNI152NLin2009cAsym/tpl-MNI152NLin2009cAsym_res-01_desc-brain_T1w.nii.gz
  moving image: /home/mdugre/scratch/mri-registration-rp/datasets/ds004513/derivatives/mri-registration-rp/antsBrainExtraction/sub-s017/BrainExtractionBrain.nii.gz
Dimension = 3
Number of stages = 1
Use histogram matching = false
Winsorize image intensities = true
  Lower quantile = 0.005
  Upper quantile = 0.995


Stage 1 State
   Image metric = MattesMI
     Fixed image = Image (0x5051490)
  RTTI typeinfo:   itk::Image<double, 3u>
  Reference Count: 2
  Modified Time: 1594
  Debug: Off
  Object Name: 
  Observers: 
    none
  Source: (none)
  Source output name: (none)
  Release Data: Off
  Data Released: False
  Global Release Data: Off
  PipelineMTime: 0
  UpdateMTime: 1203
  RealTimeStamp: 0 seconds 
  LargestPossibleRegion: 
    Dimension: 3
    Index: [0, 0, 0]
    Size: [193, 229, 193]
  BufferedRegion: 
    Dimension: 3
    Index: [0, 0, 0]
    Size: [193, 229, 193]
  RequestedRegion: 
    Dimension: 3
    Index: [0, 0, 0]
    Size: [193, 229, 193]
  Spacing: [1, 1, 1]
  Origin: [96, 132, -78]
  Direction: 
-1 0 0
0 -1 0
0 0 1

  IndexToPointMatrix: 
-1 0 0
0 -1 0
0 0 1

  PointToIndexMatrix: 
-1 0 0
0 -1 0
0 0 1

  Inverse Direction: 
-1 0 0
0 -1 0
0 0 1

  PixelContainer: 
    ImportImageContainer (0x511c8c0)
      RTTI typeinfo:   itk::ImportImageContainer<unsigned long, double>
      Reference Count: 1
      Modified Time: 1200
      Debug: Off
      Object Name: 
      Observers: 
        none
      Pointer: 0x14d48e986010
      Container manages memory: true
      Size: 8530021
      Capacity: 8530021

     Moving image = Image (0x510cb60)
  RTTI typeinfo:   itk::Image<double, 3u>
  Reference Count: 2
  Modified Time: 1595
  Debug: Off
  Object Name: 
  Observers: 
    none
  Source: (none)
  Source output name: (none)
  Release Data: Off
  Data Released: False
  Global Release Data: Off
  PipelineMTime: 0
  UpdateMTime: 1592
  RealTimeStamp: 0 seconds 
  LargestPossibleRegion: 
    Dimension: 3
    Index: [0, 0, 0]
    Size: [160, 240, 256]
  BufferedRegion: 
    Dimension: 3
    Index: [0, 0, 0]
    Size: [160, 240, 256]
  RequestedRegion: 
    Dimension: 3
    Index: [0, 0, 0]
    Size: [160, 240, 256]
  Spacing: [1, 1, 1]
  Origin: [91.3357, 102.231, -120.042]
  Direction: 
-0.997442 -5.36781e-05 -0.0714817
5.35416e-05 -1 3.82465e-06
-0.0714817 -1.23894e-08 0.997442

  IndexToPointMatrix: 
-0.997446 -5.36781e-05 -0.0714817
5.35419e-05 -1 3.82465e-06
-0.0714819 -1.23894e-08 0.997442

  PointToIndexMatrix: 
-0.99744 5.35414e-05 -0.0714815
-5.38826e-05 -1.00001 1.90735e-06
-0.0714819 3.8147e-06 0.997448

  Inverse Direction: 
-0.997444 5.35416e-05 -0.0714817
-5.38826e-05 -1.00001 1.90735e-06
-0.0714819 3.8147e-06 0.997448

  PixelContainer: 
    ImportImageContainer (0x51a01d0)
      RTTI typeinfo:   itk::ImportImageContainer<unsigned long, double>
      Reference Count: 1
      Modified Time: 1589
      Debug: Off
      Object Name: 
      Observers: 
        none
      Pointer: 0x14d489e85010
      Container manages memory: true
      Size: 9830400
      Capacity: 9830400

     Weighting = 1
     Sampling strategy = regular
     Number of bins = 32
     Radius = 4
     Sampling percentage  = 0.25
   Transform = Affine
     Gradient step = 0.1
     Update field sigma (voxel space) = 0
     Total field sigma (voxel space) = 0
     Update field time sigma = 0
     Total field time sigma  = 0
     Number of time indices = 0
     Number of time point samples = 0
Registration using 1 total stages.

Stage 0
  iterations = 1000x500x250x100
  convergence threshold = 1e-06
  convergence window size = 10
  number of levels = 4
  using the Mattes MI metric (number of bins = 32, weight = 1, use gradient filter = 0)
  preprocessing:  winsorizing the image intensities
  Shrink factors (level 1 out of 4): [8, 8, 8]
  Shrink factors (level 2 out of 4): [4, 4, 4]
  Shrink factors (level 3 out of 4): [2, 2, 2]
  Shrink factors (level 4 out of 4): [1, 1, 1]
  smoothing sigmas per level: [3, 2, 1, 0]
  regular sampling (percentage = 0.25)

*** Running AffineTransform registration ***

DIAGNOSTIC,Iteration,metricValue,convergenceValue,ITERATION_TIME_INDEX,SINCE_LAST
 2DIAGNOSTIC,     1, -5.802928375414e-01, 1.797693134862e+308, 0.0000e+00, 0.0000e+00, 
 2DIAGNOSTIC,     2, -5.829288045093e-01, 1.797693134862e+308, 0.0000e+00, 0.0000e+00, 
 2DIAGNOSTIC,     3, -5.881371695403e-01, 1.797693134862e+308, 0.0000e+00, 0.0000e+00, 
 2DIAGNOSTIC,     4, -5.978292516118e-01, 1.797693134862e+308, 0.0000e+00, 0.0000e+00, 
 2DIAGNOSTIC,     5, -6.187366454352e-01, 1.797693134862e+308, 0.0000e+00, 0.0000e+00, 
 2DIAGNOSTIC,     6, -6.425782379515e-01, 1.797693134862e+308, 0.0000e+00, 0.0000e+00, 
 2DIAGNOSTIC,     7, -7.121857422126e-01, 1.797693134862e+308, 0.0000e+00, 0.0000e+00, 
 2DIAGNOSTIC,     8, -7.807967316871e-01, 1.797693134862e+308, 0.0000e+00, 0.0000e+00, 
 2DIAGNOSTIC,     9, -8.431300432722e-01, 1.797693134862e+308, 0.0000e+00, 0.0000e+00, 
 2DIAGNOSTIC,    10, -8.572639681411e-01, 2.911291369298e-02, 0.0000e+00, 0.0000e+00, 
 2DIAGNOSTIC,    11, -8.643181902995e-01, 2.876018364271e-02, 0.0000e+00, 0.0000e+00, 
 2DIAGNOSTIC,    12, -8.718397902603e-01, 2.625855373138e-02, 0.0000e+00, 0.0000e+00, 
 2DIAGNOSTIC,    13, -8.728462494348e-01, 2.203946866582e-02, 0.0000e+00, 0.0000e+00, 
 2DIAGNOSTIC,    14, -8.745028276680e-01, 1.686469902714e-02, 0.0000e+00, 0.0000e+00, 
 2DIAGNOSTIC,    15, -8.774509999097e-01, 1.160696631231e-02, 0.0000e+00, 0.0000e+00, 
 2DIAGNOSTIC,    16, -8.809302412583e-01, 6.696448636235e-03, 0.0000e+00, 0.0000e+00, 
 2DIAGNOSTIC,    17, -8.837548291304e-01, 3.410877338617e-03, 0.0000e+00, 0.0000e+00, 
 2DIAGNOSTIC,    18, -8.859800444048e-01, 1.659042685940e-03, 0.0000e+00, 0.0000e+00, 
 2DIAGNOSTIC,    19, -8.878860075506e-01, 1.203638009281e-03, 0.0000e+00, 0.0000e+00, 
 2DIAGNOSTIC,    20, -8.889485811954e-01, 9.635349219834e-04, 0.0000e+00, 0.0000e+00, 
 2DIAGNOSTIC,    21, -8.902152885748e-01, 7.998269206398e-04, 0.0000e+00, 0.0000e+00, 
 2DIAGNOSTIC,    22, -8.908391184818e-01, 7.116928515021e-04, 0.0000e+00, 0.0000e+00, 
 2DIAGNOSTIC,    23, -8.906970480555e-01, 5.796080689743e-04, 0.0000e+00, 0.0000e+00, 
 2DIAGNOSTIC,    24, -8.907500006293e-01, 4.311253378338e-04, 0.0000e+00, 0.0000e+00, 
 2DIAGNOSTIC,    25, -8.906764209668e-01, 2.956942728765e-04, 0.0000e+00, 0.0000e+00, 
 2DIAGNOSTIC,    26, -8.903097227969e-01, 1.857971872624e-04, 0.0000e+00, 0.0000e+00, 
 2DIAGNOSTIC,    27, -8.900630743621e-01, 1.007671769250e-04, 0.0000e+00, 0.0000e+00, 
 2DIAGNOSTIC,    28, -8.900950594941e-01, 4.104276100952e-05, 0.0000e+00, 0.0000e+00, 
 2DIAGNOSTIC,    29, -8.899990600933e-01, 3.686558167466e-06, 0.0000e+00, 0.0000e+00, 
DIAGNOSTIC,Iteration,metricValue,convergenceValue,ITERATION_TIME_INDEX,SINCE_LAST
 2DIAGNOSTIC,     1, -7.479463488567e-01, 1.797693134862e+308, 0.0000e+00, 0.0000e+00, 
 2DIAGNOSTIC,     2, -7.483917881172e-01, 1.797693134862e+308, 0.0000e+00, 0.0000e+00, 
 2DIAGNOSTIC,     3, -7.488115724634e-01, 1.797693134862e+308, 0.0000e+00, 0.0000e+00, 
 2DIAGNOSTIC,     4, -7.490214476028e-01, 1.797693134862e+308, 0.0000e+00, 0.0000e+00, 
 2DIAGNOSTIC,     5, -7.492510015229e-01, 1.797693134862e+308, 0.0000e+00, 0.0000e+00, 
 2DIAGNOSTIC,     6, -7.494756313487e-01, 1.797693134862e+308, 0.0000e+00, 0.0000e+00, 
 2DIAGNOSTIC,     7, -7.496627592820e-01, 1.797693134862e+308, 0.0000e+00, 0.0000e+00, 
 2DIAGNOSTIC,     8, -7.500047836413e-01, 1.797693134862e+308, 0.0000e+00, 0.0000e+00, 
 2DIAGNOSTIC,     9, -7.503806163286e-01, 1.797693134862e+308, 0.0000e+00, 0.0000e+00, 
 2DIAGNOSTIC,    10, -7.503790896140e-01, 2.058566444243e-04, 0.0000e+00, 0.0000e+00, 
 2DIAGNOSTIC,    11, -7.504274066742e-01, 1.663537968418e-04, 0.0000e+00, 0.0000e+00, 
 2DIAGNOSTIC,    12, -7.504592527250e-01, 1.336669325307e-04, 0.0000e+00, 0.0000e+00, 
 2DIAGNOSTIC,    13, -7.504752331218e-01, 1.066650363088e-04, 0.0000e+00, 0.0000e+00, 
 2DIAGNOSTIC,    14, -7.504741337895e-01, 7.950212596236e-05, 0.0000e+00, 0.0000e+00, 
 2DIAGNOSTIC,    15, -7.504769976941e-01, 5.480084752590e-05, 0.0000e+00, 0.0000e+00, 
 2DIAGNOSTIC,    16, -7.504884961152e-01, 3.404989884633e-05, 0.0000e+00, 0.0000e+00, 
 2DIAGNOSTIC,    17, -7.505019165189e-01, 1.711840612752e-05, 0.0000e+00, 0.0000e+00, 
 2DIAGNOSTIC,    18, -7.505302018281e-01, 8.234377950181e-06, 0.0000e+00, 0.0000e+00, 
 2DIAGNOSTIC,    19, -7.505326355967e-01, 7.243829818530e-06, 0.0000e+00, 0.0000e+00, 
 2DIAGNOSTIC,    20, -7.505090009688e-01, 5.350304944203e-06, 0.0000e+00, 0.0000e+00, 
 2DIAGNOSTIC,    21, -7.504818775509e-01, 3.671290373548e-06, 0.0000e+00, 0.0000e+00, 
 2DIAGNOSTIC,    22, -7.504687396514e-01, 2.260009175983e-06, 0.0000e+00, 0.0000e+00, 
 2DIAGNOSTIC,    23, -7.504690760310e-01, 1.152767950131e-06, 0.0000e+00, 0.0000e+00, 
DIAGNOSTIC,Iteration,metricValue,convergenceValue,ITERATION_TIME_INDEX,SINCE_LAST
 2DIAGNOSTIC,     1, -6.292993565680e-01, 1.797693134862e+308, 0.0000e+00, 0.0000e+00, 
 2DIAGNOSTIC,     2, -6.298500960114e-01, 1.797693134862e+308, 0.0000e+00, 0.0000e+00, 
 2DIAGNOSTIC,     3, -6.304643804589e-01, 1.797693134862e+308, 0.0000e+00, 0.0000e+00, 
 2DIAGNOSTIC,     4, -6.310893461548e-01, 1.797693134862e+308, 0.0000e+00, 0.0000e+00, 
 2DIAGNOSTIC,     5, -6.320678600180e-01, 1.797693134862e+308, 0.0000e+00, 0.0000e+00, 
 2DIAGNOSTIC,     6, -6.331591968167e-01, 1.797693134862e+308, 0.0000e+00, 0.0000e+00, 
 2DIAGNOSTIC,     7, -6.331585904288e-01, 1.797693134862e+308, 0.0000e+00, 0.0000e+00, 
 2DIAGNOSTIC,     8, -6.331590305147e-01, 1.797693134862e+308, 0.0000e+00, 0.0000e+00, 
 2DIAGNOSTIC,     9, -6.331596177035e-01, 1.797693134862e+308, 0.0000e+00, 0.0000e+00, 
 2DIAGNOSTIC,    10, -6.331589874152e-01, 4.434684811017e-04, 0.0000e+00, 0.0000e+00, 
 2DIAGNOSTIC,    11, -6.331598270627e-01, 3.146685845965e-04, 0.0000e+00, 0.0000e+00, 
 2DIAGNOSTIC,    12, -6.331594346437e-01, 2.001071942361e-04, 0.0000e+00, 0.0000e+00, 
 2DIAGNOSTIC,    13, -6.331586535883e-01, 1.069915874384e-04, 0.0000e+00, 0.0000e+00, 
 2DIAGNOSTIC,    14, -6.331547182888e-01, 3.716441410072e-05, 0.0000e+00, 0.0000e+00, 
 2DIAGNOSTIC,    15, -6.331565717452e-01, 1.916415448111e-06, 0.0000e+00, 0.0000e+00, 
 2DIAGNOSTIC,    16, -6.331540493077e-01, 1.680423997757e-06, 0.0000e+00, 0.0000e+00, 
 2DIAGNOSTIC,    17, -6.331530893029e-01, 1.458137777167e-06, 0.0000e+00, 0.0000e+00, 
 2DIAGNOSTIC,    18, -6.331516479908e-01, 1.273398625691e-06, 0.0000e+00, 0.0000e+00, 
 2DIAGNOSTIC,    19, -6.331516501846e-01, 1.168122456791e-06, 0.0000e+00, 0.0000e+00, 
 2DIAGNOSTIC,    20, -6.331535785708e-01, 1.146381175508e-06, 0.0000e+00, 0.0000e+00, 
 2DIAGNOSTIC,    21, -6.331538498390e-01, 1.188372971604e-06, 0.0000e+00, 0.0000e+00, 
 2DIAGNOSTIC,    22, -6.331531232369e-01, 1.233972565295e-06, 0.0000e+00, 0.0000e+00, 
 2DIAGNOSTIC,    23, -6.331521678500e-01, 1.263778635067e-06, 0.0000e+00, 0.0000e+00, 
 2DIAGNOSTIC,    24, -6.331512422549e-01, 1.208667658688e-06, 0.0000e+00, 0.0000e+00, 
 2DIAGNOSTIC,    25, -6.331505138808e-01, 1.188158204518e-06, 0.0000e+00, 0.0000e+00, 
 2DIAGNOSTIC,    26, -6.331513387391e-01, 1.146659991541e-06, 0.0000e+00, 0.0000e+00, 
 2DIAGNOSTIC,    27, -6.331495092790e-01, 1.068691863983e-06, 0.0000e+00, 0.0000e+00, 
DIAGNOSTIC,Iteration,metricValue,convergenceValue,ITERATION_TIME_INDEX,SINCE_LAST
 2DIAGNOSTIC,     1, -5.648626562137e-01, 1.797693134862e+308, 0.0000e+00, 0.0000e+00, 
 2DIAGNOSTIC,     2, -5.650676416718e-01, 1.797693134862e+308, 0.0000e+00, 0.0000e+00, 
 2DIAGNOSTIC,     3, -5.652130508525e-01, 1.797693134862e+308, 0.0000e+00, 0.0000e+00, 
 2DIAGNOSTIC,     4, -5.653213973610e-01, 1.797693134862e+308, 0.0000e+00, 0.0000e+00, 
 2DIAGNOSTIC,     5, -5.653244458108e-01, 1.797693134862e+308, 0.0000e+00, 0.0000e+00, 
 2DIAGNOSTIC,     6, -5.653264761592e-01, 1.797693134862e+308, 0.0000e+00, 0.0000e+00, 
 2DIAGNOSTIC,     7, -5.653257907832e-01, 1.797693134862e+308, 0.0000e+00, 0.0000e+00, 
 2DIAGNOSTIC,     8, -5.653257832530e-01, 1.797693134862e+308, 0.0000e+00, 0.0000e+00, 
 2DIAGNOSTIC,     9, -5.653269421652e-01, 1.797693134862e+308, 0.0000e+00, 0.0000e+00, 
 2DIAGNOSTIC,    10, -5.653269586250e-01, 4.198552758197e-05, 0.0000e+00, 0.0000e+00, 
 2DIAGNOSTIC,    11, -5.653265240470e-01, 1.944666817834e-05, 0.0000e+00, 0.0000e+00, 
 2DIAGNOSTIC,    12, -5.653265906450e-01, 7.653134160554e-06, 0.0000e+00, 0.0000e+00, 
 2DIAGNOSTIC,    13, -5.653259879401e-01, 2.703022797590e-06, 0.0000e+00, 0.0000e+00, 
 2DIAGNOSTIC,    14, -5.653260860630e-01, 2.326397227873e-06, 0.0000e+00, 0.0000e+00, 
 2DIAGNOSTIC,    15, -5.653261744087e-01, 2.095537466010e-06, 0.0000e+00, 0.0000e+00, 
 2DIAGNOSTIC,    16, -5.653258779374e-01, 1.949519807198e-06, 0.0000e+00, 0.0000e+00, 
 2DIAGNOSTIC,    17, -5.653261235772e-01, 1.810293213916e-06, 0.0000e+00, 0.0000e+00, 
 2DIAGNOSTIC,    18, -5.653262251138e-01, 1.691998632758e-06, 0.0000e+00, 0.0000e+00, 
 2DIAGNOSTIC,    19, -5.653262041147e-01, 1.621406394051e-06, 0.0000e+00, 0.0000e+00, 
 2DIAGNOSTIC,    20, -5.653258274557e-01, 1.552427968281e-06, 0.0000e+00, 0.0000e+00, 
 2DIAGNOSTIC,    21, -5.653258131126e-01, 1.481576759665e-06, 0.0000e+00, 0.0000e+00, 
 2DIAGNOSTIC,    22, -5.653258348671e-01, 1.421183484160e-06, 0.0000e+00, 0.0000e+00, 
 2DIAGNOSTIC,    23, -5.653258337240e-01, 1.353487621543e-06, 0.0000e+00, 0.0000e+00, 
 2DIAGNOSTIC,    24, -5.653258337240e-01, 1.294983717585e-06, 0.0000e+00, 0.0000e+00, 
 2DIAGNOSTIC,    25, -5.653258337240e-01, 1.244983918847e-06, 0.0000e+00, 0.0000e+00, 
 2DIAGNOSTIC,    26, -5.653258337240e-01, 1.194421370670e-06, 0.0000e+00, 0.0000e+00, 
 2DIAGNOSTIC,    27, -5.653258337240e-01, 1.153611926055e-06, 0.0000e+00, 0.0000e+00, 
 2DIAGNOSTIC,    28, -5.653258337240e-01, 1.118696080715e-06, 0.0000e+00, 0.0000e+00, 
 2DIAGNOSTIC,    29, -5.653258337240e-01, 1.086609977774e-06, 0.0000e+00, 0.0000e+00, 
 2DIAGNOSTIC,    30, -5.653258337240e-01, 1.050323229349e-06, 0.0000e+00, 0.0000e+00, 
 2DIAGNOSTIC,    31, -5.653258337240e-01, 1.016103599989e-06, 0.0000e+00, 0.0000e+00, 
  Elapsed time (stage 0): 0.0000e+00


Total elapsed time: 0.0000e+00
Info [verificarlo]: loaded backend libinterflop_vprec.so
Info [interflop-vprec]: load backend with: 
Info [interflop-vprec]: precision-binary32 = 18
Info [interflop-vprec]: range-binary32 = 7
Info [interflop-vprec]: precision-binary64 = 18
Info [interflop-vprec]: range-binary64 = 7
Info [interflop-vprec]: mode = ob
Info [interflop-vprec]: error-mode = rel
Info [interflop-vprec]: max-abs-error-exponent = -1022
Info [interflop-vprec]: daz = false
Info [interflop-vprec]: ftz = false
Info [interflop-vprec]: 	instrument = none
Info [interflop-vprec]: 	prec-input-file = (null)
Info [interflop-vprec]: 	prec-output-file = (null)
Info [interflop-vprec]: 	prec-log-file = (null)
All_Command_lines_OK
