
##########################
# Experiment information #
##########################

EXPERIMENT_NAME: antsRegistration-r7-p18
VFC_BACKENDS: libinterflop_vprec.so --range-binary32=7 --precision-binary32=18 --range-binary64=7 --precision-binary64=18

SIF_IMG: /home/mdugre/projects/rrg-glatard/mdugre/containers/ants-vprec-no_metrics.simg

SUBJECT_ID: s003
INPUT_IMG: /home/mdugre/scratch/mri-registration-rp/datasets/ds004513/derivatives/mri-registration-rp/antsBrainExtraction/sub-s003/BrainExtractionBrain.nii.gz
OUTPUT_DIR: /home/mdugre/scratch/mri-registration-rp/datasets/ds004513/derivatives/mri-registration-rp/0011/antsRegistration-r7-p18/sub-s003

FIXED_IMG: /templateflow/tpl-MNI152NLin2009cAsym/tpl-MNI152NLin2009cAsym_res-01_desc-brain_T1w.nii.gz
DATA_DIR: /home/mdugre/scratch/mri-registration-rp/datasets/ds004513
TEMPLATEFLOW_DIR: /home/mdugre/projects/rrg-glatard/mdugre/templateflow
ITK_GLOBAL_DEFAULT_NUMBER_OF_THREADS: 16
##########################

Info [verificarlo]: loaded backend libinterflop_ieee.so
Info [interflop-ieee]: load backend with:
Info [interflop-ieee]: debug = false
Info [interflop-ieee]: debug-binary = false
Info [interflop-ieee]: no-backend-name = false
Info [interflop-ieee]: print-new-line = false
Info [interflop-ieee]: print-subnormal-normalized = false
Info [interflop-ieee]: count-op = false
All_Command_lines_OK
Using double precision for computations.
=============================================================================
The composite transform comprises the following transforms (in order): 
  1. Center of mass alignment using fixed image: /templateflow/tpl-MNI152NLin2009cAsym/tpl-MNI152NLin2009cAsym_res-01_desc-brain_T1w.nii.gz and moving image: /home/mdugre/scratch/mri-registration-rp/datasets/ds004513/derivatives/mri-registration-rp/antsBrainExtraction/sub-s003/BrainExtractionBrain.nii.gz (type = Euler3DTransform)
=============================================================================
  number of levels = 1
  fixed image: /templateflow/tpl-MNI152NLin2009cAsym/tpl-MNI152NLin2009cAsym_res-01_desc-brain_T1w.nii.gz
  moving image: /home/mdugre/scratch/mri-registration-rp/datasets/ds004513/derivatives/mri-registration-rp/antsBrainExtraction/sub-s003/BrainExtractionBrain.nii.gz
Dimension = 3
Number of stages = 1
Use histogram matching = false
Winsorize image intensities = true
  Lower quantile = 0.005
  Upper quantile = 0.995


Stage 1 State
   Image metric = MattesMI
     Fixed image = Image (0x466ce70)
  RTTI typeinfo:   itk::Image<double, 3u>
  Reference Count: 2
  Modified Time: 2334
  Debug: Off
  Object Name: 
  Observers: 
    none
  Source: (none)
  Source output name: (none)
  Release Data: Off
  Data Released: False
  Global Release Data: Off
  PipelineMTime: 0
  UpdateMTime: 1943
  RealTimeStamp: 0 seconds 
  LargestPossibleRegion: 
    Dimension: 3
    Index: [0, 0, 0]
    Size: [193, 229, 193]
  BufferedRegion: 
    Dimension: 3
    Index: [0, 0, 0]
    Size: [193, 229, 193]
  RequestedRegion: 
    Dimension: 3
    Index: [0, 0, 0]
    Size: [193, 229, 193]
  Spacing: [1, 1, 1]
  Origin: [96, 132, -78]
  Direction: 
-1 0 0
0 -1 0
0 0 1

  IndexToPointMatrix: 
-1 0 0
0 -1 0
0 0 1

  PointToIndexMatrix: 
-1 0 0
0 -1 0
0 0 1

  Inverse Direction: 
-1 0 0
0 -1 0
0 0 1

  PixelContainer: 
    ImportImageContainer (0x4679140)
      RTTI typeinfo:   itk::ImportImageContainer<unsigned long, double>
      Reference Count: 1
      Modified Time: 1940
      Debug: Off
      Object Name: 
      Observers: 
        none
      Pointer: 0x1474a95b8010
      Container manages memory: true
      Size: 8530021
      Capacity: 8530021

     Moving image = Image (0x4676310)
  RTTI typeinfo:   itk::Image<double, 3u>
  Reference Count: 2
  Modified Time: 2335
  Debug: Off
  Object Name: 
  Observers: 
    none
  Source: (none)
  Source output name: (none)
  Release Data: Off
  Data Released: False
  Global Release Data: Off
  PipelineMTime: 0
  UpdateMTime: 2332
  RealTimeStamp: 0 seconds 
  LargestPossibleRegion: 
    Dimension: 3
    Index: [0, 0, 0]
    Size: [176, 240, 256]
  BufferedRegion: 
    Dimension: 3
    Index: [0, 0, 0]
    Size: [176, 240, 256]
  RequestedRegion: 
    Dimension: 3
    Index: [0, 0, 0]
    Size: [176, 240, 256]
  Spacing: [0.999999, 1, 1]
  Origin: [93.3499, 86.9368, -128.957]
  Direction: 
-0.999513 -0.0279216 -0.0139567
0.0279189 -0.99961 0.000389866
-0.0139622 2.01492e-08 0.999903

  IndexToPointMatrix: 
-0.999512 -0.0279216 -0.0139567
0.0279189 -0.99961 0.000389866
-0.0139621 2.01492e-08 0.999903

  PointToIndexMatrix: 
-0.999514 0.0279189 -0.0139622
-0.0279216 -0.99961 2.01716e-08
-0.0139567 0.000389866 0.999903

  Inverse Direction: 
-0.999513 0.0279189 -0.0139622
-0.0279216 -0.99961 2.01716e-08
-0.0139567 0.000389866 0.999903

  PixelContainer: 
    ImportImageContainer (0x47a1610)
      RTTI typeinfo:   itk::ImportImageContainer<unsigned long, double>
      Reference Count: 1
      Modified Time: 2329
      Debug: Off
      Object Name: 
      Observers: 
        none
      Pointer: 0x1474a4337010
      Container manages memory: true
      Size: 10813440
      Capacity: 10813440

     Weighting = 1
     Sampling strategy = regular
     Number of bins = 32
     Radius = 4
     Sampling percentage  = 0.25
   Transform = Rigid
     Gradient step = 0.1
     Update field sigma (voxel space) = 0
     Total field sigma (voxel space) = 0
     Update field time sigma = 0
     Total field time sigma  = 0
     Number of time indices = 0
     Number of time point samples = 0
Registration using 1 total stages.

Stage 0
  iterations = 0
  convergence threshold = 1e-06
  convergence window size = 10
  number of levels = 1
  using the Mattes MI metric (number of bins = 32, weight = 1, use gradient filter = 0)
  preprocessing:  winsorizing the image intensities
  Shrink factors (level 1 out of 1): [1, 1, 1]
  smoothing sigmas per level: [0]
  regular sampling (percentage = 0.25)

*** Running Euler3DTransform registration ***

  Elapsed time (stage 0): 1.11834


Total elapsed time: 1.12188
Info [verificarlo]: loaded backend libinterflop_ieee.so
Info [interflop-ieee]: load backend with:
Info [interflop-ieee]: debug = false
Info [interflop-ieee]: debug-binary = false
Info [interflop-ieee]: no-backend-name = false
Info [interflop-ieee]: print-new-line = false
Info [interflop-ieee]: print-subnormal-normalized = false
Info [interflop-ieee]: count-op = false
All_Command_lines_OK
Using double precision for computations.
=============================================================================
The composite transform comprises the following transforms (in order): 
  1. /home/mdugre/scratch/mri-registration-rp/datasets/ds004513/derivatives/mri-registration-rp/0011/antsRegistration-r7-p18/sub-s003/align_Composite.h5[0] (type = Euler3DTransform)
  2. /home/mdugre/scratch/mri-registration-rp/datasets/ds004513/derivatives/mri-registration-rp/0011/antsRegistration-r7-p18/sub-s003/align_Composite.h5[1] (type = Euler3DTransform)
=============================================================================
  number of levels = 4
  fixed image: /templateflow/tpl-MNI152NLin2009cAsym/tpl-MNI152NLin2009cAsym_res-01_desc-brain_T1w.nii.gz
  moving image: /home/mdugre/scratch/mri-registration-rp/datasets/ds004513/derivatives/mri-registration-rp/antsBrainExtraction/sub-s003/BrainExtractionBrain.nii.gz
Dimension = 3
Number of stages = 1
Use histogram matching = false
Winsorize image intensities = true
  Lower quantile = 0.005
  Upper quantile = 0.995


Stage 1 State
   Image metric = MattesMI
     Fixed image = Image (0x33f5530)
  RTTI typeinfo:   itk::Image<double, 3u>
  Reference Count: 2
  Modified Time: 1580
  Debug: Off
  Object Name: 
  Observers: 
    none
  Source: (none)
  Source output name: (none)
  Release Data: Off
  Data Released: False
  Global Release Data: Off
  PipelineMTime: 0
  UpdateMTime: 1189
  RealTimeStamp: 0 seconds 
  LargestPossibleRegion: 
    Dimension: 3
    Index: [0, 0, 0]
    Size: [193, 229, 193]
  BufferedRegion: 
    Dimension: 3
    Index: [0, 0, 0]
    Size: [193, 229, 193]
  RequestedRegion: 
    Dimension: 3
    Index: [0, 0, 0]
    Size: [193, 229, 193]
  Spacing: [1, 1, 1]
  Origin: [96, 132, -78]
  Direction: 
-1 0 0
0 -1 0
0 0 1

  IndexToPointMatrix: 
-1 0 0
0 -1 0
0 0 1

  PointToIndexMatrix: 
-1 0 0
0 -1 0
0 0 1

  Inverse Direction: 
-1 0 0
0 -1 0
0 0 1

  PixelContainer: 
    ImportImageContainer (0x34b3d60)
      RTTI typeinfo:   itk::ImportImageContainer<unsigned long, double>
      Reference Count: 1
      Modified Time: 1186
      Debug: Off
      Object Name: 
      Observers: 
        none
      Pointer: 0x149394d9b010
      Container manages memory: true
      Size: 8530021
      Capacity: 8530021

     Moving image = Image (0x34a5f60)
  RTTI typeinfo:   itk::Image<double, 3u>
  Reference Count: 2
  Modified Time: 1581
  Debug: Off
  Object Name: 
  Observers: 
    none
  Source: (none)
  Source output name: (none)
  Release Data: Off
  Data Released: False
  Global Release Data: Off
  PipelineMTime: 0
  UpdateMTime: 1578
  RealTimeStamp: 0 seconds 
  LargestPossibleRegion: 
    Dimension: 3
    Index: [0, 0, 0]
    Size: [176, 240, 256]
  BufferedRegion: 
    Dimension: 3
    Index: [0, 0, 0]
    Size: [176, 240, 256]
  RequestedRegion: 
    Dimension: 3
    Index: [0, 0, 0]
    Size: [176, 240, 256]
  Spacing: [0.999999, 1, 1]
  Origin: [93.3499, 86.9368, -128.957]
  Direction: 
-0.999513 -0.0279216 -0.0139567
0.0279189 -0.99961 0.000389866
-0.0139622 2.01492e-08 0.999903

  IndexToPointMatrix: 
-0.999512 -0.0279216 -0.0139567
0.0279189 -0.99961 0.000389866
-0.0139621 2.01492e-08 0.999903

  PointToIndexMatrix: 
-0.999514 0.0279189 -0.0139622
-0.0279216 -0.99961 2.01716e-08
-0.0139567 0.000389866 0.999903

  Inverse Direction: 
-0.999513 0.0279189 -0.0139622
-0.0279216 -0.99961 2.01716e-08
-0.0139567 0.000389866 0.999903

  PixelContainer: 
    ImportImageContainer (0x34976d0)
      RTTI typeinfo:   itk::ImportImageContainer<unsigned long, double>
      Reference Count: 1
      Modified Time: 1575
      Debug: Off
      Object Name: 
      Observers: 
        none
      Pointer: 0x14938fb1a010
      Container manages memory: true
      Size: 10813440
      Capacity: 10813440

     Weighting = 1
     Sampling strategy = regular
     Number of bins = 32
     Radius = 4
     Sampling percentage  = 0.25
   Transform = Rigid
     Gradient step = 0.1
     Update field sigma (voxel space) = 0
     Total field sigma (voxel space) = 0
     Update field time sigma = 0
     Total field time sigma  = 0
     Number of time indices = 0
     Number of time point samples = 0
Registration using 1 total stages.

Stage 0
  iterations = 1000x500x250x100
  convergence threshold = 1e-06
  convergence window size = 10
  number of levels = 4
  using the Mattes MI metric (number of bins = 32, weight = 1, use gradient filter = 0)
  preprocessing:  winsorizing the image intensities
  Shrink factors (level 1 out of 4): [8, 8, 8]
  Shrink factors (level 2 out of 4): [4, 4, 4]
  Shrink factors (level 3 out of 4): [2, 2, 2]
  Shrink factors (level 4 out of 4): [1, 1, 1]
  smoothing sigmas per level: [3, 2, 1, 0]
  regular sampling (percentage = 0.25)

*** Running Euler3DTransform registration ***

DIAGNOSTIC,Iteration,metricValue,convergenceValue,ITERATION_TIME_INDEX,SINCE_LAST
 2DIAGNOSTIC,     1, -4.871187133941e-01, 1.797693134862e+308, 8.3771e-01, 8.3771e-01, 
 2DIAGNOSTIC,     2, -4.887966556740e-01, 1.797693134862e+308, 8.4328e-01, 5.5699e-03, 
 2DIAGNOSTIC,     3, -4.919242839642e-01, 1.797693134862e+308, 8.4996e-01, 6.6800e-03, 
 2DIAGNOSTIC,     4, -5.019092629522e-01, 1.797693134862e+308, 8.5611e-01, 6.1541e-03, 
 2DIAGNOSTIC,     5, -5.198319788477e-01, 1.797693134862e+308, 8.6256e-01, 6.4499e-03, 
 2DIAGNOSTIC,     6, -5.251449584180e-01, 1.797693134862e+308, 8.6956e-01, 6.9911e-03, 
 2DIAGNOSTIC,     7, -5.365118080768e-01, 1.797693134862e+308, 8.7509e-01, 5.5308e-03, 
 2DIAGNOSTIC,     8, -5.564319077261e-01, 1.797693134862e+308, 8.8273e-01, 7.6451e-03, 
 2DIAGNOSTIC,     9, -5.572786469687e-01, 1.797693134862e+308, 8.8778e-01, 5.0499e-03, 
 2DIAGNOSTIC,    10, -5.597886110608e-01, 1.060089541986e-02, 8.9339e-01, 5.6050e-03, 
 2DIAGNOSTIC,    11, -5.645450860914e-01, 9.471656029002e-03, 8.9883e-01, 5.4440e-03, 
 2DIAGNOSTIC,    12, -5.675342641672e-01, 7.901754414630e-03, 9.0542e-01, 6.5880e-03, 
 2DIAGNOSTIC,    13, -5.685174641935e-01, 6.033280802480e-03, 9.1119e-01, 5.7731e-03, 
 2DIAGNOSTIC,    14, -5.693412095342e-01, 4.302087948770e-03, 9.1881e-01, 7.6170e-03, 
 2DIAGNOSTIC,    15, -5.718972801998e-01, 3.155204981956e-03, 9.2623e-01, 7.4260e-03, 
 2DIAGNOSTIC,    16, -5.734788767073e-01, 2.091398053254e-03, 9.3187e-01, 5.6310e-03, 
 2DIAGNOSTIC,    17, -5.737823402463e-01, 1.310029424175e-03, 9.3764e-01, 5.7771e-03, 
 2DIAGNOSTIC,    18, -5.749452616696e-01, 1.114936190122e-03, 9.4339e-01, 5.7430e-03, 
 2DIAGNOSTIC,    19, -5.774392255373e-01, 9.301256922589e-04, 9.5261e-01, 9.2249e-03, 
 2DIAGNOSTIC,    20, -5.782944999919e-01, 7.612328991173e-04, 9.5983e-01, 7.2200e-03, 
 2DIAGNOSTIC,    21, -5.788863756090e-01, 6.687985512518e-04, 9.6575e-01, 5.9190e-03, 
 2DIAGNOSTIC,    22, -5.857337702316e-01, 7.546209613336e-04, 9.7146e-01, 5.7111e-03, 
 2DIAGNOSTIC,    23, -6.028589200512e-01, 1.162232407150e-03, 9.7757e-01, 6.1131e-03, 
 2DIAGNOSTIC,    24, -6.086613846764e-01, 1.554691263610e-03, 9.8493e-01, 7.3590e-03, 
 2DIAGNOSTIC,    25, -6.127624317478e-01, 1.904928895696e-03, 9.9118e-01, 6.2499e-03, 
 2DIAGNOSTIC,    26, -6.171330103729e-01, 2.167612455033e-03, 9.9714e-01, 5.9571e-03, 
 2DIAGNOSTIC,    27, -6.180829713195e-01, 2.226134263251e-03, 1.0025e+00, 5.3282e-03, 
 2DIAGNOSTIC,    28, -6.204355231025e-01, 2.128618133668e-03, 1.0083e+00, 5.7919e-03, 
 2DIAGNOSTIC,    29, -6.216541953140e-01, 1.901236662260e-03, 1.0137e+00, 5.3980e-03, 
 2DIAGNOSTIC,    30, -6.252686894367e-01, 1.589741164083e-03, 1.0203e+00, 6.6221e-03, 
 2DIAGNOSTIC,    31, -6.305777426773e-01, 1.244381332921e-03, 1.0259e+00, 5.6419e-03, 
 2DIAGNOSTIC,    32, -6.437127726209e-01, 1.107473253521e-03, 1.0338e+00, 7.8480e-03, 
 2DIAGNOSTIC,    33, -6.470253285709e-01, 1.176378124649e-03, 1.0396e+00, 5.8410e-03, 
 2DIAGNOSTIC,    34, -6.489208490327e-01, 1.241879634038e-03, 1.0492e+00, 9.5701e-03, 
 2DIAGNOSTIC,    35, -6.509315349012e-01, 1.271872732099e-03, 1.0549e+00, 5.6841e-03, 
 2DIAGNOSTIC,    36, -6.520051936851e-01, 1.251973278550e-03, 1.0601e+00, 5.2412e-03, 
 2DIAGNOSTIC,    37, -6.528675427848e-01, 1.135511232954e-03, 1.0657e+00, 5.5640e-03, 
 2DIAGNOSTIC,    38, -6.532429169908e-01, 9.531131293601e-04, 1.0721e+00, 6.3820e-03, 
 2DIAGNOSTIC,    39, -6.541838815826e-01, 7.192050997942e-04, 1.0791e+00, 7.0791e-03, 
 2DIAGNOSTIC,    40, -6.542245829535e-01, 4.742427386400e-04, 1.0846e+00, 5.4960e-03, 
 2DIAGNOSTIC,    41, -6.546726906933e-01, 2.614146657535e-04, 1.0898e+00, 5.1620e-03, 
 2DIAGNOSTIC,    42, -6.552174152105e-01, 1.909075814003e-04, 1.0968e+00, 7.0491e-03, 
 2DIAGNOSTIC,    43, -6.554099189573e-01, 1.446004070225e-04, 1.1032e+00, 6.3400e-03, 
 2DIAGNOSTIC,    44, -6.554509492053e-01, 1.075231629015e-04, 1.1087e+00, 5.5289e-03, 
 2DIAGNOSTIC,    45, -6.555131339206e-01, 8.395005860422e-05, 1.1140e+00, 5.2891e-03, 
 2DIAGNOSTIC,    46, -6.555923454807e-01, 6.536310716861e-05, 1.1199e+00, 5.9290e-03, 
 2DIAGNOSTIC,    47, -6.557567293272e-01, 5.173817703242e-05, 1.1257e+00, 5.7800e-03, 
 2DIAGNOSTIC,    48, -6.557089160693e-01, 3.682579478236e-05, 1.1323e+00, 6.6268e-03, 
 2DIAGNOSTIC,    49, -6.557469329355e-01, 2.873765661756e-05, 1.1383e+00, 5.9240e-03, 
 2DIAGNOSTIC,    50, -6.555167549010e-01, 1.649588738951e-05, 1.1437e+00, 5.4390e-03, 
 2DIAGNOSTIC,    51, -6.556254483952e-01, 8.333345280512e-06, 1.1489e+00, 5.2481e-03, 
 2DIAGNOSTIC,    52, -6.556529235545e-01, 4.849403894194e-06, 1.1559e+00, 6.9671e-03, 
 2DIAGNOSTIC,    53, -6.557680754904e-01, 3.815041873113e-06, 1.1622e+00, 6.2592e-03, 
 2DIAGNOSTIC,    54, -6.559495471910e-01, 4.461862675342e-06, 1.1684e+00, 6.2280e-03, 
 2DIAGNOSTIC,    55, -6.557380675391e-01, 3.435303957217e-06, 1.1749e+00, 6.4540e-03, 
 2DIAGNOSTIC,    56, -6.558356361974e-01, 3.692401398369e-06, 1.1806e+00, 5.7518e-03, 
 2DIAGNOSTIC,    57, -6.563957602743e-01, 9.537395431379e-06, 1.1889e+00, 8.3270e-03, 
 2DIAGNOSTIC,    58, -6.561967428005e-01, 1.213572479702e-05, 1.1952e+00, 6.3150e-03, 
 2DIAGNOSTIC,    59, -6.559498586877e-01, 1.203652037306e-05, 1.2012e+00, 5.9271e-03, 
 2DIAGNOSTIC,    60, -6.558803239748e-01, 8.634827807913e-06, 1.2083e+00, 7.1280e-03, 
 2DIAGNOSTIC,    61, -6.558968082505e-01, 5.504071412896e-06, 1.2142e+00, 5.9140e-03, 
 2DIAGNOSTIC,    62, -6.559138630115e-01, 2.197741033869e-06, 1.2196e+00, 5.3418e-03, 
 2DIAGNOSTIC,    63, -6.561755084013e-01, 1.579404469369e-06, 1.2249e+00, 5.3010e-03, 
 2DIAGNOSTIC,    64, -6.565798887729e-01, 5.227860032844e-06, 1.2308e+00, 5.9810e-03, 
 2DIAGNOSTIC,    65, -6.581892773860e-01, 1.821773153936e-05, 1.2400e+00, 9.1801e-03, 
 2DIAGNOSTIC,    66, -6.586631838923e-01, 3.266915980465e-05, 1.2461e+00, 6.1300e-03, 
 2DIAGNOSTIC,    67, -6.588186806230e-01, 4.858335744825e-05, 1.2516e+00, 5.4700e-03, 
 2DIAGNOSTIC,    68, -6.590772587425e-01, 5.996203678721e-05, 1.2571e+00, 5.4572e-03, 
 2DIAGNOSTIC,    69, -6.591719167177e-01, 6.418383730033e-05, 1.2636e+00, 6.4962e-03, 
 2DIAGNOSTIC,    70, -6.596605474226e-01, 6.474270425297e-05, 1.2713e+00, 7.7071e-03, 
 2DIAGNOSTIC,    71, -6.604170798879e-01, 6.400938098246e-05, 1.2794e+00, 8.1210e-03, 
 2DIAGNOSTIC,    72, -6.602508437496e-01, 5.624966463236e-05, 1.2861e+00, 6.6559e-03, 
 2DIAGNOSTIC,    73, -6.601294152634e-01, 4.442393122364e-05, 1.2921e+00, 6.0461e-03, 
 2DIAGNOSTIC,    74, -6.600647543822e-01, 3.062953140632e-05, 1.2981e+00, 6.0220e-03, 
 2DIAGNOSTIC,    75, -6.601633582648e-01, 2.462289851603e-05, 1.3046e+00, 6.5050e-03, 
 2DIAGNOSTIC,    76, -6.602618015583e-01, 1.978457758119e-05, 1.3109e+00, 6.2950e-03, 
 2DIAGNOSTIC,    77, -6.603580821310e-01, 1.470666013135e-05, 1.3173e+00, 6.3300e-03, 
 2DIAGNOSTIC,    78, -6.603685254767e-01, 1.007524697241e-05, 1.3275e+00, 1.0208e-02, 
 2DIAGNOSTIC,    79, -6.603697875024e-01, 5.169451061124e-06, 1.3335e+00, 6.0430e-03, 
 2DIAGNOSTIC,    80, -6.603709846195e-01, 2.583184482756e-06, 1.3396e+00, 6.1390e-03, 
 2DIAGNOSTIC,    81, -6.603720128728e-01, 4.121269524766e-06, 1.3458e+00, 6.1510e-03, 
 2DIAGNOSTIC,    82, -6.603724448454e-01, 4.353108403682e-06, 1.3648e+00, 1.9052e-02, 
 2DIAGNOSTIC,    83, -6.603724448286e-01, 3.554718934084e-06, 1.3844e+00, 1.9589e-02, 
 2DIAGNOSTIC,    84, -6.603724448286e-01, 2.121340678266e-06, 1.3911e+00, 6.7079e-03, 
 2DIAGNOSTIC,    85, -6.603724448286e-01, 1.076827668860e-06, 1.3989e+00, 7.7441e-03, 
DIAGNOSTIC,Iteration,metricValue,convergenceValue,ITERATION_TIME_INDEX,SINCE_LAST
 2DIAGNOSTIC,     1, -5.276054209659e-01, 1.797693134862e+308, 2.3836e+00, 9.8473e-01, 
 2DIAGNOSTIC,     2, -5.282729821042e-01, 1.797693134862e+308, 2.4232e+00, 3.9571e-02, 
 2DIAGNOSTIC,     3, -5.289942677785e-01, 1.797693134862e+308, 2.4617e+00, 3.8474e-02, 
 2DIAGNOSTIC,     4, -5.295226194373e-01, 1.797693134862e+308, 2.4990e+00, 3.7289e-02, 
 2DIAGNOSTIC,     5, -5.298378954674e-01, 1.797693134862e+308, 2.5369e+00, 3.7961e-02, 
 2DIAGNOSTIC,     6, -5.301673729612e-01, 1.797693134862e+308, 2.5794e+00, 4.2533e-02, 
 2DIAGNOSTIC,     7, -5.302944897836e-01, 1.797693134862e+308, 2.6241e+00, 4.4643e-02, 
 2DIAGNOSTIC,     8, -5.303778882076e-01, 1.797693134862e+308, 2.6636e+00, 3.9533e-02, 
 2DIAGNOSTIC,     9, -5.305398814091e-01, 1.797693134862e+308, 2.7022e+00, 3.8594e-02, 
 2DIAGNOSTIC,    10, -5.309104618385e-01, 3.611797529121e-04, 2.7484e+00, 4.6221e-02, 
 2DIAGNOSTIC,    11, -5.310702046678e-01, 2.691031648203e-04, 2.7993e+00, 5.0827e-02, 
 2DIAGNOSTIC,    12, -5.312027913467e-01, 2.038401016075e-04, 2.8329e+00, 3.3595e-02, 
 2DIAGNOSTIC,    13, -5.313169712452e-01, 1.647610635448e-04, 2.8664e+00, 3.3496e-02, 
 2DIAGNOSTIC,    14, -5.315602809276e-01, 1.458351632592e-04, 2.8996e+00, 3.3222e-02, 
 2DIAGNOSTIC,    15, -5.321845238850e-01, 1.492735604887e-04, 2.9362e+00, 3.6600e-02, 
 2DIAGNOSTIC,    16, -5.327225608925e-01, 1.672421651137e-04, 2.9809e+00, 4.4748e-02, 
 2DIAGNOSTIC,    17, -5.329481495151e-01, 1.789393251194e-04, 3.0144e+00, 3.3486e-02, 
 2DIAGNOSTIC,    18, -5.332708572057e-01, 1.853306960993e-04, 3.0601e+00, 4.5664e-02, 
 2DIAGNOSTIC,    19, -5.335384885306e-01, 1.858271941811e-04, 3.0981e+00, 3.8004e-02, 
 2DIAGNOSTIC,    20, -5.337698883008e-01, 1.848796069266e-04, 3.1375e+00, 3.9429e-02, 
 2DIAGNOSTIC,    21, -5.339135374849e-01, 1.744553729621e-04, 3.1894e+00, 5.1928e-02, 
 2DIAGNOSTIC,    22, -5.339374275697e-01, 1.527873257973e-04, 3.2435e+00, 5.4086e-02, 
 2DIAGNOSTIC,    23, -5.339928418230e-01, 1.229587013022e-04, 3.2887e+00, 4.5141e-02, 
 2DIAGNOSTIC,    24, -5.340430746762e-01, 9.047773739966e-05, 3.3263e+00, 3.7677e-02, 
 2DIAGNOSTIC,    25, -5.340608958594e-01, 6.568438319610e-05, 3.3642e+00, 3.7886e-02, 
 2DIAGNOSTIC,    26, -5.340861340175e-01, 4.831816435976e-05, 3.4104e+00, 4.6127e-02, 
 2DIAGNOSTIC,    27, -5.341087690466e-01, 3.266126467285e-05, 3.4452e+00, 3.4831e-02, 
 2DIAGNOSTIC,    28, -5.341121994433e-01, 2.131024325829e-05, 3.4853e+00, 4.0089e-02, 
 2DIAGNOSTIC,    29, -5.341083486334e-01, 1.360737984072e-05, 3.5182e+00, 3.2976e-02, 
 2DIAGNOSTIC,    30, -5.341176169031e-01, 9.470000631243e-06, 3.5565e+00, 3.8273e-02, 
 2DIAGNOSTIC,    31, -5.342848782013e-01, 1.016135697371e-05, 3.6012e+00, 4.4710e-02, 
 2DIAGNOSTIC,    32, -5.343168262660e-01, 1.077731236880e-05, 3.6438e+00, 4.2537e-02, 
 2DIAGNOSTIC,    33, -5.345485317217e-01, 1.507910007407e-05, 3.6966e+00, 5.2826e-02, 
 2DIAGNOSTIC,    34, -5.346275132358e-01, 1.976387137172e-05, 3.7368e+00, 4.0179e-02, 
 2DIAGNOSTIC,    35, -5.347304126867e-01, 2.423073736338e-05, 3.7769e+00, 4.0082e-02, 
 2DIAGNOSTIC,    36, -5.348886345587e-01, 2.892345480080e-05, 3.8218e+00, 4.4906e-02, 
 2DIAGNOSTIC,    37, -5.349414210040e-01, 3.172313101550e-05, 3.8625e+00, 4.0790e-02, 
 2DIAGNOSTIC,    38, -5.349933465128e-01, 3.222313079672e-05, 3.9139e+00, 5.1386e-02, 
 2DIAGNOSTIC,    39, -5.350066472885e-01, 2.985532945430e-05, 3.9495e+00, 3.5535e-02, 
 2DIAGNOSTIC,    40, -5.352082818197e-01, 2.762151085984e-05, 3.9856e+00, 3.6115e-02, 
 2DIAGNOSTIC,    41, -5.355391626558e-01, 2.935555094773e-05, 4.0384e+00, 5.2779e-02, 
 2DIAGNOSTIC,    42, -5.356513084365e-01, 2.994915594084e-05, 4.0758e+00, 3.7409e-02, 
 2DIAGNOSTIC,    43, -5.356964317268e-01, 3.121585156166e-05, 4.1189e+00, 4.3155e-02, 
 2DIAGNOSTIC,    44, -5.357999730886e-01, 3.177357611692e-05, 4.1886e+00, 6.9641e-02, 
 2DIAGNOSTIC,    45, -5.358273667046e-01, 3.078228000595e-05, 4.2311e+00, 4.2497e-02, 
 2DIAGNOSTIC,    46, -5.360477101402e-01, 3.127196962884e-05, 4.2691e+00, 3.8068e-02, 
 2DIAGNOSTIC,    47, -5.361810416551e-01, 3.086064240358e-05, 4.3071e+00, 3.8014e-02, 
 2DIAGNOSTIC,    48, -5.362036157936e-01, 2.846083597555e-05, 4.3465e+00, 3.9344e-02, 
 2DIAGNOSTIC,    49, -5.362651001253e-01, 2.433780565152e-05, 4.3868e+00, 4.0275e-02, 
 2DIAGNOSTIC,    50, -5.363795094668e-01, 2.138903585842e-05, 4.4258e+00, 3.8984e-02, 
 2DIAGNOSTIC,    51, -5.365205046487e-01, 2.141861651563e-05, 4.4669e+00, 4.1115e-02, 
 2DIAGNOSTIC,    52, -5.367693954726e-01, 2.310604295143e-05, 4.5089e+00, 4.2045e-02, 
 2DIAGNOSTIC,    53, -5.368849739092e-01, 2.414891142577e-05, 4.5570e+00, 4.8134e-02, 
 2DIAGNOSTIC,    54, -5.368788798486e-01, 2.389814266554e-05, 4.5959e+00, 3.8879e-02, 
 2DIAGNOSTIC,    55, -5.368807723797e-01, 2.168850318613e-05, 4.6338e+00, 3.7903e-02, 
 2DIAGNOSTIC,    56, -5.368841822927e-01, 1.961528863561e-05, 4.6709e+00, 3.7121e-02, 
 2DIAGNOSTIC,    57, -5.369334121627e-01, 1.745908113236e-05, 4.7057e+00, 3.4748e-02, 
 2DIAGNOSTIC,    58, -5.369798086180e-01, 1.436557117003e-05, 4.7390e+00, 3.3294e-02, 
 2DIAGNOSTIC,    59, -5.370751980824e-01, 1.147789361808e-05, 4.7706e+00, 3.1579e-02, 
 2DIAGNOSTIC,    60, -5.371564899533e-01, 9.366551875452e-06, 4.8180e+00, 4.7399e-02, 
 2DIAGNOSTIC,    61, -5.371577174908e-01, 7.659137389225e-06, 4.8498e+00, 3.1855e-02, 
 2DIAGNOSTIC,    62, -5.371533030097e-01, 7.402941823140e-06, 4.8892e+00, 3.9352e-02, 
 2DIAGNOSTIC,    63, -5.371764106484e-01, 7.666751944056e-06, 4.9297e+00, 4.0562e-02, 
 2DIAGNOSTIC,    64, -5.372282457083e-01, 7.596699370924e-06, 5.0666e+00, 1.3689e-01, 
 2DIAGNOSTIC,    65, -5.372282432991e-01, 6.846460872574e-06, 5.1049e+00, 3.8260e-02, 
 2DIAGNOSTIC,    66, -5.372282458061e-01, 5.545751910578e-06, 5.1452e+00, 4.0275e-02, 
 2DIAGNOSTIC,    67, -5.372282500440e-01, 4.203019449544e-06, 5.1796e+00, 3.4446e-02, 
 2DIAGNOSTIC,    68, -5.372282572032e-01, 2.885908868547e-06, 5.2189e+00, 3.9341e-02, 
 2DIAGNOSTIC,    69, -5.372282692323e-01, 2.083887798637e-06, 5.2560e+00, 3.7009e-02, 
 2DIAGNOSTIC,    70, -5.372282894618e-01, 1.767150316197e-06, 5.2905e+00, 3.4584e-02, 
 2DIAGNOSTIC,    71, -5.372283235418e-01, 1.351840380318e-06, 5.3373e+00, 4.6783e-02, 
DIAGNOSTIC,Iteration,metricValue,convergenceValue,ITERATION_TIME_INDEX,SINCE_LAST
 2DIAGNOSTIC,     1, -4.770416656470e-01, 1.797693134862e+308, 6.5971e+00, 1.2598e+00, 
 2DIAGNOSTIC,     2, -4.772298423387e-01, 1.797693134862e+308, 6.8755e+00, 2.7846e-01, 
 2DIAGNOSTIC,     3, -4.774386958085e-01, 1.797693134862e+308, 7.1855e+00, 3.0991e-01, 
 2DIAGNOSTIC,     4, -4.775559531790e-01, 1.797693134862e+308, 7.5149e+00, 3.2948e-01, 
 2DIAGNOSTIC,     5, -4.775842664435e-01, 1.797693134862e+308, 7.8372e+00, 3.2228e-01, 
 2DIAGNOSTIC,     6, -4.775939207470e-01, 1.797693134862e+308, 8.1322e+00, 2.9501e-01, 
 2DIAGNOSTIC,     7, -4.776167348758e-01, 1.797693134862e+308, 8.3981e+00, 2.6592e-01, 
 2DIAGNOSTIC,     8, -4.776784420734e-01, 1.797693134862e+308, 8.6354e+00, 2.3729e-01, 
 2DIAGNOSTIC,     9, -4.777728434966e-01, 1.797693134862e+308, 8.8636e+00, 2.2818e-01, 
 2DIAGNOSTIC,    10, -4.779657749007e-01, 9.821152978731e-05, 9.2591e+00, 3.9550e-01, 
 2DIAGNOSTIC,    11, -4.779756964775e-01, 7.897318146907e-05, 9.5701e+00, 3.1094e-01, 
 2DIAGNOSTIC,    12, -4.780004220442e-01, 6.662058136517e-05, 9.9050e+00, 3.3492e-01, 
 2DIAGNOSTIC,    13, -4.780923874441e-01, 6.408003516664e-05, 1.0259e+01, 3.5419e-01, 
 2DIAGNOSTIC,    14, -4.782918283576e-01, 6.954739386143e-05, 1.0726e+01, 4.6711e-01, 
 2DIAGNOSTIC,    15, -4.784234394264e-01, 7.421380156332e-05, 1.1259e+01, 5.3270e-01, 
 2DIAGNOSTIC,    16, -4.784196618185e-01, 7.193341102400e-05, 1.1625e+01, 3.6601e-01, 
 2DIAGNOSTIC,    17, -4.785419939515e-01, 6.879318875700e-05, 1.2027e+01, 4.0231e-01, 
 2DIAGNOSTIC,    18, -4.785854079516e-01, 6.316108718269e-05, 1.2420e+01, 3.9271e-01, 
 2DIAGNOSTIC,    19, -4.785769554888e-01, 5.484123855524e-05, 1.2877e+01, 4.5724e-01, 
 2DIAGNOSTIC,    20, -4.786129422080e-01, 4.925969602036e-05, 1.3341e+01, 4.6379e-01, 
 2DIAGNOSTIC,    21, -4.786829823297e-01, 4.210006517522e-05, 1.3823e+01, 4.8207e-01, 
 2DIAGNOSTIC,    22, -4.788175025123e-01, 3.605212936718e-05, 1.4451e+01, 6.2802e-01, 
 2DIAGNOSTIC,    23, -4.788242652880e-01, 2.964457075021e-05, 1.4949e+01, 4.9747e-01, 
 2DIAGNOSTIC,    24, -4.788294773155e-01, 2.620664394415e-05, 1.5500e+01, 5.5126e-01, 
 2DIAGNOSTIC,    25, -4.788277848869e-01, 2.388226927479e-05, 1.5987e+01, 4.8759e-01, 
 2DIAGNOSTIC,    26, -4.788262662010e-01, 1.938161861907e-05, 1.6468e+01, 4.8035e-01, 
 2DIAGNOSTIC,    27, -4.788329304252e-01, 1.627371546709e-05, 1.6879e+01, 4.1073e-01, 
 2DIAGNOSTIC,    28, -4.788355016833e-01, 1.296059117546e-05, 1.7351e+01, 4.7242e-01, 
 2DIAGNOSTIC,    29, -4.788406527575e-01, 8.730608985021e-06, 1.7844e+01, 4.9294e-01, 
 2DIAGNOSTIC,    30, -4.788396536249e-01, 4.749093431254e-06, 1.8486e+01, 6.4189e-01, 
 2DIAGNOSTIC,    31, -4.788389197441e-01, 1.936213567914e-06, 1.8897e+01, 4.1159e-01, 
 2DIAGNOSTIC,    32, -4.788374264144e-01, 1.680153619989e-06, 1.9305e+01, 4.0776e-01, 
 2DIAGNOSTIC,    33, -4.788375424929e-01, 1.493761118063e-06, 1.9759e+01, 4.5411e-01, 
 2DIAGNOSTIC,    34, -4.788368380052e-01, 1.347151925870e-06, 2.0229e+01, 4.6940e-01, 
 2DIAGNOSTIC,    35, -4.788361616987e-01, 1.132481487053e-06, 2.0676e+01, 4.4719e-01, 
DIAGNOSTIC,Iteration,metricValue,convergenceValue,ITERATION_TIME_INDEX,SINCE_LAST
 2DIAGNOSTIC,     1, -4.453603641985e-01, 1.797693134862e+308, 2.4348e+01, 3.6720e+00, 
 2DIAGNOSTIC,     2, -4.453944967874e-01, 1.797693134862e+308, 2.9917e+01, 5.5696e+00, 
 2DIAGNOSTIC,     3, -4.453946875724e-01, 1.797693134862e+308, 3.2904e+01, 2.9870e+00, 
 2DIAGNOSTIC,     4, -4.453944753443e-01, 1.797693134862e+308, 3.6512e+01, 3.6074e+00, 
 2DIAGNOSTIC,     5, -4.453944447827e-01, 1.797693134862e+308, 3.9315e+01, 2.8031e+00, 
 2DIAGNOSTIC,     6, -4.453942166919e-01, 1.797693134862e+308, 4.2246e+01, 2.9313e+00, 
 2DIAGNOSTIC,     7, -4.453942435165e-01, 1.797693134862e+308, 4.5617e+01, 3.3711e+00, 
 2DIAGNOSTIC,     8, -4.453941137341e-01, 1.797693134862e+308, 4.8576e+01, 2.9585e+00, 
 2DIAGNOSTIC,     9, -4.453941537005e-01, 1.797693134862e+308, 5.1855e+01, 3.2795e+00, 
 2DIAGNOSTIC,    10, -4.453940840691e-01, 5.278580922738e-06, 5.4852e+01, 2.9964e+00, 
 2DIAGNOSTIC,    11, -4.453939299679e-01, 2.806559660243e-06, 5.7482e+01, 2.6302e+00, 
 2DIAGNOSTIC,    12, -4.453940543738e-01, 2.575663761925e-06, 6.0135e+01, 2.6531e+00, 
 2DIAGNOSTIC,    13, -4.453941160112e-01, 2.399340344142e-06, 6.3098e+01, 2.9629e+00, 
 2DIAGNOSTIC,    14, -4.453940680522e-01, 2.240481041429e-06, 6.6035e+01, 2.9366e+00, 
 2DIAGNOSTIC,    15, -4.453938616605e-01, 2.096060845766e-06, 6.9324e+01, 3.2895e+00, 
 2DIAGNOSTIC,    16, -4.453937086830e-01, 1.957033281735e-06, 7.2308e+01, 2.9841e+00, 
 2DIAGNOSTIC,    17, -4.453935600135e-01, 1.832742324841e-06, 7.5279e+01, 2.9707e+00, 
 2DIAGNOSTIC,    18, -4.453934959599e-01, 1.718700395226e-06, 7.8286e+01, 3.0070e+00, 
 2DIAGNOSTIC,    19, -4.453932607546e-01, 1.614638664015e-06, 8.1218e+01, 2.9326e+00, 
 2DIAGNOSTIC,    20, -4.453931978457e-01, 1.522758979473e-06, 8.3419e+01, 2.2002e+00, 
 2DIAGNOSTIC,    21, -4.453934156887e-01, 1.447823122024e-06, 8.5430e+01, 2.0113e+00, 
 2DIAGNOSTIC,    22, -4.453933987775e-01, 1.388684386122e-06, 8.7675e+01, 2.2453e+00, 
 2DIAGNOSTIC,    23, -4.453935327016e-01, 1.345495395093e-06, 8.9448e+01, 1.7726e+00, 
 2DIAGNOSTIC,    24, -4.453935230202e-01, 1.308041866183e-06, 9.1250e+01, 1.8026e+00, 
 2DIAGNOSTIC,    25, -4.453933526775e-01, 1.265709849436e-06, 9.2696e+01, 1.4458e+00, 
 2DIAGNOSTIC,    26, -4.453935096985e-01, 1.227441390222e-06, 9.4245e+01, 1.5493e+00, 
 2DIAGNOSTIC,    27, -4.453933836490e-01, 1.184909455720e-06, 9.5946e+01, 1.7005e+00, 
 2DIAGNOSTIC,    28, -4.453934291306e-01, 1.144584624788e-06, 9.7679e+01, 1.7330e+00, 
 2DIAGNOSTIC,    29, -4.453933431704e-01, 1.099262304502e-06, 1.0039e+02, 2.7089e+00, 
 2DIAGNOSTIC,    30, -4.453932770476e-01, 1.053971969825e-06, 1.0371e+02, 3.3268e+00, 
 2DIAGNOSTIC,    31, -4.453931511935e-01, 1.014140613202e-06, 1.0667e+02, 2.9596e+00, 
  Elapsed time (stage 0): 1.0817e+02


Total elapsed time: 1.0818e+02
Info [verificarlo]: loaded backend libinterflop_vprec.so
Info [interflop-vprec]: load backend with: 
Info [interflop-vprec]: precision-binary32 = 18
Info [interflop-vprec]: range-binary32 = 7
Info [interflop-vprec]: precision-binary64 = 18
Info [interflop-vprec]: range-binary64 = 7
Info [interflop-vprec]: mode = ob
Info [interflop-vprec]: error-mode = rel
Info [interflop-vprec]: max-abs-error-exponent = -1022
Info [interflop-vprec]: daz = false
Info [interflop-vprec]: ftz = false
Info [interflop-vprec]: 	instrument = none
Info [interflop-vprec]: 	prec-input-file = (null)
Info [interflop-vprec]: 	prec-output-file = (null)
Info [interflop-vprec]: 	prec-log-file = (null)
All_Command_lines_OK
Using double precision for computations.
=============================================================================
The composite transform comprises the following transforms (in order): 
  1. /home/mdugre/scratch/mri-registration-rp/datasets/ds004513/derivatives/mri-registration-rp/0011/antsRegistration-r7-p18/sub-s003/rigid_Composite.h5[0] (type = Euler3DTransform)
  2. /home/mdugre/scratch/mri-registration-rp/datasets/ds004513/derivatives/mri-registration-rp/0011/antsRegistration-r7-p18/sub-s003/rigid_Composite.h5[1] (type = Euler3DTransform)
  3. /home/mdugre/scratch/mri-registration-rp/datasets/ds004513/derivatives/mri-registration-rp/0011/antsRegistration-r7-p18/sub-s003/rigid_Composite.h5[2] (type = Euler3DTransform)
=============================================================================
  number of levels = 4
  fixed image: /templateflow/tpl-MNI152NLin2009cAsym/tpl-MNI152NLin2009cAsym_res-01_desc-brain_T1w.nii.gz
  moving image: /home/mdugre/scratch/mri-registration-rp/datasets/ds004513/derivatives/mri-registration-rp/antsBrainExtraction/sub-s003/BrainExtractionBrain.nii.gz
Dimension = 3
Number of stages = 1
Use histogram matching = false
Winsorize image intensities = true
  Lower quantile = 0.005
  Upper quantile = 0.995


Stage 1 State
   Image metric = MattesMI
     Fixed image = Image (0x4b88490)
  RTTI typeinfo:   itk::Image<double, 3u>
  Reference Count: 2
  Modified Time: 1592
  Debug: Off
  Object Name: 
  Observers: 
    none
  Source: (none)
  Source output name: (none)
  Release Data: Off
  Data Released: False
  Global Release Data: Off
  PipelineMTime: 0
  UpdateMTime: 1203
  RealTimeStamp: 0 seconds 
  LargestPossibleRegion: 
    Dimension: 3
    Index: [0, 0, 0]
    Size: [193, 229, 193]
  BufferedRegion: 
    Dimension: 3
    Index: [0, 0, 0]
    Size: [193, 229, 193]
  RequestedRegion: 
    Dimension: 3
    Index: [0, 0, 0]
    Size: [193, 229, 193]
  Spacing: [1, 1, 1]
  Origin: [96, 132, -78]
  Direction: 
-1 0 0
0 -1 0
0 0 1

  IndexToPointMatrix: 
-1 0 0
0 -1 0
0 0 1

  PointToIndexMatrix: 
-1 0 0
0 -1 0
0 0 1

  Inverse Direction: 
-1 0 0
0 -1 0
0 0 1

  PixelContainer: 
    ImportImageContainer (0x4c538c0)
      RTTI typeinfo:   itk::ImportImageContainer<unsigned long, double>
      Reference Count: 1
      Modified Time: 1200
      Debug: Off
      Object Name: 
      Observers: 
        none
      Pointer: 0x15311aa86010
      Container manages memory: true
      Size: 8530021
      Capacity: 8530021

     Moving image = Image (0x4c43b60)
  RTTI typeinfo:   itk::Image<double, 3u>
  Reference Count: 2
  Modified Time: 1593
  Debug: Off
  Object Name: 
  Observers: 
    none
  Source: (none)
  Source output name: (none)
  Release Data: Off
  Data Released: False
  Global Release Data: Off
  PipelineMTime: 0
  UpdateMTime: 1590
  RealTimeStamp: 0 seconds 
  LargestPossibleRegion: 
    Dimension: 3
    Index: [0, 0, 0]
    Size: [176, 240, 256]
  BufferedRegion: 
    Dimension: 3
    Index: [0, 0, 0]
    Size: [176, 240, 256]
  RequestedRegion: 
    Dimension: 3
    Index: [0, 0, 0]
    Size: [176, 240, 256]
  Spacing: [1, 1, 1]
  Origin: [93.3499, 86.9368, -128.957]
  Direction: 
-0.999512 -0.0279216 -0.0139567
0.0279189 -0.999611 0.000389866
-0.0139621 2.01492e-08 0.999903

  IndexToPointMatrix: 
-0.999512 -0.0279216 -0.0139567
0.0279189 -0.999611 0.000389866
-0.0139621 2.01492e-08 0.999903

  PointToIndexMatrix: 
-0.999512 0.0279189 -0.0139621
-0.0279216 -0.999611 -4.20958e-07
-0.0139567 0.000389425 0.999903

  Inverse Direction: 
-0.999512 0.0279189 -0.0139621
-0.0279216 -0.999611 -4.20958e-07
-0.0139567 0.000389425 0.999903

  PixelContainer: 
    ImportImageContainer (0x4cd71d0)
      RTTI typeinfo:   itk::ImportImageContainer<unsigned long, double>
      Reference Count: 1
      Modified Time: 1587
      Debug: Off
      Object Name: 
      Observers: 
        none
      Pointer: 0x153115805010
      Container manages memory: true
      Size: 10813440
      Capacity: 10813440

     Weighting = 1
     Sampling strategy = regular
     Number of bins = 32
     Radius = 4
     Sampling percentage  = 0.25
   Transform = Affine
     Gradient step = 0.1
     Update field sigma (voxel space) = 0
     Total field sigma (voxel space) = 0
     Update field time sigma = 0
     Total field time sigma  = 0
     Number of time indices = 0
     Number of time point samples = 0
Registration using 1 total stages.

Stage 0
  iterations = 1000x500x250x100
  convergence threshold = 1e-06
  convergence window size = 10
  number of levels = 4
  using the Mattes MI metric (number of bins = 32, weight = 1, use gradient filter = 0)
  preprocessing:  winsorizing the image intensities
  Shrink factors (level 1 out of 4): [8, 8, 8]
  Shrink factors (level 2 out of 4): [4, 4, 4]
  Shrink factors (level 3 out of 4): [2, 2, 2]
  Shrink factors (level 4 out of 4): [1, 1, 1]
  smoothing sigmas per level: [3, 2, 1, 0]
  regular sampling (percentage = 0.25)

*** Running AffineTransform registration ***

DIAGNOSTIC,Iteration,metricValue,convergenceValue,ITERATION_TIME_INDEX,SINCE_LAST
 2DIAGNOSTIC,     1, -6.603506394248e-01, 1.797693134862e+308, 0.0000e+00, 0.0000e+00, 
 2DIAGNOSTIC,     2, -6.627928918131e-01, 1.797693134862e+308, 0.0000e+00, 0.0000e+00, 
 2DIAGNOSTIC,     3, -6.667298363487e-01, 1.797693134862e+308, 0.0000e+00, 0.0000e+00, 
 2DIAGNOSTIC,     4, -6.724386145989e-01, 1.797693134862e+308, 0.0000e+00, 0.0000e+00, 
 2DIAGNOSTIC,     5, -6.804938220018e-01, 1.797693134862e+308, 0.0000e+00, 0.0000e+00, 
 2DIAGNOSTIC,     6, -6.922480245543e-01, 1.797693134862e+308, 0.0000e+00, 0.0000e+00, 
 2DIAGNOSTIC,     7, -7.109542549934e-01, 1.797693134862e+308, 0.0000e+00, 0.0000e+00, 
 2DIAGNOSTIC,     8, -7.192554623271e-01, 1.797693134862e+308, 0.0000e+00, 0.0000e+00, 
 2DIAGNOSTIC,     9, -7.202075163948e-01, 1.797693134862e+308, 0.0000e+00, 0.0000e+00, 
 2DIAGNOSTIC,    10, -7.201223218149e-01, 6.865248078472e-03, 0.0000e+00, 0.0000e+00, 
 2DIAGNOSTIC,    11, -7.202082680466e-01, 5.920743451146e-03, 0.0000e+00, 0.0000e+00, 
 2DIAGNOSTIC,    12, -7.201239340320e-01, 4.680764824667e-03, 0.0000e+00, 0.0000e+00, 
 2DIAGNOSTIC,    13, -7.199638866132e-01, 3.332274559555e-03, 0.0000e+00, 0.0000e+00, 
 2DIAGNOSTIC,    14, -7.196548835546e-01, 2.042405131455e-03, 0.0000e+00, 0.0000e+00, 
 2DIAGNOSTIC,    15, -7.197992423737e-01, 9.659263784591e-04, 0.0000e+00, 0.0000e+00, 
 2DIAGNOSTIC,    16, -7.197708297551e-01, 2.252229949875e-04, 0.0000e+00, 0.0000e+00, 
DIAGNOSTIC,Iteration,metricValue,convergenceValue,ITERATION_TIME_INDEX,SINCE_LAST
 2DIAGNOSTIC,     1, -5.940653568955e-01, 1.797693134862e+308, 0.0000e+00, 0.0000e+00, 
 2DIAGNOSTIC,     2, -5.943377104215e-01, 1.797693134862e+308, 0.0000e+00, 0.0000e+00, 
 2DIAGNOSTIC,     3, -5.944897648203e-01, 1.797693134862e+308, 0.0000e+00, 0.0000e+00, 
 2DIAGNOSTIC,     4, -5.944778364231e-01, 1.797693134862e+308, 0.0000e+00, 0.0000e+00, 
 2DIAGNOSTIC,     5, -5.945104869966e-01, 1.797693134862e+308, 0.0000e+00, 0.0000e+00, 
 2DIAGNOSTIC,     6, -5.945005631768e-01, 1.797693134862e+308, 0.0000e+00, 0.0000e+00, 
 2DIAGNOSTIC,     7, -5.945033914810e-01, 1.797693134862e+308, 0.0000e+00, 0.0000e+00, 
 2DIAGNOSTIC,     8, -5.945620384227e-01, 1.797693134862e+308, 0.0000e+00, 0.0000e+00, 
 2DIAGNOSTIC,     9, -5.947255898788e-01, 1.797693134862e+308, 0.0000e+00, 0.0000e+00, 
 2DIAGNOSTIC,    10, -5.949871125943e-01, 6.632960489514e-05, 0.0000e+00, 0.0000e+00, 
 2DIAGNOSTIC,    11, -5.956144393497e-01, 8.584236344406e-05, 0.0000e+00, 0.0000e+00, 
 2DIAGNOSTIC,    12, -5.968500547158e-01, 1.540356574582e-04, 0.0000e+00, 0.0000e+00, 
 2DIAGNOSTIC,    13, -5.998990802877e-01, 3.146327573451e-04, 0.0000e+00, 0.0000e+00, 
 2DIAGNOSTIC,    14, -6.004537786879e-01, 4.399646518394e-04, 0.0000e+00, 0.0000e+00, 
 2DIAGNOSTIC,    15, -6.004690539308e-01, 5.111521319924e-04, 0.0000e+00, 0.0000e+00, 
 2DIAGNOSTIC,    16, -6.006171655497e-01, 5.321101937143e-04, 0.0000e+00, 0.0000e+00, 
 2DIAGNOSTIC,    17, -6.007610582145e-01, 5.052028902606e-04, 0.0000e+00, 0.0000e+00, 
 2DIAGNOSTIC,    18, -6.008053167984e-01, 4.361828470781e-04, 0.0000e+00, 0.0000e+00, 
 2DIAGNOSTIC,    19, -6.008868743372e-01, 3.404288208480e-04, 0.0000e+00, 0.0000e+00, 
