
##########################
# Experiment information #
##########################

EXPERIMENT_NAME: antsRegistration-r7-p9
VFC_BACKENDS: libinterflop_vprec.so --range-binary32=7 --precision-binary32=9 --range-binary64=7 --precision-binary64=9

SIF_IMG: /home/mdugre/projects/rrg-glatard/mdugre/containers/ants-vprec-no_metrics.simg

SUBJECT_ID: s017
INPUT_IMG: /home/mdugre/scratch/mri-registration-rp/datasets/ds004513/derivatives/mri-registration-rp/antsBrainExtraction/sub-s017/BrainExtractionBrain.nii.gz
OUTPUT_DIR: /home/mdugre/scratch/mri-registration-rp/datasets/ds004513/derivatives/mri-registration-rp/0011/antsRegistration-r7-p9/sub-s017

FIXED_IMG: /templateflow/tpl-MNI152NLin2009cAsym/tpl-MNI152NLin2009cAsym_res-01_desc-brain_T1w.nii.gz
DATA_DIR: /home/mdugre/scratch/mri-registration-rp/datasets/ds004513
TEMPLATEFLOW_DIR: /home/mdugre/projects/rrg-glatard/mdugre/templateflow
ITK_GLOBAL_DEFAULT_NUMBER_OF_THREADS: 16
##########################

Info [verificarlo]: loaded backend libinterflop_ieee.so
Info [interflop-ieee]: load backend with:
Info [interflop-ieee]: debug = false
Info [interflop-ieee]: debug-binary = false
Info [interflop-ieee]: no-backend-name = false
Info [interflop-ieee]: print-new-line = false
Info [interflop-ieee]: print-subnormal-normalized = false
Info [interflop-ieee]: count-op = false
All_Command_lines_OK
Using double precision for computations.
=============================================================================
The composite transform comprises the following transforms (in order): 
  1. Center of mass alignment using fixed image: /templateflow/tpl-MNI152NLin2009cAsym/tpl-MNI152NLin2009cAsym_res-01_desc-brain_T1w.nii.gz and moving image: /home/mdugre/scratch/mri-registration-rp/datasets/ds004513/derivatives/mri-registration-rp/antsBrainExtraction/sub-s017/BrainExtractionBrain.nii.gz (type = Euler3DTransform)
=============================================================================
  number of levels = 1
  fixed image: /templateflow/tpl-MNI152NLin2009cAsym/tpl-MNI152NLin2009cAsym_res-01_desc-brain_T1w.nii.gz
  moving image: /home/mdugre/scratch/mri-registration-rp/datasets/ds004513/derivatives/mri-registration-rp/antsBrainExtraction/sub-s017/BrainExtractionBrain.nii.gz
Dimension = 3
Number of stages = 1
Use histogram matching = false
Winsorize image intensities = true
  Lower quantile = 0.005
  Upper quantile = 0.995


Stage 1 State
   Image metric = MattesMI
     Fixed image = Image (0x4551bd0)
  RTTI typeinfo:   itk::Image<double, 3u>
  Reference Count: 2
  Modified Time: 2334
  Debug: Off
  Object Name: 
  Observers: 
    none
  Source: (none)
  Source output name: (none)
  Release Data: Off
  Data Released: False
  Global Release Data: Off
  PipelineMTime: 0
  UpdateMTime: 1943
  RealTimeStamp: 0 seconds 
  LargestPossibleRegion: 
    Dimension: 3
    Index: [0, 0, 0]
    Size: [193, 229, 193]
  BufferedRegion: 
    Dimension: 3
    Index: [0, 0, 0]
    Size: [193, 229, 193]
  RequestedRegion: 
    Dimension: 3
    Index: [0, 0, 0]
    Size: [193, 229, 193]
  Spacing: [1, 1, 1]
  Origin: [96, 132, -78]
  Direction: 
-1 0 0
0 -1 0
0 0 1

  IndexToPointMatrix: 
-1 0 0
0 -1 0
0 0 1

  PointToIndexMatrix: 
-1 0 0
0 -1 0
0 0 1

  Inverse Direction: 
-1 0 0
0 -1 0
0 0 1

  PixelContainer: 
    ImportImageContainer (0x455a9e0)
      RTTI typeinfo:   itk::ImportImageContainer<unsigned long, double>
      Reference Count: 1
      Modified Time: 1940
      Debug: Off
      Object Name: 
      Observers: 
        none
      Pointer: 0x147dc55b4010
      Container manages memory: true
      Size: 8530021
      Capacity: 8530021

     Moving image = Image (0x455bbd0)
  RTTI typeinfo:   itk::Image<double, 3u>
  Reference Count: 2
  Modified Time: 2335
  Debug: Off
  Object Name: 
  Observers: 
    none
  Source: (none)
  Source output name: (none)
  Release Data: Off
  Data Released: False
  Global Release Data: Off
  PipelineMTime: 0
  UpdateMTime: 2332
  RealTimeStamp: 0 seconds 
  LargestPossibleRegion: 
    Dimension: 3
    Index: [0, 0, 0]
    Size: [160, 240, 256]
  BufferedRegion: 
    Dimension: 3
    Index: [0, 0, 0]
    Size: [160, 240, 256]
  RequestedRegion: 
    Dimension: 3
    Index: [0, 0, 0]
    Size: [160, 240, 256]
  Spacing: [1, 1, 1]
  Origin: [91.3357, 102.231, -120.042]
  Direction: 
-0.997442 -5.36781e-05 -0.0714818
5.35416e-05 -1 3.82465e-06
-0.0714818 -1.23894e-08 0.997442

  IndexToPointMatrix: 
-0.997444 -5.36781e-05 -0.0714818
5.35418e-05 -1 3.82465e-06
-0.0714819 -1.23894e-08 0.997442

  PointToIndexMatrix: 
-0.99744 5.35415e-05 -0.0714816
-5.36781e-05 -1 -1.23894e-08
-0.0714818 3.82465e-06 0.997442

  Inverse Direction: 
-0.997442 5.35416e-05 -0.0714818
-5.36781e-05 -1 -1.23894e-08
-0.0714818 3.82465e-06 0.997442

  PixelContainer: 
    ImportImageContainer (0x46e1b50)
      RTTI typeinfo:   itk::ImportImageContainer<unsigned long, double>
      Reference Count: 1
      Modified Time: 2329
      Debug: Off
      Object Name: 
      Observers: 
        none
      Pointer: 0x147dc0ab3010
      Container manages memory: true
      Size: 9830400
      Capacity: 9830400

     Weighting = 1
     Sampling strategy = regular
     Number of bins = 32
     Radius = 4
     Sampling percentage  = 0.25
   Transform = Rigid
     Gradient step = 0.1
     Update field sigma (voxel space) = 0
     Total field sigma (voxel space) = 0
     Update field time sigma = 0
     Total field time sigma  = 0
     Number of time indices = 0
     Number of time point samples = 0
Registration using 1 total stages.

Stage 0
  iterations = 0
  convergence threshold = 1e-06
  convergence window size = 10
  number of levels = 1
  using the Mattes MI metric (number of bins = 32, weight = 1, use gradient filter = 0)
  preprocessing:  winsorizing the image intensities
  Shrink factors (level 1 out of 1): [1, 1, 1]
  smoothing sigmas per level: [0]
  regular sampling (percentage = 0.25)

*** Running Euler3DTransform registration ***

  Elapsed time (stage 0): 1.16374


Total elapsed time: 1.16611
Info [verificarlo]: loaded backend libinterflop_ieee.so
Info [interflop-ieee]: load backend with:
Info [interflop-ieee]: debug = false
Info [interflop-ieee]: debug-binary = false
Info [interflop-ieee]: no-backend-name = false
Info [interflop-ieee]: print-new-line = false
Info [interflop-ieee]: print-subnormal-normalized = false
Info [interflop-ieee]: count-op = false
All_Command_lines_OK
Using double precision for computations.
=============================================================================
The composite transform comprises the following transforms (in order): 
  1. /home/mdugre/scratch/mri-registration-rp/datasets/ds004513/derivatives/mri-registration-rp/0011/antsRegistration-r7-p9/sub-s017/align_Composite.h5[0] (type = Euler3DTransform)
  2. /home/mdugre/scratch/mri-registration-rp/datasets/ds004513/derivatives/mri-registration-rp/0011/antsRegistration-r7-p9/sub-s017/align_Composite.h5[1] (type = Euler3DTransform)
=============================================================================
  number of levels = 4
  fixed image: /templateflow/tpl-MNI152NLin2009cAsym/tpl-MNI152NLin2009cAsym_res-01_desc-brain_T1w.nii.gz
  moving image: /home/mdugre/scratch/mri-registration-rp/datasets/ds004513/derivatives/mri-registration-rp/antsBrainExtraction/sub-s017/BrainExtractionBrain.nii.gz
Dimension = 3
Number of stages = 1
Use histogram matching = false
Winsorize image intensities = true
  Lower quantile = 0.005
  Upper quantile = 0.995


Stage 1 State
   Image metric = MattesMI
     Fixed image = Image (0x3d75530)
  RTTI typeinfo:   itk::Image<double, 3u>
  Reference Count: 2
  Modified Time: 1580
  Debug: Off
  Object Name: 
  Observers: 
    none
  Source: (none)
  Source output name: (none)
  Release Data: Off
  Data Released: False
  Global Release Data: Off
  PipelineMTime: 0
  UpdateMTime: 1189
  RealTimeStamp: 0 seconds 
  LargestPossibleRegion: 
    Dimension: 3
    Index: [0, 0, 0]
    Size: [193, 229, 193]
  BufferedRegion: 
    Dimension: 3
    Index: [0, 0, 0]
    Size: [193, 229, 193]
  RequestedRegion: 
    Dimension: 3
    Index: [0, 0, 0]
    Size: [193, 229, 193]
  Spacing: [1, 1, 1]
  Origin: [96, 132, -78]
  Direction: 
-1 0 0
0 -1 0
0 0 1

  IndexToPointMatrix: 
-1 0 0
0 -1 0
0 0 1

  PointToIndexMatrix: 
-1 0 0
0 -1 0
0 0 1

  Inverse Direction: 
-1 0 0
0 -1 0
0 0 1

  PixelContainer: 
    ImportImageContainer (0x3e33d60)
      RTTI typeinfo:   itk::ImportImageContainer<unsigned long, double>
      Reference Count: 1
      Modified Time: 1186
      Debug: Off
      Object Name: 
      Observers: 
        none
      Pointer: 0x1529bb777010
      Container manages memory: true
      Size: 8530021
      Capacity: 8530021

     Moving image = Image (0x3e25f60)
  RTTI typeinfo:   itk::Image<double, 3u>
  Reference Count: 2
  Modified Time: 1581
  Debug: Off
  Object Name: 
  Observers: 
    none
  Source: (none)
  Source output name: (none)
  Release Data: Off
  Data Released: False
  Global Release Data: Off
  PipelineMTime: 0
  UpdateMTime: 1578
  RealTimeStamp: 0 seconds 
  LargestPossibleRegion: 
    Dimension: 3
    Index: [0, 0, 0]
    Size: [160, 240, 256]
  BufferedRegion: 
    Dimension: 3
    Index: [0, 0, 0]
    Size: [160, 240, 256]
  RequestedRegion: 
    Dimension: 3
    Index: [0, 0, 0]
    Size: [160, 240, 256]
  Spacing: [1, 1, 1]
  Origin: [91.3357, 102.231, -120.042]
  Direction: 
-0.997442 -5.36781e-05 -0.0714818
5.35416e-05 -1 3.82465e-06
-0.0714818 -1.23894e-08 0.997442

  IndexToPointMatrix: 
-0.997444 -5.36781e-05 -0.0714818
5.35418e-05 -1 3.82465e-06
-0.0714819 -1.23894e-08 0.997442

  PointToIndexMatrix: 
-0.99744 5.35415e-05 -0.0714816
-5.36781e-05 -1 -1.23894e-08
-0.0714818 3.82465e-06 0.997442

  Inverse Direction: 
-0.997442 5.35416e-05 -0.0714818
-5.36781e-05 -1 -1.23894e-08
-0.0714818 3.82465e-06 0.997442

  PixelContainer: 
    ImportImageContainer (0x3e176d0)
      RTTI typeinfo:   itk::ImportImageContainer<unsigned long, double>
      Reference Count: 1
      Modified Time: 1575
      Debug: Off
      Object Name: 
      Observers: 
        none
      Pointer: 0x1529b6c76010
      Container manages memory: true
      Size: 9830400
      Capacity: 9830400

     Weighting = 1
     Sampling strategy = regular
     Number of bins = 32
     Radius = 4
     Sampling percentage  = 0.25
   Transform = Rigid
     Gradient step = 0.1
     Update field sigma (voxel space) = 0
     Total field sigma (voxel space) = 0
     Update field time sigma = 0
     Total field time sigma  = 0
     Number of time indices = 0
     Number of time point samples = 0
Registration using 1 total stages.

Stage 0
  iterations = 1000x500x250x100
  convergence threshold = 1e-06
  convergence window size = 10
  number of levels = 4
  using the Mattes MI metric (number of bins = 32, weight = 1, use gradient filter = 0)
  preprocessing:  winsorizing the image intensities
  Shrink factors (level 1 out of 4): [8, 8, 8]
  Shrink factors (level 2 out of 4): [4, 4, 4]
  Shrink factors (level 3 out of 4): [2, 2, 2]
  Shrink factors (level 4 out of 4): [1, 1, 1]
  smoothing sigmas per level: [3, 2, 1, 0]
  regular sampling (percentage = 0.25)

*** Running Euler3DTransform registration ***

DIAGNOSTIC,Iteration,metricValue,convergenceValue,ITERATION_TIME_INDEX,SINCE_LAST
 2DIAGNOSTIC,     1, -5.567767283252e-01, 1.797693134862e+308, 7.6727e-01, 7.6727e-01, 
 2DIAGNOSTIC,     2, -5.584239703569e-01, 1.797693134862e+308, 7.7359e-01, 6.3281e-03, 
 2DIAGNOSTIC,     3, -5.612715515272e-01, 1.797693134862e+308, 7.7991e-01, 6.3200e-03, 
 2DIAGNOSTIC,     4, -5.637780194106e-01, 1.797693134862e+308, 7.8581e-01, 5.8918e-03, 
 2DIAGNOSTIC,     5, -5.658229214212e-01, 1.797693134862e+308, 7.9081e-01, 5.0070e-03, 
 2DIAGNOSTIC,     6, -5.696445468689e-01, 1.797693134862e+308, 7.9603e-01, 5.2149e-03, 
 2DIAGNOSTIC,     7, -5.734118275242e-01, 1.797693134862e+308, 8.0131e-01, 5.2822e-03, 
 2DIAGNOSTIC,     8, -5.754533484979e-01, 1.797693134862e+308, 8.0769e-01, 6.3791e-03, 
 2DIAGNOSTIC,     9, -5.763021950250e-01, 1.797693134862e+308, 8.1216e-01, 4.4701e-03, 
 2DIAGNOSTIC,    10, -5.771142770255e-01, 2.558085388189e-03, 8.1805e-01, 5.8899e-03, 
 2DIAGNOSTIC,    11, -5.785125587612e-01, 2.176117873031e-03, 8.2261e-01, 4.5619e-03, 
 2DIAGNOSTIC,    12, -5.799413348090e-01, 1.786767970983e-03, 8.2797e-01, 5.3570e-03, 
 2DIAGNOSTIC,    13, -5.809477908980e-01, 1.443124036835e-03, 8.3312e-01, 5.1529e-03, 
 2DIAGNOSTIC,    14, -5.814655964876e-01, 1.127354078216e-03, 8.3781e-01, 4.6871e-03, 
 2DIAGNOSTIC,    15, -5.819093877219e-01, 8.331089413526e-04, 8.4311e-01, 5.3060e-03, 
 2DIAGNOSTIC,    16, -5.822326442998e-01, 6.258215683233e-04, 8.4824e-01, 5.1260e-03, 
 2DIAGNOSTIC,    17, -5.825793599843e-01, 5.040365830239e-04, 8.5312e-01, 4.8769e-03, 
 2DIAGNOSTIC,    18, -5.863713925916e-01, 5.095725576650e-04, 8.5800e-01, 4.8819e-03, 
 2DIAGNOSTIC,    19, -5.901617810168e-01, 5.855607354919e-04, 8.6614e-01, 8.1429e-03, 
 2DIAGNOSTIC,    20, -5.906016223816e-01, 6.286272500325e-04, 8.7187e-01, 5.7302e-03, 
 2DIAGNOSTIC,    21, -5.907365705867e-01, 6.467002963857e-04, 8.7706e-01, 5.1858e-03, 
 2DIAGNOSTIC,    22, -5.906256574995e-01, 6.330265936403e-04, 8.8221e-01, 5.1560e-03, 
 2DIAGNOSTIC,    23, -5.906307681711e-01, 5.816453055201e-04, 8.8684e-01, 4.6310e-03, 
 2DIAGNOSTIC,    24, -5.905636622011e-01, 4.878472529244e-04, 8.9158e-01, 4.7309e-03, 
 2DIAGNOSTIC,    25, -5.906024985370e-01, 3.662279783977e-04, 8.9667e-01, 5.0929e-03, 
 2DIAGNOSTIC,    26, -5.906025304325e-01, 2.276984665087e-04, 9.0125e-01, 4.5841e-03, 
 2DIAGNOSTIC,    27, -5.906211320574e-01, 8.394584288848e-05, 9.0567e-01, 4.4160e-03, 
 2DIAGNOSTIC,    28, -5.908796758314e-01, 1.198925031232e-05, 9.1013e-01, 4.4630e-03, 
 2DIAGNOSTIC,    29, -5.911411552396e-01, 1.217108543280e-05, 9.1526e-01, 5.1248e-03, 
 2DIAGNOSTIC,    30, -5.915241330963e-01, 2.456301684505e-05, 9.2221e-01, 6.9511e-03, 
 2DIAGNOSTIC,    31, -5.916229825992e-01, 3.758205306111e-05, 9.2673e-01, 4.5178e-03, 
 2DIAGNOSTIC,    32, -5.916651208816e-01, 4.532975448916e-05, 9.3146e-01, 4.7340e-03, 
 2DIAGNOSTIC,    33, -5.916874987632e-01, 4.885284294340e-05, 9.3600e-01, 4.5390e-03, 
 2DIAGNOSTIC,    34, -5.917053822200e-01, 4.682712858476e-05, 9.4094e-01, 4.9450e-03, 
 2DIAGNOSTIC,    35, -5.917390904868e-01, 4.153275817113e-05, 9.5313e-01, 1.2188e-02, 
 2DIAGNOSTIC,    36, -5.917390912695e-01, 3.272086429239e-05, 9.5757e-01, 4.4382e-03, 
 2DIAGNOSTIC,    37, -5.917391070342e-01, 2.163060314733e-05, 9.6212e-01, 4.5550e-03, 
 2DIAGNOSTIC,    38, -5.917391330930e-01, 1.245673595305e-05, 9.6659e-01, 4.4611e-03, 
 2DIAGNOSTIC,    39, -5.917391754735e-01, 5.801896390309e-06, 9.7133e-01, 4.7400e-03, 
 2DIAGNOSTIC,    40, -5.917392424312e-01, 3.643428653510e-06, 9.7567e-01, 4.3461e-03, 
 2DIAGNOSTIC,    41, -5.917393428829e-01, 2.487109299971e-06, 9.8007e-01, 4.3948e-03, 
 2DIAGNOSTIC,    42, -5.917394845335e-01, 1.715730318267e-06, 9.8432e-01, 4.2582e-03, 
 2DIAGNOSTIC,    43, -5.917396625587e-01, 1.144189315232e-06, 9.8858e-01, 4.2579e-03, 
DIAGNOSTIC,Iteration,metricValue,convergenceValue,ITERATION_TIME_INDEX,SINCE_LAST
 2DIAGNOSTIC,     1, -4.784004501426e-01, 1.797693134862e+308, 1.8138e+00, 8.2518e-01, 
 2DIAGNOSTIC,     2, -4.783999131495e-01, 1.797693134862e+308, 1.8560e+00, 4.2217e-02, 
 2DIAGNOSTIC,     3, -4.784190365432e-01, 1.797693134862e+308, 1.8936e+00, 3.7635e-02, 
 2DIAGNOSTIC,     4, -4.785028756518e-01, 1.797693134862e+308, 1.9258e+00, 3.2152e-02, 
 2DIAGNOSTIC,     5, -4.786647485437e-01, 1.797693134862e+308, 1.9583e+00, 3.2570e-02, 
 2DIAGNOSTIC,     6, -4.788099932967e-01, 1.797693134862e+308, 1.9919e+00, 3.3565e-02, 
 2DIAGNOSTIC,     7, -4.794645847226e-01, 1.797693134862e+308, 2.0259e+00, 3.3994e-02, 
 2DIAGNOSTIC,     8, -4.813619171759e-01, 1.797693134862e+308, 2.0722e+00, 4.6303e-02, 
 2DIAGNOSTIC,     9, -4.817935635331e-01, 1.797693134862e+308, 2.1101e+00, 3.7894e-02, 
 2DIAGNOSTIC,    10, -4.822647496880e-01, 5.583367503407e-04, 2.1442e+00, 3.4062e-02, 
 2DIAGNOSTIC,    11, -4.831344909909e-01, 6.366384573468e-04, 2.1879e+00, 4.3769e-02, 
 2DIAGNOSTIC,    12, -4.835768992606e-01, 6.653898034944e-04, 2.2395e+00, 5.1537e-02, 
 2DIAGNOSTIC,    13, -4.835677565330e-01, 6.290342969288e-04, 2.2805e+00, 4.1087e-02, 
 2DIAGNOSTIC,    14, -4.835733047847e-01, 5.452729208315e-04, 2.3242e+00, 4.3676e-02, 
 2DIAGNOSTIC,    15, -4.835701547258e-01, 4.305772096585e-04, 2.3600e+00, 3.5730e-02, 
 2DIAGNOSTIC,    16, -4.835566913013e-01, 2.956272804746e-04, 2.3962e+00, 3.6234e-02, 
 2DIAGNOSTIC,    17, -4.835523104094e-01, 1.703980275821e-04, 2.4320e+00, 3.5821e-02, 
 2DIAGNOSTIC,    18, -4.835483887837e-01, 1.058854946570e-04, 2.4655e+00, 3.3493e-02, 
 2DIAGNOSTIC,    19, -4.835469915474e-01, 5.203914178897e-05, 2.4983e+00, 3.2750e-02, 
 2DIAGNOSTIC,    20, -4.835401827380e-01, 1.204163300131e-05, 2.5336e+00, 3.5316e-02, 
DIAGNOSTIC,Iteration,metricValue,convergenceValue,ITERATION_TIME_INDEX,SINCE_LAST
 2DIAGNOSTIC,     1, -4.161561167868e-01, 1.797693134862e+308, 3.7953e+00, 1.2618e+00, 
 2DIAGNOSTIC,     2, -4.161756893439e-01, 1.797693134862e+308, 4.1420e+00, 3.4667e-01, 
 2DIAGNOSTIC,     3, -4.161696114509e-01, 1.797693134862e+308, 4.4623e+00, 3.2033e-01, 
 2DIAGNOSTIC,     4, -4.161681503553e-01, 1.797693134862e+308, 4.9114e+00, 4.4905e-01, 
 2DIAGNOSTIC,     5, -4.161678896603e-01, 1.797693134862e+308, 5.1989e+00, 2.8753e-01, 
 2DIAGNOSTIC,     6, -4.161669123585e-01, 1.797693134862e+308, 5.4972e+00, 2.9828e-01, 
 2DIAGNOSTIC,     7, -4.161667485644e-01, 1.797693134862e+308, 5.8019e+00, 3.0465e-01, 
 2DIAGNOSTIC,     8, -4.161656816016e-01, 1.797693134862e+308, 6.0691e+00, 2.6724e-01, 
 2DIAGNOSTIC,     9, -4.161650043539e-01, 1.797693134862e+308, 6.3469e+00, 2.7785e-01, 
 2DIAGNOSTIC,    10, -4.161655463815e-01, 2.943366648495e-06, 6.6890e+00, 3.4206e-01, 
 2DIAGNOSTIC,    11, -4.161636420995e-01, 1.720591501372e-06, 6.9917e+00, 3.0273e-01, 
 2DIAGNOSTIC,    12, -4.161624970809e-01, 1.867462473118e-06, 7.3180e+00, 3.2627e-01, 
 2DIAGNOSTIC,    13, -4.161615819745e-01, 1.698398058803e-06, 7.6466e+00, 3.2854e-01, 
 2DIAGNOSTIC,    14, -4.161624603296e-01, 1.592444846182e-06, 7.9228e+00, 2.7622e-01, 
 2DIAGNOSTIC,    15, -4.161620529815e-01, 1.530180438511e-06, 8.1933e+00, 2.7052e-01, 
 2DIAGNOSTIC,    16, -4.161603835107e-01, 1.417836920703e-06, 8.4454e+00, 2.5209e-01, 
 2DIAGNOSTIC,    17, -4.161625251482e-01, 1.455414122629e-06, 8.7319e+00, 2.8648e-01, 
 2DIAGNOSTIC,    18, -4.161617349627e-01, 1.453854866364e-06, 8.9923e+00, 2.6042e-01, 
 2DIAGNOSTIC,    19, -4.161656140595e-01, 1.594928507043e-06, 9.2904e+00, 2.9809e-01, 
 2DIAGNOSTIC,    20, -4.161678254532e-01, 1.821576331287e-06, 9.6663e+00, 3.7594e-01, 
 2DIAGNOSTIC,    21, -4.161672172261e-01, 1.924327028807e-06, 9.9684e+00, 3.0210e-01, 
 2DIAGNOSTIC,    22, -4.161665846125e-01, 1.927748313112e-06, 1.0227e+01, 2.5839e-01, 
 2DIAGNOSTIC,    23, -4.161660793967e-01, 1.843028036651e-06, 1.0514e+01, 2.8704e-01, 
 2DIAGNOSTIC,    24, -4.161655365535e-01, 1.730448869558e-06, 1.0769e+01, 2.5479e-01, 
 2DIAGNOSTIC,    25, -4.161651834948e-01, 1.568353734813e-06, 1.1021e+01, 2.5259e-01, 
 2DIAGNOSTIC,    26, -4.161660037666e-01, 1.368374529596e-06, 1.1307e+01, 2.8587e-01, 
 2DIAGNOSTIC,    27, -4.161651045497e-01, 1.203105049100e-06, 1.1579e+01, 2.7168e-01, 
 2DIAGNOSTIC,    28, -4.161679884899e-01, 1.097088638262e-06, 1.1894e+01, 3.1557e-01, 
 2DIAGNOSTIC,    29, -4.161710849648e-01, 1.162831212952e-06, 1.2239e+01, 3.4481e-01, 
 2DIAGNOSTIC,    30, -4.161703640306e-01, 1.250475686873e-06, 1.2548e+01, 3.0893e-01, 
 2DIAGNOSTIC,    31, -4.161708142912e-01, 1.313167804232e-06, 1.2856e+01, 3.0746e-01, 
 2DIAGNOSTIC,    32, -4.161710089265e-01, 1.336085263620e-06, 1.3140e+01, 2.8465e-01, 
 2DIAGNOSTIC,    33, -4.161749613450e-01, 1.395595229735e-06, 1.3483e+01, 3.4249e-01, 
 2DIAGNOSTIC,    34, -4.161777487506e-01, 1.452526300107e-06, 1.3766e+01, 2.8372e-01, 
 2DIAGNOSTIC,    35, -4.161792220180e-01, 1.478601724034e-06, 1.4133e+01, 3.6666e-01, 
 2DIAGNOSTIC,    36, -4.161806859651e-01, 1.495439436412e-06, 1.4519e+01, 3.8585e-01, 
 2DIAGNOSTIC,    37, -4.161791778428e-01, 1.407680691300e-06, 1.4787e+01, 2.6833e-01, 
 2DIAGNOSTIC,    38, -4.161838486869e-01, 1.406626901065e-06, 1.5106e+01, 3.1911e-01, 
 2DIAGNOSTIC,    39, -4.161849953103e-01, 1.422742207099e-06, 1.5465e+01, 3.5873e-01, 
 2DIAGNOSTIC,    40, -4.161860914894e-01, 1.386764664765e-06, 1.5863e+01, 3.9743e-01, 
 2DIAGNOSTIC,    41, -4.161854987580e-01, 1.295749603808e-06, 1.6151e+01, 2.8818e-01, 
 2DIAGNOSTIC,    42, -4.161840259992e-01, 1.138573362452e-06, 1.6457e+01, 3.0669e-01, 
 2DIAGNOSTIC,    43, -4.161834049863e-01, 1.004201846969e-06, 1.6710e+01, 2.5292e-01, 
DIAGNOSTIC,Iteration,metricValue,convergenceValue,ITERATION_TIME_INDEX,SINCE_LAST
 2DIAGNOSTIC,     1, -3.834265912368e-01, 1.797693134862e+308, 1.9382e+01, 2.6714e+00, 
 2DIAGNOSTIC,     2, -3.834925053376e-01, 1.797693134862e+308, 2.1017e+01, 1.6351e+00, 
 2DIAGNOSTIC,     3, -3.834978116503e-01, 1.797693134862e+308, 2.2640e+01, 1.6232e+00, 
 2DIAGNOSTIC,     4, -3.835004127747e-01, 1.797693134862e+308, 2.4370e+01, 1.7295e+00, 
 2DIAGNOSTIC,     5, -3.835019582519e-01, 1.797693134862e+308, 2.6122e+01, 1.7526e+00, 
 2DIAGNOSTIC,     6, -3.835049957427e-01, 1.797693134862e+308, 2.7962e+01, 1.8402e+00, 
 2DIAGNOSTIC,     7, -3.835058343726e-01, 1.797693134862e+308, 3.0038e+01, 2.0752e+00, 
 2DIAGNOSTIC,     8, -3.835066498258e-01, 1.797693134862e+308, 3.2379e+01, 2.3410e+00, 
 2DIAGNOSTIC,     9, -3.835062955325e-01, 1.797693134862e+308, 3.4261e+01, 1.8820e+00, 
 2DIAGNOSTIC,    10, -3.835063108999e-01, 1.066660702637e-05, 3.6157e+01, 1.8963e+00, 
 2DIAGNOSTIC,    11, -3.835061571794e-01, 4.747040393327e-06, 3.8534e+01, 2.3772e+00, 
 2DIAGNOSTIC,    12, -3.835060832652e-01, 3.706200402437e-06, 3.9984e+01, 1.4495e+00, 
 2DIAGNOSTIC,    13, -3.835060190724e-01, 3.027825969532e-06, 4.1652e+01, 1.6683e+00, 
 2DIAGNOSTIC,    14, -3.835058638481e-01, 2.523467002621e-06, 4.3265e+01, 1.6128e+00, 
 2DIAGNOSTIC,    15, -3.835058006967e-01, 2.133709227595e-06, 4.4910e+01, 1.6457e+00, 
 2DIAGNOSTIC,    16, -3.835056463974e-01, 1.924177711915e-06, 4.7044e+01, 2.1340e+00, 
 2DIAGNOSTIC,    17, -3.835054775131e-01, 1.773328554035e-06, 4.8767e+01, 1.7229e+00, 
 2DIAGNOSTIC,    18, -3.835053086125e-01, 1.675385375113e-06, 5.0788e+01, 2.0208e+00, 
 2DIAGNOSTIC,    19, -3.835051448147e-01, 1.576051815888e-06, 5.2518e+01, 1.7299e+00, 
 2DIAGNOSTIC,    20, -3.835051658769e-01, 1.497295072227e-06, 5.4105e+01, 1.5865e+00, 
 2DIAGNOSTIC,    21, -3.835053779578e-01, 1.436675312286e-06, 5.5820e+01, 1.7150e+00, 
 2DIAGNOSTIC,    22, -3.835055901417e-01, 1.393331720341e-06, 5.7618e+01, 1.7983e+00, 
 2DIAGNOSTIC,    23, -3.835055251008e-01, 1.354581541851e-06, 5.9302e+01, 1.6843e+00, 
 2DIAGNOSTIC,    24, -3.835054518287e-01, 1.314933130173e-06, 6.1221e+01, 1.9193e+00, 
 2DIAGNOSTIC,    25, -3.835053813428e-01, 1.275595340612e-06, 6.2954e+01, 1.7321e+00, 
 2DIAGNOSTIC,    26, -3.835053141622e-01, 1.232550094377e-06, 6.4512e+01, 1.5579e+00, 
 2DIAGNOSTIC,    27, -3.835053494680e-01, 1.188143192395e-06, 6.6022e+01, 1.5107e+00, 
 2DIAGNOSTIC,    28, -3.835054089358e-01, 1.143229097805e-06, 6.7784e+01, 1.7622e+00, 
 2DIAGNOSTIC,    29, -3.835055814683e-01, 1.101082727162e-06, 6.9615e+01, 1.8304e+00, 
 2DIAGNOSTIC,    30, -3.835053714646e-01, 1.056523025240e-06, 7.2062e+01, 2.4471e+00, 
 2DIAGNOSTIC,    31, -3.835053052294e-01, 1.018740038827e-06, 7.3910e+01, 1.8479e+00, 
  Elapsed time (stage 0): 7.4931e+01


Total elapsed time: 7.4933e+01
Info [verificarlo]: loaded backend libinterflop_vprec.so
Info [interflop-vprec]: load backend with: 
Info [interflop-vprec]: precision-binary32 = 9
Info [interflop-vprec]: range-binary32 = 7
Info [interflop-vprec]: precision-binary64 = 9
Info [interflop-vprec]: range-binary64 = 7
Info [interflop-vprec]: mode = ob
Info [interflop-vprec]: error-mode = rel
Info [interflop-vprec]: max-abs-error-exponent = -1022
Info [interflop-vprec]: daz = false
Info [interflop-vprec]: ftz = false
Info [interflop-vprec]: 	instrument = none
Info [interflop-vprec]: 	prec-input-file = (null)
Info [interflop-vprec]: 	prec-output-file = (null)
Info [interflop-vprec]: 	prec-log-file = (null)
All_Command_lines_OK
Using double precision for computations.
=============================================================================
The composite transform comprises the following transforms (in order): 
  1. /home/mdugre/scratch/mri-registration-rp/datasets/ds004513/derivatives/mri-registration-rp/0011/antsRegistration-r7-p9/sub-s017/rigid_Composite.h5[0] (type = Euler3DTransform)
  2. /home/mdugre/scratch/mri-registration-rp/datasets/ds004513/derivatives/mri-registration-rp/0011/antsRegistration-r7-p9/sub-s017/rigid_Composite.h5[1] (type = Euler3DTransform)
  3. /home/mdugre/scratch/mri-registration-rp/datasets/ds004513/derivatives/mri-registration-rp/0011/antsRegistration-r7-p9/sub-s017/rigid_Composite.h5[2] (type = Euler3DTransform)
=============================================================================
  number of levels = 4
  fixed image: /templateflow/tpl-MNI152NLin2009cAsym/tpl-MNI152NLin2009cAsym_res-01_desc-brain_T1w.nii.gz
  moving image: /home/mdugre/scratch/mri-registration-rp/datasets/ds004513/derivatives/mri-registration-rp/antsBrainExtraction/sub-s017/BrainExtractionBrain.nii.gz
Dimension = 3
Number of stages = 1
Use histogram matching = false
Winsorize image intensities = true
  Lower quantile = 0.005
  Upper quantile = 0.995


Stage 1 State
   Image metric = MattesMI
     Fixed image = Image (0x3f421e0)
  RTTI typeinfo:   itk::Image<double, 3u>
  Reference Count: 2
  Modified Time: 1592
  Debug: Off
  Object Name: 
  Observers: 
    none
  Source: (none)
  Source output name: (none)
  Release Data: Off
  Data Released: False
  Global Release Data: Off
  PipelineMTime: 0
  UpdateMTime: 1203
  RealTimeStamp: 0 seconds 
  LargestPossibleRegion: 
    Dimension: 3
    Index: [0, 0, 0]
    Size: [193, 229, 193]
  BufferedRegion: 
    Dimension: 3
    Index: [0, 0, 0]
    Size: [193, 229, 193]
  RequestedRegion: 
    Dimension: 3
    Index: [0, 0, 0]
    Size: [193, 229, 193]
  Spacing: [1, 1, 1]
  Origin: [96, 132, -78]
  Direction: 
-1 0 0
0 -1 0
0 0 1

  IndexToPointMatrix: 
-1 0 0
0 -1 0
0 0 1

  PointToIndexMatrix: 
-1 0 0
0 -1 0
0 0 1

  Inverse Direction: 
-1 0 0
0 -1 0
0 0 1

  PixelContainer: 
    ImportImageContainer (0x400f890)
      RTTI typeinfo:   itk::ImportImageContainer<unsigned long, double>
      Reference Count: 1
      Modified Time: 1200
      Debug: Off
      Object Name: 
      Observers: 
        none
      Pointer: 0x14cedc01a010
      Container manages memory: true
      Size: 8530021
      Capacity: 8530021

     Moving image = Image (0x400ee40)
  RTTI typeinfo:   itk::Image<double, 3u>
  Reference Count: 2
  Modified Time: 1593
  Debug: Off
  Object Name: 
  Observers: 
    none
  Source: (none)
  Source output name: (none)
  Release Data: Off
  Data Released: False
  Global Release Data: Off
  PipelineMTime: 0
  UpdateMTime: 1590
  RealTimeStamp: 0 seconds 
  LargestPossibleRegion: 
    Dimension: 3
    Index: [0, 0, 0]
    Size: [160, 240, 256]
  BufferedRegion: 
    Dimension: 3
    Index: [0, 0, 0]
    Size: [160, 240, 256]
  RequestedRegion: 
    Dimension: 3
    Index: [0, 0, 0]
    Size: [160, 240, 256]
  Spacing: [1, 1, 1]
  Origin: [91.375, 102.25, -120]
  Direction: 
-0.99707 -5.36442e-05 -0.0714111
5.34654e-05 -1 3.8147e-06
-0.0714111 -1.30385e-08 0.99707

  IndexToPointMatrix: 
-0.99707 -5.36442e-05 -0.0714111
5.34654e-05 -1 3.8147e-06
-0.0714111 -1.30385e-08 0.99707

  PointToIndexMatrix: 
-0.996094 5.34654e-05 -0.0714111
-5.35846e-05 -1 -1.30385e-08
-0.0714111 3.8147e-06 0.99707

  Inverse Direction: 
-0.996094 5.34654e-05 -0.0714111
-5.35846e-05 -1 -1.30385e-08
-0.0714111 3.8147e-06 0.99707

  PixelContainer: 
    ImportImageContainer (0x40afa50)
      RTTI typeinfo:   itk::ImportImageContainer<unsigned long, double>
      Reference Count: 1
      Modified Time: 1587
      Debug: Off
      Object Name: 
      Observers: 
        none
      Pointer: 0x14ced7519010
      Container manages memory: true
      Size: 9830400
      Capacity: 9830400

     Weighting = 1
     Sampling strategy = regular
     Number of bins = 32
     Radius = 4
     Sampling percentage  = 0.25
   Transform = Affine
     Gradient step = 0.1
     Update field sigma (voxel space) = 0
     Total field sigma (voxel space) = 0
     Update field time sigma = 0
     Total field time sigma  = 0
     Number of time indices = 0
     Number of time point samples = 0
Registration using 1 total stages.

Stage 0
  iterations = 1000x500x250x100
  convergence threshold = 1e-06
  convergence window size = 10
  number of levels = 4
  using the Mattes MI metric (number of bins = 32, weight = 1, use gradient filter = 0)
  preprocessing:  winsorizing the image intensities
  Shrink factors (level 1 out of 4): [8, 8, 8]
  Shrink factors (level 2 out of 4): [4, 4, 4]
  Shrink factors (level 3 out of 4): [2, 2, 2]
  Shrink factors (level 4 out of 4): [1, 1, 1]
  smoothing sigmas per level: [3, 2, 1, 0]
  regular sampling (percentage = 0.25)

*** Running AffineTransform registration ***

DIAGNOSTIC,Iteration,metricValue,convergenceValue,ITERATION_TIME_INDEX,SINCE_LAST
 2DIAGNOSTIC,     1, -5.740542673371e-01, 1.797693134862e+308, 0.0000e+00, 0.0000e+00, 
 2DIAGNOSTIC,     2, -5.772125993872e-01, 1.797693134862e+308, 0.0000e+00, 0.0000e+00, 
 2DIAGNOSTIC,     3, -5.822382196649e-01, 1.797693134862e+308, 0.0000e+00, 0.0000e+00, 
 2DIAGNOSTIC,     4, -5.882895472927e-01, 1.797693134862e+308, 0.0000e+00, 0.0000e+00, 
 2DIAGNOSTIC,     5, -6.003156989293e-01, 1.797693134862e+308, 0.0000e+00, 0.0000e+00, 
 2DIAGNOSTIC,     6, -6.241009398557e-01, 1.797693134862e+308, 0.0000e+00, 0.0000e+00, 
 2DIAGNOSTIC,     7, -6.585141151768e-01, 1.797693134862e+308, 0.0000e+00, 0.0000e+00, 
 2DIAGNOSTIC,     8, -7.070530723887e-01, 1.797693134862e+308, 0.0000e+00, 0.0000e+00, 
 2DIAGNOSTIC,     9, -7.890474496311e-01, 1.797693134862e+308, 0.0000e+00, 0.0000e+00, 
 2DIAGNOSTIC,    10, -8.526005576159e-01, 2.549867934538e-02, 0.0000e+00, 0.0000e+00, 
 2DIAGNOSTIC,    11, -8.872559716573e-01, 2.836874797531e-02, 0.0000e+00, 0.0000e+00, 
 2DIAGNOSTIC,    12, -8.853974397383e-01, 2.821218331627e-02, 0.0000e+00, 0.0000e+00, 
 2DIAGNOSTIC,    13, -8.842731593130e-01, 2.573426340357e-02, 0.0000e+00, 0.0000e+00, 
 2DIAGNOSTIC,    14, -8.839633091312e-01, 2.153532851960e-02, 0.0000e+00, 0.0000e+00, 
 2DIAGNOSTIC,    15, -8.843366060801e-01, 1.636928458484e-02, 0.0000e+00, 0.0000e+00, 
 2DIAGNOSTIC,    16, -8.837366748524e-01, 1.105009895581e-02, 0.0000e+00, 0.0000e+00, 
 2DIAGNOSTIC,    17, -8.839061449746e-01, 6.246353251613e-03, 0.0000e+00, 0.0000e+00, 
 2DIAGNOSTIC,    18, -8.842054640733e-01, 2.491661366026e-03, 0.0000e+00, 0.0000e+00, 
 2DIAGNOSTIC,    19, -8.841933052798e-01, 5.423425089259e-04, 0.0000e+00, 0.0000e+00, 
DIAGNOSTIC,Iteration,metricValue,convergenceValue,ITERATION_TIME_INDEX,SINCE_LAST
 2DIAGNOSTIC,     1, -7.417155632549e-01, 1.797693134862e+308, 0.0000e+00, 0.0000e+00, 
 2DIAGNOSTIC,     2, -7.421777252843e-01, 1.797693134862e+308, 0.0000e+00, 0.0000e+00, 
 2DIAGNOSTIC,     3, -7.417473232225e-01, 1.797693134862e+308, 0.0000e+00, 0.0000e+00, 
 2DIAGNOSTIC,     4, -7.419187915703e-01, 1.797693134862e+308, 0.0000e+00, 0.0000e+00, 
 2DIAGNOSTIC,     5, -7.419764090023e-01, 1.797693134862e+308, 0.0000e+00, 0.0000e+00, 
 2DIAGNOSTIC,     6, -7.423982375998e-01, 1.797693134862e+308, 0.0000e+00, 0.0000e+00, 
 2DIAGNOSTIC,     7, -7.424700455504e-01, 1.797693134862e+308, 0.0000e+00, 0.0000e+00, 
 2DIAGNOSTIC,     8, -7.424522631088e-01, 1.797693134862e+308, 0.0000e+00, 0.0000e+00, 
 2DIAGNOSTIC,     9, -7.424595199117e-01, 1.797693134862e+308, 0.0000e+00, 0.0000e+00, 
 2DIAGNOSTIC,    10, -7.424852796609e-01, 7.038807707520e-05, 0.0000e+00, 0.0000e+00, 
 2DIAGNOSTIC,    11, -7.424942160780e-01, 5.481965235923e-05, 0.0000e+00, 0.0000e+00, 
 2DIAGNOSTIC,    12, -7.424942160780e-01, 5.209132818090e-05, 0.0000e+00, 0.0000e+00, 
 2DIAGNOSTIC,    13, -7.424942160780e-01, 3.250148093159e-05, 0.0000e+00, 0.0000e+00, 
 2DIAGNOSTIC,    14, -7.424942160780e-01, 1.757314506795e-05, 0.0000e+00, 0.0000e+00, 
 2DIAGNOSTIC,    15, -7.424942160780e-01, 4.192239007370e-06, 0.0000e+00, 0.0000e+00, 
 2DIAGNOSTIC,    16, -7.424942160780e-01, 2.138031210810e-06, 0.0000e+00, 0.0000e+00, 
 2DIAGNOSTIC,    17, -7.424942160780e-01, 1.768800159181e-06, 0.0000e+00, 0.0000e+00, 
DIAGNOSTIC,Iteration,metricValue,convergenceValue,ITERATION_TIME_INDEX,SINCE_LAST
 2DIAGNOSTIC,     1, -6.215135247455e-01, 1.797693134862e+308, 0.0000e+00, 0.0000e+00, 
 2DIAGNOSTIC,     2, -6.218046739725e-01, 1.797693134862e+308, 0.0000e+00, 0.0000e+00, 
 2DIAGNOSTIC,     3, -6.221085301857e-01, 1.797693134862e+308, 0.0000e+00, 0.0000e+00, 
 2DIAGNOSTIC,     4, -6.220634006464e-01, 1.797693134862e+308, 0.0000e+00, 0.0000e+00, 
 2DIAGNOSTIC,     5, -6.220573376113e-01, 1.797693134862e+308, 0.0000e+00, 0.0000e+00, 
 2DIAGNOSTIC,     6, -6.220483375603e-01, 1.797693134862e+308, 0.0000e+00, 0.0000e+00, 
 2DIAGNOSTIC,     7, -6.220389869805e-01, 1.797693134862e+308, 0.0000e+00, 0.0000e+00, 
 2DIAGNOSTIC,     8, -6.220120681309e-01, 1.797693134862e+308, 0.0000e+00, 0.0000e+00, 
 2DIAGNOSTIC,     9, -6.221935882699e-01, 1.797693134862e+308, 0.0000e+00, 0.0000e+00, 
 2DIAGNOSTIC,    10, -6.221757351964e-01, 4.210099327762e-05, 0.0000e+00, 0.0000e+00, 
 2DIAGNOSTIC,    11, -6.222770807639e-01, 2.491720102990e-05, 0.0000e+00, 0.0000e+00, 
 2DIAGNOSTIC,    12, -6.222876521832e-01, 1.950408871210e-05, 0.0000e+00, 0.0000e+00, 
 2DIAGNOSTIC,    13, -6.223132065542e-01, 2.479455876822e-05, 0.0000e+00, 0.0000e+00, 
 2DIAGNOSTIC,    14, -6.225217561943e-01, 3.234471785564e-05, 0.0000e+00, 0.0000e+00, 
 2DIAGNOSTIC,    15, -6.224453754388e-01, 3.322317752535e-05, 0.0000e+00, 0.0000e+00, 
 2DIAGNOSTIC,    16, -6.224860246488e-01, 3.203105166837e-05, 0.0000e+00, 0.0000e+00, 
 2DIAGNOSTIC,    17, -6.224807601837e-01, 2.772956051371e-05, 0.0000e+00, 0.0000e+00, 
 2DIAGNOSTIC,    18, -6.224817246757e-01, 2.054220223574e-05, 0.0000e+00, 0.0000e+00, 
 2DIAGNOSTIC,    19, -6.224815836416e-01, 1.654607963922e-05, 0.0000e+00, 0.0000e+00, 
 2DIAGNOSTIC,    20, -6.224815372848e-01, 1.095697215912e-05, 0.0000e+00, 0.0000e+00, 
 2DIAGNOSTIC,    21, -6.224813044539e-01, 7.147408911876e-06, 0.0000e+00, 0.0000e+00, 
 2DIAGNOSTIC,    22, -6.224813044536e-01, 3.244251004245e-06, 0.0000e+00, 0.0000e+00, 
DIAGNOSTIC,Iteration,metricValue,convergenceValue,ITERATION_TIME_INDEX,SINCE_LAST
 2DIAGNOSTIC,     1, -5.541485760350e-01, 1.797693134862e+308, 0.0000e+00, 0.0000e+00, 
 2DIAGNOSTIC,     2, -5.545475745773e-01, 1.797693134862e+308, 0.0000e+00, 0.0000e+00, 
 2DIAGNOSTIC,     3, -5.548773845840e-01, 1.797693134862e+308, 0.0000e+00, 0.0000e+00, 
 2DIAGNOSTIC,     4, -5.548701709447e-01, 1.797693134862e+308, 0.0000e+00, 0.0000e+00, 
 2DIAGNOSTIC,     5, -5.548609771014e-01, 1.797693134862e+308, 0.0000e+00, 0.0000e+00, 
 2DIAGNOSTIC,     6, -5.548602080982e-01, 1.797693134862e+308, 0.0000e+00, 0.0000e+00, 
 2DIAGNOSTIC,     7, -5.548656136682e-01, 1.797693134862e+308, 0.0000e+00, 0.0000e+00, 
 2DIAGNOSTIC,     8, -5.548704916725e-01, 1.797693134862e+308, 0.0000e+00, 0.0000e+00, 
 2DIAGNOSTIC,     9, -5.548661721172e-01, 1.797693134862e+308, 0.0000e+00, 0.0000e+00, 
 2DIAGNOSTIC,    10, -5.548606909523e-01, 5.038039902383e-05, 0.0000e+00, 0.0000e+00, 
 2DIAGNOSTIC,    11, -5.548643402026e-01, 1.419371342062e-05, 0.0000e+00, 0.0000e+00, 
  Elapsed time (stage 0): 0.0000e+00


Total elapsed time: 0.0000e+00
Info [verificarlo]: loaded backend libinterflop_vprec.so
Info [interflop-vprec]: load backend with: 
Info [interflop-vprec]: precision-binary32 = 9
Info [interflop-vprec]: range-binary32 = 7
Info [interflop-vprec]: precision-binary64 = 9
Info [interflop-vprec]: range-binary64 = 7
Info [interflop-vprec]: mode = ob
Info [interflop-vprec]: error-mode = rel
Info [interflop-vprec]: max-abs-error-exponent = -1022
Info [interflop-vprec]: daz = false
Info [interflop-vprec]: ftz = false
Info [interflop-vprec]: 	instrument = none
Info [interflop-vprec]: 	prec-input-file = (null)
Info [interflop-vprec]: 	prec-output-file = (null)
Info [interflop-vprec]: 	prec-log-file = (null)
All_Command_lines_OK
Using double precision for computations.
=============================================================================
The composite transform comprises the following transforms (in order): 
  1. /home/mdugre/scratch/mri-registration-rp/datasets/ds004513/derivatives/mri-registration-rp/0011/antsRegistration-r7-p9/sub-s017/affine_Composite.h5[0] (type = Euler3DTransform)
  2. /home/mdugre/scratch/mri-registration-rp/datasets/ds004513/derivatives/mri-registration-rp/0011/antsRegistration-r7-p9/sub-s017/affine_Composite.h5[1] (type = Euler3DTransform)
  3. /home/mdugre/scratch/mri-registration-rp/datasets/ds004513/derivatives/mri-registration-rp/0011/antsRegistration-r7-p9/sub-s017/affine_Composite.h5[2] (type = Euler3DTransform)
  4. /home/mdugre/scratch/mri-registration-rp/datasets/ds004513/derivatives/mri-registration-rp/0011/antsRegistration-r7-p9/sub-s017/affine_Composite.h5[3] (type = AffineTransform)
=============================================================================
  number of levels = 4
  fixed image: /templateflow/tpl-MNI152NLin2009cAsym/tpl-MNI152NLin2009cAsym_res-01_desc-brain_T1w.nii.gz
  moving image: /home/mdugre/scratch/mri-registration-rp/datasets/ds004513/derivatives/mri-registration-rp/antsBrainExtraction/sub-s017/BrainExtractionBrain.nii.gz
Dimension = 3
Number of stages = 1
Use histogram matching = false
Winsorize image intensities = true
  Lower quantile = 0.005
  Upper quantile = 0.995


Stage 1 State
   Image metric = CC
     Fixed image = Image (0x4cac6f0)
  RTTI typeinfo:   itk::Image<double, 3u>
  Reference Count: 2
  Modified Time: 1606
  Debug: Off
  Object Name: 
  Observers: 
    none
  Source: (none)
  Source output name: (none)
  Release Data: Off
  Data Released: False
  Global Release Data: Off
  PipelineMTime: 0
  UpdateMTime: 1217
  RealTimeStamp: 0 seconds 
  LargestPossibleRegion: 
    Dimension: 3
    Index: [0, 0, 0]
    Size: [193, 229, 193]
  BufferedRegion: 
    Dimension: 3
    Index: [0, 0, 0]
    Size: [193, 229, 193]
  RequestedRegion: 
    Dimension: 3
    Index: [0, 0, 0]
    Size: [193, 229, 193]
  Spacing: [1, 1, 1]
  Origin: [96, 132, -78]
  Direction: 
-1 0 0
0 -1 0
0 0 1

  IndexToPointMatrix: 
-1 0 0
0 -1 0
0 0 1

  PointToIndexMatrix: 
-1 0 0
0 -1 0
0 0 1

  Inverse Direction: 
-1 0 0
0 -1 0
0 0 1

  PixelContainer: 
    ImportImageContainer (0x4d7a8b0)
      RTTI typeinfo:   itk::ImportImageContainer<unsigned long, double>
      Reference Count: 1
      Modified Time: 1214
      Debug: Off
      Object Name: 
      Observers: 
        none
      Pointer: 0x14fdaa330010
      Container manages memory: true
      Size: 8530021
      Capacity: 8530021

     Moving image = Image (0x4d68240)
  RTTI typeinfo:   itk::Image<double, 3u>
  Reference Count: 2
  Modified Time: 1607
  Debug: Off
  Object Name: 
  Observers: 
    none
  Source: (none)
  Source output name: (none)
  Release Data: Off
  Data Released: False
  Global Release Data: Off
  PipelineMTime: 0
  UpdateMTime: 1604
  RealTimeStamp: 0 seconds 
  LargestPossibleRegion: 
    Dimension: 3
    Index: [0, 0, 0]
    Size: [160, 240, 256]
  BufferedRegion: 
    Dimension: 3
    Index: [0, 0, 0]
    Size: [160, 240, 256]
  RequestedRegion: 
    Dimension: 3
    Index: [0, 0, 0]
    Size: [160, 240, 256]
  Spacing: [1, 1, 1]
  Origin: [91.375, 102.25, -120]
  Direction: 
-0.99707 -5.36442e-05 -0.0714111
5.34654e-05 -1 3.8147e-06
-0.0714111 -1.30385e-08 0.99707

  IndexToPointMatrix: 
-0.99707 -5.36442e-05 -0.0714111
5.34654e-05 -1 3.8147e-06
-0.0714111 -1.30385e-08 0.99707

  PointToIndexMatrix: 
-0.996094 5.34654e-05 -0.0714111
