
##########################
# Experiment information #
##########################

EXPERIMENT_NAME: antsRegistration-r7-p6
VFC_BACKENDS: libinterflop_vprec.so --range-binary32=7 --precision-binary32=6 --range-binary64=7 --precision-binary64=6

SIF_IMG: /home/mdugre/projects/rrg-glatard/mdugre/containers/ants-vprec-no_metrics.simg

SUBJECT_ID: s037
INPUT_IMG: /home/mdugre/scratch/mri-registration-rp/datasets/ds004513/derivatives/mri-registration-rp/antsBrainExtraction/sub-s037/BrainExtractionBrain.nii.gz
OUTPUT_DIR: /home/mdugre/scratch/mri-registration-rp/datasets/ds004513/derivatives/mri-registration-rp/0011/antsRegistration-r7-p6/sub-s037

FIXED_IMG: /templateflow/tpl-MNI152NLin2009cAsym/tpl-MNI152NLin2009cAsym_res-01_desc-brain_T1w.nii.gz
DATA_DIR: /home/mdugre/scratch/mri-registration-rp/datasets/ds004513
TEMPLATEFLOW_DIR: /home/mdugre/projects/rrg-glatard/mdugre/templateflow
ITK_GLOBAL_DEFAULT_NUMBER_OF_THREADS: 16
##########################

Info [verificarlo]: loaded backend libinterflop_ieee.so
Info [interflop-ieee]: load backend with:
Info [interflop-ieee]: debug = false
Info [interflop-ieee]: debug-binary = false
Info [interflop-ieee]: no-backend-name = false
Info [interflop-ieee]: print-new-line = false
Info [interflop-ieee]: print-subnormal-normalized = false
Info [interflop-ieee]: count-op = false
All_Command_lines_OK
Using double precision for computations.
=============================================================================
The composite transform comprises the following transforms (in order): 
  1. Center of mass alignment using fixed image: /templateflow/tpl-MNI152NLin2009cAsym/tpl-MNI152NLin2009cAsym_res-01_desc-brain_T1w.nii.gz and moving image: /home/mdugre/scratch/mri-registration-rp/datasets/ds004513/derivatives/mri-registration-rp/antsBrainExtraction/sub-s037/BrainExtractionBrain.nii.gz (type = Euler3DTransform)
=============================================================================
  number of levels = 1
  fixed image: /templateflow/tpl-MNI152NLin2009cAsym/tpl-MNI152NLin2009cAsym_res-01_desc-brain_T1w.nii.gz
  moving image: /home/mdugre/scratch/mri-registration-rp/datasets/ds004513/derivatives/mri-registration-rp/antsBrainExtraction/sub-s037/BrainExtractionBrain.nii.gz
Dimension = 3
Number of stages = 1
Use histogram matching = false
Winsorize image intensities = true
  Lower quantile = 0.005
  Upper quantile = 0.995


Stage 1 State
   Image metric = MattesMI
     Fixed image = Image (0x4185bd0)
  RTTI typeinfo:   itk::Image<double, 3u>
  Reference Count: 2
  Modified Time: 2330
  Debug: Off
  Object Name: 
  Observers: 
    none
  Source: (none)
  Source output name: (none)
  Release Data: Off
  Data Released: False
  Global Release Data: Off
  PipelineMTime: 0
  UpdateMTime: 1941
  RealTimeStamp: 0 seconds 
  LargestPossibleRegion: 
    Dimension: 3
    Index: [0, 0, 0]
    Size: [193, 229, 193]
  BufferedRegion: 
    Dimension: 3
    Index: [0, 0, 0]
    Size: [193, 229, 193]
  RequestedRegion: 
    Dimension: 3
    Index: [0, 0, 0]
    Size: [193, 229, 193]
  Spacing: [1, 1, 1]
  Origin: [96, 132, -78]
  Direction: 
-1 0 0
0 -1 0
0 0 1

  IndexToPointMatrix: 
-1 0 0
0 -1 0
0 0 1

  PointToIndexMatrix: 
-1 0 0
0 -1 0
0 0 1

  Inverse Direction: 
-1 0 0
0 -1 0
0 0 1

  PixelContainer: 
    ImportImageContainer (0x418e9e0)
      RTTI typeinfo:   itk::ImportImageContainer<unsigned long, double>
      Reference Count: 1
      Modified Time: 1938
      Debug: Off
      Object Name: 
      Observers: 
        none
      Pointer: 0x14e7ac765010
      Container manages memory: true
      Size: 8530021
      Capacity: 8530021

     Moving image = Image (0x418fd40)
  RTTI typeinfo:   itk::Image<double, 3u>
  Reference Count: 2
  Modified Time: 2331
  Debug: Off
  Object Name: 
  Observers: 
    none
  Source: (none)
  Source output name: (none)
  Release Data: Off
  Data Released: False
  Global Release Data: Off
  PipelineMTime: 0
  UpdateMTime: 2328
  RealTimeStamp: 0 seconds 
  LargestPossibleRegion: 
    Dimension: 3
    Index: [0, 0, 0]
    Size: [160, 240, 256]
  BufferedRegion: 
    Dimension: 3
    Index: [0, 0, 0]
    Size: [160, 240, 256]
  RequestedRegion: 
    Dimension: 3
    Index: [0, 0, 0]
    Size: [160, 240, 256]
  Spacing: [1, 1, 1]
  Origin: [87.9508, 102.562, -147.639]
  Direction: 
-0.998659 -0.0436121 -0.0279129
0.043595 -0.999049 0.00121847
-0.0279395 -2.65543e-08 0.99961

  IndexToPointMatrix: 
-0.998659 -0.0436121 -0.0279129
0.043595 -0.999049 0.00121847
-0.0279395 -2.65543e-08 0.99961

  PointToIndexMatrix: 
-0.998659 0.043595 -0.0279395
-0.0436121 -0.999049 -2.65517e-08
-0.0279129 0.00121847 0.99961

  Inverse Direction: 
-0.998659 0.043595 -0.0279395
-0.0436121 -0.999049 -2.65517e-08
-0.0279129 0.00121847 0.99961

  PixelContainer: 
    ImportImageContainer (0x41b5850)
      RTTI typeinfo:   itk::ImportImageContainer<unsigned long, double>
      Reference Count: 1
      Modified Time: 2325
      Debug: Off
      Object Name: 
      Observers: 
        none
      Pointer: 0x14e7a7c64010
      Container manages memory: true
      Size: 9830400
      Capacity: 9830400

     Weighting = 1
     Sampling strategy = regular
     Number of bins = 32
     Radius = 4
     Sampling percentage  = 0.25
   Transform = Rigid
     Gradient step = 0.1
     Update field sigma (voxel space) = 0
     Total field sigma (voxel space) = 0
     Update field time sigma = 0
     Total field time sigma  = 0
     Number of time indices = 0
     Number of time point samples = 0
Registration using 1 total stages.

Stage 0
  iterations = 0
  convergence threshold = 1e-06
  convergence window size = 10
  number of levels = 1
  using the Mattes MI metric (number of bins = 32, weight = 1, use gradient filter = 0)
  preprocessing:  winsorizing the image intensities
  Shrink factors (level 1 out of 1): [1, 1, 1]
  smoothing sigmas per level: [0]
  regular sampling (percentage = 0.25)

*** Running Euler3DTransform registration ***

  Elapsed time (stage 0): 1.13856


Total elapsed time: 1.14265
Info [verificarlo]: loaded backend libinterflop_ieee.so
Info [interflop-ieee]: load backend with:
Info [interflop-ieee]: debug = false
Info [interflop-ieee]: debug-binary = false
Info [interflop-ieee]: no-backend-name = false
Info [interflop-ieee]: print-new-line = false
Info [interflop-ieee]: print-subnormal-normalized = false
Info [interflop-ieee]: count-op = false
All_Command_lines_OK
Using double precision for computations.
=============================================================================
The composite transform comprises the following transforms (in order): 
  1. /home/mdugre/scratch/mri-registration-rp/datasets/ds004513/derivatives/mri-registration-rp/0011/antsRegistration-r7-p6/sub-s037/align_Composite.h5[0] (type = Euler3DTransform)
  2. /home/mdugre/scratch/mri-registration-rp/datasets/ds004513/derivatives/mri-registration-rp/0011/antsRegistration-r7-p6/sub-s037/align_Composite.h5[1] (type = Euler3DTransform)
=============================================================================
  number of levels = 4
  fixed image: /templateflow/tpl-MNI152NLin2009cAsym/tpl-MNI152NLin2009cAsym_res-01_desc-brain_T1w.nii.gz
  moving image: /home/mdugre/scratch/mri-registration-rp/datasets/ds004513/derivatives/mri-registration-rp/antsBrainExtraction/sub-s037/BrainExtractionBrain.nii.gz
Dimension = 3
Number of stages = 1
Use histogram matching = false
Winsorize image intensities = true
  Lower quantile = 0.005
  Upper quantile = 0.995


Stage 1 State
   Image metric = MattesMI
     Fixed image = Image (0x42a7530)
  RTTI typeinfo:   itk::Image<double, 3u>
  Reference Count: 2
  Modified Time: 1578
  Debug: Off
  Object Name: 
  Observers: 
    none
  Source: (none)
  Source output name: (none)
  Release Data: Off
  Data Released: False
  Global Release Data: Off
  PipelineMTime: 0
  UpdateMTime: 1189
  RealTimeStamp: 0 seconds 
  LargestPossibleRegion: 
    Dimension: 3
    Index: [0, 0, 0]
    Size: [193, 229, 193]
  BufferedRegion: 
    Dimension: 3
    Index: [0, 0, 0]
    Size: [193, 229, 193]
  RequestedRegion: 
    Dimension: 3
    Index: [0, 0, 0]
    Size: [193, 229, 193]
  Spacing: [1, 1, 1]
  Origin: [96, 132, -78]
  Direction: 
-1 0 0
0 -1 0
0 0 1

  IndexToPointMatrix: 
-1 0 0
0 -1 0
0 0 1

  PointToIndexMatrix: 
-1 0 0
0 -1 0
0 0 1

  Inverse Direction: 
-1 0 0
0 -1 0
0 0 1

  PixelContainer: 
    ImportImageContainer (0x4365d60)
      RTTI typeinfo:   itk::ImportImageContainer<unsigned long, double>
      Reference Count: 1
      Modified Time: 1186
      Debug: Off
      Object Name: 
      Observers: 
        none
      Pointer: 0x14b70bf23010
      Container manages memory: true
      Size: 8530021
      Capacity: 8530021

     Moving image = Image (0x4357f60)
  RTTI typeinfo:   itk::Image<double, 3u>
  Reference Count: 2
  Modified Time: 1579
  Debug: Off
  Object Name: 
  Observers: 
    none
  Source: (none)
  Source output name: (none)
  Release Data: Off
  Data Released: False
  Global Release Data: Off
  PipelineMTime: 0
  UpdateMTime: 1576
  RealTimeStamp: 0 seconds 
  LargestPossibleRegion: 
    Dimension: 3
    Index: [0, 0, 0]
    Size: [160, 240, 256]
  BufferedRegion: 
    Dimension: 3
    Index: [0, 0, 0]
    Size: [160, 240, 256]
  RequestedRegion: 
    Dimension: 3
    Index: [0, 0, 0]
    Size: [160, 240, 256]
  Spacing: [1, 1, 1]
  Origin: [87.9508, 102.562, -147.639]
  Direction: 
-0.998659 -0.0436121 -0.0279129
0.043595 -0.999049 0.00121847
-0.0279395 -2.65543e-08 0.99961

  IndexToPointMatrix: 
-0.998659 -0.0436121 -0.0279129
0.043595 -0.999049 0.00121847
-0.0279395 -2.65543e-08 0.99961

  PointToIndexMatrix: 
-0.998659 0.043595 -0.0279395
-0.0436121 -0.999049 -2.65517e-08
-0.0279129 0.00121847 0.99961

  Inverse Direction: 
-0.998659 0.043595 -0.0279395
-0.0436121 -0.999049 -2.65517e-08
-0.0279129 0.00121847 0.99961

  PixelContainer: 
    ImportImageContainer (0x43496d0)
      RTTI typeinfo:   itk::ImportImageContainer<unsigned long, double>
      Reference Count: 1
      Modified Time: 1573
      Debug: Off
      Object Name: 
      Observers: 
        none
      Pointer: 0x14b707422010
      Container manages memory: true
      Size: 9830400
      Capacity: 9830400

     Weighting = 1
     Sampling strategy = regular
     Number of bins = 32
     Radius = 4
     Sampling percentage  = 0.25
   Transform = Rigid
     Gradient step = 0.1
     Update field sigma (voxel space) = 0
     Total field sigma (voxel space) = 0
     Update field time sigma = 0
     Total field time sigma  = 0
     Number of time indices = 0
     Number of time point samples = 0
Registration using 1 total stages.

Stage 0
  iterations = 1000x500x250x100
  convergence threshold = 1e-06
  convergence window size = 10
  number of levels = 4
  using the Mattes MI metric (number of bins = 32, weight = 1, use gradient filter = 0)
  preprocessing:  winsorizing the image intensities
  Shrink factors (level 1 out of 4): [8, 8, 8]
  Shrink factors (level 2 out of 4): [4, 4, 4]
  Shrink factors (level 3 out of 4): [2, 2, 2]
  Shrink factors (level 4 out of 4): [1, 1, 1]
  smoothing sigmas per level: [3, 2, 1, 0]
  regular sampling (percentage = 0.25)

*** Running Euler3DTransform registration ***

DIAGNOSTIC,Iteration,metricValue,convergenceValue,ITERATION_TIME_INDEX,SINCE_LAST
 2DIAGNOSTIC,     1, -4.299060189477e-01, 1.797693134862e+308, 7.2569e-01, 7.2569e-01, 
 2DIAGNOSTIC,     2, -4.311703807429e-01, 1.797693134862e+308, 7.3047e-01, 4.7729e-03, 
 2DIAGNOSTIC,     3, -4.334997061176e-01, 1.797693134862e+308, 7.3516e-01, 4.6949e-03, 
 2DIAGNOSTIC,     4, -4.389575130370e-01, 1.797693134862e+308, 7.3971e-01, 4.5519e-03, 
 2DIAGNOSTIC,     5, -4.438813134482e-01, 1.797693134862e+308, 7.4431e-01, 4.5941e-03, 
 2DIAGNOSTIC,     6, -4.461495460377e-01, 1.797693134862e+308, 7.4891e-01, 4.5979e-03, 
 2DIAGNOSTIC,     7, -4.511407144429e-01, 1.797693134862e+308, 7.5431e-01, 5.4049e-03, 
 2DIAGNOSTIC,     8, -4.667812032718e-01, 1.797693134862e+308, 7.5960e-01, 5.2931e-03, 
 2DIAGNOSTIC,     9, -4.753090114372e-01, 1.797693134862e+308, 7.6487e-01, 5.2671e-03, 
 2DIAGNOSTIC,    10, -4.802481719655e-01, 7.481707542057e-03, 7.7043e-01, 5.5559e-03, 
 2DIAGNOSTIC,    11, -4.821261368877e-01, 7.356704266140e-03, 7.7518e-01, 4.7491e-03, 
 2DIAGNOSTIC,    12, -4.837491005316e-01, 6.749992380104e-03, 7.8078e-01, 5.6021e-03, 
 2DIAGNOSTIC,    13, -5.028244927607e-01, 6.622215038724e-03, 7.8855e-01, 7.7720e-03, 
 2DIAGNOSTIC,    14, -5.042109134425e-01, 6.183615245760e-03, 7.9315e-01, 4.5979e-03, 
 2DIAGNOSTIC,    15, -5.066116081848e-01, 5.558135432360e-03, 7.9774e-01, 4.5960e-03, 
 2DIAGNOSTIC,    16, -5.083451635815e-01, 4.676295421183e-03, 8.0250e-01, 4.7550e-03, 
 2DIAGNOSTIC,    17, -5.184993492838e-01, 3.998770501089e-03, 8.0966e-01, 7.1580e-03, 
 2DIAGNOSTIC,    18, -5.256348855859e-01, 3.769024583812e-03, 8.1450e-01, 4.8440e-03, 
 2DIAGNOSTIC,    19, -5.260487275887e-01, 3.491513199837e-03, 8.1993e-01, 5.4331e-03, 
 2DIAGNOSTIC,    20, -5.292109527085e-01, 3.174906797678e-03, 8.2519e-01, 5.2600e-03, 
 2DIAGNOSTIC,    21, -5.301818298346e-01, 2.681600107662e-03, 8.2979e-01, 4.6000e-03, 
 2DIAGNOSTIC,    22, -5.312241462724e-01, 2.041189125610e-03, 8.3503e-01, 5.2350e-03, 
 2DIAGNOSTIC,    23, -5.321371464275e-01, 1.776979738336e-03, 8.4083e-01, 5.8029e-03, 
 2DIAGNOSTIC,    24, -5.330747263285e-01, 1.429098539760e-03, 8.4550e-01, 4.6680e-03, 
 2DIAGNOSTIC,    25, -5.340979467107e-01, 1.060387893386e-03, 8.5080e-01, 5.3020e-03, 
 2DIAGNOSTIC,    26, -5.353301917437e-01, 6.839352259144e-04, 8.5718e-01, 6.3829e-03, 
 2DIAGNOSTIC,    27, -5.359877981571e-01, 5.005586238947e-04, 8.6179e-01, 4.6082e-03, 
 2DIAGNOSTIC,    28, -5.363339017871e-01, 4.385717638679e-04, 8.6639e-01, 4.6000e-03, 
 2DIAGNOSTIC,    29, -5.373050986179e-01, 3.660303976941e-04, 8.7116e-01, 4.7679e-03, 
 2DIAGNOSTIC,    30, -5.398201287762e-01, 3.716001050346e-04, 8.7672e-01, 5.5590e-03, 
 2DIAGNOSTIC,    31, -5.446419470336e-01, 4.465241391580e-04, 8.8864e-01, 1.1917e-02, 
 2DIAGNOSTIC,    32, -5.446642683743e-01, 4.912565546038e-04, 8.9342e-01, 4.7820e-03, 
 2DIAGNOSTIC,    33, -5.447644267638e-01, 5.056366304067e-04, 8.9806e-01, 4.6430e-03, 
 2DIAGNOSTIC,    34, -5.449308932730e-01, 4.904001944126e-04, 9.0271e-01, 4.6508e-03, 
 2DIAGNOSTIC,    35, -5.452044033536e-01, 4.491456710290e-04, 9.0733e-01, 4.6191e-03, 
 2DIAGNOSTIC,    36, -5.456974164989e-01, 3.933045059078e-04, 9.1196e-01, 4.6270e-03, 
 2DIAGNOSTIC,    37, -5.462998747165e-01, 3.227876294768e-04, 9.1665e-01, 4.6921e-03, 
 2DIAGNOSTIC,    38, -5.470544197297e-01, 2.429365492566e-04, 9.2127e-01, 4.6148e-03, 
 2DIAGNOSTIC,    39, -5.483331774923e-01, 1.763399073673e-04, 9.2654e-01, 5.2779e-03, 
 2DIAGNOSTIC,    40, -5.485726343562e-01, 1.327704589599e-04, 9.3114e-01, 4.5950e-03, 
 2DIAGNOSTIC,    41, -5.488484664603e-01, 1.482797962106e-04, 9.3634e-01, 5.2049e-03, 
 2DIAGNOSTIC,    42, -5.491454828569e-01, 1.532247266685e-04, 9.4106e-01, 4.7190e-03, 
 2DIAGNOSTIC,    43, -5.502455532304e-01, 1.586700104433e-04, 9.4678e-01, 5.7170e-03, 
 2DIAGNOSTIC,    44, -5.634837075884e-01, 3.167362617657e-04, 9.5367e-01, 6.8932e-03, 
 2DIAGNOSTIC,    45, -5.666401876376e-01, 4.744978294937e-04, 9.5901e-01, 5.3360e-03, 
 2DIAGNOSTIC,    46, -5.686819807160e-01, 6.109090033987e-04, 9.6414e-01, 5.1332e-03, 
 2DIAGNOSTIC,    47, -5.690936543840e-01, 6.966360372301e-04, 9.6924e-01, 5.1010e-03, 
 2DIAGNOSTIC,    48, -5.694037728788e-01, 7.236888463120e-04, 9.7370e-01, 4.4611e-03, 
 2DIAGNOSTIC,    49, -5.696078408453e-01, 6.946236400003e-04, 9.7819e-01, 4.4820e-03, 
 2DIAGNOSTIC,    50, -5.701712773124e-01, 6.081899803142e-04, 9.8349e-01, 5.3051e-03, 
 2DIAGNOSTIC,    51, -5.707932589241e-01, 4.786581895277e-04, 9.8920e-01, 5.7111e-03, 
 2DIAGNOSTIC,    52, -5.707019465786e-01, 3.125883961685e-04, 1.0036e+00, 1.4408e-02, 
 2DIAGNOSTIC,    53, -5.707019439500e-01, 1.317082371928e-04, 1.0081e+00, 4.4951e-03, 
 2DIAGNOSTIC,    54, -5.707019825164e-01, 7.794873554804e-05, 1.0126e+00, 4.5280e-03, 
 2DIAGNOSTIC,    55, -5.707020477241e-01, 4.936152502812e-05, 1.0171e+00, 4.4918e-03, 
 2DIAGNOSTIC,    56, -5.707021579676e-01, 3.675670813308e-05, 1.0216e+00, 4.5149e-03, 
 2DIAGNOSTIC,    57, -5.707023443257e-01, 2.508249103857e-05, 1.0262e+00, 4.5500e-03, 
 2DIAGNOSTIC,    58, -5.707026592771e-01, 1.448567720782e-05, 1.0307e+00, 4.5199e-03, 
 2DIAGNOSTIC,    59, -5.707031913495e-01, 4.717181981386e-06, 1.0352e+00, 4.5249e-03, 
DIAGNOSTIC,Iteration,metricValue,convergenceValue,ITERATION_TIME_INDEX,SINCE_LAST
 2DIAGNOSTIC,     1, -4.564068483953e-01, 1.797693134862e+308, 1.7535e+00, 7.1828e-01, 
 2DIAGNOSTIC,     2, -4.567165054850e-01, 1.797693134862e+308, 1.7916e+00, 3.8083e-02, 
 2DIAGNOSTIC,     3, -4.571671690985e-01, 1.797693134862e+308, 1.8254e+00, 3.3776e-02, 
 2DIAGNOSTIC,     4, -4.578717289411e-01, 1.797693134862e+308, 1.8586e+00, 3.3215e-02, 
 2DIAGNOSTIC,     5, -4.595196315778e-01, 1.797693134862e+308, 1.8925e+00, 3.3949e-02, 
 2DIAGNOSTIC,     6, -4.666017121155e-01, 1.797693134862e+308, 1.9304e+00, 3.7837e-02, 
 2DIAGNOSTIC,     7, -4.698333409733e-01, 1.797693134862e+308, 1.9664e+00, 3.6011e-02, 
 2DIAGNOSTIC,     8, -4.712294954313e-01, 1.797693134862e+308, 2.0026e+00, 3.6211e-02, 
 2DIAGNOSTIC,     9, -4.733324373358e-01, 1.797693134862e+308, 2.0359e+00, 3.3352e-02, 
 2DIAGNOSTIC,    10, -4.822725516473e-01, 3.486870157861e-03, 2.0768e+00, 4.0807e-02, 
 2DIAGNOSTIC,    11, -4.850926938779e-01, 3.719466811405e-03, 2.1102e+00, 3.3436e-02, 
 2DIAGNOSTIC,    12, -4.865480236996e-01, 3.667913611060e-03, 2.1597e+00, 4.9501e-02, 
 2DIAGNOSTIC,    13, -4.872494278609e-01, 3.357576116515e-03, 2.1958e+00, 3.6073e-02, 
 2DIAGNOSTIC,    14, -4.875670101359e-01, 2.835621761942e-03, 2.2315e+00, 3.5782e-02, 
 2DIAGNOSTIC,    15, -4.894023576966e-01, 2.255045527462e-03, 2.2693e+00, 3.7780e-02, 
 2DIAGNOSTIC,    16, -4.898861059063e-01, 1.820845558821e-03, 2.2997e+00, 3.0370e-02, 
 2DIAGNOSTIC,    17, -4.900786566796e-01, 1.396655789188e-03, 2.3533e+00, 5.3580e-02, 
 2DIAGNOSTIC,    18, -4.901450748785e-01, 9.445095180178e-04, 2.4125e+00, 5.9267e-02, 
 2DIAGNOSTIC,    19, -4.901484158939e-01, 5.138611967229e-04, 2.4566e+00, 4.4022e-02, 
 2DIAGNOSTIC,    20, -4.901439569254e-01, 3.437971914144e-04, 2.4965e+00, 3.9950e-02, 
 2DIAGNOSTIC,    21, -4.901406774762e-01, 2.371575234351e-04, 2.5305e+00, 3.3950e-02, 
 2DIAGNOSTIC,    22, -4.901356709574e-01, 1.579050107028e-04, 2.5594e+00, 2.8955e-02, 
 2DIAGNOSTIC,    23, -4.901324011773e-01, 8.960929109551e-05, 2.5885e+00, 2.9058e-02, 
 2DIAGNOSTIC,    24, -4.901165330346e-01, 2.524845717692e-05, 2.6216e+00, 3.3111e-02, 
 2DIAGNOSTIC,    25, -4.901224214055e-01, 7.322693849648e-06, 2.6584e+00, 3.6804e-02, 
 2DIAGNOSTIC,    26, -4.901169370253e-01, 1.018991609515e-06, 2.6908e+00, 3.2397e-02, 
DIAGNOSTIC,Iteration,metricValue,convergenceValue,ITERATION_TIME_INDEX,SINCE_LAST
 2DIAGNOSTIC,     1, -4.334379422901e-01, 1.797693134862e+308, 3.8142e+00, 1.1234e+00, 
 2DIAGNOSTIC,     2, -4.335726870490e-01, 1.797693134862e+308, 4.0399e+00, 2.2566e-01, 
 2DIAGNOSTIC,     3, -4.337428727491e-01, 1.797693134862e+308, 4.3092e+00, 2.6934e-01, 
 2DIAGNOSTIC,     4, -4.338501508101e-01, 1.797693134862e+308, 4.5574e+00, 2.4821e-01, 
 2DIAGNOSTIC,     5, -4.340368847966e-01, 1.797693134862e+308, 4.8172e+00, 2.5978e-01, 
 2DIAGNOSTIC,     6, -4.343569908347e-01, 1.797693134862e+308, 5.0963e+00, 2.7914e-01, 
 2DIAGNOSTIC,     7, -4.344206068841e-01, 1.797693134862e+308, 5.3874e+00, 2.9109e-01, 
 2DIAGNOSTIC,     8, -4.344972623815e-01, 1.797693134862e+308, 5.7706e+00, 3.8320e-01, 
 2DIAGNOSTIC,     9, -4.345054334651e-01, 1.797693134862e+308, 6.1028e+00, 3.3222e-01, 
 2DIAGNOSTIC,    10, -4.345098814187e-01, 1.822916072568e-04, 6.3886e+00, 2.8580e-01, 
 2DIAGNOSTIC,    11, -4.345269684046e-01, 1.403633375777e-04, 6.6605e+00, 2.7185e-01, 
 2DIAGNOSTIC,    12, -4.345318073737e-01, 1.005322292060e-04, 6.9540e+00, 2.9353e-01, 
 2DIAGNOSTIC,    13, -4.345458522939e-01, 6.742252728471e-05, 7.2169e+00, 2.6283e-01, 
 2DIAGNOSTIC,    14, -4.345612195174e-01, 3.883387031504e-05, 7.4612e+00, 2.4431e-01, 
 2DIAGNOSTIC,    15, -4.345865229048e-01, 1.964564432072e-05, 7.7204e+00, 2.5919e-01, 
 2DIAGNOSTIC,    16, -4.346367195392e-01, 1.634018570294e-05, 7.9740e+00, 2.5367e-01, 
 2DIAGNOSTIC,    17, -4.346884852063e-01, 1.642473532047e-05, 8.2722e+00, 2.9820e-01, 
 2DIAGNOSTIC,    18, -4.346868571310e-01, 1.785856374485e-05, 8.5263e+00, 2.5410e-01, 
 2DIAGNOSTIC,    19, -4.347064747162e-01, 1.865000789797e-05, 8.9349e+00, 4.0855e-01, 
 2DIAGNOSTIC,    20, -4.347128802570e-01, 1.811997214354e-05, 9.2021e+00, 2.6720e-01, 
 2DIAGNOSTIC,    21, -4.347308425049e-01, 1.716694113647e-05, 9.5050e+00, 3.0295e-01, 
 2DIAGNOSTIC,    22, -4.347359198002e-01, 1.510518572501e-05, 9.7970e+00, 2.9195e-01, 
 2DIAGNOSTIC,    23, -4.347324064170e-01, 1.226215551180e-05, 1.0116e+01, 3.1891e-01, 
 2DIAGNOSTIC,    24, -4.347313148856e-01, 9.048304284581e-06, 1.0362e+01, 2.4631e-01, 
 2DIAGNOSTIC,    25, -4.347297941403e-01, 5.962321004339e-06, 1.0619e+01, 2.5689e-01, 
 2DIAGNOSTIC,    26, -4.347341239506e-01, 4.005639408527e-06, 1.0918e+01, 2.9898e-01, 
 2DIAGNOSTIC,    27, -4.347374844581e-01, 3.269783275556e-06, 1.1169e+01, 2.5132e-01, 
 2DIAGNOSTIC,    28, -4.347493004716e-01, 2.622249776450e-06, 1.1485e+01, 3.1547e-01, 
 2DIAGNOSTIC,    29, -4.347581090135e-01, 2.518643846872e-06, 1.1761e+01, 2.7597e-01, 
 2DIAGNOSTIC,    30, -4.347643462270e-01, 2.551196114260e-06, 1.2028e+01, 2.6700e-01, 
 2DIAGNOSTIC,    31, -4.347866578887e-01, 3.286876323436e-06, 1.2395e+01, 3.6722e-01, 
 2DIAGNOSTIC,    32, -4.347854267794e-01, 3.831318523162e-06, 1.2686e+01, 2.9074e-01, 
 2DIAGNOSTIC,    33, -4.347854626856e-01, 4.009601908751e-06, 1.2918e+01, 2.3260e-01, 
 2DIAGNOSTIC,    34, -4.347858245879e-01, 3.879691115427e-06, 1.3225e+01, 3.0707e-01, 
 2DIAGNOSTIC,    35, -4.347877118341e-01, 3.481686220670e-06, 1.3628e+01, 4.0233e-01, 
 2DIAGNOSTIC,    36, -4.347877126952e-01, 2.935249972868e-06, 1.4495e+01, 8.6677e-01, 
 2DIAGNOSTIC,    37, -4.347877126944e-01, 2.279637515975e-06, 1.5377e+01, 8.8281e-01, 
 2DIAGNOSTIC,    38, -4.347877126944e-01, 1.730521456279e-06, 1.5652e+01, 2.7502e-01, 
 2DIAGNOSTIC,    39, -4.347877126944e-01, 1.273146809599e-06, 1.5946e+01, 2.9332e-01, 
DIAGNOSTIC,Iteration,metricValue,convergenceValue,ITERATION_TIME_INDEX,SINCE_LAST
 2DIAGNOSTIC,     1, -4.012959835794e-01, 1.797693134862e+308, 1.8596e+01, 2.6503e+00, 
 2DIAGNOSTIC,     2, -4.013992391985e-01, 1.797693134862e+308, 2.0111e+01, 1.5152e+00, 
 2DIAGNOSTIC,     3, -4.015462300160e-01, 1.797693134862e+308, 2.1828e+01, 1.7164e+00, 
 2DIAGNOSTIC,     4, -4.015925160948e-01, 1.797693134862e+308, 2.3244e+01, 1.4168e+00, 
 2DIAGNOSTIC,     5, -4.016191287941e-01, 1.797693134862e+308, 2.4653e+01, 1.4085e+00, 
 2DIAGNOSTIC,     6, -4.016863586042e-01, 1.797693134862e+308, 2.6824e+01, 2.1714e+00, 
 2DIAGNOSTIC,     7, -4.017216516554e-01, 1.797693134862e+308, 2.8402e+01, 1.5776e+00, 
 2DIAGNOSTIC,     8, -4.017223043031e-01, 1.797693134862e+308, 3.0038e+01, 1.6359e+00, 
 2DIAGNOSTIC,     9, -4.017222358334e-01, 1.797693134862e+308, 3.1913e+01, 1.8755e+00, 
 2DIAGNOSTIC,    10, -4.017221040962e-01, 6.710708579263e-05, 3.3781e+01, 1.8677e+00, 
 2DIAGNOSTIC,    11, -4.017219812018e-01, 4.287306178727e-05, 3.8307e+01, 4.5256e+00, 
 2DIAGNOSTIC,    12, -4.017219812008e-01, 2.494322889518e-05, 4.2565e+01, 4.2579e+00, 
 2DIAGNOSTIC,    13, -4.017219812008e-01, 1.575794660792e-05, 4.4290e+01, 1.7255e+00, 
 2DIAGNOSTIC,    14, -4.017219812008e-01, 9.047059516654e-06, 4.5912e+01, 1.6221e+00, 
 2DIAGNOSTIC,    15, -4.017219812008e-01, 3.797877745682e-06, 4.7524e+01, 1.6115e+00, 
 2DIAGNOSTIC,    16, -4.017219812008e-01, 1.980136207613e-06, 4.9096e+01, 1.5720e+00, 
 2DIAGNOSTIC,    17, -4.017219812008e-01, 1.845199230882e-06, 5.0964e+01, 1.8687e+00, 
 2DIAGNOSTIC,    18, -4.017219812008e-01, 1.753279422638e-06, 5.2340e+01, 1.3761e+00, 
 2DIAGNOSTIC,    19, -4.017219812008e-01, 1.669891123608e-06, 5.3875e+01, 1.5345e+00, 
 2DIAGNOSTIC,    20, -4.017219812008e-01, 1.590732123864e-06, 5.5429e+01, 1.5544e+00, 
 2DIAGNOSTIC,    21, -4.017219812008e-01, 1.514972305244e-06, 5.7016e+01, 1.5865e+00, 
 2DIAGNOSTIC,    22, -4.017219812008e-01, 1.446100638312e-06, 5.8459e+01, 1.4435e+00, 
 2DIAGNOSTIC,    23, -4.017219812008e-01, 1.383218584741e-06, 6.0295e+01, 1.8353e+00, 
 2DIAGNOSTIC,    24, -4.017219812008e-01, 1.325577350296e-06, 6.1987e+01, 1.6927e+00, 
 2DIAGNOSTIC,    25, -4.017219812008e-01, 1.272547961971e-06, 6.4156e+01, 2.1684e+00, 
 2DIAGNOSTIC,    26, -4.017219812008e-01, 1.223598222973e-06, 6.5693e+01, 1.5367e+00, 
 2DIAGNOSTIC,    27, -4.017219812008e-01, 1.178274789099e-06, 6.7219e+01, 1.5269e+00, 
 2DIAGNOSTIC,    28, -4.017219812008e-01, 1.136189086474e-06, 6.8894e+01, 1.6746e+00, 
 2DIAGNOSTIC,    29, -4.017219812008e-01, 1.097006143140e-06, 7.0461e+01, 1.5669e+00, 
 2DIAGNOSTIC,    30, -4.017219812008e-01, 1.060435654412e-06, 7.1981e+01, 1.5204e+00, 
 2DIAGNOSTIC,    31, -4.017219812008e-01, 1.026224777947e-06, 7.3494e+01, 1.5131e+00, 
  Elapsed time (stage 0): 7.4319e+01


Total elapsed time: 7.4325e+01
Info [verificarlo]: loaded backend libinterflop_vprec.so
Info [interflop-vprec]: load backend with: 
Info [interflop-vprec]: precision-binary32 = 6
Info [interflop-vprec]: range-binary32 = 7
Info [interflop-vprec]: precision-binary64 = 6
Info [interflop-vprec]: range-binary64 = 7
Info [interflop-vprec]: mode = ob
Info [interflop-vprec]: error-mode = rel
Info [interflop-vprec]: max-abs-error-exponent = -1022
Info [interflop-vprec]: daz = false
Info [interflop-vprec]: ftz = false
Info [interflop-vprec]: 	instrument = none
Info [interflop-vprec]: 	prec-input-file = (null)
Info [interflop-vprec]: 	prec-output-file = (null)
Info [interflop-vprec]: 	prec-log-file = (null)
All_Command_lines_OK
Using double precision for computations.
=============================================================================
The composite transform comprises the following transforms (in order): 
  1. /home/mdugre/scratch/mri-registration-rp/datasets/ds004513/derivatives/mri-registration-rp/0011/antsRegistration-r7-p6/sub-s037/rigid_Composite.h5[0] (type = Euler3DTransform)
  2. /home/mdugre/scratch/mri-registration-rp/datasets/ds004513/derivatives/mri-registration-rp/0011/antsRegistration-r7-p6/sub-s037/rigid_Composite.h5[1] (type = Euler3DTransform)
  3. /home/mdugre/scratch/mri-registration-rp/datasets/ds004513/derivatives/mri-registration-rp/0011/antsRegistration-r7-p6/sub-s037/rigid_Composite.h5[2] (type = Euler3DTransform)
=============================================================================
  number of levels = 4
  fixed image: /templateflow/tpl-MNI152NLin2009cAsym/tpl-MNI152NLin2009cAsym_res-01_desc-brain_T1w.nii.gz
  moving image: /home/mdugre/scratch/mri-registration-rp/datasets/ds004513/derivatives/mri-registration-rp/antsBrainExtraction/sub-s037/BrainExtractionBrain.nii.gz
Dimension = 3
Number of stages = 1
Use histogram matching = false
Winsorize image intensities = true
  Lower quantile = 0.005
  Upper quantile = 0.995


Stage 1 State
   Image metric = MattesMI
     Fixed image = Image (0x4da21e0)
  RTTI typeinfo:   itk::Image<double, 3u>
  Reference Count: 2
  Modified Time: 1592
  Debug: Off
  Object Name: 
  Observers: 
    none
  Source: (none)
  Source output name: (none)
  Release Data: Off
  Data Released: False
  Global Release Data: Off
  PipelineMTime: 0
  UpdateMTime: 1203
  RealTimeStamp: 0 seconds 
  LargestPossibleRegion: 
    Dimension: 3
    Index: [0, 0, 0]
    Size: [193, 229, 193]
  BufferedRegion: 
    Dimension: 3
    Index: [0, 0, 0]
    Size: [193, 229, 193]
  RequestedRegion: 
    Dimension: 3
    Index: [0, 0, 0]
    Size: [193, 229, 193]
  Spacing: [1, 1, 1]
  Origin: [96, 132, -78]
  Direction: 
-1 0 0
0 -1 0
0 0 1

  IndexToPointMatrix: 
-1 0 0
0 -1 0
0 0 1

  PointToIndexMatrix: 
-1 0 0
0 -1 0
0 0 1

  Inverse Direction: 
-1 0 0
0 -1 0
0 0 1

  PixelContainer: 
    ImportImageContainer (0x4e6f890)
      RTTI typeinfo:   itk::ImportImageContainer<unsigned long, double>
      Reference Count: 1
      Modified Time: 1200
      Debug: Off
      Object Name: 
      Observers: 
        none
      Pointer: 0x148d47da7010
      Container manages memory: true
      Size: 8530021
      Capacity: 8530021

     Moving image = Image (0x4e6ee40)
  RTTI typeinfo:   itk::Image<double, 3u>
  Reference Count: 2
  Modified Time: 1593
  Debug: Off
  Object Name: 
  Observers: 
    none
  Source: (none)
  Source output name: (none)
  Release Data: Off
  Data Released: False
  Global Release Data: Off
  PipelineMTime: 0
  UpdateMTime: 1590
  RealTimeStamp: 0 seconds 
  LargestPossibleRegion: 
    Dimension: 3
    Index: [0, 0, 0]
    Size: [160, 240, 256]
  BufferedRegion: 
    Dimension: 3
    Index: [0, 0, 0]
    Size: [160, 240, 256]
  RequestedRegion: 
    Dimension: 3
    Index: [0, 0, 0]
    Size: [160, 240, 256]
  Spacing: [1, 1, 1]
  Origin: [88, 103, -148]
  Direction: 
-1 -0.043457 -0.027832
0.043457 -1 0.0012207
-0.027832 0 1

  IndexToPointMatrix: 
-1 -0.043457 -0.027832
0.043457 -1 0.0012207
-0.027832 0 1

  PointToIndexMatrix: 
-1 0.043457 -0.027832
-0.043457 -1 0
-0.027832 0.00120544 1

  Inverse Direction: 
-1 0.043457 -0.027832
-0.043457 -1 0
-0.027832 0.00120544 1

  PixelContainer: 
    ImportImageContainer (0x4f0fa50)
      RTTI typeinfo:   itk::ImportImageContainer<unsigned long, double>
      Reference Count: 1
      Modified Time: 1587
      Debug: Off
      Object Name: 
      Observers: 
        none
      Pointer: 0x148d432a6010
      Container manages memory: true
      Size: 9830400
      Capacity: 9830400

     Weighting = 1
     Sampling strategy = regular
     Number of bins = 32
     Radius = 4
     Sampling percentage  = 0.25
   Transform = Affine
     Gradient step = 0.1
     Update field sigma (voxel space) = 0
     Total field sigma (voxel space) = 0
     Update field time sigma = 0
     Total field time sigma  = 0
     Number of time indices = 0
     Number of time point samples = 0
Registration using 1 total stages.

Stage 0
  iterations = 1000x500x250x100
  convergence threshold = 1e-06
  convergence window size = 10
  number of levels = 4
  using the Mattes MI metric (number of bins = 32, weight = 1, use gradient filter = 0)
slurmstepd: error: *** JOB 42419214 ON nc30416 CANCELLED AT 2025-04-10T11:05:26 DUE TO TIME LIMIT ***
