
##########################
# Experiment information #
##########################

EXPERIMENT_NAME: antsRegistration-r7-p22
VFC_BACKENDS: libinterflop_vprec.so --range-binary32=7 --precision-binary32=22 --range-binary64=7 --precision-binary64=22

SIF_IMG: /home/mdugre/projects/rrg-glatard/mdugre/containers/ants-vprec-no_metrics.simg

SUBJECT_ID: s020
INPUT_IMG: /home/mdugre/scratch/mri-registration-rp/datasets/ds004513/derivatives/mri-registration-rp/antsBrainExtraction/sub-s020/BrainExtractionBrain.nii.gz
OUTPUT_DIR: /home/mdugre/scratch/mri-registration-rp/datasets/ds004513/derivatives/mri-registration-rp/0011/antsRegistration-r7-p22/sub-s020

FIXED_IMG: /templateflow/tpl-MNI152NLin2009cAsym/tpl-MNI152NLin2009cAsym_res-01_desc-brain_T1w.nii.gz
DATA_DIR: /home/mdugre/scratch/mri-registration-rp/datasets/ds004513
TEMPLATEFLOW_DIR: /home/mdugre/projects/rrg-glatard/mdugre/templateflow
ITK_GLOBAL_DEFAULT_NUMBER_OF_THREADS: 16
##########################

Info [verificarlo]: loaded backend libinterflop_ieee.so
Info [interflop-ieee]: load backend with:
Info [interflop-ieee]: debug = false
Info [interflop-ieee]: debug-binary = false
Info [interflop-ieee]: no-backend-name = false
Info [interflop-ieee]: print-new-line = false
Info [interflop-ieee]: print-subnormal-normalized = false
Info [interflop-ieee]: count-op = false
All_Command_lines_OK
Using double precision for computations.
=============================================================================
The composite transform comprises the following transforms (in order): 
  1. Center of mass alignment using fixed image: /templateflow/tpl-MNI152NLin2009cAsym/tpl-MNI152NLin2009cAsym_res-01_desc-brain_T1w.nii.gz and moving image: /home/mdugre/scratch/mri-registration-rp/datasets/ds004513/derivatives/mri-registration-rp/antsBrainExtraction/sub-s020/BrainExtractionBrain.nii.gz (type = Euler3DTransform)
=============================================================================
  number of levels = 1
  fixed image: /templateflow/tpl-MNI152NLin2009cAsym/tpl-MNI152NLin2009cAsym_res-01_desc-brain_T1w.nii.gz
  moving image: /home/mdugre/scratch/mri-registration-rp/datasets/ds004513/derivatives/mri-registration-rp/antsBrainExtraction/sub-s020/BrainExtractionBrain.nii.gz
Dimension = 3
Number of stages = 1
Use histogram matching = false
Winsorize image intensities = true
  Lower quantile = 0.005
  Upper quantile = 0.995


Stage 1 State
   Image metric = MattesMI
     Fixed image = Image (0x3e03e70)
  RTTI typeinfo:   itk::Image<double, 3u>
  Reference Count: 2
  Modified Time: 2334
  Debug: Off
  Object Name: 
  Observers: 
    none
  Source: (none)
  Source output name: (none)
  Release Data: Off
  Data Released: False
  Global Release Data: Off
  PipelineMTime: 0
  UpdateMTime: 1943
  RealTimeStamp: 0 seconds 
  LargestPossibleRegion: 
    Dimension: 3
    Index: [0, 0, 0]
    Size: [193, 229, 193]
  BufferedRegion: 
    Dimension: 3
    Index: [0, 0, 0]
    Size: [193, 229, 193]
  RequestedRegion: 
    Dimension: 3
    Index: [0, 0, 0]
    Size: [193, 229, 193]
  Spacing: [1, 1, 1]
  Origin: [96, 132, -78]
  Direction: 
-1 0 0
0 -1 0
0 0 1

  IndexToPointMatrix: 
-1 0 0
0 -1 0
0 0 1

  PointToIndexMatrix: 
-1 0 0
0 -1 0
0 0 1

  Inverse Direction: 
-1 0 0
0 -1 0
0 0 1

  PixelContainer: 
    ImportImageContainer (0x3e0cc60)
      RTTI typeinfo:   itk::ImportImageContainer<unsigned long, double>
      Reference Count: 1
      Modified Time: 1940
      Debug: Off
      Object Name: 
      Observers: 
        none
      Pointer: 0x14589aa1e010
      Container manages memory: true
      Size: 8530021
      Capacity: 8530021

     Moving image = Image (0x3e0f610)
  RTTI typeinfo:   itk::Image<double, 3u>
  Reference Count: 2
  Modified Time: 2335
  Debug: Off
  Object Name: 
  Observers: 
    none
  Source: (none)
  Source output name: (none)
  Release Data: Off
  Data Released: False
  Global Release Data: Off
  PipelineMTime: 0
  UpdateMTime: 2332
  RealTimeStamp: 0 seconds 
  LargestPossibleRegion: 
    Dimension: 3
    Index: [0, 0, 0]
    Size: [160, 240, 256]
  BufferedRegion: 
    Dimension: 3
    Index: [0, 0, 0]
    Size: [160, 240, 256]
  RequestedRegion: 
    Dimension: 3
    Index: [0, 0, 0]
    Size: [160, 240, 256]
  Spacing: [0.999995, 1, 1]
  Origin: [87.0906, 98.7205, -152.377]
  Direction: 
-0.996975 0.0261379 -0.0731913
-0.0260677 -0.999658 -0.00191374
-0.0732163 -2.46403e-08 0.997316

  IndexToPointMatrix: 
-0.996971 0.0261379 -0.0731913
-0.0260676 -0.999658 -0.00191374
-0.0732159 -2.46403e-08 0.997316

  PointToIndexMatrix: 
-0.99698 -0.0260679 -0.0732166
0.0261379 -0.999658 -2.46993e-08
-0.0731913 -0.00191374 0.997316

  Inverse Direction: 
-0.996975 -0.0260677 -0.0732163
0.0261379 -0.999658 -2.46993e-08
-0.0731913 -0.00191374 0.997316

  PixelContainer: 
    ImportImageContainer (0x3ea8ef0)
      RTTI typeinfo:   itk::ImportImageContainer<unsigned long, double>
      Reference Count: 1
      Modified Time: 2329
      Debug: Off
      Object Name: 
      Observers: 
        none
      Pointer: 0x145895f1d010
      Container manages memory: true
      Size: 9830400
      Capacity: 9830400

     Weighting = 1
     Sampling strategy = regular
     Number of bins = 32
     Radius = 4
     Sampling percentage  = 0.25
   Transform = Rigid
     Gradient step = 0.1
     Update field sigma (voxel space) = 0
     Total field sigma (voxel space) = 0
     Update field time sigma = 0
     Total field time sigma  = 0
     Number of time indices = 0
     Number of time point samples = 0
Registration using 1 total stages.

Stage 0
  iterations = 0
  convergence threshold = 1e-06
  convergence window size = 10
  number of levels = 1
  using the Mattes MI metric (number of bins = 32, weight = 1, use gradient filter = 0)
  preprocessing:  winsorizing the image intensities
  Shrink factors (level 1 out of 1): [1, 1, 1]
  smoothing sigmas per level: [0]
  regular sampling (percentage = 0.25)

*** Running Euler3DTransform registration ***

  Elapsed time (stage 0): 1.09461


Total elapsed time: 1.09695
Info [verificarlo]: loaded backend libinterflop_ieee.so
Info [interflop-ieee]: load backend with:
Info [interflop-ieee]: debug = false
Info [interflop-ieee]: debug-binary = false
Info [interflop-ieee]: no-backend-name = false
Info [interflop-ieee]: print-new-line = false
Info [interflop-ieee]: print-subnormal-normalized = false
Info [interflop-ieee]: count-op = false
All_Command_lines_OK
Using double precision for computations.
=============================================================================
The composite transform comprises the following transforms (in order): 
  1. /home/mdugre/scratch/mri-registration-rp/datasets/ds004513/derivatives/mri-registration-rp/0011/antsRegistration-r7-p22/sub-s020/align_Composite.h5[0] (type = Euler3DTransform)
  2. /home/mdugre/scratch/mri-registration-rp/datasets/ds004513/derivatives/mri-registration-rp/0011/antsRegistration-r7-p22/sub-s020/align_Composite.h5[1] (type = Euler3DTransform)
=============================================================================
  number of levels = 4
  fixed image: /templateflow/tpl-MNI152NLin2009cAsym/tpl-MNI152NLin2009cAsym_res-01_desc-brain_T1w.nii.gz
  moving image: /home/mdugre/scratch/mri-registration-rp/datasets/ds004513/derivatives/mri-registration-rp/antsBrainExtraction/sub-s020/BrainExtractionBrain.nii.gz
Dimension = 3
Number of stages = 1
Use histogram matching = false
Winsorize image intensities = true
  Lower quantile = 0.005
  Upper quantile = 0.995


Stage 1 State
   Image metric = MattesMI
     Fixed image = Image (0x51ca530)
  RTTI typeinfo:   itk::Image<double, 3u>
  Reference Count: 2
  Modified Time: 1580
  Debug: Off
  Object Name: 
  Observers: 
    none
  Source: (none)
  Source output name: (none)
  Release Data: Off
  Data Released: False
  Global Release Data: Off
  PipelineMTime: 0
  UpdateMTime: 1189
  RealTimeStamp: 0 seconds 
  LargestPossibleRegion: 
    Dimension: 3
    Index: [0, 0, 0]
    Size: [193, 229, 193]
  BufferedRegion: 
    Dimension: 3
    Index: [0, 0, 0]
    Size: [193, 229, 193]
  RequestedRegion: 
    Dimension: 3
    Index: [0, 0, 0]
    Size: [193, 229, 193]
  Spacing: [1, 1, 1]
  Origin: [96, 132, -78]
  Direction: 
-1 0 0
0 -1 0
0 0 1

  IndexToPointMatrix: 
-1 0 0
0 -1 0
0 0 1

  PointToIndexMatrix: 
-1 0 0
0 -1 0
0 0 1

  Inverse Direction: 
-1 0 0
0 -1 0
0 0 1

  PixelContainer: 
    ImportImageContainer (0x5288d60)
      RTTI typeinfo:   itk::ImportImageContainer<unsigned long, double>
      Reference Count: 1
      Modified Time: 1186
      Debug: Off
      Object Name: 
      Observers: 
        none
      Pointer: 0x151a00eee010
      Container manages memory: true
      Size: 8530021
      Capacity: 8530021

     Moving image = Image (0x527af60)
  RTTI typeinfo:   itk::Image<double, 3u>
  Reference Count: 2
  Modified Time: 1581
  Debug: Off
  Object Name: 
  Observers: 
    none
  Source: (none)
  Source output name: (none)
  Release Data: Off
  Data Released: False
  Global Release Data: Off
  PipelineMTime: 0
  UpdateMTime: 1578
  RealTimeStamp: 0 seconds 
  LargestPossibleRegion: 
    Dimension: 3
    Index: [0, 0, 0]
    Size: [160, 240, 256]
  BufferedRegion: 
    Dimension: 3
    Index: [0, 0, 0]
    Size: [160, 240, 256]
  RequestedRegion: 
    Dimension: 3
    Index: [0, 0, 0]
    Size: [160, 240, 256]
  Spacing: [0.999995, 1, 1]
  Origin: [87.0906, 98.7205, -152.377]
  Direction: 
-0.996975 0.0261379 -0.0731913
-0.0260677 -0.999658 -0.00191374
-0.0732163 -2.46403e-08 0.997316

  IndexToPointMatrix: 
-0.996971 0.0261379 -0.0731913
-0.0260676 -0.999658 -0.00191374
-0.0732159 -2.46403e-08 0.997316

  PointToIndexMatrix: 
-0.99698 -0.0260679 -0.0732166
0.0261379 -0.999658 -2.46993e-08
-0.0731913 -0.00191374 0.997316

  Inverse Direction: 
-0.996975 -0.0260677 -0.0732163
0.0261379 -0.999658 -2.46993e-08
-0.0731913 -0.00191374 0.997316

  PixelContainer: 
    ImportImageContainer (0x526c6d0)
      RTTI typeinfo:   itk::ImportImageContainer<unsigned long, double>
      Reference Count: 1
      Modified Time: 1575
      Debug: Off
      Object Name: 
      Observers: 
        none
      Pointer: 0x1519fc3ed010
      Container manages memory: true
      Size: 9830400
      Capacity: 9830400

     Weighting = 1
     Sampling strategy = regular
     Number of bins = 32
     Radius = 4
     Sampling percentage  = 0.25
   Transform = Rigid
     Gradient step = 0.1
     Update field sigma (voxel space) = 0
     Total field sigma (voxel space) = 0
     Update field time sigma = 0
     Total field time sigma  = 0
     Number of time indices = 0
     Number of time point samples = 0
Registration using 1 total stages.

Stage 0
  iterations = 1000x500x250x100
  convergence threshold = 1e-06
  convergence window size = 10
  number of levels = 4
  using the Mattes MI metric (number of bins = 32, weight = 1, use gradient filter = 0)
  preprocessing:  winsorizing the image intensities
  Shrink factors (level 1 out of 4): [8, 8, 8]
  Shrink factors (level 2 out of 4): [4, 4, 4]
  Shrink factors (level 3 out of 4): [2, 2, 2]
  Shrink factors (level 4 out of 4): [1, 1, 1]
  smoothing sigmas per level: [3, 2, 1, 0]
  regular sampling (percentage = 0.25)

*** Running Euler3DTransform registration ***

DIAGNOSTIC,Iteration,metricValue,convergenceValue,ITERATION_TIME_INDEX,SINCE_LAST
 2DIAGNOSTIC,     1, -3.791273390751e-01, 1.797693134862e+308, 9.5973e-01, 9.5973e-01, 
 2DIAGNOSTIC,     2, -3.803606001643e-01, 1.797693134862e+308, 9.6561e-01, 5.8820e-03, 
 2DIAGNOSTIC,     3, -3.828962034719e-01, 1.797693134862e+308, 9.7180e-01, 6.1920e-03, 
 2DIAGNOSTIC,     4, -3.876122532015e-01, 1.797693134862e+308, 9.7669e-01, 4.8871e-03, 
 2DIAGNOSTIC,     5, -3.904935334081e-01, 1.797693134862e+308, 9.8323e-01, 6.5401e-03, 
 2DIAGNOSTIC,     6, -3.911039700181e-01, 1.797693134862e+308, 9.8793e-01, 4.6999e-03, 
 2DIAGNOSTIC,     7, -3.914905453856e-01, 1.797693134862e+308, 9.9319e-01, 5.2629e-03, 
 2DIAGNOSTIC,     8, -3.925629083064e-01, 1.797693134862e+308, 9.9872e-01, 5.5349e-03, 
 2DIAGNOSTIC,     9, -3.981570789235e-01, 1.797693134862e+308, 1.0047e+00, 6.0160e-03, 
 2DIAGNOSTIC,    10, -4.079218556696e-01, 3.866687266231e-03, 1.0118e+00, 7.0372e-03, 
 2DIAGNOSTIC,    11, -4.246779602407e-01, 4.904320352955e-03, 1.0181e+00, 6.3131e-03, 
 2DIAGNOSTIC,    12, -4.297045200929e-01, 5.673254149494e-03, 1.0238e+00, 5.6591e-03, 
 2DIAGNOSTIC,    13, -4.335692915496e-01, 6.156954111572e-03, 1.0313e+00, 7.5500e-03, 
 2DIAGNOSTIC,    14, -4.439932007399e-01, 6.764094567508e-03, 1.0366e+00, 5.2691e-03, 
 2DIAGNOSTIC,    15, -4.466217673056e-01, 6.904768044419e-03, 1.0436e+00, 6.9890e-03, 
 2DIAGNOSTIC,    16, -4.513528166469e-01, 6.619270355937e-03, 1.0491e+00, 5.5141e-03, 
 2DIAGNOSTIC,    17, -4.528511003096e-01, 5.844785644065e-03, 1.0547e+00, 5.6000e-03, 
 2DIAGNOSTIC,    18, -4.555717392177e-01, 4.777374808805e-03, 1.0634e+00, 8.7359e-03, 
 2DIAGNOSTIC,    19, -4.559551121823e-01, 3.601534633851e-03, 1.0688e+00, 5.3899e-03, 
 2DIAGNOSTIC,    20, -4.573565816570e-01, 2.586714390690e-03, 1.0763e+00, 7.4899e-03, 
 2DIAGNOSTIC,    21, -4.575247240187e-01, 1.982967449777e-03, 1.0818e+00, 5.5351e-03, 
 2DIAGNOSTIC,    22, -4.577282074291e-01, 1.415632410074e-03, 1.0882e+00, 6.3362e-03, 
 2DIAGNOSTIC,    23, -4.579446878195e-01, 8.825791298727e-04, 1.0929e+00, 4.6980e-03, 
 2DIAGNOSTIC,    24, -4.580222670349e-01, 6.077350696843e-04, 1.0974e+00, 4.5869e-03, 
 2DIAGNOSTIC,    25, -4.581756948480e-01, 3.715379614635e-04, 1.1022e+00, 4.7491e-03, 
 2DIAGNOSTIC,    26, -4.586249509344e-01, 2.524164278326e-04, 1.1070e+00, 4.8301e-03, 
 2DIAGNOSTIC,    27, -4.589298986717e-01, 1.618864624863e-04, 1.1139e+00, 6.8979e-03, 
 2DIAGNOSTIC,    28, -4.591738312220e-01, 1.333303207688e-04, 1.1186e+00, 4.6501e-03, 
 2DIAGNOSTIC,    29, -4.592822739316e-01, 1.048650553508e-04, 1.1237e+00, 5.1551e-03, 
 2DIAGNOSTIC,    30, -4.597222128921e-01, 1.091146450861e-04, 1.1301e+00, 6.3362e-03, 
 2DIAGNOSTIC,    31, -4.598059992890e-01, 1.078219998071e-04, 1.1347e+00, 4.6301e-03, 
 2DIAGNOSTIC,    32, -4.606647525646e-01, 1.181784949546e-04, 1.1400e+00, 5.3120e-03, 
 2DIAGNOSTIC,    33, -4.610326491351e-01, 1.280761318552e-04, 1.1447e+00, 4.6921e-03, 
 2DIAGNOSTIC,    34, -4.611737431097e-01, 1.295728828483e-04, 1.1494e+00, 4.6580e-03, 
 2DIAGNOSTIC,    35, -4.615356072069e-01, 1.284062883815e-04, 1.1540e+00, 4.6899e-03, 
 2DIAGNOSTIC,    36, -4.621700780447e-01, 1.345805617723e-04, 1.1604e+00, 6.3491e-03, 
 2DIAGNOSTIC,    37, -4.629372073597e-01, 1.460818787467e-04, 1.1650e+00, 4.6139e-03, 
 2DIAGNOSTIC,    38, -4.632889728375e-01, 1.530617822609e-04, 1.1700e+00, 4.9930e-03, 
 2DIAGNOSTIC,    39, -4.639361874843e-01, 1.578515892291e-04, 1.1749e+00, 4.8571e-03, 
 2DIAGNOSTIC,    40, -4.659432372041e-01, 1.870734851528e-04, 1.1805e+00, 5.6810e-03, 
 2DIAGNOSTIC,    41, -4.817881582438e-01, 4.465566453498e-04, 1.1881e+00, 7.5622e-03, 
 2DIAGNOSTIC,    42, -4.865812324202e-01, 7.298783604129e-04, 1.1931e+00, 4.9541e-03, 
 2DIAGNOSTIC,    43, -4.906829282486e-01, 9.970806576271e-04, 1.2054e+00, 1.2351e-02, 
 2DIAGNOSTIC,    44, -4.927545167119e-01, 1.190695859237e-03, 1.2119e+00, 6.4740e-03, 
 2DIAGNOSTIC,    45, -4.992579265397e-01, 1.357897186552e-03, 1.2177e+00, 5.8482e-03, 
 2DIAGNOSTIC,    46, -5.008688771868e-01, 1.412983104234e-03, 1.2274e+00, 9.6729e-03, 
 2DIAGNOSTIC,    47, -5.011296457902e-01, 1.343681757685e-03, 1.2324e+00, 5.0290e-03, 
 2DIAGNOSTIC,    48, -5.017839672974e-01, 1.166355583345e-03, 1.2372e+00, 4.7309e-03, 
 2DIAGNOSTIC,    49, -5.025245298500e-01, 9.054824067365e-04, 1.2420e+00, 4.8580e-03, 
 2DIAGNOSTIC,    50, -5.027653871781e-01, 5.922543622718e-04, 1.2468e+00, 4.7710e-03, 
 2DIAGNOSTIC,    51, -5.029168828036e-01, 4.324047666953e-04, 1.2515e+00, 4.6611e-03, 
 2DIAGNOSTIC,    52, -5.031165648971e-01, 2.985093183505e-04, 1.2562e+00, 4.7081e-03, 
 2DIAGNOSTIC,    53, -5.033297269216e-01, 1.930899333920e-04, 1.2613e+00, 5.1692e-03, 
 2DIAGNOSTIC,    54, -5.034141788298e-01, 9.645206243853e-05, 1.2684e+00, 7.0300e-03, 
 2DIAGNOSTIC,    55, -5.034846909985e-01, 6.872836650215e-05, 1.2735e+00, 5.1770e-03, 
 2DIAGNOSTIC,    56, -5.035190108515e-01, 5.399645206022e-05, 1.2781e+00, 4.5781e-03, 
 2DIAGNOSTIC,    57, -5.035796347346e-01, 3.811921208408e-05, 1.2838e+00, 5.6391e-03, 
 2DIAGNOSTIC,    58, -5.035955326315e-01, 2.619882787938e-05, 1.2884e+00, 4.6461e-03, 
 2DIAGNOSTIC,    59, -5.036295886094e-01, 2.036693492757e-05, 1.2931e+00, 4.6830e-03, 
 2DIAGNOSTIC,    60, -5.038147066275e-01, 1.724381238338e-05, 1.2984e+00, 5.3408e-03, 
 2DIAGNOSTIC,    61, -5.039282295008e-01, 1.524078819427e-05, 1.3052e+00, 6.8231e-03, 
 2DIAGNOSTIC,    62, -5.039288476288e-01, 1.383595785544e-05, 1.3098e+00, 4.5650e-03, 
 2DIAGNOSTIC,    63, -5.039293371603e-01, 1.331957680606e-05, 1.3143e+00, 4.5071e-03, 
 2DIAGNOSTIC,    64, -5.039302960301e-01, 1.241301247895e-05, 1.3193e+00, 4.9479e-03, 
 2DIAGNOSTIC,    65, -5.039330889025e-01, 1.105305132870e-05, 1.3237e+00, 4.3969e-03, 
 2DIAGNOSTIC,    66, -5.038626191916e-01, 8.355849274728e-06, 1.3377e+00, 1.4008e-02, 
 2DIAGNOSTIC,    67, -5.038626190917e-01, 5.588830306644e-06, 1.3517e+00, 1.4054e-02, 
 2DIAGNOSTIC,    68, -5.038626190916e-01, 2.585420365943e-06, 1.3577e+00, 6.0120e-03, 
DIAGNOSTIC,Iteration,metricValue,convergenceValue,ITERATION_TIME_INDEX,SINCE_LAST
 2DIAGNOSTIC,     1, -4.052123064334e-01, 1.797693134862e+308, 2.1313e+00, 7.7352e-01, 
 2DIAGNOSTIC,     2, -4.058443464147e-01, 1.797693134862e+308, 2.1616e+00, 3.0305e-02, 
 2DIAGNOSTIC,     3, -4.067991790747e-01, 1.797693134862e+308, 2.1911e+00, 2.9545e-02, 
 2DIAGNOSTIC,     4, -4.077070869513e-01, 1.797693134862e+308, 2.2208e+00, 2.9693e-02, 
 2DIAGNOSTIC,     5, -4.083496213077e-01, 1.797693134862e+308, 2.2504e+00, 2.9596e-02, 
 2DIAGNOSTIC,     6, -4.089251668350e-01, 1.797693134862e+308, 2.2820e+00, 3.1616e-02, 
 2DIAGNOSTIC,     7, -4.123969313093e-01, 1.797693134862e+308, 2.3262e+00, 4.4147e-02, 
 2DIAGNOSTIC,     8, -4.130570926144e-01, 1.797693134862e+308, 2.3619e+00, 3.5706e-02, 
 2DIAGNOSTIC,     9, -4.136164800906e-01, 1.797693134862e+308, 2.3972e+00, 3.5316e-02, 
 2DIAGNOSTIC,    10, -4.150049514600e-01, 1.616804956883e-03, 2.4280e+00, 3.0860e-02, 
 2DIAGNOSTIC,    11, -4.154289087701e-01, 1.493973500489e-03, 2.4626e+00, 3.4546e-02, 
 2DIAGNOSTIC,    12, -4.156587791820e-01, 1.304752274506e-03, 2.4974e+00, 3.4824e-02, 
 2DIAGNOSTIC,    13, -4.158332004004e-01, 1.086791323010e-03, 2.5282e+00, 3.0815e-02, 
 2DIAGNOSTIC,    14, -4.160804961750e-01, 8.604761724908e-04, 2.5598e+00, 3.1574e-02, 
 2DIAGNOSTIC,    15, -4.170757213383e-01, 6.619841595965e-04, 2.6081e+00, 4.8330e-02, 
 2DIAGNOSTIC,    16, -4.175871927632e-01, 4.698538520165e-04, 2.6397e+00, 3.1602e-02, 
 2DIAGNOSTIC,    17, -4.177247210949e-01, 4.040822442270e-04, 2.6740e+00, 3.4297e-02, 
 2DIAGNOSTIC,    18, -4.177714500400e-01, 3.364308725502e-04, 2.7092e+00, 3.5152e-02, 
 2DIAGNOSTIC,    19, -4.177741737222e-01, 2.642299858566e-04, 2.7437e+00, 3.4565e-02, 
 2DIAGNOSTIC,    20, -4.177626880791e-01, 2.214864944418e-04, 2.7861e+00, 4.2356e-02, 
 2DIAGNOSTIC,    21, -4.177656393594e-01, 1.759559721827e-04, 2.8206e+00, 3.4499e-02, 
 2DIAGNOSTIC,    22, -4.177622400439e-01, 1.256996329405e-04, 2.8570e+00, 3.6369e-02, 
 2DIAGNOSTIC,    23, -4.177578620328e-01, 7.366722443803e-05, 2.8912e+00, 3.4186e-02, 
 2DIAGNOSTIC,    24, -4.177550252087e-01, 2.565282362636e-05, 2.9223e+00, 3.1196e-02, 
 2DIAGNOSTIC,    25, -4.177541328270e-01, 6.190798427508e-06, 2.9569e+00, 3.4528e-02, 
 2DIAGNOSTIC,    26, -4.177626779185e-01, 1.406906674994e-06, 2.9874e+00, 3.0546e-02, 
DIAGNOSTIC,Iteration,metricValue,convergenceValue,ITERATION_TIME_INDEX,SINCE_LAST
 2DIAGNOSTIC,     1, -3.574179791406e-01, 1.797693134862e+308, 4.1934e+00, 1.2059e+00, 
 2DIAGNOSTIC,     2, -3.576277047090e-01, 1.797693134862e+308, 4.4417e+00, 2.4834e-01, 
 2DIAGNOSTIC,     3, -3.579321095510e-01, 1.797693134862e+308, 4.7262e+00, 2.8448e-01, 
 2DIAGNOSTIC,     4, -3.584079544366e-01, 1.797693134862e+308, 4.9910e+00, 2.6486e-01, 
 2DIAGNOSTIC,     5, -3.587298760563e-01, 1.797693134862e+308, 5.2537e+00, 2.6267e-01, 
 2DIAGNOSTIC,     6, -3.588830723501e-01, 1.797693134862e+308, 5.5226e+00, 2.6886e-01, 
 2DIAGNOSTIC,     7, -3.593724226882e-01, 1.797693134862e+308, 5.8395e+00, 3.1691e-01, 
 2DIAGNOSTIC,     8, -3.603048347680e-01, 1.797693134862e+308, 6.2501e+00, 4.1065e-01, 
 2DIAGNOSTIC,     9, -3.605017996415e-01, 1.797693134862e+308, 6.4891e+00, 2.3899e-01, 
 2DIAGNOSTIC,    10, -3.605238421646e-01, 6.174320424538e-04, 6.7441e+00, 2.5498e-01, 
 2DIAGNOSTIC,    11, -3.605807749857e-01, 5.427421462282e-04, 6.9878e+00, 2.4367e-01, 
 2DIAGNOSTIC,    12, -3.606717821266e-01, 4.514335676497e-04, 7.3730e+00, 3.8523e-01, 
 2DIAGNOSTIC,    13, -3.606803150726e-01, 3.511032700181e-04, 7.7217e+00, 3.4871e-01, 
 2DIAGNOSTIC,    14, -3.606841276237e-01, 2.603294254919e-04, 7.9678e+00, 2.4608e-01, 
 2DIAGNOSTIC,    15, -3.607077482649e-01, 1.772424534406e-04, 8.2152e+00, 2.4742e-01, 
 2DIAGNOSTIC,    16, -3.607317548016e-01, 9.719876010357e-05, 8.4663e+00, 2.5111e-01, 
 2DIAGNOSTIC,    17, -3.607437560745e-01, 3.992553519053e-05, 8.7956e+00, 3.2932e-01, 
 2DIAGNOSTIC,    18, -3.607451919325e-01, 2.630475415358e-05, 9.2173e+00, 4.2163e-01, 
 2DIAGNOSTIC,    19, -3.607453681468e-01, 2.012161444032e-05, 9.5003e+00, 2.8304e-01, 
 2DIAGNOSTIC,    20, -3.607448485455e-01, 1.366743871067e-05, 9.7470e+00, 2.4673e-01, 
 2DIAGNOSTIC,    21, -3.607444147719e-01, 8.718911876635e-06, 1.0060e+01, 3.1301e-01, 
 2DIAGNOSTIC,    22, -3.607438466592e-01, 6.791517882410e-06, 1.0339e+01, 2.7933e-01, 
 2DIAGNOSTIC,    23, -3.607439480795e-01, 4.845863458329e-06, 1.0587e+01, 2.4765e-01, 
 2DIAGNOSTIC,    24, -3.607434145283e-01, 2.839176393502e-06, 1.0867e+01, 2.7972e-01, 
 2DIAGNOSTIC,    25, -3.607422455924e-01, 1.544544546685e-06, 1.1145e+01, 2.7856e-01, 
 2DIAGNOSTIC,    26, -3.607424086835e-01, 1.049519529214e-06, 1.1424e+01, 2.7866e-01, 
DIAGNOSTIC,Iteration,metricValue,convergenceValue,ITERATION_TIME_INDEX,SINCE_LAST
 2DIAGNOSTIC,     1, -3.316456244129e-01, 1.797693134862e+308, 1.4016e+01, 2.5923e+00, 
 2DIAGNOSTIC,     2, -3.316862505041e-01, 1.797693134862e+308, 1.6078e+01, 2.0617e+00, 
 2DIAGNOSTIC,     3, -3.317029660856e-01, 1.797693134862e+308, 1.7906e+01, 1.8286e+00, 
 2DIAGNOSTIC,     4, -3.317072197421e-01, 1.797693134862e+308, 1.9389e+01, 1.4830e+00, 
 2DIAGNOSTIC,     5, -3.317189753274e-01, 1.797693134862e+308, 2.1263e+01, 1.8739e+00, 
 2DIAGNOSTIC,     6, -3.317202160373e-01, 1.797693134862e+308, 2.2747e+01, 1.4838e+00, 
 2DIAGNOSTIC,     7, -3.317220259754e-01, 1.797693134862e+308, 2.4131e+01, 1.3843e+00, 
 2DIAGNOSTIC,     8, -3.317259231002e-01, 1.797693134862e+308, 2.5712e+01, 1.5805e+00, 
 2DIAGNOSTIC,     9, -3.317411875374e-01, 1.797693134862e+308, 2.8030e+01, 2.3177e+00, 
 2DIAGNOSTIC,    10, -3.317441616985e-01, 1.772635823966e-05, 3.0108e+01, 2.0786e+00, 
 2DIAGNOSTIC,    11, -3.317447649586e-01, 1.238648426183e-05, 3.1645e+01, 1.5371e+00, 
 2DIAGNOSTIC,    12, -3.317450914087e-01, 1.000797456138e-05, 3.3278e+01, 1.6325e+00, 
 2DIAGNOSTIC,    13, -3.317453076591e-01, 8.444192071508e-06, 3.4919e+01, 1.6409e+00, 
 2DIAGNOSTIC,    14, -3.317455925816e-01, 6.802089118227e-06, 3.7314e+01, 2.3954e+00, 
 2DIAGNOSTIC,    15, -3.317454818177e-01, 5.627096017716e-06, 3.9098e+01, 1.7841e+00, 
 2DIAGNOSTIC,    16, -3.317454287519e-01, 4.353452453046e-06, 4.1155e+01, 2.0571e+00, 
 2DIAGNOSTIC,    17, -3.317452939490e-01, 3.102237447955e-06, 4.2822e+01, 1.6672e+00, 
 2DIAGNOSTIC,    18, -3.317453138388e-01, 2.043900759655e-06, 4.4525e+01, 1.7021e+00, 
 2DIAGNOSTIC,    19, -3.317452793846e-01, 1.754452603642e-06, 4.6123e+01, 1.5983e+00, 
 2DIAGNOSTIC,    20, -3.317453333943e-01, 1.615802056480e-06, 4.7846e+01, 1.7231e+00, 
 2DIAGNOSTIC,    21, -3.317451304287e-01, 1.504260181556e-06, 4.9593e+01, 1.7474e+00, 
 2DIAGNOSTIC,    22, -3.317451282614e-01, 1.416619409458e-06, 5.1057e+01, 1.4641e+00, 
 2DIAGNOSTIC,    23, -3.317451726595e-01, 1.348624195513e-06, 5.2793e+01, 1.7351e+00, 
 2DIAGNOSTIC,    24, -3.317451475887e-01, 1.298662063796e-06, 5.4356e+01, 1.5632e+00, 
 2DIAGNOSTIC,    25, -3.317451104230e-01, 1.250193547797e-06, 5.5901e+01, 1.5453e+00, 
 2DIAGNOSTIC,    26, -3.317449987473e-01, 1.202390364573e-06, 5.7373e+01, 1.4721e+00, 
 2DIAGNOSTIC,    27, -3.317450479572e-01, 1.157492066944e-06, 5.8825e+01, 1.4518e+00, 
 2DIAGNOSTIC,    28, -3.317448483656e-01, 1.112081213984e-06, 6.0312e+01, 1.4875e+00, 
 2DIAGNOSTIC,    29, -3.317448445621e-01, 1.070966201479e-06, 6.1863e+01, 1.5506e+00, 
 2DIAGNOSTIC,    30, -3.317448743832e-01, 1.037617573384e-06, 6.3478e+01, 1.6145e+00, 
 2DIAGNOSTIC,    31, -3.317449461988e-01, 1.004890477996e-06, 6.5020e+01, 1.5422e+00, 
  Elapsed time (stage 0): 6.5873e+01


Total elapsed time: 6.5876e+01
Info [verificarlo]: loaded backend libinterflop_vprec.so
Info [interflop-vprec]: load backend with: 
Info [interflop-vprec]: precision-binary32 = 22
Info [interflop-vprec]: range-binary32 = 7
Info [interflop-vprec]: precision-binary64 = 22
Info [interflop-vprec]: range-binary64 = 7
Info [interflop-vprec]: mode = ob
Info [interflop-vprec]: error-mode = rel
Info [interflop-vprec]: max-abs-error-exponent = -1022
Info [interflop-vprec]: daz = false
Info [interflop-vprec]: ftz = false
Info [interflop-vprec]: 	instrument = none
Info [interflop-vprec]: 	prec-input-file = (null)
Info [interflop-vprec]: 	prec-output-file = (null)
Info [interflop-vprec]: 	prec-log-file = (null)
All_Command_lines_OK
Using double precision for computations.
=============================================================================
The composite transform comprises the following transforms (in order): 
  1. /home/mdugre/scratch/mri-registration-rp/datasets/ds004513/derivatives/mri-registration-rp/0011/antsRegistration-r7-p22/sub-s020/rigid_Composite.h5[0] (type = Euler3DTransform)
  2. /home/mdugre/scratch/mri-registration-rp/datasets/ds004513/derivatives/mri-registration-rp/0011/antsRegistration-r7-p22/sub-s020/rigid_Composite.h5[1] (type = Euler3DTransform)
  3. /home/mdugre/scratch/mri-registration-rp/datasets/ds004513/derivatives/mri-registration-rp/0011/antsRegistration-r7-p22/sub-s020/rigid_Composite.h5[2] (type = Euler3DTransform)
=============================================================================
  number of levels = 4
  fixed image: /templateflow/tpl-MNI152NLin2009cAsym/tpl-MNI152NLin2009cAsym_res-01_desc-brain_T1w.nii.gz
  moving image: /home/mdugre/scratch/mri-registration-rp/datasets/ds004513/derivatives/mri-registration-rp/antsBrainExtraction/sub-s020/BrainExtractionBrain.nii.gz
Dimension = 3
Number of stages = 1
Use histogram matching = false
Winsorize image intensities = true
  Lower quantile = 0.005
  Upper quantile = 0.995


Stage 1 State
   Image metric = MattesMI
     Fixed image = Image (0x5090490)
  RTTI typeinfo:   itk::Image<double, 3u>
  Reference Count: 2
  Modified Time: 1594
  Debug: Off
  Object Name: 
  Observers: 
    none
  Source: (none)
  Source output name: (none)
  Release Data: Off
  Data Released: False
  Global Release Data: Off
  PipelineMTime: 0
  UpdateMTime: 1203
  RealTimeStamp: 0 seconds 
  LargestPossibleRegion: 
    Dimension: 3
    Index: [0, 0, 0]
    Size: [193, 229, 193]
  BufferedRegion: 
    Dimension: 3
    Index: [0, 0, 0]
    Size: [193, 229, 193]
  RequestedRegion: 
    Dimension: 3
    Index: [0, 0, 0]
    Size: [193, 229, 193]
  Spacing: [1, 1, 1]
  Origin: [96, 132, -78]
  Direction: 
-1 0 0
0 -1 0
0 0 1

  IndexToPointMatrix: 
-1 0 0
0 -1 0
0 0 1

  PointToIndexMatrix: 
-1 0 0
0 -1 0
0 0 1

  Inverse Direction: 
-1 0 0
0 -1 0
0 0 1

  PixelContainer: 
    ImportImageContainer (0x515b8c0)
      RTTI typeinfo:   itk::ImportImageContainer<unsigned long, double>
      Reference Count: 1
      Modified Time: 1200
      Debug: Off
      Object Name: 
      Observers: 
        none
      Pointer: 0x151b05367010
      Container manages memory: true
      Size: 8530021
      Capacity: 8530021

     Moving image = Image (0x514bb60)
  RTTI typeinfo:   itk::Image<double, 3u>
  Reference Count: 2
  Modified Time: 1595
  Debug: Off
  Object Name: 
  Observers: 
    none
  Source: (none)
  Source output name: (none)
  Release Data: Off
  Data Released: False
  Global Release Data: Off
  PipelineMTime: 0
  UpdateMTime: 1592
  RealTimeStamp: 0 seconds 
  LargestPossibleRegion: 
    Dimension: 3
    Index: [0, 0, 0]
    Size: [160, 240, 256]
  BufferedRegion: 
    Dimension: 3
    Index: [0, 0, 0]
    Size: [160, 240, 256]
  RequestedRegion: 
    Dimension: 3
    Index: [0, 0, 0]
    Size: [160, 240, 256]
  Spacing: [0.999995, 1, 1]
  Origin: [87.0906, 98.7205, -152.377]
  Direction: 
-0.996975 0.0261379 -0.0731913
-0.0260677 -0.999658 -0.00191374
-0.0732163 -2.46403e-08 0.997316

  IndexToPointMatrix: 
-0.996971 0.0261379 -0.0731913
-0.0260676 -0.999658 -0.00191374
-0.0732159 -2.46403e-08 0.997316

  PointToIndexMatrix: 
-0.99698 -0.0260679 -0.0732167
0.0261379 -0.999659 -3.57628e-07
-0.0731913 -0.00191373 0.997316

  Inverse Direction: 
-0.996976 -0.0260677 -0.0732163
0.0261379 -0.999659 -3.57628e-07
-0.0731913 -0.00191367 0.997316

  PixelContainer: 
    ImportImageContainer (0x51df1d0)
      RTTI typeinfo:   itk::ImportImageContainer<unsigned long, double>
      Reference Count: 1
      Modified Time: 1589
      Debug: Off
      Object Name: 
      Observers: 
        none
      Pointer: 0x151b00866010
      Container manages memory: true
      Size: 9830400
      Capacity: 9830400

     Weighting = 1
     Sampling strategy = regular
     Number of bins = 32
     Radius = 4
     Sampling percentage  = 0.25
   Transform = Affine
     Gradient step = 0.1
     Update field sigma (voxel space) = 0
     Total field sigma (voxel space) = 0
     Update field time sigma = 0
     Total field time sigma  = 0
     Number of time indices = 0
     Number of time point samples = 0
Registration using 1 total stages.

Stage 0
  iterations = 1000x500x250x100
  convergence threshold = 1e-06
  convergence window size = 10
  number of levels = 4
  using the Mattes MI metric (number of bins = 32, weight = 1, use gradient filter = 0)
  preprocessing:  winsorizing the image intensities
  Shrink factors (level 1 out of 4): [8, 8, 8]
  Shrink factors (level 2 out of 4): [4, 4, 4]
  Shrink factors (level 3 out of 4): [2, 2, 2]
  Shrink factors (level 4 out of 4): [1, 1, 1]
  smoothing sigmas per level: [3, 2, 1, 0]
  regular sampling (percentage = 0.25)

*** Running AffineTransform registration ***

DIAGNOSTIC,Iteration,metricValue,convergenceValue,ITERATION_TIME_INDEX,SINCE_LAST
 2DIAGNOSTIC,     1, -5.040910263448e-01, 1.797693134862e+308, 0.0000e+00, 0.0000e+00, 
 2DIAGNOSTIC,     2, -5.057743188546e-01, 1.797693134862e+308, 0.0000e+00, 0.0000e+00, 
 2DIAGNOSTIC,     3, -5.087509213932e-01, 1.797693134862e+308, 0.0000e+00, 0.0000e+00, 
 2DIAGNOSTIC,     4, -5.132895094128e-01, 1.797693134862e+308, 0.0000e+00, 0.0000e+00, 
 2DIAGNOSTIC,     5, -5.208245931013e-01, 1.797693134862e+308, 0.0000e+00, 0.0000e+00, 
 2DIAGNOSTIC,     6, -5.330651275350e-01, 1.797693134862e+308, 0.0000e+00, 0.0000e+00, 
 2DIAGNOSTIC,     7, -5.747881581022e-01, 1.797693134862e+308, 0.0000e+00, 0.0000e+00, 
 2DIAGNOSTIC,     8, -6.431782199432e-01, 1.797693134862e+308, 0.0000e+00, 0.0000e+00, 
 2DIAGNOSTIC,     9, -6.879169691648e-01, 1.797693134862e+308, 0.0000e+00, 0.0000e+00, 
 2DIAGNOSTIC,    10, -7.069305391254e-01, 2.429541738414e-02, 0.0000e+00, 0.0000e+00, 
 2DIAGNOSTIC,    11, -7.305659971929e-01, 2.584349450934e-02, 0.0000e+00, 0.0000e+00, 
 2DIAGNOSTIC,    12, -7.465649309168e-01, 2.542594801872e-02, 0.0000e+00, 0.0000e+00, 
 2DIAGNOSTIC,    13, -7.787302539002e-01, 2.395571658212e-02, 0.0000e+00, 0.0000e+00, 
 2DIAGNOSTIC,    14, -7.987725509899e-01, 2.133815044366e-02, 0.0000e+00, 0.0000e+00, 
 2DIAGNOSTIC,    15, -8.217404909632e-01, 1.813266483791e-02, 0.0000e+00, 0.0000e+00, 
 2DIAGNOSTIC,    16, -8.282976203011e-01, 1.430375654094e-02, 0.0000e+00, 0.0000e+00, 
 2DIAGNOSTIC,    17, -8.361131859701e-01, 1.096003287806e-02, 0.0000e+00, 0.0000e+00, 
 2DIAGNOSTIC,    18, -8.430084100273e-01, 8.822331944795e-03, 0.0000e+00, 0.0000e+00, 
 2DIAGNOSTIC,    19, -8.439618171463e-01, 7.149279722731e-03, 0.0000e+00, 0.0000e+00, 
 2DIAGNOSTIC,    20, -8.477538171821e-01, 5.488762474678e-03, 0.0000e+00, 0.0000e+00, 
 2DIAGNOSTIC,    21, -8.531949516025e-01, 4.079738904159e-03, 0.0000e+00, 0.0000e+00, 
 2DIAGNOSTIC,    22, -8.532813475536e-01, 2.733728087462e-03, 0.0000e+00, 0.0000e+00, 
 2DIAGNOSTIC,    23, -8.529180736391e-01, 1.824731109395e-03, 0.0000e+00, 0.0000e+00, 
 2DIAGNOSTIC,    24, -8.530714947884e-01, 1.163692967191e-03, 0.0000e+00, 0.0000e+00, 
 2DIAGNOSTIC,    25, -8.530688523065e-01, 8.174806781223e-04, 0.0000e+00, 0.0000e+00, 
 2DIAGNOSTIC,    26, -8.532092139490e-01, 5.235241268591e-04, 0.0000e+00, 0.0000e+00, 
 2DIAGNOSTIC,    27, -8.534890273869e-01, 3.205145451104e-04, 0.0000e+00, 0.0000e+00, 
 2DIAGNOSTIC,    28, -8.532728215166e-01, 1.980167842352e-04, 0.0000e+00, 0.0000e+00, 
 2DIAGNOSTIC,    29, -8.531710678971e-01, 7.765953889221e-05, 0.0000e+00, 0.0000e+00, 
 2DIAGNOSTIC,    30, -8.529999917895e-01, 3.456228226999e-06, 0.0000e+00, 0.0000e+00, 
DIAGNOSTIC,Iteration,metricValue,convergenceValue,ITERATION_TIME_INDEX,SINCE_LAST
 2DIAGNOSTIC,     1, -7.167649489069e-01, 1.797693134862e+308, 0.0000e+00, 0.0000e+00, 
 2DIAGNOSTIC,     2, -7.167468583917e-01, 1.797693134862e+308, 0.0000e+00, 0.0000e+00, 
 2DIAGNOSTIC,     3, -7.167422993441e-01, 1.797693134862e+308, 0.0000e+00, 0.0000e+00, 
 2DIAGNOSTIC,     4, -7.167376791833e-01, 1.797693134862e+308, 0.0000e+00, 0.0000e+00, 
 2DIAGNOSTIC,     5, -7.167365900643e-01, 1.797693134862e+308, 0.0000e+00, 0.0000e+00, 
 2DIAGNOSTIC,     6, -7.167272676635e-01, 1.797693134862e+308, 0.0000e+00, 0.0000e+00, 
 2DIAGNOSTIC,     7, -7.167208305136e-01, 1.797693134862e+308, 0.0000e+00, 0.0000e+00, 
 2DIAGNOSTIC,     8, -7.167309129180e-01, 1.797693134862e+308, 0.0000e+00, 0.0000e+00, 
 2DIAGNOSTIC,     9, -7.167449418507e-01, 1.797693134862e+308, 0.0000e+00, 0.0000e+00, 
 2DIAGNOSTIC,    10, -7.167370669343e-01, 1.313709247233e-06, 0.0000e+00, 0.0000e+00, 
 2DIAGNOSTIC,    11, -7.167333403057e-01, 2.284950103237e-06, 0.0000e+00, 0.0000e+00, 
 2DIAGNOSTIC,    12, -7.167232090526e-01, 2.229072244841e-06, 0.0000e+00, 0.0000e+00, 
 2DIAGNOSTIC,    13, -7.167041231753e-01, 1.494764214710e-06, 0.0000e+00, 0.0000e+00, 
DIAGNOSTIC,Iteration,metricValue,convergenceValue,ITERATION_TIME_INDEX,SINCE_LAST
 2DIAGNOSTIC,     1, -5.951931096329e-01, 1.797693134862e+308, 0.0000e+00, 0.0000e+00, 
 2DIAGNOSTIC,     2, -5.955850976048e-01, 1.797693134862e+308, 0.0000e+00, 0.0000e+00, 
 2DIAGNOSTIC,     3, -5.958932857394e-01, 1.797693134862e+308, 0.0000e+00, 0.0000e+00, 
 2DIAGNOSTIC,     4, -5.961049573945e-01, 1.797693134862e+308, 0.0000e+00, 0.0000e+00, 
 2DIAGNOSTIC,     5, -5.963987968233e-01, 1.797693134862e+308, 0.0000e+00, 0.0000e+00, 
 2DIAGNOSTIC,     6, -5.967009099194e-01, 1.797693134862e+308, 0.0000e+00, 0.0000e+00, 
 2DIAGNOSTIC,     7, -5.969932768828e-01, 1.797693134862e+308, 0.0000e+00, 0.0000e+00, 
 2DIAGNOSTIC,     8, -5.970271411191e-01, 1.797693134862e+308, 0.0000e+00, 0.0000e+00, 
 2DIAGNOSTIC,     9, -5.970328190943e-01, 1.797693134862e+308, 0.0000e+00, 0.0000e+00, 
 2DIAGNOSTIC,    10, -5.970593975722e-01, 2.124614091250e-04, 0.0000e+00, 0.0000e+00, 
 2DIAGNOSTIC,    11, -5.970834768362e-01, 1.549425521128e-04, 0.0000e+00, 0.0000e+00, 
 2DIAGNOSTIC,    12, -5.970845942184e-01, 1.086786879161e-04, 0.0000e+00, 0.0000e+00, 
 2DIAGNOSTIC,    13, -5.970914042815e-01, 7.156092737373e-05, 0.0000e+00, 0.0000e+00, 
 2DIAGNOSTIC,    14, -5.970976193817e-01, 4.088260790058e-05, 0.0000e+00, 0.0000e+00, 
 2DIAGNOSTIC,    15, -5.970904826320e-01, 1.971206859271e-05, 0.0000e+00, 0.0000e+00, 
 2DIAGNOSTIC,    16, -5.970894477541e-01, 8.301632937233e-06, 0.0000e+00, 0.0000e+00, 
 2DIAGNOSTIC,    17, -5.970948030077e-01, 5.979234996491e-06, 0.0000e+00, 0.0000e+00, 
 2DIAGNOSTIC,    18, -5.971070436185e-01, 4.758685961698e-06, 0.0000e+00, 0.0000e+00, 
 2DIAGNOSTIC,    19, -5.971157938221e-01, 3.729448884847e-06, 0.0000e+00, 0.0000e+00, 
 2DIAGNOSTIC,    20, -5.971316218317e-01, 3.610433041944e-06, 0.0000e+00, 0.0000e+00, 
 2DIAGNOSTIC,    21, -5.971360390192e-01, 3.961323479670e-06, 0.0000e+00, 0.0000e+00, 
 2DIAGNOSTIC,    22, -5.971533113176e-01, 4.446266044442e-06, 0.0000e+00, 0.0000e+00, 
 2DIAGNOSTIC,    23, -5.971533965787e-01, 4.735947941703e-06, 0.0000e+00, 0.0000e+00, 
 2DIAGNOSTIC,    24, -5.971533999242e-01, 4.816461044235e-06, 0.0000e+00, 0.0000e+00, 
 2DIAGNOSTIC,    25, -5.971534238577e-01, 4.432047347888e-06, 0.0000e+00, 0.0000e+00, 
 2DIAGNOSTIC,    26, -5.971533920389e-01, 3.759252048055e-06, 0.0000e+00, 0.0000e+00, 
 2DIAGNOSTIC,    27, -5.971534327394e-01, 2.987313712594e-06, 0.0000e+00, 0.0000e+00, 
 2DIAGNOSTIC,    28, -5.971534319762e-01, 2.306978677473e-06, 0.0000e+00, 0.0000e+00, 
 2DIAGNOSTIC,    29, -5.971534312704e-01, 1.704579204842e-06, 0.0000e+00, 0.0000e+00, 
 2DIAGNOSTIC,    30, -5.971534089217e-01, 1.336965373931e-06, 0.0000e+00, 0.0000e+00, 
 2DIAGNOSTIC,    31, -5.971534325103e-01, 1.027403052668e-06, 0.0000e+00, 0.0000e+00, 
DIAGNOSTIC,Iteration,metricValue,convergenceValue,ITERATION_TIME_INDEX,SINCE_LAST
 2DIAGNOSTIC,     1, -5.295637180069e-01, 1.797693134862e+308, 0.0000e+00, 0.0000e+00, 
 2DIAGNOSTIC,     2, -5.299018090893e-01, 1.797693134862e+308, 0.0000e+00, 0.0000e+00, 
 2DIAGNOSTIC,     3, -5.301667671522e-01, 1.797693134862e+308, 0.0000e+00, 0.0000e+00, 
 2DIAGNOSTIC,     4, -5.304572775760e-01, 1.797693134862e+308, 0.0000e+00, 0.0000e+00, 
 2DIAGNOSTIC,     5, -5.314564229975e-01, 1.797693134862e+308, 0.0000e+00, 0.0000e+00, 
 2DIAGNOSTIC,     6, -5.314564972582e-01, 1.797693134862e+308, 0.0000e+00, 0.0000e+00, 
 2DIAGNOSTIC,     7, -5.314562626200e-01, 1.797693134862e+308, 0.0000e+00, 0.0000e+00, 
 2DIAGNOSTIC,     8, -5.314561810171e-01, 1.797693134862e+308, 0.0000e+00, 0.0000e+00, 
 2DIAGNOSTIC,     9, -5.314561192973e-01, 1.797693134862e+308, 0.0000e+00, 0.0000e+00, 
 2DIAGNOSTIC,    10, -5.314561375716e-01, 2.506136403958e-04, 2.5600e+02, 2.5600e+02, 
 2DIAGNOSTIC,    11, -5.314560248367e-01, 1.674624753652e-04, 2.5600e+02, 0.0000e+00, 
 2DIAGNOSTIC,    12, -5.314560220304e-01, 9.905216859420e-05, 2.5600e+02, 0.0000e+00, 
 2DIAGNOSTIC,    13, -5.314560187492e-01, 4.353303420079e-05, 2.5600e+02, 0.0000e+00, 
 2DIAGNOSTIC,    14, -5.314560122383e-01, 2.229313125837e-06, 2.5600e+02, 0.0000e+00, 
 2DIAGNOSTIC,    15, -5.314560113300e-01, 2.087183476857e-06, 2.5600e+02, 0.0000e+00, 
 2DIAGNOSTIC,    16, -5.314560069464e-01, 1.968273283762e-06, 2.5600e+02, 0.0000e+00, 
 2DIAGNOSTIC,    17, -5.314560144939e-01, 1.857935510372e-06, 2.5600e+02, 0.0000e+00, 
 2DIAGNOSTIC,    18, -5.314560239352e-01, 1.758764474682e-06, 2.5600e+02, 0.0000e+00, 
 2DIAGNOSTIC,    19, -5.314560239471e-01, 1.668852927447e-06, 2.5600e+02, 0.0000e+00, 
 2DIAGNOSTIC,    20, -5.314560238545e-01, 1.588843863316e-06, 2.5600e+02, 0.0000e+00, 
 2DIAGNOSTIC,    21, -5.314560237608e-01, 1.513575859202e-06, 2.5600e+02, 0.0000e+00, 
 2DIAGNOSTIC,    22, -5.314560228637e-01, 1.445008949809e-06, 2.5600e+02, 0.0000e+00, 
 2DIAGNOSTIC,    23, -5.314560228024e-01, 1.382254138330e-06, 2.5600e+02, 0.0000e+00, 
 2DIAGNOSTIC,    24, -5.314560228637e-01, 1.324508308302e-06, 2.5600e+02, 0.0000e+00, 
 2DIAGNOSTIC,    25, -5.314560229138e-01, 1.271308143591e-06, 2.5600e+02, 0.0000e+00, 
 2DIAGNOSTIC,    26, -5.314560229433e-01, 1.222066168850e-06, 2.5600e+02, 0.0000e+00, 
 2DIAGNOSTIC,    27, -5.314560228803e-01, 1.176604506811e-06, 2.5600e+02, 0.0000e+00, 
 2DIAGNOSTIC,    28, -5.314560229027e-01, 1.134577901497e-06, 2.5600e+02, 0.0000e+00, 
 2DIAGNOSTIC,    29, -5.314560228513e-01, 1.095454152569e-06, 2.5600e+02, 0.0000e+00, 
 2DIAGNOSTIC,    30, -5.314560221599e-01, 1.058928347702e-06, 2.5600e+02, 0.0000e+00, 
