
##########################
# Experiment information #
##########################

EXPERIMENT_NAME: antsRegistration-r7-p23
VFC_BACKENDS: libinterflop_vprec.so --range-binary32=7 --precision-binary32=23 --range-binary64=7 --precision-binary64=23

SIF_IMG: /home/mdugre/projects/rrg-glatard/mdugre/containers/ants-vprec-no_metrics.simg

SUBJECT_ID: s020
INPUT_IMG: /home/mdugre/scratch/mri-registration-rp/datasets/ds004513/derivatives/mri-registration-rp/antsBrainExtraction/sub-s020/BrainExtractionBrain.nii.gz
OUTPUT_DIR: /home/mdugre/scratch/mri-registration-rp/datasets/ds004513/derivatives/mri-registration-rp/0011/antsRegistration-r7-p23/sub-s020

FIXED_IMG: /templateflow/tpl-MNI152NLin2009cAsym/tpl-MNI152NLin2009cAsym_res-01_desc-brain_T1w.nii.gz
DATA_DIR: /home/mdugre/scratch/mri-registration-rp/datasets/ds004513
TEMPLATEFLOW_DIR: /home/mdugre/projects/rrg-glatard/mdugre/templateflow
ITK_GLOBAL_DEFAULT_NUMBER_OF_THREADS: 16
##########################

Info [verificarlo]: loaded backend libinterflop_ieee.so
Info [interflop-ieee]: load backend with:
Info [interflop-ieee]: debug = false
Info [interflop-ieee]: debug-binary = false
Info [interflop-ieee]: no-backend-name = false
Info [interflop-ieee]: print-new-line = false
Info [interflop-ieee]: print-subnormal-normalized = false
Info [interflop-ieee]: count-op = false
All_Command_lines_OK
Using double precision for computations.
=============================================================================
The composite transform comprises the following transforms (in order): 
  1. Center of mass alignment using fixed image: /templateflow/tpl-MNI152NLin2009cAsym/tpl-MNI152NLin2009cAsym_res-01_desc-brain_T1w.nii.gz and moving image: /home/mdugre/scratch/mri-registration-rp/datasets/ds004513/derivatives/mri-registration-rp/antsBrainExtraction/sub-s020/BrainExtractionBrain.nii.gz (type = Euler3DTransform)
=============================================================================
  number of levels = 1
  fixed image: /templateflow/tpl-MNI152NLin2009cAsym/tpl-MNI152NLin2009cAsym_res-01_desc-brain_T1w.nii.gz
  moving image: /home/mdugre/scratch/mri-registration-rp/datasets/ds004513/derivatives/mri-registration-rp/antsBrainExtraction/sub-s020/BrainExtractionBrain.nii.gz
Dimension = 3
Number of stages = 1
Use histogram matching = false
Winsorize image intensities = true
  Lower quantile = 0.005
  Upper quantile = 0.995


Stage 1 State
   Image metric = MattesMI
     Fixed image = Image (0x4b07e70)
  RTTI typeinfo:   itk::Image<double, 3u>
  Reference Count: 2
  Modified Time: 2334
  Debug: Off
  Object Name: 
  Observers: 
    none
  Source: (none)
  Source output name: (none)
  Release Data: Off
  Data Released: False
  Global Release Data: Off
  PipelineMTime: 0
  UpdateMTime: 1943
  RealTimeStamp: 0 seconds 
  LargestPossibleRegion: 
    Dimension: 3
    Index: [0, 0, 0]
    Size: [193, 229, 193]
  BufferedRegion: 
    Dimension: 3
    Index: [0, 0, 0]
    Size: [193, 229, 193]
  RequestedRegion: 
    Dimension: 3
    Index: [0, 0, 0]
    Size: [193, 229, 193]
  Spacing: [1, 1, 1]
  Origin: [96, 132, -78]
  Direction: 
-1 0 0
0 -1 0
0 0 1

  IndexToPointMatrix: 
-1 0 0
0 -1 0
0 0 1

  PointToIndexMatrix: 
-1 0 0
0 -1 0
0 0 1

  Inverse Direction: 
-1 0 0
0 -1 0
0 0 1

  PixelContainer: 
    ImportImageContainer (0x4b10c60)
      RTTI typeinfo:   itk::ImportImageContainer<unsigned long, double>
      Reference Count: 1
      Modified Time: 1940
      Debug: Off
      Object Name: 
      Observers: 
        none
      Pointer: 0x152a4f379010
      Container manages memory: true
      Size: 8530021
      Capacity: 8530021

     Moving image = Image (0x4b13610)
  RTTI typeinfo:   itk::Image<double, 3u>
  Reference Count: 2
  Modified Time: 2335
  Debug: Off
  Object Name: 
  Observers: 
    none
  Source: (none)
  Source output name: (none)
  Release Data: Off
  Data Released: False
  Global Release Data: Off
  PipelineMTime: 0
  UpdateMTime: 2332
  RealTimeStamp: 0 seconds 
  LargestPossibleRegion: 
    Dimension: 3
    Index: [0, 0, 0]
    Size: [160, 240, 256]
  BufferedRegion: 
    Dimension: 3
    Index: [0, 0, 0]
    Size: [160, 240, 256]
  RequestedRegion: 
    Dimension: 3
    Index: [0, 0, 0]
    Size: [160, 240, 256]
  Spacing: [0.999995, 1, 1]
  Origin: [87.0906, 98.7205, -152.377]
  Direction: 
-0.996975 0.0261379 -0.0731913
-0.0260677 -0.999658 -0.00191374
-0.0732163 -2.46403e-08 0.997316

  IndexToPointMatrix: 
-0.996971 0.0261379 -0.0731913
-0.0260676 -0.999658 -0.00191374
-0.0732159 -2.46403e-08 0.997316

  PointToIndexMatrix: 
-0.99698 -0.0260679 -0.0732166
0.0261379 -0.999658 -2.46993e-08
-0.0731913 -0.00191374 0.997316

  Inverse Direction: 
-0.996975 -0.0260677 -0.0732163
0.0261379 -0.999658 -2.46993e-08
-0.0731913 -0.00191374 0.997316

  PixelContainer: 
    ImportImageContainer (0x4bacef0)
      RTTI typeinfo:   itk::ImportImageContainer<unsigned long, double>
      Reference Count: 1
      Modified Time: 2329
      Debug: Off
      Object Name: 
      Observers: 
        none
      Pointer: 0x152a4a878010
      Container manages memory: true
      Size: 9830400
      Capacity: 9830400

     Weighting = 1
     Sampling strategy = regular
     Number of bins = 32
     Radius = 4
     Sampling percentage  = 0.25
   Transform = Rigid
     Gradient step = 0.1
     Update field sigma (voxel space) = 0
     Total field sigma (voxel space) = 0
     Update field time sigma = 0
     Total field time sigma  = 0
     Number of time indices = 0
     Number of time point samples = 0
Registration using 1 total stages.

Stage 0
  iterations = 0
  convergence threshold = 1e-06
  convergence window size = 10
  number of levels = 1
  using the Mattes MI metric (number of bins = 32, weight = 1, use gradient filter = 0)
  preprocessing:  winsorizing the image intensities
  Shrink factors (level 1 out of 1): [1, 1, 1]
  smoothing sigmas per level: [0]
  regular sampling (percentage = 0.25)

*** Running Euler3DTransform registration ***

  Elapsed time (stage 0): 1.11101


Total elapsed time: 1.11309
Info [verificarlo]: loaded backend libinterflop_ieee.so
Info [interflop-ieee]: load backend with:
Info [interflop-ieee]: debug = false
Info [interflop-ieee]: debug-binary = false
Info [interflop-ieee]: no-backend-name = false
Info [interflop-ieee]: print-new-line = false
Info [interflop-ieee]: print-subnormal-normalized = false
Info [interflop-ieee]: count-op = false
All_Command_lines_OK
Using double precision for computations.
=============================================================================
The composite transform comprises the following transforms (in order): 
  1. /home/mdugre/scratch/mri-registration-rp/datasets/ds004513/derivatives/mri-registration-rp/0011/antsRegistration-r7-p23/sub-s020/align_Composite.h5[0] (type = Euler3DTransform)
  2. /home/mdugre/scratch/mri-registration-rp/datasets/ds004513/derivatives/mri-registration-rp/0011/antsRegistration-r7-p23/sub-s020/align_Composite.h5[1] (type = Euler3DTransform)
=============================================================================
  number of levels = 4
  fixed image: /templateflow/tpl-MNI152NLin2009cAsym/tpl-MNI152NLin2009cAsym_res-01_desc-brain_T1w.nii.gz
  moving image: /home/mdugre/scratch/mri-registration-rp/datasets/ds004513/derivatives/mri-registration-rp/antsBrainExtraction/sub-s020/BrainExtractionBrain.nii.gz
Dimension = 3
Number of stages = 1
Use histogram matching = false
Winsorize image intensities = true
  Lower quantile = 0.005
  Upper quantile = 0.995


Stage 1 State
   Image metric = MattesMI
     Fixed image = Image (0x426b530)
  RTTI typeinfo:   itk::Image<double, 3u>
  Reference Count: 2
  Modified Time: 1580
  Debug: Off
  Object Name: 
  Observers: 
    none
  Source: (none)
  Source output name: (none)
  Release Data: Off
  Data Released: False
  Global Release Data: Off
  PipelineMTime: 0
  UpdateMTime: 1189
  RealTimeStamp: 0 seconds 
  LargestPossibleRegion: 
    Dimension: 3
    Index: [0, 0, 0]
    Size: [193, 229, 193]
  BufferedRegion: 
    Dimension: 3
    Index: [0, 0, 0]
    Size: [193, 229, 193]
  RequestedRegion: 
    Dimension: 3
    Index: [0, 0, 0]
    Size: [193, 229, 193]
  Spacing: [1, 1, 1]
  Origin: [96, 132, -78]
  Direction: 
-1 0 0
0 -1 0
0 0 1

  IndexToPointMatrix: 
-1 0 0
0 -1 0
0 0 1

  PointToIndexMatrix: 
-1 0 0
0 -1 0
0 0 1

  Inverse Direction: 
-1 0 0
0 -1 0
0 0 1

  PixelContainer: 
    ImportImageContainer (0x4329d60)
      RTTI typeinfo:   itk::ImportImageContainer<unsigned long, double>
      Reference Count: 1
      Modified Time: 1186
      Debug: Off
      Object Name: 
      Observers: 
        none
      Pointer: 0x14a4431e1010
      Container manages memory: true
      Size: 8530021
      Capacity: 8530021

     Moving image = Image (0x431bf60)
  RTTI typeinfo:   itk::Image<double, 3u>
  Reference Count: 2
  Modified Time: 1581
  Debug: Off
  Object Name: 
  Observers: 
    none
  Source: (none)
  Source output name: (none)
  Release Data: Off
  Data Released: False
  Global Release Data: Off
  PipelineMTime: 0
  UpdateMTime: 1578
  RealTimeStamp: 0 seconds 
  LargestPossibleRegion: 
    Dimension: 3
    Index: [0, 0, 0]
    Size: [160, 240, 256]
  BufferedRegion: 
    Dimension: 3
    Index: [0, 0, 0]
    Size: [160, 240, 256]
  RequestedRegion: 
    Dimension: 3
    Index: [0, 0, 0]
    Size: [160, 240, 256]
  Spacing: [0.999995, 1, 1]
  Origin: [87.0906, 98.7205, -152.377]
  Direction: 
-0.996975 0.0261379 -0.0731913
-0.0260677 -0.999658 -0.00191374
-0.0732163 -2.46403e-08 0.997316

  IndexToPointMatrix: 
-0.996971 0.0261379 -0.0731913
-0.0260676 -0.999658 -0.00191374
-0.0732159 -2.46403e-08 0.997316

  PointToIndexMatrix: 
-0.99698 -0.0260679 -0.0732166
0.0261379 -0.999658 -2.46993e-08
-0.0731913 -0.00191374 0.997316

  Inverse Direction: 
-0.996975 -0.0260677 -0.0732163
0.0261379 -0.999658 -2.46993e-08
-0.0731913 -0.00191374 0.997316

  PixelContainer: 
    ImportImageContainer (0x430d6d0)
      RTTI typeinfo:   itk::ImportImageContainer<unsigned long, double>
      Reference Count: 1
      Modified Time: 1575
      Debug: Off
      Object Name: 
      Observers: 
        none
      Pointer: 0x14a43e6e0010
      Container manages memory: true
      Size: 9830400
      Capacity: 9830400

     Weighting = 1
     Sampling strategy = regular
     Number of bins = 32
     Radius = 4
     Sampling percentage  = 0.25
   Transform = Rigid
     Gradient step = 0.1
     Update field sigma (voxel space) = 0
     Total field sigma (voxel space) = 0
     Update field time sigma = 0
     Total field time sigma  = 0
     Number of time indices = 0
     Number of time point samples = 0
Registration using 1 total stages.

Stage 0
  iterations = 1000x500x250x100
  convergence threshold = 1e-06
  convergence window size = 10
  number of levels = 4
  using the Mattes MI metric (number of bins = 32, weight = 1, use gradient filter = 0)
  preprocessing:  winsorizing the image intensities
  Shrink factors (level 1 out of 4): [8, 8, 8]
  Shrink factors (level 2 out of 4): [4, 4, 4]
  Shrink factors (level 3 out of 4): [2, 2, 2]
  Shrink factors (level 4 out of 4): [1, 1, 1]
  smoothing sigmas per level: [3, 2, 1, 0]
  regular sampling (percentage = 0.25)

*** Running Euler3DTransform registration ***

DIAGNOSTIC,Iteration,metricValue,convergenceValue,ITERATION_TIME_INDEX,SINCE_LAST
 2DIAGNOSTIC,     1, -3.791273390751e-01, 1.797693134862e+308, 7.4724e-01, 7.4724e-01, 
 2DIAGNOSTIC,     2, -3.803606001643e-01, 1.797693134862e+308, 7.5221e-01, 4.9679e-03, 
 2DIAGNOSTIC,     3, -3.828962034719e-01, 1.797693134862e+308, 7.5632e-01, 4.1170e-03, 
 2DIAGNOSTIC,     4, -3.876122532015e-01, 1.797693134862e+308, 7.6041e-01, 4.0810e-03, 
 2DIAGNOSTIC,     5, -3.904935334081e-01, 1.797693134862e+308, 7.6493e-01, 4.5240e-03, 
 2DIAGNOSTIC,     6, -3.911039700181e-01, 1.797693134862e+308, 7.6894e-01, 4.0100e-03, 
 2DIAGNOSTIC,     7, -3.914905453856e-01, 1.797693134862e+308, 7.7292e-01, 3.9849e-03, 
 2DIAGNOSTIC,     8, -3.925629083064e-01, 1.797693134862e+308, 7.7708e-01, 4.1602e-03, 
 2DIAGNOSTIC,     9, -3.981570789235e-01, 1.797693134862e+308, 7.8126e-01, 4.1769e-03, 
 2DIAGNOSTIC,    10, -4.079218556696e-01, 3.866687266231e-03, 7.8681e-01, 5.5521e-03, 
 2DIAGNOSTIC,    11, -4.246779602407e-01, 4.904320352955e-03, 7.9181e-01, 4.9942e-03, 
 2DIAGNOSTIC,    12, -4.297045200929e-01, 5.673254149495e-03, 7.9616e-01, 4.3530e-03, 
 2DIAGNOSTIC,    13, -4.335692915500e-01, 6.156954111597e-03, 8.0121e-01, 5.0509e-03, 
 2DIAGNOSTIC,    14, -4.439932007392e-01, 6.764094567495e-03, 8.0555e-01, 4.3430e-03, 
 2DIAGNOSTIC,    15, -4.466217673432e-01, 6.904768046120e-03, 8.1079e-01, 5.2390e-03, 
 2DIAGNOSTIC,    16, -4.513528166466e-01, 6.619270357302e-03, 8.1514e-01, 4.3499e-03, 
 2DIAGNOSTIC,    17, -4.528511000894e-01, 5.844785636310e-03, 8.1996e-01, 4.8201e-03, 
 2DIAGNOSTIC,    18, -4.555717392063e-01, 4.777374801796e-03, 8.2638e-01, 6.4120e-03, 
 2DIAGNOSTIC,    19, -4.559551116223e-01, 3.601534608327e-03, 8.3061e-01, 4.2369e-03, 
 2DIAGNOSTIC,    20, -4.573566049170e-01, 2.586715154442e-03, 8.3692e-01, 6.3081e-03, 
 2DIAGNOSTIC,    21, -4.575247969266e-01, 1.982970420789e-03, 8.4147e-01, 4.5471e-03, 
 2DIAGNOSTIC,    22, -4.577282609773e-01, 1.415636475358e-03, 8.4623e-01, 4.7638e-03, 
 2DIAGNOSTIC,    23, -4.579446718543e-01, 8.825818310218e-04, 8.5060e-01, 4.3659e-03, 
 2DIAGNOSTIC,    24, -4.580222441289e-01, 6.077361471105e-04, 8.5493e-01, 4.3311e-03, 
 2DIAGNOSTIC,    25, -4.581756594726e-01, 3.715370793447e-04, 8.5937e-01, 4.4389e-03, 
 2DIAGNOSTIC,    26, -4.586248657956e-01, 2.524125109124e-04, 8.6352e-01, 4.1568e-03, 
 2DIAGNOSTIC,    27, -4.589295751984e-01, 1.618743045249e-04, 8.6966e-01, 6.1409e-03, 
 2DIAGNOSTIC,    28, -4.591732380959e-01, 1.333055248179e-04, 8.7382e-01, 4.1540e-03, 
 2DIAGNOSTIC,    29, -4.592818025282e-01, 1.048337371418e-04, 8.7846e-01, 4.6389e-03, 
 2DIAGNOSTIC,    30, -4.597219167327e-01, 1.090843130793e-04, 8.8411e-01, 5.6510e-03, 
 2DIAGNOSTIC,    31, -4.598058280545e-01, 1.077990152460e-04, 8.8829e-01, 4.1821e-03, 
 2DIAGNOSTIC,    32, -4.606612786242e-01, 1.180966050102e-04, 8.9296e-01, 4.6740e-03, 
 2DIAGNOSTIC,    33, -4.610356336134e-01, 1.280756736569e-04, 8.9713e-01, 4.1602e-03, 
 2DIAGNOSTIC,    34, -4.611779666229e-01, 1.296681073872e-04, 9.0132e-01, 4.1969e-03, 
 2DIAGNOSTIC,    35, -4.615422545265e-01, 1.286269110213e-04, 9.0542e-01, 4.0979e-03, 
 2DIAGNOSTIC,    36, -4.621706539165e-01, 1.347887191384e-04, 9.1066e-01, 5.2390e-03, 
 2DIAGNOSTIC,    37, -4.629085217334e-01, 1.457448765030e-04, 9.1534e-01, 4.6830e-03, 
 2DIAGNOSTIC,    38, -4.631458409920e-01, 1.502948060638e-04, 9.2003e-01, 4.6861e-03, 
 2DIAGNOSTIC,    39, -4.635663138428e-01, 1.493295208954e-04, 9.2417e-01, 4.1430e-03, 
 2DIAGNOSTIC,    40, -4.640369020252e-01, 1.491400367567e-04, 9.2835e-01, 4.1831e-03, 
 2DIAGNOSTIC,    41, -4.650993575021e-01, 1.523128803371e-04, 9.3265e-01, 4.2980e-03, 
 2DIAGNOSTIC,    42, -4.685428252379e-01, 2.063598092420e-04, 9.3921e-01, 6.5610e-03, 
 2DIAGNOSTIC,    43, -4.699094643437e-01, 2.630661184625e-04, 9.4397e-01, 4.7550e-03, 
 2DIAGNOSTIC,    44, -4.705494685376e-01, 3.037066967677e-04, 9.4818e-01, 4.2169e-03, 
 2DIAGNOSTIC,    45, -4.707518085107e-01, 3.220890314361e-04, 9.5291e-01, 4.7221e-03, 
 2DIAGNOSTIC,    46, -4.712442052988e-01, 3.242651747099e-04, 9.5849e-01, 5.5780e-03, 
 2DIAGNOSTIC,    47, -4.719834399552e-01, 3.146872295906e-04, 9.6277e-01, 4.2892e-03, 
 2DIAGNOSTIC,    48, -4.738265616505e-01, 3.026858208212e-04, 9.6790e-01, 5.1301e-03, 
 2DIAGNOSTIC,    49, -4.744210675797e-01, 2.755774037184e-04, 9.7394e-01, 6.0360e-03, 
 2DIAGNOSTIC,    50, -4.745618363821e-01, 2.316572677791e-04, 9.7812e-01, 4.1780e-03, 
 2DIAGNOSTIC,    51, -4.748760117151e-01, 1.840164669207e-04, 9.8230e-01, 4.1802e-03, 
 2DIAGNOSTIC,    52, -4.752188866446e-01, 1.665240708473e-04, 9.8646e-01, 4.1649e-03, 
 2DIAGNOSTIC,    53, -4.759087249993e-01, 1.579232535551e-04, 9.9112e-01, 4.6558e-03, 
 2DIAGNOSTIC,    54, -4.762565585649e-01, 1.460065621777e-04, 9.9573e-01, 4.6060e-03, 
 2DIAGNOSTIC,    55, -4.762585804838e-01, 1.232265134398e-04, 1.0004e+00, 4.6310e-03, 
 2DIAGNOSTIC,    56, -4.765796804548e-01, 9.895979710661e-05, 1.0050e+00, 4.6830e-03, 
 2DIAGNOSTIC,    57, -4.768583943658e-01, 7.682797168136e-05, 1.0113e+00, 6.2320e-03, 
 2DIAGNOSTIC,    58, -4.769840509034e-01, 6.932998998961e-05, 1.0154e+00, 4.1690e-03, 
 2DIAGNOSTIC,    59, -4.770202072393e-01, 6.226715257127e-05, 1.0197e+00, 4.2341e-03, 
 2DIAGNOSTIC,    60, -4.781317435285e-01, 6.278153226789e-05, 1.0243e+00, 4.6680e-03, 
 2DIAGNOSTIC,    61, -4.782874645121e-01, 6.182500683102e-05, 1.0285e+00, 4.1599e-03, 
 2DIAGNOSTIC,    62, -4.784725344702e-01, 6.024437882432e-05, 1.0332e+00, 4.6959e-03, 
 2DIAGNOSTIC,    63, -4.786139658808e-01, 6.134047012374e-05, 1.0389e+00, 5.6722e-03, 
 2DIAGNOSTIC,    64, -4.786657897200e-01, 6.051208967536e-05, 1.0432e+00, 4.3280e-03, 
 2DIAGNOSTIC,    65, -4.791620031542e-01, 5.855605848321e-05, 1.0479e+00, 4.6670e-03, 
 2DIAGNOSTIC,    66, -4.794423705297e-01, 5.655772768380e-05, 1.0520e+00, 4.1709e-03, 
 2DIAGNOSTIC,    67, -4.794866128417e-01, 5.233636542910e-05, 1.0562e+00, 4.1740e-03, 
 2DIAGNOSTIC,    68, -4.795587193508e-01, 4.527660930052e-05, 1.0604e+00, 4.1890e-03, 
 2DIAGNOSTIC,    69, -4.799139400443e-01, 3.742083087016e-05, 1.0655e+00, 5.1301e-03, 
 2DIAGNOSTIC,    70, -4.799762513060e-01, 3.656479885468e-05, 1.0711e+00, 5.6071e-03, 
 2DIAGNOSTIC,    71, -4.800010824561e-01, 3.379393406747e-05, 1.0755e+00, 4.3759e-03, 
 2DIAGNOSTIC,    72, -4.803402567396e-01, 3.250972951744e-05, 1.0798e+00, 4.2760e-03, 
 2DIAGNOSTIC,    73, -4.809707752045e-01, 3.475045855441e-05, 1.0840e+00, 4.2541e-03, 
 2DIAGNOSTIC,    74, -4.813467767240e-01, 3.696935309563e-05, 1.0889e+00, 4.8230e-03, 
 2DIAGNOSTIC,    75, -4.813902055058e-01, 4.003142780786e-05, 1.0937e+00, 4.7901e-03, 
 2DIAGNOSTIC,    76, -4.816445791029e-01, 4.370778962638e-05, 1.0990e+00, 5.3620e-03, 
 2DIAGNOSTIC,    77, -4.821759567407e-01, 4.771198258890e-05, 1.1035e+00, 4.4911e-03, 
 2DIAGNOSTIC,    78, -4.823537521631e-01, 4.876752286228e-05, 1.1082e+00, 4.6539e-03, 
 2DIAGNOSTIC,    79, -4.825090427009e-01, 4.914727499430e-05, 1.1123e+00, 4.1621e-03, 
 2DIAGNOSTIC,    80, -4.826744208680e-01, 4.671103296384e-05, 1.1165e+00, 4.1950e-03, 
 2DIAGNOSTIC,    81, -4.836190106459e-01, 4.727074889342e-05, 1.1213e+00, 4.7691e-03, 
 2DIAGNOSTIC,    82, -4.840885627815e-01, 4.905564296007e-05, 1.1265e+00, 5.2400e-03, 
 2DIAGNOSTIC,    83, -4.842523540661e-01, 5.194096250692e-05, 1.1307e+00, 4.1699e-03, 
 2DIAGNOSTIC,    84, -4.843172995560e-01, 5.319360267264e-05, 1.1349e+00, 4.2009e-03, 
 2DIAGNOSTIC,    85, -4.844277084483e-01, 5.045498768460e-05, 1.1401e+00, 5.2209e-03, 
 2DIAGNOSTIC,    86, -4.846912595013e-01, 4.646317172773e-05, 1.1448e+00, 4.6501e-03, 
 2DIAGNOSTIC,    87, -4.847931906713e-01, 4.248601450444e-05, 1.1494e+00, 4.6580e-03, 
 2DIAGNOSTIC,    88, -4.847948364004e-01, 3.586573985730e-05, 1.1541e+00, 4.7121e-03, 
 2DIAGNOSTIC,    89, -4.849348992273e-01, 2.814168104539e-05, 1.1583e+00, 4.1621e-03, 
 2DIAGNOSTIC,    90, -4.850769381214e-01, 1.985435389508e-05, 1.1630e+00, 4.7300e-03, 
 2DIAGNOSTIC,    91, -4.852757799962e-01, 1.749565781279e-05, 1.1682e+00, 5.1670e-03, 
 2DIAGNOSTIC,    92, -4.857921263612e-01, 2.009042147677e-05, 1.1723e+00, 4.1299e-03, 
 2DIAGNOSTIC,    93, -4.858974559829e-01, 2.245196618230e-05, 1.1765e+00, 4.1790e-03, 
 2DIAGNOSTIC,    94, -4.859778506529e-01, 2.360912680273e-05, 1.1812e+00, 4.6809e-03, 
 2DIAGNOSTIC,    95, -4.864375102939e-01, 2.616359943677e-05, 1.1859e+00, 4.7030e-03, 
 2DIAGNOSTIC,    96, -4.872930514537e-01, 3.321912384806e-05, 1.1901e+00, 4.2560e-03, 
 2DIAGNOSTIC,    97, -4.899456785298e-01, 5.422837604513e-05, 1.1949e+00, 4.7810e-03, 
 2DIAGNOSTIC,    98, -4.911597484925e-01, 7.679863013542e-05, 1.2022e+00, 7.2570e-03, 
 2DIAGNOSTIC,    99, -4.912167828088e-01, 9.279752970525e-05, 1.2068e+00, 4.5810e-03, 
 2DIAGNOSTIC,   100, -4.915947299886e-01, 1.029851954645e-04, 1.2109e+00, 4.1711e-03, 
 2DIAGNOSTIC,   101, -4.921161302582e-01, 1.072169378524e-04, 1.2151e+00, 4.1950e-03, 
 2DIAGNOSTIC,   102, -4.924371424877e-01, 1.057006621503e-04, 1.2193e+00, 4.1680e-03, 
 2DIAGNOSTIC,   103, -4.929968903198e-01, 9.790379479381e-05, 1.2235e+00, 4.2050e-03, 
 2DIAGNOSTIC,   104, -4.982413636802e-01, 1.122898281192e-04, 1.2300e+00, 6.4442e-03, 
 2DIAGNOSTIC,   105, -4.996790714507e-01, 1.258851246425e-04, 1.2348e+00, 4.8130e-03, 
 2DIAGNOSTIC,   106, -4.999587505231e-01, 1.333509895956e-04, 1.2395e+00, 4.7400e-03, 
 2DIAGNOSTIC,   107, -5.000522189690e-01, 1.437710058398e-04, 1.2438e+00, 4.2489e-03, 
 2DIAGNOSTIC,   108, -5.002474519386e-01, 1.480764152876e-04, 1.2484e+00, 4.6749e-03, 
 2DIAGNOSTIC,   109, -5.005880411450e-01, 1.396757486585e-04, 1.2601e+00, 1.1711e-02, 
 2DIAGNOSTIC,   110, -5.007935747198e-01, 1.208768430710e-04, 1.2665e+00, 6.3388e-03, 
 2DIAGNOSTIC,   111, -5.011138460093e-01, 9.578093346736e-05, 1.2706e+00, 4.1351e-03, 
 2DIAGNOSTIC,   112, -5.014018464617e-01, 6.558146906106e-05, 1.2761e+00, 5.4932e-03, 
 2DIAGNOSTIC,   113, -5.020142175452e-01, 3.521044018247e-05, 1.2810e+00, 4.8749e-03, 
 2DIAGNOSTIC,   114, -5.024535178960e-01, 3.202814379749e-05, 1.2861e+00, 5.1072e-03, 
 2DIAGNOSTIC,   115, -5.029893999533e-01, 3.619226908397e-05, 1.2907e+00, 4.5791e-03, 
 2DIAGNOSTIC,   116, -5.030783765245e-01, 3.871729605936e-05, 1.2950e+00, 4.3581e-03, 
 2DIAGNOSTIC,   117, -5.031927096970e-01, 3.857219801919e-05, 1.2990e+00, 3.9978e-03, 
 2DIAGNOSTIC,   118, -5.032446202913e-01, 3.594392192360e-05, 1.3040e+00, 4.9949e-03, 
 2DIAGNOSTIC,   119, -5.032724173905e-01, 3.174163115185e-05, 1.3086e+00, 4.6279e-03, 
 2DIAGNOSTIC,   120, -5.032897974859e-01, 2.566347881092e-05, 1.3131e+00, 4.4849e-03, 
 2DIAGNOSTIC,   121, -5.035104887105e-01, 1.995073586042e-05, 1.3177e+00, 4.5550e-03, 
 2DIAGNOSTIC,   122, -5.034631120901e-01, 1.356551534088e-05, 1.3221e+00, 4.4470e-03, 
 2DIAGNOSTIC,   123, -5.034716242302e-01, 9.042987749537e-06, 1.3268e+00, 4.6701e-03, 
 2DIAGNOSTIC,   124, -5.034740891033e-01, 5.848378026059e-06, 1.3398e+00, 1.2977e-02, 
 2DIAGNOSTIC,   125, -5.034740890971e-01, 4.743127698223e-06, 1.3528e+00, 1.3043e-02, 
 2DIAGNOSTIC,   126, -5.034740890971e-01, 3.621783396159e-06, 1.3576e+00, 4.8029e-03, 
 2DIAGNOSTIC,   127, -5.034740890971e-01, 2.732461723136e-06, 1.3622e+00, 4.6201e-03, 
 2DIAGNOSTIC,   128, -5.034740890971e-01, 1.877424731957e-06, 1.3678e+00, 5.5950e-03, 
 2DIAGNOSTIC,   129, -5.034740890971e-01, 1.015992341412e-06, 1.3724e+00, 4.5800e-03, 
DIAGNOSTIC,Iteration,metricValue,convergenceValue,ITERATION_TIME_INDEX,SINCE_LAST
 2DIAGNOSTIC,     1, -4.076061876783e-01, 1.797693134862e+308, 2.0498e+00, 6.7742e-01, 
 2DIAGNOSTIC,     2, -4.080545592692e-01, 1.797693134862e+308, 2.0777e+00, 2.7865e-02, 
 2DIAGNOSTIC,     3, -4.084887493578e-01, 1.797693134862e+308, 2.1070e+00, 2.9329e-02, 
 2DIAGNOSTIC,     4, -4.091713781373e-01, 1.797693134862e+308, 2.1381e+00, 3.1025e-02, 
 2DIAGNOSTIC,     5, -4.097519649609e-01, 1.797693134862e+308, 2.1628e+00, 2.4755e-02, 
 2DIAGNOSTIC,     6, -4.108604924267e-01, 1.797693134862e+308, 2.1964e+00, 3.3620e-02, 
 2DIAGNOSTIC,     7, -4.110778787692e-01, 1.797693134862e+308, 2.2219e+00, 2.5508e-02, 
 2DIAGNOSTIC,     8, -4.114087497614e-01, 1.797693134862e+308, 2.2477e+00, 2.5737e-02, 
 2DIAGNOSTIC,     9, -4.119822672720e-01, 1.797693134862e+308, 2.2737e+00, 2.6039e-02, 
 2DIAGNOSTIC,    10, -4.138898135920e-01, 8.926223235680e-04, 2.3133e+00, 3.9603e-02, 
 2DIAGNOSTIC,    11, -4.143034316244e-01, 8.681235514018e-04, 2.3479e+00, 3.4606e-02, 
 2DIAGNOSTIC,    12, -4.143941360295e-01, 8.022384525762e-04, 2.3762e+00, 2.8289e-02, 
 2DIAGNOSTIC,    13, -4.152163146691e-01, 7.427236144351e-04, 2.4098e+00, 3.3619e-02, 
 2DIAGNOSTIC,    14, -4.164418810303e-01, 7.169194508568e-04, 2.4415e+00, 3.1637e-02, 
 2DIAGNOSTIC,    15, -4.170335716584e-01, 6.794238398009e-04, 2.4760e+00, 3.4572e-02, 
 2DIAGNOSTIC,    16, -4.170790165091e-01, 6.344878616527e-04, 2.5079e+00, 3.1816e-02, 
 2DIAGNOSTIC,    17, -4.171008714231e-01, 5.483530322796e-04, 2.5391e+00, 3.1203e-02, 
 2DIAGNOSTIC,    18, -4.171576333942e-01, 4.364125441897e-04, 2.5838e+00, 4.4777e-02, 
 2DIAGNOSTIC,    19, -4.171586089239e-01, 3.142124492175e-04, 2.6139e+00, 3.0095e-02, 
 2DIAGNOSTIC,    20, -4.171884779576e-01, 2.415578008504e-04, 2.6470e+00, 3.3048e-02, 
 2DIAGNOSTIC,    21, -4.171999862569e-01, 1.682533355785e-04, 2.6836e+00, 3.6591e-02, 
 2DIAGNOSTIC,    22, -4.171985989359e-01, 8.890401239830e-05, 2.7112e+00, 2.7626e-02, 
 2DIAGNOSTIC,    23, -4.172247721693e-01, 3.284197700736e-05, 2.7418e+00, 3.0571e-02, 
 2DIAGNOSTIC,    24, -4.172564570544e-01, 1.402516063024e-05, 2.7697e+00, 2.7889e-02, 
 2DIAGNOSTIC,    25, -4.172907264861e-01, 1.268530999549e-05, 2.7972e+00, 2.7572e-02, 
 2DIAGNOSTIC,    26, -4.173082066375e-01, 1.202725638950e-05, 2.8302e+00, 3.2966e-02, 
 2DIAGNOSTIC,    27, -4.173326082514e-01, 1.155622443021e-05, 2.8601e+00, 2.9868e-02, 
 2DIAGNOSTIC,    28, -4.173380646149e-01, 1.166606209078e-05, 2.9470e+00, 8.6890e-02, 
 2DIAGNOSTIC,    29, -4.173380645577e-01, 1.077232887309e-05, 3.0372e+00, 9.0280e-02, 
 2DIAGNOSTIC,    30, -4.173380645577e-01, 9.702114817149e-06, 3.0736e+00, 3.6356e-02, 
 2DIAGNOSTIC,    31, -4.173380645577e-01, 8.148466631240e-06, 3.1043e+00, 3.0673e-02, 
 2DIAGNOSTIC,    32, -4.173380645577e-01, 5.982083159273e-06, 3.1474e+00, 4.3116e-02, 
 2DIAGNOSTIC,    33, -4.173380645577e-01, 4.010509238532e-06, 3.1796e+00, 3.2241e-02, 
 2DIAGNOSTIC,    34, -4.173380645577e-01, 2.497320282666e-06, 3.2107e+00, 3.1120e-02, 
 2DIAGNOSTIC,    35, -4.173380645577e-01, 1.591475475991e-06, 3.2421e+00, 3.1309e-02, 
DIAGNOSTIC,Iteration,metricValue,convergenceValue,ITERATION_TIME_INDEX,SINCE_LAST
 2DIAGNOSTIC,     1, -3.575954995929e-01, 1.797693134862e+308, 4.3152e+00, 1.0731e+00, 
 2DIAGNOSTIC,     2, -3.577881089696e-01, 1.797693134862e+308, 4.5451e+00, 2.2993e-01, 
 2DIAGNOSTIC,     3, -3.579813771862e-01, 1.797693134862e+308, 4.7646e+00, 2.1947e-01, 
 2DIAGNOSTIC,     4, -3.581724669478e-01, 1.797693134862e+308, 4.9882e+00, 2.2364e-01, 
 2DIAGNOSTIC,     5, -3.583552422656e-01, 1.797693134862e+308, 5.2138e+00, 2.2555e-01, 
 2DIAGNOSTIC,     6, -3.584617898636e-01, 1.797693134862e+308, 5.4671e+00, 2.5331e-01, 
 2DIAGNOSTIC,     7, -3.587541155250e-01, 1.797693134862e+308, 5.7561e+00, 2.8901e-01, 
 2DIAGNOSTIC,     8, -3.587642685371e-01, 1.797693134862e+308, 6.0198e+00, 2.6377e-01, 
 2DIAGNOSTIC,     9, -3.587734642556e-01, 1.797693134862e+308, 6.3065e+00, 2.8670e-01, 
 2DIAGNOSTIC,    10, -3.587851653084e-01, 2.323375105912e-04, 6.5948e+00, 2.8829e-01, 
 2DIAGNOSTIC,    11, -3.587873710102e-01, 1.732284219066e-04, 6.8526e+00, 2.5781e-01, 
 2DIAGNOSTIC,    12, -3.587857923678e-01, 1.209763160438e-04, 7.1170e+00, 2.6434e-01, 
 2DIAGNOSTIC,    13, -3.587867202077e-01, 7.777495378321e-05, 7.4255e+00, 3.0848e-01, 
 2DIAGNOSTIC,    14, -3.587854306223e-01, 4.469006835321e-05, 7.7178e+00, 2.9229e-01, 
 2DIAGNOSTIC,    15, -3.587861148440e-01, 2.186646438171e-05, 7.9683e+00, 2.5059e-01, 
 2DIAGNOSTIC,    16, -3.587854836237e-01, 4.928782595379e-06, 8.2164e+00, 2.4807e-01, 
 2DIAGNOSTIC,    17, -3.587848537354e-01, 3.318030853815e-06, 8.4912e+00, 2.7476e-01, 
 2DIAGNOSTIC,    18, -3.587848722401e-01, 2.197697313903e-06, 8.7287e+00, 2.3755e-01, 
 2DIAGNOSTIC,    19, -3.587835867850e-01, 1.471523813010e-06, 8.9659e+00, 2.3714e-01, 
 2DIAGNOSTIC,    20, -3.587829409249e-01, 1.273310175749e-06, 9.2163e+00, 2.5041e-01, 
 2DIAGNOSTIC,    21, -3.587809967294e-01, 1.135352300619e-06, 9.5239e+00, 3.0762e-01, 
DIAGNOSTIC,Iteration,metricValue,convergenceValue,ITERATION_TIME_INDEX,SINCE_LAST
 2DIAGNOSTIC,     1, -3.296145107341e-01, 1.797693134862e+308, 1.1901e+01, 2.3766e+00, 
 2DIAGNOSTIC,     2, -3.298669226932e-01, 1.797693134862e+308, 1.3329e+01, 1.4287e+00, 
 2DIAGNOSTIC,     3, -3.303124120581e-01, 1.797693134862e+308, 1.4596e+01, 1.2666e+00, 
 2DIAGNOSTIC,     4, -3.306543752138e-01, 1.797693134862e+308, 1.5850e+01, 1.2539e+00, 
 2DIAGNOSTIC,     5, -3.309410135415e-01, 1.797693134862e+308, 1.7112e+01, 1.2623e+00, 
 2DIAGNOSTIC,     6, -3.313755567684e-01, 1.797693134862e+308, 1.8581e+01, 1.4685e+00, 
 2DIAGNOSTIC,     7, -3.314840021622e-01, 1.797693134862e+308, 2.0146e+01, 1.5659e+00, 
 2DIAGNOSTIC,     8, -3.315048325096e-01, 1.797693134862e+308, 2.1732e+01, 1.5857e+00, 
 2DIAGNOSTIC,     9, -3.315092184291e-01, 1.797693134862e+308, 2.3321e+01, 1.5890e+00, 
 2DIAGNOSTIC,    10, -3.315137850626e-01, 4.009069250525e-04, 2.4917e+01, 1.5964e+00, 
 2DIAGNOSTIC,    11, -3.315172029639e-01, 2.824846340043e-04, 2.6679e+01, 1.7618e+00, 
 2DIAGNOSTIC,    12, -3.315171084645e-01, 1.762849348740e-04, 2.8265e+01, 1.5861e+00, 
 2DIAGNOSTIC,    13, -3.315165936666e-01, 1.001659573261e-04, 3.0090e+01, 1.8250e+00, 
 2DIAGNOSTIC,    14, -3.315167451360e-01, 4.695983504605e-05, 3.2366e+01, 2.2752e+00, 
 2DIAGNOSTIC,    15, -3.315165602314e-01, 1.254510750998e-05, 3.4157e+01, 1.7916e+00, 
 2DIAGNOSTIC,    16, -3.315163856050e-01, 4.630377422557e-06, 3.5585e+01, 1.4282e+00, 
 2DIAGNOSTIC,    17, -3.315163474367e-01, 2.854041325821e-06, 3.6895e+01, 1.3091e+00, 
 2DIAGNOSTIC,    18, -3.315162605946e-01, 2.173219147923e-06, 3.8312e+01, 1.4175e+00, 
 2DIAGNOSTIC,    19, -3.315162957126e-01, 1.722217614360e-06, 3.9787e+01, 1.4754e+00, 
 2DIAGNOSTIC,    20, -3.315161767010e-01, 1.498296448903e-06, 4.1226e+01, 1.4388e+00, 
 2DIAGNOSTIC,    21, -3.315159963169e-01, 1.436953499148e-06, 4.2722e+01, 1.4959e+00, 
 2DIAGNOSTIC,    22, -3.315159534863e-01, 1.383990469679e-06, 4.3979e+01, 1.2569e+00, 
 2DIAGNOSTIC,    23, -3.315159302011e-01, 1.321070400052e-06, 4.5801e+01, 1.8221e+00, 
 2DIAGNOSTIC,    24, -3.315159490434e-01, 1.275402626288e-06, 4.7402e+01, 1.6009e+00, 
 2DIAGNOSTIC,    25, -3.315158198104e-01, 1.227549422153e-06, 4.9006e+01, 1.6036e+00, 
 2DIAGNOSTIC,    26, -3.315156221372e-01, 1.175663132812e-06, 5.0432e+01, 1.4263e+00, 
 2DIAGNOSTIC,    27, -3.315156460823e-01, 1.131976267971e-06, 5.1854e+01, 1.4221e+00, 
 2DIAGNOSTIC,    28, -3.315155445400e-01, 1.089765391940e-06, 5.3281e+01, 1.4274e+00, 
 2DIAGNOSTIC,    29, -3.315156130017e-01, 1.058000760418e-06, 5.5073e+01, 1.7915e+00, 
 2DIAGNOSTIC,    30, -3.315155033549e-01, 1.025687046519e-06, 5.6619e+01, 1.5460e+00, 
  Elapsed time (stage 0): 5.7423e+01


Total elapsed time: 5.7426e+01
Info [verificarlo]: loaded backend libinterflop_vprec.so
Info [interflop-vprec]: load backend with: 
Info [interflop-vprec]: precision-binary32 = 23
Info [interflop-vprec]: range-binary32 = 7
Info [interflop-vprec]: precision-binary64 = 23
Info [interflop-vprec]: range-binary64 = 7
Info [interflop-vprec]: mode = ob
Info [interflop-vprec]: error-mode = rel
Info [interflop-vprec]: max-abs-error-exponent = -1022
Info [interflop-vprec]: daz = false
Info [interflop-vprec]: ftz = false
Info [interflop-vprec]: 	instrument = none
Info [interflop-vprec]: 	prec-input-file = (null)
Info [interflop-vprec]: 	prec-output-file = (null)
Info [interflop-vprec]: 	prec-log-file = (null)
All_Command_lines_OK
Using double precision for computations.
=============================================================================
The composite transform comprises the following transforms (in order): 
  1. /home/mdugre/scratch/mri-registration-rp/datasets/ds004513/derivatives/mri-registration-rp/0011/antsRegistration-r7-p23/sub-s020/rigid_Composite.h5[0] (type = Euler3DTransform)
  2. /home/mdugre/scratch/mri-registration-rp/datasets/ds004513/derivatives/mri-registration-rp/0011/antsRegistration-r7-p23/sub-s020/rigid_Composite.h5[1] (type = Euler3DTransform)
  3. /home/mdugre/scratch/mri-registration-rp/datasets/ds004513/derivatives/mri-registration-rp/0011/antsRegistration-r7-p23/sub-s020/rigid_Composite.h5[2] (type = Euler3DTransform)
=============================================================================
  number of levels = 4
  fixed image: /templateflow/tpl-MNI152NLin2009cAsym/tpl-MNI152NLin2009cAsym_res-01_desc-brain_T1w.nii.gz
  moving image: /home/mdugre/scratch/mri-registration-rp/datasets/ds004513/derivatives/mri-registration-rp/antsBrainExtraction/sub-s020/BrainExtractionBrain.nii.gz
Dimension = 3
Number of stages = 1
Use histogram matching = false
Winsorize image intensities = true
  Lower quantile = 0.005
  Upper quantile = 0.995


Stage 1 State
   Image metric = MattesMI
     Fixed image = Image (0x4b6f490)
  RTTI typeinfo:   itk::Image<double, 3u>
  Reference Count: 2
  Modified Time: 1594
  Debug: Off
  Object Name: 
  Observers: 
    none
  Source: (none)
  Source output name: (none)
  Release Data: Off
  Data Released: False
  Global Release Data: Off
  PipelineMTime: 0
  UpdateMTime: 1203
  RealTimeStamp: 0 seconds 
  LargestPossibleRegion: 
    Dimension: 3
    Index: [0, 0, 0]
    Size: [193, 229, 193]
  BufferedRegion: 
    Dimension: 3
    Index: [0, 0, 0]
    Size: [193, 229, 193]
  RequestedRegion: 
    Dimension: 3
    Index: [0, 0, 0]
    Size: [193, 229, 193]
  Spacing: [1, 1, 1]
  Origin: [96, 132, -78]
  Direction: 
-1 0 0
0 -1 0
0 0 1

  IndexToPointMatrix: 
-1 0 0
0 -1 0
0 0 1

  PointToIndexMatrix: 
-1 0 0
0 -1 0
0 0 1

  Inverse Direction: 
-1 0 0
0 -1 0
0 0 1

  PixelContainer: 
    ImportImageContainer (0x4c3a8c0)
      RTTI typeinfo:   itk::ImportImageContainer<unsigned long, double>
      Reference Count: 1
      Modified Time: 1200
      Debug: Off
      Object Name: 
      Observers: 
        none
      Pointer: 0x145c84ed4010
      Container manages memory: true
      Size: 8530021
      Capacity: 8530021

     Moving image = Image (0x4c2ab60)
  RTTI typeinfo:   itk::Image<double, 3u>
  Reference Count: 2
  Modified Time: 1595
  Debug: Off
  Object Name: 
  Observers: 
    none
  Source: (none)
  Source output name: (none)
  Release Data: Off
  Data Released: False
  Global Release Data: Off
  PipelineMTime: 0
  UpdateMTime: 1592
  RealTimeStamp: 0 seconds 
  LargestPossibleRegion: 
    Dimension: 3
    Index: [0, 0, 0]
    Size: [160, 240, 256]
  BufferedRegion: 
    Dimension: 3
    Index: [0, 0, 0]
    Size: [160, 240, 256]
  RequestedRegion: 
    Dimension: 3
    Index: [0, 0, 0]
    Size: [160, 240, 256]
  Spacing: [0.999995, 1, 1]
  Origin: [87.0906, 98.7205, -152.377]
  Direction: 
-0.996975 0.0261379 -0.0731912
-0.0260677 -0.999658 -0.00191374
-0.0732163 -2.46403e-08 0.997316

  IndexToPointMatrix: 
-0.996971 0.0261379 -0.0731912
-0.0260676 -0.999658 -0.00191374
-0.0732159 -2.46403e-08 0.997316

  PointToIndexMatrix: 
-0.99698 -0.0260679 -0.0732166
0.0261379 -0.999658 -8.19564e-08
-0.0731913 -0.00191373 0.997316

  Inverse Direction: 
-0.996975 -0.0260677 -0.0732163
0.0261379 -0.999659 8.9407e-08
-0.0731913 -0.00191379 0.997316

  PixelContainer: 
    ImportImageContainer (0x4cbe1d0)
      RTTI typeinfo:   itk::ImportImageContainer<unsigned long, double>
      Reference Count: 1
      Modified Time: 1589
      Debug: Off
      Object Name: 
      Observers: 
        none
      Pointer: 0x145c803d3010
      Container manages memory: true
      Size: 9830400
      Capacity: 9830400

     Weighting = 1
     Sampling strategy = regular
     Number of bins = 32
     Radius = 4
     Sampling percentage  = 0.25
   Transform = Affine
     Gradient step = 0.1
     Update field sigma (voxel space) = 0
     Total field sigma (voxel space) = 0
     Update field time sigma = 0
     Total field time sigma  = 0
     Number of time indices = 0
     Number of time point samples = 0
Registration using 1 total stages.

Stage 0
  iterations = 1000x500x250x100
  convergence threshold = 1e-06
  convergence window size = 10
  number of levels = 4
  using the Mattes MI metric (number of bins = 32, weight = 1, use gradient filter = 0)
  preprocessing:  winsorizing the image intensities
  Shrink factors (level 1 out of 4): [8, 8, 8]
  Shrink factors (level 2 out of 4): [4, 4, 4]
  Shrink factors (level 3 out of 4): [2, 2, 2]
  Shrink factors (level 4 out of 4): [1, 1, 1]
  smoothing sigmas per level: [3, 2, 1, 0]
  regular sampling (percentage = 0.25)

*** Running AffineTransform registration ***

DIAGNOSTIC,Iteration,metricValue,convergenceValue,ITERATION_TIME_INDEX,SINCE_LAST
 2DIAGNOSTIC,     1, -5.004452442116e-01, 1.797693134862e+308, 0.0000e+00, 0.0000e+00, 
 2DIAGNOSTIC,     2, -5.021481144157e-01, 1.797693134862e+308, 0.0000e+00, 0.0000e+00, 
 2DIAGNOSTIC,     3, -5.049425767998e-01, 1.797693134862e+308, 0.0000e+00, 0.0000e+00, 
 2DIAGNOSTIC,     4, -5.096051196316e-01, 1.797693134862e+308, 0.0000e+00, 0.0000e+00, 
 2DIAGNOSTIC,     5, -5.191550893972e-01, 1.797693134862e+308, 0.0000e+00, 0.0000e+00, 
 2DIAGNOSTIC,     6, -5.381754699731e-01, 1.797693134862e+308, 0.0000e+00, 0.0000e+00, 
 2DIAGNOSTIC,     7, -5.668875630241e-01, 1.797693134862e+308, 0.0000e+00, 0.0000e+00, 
 2DIAGNOSTIC,     8, -6.388903094025e-01, 1.797693134862e+308, 0.0000e+00, 0.0000e+00, 
 2DIAGNOSTIC,     9, -6.737630854872e-01, 1.797693134862e+308, 0.0000e+00, 0.0000e+00, 
 2DIAGNOSTIC,    10, -7.279895136618e-01, 2.508287279115e-02, 0.0000e+00, 0.0000e+00, 
 2DIAGNOSTIC,    11, -7.438061008151e-01, 2.708936847343e-02, 0.0000e+00, 0.0000e+00, 
 2DIAGNOSTIC,    12, -7.491558308553e-01, 2.656766138122e-02, 0.0000e+00, 0.0000e+00, 
 2DIAGNOSTIC,    13, -7.631463445233e-01, 2.434224039465e-02, 0.0000e+00, 0.0000e+00, 
 2DIAGNOSTIC,    14, -7.822656378114e-01, 2.104233514688e-02, 0.0000e+00, 0.0000e+00, 
 2DIAGNOSTIC,    15, -8.002391646596e-01, 1.717524401100e-02, 0.0000e+00, 0.0000e+00, 
 2DIAGNOSTIC,    16, -8.318406194655e-01, 1.371214972940e-02, 0.0000e+00, 0.0000e+00, 
 2DIAGNOSTIC,    17, -8.418830586877e-01, 1.046432269672e-02, 0.0000e+00, 0.0000e+00, 
 2DIAGNOSTIC,    18, -8.470974774109e-01, 8.537986405431e-03, 0.0000e+00, 0.0000e+00, 
 2DIAGNOSTIC,    19, -8.475005748806e-01, 6.835289715082e-03, 0.0000e+00, 0.0000e+00, 
 2DIAGNOSTIC,    20, -8.475822739321e-01, 5.830052324696e-03, 0.0000e+00, 0.0000e+00, 
 2DIAGNOSTIC,    21, -8.479258705791e-01, 4.715165700775e-03, 0.0000e+00, 0.0000e+00, 
 2DIAGNOSTIC,    22, -8.478694700706e-01, 3.381131216623e-03, 0.0000e+00, 0.0000e+00, 
 2DIAGNOSTIC,    23, -8.478360621382e-01, 2.117481125642e-03, 0.0000e+00, 0.0000e+00, 
 2DIAGNOSTIC,    24, -8.475467736218e-01, 1.094830088152e-03, 0.0000e+00, 0.0000e+00, 
 2DIAGNOSTIC,    25, -8.473132668657e-01, 3.361902617426e-04, 0.0000e+00, 0.0000e+00, 
 2DIAGNOSTIC,    26, -8.475133591962e-01, 9.143072927761e-05, 0.0000e+00, 0.0000e+00, 
 2DIAGNOSTIC,    27, -8.474753070081e-01, 1.625499237823e-06, 0.0000e+00, 0.0000e+00, 
DIAGNOSTIC,Iteration,metricValue,convergenceValue,ITERATION_TIME_INDEX,SINCE_LAST
 2DIAGNOSTIC,     1, -7.107905379508e-01, 1.797693134862e+308, 0.0000e+00, 0.0000e+00, 
 2DIAGNOSTIC,     2, -7.113579291310e-01, 1.797693134862e+308, 0.0000e+00, 0.0000e+00, 
 2DIAGNOSTIC,     3, -7.120216944774e-01, 1.797693134862e+308, 0.0000e+00, 0.0000e+00, 
 2DIAGNOSTIC,     4, -7.124361110839e-01, 1.797693134862e+308, 0.0000e+00, 0.0000e+00, 
 2DIAGNOSTIC,     5, -7.126812363953e-01, 1.797693134862e+308, 0.0000e+00, 0.0000e+00, 
 2DIAGNOSTIC,     6, -7.127848997696e-01, 1.797693134862e+308, 0.0000e+00, 0.0000e+00, 
 2DIAGNOSTIC,     7, -7.128818904758e-01, 1.797693134862e+308, 0.0000e+00, 0.0000e+00, 
 2DIAGNOSTIC,     8, -7.128948274927e-01, 1.797693134862e+308, 0.0000e+00, 0.0000e+00, 
 2DIAGNOSTIC,     9, -7.135388997862e-01, 1.797693134862e+308, 0.0000e+00, 0.0000e+00, 
 2DIAGNOSTIC,    10, -7.141638500068e-01, 2.471555802237e-04, 0.0000e+00, 0.0000e+00, 
 2DIAGNOSTIC,    11, -7.152106661971e-01, 2.426392913105e-04, 0.0000e+00, 0.0000e+00, 
 2DIAGNOSTIC,    12, -7.152140882589e-01, 2.355508907483e-04, 0.0000e+00, 0.0000e+00, 
 2DIAGNOSTIC,    13, -7.152555466221e-01, 2.305322394775e-04, 0.0000e+00, 0.0000e+00, 
 2DIAGNOSTIC,    14, -7.152445080748e-01, 2.169569579507e-04, 0.0000e+00, 0.0000e+00, 
 2DIAGNOSTIC,    15, -7.152571319062e-01, 1.919776321652e-04, 0.0000e+00, 0.0000e+00, 
