
##########################
# Experiment information #
##########################

EXPERIMENT_NAME: antsRegistration-r7-p22
VFC_BACKENDS: libinterflop_vprec.so --range-binary32=7 --precision-binary32=22 --range-binary64=7 --precision-binary64=22

SIF_IMG: /home/mdugre/projects/rrg-glatard/mdugre/containers/ants-vprec-no_metrics.simg

SUBJECT_ID: s037
INPUT_IMG: /home/mdugre/scratch/mri-registration-rp/datasets/ds004513/derivatives/mri-registration-rp/antsBrainExtraction/sub-s037/BrainExtractionBrain.nii.gz
OUTPUT_DIR: /home/mdugre/scratch/mri-registration-rp/datasets/ds004513/derivatives/mri-registration-rp/0011/antsRegistration-r7-p22/sub-s037

FIXED_IMG: /templateflow/tpl-MNI152NLin2009cAsym/tpl-MNI152NLin2009cAsym_res-01_desc-brain_T1w.nii.gz
DATA_DIR: /home/mdugre/scratch/mri-registration-rp/datasets/ds004513
TEMPLATEFLOW_DIR: /home/mdugre/projects/rrg-glatard/mdugre/templateflow
ITK_GLOBAL_DEFAULT_NUMBER_OF_THREADS: 16
##########################

Info [verificarlo]: loaded backend libinterflop_ieee.so
Info [interflop-ieee]: load backend with:
Info [interflop-ieee]: debug = false
Info [interflop-ieee]: debug-binary = false
Info [interflop-ieee]: no-backend-name = false
Info [interflop-ieee]: print-new-line = false
Info [interflop-ieee]: print-subnormal-normalized = false
Info [interflop-ieee]: count-op = false
All_Command_lines_OK
Using double precision for computations.
=============================================================================
The composite transform comprises the following transforms (in order): 
  1. Center of mass alignment using fixed image: /templateflow/tpl-MNI152NLin2009cAsym/tpl-MNI152NLin2009cAsym_res-01_desc-brain_T1w.nii.gz and moving image: /home/mdugre/scratch/mri-registration-rp/datasets/ds004513/derivatives/mri-registration-rp/antsBrainExtraction/sub-s037/BrainExtractionBrain.nii.gz (type = Euler3DTransform)
=============================================================================
  number of levels = 1
  fixed image: /templateflow/tpl-MNI152NLin2009cAsym/tpl-MNI152NLin2009cAsym_res-01_desc-brain_T1w.nii.gz
  moving image: /home/mdugre/scratch/mri-registration-rp/datasets/ds004513/derivatives/mri-registration-rp/antsBrainExtraction/sub-s037/BrainExtractionBrain.nii.gz
Dimension = 3
Number of stages = 1
Use histogram matching = false
Winsorize image intensities = true
  Lower quantile = 0.005
  Upper quantile = 0.995


Stage 1 State
   Image metric = MattesMI
     Fixed image = Image (0x4532e70)
  RTTI typeinfo:   itk::Image<double, 3u>
  Reference Count: 2
  Modified Time: 2330
  Debug: Off
  Object Name: 
  Observers: 
    none
  Source: (none)
  Source output name: (none)
  Release Data: Off
  Data Released: False
  Global Release Data: Off
  PipelineMTime: 0
  UpdateMTime: 1941
  RealTimeStamp: 0 seconds 
  LargestPossibleRegion: 
    Dimension: 3
    Index: [0, 0, 0]
    Size: [193, 229, 193]
  BufferedRegion: 
    Dimension: 3
    Index: [0, 0, 0]
    Size: [193, 229, 193]
  RequestedRegion: 
    Dimension: 3
    Index: [0, 0, 0]
    Size: [193, 229, 193]
  Spacing: [1, 1, 1]
  Origin: [96, 132, -78]
  Direction: 
-1 0 0
0 -1 0
0 0 1

  IndexToPointMatrix: 
-1 0 0
0 -1 0
0 0 1

  PointToIndexMatrix: 
-1 0 0
0 -1 0
0 0 1

  Inverse Direction: 
-1 0 0
0 -1 0
0 0 1

  PixelContainer: 
    ImportImageContainer (0x453bc60)
      RTTI typeinfo:   itk::ImportImageContainer<unsigned long, double>
      Reference Count: 1
      Modified Time: 1938
      Debug: Off
      Object Name: 
      Observers: 
        none
      Pointer: 0x1554d50ef010
      Container manages memory: true
      Size: 8530021
      Capacity: 8530021

     Moving image = Image (0x45cfec0)
  RTTI typeinfo:   itk::Image<double, 3u>
  Reference Count: 2
  Modified Time: 2331
  Debug: Off
  Object Name: 
  Observers: 
    none
  Source: (none)
  Source output name: (none)
  Release Data: Off
  Data Released: False
  Global Release Data: Off
  PipelineMTime: 0
  UpdateMTime: 2328
  RealTimeStamp: 0 seconds 
  LargestPossibleRegion: 
    Dimension: 3
    Index: [0, 0, 0]
    Size: [160, 240, 256]
  BufferedRegion: 
    Dimension: 3
    Index: [0, 0, 0]
    Size: [160, 240, 256]
  RequestedRegion: 
    Dimension: 3
    Index: [0, 0, 0]
    Size: [160, 240, 256]
  Spacing: [1, 1, 1]
  Origin: [87.9508, 102.562, -147.639]
  Direction: 
-0.998659 -0.0436121 -0.0279129
0.043595 -0.999049 0.00121847
-0.0279395 -2.65543e-08 0.99961

  IndexToPointMatrix: 
-0.998659 -0.0436121 -0.0279129
0.043595 -0.999049 0.00121847
-0.0279395 -2.65543e-08 0.99961

  PointToIndexMatrix: 
-0.998659 0.043595 -0.0279395
-0.0436121 -0.999049 -2.65517e-08
-0.0279129 0.00121847 0.99961

  Inverse Direction: 
-0.998659 0.043595 -0.0279395
-0.0436121 -0.999049 -2.65517e-08
-0.0279129 0.00121847 0.99961

  PixelContainer: 
    ImportImageContainer (0x4667610)
      RTTI typeinfo:   itk::ImportImageContainer<unsigned long, double>
      Reference Count: 1
      Modified Time: 2325
      Debug: Off
      Object Name: 
      Observers: 
        none
      Pointer: 0x1554d05ee010
      Container manages memory: true
      Size: 9830400
      Capacity: 9830400

     Weighting = 1
     Sampling strategy = regular
     Number of bins = 32
     Radius = 4
     Sampling percentage  = 0.25
   Transform = Rigid
     Gradient step = 0.1
     Update field sigma (voxel space) = 0
     Total field sigma (voxel space) = 0
     Update field time sigma = 0
     Total field time sigma  = 0
     Number of time indices = 0
     Number of time point samples = 0
Registration using 1 total stages.

Stage 0
  iterations = 0
  convergence threshold = 1e-06
  convergence window size = 10
  number of levels = 1
  using the Mattes MI metric (number of bins = 32, weight = 1, use gradient filter = 0)
  preprocessing:  winsorizing the image intensities
  Shrink factors (level 1 out of 1): [1, 1, 1]
  smoothing sigmas per level: [0]
  regular sampling (percentage = 0.25)

*** Running Euler3DTransform registration ***

  Elapsed time (stage 0): 1.10371


Total elapsed time: 1.10631
Info [verificarlo]: loaded backend libinterflop_ieee.so
Info [interflop-ieee]: load backend with:
Info [interflop-ieee]: debug = false
Info [interflop-ieee]: debug-binary = false
Info [interflop-ieee]: no-backend-name = false
Info [interflop-ieee]: print-new-line = false
Info [interflop-ieee]: print-subnormal-normalized = false
Info [interflop-ieee]: count-op = false
All_Command_lines_OK
Using double precision for computations.
=============================================================================
The composite transform comprises the following transforms (in order): 
  1. /home/mdugre/scratch/mri-registration-rp/datasets/ds004513/derivatives/mri-registration-rp/0011/antsRegistration-r7-p22/sub-s037/align_Composite.h5[0] (type = Euler3DTransform)
  2. /home/mdugre/scratch/mri-registration-rp/datasets/ds004513/derivatives/mri-registration-rp/0011/antsRegistration-r7-p22/sub-s037/align_Composite.h5[1] (type = Euler3DTransform)
=============================================================================
  number of levels = 4
  fixed image: /templateflow/tpl-MNI152NLin2009cAsym/tpl-MNI152NLin2009cAsym_res-01_desc-brain_T1w.nii.gz
  moving image: /home/mdugre/scratch/mri-registration-rp/datasets/ds004513/derivatives/mri-registration-rp/antsBrainExtraction/sub-s037/BrainExtractionBrain.nii.gz
Dimension = 3
Number of stages = 1
Use histogram matching = false
Winsorize image intensities = true
  Lower quantile = 0.005
  Upper quantile = 0.995


Stage 1 State
   Image metric = MattesMI
     Fixed image = Image (0x4e24530)
  RTTI typeinfo:   itk::Image<double, 3u>
  Reference Count: 2
  Modified Time: 1578
  Debug: Off
  Object Name: 
  Observers: 
    none
  Source: (none)
  Source output name: (none)
  Release Data: Off
  Data Released: False
  Global Release Data: Off
  PipelineMTime: 0
  UpdateMTime: 1189
  RealTimeStamp: 0 seconds 
  LargestPossibleRegion: 
    Dimension: 3
    Index: [0, 0, 0]
    Size: [193, 229, 193]
  BufferedRegion: 
    Dimension: 3
    Index: [0, 0, 0]
    Size: [193, 229, 193]
  RequestedRegion: 
    Dimension: 3
    Index: [0, 0, 0]
    Size: [193, 229, 193]
  Spacing: [1, 1, 1]
  Origin: [96, 132, -78]
  Direction: 
-1 0 0
0 -1 0
0 0 1

  IndexToPointMatrix: 
-1 0 0
0 -1 0
0 0 1

  PointToIndexMatrix: 
-1 0 0
0 -1 0
0 0 1

  Inverse Direction: 
-1 0 0
0 -1 0
0 0 1

  PixelContainer: 
    ImportImageContainer (0x4ee2d60)
      RTTI typeinfo:   itk::ImportImageContainer<unsigned long, double>
      Reference Count: 1
      Modified Time: 1186
      Debug: Off
      Object Name: 
      Observers: 
        none
      Pointer: 0x1456b20ed010
      Container manages memory: true
      Size: 8530021
      Capacity: 8530021

     Moving image = Image (0x4ed4f60)
  RTTI typeinfo:   itk::Image<double, 3u>
  Reference Count: 2
  Modified Time: 1579
  Debug: Off
  Object Name: 
  Observers: 
    none
  Source: (none)
  Source output name: (none)
  Release Data: Off
  Data Released: False
  Global Release Data: Off
  PipelineMTime: 0
  UpdateMTime: 1576
  RealTimeStamp: 0 seconds 
  LargestPossibleRegion: 
    Dimension: 3
    Index: [0, 0, 0]
    Size: [160, 240, 256]
  BufferedRegion: 
    Dimension: 3
    Index: [0, 0, 0]
    Size: [160, 240, 256]
  RequestedRegion: 
    Dimension: 3
    Index: [0, 0, 0]
    Size: [160, 240, 256]
  Spacing: [1, 1, 1]
  Origin: [87.9508, 102.562, -147.639]
  Direction: 
-0.998659 -0.0436121 -0.0279129
0.043595 -0.999049 0.00121847
-0.0279395 -2.65543e-08 0.99961

  IndexToPointMatrix: 
-0.998659 -0.0436121 -0.0279129
0.043595 -0.999049 0.00121847
-0.0279395 -2.65543e-08 0.99961

  PointToIndexMatrix: 
-0.998659 0.043595 -0.0279395
-0.0436121 -0.999049 -2.65517e-08
-0.0279129 0.00121847 0.99961

  Inverse Direction: 
-0.998659 0.043595 -0.0279395
-0.0436121 -0.999049 -2.65517e-08
-0.0279129 0.00121847 0.99961

  PixelContainer: 
    ImportImageContainer (0x4ec66d0)
      RTTI typeinfo:   itk::ImportImageContainer<unsigned long, double>
      Reference Count: 1
      Modified Time: 1573
      Debug: Off
      Object Name: 
      Observers: 
        none
      Pointer: 0x1456ad5ec010
      Container manages memory: true
      Size: 9830400
      Capacity: 9830400

     Weighting = 1
     Sampling strategy = regular
     Number of bins = 32
     Radius = 4
     Sampling percentage  = 0.25
   Transform = Rigid
     Gradient step = 0.1
     Update field sigma (voxel space) = 0
     Total field sigma (voxel space) = 0
     Update field time sigma = 0
     Total field time sigma  = 0
     Number of time indices = 0
     Number of time point samples = 0
Registration using 1 total stages.

Stage 0
  iterations = 1000x500x250x100
  convergence threshold = 1e-06
  convergence window size = 10
  number of levels = 4
  using the Mattes MI metric (number of bins = 32, weight = 1, use gradient filter = 0)
  preprocessing:  winsorizing the image intensities
  Shrink factors (level 1 out of 4): [8, 8, 8]
  Shrink factors (level 2 out of 4): [4, 4, 4]
  Shrink factors (level 3 out of 4): [2, 2, 2]
  Shrink factors (level 4 out of 4): [1, 1, 1]
  smoothing sigmas per level: [3, 2, 1, 0]
  regular sampling (percentage = 0.25)

*** Running Euler3DTransform registration ***

DIAGNOSTIC,Iteration,metricValue,convergenceValue,ITERATION_TIME_INDEX,SINCE_LAST
 2DIAGNOSTIC,     1, -4.299060189477e-01, 1.797693134862e+308, 8.0899e-01, 8.0899e-01, 
 2DIAGNOSTIC,     2, -4.311703807429e-01, 1.797693134862e+308, 8.1330e-01, 4.3180e-03, 
 2DIAGNOSTIC,     3, -4.334997061176e-01, 1.797693134862e+308, 8.1754e-01, 4.2391e-03, 
 2DIAGNOSTIC,     4, -4.389575130370e-01, 1.797693134862e+308, 8.2144e-01, 3.8960e-03, 
 2DIAGNOSTIC,     5, -4.438813134482e-01, 1.797693134862e+308, 8.2532e-01, 3.8850e-03, 
 2DIAGNOSTIC,     6, -4.461495460377e-01, 1.797693134862e+308, 8.2923e-01, 3.9039e-03, 
 2DIAGNOSTIC,     7, -4.511407144429e-01, 1.797693134862e+308, 8.3364e-01, 4.4110e-03, 
 2DIAGNOSTIC,     8, -4.667812032718e-01, 1.797693134862e+308, 8.3845e-01, 4.8120e-03, 
 2DIAGNOSTIC,     9, -4.753090114372e-01, 1.797693134862e+308, 8.4274e-01, 4.2930e-03, 
 2DIAGNOSTIC,    10, -4.802481719655e-01, 7.481707542057e-03, 8.4751e-01, 4.7629e-03, 
 2DIAGNOSTIC,    11, -4.821261368877e-01, 7.356704266140e-03, 8.5192e-01, 4.4160e-03, 
 2DIAGNOSTIC,    12, -4.837491005316e-01, 6.749992380103e-03, 8.5698e-01, 5.0521e-03, 
 2DIAGNOSTIC,    13, -5.028244927608e-01, 6.622215038730e-03, 8.6404e-01, 7.0679e-03, 
 2DIAGNOSTIC,    14, -5.042109134425e-01, 6.183615245765e-03, 8.6838e-01, 4.3321e-03, 
 2DIAGNOSTIC,    15, -5.066116081851e-01, 5.558135432375e-03, 8.7267e-01, 4.2918e-03, 
 2DIAGNOSTIC,    16, -5.083451635835e-01, 4.676295421269e-03, 8.7695e-01, 4.2851e-03, 
 2DIAGNOSTIC,    17, -5.184993492843e-01, 3.998770501173e-03, 8.8352e-01, 6.5701e-03, 
 2DIAGNOSTIC,    18, -5.256348855875e-01, 3.769024583928e-03, 8.8789e-01, 4.3650e-03, 
 2DIAGNOSTIC,    19, -5.260487276197e-01, 3.491513200882e-03, 8.9284e-01, 4.9481e-03, 
 2DIAGNOSTIC,    20, -5.292109528187e-01, 3.174906801748e-03, 8.9763e-01, 4.7951e-03, 
 2DIAGNOSTIC,    21, -5.301818294128e-01, 2.681600099210e-03, 9.0205e-01, 4.4169e-03, 
 2DIAGNOSTIC,    22, -5.312241453497e-01, 2.041189093796e-03, 9.0684e-01, 4.7879e-03, 
 2DIAGNOSTIC,    23, -5.321371451428e-01, 1.776979679425e-03, 9.1213e-01, 5.2922e-03, 
 2DIAGNOSTIC,    24, -5.330747256261e-01, 1.429098475608e-03, 9.1644e-01, 4.3080e-03, 
 2DIAGNOSTIC,    25, -5.340979461922e-01, 1.060387834037e-03, 9.2125e-01, 4.8180e-03, 
 2DIAGNOSTIC,    26, -5.353301900523e-01, 6.839351507046e-04, 9.2708e-01, 5.8291e-03, 
 2DIAGNOSTIC,    27, -5.359877962521e-01, 5.005585378667e-04, 9.3135e-01, 4.2691e-03, 
 2DIAGNOSTIC,    28, -5.363338999508e-01, 4.385716772789e-04, 9.3560e-01, 4.2529e-03, 
 2DIAGNOSTIC,    29, -5.373050959181e-01, 3.660303013149e-04, 9.3992e-01, 4.3130e-03, 
 2DIAGNOSTIC,    30, -5.398201289744e-01, 3.716000658190e-04, 9.4490e-01, 4.9820e-03, 
 2DIAGNOSTIC,    31, -5.446419670704e-01, 4.465245099293e-04, 9.5466e-01, 9.7601e-03, 
 2DIAGNOSTIC,    32, -5.446642987923e-01, 4.912574380654e-04, 9.5890e-01, 4.2381e-03, 
 2DIAGNOSTIC,    33, -5.447644548617e-01, 5.056378624517e-04, 9.6314e-01, 4.2412e-03, 
 2DIAGNOSTIC,    34, -5.449309152757e-01, 4.904015529075e-04, 9.6737e-01, 4.2291e-03, 
 2DIAGNOSTIC,    35, -5.452044173983e-01, 4.491468980446e-04, 9.7166e-01, 4.2970e-03, 
 2DIAGNOSTIC,    36, -5.456974209929e-01, 3.933053212329e-04, 9.7590e-01, 4.2350e-03, 
 2DIAGNOSTIC,    37, -5.462998732878e-01, 3.227878846653e-04, 9.8015e-01, 4.2529e-03, 
 2DIAGNOSTIC,    38, -5.470544210385e-01, 2.429362978355e-04, 9.8440e-01, 4.2491e-03, 
 2DIAGNOSTIC,    39, -5.483331926780e-01, 1.763393896329e-04, 9.8922e-01, 4.8230e-03, 
 2DIAGNOSTIC,    40, -5.485726315482e-01, 1.327695176396e-04, 9.9348e-01, 4.2582e-03, 
 2DIAGNOSTIC,    41, -5.488484750961e-01, 1.482789742678e-04, 9.9845e-01, 4.9710e-03, 
 2DIAGNOSTIC,    42, -5.491455157446e-01, 1.532245498632e-04, 1.0029e+00, 4.4010e-03, 
 2DIAGNOSTIC,    43, -5.502457842237e-01, 1.586729737797e-04, 1.0080e+00, 5.1050e-03, 
 2DIAGNOSTIC,    44, -5.634834752849e-01, 3.167359585917e-04, 1.0141e+00, 6.1131e-03, 
 2DIAGNOSTIC,    45, -5.666321659440e-01, 4.743991652654e-04, 1.0191e+00, 5.0070e-03, 
 2DIAGNOSTIC,    46, -5.686781859527e-01, 6.107792445107e-04, 1.0239e+00, 4.8289e-03, 
 2DIAGNOSTIC,    47, -5.690909356027e-01, 6.964989409830e-04, 1.0288e+00, 4.8578e-03, 
 2DIAGNOSTIC,    48, -5.693710516732e-01, 7.232147570042e-04, 1.0336e+00, 4.8220e-03, 
 2DIAGNOSTIC,    49, -5.696169070807e-01, 6.943496622333e-04, 1.0378e+00, 4.2069e-03, 
 2DIAGNOSTIC,    50, -5.704292673828e-01, 6.108313994796e-04, 1.0426e+00, 4.8099e-03, 
 2DIAGNOSTIC,    51, -5.708223944932e-01, 4.813203403960e-04, 1.0468e+00, 4.2322e-03, 
 2DIAGNOSTIC,    52, -5.715493248348e-01, 3.236754943663e-04, 1.0526e+00, 5.7750e-03, 
 2DIAGNOSTIC,    53, -5.719197279864e-01, 1.533940519976e-04, 1.0568e+00, 4.2129e-03, 
 2DIAGNOSTIC,    54, -5.721421073522e-01, 1.098951768475e-04, 1.0610e+00, 4.1950e-03, 
 2DIAGNOSTIC,    55, -5.732483932543e-01, 9.897904002704e-05, 1.0657e+00, 4.7221e-03, 
 2DIAGNOSTIC,    56, -5.741225806031e-01, 1.068508764126e-04, 1.0705e+00, 4.7731e-03, 
 2DIAGNOSTIC,    57, -5.752377015693e-01, 1.185456694903e-04, 1.0747e+00, 4.2031e-03, 
 2DIAGNOSTIC,    58, -5.772844218984e-01, 1.400459430704e-04, 1.0799e+00, 5.2099e-03, 
 2DIAGNOSTIC,    59, -5.782680288238e-01, 1.581369953677e-04, 1.0841e+00, 4.2059e-03, 
 2DIAGNOSTIC,    60, -5.789091306956e-01, 1.734019146062e-04, 1.0894e+00, 5.2340e-03, 
 2DIAGNOSTIC,    61, -5.796408613130e-01, 1.813209298085e-04, 1.0941e+00, 4.7510e-03, 
 2DIAGNOSTIC,    62, -5.807931236844e-01, 1.876640393319e-04, 1.0984e+00, 4.3151e-03, 
 2DIAGNOSTIC,    63, -5.812298127850e-01, 1.823516546615e-04, 1.1042e+00, 5.7909e-03, 
 2DIAGNOSTIC,    64, -5.815209668976e-01, 1.638851259976e-04, 1.1089e+00, 4.7131e-03, 
 2DIAGNOSTIC,    65, -5.815197070458e-01, 1.395546652724e-04, 1.1131e+00, 4.1959e-03, 
 2DIAGNOSTIC,    66, -5.815452719075e-01, 1.099108652075e-04, 1.1173e+00, 4.2090e-03, 
 2DIAGNOSTIC,    67, -5.816919415666e-01, 8.026683249131e-05, 1.1216e+00, 4.2739e-03, 
 2DIAGNOSTIC,    68, -5.820518015353e-01, 6.248211417195e-05, 1.1265e+00, 4.8361e-03, 
 2DIAGNOSTIC,    69, -5.822045752526e-01, 4.797962206815e-05, 1.1307e+00, 4.2679e-03, 
 2DIAGNOSTIC,    70, -5.836502720849e-01, 4.514617167735e-05, 1.1360e+00, 5.2931e-03, 
 2DIAGNOSTIC,    71, -5.839332369731e-01, 4.522628484355e-05, 1.1402e+00, 4.1790e-03, 
 2DIAGNOSTIC,    72, -5.839940564735e-01, 4.988412474503e-05, 1.1450e+00, 4.8170e-03, 
 2DIAGNOSTIC,    73, -5.840621492118e-01, 5.336362950945e-05, 1.1492e+00, 4.1981e-03, 
 2DIAGNOSTIC,    74, -5.846013452565e-01, 5.753241377027e-05, 1.1545e+00, 5.2550e-03, 
 2DIAGNOSTIC,    75, -5.845890780616e-01, 5.575484504389e-05, 1.1587e+00, 4.2500e-03, 
 2DIAGNOSTIC,    76, -5.851530224361e-01, 5.277458499834e-05, 1.1634e+00, 4.6999e-03, 
 2DIAGNOSTIC,    77, -5.854790439152e-01, 4.809178395667e-05, 1.1702e+00, 6.7370e-03, 
 2DIAGNOSTIC,    78, -5.854957840822e-01, 4.155364658942e-05, 1.1748e+00, 4.6930e-03, 
 2DIAGNOSTIC,    79, -5.855815318328e-01, 3.258638726181e-05, 1.1790e+00, 4.1661e-03, 
 2DIAGNOSTIC,    80, -5.856704592472e-01, 3.075584564801e-05, 1.1832e+00, 4.1561e-03, 
 2DIAGNOSTIC,    81, -5.857191086326e-01, 2.816238101395e-05, 1.1879e+00, 4.7669e-03, 
 2DIAGNOSTIC,    82, -5.857596840298e-01, 2.359117398007e-05, 1.1921e+00, 4.1599e-03, 
 2DIAGNOSTIC,    83, -5.858258149448e-01, 1.769910513418e-05, 1.1963e+00, 4.1912e-03, 
 2DIAGNOSTIC,    84, -5.859305670762e-01, 1.434968065825e-05, 1.2005e+00, 4.1959e-03, 
 2DIAGNOSTIC,    85, -5.860333429483e-01, 1.019817019255e-05, 1.2047e+00, 4.2689e-03, 
 2DIAGNOSTIC,    86, -5.864383137768e-01, 1.101211788665e-05, 1.2100e+00, 5.2571e-03, 
 2DIAGNOSTIC,    87, -5.865580316513e-01, 1.339968868602e-05, 1.2162e+00, 6.2180e-03, 
 2DIAGNOSTIC,    88, -5.865229703395e-01, 1.436919690030e-05, 1.2209e+00, 4.7019e-03, 
 2DIAGNOSTIC,    89, -5.865475551745e-01, 1.463928831166e-05, 1.2251e+00, 4.1602e-03, 
 2DIAGNOSTIC,    90, -5.864875369118e-01, 1.367650714077e-05, 1.2293e+00, 4.2541e-03, 
 2DIAGNOSTIC,    91, -5.866303718155e-01, 1.251425855713e-05, 1.2335e+00, 4.1580e-03, 
 2DIAGNOSTIC,    92, -5.865893716615e-01, 1.016482376237e-05, 1.2377e+00, 4.2269e-03, 
 2DIAGNOSTIC,    93, -5.869218162043e-01, 9.179236035156e-06, 1.2440e+00, 6.2792e-03, 
 2DIAGNOSTIC,    94, -5.870382927242e-01, 8.560317100059e-06, 1.2482e+00, 4.2021e-03, 
 2DIAGNOSTIC,    95, -5.870797098534e-01, 7.890768060334e-06, 1.2530e+00, 4.8058e-03, 
 2DIAGNOSTIC,    96, -5.871294953508e-01, 8.955785510670e-06, 1.2589e+00, 5.8820e-03, 
 2DIAGNOSTIC,    97, -5.870725369800e-01, 9.500352991295e-06, 1.2647e+00, 5.8191e-03, 
 2DIAGNOSTIC,    98, -5.872159729780e-01, 9.707294370874e-06, 1.2697e+00, 4.9720e-03, 
 2DIAGNOSTIC,    99, -5.872386841376e-01, 9.226471308384e-06, 1.2740e+00, 4.2732e-03, 
 2DIAGNOSTIC,   100, -5.872514194836e-01, 7.650715190467e-06, 1.2782e+00, 4.2431e-03, 
 2DIAGNOSTIC,   101, -5.872783255755e-01, 6.309499305123e-06, 1.2845e+00, 6.2571e-03, 
 2DIAGNOSTIC,   102, -5.873554047598e-01, 4.562290771389e-06, 1.2892e+00, 4.7450e-03, 
 2DIAGNOSTIC,   103, -5.875014286702e-01, 4.800805914329e-06, 1.2951e+00, 5.8720e-03, 
 2DIAGNOSTIC,   104, -5.875121474743e-01, 5.203902907765e-06, 1.2998e+00, 4.6859e-03, 
 2DIAGNOSTIC,   105, -5.875126277152e-01, 5.343801317175e-06, 1.3045e+00, 4.7081e-03, 
 2DIAGNOSTIC,   106, -5.875136024481e-01, 5.266762191904e-06, 1.3099e+00, 5.4181e-03, 
 2DIAGNOSTIC,   107, -5.875136390966e-01, 4.413026635024e-06, 1.3142e+00, 4.3540e-03, 
 2DIAGNOSTIC,   108, -5.875136971606e-01, 3.847069094317e-06, 1.3186e+00, 4.3218e-03, 
 2DIAGNOSTIC,   109, -5.875140303463e-01, 3.060420087670e-06, 1.3230e+00, 4.4649e-03, 
 2DIAGNOSTIC,   110, -5.875148283903e-01, 2.096964694415e-06, 1.3273e+00, 4.2481e-03, 
 2DIAGNOSTIC,   111, -5.875159440219e-01, 1.106204084871e-06, 1.3316e+00, 4.2779e-03, 
DIAGNOSTIC,Iteration,metricValue,convergenceValue,ITERATION_TIME_INDEX,SINCE_LAST
 2DIAGNOSTIC,     1, -4.732494845998e-01, 1.797693134862e+308, 2.0749e+00, 7.4337e-01, 
 2DIAGNOSTIC,     2, -4.739295031506e-01, 1.797693134862e+308, 2.1044e+00, 2.9457e-02, 
 2DIAGNOSTIC,     3, -4.750218060875e-01, 1.797693134862e+308, 2.1328e+00, 2.8446e-02, 
 2DIAGNOSTIC,     4, -4.770822802419e-01, 1.797693134862e+308, 2.1613e+00, 2.8458e-02, 
 2DIAGNOSTIC,     5, -4.805044573563e-01, 1.797693134862e+308, 2.1919e+00, 3.0634e-02, 
 2DIAGNOSTIC,     6, -4.822862990625e-01, 1.797693134862e+308, 2.2243e+00, 3.2372e-02, 
 2DIAGNOSTIC,     7, -4.830598533130e-01, 1.797693134862e+308, 2.2540e+00, 2.9669e-02, 
 2DIAGNOSTIC,     8, -4.832036751396e-01, 1.797693134862e+308, 2.2840e+00, 3.0075e-02, 
 2DIAGNOSTIC,     9, -4.836965471548e-01, 1.797693134862e+308, 2.3230e+00, 3.8967e-02, 
 2DIAGNOSTIC,    10, -4.841767139397e-01, 1.679532132613e-03, 2.3684e+00, 4.5406e-02, 
 2DIAGNOSTIC,    11, -4.844281778938e-01, 1.323052448563e-03, 2.4060e+00, 3.7560e-02, 
 2DIAGNOSTIC,    12, -4.844381317995e-01, 9.439743020133e-04, 2.4468e+00, 4.0852e-02, 
 2DIAGNOSTIC,    13, -4.844371373086e-01, 5.890232376812e-04, 2.4794e+00, 3.2572e-02, 
 2DIAGNOSTIC,    14, -4.844366320727e-01, 3.158637684186e-04, 2.5153e+00, 3.5913e-02, 
 2DIAGNOSTIC,    15, -4.844316011633e-01, 1.833233471922e-04, 2.5438e+00, 2.8548e-02, 
 2DIAGNOSTIC,    16, -4.844280957449e-01, 1.157828302896e-04, 2.5737e+00, 2.9827e-02, 
 2DIAGNOSTIC,    17, -4.844268485934e-01, 7.287108928984e-05, 2.6072e+00, 3.3506e-02, 
 2DIAGNOSTIC,    18, -4.844318218573e-01, 3.293188202842e-05, 2.6413e+00, 3.4095e-02, 
 2DIAGNOSTIC,    19, -4.844382150467e-01, 9.496162306145e-06, 2.6724e+00, 3.1085e-02, 
 2DIAGNOSTIC,    20, -4.844474013828e-01, 1.905543112780e-06, 2.7033e+00, 3.0917e-02, 
 2DIAGNOSTIC,    21, -4.844676066289e-01, 2.629268948860e-06, 2.7372e+00, 3.3896e-02, 
 2DIAGNOSTIC,    22, -4.844902302200e-01, 4.045293765118e-06, 2.7707e+00, 3.3540e-02, 
 2DIAGNOSTIC,    23, -4.845042264048e-01, 5.416368238566e-06, 2.8005e+00, 2.9827e-02, 
 2DIAGNOSTIC,    24, -4.845794658490e-01, 8.132576395939e-06, 2.8306e+00, 3.0076e-02, 
 2DIAGNOSTIC,    25, -4.852646495882e-01, 2.597423479618e-05, 2.8634e+00, 3.2775e-02, 
 2DIAGNOSTIC,    26, -4.853030735737e-01, 4.048053205341e-05, 2.8955e+00, 3.2154e-02, 
 2DIAGNOSTIC,    27, -4.853539119203e-01, 5.146471247560e-05, 2.9244e+00, 2.8895e-02, 
 2DIAGNOSTIC,    28, -4.854909126634e-01, 6.010901813989e-05, 2.9568e+00, 3.2398e-02, 
 2DIAGNOSTIC,    29, -4.858317360637e-01, 6.950359499766e-05, 3.0002e+00, 4.3383e-02, 
 2DIAGNOSTIC,    30, -4.860382495401e-01, 7.565191202956e-05, 3.0327e+00, 3.2510e-02, 
 2DIAGNOSTIC,    31, -4.860438693874e-01, 7.478989242863e-05, 3.0617e+00, 2.8985e-02, 
 2DIAGNOSTIC,    32, -4.861732657171e-01, 7.011909415528e-05, 3.0901e+00, 2.8423e-02, 
 2DIAGNOSTIC,    33, -4.863311689407e-01, 6.228817583881e-05, 3.1193e+00, 2.9115e-02, 
 2DIAGNOSTIC,    34, -4.868661277431e-01, 5.916020233603e-05, 3.1480e+00, 2.8718e-02, 
 2DIAGNOSTIC,    35, -4.887459913858e-01, 9.350430723052e-05, 3.1915e+00, 4.3566e-02, 
 2DIAGNOSTIC,    36, -4.896143871688e-01, 1.312520546605e-04, 3.2249e+00, 3.3335e-02, 
 2DIAGNOSTIC,    37, -4.897722495567e-01, 1.579596040968e-04, 3.2538e+00, 2.8877e-02, 
 2DIAGNOSTIC,    38, -4.903143392788e-01, 1.791489971148e-04, 3.2920e+00, 3.8213e-02, 
 2DIAGNOSTIC,    39, -4.906774299555e-01, 1.925400156252e-04, 3.3291e+00, 3.7131e-02, 
 2DIAGNOSTIC,    40, -4.910017458681e-01, 1.942545475938e-04, 3.3612e+00, 3.2138e-02, 
 2DIAGNOSTIC,    41, -4.910113576129e-01, 1.774835944646e-04, 3.3960e+00, 3.4787e-02, 
 2DIAGNOSTIC,    42, -4.910195067052e-01, 1.470515940236e-04, 3.4250e+00, 2.9029e-02, 
 2DIAGNOSTIC,    43, -4.910442698008e-01, 1.067828114653e-04, 3.4565e+00, 3.1431e-02, 
 2DIAGNOSTIC,    44, -4.910552102979e-01, 6.482859914414e-05, 3.4834e+00, 2.6935e-02, 
 2DIAGNOSTIC,    45, -4.910525178013e-01, 4.279725791203e-05, 3.5094e+00, 2.5987e-02, 
 2DIAGNOSTIC,    46, -4.910922775533e-01, 2.936223902092e-05, 3.5361e+00, 2.6672e-02, 
 2DIAGNOSTIC,    47, -4.912307909795e-01, 1.736527194262e-05, 3.5669e+00, 3.0820e-02, 
 2DIAGNOSTIC,    48, -4.916272162956e-01, 1.559485120274e-05, 3.6110e+00, 4.4095e-02, 
 2DIAGNOSTIC,    49, -4.919390435907e-01, 2.030869012797e-05, 3.6428e+00, 3.1799e-02, 
 2DIAGNOSTIC,    50, -4.921507221571e-01, 2.919824013065e-05, 3.6709e+00, 2.8068e-02, 
 2DIAGNOSTIC,    51, -4.923602862561e-01, 3.754723951870e-05, 3.7064e+00, 3.5543e-02, 
 2DIAGNOSTIC,    52, -4.924808967981e-01, 4.344466528669e-05, 3.7384e+00, 3.1954e-02, 
 2DIAGNOSTIC,    53, -4.925270139454e-01, 4.572819923982e-05, 3.7663e+00, 2.7919e-02, 
 2DIAGNOSTIC,    54, -4.925737185450e-01, 4.420638474321e-05, 3.7944e+00, 2.8120e-02, 
 2DIAGNOSTIC,    55, -4.926262640945e-01, 3.911110188156e-05, 3.8331e+00, 3.8714e-02, 
 2DIAGNOSTIC,    56, -4.926439588215e-01, 3.110873660737e-05, 3.8649e+00, 3.1809e-02, 
 2DIAGNOSTIC,    57, -4.926520772321e-01, 2.189521271853e-05, 3.8939e+00, 2.9018e-02, 
 2DIAGNOSTIC,    58, -4.926881864141e-01, 1.527197586359e-05, 3.9229e+00, 2.8920e-02, 
 2DIAGNOSTIC,    59, -4.928278787464e-01, 1.189511796737e-05, 3.9583e+00, 3.5423e-02, 
 2DIAGNOSTIC,    60, -4.928289641910e-01, 9.529124871281e-06, 3.9936e+00, 3.5333e-02, 
 2DIAGNOSTIC,    61, -4.928239701770e-01, 8.329483089816e-06, 4.0253e+00, 3.1714e-02, 
 2DIAGNOSTIC,    62, -4.928502628493e-01, 7.821286179210e-06, 4.0571e+00, 3.1757e-02, 
 2DIAGNOSTIC,    63, -4.928592752217e-01, 7.115036952179e-06, 4.0891e+00, 3.2021e-02, 
 2DIAGNOSTIC,    64, -4.928396985158e-01, 6.009009186462e-06, 4.1176e+00, 2.8462e-02, 
 2DIAGNOSTIC,    65, -4.928371688910e-01, 4.862602407320e-06, 4.1459e+00, 2.8382e-02, 
 2DIAGNOSTIC,    66, -4.928471823392e-01, 3.596988769897e-06, 4.1780e+00, 3.2085e-02, 
 2DIAGNOSTIC,    67, -4.928468307084e-01, 2.133825506824e-06, 4.2098e+00, 3.1813e-02, 
DIAGNOSTIC,Iteration,metricValue,convergenceValue,ITERATION_TIME_INDEX,SINCE_LAST
 2DIAGNOSTIC,     1, -4.338348963859e-01, 1.797693134862e+308, 5.3079e+00, 1.0981e+00, 
 2DIAGNOSTIC,     2, -4.339890162317e-01, 1.797693134862e+308, 5.5270e+00, 2.1910e-01, 
 2DIAGNOSTIC,     3, -4.341237787515e-01, 1.797693134862e+308, 5.7485e+00, 2.2148e-01, 
 2DIAGNOSTIC,     4, -4.341972270583e-01, 1.797693134862e+308, 5.9691e+00, 2.2054e-01, 
 2DIAGNOSTIC,     5, -4.342519914983e-01, 1.797693134862e+308, 6.2056e+00, 2.3649e-01, 
 2DIAGNOSTIC,     6, -4.344391984788e-01, 1.797693134862e+308, 6.4377e+00, 2.3217e-01, 
 2DIAGNOSTIC,     7, -4.348954810803e-01, 1.797693134862e+308, 6.7658e+00, 3.2806e-01, 
 2DIAGNOSTIC,     8, -4.351278729111e-01, 1.797693134862e+308, 7.1772e+00, 4.1139e-01, 
 2DIAGNOSTIC,     9, -4.351282988757e-01, 1.797693134862e+308, 7.3759e+00, 1.9869e-01, 
 2DIAGNOSTIC,    10, -4.351352980735e-01, 2.227976131142e-04, 7.5684e+00, 1.9257e-01, 
 2DIAGNOSTIC,    11, -4.351523765382e-01, 1.922580945580e-04, 7.7663e+00, 1.9786e-01, 
 2DIAGNOSTIC,    12, -4.351724239896e-01, 1.586873639123e-04, 7.9673e+00, 2.0100e-01, 
 2DIAGNOSTIC,    13, -4.351883895986e-01, 1.235658032782e-04, 8.1736e+00, 2.0634e-01, 
 2DIAGNOSTIC,    14, -4.352132924421e-01, 8.740022870378e-05, 8.3751e+00, 2.0148e-01, 
 2DIAGNOSTIC,    15, -4.352277214751e-01, 5.146125188038e-05, 8.5765e+00, 2.0135e-01, 
 2DIAGNOSTIC,    16, -4.352379921585e-01, 2.313370089900e-05, 8.8197e+00, 2.4321e-01, 
 2DIAGNOSTIC,    17, -4.352418679620e-01, 1.363073249679e-05, 9.1409e+00, 3.2123e-01, 
 2DIAGNOSTIC,    18, -4.352436839280e-01, 1.260902582124e-05, 9.3804e+00, 2.3948e-01, 
 2DIAGNOSTIC,    19, -4.352437506554e-01, 1.070606681253e-05, 9.5980e+00, 2.1762e-01, 
 2DIAGNOSTIC,    20, -4.352444691384e-01, 8.397509792923e-06, 9.8431e+00, 2.4503e-01, 
 2DIAGNOSTIC,    21, -4.352442884328e-01, 6.194412247570e-06, 1.0095e+01, 2.5156e-01, 
 2DIAGNOSTIC,    22, -4.352426388509e-01, 4.300925122540e-06, 1.0325e+01, 2.3032e-01, 
 2DIAGNOSTIC,    23, -4.352430443514e-01, 2.760080632463e-06, 1.0549e+01, 2.2357e-01, 
 2DIAGNOSTIC,    24, -4.352438021111e-01, 1.910030300548e-06, 1.0741e+01, 1.9236e-01, 
 2DIAGNOSTIC,    25, -4.352443174050e-01, 1.456688335920e-06, 1.0972e+01, 2.3142e-01, 
 2DIAGNOSTIC,    26, -4.352443653532e-01, 1.278293960925e-06, 1.1233e+01, 2.6112e-01, 
 2DIAGNOSTIC,    27, -4.352454876347e-01, 1.229101037864e-06, 1.1435e+01, 2.0173e-01, 
 2DIAGNOSTIC,    28, -4.352443006581e-01, 1.192837004303e-06, 1.1635e+01, 1.9972e-01, 
 2DIAGNOSTIC,    29, -4.352441736808e-01, 1.152025215147e-06, 1.1876e+01, 2.4138e-01, 
 2DIAGNOSTIC,    30, -4.352446418719e-01, 1.134364211897e-06, 1.2111e+01, 2.3511e-01, 
 2DIAGNOSTIC,    31, -4.352445066591e-01, 1.104727222333e-06, 1.2311e+01, 1.9999e-01, 
 2DIAGNOSTIC,    32, -4.352440274188e-01, 1.026060273357e-06, 1.2527e+01, 2.1564e-01, 
DIAGNOSTIC,Iteration,metricValue,convergenceValue,ITERATION_TIME_INDEX,SINCE_LAST
 2DIAGNOSTIC,     1, -4.014932138849e-01, 1.797693134862e+308, 1.5000e+01, 2.4730e+00, 
 2DIAGNOSTIC,     2, -4.016133769550e-01, 1.797693134862e+308, 1.6269e+01, 1.2688e+00, 
 2DIAGNOSTIC,     3, -4.017494601149e-01, 1.797693134862e+308, 1.7812e+01, 1.5431e+00, 
 2DIAGNOSTIC,     4, -4.019538512922e-01, 1.797693134862e+308, 1.9335e+01, 1.5228e+00, 
 2DIAGNOSTIC,     5, -4.020040355108e-01, 1.797693134862e+308, 2.0919e+01, 1.5843e+00, 
 2DIAGNOSTIC,     6, -4.020198190160e-01, 1.797693134862e+308, 2.2795e+01, 1.8762e+00, 
 2DIAGNOSTIC,     7, -4.020210257639e-01, 1.797693134862e+308, 2.4265e+01, 1.4704e+00, 
 2DIAGNOSTIC,     8, -4.020280050460e-01, 1.797693134862e+308, 2.5840e+01, 1.5746e+00, 
 2DIAGNOSTIC,     9, -4.020422456935e-01, 1.797693134862e+308, 2.7106e+01, 1.2658e+00, 
 2DIAGNOSTIC,    10, -4.020513828629e-01, 8.538131656159e-05, 2.8692e+01, 1.5857e+00, 
 2DIAGNOSTIC,    11, -4.020590161067e-01, 5.321795848116e-05, 3.0108e+01, 1.4168e+00, 
 2DIAGNOSTIC,    12, -4.020908856445e-01, 3.082780958710e-05, 3.1987e+01, 1.8788e+00, 
 2DIAGNOSTIC,    13, -4.020986622211e-01, 1.684645027278e-05, 3.3294e+01, 1.3067e+00, 
 2DIAGNOSTIC,    14, -4.021079830157e-01, 1.428611948059e-05, 3.4947e+01, 1.6534e+00, 
 2DIAGNOSTIC,    15, -4.021350750385e-01, 1.460294950506e-05, 3.6596e+01, 1.6489e+00, 
 2DIAGNOSTIC,    16, -4.021396771693e-01, 1.461269658930e-05, 3.8226e+01, 1.6296e+00, 
 2DIAGNOSTIC,    17, -4.021415892131e-01, 1.358352348141e-05, 3.9728e+01, 1.5023e+00, 
 2DIAGNOSTIC,    18, -4.021522880279e-01, 1.228046590385e-05, 4.1234e+01, 1.5062e+00, 
 2DIAGNOSTIC,    19, -4.021962260953e-01, 1.229969406463e-05, 4.3062e+01, 1.8272e+00, 
 2DIAGNOSTIC,    20, -4.022176227567e-01, 1.236253907423e-05, 4.4723e+01, 1.6610e+00, 
 2DIAGNOSTIC,    21, -4.022201886532e-01, 1.173363235606e-05, 4.6212e+01, 1.4897e+00, 
 2DIAGNOSTIC,    22, -4.022214713050e-01, 1.130985683793e-05, 4.7668e+01, 1.4562e+00, 
 2DIAGNOSTIC,    23, -4.022209977918e-01, 1.022841408062e-05, 4.9320e+01, 1.6518e+00, 
 2DIAGNOSTIC,    24, -4.022213213696e-01, 8.648476112205e-06, 5.1056e+01, 1.7355e+00, 
 2DIAGNOSTIC,    25, -4.022211555850e-01, 7.255626183512e-06, 5.2534e+01, 1.4782e+00, 
 2DIAGNOSTIC,    26, -4.022210970637e-01, 5.548838157204e-06, 5.3990e+01, 1.4557e+00, 
 2DIAGNOSTIC,    27, -4.022211974798e-01, 3.628178397344e-06, 5.5380e+01, 1.3906e+00, 
 2DIAGNOSTIC,    28, -4.022212782132e-01, 1.861489530443e-06, 5.7020e+01, 1.6394e+00, 
 2DIAGNOSTIC,    29, -4.022214698091e-01, 1.210020546358e-06, 5.8596e+01, 1.5767e+00, 
 2DIAGNOSTIC,    30, -4.022215736479e-01, 1.096343664395e-06, 6.0274e+01, 1.6780e+00, 
 2DIAGNOSTIC,    31, -4.022216760417e-01, 1.046662832023e-06, 6.1589e+01, 1.3146e+00, 
 2DIAGNOSTIC,    32, -4.022217088192e-01, 1.027548968136e-06, 6.3033e+01, 1.4441e+00, 
  Elapsed time (stage 0): 6.3852e+01


Total elapsed time: 6.3856e+01
Info [verificarlo]: loaded backend libinterflop_vprec.so
Info [interflop-vprec]: load backend with: 
Info [interflop-vprec]: precision-binary32 = 22
Info [interflop-vprec]: range-binary32 = 7
Info [interflop-vprec]: precision-binary64 = 22
Info [interflop-vprec]: range-binary64 = 7
Info [interflop-vprec]: mode = ob
Info [interflop-vprec]: error-mode = rel
Info [interflop-vprec]: max-abs-error-exponent = -1022
Info [interflop-vprec]: daz = false
Info [interflop-vprec]: ftz = false
Info [interflop-vprec]: 	instrument = none
Info [interflop-vprec]: 	prec-input-file = (null)
Info [interflop-vprec]: 	prec-output-file = (null)
Info [interflop-vprec]: 	prec-log-file = (null)
All_Command_lines_OK
Using double precision for computations.
=============================================================================
The composite transform comprises the following transforms (in order): 
  1. /home/mdugre/scratch/mri-registration-rp/datasets/ds004513/derivatives/mri-registration-rp/0011/antsRegistration-r7-p22/sub-s037/rigid_Composite.h5[0] (type = Euler3DTransform)
  2. /home/mdugre/scratch/mri-registration-rp/datasets/ds004513/derivatives/mri-registration-rp/0011/antsRegistration-r7-p22/sub-s037/rigid_Composite.h5[1] (type = Euler3DTransform)
  3. /home/mdugre/scratch/mri-registration-rp/datasets/ds004513/derivatives/mri-registration-rp/0011/antsRegistration-r7-p22/sub-s037/rigid_Composite.h5[2] (type = Euler3DTransform)
=============================================================================
  number of levels = 4
  fixed image: /templateflow/tpl-MNI152NLin2009cAsym/tpl-MNI152NLin2009cAsym_res-01_desc-brain_T1w.nii.gz
  moving image: /home/mdugre/scratch/mri-registration-rp/datasets/ds004513/derivatives/mri-registration-rp/antsBrainExtraction/sub-s037/BrainExtractionBrain.nii.gz
Dimension = 3
Number of stages = 1
Use histogram matching = false
Winsorize image intensities = true
  Lower quantile = 0.005
  Upper quantile = 0.995


Stage 1 State
   Image metric = MattesMI
     Fixed image = Image (0x43a7490)
  RTTI typeinfo:   itk::Image<double, 3u>
  Reference Count: 2
  Modified Time: 1592
  Debug: Off
  Object Name: 
  Observers: 
    none
  Source: (none)
  Source output name: (none)
  Release Data: Off
  Data Released: False
  Global Release Data: Off
  PipelineMTime: 0
  UpdateMTime: 1203
  RealTimeStamp: 0 seconds 
  LargestPossibleRegion: 
    Dimension: 3
    Index: [0, 0, 0]
    Size: [193, 229, 193]
  BufferedRegion: 
    Dimension: 3
    Index: [0, 0, 0]
    Size: [193, 229, 193]
  RequestedRegion: 
    Dimension: 3
    Index: [0, 0, 0]
    Size: [193, 229, 193]
  Spacing: [1, 1, 1]
  Origin: [96, 132, -78]
  Direction: 
-1 0 0
0 -1 0
0 0 1

  IndexToPointMatrix: 
-1 0 0
0 -1 0
0 0 1

  PointToIndexMatrix: 
-1 0 0
0 -1 0
0 0 1

  Inverse Direction: 
-1 0 0
0 -1 0
0 0 1

  PixelContainer: 
    ImportImageContainer (0x44728c0)
      RTTI typeinfo:   itk::ImportImageContainer<unsigned long, double>
      Reference Count: 1
      Modified Time: 1200
      Debug: Off
      Object Name: 
      Observers: 
        none
      Pointer: 0x152dbee3d010
      Container manages memory: true
      Size: 8530021
      Capacity: 8530021

     Moving image = Image (0x4462b60)
  RTTI typeinfo:   itk::Image<double, 3u>
  Reference Count: 2
  Modified Time: 1593
  Debug: Off
  Object Name: 
  Observers: 
    none
  Source: (none)
  Source output name: (none)
  Release Data: Off
  Data Released: False
  Global Release Data: Off
  PipelineMTime: 0
  UpdateMTime: 1590
  RealTimeStamp: 0 seconds 
  LargestPossibleRegion: 
    Dimension: 3
    Index: [0, 0, 0]
    Size: [160, 240, 256]
  BufferedRegion: 
    Dimension: 3
    Index: [0, 0, 0]
    Size: [160, 240, 256]
  RequestedRegion: 
    Dimension: 3
    Index: [0, 0, 0]
    Size: [160, 240, 256]
  Spacing: [1, 1, 1]
  Origin: [87.9508, 102.562, -147.639]
  Direction: 
-0.998659 -0.043612 -0.0279129
0.043595 -0.999048 0.00121847
-0.0279395 -2.65543e-08 0.99961

  IndexToPointMatrix: 
-0.998659 -0.043612 -0.0279129
0.043595 -0.999048 0.00121847
-0.0279395 -2.65543e-08 0.99961

  PointToIndexMatrix: 
-0.998659 0.043595 -0.0279395
-0.0436121 -0.999049 9.67412e-08
-0.0279129 0.00121848 0.99961

  Inverse Direction: 
-0.998659 0.043595 -0.0279395
-0.0436121 -0.999049 9.67412e-08
-0.0279129 0.00121848 0.99961

  PixelContainer: 
    ImportImageContainer (0x44f61d0)
      RTTI typeinfo:   itk::ImportImageContainer<unsigned long, double>
      Reference Count: 1
      Modified Time: 1587
      Debug: Off
      Object Name: 
      Observers: 
        none
      Pointer: 0x152dba33c010
      Container manages memory: true
      Size: 9830400
      Capacity: 9830400

     Weighting = 1
     Sampling strategy = regular
     Number of bins = 32
     Radius = 4
     Sampling percentage  = 0.25
   Transform = Affine
     Gradient step = 0.1
     Update field sigma (voxel space) = 0
     Total field sigma (voxel space) = 0
     Update field time sigma = 0
     Total field time sigma  = 0
     Number of time indices = 0
     Number of time point samples = 0
Registration using 1 total stages.

Stage 0
  iterations = 1000x500x250x100
  convergence threshold = 1e-06
  convergence window size = 10
  number of levels = 4
  using the Mattes MI metric (number of bins = 32, weight = 1, use gradient filter = 0)
  preprocessing:  winsorizing the image intensities
  Shrink factors (level 1 out of 4): [8, 8, 8]
  Shrink factors (level 2 out of 4): [4, 4, 4]
  Shrink factors (level 3 out of 4): [2, 2, 2]
  Shrink factors (level 4 out of 4): [1, 1, 1]
  smoothing sigmas per level: [3, 2, 1, 0]
  regular sampling (percentage = 0.25)

*** Running AffineTransform registration ***

DIAGNOSTIC,Iteration,metricValue,convergenceValue,ITERATION_TIME_INDEX,SINCE_LAST
 2DIAGNOSTIC,     1, -5.803104009977e-01, 1.797693134862e+308, 0.0000e+00, 0.0000e+00, 
 2DIAGNOSTIC,     2, -5.820241913373e-01, 1.797693134862e+308, 0.0000e+00, 0.0000e+00, 
 2DIAGNOSTIC,     3, -5.853309476105e-01, 1.797693134862e+308, 0.0000e+00, 0.0000e+00, 
 2DIAGNOSTIC,     4, -5.919637768995e-01, 1.797693134862e+308, 0.0000e+00, 0.0000e+00, 
 2DIAGNOSTIC,     5, -6.012519951616e-01, 1.797693134862e+308, 0.0000e+00, 0.0000e+00, 
 2DIAGNOSTIC,     6, -6.142375262683e-01, 1.797693134862e+308, 0.0000e+00, 0.0000e+00, 
 2DIAGNOSTIC,     7, -6.425487285427e-01, 1.797693134862e+308, 0.0000e+00, 0.0000e+00, 
 2DIAGNOSTIC,     8, -6.765210360988e-01, 1.797693134862e+308, 0.0000e+00, 0.0000e+00, 
 2DIAGNOSTIC,     9, -6.884267618858e-01, 1.797693134862e+308, 0.0000e+00, 0.0000e+00, 
 2DIAGNOSTIC,    10, -7.017332551273e-01, 1.380295279925e-02, 0.0000e+00, 0.0000e+00, 
 2DIAGNOSTIC,    11, -7.073133990944e-01, 1.364023000580e-02, 0.0000e+00, 0.0000e+00, 
 2DIAGNOSTIC,    12, -7.074400584285e-01, 1.235240183588e-02, 0.0000e+00, 0.0000e+00, 
 2DIAGNOSTIC,    13, -7.077335473807e-01, 1.028690526751e-02, 0.0000e+00, 0.0000e+00, 
 2DIAGNOSTIC,    14, -7.076854654807e-01, 7.822819837585e-03, 0.0000e+00, 0.0000e+00, 
 2DIAGNOSTIC,    15, -7.077958849824e-01, 5.284212545772e-03, 0.0000e+00, 0.0000e+00, 
 2DIAGNOSTIC,    16, -7.078618134509e-01, 2.949071087022e-03, 0.0000e+00, 0.0000e+00, 
 2DIAGNOSTIC,    17, -7.081304755766e-01, 1.346405171594e-03, 0.0000e+00, 0.0000e+00, 
