
##########################
# Experiment information #
##########################

EXPERIMENT_NAME: antsRegistration-r8-p15
VFC_BACKENDS: libinterflop_vprec.so --range-binary32=8 --precision-binary32=15 --range-binary64=8 --precision-binary64=15

SIF_IMG: /home/mdugre/projects/rrg-glatard/mdugre/containers/ants-vprec-no_metrics.simg

SUBJECT_ID: s025
INPUT_IMG: /home/mdugre/scratch/mri-registration-rp/datasets/ds004513/derivatives/mri-registration-rp/antsBrainExtraction/sub-s025/BrainExtractionBrain.nii.gz
OUTPUT_DIR: /home/mdugre/scratch/mri-registration-rp/datasets/ds004513/derivatives/mri-registration-rp/0011/antsRegistration-r8-p15/sub-s025

FIXED_IMG: /templateflow/tpl-MNI152NLin2009cAsym/tpl-MNI152NLin2009cAsym_res-01_desc-brain_T1w.nii.gz
DATA_DIR: /home/mdugre/scratch/mri-registration-rp/datasets/ds004513
TEMPLATEFLOW_DIR: /home/mdugre/projects/rrg-glatard/mdugre/templateflow
ITK_GLOBAL_DEFAULT_NUMBER_OF_THREADS: 16
##########################

Info [verificarlo]: loaded backend libinterflop_ieee.so
Info [interflop-ieee]: load backend with:
Info [interflop-ieee]: debug = false
Info [interflop-ieee]: debug-binary = false
Info [interflop-ieee]: no-backend-name = false
Info [interflop-ieee]: print-new-line = false
Info [interflop-ieee]: print-subnormal-normalized = false
Info [interflop-ieee]: count-op = false
All_Command_lines_OK
Using double precision for computations.
=============================================================================
The composite transform comprises the following transforms (in order): 
  1. Center of mass alignment using fixed image: /templateflow/tpl-MNI152NLin2009cAsym/tpl-MNI152NLin2009cAsym_res-01_desc-brain_T1w.nii.gz and moving image: /home/mdugre/scratch/mri-registration-rp/datasets/ds004513/derivatives/mri-registration-rp/antsBrainExtraction/sub-s025/BrainExtractionBrain.nii.gz (type = Euler3DTransform)
=============================================================================
  number of levels = 1
  fixed image: /templateflow/tpl-MNI152NLin2009cAsym/tpl-MNI152NLin2009cAsym_res-01_desc-brain_T1w.nii.gz
  moving image: /home/mdugre/scratch/mri-registration-rp/datasets/ds004513/derivatives/mri-registration-rp/antsBrainExtraction/sub-s025/BrainExtractionBrain.nii.gz
Dimension = 3
Number of stages = 1
Use histogram matching = false
Winsorize image intensities = true
  Lower quantile = 0.005
  Upper quantile = 0.995


Stage 1 State
   Image metric = MattesMI
     Fixed image = Image (0x4620e70)
  RTTI typeinfo:   itk::Image<double, 3u>
  Reference Count: 2
  Modified Time: 2334
  Debug: Off
  Object Name: 
  Observers: 
    none
  Source: (none)
  Source output name: (none)
  Release Data: Off
  Data Released: False
  Global Release Data: Off
  PipelineMTime: 0
  UpdateMTime: 1943
  RealTimeStamp: 0 seconds 
  LargestPossibleRegion: 
    Dimension: 3
    Index: [0, 0, 0]
    Size: [193, 229, 193]
  BufferedRegion: 
    Dimension: 3
    Index: [0, 0, 0]
    Size: [193, 229, 193]
  RequestedRegion: 
    Dimension: 3
    Index: [0, 0, 0]
    Size: [193, 229, 193]
  Spacing: [1, 1, 1]
  Origin: [96, 132, -78]
  Direction: 
-1 0 0
0 -1 0
0 0 1

  IndexToPointMatrix: 
-1 0 0
0 -1 0
0 0 1

  PointToIndexMatrix: 
-1 0 0
0 -1 0
0 0 1

  Inverse Direction: 
-1 0 0
0 -1 0
0 0 1

  PixelContainer: 
    ImportImageContainer (0x4629c60)
      RTTI typeinfo:   itk::ImportImageContainer<unsigned long, double>
      Reference Count: 1
      Modified Time: 1940
      Debug: Off
      Object Name: 
      Observers: 
        none
      Pointer: 0x154a60ae6010
      Container manages memory: true
      Size: 8530021
      Capacity: 8530021

     Moving image = Image (0x462c610)
  RTTI typeinfo:   itk::Image<double, 3u>
  Reference Count: 2
  Modified Time: 2335
  Debug: Off
  Object Name: 
  Observers: 
    none
  Source: (none)
  Source output name: (none)
  Release Data: Off
  Data Released: False
  Global Release Data: Off
  PipelineMTime: 0
  UpdateMTime: 2332
  RealTimeStamp: 0 seconds 
  LargestPossibleRegion: 
    Dimension: 3
    Index: [0, 0, 0]
    Size: [176, 240, 256]
  BufferedRegion: 
    Dimension: 3
    Index: [0, 0, 0]
    Size: [176, 240, 256]
  RequestedRegion: 
    Dimension: 3
    Index: [0, 0, 0]
    Size: [176, 240, 256]
  Spacing: [0.999999, 1, 1]
  Origin: [90.3778, 84.5091, -154.071]
  Direction: 
-0.999391 7.48184e-06 -0.0348969
-7.47664e-06 -1 -2.7953e-07
-0.0348969 -1.84481e-08 0.999391

  IndexToPointMatrix: 
-0.99939 7.48184e-06 -0.0348969
-7.47663e-06 -1 -2.7953e-07
-0.0348968 -1.84481e-08 0.999391

  PointToIndexMatrix: 
-0.999392 -7.47665e-06 -0.0348969
7.48184e-06 -1 -1.84481e-08
-0.0348969 -2.7953e-07 0.999391

  Inverse Direction: 
-0.999391 -7.47664e-06 -0.0348969
7.48184e-06 -1 -1.84481e-08
-0.0348969 -2.7953e-07 0.999391

  PixelContainer: 
    ImportImageContainer (0x46c5ef0)
      RTTI typeinfo:   itk::ImportImageContainer<unsigned long, double>
      Reference Count: 1
      Modified Time: 2329
      Debug: Off
      Object Name: 
      Observers: 
        none
      Pointer: 0x154a5b865010
      Container manages memory: true
      Size: 10813440
      Capacity: 10813440

     Weighting = 1
     Sampling strategy = regular
     Number of bins = 32
     Radius = 4
     Sampling percentage  = 0.25
   Transform = Rigid
     Gradient step = 0.1
     Update field sigma (voxel space) = 0
     Total field sigma (voxel space) = 0
     Update field time sigma = 0
     Total field time sigma  = 0
     Number of time indices = 0
     Number of time point samples = 0
Registration using 1 total stages.

Stage 0
  iterations = 0
  convergence threshold = 1e-06
  convergence window size = 10
  number of levels = 1
  using the Mattes MI metric (number of bins = 32, weight = 1, use gradient filter = 0)
  preprocessing:  winsorizing the image intensities
  Shrink factors (level 1 out of 1): [1, 1, 1]
  smoothing sigmas per level: [0]
  regular sampling (percentage = 0.25)

*** Running Euler3DTransform registration ***

  Elapsed time (stage 0): 1.14969


Total elapsed time: 1.15218
Info [verificarlo]: loaded backend libinterflop_ieee.so
Info [interflop-ieee]: load backend with:
Info [interflop-ieee]: debug = false
Info [interflop-ieee]: debug-binary = false
Info [interflop-ieee]: no-backend-name = false
Info [interflop-ieee]: print-new-line = false
Info [interflop-ieee]: print-subnormal-normalized = false
Info [interflop-ieee]: count-op = false
All_Command_lines_OK
Using double precision for computations.
=============================================================================
The composite transform comprises the following transforms (in order): 
  1. /home/mdugre/scratch/mri-registration-rp/datasets/ds004513/derivatives/mri-registration-rp/0011/antsRegistration-r8-p15/sub-s025/align_Composite.h5[0] (type = Euler3DTransform)
  2. /home/mdugre/scratch/mri-registration-rp/datasets/ds004513/derivatives/mri-registration-rp/0011/antsRegistration-r8-p15/sub-s025/align_Composite.h5[1] (type = Euler3DTransform)
=============================================================================
  number of levels = 4
  fixed image: /templateflow/tpl-MNI152NLin2009cAsym/tpl-MNI152NLin2009cAsym_res-01_desc-brain_T1w.nii.gz
  moving image: /home/mdugre/scratch/mri-registration-rp/datasets/ds004513/derivatives/mri-registration-rp/antsBrainExtraction/sub-s025/BrainExtractionBrain.nii.gz
Dimension = 3
Number of stages = 1
Use histogram matching = false
Winsorize image intensities = true
  Lower quantile = 0.005
  Upper quantile = 0.995


Stage 1 State
   Image metric = MattesMI
     Fixed image = Image (0x525d530)
  RTTI typeinfo:   itk::Image<double, 3u>
  Reference Count: 2
  Modified Time: 1580
  Debug: Off
  Object Name: 
  Observers: 
    none
  Source: (none)
  Source output name: (none)
  Release Data: Off
  Data Released: False
  Global Release Data: Off
  PipelineMTime: 0
  UpdateMTime: 1189
  RealTimeStamp: 0 seconds 
  LargestPossibleRegion: 
    Dimension: 3
    Index: [0, 0, 0]
    Size: [193, 229, 193]
  BufferedRegion: 
    Dimension: 3
    Index: [0, 0, 0]
    Size: [193, 229, 193]
  RequestedRegion: 
    Dimension: 3
    Index: [0, 0, 0]
    Size: [193, 229, 193]
  Spacing: [1, 1, 1]
  Origin: [96, 132, -78]
  Direction: 
-1 0 0
0 -1 0
0 0 1

  IndexToPointMatrix: 
-1 0 0
0 -1 0
0 0 1

  PointToIndexMatrix: 
-1 0 0
0 -1 0
0 0 1

  Inverse Direction: 
-1 0 0
0 -1 0
0 0 1

  PixelContainer: 
    ImportImageContainer (0x531bd60)
      RTTI typeinfo:   itk::ImportImageContainer<unsigned long, double>
      Reference Count: 1
      Modified Time: 1186
      Debug: Off
      Object Name: 
      Observers: 
        none
      Pointer: 0x1470160d1010
      Container manages memory: true
      Size: 8530021
      Capacity: 8530021

     Moving image = Image (0x530df60)
  RTTI typeinfo:   itk::Image<double, 3u>
  Reference Count: 2
  Modified Time: 1581
  Debug: Off
  Object Name: 
  Observers: 
    none
  Source: (none)
  Source output name: (none)
  Release Data: Off
  Data Released: False
  Global Release Data: Off
  PipelineMTime: 0
  UpdateMTime: 1578
  RealTimeStamp: 0 seconds 
  LargestPossibleRegion: 
    Dimension: 3
    Index: [0, 0, 0]
    Size: [176, 240, 256]
  BufferedRegion: 
    Dimension: 3
    Index: [0, 0, 0]
    Size: [176, 240, 256]
  RequestedRegion: 
    Dimension: 3
    Index: [0, 0, 0]
    Size: [176, 240, 256]
  Spacing: [0.999999, 1, 1]
  Origin: [90.3778, 84.5091, -154.071]
  Direction: 
-0.999391 7.48184e-06 -0.0348969
-7.47664e-06 -1 -2.7953e-07
-0.0348969 -1.84481e-08 0.999391

  IndexToPointMatrix: 
-0.99939 7.48184e-06 -0.0348969
-7.47663e-06 -1 -2.7953e-07
-0.0348968 -1.84481e-08 0.999391

  PointToIndexMatrix: 
-0.999392 -7.47665e-06 -0.0348969
7.48184e-06 -1 -1.84481e-08
-0.0348969 -2.7953e-07 0.999391

  Inverse Direction: 
-0.999391 -7.47664e-06 -0.0348969
7.48184e-06 -1 -1.84481e-08
-0.0348969 -2.7953e-07 0.999391

  PixelContainer: 
    ImportImageContainer (0x52ff6d0)
      RTTI typeinfo:   itk::ImportImageContainer<unsigned long, double>
      Reference Count: 1
      Modified Time: 1575
      Debug: Off
      Object Name: 
      Observers: 
        none
      Pointer: 0x147010e50010
      Container manages memory: true
      Size: 10813440
      Capacity: 10813440

     Weighting = 1
     Sampling strategy = regular
     Number of bins = 32
     Radius = 4
     Sampling percentage  = 0.25
   Transform = Rigid
     Gradient step = 0.1
     Update field sigma (voxel space) = 0
     Total field sigma (voxel space) = 0
     Update field time sigma = 0
     Total field time sigma  = 0
     Number of time indices = 0
     Number of time point samples = 0
Registration using 1 total stages.

Stage 0
  iterations = 1000x500x250x100
  convergence threshold = 1e-06
  convergence window size = 10
  number of levels = 4
  using the Mattes MI metric (number of bins = 32, weight = 1, use gradient filter = 0)
  preprocessing:  winsorizing the image intensities
  Shrink factors (level 1 out of 4): [8, 8, 8]
  Shrink factors (level 2 out of 4): [4, 4, 4]
  Shrink factors (level 3 out of 4): [2, 2, 2]
  Shrink factors (level 4 out of 4): [1, 1, 1]
  smoothing sigmas per level: [3, 2, 1, 0]
  regular sampling (percentage = 0.25)

*** Running Euler3DTransform registration ***

DIAGNOSTIC,Iteration,metricValue,convergenceValue,ITERATION_TIME_INDEX,SINCE_LAST
 2DIAGNOSTIC,     1, -5.323241903179e-01, 1.797693134862e+308, 8.8904e-01, 8.8904e-01, 
 2DIAGNOSTIC,     2, -5.346190553927e-01, 1.797693134862e+308, 8.9430e-01, 5.2609e-03, 
 2DIAGNOSTIC,     3, -5.378036555361e-01, 1.797693134862e+308, 8.9967e-01, 5.3730e-03, 
 2DIAGNOSTIC,     4, -5.422949451405e-01, 1.797693134862e+308, 9.0452e-01, 4.8440e-03, 
 2DIAGNOSTIC,     5, -5.486805952477e-01, 1.797693134862e+308, 9.0954e-01, 5.0209e-03, 
 2DIAGNOSTIC,     6, -5.542790085272e-01, 1.797693134862e+308, 9.1459e-01, 5.0540e-03, 
 2DIAGNOSTIC,     7, -5.627123115611e-01, 1.797693134862e+308, 9.1890e-01, 4.3092e-03, 
 2DIAGNOSTIC,     8, -5.766609943856e-01, 1.797693134862e+308, 9.2319e-01, 4.2870e-03, 
 2DIAGNOSTIC,     9, -5.881111419397e-01, 1.797693134862e+308, 9.2736e-01, 4.1771e-03, 
 2DIAGNOSTIC,    10, -6.012927005665e-01, 7.820055967720e-03, 9.3295e-01, 5.5890e-03, 
 2DIAGNOSTIC,    11, -6.192402913589e-01, 8.564422673931e-03, 9.4033e-01, 7.3810e-03, 
 2DIAGNOSTIC,    12, -6.197111897441e-01, 8.513711436496e-03, 9.4440e-01, 4.0622e-03, 
 2DIAGNOSTIC,    13, -6.223136777510e-01, 7.932305190643e-03, 9.4853e-01, 4.1289e-03, 
 2DIAGNOSTIC,    14, -6.239859078533e-01, 6.938967258809e-03, 9.5260e-01, 4.0760e-03, 
 2DIAGNOSTIC,    15, -6.258731029037e-01, 5.722268374544e-03, 9.5674e-01, 4.1380e-03, 
 2DIAGNOSTIC,    16, -6.290042957046e-01, 4.404898010737e-03, 9.6096e-01, 4.2200e-03, 
 2DIAGNOSTIC,    17, -6.327399548188e-01, 3.192249458076e-03, 9.6650e-01, 5.5358e-03, 
 2DIAGNOSTIC,    18, -6.361770329222e-01, 2.298162514716e-03, 9.7199e-01, 5.4901e-03, 
 2DIAGNOSTIC,    19, -6.381920795097e-01, 1.629119691776e-03, 9.7686e-01, 4.8721e-03, 
 2DIAGNOSTIC,    20, -6.414786468643e-01, 1.264281191408e-03, 9.8115e-01, 4.2880e-03, 
 2DIAGNOSTIC,    21, -6.422621311577e-01, 1.244231354730e-03, 9.8540e-01, 4.2579e-03, 
 2DIAGNOSTIC,    22, -6.443386369749e-01, 1.164065699590e-03, 9.8965e-01, 4.2439e-03, 
 2DIAGNOSTIC,    23, -6.458367311065e-01, 1.066297095921e-03, 9.9403e-01, 4.3869e-03, 
 2DIAGNOSTIC,    24, -6.528535016228e-01, 1.047817943846e-03, 9.9940e-01, 5.3639e-03, 
 2DIAGNOSTIC,    25, -6.591704565958e-01, 1.083081266403e-03, 1.0055e+00, 6.1300e-03, 
 2DIAGNOSTIC,    26, -6.605963663281e-01, 1.093549182784e-03, 1.0104e+00, 4.8449e-03, 
 2DIAGNOSTIC,    27, -6.608439805735e-01, 1.070984918412e-03, 1.0146e+00, 4.1928e-03, 
 2DIAGNOSTIC,    28, -6.615671818050e-01, 1.019502609967e-03, 1.0188e+00, 4.2579e-03, 
 2DIAGNOSTIC,    29, -6.628794626688e-01, 9.260607521140e-04, 1.0232e+00, 4.3330e-03, 
 2DIAGNOSTIC,    30, -6.728294801780e-01, 9.537367347828e-04, 1.0291e+00, 5.9900e-03, 
 2DIAGNOSTIC,    31, -6.735478278992e-01, 9.084139637620e-04, 1.0334e+00, 4.2560e-03, 
 2DIAGNOSTIC,    32, -6.743491708844e-01, 8.254112824069e-04, 1.0377e+00, 4.2510e-03, 
 2DIAGNOSTIC,    33, -6.778518307710e-01, 7.396586754881e-04, 1.0421e+00, 4.4420e-03, 
 2DIAGNOSTIC,    34, -6.872952951271e-01, 8.064168106555e-04, 1.0510e+00, 8.8830e-03, 
 2DIAGNOSTIC,    35, -6.877323393897e-01, 8.751618871621e-04, 1.0553e+00, 4.3199e-03, 
 2DIAGNOSTIC,    36, -6.893215757902e-01, 8.964276680633e-04, 1.0596e+00, 4.2610e-03, 
 2DIAGNOSTIC,    37, -6.927382525373e-01, 8.791403172325e-04, 1.0638e+00, 4.2500e-03, 
 2DIAGNOSTIC,    38, -7.010237910912e-01, 8.853406671887e-04, 1.0680e+00, 4.2310e-03, 
 2DIAGNOSTIC,    39, -7.063985196217e-01, 8.771406947304e-04, 1.0724e+00, 4.3180e-03, 
 2DIAGNOSTIC,    40, -7.084292800712e-01, 9.204366842593e-04, 1.0767e+00, 4.3030e-03, 
 2DIAGNOSTIC,    41, -7.161004540106e-01, 9.681502551676e-04, 1.0815e+00, 4.8881e-03, 
 2DIAGNOSTIC,    42, -7.193448874044e-01, 9.621470453731e-04, 1.0875e+00, 5.9559e-03, 
 2DIAGNOSTIC,    43, -7.222355197153e-01, 9.269758987111e-04, 1.0918e+00, 4.2560e-03, 
 2DIAGNOSTIC,    44, -7.286060641905e-01, 9.645853208995e-04, 1.0960e+00, 4.2651e-03, 
 2DIAGNOSTIC,    45, -7.390375358172e-01, 1.014291214243e-03, 1.1004e+00, 4.3359e-03, 
 2DIAGNOSTIC,    46, -7.436723381925e-01, 1.022026150265e-03, 1.1050e+00, 4.6179e-03, 
 2DIAGNOSTIC,    47, -7.509288514603e-01, 1.030047452403e-03, 1.1125e+00, 7.5350e-03, 
 2DIAGNOSTIC,    48, -7.534332859626e-01, 1.036983491355e-03, 1.1172e+00, 4.7269e-03, 
 2DIAGNOSTIC,    49, -7.534889451016e-01, 9.931046402452e-04, 1.1214e+00, 4.1900e-03, 
 2DIAGNOSTIC,    50, -7.537301592640e-01, 8.743755433956e-04, 1.1256e+00, 4.2081e-03, 
 2DIAGNOSTIC,    51, -7.543916735530e-01, 7.476722581193e-04, 1.1298e+00, 4.1771e-03, 
 2DIAGNOSTIC,    52, -7.563231169674e-01, 5.980552272378e-04, 1.1346e+00, 4.7400e-03, 
 2DIAGNOSTIC,    53, -7.580259119911e-01, 4.342776718869e-04, 1.1388e+00, 4.2109e-03, 
 2DIAGNOSTIC,    54, -7.586948363079e-01, 2.907147882259e-04, 1.1429e+00, 4.1800e-03, 
 2DIAGNOSTIC,    55, -7.596193407040e-01, 2.139358148269e-04, 1.1492e+00, 6.2962e-03, 
 2DIAGNOSTIC,    56, -7.608078878639e-01, 1.628427434297e-04, 1.1539e+00, 4.6952e-03, 
 2DIAGNOSTIC,    57, -7.610740820522e-01, 1.535803784911e-04, 1.1586e+00, 4.6730e-03, 
 2DIAGNOSTIC,    58, -7.608429353529e-01, 1.466424096700e-04, 1.1627e+00, 4.1220e-03, 
 2DIAGNOSTIC,    59, -7.609378311768e-01, 1.273369679152e-04, 1.1669e+00, 4.1330e-03, 
 2DIAGNOSTIC,    60, -7.610434878842e-01, 9.910370358387e-05, 1.1720e+00, 5.1680e-03, 
 2DIAGNOSTIC,    61, -7.616984293910e-01, 7.119620545271e-05, 1.1773e+00, 5.3000e-03, 
 2DIAGNOSTIC,    62, -7.616185007319e-01, 4.976848103839e-05, 1.1904e+00, 1.3062e-02, 
 2DIAGNOSTIC,    63, -7.616185004257e-01, 3.591778034264e-05, 1.1946e+00, 4.1800e-03, 
 2DIAGNOSTIC,    64, -7.616185076228e-01, 2.354754628609e-05, 1.1987e+00, 4.0951e-03, 
 2DIAGNOSTIC,    65, -7.616185197926e-01, 1.509023175277e-05, 1.2028e+00, 4.0970e-03, 
 2DIAGNOSTIC,    66, -7.616185403708e-01, 1.292329560690e-05, 1.2069e+00, 4.1101e-03, 
 2DIAGNOSTIC,    67, -7.616185751658e-01, 1.134794523430e-05, 1.2110e+00, 4.1010e-03, 
 2DIAGNOSTIC,    68, -7.616186339971e-01, 7.426400209690e-06, 1.2151e+00, 4.0820e-03, 
 2DIAGNOSTIC,    69, -7.616187334610e-01, 3.561104381714e-06, 1.2191e+00, 4.0720e-03, 
DIAGNOSTIC,Iteration,metricValue,convergenceValue,ITERATION_TIME_INDEX,SINCE_LAST
 2DIAGNOSTIC,     1, -6.034030501870e-01, 1.797693134862e+308, 2.0197e+00, 8.0053e-01, 
 2DIAGNOSTIC,     2, -6.042382254371e-01, 1.797693134862e+308, 2.0492e+00, 2.9554e-02, 
 2DIAGNOSTIC,     3, -6.054702915674e-01, 1.797693134862e+308, 2.0786e+00, 2.9369e-02, 
 2DIAGNOSTIC,     4, -6.075086223033e-01, 1.797693134862e+308, 2.1078e+00, 2.9228e-02, 
 2DIAGNOSTIC,     5, -6.088130196049e-01, 1.797693134862e+308, 2.1367e+00, 2.8883e-02, 
 2DIAGNOSTIC,     6, -6.100805007832e-01, 1.797693134862e+308, 2.1663e+00, 2.9583e-02, 
 2DIAGNOSTIC,     7, -6.119145135730e-01, 1.797693134862e+308, 2.1961e+00, 2.9821e-02, 
 2DIAGNOSTIC,     8, -6.160204171842e-01, 1.797693134862e+308, 2.2290e+00, 3.2896e-02, 
 2DIAGNOSTIC,     9, -6.177815655415e-01, 1.797693134862e+308, 2.2745e+00, 4.5500e-02, 
 2DIAGNOSTIC,    10, -6.183836544317e-01, 1.702129195027e-03, 2.3054e+00, 3.0918e-02, 
 2DIAGNOSTIC,    11, -6.186368648219e-01, 1.548629759501e-03, 2.3390e+00, 3.3538e-02, 
 2DIAGNOSTIC,    12, -6.193058124709e-01, 1.340198363196e-03, 2.3757e+00, 3.6712e-02, 
 2DIAGNOSTIC,    13, -6.198452455132e-01, 1.102746781266e-03, 2.4093e+00, 3.3660e-02, 
 2DIAGNOSTIC,    14, -6.200269426242e-01, 8.718379841362e-04, 2.4422e+00, 3.2837e-02, 
 2DIAGNOSTIC,    15, -6.201726619437e-01, 6.389633721110e-04, 2.4756e+00, 3.3417e-02, 
 2DIAGNOSTIC,    16, -6.201851090927e-01, 4.148532693372e-04, 2.5045e+00, 2.8901e-02, 
 2DIAGNOSTIC,    17, -6.203465666071e-01, 2.310600972022e-04, 2.5338e+00, 2.9342e-02, 
 2DIAGNOSTIC,    18, -6.208103268889e-01, 1.627395341634e-04, 2.5669e+00, 3.3055e-02, 
 2DIAGNOSTIC,    19, -6.209735519164e-01, 1.330928924510e-04, 2.5985e+00, 3.1647e-02, 
 2DIAGNOSTIC,    20, -6.213106264202e-01, 1.161527837117e-04, 2.6432e+00, 4.4655e-02, 
 2DIAGNOSTIC,    21, -6.213966102055e-01, 9.738594956883e-05, 2.6720e+00, 2.8767e-02, 
 2DIAGNOSTIC,    22, -6.214387124043e-01, 8.607639459953e-05, 2.7125e+00, 4.0567e-02, 
 2DIAGNOSTIC,    23, -6.214653936596e-01, 7.906009557538e-05, 2.7455e+00, 3.3011e-02, 
 2DIAGNOSTIC,    24, -6.214490655043e-01, 6.841781528834e-05, 2.7803e+00, 3.4748e-02, 
 2DIAGNOSTIC,    25, -6.214253655561e-01, 5.466081705934e-05, 2.8188e+00, 3.8547e-02, 
 2DIAGNOSTIC,    26, -6.214202087121e-01, 3.711006589453e-05, 2.8572e+00, 3.8423e-02, 
 2DIAGNOSTIC,    27, -6.214016535045e-01, 1.980333712646e-05, 2.8901e+00, 3.2884e-02, 
 2DIAGNOSTIC,    28, -6.213854951122e-01, 9.354711007513e-06, 2.9242e+00, 3.4053e-02, 
 2DIAGNOSTIC,    29, -6.213848072769e-01, 1.317871859502e-06, 2.9627e+00, 3.8534e-02, 
DIAGNOSTIC,Iteration,metricValue,convergenceValue,ITERATION_TIME_INDEX,SINCE_LAST
 2DIAGNOSTIC,     1, -5.349729750350e-01, 1.797693134862e+308, 4.1803e+00, 1.2176e+00, 
 2DIAGNOSTIC,     2, -5.352332898149e-01, 1.797693134862e+308, 4.4724e+00, 2.9206e-01, 
 2DIAGNOSTIC,     3, -5.353359866328e-01, 1.797693134862e+308, 4.7438e+00, 2.7147e-01, 
 2DIAGNOSTIC,     4, -5.354053828430e-01, 1.797693134862e+308, 5.0144e+00, 2.7055e-01, 
 2DIAGNOSTIC,     5, -5.357298617337e-01, 1.797693134862e+308, 5.3717e+00, 3.5730e-01, 
 2DIAGNOSTIC,     6, -5.357280084495e-01, 1.797693134862e+308, 5.6216e+00, 2.4993e-01, 
 2DIAGNOSTIC,     7, -5.357354108178e-01, 1.797693134862e+308, 5.8753e+00, 2.5367e-01, 
 2DIAGNOSTIC,     8, -5.357759910905e-01, 1.797693134862e+308, 6.1598e+00, 2.8451e-01, 
 2DIAGNOSTIC,     9, -5.358457128030e-01, 1.797693134862e+308, 6.4884e+00, 3.2858e-01, 
 2DIAGNOSTIC,    10, -5.358494648037e-01, 1.026400303626e-04, 6.7437e+00, 2.5530e-01, 
 2DIAGNOSTIC,    11, -5.358616725050e-01, 7.085985566685e-05, 6.9875e+00, 2.4387e-01, 
 2DIAGNOSTIC,    12, -5.358760476410e-01, 5.059695943574e-05, 7.2816e+00, 2.9404e-01, 
 2DIAGNOSTIC,    13, -5.358861628265e-01, 3.375763341730e-05, 7.5474e+00, 2.6584e-01, 
 2DIAGNOSTIC,    14, -5.358883053954e-01, 1.879581220858e-05, 7.8143e+00, 2.6682e-01, 
 2DIAGNOSTIC,    15, -5.358886280675e-01, 1.583580010256e-05, 8.1218e+00, 3.0754e-01, 
 2DIAGNOSTIC,    16, -5.358925763521e-01, 1.210162289672e-05, 8.3907e+00, 2.6890e-01, 
 2DIAGNOSTIC,    17, -5.358904155485e-01, 8.018864341930e-06, 9.2217e+00, 8.3096e-01, 
 2DIAGNOSTIC,    18, -5.358904155474e-01, 4.962901480103e-06, 1.0173e+01, 9.5096e-01, 
 2DIAGNOSTIC,    19, -5.358904155474e-01, 3.886069075879e-06, 1.0440e+01, 2.6788e-01, 
 2DIAGNOSTIC,    20, -5.358904155474e-01, 2.808997033837e-06, 1.0711e+01, 2.7051e-01, 
 2DIAGNOSTIC,    21, -5.358904155474e-01, 2.021506422471e-06, 1.1067e+01, 3.5557e-01, 
 2DIAGNOSTIC,    22, -5.358904155474e-01, 1.599267406685e-06, 1.1360e+01, 2.9361e-01, 
 2DIAGNOSTIC,    23, -5.358904155474e-01, 1.433096721147e-06, 1.1690e+01, 3.2938e-01, 
 2DIAGNOSTIC,    24, -5.358904155474e-01, 1.323547649326e-06, 1.2021e+01, 3.3140e-01, 
 2DIAGNOSTIC,    25, -5.358904155474e-01, 1.226863386633e-06, 1.2352e+01, 3.3150e-01, 
 2DIAGNOSTIC,    26, -5.358904155474e-01, 1.223752007833e-06, 1.2627e+01, 2.7440e-01, 
 2DIAGNOSTIC,    27, -5.358904155474e-01, 1.178417412005e-06, 1.2887e+01, 2.5980e-01, 
 2DIAGNOSTIC,    28, -5.358904155474e-01, 1.136321702365e-06, 1.3170e+01, 2.8359e-01, 
 2DIAGNOSTIC,    29, -5.358904155474e-01, 1.097129769353e-06, 1.3438e+01, 2.6814e-01, 
 2DIAGNOSTIC,    30, -5.358904155474e-01, 1.060551175013e-06, 1.3709e+01, 2.7051e-01, 
 2DIAGNOSTIC,    31, -5.358904155474e-01, 1.026332964713e-06, 1.3979e+01, 2.6995e-01, 
DIAGNOSTIC,Iteration,metricValue,convergenceValue,ITERATION_TIME_INDEX,SINCE_LAST
 2DIAGNOSTIC,     1, -4.895883723326e-01, 1.797693134862e+308, 1.7926e+01, 3.9467e+00, 
 2DIAGNOSTIC,     2, -4.895884750753e-01, 1.797693134862e+308, 1.9616e+01, 1.6905e+00, 
 2DIAGNOSTIC,     3, -4.895885923438e-01, 1.797693134862e+308, 2.1192e+01, 1.5764e+00, 
 2DIAGNOSTIC,     4, -4.895878878835e-01, 1.797693134862e+308, 2.2724e+01, 1.5313e+00, 
 2DIAGNOSTIC,     5, -4.895877044840e-01, 1.797693134862e+308, 2.4336e+01, 1.6127e+00, 
 2DIAGNOSTIC,     6, -4.895875067924e-01, 1.797693134862e+308, 2.5976e+01, 1.6392e+00, 
 2DIAGNOSTIC,     7, -4.895872873483e-01, 1.797693134862e+308, 2.7531e+01, 1.5549e+00, 
 2DIAGNOSTIC,     8, -4.895878007360e-01, 1.797693134862e+308, 2.9770e+01, 2.2391e+00, 
 2DIAGNOSTIC,     9, -4.895878480153e-01, 1.797693134862e+308, 3.1418e+01, 1.6481e+00, 
 2DIAGNOSTIC,    10, -4.895876459970e-01, 3.056590155801e-06, 3.2973e+01, 1.5552e+00, 
 2DIAGNOSTIC,    11, -4.895872326821e-01, 2.781599300408e-06, 3.4647e+01, 1.6736e+00, 
 2DIAGNOSTIC,    12, -4.895869579318e-01, 2.553896134100e-06, 3.6332e+01, 1.6859e+00, 
 2DIAGNOSTIC,    13, -4.895869162785e-01, 2.373635869760e-06, 3.7915e+01, 1.5824e+00, 
 2DIAGNOSTIC,    14, -4.895867321000e-01, 2.188457905755e-06, 3.9718e+01, 1.8033e+00, 
 2DIAGNOSTIC,    15, -4.895866380330e-01, 2.025508924516e-06, 4.1359e+01, 1.6409e+00, 
 2DIAGNOSTIC,    16, -4.895863155442e-01, 1.873572769442e-06, 4.3042e+01, 1.6827e+00, 
 2DIAGNOSTIC,    17, -4.895864513281e-01, 1.746993954020e-06, 4.4815e+01, 1.7733e+00, 
 2DIAGNOSTIC,    18, -4.895862264466e-01, 1.654694349332e-06, 4.6361e+01, 1.5456e+00, 
 2DIAGNOSTIC,    19, -4.895861193609e-01, 1.580794446829e-06, 4.7880e+01, 1.5190e+00, 
 2DIAGNOSTIC,    20, -4.895860186946e-01, 1.514583130025e-06, 4.9295e+01, 1.4153e+00, 
 2DIAGNOSTIC,    21, -4.895860451649e-01, 1.451264919697e-06, 5.0974e+01, 1.6792e+00, 
 2DIAGNOSTIC,    22, -4.895859552298e-01, 1.389836466394e-06, 5.2393e+01, 1.4186e+00, 
 2DIAGNOSTIC,    23, -4.895858833377e-01, 1.336226001090e-06, 5.3809e+01, 1.4166e+00, 
 2DIAGNOSTIC,    24, -4.895860742226e-01, 1.291765146842e-06, 5.5364e+01, 1.5549e+00, 
 2DIAGNOSTIC,    25, -4.895863163284e-01, 1.257490991079e-06, 5.6903e+01, 1.5393e+00, 
 2DIAGNOSTIC,    26, -4.895865812854e-01, 1.225660372660e-06, 5.8538e+01, 1.6343e+00, 
 2DIAGNOSTIC,    27, -4.895863798267e-01, 1.194646776351e-06, 6.0200e+01, 1.6621e+00, 
 2DIAGNOSTIC,    28, -4.895860432352e-01, 1.152983524592e-06, 6.1728e+01, 1.5284e+00, 
 2DIAGNOSTIC,    29, -4.895858931240e-01, 1.107635728852e-06, 6.3129e+01, 1.4012e+00, 
 2DIAGNOSTIC,    30, -4.895860323122e-01, 1.064811045864e-06, 6.4747e+01, 1.6174e+00, 
 2DIAGNOSTIC,    31, -4.895859214517e-01, 1.022537511823e-06, 6.6539e+01, 1.7926e+00, 
  Elapsed time (stage 0): 6.7501e+01


Total elapsed time: 6.7503e+01
Info [verificarlo]: loaded backend libinterflop_vprec.so
Info [interflop-vprec]: load backend with: 
Info [interflop-vprec]: precision-binary32 = 15
Info [interflop-vprec]: range-binary32 = 8
Info [interflop-vprec]: precision-binary64 = 15
Info [interflop-vprec]: range-binary64 = 8
Info [interflop-vprec]: mode = ob
Info [interflop-vprec]: error-mode = rel
Info [interflop-vprec]: max-abs-error-exponent = -1022
Info [interflop-vprec]: daz = false
Info [interflop-vprec]: ftz = false
Info [interflop-vprec]: 	instrument = none
Info [interflop-vprec]: 	prec-input-file = (null)
Info [interflop-vprec]: 	prec-output-file = (null)
Info [interflop-vprec]: 	prec-log-file = (null)
All_Command_lines_OK
Using double precision for computations.
=============================================================================
The composite transform comprises the following transforms (in order): 
  1. /home/mdugre/scratch/mri-registration-rp/datasets/ds004513/derivatives/mri-registration-rp/0011/antsRegistration-r8-p15/sub-s025/rigid_Composite.h5[0] (type = Euler3DTransform)
  2. /home/mdugre/scratch/mri-registration-rp/datasets/ds004513/derivatives/mri-registration-rp/0011/antsRegistration-r8-p15/sub-s025/rigid_Composite.h5[1] (type = Euler3DTransform)
  3. /home/mdugre/scratch/mri-registration-rp/datasets/ds004513/derivatives/mri-registration-rp/0011/antsRegistration-r8-p15/sub-s025/rigid_Composite.h5[2] (type = Euler3DTransform)
=============================================================================
  number of levels = 4
  fixed image: /templateflow/tpl-MNI152NLin2009cAsym/tpl-MNI152NLin2009cAsym_res-01_desc-brain_T1w.nii.gz
  moving image: /home/mdugre/scratch/mri-registration-rp/datasets/ds004513/derivatives/mri-registration-rp/antsBrainExtraction/sub-s025/BrainExtractionBrain.nii.gz
Dimension = 3
Number of stages = 1
Use histogram matching = false
Winsorize image intensities = true
  Lower quantile = 0.005
  Upper quantile = 0.995


Stage 1 State
   Image metric = MattesMI
     Fixed image = Image (0x3ae0490)
  RTTI typeinfo:   itk::Image<double, 3u>
  Reference Count: 2
  Modified Time: 1592
  Debug: Off
  Object Name: 
  Observers: 
    none
  Source: (none)
  Source output name: (none)
  Release Data: Off
  Data Released: False
  Global Release Data: Off
  PipelineMTime: 0
  UpdateMTime: 1203
  RealTimeStamp: 0 seconds 
  LargestPossibleRegion: 
    Dimension: 3
    Index: [0, 0, 0]
    Size: [193, 229, 193]
  BufferedRegion: 
    Dimension: 3
    Index: [0, 0, 0]
    Size: [193, 229, 193]
  RequestedRegion: 
    Dimension: 3
    Index: [0, 0, 0]
    Size: [193, 229, 193]
  Spacing: [1, 1, 1]
  Origin: [96, 132, -78]
  Direction: 
-1 0 0
0 -1 0
0 0 1

  IndexToPointMatrix: 
-1 0 0
0 -1 0
0 0 1

  PointToIndexMatrix: 
-1 0 0
0 -1 0
0 0 1

  Inverse Direction: 
-1 0 0
0 -1 0
0 0 1

  PixelContainer: 
    ImportImageContainer (0x3bab8c0)
      RTTI typeinfo:   itk::ImportImageContainer<unsigned long, double>
      Reference Count: 1
      Modified Time: 1200
      Debug: Off
      Object Name: 
      Observers: 
        none
      Pointer: 0x147fcd9a8010
      Container manages memory: true
      Size: 8530021
      Capacity: 8530021

     Moving image = Image (0x3b9bb60)
  RTTI typeinfo:   itk::Image<double, 3u>
  Reference Count: 2
  Modified Time: 1593
  Debug: Off
  Object Name: 
  Observers: 
    none
  Source: (none)
  Source output name: (none)
  Release Data: Off
  Data Released: False
  Global Release Data: Off
  PipelineMTime: 0
  UpdateMTime: 1590
  RealTimeStamp: 0 seconds 
  LargestPossibleRegion: 
    Dimension: 3
    Index: [0, 0, 0]
    Size: [176, 240, 256]
  BufferedRegion: 
    Dimension: 3
    Index: [0, 0, 0]
    Size: [176, 240, 256]
  RequestedRegion: 
    Dimension: 3
    Index: [0, 0, 0]
    Size: [176, 240, 256]
  Spacing: [1, 1, 1]
  Origin: [90.377, 84.5098, -154.07]
  Direction: 
-0.99939 7.4819e-06 -0.0348969
-7.47666e-06 -1 -2.79528e-07
-0.0348969 -1.84482e-08 0.99939

  IndexToPointMatrix: 
-0.99939 7.4819e-06 -0.0348969
-7.47666e-06 -1 -2.79528e-07
-0.0348969 -1.84482e-08 0.99939

  PointToIndexMatrix: 
-0.99939 -7.47666e-06 -0.0348969
7.4819e-06 -1 -1.84446e-08
-0.0348969 -2.79528e-07 0.99939

  Inverse Direction: 
-0.99939 -7.47666e-06 -0.0348969
7.4819e-06 -1 -1.84446e-08
-0.0348969 -2.79528e-07 0.99939

  PixelContainer: 
    ImportImageContainer (0x3c2f1d0)
      RTTI typeinfo:   itk::ImportImageContainer<unsigned long, double>
      Reference Count: 1
      Modified Time: 1587
      Debug: Off
      Object Name: 
      Observers: 
        none
      Pointer: 0x147fc8727010
      Container manages memory: true
      Size: 10813440
      Capacity: 10813440

     Weighting = 1
     Sampling strategy = regular
     Number of bins = 32
     Radius = 4
     Sampling percentage  = 0.25
   Transform = Affine
     Gradient step = 0.1
     Update field sigma (voxel space) = 0
     Total field sigma (voxel space) = 0
     Update field time sigma = 0
     Total field time sigma  = 0
     Number of time indices = 0
     Number of time point samples = 0
Registration using 1 total stages.

Stage 0
  iterations = 1000x500x250x100
  convergence threshold = 1e-06
  convergence window size = 10
  number of levels = 4
  using the Mattes MI metric (number of bins = 32, weight = 1, use gradient filter = 0)
  preprocessing:  winsorizing the image intensities
  Shrink factors (level 1 out of 4): [8, 8, 8]
  Shrink factors (level 2 out of 4): [4, 4, 4]
  Shrink factors (level 3 out of 4): [2, 2, 2]
  Shrink factors (level 4 out of 4): [1, 1, 1]
  smoothing sigmas per level: [3, 2, 1, 0]
  regular sampling (percentage = 0.25)

*** Running AffineTransform registration ***

DIAGNOSTIC,Iteration,metricValue,convergenceValue,ITERATION_TIME_INDEX,SINCE_LAST
 2DIAGNOSTIC,     1, -7.481921078405e-01, 1.797693134862e+308, 0.0000e+00, 0.0000e+00, 
 2DIAGNOSTIC,     2, -7.498612265339e-01, 1.797693134862e+308, 0.0000e+00, 0.0000e+00, 
 2DIAGNOSTIC,     3, -7.529505551618e-01, 1.797693134862e+308, 0.0000e+00, 0.0000e+00, 
 2DIAGNOSTIC,     4, -7.577157299797e-01, 1.797693134862e+308, 0.0000e+00, 0.0000e+00, 
 2DIAGNOSTIC,     5, -7.660421800475e-01, 1.797693134862e+308, 0.0000e+00, 0.0000e+00, 
 2DIAGNOSTIC,     6, -7.796726024420e-01, 1.797693134862e+308, 0.0000e+00, 0.0000e+00, 
 2DIAGNOSTIC,     7, -8.009890417399e-01, 1.797693134862e+308, 0.0000e+00, 0.0000e+00, 
 2DIAGNOSTIC,     8, -8.576646296497e-01, 1.797693134862e+308, 0.0000e+00, 0.0000e+00, 
 2DIAGNOSTIC,     9, -8.920774318227e-01, 1.797693134862e+308, 0.0000e+00, 0.0000e+00, 
 2DIAGNOSTIC,    10, -8.998796464226e-01, 1.320746745270e-02, 0.0000e+00, 0.0000e+00, 
 2DIAGNOSTIC,    11, -9.171880050487e-01, 1.390165062612e-02, 0.0000e+00, 0.0000e+00, 
 2DIAGNOSTIC,    12, -9.251181595048e-01, 1.348968400545e-02, 0.0000e+00, 0.0000e+00, 
 2DIAGNOSTIC,    13, -9.297127923042e-01, 1.211714305148e-02, 0.0000e+00, 0.0000e+00, 
 2DIAGNOSTIC,    14, -9.330744994746e-01, 1.005879473833e-02, 0.0000e+00, 0.0000e+00, 
 2DIAGNOSTIC,    15, -9.343821365177e-01, 7.621426411338e-03, 0.0000e+00, 0.0000e+00, 
 2DIAGNOSTIC,    16, -9.355359761716e-01, 5.142068230077e-03, 0.0000e+00, 0.0000e+00, 
 2DIAGNOSTIC,    17, -9.365714256541e-01, 2.924680421597e-03, 0.0000e+00, 0.0000e+00, 
 2DIAGNOSTIC,    18, -9.377347353606e-01, 1.757822875217e-03, 0.0000e+00, 0.0000e+00, 
 2DIAGNOSTIC,    19, -9.378017375699e-01, 1.160948056274e-03, 0.0000e+00, 0.0000e+00, 
 2DIAGNOSTIC,    20, -9.379151697066e-01, 6.457410726957e-04, 0.0000e+00, 0.0000e+00, 
 2DIAGNOSTIC,    21, -9.381507776050e-01, 3.946228450056e-04, 0.0000e+00, 0.0000e+00, 
 2DIAGNOSTIC,    22, -9.382729198688e-01, 2.491528982961e-04, 0.0000e+00, 0.0000e+00, 
 2DIAGNOSTIC,    23, -9.381630441198e-01, 1.562357369924e-04, 0.0000e+00, 0.0000e+00, 
 2DIAGNOSTIC,    24, -9.380496747749e-01, 1.008678900304e-04, 0.0000e+00, 0.0000e+00, 
 2DIAGNOSTIC,    25, -9.381387249196e-01, 5.892882759424e-05, 0.0000e+00, 0.0000e+00, 
 2DIAGNOSTIC,    26, -9.380135066125e-01, 2.744668254699e-05, 0.0000e+00, 0.0000e+00, 
 2DIAGNOSTIC,    27, -9.379329155443e-01, 6.981656484883e-06, 0.0000e+00, 0.0000e+00, 
 2DIAGNOSTIC,    28, -9.380238205298e-01, 1.968453774218e-06, 0.0000e+00, 0.0000e+00, 
DIAGNOSTIC,Iteration,metricValue,convergenceValue,ITERATION_TIME_INDEX,SINCE_LAST
 2DIAGNOSTIC,     1, -7.500870881925e-01, 1.797693134862e+308, 0.0000e+00, 0.0000e+00, 
 2DIAGNOSTIC,     2, -7.505641521206e-01, 1.797693134862e+308, 0.0000e+00, 0.0000e+00, 
 2DIAGNOSTIC,     3, -7.511890873709e-01, 1.797693134862e+308, 0.0000e+00, 0.0000e+00, 
 2DIAGNOSTIC,     4, -7.518104604505e-01, 1.797693134862e+308, 0.0000e+00, 0.0000e+00, 
 2DIAGNOSTIC,     5, -7.529424989231e-01, 1.797693134862e+308, 0.0000e+00, 0.0000e+00, 
 2DIAGNOSTIC,     6, -7.542864515315e-01, 1.797693134862e+308, 0.0000e+00, 0.0000e+00, 
 2DIAGNOSTIC,     7, -7.542793371429e-01, 1.797693134862e+308, 0.0000e+00, 0.0000e+00, 
 2DIAGNOSTIC,     8, -7.543165131813e-01, 1.797693134862e+308, 0.0000e+00, 0.0000e+00, 
 2DIAGNOSTIC,     9, -7.543367436293e-01, 1.797693134862e+308, 0.0000e+00, 0.0000e+00, 
 2DIAGNOSTIC,    10, -7.543423640413e-01, 4.232705897425e-04, 0.0000e+00, 0.0000e+00, 
 2DIAGNOSTIC,    11, -7.543553049808e-01, 3.105471654152e-04, 0.0000e+00, 0.0000e+00, 
 2DIAGNOSTIC,    12, -7.543821638326e-01, 2.050219281893e-04, 0.0000e+00, 0.0000e+00, 
 2DIAGNOSTIC,    13, -7.543839352304e-01, 1.161764166776e-04, 0.0000e+00, 0.0000e+00, 
 2DIAGNOSTIC,    14, -7.543798697822e-01, 4.592362639040e-05, 0.0000e+00, 0.0000e+00, 
 2DIAGNOSTIC,    15, -7.543843958335e-01, 8.719284554884e-06, 0.0000e+00, 0.0000e+00, 
 2DIAGNOSTIC,    16, -7.543858323974e-01, 7.312422569045e-06, 0.0000e+00, 0.0000e+00, 
 2DIAGNOSTIC,    17, -7.543837372900e-01, 5.360952282568e-06, 0.0000e+00, 0.0000e+00, 
 2DIAGNOSTIC,    18, -7.543831177289e-01, 4.076741071835e-06, 0.0000e+00, 0.0000e+00, 
 2DIAGNOSTIC,    19, -7.543829699246e-01, 3.133752521013e-06, 0.0000e+00, 0.0000e+00, 
 2DIAGNOSTIC,    20, -7.543829745894e-01, 2.264164366592e-06, 0.0000e+00, 0.0000e+00, 
 2DIAGNOSTIC,    21, -7.543822242582e-01, 1.628519185677e-06, 0.0000e+00, 0.0000e+00, 
 2DIAGNOSTIC,    22, -7.543824715235e-01, 1.515013671800e-06, 0.0000e+00, 0.0000e+00, 
 2DIAGNOSTIC,    23, -7.543827764842e-01, 1.451623003752e-06, 0.0000e+00, 0.0000e+00, 
 2DIAGNOSTIC,    24, -7.543831428900e-01, 1.335485187701e-06, 0.0000e+00, 0.0000e+00, 
 2DIAGNOSTIC,    25, -7.543831344430e-01, 1.303347677402e-06, 0.0000e+00, 0.0000e+00, 
 2DIAGNOSTIC,    26, -7.543831898851e-01, 1.301768181854e-06, 0.0000e+00, 0.0000e+00, 
 2DIAGNOSTIC,    27, -7.543831765633e-01, 1.271744620897e-06, 0.0000e+00, 0.0000e+00, 
 2DIAGNOSTIC,    28, -7.543831765633e-01, 1.234220027416e-06, 0.0000e+00, 0.0000e+00, 
 2DIAGNOSTIC,    29, -7.543831765633e-01, 1.195391652595e-06, 0.0000e+00, 0.0000e+00, 
 2DIAGNOSTIC,    30, -7.543831765505e-01, 1.157446805365e-06, 0.0000e+00, 0.0000e+00, 
 2DIAGNOSTIC,    31, -7.543831765505e-01, 1.110618238237e-06, 0.0000e+00, 0.0000e+00, 
 2DIAGNOSTIC,    32, -7.543831732042e-01, 1.068277005342e-06, 0.0000e+00, 0.0000e+00, 
 2DIAGNOSTIC,    33, -7.543831732040e-01, 1.031375844222e-06, 0.0000e+00, 0.0000e+00, 
 2DIAGNOSTIC,    34, -7.543831732040e-01, 1.000657024505e-06, 0.0000e+00, 0.0000e+00, 
DIAGNOSTIC,Iteration,metricValue,convergenceValue,ITERATION_TIME_INDEX,SINCE_LAST
 2DIAGNOSTIC,     1, -6.412098232919e-01, 1.797693134862e+308, 0.0000e+00, 0.0000e+00, 
 2DIAGNOSTIC,     2, -6.417018390412e-01, 1.797693134862e+308, 0.0000e+00, 0.0000e+00, 
 2DIAGNOSTIC,     3, -6.422769842992e-01, 1.797693134862e+308, 0.0000e+00, 0.0000e+00, 
 2DIAGNOSTIC,     4, -6.428380053044e-01, 1.797693134862e+308, 0.0000e+00, 0.0000e+00, 
 2DIAGNOSTIC,     5, -6.434594265552e-01, 1.797693134862e+308, 0.0000e+00, 0.0000e+00, 
 2DIAGNOSTIC,     6, -6.442818842043e-01, 1.797693134862e+308, 0.0000e+00, 0.0000e+00, 
 2DIAGNOSTIC,     7, -6.444200951895e-01, 1.797693134862e+308, 0.0000e+00, 0.0000e+00, 
 2DIAGNOSTIC,     8, -6.445290655618e-01, 1.797693134862e+308, 0.0000e+00, 0.0000e+00, 
 2DIAGNOSTIC,     9, -6.445252357376e-01, 1.797693134862e+308, 0.0000e+00, 0.0000e+00, 
 2DIAGNOSTIC,    10, -6.446537408130e-01, 3.729669640617e-04, 0.0000e+00, 0.0000e+00, 
 2DIAGNOSTIC,    11, -6.447317088787e-01, 2.766377214563e-04, 0.0000e+00, 0.0000e+00, 
 2DIAGNOSTIC,    12, -6.447277320418e-01, 1.896004839638e-04, 0.0000e+00, 0.0000e+00, 
 2DIAGNOSTIC,    13, -6.447316406711e-01, 1.189720334599e-04, 0.0000e+00, 0.0000e+00, 
 2DIAGNOSTIC,    14, -6.447211096975e-01, 6.507131433076e-05, 0.0000e+00, 0.0000e+00, 
 2DIAGNOSTIC,    15, -6.447002230510e-01, 2.966577746971e-05, 0.0000e+00, 0.0000e+00, 
 2DIAGNOSTIC,    16, -6.447063927251e-01, 1.892974552245e-05, 0.0000e+00, 0.0000e+00, 
 2DIAGNOSTIC,    17, -6.447013815308e-01, 1.132005676040e-05, 0.0000e+00, 0.0000e+00, 
 2DIAGNOSTIC,    18, -6.447036907064e-01, 6.493084752569e-06, 0.0000e+00, 0.0000e+00, 
 2DIAGNOSTIC,    19, -6.447078457483e-01, 1.695559492386e-06, 0.0000e+00, 0.0000e+00, 
DIAGNOSTIC,Iteration,metricValue,convergenceValue,ITERATION_TIME_INDEX,SINCE_LAST
 2DIAGNOSTIC,     1, -5.760654109840e-01, 1.797693134862e+308, 0.0000e+00, 0.0000e+00, 
 2DIAGNOSTIC,     2, -5.765844806154e-01, 1.797693134862e+308, 0.0000e+00, 0.0000e+00, 
 2DIAGNOSTIC,     3, -5.772190807365e-01, 1.797693134862e+308, 0.0000e+00, 0.0000e+00, 
 2DIAGNOSTIC,     4, -5.778447741880e-01, 1.797693134862e+308, 0.0000e+00, 0.0000e+00, 
 2DIAGNOSTIC,     5, -5.784873499295e-01, 1.797693134862e+308, 0.0000e+00, 0.0000e+00, 
 2DIAGNOSTIC,     6, -5.795031722867e-01, 1.797693134862e+308, 0.0000e+00, 0.0000e+00, 
 2DIAGNOSTIC,     7, -5.795057326607e-01, 1.797693134862e+308, 0.0000e+00, 0.0000e+00, 
 2DIAGNOSTIC,     8, -5.795079385817e-01, 1.797693134862e+308, 0.0000e+00, 0.0000e+00, 
 2DIAGNOSTIC,     9, -5.795076551074e-01, 1.797693134862e+308, 0.0000e+00, 0.0000e+00, 
 2DIAGNOSTIC,    10, -5.795078164076e-01, 4.233687608271e-04, 0.0000e+00, 0.0000e+00, 
 2DIAGNOSTIC,    11, -5.795074279713e-01, 2.963941733130e-04, 0.0000e+00, 0.0000e+00, 
 2DIAGNOSTIC,    12, -5.795109442854e-01, 1.855496374130e-04, 0.0000e+00, 0.0000e+00, 
 2DIAGNOSTIC,    13, -5.795104375498e-01, 9.948179951529e-05, 0.0000e+00, 0.0000e+00, 
 2DIAGNOSTIC,    14, -5.795105242026e-01, 3.866817088079e-05, 0.0000e+00, 0.0000e+00, 
