
##########################
# Experiment information #
##########################

EXPERIMENT_NAME: antsRegistration-r8-p19
VFC_BACKENDS: libinterflop_vprec.so --range-binary32=8 --precision-binary32=19 --range-binary64=8 --precision-binary64=19

SIF_IMG: /home/mdugre/projects/rrg-glatard/mdugre/containers/ants-vprec-no_metrics.simg

SUBJECT_ID: s025
INPUT_IMG: /home/mdugre/scratch/mri-registration-rp/datasets/ds004513/derivatives/mri-registration-rp/antsBrainExtraction/sub-s025/BrainExtractionBrain.nii.gz
OUTPUT_DIR: /home/mdugre/scratch/mri-registration-rp/datasets/ds004513/derivatives/mri-registration-rp/0011/antsRegistration-r8-p19/sub-s025

FIXED_IMG: /templateflow/tpl-MNI152NLin2009cAsym/tpl-MNI152NLin2009cAsym_res-01_desc-brain_T1w.nii.gz
DATA_DIR: /home/mdugre/scratch/mri-registration-rp/datasets/ds004513
TEMPLATEFLOW_DIR: /home/mdugre/projects/rrg-glatard/mdugre/templateflow
ITK_GLOBAL_DEFAULT_NUMBER_OF_THREADS: 16
##########################

Info [verificarlo]: loaded backend libinterflop_ieee.so
Info [interflop-ieee]: load backend with:
Info [interflop-ieee]: debug = false
Info [interflop-ieee]: debug-binary = false
Info [interflop-ieee]: no-backend-name = false
Info [interflop-ieee]: print-new-line = false
Info [interflop-ieee]: print-subnormal-normalized = false
Info [interflop-ieee]: count-op = false
All_Command_lines_OK
Using double precision for computations.
=============================================================================
The composite transform comprises the following transforms (in order): 
  1. Center of mass alignment using fixed image: /templateflow/tpl-MNI152NLin2009cAsym/tpl-MNI152NLin2009cAsym_res-01_desc-brain_T1w.nii.gz and moving image: /home/mdugre/scratch/mri-registration-rp/datasets/ds004513/derivatives/mri-registration-rp/antsBrainExtraction/sub-s025/BrainExtractionBrain.nii.gz (type = Euler3DTransform)
=============================================================================
  number of levels = 1
  fixed image: /templateflow/tpl-MNI152NLin2009cAsym/tpl-MNI152NLin2009cAsym_res-01_desc-brain_T1w.nii.gz
  moving image: /home/mdugre/scratch/mri-registration-rp/datasets/ds004513/derivatives/mri-registration-rp/antsBrainExtraction/sub-s025/BrainExtractionBrain.nii.gz
Dimension = 3
Number of stages = 1
Use histogram matching = false
Winsorize image intensities = true
  Lower quantile = 0.005
  Upper quantile = 0.995


Stage 1 State
   Image metric = MattesMI
     Fixed image = Image (0x3356e70)
  RTTI typeinfo:   itk::Image<double, 3u>
  Reference Count: 2
  Modified Time: 2334
  Debug: Off
  Object Name: 
  Observers: 
    none
  Source: (none)
  Source output name: (none)
  Release Data: Off
  Data Released: False
  Global Release Data: Off
  PipelineMTime: 0
  UpdateMTime: 1943
  RealTimeStamp: 0 seconds 
  LargestPossibleRegion: 
    Dimension: 3
    Index: [0, 0, 0]
    Size: [193, 229, 193]
  BufferedRegion: 
    Dimension: 3
    Index: [0, 0, 0]
    Size: [193, 229, 193]
  RequestedRegion: 
    Dimension: 3
    Index: [0, 0, 0]
    Size: [193, 229, 193]
  Spacing: [1, 1, 1]
  Origin: [96, 132, -78]
  Direction: 
-1 0 0
0 -1 0
0 0 1

  IndexToPointMatrix: 
-1 0 0
0 -1 0
0 0 1

  PointToIndexMatrix: 
-1 0 0
0 -1 0
0 0 1

  Inverse Direction: 
-1 0 0
0 -1 0
0 0 1

  PixelContainer: 
    ImportImageContainer (0x335fc60)
      RTTI typeinfo:   itk::ImportImageContainer<unsigned long, double>
      Reference Count: 1
      Modified Time: 1940
      Debug: Off
      Object Name: 
      Observers: 
        none
      Pointer: 0x150c6c67b010
      Container manages memory: true
      Size: 8530021
      Capacity: 8530021

     Moving image = Image (0x3362610)
  RTTI typeinfo:   itk::Image<double, 3u>
  Reference Count: 2
  Modified Time: 2335
  Debug: Off
  Object Name: 
  Observers: 
    none
  Source: (none)
  Source output name: (none)
  Release Data: Off
  Data Released: False
  Global Release Data: Off
  PipelineMTime: 0
  UpdateMTime: 2332
  RealTimeStamp: 0 seconds 
  LargestPossibleRegion: 
    Dimension: 3
    Index: [0, 0, 0]
    Size: [176, 240, 256]
  BufferedRegion: 
    Dimension: 3
    Index: [0, 0, 0]
    Size: [176, 240, 256]
  RequestedRegion: 
    Dimension: 3
    Index: [0, 0, 0]
    Size: [176, 240, 256]
  Spacing: [0.999999, 1, 1]
  Origin: [90.3778, 84.5091, -154.071]
  Direction: 
-0.999391 7.48184e-06 -0.0348969
-7.47664e-06 -1 -2.7953e-07
-0.0348969 -1.84481e-08 0.999391

  IndexToPointMatrix: 
-0.99939 7.48184e-06 -0.0348969
-7.47663e-06 -1 -2.7953e-07
-0.0348968 -1.84481e-08 0.999391

  PointToIndexMatrix: 
-0.999392 -7.47665e-06 -0.0348969
7.48184e-06 -1 -1.84481e-08
-0.0348969 -2.7953e-07 0.999391

  Inverse Direction: 
-0.999391 -7.47664e-06 -0.0348969
7.48184e-06 -1 -1.84481e-08
-0.0348969 -2.7953e-07 0.999391

  PixelContainer: 
    ImportImageContainer (0x33fbef0)
      RTTI typeinfo:   itk::ImportImageContainer<unsigned long, double>
      Reference Count: 1
      Modified Time: 2329
      Debug: Off
      Object Name: 
      Observers: 
        none
      Pointer: 0x150c673fa010
      Container manages memory: true
      Size: 10813440
      Capacity: 10813440

     Weighting = 1
     Sampling strategy = regular
     Number of bins = 32
     Radius = 4
     Sampling percentage  = 0.25
   Transform = Rigid
     Gradient step = 0.1
     Update field sigma (voxel space) = 0
     Total field sigma (voxel space) = 0
     Update field time sigma = 0
     Total field time sigma  = 0
     Number of time indices = 0
     Number of time point samples = 0
Registration using 1 total stages.

Stage 0
  iterations = 0
  convergence threshold = 1e-06
  convergence window size = 10
  number of levels = 1
  using the Mattes MI metric (number of bins = 32, weight = 1, use gradient filter = 0)
  preprocessing:  winsorizing the image intensities
  Shrink factors (level 1 out of 1): [1, 1, 1]
  smoothing sigmas per level: [0]
  regular sampling (percentage = 0.25)

*** Running Euler3DTransform registration ***

  Elapsed time (stage 0): 1.21121


Total elapsed time: 1.21356
Info [verificarlo]: loaded backend libinterflop_ieee.so
Info [interflop-ieee]: load backend with:
Info [interflop-ieee]: debug = false
Info [interflop-ieee]: debug-binary = false
Info [interflop-ieee]: no-backend-name = false
Info [interflop-ieee]: print-new-line = false
Info [interflop-ieee]: print-subnormal-normalized = false
Info [interflop-ieee]: count-op = false
All_Command_lines_OK
Using double precision for computations.
=============================================================================
The composite transform comprises the following transforms (in order): 
  1. /home/mdugre/scratch/mri-registration-rp/datasets/ds004513/derivatives/mri-registration-rp/0011/antsRegistration-r8-p19/sub-s025/align_Composite.h5[0] (type = Euler3DTransform)
  2. /home/mdugre/scratch/mri-registration-rp/datasets/ds004513/derivatives/mri-registration-rp/0011/antsRegistration-r8-p19/sub-s025/align_Composite.h5[1] (type = Euler3DTransform)
=============================================================================
  number of levels = 4
  fixed image: /templateflow/tpl-MNI152NLin2009cAsym/tpl-MNI152NLin2009cAsym_res-01_desc-brain_T1w.nii.gz
  moving image: /home/mdugre/scratch/mri-registration-rp/datasets/ds004513/derivatives/mri-registration-rp/antsBrainExtraction/sub-s025/BrainExtractionBrain.nii.gz
Dimension = 3
Number of stages = 1
Use histogram matching = false
Winsorize image intensities = true
  Lower quantile = 0.005
  Upper quantile = 0.995


Stage 1 State
   Image metric = MattesMI
     Fixed image = Image (0x35d5530)
  RTTI typeinfo:   itk::Image<double, 3u>
  Reference Count: 2
  Modified Time: 1580
  Debug: Off
  Object Name: 
  Observers: 
    none
  Source: (none)
  Source output name: (none)
  Release Data: Off
  Data Released: False
  Global Release Data: Off
  PipelineMTime: 0
  UpdateMTime: 1189
  RealTimeStamp: 0 seconds 
  LargestPossibleRegion: 
    Dimension: 3
    Index: [0, 0, 0]
    Size: [193, 229, 193]
  BufferedRegion: 
    Dimension: 3
    Index: [0, 0, 0]
    Size: [193, 229, 193]
  RequestedRegion: 
    Dimension: 3
    Index: [0, 0, 0]
    Size: [193, 229, 193]
  Spacing: [1, 1, 1]
  Origin: [96, 132, -78]
  Direction: 
-1 0 0
0 -1 0
0 0 1

  IndexToPointMatrix: 
-1 0 0
0 -1 0
0 0 1

  PointToIndexMatrix: 
-1 0 0
0 -1 0
0 0 1

  Inverse Direction: 
-1 0 0
0 -1 0
0 0 1

  PixelContainer: 
    ImportImageContainer (0x3693d60)
      RTTI typeinfo:   itk::ImportImageContainer<unsigned long, double>
      Reference Count: 1
      Modified Time: 1186
      Debug: Off
      Object Name: 
      Observers: 
        none
      Pointer: 0x152ae7fa5010
      Container manages memory: true
      Size: 8530021
      Capacity: 8530021

     Moving image = Image (0x3685f60)
  RTTI typeinfo:   itk::Image<double, 3u>
  Reference Count: 2
  Modified Time: 1581
  Debug: Off
  Object Name: 
  Observers: 
    none
  Source: (none)
  Source output name: (none)
  Release Data: Off
  Data Released: False
  Global Release Data: Off
  PipelineMTime: 0
  UpdateMTime: 1578
  RealTimeStamp: 0 seconds 
  LargestPossibleRegion: 
    Dimension: 3
    Index: [0, 0, 0]
    Size: [176, 240, 256]
  BufferedRegion: 
    Dimension: 3
    Index: [0, 0, 0]
    Size: [176, 240, 256]
  RequestedRegion: 
    Dimension: 3
    Index: [0, 0, 0]
    Size: [176, 240, 256]
  Spacing: [0.999999, 1, 1]
  Origin: [90.3778, 84.5091, -154.071]
  Direction: 
-0.999391 7.48184e-06 -0.0348969
-7.47664e-06 -1 -2.7953e-07
-0.0348969 -1.84481e-08 0.999391

  IndexToPointMatrix: 
-0.99939 7.48184e-06 -0.0348969
-7.47663e-06 -1 -2.7953e-07
-0.0348968 -1.84481e-08 0.999391

  PointToIndexMatrix: 
-0.999392 -7.47665e-06 -0.0348969
7.48184e-06 -1 -1.84481e-08
-0.0348969 -2.7953e-07 0.999391

  Inverse Direction: 
-0.999391 -7.47664e-06 -0.0348969
7.48184e-06 -1 -1.84481e-08
-0.0348969 -2.7953e-07 0.999391

  PixelContainer: 
    ImportImageContainer (0x36776d0)
      RTTI typeinfo:   itk::ImportImageContainer<unsigned long, double>
      Reference Count: 1
      Modified Time: 1575
      Debug: Off
      Object Name: 
      Observers: 
        none
      Pointer: 0x152ae2d24010
      Container manages memory: true
      Size: 10813440
      Capacity: 10813440

     Weighting = 1
     Sampling strategy = regular
     Number of bins = 32
     Radius = 4
     Sampling percentage  = 0.25
   Transform = Rigid
     Gradient step = 0.1
     Update field sigma (voxel space) = 0
     Total field sigma (voxel space) = 0
     Update field time sigma = 0
     Total field time sigma  = 0
     Number of time indices = 0
     Number of time point samples = 0
Registration using 1 total stages.

Stage 0
  iterations = 1000x500x250x100
  convergence threshold = 1e-06
  convergence window size = 10
  number of levels = 4
  using the Mattes MI metric (number of bins = 32, weight = 1, use gradient filter = 0)
  preprocessing:  winsorizing the image intensities
  Shrink factors (level 1 out of 4): [8, 8, 8]
  Shrink factors (level 2 out of 4): [4, 4, 4]
  Shrink factors (level 3 out of 4): [2, 2, 2]
  Shrink factors (level 4 out of 4): [1, 1, 1]
  smoothing sigmas per level: [3, 2, 1, 0]
  regular sampling (percentage = 0.25)

*** Running Euler3DTransform registration ***

DIAGNOSTIC,Iteration,metricValue,convergenceValue,ITERATION_TIME_INDEX,SINCE_LAST
 2DIAGNOSTIC,     1, -5.323241903179e-01, 1.797693134862e+308, 7.8050e-01, 7.8050e-01, 
 2DIAGNOSTIC,     2, -5.346190553927e-01, 1.797693134862e+308, 7.8512e-01, 4.6148e-03, 
 2DIAGNOSTIC,     3, -5.378036555361e-01, 1.797693134862e+308, 7.8966e-01, 4.5400e-03, 
 2DIAGNOSTIC,     4, -5.422949451405e-01, 1.797693134862e+308, 7.9409e-01, 4.4360e-03, 
 2DIAGNOSTIC,     5, -5.486805952477e-01, 1.797693134862e+308, 7.9849e-01, 4.4000e-03, 
 2DIAGNOSTIC,     6, -5.542790085272e-01, 1.797693134862e+308, 8.0296e-01, 4.4730e-03, 
 2DIAGNOSTIC,     7, -5.627123115611e-01, 1.797693134862e+308, 8.0742e-01, 4.4529e-03, 
 2DIAGNOSTIC,     8, -5.766609943856e-01, 1.797693134862e+308, 8.1193e-01, 4.5161e-03, 
 2DIAGNOSTIC,     9, -5.881111419397e-01, 1.797693134862e+308, 8.1647e-01, 4.5400e-03, 
 2DIAGNOSTIC,    10, -6.012927005665e-01, 7.820055967720e-03, 8.2251e-01, 6.0370e-03, 
 2DIAGNOSTIC,    11, -6.192402913589e-01, 8.564422673931e-03, 8.3051e-01, 8.0001e-03, 
 2DIAGNOSTIC,    12, -6.197111897441e-01, 8.513711436496e-03, 8.3506e-01, 4.5519e-03, 
 2DIAGNOSTIC,    13, -6.223136777510e-01, 7.932305190643e-03, 8.3952e-01, 4.4611e-03, 
 2DIAGNOSTIC,    14, -6.239859078533e-01, 6.938967258809e-03, 8.4400e-01, 4.4770e-03, 
 2DIAGNOSTIC,    15, -6.258731029037e-01, 5.722268374543e-03, 8.4849e-01, 4.4930e-03, 
 2DIAGNOSTIC,    16, -6.290042957046e-01, 4.404898010736e-03, 8.5306e-01, 4.5640e-03, 
 2DIAGNOSTIC,    17, -6.327399548188e-01, 3.192249458076e-03, 8.5906e-01, 6.0000e-03, 
 2DIAGNOSTIC,    18, -6.361770329222e-01, 2.298162514716e-03, 8.6482e-01, 5.7621e-03, 
 2DIAGNOSTIC,    19, -6.381920795098e-01, 1.629119691778e-03, 8.6996e-01, 5.1351e-03, 
 2DIAGNOSTIC,    20, -6.414786468643e-01, 1.264281191409e-03, 8.7458e-01, 4.6229e-03, 
 2DIAGNOSTIC,    21, -6.422621311576e-01, 1.244231354728e-03, 8.7923e-01, 4.6551e-03, 
 2DIAGNOSTIC,    22, -6.443386369748e-01, 1.164065699588e-03, 8.8383e-01, 4.5991e-03, 
 2DIAGNOSTIC,    23, -6.458367311065e-01, 1.066297095918e-03, 8.8856e-01, 4.7262e-03, 
 2DIAGNOSTIC,    24, -6.528535016220e-01, 1.047817943827e-03, 8.9397e-01, 5.4140e-03, 
 2DIAGNOSTIC,    25, -6.591704565946e-01, 1.083081266365e-03, 9.0036e-01, 6.3832e-03, 
 2DIAGNOSTIC,    26, -6.605963663252e-01, 1.093549182700e-03, 9.0551e-01, 5.1520e-03, 
 2DIAGNOSTIC,    27, -6.608439805750e-01, 1.070984918372e-03, 9.1013e-01, 4.6191e-03, 
 2DIAGNOSTIC,    28, -6.615671818075e-01, 1.019502609986e-03, 9.1479e-01, 4.6611e-03, 
 2DIAGNOSTIC,    29, -6.628794626323e-01, 9.260607515633e-04, 9.1955e-01, 4.7629e-03, 
 2DIAGNOSTIC,    30, -6.728294804112e-01, 9.537367379180e-04, 9.2602e-01, 6.4659e-03, 
 2DIAGNOSTIC,    31, -6.735478280964e-01, 9.084139693724e-04, 9.3065e-01, 4.6329e-03, 
 2DIAGNOSTIC,    32, -6.743491711268e-01, 8.254112904929e-04, 9.3538e-01, 4.7259e-03, 
 2DIAGNOSTIC,    33, -6.778518308655e-01, 7.396586831085e-04, 9.4032e-01, 4.9429e-03, 
 2DIAGNOSTIC,    34, -6.872952949744e-01, 8.064168138366e-04, 9.5034e-01, 1.0024e-02, 
 2DIAGNOSTIC,    35, -6.877323369011e-01, 8.751618555855e-04, 9.5501e-01, 4.6709e-03, 
 2DIAGNOSTIC,    36, -6.893215730364e-01, 8.964276042636e-04, 9.5963e-01, 4.6210e-03, 
 2DIAGNOSTIC,    37, -6.927382467396e-01, 8.791401918522e-04, 9.6421e-01, 4.5750e-03, 
 2DIAGNOSTIC,    38, -7.010237687619e-01, 8.853403006021e-04, 9.6884e-01, 4.6329e-03, 
 2DIAGNOSTIC,    39, -7.063985290626e-01, 8.771405059200e-04, 9.7341e-01, 4.5710e-03, 
 2DIAGNOSTIC,    40, -7.084292963212e-01, 9.204367480239e-04, 9.7807e-01, 4.6549e-03, 
 2DIAGNOSTIC,    41, -7.161004002989e-01, 9.681497896929e-04, 9.8331e-01, 5.2419e-03, 
 2DIAGNOSTIC,    42, -7.193447818606e-01, 9.621456039913e-04, 9.8966e-01, 6.3529e-03, 
 2DIAGNOSTIC,    43, -7.222353589563e-01, 9.269731089742e-04, 9.9426e-01, 4.5969e-03, 
 2DIAGNOSTIC,    44, -7.286059876947e-01, 9.645823571028e-04, 9.9889e-01, 4.6270e-03, 
 2DIAGNOSTIC,    45, -7.390363506329e-01, 1.014277463194e-03, 1.0035e+00, 4.6270e-03, 
 2DIAGNOSTIC,    46, -7.436713845065e-01, 1.022005995472e-03, 1.0085e+00, 4.9469e-03, 
 2DIAGNOSTIC,    47, -7.509277401430e-01, 1.030021498275e-03, 1.0166e+00, 8.1749e-03, 
 2DIAGNOSTIC,    48, -7.534327926406e-01, 1.036959858036e-03, 1.0218e+00, 5.1222e-03, 
 2DIAGNOSTIC,    49, -7.534886431756e-01, 9.930873293186e-04, 1.0263e+00, 4.5719e-03, 
 2DIAGNOSTIC,    50, -7.537298306532e-01, 8.743658985074e-04, 1.0309e+00, 4.5540e-03, 
 2DIAGNOSTIC,    51, -7.543912752908e-01, 7.476698181514e-04, 1.0354e+00, 4.5240e-03, 
 2DIAGNOSTIC,    52, -7.563227523057e-01, 5.980596666618e-04, 1.0405e+00, 5.1320e-03, 
 2DIAGNOSTIC,    53, -7.580257707361e-01, 4.342894338304e-04, 1.0451e+00, 4.5578e-03, 
 2DIAGNOSTIC,    54, -7.586947112842e-01, 2.907333980859e-04, 1.0499e+00, 4.8399e-03, 
 2DIAGNOSTIC,    55, -7.596224495372e-01, 2.139757818591e-04, 1.0570e+00, 7.0770e-03, 
 2DIAGNOSTIC,    56, -7.608078674554e-01, 1.628767372378e-04, 1.0623e+00, 5.2500e-03, 
 2DIAGNOSTIC,    57, -7.610736569133e-01, 1.536020163767e-04, 1.0676e+00, 5.3291e-03, 
 2DIAGNOSTIC,    58, -7.608424743624e-01, 1.466544845349e-04, 1.0722e+00, 4.5810e-03, 
 2DIAGNOSTIC,    59, -7.609373646927e-01, 1.273395390655e-04, 1.0767e+00, 4.5590e-03, 
 2DIAGNOSTIC,    60, -7.610429249059e-01, 9.909570688430e-05, 1.0826e+00, 5.9099e-03, 
 2DIAGNOSTIC,    61, -7.616967183932e-01, 7.117069546577e-05, 1.0884e+00, 5.7480e-03, 
 2DIAGNOSTIC,    62, -7.616048107819e-01, 4.964804973156e-05, 1.1031e+00, 1.4717e-02, 
 2DIAGNOSTIC,    63, -7.616048101578e-01, 3.572098919890e-05, 1.1077e+00, 4.6101e-03, 
 2DIAGNOSTIC,    64, -7.616048173999e-01, 2.329412769142e-05, 1.1123e+00, 4.5481e-03, 
 2DIAGNOSTIC,    65, -7.616048296459e-01, 1.482666132191e-05, 1.1169e+00, 4.6129e-03, 
 2DIAGNOSTIC,    66, -7.616048503528e-01, 1.265592955244e-05, 1.1215e+00, 4.5910e-03, 
 2DIAGNOSTIC,    67, -7.616048853655e-01, 1.110138907795e-05, 1.1260e+00, 4.5559e-03, 
 2DIAGNOSTIC,    68, -7.616049445320e-01, 7.223624421789e-06, 1.1306e+00, 4.5600e-03, 
 2DIAGNOSTIC,    69, -7.616050444987e-01, 3.418933084021e-06, 1.1352e+00, 4.6270e-03, 
DIAGNOSTIC,Iteration,metricValue,convergenceValue,ITERATION_TIME_INDEX,SINCE_LAST
 2DIAGNOSTIC,     1, -6.033879983721e-01, 1.797693134862e+308, 1.9124e+00, 7.7715e-01, 
 2DIAGNOSTIC,     2, -6.042130335923e-01, 1.797693134862e+308, 1.9435e+00, 3.1121e-02, 
 2DIAGNOSTIC,     3, -6.054528353288e-01, 1.797693134862e+308, 1.9715e+00, 2.8055e-02, 
 2DIAGNOSTIC,     4, -6.074932690072e-01, 1.797693134862e+308, 1.9993e+00, 2.7736e-02, 
 2DIAGNOSTIC,     5, -6.088006528964e-01, 1.797693134862e+308, 2.0268e+00, 2.7566e-02, 
 2DIAGNOSTIC,     6, -6.100819333495e-01, 1.797693134862e+308, 2.0542e+00, 2.7343e-02, 
 2DIAGNOSTIC,     7, -6.118979291693e-01, 1.797693134862e+308, 2.0821e+00, 2.7896e-02, 
 2DIAGNOSTIC,     8, -6.159025354177e-01, 1.797693134862e+308, 2.1097e+00, 2.7602e-02, 
 2DIAGNOSTIC,     9, -6.176515312495e-01, 1.797693134862e+308, 2.1526e+00, 4.2881e-02, 
 2DIAGNOSTIC,    10, -6.185582250965e-01, 1.703537406460e-03, 2.1809e+00, 2.8326e-02, 
 2DIAGNOSTIC,    11, -6.186597058690e-01, 1.552174131840e-03, 2.2157e+00, 3.4863e-02, 
 2DIAGNOSTIC,    12, -6.187661984407e-01, 1.323460480268e-03, 2.2439e+00, 2.8108e-02, 
 2DIAGNOSTIC,    13, -6.194005462716e-01, 1.074781312022e-03, 2.2713e+00, 2.7439e-02, 
 2DIAGNOSTIC,    14, -6.198641451334e-01, 8.457531901104e-04, 2.2994e+00, 2.8096e-02, 
 2DIAGNOSTIC,    15, -6.205370654088e-01, 6.325243020057e-04, 2.3423e+00, 4.2947e-02, 
 2DIAGNOSTIC,    16, -6.206020480480e-01, 4.278912181226e-04, 2.3839e+00, 4.1602e-02, 
 2DIAGNOSTIC,    17, -6.206096738378e-01, 2.561380990884e-04, 2.4146e+00, 3.0671e-02, 
 2DIAGNOSTIC,    18, -6.205772255715e-01, 1.812333786648e-04, 2.4460e+00, 3.1413e-02, 
 2DIAGNOSTIC,    19, -6.205518919362e-01, 1.387772848403e-04, 2.4773e+00, 3.1286e-02, 
 2DIAGNOSTIC,    20, -6.205184533158e-01, 1.079473036052e-04, 2.5116e+00, 3.4256e-02, 
 2DIAGNOSTIC,    21, -6.205115142307e-01, 7.244398920956e-05, 2.5384e+00, 2.6787e-02, 
 2DIAGNOSTIC,    22, -6.205052426182e-01, 3.562537392309e-05, 2.5657e+00, 2.7332e-02, 
 2DIAGNOSTIC,    23, -6.205019873743e-01, 1.141969146926e-05, 2.5930e+00, 2.7338e-02, 
DIAGNOSTIC,Iteration,metricValue,convergenceValue,ITERATION_TIME_INDEX,SINCE_LAST
 2DIAGNOSTIC,     1, -5.335401368807e-01, 1.797693134862e+308, 3.6941e+00, 1.1011e+00, 
 2DIAGNOSTIC,     2, -5.336495166367e-01, 1.797693134862e+308, 3.9156e+00, 2.2153e-01, 
 2DIAGNOSTIC,     3, -5.337504003002e-01, 1.797693134862e+308, 4.1564e+00, 2.4077e-01, 
 2DIAGNOSTIC,     4, -5.339013246369e-01, 1.797693134862e+308, 4.3940e+00, 2.3759e-01, 
 2DIAGNOSTIC,     5, -5.342781224438e-01, 1.797693134862e+308, 4.6641e+00, 2.7009e-01, 
 2DIAGNOSTIC,     6, -5.355514991915e-01, 1.797693134862e+308, 5.0002e+00, 3.3618e-01, 
 2DIAGNOSTIC,     7, -5.356565006395e-01, 1.797693134862e+308, 5.2312e+00, 2.3096e-01, 
 2DIAGNOSTIC,     8, -5.356975052974e-01, 1.797693134862e+308, 5.4493e+00, 2.1809e-01, 
 2DIAGNOSTIC,     9, -5.357688724214e-01, 1.797693134862e+308, 5.6567e+00, 2.0737e-01, 
 2DIAGNOSTIC,    10, -5.358727250368e-01, 3.529378658677e-04, 6.0262e+00, 3.6955e-01, 
 2DIAGNOSTIC,    11, -5.358819035704e-01, 2.964791099568e-04, 6.3758e+00, 3.4964e-01, 
 2DIAGNOSTIC,    12, -5.358825369258e-01, 2.280201268396e-04, 6.6495e+00, 2.7362e-01, 
 2DIAGNOSTIC,    13, -5.358811581183e-01, 1.547055961954e-04, 6.9083e+00, 2.5886e-01, 
 2DIAGNOSTIC,    14, -5.358795180155e-01, 8.389505233572e-05, 7.1831e+00, 2.7482e-01, 
 2DIAGNOSTIC,    15, -5.358786605269e-01, 2.710320214358e-05, 7.4189e+00, 2.3577e-01, 
 2DIAGNOSTIC,    16, -5.358777372292e-01, 1.729905589377e-05, 7.6733e+00, 2.5442e-01, 
 2DIAGNOSTIC,    17, -5.358778954643e-01, 1.056678212012e-05, 7.8925e+00, 2.1914e-01, 
 2DIAGNOSTIC,    18, -5.358770709624e-01, 4.946518848976e-06, 8.1137e+00, 2.2123e-01, 
 2DIAGNOSTIC,    19, -5.358796544525e-01, 1.612044625919e-06, 8.3622e+00, 2.4853e-01, 
 2DIAGNOSTIC,    20, -5.358790967800e-01, 1.350448991126e-06, 8.6137e+00, 2.5142e-01, 
 2DIAGNOSTIC,    21, -5.358797381277e-01, 1.384310406909e-06, 8.8766e+00, 2.6295e-01, 
 2DIAGNOSTIC,    22, -5.358791922453e-01, 1.430166460592e-06, 9.1436e+00, 2.6704e-01, 
 2DIAGNOSTIC,    23, -5.358785945024e-01, 1.428924114880e-06, 9.3715e+00, 2.2784e-01, 
 2DIAGNOSTIC,    24, -5.358781842124e-01, 1.378222247467e-06, 9.6388e+00, 2.6733e-01, 
 2DIAGNOSTIC,    25, -5.358785613239e-01, 1.316695608239e-06, 9.8968e+00, 2.5794e-01, 
 2DIAGNOSTIC,    26, -5.358756691147e-01, 1.177857001544e-06, 1.0126e+01, 2.2920e-01, 
 2DIAGNOSTIC,    27, -5.358804476234e-01, 1.153400509234e-06, 1.0374e+01, 2.4823e-01, 
 2DIAGNOSTIC,    28, -5.358828674602e-01, 1.159141443718e-06, 1.0646e+01, 2.7185e-01, 
 2DIAGNOSTIC,    29, -5.358840704769e-01, 1.231021761611e-06, 1.0920e+01, 2.7446e-01, 
 2DIAGNOSTIC,    30, -5.358830509095e-01, 1.258375359005e-06, 1.1194e+01, 2.7399e-01, 
 2DIAGNOSTIC,    31, -5.358820202741e-01, 1.260577818941e-06, 1.1434e+01, 2.3928e-01, 
 2DIAGNOSTIC,    32, -5.358799296901e-01, 1.196376719692e-06, 1.1669e+01, 2.3514e-01, 
 2DIAGNOSTIC,    33, -5.358789678922e-01, 1.090841771918e-06, 1.1906e+01, 2.3752e-01, 
DIAGNOSTIC,Iteration,metricValue,convergenceValue,ITERATION_TIME_INDEX,SINCE_LAST
 2DIAGNOSTIC,     1, -4.895287093699e-01, 1.797693134862e+308, 1.4832e+01, 2.9259e+00, 
 2DIAGNOSTIC,     2, -4.895279698333e-01, 1.797693134862e+308, 1.6534e+01, 1.7017e+00, 
 2DIAGNOSTIC,     3, -4.895281967233e-01, 1.797693134862e+308, 1.8401e+01, 1.8667e+00, 
 2DIAGNOSTIC,     4, -4.895274312100e-01, 1.797693134862e+308, 2.0035e+01, 1.6344e+00, 
 2DIAGNOSTIC,     5, -4.895271444410e-01, 1.797693134862e+308, 2.1714e+01, 1.6788e+00, 
 2DIAGNOSTIC,     6, -4.895271712432e-01, 1.797693134862e+308, 2.3179e+01, 1.4649e+00, 
 2DIAGNOSTIC,     7, -4.895270821774e-01, 1.797693134862e+308, 2.4834e+01, 1.6551e+00, 
 2DIAGNOSTIC,     8, -4.895279898337e-01, 1.797693134862e+308, 2.6411e+01, 1.5768e+00, 
 2DIAGNOSTIC,     9, -4.895303430846e-01, 1.797693134862e+308, 2.8027e+01, 1.6159e+00, 
 2DIAGNOSTIC,    10, -4.895343624094e-01, 3.611901620557e-06, 2.9480e+01, 1.4537e+00, 
 2DIAGNOSTIC,    11, -4.895377319615e-01, 3.819286137477e-06, 3.0784e+01, 1.3037e+00, 
 2DIAGNOSTIC,    12, -4.895535346655e-01, 4.636131266805e-06, 3.2103e+01, 1.3186e+00, 
 2DIAGNOSTIC,    13, -4.895881090358e-01, 6.686497837333e-06, 3.3417e+01, 1.3146e+00, 
 2DIAGNOSTIC,    14, -4.896458386093e-01, 1.038797051477e-05, 3.4784e+01, 1.3665e+00, 
 2DIAGNOSTIC,    15, -4.897276745331e-01, 1.597008888192e-05, 3.6995e+01, 2.2114e+00, 
 2DIAGNOSTIC,    16, -4.897857675761e-01, 2.165067294065e-05, 3.9515e+01, 2.5198e+00, 
 2DIAGNOSTIC,    17, -4.897860047322e-01, 2.485506627156e-05, 4.0981e+01, 1.4660e+00, 
 2DIAGNOSTIC,    18, -4.897859637798e-01, 2.564684429834e-05, 4.2513e+01, 1.5325e+00, 
 2DIAGNOSTIC,    19, -4.897860374177e-01, 2.420815129874e-05, 4.4300e+01, 1.7869e+00, 
 2DIAGNOSTIC,    20, -4.897859499211e-01, 2.090005726857e-05, 4.5930e+01, 1.6294e+00, 
 2DIAGNOSTIC,    21, -4.897857355807e-01, 1.618508313457e-05, 4.7409e+01, 1.4789e+00, 
 2DIAGNOSTIC,    22, -4.897856499126e-01, 1.096560322447e-05, 4.8903e+01, 1.4948e+00, 
 2DIAGNOSTIC,    23, -4.897855641637e-01, 6.186872556699e-06, 5.0302e+01, 1.3985e+00, 
 2DIAGNOSTIC,    24, -4.897853838517e-01, 2.708265900944e-06, 5.1791e+01, 1.4889e+00, 
 2DIAGNOSTIC,    25, -4.897855340170e-01, 1.243203005589e-06, 5.3280e+01, 1.4888e+00, 
 2DIAGNOSTIC,    26, -4.897855556725e-01, 1.190801888866e-06, 5.4702e+01, 1.4218e+00, 
 2DIAGNOSTIC,    27, -4.897854760559e-01, 1.148808607493e-06, 5.6497e+01, 1.7954e+00, 
 2DIAGNOSTIC,    28, -4.897856014461e-01, 1.114377752874e-06, 5.8038e+01, 1.5409e+00, 
 2DIAGNOSTIC,    29, -4.897854907978e-01, 1.083599459863e-06, 5.9570e+01, 1.5317e+00, 
 2DIAGNOSTIC,    30, -4.897853801889e-01, 1.052422816054e-06, 6.1139e+01, 1.5698e+00, 
 2DIAGNOSTIC,    31, -4.897852675856e-01, 1.017941200936e-06, 6.2464e+01, 1.3244e+00, 
  Elapsed time (stage 0): 6.3298e+01


Total elapsed time: 6.3301e+01
Info [verificarlo]: loaded backend libinterflop_vprec.so
Info [interflop-vprec]: load backend with: 
Info [interflop-vprec]: precision-binary32 = 19
Info [interflop-vprec]: range-binary32 = 8
Info [interflop-vprec]: precision-binary64 = 19
Info [interflop-vprec]: range-binary64 = 8
Info [interflop-vprec]: mode = ob
Info [interflop-vprec]: error-mode = rel
Info [interflop-vprec]: max-abs-error-exponent = -1022
Info [interflop-vprec]: daz = false
Info [interflop-vprec]: ftz = false
Info [interflop-vprec]: 	instrument = none
Info [interflop-vprec]: 	prec-input-file = (null)
Info [interflop-vprec]: 	prec-output-file = (null)
Info [interflop-vprec]: 	prec-log-file = (null)
All_Command_lines_OK
Using double precision for computations.
=============================================================================
The composite transform comprises the following transforms (in order): 
  1. /home/mdugre/scratch/mri-registration-rp/datasets/ds004513/derivatives/mri-registration-rp/0011/antsRegistration-r8-p19/sub-s025/rigid_Composite.h5[0] (type = Euler3DTransform)
  2. /home/mdugre/scratch/mri-registration-rp/datasets/ds004513/derivatives/mri-registration-rp/0011/antsRegistration-r8-p19/sub-s025/rigid_Composite.h5[1] (type = Euler3DTransform)
  3. /home/mdugre/scratch/mri-registration-rp/datasets/ds004513/derivatives/mri-registration-rp/0011/antsRegistration-r8-p19/sub-s025/rigid_Composite.h5[2] (type = Euler3DTransform)
=============================================================================
  number of levels = 4
  fixed image: /templateflow/tpl-MNI152NLin2009cAsym/tpl-MNI152NLin2009cAsym_res-01_desc-brain_T1w.nii.gz
  moving image: /home/mdugre/scratch/mri-registration-rp/datasets/ds004513/derivatives/mri-registration-rp/antsBrainExtraction/sub-s025/BrainExtractionBrain.nii.gz
Dimension = 3
Number of stages = 1
Use histogram matching = false
Winsorize image intensities = true
  Lower quantile = 0.005
  Upper quantile = 0.995


Stage 1 State
   Image metric = MattesMI
     Fixed image = Image (0x4d72490)
  RTTI typeinfo:   itk::Image<double, 3u>
  Reference Count: 2
  Modified Time: 1594
  Debug: Off
  Object Name: 
  Observers: 
    none
  Source: (none)
  Source output name: (none)
  Release Data: Off
  Data Released: False
  Global Release Data: Off
  PipelineMTime: 0
  UpdateMTime: 1203
  RealTimeStamp: 0 seconds 
  LargestPossibleRegion: 
    Dimension: 3
    Index: [0, 0, 0]
    Size: [193, 229, 193]
  BufferedRegion: 
    Dimension: 3
    Index: [0, 0, 0]
    Size: [193, 229, 193]
  RequestedRegion: 
    Dimension: 3
    Index: [0, 0, 0]
    Size: [193, 229, 193]
  Spacing: [1, 1, 1]
  Origin: [96, 132, -78]
  Direction: 
-1 0 0
0 -1 0
0 0 1

  IndexToPointMatrix: 
-1 0 0
0 -1 0
0 0 1

  PointToIndexMatrix: 
-1 0 0
0 -1 0
0 0 1

  Inverse Direction: 
-1 0 0
0 -1 0
0 0 1

  PixelContainer: 
    ImportImageContainer (0x4e3d8c0)
      RTTI typeinfo:   itk::ImportImageContainer<unsigned long, double>
      Reference Count: 1
      Modified Time: 1200
      Debug: Off
      Object Name: 
      Observers: 
        none
      Pointer: 0x15398322b010
      Container manages memory: true
      Size: 8530021
      Capacity: 8530021

     Moving image = Image (0x4e2db60)
  RTTI typeinfo:   itk::Image<double, 3u>
  Reference Count: 2
  Modified Time: 1595
  Debug: Off
  Object Name: 
  Observers: 
    none
  Source: (none)
  Source output name: (none)
  Release Data: Off
  Data Released: False
  Global Release Data: Off
  PipelineMTime: 0
  UpdateMTime: 1592
  RealTimeStamp: 0 seconds 
  LargestPossibleRegion: 
    Dimension: 3
    Index: [0, 0, 0]
    Size: [176, 240, 256]
  BufferedRegion: 
    Dimension: 3
    Index: [0, 0, 0]
    Size: [176, 240, 256]
  RequestedRegion: 
    Dimension: 3
    Index: [0, 0, 0]
    Size: [176, 240, 256]
  Spacing: [0.999999, 1, 1]
  Origin: [90.3778, 84.509, -154.071]
  Direction: 
-0.999391 7.48185e-06 -0.0348969
-7.47664e-06 -1 -2.7953e-07
-0.0348969 -1.84481e-08 0.999391

  IndexToPointMatrix: 
-0.99939 7.48185e-06 -0.0348969
-7.47664e-06 -1 -2.7953e-07
-0.0348968 -1.84481e-08 0.999391

  PointToIndexMatrix: 
-0.999393 -7.47666e-06 -0.0348969
7.47665e-06 -1 1.30495e-07
-0.0348969 -1.30495e-07 0.999391

  Inverse Direction: 
-0.999395 -7.47667e-06 -0.034897
7.48186e-06 -1 -1.84477e-08
-0.0348969 -2.7953e-07 0.999391

  PixelContainer: 
    ImportImageContainer (0x4ec11d0)
      RTTI typeinfo:   itk::ImportImageContainer<unsigned long, double>
      Reference Count: 1
      Modified Time: 1589
      Debug: Off
      Object Name: 
      Observers: 
        none
      Pointer: 0x15397dfaa010
      Container manages memory: true
      Size: 10813440
      Capacity: 10813440

     Weighting = 1
     Sampling strategy = regular
     Number of bins = 32
     Radius = 4
     Sampling percentage  = 0.25
   Transform = Affine
     Gradient step = 0.1
     Update field sigma (voxel space) = 0
     Total field sigma (voxel space) = 0
     Update field time sigma = 0
     Total field time sigma  = 0
     Number of time indices = 0
     Number of time point samples = 0
Registration using 1 total stages.

Stage 0
  iterations = 1000x500x250x100
  convergence threshold = 1e-06
  convergence window size = 10
  number of levels = 4
  using the Mattes MI metric (number of bins = 32, weight = 1, use gradient filter = 0)
  preprocessing:  winsorizing the image intensities
  Shrink factors (level 1 out of 4): [8, 8, 8]
  Shrink factors (level 2 out of 4): [4, 4, 4]
  Shrink factors (level 3 out of 4): [2, 2, 2]
  Shrink factors (level 4 out of 4): [1, 1, 1]
  smoothing sigmas per level: [3, 2, 1, 0]
  regular sampling (percentage = 0.25)

*** Running AffineTransform registration ***

DIAGNOSTIC,Iteration,metricValue,convergenceValue,ITERATION_TIME_INDEX,SINCE_LAST
 2DIAGNOSTIC,     1, -7.476067620362e-01, 1.797693134862e+308, 0.0000e+00, 0.0000e+00, 
 2DIAGNOSTIC,     2, -7.493794000661e-01, 1.797693134862e+308, 0.0000e+00, 0.0000e+00, 
 2DIAGNOSTIC,     3, -7.526219293881e-01, 1.797693134862e+308, 0.0000e+00, 0.0000e+00, 
 2DIAGNOSTIC,     4, -7.572223809439e-01, 1.797693134862e+308, 0.0000e+00, 0.0000e+00, 
 2DIAGNOSTIC,     5, -7.659949371762e-01, 1.797693134862e+308, 0.0000e+00, 0.0000e+00, 
 2DIAGNOSTIC,     6, -7.809062727882e-01, 1.797693134862e+308, 0.0000e+00, 0.0000e+00, 
 2DIAGNOSTIC,     7, -8.051495366499e-01, 1.797693134862e+308, 0.0000e+00, 0.0000e+00, 
 2DIAGNOSTIC,     8, -8.764337962072e-01, 1.797693134862e+308, 0.0000e+00, 0.0000e+00, 
 2DIAGNOSTIC,     9, -9.157144073295e-01, 1.797693134862e+308, 0.0000e+00, 0.0000e+00, 
 2DIAGNOSTIC,    10, -9.243854542928e-01, 1.527266723843e-02, 0.0000e+00, 0.0000e+00, 
 2DIAGNOSTIC,    11, -9.271303019979e-01, 1.561893687552e-02, 0.0000e+00, 0.0000e+00, 
 2DIAGNOSTIC,    12, -9.269228370824e-01, 1.456190344333e-02, 0.0000e+00, 0.0000e+00, 
 2DIAGNOSTIC,    13, -9.286974411906e-01, 1.248484478916e-02, 0.0000e+00, 0.0000e+00, 
 2DIAGNOSTIC,    14, -9.305863631033e-01, 9.749632954844e-03, 0.0000e+00, 0.0000e+00, 
 2DIAGNOSTIC,    15, -9.326216555334e-01, 6.786754287460e-03, 0.0000e+00, 0.0000e+00, 
 2DIAGNOSTIC,    16, -9.339251385716e-01, 3.962463396004e-03, 0.0000e+00, 0.0000e+00, 
 2DIAGNOSTIC,    17, -9.363510817615e-01, 1.628693692055e-03, 0.0000e+00, 0.0000e+00, 
 2DIAGNOSTIC,    18, -9.373331926440e-01, 7.305881974689e-04, 0.0000e+00, 0.0000e+00, 
 2DIAGNOSTIC,    19, -9.382150838484e-01, 5.565005127357e-04, 0.0000e+00, 0.0000e+00, 
 2DIAGNOSTIC,    20, -9.386244757737e-01, 4.969256963048e-04, 0.0000e+00, 0.0000e+00, 
 2DIAGNOSTIC,    21, -9.387012522560e-01, 4.417311247156e-04, 0.0000e+00, 0.0000e+00, 
 2DIAGNOSTIC,    22, -9.388463511815e-01, 3.496319634926e-04, 0.0000e+00, 0.0000e+00, 
 2DIAGNOSTIC,    23, -9.387998212188e-01, 2.574276489120e-04, 0.0000e+00, 0.0000e+00, 
 2DIAGNOSTIC,    24, -9.386863785260e-01, 1.730729112034e-04, 0.0000e+00, 0.0000e+00, 
 2DIAGNOSTIC,    25, -9.385741440669e-01, 1.045691228072e-04, 0.0000e+00, 0.0000e+00, 
 2DIAGNOSTIC,    26, -9.384842670824e-01, 4.637064342067e-05, 0.0000e+00, 0.0000e+00, 
 2DIAGNOSTIC,    27, -9.384367224448e-01, 1.651797082524e-05, 0.0000e+00, 0.0000e+00, 
DIAGNOSTIC,Iteration,metricValue,convergenceValue,ITERATION_TIME_INDEX,SINCE_LAST
 2DIAGNOSTIC,     1, -7.508418164179e-01, 1.797693134862e+308, 0.0000e+00, 0.0000e+00, 
 2DIAGNOSTIC,     2, -7.511552967846e-01, 1.797693134862e+308, 0.0000e+00, 0.0000e+00, 
 2DIAGNOSTIC,     3, -7.514859839172e-01, 1.797693134862e+308, 0.0000e+00, 0.0000e+00, 
 2DIAGNOSTIC,     4, -7.520936136828e-01, 1.797693134862e+308, 0.0000e+00, 0.0000e+00, 
 2DIAGNOSTIC,     5, -7.530288980963e-01, 1.797693134862e+308, 0.0000e+00, 0.0000e+00, 
 2DIAGNOSTIC,     6, -7.539696069389e-01, 1.797693134862e+308, 0.0000e+00, 0.0000e+00, 
 2DIAGNOSTIC,     7, -7.541011071784e-01, 1.797693134862e+308, 0.0000e+00, 0.0000e+00, 
 2DIAGNOSTIC,     8, -7.541229555557e-01, 1.797693134862e+308, 0.0000e+00, 0.0000e+00, 
 2DIAGNOSTIC,     9, -7.541124868840e-01, 1.797693134862e+308, 0.0000e+00, 0.0000e+00, 
 2DIAGNOSTIC,    10, -7.541210226047e-01, 3.356149689083e-04, 0.0000e+00, 0.0000e+00, 
 2DIAGNOSTIC,    11, -7.541162574340e-01, 2.503747520774e-04, 0.0000e+00, 0.0000e+00, 
 2DIAGNOSTIC,    12, -7.541041872095e-01, 1.668821046778e-04, 0.0000e+00, 0.0000e+00, 
 2DIAGNOSTIC,    13, -7.540884960230e-01, 9.082166959669e-05, 0.0000e+00, 0.0000e+00, 
 2DIAGNOSTIC,    14, -7.540955138018e-01, 3.382633521741e-05, 0.0000e+00, 0.0000e+00, 
 2DIAGNOSTIC,    15, -7.540772272379e-01, 3.975636694020e-06, 0.0000e+00, 0.0000e+00, 
DIAGNOSTIC,Iteration,metricValue,convergenceValue,ITERATION_TIME_INDEX,SINCE_LAST
 2DIAGNOSTIC,     1, -6.415006526833e-01, 1.797693134862e+308, 0.0000e+00, 0.0000e+00, 
 2DIAGNOSTIC,     2, -6.419244473538e-01, 1.797693134862e+308, 0.0000e+00, 0.0000e+00, 
 2DIAGNOSTIC,     3, -6.423918307631e-01, 1.797693134862e+308, 0.0000e+00, 0.0000e+00, 
 2DIAGNOSTIC,     4, -6.429056103731e-01, 1.797693134862e+308, 0.0000e+00, 0.0000e+00, 
 2DIAGNOSTIC,     5, -6.437685606919e-01, 1.797693134862e+308, 0.0000e+00, 0.0000e+00, 
 2DIAGNOSTIC,     6, -6.451646584336e-01, 1.797693134862e+308, 0.0000e+00, 0.0000e+00, 
 2DIAGNOSTIC,     7, -6.451846424249e-01, 1.797693134862e+308, 0.0000e+00, 0.0000e+00, 
 2DIAGNOSTIC,     8, -6.451698063541e-01, 1.797693134862e+308, 0.0000e+00, 0.0000e+00, 
 2DIAGNOSTIC,     9, -6.451675267794e-01, 1.797693134862e+308, 0.0000e+00, 0.0000e+00, 
 2DIAGNOSTIC,    10, -6.451626789309e-01, 4.331442756349e-04, 0.0000e+00, 0.0000e+00, 
 2DIAGNOSTIC,    11, -6.451568650086e-01, 3.198020730480e-04, 0.0000e+00, 0.0000e+00, 
 2DIAGNOSTIC,    12, -6.451585609264e-01, 2.126698018127e-04, 0.0000e+00, 0.0000e+00, 
 2DIAGNOSTIC,    13, -6.451562073640e-01, 1.194937718168e-04, 0.0000e+00, 0.0000e+00, 
 2DIAGNOSTIC,    14, -6.451554959829e-01, 4.495014433836e-05, 0.0000e+00, 0.0000e+00, 
DIAGNOSTIC,Iteration,metricValue,convergenceValue,ITERATION_TIME_INDEX,SINCE_LAST
 2DIAGNOSTIC,     1, -5.765226775810e-01, 1.797693134862e+308, 0.0000e+00, 0.0000e+00, 
 2DIAGNOSTIC,     2, -5.769572167611e-01, 1.797693134862e+308, 0.0000e+00, 0.0000e+00, 
 2DIAGNOSTIC,     3, -5.774841341918e-01, 1.797693134862e+308, 0.0000e+00, 0.0000e+00, 
 2DIAGNOSTIC,     4, -5.780476970472e-01, 1.797693134862e+308, 0.0000e+00, 0.0000e+00, 
 2DIAGNOSTIC,     5, -5.785374979112e-01, 1.797693134862e+308, 0.0000e+00, 0.0000e+00, 
 2DIAGNOSTIC,     6, -5.796933658879e-01, 1.797693134862e+308, 0.0000e+00, 0.0000e+00, 
 2DIAGNOSTIC,     7, -5.796922282918e-01, 1.797693134862e+308, 0.0000e+00, 0.0000e+00, 
 2DIAGNOSTIC,     8, -5.796922733761e-01, 1.797693134862e+308, 0.0000e+00, 0.0000e+00, 
 2DIAGNOSTIC,     9, -5.796925031163e-01, 1.797693134862e+308, 0.0000e+00, 0.0000e+00, 
 2DIAGNOSTIC,    10, -5.796924983791e-01, 3.995009621852e-04, 0.0000e+00, 0.0000e+00, 
 2DIAGNOSTIC,    11, -5.796923497578e-01, 2.867562634995e-04, 0.0000e+00, 0.0000e+00, 
 2DIAGNOSTIC,    12, -5.796924718342e-01, 1.849792923632e-04, 0.0000e+00, 0.0000e+00, 
 2DIAGNOSTIC,    13, -5.796926876977e-01, 1.026557183466e-04, 0.0000e+00, 0.0000e+00, 
 2DIAGNOSTIC,    14, -5.796920407378e-01, 4.274225176952e-05, 0.0000e+00, 0.0000e+00, 
 2DIAGNOSTIC,    15, -5.796919881041e-01, 2.075743824340e-06, 0.0000e+00, 0.0000e+00, 
 2DIAGNOSTIC,    16, -5.796922908308e-01, 1.973066261915e-06, 0.0000e+00, 0.0000e+00, 
 2DIAGNOSTIC,    17, -5.796923959456e-01, 1.853210637476e-06, 0.0000e+00, 0.0000e+00, 
 2DIAGNOSTIC,    18, -5.796925695985e-01, 1.753764523105e-06, 0.0000e+00, 0.0000e+00, 
 2DIAGNOSTIC,    19, -5.796924360973e-01, 1.668592547431e-06, 0.0000e+00, 0.0000e+00, 
 2DIAGNOSTIC,    20, -5.796926635948e-01, 1.598160934431e-06, 0.0000e+00, 0.0000e+00, 
 2DIAGNOSTIC,    21, -5.796925135315e-01, 1.525999202036e-06, 0.0000e+00, 0.0000e+00, 
 2DIAGNOSTIC,    22, -5.796924777078e-01, 1.460743866664e-06, 0.0000e+00, 0.0000e+00, 
 2DIAGNOSTIC,    23, -5.796927850788e-01, 1.411204802543e-06, 0.0000e+00, 0.0000e+00, 
 2DIAGNOSTIC,    24, -5.796928388978e-01, 1.350725885710e-06, 0.0000e+00, 0.0000e+00, 
 2DIAGNOSTIC,    25, -5.796926975717e-01, 1.288574922438e-06, 0.0000e+00, 0.0000e+00, 
 2DIAGNOSTIC,    26, -5.796927200771e-01, 1.235769914024e-06, 0.0000e+00, 0.0000e+00, 
 2DIAGNOSTIC,    27, -5.796929573709e-01, 1.191654192781e-06, 0.0000e+00, 0.0000e+00, 
 2DIAGNOSTIC,    28, -5.796930094412e-01, 1.152994554138e-06, 0.0000e+00, 0.0000e+00, 
 2DIAGNOSTIC,    29, -5.796929045559e-01, 1.111024804726e-06, 0.0000e+00, 0.0000e+00, 
 2DIAGNOSTIC,    30, -5.796929208404e-01, 1.074612171442e-06, 0.0000e+00, 0.0000e+00, 
 2DIAGNOSTIC,    31, -5.796927790336e-01, 1.034451671170e-06, 0.0000e+00, 0.0000e+00, 
  Elapsed time (stage 0): 0.0000e+00


Total elapsed time: 0.0000e+00
Info [verificarlo]: loaded backend libinterflop_vprec.so
Info [interflop-vprec]: load backend with: 
Info [interflop-vprec]: precision-binary32 = 19
Info [interflop-vprec]: range-binary32 = 8
Info [interflop-vprec]: precision-binary64 = 19
Info [interflop-vprec]: range-binary64 = 8
Info [interflop-vprec]: mode = ob
Info [interflop-vprec]: error-mode = rel
Info [interflop-vprec]: max-abs-error-exponent = -1022
Info [interflop-vprec]: daz = false
Info [interflop-vprec]: ftz = false
Info [interflop-vprec]: 	instrument = none
Info [interflop-vprec]: 	prec-input-file = (null)
Info [interflop-vprec]: 	prec-output-file = (null)
Info [interflop-vprec]: 	prec-log-file = (null)
All_Command_lines_OK
Using double precision for computations.
=============================================================================
The composite transform comprises the following transforms (in order): 
