
##########################
# Experiment information #
##########################

EXPERIMENT_NAME: antsRegistration-r7-p22
VFC_BACKENDS: libinterflop_vprec.so --range-binary32=7 --precision-binary32=22 --range-binary64=7 --precision-binary64=22

SIF_IMG: /home/mdugre/projects/rrg-glatard/mdugre/containers/ants-vprec-no_metrics.simg

SUBJECT_ID: s014
INPUT_IMG: /home/mdugre/scratch/mri-registration-rp/datasets/ds004513/derivatives/mri-registration-rp/antsBrainExtraction/sub-s014/BrainExtractionBrain.nii.gz
OUTPUT_DIR: /home/mdugre/scratch/mri-registration-rp/datasets/ds004513/derivatives/mri-registration-rp/0011/antsRegistration-r7-p22/sub-s014

FIXED_IMG: /templateflow/tpl-MNI152NLin2009cAsym/tpl-MNI152NLin2009cAsym_res-01_desc-brain_T1w.nii.gz
DATA_DIR: /home/mdugre/scratch/mri-registration-rp/datasets/ds004513
TEMPLATEFLOW_DIR: /home/mdugre/projects/rrg-glatard/mdugre/templateflow
ITK_GLOBAL_DEFAULT_NUMBER_OF_THREADS: 16
##########################

Info [verificarlo]: loaded backend libinterflop_ieee.so
Info [interflop-ieee]: load backend with:
Info [interflop-ieee]: debug = false
Info [interflop-ieee]: debug-binary = false
Info [interflop-ieee]: no-backend-name = false
Info [interflop-ieee]: print-new-line = false
Info [interflop-ieee]: print-subnormal-normalized = false
Info [interflop-ieee]: count-op = false
All_Command_lines_OK
Using double precision for computations.
=============================================================================
The composite transform comprises the following transforms (in order): 
  1. Center of mass alignment using fixed image: /templateflow/tpl-MNI152NLin2009cAsym/tpl-MNI152NLin2009cAsym_res-01_desc-brain_T1w.nii.gz and moving image: /home/mdugre/scratch/mri-registration-rp/datasets/ds004513/derivatives/mri-registration-rp/antsBrainExtraction/sub-s014/BrainExtractionBrain.nii.gz (type = Euler3DTransform)
=============================================================================
  number of levels = 1
  fixed image: /templateflow/tpl-MNI152NLin2009cAsym/tpl-MNI152NLin2009cAsym_res-01_desc-brain_T1w.nii.gz
  moving image: /home/mdugre/scratch/mri-registration-rp/datasets/ds004513/derivatives/mri-registration-rp/antsBrainExtraction/sub-s014/BrainExtractionBrain.nii.gz
Dimension = 3
Number of stages = 1
Use histogram matching = false
Winsorize image intensities = true
  Lower quantile = 0.005
  Upper quantile = 0.995


Stage 1 State
   Image metric = MattesMI
     Fixed image = Image (0x4901e70)
  RTTI typeinfo:   itk::Image<double, 3u>
  Reference Count: 2
  Modified Time: 2334
  Debug: Off
  Object Name: 
  Observers: 
    none
  Source: (none)
  Source output name: (none)
  Release Data: Off
  Data Released: False
  Global Release Data: Off
  PipelineMTime: 0
  UpdateMTime: 1943
  RealTimeStamp: 0 seconds 
  LargestPossibleRegion: 
    Dimension: 3
    Index: [0, 0, 0]
    Size: [193, 229, 193]
  BufferedRegion: 
    Dimension: 3
    Index: [0, 0, 0]
    Size: [193, 229, 193]
  RequestedRegion: 
    Dimension: 3
    Index: [0, 0, 0]
    Size: [193, 229, 193]
  Spacing: [1, 1, 1]
  Origin: [96, 132, -78]
  Direction: 
-1 0 0
0 -1 0
0 0 1

  IndexToPointMatrix: 
-1 0 0
0 -1 0
0 0 1

  PointToIndexMatrix: 
-1 0 0
0 -1 0
0 0 1

  Inverse Direction: 
-1 0 0
0 -1 0
0 0 1

  PixelContainer: 
    ImportImageContainer (0x490e140)
      RTTI typeinfo:   itk::ImportImageContainer<unsigned long, double>
      Reference Count: 1
      Modified Time: 1940
      Debug: Off
      Object Name: 
      Observers: 
        none
      Pointer: 0x14e306611010
      Container manages memory: true
      Size: 8530021
      Capacity: 8530021

     Moving image = Image (0x490b310)
  RTTI typeinfo:   itk::Image<double, 3u>
  Reference Count: 2
  Modified Time: 2335
  Debug: Off
  Object Name: 
  Observers: 
    none
  Source: (none)
  Source output name: (none)
  Release Data: Off
  Data Released: False
  Global Release Data: Off
  PipelineMTime: 0
  UpdateMTime: 2332
  RealTimeStamp: 0 seconds 
  LargestPossibleRegion: 
    Dimension: 3
    Index: [0, 0, 0]
    Size: [160, 240, 256]
  BufferedRegion: 
    Dimension: 3
    Index: [0, 0, 0]
    Size: [160, 240, 256]
  RequestedRegion: 
    Dimension: 3
    Index: [0, 0, 0]
    Size: [160, 240, 256]
  Spacing: [0.999999, 1, 1]
  Origin: [84.1637, 106.709, -120.531]
  Direction: 
-0.999619 -0.0226874 -0.0157033
0.0226846 -0.999743 0.00035635
-0.0157073 -7.8229e-09 0.999877

  IndexToPointMatrix: 
-0.999619 -0.0226874 -0.0157033
0.0226845 -0.999743 0.00035635
-0.0157073 -7.8229e-09 0.999877

  PointToIndexMatrix: 
-0.99962 0.0226846 -0.0157073
-0.0226874 -0.999743 -7.83127e-09
-0.0157033 0.00035635 0.999877

  Inverse Direction: 
-0.999619 0.0226846 -0.0157073
-0.0226874 -0.999743 -7.83127e-09
-0.0157033 0.00035635 0.999877

  PixelContainer: 
    ImportImageContainer (0x4a36610)
      RTTI typeinfo:   itk::ImportImageContainer<unsigned long, double>
      Reference Count: 1
      Modified Time: 2329
      Debug: Off
      Object Name: 
      Observers: 
        none
      Pointer: 0x14e301b10010
      Container manages memory: true
      Size: 9830400
      Capacity: 9830400

     Weighting = 1
     Sampling strategy = regular
     Number of bins = 32
     Radius = 4
     Sampling percentage  = 0.25
   Transform = Rigid
     Gradient step = 0.1
     Update field sigma (voxel space) = 0
     Total field sigma (voxel space) = 0
     Update field time sigma = 0
     Total field time sigma  = 0
     Number of time indices = 0
     Number of time point samples = 0
Registration using 1 total stages.

Stage 0
  iterations = 0
  convergence threshold = 1e-06
  convergence window size = 10
  number of levels = 1
  using the Mattes MI metric (number of bins = 32, weight = 1, use gradient filter = 0)
  preprocessing:  winsorizing the image intensities
  Shrink factors (level 1 out of 1): [1, 1, 1]
  smoothing sigmas per level: [0]
  regular sampling (percentage = 0.25)

*** Running Euler3DTransform registration ***

  Elapsed time (stage 0): 1.16435


Total elapsed time: 1.16651
Info [verificarlo]: loaded backend libinterflop_ieee.so
Info [interflop-ieee]: load backend with:
Info [interflop-ieee]: debug = false
Info [interflop-ieee]: debug-binary = false
Info [interflop-ieee]: no-backend-name = false
Info [interflop-ieee]: print-new-line = false
Info [interflop-ieee]: print-subnormal-normalized = false
Info [interflop-ieee]: count-op = false
All_Command_lines_OK
Using double precision for computations.
=============================================================================
The composite transform comprises the following transforms (in order): 
  1. /home/mdugre/scratch/mri-registration-rp/datasets/ds004513/derivatives/mri-registration-rp/0011/antsRegistration-r7-p22/sub-s014/align_Composite.h5[0] (type = Euler3DTransform)
  2. /home/mdugre/scratch/mri-registration-rp/datasets/ds004513/derivatives/mri-registration-rp/0011/antsRegistration-r7-p22/sub-s014/align_Composite.h5[1] (type = Euler3DTransform)
=============================================================================
  number of levels = 4
  fixed image: /templateflow/tpl-MNI152NLin2009cAsym/tpl-MNI152NLin2009cAsym_res-01_desc-brain_T1w.nii.gz
  moving image: /home/mdugre/scratch/mri-registration-rp/datasets/ds004513/derivatives/mri-registration-rp/antsBrainExtraction/sub-s014/BrainExtractionBrain.nii.gz
Dimension = 3
Number of stages = 1
Use histogram matching = false
Winsorize image intensities = true
  Lower quantile = 0.005
  Upper quantile = 0.995


Stage 1 State
   Image metric = MattesMI
     Fixed image = Image (0x3878530)
  RTTI typeinfo:   itk::Image<double, 3u>
  Reference Count: 2
  Modified Time: 1580
  Debug: Off
  Object Name: 
  Observers: 
    none
  Source: (none)
  Source output name: (none)
  Release Data: Off
  Data Released: False
  Global Release Data: Off
  PipelineMTime: 0
  UpdateMTime: 1189
  RealTimeStamp: 0 seconds 
  LargestPossibleRegion: 
    Dimension: 3
    Index: [0, 0, 0]
    Size: [193, 229, 193]
  BufferedRegion: 
    Dimension: 3
    Index: [0, 0, 0]
    Size: [193, 229, 193]
  RequestedRegion: 
    Dimension: 3
    Index: [0, 0, 0]
    Size: [193, 229, 193]
  Spacing: [1, 1, 1]
  Origin: [96, 132, -78]
  Direction: 
-1 0 0
0 -1 0
0 0 1

  IndexToPointMatrix: 
-1 0 0
0 -1 0
0 0 1

  PointToIndexMatrix: 
-1 0 0
0 -1 0
0 0 1

  Inverse Direction: 
-1 0 0
0 -1 0
0 0 1

  PixelContainer: 
    ImportImageContainer (0x3936d60)
      RTTI typeinfo:   itk::ImportImageContainer<unsigned long, double>
      Reference Count: 1
      Modified Time: 1186
      Debug: Off
      Object Name: 
      Observers: 
        none
      Pointer: 0x148ace301010
      Container manages memory: true
      Size: 8530021
      Capacity: 8530021

     Moving image = Image (0x3928f60)
  RTTI typeinfo:   itk::Image<double, 3u>
  Reference Count: 2
  Modified Time: 1581
  Debug: Off
  Object Name: 
  Observers: 
    none
  Source: (none)
  Source output name: (none)
  Release Data: Off
  Data Released: False
  Global Release Data: Off
  PipelineMTime: 0
  UpdateMTime: 1578
  RealTimeStamp: 0 seconds 
  LargestPossibleRegion: 
    Dimension: 3
    Index: [0, 0, 0]
    Size: [160, 240, 256]
  BufferedRegion: 
    Dimension: 3
    Index: [0, 0, 0]
    Size: [160, 240, 256]
  RequestedRegion: 
    Dimension: 3
    Index: [0, 0, 0]
    Size: [160, 240, 256]
  Spacing: [0.999999, 1, 1]
  Origin: [84.1637, 106.709, -120.531]
  Direction: 
-0.999619 -0.0226874 -0.0157033
0.0226846 -0.999743 0.00035635
-0.0157073 -7.8229e-09 0.999877

  IndexToPointMatrix: 
-0.999619 -0.0226874 -0.0157033
0.0226845 -0.999743 0.00035635
-0.0157073 -7.8229e-09 0.999877

  PointToIndexMatrix: 
-0.99962 0.0226846 -0.0157073
-0.0226874 -0.999743 -7.83127e-09
-0.0157033 0.00035635 0.999877

  Inverse Direction: 
-0.999619 0.0226846 -0.0157073
-0.0226874 -0.999743 -7.83127e-09
-0.0157033 0.00035635 0.999877

  PixelContainer: 
    ImportImageContainer (0x391a6d0)
      RTTI typeinfo:   itk::ImportImageContainer<unsigned long, double>
      Reference Count: 1
      Modified Time: 1575
      Debug: Off
      Object Name: 
      Observers: 
        none
      Pointer: 0x148ac9800010
      Container manages memory: true
      Size: 9830400
      Capacity: 9830400

     Weighting = 1
     Sampling strategy = regular
     Number of bins = 32
     Radius = 4
     Sampling percentage  = 0.25
   Transform = Rigid
     Gradient step = 0.1
     Update field sigma (voxel space) = 0
     Total field sigma (voxel space) = 0
     Update field time sigma = 0
     Total field time sigma  = 0
     Number of time indices = 0
     Number of time point samples = 0
Registration using 1 total stages.

Stage 0
  iterations = 1000x500x250x100
  convergence threshold = 1e-06
  convergence window size = 10
  number of levels = 4
  using the Mattes MI metric (number of bins = 32, weight = 1, use gradient filter = 0)
  preprocessing:  winsorizing the image intensities
  Shrink factors (level 1 out of 4): [8, 8, 8]
  Shrink factors (level 2 out of 4): [4, 4, 4]
  Shrink factors (level 3 out of 4): [2, 2, 2]
  Shrink factors (level 4 out of 4): [1, 1, 1]
  smoothing sigmas per level: [3, 2, 1, 0]
  regular sampling (percentage = 0.25)

*** Running Euler3DTransform registration ***

DIAGNOSTIC,Iteration,metricValue,convergenceValue,ITERATION_TIME_INDEX,SINCE_LAST
 2DIAGNOSTIC,     1, -4.770821406565e-01, 1.797693134862e+308, 8.3910e-01, 8.3910e-01, 
 2DIAGNOSTIC,     2, -4.784216133942e-01, 1.797693134862e+308, 8.4408e-01, 4.9739e-03, 
 2DIAGNOSTIC,     3, -4.807043200681e-01, 1.797693134862e+308, 8.4854e-01, 4.4661e-03, 
 2DIAGNOSTIC,     4, -4.840264478065e-01, 1.797693134862e+308, 8.5293e-01, 4.3900e-03, 
 2DIAGNOSTIC,     5, -4.883050305770e-01, 1.797693134862e+308, 8.5735e-01, 4.4191e-03, 
 2DIAGNOSTIC,     6, -4.953560426371e-01, 1.797693134862e+308, 8.6241e-01, 5.0609e-03, 
 2DIAGNOSTIC,     7, -5.007350570384e-01, 1.797693134862e+308, 8.6679e-01, 4.3719e-03, 
 2DIAGNOSTIC,     8, -5.013278569503e-01, 1.797693134862e+308, 8.7121e-01, 4.4291e-03, 
 2DIAGNOSTIC,     9, -5.085255256006e-01, 1.797693134862e+308, 8.7638e-01, 5.1699e-03, 
 2DIAGNOSTIC,    10, -5.161992633656e-01, 5.125196520979e-03, 8.8308e-01, 6.6981e-03, 
 2DIAGNOSTIC,    11, -5.167072941437e-01, 4.879252931146e-03, 8.8779e-01, 4.7121e-03, 
 2DIAGNOSTIC,    12, -5.203629876260e-01, 4.481282734468e-03, 8.9254e-01, 4.7469e-03, 
 2DIAGNOSTIC,    13, -5.229718709777e-01, 3.958672533579e-03, 8.9722e-01, 4.6830e-03, 
 2DIAGNOSTIC,    14, -5.250338110830e-01, 3.368007801724e-03, 9.0248e-01, 5.2588e-03, 
 2DIAGNOSTIC,    15, -5.272078697648e-01, 2.786121483397e-03, 9.0940e-01, 6.9129e-03, 
 2DIAGNOSTIC,    16, -5.275715603979e-01, 2.284098302173e-03, 9.1382e-01, 4.4210e-03, 
 2DIAGNOSTIC,    17, -5.282507656512e-01, 1.839921123751e-03, 9.1826e-01, 4.4389e-03, 
 2DIAGNOSTIC,    18, -5.289722876066e-01, 1.313912041905e-03, 9.2350e-01, 5.2462e-03, 
 2DIAGNOSTIC,    19, -5.292207410111e-01, 9.370568707397e-04, 9.2865e-01, 5.1451e-03, 
 2DIAGNOSTIC,    20, -5.294476960672e-01, 7.341365573353e-04, 9.3377e-01, 5.1260e-03, 
 2DIAGNOSTIC,    21, -5.294955840903e-01, 4.966190831849e-04, 9.3831e-01, 4.5362e-03, 
 2DIAGNOSTIC,    22, -5.295366245031e-01, 3.281311959281e-04, 9.4334e-01, 5.0309e-03, 
 2DIAGNOSTIC,    23, -5.295376311909e-01, 2.063244245596e-04, 9.4839e-01, 5.0540e-03, 
 2DIAGNOSTIC,    24, -5.295911249027e-01, 1.234508389481e-04, 9.5348e-01, 5.0900e-03, 
 2DIAGNOSTIC,    25, -5.296271130650e-01, 8.499150549929e-05, 9.5869e-01, 5.2061e-03, 
 2DIAGNOSTIC,    26, -5.296539599383e-01, 4.983583932729e-05, 9.6337e-01, 4.6809e-03, 
 2DIAGNOSTIC,    27, -5.297704229808e-01, 2.877322815859e-05, 9.6790e-01, 4.5252e-03, 
 2DIAGNOSTIC,    28, -5.299884954864e-01, 2.504887531543e-05, 9.7396e-01, 6.0589e-03, 
 2DIAGNOSTIC,    29, -5.300854192462e-01, 2.569611952029e-05, 9.7894e-01, 4.9841e-03, 
 2DIAGNOSTIC,    30, -5.300410324621e-01, 2.732899344113e-05, 9.8341e-01, 4.4680e-03, 
 2DIAGNOSTIC,    31, -5.300376932141e-01, 2.724560548187e-05, 9.8794e-01, 4.5359e-03, 
 2DIAGNOSTIC,    32, -5.301686264233e-01, 2.763232919002e-05, 9.9240e-01, 4.4611e-03, 
 2DIAGNOSTIC,    33, -5.303926738421e-01, 2.905769097071e-05, 9.9799e-01, 5.5840e-03, 
 2DIAGNOSTIC,    34, -5.304519664601e-01, 2.945835349057e-05, 1.0036e+00, 5.6260e-03, 
 2DIAGNOSTIC,    35, -5.305073139184e-01, 2.868169329972e-05, 1.0081e+00, 4.5130e-03, 
 2DIAGNOSTIC,    36, -5.305686017148e-01, 2.670517374811e-05, 1.0126e+00, 4.4301e-03, 
 2DIAGNOSTIC,    37, -5.306602858943e-01, 2.533264913856e-05, 1.0188e+00, 6.2399e-03, 
 2DIAGNOSTIC,    38, -5.306881156231e-01, 2.512162425565e-05, 1.0233e+00, 4.4670e-03, 
 2DIAGNOSTIC,    39, -5.307317416635e-01, 2.461885299082e-05, 1.0277e+00, 4.4479e-03, 
 2DIAGNOSTIC,    40, -5.308225091354e-01, 2.257034276541e-05, 1.0338e+00, 6.0720e-03, 
 2DIAGNOSTIC,    41, -5.308460424125e-01, 1.877385526005e-05, 1.0383e+00, 4.4870e-03, 
 2DIAGNOSTIC,    42, -5.308561837321e-01, 1.520831957075e-05, 1.0427e+00, 4.4191e-03, 
 2DIAGNOSTIC,    43, -5.308777649273e-01, 1.355835176953e-05, 1.0472e+00, 4.4920e-03, 
 2DIAGNOSTIC,    44, -5.309114036110e-01, 1.190613944087e-05, 1.0516e+00, 4.4401e-03, 
 2DIAGNOSTIC,    45, -5.310262965518e-01, 1.129423566337e-05, 1.0589e+00, 7.2920e-03, 
 2DIAGNOSTIC,    46, -5.310374074445e-01, 1.049838941746e-05, 1.0637e+00, 4.7531e-03, 
 2DIAGNOSTIC,    47, -5.310434720121e-01, 9.962263448328e-06, 1.0680e+00, 4.3290e-03, 
 2DIAGNOSTIC,    48, -5.310518853633e-01, 8.989886105489e-06, 1.0723e+00, 4.3199e-03, 
 2DIAGNOSTIC,    49, -5.310584329536e-01, 7.783359500971e-06, 1.0777e+00, 5.3840e-03, 
 2DIAGNOSTIC,    50, -5.310645817646e-01, 6.973833583928e-06, 1.0836e+00, 5.9280e-03, 
 2DIAGNOSTIC,    51, -5.310656430618e-01, 5.851695600620e-06, 1.0881e+00, 4.4279e-03, 
 2DIAGNOSTIC,    52, -5.310738190002e-01, 4.481863510264e-06, 1.0929e+00, 4.8151e-03, 
 2DIAGNOSTIC,    53, -5.310768127969e-01, 3.049471521712e-06, 1.0973e+00, 4.4270e-03, 
 2DIAGNOSTIC,    54, -5.310775506016e-01, 1.750844720302e-06, 1.1017e+00, 4.4489e-03, 
 2DIAGNOSTIC,    55, -5.310817434211e-01, 1.565716413299e-06, 1.1062e+00, 4.4079e-03, 
 2DIAGNOSTIC,    56, -5.310870994121e-01, 1.452195857551e-06, 1.1110e+00, 4.8380e-03, 
 2DIAGNOSTIC,    57, -5.310885232962e-01, 1.327089154856e-06, 1.1158e+00, 4.8120e-03, 
 2DIAGNOSTIC,    58, -5.310914487851e-01, 1.238639651239e-06, 1.1206e+00, 4.8110e-03, 
 2DIAGNOSTIC,    59, -5.311015678587e-01, 1.240623596785e-06, 1.1259e+00, 5.3310e-03, 
 2DIAGNOSTIC,    60, -5.311021904297e-01, 1.235244579102e-06, 1.1303e+00, 4.3452e-03, 
 2DIAGNOSTIC,    61, -5.311059901820e-01, 1.204917779191e-06, 1.1441e+00, 1.3763e-02, 
 2DIAGNOSTIC,    62, -5.311059901659e-01, 1.182103197370e-06, 1.1576e+00, 1.3593e-02, 
 2DIAGNOSTIC,    63, -5.311059901659e-01, 1.122797857581e-06, 1.1627e+00, 5.0302e-03, 
 2DIAGNOSTIC,    64, -5.311059901659e-01, 1.011506956122e-06, 1.1682e+00, 5.4739e-03, 
DIAGNOSTIC,Iteration,metricValue,convergenceValue,ITERATION_TIME_INDEX,SINCE_LAST
 2DIAGNOSTIC,     1, -4.295258231625e-01, 1.797693134862e+308, 1.9121e+00, 7.4395e-01, 
 2DIAGNOSTIC,     2, -4.302859640432e-01, 1.797693134862e+308, 1.9440e+00, 3.1926e-02, 
 2DIAGNOSTIC,     3, -4.309651196675e-01, 1.797693134862e+308, 1.9761e+00, 3.2034e-02, 
 2DIAGNOSTIC,     4, -4.317164347764e-01, 1.797693134862e+308, 2.0069e+00, 3.0845e-02, 
 2DIAGNOSTIC,     5, -4.325561938346e-01, 1.797693134862e+308, 2.0388e+00, 3.1907e-02, 
 2DIAGNOSTIC,     6, -4.341819580779e-01, 1.797693134862e+308, 2.0692e+00, 3.0405e-02, 
 2DIAGNOSTIC,     7, -4.354327949461e-01, 1.797693134862e+308, 2.0989e+00, 2.9715e-02, 
 2DIAGNOSTIC,     8, -4.367134834401e-01, 1.797693134862e+308, 2.1330e+00, 3.4041e-02, 
 2DIAGNOSTIC,     9, -4.377076816053e-01, 1.797693134862e+308, 2.1746e+00, 4.1577e-02, 
 2DIAGNOSTIC,    10, -4.379510214290e-01, 1.375954781893e-03, 2.2053e+00, 3.0743e-02, 
 2DIAGNOSTIC,    11, -4.381306699703e-01, 1.211218579652e-03, 2.2349e+00, 2.9594e-02, 
 2DIAGNOSTIC,    12, -4.403708091240e-01, 1.128184042358e-03, 2.2709e+00, 3.5985e-02, 
 2DIAGNOSTIC,    13, -4.435986505813e-01, 1.148562288349e-03, 2.3092e+00, 3.8347e-02, 
 2DIAGNOSTIC,    14, -4.436199447928e-01, 1.094787361542e-03, 2.3401e+00, 3.0917e-02, 
 2DIAGNOSTIC,    15, -4.445052015372e-01, 1.025845783767e-03, 2.3742e+00, 3.4108e-02, 
 2DIAGNOSTIC,    16, -4.479362666981e-01, 1.077370583503e-03, 2.4148e+00, 4.0554e-02, 
 2DIAGNOSTIC,    17, -4.481475950927e-01, 1.073587584299e-03, 2.4438e+00, 2.9038e-02, 
 2DIAGNOSTIC,    18, -4.482020490212e-01, 1.018146298760e-03, 2.4758e+00, 3.1960e-02, 
 2DIAGNOSTIC,    19, -4.481966708474e-01, 9.107728207608e-04, 2.5294e+00, 5.3581e-02, 
 2DIAGNOSTIC,    20, -4.481953335652e-01, 7.394369044548e-04, 2.5599e+00, 3.0569e-02, 
 2DIAGNOSTIC,    21, -4.481954334164e-01, 5.189437711482e-04, 2.5981e+00, 3.8104e-02, 
 2DIAGNOSTIC,    22, -4.482018533858e-01, 3.337448843624e-04, 2.6322e+00, 3.4102e-02, 
 2DIAGNOSTIC,    23, -4.481921491751e-01, 2.259319939295e-04, 2.6636e+00, 3.1398e-02, 
 2DIAGNOSTIC,    24, -4.482074312932e-01, 1.077320671873e-04, 2.6971e+00, 3.3554e-02, 
 2DIAGNOSTIC,    25, -4.482144439124e-01, 9.691657577783e-06, 2.7359e+00, 3.8820e-02, 
 2DIAGNOSTIC,    26, -4.482116710209e-01, 3.273681310652e-06, 2.7713e+00, 3.5354e-02, 
 2DIAGNOSTIC,    27, -4.482088353774e-01, 2.084629043796e-06, 2.8094e+00, 3.8153e-02, 
 2DIAGNOSTIC,    28, -4.482139220181e-01, 2.274306955423e-06, 2.8421e+00, 3.2673e-02, 
 2DIAGNOSTIC,    29, -4.482420866632e-01, 2.842588887504e-06, 2.8768e+00, 3.4666e-02, 
 2DIAGNOSTIC,    30, -4.482455732979e-01, 3.232688997760e-06, 2.9139e+00, 3.7114e-02, 
 2DIAGNOSTIC,    31, -4.482405886744e-01, 3.298140516902e-06, 2.9432e+00, 2.9304e-02, 
 2DIAGNOSTIC,    32, -4.482290915173e-01, 3.068923441527e-06, 2.9747e+00, 3.1465e-02, 
 2DIAGNOSTIC,    33, -4.482261087675e-01, 2.406545409887e-06, 3.0075e+00, 3.2827e-02, 
 2DIAGNOSTIC,    34, -4.482147421495e-01, 1.704268670868e-06, 3.0422e+00, 3.4744e-02, 
 2DIAGNOSTIC,    35, -4.482170221863e-01, 1.142411774593e-06, 3.0727e+00, 3.0462e-02, 
DIAGNOSTIC,Iteration,metricValue,convergenceValue,ITERATION_TIME_INDEX,SINCE_LAST
 2DIAGNOSTIC,     1, -3.932184619172e-01, 1.797693134862e+308, 4.2457e+00, 1.1730e+00, 
 2DIAGNOSTIC,     2, -3.933350081029e-01, 1.797693134862e+308, 4.5050e+00, 2.5931e-01, 
 2DIAGNOSTIC,     3, -3.934316047746e-01, 1.797693134862e+308, 4.7748e+00, 2.6979e-01, 
 2DIAGNOSTIC,     4, -3.934445201921e-01, 1.797693134862e+308, 5.1146e+00, 3.3984e-01, 
 2DIAGNOSTIC,     5, -3.934561041660e-01, 1.797693134862e+308, 5.3944e+00, 2.7979e-01, 
 2DIAGNOSTIC,     6, -3.934557400739e-01, 1.797693134862e+308, 5.7130e+00, 3.1863e-01, 
 2DIAGNOSTIC,     7, -3.934568948193e-01, 1.797693134862e+308, 6.1483e+00, 4.3528e-01, 
 2DIAGNOSTIC,     8, -3.934560027005e-01, 1.797693134862e+308, 6.4108e+00, 2.6251e-01, 
 2DIAGNOSTIC,     9, -3.934553707723e-01, 1.797693134862e+308, 6.7304e+00, 3.1960e-01, 
 2DIAGNOSTIC,    10, -3.934548436104e-01, 2.950388680854e-05, 6.9970e+00, 2.6654e-01, 
 2DIAGNOSTIC,    11, -3.934535151138e-01, 1.251788108744e-05, 7.2613e+00, 2.6439e-01, 
 2DIAGNOSTIC,    12, -3.934529104056e-01, 4.334109949405e-06, 7.5270e+00, 2.6570e-01, 
 2DIAGNOSTIC,    13, -3.934523312619e-01, 2.580302970914e-06, 7.7745e+00, 2.4750e-01, 
 2DIAGNOSTIC,    14, -3.934518641172e-01, 1.691075698945e-06, 8.0800e+00, 3.0545e-01, 
 2DIAGNOSTIC,    15, -3.934519734703e-01, 1.537715173611e-06, 8.3504e+00, 2.7036e-01, 
 2DIAGNOSTIC,    16, -3.934513609812e-01, 1.410839867738e-06, 8.5948e+00, 2.4447e-01, 
 2DIAGNOSTIC,    17, -3.934508380522e-01, 1.380509378930e-06, 8.8793e+00, 2.8444e-01, 
 2DIAGNOSTIC,    18, -3.934502560005e-01, 1.340256662583e-06, 9.1259e+00, 2.4667e-01, 
 2DIAGNOSTIC,    19, -3.934497852004e-01, 1.301860221022e-06, 9.4024e+00, 2.7642e-01, 
 2DIAGNOSTIC,    20, -3.934499621877e-01, 1.290039158823e-06, 9.6501e+00, 2.4774e-01, 
 2DIAGNOSTIC,    21, -3.934502605174e-01, 1.271710093897e-06, 9.9306e+00, 2.8048e-01, 
 2DIAGNOSTIC,    22, -3.934498715843e-01, 1.245514040508e-06, 1.0235e+01, 3.0434e-01, 
 2DIAGNOSTIC,    23, -3.934501307474e-01, 1.231426772351e-06, 1.0495e+01, 2.6010e-01, 
 2DIAGNOSTIC,    24, -3.934495535943e-01, 1.200792253124e-06, 1.0719e+01, 2.2443e-01, 
 2DIAGNOSTIC,    25, -3.934490927860e-01, 1.174527693035e-06, 1.0957e+01, 2.3742e-01, 
 2DIAGNOSTIC,    26, -3.934495816546e-01, 1.156238065826e-06, 1.1229e+01, 2.7170e-01, 
 2DIAGNOSTIC,    27, -3.934510333146e-01, 1.170201620035e-06, 1.1548e+01, 3.1925e-01, 
 2DIAGNOSTIC,    28, -3.934498670513e-01, 1.138214002355e-06, 1.1818e+01, 2.6977e-01, 
 2DIAGNOSTIC,    29, -3.934494068181e-01, 1.086573275515e-06, 1.2048e+01, 2.3050e-01, 
 2DIAGNOSTIC,    30, -3.934490071290e-01, 1.034518341471e-06, 1.2321e+01, 2.7288e-01, 
 2DIAGNOSTIC,    31, -3.934493552507e-01, 1.002859792210e-06, 1.2586e+01, 2.6480e-01, 
 2DIAGNOSTIC,    32, -3.934514389270e-01, 1.012150116941e-06, 1.2883e+01, 2.9677e-01, 
 2DIAGNOSTIC,    33, -3.934519791969e-01, 1.036072163417e-06, 1.3155e+01, 2.7263e-01, 
 2DIAGNOSTIC,    34, -3.934514162346e-01, 1.029043147527e-06, 1.3449e+01, 2.9388e-01, 
 2DIAGNOSTIC,    35, -3.934525148741e-01, 1.027695650503e-06, 1.3752e+01, 3.0265e-01, 
 2DIAGNOSTIC,    36, -3.934539684331e-01, 1.051995794407e-06, 1.4103e+01, 3.5097e-01, 
 2DIAGNOSTIC,    37, -3.934536117774e-01, 1.079271613944e-06, 1.4392e+01, 2.8898e-01, 
 2DIAGNOSTIC,    38, -3.934525131165e-01, 1.042002485449e-06, 1.4640e+01, 2.4846e-01, 
DIAGNOSTIC,Iteration,metricValue,convergenceValue,ITERATION_TIME_INDEX,SINCE_LAST
 2DIAGNOSTIC,     1, -3.660000232239e-01, 1.797693134862e+308, 1.7057e+01, 2.4168e+00, 
 2DIAGNOSTIC,     2, -3.661006045121e-01, 1.797693134862e+308, 1.8601e+01, 1.5440e+00, 
 2DIAGNOSTIC,     3, -3.661940053631e-01, 1.797693134862e+308, 2.0122e+01, 1.5208e+00, 
 2DIAGNOSTIC,     4, -3.662025644026e-01, 1.797693134862e+308, 2.2929e+01, 2.8077e+00, 
 2DIAGNOSTIC,     5, -3.662022977451e-01, 1.797693134862e+308, 2.4793e+01, 1.8635e+00, 
 2DIAGNOSTIC,     6, -3.662022733317e-01, 1.797693134862e+308, 2.6367e+01, 1.5743e+00, 
 2DIAGNOSTIC,     7, -3.662021510474e-01, 1.797693134862e+308, 2.7921e+01, 1.5533e+00, 
 2DIAGNOSTIC,     8, -3.662021104826e-01, 1.797693134862e+308, 2.9514e+01, 1.5935e+00, 
 2DIAGNOSTIC,     9, -3.662019867666e-01, 1.797693134862e+308, 3.1004e+01, 1.4904e+00, 
 2DIAGNOSTIC,    10, -3.662019340721e-01, 2.615306837588e-05, 3.2555e+01, 1.5508e+00, 
 2DIAGNOSTIC,    11, -3.662019021445e-01, 1.049208873204e-05, 3.4070e+01, 1.5151e+00, 
 2DIAGNOSTIC,    12, -3.662017877893e-01, 3.091360972110e-06, 3.5591e+01, 1.5207e+00, 
 2DIAGNOSTIC,    13, -3.662019075744e-01, 2.358435097299e-06, 3.7378e+01, 1.7867e+00, 
 2DIAGNOSTIC,    14, -3.662018587170e-01, 2.210206091827e-06, 3.9099e+01, 1.7214e+00, 
 2DIAGNOSTIC,    15, -3.662018920191e-01, 2.075386345141e-06, 4.0840e+01, 1.7404e+00, 
 2DIAGNOSTIC,    16, -3.662018421429e-01, 1.958104211663e-06, 4.2342e+01, 1.5026e+00, 
 2DIAGNOSTIC,    17, -3.662017315711e-01, 1.846828469675e-06, 4.3762e+01, 1.4199e+00, 
 2DIAGNOSTIC,    18, -3.662016584595e-01, 1.745449619117e-06, 4.5297e+01, 1.5351e+00, 
 2DIAGNOSTIC,    19, -3.662015876386e-01, 1.648798692716e-06, 4.6897e+01, 1.5993e+00, 
 2DIAGNOSTIC,    20, -3.662013733000e-01, 1.553843758391e-06, 4.8433e+01, 1.5369e+00, 
 2DIAGNOSTIC,    21, -3.662013255001e-01, 1.468744491563e-06, 5.0274e+01, 1.8406e+00, 
 2DIAGNOSTIC,    22, -3.662011170427e-01, 1.384171252596e-06, 5.1851e+01, 1.5771e+00, 
 2DIAGNOSTIC,    23, -3.662008967349e-01, 1.309503581411e-06, 5.3223e+01, 1.3721e+00, 
 2DIAGNOSTIC,    24, -3.662008589359e-01, 1.245216253429e-06, 5.4740e+01, 1.5166e+00, 
 2DIAGNOSTIC,    25, -3.662009022606e-01, 1.195923529811e-06, 5.6339e+01, 1.5989e+00, 
 2DIAGNOSTIC,    26, -3.662008588711e-01, 1.154782676538e-06, 5.7799e+01, 1.4601e+00, 
 2DIAGNOSTIC,    27, -3.662010887032e-01, 1.126687785243e-06, 5.9378e+01, 1.5796e+00, 
 2DIAGNOSTIC,    28, -3.662011545087e-01, 1.105168586424e-06, 6.1073e+01, 1.6950e+00, 
 2DIAGNOSTIC,    29, -3.662007271326e-01, 1.074819904051e-06, 6.2846e+01, 1.7729e+00, 
 2DIAGNOSTIC,    30, -3.662006710375e-01, 1.041888339770e-06, 6.4358e+01, 1.5116e+00, 
 2DIAGNOSTIC,    31, -3.662006079533e-01, 1.010052218468e-06, 6.5941e+01, 1.5835e+00, 
  Elapsed time (stage 0): 6.6790e+01


Total elapsed time: 6.6792e+01
Info [verificarlo]: loaded backend libinterflop_vprec.so
Info [interflop-vprec]: load backend with: 
Info [interflop-vprec]: precision-binary32 = 22
Info [interflop-vprec]: range-binary32 = 7
Info [interflop-vprec]: precision-binary64 = 22
Info [interflop-vprec]: range-binary64 = 7
Info [interflop-vprec]: mode = ob
Info [interflop-vprec]: error-mode = rel
Info [interflop-vprec]: max-abs-error-exponent = -1022
Info [interflop-vprec]: daz = false
Info [interflop-vprec]: ftz = false
Info [interflop-vprec]: 	instrument = none
Info [interflop-vprec]: 	prec-input-file = (null)
Info [interflop-vprec]: 	prec-output-file = (null)
Info [interflop-vprec]: 	prec-log-file = (null)
All_Command_lines_OK
Using double precision for computations.
=============================================================================
The composite transform comprises the following transforms (in order): 
  1. /home/mdugre/scratch/mri-registration-rp/datasets/ds004513/derivatives/mri-registration-rp/0011/antsRegistration-r7-p22/sub-s014/rigid_Composite.h5[0] (type = Euler3DTransform)
  2. /home/mdugre/scratch/mri-registration-rp/datasets/ds004513/derivatives/mri-registration-rp/0011/antsRegistration-r7-p22/sub-s014/rigid_Composite.h5[1] (type = Euler3DTransform)
  3. /home/mdugre/scratch/mri-registration-rp/datasets/ds004513/derivatives/mri-registration-rp/0011/antsRegistration-r7-p22/sub-s014/rigid_Composite.h5[2] (type = Euler3DTransform)
=============================================================================
  number of levels = 4
  fixed image: /templateflow/tpl-MNI152NLin2009cAsym/tpl-MNI152NLin2009cAsym_res-01_desc-brain_T1w.nii.gz
  moving image: /home/mdugre/scratch/mri-registration-rp/datasets/ds004513/derivatives/mri-registration-rp/antsBrainExtraction/sub-s014/BrainExtractionBrain.nii.gz
Dimension = 3
Number of stages = 1
Use histogram matching = false
Winsorize image intensities = true
  Lower quantile = 0.005
  Upper quantile = 0.995


Stage 1 State
   Image metric = MattesMI
     Fixed image = Image (0x3e5e490)
  RTTI typeinfo:   itk::Image<double, 3u>
  Reference Count: 2
  Modified Time: 1594
  Debug: Off
  Object Name: 
  Observers: 
    none
  Source: (none)
  Source output name: (none)
  Release Data: Off
  Data Released: False
  Global Release Data: Off
  PipelineMTime: 0
  UpdateMTime: 1203
  RealTimeStamp: 0 seconds 
  LargestPossibleRegion: 
    Dimension: 3
    Index: [0, 0, 0]
    Size: [193, 229, 193]
  BufferedRegion: 
    Dimension: 3
    Index: [0, 0, 0]
    Size: [193, 229, 193]
  RequestedRegion: 
    Dimension: 3
    Index: [0, 0, 0]
    Size: [193, 229, 193]
  Spacing: [1, 1, 1]
  Origin: [96, 132, -78]
  Direction: 
-1 0 0
0 -1 0
0 0 1

  IndexToPointMatrix: 
-1 0 0
0 -1 0
0 0 1

  PointToIndexMatrix: 
-1 0 0
0 -1 0
0 0 1

  Inverse Direction: 
-1 0 0
0 -1 0
0 0 1

  PixelContainer: 
    ImportImageContainer (0x3f298c0)
      RTTI typeinfo:   itk::ImportImageContainer<unsigned long, double>
      Reference Count: 1
      Modified Time: 1200
      Debug: Off
      Object Name: 
      Observers: 
        none
      Pointer: 0x150c9c4fb010
      Container manages memory: true
      Size: 8530021
      Capacity: 8530021

     Moving image = Image (0x3f19b60)
  RTTI typeinfo:   itk::Image<double, 3u>
  Reference Count: 2
  Modified Time: 1595
  Debug: Off
  Object Name: 
  Observers: 
    none
  Source: (none)
  Source output name: (none)
  Release Data: Off
  Data Released: False
  Global Release Data: Off
  PipelineMTime: 0
  UpdateMTime: 1592
  RealTimeStamp: 0 seconds 
  LargestPossibleRegion: 
    Dimension: 3
    Index: [0, 0, 0]
    Size: [160, 240, 256]
  BufferedRegion: 
    Dimension: 3
    Index: [0, 0, 0]
    Size: [160, 240, 256]
  RequestedRegion: 
    Dimension: 3
    Index: [0, 0, 0]
    Size: [160, 240, 256]
  Spacing: [1, 1, 1]
  Origin: [84.1637, 106.709, -120.531]
  Direction: 
-0.999619 -0.0226874 -0.0157033
0.0226846 -0.999743 0.00035635
-0.0157073 -7.8229e-09 0.999877

  IndexToPointMatrix: 
-0.999619 -0.0226874 -0.0157033
0.0226845 -0.999743 0.00035635
-0.0157073 -7.8229e-09 0.999877

  PointToIndexMatrix: 
-0.99962 0.0226846 -0.0157073
-0.0226874 -0.999743 -1.19209e-07
-0.0157033 0.000356376 0.999877

  Inverse Direction: 
-0.999619 0.0226846 -0.0157073
-0.0226874 -0.999743 -1.19209e-07
-0.0157033 0.000356376 0.999877

  PixelContainer: 
    ImportImageContainer (0x3fad1d0)
      RTTI typeinfo:   itk::ImportImageContainer<unsigned long, double>
      Reference Count: 1
      Modified Time: 1589
      Debug: Off
      Object Name: 
      Observers: 
        none
      Pointer: 0x150c979fa010
      Container manages memory: true
      Size: 9830400
      Capacity: 9830400

     Weighting = 1
     Sampling strategy = regular
     Number of bins = 32
     Radius = 4
     Sampling percentage  = 0.25
   Transform = Affine
     Gradient step = 0.1
     Update field sigma (voxel space) = 0
     Total field sigma (voxel space) = 0
     Update field time sigma = 0
     Total field time sigma  = 0
     Number of time indices = 0
     Number of time point samples = 0
Registration using 1 total stages.

Stage 0
  iterations = 1000x500x250x100
  convergence threshold = 1e-06
  convergence window size = 10
  number of levels = 4
  using the Mattes MI metric (number of bins = 32, weight = 1, use gradient filter = 0)
  preprocessing:  winsorizing the image intensities
  Shrink factors (level 1 out of 4): [8, 8, 8]
  Shrink factors (level 2 out of 4): [4, 4, 4]
  Shrink factors (level 3 out of 4): [2, 2, 2]
  Shrink factors (level 4 out of 4): [1, 1, 1]
  smoothing sigmas per level: [3, 2, 1, 0]
  regular sampling (percentage = 0.25)

*** Running AffineTransform registration ***

DIAGNOSTIC,Iteration,metricValue,convergenceValue,ITERATION_TIME_INDEX,SINCE_LAST
 2DIAGNOSTIC,     1, -5.239746545617e-01, 1.797693134862e+308, 0.0000e+00, 0.0000e+00, 
 2DIAGNOSTIC,     2, -5.258638882872e-01, 1.797693134862e+308, 0.0000e+00, 0.0000e+00, 
 2DIAGNOSTIC,     3, -5.291093153624e-01, 1.797693134862e+308, 0.0000e+00, 0.0000e+00, 
 2DIAGNOSTIC,     4, -5.347728148370e-01, 1.797693134862e+308, 0.0000e+00, 0.0000e+00, 
 2DIAGNOSTIC,     5, -5.449426274601e-01, 1.797693134862e+308, 0.0000e+00, 0.0000e+00, 
 2DIAGNOSTIC,     6, -6.215809312603e-01, 1.797693134862e+308, 0.0000e+00, 0.0000e+00, 
 2DIAGNOSTIC,     7, -6.634153964914e-01, 1.797693134862e+308, 0.0000e+00, 0.0000e+00, 
 2DIAGNOSTIC,     8, -7.298362350410e-01, 1.797693134862e+308, 0.0000e+00, 0.0000e+00, 
 2DIAGNOSTIC,     9, -7.423018624126e-01, 1.797693134862e+308, 0.0000e+00, 0.0000e+00, 
 2DIAGNOSTIC,    10, -7.541693475651e-01, 2.915834236906e-02, 0.0000e+00, 0.0000e+00, 
 2DIAGNOSTIC,    11, -7.649333646205e-01, 2.765046482718e-02, 0.0000e+00, 0.0000e+00, 
 2DIAGNOSTIC,    12, -7.742197597079e-01, 2.435036816263e-02, 0.0000e+00, 0.0000e+00, 
 2DIAGNOSTIC,    13, -7.773577191612e-01, 1.969311640504e-02, 0.0000e+00, 0.0000e+00, 
 2DIAGNOSTIC,    14, -7.823285107578e-01, 1.440252085630e-02, 0.0000e+00, 0.0000e+00, 
 2DIAGNOSTIC,    15, -7.852320170853e-01, 8.979630529434e-03, 0.0000e+00, 0.0000e+00, 
 2DIAGNOSTIC,    16, -7.890868460530e-01, 5.625272289256e-03, 0.0000e+00, 0.0000e+00, 
 2DIAGNOSTIC,    17, -7.945197603235e-01, 3.323529797048e-03, 0.0000e+00, 0.0000e+00, 
 2DIAGNOSTIC,    18, -8.006657076072e-01, 2.664756250322e-03, 0.0000e+00, 0.0000e+00, 
 2DIAGNOSTIC,    19, -8.040466339534e-01, 2.176016065624e-03, 0.0000e+00, 0.0000e+00, 
 2DIAGNOSTIC,    20, -8.097635590968e-01, 1.894488528161e-03, 0.0000e+00, 0.0000e+00, 
 2DIAGNOSTIC,    21, -8.144633091535e-01, 1.758660433971e-03, 0.0000e+00, 0.0000e+00, 
 2DIAGNOSTIC,    22, -8.152845047929e-01, 1.654901916656e-03, 0.0000e+00, 0.0000e+00, 
 2DIAGNOSTIC,    23, -8.189939067629e-01, 1.524345885576e-03, 0.0000e+00, 0.0000e+00, 
 2DIAGNOSTIC,    24, -8.201284485471e-01, 1.363185699154e-03, 0.0000e+00, 0.0000e+00, 
 2DIAGNOSTIC,    25, -8.205499313863e-01, 1.140768549310e-03, 0.0000e+00, 0.0000e+00, 
 2DIAGNOSTIC,    26, -8.211078932070e-01, 8.960684915367e-04, 0.0000e+00, 0.0000e+00, 
 2DIAGNOSTIC,    27, -8.227050616915e-01, 6.875833538167e-04, 0.0000e+00, 0.0000e+00, 
 2DIAGNOSTIC,    28, -8.246508089269e-01, 5.421029696135e-04, 0.0000e+00, 0.0000e+00, 
 2DIAGNOSTIC,    29, -8.344705864060e-01, 5.296681899222e-04, 0.0000e+00, 0.0000e+00, 
 2DIAGNOSTIC,    30, -8.368708026609e-01, 5.679539071231e-04, 0.0000e+00, 0.0000e+00, 
 2DIAGNOSTIC,    31, -8.371126201534e-01, 6.120588089217e-04, 0.0000e+00, 0.0000e+00, 
 2DIAGNOSTIC,    32, -8.386858393421e-01, 6.244886066790e-04, 0.0000e+00, 0.0000e+00, 
 2DIAGNOSTIC,    33, -8.391721289382e-01, 6.241293112247e-04, 0.0000e+00, 0.0000e+00, 
 2DIAGNOSTIC,    34, -8.391885050413e-01, 5.759152507342e-04, 0.0000e+00, 0.0000e+00, 
 2DIAGNOSTIC,    35, -8.392605966282e-01, 4.814738013300e-04, 0.0000e+00, 0.0000e+00, 
 2DIAGNOSTIC,    36, -8.390671087880e-01, 3.523772386823e-04, 0.0000e+00, 0.0000e+00, 
 2DIAGNOSTIC,    37, -8.399967242616e-01, 2.239276066077e-04, 0.0000e+00, 0.0000e+00, 
 2DIAGNOSTIC,    38, -8.403393885328e-01, 1.013231818927e-04, 0.0000e+00, 0.0000e+00, 
 2DIAGNOSTIC,    39, -8.416794078671e-01, 8.196482075680e-05, 0.0000e+00, 0.0000e+00, 
 2DIAGNOSTIC,    40, -8.426142385615e-01, 8.685425398774e-05, 0.0000e+00, 0.0000e+00, 
 2DIAGNOSTIC,    41, -8.427416666463e-01, 8.622423294887e-05, 0.0000e+00, 0.0000e+00, 
 2DIAGNOSTIC,    42, -8.425402876720e-01, 8.954678812527e-05, 0.0000e+00, 0.0000e+00, 
 2DIAGNOSTIC,    43, -8.423695447753e-01, 8.699064216450e-05, 0.0000e+00, 0.0000e+00, 
 2DIAGNOSTIC,    44, -8.423668560026e-01, 7.635249356366e-05, 0.0000e+00, 0.0000e+00, 
 2DIAGNOSTIC,    45, -8.423667195824e-01, 5.956682332577e-05, 0.0000e+00, 0.0000e+00, 
 2DIAGNOSTIC,    46, -8.424112195166e-01, 3.670480310578e-05, 0.0000e+00, 0.0000e+00, 
 2DIAGNOSTIC,    47, -8.424734608477e-01, 1.935209457994e-05, 0.0000e+00, 0.0000e+00, 
 2DIAGNOSTIC,    48, -8.426026145636e-01, 4.411775479954e-06, 0.0000e+00, 0.0000e+00, 
DIAGNOSTIC,Iteration,metricValue,convergenceValue,ITERATION_TIME_INDEX,SINCE_LAST
 2DIAGNOSTIC,     1, -6.893261826058e-01, 1.797693134862e+308, 0.0000e+00, 0.0000e+00, 
 2DIAGNOSTIC,     2, -6.899367735322e-01, 1.797693134862e+308, 0.0000e+00, 0.0000e+00, 
 2DIAGNOSTIC,     3, -6.904771772945e-01, 1.797693134862e+308, 0.0000e+00, 0.0000e+00, 
 2DIAGNOSTIC,     4, -6.909427424968e-01, 1.797693134862e+308, 0.0000e+00, 0.0000e+00, 
 2DIAGNOSTIC,     5, -6.915259218604e-01, 1.797693134862e+308, 0.0000e+00, 0.0000e+00, 
 2DIAGNOSTIC,     6, -6.927557527834e-01, 1.797693134862e+308, 0.0000e+00, 0.0000e+00, 
 2DIAGNOSTIC,     7, -6.930740212070e-01, 1.797693134862e+308, 0.0000e+00, 0.0000e+00, 
 2DIAGNOSTIC,     8, -6.931192553558e-01, 1.797693134862e+308, 0.0000e+00, 0.0000e+00, 
 2DIAGNOSTIC,     9, -6.933336067768e-01, 1.797693134862e+308, 0.0000e+00, 0.0000e+00, 
 2DIAGNOSTIC,    10, -6.935323152888e-01, 4.233209375621e-04, 0.0000e+00, 0.0000e+00, 
 2DIAGNOSTIC,    11, -6.936616478153e-01, 3.340425668549e-04, 0.0000e+00, 0.0000e+00, 
 2DIAGNOSTIC,    12, -6.937166207746e-01, 2.524794499010e-04, 0.0000e+00, 0.0000e+00, 
 2DIAGNOSTIC,    13, -6.937235757849e-01, 1.786730270261e-04, 0.0000e+00, 0.0000e+00, 
 2DIAGNOSTIC,    14, -6.936998980150e-01, 1.124238052288e-04, 0.0000e+00, 0.0000e+00, 
 2DIAGNOSTIC,    15, -6.936937173646e-01, 5.983607958991e-05, 0.0000e+00, 0.0000e+00, 
 2DIAGNOSTIC,    16, -6.936856764699e-01, 3.966957817707e-05, 0.0000e+00, 0.0000e+00, 
 2DIAGNOSTIC,    17, -6.936776545793e-01, 2.596881763906e-05, 0.0000e+00, 0.0000e+00, 
 2DIAGNOSTIC,    18, -6.936699907280e-01, 1.238106574505e-05, 0.0000e+00, 0.0000e+00, 
 2DIAGNOSTIC,    19, -6.936506762913e-01, 3.392216317684e-06, 0.0000e+00, 0.0000e+00, 
DIAGNOSTIC,Iteration,metricValue,convergenceValue,ITERATION_TIME_INDEX,SINCE_LAST
 2DIAGNOSTIC,     1, -5.887297754539e-01, 1.797693134862e+308, 0.0000e+00, 0.0000e+00, 
 2DIAGNOSTIC,     2, -5.893260317046e-01, 1.797693134862e+308, 0.0000e+00, 0.0000e+00, 
 2DIAGNOSTIC,     3, -5.900490874899e-01, 1.797693134862e+308, 0.0000e+00, 0.0000e+00, 
 2DIAGNOSTIC,     4, -5.908683068787e-01, 1.797693134862e+308, 0.0000e+00, 0.0000e+00, 
 2DIAGNOSTIC,     5, -5.920074642273e-01, 1.797693134862e+308, 0.0000e+00, 0.0000e+00, 
 2DIAGNOSTIC,     6, -5.938273220845e-01, 1.797693134862e+308, 0.0000e+00, 0.0000e+00, 
 2DIAGNOSTIC,     7, -5.938474118954e-01, 1.797693134862e+308, 0.0000e+00, 0.0000e+00, 
 2DIAGNOSTIC,     8, -5.938526154756e-01, 1.797693134862e+308, 0.0000e+00, 0.0000e+00, 
 2DIAGNOSTIC,     9, -5.938509788169e-01, 1.797693134862e+308, 0.0000e+00, 0.0000e+00, 
 2DIAGNOSTIC,    10, -5.938527473832e-01, 6.482931562884e-04, 0.0000e+00, 0.0000e+00, 
 2DIAGNOSTIC,    11, -5.938513915252e-01, 4.744079510838e-04, 0.0000e+00, 0.0000e+00, 
 2DIAGNOSTIC,    12, -5.938465834597e-01, 3.109818354292e-04, 0.0000e+00, 0.0000e+00, 
 2DIAGNOSTIC,    13, -5.938460079268e-01, 1.723199710013e-04, 0.0000e+00, 0.0000e+00, 
 2DIAGNOSTIC,    14, -5.938452727664e-01, 6.576713887205e-05, 0.0000e+00, 0.0000e+00, 
 2DIAGNOSTIC,    15, -5.938447193384e-01, 2.396870763560e-06, 0.0000e+00, 0.0000e+00, 
 2DIAGNOSTIC,    16, -5.938440825435e-01, 1.443982496477e-06, 0.0000e+00, 0.0000e+00, 
 2DIAGNOSTIC,    17, -5.938437146519e-01, 1.208292993195e-06, 0.0000e+00, 0.0000e+00, 
 2DIAGNOSTIC,    18, -5.938434954048e-01, 1.194724579018e-06, 0.0000e+00, 0.0000e+00, 
 2DIAGNOSTIC,    19, -5.938432760594e-01, 1.185348178355e-06, 0.0000e+00, 0.0000e+00, 
 2DIAGNOSTIC,    20, -5.938427889569e-01, 1.252648510301e-06, 0.0000e+00, 0.0000e+00, 
 2DIAGNOSTIC,    21, -5.938421068175e-01, 1.301684220849e-06, 0.0000e+00, 0.0000e+00, 
