
##########################
# Experiment information #
##########################

EXPERIMENT_NAME: antsRegistration-r7-p22
VFC_BACKENDS: libinterflop_vprec.so --range-binary32=7 --precision-binary32=22 --range-binary64=7 --precision-binary64=22

SIF_IMG: /home/mdugre/projects/rrg-glatard/mdugre/containers/ants-vprec-no_metrics.simg

SUBJECT_ID: s003
INPUT_IMG: /home/mdugre/scratch/mri-registration-rp/datasets/ds004513/derivatives/mri-registration-rp/antsBrainExtraction/sub-s003/BrainExtractionBrain.nii.gz
OUTPUT_DIR: /home/mdugre/scratch/mri-registration-rp/datasets/ds004513/derivatives/mri-registration-rp/0011/antsRegistration-r7-p22/sub-s003

FIXED_IMG: /templateflow/tpl-MNI152NLin2009cAsym/tpl-MNI152NLin2009cAsym_res-01_desc-brain_T1w.nii.gz
DATA_DIR: /home/mdugre/scratch/mri-registration-rp/datasets/ds004513
TEMPLATEFLOW_DIR: /home/mdugre/projects/rrg-glatard/mdugre/templateflow
ITK_GLOBAL_DEFAULT_NUMBER_OF_THREADS: 16
##########################

Info [verificarlo]: loaded backend libinterflop_ieee.so
Info [interflop-ieee]: load backend with:
Info [interflop-ieee]: debug = false
Info [interflop-ieee]: debug-binary = false
Info [interflop-ieee]: no-backend-name = false
Info [interflop-ieee]: print-new-line = false
Info [interflop-ieee]: print-subnormal-normalized = false
Info [interflop-ieee]: count-op = false
All_Command_lines_OK
Using double precision for computations.
=============================================================================
The composite transform comprises the following transforms (in order): 
  1. Center of mass alignment using fixed image: /templateflow/tpl-MNI152NLin2009cAsym/tpl-MNI152NLin2009cAsym_res-01_desc-brain_T1w.nii.gz and moving image: /home/mdugre/scratch/mri-registration-rp/datasets/ds004513/derivatives/mri-registration-rp/antsBrainExtraction/sub-s003/BrainExtractionBrain.nii.gz (type = Euler3DTransform)
=============================================================================
  number of levels = 1
  fixed image: /templateflow/tpl-MNI152NLin2009cAsym/tpl-MNI152NLin2009cAsym_res-01_desc-brain_T1w.nii.gz
  moving image: /home/mdugre/scratch/mri-registration-rp/datasets/ds004513/derivatives/mri-registration-rp/antsBrainExtraction/sub-s003/BrainExtractionBrain.nii.gz
Dimension = 3
Number of stages = 1
Use histogram matching = false
Winsorize image intensities = true
  Lower quantile = 0.005
  Upper quantile = 0.995


Stage 1 State
   Image metric = MattesMI
     Fixed image = Image (0x4a58e70)
  RTTI typeinfo:   itk::Image<double, 3u>
  Reference Count: 2
  Modified Time: 2334
  Debug: Off
  Object Name: 
  Observers: 
    none
  Source: (none)
  Source output name: (none)
  Release Data: Off
  Data Released: False
  Global Release Data: Off
  PipelineMTime: 0
  UpdateMTime: 1943
  RealTimeStamp: 0 seconds 
  LargestPossibleRegion: 
    Dimension: 3
    Index: [0, 0, 0]
    Size: [193, 229, 193]
  BufferedRegion: 
    Dimension: 3
    Index: [0, 0, 0]
    Size: [193, 229, 193]
  RequestedRegion: 
    Dimension: 3
    Index: [0, 0, 0]
    Size: [193, 229, 193]
  Spacing: [1, 1, 1]
  Origin: [96, 132, -78]
  Direction: 
-1 0 0
0 -1 0
0 0 1

  IndexToPointMatrix: 
-1 0 0
0 -1 0
0 0 1

  PointToIndexMatrix: 
-1 0 0
0 -1 0
0 0 1

  Inverse Direction: 
-1 0 0
0 -1 0
0 0 1

  PixelContainer: 
    ImportImageContainer (0x4a65140)
      RTTI typeinfo:   itk::ImportImageContainer<unsigned long, double>
      Reference Count: 1
      Modified Time: 1940
      Debug: Off
      Object Name: 
      Observers: 
        none
      Pointer: 0x15439fe48010
      Container manages memory: true
      Size: 8530021
      Capacity: 8530021

     Moving image = Image (0x4a62310)
  RTTI typeinfo:   itk::Image<double, 3u>
  Reference Count: 2
  Modified Time: 2335
  Debug: Off
  Object Name: 
  Observers: 
    none
  Source: (none)
  Source output name: (none)
  Release Data: Off
  Data Released: False
  Global Release Data: Off
  PipelineMTime: 0
  UpdateMTime: 2332
  RealTimeStamp: 0 seconds 
  LargestPossibleRegion: 
    Dimension: 3
    Index: [0, 0, 0]
    Size: [176, 240, 256]
  BufferedRegion: 
    Dimension: 3
    Index: [0, 0, 0]
    Size: [176, 240, 256]
  RequestedRegion: 
    Dimension: 3
    Index: [0, 0, 0]
    Size: [176, 240, 256]
  Spacing: [0.999999, 1, 1]
  Origin: [93.3499, 86.9368, -128.957]
  Direction: 
-0.999513 -0.0279216 -0.0139567
0.0279189 -0.99961 0.000389866
-0.0139622 2.01492e-08 0.999903

  IndexToPointMatrix: 
-0.999512 -0.0279216 -0.0139567
0.0279189 -0.99961 0.000389866
-0.0139621 2.01492e-08 0.999903

  PointToIndexMatrix: 
-0.999514 0.0279189 -0.0139622
-0.0279216 -0.99961 2.01716e-08
-0.0139567 0.000389866 0.999903

  Inverse Direction: 
-0.999513 0.0279189 -0.0139622
-0.0279216 -0.99961 2.01716e-08
-0.0139567 0.000389866 0.999903

  PixelContainer: 
    ImportImageContainer (0x4b8d610)
      RTTI typeinfo:   itk::ImportImageContainer<unsigned long, double>
      Reference Count: 1
      Modified Time: 2329
      Debug: Off
      Object Name: 
      Observers: 
        none
      Pointer: 0x15439abc7010
      Container manages memory: true
      Size: 10813440
      Capacity: 10813440

     Weighting = 1
     Sampling strategy = regular
     Number of bins = 32
     Radius = 4
     Sampling percentage  = 0.25
   Transform = Rigid
     Gradient step = 0.1
     Update field sigma (voxel space) = 0
     Total field sigma (voxel space) = 0
     Update field time sigma = 0
     Total field time sigma  = 0
     Number of time indices = 0
     Number of time point samples = 0
Registration using 1 total stages.

Stage 0
  iterations = 0
  convergence threshold = 1e-06
  convergence window size = 10
  number of levels = 1
  using the Mattes MI metric (number of bins = 32, weight = 1, use gradient filter = 0)
  preprocessing:  winsorizing the image intensities
  Shrink factors (level 1 out of 1): [1, 1, 1]
  smoothing sigmas per level: [0]
  regular sampling (percentage = 0.25)

*** Running Euler3DTransform registration ***

  Elapsed time (stage 0): 1.1113


Total elapsed time: 1.11355
Info [verificarlo]: loaded backend libinterflop_ieee.so
Info [interflop-ieee]: load backend with:
Info [interflop-ieee]: debug = false
Info [interflop-ieee]: debug-binary = false
Info [interflop-ieee]: no-backend-name = false
Info [interflop-ieee]: print-new-line = false
Info [interflop-ieee]: print-subnormal-normalized = false
Info [interflop-ieee]: count-op = false
All_Command_lines_OK
Using double precision for computations.
=============================================================================
The composite transform comprises the following transforms (in order): 
  1. /home/mdugre/scratch/mri-registration-rp/datasets/ds004513/derivatives/mri-registration-rp/0011/antsRegistration-r7-p22/sub-s003/align_Composite.h5[0] (type = Euler3DTransform)
  2. /home/mdugre/scratch/mri-registration-rp/datasets/ds004513/derivatives/mri-registration-rp/0011/antsRegistration-r7-p22/sub-s003/align_Composite.h5[1] (type = Euler3DTransform)
=============================================================================
  number of levels = 4
  fixed image: /templateflow/tpl-MNI152NLin2009cAsym/tpl-MNI152NLin2009cAsym_res-01_desc-brain_T1w.nii.gz
  moving image: /home/mdugre/scratch/mri-registration-rp/datasets/ds004513/derivatives/mri-registration-rp/antsBrainExtraction/sub-s003/BrainExtractionBrain.nii.gz
Dimension = 3
Number of stages = 1
Use histogram matching = false
Winsorize image intensities = true
  Lower quantile = 0.005
  Upper quantile = 0.995


Stage 1 State
   Image metric = MattesMI
     Fixed image = Image (0x4e57530)
  RTTI typeinfo:   itk::Image<double, 3u>
  Reference Count: 2
  Modified Time: 1580
  Debug: Off
  Object Name: 
  Observers: 
    none
  Source: (none)
  Source output name: (none)
  Release Data: Off
  Data Released: False
  Global Release Data: Off
  PipelineMTime: 0
  UpdateMTime: 1189
  RealTimeStamp: 0 seconds 
  LargestPossibleRegion: 
    Dimension: 3
    Index: [0, 0, 0]
    Size: [193, 229, 193]
  BufferedRegion: 
    Dimension: 3
    Index: [0, 0, 0]
    Size: [193, 229, 193]
  RequestedRegion: 
    Dimension: 3
    Index: [0, 0, 0]
    Size: [193, 229, 193]
  Spacing: [1, 1, 1]
  Origin: [96, 132, -78]
  Direction: 
-1 0 0
0 -1 0
0 0 1

  IndexToPointMatrix: 
-1 0 0
0 -1 0
0 0 1

  PointToIndexMatrix: 
-1 0 0
0 -1 0
0 0 1

  Inverse Direction: 
-1 0 0
0 -1 0
0 0 1

  PixelContainer: 
    ImportImageContainer (0x4f15d60)
      RTTI typeinfo:   itk::ImportImageContainer<unsigned long, double>
      Reference Count: 1
      Modified Time: 1186
      Debug: Off
      Object Name: 
      Observers: 
        none
      Pointer: 0x151209875010
      Container manages memory: true
      Size: 8530021
      Capacity: 8530021

     Moving image = Image (0x4f07f60)
  RTTI typeinfo:   itk::Image<double, 3u>
  Reference Count: 2
  Modified Time: 1581
  Debug: Off
  Object Name: 
  Observers: 
    none
  Source: (none)
  Source output name: (none)
  Release Data: Off
  Data Released: False
  Global Release Data: Off
  PipelineMTime: 0
  UpdateMTime: 1578
  RealTimeStamp: 0 seconds 
  LargestPossibleRegion: 
    Dimension: 3
    Index: [0, 0, 0]
    Size: [176, 240, 256]
  BufferedRegion: 
    Dimension: 3
    Index: [0, 0, 0]
    Size: [176, 240, 256]
  RequestedRegion: 
    Dimension: 3
    Index: [0, 0, 0]
    Size: [176, 240, 256]
  Spacing: [0.999999, 1, 1]
  Origin: [93.3499, 86.9368, -128.957]
  Direction: 
-0.999513 -0.0279216 -0.0139567
0.0279189 -0.99961 0.000389866
-0.0139622 2.01492e-08 0.999903

  IndexToPointMatrix: 
-0.999512 -0.0279216 -0.0139567
0.0279189 -0.99961 0.000389866
-0.0139621 2.01492e-08 0.999903

  PointToIndexMatrix: 
-0.999514 0.0279189 -0.0139622
-0.0279216 -0.99961 2.01716e-08
-0.0139567 0.000389866 0.999903

  Inverse Direction: 
-0.999513 0.0279189 -0.0139622
-0.0279216 -0.99961 2.01716e-08
-0.0139567 0.000389866 0.999903

  PixelContainer: 
    ImportImageContainer (0x4ef96d0)
      RTTI typeinfo:   itk::ImportImageContainer<unsigned long, double>
      Reference Count: 1
      Modified Time: 1575
      Debug: Off
      Object Name: 
      Observers: 
        none
      Pointer: 0x1512045f4010
      Container manages memory: true
      Size: 10813440
      Capacity: 10813440

     Weighting = 1
     Sampling strategy = regular
     Number of bins = 32
     Radius = 4
     Sampling percentage  = 0.25
   Transform = Rigid
     Gradient step = 0.1
     Update field sigma (voxel space) = 0
     Total field sigma (voxel space) = 0
     Update field time sigma = 0
     Total field time sigma  = 0
     Number of time indices = 0
     Number of time point samples = 0
Registration using 1 total stages.

Stage 0
  iterations = 1000x500x250x100
  convergence threshold = 1e-06
  convergence window size = 10
  number of levels = 4
  using the Mattes MI metric (number of bins = 32, weight = 1, use gradient filter = 0)
  preprocessing:  winsorizing the image intensities
  Shrink factors (level 1 out of 4): [8, 8, 8]
  Shrink factors (level 2 out of 4): [4, 4, 4]
  Shrink factors (level 3 out of 4): [2, 2, 2]
  Shrink factors (level 4 out of 4): [1, 1, 1]
  smoothing sigmas per level: [3, 2, 1, 0]
  regular sampling (percentage = 0.25)

*** Running Euler3DTransform registration ***

DIAGNOSTIC,Iteration,metricValue,convergenceValue,ITERATION_TIME_INDEX,SINCE_LAST
 2DIAGNOSTIC,     1, -4.871187133941e-01, 1.797693134862e+308, 9.2957e-01, 9.2957e-01, 
 2DIAGNOSTIC,     2, -4.887966556740e-01, 1.797693134862e+308, 9.3450e-01, 4.9288e-03, 
 2DIAGNOSTIC,     3, -4.919242839642e-01, 1.797693134862e+308, 9.3928e-01, 4.7810e-03, 
 2DIAGNOSTIC,     4, -5.019092629522e-01, 1.797693134862e+308, 9.4404e-01, 4.7569e-03, 
 2DIAGNOSTIC,     5, -5.198319788477e-01, 1.797693134862e+308, 9.4878e-01, 4.7371e-03, 
 2DIAGNOSTIC,     6, -5.251449584180e-01, 1.797693134862e+308, 9.5347e-01, 4.6959e-03, 
 2DIAGNOSTIC,     7, -5.365118080768e-01, 1.797693134862e+308, 9.5838e-01, 4.9119e-03, 
 2DIAGNOSTIC,     8, -5.564319077261e-01, 1.797693134862e+308, 9.6539e-01, 7.0059e-03, 
 2DIAGNOSTIC,     9, -5.572786469687e-01, 1.797693134862e+308, 9.6991e-01, 4.5161e-03, 
 2DIAGNOSTIC,    10, -5.597886110608e-01, 1.060089541986e-02, 9.7530e-01, 5.3971e-03, 
 2DIAGNOSTIC,    11, -5.645450860914e-01, 9.471656029002e-03, 9.8004e-01, 4.7369e-03, 
 2DIAGNOSTIC,    12, -5.675342641672e-01, 7.901754414630e-03, 9.8543e-01, 5.3849e-03, 
 2DIAGNOSTIC,    13, -5.685174641935e-01, 6.033280802481e-03, 9.9080e-01, 5.3740e-03, 
 2DIAGNOSTIC,    14, -5.693412095343e-01, 4.302087948774e-03, 9.9675e-01, 5.9471e-03, 
 2DIAGNOSTIC,    15, -5.718972801999e-01, 3.155204981962e-03, 1.0020e+00, 5.2140e-03, 
 2DIAGNOSTIC,    16, -5.734788767073e-01, 2.091398053258e-03, 1.0066e+00, 4.6151e-03, 
 2DIAGNOSTIC,    17, -5.737823402463e-01, 1.310029424178e-03, 1.0115e+00, 4.9171e-03, 
 2DIAGNOSTIC,    18, -5.749452616697e-01, 1.114936190124e-03, 1.0165e+00, 4.9860e-03, 
 2DIAGNOSTIC,    19, -5.774392255375e-01, 9.301256922659e-04, 1.0240e+00, 7.5052e-03, 
 2DIAGNOSTIC,    20, -5.782944999936e-01, 7.612328991649e-04, 1.0295e+00, 5.5611e-03, 
 2DIAGNOSTIC,    21, -5.788863756057e-01, 6.687985512080e-04, 1.0347e+00, 5.1711e-03, 
 2DIAGNOSTIC,    22, -5.857337701891e-01, 7.546209602997e-04, 1.0398e+00, 5.0502e-03, 
 2DIAGNOSTIC,    23, -6.028589200078e-01, 1.162232405322e-03, 1.0455e+00, 5.7449e-03, 
 2DIAGNOSTIC,    24, -6.086613853749e-01, 1.554691276967e-03, 1.0521e+00, 6.5689e-03, 
 2DIAGNOSTIC,    25, -6.127624324755e-01, 1.904928921758e-03, 1.0575e+00, 5.3990e-03, 
 2DIAGNOSTIC,    26, -6.171330104494e-01, 2.167612477776e-03, 1.0627e+00, 5.1949e-03, 
 2DIAGNOSTIC,    27, -6.180829710489e-01, 2.226134274949e-03, 1.0673e+00, 4.6260e-03, 
 2DIAGNOSTIC,    28, -6.204355231910e-01, 2.128618140498e-03, 1.0724e+00, 5.1301e-03, 
 2DIAGNOSTIC,    29, -6.216541959783e-01, 1.901236673183e-03, 1.0772e+00, 4.7531e-03, 
 2DIAGNOSTIC,    30, -6.252686901327e-01, 1.589741178011e-03, 1.0827e+00, 5.5130e-03, 
 2DIAGNOSTIC,    31, -6.305777664455e-01, 1.244381718384e-03, 1.0875e+00, 4.8120e-03, 
 2DIAGNOSTIC,    32, -6.437128716613e-01, 1.107475101482e-03, 1.0936e+00, 6.1262e-03, 
 2DIAGNOSTIC,    33, -6.470249188308e-01, 1.176373534410e-03, 1.0986e+00, 4.9541e-03, 
 2DIAGNOSTIC,    34, -6.489204738474e-01, 1.241870208716e-03, 1.1061e+00, 7.5409e-03, 
 2DIAGNOSTIC,    35, -6.509315435092e-01, 1.271864956886e-03, 1.1107e+00, 4.5490e-03, 
 2DIAGNOSTIC,    36, -6.520055608150e-01, 1.251972367794e-03, 1.1154e+00, 4.6830e-03, 
 2DIAGNOSTIC,    37, -6.528676068066e-01, 1.135512817175e-03, 1.1198e+00, 4.4031e-03, 
 2DIAGNOSTIC,    38, -6.532425476756e-01, 9.531117475427e-04, 1.1242e+00, 4.3910e-03, 
 2DIAGNOSTIC,    39, -6.541823787279e-01, 7.191872020486e-04, 1.1301e+00, 5.9800e-03, 
 2DIAGNOSTIC,    40, -6.542221173228e-01, 4.741993838498e-04, 1.1347e+00, 4.5550e-03, 
 2DIAGNOSTIC,    41, -6.546706088109e-01, 2.613560190897e-04, 1.1391e+00, 4.4241e-03, 
 2DIAGNOSTIC,    42, -6.552149263802e-01, 1.908360996960e-04, 1.1450e+00, 5.9340e-03, 
 2DIAGNOSTIC,    43, -6.554082192512e-01, 1.445269416485e-04, 1.1494e+00, 4.3509e-03, 
 2DIAGNOSTIC,    44, -6.554493033189e-01, 1.074556917330e-04, 1.1538e+00, 4.3540e-03, 
 2DIAGNOSTIC,    45, -6.554243437443e-01, 8.297495104104e-05, 1.1582e+00, 4.4239e-03, 
 2DIAGNOSTIC,    46, -6.555913364847e-01, 6.455463535705e-05, 1.1631e+00, 4.9069e-03, 
 2DIAGNOSTIC,    47, -6.557548565842e-01, 5.111792325463e-05, 1.1679e+00, 4.8041e-03, 
 2DIAGNOSTIC,    48, -6.557069628075e-01, 3.643620409683e-05, 1.1725e+00, 4.6120e-03, 
 2DIAGNOSTIC,    49, -6.557498580041e-01, 2.865903201597e-05, 1.1771e+00, 4.6299e-03, 
 2DIAGNOSTIC,    50, -6.556030150511e-01, 1.750971981468e-05, 1.1812e+00, 4.0970e-03, 
 2DIAGNOSTIC,    51, -6.556190445897e-01, 9.410810238825e-06, 1.1856e+00, 4.4010e-03, 
 2DIAGNOSTIC,    52, -6.556433578574e-01, 5.870219760302e-06, 1.1899e+00, 4.2999e-03, 
 2DIAGNOSTIC,    53, -6.557685101043e-01, 4.785597997433e-06, 1.1940e+00, 4.1091e-03, 
 2DIAGNOSTIC,    54, -6.559372673929e-01, 5.192528227012e-06, 1.1986e+00, 4.5969e-03, 
 2DIAGNOSTIC,    55, -6.561290853531e-01, 6.531916079109e-06, 1.2062e+00, 7.5278e-03, 
 2DIAGNOSTIC,    56, -6.561367692913e-01, 8.664216787576e-06, 1.2102e+00, 4.0810e-03, 
 2DIAGNOSTIC,    57, -6.559677496855e-01, 9.926086856443e-06, 1.2146e+00, 4.3440e-03, 
 2DIAGNOSTIC,    58, -6.559745122010e-01, 9.934969576932e-06, 1.2192e+00, 4.6360e-03, 
 2DIAGNOSTIC,    59, -6.558074204898e-01, 8.054673676969e-06, 1.2234e+00, 4.1890e-03, 
 2DIAGNOSTIC,    60, -6.559043123049e-01, 5.136722497575e-06, 1.2283e+00, 4.8900e-03, 
 2DIAGNOSTIC,    61, -6.558269831516e-01, 1.405308781705e-06, 1.2330e+00, 4.6968e-03, 
DIAGNOSTIC,Iteration,metricValue,convergenceValue,ITERATION_TIME_INDEX,SINCE_LAST
 2DIAGNOSTIC,     1, -5.251596379089e-01, 1.797693134862e+308, 1.9493e+00, 7.1633e-01, 
 2DIAGNOSTIC,     2, -5.257514800971e-01, 1.797693134862e+308, 1.9816e+00, 3.2244e-02, 
 2DIAGNOSTIC,     3, -5.265201144513e-01, 1.797693134862e+308, 2.0120e+00, 3.0380e-02, 
 2DIAGNOSTIC,     4, -5.272750521638e-01, 1.797693134862e+308, 2.0432e+00, 3.1259e-02, 
 2DIAGNOSTIC,     5, -5.278365499999e-01, 1.797693134862e+308, 2.0733e+00, 3.0039e-02, 
 2DIAGNOSTIC,     6, -5.281613034048e-01, 1.797693134862e+308, 2.1035e+00, 3.0267e-02, 
 2DIAGNOSTIC,     7, -5.294641459528e-01, 1.797693134862e+308, 2.1334e+00, 2.9835e-02, 
 2DIAGNOSTIC,     8, -5.311660502677e-01, 1.797693134862e+308, 2.1780e+00, 4.4623e-02, 
 2DIAGNOSTIC,     9, -5.312949482363e-01, 1.797693134862e+308, 2.2096e+00, 3.1572e-02, 
 2DIAGNOSTIC,    10, -5.313788764738e-01, 8.314865606279e-04, 2.2406e+00, 3.1035e-02, 
 2DIAGNOSTIC,    11, -5.318236462717e-01, 7.314632155737e-04, 2.2760e+00, 3.5439e-02, 
 2DIAGNOSTIC,    12, -5.333941173388e-01, 6.776269306470e-04, 2.3133e+00, 3.7289e-02, 
 2DIAGNOSTIC,    13, -5.345404350698e-01, 6.468163543507e-04, 2.3431e+00, 2.9781e-02, 
 2DIAGNOSTIC,    14, -5.347714836500e-01, 5.994693028378e-04, 2.3813e+00, 3.8168e-02, 
 2DIAGNOSTIC,    15, -5.348906393320e-01, 5.305833910586e-04, 2.4148e+00, 3.3514e-02, 
 2DIAGNOSTIC,    16, -5.349340017636e-01, 4.339207551031e-04, 2.4443e+00, 2.9505e-02, 
 2DIAGNOSTIC,    17, -5.350747388744e-01, 3.520955573317e-04, 2.4751e+00, 3.0810e-02, 
 2DIAGNOSTIC,    18, -5.353419625119e-01, 3.049469953305e-04, 2.5051e+00, 3.0014e-02, 
 2DIAGNOSTIC,    19, -5.358721762657e-01, 2.536751460187e-04, 2.5549e+00, 4.9812e-02, 
 2DIAGNOSTIC,    20, -5.362409591996e-01, 1.965885948561e-04, 2.5843e+00, 2.9408e-02, 
 2DIAGNOSTIC,    21, -5.363476805524e-01, 1.401250596259e-04, 2.6172e+00, 3.2844e-02, 
 2DIAGNOSTIC,    22, -5.364360724809e-01, 1.156579599213e-04, 2.6466e+00, 2.9427e-02, 
 2DIAGNOSTIC,    23, -5.364432678537e-01, 1.092818375299e-04, 2.6805e+00, 3.3933e-02, 
 2DIAGNOSTIC,    24, -5.365007765088e-01, 9.954181114009e-05, 2.7241e+00, 4.3532e-02, 
 2DIAGNOSTIC,    25, -5.365253806047e-01, 8.435298649704e-05, 2.7574e+00, 3.3361e-02, 
 2DIAGNOSTIC,    26, -5.365153214269e-01, 6.330431916156e-05, 2.7915e+00, 3.4055e-02, 
 2DIAGNOSTIC,    27, -5.364956948527e-01, 4.045904214479e-05, 2.8250e+00, 3.3559e-02, 
 2DIAGNOSTIC,    28, -5.364976205453e-01, 2.051062947509e-05, 2.8579e+00, 3.2856e-02, 
 2DIAGNOSTIC,    29, -5.365237339459e-01, 1.017329154266e-05, 2.8954e+00, 3.7463e-02, 
 2DIAGNOSTIC,    30, -5.365298248485e-01, 6.270338419767e-06, 2.9322e+00, 3.6796e-02, 
 2DIAGNOSTIC,    31, -5.365530409322e-01, 4.341615012039e-06, 2.9686e+00, 3.6410e-02, 
 2DIAGNOSTIC,    32, -5.365354845326e-01, 3.418183890172e-06, 3.0079e+00, 3.9363e-02, 
 2DIAGNOSTIC,    33, -5.365360903668e-01, 2.436453377969e-06, 3.1043e+00, 9.6416e-02, 
 2DIAGNOSTIC,    34, -5.365360898544e-01, 2.251462934963e-06, 3.1357e+00, 3.1366e-02, 
 2DIAGNOSTIC,    35, -5.365360906645e-01, 2.319600273647e-06, 3.1665e+00, 3.0835e-02, 
 2DIAGNOSTIC,    36, -5.365360920343e-01, 2.111455304238e-06, 3.1984e+00, 3.1869e-02, 
 2DIAGNOSTIC,    37, -5.365360943496e-01, 1.523974436739e-06, 3.2320e+00, 3.3550e-02, 
DIAGNOSTIC,Iteration,metricValue,convergenceValue,ITERATION_TIME_INDEX,SINCE_LAST
 2DIAGNOSTIC,     1, -4.760928584920e-01, 1.797693134862e+308, 4.4236e+00, 1.1916e+00, 
 2DIAGNOSTIC,     2, -4.762295600721e-01, 1.797693134862e+308, 4.7712e+00, 3.4763e-01, 
 2DIAGNOSTIC,     3, -4.763821726800e-01, 1.797693134862e+308, 5.0464e+00, 2.7520e-01, 
 2DIAGNOSTIC,     4, -4.765481336372e-01, 1.797693134862e+308, 5.3456e+00, 2.9920e-01, 
 2DIAGNOSTIC,     5, -4.766160156659e-01, 1.797693134862e+308, 5.6087e+00, 2.6313e-01, 
 2DIAGNOSTIC,     6, -4.767106126909e-01, 1.797693134862e+308, 5.8903e+00, 2.8157e-01, 
 2DIAGNOSTIC,     7, -4.770198377153e-01, 1.797693134862e+308, 6.1587e+00, 2.6838e-01, 
 2DIAGNOSTIC,     8, -4.777756336379e-01, 1.797693134862e+308, 6.5473e+00, 3.8866e-01, 
 2DIAGNOSTIC,     9, -4.782728619264e-01, 1.797693134862e+308, 7.0333e+00, 4.8595e-01, 
 2DIAGNOSTIC,    10, -4.782893165368e-01, 3.127614120846e-04, 7.2700e+00, 2.3672e-01, 
 2DIAGNOSTIC,    11, -4.783013358713e-01, 3.029727430185e-04, 7.5197e+00, 2.4975e-01, 
 2DIAGNOSTIC,    12, -4.783268219694e-01, 2.758813428881e-04, 7.8070e+00, 2.8722e-01, 
 2DIAGNOSTIC,    13, -4.783399219275e-01, 2.350441410748e-04, 8.0666e+00, 2.5958e-01, 
 2DIAGNOSTIC,    14, -4.783550114886e-01, 1.863343803689e-04, 8.3386e+00, 2.7203e-01, 
 2DIAGNOSTIC,    15, -4.783987727288e-01, 1.322084310353e-04, 8.5629e+00, 2.2427e-01, 
 2DIAGNOSTIC,    16, -4.784338330312e-01, 7.802188590483e-05, 8.8071e+00, 2.4420e-01, 
 2DIAGNOSTIC,    17, -4.784475795787e-01, 3.396369979077e-05, 9.0589e+00, 2.5183e-01, 
 2DIAGNOSTIC,    18, -4.784948168304e-01, 1.794666441773e-05, 9.3157e+00, 2.5680e-01, 
 2DIAGNOSTIC,    19, -4.785491582681e-01, 1.936143718970e-05, 9.5679e+00, 2.5227e-01, 
 2DIAGNOSTIC,    20, -4.786665136839e-01, 2.292643254286e-05, 1.0360e+01, 7.9166e-01, 
 2DIAGNOSTIC,    21, -4.786665499660e-01, 2.441876947732e-05, 1.0682e+01, 3.2279e-01, 
 2DIAGNOSTIC,    22, -4.786670379906e-01, 2.440093713230e-05, 1.1068e+01, 3.8546e-01, 
 2DIAGNOSTIC,    23, -4.786666558907e-01, 2.260535303886e-05, 1.1329e+01, 2.6097e-01, 
 2DIAGNOSTIC,    24, -4.786655485371e-01, 1.926443283489e-05, 1.1588e+01, 2.5957e-01, 
 2DIAGNOSTIC,    25, -4.786655491485e-01, 1.549526460146e-05, 1.1899e+01, 3.1080e-01, 
 2DIAGNOSTIC,    26, -4.786638886821e-01, 1.145664702931e-05, 1.2136e+01, 2.3657e-01, 
 2DIAGNOSTIC,    27, -4.786639184489e-01, 7.084617753679e-06, 1.2409e+01, 2.7371e-01, 
 2DIAGNOSTIC,    28, -4.786621231434e-01, 3.430111256975e-06, 1.2645e+01, 2.3595e-01, 
DIAGNOSTIC,Iteration,metricValue,convergenceValue,ITERATION_TIME_INDEX,SINCE_LAST
 2DIAGNOSTIC,     1, -4.450564497528e-01, 1.797693134862e+308, 1.5243e+01, 2.5976e+00, 
 2DIAGNOSTIC,     2, -4.451466754421e-01, 1.797693134862e+308, 1.6766e+01, 1.5226e+00, 
 2DIAGNOSTIC,     3, -4.452421734051e-01, 1.797693134862e+308, 1.8170e+01, 1.4047e+00, 
 2DIAGNOSTIC,     4, -4.452644302304e-01, 1.797693134862e+308, 1.9718e+01, 1.5480e+00, 
 2DIAGNOSTIC,     5, -4.453010539581e-01, 1.797693134862e+308, 2.1730e+01, 2.0113e+00, 
 2DIAGNOSTIC,     6, -4.452969449456e-01, 1.797693134862e+308, 2.4171e+01, 2.4413e+00, 
 2DIAGNOSTIC,     7, -4.453013771260e-01, 1.797693134862e+308, 2.5892e+01, 1.7215e+00, 
 2DIAGNOSTIC,     8, -4.453030948004e-01, 1.797693134862e+308, 2.7453e+01, 1.5605e+00, 
 2DIAGNOSTIC,     9, -4.453021446931e-01, 1.797693134862e+308, 2.9059e+01, 1.6060e+00, 
 2DIAGNOSTIC,    10, -4.453019180417e-01, 3.130670736039e-05, 3.0952e+01, 1.8929e+00, 
 2DIAGNOSTIC,    11, -4.453017898452e-01, 1.655617514333e-05, 3.2528e+01, 1.5765e+00, 
 2DIAGNOSTIC,    12, -4.453018353474e-01, 7.736914663187e-06, 3.6995e+01, 4.4662e+00, 
 2DIAGNOSTIC,    13, -4.453018353460e-01, 4.488977396175e-06, 4.1005e+01, 4.0106e+00, 
 2DIAGNOSTIC,    14, -4.453018353460e-01, 2.487906190105e-06, 4.2878e+01, 1.8725e+00, 
 2DIAGNOSTIC,    15, -4.453018353460e-01, 2.301269216395e-06, 4.4642e+01, 1.7644e+00, 
 2DIAGNOSTIC,    16, -4.453018353460e-01, 1.952745826525e-06, 4.6260e+01, 1.6183e+00, 
 2DIAGNOSTIC,    17, -4.453018353460e-01, 1.812479440658e-06, 4.7960e+01, 1.7000e+00, 
 2DIAGNOSTIC,    18, -4.453018353460e-01, 1.754930821316e-06, 4.9490e+01, 1.5294e+00, 
 2DIAGNOSTIC,    19, -4.453018353460e-01, 1.672862933809e-06, 5.1041e+01, 1.5512e+00, 
 2DIAGNOSTIC,    20, -4.453018353460e-01, 1.592037895175e-06, 5.2648e+01, 1.6074e+00, 
 2DIAGNOSTIC,    21, -4.453018353460e-01, 1.514839534110e-06, 5.4599e+01, 1.9507e+00, 
 2DIAGNOSTIC,    22, -4.453018353460e-01, 1.445979702377e-06, 5.6222e+01, 1.6233e+00, 
 2DIAGNOSTIC,    23, -4.453018353460e-01, 1.383107937250e-06, 5.8015e+01, 1.7929e+00, 
 2DIAGNOSTIC,    24, -4.453018353460e-01, 1.325475732061e-06, 5.9575e+01, 1.5603e+00, 
 2DIAGNOSTIC,    25, -4.453018353460e-01, 1.272454311252e-06, 6.1317e+01, 1.7419e+00, 
 2DIAGNOSTIC,    26, -4.453018353460e-01, 1.223511638150e-06, 6.3083e+01, 1.7654e+00, 
 2DIAGNOSTIC,    27, -4.453018353460e-01, 1.178194499685e-06, 6.4697e+01, 1.6142e+00, 
 2DIAGNOSTIC,    28, -4.453018353460e-01, 1.136114430027e-06, 6.6476e+01, 1.7793e+00, 
 2DIAGNOSTIC,    29, -4.453018353460e-01, 1.096936546978e-06, 6.8078e+01, 1.6019e+00, 
 2DIAGNOSTIC,    30, -4.453018353460e-01, 1.060370620982e-06, 6.9700e+01, 1.6223e+00, 
 2DIAGNOSTIC,    31, -4.453018353460e-01, 1.026163872792e-06, 7.1357e+01, 1.6570e+00, 
  Elapsed time (stage 0): 7.2217e+01


Total elapsed time: 7.2220e+01
Info [verificarlo]: loaded backend libinterflop_vprec.so
Info [interflop-vprec]: load backend with: 
Info [interflop-vprec]: precision-binary32 = 22
Info [interflop-vprec]: range-binary32 = 7
Info [interflop-vprec]: precision-binary64 = 22
Info [interflop-vprec]: range-binary64 = 7
Info [interflop-vprec]: mode = ob
Info [interflop-vprec]: error-mode = rel
Info [interflop-vprec]: max-abs-error-exponent = -1022
Info [interflop-vprec]: daz = false
Info [interflop-vprec]: ftz = false
Info [interflop-vprec]: 	instrument = none
Info [interflop-vprec]: 	prec-input-file = (null)
Info [interflop-vprec]: 	prec-output-file = (null)
Info [interflop-vprec]: 	prec-log-file = (null)
All_Command_lines_OK
Using double precision for computations.
=============================================================================
The composite transform comprises the following transforms (in order): 
  1. /home/mdugre/scratch/mri-registration-rp/datasets/ds004513/derivatives/mri-registration-rp/0011/antsRegistration-r7-p22/sub-s003/rigid_Composite.h5[0] (type = Euler3DTransform)
  2. /home/mdugre/scratch/mri-registration-rp/datasets/ds004513/derivatives/mri-registration-rp/0011/antsRegistration-r7-p22/sub-s003/rigid_Composite.h5[1] (type = Euler3DTransform)
  3. /home/mdugre/scratch/mri-registration-rp/datasets/ds004513/derivatives/mri-registration-rp/0011/antsRegistration-r7-p22/sub-s003/rigid_Composite.h5[2] (type = Euler3DTransform)
=============================================================================
  number of levels = 4
  fixed image: /templateflow/tpl-MNI152NLin2009cAsym/tpl-MNI152NLin2009cAsym_res-01_desc-brain_T1w.nii.gz
  moving image: /home/mdugre/scratch/mri-registration-rp/datasets/ds004513/derivatives/mri-registration-rp/antsBrainExtraction/sub-s003/BrainExtractionBrain.nii.gz
Dimension = 3
Number of stages = 1
Use histogram matching = false
Winsorize image intensities = true
  Lower quantile = 0.005
  Upper quantile = 0.995


Stage 1 State
   Image metric = MattesMI
     Fixed image = Image (0x3de2490)
  RTTI typeinfo:   itk::Image<double, 3u>
  Reference Count: 2
  Modified Time: 1594
  Debug: Off
  Object Name: 
  Observers: 
    none
  Source: (none)
  Source output name: (none)
  Release Data: Off
  Data Released: False
  Global Release Data: Off
  PipelineMTime: 0
  UpdateMTime: 1203
  RealTimeStamp: 0 seconds 
  LargestPossibleRegion: 
    Dimension: 3
    Index: [0, 0, 0]
    Size: [193, 229, 193]
  BufferedRegion: 
    Dimension: 3
    Index: [0, 0, 0]
    Size: [193, 229, 193]
  RequestedRegion: 
    Dimension: 3
    Index: [0, 0, 0]
    Size: [193, 229, 193]
  Spacing: [1, 1, 1]
  Origin: [96, 132, -78]
  Direction: 
-1 0 0
0 -1 0
0 0 1

  IndexToPointMatrix: 
-1 0 0
0 -1 0
0 0 1

  PointToIndexMatrix: 
-1 0 0
0 -1 0
0 0 1

  Inverse Direction: 
-1 0 0
0 -1 0
0 0 1

  PixelContainer: 
    ImportImageContainer (0x3ead8c0)
      RTTI typeinfo:   itk::ImportImageContainer<unsigned long, double>
      Reference Count: 1
      Modified Time: 1200
      Debug: Off
      Object Name: 
      Observers: 
        none
      Pointer: 0x14d7c469b010
      Container manages memory: true
      Size: 8530021
      Capacity: 8530021

     Moving image = Image (0x3e9db60)
  RTTI typeinfo:   itk::Image<double, 3u>
  Reference Count: 2
  Modified Time: 1595
  Debug: Off
  Object Name: 
  Observers: 
    none
  Source: (none)
  Source output name: (none)
  Release Data: Off
  Data Released: False
  Global Release Data: Off
  PipelineMTime: 0
  UpdateMTime: 1592
  RealTimeStamp: 0 seconds 
  LargestPossibleRegion: 
    Dimension: 3
    Index: [0, 0, 0]
    Size: [176, 240, 256]
  BufferedRegion: 
    Dimension: 3
    Index: [0, 0, 0]
    Size: [176, 240, 256]
  RequestedRegion: 
    Dimension: 3
    Index: [0, 0, 0]
    Size: [176, 240, 256]
  Spacing: [0.999999, 1, 1]
  Origin: [93.3499, 86.9368, -128.957]
  Direction: 
-0.999513 -0.0279216 -0.0139567
0.0279189 -0.99961 0.000389866
-0.0139622 2.01492e-08 0.999902

  IndexToPointMatrix: 
-0.999512 -0.0279216 -0.0139567
0.0279189 -0.99961 0.000389866
-0.0139621 2.01492e-08 0.999902

  PointToIndexMatrix: 
-0.999514 0.0279189 -0.0139622
-0.0279216 -0.99961 5.59667e-08
-0.0139567 0.000389902 0.999902

  Inverse Direction: 
-0.999513 0.0279189 -0.0139622
-0.0279216 -0.99961 2.01399e-08
-0.0139567 0.000389866 0.999902

  PixelContainer: 
    ImportImageContainer (0x3f311d0)
      RTTI typeinfo:   itk::ImportImageContainer<unsigned long, double>
      Reference Count: 1
      Modified Time: 1589
      Debug: Off
      Object Name: 
      Observers: 
        none
      Pointer: 0x14d7bf41a010
      Container manages memory: true
      Size: 10813440
      Capacity: 10813440

     Weighting = 1
     Sampling strategy = regular
     Number of bins = 32
     Radius = 4
     Sampling percentage  = 0.25
   Transform = Affine
     Gradient step = 0.1
     Update field sigma (voxel space) = 0
     Total field sigma (voxel space) = 0
     Update field time sigma = 0
     Total field time sigma  = 0
     Number of time indices = 0
     Number of time point samples = 0
Registration using 1 total stages.

Stage 0
  iterations = 1000x500x250x100
  convergence threshold = 1e-06
  convergence window size = 10
  number of levels = 4
  using the Mattes MI metric (number of bins = 32, weight = 1, use gradient filter = 0)
  preprocessing:  winsorizing the image intensities
  Shrink factors (level 1 out of 4): [8, 8, 8]
  Shrink factors (level 2 out of 4): [4, 4, 4]
  Shrink factors (level 3 out of 4): [2, 2, 2]
  Shrink factors (level 4 out of 4): [1, 1, 1]
  smoothing sigmas per level: [3, 2, 1, 0]
  regular sampling (percentage = 0.25)

*** Running AffineTransform registration ***

DIAGNOSTIC,Iteration,metricValue,convergenceValue,ITERATION_TIME_INDEX,SINCE_LAST
 2DIAGNOSTIC,     1, -6.580425784191e-01, 1.797693134862e+308, 0.0000e+00, 0.0000e+00, 
 2DIAGNOSTIC,     2, -6.607750460982e-01, 1.797693134862e+308, 0.0000e+00, 0.0000e+00, 
 2DIAGNOSTIC,     3, -6.651300336315e-01, 1.797693134862e+308, 0.0000e+00, 0.0000e+00, 
 2DIAGNOSTIC,     4, -6.715825361418e-01, 1.797693134862e+308, 0.0000e+00, 0.0000e+00, 
 2DIAGNOSTIC,     5, -6.804586333397e-01, 1.797693134862e+308, 0.0000e+00, 0.0000e+00, 
 2DIAGNOSTIC,     6, -6.929636768878e-01, 1.797693134862e+308, 0.0000e+00, 0.0000e+00, 
 2DIAGNOSTIC,     7, -7.067142686825e-01, 1.797693134862e+308, 0.0000e+00, 0.0000e+00, 
 2DIAGNOSTIC,     8, -7.127143218088e-01, 1.797693134862e+308, 0.0000e+00, 0.0000e+00, 
 2DIAGNOSTIC,     9, -7.132939012544e-01, 1.797693134862e+308, 0.0000e+00, 0.0000e+00, 
 2DIAGNOSTIC,    10, -7.137369263197e-01, 6.346469283928e-03, 0.0000e+00, 0.0000e+00, 
 2DIAGNOSTIC,    11, -7.144553627093e-01, 5.348709179487e-03, 0.0000e+00, 0.0000e+00, 
 2DIAGNOSTIC,    12, -7.154192890118e-01, 4.163573962142e-03, 0.0000e+00, 0.0000e+00, 
 2DIAGNOSTIC,    13, -7.166449739290e-01, 2.965841985839e-03, 0.0000e+00, 0.0000e+00, 
 2DIAGNOSTIC,    14, -7.181206711133e-01, 1.909127304823e-03, 0.0000e+00, 0.0000e+00, 
 2DIAGNOSTIC,    15, -7.197058365073e-01, 1.104716853154e-03, 0.0000e+00, 0.0000e+00, 
 2DIAGNOSTIC,    16, -7.220917037557e-01, 6.728131933208e-04, 0.0000e+00, 0.0000e+00, 
 2DIAGNOSTIC,    17, -7.240959196347e-01, 6.027933064812e-04, 0.0000e+00, 0.0000e+00, 
 2DIAGNOSTIC,    18, -7.240893462013e-01, 6.195439827753e-04, 0.0000e+00, 0.0000e+00, 
 2DIAGNOSTIC,    19, -7.247336934558e-01, 6.041890351963e-04, 0.0000e+00, 0.0000e+00, 
 2DIAGNOSTIC,    20, -7.258294184833e-01, 5.652092173404e-04, 0.0000e+00, 0.0000e+00, 
 2DIAGNOSTIC,    21, -7.260414353899e-01, 4.942089477233e-04, 0.0000e+00, 0.0000e+00, 
 2DIAGNOSTIC,    22, -7.262420158892e-01, 4.049079840110e-04, 0.0000e+00, 0.0000e+00, 
 2DIAGNOSTIC,    23, -7.264931307301e-01, 3.120545567868e-04, 0.0000e+00, 0.0000e+00, 
 2DIAGNOSTIC,    24, -7.265380122185e-01, 2.234957502829e-04, 0.0000e+00, 0.0000e+00, 
 2DIAGNOSTIC,    25, -7.264510276688e-01, 1.444254261975e-04, 0.0000e+00, 0.0000e+00, 
 2DIAGNOSTIC,    26, -7.263961448757e-01, 9.332114393753e-05, 0.0000e+00, 0.0000e+00, 
 2DIAGNOSTIC,    27, -7.264038238353e-01, 6.758733086876e-05, 0.0000e+00, 0.0000e+00, 
 2DIAGNOSTIC,    28, -7.264114278774e-01, 3.735913090012e-05, 0.0000e+00, 0.0000e+00, 
 2DIAGNOSTIC,    29, -7.264245755704e-01, 1.452226700215e-05, 0.0000e+00, 0.0000e+00, 
 2DIAGNOSTIC,    30, -7.265458315724e-01, 8.201626432676e-06, 0.0000e+00, 0.0000e+00, 
 2DIAGNOSTIC,    31, -7.265773833053e-01, 4.709030082449e-06, 0.0000e+00, 0.0000e+00, 
 2DIAGNOSTIC,    32, -7.266186170856e-01, 4.016198236333e-06, 0.0000e+00, 0.0000e+00, 
 2DIAGNOSTIC,    33, -7.266024274444e-01, 5.892354722738e-06, 0.0000e+00, 0.0000e+00, 
 2DIAGNOSTIC,    34, -7.266082354776e-01, 7.816049580125e-06, 0.0000e+00, 0.0000e+00, 
 2DIAGNOSTIC,    35, -7.266142723384e-01, 8.053550538623e-06, 0.0000e+00, 0.0000e+00, 
 2DIAGNOSTIC,    36, -7.266336798891e-01, 7.191933041873e-06, 0.0000e+00, 0.0000e+00, 
 2DIAGNOSTIC,    37, -7.266559346087e-01, 6.109170603046e-06, 0.0000e+00, 0.0000e+00, 
 2DIAGNOSTIC,    38, -7.267642446538e-01, 5.813446527086e-06, 0.0000e+00, 0.0000e+00, 
 2DIAGNOSTIC,    39, -7.267656555062e-01, 5.157719477185e-06, 0.0000e+00, 0.0000e+00, 
 2DIAGNOSTIC,    40, -7.267971072401e-01, 5.646961929361e-06, 0.0000e+00, 0.0000e+00, 
 2DIAGNOSTIC,    41, -7.268008240125e-01, 5.983819769993e-06, 0.0000e+00, 0.0000e+00, 
 2DIAGNOSTIC,    42, -7.267063096478e-01, 5.305383303716e-06, 0.0000e+00, 0.0000e+00, 
 2DIAGNOSTIC,    43, -7.267193469248e-01, 4.210951872415e-06, 0.0000e+00, 0.0000e+00, 
 2DIAGNOSTIC,    44, -7.267252560719e-01, 2.927658237954e-06, 0.0000e+00, 0.0000e+00, 
DIAGNOSTIC,Iteration,metricValue,convergenceValue,ITERATION_TIME_INDEX,SINCE_LAST
 2DIAGNOSTIC,     1, -5.972496227106e-01, 1.797693134862e+308, 0.0000e+00, 0.0000e+00, 
 2DIAGNOSTIC,     2, -5.977437745399e-01, 1.797693134862e+308, 0.0000e+00, 0.0000e+00, 
 2DIAGNOSTIC,     3, -5.984381537449e-01, 1.797693134862e+308, 0.0000e+00, 0.0000e+00, 
 2DIAGNOSTIC,     4, -5.991699986412e-01, 1.797693134862e+308, 0.0000e+00, 0.0000e+00, 
 2DIAGNOSTIC,     5, -5.996539434461e-01, 1.797693134862e+308, 0.0000e+00, 0.0000e+00, 
 2DIAGNOSTIC,     6, -6.002014253792e-01, 1.797693134862e+308, 0.0000e+00, 0.0000e+00, 
 2DIAGNOSTIC,     7, -6.008705771943e-01, 1.797693134862e+308, 0.0000e+00, 0.0000e+00, 
 2DIAGNOSTIC,     8, -6.008547336518e-01, 1.797693134862e+308, 0.0000e+00, 0.0000e+00, 
 2DIAGNOSTIC,     9, -6.008719046737e-01, 1.797693134862e+308, 0.0000e+00, 0.0000e+00, 
 2DIAGNOSTIC,    10, -6.008969171017e-01, 4.279366769908e-04, 0.0000e+00, 0.0000e+00, 
 2DIAGNOSTIC,    11, -6.009207657587e-01, 3.126981644421e-04, 0.0000e+00, 0.0000e+00, 
 2DIAGNOSTIC,    12, -6.009462953024e-01, 2.087922317539e-04, 0.0000e+00, 0.0000e+00, 
 2DIAGNOSTIC,    13, -6.009796060974e-01, 1.284957794097e-04, 0.0000e+00, 0.0000e+00, 
 2DIAGNOSTIC,    14, -6.010719986309e-01, 7.623283214900e-05, 0.0000e+00, 0.0000e+00, 
 2DIAGNOSTIC,    15, -6.011722240357e-01, 4.231857398454e-05, 0.0000e+00, 0.0000e+00, 
 2DIAGNOSTIC,    16, -6.012747363241e-01, 2.758472687711e-05, 0.0000e+00, 0.0000e+00, 
 2DIAGNOSTIC,    17, -6.015611467266e-01, 3.885163770045e-05, 0.0000e+00, 0.0000e+00, 
 2DIAGNOSTIC,    18, -6.015901993509e-01, 4.563424958732e-05, 0.0000e+00, 0.0000e+00, 
 2DIAGNOSTIC,    19, -6.016631041344e-01, 4.993598414468e-05, 0.0000e+00, 0.0000e+00, 
 2DIAGNOSTIC,    20, -6.016590747694e-01, 4.983513430219e-05, 0.0000e+00, 0.0000e+00, 
 2DIAGNOSTIC,    21, -6.016624437202e-01, 4.585124304553e-05, 0.0000e+00, 0.0000e+00, 
 2DIAGNOSTIC,    22, -6.016618221573e-01, 3.857322440463e-05, 0.0000e+00, 0.0000e+00, 
 2DIAGNOSTIC,    23, -6.016594968171e-01, 2.905999852700e-05, 0.0000e+00, 0.0000e+00, 
 2DIAGNOSTIC,    24, -6.016592408259e-01, 1.959915339575e-05, 0.0000e+00, 0.0000e+00, 
 2DIAGNOSTIC,    25, -6.016448852325e-01, 1.081971109088e-05, 0.0000e+00, 0.0000e+00, 
 2DIAGNOSTIC,    26, -6.016501882953e-01, 3.665179443522e-06, 0.0000e+00, 0.0000e+00, 
 2DIAGNOSTIC,    27, -6.016562062153e-01, 1.929290784318e-06, 0.0000e+00, 0.0000e+00, 
DIAGNOSTIC,Iteration,metricValue,convergenceValue,ITERATION_TIME_INDEX,SINCE_LAST
 2DIAGNOSTIC,     1, -5.243090385475e-01, 1.797693134862e+308, 0.0000e+00, 0.0000e+00, 
 2DIAGNOSTIC,     2, -5.246746895457e-01, 1.797693134862e+308, 0.0000e+00, 0.0000e+00, 
 2DIAGNOSTIC,     3, -5.250555265032e-01, 1.797693134862e+308, 0.0000e+00, 0.0000e+00, 
 2DIAGNOSTIC,     4, -5.253994119209e-01, 1.797693134862e+308, 0.0000e+00, 0.0000e+00, 
 2DIAGNOSTIC,     5, -5.258084138820e-01, 1.797693134862e+308, 0.0000e+00, 0.0000e+00, 
 2DIAGNOSTIC,     6, -5.264289597961e-01, 1.797693134862e+308, 0.0000e+00, 0.0000e+00, 
 2DIAGNOSTIC,     7, -5.276751254005e-01, 1.797693134862e+308, 0.0000e+00, 0.0000e+00, 
 2DIAGNOSTIC,     8, -5.306215387960e-01, 1.797693134862e+308, 0.0000e+00, 0.0000e+00, 
 2DIAGNOSTIC,     9, -5.306124090879e-01, 1.797693134862e+308, 0.0000e+00, 0.0000e+00, 
 2DIAGNOSTIC,    10, -5.306091975134e-01, 8.960825265990e-04, 0.0000e+00, 0.0000e+00, 
 2DIAGNOSTIC,    11, -5.306080257587e-01, 8.306613379270e-04, 0.0000e+00, 0.0000e+00, 
 2DIAGNOSTIC,    12, -5.306062304728e-01, 7.167937559136e-04, 0.0000e+00, 0.0000e+00, 
 2DIAGNOSTIC,    13, -5.306048768286e-01, 5.697600844234e-04, 0.0000e+00, 0.0000e+00, 
 2DIAGNOSTIC,    14, -5.306052862872e-01, 4.057545892012e-04, 0.0000e+00, 0.0000e+00, 
 2DIAGNOSTIC,    15, -5.306049695295e-01, 2.431727727322e-04, 0.0000e+00, 0.0000e+00, 
 2DIAGNOSTIC,    16, -5.306033781807e-01, 9.969433027875e-05, 0.0000e+00, 0.0000e+00, 
DIAGNOSTIC,Iteration,metricValue,convergenceValue,ITERATION_TIME_INDEX,SINCE_LAST
 2DIAGNOSTIC,     1, -4.861106829499e-01, 1.797693134862e+308, 0.0000e+00, 0.0000e+00, 
 2DIAGNOSTIC,     2, -4.863118703365e-01, 1.797693134862e+308, 0.0000e+00, 0.0000e+00, 
 2DIAGNOSTIC,     3, -4.865329947041e-01, 1.797693134862e+308, 0.0000e+00, 0.0000e+00, 
 2DIAGNOSTIC,     4, -4.867585672522e-01, 1.797693134862e+308, 0.0000e+00, 0.0000e+00, 
 2DIAGNOSTIC,     5, -4.871269494908e-01, 1.797693134862e+308, 0.0000e+00, 0.0000e+00, 
 2DIAGNOSTIC,     6, -4.874282260878e-01, 1.797693134862e+308, 0.0000e+00, 0.0000e+00, 
 2DIAGNOSTIC,     7, -4.882042789222e-01, 1.797693134862e+308, 0.0000e+00, 0.0000e+00, 
 2DIAGNOSTIC,     8, -4.888673041364e-01, 1.797693134862e+308, 0.0000e+00, 0.0000e+00, 
 2DIAGNOSTIC,     9, -4.889770087337e-01, 1.797693134862e+308, 0.0000e+00, 0.0000e+00, 
 2DIAGNOSTIC,    10, -4.890100662887e-01, 4.457177934746e-04, 0.0000e+00, 0.0000e+00, 
 2DIAGNOSTIC,    11, -4.890111050862e-01, 3.929128521024e-04, 2.5600e+02, 2.5600e+02, 
