
##########################
# Experiment information #
##########################

EXPERIMENT_NAME: antsRegistration-r8-p20
VFC_BACKENDS: libinterflop_vprec.so --range-binary32=8 --precision-binary32=20 --range-binary64=8 --precision-binary64=20

SIF_IMG: /home/mdugre/projects/rrg-glatard/mdugre/containers/ants-vprec-no_metrics.simg

SUBJECT_ID: s035
INPUT_IMG: /home/mdugre/scratch/mri-registration-rp/datasets/ds004513/derivatives/mri-registration-rp/antsBrainExtraction/sub-s035/BrainExtractionBrain.nii.gz
OUTPUT_DIR: /home/mdugre/scratch/mri-registration-rp/datasets/ds004513/derivatives/mri-registration-rp/0011/antsRegistration-r8-p20/sub-s035

FIXED_IMG: /templateflow/tpl-MNI152NLin2009cAsym/tpl-MNI152NLin2009cAsym_res-01_desc-brain_T1w.nii.gz
DATA_DIR: /home/mdugre/scratch/mri-registration-rp/datasets/ds004513
TEMPLATEFLOW_DIR: /home/mdugre/projects/rrg-glatard/mdugre/templateflow
ITK_GLOBAL_DEFAULT_NUMBER_OF_THREADS: 16
##########################

Info [verificarlo]: loaded backend libinterflop_ieee.so
Info [interflop-ieee]: load backend with:
Info [interflop-ieee]: debug = false
Info [interflop-ieee]: debug-binary = false
Info [interflop-ieee]: no-backend-name = false
Info [interflop-ieee]: print-new-line = false
Info [interflop-ieee]: print-subnormal-normalized = false
Info [interflop-ieee]: count-op = false
All_Command_lines_OK
Using double precision for computations.
=============================================================================
The composite transform comprises the following transforms (in order): 
  1. Center of mass alignment using fixed image: /templateflow/tpl-MNI152NLin2009cAsym/tpl-MNI152NLin2009cAsym_res-01_desc-brain_T1w.nii.gz and moving image: /home/mdugre/scratch/mri-registration-rp/datasets/ds004513/derivatives/mri-registration-rp/antsBrainExtraction/sub-s035/BrainExtractionBrain.nii.gz (type = Euler3DTransform)
=============================================================================
  number of levels = 1
  fixed image: /templateflow/tpl-MNI152NLin2009cAsym/tpl-MNI152NLin2009cAsym_res-01_desc-brain_T1w.nii.gz
  moving image: /home/mdugre/scratch/mri-registration-rp/datasets/ds004513/derivatives/mri-registration-rp/antsBrainExtraction/sub-s035/BrainExtractionBrain.nii.gz
Dimension = 3
Number of stages = 1
Use histogram matching = false
Winsorize image intensities = true
  Lower quantile = 0.005
  Upper quantile = 0.995


Stage 1 State
   Image metric = MattesMI
     Fixed image = Image (0x4959e70)
  RTTI typeinfo:   itk::Image<double, 3u>
  Reference Count: 2
  Modified Time: 2330
  Debug: Off
  Object Name: 
  Observers: 
    none
  Source: (none)
  Source output name: (none)
  Release Data: Off
  Data Released: False
  Global Release Data: Off
  PipelineMTime: 0
  UpdateMTime: 1941
  RealTimeStamp: 0 seconds 
  LargestPossibleRegion: 
    Dimension: 3
    Index: [0, 0, 0]
    Size: [193, 229, 193]
  BufferedRegion: 
    Dimension: 3
    Index: [0, 0, 0]
    Size: [193, 229, 193]
  RequestedRegion: 
    Dimension: 3
    Index: [0, 0, 0]
    Size: [193, 229, 193]
  Spacing: [1, 1, 1]
  Origin: [96, 132, -78]
  Direction: 
-1 0 0
0 -1 0
0 0 1

  IndexToPointMatrix: 
-1 0 0
0 -1 0
0 0 1

  PointToIndexMatrix: 
-1 0 0
0 -1 0
0 0 1

  Inverse Direction: 
-1 0 0
0 -1 0
0 0 1

  PixelContainer: 
    ImportImageContainer (0x4962c60)
      RTTI typeinfo:   itk::ImportImageContainer<unsigned long, double>
      Reference Count: 1
      Modified Time: 1938
      Debug: Off
      Object Name: 
      Observers: 
        none
      Pointer: 0x147c65df0010
      Container manages memory: true
      Size: 8530021
      Capacity: 8530021

     Moving image = Image (0x49f6ec0)
  RTTI typeinfo:   itk::Image<double, 3u>
  Reference Count: 2
  Modified Time: 2331
  Debug: Off
  Object Name: 
  Observers: 
    none
  Source: (none)
  Source output name: (none)
  Release Data: Off
  Data Released: False
  Global Release Data: Off
  PipelineMTime: 0
  UpdateMTime: 2328
  RealTimeStamp: 0 seconds 
  LargestPossibleRegion: 
    Dimension: 3
    Index: [0, 0, 0]
    Size: [160, 240, 256]
  BufferedRegion: 
    Dimension: 3
    Index: [0, 0, 0]
    Size: [160, 240, 256]
  RequestedRegion: 
    Dimension: 3
    Index: [0, 0, 0]
    Size: [160, 240, 256]
  Spacing: [1, 1, 1]
  Origin: [98.6438, 87.6358, -117.989]
  Direction: 
-0.993515 -0.100993 -0.0522355
0.100854 -0.994887 0.00530255
-0.0525039 1.93537e-08 0.998621

  IndexToPointMatrix: 
-0.993515 -0.100993 -0.0522355
0.100854 -0.994887 0.00530255
-0.0525039 1.93537e-08 0.998621

  PointToIndexMatrix: 
-0.993515 0.100854 -0.0525039
-0.100993 -0.994887 1.93006e-08
-0.0522355 0.00530255 0.998621

  Inverse Direction: 
-0.993515 0.100854 -0.0525039
-0.100993 -0.994887 1.93006e-08
-0.0522355 0.00530255 0.998621

  PixelContainer: 
    ImportImageContainer (0x4a8e610)
      RTTI typeinfo:   itk::ImportImageContainer<unsigned long, double>
      Reference Count: 1
      Modified Time: 2325
      Debug: Off
      Object Name: 
      Observers: 
        none
      Pointer: 0x147c612ef010
      Container manages memory: true
      Size: 9830400
      Capacity: 9830400

     Weighting = 1
     Sampling strategy = regular
     Number of bins = 32
     Radius = 4
     Sampling percentage  = 0.25
   Transform = Rigid
     Gradient step = 0.1
     Update field sigma (voxel space) = 0
     Total field sigma (voxel space) = 0
     Update field time sigma = 0
     Total field time sigma  = 0
     Number of time indices = 0
     Number of time point samples = 0
Registration using 1 total stages.

Stage 0
  iterations = 0
  convergence threshold = 1e-06
  convergence window size = 10
  number of levels = 1
  using the Mattes MI metric (number of bins = 32, weight = 1, use gradient filter = 0)
  preprocessing:  winsorizing the image intensities
  Shrink factors (level 1 out of 1): [1, 1, 1]
  smoothing sigmas per level: [0]
  regular sampling (percentage = 0.25)

*** Running Euler3DTransform registration ***

  Elapsed time (stage 0): 1.10093


Total elapsed time: 1.10351
Info [verificarlo]: loaded backend libinterflop_ieee.so
Info [interflop-ieee]: load backend with:
Info [interflop-ieee]: debug = false
Info [interflop-ieee]: debug-binary = false
Info [interflop-ieee]: no-backend-name = false
Info [interflop-ieee]: print-new-line = false
Info [interflop-ieee]: print-subnormal-normalized = false
Info [interflop-ieee]: count-op = false
All_Command_lines_OK
Using double precision for computations.
=============================================================================
The composite transform comprises the following transforms (in order): 
  1. /home/mdugre/scratch/mri-registration-rp/datasets/ds004513/derivatives/mri-registration-rp/0011/antsRegistration-r8-p20/sub-s035/align_Composite.h5[0] (type = Euler3DTransform)
  2. /home/mdugre/scratch/mri-registration-rp/datasets/ds004513/derivatives/mri-registration-rp/0011/antsRegistration-r8-p20/sub-s035/align_Composite.h5[1] (type = Euler3DTransform)
=============================================================================
  number of levels = 4
  fixed image: /templateflow/tpl-MNI152NLin2009cAsym/tpl-MNI152NLin2009cAsym_res-01_desc-brain_T1w.nii.gz
  moving image: /home/mdugre/scratch/mri-registration-rp/datasets/ds004513/derivatives/mri-registration-rp/antsBrainExtraction/sub-s035/BrainExtractionBrain.nii.gz
Dimension = 3
Number of stages = 1
Use histogram matching = false
Winsorize image intensities = true
  Lower quantile = 0.005
  Upper quantile = 0.995


Stage 1 State
   Image metric = MattesMI
     Fixed image = Image (0x5107530)
  RTTI typeinfo:   itk::Image<double, 3u>
  Reference Count: 2
  Modified Time: 1578
  Debug: Off
  Object Name: 
  Observers: 
    none
  Source: (none)
  Source output name: (none)
  Release Data: Off
  Data Released: False
  Global Release Data: Off
  PipelineMTime: 0
  UpdateMTime: 1189
  RealTimeStamp: 0 seconds 
  LargestPossibleRegion: 
    Dimension: 3
    Index: [0, 0, 0]
    Size: [193, 229, 193]
  BufferedRegion: 
    Dimension: 3
    Index: [0, 0, 0]
    Size: [193, 229, 193]
  RequestedRegion: 
    Dimension: 3
    Index: [0, 0, 0]
    Size: [193, 229, 193]
  Spacing: [1, 1, 1]
  Origin: [96, 132, -78]
  Direction: 
-1 0 0
0 -1 0
0 0 1

  IndexToPointMatrix: 
-1 0 0
0 -1 0
0 0 1

  PointToIndexMatrix: 
-1 0 0
0 -1 0
0 0 1

  Inverse Direction: 
-1 0 0
0 -1 0
0 0 1

  PixelContainer: 
    ImportImageContainer (0x51c5d60)
      RTTI typeinfo:   itk::ImportImageContainer<unsigned long, double>
      Reference Count: 1
      Modified Time: 1186
      Debug: Off
      Object Name: 
      Observers: 
        none
      Pointer: 0x151cc13b0010
      Container manages memory: true
      Size: 8530021
      Capacity: 8530021

     Moving image = Image (0x51b7f60)
  RTTI typeinfo:   itk::Image<double, 3u>
  Reference Count: 2
  Modified Time: 1579
  Debug: Off
  Object Name: 
  Observers: 
    none
  Source: (none)
  Source output name: (none)
  Release Data: Off
  Data Released: False
  Global Release Data: Off
  PipelineMTime: 0
  UpdateMTime: 1576
  RealTimeStamp: 0 seconds 
  LargestPossibleRegion: 
    Dimension: 3
    Index: [0, 0, 0]
    Size: [160, 240, 256]
  BufferedRegion: 
    Dimension: 3
    Index: [0, 0, 0]
    Size: [160, 240, 256]
  RequestedRegion: 
    Dimension: 3
    Index: [0, 0, 0]
    Size: [160, 240, 256]
  Spacing: [1, 1, 1]
  Origin: [98.6438, 87.6358, -117.989]
  Direction: 
-0.993515 -0.100993 -0.0522355
0.100854 -0.994887 0.00530255
-0.0525039 1.93537e-08 0.998621

  IndexToPointMatrix: 
-0.993515 -0.100993 -0.0522355
0.100854 -0.994887 0.00530255
-0.0525039 1.93537e-08 0.998621

  PointToIndexMatrix: 
-0.993515 0.100854 -0.0525039
-0.100993 -0.994887 1.93006e-08
-0.0522355 0.00530255 0.998621

  Inverse Direction: 
-0.993515 0.100854 -0.0525039
-0.100993 -0.994887 1.93006e-08
-0.0522355 0.00530255 0.998621

  PixelContainer: 
    ImportImageContainer (0x51a96d0)
      RTTI typeinfo:   itk::ImportImageContainer<unsigned long, double>
      Reference Count: 1
      Modified Time: 1573
      Debug: Off
      Object Name: 
      Observers: 
        none
      Pointer: 0x151cbc8af010
      Container manages memory: true
      Size: 9830400
      Capacity: 9830400

     Weighting = 1
     Sampling strategy = regular
     Number of bins = 32
     Radius = 4
     Sampling percentage  = 0.25
   Transform = Rigid
     Gradient step = 0.1
     Update field sigma (voxel space) = 0
     Total field sigma (voxel space) = 0
     Update field time sigma = 0
     Total field time sigma  = 0
     Number of time indices = 0
     Number of time point samples = 0
Registration using 1 total stages.

Stage 0
  iterations = 1000x500x250x100
  convergence threshold = 1e-06
  convergence window size = 10
  number of levels = 4
  using the Mattes MI metric (number of bins = 32, weight = 1, use gradient filter = 0)
  preprocessing:  winsorizing the image intensities
  Shrink factors (level 1 out of 4): [8, 8, 8]
  Shrink factors (level 2 out of 4): [4, 4, 4]
  Shrink factors (level 3 out of 4): [2, 2, 2]
  Shrink factors (level 4 out of 4): [1, 1, 1]
  smoothing sigmas per level: [3, 2, 1, 0]
  regular sampling (percentage = 0.25)

*** Running Euler3DTransform registration ***

DIAGNOSTIC,Iteration,metricValue,convergenceValue,ITERATION_TIME_INDEX,SINCE_LAST
 2DIAGNOSTIC,     1, -5.238630234552e-01, 1.797693134862e+308, 7.1537e-01, 7.1537e-01, 
 2DIAGNOSTIC,     2, -5.257885820767e-01, 1.797693134862e+308, 7.1964e-01, 4.2722e-03, 
 2DIAGNOSTIC,     3, -5.278597554839e-01, 1.797693134862e+308, 7.2365e-01, 4.0040e-03, 
 2DIAGNOSTIC,     4, -5.302176117225e-01, 1.797693134862e+308, 7.2745e-01, 3.8071e-03, 
 2DIAGNOSTIC,     5, -5.343462816845e-01, 1.797693134862e+308, 7.3145e-01, 3.9930e-03, 
 2DIAGNOSTIC,     6, -5.399239396740e-01, 1.797693134862e+308, 7.3594e-01, 4.4909e-03, 
 2DIAGNOSTIC,     7, -5.490554822001e-01, 1.797693134862e+308, 7.4007e-01, 4.1270e-03, 
 2DIAGNOSTIC,     8, -5.545204224448e-01, 1.797693134862e+308, 7.4510e-01, 5.0299e-03, 
 2DIAGNOSTIC,     9, -5.601437715553e-01, 1.797693134862e+308, 7.4946e-01, 4.3681e-03, 
 2DIAGNOSTIC,    10, -5.617741193774e-01, 5.067640484485e-03, 7.5435e-01, 4.8840e-03, 
 2DIAGNOSTIC,    11, -5.649562249041e-01, 4.796539612083e-03, 7.5977e-01, 5.4190e-03, 
 2DIAGNOSTIC,    12, -5.658710903081e-01, 4.260783098155e-03, 7.6429e-01, 4.5280e-03, 
 2DIAGNOSTIC,    13, -5.662828333056e-01, 3.524744036645e-03, 7.6835e-01, 4.0531e-03, 
 2DIAGNOSTIC,    14, -5.685908474577e-01, 2.751340472953e-03, 7.7314e-01, 4.7951e-03, 
 2DIAGNOSTIC,    15, -5.732745043306e-01, 2.134644679428e-03, 7.7911e-01, 5.9710e-03, 
 2DIAGNOSTIC,    16, -5.738084427845e-01, 1.591333148336e-03, 7.8397e-01, 4.8530e-03, 
 2DIAGNOSTIC,    17, -5.739093703464e-01, 1.247363567739e-03, 7.8787e-01, 3.9048e-03, 
 2DIAGNOSTIC,    18, -5.745773598458e-01, 1.002163966315e-03, 7.9171e-01, 3.8369e-03, 
 2DIAGNOSTIC,    19, -5.752045522723e-01, 8.579763081928e-04, 7.9581e-01, 4.1020e-03, 
 2DIAGNOSTIC,    20, -5.755578777727e-01, 6.955845773892e-04, 7.9987e-01, 4.0591e-03, 
 2DIAGNOSTIC,    21, -5.761681227726e-01, 5.767135182734e-04, 8.0371e-01, 3.8400e-03, 
 2DIAGNOSTIC,    22, -5.775610178281e-01, 4.707067062580e-04, 8.0798e-01, 4.2739e-03, 
 2DIAGNOSTIC,    23, -5.801876522136e-01, 3.965856196914e-04, 8.1270e-01, 4.7119e-03, 
 2DIAGNOSTIC,    24, -5.873578871783e-01, 4.881452204466e-04, 8.1871e-01, 6.0160e-03, 
 2DIAGNOSTIC,    25, -5.924052233511e-01, 7.199711436213e-04, 8.2454e-01, 5.8250e-03, 
 2DIAGNOSTIC,    26, -5.933789722557e-01, 8.944842701755e-04, 8.2991e-01, 5.3759e-03, 
 2DIAGNOSTIC,    27, -5.948140362559e-01, 1.002036484572e-03, 8.3456e-01, 4.6530e-03, 
 2DIAGNOSTIC,    28, -5.954370004563e-01, 1.029952321012e-03, 8.3871e-01, 4.1459e-03, 
 2DIAGNOSTIC,    29, -5.955619965646e-01, 9.699000564371e-04, 8.4289e-01, 4.1769e-03, 
 2DIAGNOSTIC,    30, -5.960977142461e-01, 8.366692961143e-04, 8.4709e-01, 4.2000e-03, 
 2DIAGNOSTIC,    31, -5.971105016189e-01, 6.606986236504e-04, 8.5183e-01, 4.7421e-03, 
 2DIAGNOSTIC,    32, -5.989728413258e-01, 4.853112632001e-04, 8.5810e-01, 6.2690e-03, 
 2DIAGNOSTIC,    33, -5.996340171333e-01, 3.222359248704e-04, 8.6227e-01, 4.1668e-03, 
 2DIAGNOSTIC,    34, -5.997688324978e-01, 2.443793017216e-04, 8.6646e-01, 4.1940e-03, 
 2DIAGNOSTIC,    35, -5.999328162938e-01, 2.224308792702e-04, 8.7163e-01, 5.1751e-03, 
 2DIAGNOSTIC,    36, -6.001598298690e-01, 1.965988112435e-04, 8.7590e-01, 4.2701e-03, 
 2DIAGNOSTIC,    37, -6.004938013113e-01, 1.767006123067e-04, 8.8070e-01, 4.8001e-03, 
 2DIAGNOSTIC,    38, -6.008280010259e-01, 1.536048165510e-04, 8.8497e-01, 4.2651e-03, 
 2DIAGNOSTIC,    39, -6.038559363361e-01, 1.574331421993e-04, 8.8993e-01, 4.9570e-03, 
 2DIAGNOSTIC,    40, -6.077047303399e-01, 1.993081242510e-04, 8.9438e-01, 4.4570e-03, 
 2DIAGNOSTIC,    41, -6.174632709132e-01, 3.481387204241e-04, 8.9996e-01, 5.5780e-03, 
 2DIAGNOSTIC,    42, -6.161977824596e-01, 4.608906614254e-04, 9.0859e-01, 8.6322e-03, 
 2DIAGNOSTIC,    43, -6.161564482048e-01, 5.335369959103e-04, 9.1308e-01, 4.4901e-03, 
 2DIAGNOSTIC,    44, -6.170772183158e-01, 5.644819338511e-04, 9.1734e-01, 4.2591e-03, 
 2DIAGNOSTIC,    45, -6.185357244542e-01, 5.560474102332e-04, 9.2155e-01, 4.2031e-03, 
 2DIAGNOSTIC,    46, -6.206472585732e-01, 5.180557319445e-04, 9.2570e-01, 4.1580e-03, 
 2DIAGNOSTIC,    47, -6.234100419279e-01, 4.649603915323e-04, 9.2988e-01, 4.1730e-03, 
 2DIAGNOSTIC,    48, -6.282459770540e-01, 4.232184040082e-04, 9.3407e-01, 4.1881e-03, 
 2DIAGNOSTIC,    49, -6.332856951849e-01, 4.219354752009e-04, 9.3834e-01, 4.2708e-03, 
 2DIAGNOSTIC,    50, -6.437673352557e-01, 5.158702441101e-04, 9.4264e-01, 4.3058e-03, 
 2DIAGNOSTIC,    51, -6.567709916716e-01, 7.709773302845e-04, 9.4708e-01, 4.4332e-03, 
 2DIAGNOSTIC,    52, -6.630139271647e-01, 9.856116518685e-04, 9.5187e-01, 4.7970e-03, 
 2DIAGNOSTIC,    53, -6.637658019572e-01, 1.103854919531e-03, 9.5587e-01, 3.9980e-03, 
 2DIAGNOSTIC,    54, -6.646848075507e-01, 1.129224598002e-03, 9.6019e-01, 4.3230e-03, 
 2DIAGNOSTIC,    55, -6.699954875347e-01, 1.103370306389e-03, 9.6789e-01, 7.6962e-03, 
 2DIAGNOSTIC,    56, -6.720090031273e-01, 1.005089930735e-03, 9.7418e-01, 6.2900e-03, 
 2DIAGNOSTIC,    57, -6.720481709838e-01, 8.375239164536e-04, 9.7838e-01, 4.1969e-03, 
 2DIAGNOSTIC,    58, -6.725919544249e-01, 6.425664987094e-04, 9.8252e-01, 4.1430e-03, 
 2DIAGNOSTIC,    59, -6.729036376236e-01, 4.360794570797e-04, 9.8667e-01, 4.1521e-03, 
 2DIAGNOSTIC,    60, -6.731488732715e-01, 2.773042620835e-04, 9.9079e-01, 4.1220e-03, 
 2DIAGNOSTIC,    61, -6.734259079969e-01, 1.993309565356e-04, 9.9493e-01, 4.1330e-03, 
 2DIAGNOSTIC,    62, -6.739132133967e-01, 1.568960187998e-04, 9.9908e-01, 4.1509e-03, 
 2DIAGNOSTIC,    63, -6.762843400719e-01, 1.247264440206e-04, 1.0048e+00, 5.7492e-03, 
 2DIAGNOSTIC,    64, -6.766381821395e-01, 8.969386146549e-05, 1.0090e+00, 4.1730e-03, 
 2DIAGNOSTIC,    65, -6.771215399449e-01, 8.898319308387e-05, 1.0135e+00, 4.4980e-03, 
 2DIAGNOSTIC,    66, -6.778537360088e-01, 9.953457864054e-05, 1.0183e+00, 4.7731e-03, 
 2DIAGNOSTIC,    67, -6.792267694465e-01, 1.098306856209e-04, 1.0240e+00, 5.7700e-03, 
 2DIAGNOSTIC,    68, -6.807681544806e-01, 1.231392815929e-04, 1.0282e+00, 4.1840e-03, 
 2DIAGNOSTIC,    69, -6.815200363784e-01, 1.312170737513e-04, 1.0324e+00, 4.1640e-03, 
 2DIAGNOSTIC,    70, -6.818105573216e-01, 1.303120183183e-04, 1.0381e+00, 5.7070e-03, 
 2DIAGNOSTIC,    71, -6.820510927424e-01, 1.205035066671e-04, 1.0423e+00, 4.1571e-03, 
 2DIAGNOSTIC,    72, -6.822317562022e-01, 1.032413343766e-04, 1.0464e+00, 4.1821e-03, 
 2DIAGNOSTIC,    73, -6.825798914064e-01, 9.372281271737e-05, 1.0521e+00, 5.6219e-03, 
 2DIAGNOSTIC,    74, -6.826263752035e-01, 7.797296490654e-05, 1.0561e+00, 3.9949e-03, 
 2DIAGNOSTIC,    75, -6.826914381715e-01, 5.871066816177e-05, 1.0602e+00, 4.1461e-03, 
 2DIAGNOSTIC,    76, -6.828123035861e-01, 3.951570573682e-05, 1.0643e+00, 4.1189e-03, 
 2DIAGNOSTIC,    77, -6.832344856487e-01, 2.762646003910e-05, 1.0685e+00, 4.1599e-03, 
 2DIAGNOSTIC,    78, -6.838172216053e-01, 2.580662401678e-05, 1.0746e+00, 6.1531e-03, 
 2DIAGNOSTIC,    79, -6.837376819434e-01, 2.541953462367e-05, 1.0788e+00, 4.1831e-03, 
 2DIAGNOSTIC,    80, -6.837941396628e-01, 2.471287394643e-05, 1.0829e+00, 4.1301e-03, 
 2DIAGNOSTIC,    81, -6.839726856950e-01, 2.407078359694e-05, 1.0871e+00, 4.1361e-03, 
 2DIAGNOSTIC,    82, -6.841108166430e-01, 2.281136051860e-05, 1.0912e+00, 4.1690e-03, 
 2DIAGNOSTIC,    83, -6.851048258970e-01, 2.675935911686e-05, 1.0971e+00, 5.8100e-03, 
 2DIAGNOSTIC,    84, -6.858178111214e-01, 3.208939589782e-05, 1.1024e+00, 5.3179e-03, 
 2DIAGNOSTIC,    85, -6.861557802978e-01, 3.640531175589e-05, 1.1091e+00, 6.7160e-03, 
 2DIAGNOSTIC,    86, -6.861560639226e-01, 3.780339156739e-05, 1.1132e+00, 4.1430e-03, 
 2DIAGNOSTIC,    87, -6.861670843961e-01, 3.777931741225e-05, 1.1175e+00, 4.2992e-03, 
 2DIAGNOSTIC,    88, -6.861801470235e-01, 3.717675767405e-05, 1.1219e+00, 4.3449e-03, 
 2DIAGNOSTIC,    89, -6.861878061890e-01, 3.259509728280e-05, 1.1265e+00, 4.6170e-03, 
 2DIAGNOSTIC,    90, -6.861915930905e-01, 2.533952766869e-05, 1.1306e+00, 4.1308e-03, 
 2DIAGNOSTIC,    91, -6.861985636582e-01, 1.686294109731e-05, 1.1347e+00, 4.1230e-03, 
 2DIAGNOSTIC,    92, -6.862114402773e-01, 7.665600952495e-06, 1.1389e+00, 4.1261e-03, 
 2DIAGNOSTIC,    93, -6.862267725215e-01, 2.805045402782e-06, 1.1430e+00, 4.0989e-03, 
 2DIAGNOSTIC,    94, -6.862421375540e-01, 1.274897281963e-06, 1.1476e+00, 4.6299e-03, 
 2DIAGNOSTIC,    95, -6.863401754668e-01, 1.764305048972e-06, 1.1532e+00, 5.6300e-03, 
 2DIAGNOSTIC,    96, -6.863400819308e-01, 2.096042982980e-06, 1.1574e+00, 4.1521e-03, 
 2DIAGNOSTIC,    97, -6.863402270734e-01, 2.308595019648e-06, 1.1615e+00, 4.1151e-03, 
 2DIAGNOSTIC,    98, -6.863406995871e-01, 2.395147510924e-06, 1.1656e+00, 4.1180e-03, 
 2DIAGNOSTIC,    99, -6.863419082388e-01, 2.320160418181e-06, 1.1697e+00, 4.1289e-03, 
 2DIAGNOSTIC,   100, -6.863435149988e-01, 2.073424178385e-06, 1.1829e+00, 1.3106e-02, 
 2DIAGNOSTIC,   101, -6.863435148159e-01, 1.694279752046e-06, 1.1960e+00, 1.3113e-02, 
 2DIAGNOSTIC,   102, -6.863435148159e-01, 1.254952977319e-06, 1.2036e+00, 7.6079e-03, 
DIAGNOSTIC,Iteration,metricValue,convergenceValue,ITERATION_TIME_INDEX,SINCE_LAST
 2DIAGNOSTIC,     1, -5.583118239981e-01, 1.797693134862e+308, 1.8776e+00, 6.7401e-01, 
 2DIAGNOSTIC,     2, -5.587674060307e-01, 1.797693134862e+308, 1.9058e+00, 2.8185e-02, 
 2DIAGNOSTIC,     3, -5.591002889637e-01, 1.797693134862e+308, 1.9340e+00, 2.8206e-02, 
 2DIAGNOSTIC,     4, -5.599288301603e-01, 1.797693134862e+308, 1.9616e+00, 2.7641e-02, 
 2DIAGNOSTIC,     5, -5.608875376935e-01, 1.797693134862e+308, 1.9933e+00, 3.1666e-02, 
 2DIAGNOSTIC,     6, -5.613227067117e-01, 1.797693134862e+308, 2.0222e+00, 2.8959e-02, 
 2DIAGNOSTIC,     7, -5.624657684236e-01, 1.797693134862e+308, 2.0539e+00, 3.1618e-02, 
 2DIAGNOSTIC,     8, -5.631310905764e-01, 1.797693134862e+308, 2.0891e+00, 3.5227e-02, 
 2DIAGNOSTIC,     9, -5.632532522978e-01, 1.797693134862e+308, 2.1210e+00, 3.1890e-02, 
 2DIAGNOSTIC,    10, -5.639189185254e-01, 6.926659276804e-04, 2.1496e+00, 2.8655e-02, 
 2DIAGNOSTIC,    11, -5.654699313832e-01, 6.692913695862e-04, 2.1816e+00, 3.1940e-02, 
 2DIAGNOSTIC,    12, -5.660017688338e-01, 6.299390335895e-04, 2.2130e+00, 3.1420e-02, 
 2DIAGNOSTIC,    13, -5.660817092139e-01, 5.558611064493e-04, 2.2446e+00, 3.1586e-02, 
 2DIAGNOSTIC,    14, -5.661295617566e-01, 4.744970291710e-04, 2.2792e+00, 3.4646e-02, 
 2DIAGNOSTIC,    15, -5.661501353697e-01, 3.940248456800e-04, 2.3237e+00, 4.4436e-02, 
 2DIAGNOSTIC,    16, -5.661568203736e-01, 3.000423523911e-04, 2.3661e+00, 4.2428e-02, 
 2DIAGNOSTIC,    17, -5.661500644926e-01, 2.228578725073e-04, 2.3967e+00, 3.0598e-02, 
 2DIAGNOSTIC,    18, -5.661356560557e-01, 1.528845405093e-04, 2.4348e+00, 3.8110e-02, 
 2DIAGNOSTIC,    19, -5.661371083389e-01, 7.979478453830e-05, 2.4658e+00, 3.0954e-02, 
 2DIAGNOSTIC,    20, -5.661212768261e-01, 2.222652851791e-05, 2.5003e+00, 3.4563e-02, 
 2DIAGNOSTIC,    21, -5.661142222227e-01, 4.989206432805e-06, 2.5318e+00, 3.1476e-02, 
 2DIAGNOSTIC,    22, -5.661169151282e-01, 1.221769008075e-06, 2.5643e+00, 3.2463e-02, 
DIAGNOSTIC,Iteration,metricValue,convergenceValue,ITERATION_TIME_INDEX,SINCE_LAST
 2DIAGNOSTIC,     1, -5.039531750688e-01, 1.797693134862e+308, 3.5608e+00, 9.9655e-01, 
 2DIAGNOSTIC,     2, -5.041316531990e-01, 1.797693134862e+308, 3.7724e+00, 2.1154e-01, 
 2DIAGNOSTIC,     3, -5.042579133892e-01, 1.797693134862e+308, 3.9944e+00, 2.2210e-01, 
 2DIAGNOSTIC,     4, -5.043186234097e-01, 1.797693134862e+308, 4.2558e+00, 2.6132e-01, 
 2DIAGNOSTIC,     5, -5.043515027847e-01, 1.797693134862e+308, 4.5151e+00, 2.5932e-01, 
 2DIAGNOSTIC,     6, -5.044560144573e-01, 1.797693134862e+308, 4.8108e+00, 2.9569e-01, 
 2DIAGNOSTIC,     7, -5.045386981013e-01, 1.797693134862e+308, 5.0967e+00, 2.8595e-01, 
 2DIAGNOSTIC,     8, -5.045449667907e-01, 1.797693134862e+308, 5.4952e+00, 3.9849e-01, 
 2DIAGNOSTIC,     9, -5.045459869552e-01, 1.797693134862e+308, 5.7493e+00, 2.5406e-01, 
 2DIAGNOSTIC,    10, -5.045458129415e-01, 7.509252715880e-05, 5.9718e+00, 2.2250e-01, 
 2DIAGNOSTIC,    11, -5.045432335024e-01, 5.036324882418e-05, 6.2546e+00, 2.8283e-01, 
 2DIAGNOSTIC,    12, -5.045435992155e-01, 3.370682781331e-05, 6.4876e+00, 2.3295e-01, 
 2DIAGNOSTIC,    13, -5.045429697336e-01, 2.225033183841e-05, 6.7001e+00, 2.1256e-01, 
 2DIAGNOSTIC,    14, -5.045424869881e-01, 1.312082849377e-05, 6.9052e+00, 2.0504e-01, 
 2DIAGNOSTIC,    15, -5.045421522519e-01, 5.370468346574e-06, 7.1567e+00, 2.5150e-01, 
 2DIAGNOSTIC,    16, -5.045433139389e-01, 1.933374279825e-06, 7.4052e+00, 2.4850e-01, 
 2DIAGNOSTIC,    17, -5.045407579516e-01, 1.554488426904e-06, 7.6554e+00, 2.5020e-01, 
 2DIAGNOSTIC,    18, -5.045399623484e-01, 1.418915787380e-06, 7.8914e+00, 2.3606e-01, 
 2DIAGNOSTIC,    19, -5.045382720224e-01, 1.310128940578e-06, 8.1553e+00, 2.6391e-01, 
 2DIAGNOSTIC,    20, -5.045365112999e-01, 1.193506750694e-06, 8.4067e+00, 2.5142e-01, 
 2DIAGNOSTIC,    21, -5.045366640703e-01, 1.059423409465e-06, 8.6205e+00, 2.1377e-01, 
 2DIAGNOSTIC,    22, -5.045378493718e-01, 1.019667806343e-06, 8.8596e+00, 2.3906e-01, 
 2DIAGNOSTIC,    23, -5.045398987939e-01, 1.057985756316e-06, 9.0918e+00, 2.3222e-01, 
 2DIAGNOSTIC,    24, -5.045400657512e-01, 1.115674791344e-06, 9.3415e+00, 2.4975e-01, 
 2DIAGNOSTIC,    25, -5.045402095911e-01, 1.184104210301e-06, 9.5798e+00, 2.3826e-01, 
 2DIAGNOSTIC,    26, -5.045394603394e-01, 1.265979704478e-06, 9.7819e+00, 2.0208e-01, 
 2DIAGNOSTIC,    27, -5.045406974596e-01, 1.309680542690e-06, 9.9983e+00, 2.1641e-01, 
 2DIAGNOSTIC,    28, -5.045439853552e-01, 1.386964833344e-06, 1.0208e+01, 2.0940e-01, 
 2DIAGNOSTIC,    29, -5.045504048369e-01, 1.526505784936e-06, 1.0432e+01, 2.2411e-01, 
 2DIAGNOSTIC,    30, -5.045585332815e-01, 1.734190997964e-06, 1.0655e+01, 2.2308e-01, 
 2DIAGNOSTIC,    31, -5.045602649786e-01, 1.897117228505e-06, 1.0863e+01, 2.0765e-01, 
 2DIAGNOSTIC,    32, -5.045704035764e-01, 2.167888876976e-06, 1.1084e+01, 2.2182e-01, 
 2DIAGNOSTIC,    33, -5.045671719442e-01, 2.286712177557e-06, 1.1304e+01, 2.1927e-01, 
 2DIAGNOSTIC,    34, -5.045675238216e-01, 2.283205623465e-06, 1.1525e+01, 2.2150e-01, 
 2DIAGNOSTIC,    35, -5.045717737007e-01, 2.223199567327e-06, 1.1827e+01, 3.0195e-01, 
 2DIAGNOSTIC,    36, -5.045719183787e-01, 2.029599040131e-06, 1.2072e+01, 2.4493e-01, 
 2DIAGNOSTIC,    37, -5.045701333135e-01, 1.729118572862e-06, 1.2290e+01, 2.1796e-01, 
 2DIAGNOSTIC,    38, -5.045702759548e-01, 1.413697556261e-06, 1.2540e+01, 2.5013e-01, 
 2DIAGNOSTIC,    39, -5.045676976769e-01, 1.113845008401e-06, 1.2771e+01, 2.3048e-01, 
DIAGNOSTIC,Iteration,metricValue,convergenceValue,ITERATION_TIME_INDEX,SINCE_LAST
 2DIAGNOSTIC,     1, -4.672635108473e-01, 1.797693134862e+308, 1.5240e+01, 2.4691e+00, 
 2DIAGNOSTIC,     2, -4.673646915600e-01, 1.797693134862e+308, 1.6925e+01, 1.6857e+00, 
 2DIAGNOSTIC,     3, -4.673817815822e-01, 1.797693134862e+308, 1.8883e+01, 1.9580e+00, 
 2DIAGNOSTIC,     4, -4.673812652146e-01, 1.797693134862e+308, 2.0669e+01, 1.7852e+00, 
 2DIAGNOSTIC,     5, -4.673809669159e-01, 1.797693134862e+308, 2.2161e+01, 1.4928e+00, 
 2DIAGNOSTIC,     6, -4.673810017780e-01, 1.797693134862e+308, 2.4600e+01, 2.4385e+00, 
 2DIAGNOSTIC,     7, -4.673810838698e-01, 1.797693134862e+308, 2.8762e+01, 4.1621e+00, 
 2DIAGNOSTIC,     8, -4.673810838691e-01, 1.797693134862e+308, 3.2456e+01, 3.6938e+00, 
 2DIAGNOSTIC,     9, -4.673810838691e-01, 1.797693134862e+308, 3.4094e+01, 1.6386e+00, 
 2DIAGNOSTIC,    10, -4.673810838691e-01, 1.116694647502e-05, 3.5601e+01, 1.5063e+00, 
 2DIAGNOSTIC,    11, -4.673810838691e-01, 3.761128233026e-06, 3.7409e+01, 1.8079e+00, 
 2DIAGNOSTIC,    12, -4.673810838691e-01, 2.613609278196e-06, 3.8957e+01, 1.5479e+00, 
 2DIAGNOSTIC,    13, -4.673810838691e-01, 2.445963537615e-06, 4.0600e+01, 1.6438e+00, 
 2DIAGNOSTIC,    14, -4.673810838691e-01, 2.280378256017e-06, 4.2078e+01, 1.4779e+00, 
 2DIAGNOSTIC,    15, -4.673810838691e-01, 2.124029812214e-06, 4.3712e+01, 1.6338e+00, 
 2DIAGNOSTIC,    16, -4.673810838691e-01, 1.988155591492e-06, 4.5364e+01, 1.6522e+00, 
 2DIAGNOSTIC,    17, -4.673810838691e-01, 1.871203325933e-06, 4.6820e+01, 1.4556e+00, 
 2DIAGNOSTIC,    18, -4.673810838691e-01, 1.767245938651e-06, 4.8309e+01, 1.4888e+00, 
 2DIAGNOSTIC,    19, -4.673810838691e-01, 1.674231598463e-06, 4.9771e+01, 1.4625e+00, 
 2DIAGNOSTIC,    20, -4.673810838691e-01, 1.590518824909e-06, 5.1308e+01, 1.5369e+00, 
 2DIAGNOSTIC,    21, -4.673810838691e-01, 1.514778804716e-06, 5.2863e+01, 1.5550e+00, 
 2DIAGNOSTIC,    22, -4.673810838691e-01, 1.445924330157e-06, 5.4498e+01, 1.6347e+00, 
 2DIAGNOSTIC,    23, -4.673810838691e-01, 1.383057275442e-06, 5.6109e+01, 1.6113e+00, 
 2DIAGNOSTIC,    24, -4.673810838691e-01, 1.325429204196e-06, 5.7672e+01, 1.5632e+00, 
 2DIAGNOSTIC,    25, -4.673810838691e-01, 1.272411431254e-06, 5.9122e+01, 1.4496e+00, 
 2DIAGNOSTIC,    26, -4.673810838691e-01, 1.223471993286e-06, 6.0669e+01, 1.5476e+00, 
 2DIAGNOSTIC,    27, -4.673810838691e-01, 1.178157737154e-06, 6.2297e+01, 1.6276e+00, 
 2DIAGNOSTIC,    28, -4.673810838691e-01, 1.136080246551e-06, 6.4063e+01, 1.7662e+00, 
 2DIAGNOSTIC,    29, -4.673810838691e-01, 1.096904680392e-06, 6.5506e+01, 1.4423e+00, 
 2DIAGNOSTIC,    30, -4.673810838691e-01, 1.060340843489e-06, 6.7096e+01, 1.5903e+00, 
 2DIAGNOSTIC,    31, -4.673810838691e-01, 1.026135985488e-06, 6.8552e+01, 1.4562e+00, 
  Elapsed time (stage 0): 8.4565e+01


Total elapsed time: 8.4568e+01
Info [verificarlo]: loaded backend libinterflop_vprec.so
Info [interflop-vprec]: load backend with: 
Info [interflop-vprec]: precision-binary32 = 20
Info [interflop-vprec]: range-binary32 = 8
Info [interflop-vprec]: precision-binary64 = 20
Info [interflop-vprec]: range-binary64 = 8
Info [interflop-vprec]: mode = ob
Info [interflop-vprec]: error-mode = rel
Info [interflop-vprec]: max-abs-error-exponent = -1022
Info [interflop-vprec]: daz = false
Info [interflop-vprec]: ftz = false
Info [interflop-vprec]: 	instrument = none
Info [interflop-vprec]: 	prec-input-file = (null)
Info [interflop-vprec]: 	prec-output-file = (null)
Info [interflop-vprec]: 	prec-log-file = (null)
All_Command_lines_OK
Using double precision for computations.
=============================================================================
The composite transform comprises the following transforms (in order): 
  1. /home/mdugre/scratch/mri-registration-rp/datasets/ds004513/derivatives/mri-registration-rp/0011/antsRegistration-r8-p20/sub-s035/rigid_Composite.h5[0] (type = Euler3DTransform)
  2. /home/mdugre/scratch/mri-registration-rp/datasets/ds004513/derivatives/mri-registration-rp/0011/antsRegistration-r8-p20/sub-s035/rigid_Composite.h5[1] (type = Euler3DTransform)
  3. /home/mdugre/scratch/mri-registration-rp/datasets/ds004513/derivatives/mri-registration-rp/0011/antsRegistration-r8-p20/sub-s035/rigid_Composite.h5[2] (type = Euler3DTransform)
=============================================================================
  number of levels = 4
  fixed image: /templateflow/tpl-MNI152NLin2009cAsym/tpl-MNI152NLin2009cAsym_res-01_desc-brain_T1w.nii.gz
  moving image: /home/mdugre/scratch/mri-registration-rp/datasets/ds004513/derivatives/mri-registration-rp/antsBrainExtraction/sub-s035/BrainExtractionBrain.nii.gz
Dimension = 3
Number of stages = 1
Use histogram matching = false
Winsorize image intensities = true
  Lower quantile = 0.005
  Upper quantile = 0.995


Stage 1 State
   Image metric = MattesMI
     Fixed image = Image (0x477f490)
  RTTI typeinfo:   itk::Image<double, 3u>
  Reference Count: 2
  Modified Time: 1592
  Debug: Off
  Object Name: 
  Observers: 
    none
  Source: (none)
  Source output name: (none)
  Release Data: Off
  Data Released: False
  Global Release Data: Off
  PipelineMTime: 0
  UpdateMTime: 1203
  RealTimeStamp: 0 seconds 
  LargestPossibleRegion: 
    Dimension: 3
    Index: [0, 0, 0]
    Size: [193, 229, 193]
  BufferedRegion: 
    Dimension: 3
    Index: [0, 0, 0]
    Size: [193, 229, 193]
  RequestedRegion: 
    Dimension: 3
    Index: [0, 0, 0]
    Size: [193, 229, 193]
  Spacing: [1, 1, 1]
  Origin: [96, 132, -78]
  Direction: 
-1 0 0
0 -1 0
0 0 1

  IndexToPointMatrix: 
-1 0 0
0 -1 0
0 0 1

  PointToIndexMatrix: 
-1 0 0
0 -1 0
0 0 1

  Inverse Direction: 
-1 0 0
0 -1 0
0 0 1

  PixelContainer: 
    ImportImageContainer (0x484a8c0)
      RTTI typeinfo:   itk::ImportImageContainer<unsigned long, double>
      Reference Count: 1
      Modified Time: 1200
      Debug: Off
      Object Name: 
      Observers: 
        none
      Pointer: 0x15362d745010
      Container manages memory: true
      Size: 8530021
      Capacity: 8530021

     Moving image = Image (0x483ab60)
  RTTI typeinfo:   itk::Image<double, 3u>
  Reference Count: 2
  Modified Time: 1593
  Debug: Off
  Object Name: 
  Observers: 
    none
  Source: (none)
  Source output name: (none)
  Release Data: Off
  Data Released: False
  Global Release Data: Off
  PipelineMTime: 0
  UpdateMTime: 1590
  RealTimeStamp: 0 seconds 
  LargestPossibleRegion: 
    Dimension: 3
    Index: [0, 0, 0]
    Size: [160, 240, 256]
  BufferedRegion: 
    Dimension: 3
    Index: [0, 0, 0]
    Size: [160, 240, 256]
  RequestedRegion: 
    Dimension: 3
    Index: [0, 0, 0]
    Size: [160, 240, 256]
  Spacing: [1, 1, 1]
  Origin: [98.6437, 87.6359, -117.989]
  Direction: 
-0.993515 -0.100993 -0.0522355
0.100854 -0.994887 0.00530255
-0.0525039 1.93537e-08 0.998621

  IndexToPointMatrix: 
-0.993515 -0.100993 -0.0522355
0.100854 -0.994887 0.00530255
-0.0525039 1.93537e-08 0.998621

  PointToIndexMatrix: 
-0.993515 0.100854 -0.0525039
-0.100993 -0.994887 -5.69969e-07
-0.0522355 0.00530244 0.998621

  Inverse Direction: 
-0.993515 0.100854 -0.0525039
-0.100993 -0.994887 -5.69969e-07
-0.0522355 0.00530244 0.998621

  PixelContainer: 
    ImportImageContainer (0x48ce1d0)
      RTTI typeinfo:   itk::ImportImageContainer<unsigned long, double>
      Reference Count: 1
      Modified Time: 1587
      Debug: Off
      Object Name: 
      Observers: 
        none
      Pointer: 0x153628c44010
      Container manages memory: true
      Size: 9830400
      Capacity: 9830400

     Weighting = 1
     Sampling strategy = regular
     Number of bins = 32
     Radius = 4
     Sampling percentage  = 0.25
   Transform = Affine
     Gradient step = 0.1
     Update field sigma (voxel space) = 0
     Total field sigma (voxel space) = 0
     Update field time sigma = 0
     Total field time sigma  = 0
     Number of time indices = 0
     Number of time point samples = 0
Registration using 1 total stages.

Stage 0
  iterations = 1000x500x250x100
  convergence threshold = 1e-06
  convergence window size = 10
  number of levels = 4
  using the Mattes MI metric (number of bins = 32, weight = 1, use gradient filter = 0)
  preprocessing:  winsorizing the image intensities
  Shrink factors (level 1 out of 4): [8, 8, 8]
  Shrink factors (level 2 out of 4): [4, 4, 4]
  Shrink factors (level 3 out of 4): [2, 2, 2]
  Shrink factors (level 4 out of 4): [1, 1, 1]
  smoothing sigmas per level: [3, 2, 1, 0]
  regular sampling (percentage = 0.25)

*** Running AffineTransform registration ***

DIAGNOSTIC,Iteration,metricValue,convergenceValue,ITERATION_TIME_INDEX,SINCE_LAST
 2DIAGNOSTIC,     1, -6.769776487589e-01, 1.797693134862e+308, 0.0000e+00, 0.0000e+00, 
 2DIAGNOSTIC,     2, -6.790880229561e-01, 1.797693134862e+308, 0.0000e+00, 0.0000e+00, 
 2DIAGNOSTIC,     3, -6.830802963703e-01, 1.797693134862e+308, 0.0000e+00, 0.0000e+00, 
 2DIAGNOSTIC,     4, -6.901083168796e-01, 1.797693134862e+308, 0.0000e+00, 0.0000e+00, 
 2DIAGNOSTIC,     5, -7.003929656528e-01, 1.797693134862e+308, 0.0000e+00, 0.0000e+00, 
 2DIAGNOSTIC,     6, -7.121311719056e-01, 1.797693134862e+308, 0.0000e+00, 0.0000e+00, 
 2DIAGNOSTIC,     7, -7.367104211708e-01, 1.797693134862e+308, 0.0000e+00, 0.0000e+00, 
 2DIAGNOSTIC,     8, -7.369105145774e-01, 1.797693134862e+308, 0.0000e+00, 0.0000e+00, 
 2DIAGNOSTIC,     9, -7.373363285429e-01, 1.797693134862e+308, 0.0000e+00, 0.0000e+00, 
 2DIAGNOSTIC,    10, -7.375561441695e-01, 6.935952973459e-03, 0.0000e+00, 0.0000e+00, 
 2DIAGNOSTIC,    11, -7.375192951284e-01, 5.822735769608e-03, 0.0000e+00, 0.0000e+00, 
 2DIAGNOSTIC,    12, -7.375611810701e-01, 4.442065597812e-03, 0.0000e+00, 0.0000e+00, 
 2DIAGNOSTIC,    13, -7.374166728290e-01, 2.998676707833e-03, 0.0000e+00, 0.0000e+00, 
 2DIAGNOSTIC,    14, -7.373851718440e-01, 1.700695768373e-03, 0.0000e+00, 0.0000e+00, 
 2DIAGNOSTIC,    15, -7.372878461128e-01, 6.931030248532e-04, 0.0000e+00, 0.0000e+00, 
 2DIAGNOSTIC,    16, -7.371938655270e-01, 2.151666289060e-05, 0.0000e+00, 0.0000e+00, 
DIAGNOSTIC,Iteration,metricValue,convergenceValue,ITERATION_TIME_INDEX,SINCE_LAST
 2DIAGNOSTIC,     1, -6.021474440953e-01, 1.797693134862e+308, 0.0000e+00, 0.0000e+00, 
 2DIAGNOSTIC,     2, -6.034965535769e-01, 1.797693134862e+308, 0.0000e+00, 0.0000e+00, 
 2DIAGNOSTIC,     3, -6.054634613932e-01, 1.797693134862e+308, 0.0000e+00, 0.0000e+00, 
 2DIAGNOSTIC,     4, -6.076459866169e-01, 1.797693134862e+308, 0.0000e+00, 0.0000e+00, 
 2DIAGNOSTIC,     5, -6.089630388043e-01, 1.797693134862e+308, 0.0000e+00, 0.0000e+00, 
 2DIAGNOSTIC,     6, -6.094638720354e-01, 1.797693134862e+308, 0.0000e+00, 0.0000e+00, 
 2DIAGNOSTIC,     7, -6.098120228521e-01, 1.797693134862e+308, 0.0000e+00, 0.0000e+00, 
 2DIAGNOSTIC,     8, -6.101501610194e-01, 1.797693134862e+308, 0.0000e+00, 0.0000e+00, 
 2DIAGNOSTIC,     9, -6.104446770969e-01, 1.797693134862e+308, 0.0000e+00, 0.0000e+00, 
 2DIAGNOSTIC,    10, -6.104721500182e-01, 8.813004110770e-04, 0.0000e+00, 0.0000e+00, 
 2DIAGNOSTIC,    11, -6.104780307380e-01, 5.949739711445e-04, 0.0000e+00, 0.0000e+00, 
 2DIAGNOSTIC,    12, -6.104767454949e-01, 3.554618308609e-04, 0.0000e+00, 0.0000e+00, 
 2DIAGNOSTIC,    13, -6.104799006980e-01, 1.902093202736e-04, 0.0000e+00, 0.0000e+00, 
 2DIAGNOSTIC,    14, -6.104645724991e-01, 1.028019872453e-04, 0.0000e+00, 0.0000e+00, 
 2DIAGNOSTIC,    15, -6.104631456319e-01, 5.868007216664e-05, 0.0000e+00, 0.0000e+00, 
 2DIAGNOSTIC,    16, -6.104624808661e-01, 2.945613422849e-05, 0.0000e+00, 0.0000e+00, 
 2DIAGNOSTIC,    17, -6.104546703134e-01, 1.033221921942e-05, 0.0000e+00, 0.0000e+00, 
DIAGNOSTIC,Iteration,metricValue,convergenceValue,ITERATION_TIME_INDEX,SINCE_LAST
 2DIAGNOSTIC,     1, -5.340946064708e-01, 1.797693134862e+308, 0.0000e+00, 0.0000e+00, 
 2DIAGNOSTIC,     2, -5.345190254439e-01, 1.797693134862e+308, 0.0000e+00, 0.0000e+00, 
 2DIAGNOSTIC,     3, -5.348145681796e-01, 1.797693134862e+308, 0.0000e+00, 0.0000e+00, 
 2DIAGNOSTIC,     4, -5.349668667181e-01, 1.797693134862e+308, 0.0000e+00, 0.0000e+00, 
 2DIAGNOSTIC,     5, -5.351609620957e-01, 1.797693134862e+308, 0.0000e+00, 0.0000e+00, 
 2DIAGNOSTIC,     6, -5.356334073651e-01, 1.797693134862e+308, 0.0000e+00, 0.0000e+00, 
 2DIAGNOSTIC,     7, -5.356854383277e-01, 1.797693134862e+308, 0.0000e+00, 0.0000e+00, 
 2DIAGNOSTIC,     8, -5.357287065438e-01, 1.797693134862e+308, 0.0000e+00, 0.0000e+00, 
 2DIAGNOSTIC,     9, -5.358121232452e-01, 1.797693134862e+308, 0.0000e+00, 0.0000e+00, 
 2DIAGNOSTIC,    10, -5.360491996668e-01, 2.229895442547e-04, 0.0000e+00, 0.0000e+00, 
 2DIAGNOSTIC,    11, -5.364839262065e-01, 1.916222761188e-04, 0.0000e+00, 0.0000e+00, 
 2DIAGNOSTIC,    12, -5.364876742320e-01, 1.668709191482e-04, 0.0000e+00, 0.0000e+00, 
 2DIAGNOSTIC,    13, -5.364859677471e-01, 1.436530671228e-04, 0.0000e+00, 0.0000e+00, 
 2DIAGNOSTIC,    14, -5.364845663042e-01, 1.168693401291e-04, 0.0000e+00, 0.0000e+00, 
 2DIAGNOSTIC,    15, -5.364794478724e-01, 8.924655404048e-05, 0.0000e+00, 0.0000e+00, 
 2DIAGNOSTIC,    16, -5.364797244380e-01, 7.251083498241e-05, 0.0000e+00, 0.0000e+00, 
 2DIAGNOSTIC,    17, -5.364788768841e-01, 5.290994428785e-05, 0.0000e+00, 0.0000e+00, 
 2DIAGNOSTIC,    18, -5.364786776892e-01, 3.226615377379e-05, 0.0000e+00, 0.0000e+00, 
 2DIAGNOSTIC,    19, -5.364783915247e-01, 1.325249534958e-05, 0.0000e+00, 0.0000e+00, 
 2DIAGNOSTIC,    20, -5.364780141278e-01, 1.015755407494e-06, 0.0000e+00, 0.0000e+00, 
DIAGNOSTIC,Iteration,metricValue,convergenceValue,ITERATION_TIME_INDEX,SINCE_LAST
 2DIAGNOSTIC,     1, -4.913087817698e-01, 1.797693134862e+308, 0.0000e+00, 0.0000e+00, 
 2DIAGNOSTIC,     2, -4.916776806931e-01, 1.797693134862e+308, 0.0000e+00, 0.0000e+00, 
 2DIAGNOSTIC,     3, -4.920061068333e-01, 1.797693134862e+308, 0.0000e+00, 0.0000e+00, 
 2DIAGNOSTIC,     4, -4.922470579610e-01, 1.797693134862e+308, 0.0000e+00, 0.0000e+00, 
 2DIAGNOSTIC,     5, -4.924100831891e-01, 1.797693134862e+308, 0.0000e+00, 0.0000e+00, 
 2DIAGNOSTIC,     6, -4.926250418858e-01, 1.797693134862e+308, 0.0000e+00, 0.0000e+00, 
 2DIAGNOSTIC,     7, -4.926448355676e-01, 1.797693134862e+308, 0.0000e+00, 0.0000e+00, 
 2DIAGNOSTIC,     8, -4.926485346967e-01, 1.797693134862e+308, 0.0000e+00, 0.0000e+00, 
 2DIAGNOSTIC,     9, -4.926558005160e-01, 1.797693134862e+308, 0.0000e+00, 0.0000e+00, 
