
##########################
# Experiment information #
##########################

EXPERIMENT_NAME: antsRegistration-r8-p21
VFC_BACKENDS: libinterflop_vprec.so --range-binary32=8 --precision-binary32=21 --range-binary64=8 --precision-binary64=21

SIF_IMG: /home/mdugre/projects/rrg-glatard/mdugre/containers/ants-vprec-no_metrics.simg

SUBJECT_ID: s003
INPUT_IMG: /home/mdugre/scratch/mri-registration-rp/datasets/ds004513/derivatives/mri-registration-rp/antsBrainExtraction/sub-s003/BrainExtractionBrain.nii.gz
OUTPUT_DIR: /home/mdugre/scratch/mri-registration-rp/datasets/ds004513/derivatives/mri-registration-rp/0011/antsRegistration-r8-p21/sub-s003

FIXED_IMG: /templateflow/tpl-MNI152NLin2009cAsym/tpl-MNI152NLin2009cAsym_res-01_desc-brain_T1w.nii.gz
DATA_DIR: /home/mdugre/scratch/mri-registration-rp/datasets/ds004513
TEMPLATEFLOW_DIR: /home/mdugre/projects/rrg-glatard/mdugre/templateflow
ITK_GLOBAL_DEFAULT_NUMBER_OF_THREADS: 16
##########################

Info [verificarlo]: loaded backend libinterflop_ieee.so
Info [interflop-ieee]: load backend with:
Info [interflop-ieee]: debug = false
Info [interflop-ieee]: debug-binary = false
Info [interflop-ieee]: no-backend-name = false
Info [interflop-ieee]: print-new-line = false
Info [interflop-ieee]: print-subnormal-normalized = false
Info [interflop-ieee]: count-op = false
All_Command_lines_OK
Using double precision for computations.
=============================================================================
The composite transform comprises the following transforms (in order): 
  1. Center of mass alignment using fixed image: /templateflow/tpl-MNI152NLin2009cAsym/tpl-MNI152NLin2009cAsym_res-01_desc-brain_T1w.nii.gz and moving image: /home/mdugre/scratch/mri-registration-rp/datasets/ds004513/derivatives/mri-registration-rp/antsBrainExtraction/sub-s003/BrainExtractionBrain.nii.gz (type = Euler3DTransform)
=============================================================================
  number of levels = 1
  fixed image: /templateflow/tpl-MNI152NLin2009cAsym/tpl-MNI152NLin2009cAsym_res-01_desc-brain_T1w.nii.gz
  moving image: /home/mdugre/scratch/mri-registration-rp/datasets/ds004513/derivatives/mri-registration-rp/antsBrainExtraction/sub-s003/BrainExtractionBrain.nii.gz
Dimension = 3
Number of stages = 1
Use histogram matching = false
Winsorize image intensities = true
  Lower quantile = 0.005
  Upper quantile = 0.995


Stage 1 State
   Image metric = MattesMI
     Fixed image = Image (0x4587e70)
  RTTI typeinfo:   itk::Image<double, 3u>
  Reference Count: 2
  Modified Time: 2334
  Debug: Off
  Object Name: 
  Observers: 
    none
  Source: (none)
  Source output name: (none)
  Release Data: Off
  Data Released: False
  Global Release Data: Off
  PipelineMTime: 0
  UpdateMTime: 1943
  RealTimeStamp: 0 seconds 
  LargestPossibleRegion: 
    Dimension: 3
    Index: [0, 0, 0]
    Size: [193, 229, 193]
  BufferedRegion: 
    Dimension: 3
    Index: [0, 0, 0]
    Size: [193, 229, 193]
  RequestedRegion: 
    Dimension: 3
    Index: [0, 0, 0]
    Size: [193, 229, 193]
  Spacing: [1, 1, 1]
  Origin: [96, 132, -78]
  Direction: 
-1 0 0
0 -1 0
0 0 1

  IndexToPointMatrix: 
-1 0 0
0 -1 0
0 0 1

  PointToIndexMatrix: 
-1 0 0
0 -1 0
0 0 1

  Inverse Direction: 
-1 0 0
0 -1 0
0 0 1

  PixelContainer: 
    ImportImageContainer (0x4594140)
      RTTI typeinfo:   itk::ImportImageContainer<unsigned long, double>
      Reference Count: 1
      Modified Time: 1940
      Debug: Off
      Object Name: 
      Observers: 
        none
      Pointer: 0x1527b4328010
      Container manages memory: true
      Size: 8530021
      Capacity: 8530021

     Moving image = Image (0x4591310)
  RTTI typeinfo:   itk::Image<double, 3u>
  Reference Count: 2
  Modified Time: 2335
  Debug: Off
  Object Name: 
  Observers: 
    none
  Source: (none)
  Source output name: (none)
  Release Data: Off
  Data Released: False
  Global Release Data: Off
  PipelineMTime: 0
  UpdateMTime: 2332
  RealTimeStamp: 0 seconds 
  LargestPossibleRegion: 
    Dimension: 3
    Index: [0, 0, 0]
    Size: [176, 240, 256]
  BufferedRegion: 
    Dimension: 3
    Index: [0, 0, 0]
    Size: [176, 240, 256]
  RequestedRegion: 
    Dimension: 3
    Index: [0, 0, 0]
    Size: [176, 240, 256]
  Spacing: [0.999999, 1, 1]
  Origin: [93.3499, 86.9368, -128.957]
  Direction: 
-0.999513 -0.0279216 -0.0139567
0.0279189 -0.99961 0.000389866
-0.0139622 2.01492e-08 0.999903

  IndexToPointMatrix: 
-0.999512 -0.0279216 -0.0139567
0.0279189 -0.99961 0.000389866
-0.0139621 2.01492e-08 0.999903

  PointToIndexMatrix: 
-0.999514 0.0279189 -0.0139622
-0.0279216 -0.99961 2.01716e-08
-0.0139567 0.000389866 0.999903

  Inverse Direction: 
-0.999513 0.0279189 -0.0139622
-0.0279216 -0.99961 2.01716e-08
-0.0139567 0.000389866 0.999903

  PixelContainer: 
    ImportImageContainer (0x46bc610)
      RTTI typeinfo:   itk::ImportImageContainer<unsigned long, double>
      Reference Count: 1
      Modified Time: 2329
      Debug: Off
      Object Name: 
      Observers: 
        none
      Pointer: 0x1527af0a7010
      Container manages memory: true
      Size: 10813440
      Capacity: 10813440

     Weighting = 1
     Sampling strategy = regular
     Number of bins = 32
     Radius = 4
     Sampling percentage  = 0.25
   Transform = Rigid
     Gradient step = 0.1
     Update field sigma (voxel space) = 0
     Total field sigma (voxel space) = 0
     Update field time sigma = 0
     Total field time sigma  = 0
     Number of time indices = 0
     Number of time point samples = 0
Registration using 1 total stages.

Stage 0
  iterations = 0
  convergence threshold = 1e-06
  convergence window size = 10
  number of levels = 1
  using the Mattes MI metric (number of bins = 32, weight = 1, use gradient filter = 0)
  preprocessing:  winsorizing the image intensities
  Shrink factors (level 1 out of 1): [1, 1, 1]
  smoothing sigmas per level: [0]
  regular sampling (percentage = 0.25)

*** Running Euler3DTransform registration ***

  Elapsed time (stage 0): 1.11996


Total elapsed time: 1.12272
Info [verificarlo]: loaded backend libinterflop_ieee.so
Info [interflop-ieee]: load backend with:
Info [interflop-ieee]: debug = false
Info [interflop-ieee]: debug-binary = false
Info [interflop-ieee]: no-backend-name = false
Info [interflop-ieee]: print-new-line = false
Info [interflop-ieee]: print-subnormal-normalized = false
Info [interflop-ieee]: count-op = false
All_Command_lines_OK
Using double precision for computations.
=============================================================================
The composite transform comprises the following transforms (in order): 
  1. /home/mdugre/scratch/mri-registration-rp/datasets/ds004513/derivatives/mri-registration-rp/0011/antsRegistration-r8-p21/sub-s003/align_Composite.h5[0] (type = Euler3DTransform)
  2. /home/mdugre/scratch/mri-registration-rp/datasets/ds004513/derivatives/mri-registration-rp/0011/antsRegistration-r8-p21/sub-s003/align_Composite.h5[1] (type = Euler3DTransform)
=============================================================================
  number of levels = 4
  fixed image: /templateflow/tpl-MNI152NLin2009cAsym/tpl-MNI152NLin2009cAsym_res-01_desc-brain_T1w.nii.gz
  moving image: /home/mdugre/scratch/mri-registration-rp/datasets/ds004513/derivatives/mri-registration-rp/antsBrainExtraction/sub-s003/BrainExtractionBrain.nii.gz
Dimension = 3
Number of stages = 1
Use histogram matching = false
Winsorize image intensities = true
  Lower quantile = 0.005
  Upper quantile = 0.995


Stage 1 State
   Image metric = MattesMI
     Fixed image = Image (0x4fd7530)
  RTTI typeinfo:   itk::Image<double, 3u>
  Reference Count: 2
  Modified Time: 1580
  Debug: Off
  Object Name: 
  Observers: 
    none
  Source: (none)
  Source output name: (none)
  Release Data: Off
  Data Released: False
  Global Release Data: Off
  PipelineMTime: 0
  UpdateMTime: 1189
  RealTimeStamp: 0 seconds 
  LargestPossibleRegion: 
    Dimension: 3
    Index: [0, 0, 0]
    Size: [193, 229, 193]
  BufferedRegion: 
    Dimension: 3
    Index: [0, 0, 0]
    Size: [193, 229, 193]
  RequestedRegion: 
    Dimension: 3
    Index: [0, 0, 0]
    Size: [193, 229, 193]
  Spacing: [1, 1, 1]
  Origin: [96, 132, -78]
  Direction: 
-1 0 0
0 -1 0
0 0 1

  IndexToPointMatrix: 
-1 0 0
0 -1 0
0 0 1

  PointToIndexMatrix: 
-1 0 0
0 -1 0
0 0 1

  Inverse Direction: 
-1 0 0
0 -1 0
0 0 1

  PixelContainer: 
    ImportImageContainer (0x5095d60)
      RTTI typeinfo:   itk::ImportImageContainer<unsigned long, double>
      Reference Count: 1
      Modified Time: 1186
      Debug: Off
      Object Name: 
      Observers: 
        none
      Pointer: 0x14e314121010
      Container manages memory: true
      Size: 8530021
      Capacity: 8530021

     Moving image = Image (0x5087f60)
  RTTI typeinfo:   itk::Image<double, 3u>
  Reference Count: 2
  Modified Time: 1581
  Debug: Off
  Object Name: 
  Observers: 
    none
  Source: (none)
  Source output name: (none)
  Release Data: Off
  Data Released: False
  Global Release Data: Off
  PipelineMTime: 0
  UpdateMTime: 1578
  RealTimeStamp: 0 seconds 
  LargestPossibleRegion: 
    Dimension: 3
    Index: [0, 0, 0]
    Size: [176, 240, 256]
  BufferedRegion: 
    Dimension: 3
    Index: [0, 0, 0]
    Size: [176, 240, 256]
  RequestedRegion: 
    Dimension: 3
    Index: [0, 0, 0]
    Size: [176, 240, 256]
  Spacing: [0.999999, 1, 1]
  Origin: [93.3499, 86.9368, -128.957]
  Direction: 
-0.999513 -0.0279216 -0.0139567
0.0279189 -0.99961 0.000389866
-0.0139622 2.01492e-08 0.999903

  IndexToPointMatrix: 
-0.999512 -0.0279216 -0.0139567
0.0279189 -0.99961 0.000389866
-0.0139621 2.01492e-08 0.999903

  PointToIndexMatrix: 
-0.999514 0.0279189 -0.0139622
-0.0279216 -0.99961 2.01716e-08
-0.0139567 0.000389866 0.999903

  Inverse Direction: 
-0.999513 0.0279189 -0.0139622
-0.0279216 -0.99961 2.01716e-08
-0.0139567 0.000389866 0.999903

  PixelContainer: 
    ImportImageContainer (0x50796d0)
      RTTI typeinfo:   itk::ImportImageContainer<unsigned long, double>
      Reference Count: 1
      Modified Time: 1575
      Debug: Off
      Object Name: 
      Observers: 
        none
      Pointer: 0x14e30eea0010
      Container manages memory: true
      Size: 10813440
      Capacity: 10813440

     Weighting = 1
     Sampling strategy = regular
     Number of bins = 32
     Radius = 4
     Sampling percentage  = 0.25
   Transform = Rigid
     Gradient step = 0.1
     Update field sigma (voxel space) = 0
     Total field sigma (voxel space) = 0
     Update field time sigma = 0
     Total field time sigma  = 0
     Number of time indices = 0
     Number of time point samples = 0
Registration using 1 total stages.

Stage 0
  iterations = 1000x500x250x100
  convergence threshold = 1e-06
  convergence window size = 10
  number of levels = 4
  using the Mattes MI metric (number of bins = 32, weight = 1, use gradient filter = 0)
  preprocessing:  winsorizing the image intensities
  Shrink factors (level 1 out of 4): [8, 8, 8]
  Shrink factors (level 2 out of 4): [4, 4, 4]
  Shrink factors (level 3 out of 4): [2, 2, 2]
  Shrink factors (level 4 out of 4): [1, 1, 1]
  smoothing sigmas per level: [3, 2, 1, 0]
  regular sampling (percentage = 0.25)

*** Running Euler3DTransform registration ***

DIAGNOSTIC,Iteration,metricValue,convergenceValue,ITERATION_TIME_INDEX,SINCE_LAST
 2DIAGNOSTIC,     1, -4.871187133941e-01, 1.797693134862e+308, 6.7478e-01, 6.7478e-01, 
 2DIAGNOSTIC,     2, -4.887966556740e-01, 1.797693134862e+308, 6.7900e-01, 4.2169e-03, 
 2DIAGNOSTIC,     3, -4.919242839642e-01, 1.797693134862e+308, 6.8354e-01, 4.5359e-03, 
 2DIAGNOSTIC,     4, -5.019092629522e-01, 1.797693134862e+308, 6.8779e-01, 4.2541e-03, 
 2DIAGNOSTIC,     5, -5.198319788477e-01, 1.797693134862e+308, 6.9193e-01, 4.1411e-03, 
 2DIAGNOSTIC,     6, -5.251449584180e-01, 1.797693134862e+308, 6.9598e-01, 4.0431e-03, 
 2DIAGNOSTIC,     7, -5.365118080768e-01, 1.797693134862e+308, 7.0025e-01, 4.2751e-03, 
 2DIAGNOSTIC,     8, -5.564319077261e-01, 1.797693134862e+308, 7.0643e-01, 6.1829e-03, 
 2DIAGNOSTIC,     9, -5.572786469687e-01, 1.797693134862e+308, 7.1045e-01, 4.0200e-03, 
 2DIAGNOSTIC,    10, -5.597886110608e-01, 1.060089541986e-02, 7.1520e-01, 4.7491e-03, 
 2DIAGNOSTIC,    11, -5.645450860914e-01, 9.471656029001e-03, 7.1924e-01, 4.0412e-03, 
 2DIAGNOSTIC,    12, -5.675342641672e-01, 7.901754414630e-03, 7.2391e-01, 4.6639e-03, 
 2DIAGNOSTIC,    13, -5.685174641935e-01, 6.033280802480e-03, 7.2849e-01, 4.5810e-03, 
 2DIAGNOSTIC,    14, -5.693412095343e-01, 4.302087948772e-03, 7.3385e-01, 5.3561e-03, 
 2DIAGNOSTIC,    15, -5.718972801999e-01, 3.155204981960e-03, 7.3858e-01, 4.7379e-03, 
 2DIAGNOSTIC,    16, -5.734788767073e-01, 2.091398053256e-03, 7.4287e-01, 4.2889e-03, 
 2DIAGNOSTIC,    17, -5.737823402463e-01, 1.310029424177e-03, 7.4721e-01, 4.3368e-03, 
 2DIAGNOSTIC,    18, -5.749452616697e-01, 1.114936190124e-03, 7.5140e-01, 4.1900e-03, 
 2DIAGNOSTIC,    19, -5.774392255379e-01, 9.301256922763e-04, 7.5761e-01, 6.2151e-03, 
 2DIAGNOSTIC,    20, -5.782944999961e-01, 7.612328992403e-04, 7.6219e-01, 4.5779e-03, 
 2DIAGNOSTIC,    21, -5.788863756013e-01, 6.687985511638e-04, 7.6624e-01, 4.0438e-03, 
 2DIAGNOSTIC,    22, -5.857337701289e-01, 7.546209588484e-04, 7.7030e-01, 4.0598e-03, 
 2DIAGNOSTIC,    23, -6.028589199419e-01, 1.162232402646e-03, 7.7512e-01, 4.8249e-03, 
 2DIAGNOSTIC,    24, -6.086613864511e-01, 1.554691297652e-03, 7.8070e-01, 5.5840e-03, 
 2DIAGNOSTIC,    25, -6.127624336098e-01, 1.904928962242e-03, 7.8522e-01, 4.5171e-03, 
 2DIAGNOSTIC,    26, -6.171330105620e-01, 2.167612512958e-03, 7.8987e-01, 4.6511e-03, 
 2DIAGNOSTIC,    27, -6.180829706208e-01, 2.226134292830e-03, 7.9385e-01, 3.9821e-03, 
 2DIAGNOSTIC,    28, -6.204355233345e-01, 2.128618150956e-03, 7.9840e-01, 4.5419e-03, 
 2DIAGNOSTIC,    29, -6.216541970228e-01, 1.901236690255e-03, 8.0239e-01, 3.9980e-03, 
 2DIAGNOSTIC,    30, -6.252686912503e-01, 1.589741200371e-03, 8.0706e-01, 4.6630e-03, 
 2DIAGNOSTIC,    31, -6.305778037741e-01, 1.244382324331e-03, 8.1108e-01, 4.0271e-03, 
 2DIAGNOSTIC,    32, -6.437130271069e-01, 1.107478002898e-03, 8.1619e-01, 5.1091e-03, 
 2DIAGNOSTIC,    33, -6.470242761986e-01, 1.176366337774e-03, 8.2027e-01, 4.0791e-03, 
 2DIAGNOSTIC,    34, -6.489198842462e-01, 1.241855411057e-03, 8.2682e-01, 6.5460e-03, 
 2DIAGNOSTIC,    35, -6.509315525340e-01, 1.271852686473e-03, 8.3094e-01, 4.1170e-03, 
 2DIAGNOSTIC,    36, -6.520061337191e-01, 1.251970836157e-03, 8.3491e-01, 3.9699e-03, 
 2DIAGNOSTIC,    37, -6.528677078773e-01, 1.135515228089e-03, 8.3884e-01, 3.9370e-03, 
 2DIAGNOSTIC,    38, -6.532419631022e-01, 9.531094632116e-04, 8.4274e-01, 3.8970e-03, 
 2DIAGNOSTIC,    39, -6.541800677560e-01, 7.191596254080e-04, 8.4817e-01, 5.4281e-03, 
 2DIAGNOSTIC,    40, -6.542182984867e-01, 4.741324204435e-04, 8.5225e-01, 4.0860e-03, 
 2DIAGNOSTIC,    41, -6.546674075509e-01, 2.612656744870e-04, 8.5616e-01, 3.9101e-03, 
 2DIAGNOSTIC,    42, -6.552110744659e-01, 1.907259016478e-04, 8.6153e-01, 5.3651e-03, 
 2DIAGNOSTIC,    43, -6.553182215881e-01, 1.434398959986e-04, 8.6547e-01, 3.9380e-03, 
 2DIAGNOSTIC,    44, -6.554467694041e-01, 1.065222379877e-04, 8.6940e-01, 3.9332e-03, 
 2DIAGNOSTIC,    45, -6.554222029327e-01, 8.224957136665e-05, 8.7328e-01, 3.8791e-03, 
 2DIAGNOSTIC,    46, -6.555897905700e-01, 6.410469443518e-05, 8.7784e-01, 4.5600e-03, 
 2DIAGNOSTIC,    47, -6.557531004341e-01, 5.098410298921e-05, 8.8217e-01, 4.3309e-03, 
 2DIAGNOSTIC,    48, -6.557035282525e-01, 3.660526581610e-05, 8.8655e-01, 4.3809e-03, 
 2DIAGNOSTIC,    49, -6.557494702940e-01, 2.910388340497e-05, 8.9092e-01, 4.3740e-03, 
 2DIAGNOSTIC,    50, -6.556028255078e-01, 1.814563892597e-05, 8.9481e-01, 3.8831e-03, 
 2DIAGNOSTIC,    51, -6.556236347105e-01, 1.022238869814e-05, 8.9865e-01, 3.8450e-03, 
 2DIAGNOSTIC,    52, -6.556516658403e-01, 6.831463695445e-06, 9.0257e-01, 3.9189e-03, 
 2DIAGNOSTIC,    53, -6.557683723219e-01, 4.936989515279e-06, 9.0699e-01, 4.4179e-03, 
 2DIAGNOSTIC,    54, -6.559499191494e-01, 5.426058209801e-06, 9.1134e-01, 4.3461e-03, 
 2DIAGNOSTIC,    55, -6.559073091640e-01, 4.823913524486e-06, 9.1595e-01, 4.6120e-03, 
 2DIAGNOSTIC,    56, -6.558160654562e-01, 4.487476505971e-06, 9.2040e-01, 4.4570e-03, 
 2DIAGNOSTIC,    57, -6.557446625272e-01, 4.575376425058e-06, 9.2491e-01, 4.5030e-03, 
 2DIAGNOSTIC,    58, -6.557473129483e-01, 3.858738401485e-06, 9.2896e-01, 4.0541e-03, 
 2DIAGNOSTIC,    59, -6.557776007232e-01, 3.449798369318e-06, 9.3286e-01, 3.8960e-03, 
 2DIAGNOSTIC,    60, -6.558121142296e-01, 1.910100859877e-06, 9.3742e-01, 4.5640e-03, 
 2DIAGNOSTIC,    61, -6.559311233465e-01, 1.399024968488e-06, 9.4202e-01, 4.5931e-03, 
 2DIAGNOSTIC,    62, -6.559557407630e-01, 1.198171905716e-06, 9.4653e-01, 4.5111e-03, 
 2DIAGNOSTIC,    63, -6.563116712173e-01, 4.378563277924e-06, 9.5344e-01, 6.9170e-03, 
 2DIAGNOSTIC,    64, -6.563555263527e-01, 8.645419046483e-06, 9.5788e-01, 4.4401e-03, 
 2DIAGNOSTIC,    65, -6.563321019410e-01, 1.155031223070e-05, 9.6184e-01, 3.9570e-03, 
 2DIAGNOSTIC,    66, -6.562875653451e-01, 1.240037406944e-05, 9.6583e-01, 3.9849e-03, 
 2DIAGNOSTIC,    67, -6.563135617789e-01, 1.176868831440e-05, 9.6979e-01, 3.9670e-03, 
 2DIAGNOSTIC,    68, -6.564385357207e-01, 1.089469338688e-05, 9.7395e-01, 4.1568e-03, 
 2DIAGNOSTIC,    69, -6.566633047979e-01, 1.071600866659e-05, 9.7808e-01, 4.1349e-03, 
 2DIAGNOSTIC,    70, -6.574621122645e-01, 1.503047154082e-05, 9.8261e-01, 4.5290e-03, 
 2DIAGNOSTIC,    71, -6.588186921219e-01, 2.729047606816e-05, 9.8869e-01, 6.0740e-03, 
 2DIAGNOSTIC,    72, -6.595182795410e-01, 4.099448078042e-05, 9.9358e-01, 4.8900e-03, 
 2DIAGNOSTIC,    73, -6.595861154171e-01, 5.308354036453e-05, 9.9800e-01, 4.4260e-03, 
 2DIAGNOSTIC,    74, -6.594271322449e-01, 5.917386305077e-05, 1.0020e+00, 3.9880e-03, 
 2DIAGNOSTIC,    75, -6.593543595110e-01, 5.884756001049e-05, 1.0060e+00, 3.9721e-03, 
 2DIAGNOSTIC,    76, -6.593652680683e-01, 5.255797387092e-05, 1.0101e+00, 4.1759e-03, 
 2DIAGNOSTIC,    77, -6.594652070396e-01, 4.211093527873e-05, 1.0141e+00, 3.9670e-03, 
 2DIAGNOSTIC,    78, -6.594849984604e-01, 2.888301512062e-05, 1.0181e+00, 3.9709e-03, 
 2DIAGNOSTIC,    79, -6.595180975071e-01, 1.480468529328e-05, 1.0220e+00, 3.9608e-03, 
 2DIAGNOSTIC,    80, -6.601607737801e-01, 7.786712375831e-06, 1.0260e+00, 3.9730e-03, 
 2DIAGNOSTIC,    81, -6.601879014865e-01, 7.811652211530e-06, 1.0319e+00, 5.9009e-03, 
 2DIAGNOSTIC,    82, -6.603690192929e-01, 1.202234450572e-05, 1.0363e+00, 4.4069e-03, 
 2DIAGNOSTIC,    83, -6.603700871091e-01, 1.543003220797e-05, 1.0408e+00, 4.4560e-03, 
 2DIAGNOSTIC,    84, -6.603706225516e-01, 1.646033400668e-05, 1.0535e+00, 1.2719e-02, 
 2DIAGNOSTIC,    85, -6.603706225453e-01, 1.548719089030e-05, 1.0665e+00, 1.3037e-02, 
 2DIAGNOSTIC,    86, -6.603706225453e-01, 1.310786143187e-05, 1.0716e+00, 5.0578e-03, 
 2DIAGNOSTIC,    87, -6.603706225453e-01, 1.011682135712e-05, 1.0759e+00, 4.3340e-03, 
 2DIAGNOSTIC,    88, -6.603706225453e-01, 6.392981002102e-06, 1.0802e+00, 4.3089e-03, 
 2DIAGNOSTIC,    89, -6.603706225453e-01, 2.267773068569e-06, 1.0847e+00, 4.4410e-03, 
 2DIAGNOSTIC,    90, -6.603706225453e-01, 1.302213140065e-06, 1.0892e+00, 4.5400e-03, 
DIAGNOSTIC,Iteration,metricValue,convergenceValue,ITERATION_TIME_INDEX,SINCE_LAST
 2DIAGNOSTIC,     1, -5.279614227208e-01, 1.797693134862e+308, 1.8433e+00, 7.5408e-01, 
 2DIAGNOSTIC,     2, -5.286103429306e-01, 1.797693134862e+308, 1.8782e+00, 3.4899e-02, 
 2DIAGNOSTIC,     3, -5.292646261221e-01, 1.797693134862e+308, 1.9102e+00, 3.1999e-02, 
 2DIAGNOSTIC,     4, -5.296886104572e-01, 1.797693134862e+308, 1.9600e+00, 4.9787e-02, 
 2DIAGNOSTIC,     5, -5.299966216355e-01, 1.797693134862e+308, 2.0009e+00, 4.0872e-02, 
 2DIAGNOSTIC,     6, -5.302189587039e-01, 1.797693134862e+308, 2.0373e+00, 3.6440e-02, 
 2DIAGNOSTIC,     7, -5.304770038115e-01, 1.797693134862e+308, 2.0687e+00, 3.1428e-02, 
 2DIAGNOSTIC,     8, -5.305619913061e-01, 1.797693134862e+308, 2.1053e+00, 3.6544e-02, 
 2DIAGNOSTIC,     9, -5.309708586806e-01, 1.797693134862e+308, 2.1553e+00, 5.0063e-02, 
 2DIAGNOSTIC,    10, -5.311323468749e-01, 3.544274801249e-04, 2.1876e+00, 3.2245e-02, 
 2DIAGNOSTIC,    11, -5.313123877442e-01, 2.729851590181e-04, 2.2190e+00, 3.1460e-02, 
 2DIAGNOSTIC,    12, -5.315613692215e-01, 2.205638578643e-04, 2.2539e+00, 3.4905e-02, 
 2DIAGNOSTIC,    13, -5.319543698536e-01, 1.992665581908e-04, 2.3363e+00, 8.2413e-02, 
 2DIAGNOSTIC,    14, -5.326117128769e-01, 2.039391625801e-04, 2.3816e+00, 4.5213e-02, 
 2DIAGNOSTIC,    15, -5.329760005924e-01, 2.129774007186e-04, 2.4146e+00, 3.3088e-02, 
 2DIAGNOSTIC,    16, -5.332800954884e-01, 2.191482026049e-04, 2.4453e+00, 3.0634e-02, 
 2DIAGNOSTIC,    17, -5.339263982934e-01, 2.332259174064e-04, 2.4824e+00, 3.7091e-02, 
 2DIAGNOSTIC,    18, -5.340558803176e-01, 2.299722842007e-04, 2.5177e+00, 3.5344e-02, 
 2DIAGNOSTIC,    19, -5.340510957601e-01, 2.172067898761e-04, 2.5567e+00, 3.9016e-02, 
 2DIAGNOSTIC,    20, -5.340646738552e-01, 1.905624857800e-04, 2.5887e+00, 3.1924e-02, 
 2DIAGNOSTIC,    21, -5.340607290729e-01, 1.533787599214e-04, 2.6204e+00, 3.1712e-02, 
 2DIAGNOSTIC,    22, -5.340637903013e-01, 1.113024347872e-04, 2.6487e+00, 2.8316e-02, 
 2DIAGNOSTIC,    23, -5.340682397912e-01, 7.153485901896e-05, 2.6816e+00, 3.2866e-02, 
 2DIAGNOSTIC,    24, -5.340653193206e-01, 4.316145678546e-05, 2.7121e+00, 3.0558e-02, 
 2DIAGNOSTIC,    25, -5.340780307855e-01, 2.122140683772e-05, 2.7437e+00, 3.1635e-02, 
 2DIAGNOSTIC,    26, -5.340987214338e-01, 5.415939667269e-06, 2.7758e+00, 3.2096e-02, 
 2DIAGNOSTIC,    27, -5.341132189140e-01, 3.382163281253e-06, 2.8078e+00, 3.1919e-02, 
 2DIAGNOSTIC,    28, -5.341174982475e-01, 3.841805779767e-06, 2.8439e+00, 3.6103e-02, 
 2DIAGNOSTIC,    29, -5.341344608739e-01, 4.238495550667e-06, 2.8964e+00, 5.2517e-02, 
 2DIAGNOSTIC,    30, -5.341178950651e-01, 4.254283303480e-06, 2.9275e+00, 3.1084e-02, 
 2DIAGNOSTIC,    31, -5.341206905468e-01, 3.950983561818e-06, 2.9605e+00, 3.3049e-02, 
 2DIAGNOSTIC,    32, -5.341220285946e-01, 3.458323071442e-06, 2.9891e+00, 2.8546e-02, 
 2DIAGNOSTIC,    33, -5.341177078721e-01, 2.766050680808e-06, 3.0174e+00, 2.8317e-02, 
 2DIAGNOSTIC,    34, -5.341190979383e-01, 1.920854910173e-06, 3.0477e+00, 3.0291e-02, 
 2DIAGNOSTIC,    35, -5.341685847742e-01, 1.975800419361e-06, 3.0784e+00, 3.0775e-02, 
 2DIAGNOSTIC,    36, -5.344708895094e-01, 6.690826471232e-06, 3.1165e+00, 3.8106e-02, 
 2DIAGNOSTIC,    37, -5.345782072965e-01, 1.223552954820e-05, 3.1506e+00, 3.4064e-02, 
 2DIAGNOSTIC,    38, -5.346151754466e-01, 1.699458932222e-05, 3.1832e+00, 3.2625e-02, 
 2DIAGNOSTIC,    39, -5.348063691002e-01, 2.289131689980e-05, 3.2108e+00, 2.7596e-02, 
 2DIAGNOSTIC,    40, -5.357078447370e-01, 3.811333232360e-05, 3.2442e+00, 3.3364e-02, 
 2DIAGNOSTIC,    41, -5.357355580620e-01, 4.905283855475e-05, 3.2894e+00, 4.5163e-02, 
 2DIAGNOSTIC,    42, -5.357341542464e-01, 5.499923433765e-05, 3.3226e+00, 3.3212e-02, 
 2DIAGNOSTIC,    43, -5.357071217118e-01, 5.533086211127e-05, 3.3551e+00, 3.2567e-02, 
 2DIAGNOSTIC,    44, -5.357050498224e-01, 5.040244713886e-05, 3.3883e+00, 3.3140e-02, 
 2DIAGNOSTIC,    45, -5.357082793526e-01, 4.129449097131e-05, 3.4220e+00, 3.3706e-02, 
 2DIAGNOSTIC,    46, -5.357036215130e-01, 3.210464619013e-05, 3.4530e+00, 3.1046e-02, 
 2DIAGNOSTIC,    47, -5.357007689641e-01, 2.166814623180e-05, 3.4873e+00, 3.4267e-02, 
 2DIAGNOSTIC,    48, -5.356966627749e-01, 1.009414522000e-05, 3.5181e+00, 3.0835e-02, 
DIAGNOSTIC,Iteration,metricValue,convergenceValue,ITERATION_TIME_INDEX,SINCE_LAST
 2DIAGNOSTIC,     1, -4.747924475004e-01, 1.797693134862e+308, 4.6730e+00, 1.1549e+00, 
 2DIAGNOSTIC,     2, -4.749257970242e-01, 1.797693134862e+308, 4.9047e+00, 2.3167e-01, 
 2DIAGNOSTIC,     3, -4.751701202905e-01, 1.797693134862e+308, 5.1358e+00, 2.3112e-01, 
 2DIAGNOSTIC,     4, -4.754212703252e-01, 1.797693134862e+308, 5.3976e+00, 2.6178e-01, 
 2DIAGNOSTIC,     5, -4.755193963060e-01, 1.797693134862e+308, 5.6142e+00, 2.1662e-01, 
 2DIAGNOSTIC,     6, -4.757213355681e-01, 1.797693134862e+308, 5.8241e+00, 2.0985e-01, 
 2DIAGNOSTIC,     7, -4.763692859657e-01, 1.797693134862e+308, 6.0636e+00, 2.3957e-01, 
 2DIAGNOSTIC,     8, -4.774141614708e-01, 1.797693134862e+308, 6.3350e+00, 2.7133e-01, 
 2DIAGNOSTIC,     9, -4.778513382653e-01, 1.797693134862e+308, 6.5378e+00, 2.0284e-01, 
 2DIAGNOSTIC,    10, -4.784848066684e-01, 4.985633718255e-04, 6.7831e+00, 2.4524e-01, 
 2DIAGNOSTIC,    11, -4.786195119108e-01, 5.065883331979e-04, 7.0150e+00, 2.3196e-01, 
 2DIAGNOSTIC,    12, -4.786896512929e-01, 4.778791261709e-04, 7.2505e+00, 2.3551e-01, 
 2DIAGNOSTIC,    13, -4.786770797440e-01, 4.206754905928e-04, 7.5486e+00, 2.9807e-01, 
 2DIAGNOSTIC,    14, -4.786808952679e-01, 3.445488056115e-04, 7.7771e+00, 2.2854e-01, 
 2DIAGNOSTIC,    15, -4.786960213668e-01, 2.521493943696e-04, 8.0104e+00, 2.3323e-01, 
 2DIAGNOSTIC,    16, -4.787190024760e-01, 1.566270754835e-04, 8.2534e+00, 2.4302e-01, 
 2DIAGNOSTIC,    17, -4.787256597346e-01, 8.050361182785e-05, 8.5008e+00, 2.4738e-01, 
 2DIAGNOSTIC,    18, -4.787282719394e-01, 4.017339277489e-05, 8.7216e+00, 2.2085e-01, 
 2DIAGNOSTIC,    19, -4.787377993403e-01, 1.406732985264e-05, 8.9314e+00, 2.0982e-01, 
 2DIAGNOSTIC,    20, -4.787765372874e-01, 9.325238539817e-06, 9.1420e+00, 2.1058e-01, 
 2DIAGNOSTIC,    21, -4.788668593245e-01, 1.059391232477e-05, 9.5653e+00, 4.2330e-01, 
 2DIAGNOSTIC,    22, -4.788728870195e-01, 1.291908624246e-05, 9.8090e+00, 2.4365e-01, 
 2DIAGNOSTIC,    23, -4.788706000965e-01, 1.363304821150e-05, 1.0069e+01, 2.6038e-01, 
 2DIAGNOSTIC,    24, -4.788686509369e-01, 1.321666485409e-05, 1.0379e+01, 3.0938e-01, 
 2DIAGNOSTIC,    25, -4.788688202263e-01, 1.204721005811e-05, 1.0690e+01, 3.1092e-01, 
 2DIAGNOSTIC,    26, -4.788690999077e-01, 1.044680146976e-05, 1.0922e+01, 2.3254e-01, 
 2DIAGNOSTIC,    27, -4.788747854368e-01, 8.373120376909e-06, 1.1187e+01, 2.6498e-01, 
 2DIAGNOSTIC,    28, -4.788733443007e-01, 5.826996888461e-06, 1.1447e+01, 2.6015e-01, 
 2DIAGNOSTIC,    29, -4.788712592405e-01, 3.171450786620e-06, 1.1685e+01, 2.3772e-01, 
 2DIAGNOSTIC,    30, -4.788717013550e-01, 1.226122959573e-06, 1.1972e+01, 2.8699e-01, 
 2DIAGNOSTIC,    31, -4.788712320574e-01, 1.108489801983e-06, 1.2236e+01, 2.6366e-01, 
 2DIAGNOSTIC,    32, -4.788723453020e-01, 1.122146759562e-06, 1.2505e+01, 2.6976e-01, 
 2DIAGNOSTIC,    33, -4.788723406273e-01, 1.082488841210e-06, 1.2803e+01, 2.9804e-01, 
DIAGNOSTIC,Iteration,metricValue,convergenceValue,ITERATION_TIME_INDEX,SINCE_LAST
 2DIAGNOSTIC,     1, -4.452062486561e-01, 1.797693134862e+308, 1.5520e+01, 2.7167e+00, 
 2DIAGNOSTIC,     2, -4.452194236662e-01, 1.797693134862e+308, 1.7317e+01, 1.7964e+00, 
 2DIAGNOSTIC,     3, -4.452209648702e-01, 1.797693134862e+308, 1.8999e+01, 1.6823e+00, 
 2DIAGNOSTIC,     4, -4.452202933277e-01, 1.797693134862e+308, 2.0479e+01, 1.4799e+00, 
 2DIAGNOSTIC,     5, -4.452240156520e-01, 1.797693134862e+308, 2.1850e+01, 1.3708e+00, 
 2DIAGNOSTIC,     6, -4.452310067751e-01, 1.797693134862e+308, 2.3421e+01, 1.5713e+00, 
 2DIAGNOSTIC,     7, -4.452401873558e-01, 1.797693134862e+308, 2.4829e+01, 1.4083e+00, 
 2DIAGNOSTIC,     8, -4.452635091750e-01, 1.797693134862e+308, 2.6441e+01, 1.6121e+00, 
 2DIAGNOSTIC,     9, -4.452701331623e-01, 1.797693134862e+308, 2.7888e+01, 1.4469e+00, 
 2DIAGNOSTIC,    10, -4.453000040808e-01, 1.456682547599e-05, 2.9487e+01, 1.5988e+00, 
 2DIAGNOSTIC,    11, -4.453559343724e-01, 1.800837714767e-05, 3.1458e+01, 1.9708e+00, 
 2DIAGNOSTIC,    12, -4.453793581921e-01, 2.139342292277e-05, 3.3595e+01, 2.1375e+00, 
 2DIAGNOSTIC,    13, -4.453803373263e-01, 2.269970250314e-05, 3.5037e+01, 1.4420e+00, 
 2DIAGNOSTIC,    14, -4.453796925930e-01, 2.196459631289e-05, 3.6473e+01, 1.4358e+00, 
 2DIAGNOSTIC,    15, -4.453834738569e-01, 1.984749155091e-05, 3.8142e+01, 1.6688e+00, 
 2DIAGNOSTIC,    16, -4.453870994371e-01, 1.674847011615e-05, 4.0199e+01, 2.0570e+00, 
 2DIAGNOSTIC,    17, -4.453888240363e-01, 1.303546447060e-05, 4.1635e+01, 1.4355e+00, 
 2DIAGNOSTIC,    18, -4.453996109982e-01, 9.949912600261e-06, 4.3138e+01, 1.5038e+00, 
 2DIAGNOSTIC,    19, -4.454107470754e-01, 7.026349555593e-06, 4.4767e+01, 1.6286e+00, 
 2DIAGNOSTIC,    20, -4.454124286700e-01, 4.855597942499e-06, 4.7649e+01, 2.8821e+00, 
 2DIAGNOSTIC,    21, -4.454123191188e-01, 4.269054879151e-06, 4.9380e+01, 1.7312e+00, 
 2DIAGNOSTIC,    22, -4.454123456210e-01, 4.163270282992e-06, 5.0937e+01, 1.5567e+00, 
 2DIAGNOSTIC,    23, -4.454121865373e-01, 3.832957450996e-06, 5.2706e+01, 1.7685e+00, 
 2DIAGNOSTIC,    24, -4.454121126613e-01, 3.274306944981e-06, 5.4160e+01, 1.4539e+00, 
 2DIAGNOSTIC,    25, -4.454120481743e-01, 2.672857480158e-06, 5.5797e+01, 1.6375e+00, 
 2DIAGNOSTIC,    26, -4.454121504159e-01, 2.083772747061e-06, 5.7422e+01, 1.6248e+00, 
 2DIAGNOSTIC,    27, -4.454120828870e-01, 1.492890794368e-06, 5.9181e+01, 1.7597e+00, 
 2DIAGNOSTIC,    28, -4.454119354169e-01, 1.150306437409e-06, 6.0766e+01, 1.5844e+00, 
 2DIAGNOSTIC,    29, -4.454118721973e-01, 1.072773376701e-06, 6.2352e+01, 1.5859e+00, 
 2DIAGNOSTIC,    30, -4.454117118965e-01, 1.035085025879e-06, 6.3995e+01, 1.6430e+00, 
  Elapsed time (stage 0): 6.4890e+01


Total elapsed time: 6.4893e+01
Info [verificarlo]: loaded backend libinterflop_vprec.so
Info [interflop-vprec]: load backend with: 
Info [interflop-vprec]: precision-binary32 = 21
Info [interflop-vprec]: range-binary32 = 8
Info [interflop-vprec]: precision-binary64 = 21
Info [interflop-vprec]: range-binary64 = 8
Info [interflop-vprec]: mode = ob
Info [interflop-vprec]: error-mode = rel
Info [interflop-vprec]: max-abs-error-exponent = -1022
Info [interflop-vprec]: daz = false
Info [interflop-vprec]: ftz = false
Info [interflop-vprec]: 	instrument = none
Info [interflop-vprec]: 	prec-input-file = (null)
Info [interflop-vprec]: 	prec-output-file = (null)
Info [interflop-vprec]: 	prec-log-file = (null)
All_Command_lines_OK
Using double precision for computations.
=============================================================================
The composite transform comprises the following transforms (in order): 
  1. /home/mdugre/scratch/mri-registration-rp/datasets/ds004513/derivatives/mri-registration-rp/0011/antsRegistration-r8-p21/sub-s003/rigid_Composite.h5[0] (type = Euler3DTransform)
  2. /home/mdugre/scratch/mri-registration-rp/datasets/ds004513/derivatives/mri-registration-rp/0011/antsRegistration-r8-p21/sub-s003/rigid_Composite.h5[1] (type = Euler3DTransform)
  3. /home/mdugre/scratch/mri-registration-rp/datasets/ds004513/derivatives/mri-registration-rp/0011/antsRegistration-r8-p21/sub-s003/rigid_Composite.h5[2] (type = Euler3DTransform)
=============================================================================
  number of levels = 4
  fixed image: /templateflow/tpl-MNI152NLin2009cAsym/tpl-MNI152NLin2009cAsym_res-01_desc-brain_T1w.nii.gz
  moving image: /home/mdugre/scratch/mri-registration-rp/datasets/ds004513/derivatives/mri-registration-rp/antsBrainExtraction/sub-s003/BrainExtractionBrain.nii.gz
Dimension = 3
Number of stages = 1
Use histogram matching = false
Winsorize image intensities = true
  Lower quantile = 0.005
  Upper quantile = 0.995


Stage 1 State
   Image metric = MattesMI
     Fixed image = Image (0x37c1490)
  RTTI typeinfo:   itk::Image<double, 3u>
  Reference Count: 2
  Modified Time: 1594
  Debug: Off
  Object Name: 
  Observers: 
    none
  Source: (none)
  Source output name: (none)
  Release Data: Off
  Data Released: False
  Global Release Data: Off
  PipelineMTime: 0
  UpdateMTime: 1203
  RealTimeStamp: 0 seconds 
  LargestPossibleRegion: 
    Dimension: 3
    Index: [0, 0, 0]
    Size: [193, 229, 193]
  BufferedRegion: 
    Dimension: 3
    Index: [0, 0, 0]
    Size: [193, 229, 193]
  RequestedRegion: 
    Dimension: 3
    Index: [0, 0, 0]
    Size: [193, 229, 193]
  Spacing: [1, 1, 1]
  Origin: [96, 132, -78]
  Direction: 
-1 0 0
0 -1 0
0 0 1

  IndexToPointMatrix: 
-1 0 0
0 -1 0
0 0 1

  PointToIndexMatrix: 
-1 0 0
0 -1 0
0 0 1

  Inverse Direction: 
-1 0 0
0 -1 0
0 0 1

  PixelContainer: 
    ImportImageContainer (0x388c8c0)
      RTTI typeinfo:   itk::ImportImageContainer<unsigned long, double>
      Reference Count: 1
      Modified Time: 1200
      Debug: Off
      Object Name: 
      Observers: 
        none
      Pointer: 0x153cc5049010
      Container manages memory: true
      Size: 8530021
      Capacity: 8530021

     Moving image = Image (0x387cb60)
  RTTI typeinfo:   itk::Image<double, 3u>
  Reference Count: 2
  Modified Time: 1595
  Debug: Off
  Object Name: 
  Observers: 
    none
  Source: (none)
  Source output name: (none)
  Release Data: Off
  Data Released: False
  Global Release Data: Off
  PipelineMTime: 0
  UpdateMTime: 1592
  RealTimeStamp: 0 seconds 
  LargestPossibleRegion: 
    Dimension: 3
    Index: [0, 0, 0]
    Size: [176, 240, 256]
  BufferedRegion: 
    Dimension: 3
    Index: [0, 0, 0]
    Size: [176, 240, 256]
  RequestedRegion: 
    Dimension: 3
    Index: [0, 0, 0]
    Size: [176, 240, 256]
  Spacing: [0.999999, 1, 1]
  Origin: [93.3499, 86.9368, -128.957]
  Direction: 
-0.999513 -0.0279216 -0.0139567
0.0279189 -0.99961 0.000389866
-0.0139622 2.01492e-08 0.999902

  IndexToPointMatrix: 
-0.999512 -0.0279216 -0.0139567
0.0279189 -0.99961 0.000389866
-0.0139621 2.01492e-08 0.999902

  PointToIndexMatrix: 
-0.999514 0.0279189 -0.0139622
-0.0279216 -0.99961 5.59958e-08
-0.0139567 0.000389902 0.999902

  Inverse Direction: 
-0.999513 0.0279189 -0.0139622
-0.0279216 -0.99961 5.59958e-08
-0.0139567 0.000389902 0.999902

  PixelContainer: 
    ImportImageContainer (0x39101d0)
      RTTI typeinfo:   itk::ImportImageContainer<unsigned long, double>
      Reference Count: 1
      Modified Time: 1589
      Debug: Off
      Object Name: 
      Observers: 
        none
      Pointer: 0x153cbfdc8010
      Container manages memory: true
      Size: 10813440
      Capacity: 10813440

     Weighting = 1
     Sampling strategy = regular
     Number of bins = 32
     Radius = 4
     Sampling percentage  = 0.25
   Transform = Affine
     Gradient step = 0.1
     Update field sigma (voxel space) = 0
     Total field sigma (voxel space) = 0
     Update field time sigma = 0
     Total field time sigma  = 0
     Number of time indices = 0
     Number of time point samples = 0
Registration using 1 total stages.

Stage 0
  iterations = 1000x500x250x100
  convergence threshold = 1e-06
  convergence window size = 10
  number of levels = 4
  using the Mattes MI metric (number of bins = 32, weight = 1, use gradient filter = 0)
  preprocessing:  winsorizing the image intensities
  Shrink factors (level 1 out of 4): [8, 8, 8]
  Shrink factors (level 2 out of 4): [4, 4, 4]
  Shrink factors (level 3 out of 4): [2, 2, 2]
  Shrink factors (level 4 out of 4): [1, 1, 1]
  smoothing sigmas per level: [3, 2, 1, 0]
  regular sampling (percentage = 0.25)

*** Running AffineTransform registration ***

DIAGNOSTIC,Iteration,metricValue,convergenceValue,ITERATION_TIME_INDEX,SINCE_LAST
 2DIAGNOSTIC,     1, -6.597209464596e-01, 1.797693134862e+308, 0.0000e+00, 0.0000e+00, 
 2DIAGNOSTIC,     2, -6.623413203120e-01, 1.797693134862e+308, 0.0000e+00, 0.0000e+00, 
 2DIAGNOSTIC,     3, -6.663086354287e-01, 1.797693134862e+308, 0.0000e+00, 0.0000e+00, 
 2DIAGNOSTIC,     4, -6.724287772822e-01, 1.797693134862e+308, 0.0000e+00, 0.0000e+00, 
 2DIAGNOSTIC,     5, -6.806652336258e-01, 1.797693134862e+308, 0.0000e+00, 0.0000e+00, 
 2DIAGNOSTIC,     6, -6.938855768811e-01, 1.797693134862e+308, 0.0000e+00, 0.0000e+00, 
 2DIAGNOSTIC,     7, -7.057605879339e-01, 1.797693134862e+308, 0.0000e+00, 0.0000e+00, 
 2DIAGNOSTIC,     8, -7.139870874532e-01, 1.797693134862e+308, 0.0000e+00, 0.0000e+00, 
 2DIAGNOSTIC,     9, -7.215269360792e-01, 1.797693134862e+308, 0.0000e+00, 0.0000e+00, 
 2DIAGNOSTIC,    10, -7.208493407108e-01, 6.763036115763e-03, 0.0000e+00, 0.0000e+00, 
 2DIAGNOSTIC,    11, -7.226746185972e-01, 5.969416203192e-03, 0.0000e+00, 0.0000e+00, 
 2DIAGNOSTIC,    12, -7.224524923813e-01, 4.857836973484e-03, 0.0000e+00, 0.0000e+00, 
 2DIAGNOSTIC,    13, -7.226162272431e-01, 3.614107962154e-03, 0.0000e+00, 0.0000e+00, 
 2DIAGNOSTIC,    14, -7.228391511954e-01, 2.410494448344e-03, 0.0000e+00, 0.0000e+00, 
 2DIAGNOSTIC,    15, -7.228718929993e-01, 1.373051486291e-03, 0.0000e+00, 0.0000e+00, 
 2DIAGNOSTIC,    16, -7.226548835061e-01, 6.690758029783e-04, 0.0000e+00, 0.0000e+00, 
 2DIAGNOSTIC,    17, -7.232372699116e-01, 2.814507940809e-04, 0.0000e+00, 0.0000e+00, 
 2DIAGNOSTIC,    18, -7.244271865805e-01, 1.184641052562e-04, 0.0000e+00, 0.0000e+00, 
 2DIAGNOSTIC,    19, -7.260671595289e-01, 1.569566444695e-04, 0.0000e+00, 0.0000e+00, 
 2DIAGNOSTIC,    20, -7.264521886114e-01, 1.696733490579e-04, 0.0000e+00, 0.0000e+00, 
 2DIAGNOSTIC,    21, -7.264220844842e-01, 2.006406241710e-04, 0.0000e+00, 0.0000e+00, 
 2DIAGNOSTIC,    22, -7.264634237969e-01, 2.071731908526e-04, 0.0000e+00, 0.0000e+00, 
 2DIAGNOSTIC,    23, -7.263963831004e-01, 1.950066734407e-04, 0.0000e+00, 0.0000e+00, 
 2DIAGNOSTIC,    24, -7.263379728456e-01, 1.680645597268e-04, 0.0000e+00, 0.0000e+00, 
 2DIAGNOSTIC,    25, -7.264809121187e-01, 1.308412795549e-04, 0.0000e+00, 0.0000e+00, 
 2DIAGNOSTIC,    26, -7.265211401154e-01, 8.192004383803e-05, 0.0000e+00, 0.0000e+00, 
 2DIAGNOSTIC,    27, -7.265294518470e-01, 3.771049104364e-05, 0.0000e+00, 0.0000e+00, 
 2DIAGNOSTIC,    28, -7.265419450970e-01, 9.857131491521e-06, 0.0000e+00, 0.0000e+00, 
 2DIAGNOSTIC,    29, -7.264457807667e-01, 4.233631508088e-06, 0.0000e+00, 0.0000e+00, 
 2DIAGNOSTIC,    30, -7.264591781530e-01, 4.002289020096e-06, 0.0000e+00, 0.0000e+00, 
 2DIAGNOSTIC,    31, -7.265748880480e-01, 4.538329621821e-06, 0.0000e+00, 0.0000e+00, 
 2DIAGNOSTIC,    32, -7.265772659496e-01, 5.234549368550e-06, 0.0000e+00, 0.0000e+00, 
 2DIAGNOSTIC,    33, -7.265803207923e-01, 4.785271203428e-06, 0.0000e+00, 0.0000e+00, 
 2DIAGNOSTIC,    34, -7.265841315853e-01, 3.361946535552e-06, 0.0000e+00, 0.0000e+00, 
 2DIAGNOSTIC,    35, -7.266180771293e-01, 3.787307518460e-06, 0.0000e+00, 0.0000e+00, 
 2DIAGNOSTIC,    36, -7.267230182451e-01, 5.468140311042e-06, 0.0000e+00, 0.0000e+00, 
 2DIAGNOSTIC,    37, -7.267346746775e-01, 6.789971493296e-06, 0.0000e+00, 0.0000e+00, 
 2DIAGNOSTIC,    38, -7.267023857747e-01, 7.336161187404e-06, 0.0000e+00, 0.0000e+00, 
 2DIAGNOSTIC,    39, -7.268576719019e-01, 7.874201945174e-06, 0.0000e+00, 0.0000e+00, 
 2DIAGNOSTIC,    40, -7.269907282836e-01, 9.077359647596e-06, 0.0000e+00, 0.0000e+00, 
 2DIAGNOSTIC,    41, -7.270009049101e-01, 1.060708872333e-05, 0.0000e+00, 0.0000e+00, 
 2DIAGNOSTIC,    42, -7.270066392883e-01, 1.123887232138e-05, 0.0000e+00, 0.0000e+00, 
 2DIAGNOSTIC,    43, -7.270348602839e-01, 1.116637846185e-05, 0.0000e+00, 0.0000e+00, 
 2DIAGNOSTIC,    44, -7.275972313233e-01, 1.517010841042e-05, 0.0000e+00, 0.0000e+00, 
 2DIAGNOSTIC,    45, -7.275770326596e-01, 1.754135832875e-05, 0.0000e+00, 0.0000e+00, 
 2DIAGNOSTIC,    46, -7.277370619503e-01, 2.055541308126e-05, 0.0000e+00, 0.0000e+00, 
 2DIAGNOSTIC,    47, -7.277007802905e-01, 2.140847928641e-05, 0.0000e+00, 0.0000e+00, 
 2DIAGNOSTIC,    48, -7.276354801630e-01, 1.941519950397e-05, 0.0000e+00, 0.0000e+00, 
 2DIAGNOSTIC,    49, -7.275845712289e-01, 1.647808128188e-05, 0.0000e+00, 0.0000e+00, 
 2DIAGNOSTIC,    50, -7.277487582046e-01, 1.447794507392e-05, 0.0000e+00, 0.0000e+00, 
 2DIAGNOSTIC,    51, -7.278238948348e-01, 1.189598373201e-05, 0.0000e+00, 0.0000e+00, 
 2DIAGNOSTIC,    52, -7.278764725893e-01, 8.814562262385e-06, 0.0000e+00, 0.0000e+00, 
 2DIAGNOSTIC,    53, -7.277993325282e-01, 4.623431940170e-06, 0.0000e+00, 0.0000e+00, 
 2DIAGNOSTIC,    54, -7.277142557276e-01, 3.742832826691e-06, 0.0000e+00, 0.0000e+00, 
 2DIAGNOSTIC,    55, -7.275618945627e-01, 1.306114186552e-06, 0.0000e+00, 0.0000e+00, 
 2DIAGNOSTIC,    56, -7.277356741477e-01, 1.237754031134e-06, 0.0000e+00, 0.0000e+00, 
DIAGNOSTIC,Iteration,metricValue,convergenceValue,ITERATION_TIME_INDEX,SINCE_LAST
