
##########################
# Experiment information #
##########################

EXPERIMENT_NAME: antsRegistration-r8-p22
VFC_BACKENDS: libinterflop_vprec.so --range-binary32=8 --precision-binary32=22 --range-binary64=8 --precision-binary64=22

SIF_IMG: /home/mdugre/projects/rrg-glatard/mdugre/containers/ants-vprec-no_metrics.simg

SUBJECT_ID: s017
INPUT_IMG: /home/mdugre/scratch/mri-registration-rp/datasets/ds004513/derivatives/mri-registration-rp/antsBrainExtraction/sub-s017/BrainExtractionBrain.nii.gz
OUTPUT_DIR: /home/mdugre/scratch/mri-registration-rp/datasets/ds004513/derivatives/mri-registration-rp/0011/antsRegistration-r8-p22/sub-s017

FIXED_IMG: /templateflow/tpl-MNI152NLin2009cAsym/tpl-MNI152NLin2009cAsym_res-01_desc-brain_T1w.nii.gz
DATA_DIR: /home/mdugre/scratch/mri-registration-rp/datasets/ds004513
TEMPLATEFLOW_DIR: /home/mdugre/projects/rrg-glatard/mdugre/templateflow
ITK_GLOBAL_DEFAULT_NUMBER_OF_THREADS: 16
##########################

Info [verificarlo]: loaded backend libinterflop_ieee.so
Info [interflop-ieee]: load backend with:
Info [interflop-ieee]: debug = false
Info [interflop-ieee]: debug-binary = false
Info [interflop-ieee]: no-backend-name = false
Info [interflop-ieee]: print-new-line = false
Info [interflop-ieee]: print-subnormal-normalized = false
Info [interflop-ieee]: count-op = false
All_Command_lines_OK
Using double precision for computations.
=============================================================================
The composite transform comprises the following transforms (in order): 
  1. Center of mass alignment using fixed image: /templateflow/tpl-MNI152NLin2009cAsym/tpl-MNI152NLin2009cAsym_res-01_desc-brain_T1w.nii.gz and moving image: /home/mdugre/scratch/mri-registration-rp/datasets/ds004513/derivatives/mri-registration-rp/antsBrainExtraction/sub-s017/BrainExtractionBrain.nii.gz (type = Euler3DTransform)
=============================================================================
  number of levels = 1
  fixed image: /templateflow/tpl-MNI152NLin2009cAsym/tpl-MNI152NLin2009cAsym_res-01_desc-brain_T1w.nii.gz
  moving image: /home/mdugre/scratch/mri-registration-rp/datasets/ds004513/derivatives/mri-registration-rp/antsBrainExtraction/sub-s017/BrainExtractionBrain.nii.gz
Dimension = 3
Number of stages = 1
Use histogram matching = false
Winsorize image intensities = true
  Lower quantile = 0.005
  Upper quantile = 0.995


Stage 1 State
   Image metric = MattesMI
     Fixed image = Image (0x47b7e70)
  RTTI typeinfo:   itk::Image<double, 3u>
  Reference Count: 2
  Modified Time: 2334
  Debug: Off
  Object Name: 
  Observers: 
    none
  Source: (none)
  Source output name: (none)
  Release Data: Off
  Data Released: False
  Global Release Data: Off
  PipelineMTime: 0
  UpdateMTime: 1943
  RealTimeStamp: 0 seconds 
  LargestPossibleRegion: 
    Dimension: 3
    Index: [0, 0, 0]
    Size: [193, 229, 193]
  BufferedRegion: 
    Dimension: 3
    Index: [0, 0, 0]
    Size: [193, 229, 193]
  RequestedRegion: 
    Dimension: 3
    Index: [0, 0, 0]
    Size: [193, 229, 193]
  Spacing: [1, 1, 1]
  Origin: [96, 132, -78]
  Direction: 
-1 0 0
0 -1 0
0 0 1

  IndexToPointMatrix: 
-1 0 0
0 -1 0
0 0 1

  PointToIndexMatrix: 
-1 0 0
0 -1 0
0 0 1

  Inverse Direction: 
-1 0 0
0 -1 0
0 0 1

  PixelContainer: 
    ImportImageContainer (0x47c0c60)
      RTTI typeinfo:   itk::ImportImageContainer<unsigned long, double>
      Reference Count: 1
      Modified Time: 1940
      Debug: Off
      Object Name: 
      Observers: 
        none
      Pointer: 0x14b552a11010
      Container manages memory: true
      Size: 8530021
      Capacity: 8530021

     Moving image = Image (0x47c3610)
  RTTI typeinfo:   itk::Image<double, 3u>
  Reference Count: 2
  Modified Time: 2335
  Debug: Off
  Object Name: 
  Observers: 
    none
  Source: (none)
  Source output name: (none)
  Release Data: Off
  Data Released: False
  Global Release Data: Off
  PipelineMTime: 0
  UpdateMTime: 2332
  RealTimeStamp: 0 seconds 
  LargestPossibleRegion: 
    Dimension: 3
    Index: [0, 0, 0]
    Size: [160, 240, 256]
  BufferedRegion: 
    Dimension: 3
    Index: [0, 0, 0]
    Size: [160, 240, 256]
  RequestedRegion: 
    Dimension: 3
    Index: [0, 0, 0]
    Size: [160, 240, 256]
  Spacing: [1, 1, 1]
  Origin: [91.3357, 102.231, -120.042]
  Direction: 
-0.997442 -5.36781e-05 -0.0714818
5.35416e-05 -1 3.82465e-06
-0.0714818 -1.23894e-08 0.997442

  IndexToPointMatrix: 
-0.997444 -5.36781e-05 -0.0714818
5.35418e-05 -1 3.82465e-06
-0.0714819 -1.23894e-08 0.997442

  PointToIndexMatrix: 
-0.99744 5.35415e-05 -0.0714816
-5.36781e-05 -1 -1.23894e-08
-0.0714818 3.82465e-06 0.997442

  Inverse Direction: 
-0.997442 5.35416e-05 -0.0714818
-5.36781e-05 -1 -1.23894e-08
-0.0714818 3.82465e-06 0.997442

  PixelContainer: 
    ImportImageContainer (0x485cef0)
      RTTI typeinfo:   itk::ImportImageContainer<unsigned long, double>
      Reference Count: 1
      Modified Time: 2329
      Debug: Off
      Object Name: 
      Observers: 
        none
      Pointer: 0x14b54df10010
      Container manages memory: true
      Size: 9830400
      Capacity: 9830400

     Weighting = 1
     Sampling strategy = regular
     Number of bins = 32
     Radius = 4
     Sampling percentage  = 0.25
   Transform = Rigid
     Gradient step = 0.1
     Update field sigma (voxel space) = 0
     Total field sigma (voxel space) = 0
     Update field time sigma = 0
     Total field time sigma  = 0
     Number of time indices = 0
     Number of time point samples = 0
Registration using 1 total stages.

Stage 0
  iterations = 0
  convergence threshold = 1e-06
  convergence window size = 10
  number of levels = 1
  using the Mattes MI metric (number of bins = 32, weight = 1, use gradient filter = 0)
  preprocessing:  winsorizing the image intensities
  Shrink factors (level 1 out of 1): [1, 1, 1]
  smoothing sigmas per level: [0]
  regular sampling (percentage = 0.25)

*** Running Euler3DTransform registration ***

  Elapsed time (stage 0): 1.12966


Total elapsed time: 1.13211
Info [verificarlo]: loaded backend libinterflop_ieee.so
Info [interflop-ieee]: load backend with:
Info [interflop-ieee]: debug = false
Info [interflop-ieee]: debug-binary = false
Info [interflop-ieee]: no-backend-name = false
Info [interflop-ieee]: print-new-line = false
Info [interflop-ieee]: print-subnormal-normalized = false
Info [interflop-ieee]: count-op = false
All_Command_lines_OK
Using double precision for computations.
=============================================================================
The composite transform comprises the following transforms (in order): 
  1. /home/mdugre/scratch/mri-registration-rp/datasets/ds004513/derivatives/mri-registration-rp/0011/antsRegistration-r8-p22/sub-s017/align_Composite.h5[0] (type = Euler3DTransform)
  2. /home/mdugre/scratch/mri-registration-rp/datasets/ds004513/derivatives/mri-registration-rp/0011/antsRegistration-r8-p22/sub-s017/align_Composite.h5[1] (type = Euler3DTransform)
=============================================================================
  number of levels = 4
  fixed image: /templateflow/tpl-MNI152NLin2009cAsym/tpl-MNI152NLin2009cAsym_res-01_desc-brain_T1w.nii.gz
  moving image: /home/mdugre/scratch/mri-registration-rp/datasets/ds004513/derivatives/mri-registration-rp/antsBrainExtraction/sub-s017/BrainExtractionBrain.nii.gz
Dimension = 3
Number of stages = 1
Use histogram matching = false
Winsorize image intensities = true
  Lower quantile = 0.005
  Upper quantile = 0.995


Stage 1 State
   Image metric = MattesMI
     Fixed image = Image (0x4ac4530)
  RTTI typeinfo:   itk::Image<double, 3u>
  Reference Count: 2
  Modified Time: 1580
  Debug: Off
  Object Name: 
  Observers: 
    none
  Source: (none)
  Source output name: (none)
  Release Data: Off
  Data Released: False
  Global Release Data: Off
  PipelineMTime: 0
  UpdateMTime: 1189
  RealTimeStamp: 0 seconds 
  LargestPossibleRegion: 
    Dimension: 3
    Index: [0, 0, 0]
    Size: [193, 229, 193]
  BufferedRegion: 
    Dimension: 3
    Index: [0, 0, 0]
    Size: [193, 229, 193]
  RequestedRegion: 
    Dimension: 3
    Index: [0, 0, 0]
    Size: [193, 229, 193]
  Spacing: [1, 1, 1]
  Origin: [96, 132, -78]
  Direction: 
-1 0 0
0 -1 0
0 0 1

  IndexToPointMatrix: 
-1 0 0
0 -1 0
0 0 1

  PointToIndexMatrix: 
-1 0 0
0 -1 0
0 0 1

  Inverse Direction: 
-1 0 0
0 -1 0
0 0 1

  PixelContainer: 
    ImportImageContainer (0x4b82d60)
      RTTI typeinfo:   itk::ImportImageContainer<unsigned long, double>
      Reference Count: 1
      Modified Time: 1186
      Debug: Off
      Object Name: 
      Observers: 
        none
      Pointer: 0x148685513010
      Container manages memory: true
      Size: 8530021
      Capacity: 8530021

     Moving image = Image (0x4b74f60)
  RTTI typeinfo:   itk::Image<double, 3u>
  Reference Count: 2
  Modified Time: 1581
  Debug: Off
  Object Name: 
  Observers: 
    none
  Source: (none)
  Source output name: (none)
  Release Data: Off
  Data Released: False
  Global Release Data: Off
  PipelineMTime: 0
  UpdateMTime: 1578
  RealTimeStamp: 0 seconds 
  LargestPossibleRegion: 
    Dimension: 3
    Index: [0, 0, 0]
    Size: [160, 240, 256]
  BufferedRegion: 
    Dimension: 3
    Index: [0, 0, 0]
    Size: [160, 240, 256]
  RequestedRegion: 
    Dimension: 3
    Index: [0, 0, 0]
    Size: [160, 240, 256]
  Spacing: [1, 1, 1]
  Origin: [91.3357, 102.231, -120.042]
  Direction: 
-0.997442 -5.36781e-05 -0.0714818
5.35416e-05 -1 3.82465e-06
-0.0714818 -1.23894e-08 0.997442

  IndexToPointMatrix: 
-0.997444 -5.36781e-05 -0.0714818
5.35418e-05 -1 3.82465e-06
-0.0714819 -1.23894e-08 0.997442

  PointToIndexMatrix: 
-0.99744 5.35415e-05 -0.0714816
-5.36781e-05 -1 -1.23894e-08
-0.0714818 3.82465e-06 0.997442

  Inverse Direction: 
-0.997442 5.35416e-05 -0.0714818
-5.36781e-05 -1 -1.23894e-08
-0.0714818 3.82465e-06 0.997442

  PixelContainer: 
    ImportImageContainer (0x4b666d0)
      RTTI typeinfo:   itk::ImportImageContainer<unsigned long, double>
      Reference Count: 1
      Modified Time: 1575
      Debug: Off
      Object Name: 
      Observers: 
        none
      Pointer: 0x148680a12010
      Container manages memory: true
      Size: 9830400
      Capacity: 9830400

     Weighting = 1
     Sampling strategy = regular
     Number of bins = 32
     Radius = 4
     Sampling percentage  = 0.25
   Transform = Rigid
     Gradient step = 0.1
     Update field sigma (voxel space) = 0
     Total field sigma (voxel space) = 0
     Update field time sigma = 0
     Total field time sigma  = 0
     Number of time indices = 0
     Number of time point samples = 0
Registration using 1 total stages.

Stage 0
  iterations = 1000x500x250x100
  convergence threshold = 1e-06
  convergence window size = 10
  number of levels = 4
  using the Mattes MI metric (number of bins = 32, weight = 1, use gradient filter = 0)
  preprocessing:  winsorizing the image intensities
  Shrink factors (level 1 out of 4): [8, 8, 8]
  Shrink factors (level 2 out of 4): [4, 4, 4]
  Shrink factors (level 3 out of 4): [2, 2, 2]
  Shrink factors (level 4 out of 4): [1, 1, 1]
  smoothing sigmas per level: [3, 2, 1, 0]
  regular sampling (percentage = 0.25)

*** Running Euler3DTransform registration ***

DIAGNOSTIC,Iteration,metricValue,convergenceValue,ITERATION_TIME_INDEX,SINCE_LAST
 2DIAGNOSTIC,     1, -5.567767283252e-01, 1.797693134862e+308, 7.1060e-01, 7.1060e-01, 
 2DIAGNOSTIC,     2, -5.584239703569e-01, 1.797693134862e+308, 7.1530e-01, 4.6990e-03, 
 2DIAGNOSTIC,     3, -5.612715515272e-01, 1.797693134862e+308, 7.2010e-01, 4.8060e-03, 
 2DIAGNOSTIC,     4, -5.637780194106e-01, 1.797693134862e+308, 7.2451e-01, 4.4110e-03, 
 2DIAGNOSTIC,     5, -5.658229214212e-01, 1.797693134862e+308, 7.2962e-01, 5.1029e-03, 
 2DIAGNOSTIC,     6, -5.696445468689e-01, 1.797693134862e+308, 7.3438e-01, 4.7660e-03, 
 2DIAGNOSTIC,     7, -5.734118275242e-01, 1.797693134862e+308, 7.3933e-01, 4.9441e-03, 
 2DIAGNOSTIC,     8, -5.754533484979e-01, 1.797693134862e+308, 7.4519e-01, 5.8670e-03, 
 2DIAGNOSTIC,     9, -5.763021950250e-01, 1.797693134862e+308, 7.4956e-01, 4.3690e-03, 
 2DIAGNOSTIC,    10, -5.771142770255e-01, 2.558085388189e-03, 7.5559e-01, 6.0232e-03, 
 2DIAGNOSTIC,    11, -5.785125587612e-01, 2.176117873031e-03, 7.5996e-01, 4.3759e-03, 
 2DIAGNOSTIC,    12, -5.799413348090e-01, 1.786767970983e-03, 7.6472e-01, 4.7550e-03, 
 2DIAGNOSTIC,    13, -5.809477908980e-01, 1.443124036835e-03, 7.6921e-01, 4.4949e-03, 
 2DIAGNOSTIC,    14, -5.814655964876e-01, 1.127354078216e-03, 7.7319e-01, 3.9780e-03, 
 2DIAGNOSTIC,    15, -5.819093877219e-01, 8.331089413526e-04, 7.7776e-01, 4.5660e-03, 
 2DIAGNOSTIC,    16, -5.822326442998e-01, 6.258215683233e-04, 7.8236e-01, 4.6082e-03, 
 2DIAGNOSTIC,    17, -5.825793599843e-01, 5.040365830239e-04, 7.8654e-01, 4.1730e-03, 
 2DIAGNOSTIC,    18, -5.863713925916e-01, 5.095725576643e-04, 7.9100e-01, 4.4670e-03, 
 2DIAGNOSTIC,    19, -5.901617810167e-01, 5.855607354895e-04, 7.9861e-01, 7.6091e-03, 
 2DIAGNOSTIC,    20, -5.906016223816e-01, 6.286272500287e-04, 8.0364e-01, 5.0311e-03, 
 2DIAGNOSTIC,    21, -5.907365705866e-01, 6.467002963807e-04, 8.0815e-01, 4.5021e-03, 
 2DIAGNOSTIC,    22, -5.906256574994e-01, 6.330265936345e-04, 8.1266e-01, 4.5111e-03, 
 2DIAGNOSTIC,    23, -5.906307681710e-01, 5.816453055140e-04, 8.1681e-01, 4.1552e-03, 
 2DIAGNOSTIC,    24, -5.905636622009e-01, 4.878472529184e-04, 8.2080e-01, 3.9859e-03, 
 2DIAGNOSTIC,    25, -5.906024985369e-01, 3.662279783925e-04, 8.2529e-01, 4.4918e-03, 
 2DIAGNOSTIC,    26, -5.906025304324e-01, 2.276984665046e-04, 8.2934e-01, 4.0519e-03, 
 2DIAGNOSTIC,    27, -5.906211320573e-01, 8.394584288605e-05, 8.3334e-01, 3.9968e-03, 
 2DIAGNOSTIC,    28, -5.908796758313e-01, 1.198925031144e-05, 8.3727e-01, 3.9351e-03, 
 2DIAGNOSTIC,    29, -5.911411552395e-01, 1.217108543239e-05, 8.4179e-01, 4.5171e-03, 
 2DIAGNOSTIC,    30, -5.915241330961e-01, 2.456301684379e-05, 8.4809e-01, 6.2981e-03, 
 2DIAGNOSTIC,    31, -5.916229825993e-01, 3.758205306383e-05, 8.5217e-01, 4.0851e-03, 
 2DIAGNOSTIC,    32, -5.916651208817e-01, 4.532975449460e-05, 8.5622e-01, 4.0438e-03, 
 2DIAGNOSTIC,    33, -5.916874987632e-01, 4.885284295023e-05, 8.6023e-01, 4.0150e-03, 
 2DIAGNOSTIC,    34, -5.917053822200e-01, 4.682712859153e-05, 8.6473e-01, 4.4949e-03, 
 2DIAGNOSTIC,    35, -5.917390904867e-01, 4.153275817676e-05, 8.7585e-01, 1.1122e-02, 
 2DIAGNOSTIC,    36, -5.917390912695e-01, 3.272086429638e-05, 8.8000e-01, 4.1511e-03, 
 2DIAGNOSTIC,    37, -5.917391070342e-01, 2.163060314948e-05, 8.8417e-01, 4.1709e-03, 
 2DIAGNOSTIC,    38, -5.917391330930e-01, 1.245673595347e-05, 8.8818e-01, 4.0081e-03, 
 2DIAGNOSTIC,    39, -5.917391754735e-01, 5.801896388824e-06, 8.9216e-01, 3.9840e-03, 
 2DIAGNOSTIC,    40, -5.917392424311e-01, 3.643428649367e-06, 8.9657e-01, 4.4100e-03, 
 2DIAGNOSTIC,    41, -5.917393428828e-01, 2.487109297213e-06, 9.0088e-01, 4.3068e-03, 
 2DIAGNOSTIC,    42, -5.917394845334e-01, 1.715730316636e-06, 9.0495e-01, 4.0669e-03, 
 2DIAGNOSTIC,    43, -5.917396625587e-01, 1.144189314333e-06, 9.0903e-01, 4.0781e-03, 
DIAGNOSTIC,Iteration,metricValue,convergenceValue,ITERATION_TIME_INDEX,SINCE_LAST
 2DIAGNOSTIC,     1, -4.784004501416e-01, 1.797693134862e+308, 1.5885e+00, 6.7946e-01, 
 2DIAGNOSTIC,     2, -4.783999131485e-01, 1.797693134862e+308, 1.6156e+00, 2.7108e-02, 
 2DIAGNOSTIC,     3, -4.784190365423e-01, 1.797693134862e+308, 1.6468e+00, 3.1175e-02, 
 2DIAGNOSTIC,     4, -4.785028756509e-01, 1.797693134862e+308, 1.6783e+00, 3.1510e-02, 
 2DIAGNOSTIC,     5, -4.786647485429e-01, 1.797693134862e+308, 1.7102e+00, 3.1949e-02, 
 2DIAGNOSTIC,     6, -4.788099932957e-01, 1.797693134862e+308, 1.7410e+00, 3.0769e-02, 
 2DIAGNOSTIC,     7, -4.794645847212e-01, 1.797693134862e+308, 1.7709e+00, 2.9947e-02, 
 2DIAGNOSTIC,     8, -4.813619171742e-01, 1.797693134862e+308, 1.8096e+00, 3.8668e-02, 
 2DIAGNOSTIC,     9, -4.817935635325e-01, 1.797693134862e+308, 1.8420e+00, 3.2367e-02, 
 2DIAGNOSTIC,    10, -4.822647496913e-01, 5.583367505734e-04, 1.8722e+00, 3.0194e-02, 
 2DIAGNOSTIC,    11, -4.831344909908e-01, 6.366384575845e-04, 1.9061e+00, 3.3959e-02, 
 2DIAGNOSTIC,    12, -4.835768992552e-01, 6.653898034654e-04, 1.9551e+00, 4.8956e-02, 
 2DIAGNOSTIC,    13, -4.835677565317e-01, 6.290342968675e-04, 1.9927e+00, 3.7621e-02, 
 2DIAGNOSTIC,    14, -4.835733047834e-01, 5.452729207390e-04, 2.0343e+00, 4.1598e-02, 
 2DIAGNOSTIC,    15, -4.835701547243e-01, 4.305772095385e-04, 2.0692e+00, 3.4906e-02, 
 2DIAGNOSTIC,    16, -4.835566912999e-01, 2.956272803480e-04, 2.1033e+00, 3.4100e-02, 
 2DIAGNOSTIC,    17, -4.835523104082e-01, 1.703980274622e-04, 2.1369e+00, 3.3630e-02, 
 2DIAGNOSTIC,    18, -4.835483887828e-01, 1.058854945470e-04, 2.1671e+00, 3.0180e-02, 
 2DIAGNOSTIC,    19, -4.835469915470e-01, 5.203914174270e-05, 2.1977e+00, 3.0545e-02, 
 2DIAGNOSTIC,    20, -4.835401827381e-01, 1.204163314705e-05, 2.2307e+00, 3.3021e-02, 
DIAGNOSTIC,Iteration,metricValue,convergenceValue,ITERATION_TIME_INDEX,SINCE_LAST
 2DIAGNOSTIC,     1, -4.161561167876e-01, 1.797693134862e+308, 3.3598e+00, 1.1291e+00, 
 2DIAGNOSTIC,     2, -4.161756893437e-01, 1.797693134862e+308, 3.6442e+00, 2.8437e-01, 
 2DIAGNOSTIC,     3, -4.161696114507e-01, 1.797693134862e+308, 3.8977e+00, 2.5348e-01, 
 2DIAGNOSTIC,     4, -4.161681503550e-01, 1.797693134862e+308, 4.3111e+00, 4.1345e-01, 
 2DIAGNOSTIC,     5, -4.161678896599e-01, 1.797693134862e+308, 4.5796e+00, 2.6844e-01, 
 2DIAGNOSTIC,     6, -4.161669123582e-01, 1.797693134862e+308, 4.8307e+00, 2.5114e-01, 
 2DIAGNOSTIC,     7, -4.161667485640e-01, 1.797693134862e+308, 5.0954e+00, 2.6470e-01, 
 2DIAGNOSTIC,     8, -4.161656816013e-01, 1.797693134862e+308, 5.3267e+00, 2.3132e-01, 
 2DIAGNOSTIC,     9, -4.161650043535e-01, 1.797693134862e+308, 5.5950e+00, 2.6828e-01, 
 2DIAGNOSTIC,    10, -4.161655463811e-01, 2.943366554084e-06, 5.8725e+00, 2.7746e-01, 
 2DIAGNOSTIC,    11, -4.161636420992e-01, 1.720591484317e-06, 6.1228e+00, 2.5030e-01, 
 2DIAGNOSTIC,    12, -4.161624970807e-01, 1.867462474589e-06, 6.3738e+00, 2.5108e-01, 
 2DIAGNOSTIC,    13, -4.161615819742e-01, 1.698398064298e-06, 6.5937e+00, 2.1982e-01, 
 2DIAGNOSTIC,    14, -4.161624603291e-01, 1.592444847445e-06, 6.8637e+00, 2.7000e-01, 
 2DIAGNOSTIC,    15, -4.161620529810e-01, 1.530180431919e-06, 7.1196e+00, 2.5594e-01, 
 2DIAGNOSTIC,    16, -4.161603835103e-01, 1.417836911821e-06, 7.3451e+00, 2.2551e-01, 
 2DIAGNOSTIC,    17, -4.161625251478e-01, 1.455414109099e-06, 7.6182e+00, 2.7310e-01, 
 2DIAGNOSTIC,    18, -4.161617349622e-01, 1.453854852472e-06, 7.8447e+00, 2.2644e-01, 
 2DIAGNOSTIC,    19, -4.161656140591e-01, 1.594928493873e-06, 8.0997e+00, 2.5510e-01, 
 2DIAGNOSTIC,    20, -4.161678254526e-01, 1.821576315432e-06, 8.4578e+00, 3.5803e-01, 
 2DIAGNOSTIC,    21, -4.161672172256e-01, 1.924327015422e-06, 8.7139e+00, 2.5613e-01, 
 2DIAGNOSTIC,    22, -4.161665846120e-01, 1.927748304972e-06, 8.9381e+00, 2.2416e-01, 
 2DIAGNOSTIC,    23, -4.161660793962e-01, 1.843028031065e-06, 9.1862e+00, 2.4817e-01, 
 2DIAGNOSTIC,    24, -4.161655365529e-01, 1.730448862834e-06, 9.4087e+00, 2.2244e-01, 
 2DIAGNOSTIC,    25, -4.161651834944e-01, 1.568353729692e-06, 9.6358e+00, 2.2716e-01, 
 2DIAGNOSTIC,    26, -4.161660037663e-01, 1.368374529673e-06, 9.8959e+00, 2.6003e-01, 
 2DIAGNOSTIC,    27, -4.161651045494e-01, 1.203105054783e-06, 1.0121e+01, 2.2522e-01, 
 2DIAGNOSTIC,    28, -4.161679884895e-01, 1.097088646998e-06, 1.0352e+01, 2.3054e-01, 
 2DIAGNOSTIC,    29, -4.161710849645e-01, 1.162831227690e-06, 1.0584e+01, 2.3235e-01, 
 2DIAGNOSTIC,    30, -4.161703640304e-01, 1.250475702742e-06, 1.0838e+01, 2.5398e-01, 
 2DIAGNOSTIC,    31, -4.161708142908e-01, 1.313167818248e-06, 1.1092e+01, 2.5447e-01, 
 2DIAGNOSTIC,    32, -4.161710089261e-01, 1.336085273300e-06, 1.1315e+01, 2.2241e-01, 
 2DIAGNOSTIC,    33, -4.161749613445e-01, 1.395595233558e-06, 1.1566e+01, 2.5128e-01, 
 2DIAGNOSTIC,    34, -4.161777487500e-01, 1.452526294111e-06, 1.1787e+01, 2.2119e-01, 
 2DIAGNOSTIC,    35, -4.161792220170e-01, 1.478601704123e-06, 1.2037e+01, 2.4958e-01, 
 2DIAGNOSTIC,    36, -4.161806859640e-01, 1.495439404389e-06, 1.2298e+01, 2.6076e-01, 
 2DIAGNOSTIC,    37, -4.161791778417e-01, 1.407680653692e-06, 1.2517e+01, 2.1979e-01, 
 2DIAGNOSTIC,    38, -4.161838486858e-01, 1.406626857894e-06, 1.2804e+01, 2.8627e-01, 
 2DIAGNOSTIC,    39, -4.161849953090e-01, 1.422742161600e-06, 1.3088e+01, 2.8378e-01, 
 2DIAGNOSTIC,    40, -4.161860914881e-01, 1.386764623034e-06, 1.3445e+01, 3.5737e-01, 
 2DIAGNOSTIC,    41, -4.161854987567e-01, 1.295749568163e-06, 1.3694e+01, 2.4905e-01, 
 2DIAGNOSTIC,    42, -4.161840259979e-01, 1.138573335543e-06, 1.3927e+01, 2.3301e-01, 
 2DIAGNOSTIC,    43, -4.161834049851e-01, 1.004201830055e-06, 1.4146e+01, 2.1922e-01, 
DIAGNOSTIC,Iteration,metricValue,convergenceValue,ITERATION_TIME_INDEX,SINCE_LAST
 2DIAGNOSTIC,     1, -3.834265912301e-01, 1.797693134862e+308, 1.6587e+01, 2.4413e+00, 
 2DIAGNOSTIC,     2, -3.834925053335e-01, 1.797693134862e+308, 1.8206e+01, 1.6189e+00, 
 2DIAGNOSTIC,     3, -3.834978116447e-01, 1.797693134862e+308, 1.9744e+01, 1.5378e+00, 
 2DIAGNOSTIC,     4, -3.835004127704e-01, 1.797693134862e+308, 2.1473e+01, 1.7291e+00, 
 2DIAGNOSTIC,     5, -3.835019582499e-01, 1.797693134862e+308, 2.2992e+01, 1.5189e+00, 
 2DIAGNOSTIC,     6, -3.835049957401e-01, 1.797693134862e+308, 2.4846e+01, 1.8540e+00, 
 2DIAGNOSTIC,     7, -3.835058343709e-01, 1.797693134862e+308, 2.6669e+01, 1.8229e+00, 
 2DIAGNOSTIC,     8, -3.835066498244e-01, 1.797693134862e+308, 2.8645e+01, 1.9762e+00, 
 2DIAGNOSTIC,     9, -3.835062955312e-01, 1.797693134862e+308, 3.0370e+01, 1.7252e+00, 
 2DIAGNOSTIC,    10, -3.835063108987e-01, 1.066660790845e-05, 3.2132e+01, 1.7615e+00, 
 2DIAGNOSTIC,    11, -3.835061571781e-01, 4.747041009084e-06, 3.4308e+01, 2.1760e+00, 
 2DIAGNOSTIC,    12, -3.835060832639e-01, 3.706200907463e-06, 3.5727e+01, 1.4192e+00, 
 2DIAGNOSTIC,    13, -3.835060190711e-01, 3.027826244520e-06, 3.7428e+01, 1.7012e+00, 
 2DIAGNOSTIC,    14, -3.835058638468e-01, 2.523467124080e-06, 3.9054e+01, 1.6259e+00, 
 2DIAGNOSTIC,    15, -3.835058006954e-01, 2.133709319521e-06, 4.0651e+01, 1.5968e+00, 
 2DIAGNOSTIC,    16, -3.835056463961e-01, 1.924177739310e-06, 4.2551e+01, 1.9003e+00, 
 2DIAGNOSTIC,    17, -3.835054775119e-01, 1.773328564485e-06, 4.4081e+01, 1.5299e+00, 
 2DIAGNOSTIC,    18, -3.835053086112e-01, 1.675385380429e-06, 4.5424e+01, 1.3432e+00, 
 2DIAGNOSTIC,    19, -3.835051448134e-01, 1.576051819809e-06, 4.6853e+01, 1.4284e+00, 
 2DIAGNOSTIC,    20, -3.835051658756e-01, 1.497295076515e-06, 4.8225e+01, 1.3723e+00, 
 2DIAGNOSTIC,    21, -3.835053779565e-01, 1.436675314812e-06, 4.9752e+01, 1.5272e+00, 
 2DIAGNOSTIC,    22, -3.835055901405e-01, 1.393331721507e-06, 5.1251e+01, 1.4994e+00, 
 2DIAGNOSTIC,    23, -3.835055250996e-01, 1.354581542580e-06, 5.2784e+01, 1.5328e+00, 
 2DIAGNOSTIC,    24, -3.835054518275e-01, 1.314933130839e-06, 5.4411e+01, 1.6266e+00, 
 2DIAGNOSTIC,    25, -3.835053813416e-01, 1.275595341486e-06, 5.5847e+01, 1.4365e+00, 
 2DIAGNOSTIC,    26, -3.835053141610e-01, 1.232550096007e-06, 5.7228e+01, 1.3807e+00, 
 2DIAGNOSTIC,    27, -3.835053494668e-01, 1.188143194927e-06, 5.8622e+01, 1.3941e+00, 
 2DIAGNOSTIC,    28, -3.835054089346e-01, 1.143229101490e-06, 6.0150e+01, 1.5277e+00, 
 2DIAGNOSTIC,    29, -3.835055814672e-01, 1.101082732193e-06, 6.1502e+01, 1.3527e+00, 
 2DIAGNOSTIC,    30, -3.835053714634e-01, 1.056523030681e-06, 6.3549e+01, 2.0468e+00, 
 2DIAGNOSTIC,    31, -3.835053052282e-01, 1.018740043386e-06, 6.5118e+01, 1.5690e+00, 
  Elapsed time (stage 0): 6.5948e+01


Total elapsed time: 6.5950e+01
Info [verificarlo]: loaded backend libinterflop_vprec.so
Info [interflop-vprec]: load backend with: 
Info [interflop-vprec]: precision-binary32 = 22
Info [interflop-vprec]: range-binary32 = 8
Info [interflop-vprec]: precision-binary64 = 22
Info [interflop-vprec]: range-binary64 = 8
Info [interflop-vprec]: mode = ob
Info [interflop-vprec]: error-mode = rel
Info [interflop-vprec]: max-abs-error-exponent = -1022
Info [interflop-vprec]: daz = false
Info [interflop-vprec]: ftz = false
Info [interflop-vprec]: 	instrument = none
Info [interflop-vprec]: 	prec-input-file = (null)
Info [interflop-vprec]: 	prec-output-file = (null)
Info [interflop-vprec]: 	prec-log-file = (null)
All_Command_lines_OK
Using double precision for computations.
=============================================================================
The composite transform comprises the following transforms (in order): 
  1. /home/mdugre/scratch/mri-registration-rp/datasets/ds004513/derivatives/mri-registration-rp/0011/antsRegistration-r8-p22/sub-s017/rigid_Composite.h5[0] (type = Euler3DTransform)
  2. /home/mdugre/scratch/mri-registration-rp/datasets/ds004513/derivatives/mri-registration-rp/0011/antsRegistration-r8-p22/sub-s017/rigid_Composite.h5[1] (type = Euler3DTransform)
  3. /home/mdugre/scratch/mri-registration-rp/datasets/ds004513/derivatives/mri-registration-rp/0011/antsRegistration-r8-p22/sub-s017/rigid_Composite.h5[2] (type = Euler3DTransform)
=============================================================================
  number of levels = 4
  fixed image: /templateflow/tpl-MNI152NLin2009cAsym/tpl-MNI152NLin2009cAsym_res-01_desc-brain_T1w.nii.gz
  moving image: /home/mdugre/scratch/mri-registration-rp/datasets/ds004513/derivatives/mri-registration-rp/antsBrainExtraction/sub-s017/BrainExtractionBrain.nii.gz
Dimension = 3
Number of stages = 1
Use histogram matching = false
Winsorize image intensities = true
  Lower quantile = 0.005
  Upper quantile = 0.995


Stage 1 State
   Image metric = MattesMI
     Fixed image = Image (0x37c8490)
  RTTI typeinfo:   itk::Image<double, 3u>
  Reference Count: 2
  Modified Time: 1594
  Debug: Off
  Object Name: 
  Observers: 
    none
  Source: (none)
  Source output name: (none)
  Release Data: Off
  Data Released: False
  Global Release Data: Off
  PipelineMTime: 0
  UpdateMTime: 1203
  RealTimeStamp: 0 seconds 
  LargestPossibleRegion: 
    Dimension: 3
    Index: [0, 0, 0]
    Size: [193, 229, 193]
  BufferedRegion: 
    Dimension: 3
    Index: [0, 0, 0]
    Size: [193, 229, 193]
  RequestedRegion: 
    Dimension: 3
    Index: [0, 0, 0]
    Size: [193, 229, 193]
  Spacing: [1, 1, 1]
  Origin: [96, 132, -78]
  Direction: 
-1 0 0
0 -1 0
0 0 1

  IndexToPointMatrix: 
-1 0 0
0 -1 0
0 0 1

  PointToIndexMatrix: 
-1 0 0
0 -1 0
0 0 1

  Inverse Direction: 
-1 0 0
0 -1 0
0 0 1

  PixelContainer: 
    ImportImageContainer (0x38938c0)
      RTTI typeinfo:   itk::ImportImageContainer<unsigned long, double>
      Reference Count: 1
      Modified Time: 1200
      Debug: Off
      Object Name: 
      Observers: 
        none
      Pointer: 0x150f1c32b010
      Container manages memory: true
      Size: 8530021
      Capacity: 8530021

     Moving image = Image (0x3883b60)
  RTTI typeinfo:   itk::Image<double, 3u>
  Reference Count: 2
  Modified Time: 1595
  Debug: Off
  Object Name: 
  Observers: 
    none
  Source: (none)
  Source output name: (none)
  Release Data: Off
  Data Released: False
  Global Release Data: Off
  PipelineMTime: 0
  UpdateMTime: 1592
  RealTimeStamp: 0 seconds 
  LargestPossibleRegion: 
    Dimension: 3
    Index: [0, 0, 0]
    Size: [160, 240, 256]
  BufferedRegion: 
    Dimension: 3
    Index: [0, 0, 0]
    Size: [160, 240, 256]
  RequestedRegion: 
    Dimension: 3
    Index: [0, 0, 0]
    Size: [160, 240, 256]
  Spacing: [1, 1, 1]
  Origin: [91.3357, 102.231, -120.042]
  Direction: 
-0.997442 -5.36781e-05 -0.0714818
5.35416e-05 -1 3.82465e-06
-0.0714818 -1.23894e-08 0.997442

  IndexToPointMatrix: 
-0.997444 -5.36781e-05 -0.0714818
5.35417e-05 -1 3.82465e-06
-0.0714819 -1.23894e-08 0.997442

  PointToIndexMatrix: 
-0.99744 5.35415e-05 -0.0714816
-5.3678e-05 -1 -1.36206e-08
-0.0714818 3.82343e-06 0.997442

  Inverse Direction: 
-0.997442 5.35417e-05 -0.0714818
-5.36781e-05 -1 -1.239e-08
-0.0714818 3.82465e-06 0.997442

  PixelContainer: 
    ImportImageContainer (0x39171d0)
      RTTI typeinfo:   itk::ImportImageContainer<unsigned long, double>
      Reference Count: 1
      Modified Time: 1589
      Debug: Off
      Object Name: 
      Observers: 
        none
      Pointer: 0x150f1782a010
      Container manages memory: true
      Size: 9830400
      Capacity: 9830400

     Weighting = 1
     Sampling strategy = regular
     Number of bins = 32
     Radius = 4
     Sampling percentage  = 0.25
   Transform = Affine
     Gradient step = 0.1
     Update field sigma (voxel space) = 0
     Total field sigma (voxel space) = 0
     Update field time sigma = 0
     Total field time sigma  = 0
     Number of time indices = 0
     Number of time point samples = 0
Registration using 1 total stages.

Stage 0
  iterations = 1000x500x250x100
  convergence threshold = 1e-06
  convergence window size = 10
  number of levels = 4
  using the Mattes MI metric (number of bins = 32, weight = 1, use gradient filter = 0)
  preprocessing:  winsorizing the image intensities
  Shrink factors (level 1 out of 4): [8, 8, 8]
  Shrink factors (level 2 out of 4): [4, 4, 4]
  Shrink factors (level 3 out of 4): [2, 2, 2]
  Shrink factors (level 4 out of 4): [1, 1, 1]
  smoothing sigmas per level: [3, 2, 1, 0]
  regular sampling (percentage = 0.25)

*** Running AffineTransform registration ***

DIAGNOSTIC,Iteration,metricValue,convergenceValue,ITERATION_TIME_INDEX,SINCE_LAST
 2DIAGNOSTIC,     1, -5.806287737081e-01, 1.797693134862e+308, 0.0000e+00, 0.0000e+00, 
 2DIAGNOSTIC,     2, -5.832407098094e-01, 1.797693134862e+308, 0.0000e+00, 0.0000e+00, 
 2DIAGNOSTIC,     3, -5.883927186946e-01, 1.797693134862e+308, 0.0000e+00, 0.0000e+00, 
 2DIAGNOSTIC,     4, -5.973536355605e-01, 1.797693134862e+308, 0.0000e+00, 0.0000e+00, 
 2DIAGNOSTIC,     5, -6.165788844651e-01, 1.797693134862e+308, 0.0000e+00, 0.0000e+00, 
 2DIAGNOSTIC,     6, -6.405997264789e-01, 1.797693134862e+308, 0.0000e+00, 0.0000e+00, 
 2DIAGNOSTIC,     7, -7.009976136299e-01, 1.797693134862e+308, 0.0000e+00, 0.0000e+00, 
 2DIAGNOSTIC,     8, -7.631219051310e-01, 1.797693134862e+308, 0.0000e+00, 0.0000e+00, 
 2DIAGNOSTIC,     9, -8.424799508557e-01, 1.797693134862e+308, 0.0000e+00, 0.0000e+00, 
 2DIAGNOSTIC,    10, -8.570739434662e-01, 2.846198800191e-02, 0.0000e+00, 0.0000e+00, 
 2DIAGNOSTIC,    11, -8.702530723875e-01, 2.872773594880e-02, 0.0000e+00, 0.0000e+00, 
 2DIAGNOSTIC,    12, -8.814515146304e-01, 2.684337718116e-02, 0.0000e+00, 0.0000e+00, 
 2DIAGNOSTIC,    13, -8.821900441970e-01, 2.307503582896e-02, 0.0000e+00, 0.0000e+00, 
 2DIAGNOSTIC,    14, -8.835432430094e-01, 1.815649421746e-02, 0.0000e+00, 0.0000e+00, 
 2DIAGNOSTIC,    15, -8.850836659238e-01, 1.292274631173e-02, 0.0000e+00, 0.0000e+00, 
 2DIAGNOSTIC,    16, -8.870080100002e-01, 7.896009140183e-03, 0.0000e+00, 0.0000e+00, 
 2DIAGNOSTIC,    17, -8.886483526531e-01, 4.181648071000e-03, 0.0000e+00, 0.0000e+00, 
 2DIAGNOSTIC,    18, -8.890565295829e-01, 1.806220787488e-03, 0.0000e+00, 0.0000e+00, 
 2DIAGNOSTIC,    19, -8.890308545851e-01, 1.081481107530e-03, 0.0000e+00, 0.0000e+00, 
 2DIAGNOSTIC,    20, -8.888599324801e-01, 5.978760500214e-04, 0.0000e+00, 0.0000e+00, 
 2DIAGNOSTIC,    21, -8.887674081068e-01, 3.309836792811e-04, 0.0000e+00, 0.0000e+00, 
 2DIAGNOSTIC,    22, -8.884565867784e-01, 2.384558175391e-04, 0.0000e+00, 0.0000e+00, 
 2DIAGNOSTIC,    23, -8.885197401475e-01, 1.453938474595e-04, 0.0000e+00, 0.0000e+00, 
 2DIAGNOSTIC,    24, -8.882755522205e-01, 6.395745727863e-05, 0.0000e+00, 0.0000e+00, 
 2DIAGNOSTIC,    25, -8.882084529229e-01, 4.446613746115e-06, 0.0000e+00, 0.0000e+00, 
DIAGNOSTIC,Iteration,metricValue,convergenceValue,ITERATION_TIME_INDEX,SINCE_LAST
 2DIAGNOSTIC,     1, -7.469212560972e-01, 1.797693134862e+308, 0.0000e+00, 0.0000e+00, 
 2DIAGNOSTIC,     2, -7.475694552103e-01, 1.797693134862e+308, 0.0000e+00, 0.0000e+00, 
 2DIAGNOSTIC,     3, -7.481284381723e-01, 1.797693134862e+308, 0.0000e+00, 0.0000e+00, 
 2DIAGNOSTIC,     4, -7.485578099830e-01, 1.797693134862e+308, 0.0000e+00, 0.0000e+00, 
 2DIAGNOSTIC,     5, -7.489144480469e-01, 1.797693134862e+308, 0.0000e+00, 0.0000e+00, 
 2DIAGNOSTIC,     6, -7.493455394345e-01, 1.797693134862e+308, 0.0000e+00, 0.0000e+00, 
 2DIAGNOSTIC,     7, -7.498207322799e-01, 1.797693134862e+308, 0.0000e+00, 0.0000e+00, 
 2DIAGNOSTIC,     8, -7.499219071069e-01, 1.797693134862e+308, 0.0000e+00, 0.0000e+00, 
 2DIAGNOSTIC,     9, -7.499231176055e-01, 1.797693134862e+308, 0.0000e+00, 0.0000e+00, 
 2DIAGNOSTIC,    10, -7.499407069222e-01, 2.686622514304e-04, 0.0000e+00, 0.0000e+00, 
 2DIAGNOSTIC,    11, -7.499665335375e-01, 1.921911747178e-04, 0.0000e+00, 0.0000e+00, 
 2DIAGNOSTIC,    12, -7.500042017674e-01, 1.327016680788e-04, 0.0000e+00, 0.0000e+00, 
 2DIAGNOSTIC,    13, -7.501577951025e-01, 9.128184165989e-05, 0.0000e+00, 0.0000e+00, 
 2DIAGNOSTIC,    14, -7.504498601450e-01, 6.722932709260e-05, 0.0000e+00, 0.0000e+00, 
 2DIAGNOSTIC,    15, -7.511297715864e-01, 6.637881828937e-05, 0.0000e+00, 0.0000e+00, 
 2DIAGNOSTIC,    16, -7.510840438824e-01, 6.824965958339e-05, 0.0000e+00, 0.0000e+00, 
 2DIAGNOSTIC,    17, -7.510722824978e-01, 7.436753336933e-05, 0.0000e+00, 0.0000e+00, 
 2DIAGNOSTIC,    18, -7.510480045729e-01, 7.488839347970e-05, 0.0000e+00, 0.0000e+00, 
 2DIAGNOSTIC,    19, -7.510410291273e-01, 6.830776430966e-05, 0.0000e+00, 0.0000e+00, 
 2DIAGNOSTIC,    20, -7.510329780109e-01, 5.617756102339e-05, 0.0000e+00, 0.0000e+00, 
 2DIAGNOSTIC,    21, -7.509986568255e-01, 4.003040653718e-05, 0.0000e+00, 0.0000e+00, 
 2DIAGNOSTIC,    22, -7.510215275241e-01, 2.299728344832e-05, 0.0000e+00, 0.0000e+00, 
 2DIAGNOSTIC,    23, -7.510094752605e-01, 7.736208000292e-06, 0.0000e+00, 0.0000e+00, 
DIAGNOSTIC,Iteration,metricValue,convergenceValue,ITERATION_TIME_INDEX,SINCE_LAST
 2DIAGNOSTIC,     1, -6.302299615826e-01, 1.797693134862e+308, 0.0000e+00, 0.0000e+00, 
 2DIAGNOSTIC,     2, -6.307043404596e-01, 1.797693134862e+308, 0.0000e+00, 0.0000e+00, 
 2DIAGNOSTIC,     3, -6.311087834158e-01, 1.797693134862e+308, 0.0000e+00, 0.0000e+00, 
 2DIAGNOSTIC,     4, -6.316125210149e-01, 1.797693134862e+308, 0.0000e+00, 0.0000e+00, 
 2DIAGNOSTIC,     5, -6.324509238343e-01, 1.797693134862e+308, 0.0000e+00, 0.0000e+00, 
 2DIAGNOSTIC,     6, -6.329612731803e-01, 1.797693134862e+308, 0.0000e+00, 0.0000e+00, 
 2DIAGNOSTIC,     7, -6.329510553644e-01, 1.797693134862e+308, 0.0000e+00, 0.0000e+00, 
 2DIAGNOSTIC,     8, -6.329520496715e-01, 1.797693134862e+308, 0.0000e+00, 0.0000e+00, 
 2DIAGNOSTIC,     9, -6.329502654561e-01, 1.797693134862e+308, 0.0000e+00, 0.0000e+00, 
 2DIAGNOSTIC,    10, -6.329498360779e-01, 3.037740884686e-04, 0.0000e+00, 0.0000e+00, 
 2DIAGNOSTIC,    11, -6.329498782614e-01, 2.082834963743e-04, 0.0000e+00, 0.0000e+00, 
 2DIAGNOSTIC,    12, -6.329435041109e-01, 1.280822491938e-04, 0.0000e+00, 0.0000e+00, 
 2DIAGNOSTIC,    13, -6.329412781030e-01, 6.296029491051e-05, 0.0000e+00, 0.0000e+00, 
 2DIAGNOSTIC,    14, -6.329408510346e-01, 1.723368934162e-05, 0.0000e+00, 0.0000e+00, 
DIAGNOSTIC,Iteration,metricValue,convergenceValue,ITERATION_TIME_INDEX,SINCE_LAST
 2DIAGNOSTIC,     1, -5.642460623870e-01, 1.797693134862e+308, 0.0000e+00, 0.0000e+00, 
 2DIAGNOSTIC,     2, -5.645764625423e-01, 1.797693134862e+308, 0.0000e+00, 0.0000e+00, 
 2DIAGNOSTIC,     3, -5.648795658087e-01, 1.797693134862e+308, 0.0000e+00, 0.0000e+00, 
 2DIAGNOSTIC,     4, -5.655494502420e-01, 1.797693134862e+308, 0.0000e+00, 0.0000e+00, 
 2DIAGNOSTIC,     5, -5.655695863039e-01, 1.797693134862e+308, 0.0000e+00, 0.0000e+00, 
 2DIAGNOSTIC,     6, -5.655684378128e-01, 1.797693134862e+308, 0.0000e+00, 0.0000e+00, 
 2DIAGNOSTIC,     7, -5.655683242458e-01, 1.797693134862e+308, 0.0000e+00, 0.0000e+00, 
 2DIAGNOSTIC,     8, -5.655676871855e-01, 1.797693134862e+308, 0.0000e+00, 0.0000e+00, 
 2DIAGNOSTIC,     9, -5.655674362044e-01, 1.797693134862e+308, 0.0000e+00, 0.0000e+00, 
 2DIAGNOSTIC,    10, -5.655672898386e-01, 1.378618127085e-04, 0.0000e+00, 0.0000e+00, 
 2DIAGNOSTIC,    11, -5.655673088736e-01, 7.616904116974e-05, 0.0000e+00, 0.0000e+00, 
 2DIAGNOSTIC,    12, -5.655674628712e-01, 3.202939903046e-05, 0.0000e+00, 0.0000e+00, 
 2DIAGNOSTIC,    13, -5.655673196819e-01, 3.012242250466e-06, 0.0000e+00, 0.0000e+00, 
 2DIAGNOSTIC,    14, -5.655673076902e-01, 2.123415503763e-06, 0.0000e+00, 0.0000e+00, 
 2DIAGNOSTIC,    15, -5.655674765860e-01, 2.047801574770e-06, 0.0000e+00, 0.0000e+00, 
 2DIAGNOSTIC,    16, -5.655674856665e-01, 1.951764287036e-06, 0.0000e+00, 0.0000e+00, 
 2DIAGNOSTIC,    17, -5.655674855413e-01, 1.867135860610e-06, 0.0000e+00, 0.0000e+00, 
 2DIAGNOSTIC,    18, -5.655674585490e-01, 1.773802622132e-06, 0.0000e+00, 0.0000e+00, 
 2DIAGNOSTIC,    19, -5.655674597099e-01, 1.683065152164e-06, 2.5600e+02, 2.5600e+02, 
 2DIAGNOSTIC,    20, -5.655674595228e-01, 1.596577219931e-06, 2.5600e+02, 0.0000e+00, 
 2DIAGNOSTIC,    21, -5.655674602210e-01, 1.517847579867e-06, 2.5600e+02, 0.0000e+00, 
 2DIAGNOSTIC,    22, -5.655674587743e-01, 1.449430493870e-06, 2.5600e+02, 0.0000e+00, 
 2DIAGNOSTIC,    23, -5.655674588094e-01, 1.383380673417e-06, 2.5600e+02, 0.0000e+00, 
 2DIAGNOSTIC,    24, -5.655674588724e-01, 1.322272172644e-06, 2.5600e+02, 0.0000e+00, 
 2DIAGNOSTIC,    25, -5.655674589314e-01, 1.269552035103e-06, 2.5600e+02, 0.0000e+00, 
 2DIAGNOSTIC,    26, -5.655674588084e-01, 1.221150181772e-06, 2.5600e+02, 0.0000e+00, 
 2DIAGNOSTIC,    27, -5.655674588175e-01, 1.176397496201e-06, 2.5600e+02, 0.0000e+00, 
 2DIAGNOSTIC,    28, -5.655674589567e-01, 1.134362380563e-06, 2.5600e+02, 0.0000e+00, 
 2DIAGNOSTIC,    29, -5.655674589923e-01, 1.095251072281e-06, 2.5600e+02, 0.0000e+00, 
 2DIAGNOSTIC,    30, -5.655674590365e-01, 1.058747249774e-06, 2.5600e+02, 0.0000e+00, 
 2DIAGNOSTIC,    31, -5.655674601791e-01, 1.024630998124e-06, 2.5600e+02, 0.0000e+00, 
  Elapsed time (stage 0): 2.5600e+02


Total elapsed time: 2.5600e+02
Info [verificarlo]: loaded backend libinterflop_vprec.so
Info [interflop-vprec]: load backend with: 
Info [interflop-vprec]: precision-binary32 = 22
Info [interflop-vprec]: range-binary32 = 8
Info [interflop-vprec]: precision-binary64 = 22
Info [interflop-vprec]: range-binary64 = 8
Info [interflop-vprec]: mode = ob
Info [interflop-vprec]: error-mode = rel
Info [interflop-vprec]: max-abs-error-exponent = -1022
Info [interflop-vprec]: daz = false
Info [interflop-vprec]: ftz = false
Info [interflop-vprec]: 	instrument = none
Info [interflop-vprec]: 	prec-input-file = (null)
Info [interflop-vprec]: 	prec-output-file = (null)
Info [interflop-vprec]: 	prec-log-file = (null)
All_Command_lines_OK
Using double precision for computations.
=============================================================================
The composite transform comprises the following transforms (in order): 
  1. /home/mdugre/scratch/mri-registration-rp/datasets/ds004513/derivatives/mri-registration-rp/0011/antsRegistration-r8-p22/sub-s017/affine_Composite.h5[0] (type = Euler3DTransform)
  2. /home/mdugre/scratch/mri-registration-rp/datasets/ds004513/derivatives/mri-registration-rp/0011/antsRegistration-r8-p22/sub-s017/affine_Composite.h5[1] (type = Euler3DTransform)
  3. /home/mdugre/scratch/mri-registration-rp/datasets/ds004513/derivatives/mri-registration-rp/0011/antsRegistration-r8-p22/sub-s017/affine_Composite.h5[2] (type = Euler3DTransform)
  4. /home/mdugre/scratch/mri-registration-rp/datasets/ds004513/derivatives/mri-registration-rp/0011/antsRegistration-r8-p22/sub-s017/affine_Composite.h5[3] (type = AffineTransform)
=============================================================================
  number of levels = 4
  fixed image: /templateflow/tpl-MNI152NLin2009cAsym/tpl-MNI152NLin2009cAsym_res-01_desc-brain_T1w.nii.gz
  moving image: /home/mdugre/scratch/mri-registration-rp/datasets/ds004513/derivatives/mri-registration-rp/antsBrainExtraction/sub-s017/BrainExtractionBrain.nii.gz
Dimension = 3
Number of stages = 1
Use histogram matching = false
Winsorize image intensities = true
  Lower quantile = 0.005
  Upper quantile = 0.995


Stage 1 State
   Image metric = CC
