
##########################
# Experiment information #
##########################

EXPERIMENT_NAME: antsRegistration-r8-p16
VFC_BACKENDS: libinterflop_vprec.so --range-binary32=8 --precision-binary32=16 --range-binary64=8 --precision-binary64=16

SIF_IMG: /home/mdugre/projects/rrg-glatard/mdugre/containers/ants-vprec-no_metrics.simg

SUBJECT_ID: s025
INPUT_IMG: /home/mdugre/scratch/mri-registration-rp/datasets/ds004513/derivatives/mri-registration-rp/antsBrainExtraction/sub-s025/BrainExtractionBrain.nii.gz
OUTPUT_DIR: /home/mdugre/scratch/mri-registration-rp/datasets/ds004513/derivatives/mri-registration-rp/0011/antsRegistration-r8-p16/sub-s025

FIXED_IMG: /templateflow/tpl-MNI152NLin2009cAsym/tpl-MNI152NLin2009cAsym_res-01_desc-brain_T1w.nii.gz
DATA_DIR: /home/mdugre/scratch/mri-registration-rp/datasets/ds004513
TEMPLATEFLOW_DIR: /home/mdugre/projects/rrg-glatard/mdugre/templateflow
ITK_GLOBAL_DEFAULT_NUMBER_OF_THREADS: 16
##########################

Info [verificarlo]: loaded backend libinterflop_ieee.so
Info [interflop-ieee]: load backend with:
Info [interflop-ieee]: debug = false
Info [interflop-ieee]: debug-binary = false
Info [interflop-ieee]: no-backend-name = false
Info [interflop-ieee]: print-new-line = false
Info [interflop-ieee]: print-subnormal-normalized = false
Info [interflop-ieee]: count-op = false
All_Command_lines_OK
Using double precision for computations.
=============================================================================
The composite transform comprises the following transforms (in order): 
  1. Center of mass alignment using fixed image: /templateflow/tpl-MNI152NLin2009cAsym/tpl-MNI152NLin2009cAsym_res-01_desc-brain_T1w.nii.gz and moving image: /home/mdugre/scratch/mri-registration-rp/datasets/ds004513/derivatives/mri-registration-rp/antsBrainExtraction/sub-s025/BrainExtractionBrain.nii.gz (type = Euler3DTransform)
=============================================================================
  number of levels = 1
  fixed image: /templateflow/tpl-MNI152NLin2009cAsym/tpl-MNI152NLin2009cAsym_res-01_desc-brain_T1w.nii.gz
  moving image: /home/mdugre/scratch/mri-registration-rp/datasets/ds004513/derivatives/mri-registration-rp/antsBrainExtraction/sub-s025/BrainExtractionBrain.nii.gz
Dimension = 3
Number of stages = 1
Use histogram matching = false
Winsorize image intensities = true
  Lower quantile = 0.005
  Upper quantile = 0.995


Stage 1 State
   Image metric = MattesMI
     Fixed image = Image (0x4a32e70)
  RTTI typeinfo:   itk::Image<double, 3u>
  Reference Count: 2
  Modified Time: 2334
  Debug: Off
  Object Name: 
  Observers: 
    none
  Source: (none)
  Source output name: (none)
  Release Data: Off
  Data Released: False
  Global Release Data: Off
  PipelineMTime: 0
  UpdateMTime: 1943
  RealTimeStamp: 0 seconds 
  LargestPossibleRegion: 
    Dimension: 3
    Index: [0, 0, 0]
    Size: [193, 229, 193]
  BufferedRegion: 
    Dimension: 3
    Index: [0, 0, 0]
    Size: [193, 229, 193]
  RequestedRegion: 
    Dimension: 3
    Index: [0, 0, 0]
    Size: [193, 229, 193]
  Spacing: [1, 1, 1]
  Origin: [96, 132, -78]
  Direction: 
-1 0 0
0 -1 0
0 0 1

  IndexToPointMatrix: 
-1 0 0
0 -1 0
0 0 1

  PointToIndexMatrix: 
-1 0 0
0 -1 0
0 0 1

  Inverse Direction: 
-1 0 0
0 -1 0
0 0 1

  PixelContainer: 
    ImportImageContainer (0x4a3bc60)
      RTTI typeinfo:   itk::ImportImageContainer<unsigned long, double>
      Reference Count: 1
      Modified Time: 1940
      Debug: Off
      Object Name: 
      Observers: 
        none
      Pointer: 0x15111233b010
      Container manages memory: true
      Size: 8530021
      Capacity: 8530021

     Moving image = Image (0x4a3e610)
  RTTI typeinfo:   itk::Image<double, 3u>
  Reference Count: 2
  Modified Time: 2335
  Debug: Off
  Object Name: 
  Observers: 
    none
  Source: (none)
  Source output name: (none)
  Release Data: Off
  Data Released: False
  Global Release Data: Off
  PipelineMTime: 0
  UpdateMTime: 2332
  RealTimeStamp: 0 seconds 
  LargestPossibleRegion: 
    Dimension: 3
    Index: [0, 0, 0]
    Size: [176, 240, 256]
  BufferedRegion: 
    Dimension: 3
    Index: [0, 0, 0]
    Size: [176, 240, 256]
  RequestedRegion: 
    Dimension: 3
    Index: [0, 0, 0]
    Size: [176, 240, 256]
  Spacing: [0.999999, 1, 1]
  Origin: [90.3778, 84.5091, -154.071]
  Direction: 
-0.999391 7.48184e-06 -0.0348969
-7.47664e-06 -1 -2.7953e-07
-0.0348969 -1.84481e-08 0.999391

  IndexToPointMatrix: 
-0.99939 7.48184e-06 -0.0348969
-7.47663e-06 -1 -2.7953e-07
-0.0348968 -1.84481e-08 0.999391

  PointToIndexMatrix: 
-0.999392 -7.47665e-06 -0.0348969
7.48184e-06 -1 -1.84481e-08
-0.0348969 -2.7953e-07 0.999391

  Inverse Direction: 
-0.999391 -7.47664e-06 -0.0348969
7.48184e-06 -1 -1.84481e-08
-0.0348969 -2.7953e-07 0.999391

  PixelContainer: 
    ImportImageContainer (0x4ad7ef0)
      RTTI typeinfo:   itk::ImportImageContainer<unsigned long, double>
      Reference Count: 1
      Modified Time: 2329
      Debug: Off
      Object Name: 
      Observers: 
        none
      Pointer: 0x15110d0ba010
      Container manages memory: true
      Size: 10813440
      Capacity: 10813440

     Weighting = 1
     Sampling strategy = regular
     Number of bins = 32
     Radius = 4
     Sampling percentage  = 0.25
   Transform = Rigid
     Gradient step = 0.1
     Update field sigma (voxel space) = 0
     Total field sigma (voxel space) = 0
     Update field time sigma = 0
     Total field time sigma  = 0
     Number of time indices = 0
     Number of time point samples = 0
Registration using 1 total stages.

Stage 0
  iterations = 0
  convergence threshold = 1e-06
  convergence window size = 10
  number of levels = 1
  using the Mattes MI metric (number of bins = 32, weight = 1, use gradient filter = 0)
  preprocessing:  winsorizing the image intensities
  Shrink factors (level 1 out of 1): [1, 1, 1]
  smoothing sigmas per level: [0]
  regular sampling (percentage = 0.25)

*** Running Euler3DTransform registration ***

  Elapsed time (stage 0): 1.14434


Total elapsed time: 1.14661
Info [verificarlo]: loaded backend libinterflop_ieee.so
Info [interflop-ieee]: load backend with:
Info [interflop-ieee]: debug = false
Info [interflop-ieee]: debug-binary = false
Info [interflop-ieee]: no-backend-name = false
Info [interflop-ieee]: print-new-line = false
Info [interflop-ieee]: print-subnormal-normalized = false
Info [interflop-ieee]: count-op = false
All_Command_lines_OK
Using double precision for computations.
=============================================================================
The composite transform comprises the following transforms (in order): 
  1. /home/mdugre/scratch/mri-registration-rp/datasets/ds004513/derivatives/mri-registration-rp/0011/antsRegistration-r8-p16/sub-s025/align_Composite.h5[0] (type = Euler3DTransform)
  2. /home/mdugre/scratch/mri-registration-rp/datasets/ds004513/derivatives/mri-registration-rp/0011/antsRegistration-r8-p16/sub-s025/align_Composite.h5[1] (type = Euler3DTransform)
=============================================================================
  number of levels = 4
  fixed image: /templateflow/tpl-MNI152NLin2009cAsym/tpl-MNI152NLin2009cAsym_res-01_desc-brain_T1w.nii.gz
  moving image: /home/mdugre/scratch/mri-registration-rp/datasets/ds004513/derivatives/mri-registration-rp/antsBrainExtraction/sub-s025/BrainExtractionBrain.nii.gz
Dimension = 3
Number of stages = 1
Use histogram matching = false
Winsorize image intensities = true
  Lower quantile = 0.005
  Upper quantile = 0.995


Stage 1 State
   Image metric = MattesMI
     Fixed image = Image (0x4bc1530)
  RTTI typeinfo:   itk::Image<double, 3u>
  Reference Count: 2
  Modified Time: 1580
  Debug: Off
  Object Name: 
  Observers: 
    none
  Source: (none)
  Source output name: (none)
  Release Data: Off
  Data Released: False
  Global Release Data: Off
  PipelineMTime: 0
  UpdateMTime: 1189
  RealTimeStamp: 0 seconds 
  LargestPossibleRegion: 
    Dimension: 3
    Index: [0, 0, 0]
    Size: [193, 229, 193]
  BufferedRegion: 
    Dimension: 3
    Index: [0, 0, 0]
    Size: [193, 229, 193]
  RequestedRegion: 
    Dimension: 3
    Index: [0, 0, 0]
    Size: [193, 229, 193]
  Spacing: [1, 1, 1]
  Origin: [96, 132, -78]
  Direction: 
-1 0 0
0 -1 0
0 0 1

  IndexToPointMatrix: 
-1 0 0
0 -1 0
0 0 1

  PointToIndexMatrix: 
-1 0 0
0 -1 0
0 0 1

  Inverse Direction: 
-1 0 0
0 -1 0
0 0 1

  PixelContainer: 
    ImportImageContainer (0x4c7fd60)
      RTTI typeinfo:   itk::ImportImageContainer<unsigned long, double>
      Reference Count: 1
      Modified Time: 1186
      Debug: Off
      Object Name: 
      Observers: 
        none
      Pointer: 0x1514216a3010
      Container manages memory: true
      Size: 8530021
      Capacity: 8530021

     Moving image = Image (0x4c71f60)
  RTTI typeinfo:   itk::Image<double, 3u>
  Reference Count: 2
  Modified Time: 1581
  Debug: Off
  Object Name: 
  Observers: 
    none
  Source: (none)
  Source output name: (none)
  Release Data: Off
  Data Released: False
  Global Release Data: Off
  PipelineMTime: 0
  UpdateMTime: 1578
  RealTimeStamp: 0 seconds 
  LargestPossibleRegion: 
    Dimension: 3
    Index: [0, 0, 0]
    Size: [176, 240, 256]
  BufferedRegion: 
    Dimension: 3
    Index: [0, 0, 0]
    Size: [176, 240, 256]
  RequestedRegion: 
    Dimension: 3
    Index: [0, 0, 0]
    Size: [176, 240, 256]
  Spacing: [0.999999, 1, 1]
  Origin: [90.3778, 84.5091, -154.071]
  Direction: 
-0.999391 7.48184e-06 -0.0348969
-7.47664e-06 -1 -2.7953e-07
-0.0348969 -1.84481e-08 0.999391

  IndexToPointMatrix: 
-0.99939 7.48184e-06 -0.0348969
-7.47663e-06 -1 -2.7953e-07
-0.0348968 -1.84481e-08 0.999391

  PointToIndexMatrix: 
-0.999392 -7.47665e-06 -0.0348969
7.48184e-06 -1 -1.84481e-08
-0.0348969 -2.7953e-07 0.999391

  Inverse Direction: 
-0.999391 -7.47664e-06 -0.0348969
7.48184e-06 -1 -1.84481e-08
-0.0348969 -2.7953e-07 0.999391

  PixelContainer: 
    ImportImageContainer (0x4c636d0)
      RTTI typeinfo:   itk::ImportImageContainer<unsigned long, double>
      Reference Count: 1
      Modified Time: 1575
      Debug: Off
      Object Name: 
      Observers: 
        none
      Pointer: 0x15141c422010
      Container manages memory: true
      Size: 10813440
      Capacity: 10813440

     Weighting = 1
     Sampling strategy = regular
     Number of bins = 32
     Radius = 4
     Sampling percentage  = 0.25
   Transform = Rigid
     Gradient step = 0.1
     Update field sigma (voxel space) = 0
     Total field sigma (voxel space) = 0
     Update field time sigma = 0
     Total field time sigma  = 0
     Number of time indices = 0
     Number of time point samples = 0
Registration using 1 total stages.

Stage 0
  iterations = 1000x500x250x100
  convergence threshold = 1e-06
  convergence window size = 10
  number of levels = 4
  using the Mattes MI metric (number of bins = 32, weight = 1, use gradient filter = 0)
  preprocessing:  winsorizing the image intensities
  Shrink factors (level 1 out of 4): [8, 8, 8]
  Shrink factors (level 2 out of 4): [4, 4, 4]
  Shrink factors (level 3 out of 4): [2, 2, 2]
  Shrink factors (level 4 out of 4): [1, 1, 1]
  smoothing sigmas per level: [3, 2, 1, 0]
  regular sampling (percentage = 0.25)

*** Running Euler3DTransform registration ***

DIAGNOSTIC,Iteration,metricValue,convergenceValue,ITERATION_TIME_INDEX,SINCE_LAST
 2DIAGNOSTIC,     1, -5.323241903179e-01, 1.797693134862e+308, 8.3054e-01, 8.3054e-01, 
 2DIAGNOSTIC,     2, -5.346190553927e-01, 1.797693134862e+308, 8.3442e-01, 3.8791e-03, 
 2DIAGNOSTIC,     3, -5.378036555361e-01, 1.797693134862e+308, 8.3814e-01, 3.7172e-03, 
 2DIAGNOSTIC,     4, -5.422949451405e-01, 1.797693134862e+308, 8.4183e-01, 3.6900e-03, 
 2DIAGNOSTIC,     5, -5.486805952477e-01, 1.797693134862e+308, 8.4573e-01, 3.8960e-03, 
 2DIAGNOSTIC,     6, -5.542790085272e-01, 1.797693134862e+308, 8.4940e-01, 3.6731e-03, 
 2DIAGNOSTIC,     7, -5.627123115611e-01, 1.797693134862e+308, 8.5314e-01, 3.7451e-03, 
 2DIAGNOSTIC,     8, -5.766609943856e-01, 1.797693134862e+308, 8.5694e-01, 3.7999e-03, 
 2DIAGNOSTIC,     9, -5.881111419397e-01, 1.797693134862e+308, 8.6072e-01, 3.7711e-03, 
 2DIAGNOSTIC,    10, -6.012927005665e-01, 7.820055967720e-03, 8.6582e-01, 5.1088e-03, 
 2DIAGNOSTIC,    11, -6.192402913590e-01, 8.564422673935e-03, 8.7273e-01, 6.9041e-03, 
 2DIAGNOSTIC,    12, -6.197111897443e-01, 8.513711436504e-03, 8.7673e-01, 4.0050e-03, 
 2DIAGNOSTIC,    13, -6.223136777510e-01, 7.932305190649e-03, 8.8061e-01, 3.8810e-03, 
 2DIAGNOSTIC,    14, -6.239859078531e-01, 6.938967258809e-03, 8.8445e-01, 3.8362e-03, 
 2DIAGNOSTIC,    15, -6.258731029036e-01, 5.722268374539e-03, 8.8844e-01, 3.9849e-03, 
 2DIAGNOSTIC,    16, -6.290042957044e-01, 4.404898010723e-03, 8.9233e-01, 3.8970e-03, 
 2DIAGNOSTIC,    17, -6.327399548176e-01, 3.192249458029e-03, 8.9722e-01, 4.8900e-03, 
 2DIAGNOSTIC,    18, -6.361770329221e-01, 2.298162514676e-03, 9.0213e-01, 4.9052e-03, 
 2DIAGNOSTIC,    19, -6.381920795185e-01, 1.629119691968e-03, 9.0651e-01, 4.3828e-03, 
 2DIAGNOSTIC,    20, -6.414786468592e-01, 1.264281191451e-03, 9.1037e-01, 3.8588e-03, 
 2DIAGNOSTIC,    21, -6.422621311523e-01, 1.244231354642e-03, 9.1423e-01, 3.8559e-03, 
 2DIAGNOSTIC,    22, -6.443386369702e-01, 1.164065699410e-03, 9.1812e-01, 3.8910e-03, 
 2DIAGNOSTIC,    23, -6.458367311033e-01, 1.066297095694e-03, 9.2208e-01, 3.9680e-03, 
 2DIAGNOSTIC,    24, -6.528535015388e-01, 1.047817942010e-03, 9.2693e-01, 4.8411e-03, 
 2DIAGNOSTIC,    25, -6.591704564688e-01, 1.083081262513e-03, 9.3252e-01, 5.5971e-03, 
 2DIAGNOSTIC,    26, -6.605963660247e-01, 1.093549174221e-03, 9.3725e-01, 4.7240e-03, 
 2DIAGNOSTIC,    27, -6.608439807261e-01, 1.070984914248e-03, 9.4148e-01, 4.2360e-03, 
 2DIAGNOSTIC,    28, -6.615671820702e-01, 1.019502611876e-03, 9.4549e-01, 4.0030e-03, 
 2DIAGNOSTIC,    29, -6.628794589158e-01, 9.260606955289e-04, 9.4954e-01, 4.0569e-03, 
 2DIAGNOSTIC,    30, -6.728295041291e-01, 9.537370568162e-04, 9.5513e-01, 5.5871e-03, 
 2DIAGNOSTIC,    31, -6.735478481592e-01, 9.084145401158e-04, 9.5915e-01, 4.0240e-03, 
 2DIAGNOSTIC,    32, -6.743491957897e-01, 8.254121131043e-04, 9.6316e-01, 4.0050e-03, 
 2DIAGNOSTIC,    33, -6.778518404804e-01, 7.396594583827e-04, 9.6749e-01, 4.3290e-03, 
 2DIAGNOSTIC,    34, -6.872952793453e-01, 8.064171362356e-04, 9.7579e-01, 8.3058e-03, 
 2DIAGNOSTIC,    35, -6.877320836921e-01, 8.751586416823e-04, 9.7986e-01, 4.0629e-03, 
 2DIAGNOSTIC,    36, -6.893212928333e-01, 8.964211119102e-04, 9.8385e-01, 3.9978e-03, 
 2DIAGNOSTIC,    37, -6.927376581928e-01, 8.791274506832e-04, 9.8786e-01, 4.0019e-03, 
 2DIAGNOSTIC,    38, -7.010214947567e-01, 8.853029908162e-04, 9.9189e-01, 4.0359e-03, 
 2DIAGNOSTIC,    39, -7.063994889228e-01, 8.771212771308e-04, 9.9587e-01, 3.9749e-03, 
 2DIAGNOSTIC,    40, -7.084309482352e-01, 9.204432036055e-04, 9.9994e-01, 4.0741e-03, 
 2DIAGNOSTIC,    41, -7.160947978888e-01, 9.681009078467e-04, 1.0045e+00, 4.5531e-03, 
 2DIAGNOSTIC,    42, -7.193338357923e-01, 9.619954645406e-04, 1.0102e+00, 5.7089e-03, 
 2DIAGNOSTIC,    43, -7.222188036020e-01, 9.266843455198e-04, 1.0144e+00, 4.2460e-03, 
 2DIAGNOSTIC,    44, -7.285980415815e-01, 9.642753215749e-04, 1.0185e+00, 4.0419e-03, 
 2DIAGNOSTIC,    45, -7.389181818326e-01, 1.012898091752e-03, 1.0226e+00, 4.0669e-03, 
 2DIAGNOSTIC,    46, -7.435718380662e-01, 1.019949434241e-03, 1.0267e+00, 4.1490e-03, 
 2DIAGNOSTIC,    47, -7.509202335881e-01, 1.028357813440e-03, 1.0333e+00, 6.6071e-03, 
 2DIAGNOSTIC,    48, -7.533312160567e-01, 1.034921464042e-03, 1.0373e+00, 3.9890e-03, 
 2DIAGNOSTIC,    49, -7.544226205561e-01, 1.000130434689e-03, 1.0413e+00, 3.9802e-03, 
 2DIAGNOSTIC,    50, -7.572149961669e-01, 9.112641330263e-04, 1.0452e+00, 3.9611e-03, 
 2DIAGNOSTIC,    51, -7.588561746698e-01, 8.172662235505e-04, 1.0522e+00, 6.9370e-03, 
 2DIAGNOSTIC,    52, -7.590252175278e-01, 6.777649804935e-04, 1.0566e+00, 4.4119e-03, 
 2DIAGNOSTIC,    53, -7.590236401417e-01, 5.029898196094e-04, 1.0605e+00, 3.9442e-03, 
 2DIAGNOSTIC,    54, -7.590001786614e-01, 3.370481454511e-04, 1.0649e+00, 4.3740e-03, 
 2DIAGNOSTIC,    55, -7.589146480960e-01, 2.249983972400e-04, 1.0688e+00, 3.9110e-03, 
 2DIAGNOSTIC,    56, -7.589644687141e-01, 1.303553416898e-04, 1.0727e+00, 3.8941e-03, 
 2DIAGNOSTIC,    57, -7.590420039548e-01, 8.239037228003e-05, 1.0766e+00, 3.8860e-03, 
 2DIAGNOSTIC,    58, -7.591714306596e-01, 4.726508547230e-05, 1.0810e+00, 4.4031e-03, 
 2DIAGNOSTIC,    59, -7.591918843698e-01, 1.658218200542e-05, 1.0854e+00, 4.3540e-03, 
 2DIAGNOSTIC,    60, -7.591676030719e-01, 4.749404149944e-06, 1.0893e+00, 3.9208e-03, 
 2DIAGNOSTIC,    61, -7.591976301305e-01, 4.501666256047e-06, 1.0932e+00, 3.9659e-03, 
 2DIAGNOSTIC,    62, -7.595611362695e-01, 7.475757251303e-06, 1.0971e+00, 3.8970e-03, 
 2DIAGNOSTIC,    63, -7.600459714097e-01, 1.282256365700e-05, 1.1011e+00, 3.9201e-03, 
 2DIAGNOSTIC,    64, -7.613344137335e-01, 2.506224221521e-05, 1.1074e+00, 6.3570e-03, 
 2DIAGNOSTIC,    65, -7.612705449156e-01, 3.341143607464e-05, 1.1113e+00, 3.9160e-03, 
 2DIAGNOSTIC,    66, -7.613369740407e-01, 3.920020586205e-05, 1.1157e+00, 4.4131e-03, 
 2DIAGNOSTIC,    67, -7.613558652877e-01, 4.171776314597e-05, 1.1196e+00, 3.8800e-03, 
 2DIAGNOSTIC,    68, -7.612673310056e-01, 4.034532846684e-05, 1.1236e+00, 3.9260e-03, 
 2DIAGNOSTIC,    69, -7.613059909827e-01, 3.546582462234e-05, 1.1280e+00, 4.4072e-03, 
 2DIAGNOSTIC,    70, -7.618017405660e-01, 3.020601667068e-05, 1.1338e+00, 5.8539e-03, 
 2DIAGNOSTIC,    71, -7.615817445569e-01, 2.114402137126e-05, 1.1377e+00, 3.8991e-03, 
 2DIAGNOSTIC,    72, -7.617085631316e-01, 1.326781476827e-05, 1.1416e+00, 3.8941e-03, 
 2DIAGNOSTIC,    73, -7.618606403301e-01, 7.815753617635e-06, 1.1470e+00, 5.3561e-03, 
 2DIAGNOSTIC,    74, -7.618607232911e-01, 8.974918325279e-06, 1.1509e+00, 3.8910e-03, 
 2DIAGNOSTIC,    75, -7.618610195378e-01, 8.893553278908e-06, 1.1548e+00, 3.8981e-03, 
 2DIAGNOSTIC,    76, -7.618618706600e-01, 8.382244381626e-06, 1.1586e+00, 3.8860e-03, 
 2DIAGNOSTIC,    77, -7.619830732054e-01, 7.918689687896e-06, 1.1632e+00, 4.5099e-03, 
 2DIAGNOSTIC,    78, -7.619850546406e-01, 6.265564611261e-06, 1.1695e+00, 6.3510e-03, 
 2DIAGNOSTIC,    79, -7.619850774793e-01, 4.225674606999e-06, 1.1741e+00, 4.5550e-03, 
 2DIAGNOSTIC,    80, -7.619850958130e-01, 4.477139679375e-06, 1.1780e+00, 3.9132e-03, 
 2DIAGNOSTIC,    81, -7.618652792393e-01, 2.604998619236e-06, 1.1819e+00, 3.8910e-03, 
 2DIAGNOSTIC,    82, -7.618654838435e-01, 1.190883017897e-06, 1.1857e+00, 3.8869e-03, 
DIAGNOSTIC,Iteration,metricValue,convergenceValue,ITERATION_TIME_INDEX,SINCE_LAST
 2DIAGNOSTIC,     1, -6.046116217746e-01, 1.797693134862e+308, 1.9115e+00, 7.2578e-01, 
 2DIAGNOSTIC,     2, -6.054644002831e-01, 1.797693134862e+308, 1.9394e+00, 2.7823e-02, 
 2DIAGNOSTIC,     3, -6.067788222791e-01, 1.797693134862e+308, 1.9663e+00, 2.6992e-02, 
 2DIAGNOSTIC,     4, -6.083037530535e-01, 1.797693134862e+308, 1.9944e+00, 2.8016e-02, 
 2DIAGNOSTIC,     5, -6.094623969479e-01, 1.797693134862e+308, 2.0261e+00, 3.1718e-02, 
 2DIAGNOSTIC,     6, -6.106344641914e-01, 1.797693134862e+308, 2.0539e+00, 2.7836e-02, 
 2DIAGNOSTIC,     7, -6.123652339243e-01, 1.797693134862e+308, 2.0819e+00, 2.8022e-02, 
 2DIAGNOSTIC,     8, -6.202874512649e-01, 1.797693134862e+308, 2.1248e+00, 4.2829e-02, 
 2DIAGNOSTIC,     9, -6.203936966693e-01, 1.797693134862e+308, 2.1582e+00, 3.3420e-02, 
 2DIAGNOSTIC,    10, -6.204656052165e-01, 1.883038260464e-03, 2.1874e+00, 2.9169e-02, 
 2DIAGNOSTIC,    11, -6.206116869378e-01, 1.729058406653e-03, 2.2185e+00, 3.1142e-02, 
 2DIAGNOSTIC,    12, -6.210256197105e-01, 1.492744834168e-03, 2.2604e+00, 4.1857e-02, 
 2DIAGNOSTIC,    13, -6.210856865931e-01, 1.202031159352e-03, 2.2923e+00, 3.1924e-02, 
 2DIAGNOSTIC,    14, -6.210865979039e-01, 8.942778741065e-04, 2.3242e+00, 3.1920e-02, 
 2DIAGNOSTIC,    15, -6.211060651888e-01, 5.866478815885e-04, 2.3540e+00, 2.9832e-02, 
 2DIAGNOSTIC,    16, -6.211196263158e-01, 2.997590029650e-04, 2.3908e+00, 3.6789e-02, 
 2DIAGNOSTIC,    17, -6.213816062392e-01, 6.732060520269e-05, 2.4265e+00, 3.5678e-02, 
 2DIAGNOSTIC,    18, -6.216815671242e-01, 6.541244606373e-05, 2.5175e+00, 9.1032e-02, 
 2DIAGNOSTIC,    19, -6.216815646395e-01, 6.041477131691e-05, 2.5440e+00, 2.6503e-02, 
 2DIAGNOSTIC,    20, -6.216815750999e-01, 5.233779297290e-05, 2.5709e+00, 2.6891e-02, 
 2DIAGNOSTIC,    21, -6.216815927827e-01, 4.335213045965e-05, 2.5979e+00, 2.7020e-02, 
 2DIAGNOSTIC,    22, -6.216816226680e-01, 3.980639210318e-05, 2.6258e+00, 2.7827e-02, 
 2DIAGNOSTIC,    23, -6.216816732174e-01, 3.407545660365e-05, 2.6537e+00, 2.7958e-02, 
 2DIAGNOSTIC,    24, -6.216817587289e-01, 2.583453511804e-05, 2.6811e+00, 2.7333e-02, 
 2DIAGNOSTIC,    25, -6.216819029926e-01, 1.645931664564e-05, 2.7114e+00, 3.0315e-02, 
 2DIAGNOSTIC,    26, -6.216821459423e-01, 6.557912757707e-06, 2.7395e+00, 2.8137e-02, 
 2DIAGNOSTIC,    27, -6.216825540382e-01, 1.216224923793e-06, 2.7662e+00, 2.6680e-02, 
 2DIAGNOSTIC,    28, -6.216832528721e-01, 1.193324233061e-06, 2.7948e+00, 2.8573e-02, 
 2DIAGNOSTIC,    29, -6.216844190495e-01, 1.185485052811e-06, 2.8217e+00, 2.6930e-02, 
 2DIAGNOSTIC,    30, -6.216863338020e-01, 1.199561437508e-06, 2.8484e+00, 2.6725e-02, 
 2DIAGNOSTIC,    31, -6.216894753025e-01, 1.246428637289e-06, 2.8773e+00, 2.8866e-02, 
 2DIAGNOSTIC,    32, -6.216943709970e-01, 1.339920885059e-06, 2.9085e+00, 3.1241e-02, 
 2DIAGNOSTIC,    33, -6.216782530942e-01, 1.170523969113e-06, 2.9393e+00, 3.0753e-02, 
DIAGNOSTIC,Iteration,metricValue,convergenceValue,ITERATION_TIME_INDEX,SINCE_LAST
 2DIAGNOSTIC,     1, -5.347976968304e-01, 1.797693134862e+308, 4.0112e+00, 1.0719e+00, 
 2DIAGNOSTIC,     2, -5.351527062476e-01, 1.797693134862e+308, 4.2226e+00, 2.1144e-01, 
 2DIAGNOSTIC,     3, -5.353571515375e-01, 1.797693134862e+308, 4.4371e+00, 2.1442e-01, 
 2DIAGNOSTIC,     4, -5.355043417488e-01, 1.797693134862e+308, 4.6312e+00, 1.9416e-01, 
 2DIAGNOSTIC,     5, -5.356506106262e-01, 1.797693134862e+308, 4.8342e+00, 2.0300e-01, 
 2DIAGNOSTIC,     6, -5.357623680223e-01, 1.797693134862e+308, 5.1398e+00, 3.0560e-01, 
 2DIAGNOSTIC,     7, -5.357617534342e-01, 1.797693134862e+308, 5.3905e+00, 2.5072e-01, 
 2DIAGNOSTIC,     8, -5.357632018280e-01, 1.797693134862e+308, 5.6841e+00, 2.9360e-01, 
 2DIAGNOSTIC,     9, -5.357744328395e-01, 1.797693134862e+308, 5.9411e+00, 2.5695e-01, 
 2DIAGNOSTIC,    10, -5.358155465497e-01, 1.085112640813e-04, 6.1774e+00, 2.3632e-01, 
 2DIAGNOSTIC,    11, -5.358607595655e-01, 6.804966208973e-05, 6.4515e+00, 2.7413e-01, 
 2DIAGNOSTIC,    12, -5.358634204890e-01, 4.418879898170e-05, 6.9057e+00, 4.5415e-01, 
 2DIAGNOSTIC,    13, -5.358591925106e-01, 2.844069070326e-05, 7.1775e+00, 2.7178e-01, 
 2DIAGNOSTIC,    14, -5.358621524591e-01, 1.818547301644e-05, 7.4401e+00, 2.6261e-01, 
 2DIAGNOSTIC,    15, -5.358626369723e-01, 1.288852293156e-05, 7.6709e+00, 2.3086e-01, 
 2DIAGNOSTIC,    16, -5.358620747179e-01, 1.092894367502e-05, 7.8679e+00, 1.9697e-01, 
 2DIAGNOSTIC,    17, -5.358628502596e-01, 8.401831133861e-06, 8.0595e+00, 1.9157e-01, 
 2DIAGNOSTIC,    18, -5.358628365053e-01, 5.622370051007e-06, 8.3394e+00, 2.7990e-01, 
 2DIAGNOSTIC,    19, -5.358652126026e-01, 3.140877077007e-06, 8.5722e+00, 2.3288e-01, 
 2DIAGNOSTIC,    20, -5.358631797061e-01, 1.770773328892e-06, 8.7944e+00, 2.2213e-01, 
 2DIAGNOSTIC,    21, -5.358622829596e-01, 1.634342298537e-06, 8.9941e+00, 1.9978e-01, 
 2DIAGNOSTIC,    22, -5.358614982380e-01, 1.549113246881e-06, 9.2530e+00, 2.5882e-01, 
 2DIAGNOSTIC,    23, -5.358618925357e-01, 1.370451059128e-06, 9.5046e+00, 2.5163e-01, 
 2DIAGNOSTIC,    24, -5.358600363329e-01, 1.230621890592e-06, 9.7560e+00, 2.5145e-01, 
 2DIAGNOSTIC,    25, -5.358604501145e-01, 1.132077334237e-06, 9.9793e+00, 2.2328e-01, 
 2DIAGNOSTIC,    26, -5.358589115126e-01, 1.011768812974e-06, 1.0198e+01, 2.1826e-01, 
 2DIAGNOSTIC,    27, -5.358652446709e-01, 1.060591477031e-06, 1.0442e+01, 2.4401e-01, 
 2DIAGNOSTIC,    28, -5.358673324892e-01, 1.150708149315e-06, 1.0670e+01, 2.2826e-01, 
 2DIAGNOSTIC,    29, -5.358658742783e-01, 1.251037744732e-06, 1.0938e+01, 2.6858e-01, 
 2DIAGNOSTIC,    30, -5.358639678053e-01, 1.263977880146e-06, 1.1199e+01, 2.6047e-01, 
 2DIAGNOSTIC,    31, -5.358630437553e-01, 1.226841541968e-06, 1.1429e+01, 2.3046e-01, 
 2DIAGNOSTIC,    32, -5.358633339578e-01, 1.162240551834e-06, 1.1658e+01, 2.2871e-01, 
 2DIAGNOSTIC,    33, -5.358657560748e-01, 1.129754314738e-06, 1.1866e+01, 2.0826e-01, 
 2DIAGNOSTIC,    34, -5.358661444697e-01, 1.060802264329e-06, 1.2062e+01, 1.9616e-01, 
 2DIAGNOSTIC,    35, -5.358700027352e-01, 1.051966346949e-06, 1.2292e+01, 2.2978e-01, 
 2DIAGNOSTIC,    36, -5.358757891069e-01, 1.089303661456e-06, 1.2550e+01, 2.5739e-01, 
 2DIAGNOSTIC,    37, -5.358726733835e-01, 1.147868960830e-06, 1.2776e+01, 2.2643e-01, 
 2DIAGNOSTIC,    38, -5.358706386269e-01, 1.179206561269e-06, 1.2979e+01, 2.0268e-01, 
 2DIAGNOSTIC,    39, -5.358708496213e-01, 1.161191530527e-06, 1.3208e+01, 2.2931e-01, 
 2DIAGNOSTIC,    40, -5.358721703150e-01, 1.102038414611e-06, 1.3411e+01, 2.0288e-01, 
DIAGNOSTIC,Iteration,metricValue,convergenceValue,ITERATION_TIME_INDEX,SINCE_LAST
 2DIAGNOSTIC,     1, -4.895831152680e-01, 1.797693134862e+308, 1.6110e+01, 2.6991e+00, 
 2DIAGNOSTIC,     2, -4.895860296140e-01, 1.797693134862e+308, 1.7592e+01, 1.4816e+00, 
 2DIAGNOSTIC,     3, -4.895913178999e-01, 1.797693134862e+308, 1.8984e+01, 1.3924e+00, 
 2DIAGNOSTIC,     4, -4.896128798227e-01, 1.797693134862e+308, 2.0573e+01, 1.5886e+00, 
 2DIAGNOSTIC,     5, -4.896653945597e-01, 1.797693134862e+308, 2.2539e+01, 1.9659e+00, 
 2DIAGNOSTIC,     6, -4.896606570259e-01, 1.797693134862e+308, 2.3923e+01, 1.3846e+00, 
 2DIAGNOSTIC,     7, -4.897163297971e-01, 1.797693134862e+308, 2.5550e+01, 1.6267e+00, 
 2DIAGNOSTIC,     8, -4.897323510875e-01, 1.797693134862e+308, 2.6881e+01, 1.3315e+00, 
 2DIAGNOSTIC,     9, -4.898086963495e-01, 1.797693134862e+308, 2.9046e+01, 2.1642e+00, 
 2DIAGNOSTIC,    10, -4.898186646474e-01, 3.664675017243e-05, 3.0638e+01, 1.5922e+00, 
 2DIAGNOSTIC,    11, -4.898174538528e-01, 3.497106545274e-05, 3.2460e+01, 1.8221e+00, 
 2DIAGNOSTIC,    12, -4.898184223640e-01, 3.095314704121e-05, 3.4111e+01, 1.6514e+00, 
 2DIAGNOSTIC,    13, -4.898185039974e-01, 2.520622162218e-05, 3.5506e+01, 1.3945e+00, 
 2DIAGNOSTIC,    14, -4.898226095020e-01, 1.919232515059e-05, 3.6966e+01, 1.4596e+00, 
 2DIAGNOSTIC,    15, -4.898289309997e-01, 1.473214229011e-05, 3.8371e+01, 1.4052e+00, 
 2DIAGNOSTIC,    16, -4.898431452974e-01, 1.000563749269e-05, 3.9670e+01, 1.2996e+00, 
 2DIAGNOSTIC,    17, -4.898768854328e-01, 8.161350931263e-06, 4.0957e+01, 1.2864e+00, 
 2DIAGNOSTIC,    18, -4.899166367624e-01, 7.648728461644e-06, 4.2412e+01, 1.4555e+00, 
 2DIAGNOSTIC,    19, -4.899335955732e-01, 9.468028120081e-06, 4.3980e+01, 1.5679e+00, 
 2DIAGNOSTIC,    20, -4.899400990120e-01, 1.087113192957e-05, 4.5922e+01, 1.9423e+00, 
 2DIAGNOSTIC,    21, -4.899477741100e-01, 1.146339575179e-05, 4.7556e+01, 1.6336e+00, 
 2DIAGNOSTIC,    22, -4.899475654795e-01, 1.108017060267e-05, 4.9371e+01, 1.8151e+00, 
 2DIAGNOSTIC,    23, -4.899484798118e-01, 9.842289537938e-06, 5.1340e+01, 1.9691e+00, 
 2DIAGNOSTIC,    24, -4.899486443413e-01, 8.022195871177e-06, 5.2812e+01, 1.4720e+00, 
 2DIAGNOSTIC,    25, -4.899484568725e-01, 5.871724075943e-06, 5.4439e+01, 1.6267e+00, 
 2DIAGNOSTIC,    26, -4.899482474261e-01, 3.759081114010e-06, 5.6273e+01, 1.8345e+00, 
 2DIAGNOSTIC,    27, -4.899481410555e-01, 2.268664833445e-06, 5.7574e+01, 1.3012e+00, 
 2DIAGNOSTIC,    28, -4.899479243015e-01, 1.594938174067e-06, 5.9055e+01, 1.4805e+00, 
 2DIAGNOSTIC,    29, -4.899479372653e-01, 1.261919649151e-06, 6.0531e+01, 1.4758e+00, 
 2DIAGNOSTIC,    30, -4.899479547533e-01, 1.057605479707e-06, 6.1837e+01, 1.3064e+00, 
 2DIAGNOSTIC,    31, -4.899479859845e-01, 1.011378550755e-06, 6.3217e+01, 1.3801e+00, 
  Elapsed time (stage 0): 6.4144e+01


Total elapsed time: 6.4146e+01
Info [verificarlo]: loaded backend libinterflop_vprec.so
Info [interflop-vprec]: load backend with: 
Info [interflop-vprec]: precision-binary32 = 16
Info [interflop-vprec]: range-binary32 = 8
Info [interflop-vprec]: precision-binary64 = 16
Info [interflop-vprec]: range-binary64 = 8
Info [interflop-vprec]: mode = ob
Info [interflop-vprec]: error-mode = rel
Info [interflop-vprec]: max-abs-error-exponent = -1022
Info [interflop-vprec]: daz = false
Info [interflop-vprec]: ftz = false
Info [interflop-vprec]: 	instrument = none
Info [interflop-vprec]: 	prec-input-file = (null)
Info [interflop-vprec]: 	prec-output-file = (null)
Info [interflop-vprec]: 	prec-log-file = (null)
All_Command_lines_OK
Using double precision for computations.
=============================================================================
The composite transform comprises the following transforms (in order): 
  1. /home/mdugre/scratch/mri-registration-rp/datasets/ds004513/derivatives/mri-registration-rp/0011/antsRegistration-r8-p16/sub-s025/rigid_Composite.h5[0] (type = Euler3DTransform)
  2. /home/mdugre/scratch/mri-registration-rp/datasets/ds004513/derivatives/mri-registration-rp/0011/antsRegistration-r8-p16/sub-s025/rigid_Composite.h5[1] (type = Euler3DTransform)
  3. /home/mdugre/scratch/mri-registration-rp/datasets/ds004513/derivatives/mri-registration-rp/0011/antsRegistration-r8-p16/sub-s025/rigid_Composite.h5[2] (type = Euler3DTransform)
=============================================================================
  number of levels = 4
  fixed image: /templateflow/tpl-MNI152NLin2009cAsym/tpl-MNI152NLin2009cAsym_res-01_desc-brain_T1w.nii.gz
  moving image: /home/mdugre/scratch/mri-registration-rp/datasets/ds004513/derivatives/mri-registration-rp/antsBrainExtraction/sub-s025/BrainExtractionBrain.nii.gz
Dimension = 3
Number of stages = 1
Use histogram matching = false
Winsorize image intensities = true
  Lower quantile = 0.005
  Upper quantile = 0.995


Stage 1 State
   Image metric = MattesMI
     Fixed image = Image (0x4249490)
  RTTI typeinfo:   itk::Image<double, 3u>
  Reference Count: 2
  Modified Time: 1592
  Debug: Off
  Object Name: 
  Observers: 
    none
  Source: (none)
  Source output name: (none)
  Release Data: Off
  Data Released: False
  Global Release Data: Off
  PipelineMTime: 0
  UpdateMTime: 1203
  RealTimeStamp: 0 seconds 
  LargestPossibleRegion: 
    Dimension: 3
    Index: [0, 0, 0]
    Size: [193, 229, 193]
  BufferedRegion: 
    Dimension: 3
    Index: [0, 0, 0]
    Size: [193, 229, 193]
  RequestedRegion: 
    Dimension: 3
    Index: [0, 0, 0]
    Size: [193, 229, 193]
  Spacing: [1, 1, 1]
  Origin: [96, 132, -78]
  Direction: 
-1 0 0
0 -1 0
0 0 1

  IndexToPointMatrix: 
-1 0 0
0 -1 0
0 0 1

  PointToIndexMatrix: 
-1 0 0
0 -1 0
0 0 1

  Inverse Direction: 
-1 0 0
0 -1 0
0 0 1

  PixelContainer: 
    ImportImageContainer (0x43148c0)
      RTTI typeinfo:   itk::ImportImageContainer<unsigned long, double>
      Reference Count: 1
      Modified Time: 1200
      Debug: Off
      Object Name: 
      Observers: 
        none
      Pointer: 0x14911e289010
      Container manages memory: true
      Size: 8530021
      Capacity: 8530021

     Moving image = Image (0x4304b60)
  RTTI typeinfo:   itk::Image<double, 3u>
  Reference Count: 2
  Modified Time: 1593
  Debug: Off
  Object Name: 
  Observers: 
    none
  Source: (none)
  Source output name: (none)
  Release Data: Off
  Data Released: False
  Global Release Data: Off
  PipelineMTime: 0
  UpdateMTime: 1590
  RealTimeStamp: 0 seconds 
  LargestPossibleRegion: 
    Dimension: 3
    Index: [0, 0, 0]
    Size: [176, 240, 256]
  BufferedRegion: 
    Dimension: 3
    Index: [0, 0, 0]
    Size: [176, 240, 256]
  RequestedRegion: 
    Dimension: 3
    Index: [0, 0, 0]
    Size: [176, 240, 256]
  Spacing: [1, 1, 1]
  Origin: [90.3779, 84.5088, -154.07]
  Direction: 
-0.99939 7.48184e-06 -0.0348969
-7.47666e-06 -1 -2.79531e-07
-0.0348969 -1.84482e-08 0.99939

  IndexToPointMatrix: 
-0.99939 7.48184e-06 -0.0348969
-7.47666e-06 -1 -2.79531e-07
-0.0348969 -1.84482e-08 0.99939

  PointToIndexMatrix: 
-0.99939 -7.47666e-06 -0.0348969
7.47666e-06 -1 1.30496e-07
-0.0348969 -1.30494e-07 0.99939

  Inverse Direction: 
-0.99939 -7.47666e-06 -0.0348969
7.47666e-06 -1 1.30496e-07
-0.0348969 -1.30494e-07 0.99939

  PixelContainer: 
    ImportImageContainer (0x43981d0)
      RTTI typeinfo:   itk::ImportImageContainer<unsigned long, double>
      Reference Count: 1
      Modified Time: 1587
      Debug: Off
      Object Name: 
      Observers: 
        none
      Pointer: 0x149119008010
      Container manages memory: true
      Size: 10813440
      Capacity: 10813440

     Weighting = 1
     Sampling strategy = regular
     Number of bins = 32
     Radius = 4
     Sampling percentage  = 0.25
   Transform = Affine
     Gradient step = 0.1
     Update field sigma (voxel space) = 0
     Total field sigma (voxel space) = 0
     Update field time sigma = 0
     Total field time sigma  = 0
     Number of time indices = 0
     Number of time point samples = 0
Registration using 1 total stages.

Stage 0
  iterations = 1000x500x250x100
  convergence threshold = 1e-06
  convergence window size = 10
  number of levels = 4
  using the Mattes MI metric (number of bins = 32, weight = 1, use gradient filter = 0)
  preprocessing:  winsorizing the image intensities
  Shrink factors (level 1 out of 4): [8, 8, 8]
  Shrink factors (level 2 out of 4): [4, 4, 4]
  Shrink factors (level 3 out of 4): [2, 2, 2]
  Shrink factors (level 4 out of 4): [1, 1, 1]
  smoothing sigmas per level: [3, 2, 1, 0]
  regular sampling (percentage = 0.25)

*** Running AffineTransform registration ***

DIAGNOSTIC,Iteration,metricValue,convergenceValue,ITERATION_TIME_INDEX,SINCE_LAST
 2DIAGNOSTIC,     1, -7.463556707130e-01, 1.797693134862e+308, 0.0000e+00, 0.0000e+00, 
 2DIAGNOSTIC,     2, -7.483711551773e-01, 1.797693134862e+308, 0.0000e+00, 0.0000e+00, 
 2DIAGNOSTIC,     3, -7.516779965936e-01, 1.797693134862e+308, 0.0000e+00, 0.0000e+00, 
 2DIAGNOSTIC,     4, -7.568224315773e-01, 1.797693134862e+308, 0.0000e+00, 0.0000e+00, 
 2DIAGNOSTIC,     5, -7.653501669639e-01, 1.797693134862e+308, 0.0000e+00, 0.0000e+00, 
 2DIAGNOSTIC,     6, -7.781921787317e-01, 1.797693134862e+308, 0.0000e+00, 0.0000e+00, 
 2DIAGNOSTIC,     7, -8.154325283416e-01, 1.797693134862e+308, 0.0000e+00, 0.0000e+00, 
 2DIAGNOSTIC,     8, -8.823372820524e-01, 1.797693134862e+308, 0.0000e+00, 0.0000e+00, 
 2DIAGNOSTIC,     9, -9.095402643990e-01, 1.797693134862e+308, 0.0000e+00, 0.0000e+00, 
 2DIAGNOSTIC,    10, -9.168261747529e-01, 1.523304368794e-02, 0.0000e+00, 0.0000e+00, 
 2DIAGNOSTIC,    11, -9.245702166820e-01, 1.543592687378e-02, 0.0000e+00, 0.0000e+00, 
 2DIAGNOSTIC,    12, -9.300130640706e-01, 1.442321120061e-02, 0.0000e+00, 0.0000e+00, 
 2DIAGNOSTIC,    13, -9.326747968226e-01, 1.241744763881e-02, 0.0000e+00, 0.0000e+00, 
 2DIAGNOSTIC,    14, -9.344881520753e-01, 9.774400836504e-03, 0.0000e+00, 0.0000e+00, 
 2DIAGNOSTIC,    15, -9.359073303372e-01, 6.877215480100e-03, 0.0000e+00, 0.0000e+00, 
 2DIAGNOSTIC,    16, -9.363514567753e-01, 4.027293474287e-03, 0.0000e+00, 0.0000e+00, 
 2DIAGNOSTIC,    17, -9.364790240452e-01, 1.871222431322e-03, 0.0000e+00, 0.0000e+00, 
 2DIAGNOSTIC,    18, -9.369496338987e-01, 1.024376413599e-03, 0.0000e+00, 0.0000e+00, 
 2DIAGNOSTIC,    19, -9.373671639215e-01, 6.546471255699e-04, 0.0000e+00, 0.0000e+00, 
 2DIAGNOSTIC,    20, -9.374677995699e-01, 3.824182556610e-04, 0.0000e+00, 0.0000e+00, 
 2DIAGNOSTIC,    21, -9.377193867512e-01, 2.249809914664e-04, 0.0000e+00, 0.0000e+00, 
 2DIAGNOSTIC,    22, -9.374021501875e-01, 1.370594526451e-04, 0.0000e+00, 0.0000e+00, 
 2DIAGNOSTIC,    23, -9.377947649400e-01, 8.722761134083e-05, 0.0000e+00, 0.0000e+00, 
 2DIAGNOSTIC,    24, -9.377871000655e-01, 5.732615911277e-05, 0.0000e+00, 0.0000e+00, 
 2DIAGNOSTIC,    25, -9.378724018987e-01, 4.396771056588e-05, 0.0000e+00, 0.0000e+00, 
 2DIAGNOSTIC,    26, -9.380231445781e-01, 3.514899345060e-05, 0.0000e+00, 0.0000e+00, 
 2DIAGNOSTIC,    27, -9.381270605390e-01, 2.649456097169e-05, 0.0000e+00, 0.0000e+00, 
 2DIAGNOSTIC,    28, -9.381455447286e-01, 2.155810397482e-05, 0.0000e+00, 0.0000e+00, 
 2DIAGNOSTIC,    29, -9.381462737093e-01, 1.961900681723e-05, 0.0000e+00, 0.0000e+00, 
 2DIAGNOSTIC,    30, -9.381447287295e-01, 1.707303769152e-05, 0.0000e+00, 0.0000e+00, 
 2DIAGNOSTIC,    31, -9.380044997323e-01, 1.444254195366e-05, 0.0000e+00, 0.0000e+00, 
 2DIAGNOSTIC,    32, -9.379946297888e-01, 7.393138365841e-06, 0.0000e+00, 0.0000e+00, 
 2DIAGNOSTIC,    33, -9.380036744401e-01, 4.058874655120e-06, 0.0000e+00, 0.0000e+00, 
DIAGNOSTIC,Iteration,metricValue,convergenceValue,ITERATION_TIME_INDEX,SINCE_LAST
 2DIAGNOSTIC,     1, -7.505138901565e-01, 1.797693134862e+308, 0.0000e+00, 0.0000e+00, 
 2DIAGNOSTIC,     2, -7.509156194678e-01, 1.797693134862e+308, 0.0000e+00, 0.0000e+00, 
 2DIAGNOSTIC,     3, -7.513790176218e-01, 1.797693134862e+308, 0.0000e+00, 0.0000e+00, 
 2DIAGNOSTIC,     4, -7.521421875591e-01, 1.797693134862e+308, 0.0000e+00, 0.0000e+00, 
 2DIAGNOSTIC,     5, -7.535264624203e-01, 1.797693134862e+308, 0.0000e+00, 0.0000e+00, 
 2DIAGNOSTIC,     6, -7.542435393255e-01, 1.797693134862e+308, 0.0000e+00, 0.0000e+00, 
 2DIAGNOSTIC,     7, -7.542871495920e-01, 1.797693134862e+308, 0.0000e+00, 0.0000e+00, 
 2DIAGNOSTIC,     8, -7.542920922608e-01, 1.797693134862e+308, 0.0000e+00, 0.0000e+00, 
 2DIAGNOSTIC,     9, -7.542719926266e-01, 1.797693134862e+308, 0.0000e+00, 0.0000e+00, 
 2DIAGNOSTIC,    10, -7.542926832873e-01, 3.759262134721e-04, 0.0000e+00, 0.0000e+00, 
 2DIAGNOSTIC,    11, -7.543372400193e-01, 2.713996486240e-04, 0.0000e+00, 0.0000e+00, 
 2DIAGNOSTIC,    12, -7.544242655923e-01, 1.760436816339e-04, 0.0000e+00, 0.0000e+00, 
 2DIAGNOSTIC,    13, -7.545230534680e-01, 9.617555367702e-05, 0.0000e+00, 0.0000e+00, 
 2DIAGNOSTIC,    14, -7.546811503169e-01, 4.320411608529e-05, 0.0000e+00, 0.0000e+00, 
 2DIAGNOSTIC,    15, -7.546925753075e-01, 2.810375959754e-05, 0.0000e+00, 0.0000e+00, 
 2DIAGNOSTIC,    16, -7.546490903453e-01, 2.840014440567e-05, 0.0000e+00, 0.0000e+00, 
 2DIAGNOSTIC,    17, -7.546489315872e-01, 2.723530198247e-05, 0.0000e+00, 0.0000e+00, 
 2DIAGNOSTIC,    18, -7.546515575820e-01, 2.398586679705e-05, 0.0000e+00, 0.0000e+00, 
 2DIAGNOSTIC,    19, -7.546415853026e-01, 1.837259812310e-05, 0.0000e+00, 0.0000e+00, 
 2DIAGNOSTIC,    20, -7.546395391198e-01, 1.214045246377e-05, 0.0000e+00, 0.0000e+00, 
 2DIAGNOSTIC,    21, -7.546381144311e-01, 6.328095484995e-06, 0.0000e+00, 0.0000e+00, 
 2DIAGNOSTIC,    22, -7.546391161410e-01, 2.090336422754e-06, 0.0000e+00, 0.0000e+00, 
DIAGNOSTIC,Iteration,metricValue,convergenceValue,ITERATION_TIME_INDEX,SINCE_LAST
 2DIAGNOSTIC,     1, -6.419560770876e-01, 1.797693134862e+308, 0.0000e+00, 0.0000e+00, 
 2DIAGNOSTIC,     2, -6.424013636942e-01, 1.797693134862e+308, 0.0000e+00, 0.0000e+00, 
 2DIAGNOSTIC,     3, -6.428546327715e-01, 1.797693134862e+308, 0.0000e+00, 0.0000e+00, 
 2DIAGNOSTIC,     4, -6.432980419763e-01, 1.797693134862e+308, 0.0000e+00, 0.0000e+00, 
 2DIAGNOSTIC,     5, -6.438798989232e-01, 1.797693134862e+308, 0.0000e+00, 0.0000e+00, 
 2DIAGNOSTIC,     6, -6.446266291125e-01, 1.797693134862e+308, 0.0000e+00, 0.0000e+00, 
 2DIAGNOSTIC,     7, -6.447943503898e-01, 1.797693134862e+308, 0.0000e+00, 0.0000e+00, 
 2DIAGNOSTIC,     8, -6.448164110492e-01, 1.797693134862e+308, 0.0000e+00, 0.0000e+00, 
 2DIAGNOSTIC,     9, -6.448287909410e-01, 1.797693134862e+308, 0.0000e+00, 0.0000e+00, 
 2DIAGNOSTIC,    10, -6.448316873960e-01, 3.207968690910e-04, 0.0000e+00, 0.0000e+00, 
 2DIAGNOSTIC,    11, -6.448344705579e-01, 2.315824734614e-04, 0.0000e+00, 0.0000e+00, 
 2DIAGNOSTIC,    12, -6.448338239335e-01, 1.529676213670e-04, 0.0000e+00, 0.0000e+00, 
 2DIAGNOSTIC,    13, -6.448306773795e-01, 8.835642308024e-05, 0.0000e+00, 0.0000e+00, 
 2DIAGNOSTIC,    14, -6.448316007985e-01, 3.902460912249e-05, 0.0000e+00, 0.0000e+00, 
 2DIAGNOSTIC,    15, -6.448331808333e-01, 9.516782175964e-06, 0.0000e+00, 0.0000e+00, 
