
##########################
# Experiment information #
##########################

EXPERIMENT_NAME: antsRegistration-r7-p22
VFC_BACKENDS: libinterflop_vprec.so --range-binary32=7 --precision-binary32=22 --range-binary64=7 --precision-binary64=22

SIF_IMG: /home/mdugre/projects/rrg-glatard/mdugre/containers/ants-vprec-no_metrics.simg

SUBJECT_ID: s017
INPUT_IMG: /home/mdugre/scratch/mri-registration-rp/datasets/ds004513/derivatives/mri-registration-rp/antsBrainExtraction/sub-s017/BrainExtractionBrain.nii.gz
OUTPUT_DIR: /home/mdugre/scratch/mri-registration-rp/datasets/ds004513/derivatives/mri-registration-rp/0011/antsRegistration-r7-p22/sub-s017

FIXED_IMG: /templateflow/tpl-MNI152NLin2009cAsym/tpl-MNI152NLin2009cAsym_res-01_desc-brain_T1w.nii.gz
DATA_DIR: /home/mdugre/scratch/mri-registration-rp/datasets/ds004513
TEMPLATEFLOW_DIR: /home/mdugre/projects/rrg-glatard/mdugre/templateflow
ITK_GLOBAL_DEFAULT_NUMBER_OF_THREADS: 16
##########################

Info [verificarlo]: loaded backend libinterflop_ieee.so
Info [interflop-ieee]: load backend with:
Info [interflop-ieee]: debug = false
Info [interflop-ieee]: debug-binary = false
Info [interflop-ieee]: no-backend-name = false
Info [interflop-ieee]: print-new-line = false
Info [interflop-ieee]: print-subnormal-normalized = false
Info [interflop-ieee]: count-op = false
All_Command_lines_OK
Using double precision for computations.
=============================================================================
The composite transform comprises the following transforms (in order): 
  1. Center of mass alignment using fixed image: /templateflow/tpl-MNI152NLin2009cAsym/tpl-MNI152NLin2009cAsym_res-01_desc-brain_T1w.nii.gz and moving image: /home/mdugre/scratch/mri-registration-rp/datasets/ds004513/derivatives/mri-registration-rp/antsBrainExtraction/sub-s017/BrainExtractionBrain.nii.gz (type = Euler3DTransform)
=============================================================================
  number of levels = 1
  fixed image: /templateflow/tpl-MNI152NLin2009cAsym/tpl-MNI152NLin2009cAsym_res-01_desc-brain_T1w.nii.gz
  moving image: /home/mdugre/scratch/mri-registration-rp/datasets/ds004513/derivatives/mri-registration-rp/antsBrainExtraction/sub-s017/BrainExtractionBrain.nii.gz
Dimension = 3
Number of stages = 1
Use histogram matching = false
Winsorize image intensities = true
  Lower quantile = 0.005
  Upper quantile = 0.995


Stage 1 State
   Image metric = MattesMI
     Fixed image = Image (0x3718e70)
  RTTI typeinfo:   itk::Image<double, 3u>
  Reference Count: 2
  Modified Time: 2334
  Debug: Off
  Object Name: 
  Observers: 
    none
  Source: (none)
  Source output name: (none)
  Release Data: Off
  Data Released: False
  Global Release Data: Off
  PipelineMTime: 0
  UpdateMTime: 1943
  RealTimeStamp: 0 seconds 
  LargestPossibleRegion: 
    Dimension: 3
    Index: [0, 0, 0]
    Size: [193, 229, 193]
  BufferedRegion: 
    Dimension: 3
    Index: [0, 0, 0]
    Size: [193, 229, 193]
  RequestedRegion: 
    Dimension: 3
    Index: [0, 0, 0]
    Size: [193, 229, 193]
  Spacing: [1, 1, 1]
  Origin: [96, 132, -78]
  Direction: 
-1 0 0
0 -1 0
0 0 1

  IndexToPointMatrix: 
-1 0 0
0 -1 0
0 0 1

  PointToIndexMatrix: 
-1 0 0
0 -1 0
0 0 1

  Inverse Direction: 
-1 0 0
0 -1 0
0 0 1

  PixelContainer: 
    ImportImageContainer (0x3721c60)
      RTTI typeinfo:   itk::ImportImageContainer<unsigned long, double>
      Reference Count: 1
      Modified Time: 1940
      Debug: Off
      Object Name: 
      Observers: 
        none
      Pointer: 0x148514f73010
      Container manages memory: true
      Size: 8530021
      Capacity: 8530021

     Moving image = Image (0x3724610)
  RTTI typeinfo:   itk::Image<double, 3u>
  Reference Count: 2
  Modified Time: 2335
  Debug: Off
  Object Name: 
  Observers: 
    none
  Source: (none)
  Source output name: (none)
  Release Data: Off
  Data Released: False
  Global Release Data: Off
  PipelineMTime: 0
  UpdateMTime: 2332
  RealTimeStamp: 0 seconds 
  LargestPossibleRegion: 
    Dimension: 3
    Index: [0, 0, 0]
    Size: [160, 240, 256]
  BufferedRegion: 
    Dimension: 3
    Index: [0, 0, 0]
    Size: [160, 240, 256]
  RequestedRegion: 
    Dimension: 3
    Index: [0, 0, 0]
    Size: [160, 240, 256]
  Spacing: [1, 1, 1]
  Origin: [91.3357, 102.231, -120.042]
  Direction: 
-0.997442 -5.36781e-05 -0.0714818
5.35416e-05 -1 3.82465e-06
-0.0714818 -1.23894e-08 0.997442

  IndexToPointMatrix: 
-0.997444 -5.36781e-05 -0.0714818
5.35418e-05 -1 3.82465e-06
-0.0714819 -1.23894e-08 0.997442

  PointToIndexMatrix: 
-0.99744 5.35415e-05 -0.0714816
-5.36781e-05 -1 -1.23894e-08
-0.0714818 3.82465e-06 0.997442

  Inverse Direction: 
-0.997442 5.35416e-05 -0.0714818
-5.36781e-05 -1 -1.23894e-08
-0.0714818 3.82465e-06 0.997442

  PixelContainer: 
    ImportImageContainer (0x37bdef0)
      RTTI typeinfo:   itk::ImportImageContainer<unsigned long, double>
      Reference Count: 1
      Modified Time: 2329
      Debug: Off
      Object Name: 
      Observers: 
        none
      Pointer: 0x148510472010
      Container manages memory: true
      Size: 9830400
      Capacity: 9830400

     Weighting = 1
     Sampling strategy = regular
     Number of bins = 32
     Radius = 4
     Sampling percentage  = 0.25
   Transform = Rigid
     Gradient step = 0.1
     Update field sigma (voxel space) = 0
     Total field sigma (voxel space) = 0
     Update field time sigma = 0
     Total field time sigma  = 0
     Number of time indices = 0
     Number of time point samples = 0
Registration using 1 total stages.

Stage 0
  iterations = 0
  convergence threshold = 1e-06
  convergence window size = 10
  number of levels = 1
  using the Mattes MI metric (number of bins = 32, weight = 1, use gradient filter = 0)
  preprocessing:  winsorizing the image intensities
  Shrink factors (level 1 out of 1): [1, 1, 1]
  smoothing sigmas per level: [0]
  regular sampling (percentage = 0.25)

*** Running Euler3DTransform registration ***

  Elapsed time (stage 0): 1.16795


Total elapsed time: 1.17019
Info [verificarlo]: loaded backend libinterflop_ieee.so
Info [interflop-ieee]: load backend with:
Info [interflop-ieee]: debug = false
Info [interflop-ieee]: debug-binary = false
Info [interflop-ieee]: no-backend-name = false
Info [interflop-ieee]: print-new-line = false
Info [interflop-ieee]: print-subnormal-normalized = false
Info [interflop-ieee]: count-op = false
All_Command_lines_OK
Using double precision for computations.
=============================================================================
The composite transform comprises the following transforms (in order): 
  1. /home/mdugre/scratch/mri-registration-rp/datasets/ds004513/derivatives/mri-registration-rp/0011/antsRegistration-r7-p22/sub-s017/align_Composite.h5[0] (type = Euler3DTransform)
  2. /home/mdugre/scratch/mri-registration-rp/datasets/ds004513/derivatives/mri-registration-rp/0011/antsRegistration-r7-p22/sub-s017/align_Composite.h5[1] (type = Euler3DTransform)
=============================================================================
  number of levels = 4
  fixed image: /templateflow/tpl-MNI152NLin2009cAsym/tpl-MNI152NLin2009cAsym_res-01_desc-brain_T1w.nii.gz
  moving image: /home/mdugre/scratch/mri-registration-rp/datasets/ds004513/derivatives/mri-registration-rp/antsBrainExtraction/sub-s017/BrainExtractionBrain.nii.gz
Dimension = 3
Number of stages = 1
Use histogram matching = false
Winsorize image intensities = true
  Lower quantile = 0.005
  Upper quantile = 0.995


Stage 1 State
   Image metric = MattesMI
     Fixed image = Image (0x333a530)
  RTTI typeinfo:   itk::Image<double, 3u>
  Reference Count: 2
  Modified Time: 1580
  Debug: Off
  Object Name: 
  Observers: 
    none
  Source: (none)
  Source output name: (none)
  Release Data: Off
  Data Released: False
  Global Release Data: Off
  PipelineMTime: 0
  UpdateMTime: 1189
  RealTimeStamp: 0 seconds 
  LargestPossibleRegion: 
    Dimension: 3
    Index: [0, 0, 0]
    Size: [193, 229, 193]
  BufferedRegion: 
    Dimension: 3
    Index: [0, 0, 0]
    Size: [193, 229, 193]
  RequestedRegion: 
    Dimension: 3
    Index: [0, 0, 0]
    Size: [193, 229, 193]
  Spacing: [1, 1, 1]
  Origin: [96, 132, -78]
  Direction: 
-1 0 0
0 -1 0
0 0 1

  IndexToPointMatrix: 
-1 0 0
0 -1 0
0 0 1

  PointToIndexMatrix: 
-1 0 0
0 -1 0
0 0 1

  Inverse Direction: 
-1 0 0
0 -1 0
0 0 1

  PixelContainer: 
    ImportImageContainer (0x33f8d60)
      RTTI typeinfo:   itk::ImportImageContainer<unsigned long, double>
      Reference Count: 1
      Modified Time: 1186
      Debug: Off
      Object Name: 
      Observers: 
        none
      Pointer: 0x146732a98010
      Container manages memory: true
      Size: 8530021
      Capacity: 8530021

     Moving image = Image (0x33eaf60)
  RTTI typeinfo:   itk::Image<double, 3u>
  Reference Count: 2
  Modified Time: 1581
  Debug: Off
  Object Name: 
  Observers: 
    none
  Source: (none)
  Source output name: (none)
  Release Data: Off
  Data Released: False
  Global Release Data: Off
  PipelineMTime: 0
  UpdateMTime: 1578
  RealTimeStamp: 0 seconds 
  LargestPossibleRegion: 
    Dimension: 3
    Index: [0, 0, 0]
    Size: [160, 240, 256]
  BufferedRegion: 
    Dimension: 3
    Index: [0, 0, 0]
    Size: [160, 240, 256]
  RequestedRegion: 
    Dimension: 3
    Index: [0, 0, 0]
    Size: [160, 240, 256]
  Spacing: [1, 1, 1]
  Origin: [91.3357, 102.231, -120.042]
  Direction: 
-0.997442 -5.36781e-05 -0.0714818
5.35416e-05 -1 3.82465e-06
-0.0714818 -1.23894e-08 0.997442

  IndexToPointMatrix: 
-0.997444 -5.36781e-05 -0.0714818
5.35418e-05 -1 3.82465e-06
-0.0714819 -1.23894e-08 0.997442

  PointToIndexMatrix: 
-0.99744 5.35415e-05 -0.0714816
-5.36781e-05 -1 -1.23894e-08
-0.0714818 3.82465e-06 0.997442

  Inverse Direction: 
-0.997442 5.35416e-05 -0.0714818
-5.36781e-05 -1 -1.23894e-08
-0.0714818 3.82465e-06 0.997442

  PixelContainer: 
    ImportImageContainer (0x33dc6d0)
      RTTI typeinfo:   itk::ImportImageContainer<unsigned long, double>
      Reference Count: 1
      Modified Time: 1575
      Debug: Off
      Object Name: 
      Observers: 
        none
      Pointer: 0x14672df97010
      Container manages memory: true
      Size: 9830400
      Capacity: 9830400

     Weighting = 1
     Sampling strategy = regular
     Number of bins = 32
     Radius = 4
     Sampling percentage  = 0.25
   Transform = Rigid
     Gradient step = 0.1
     Update field sigma (voxel space) = 0
     Total field sigma (voxel space) = 0
     Update field time sigma = 0
     Total field time sigma  = 0
     Number of time indices = 0
     Number of time point samples = 0
Registration using 1 total stages.

Stage 0
  iterations = 1000x500x250x100
  convergence threshold = 1e-06
  convergence window size = 10
  number of levels = 4
  using the Mattes MI metric (number of bins = 32, weight = 1, use gradient filter = 0)
  preprocessing:  winsorizing the image intensities
  Shrink factors (level 1 out of 4): [8, 8, 8]
  Shrink factors (level 2 out of 4): [4, 4, 4]
  Shrink factors (level 3 out of 4): [2, 2, 2]
  Shrink factors (level 4 out of 4): [1, 1, 1]
  smoothing sigmas per level: [3, 2, 1, 0]
  regular sampling (percentage = 0.25)

*** Running Euler3DTransform registration ***

DIAGNOSTIC,Iteration,metricValue,convergenceValue,ITERATION_TIME_INDEX,SINCE_LAST
 2DIAGNOSTIC,     1, -5.567767283252e-01, 1.797693134862e+308, 7.3153e-01, 7.3153e-01, 
 2DIAGNOSTIC,     2, -5.584239703569e-01, 1.797693134862e+308, 7.3636e-01, 4.8320e-03, 
 2DIAGNOSTIC,     3, -5.612715515272e-01, 1.797693134862e+308, 7.4161e-01, 5.2550e-03, 
 2DIAGNOSTIC,     4, -5.637780194106e-01, 1.797693134862e+308, 7.4644e-01, 4.8299e-03, 
 2DIAGNOSTIC,     5, -5.658229214212e-01, 1.797693134862e+308, 7.5085e-01, 4.4050e-03, 
 2DIAGNOSTIC,     6, -5.696445468689e-01, 1.797693134862e+308, 7.5515e-01, 4.3001e-03, 
 2DIAGNOSTIC,     7, -5.734118275242e-01, 1.797693134862e+308, 7.5928e-01, 4.1261e-03, 
 2DIAGNOSTIC,     8, -5.754533484979e-01, 1.797693134862e+308, 7.6515e-01, 5.8711e-03, 
 2DIAGNOSTIC,     9, -5.763021950250e-01, 1.797693134862e+308, 7.6914e-01, 3.9971e-03, 
 2DIAGNOSTIC,    10, -5.771142770255e-01, 2.558085388189e-03, 7.7447e-01, 5.3239e-03, 
 2DIAGNOSTIC,    11, -5.785125587612e-01, 2.176117873031e-03, 7.7864e-01, 4.1721e-03, 
 2DIAGNOSTIC,    12, -5.799413348090e-01, 1.786767970983e-03, 7.8343e-01, 4.7901e-03, 
 2DIAGNOSTIC,    13, -5.809477908980e-01, 1.443124036835e-03, 7.8825e-01, 4.8161e-03, 
 2DIAGNOSTIC,    14, -5.814655964876e-01, 1.127354078216e-03, 7.9243e-01, 4.1831e-03, 
 2DIAGNOSTIC,    15, -5.819093877219e-01, 8.331089413526e-04, 7.9709e-01, 4.6630e-03, 
 2DIAGNOSTIC,    16, -5.822326442998e-01, 6.258215683233e-04, 8.0182e-01, 4.7309e-03, 
 2DIAGNOSTIC,    17, -5.825793599843e-01, 5.040365830239e-04, 8.0611e-01, 4.2911e-03, 
 2DIAGNOSTIC,    18, -5.863713925916e-01, 5.095725576653e-04, 8.1076e-01, 4.6499e-03, 
 2DIAGNOSTIC,    19, -5.901617810168e-01, 5.855607354925e-04, 8.1891e-01, 8.1511e-03, 
 2DIAGNOSTIC,    20, -5.906016223817e-01, 6.286272500336e-04, 8.2405e-01, 5.1332e-03, 
 2DIAGNOSTIC,    21, -5.907365705867e-01, 6.467002963871e-04, 8.2865e-01, 4.6020e-03, 
 2DIAGNOSTIC,    22, -5.906256574995e-01, 6.330265936419e-04, 8.3338e-01, 4.7300e-03, 
 2DIAGNOSTIC,    23, -5.906307681711e-01, 5.816453055218e-04, 8.3745e-01, 4.0720e-03, 
 2DIAGNOSTIC,    24, -5.905636622011e-01, 4.878472529260e-04, 8.4149e-01, 4.0371e-03, 
 2DIAGNOSTIC,    25, -5.906024985371e-01, 3.662279783992e-04, 8.4601e-01, 4.5211e-03, 
 2DIAGNOSTIC,    26, -5.906025304325e-01, 2.276984665098e-04, 8.5006e-01, 4.0469e-03, 
 2DIAGNOSTIC,    27, -5.906211320575e-01, 8.394584288914e-05, 8.5411e-01, 4.0529e-03, 
 2DIAGNOSTIC,    28, -5.908796758314e-01, 1.198925031261e-05, 8.5851e-01, 4.4048e-03, 
 2DIAGNOSTIC,    29, -5.911411552396e-01, 1.217108543295e-05, 8.6342e-01, 4.9009e-03, 
 2DIAGNOSTIC,    30, -5.915241330963e-01, 2.456301684542e-05, 8.6958e-01, 6.1691e-03, 
 2DIAGNOSTIC,    31, -5.916229825992e-01, 3.758205306037e-05, 8.7386e-01, 4.2782e-03, 
 2DIAGNOSTIC,    32, -5.916651208816e-01, 4.532975448766e-05, 8.7796e-01, 4.0979e-03, 
 2DIAGNOSTIC,    33, -5.916874987632e-01, 4.885284294152e-05, 8.8199e-01, 4.0340e-03, 
 2DIAGNOSTIC,    34, -5.917053822200e-01, 4.682712858289e-05, 8.8688e-01, 4.8890e-03, 
 2DIAGNOSTIC,    35, -5.917390904868e-01, 4.153275816956e-05, 8.9837e-01, 1.1490e-02, 
 2DIAGNOSTIC,    36, -5.917390912695e-01, 3.272086429127e-05, 9.0256e-01, 4.1909e-03, 
 2DIAGNOSTIC,    37, -5.917391070342e-01, 2.163060314673e-05, 9.0692e-01, 4.3559e-03, 
 2DIAGNOSTIC,    38, -5.917391330930e-01, 1.245673595293e-05, 9.1114e-01, 4.2162e-03, 
 2DIAGNOSTIC,    39, -5.917391754735e-01, 5.801896390708e-06, 9.1565e-01, 4.5118e-03, 
 2DIAGNOSTIC,    40, -5.917392424312e-01, 3.643428654623e-06, 9.2007e-01, 4.4210e-03, 
 2DIAGNOSTIC,    41, -5.917393428829e-01, 2.487109300713e-06, 9.2449e-01, 4.4241e-03, 
 2DIAGNOSTIC,    42, -5.917394845335e-01, 1.715730318722e-06, 9.2903e-01, 4.5371e-03, 
 2DIAGNOSTIC,    43, -5.917396625587e-01, 1.144189315481e-06, 9.3339e-01, 4.3571e-03, 
DIAGNOSTIC,Iteration,metricValue,convergenceValue,ITERATION_TIME_INDEX,SINCE_LAST
 2DIAGNOSTIC,     1, -4.784004501428e-01, 1.797693134862e+308, 1.6787e+00, 7.4532e-01, 
 2DIAGNOSTIC,     2, -4.783999131498e-01, 1.797693134862e+308, 1.7117e+00, 3.3040e-02, 
 2DIAGNOSTIC,     3, -4.784190365435e-01, 1.797693134862e+308, 1.7427e+00, 3.0912e-02, 
 2DIAGNOSTIC,     4, -4.785028756520e-01, 1.797693134862e+308, 1.7697e+00, 2.7057e-02, 
 2DIAGNOSTIC,     5, -4.786647485440e-01, 1.797693134862e+308, 1.7970e+00, 2.7325e-02, 
 2DIAGNOSTIC,     6, -4.788099932969e-01, 1.797693134862e+308, 1.8241e+00, 2.7082e-02, 
 2DIAGNOSTIC,     7, -4.794645847229e-01, 1.797693134862e+308, 1.8521e+00, 2.7977e-02, 
 2DIAGNOSTIC,     8, -4.813619171764e-01, 1.797693134862e+308, 1.8892e+00, 3.7149e-02, 
 2DIAGNOSTIC,     9, -4.817935635332e-01, 1.797693134862e+308, 1.9200e+00, 3.0764e-02, 
 2DIAGNOSTIC,    10, -4.822647496871e-01, 5.583367502784e-04, 1.9475e+00, 2.7472e-02, 
 2DIAGNOSTIC,    11, -4.831344909909e-01, 6.366384572831e-04, 1.9777e+00, 3.0208e-02, 
 2DIAGNOSTIC,    12, -4.835768992620e-01, 6.653898035020e-04, 2.0212e+00, 4.3473e-02, 
 2DIAGNOSTIC,    13, -4.835677565334e-01, 6.290342969451e-04, 2.0557e+00, 3.4509e-02, 
 2DIAGNOSTIC,    14, -4.835733047851e-01, 5.452729208562e-04, 2.0928e+00, 3.7143e-02, 
 2DIAGNOSTIC,    15, -4.835701547262e-01, 4.305772096905e-04, 2.1233e+00, 3.0520e-02, 
 2DIAGNOSTIC,    16, -4.835566913016e-01, 2.956272805084e-04, 2.1542e+00, 3.0893e-02, 
 2DIAGNOSTIC,    17, -4.835523104097e-01, 1.703980276142e-04, 2.1809e+00, 2.6692e-02, 
 2DIAGNOSTIC,    18, -4.835483887840e-01, 1.058854946864e-04, 2.2077e+00, 2.6796e-02, 
 2DIAGNOSTIC,    19, -4.835469915476e-01, 5.203914180134e-05, 2.2351e+00, 2.7349e-02, 
 2DIAGNOSTIC,    20, -4.835401827380e-01, 1.204163296228e-05, 2.2668e+00, 3.1732e-02, 
DIAGNOSTIC,Iteration,metricValue,convergenceValue,ITERATION_TIME_INDEX,SINCE_LAST
 2DIAGNOSTIC,     1, -4.161561167866e-01, 1.797693134862e+308, 3.4262e+00, 1.1594e+00, 
 2DIAGNOSTIC,     2, -4.161756893439e-01, 1.797693134862e+308, 3.7120e+00, 2.8581e-01, 
 2DIAGNOSTIC,     3, -4.161696114510e-01, 1.797693134862e+308, 3.9701e+00, 2.5813e-01, 
 2DIAGNOSTIC,     4, -4.161681503554e-01, 1.797693134862e+308, 4.3717e+00, 4.0162e-01, 
 2DIAGNOSTIC,     5, -4.161678896604e-01, 1.797693134862e+308, 4.6255e+00, 2.5379e-01, 
 2DIAGNOSTIC,     6, -4.161669123586e-01, 1.797693134862e+308, 4.8798e+00, 2.5428e-01, 
 2DIAGNOSTIC,     7, -4.161667485645e-01, 1.797693134862e+308, 5.1328e+00, 2.5301e-01, 
 2DIAGNOSTIC,     8, -4.161656816017e-01, 1.797693134862e+308, 5.3467e+00, 2.1389e-01, 
 2DIAGNOSTIC,     9, -4.161650043540e-01, 1.797693134862e+308, 5.6012e+00, 2.5450e-01, 
 2DIAGNOSTIC,    10, -4.161655463815e-01, 2.943366673613e-06, 5.8968e+00, 2.9559e-01, 
 2DIAGNOSTIC,    11, -4.161636420996e-01, 1.720591505827e-06, 6.1452e+00, 2.4841e-01, 
 2DIAGNOSTIC,    12, -4.161624970810e-01, 1.867462472688e-06, 6.3912e+00, 2.4603e-01, 
 2DIAGNOSTIC,    13, -4.161615819746e-01, 1.698398057318e-06, 6.6144e+00, 2.2319e-01, 
 2DIAGNOSTIC,    14, -4.161624603297e-01, 1.592444845877e-06, 6.8871e+00, 2.7266e-01, 
 2DIAGNOSTIC,    15, -4.161620529816e-01, 1.530180440260e-06, 7.1424e+00, 2.5528e-01, 
 2DIAGNOSTIC,    16, -4.161603835108e-01, 1.417836923090e-06, 7.3764e+00, 2.3407e-01, 
 2DIAGNOSTIC,    17, -4.161625251484e-01, 1.455414126265e-06, 7.6293e+00, 2.5286e-01, 
 2DIAGNOSTIC,    18, -4.161617349628e-01, 1.453854870118e-06, 7.8448e+00, 2.1548e-01, 
 2DIAGNOSTIC,    19, -4.161656140596e-01, 1.594928510547e-06, 8.0991e+00, 2.5435e-01, 
 2DIAGNOSTIC,    20, -4.161678254534e-01, 1.821576335527e-06, 8.4533e+00, 3.5422e-01, 
 2DIAGNOSTIC,    21, -4.161672172263e-01, 1.924327032374e-06, 8.7130e+00, 2.5966e-01, 
 2DIAGNOSTIC,    22, -4.161665846127e-01, 1.927748315270e-06, 8.9827e+00, 2.6967e-01, 
 2DIAGNOSTIC,    23, -4.161660793969e-01, 1.843028038136e-06, 9.2383e+00, 2.5564e-01, 
 2DIAGNOSTIC,    24, -4.161655365536e-01, 1.730448871383e-06, 9.4556e+00, 2.1733e-01, 
 2DIAGNOSTIC,    25, -4.161651834949e-01, 1.568353736180e-06, 9.6843e+00, 2.2865e-01, 
 2DIAGNOSTIC,    26, -4.161660037667e-01, 1.368374529541e-06, 9.9427e+00, 2.5837e-01, 
 2DIAGNOSTIC,    27, -4.161651045498e-01, 1.203105047559e-06, 1.0171e+01, 2.2847e-01, 
 2DIAGNOSTIC,    28, -4.161679884900e-01, 1.097088635944e-06, 1.0387e+01, 2.1567e-01, 
 2DIAGNOSTIC,    29, -4.161710849649e-01, 1.162831208996e-06, 1.0642e+01, 2.5504e-01, 
 2DIAGNOSTIC,    30, -4.161703640306e-01, 1.250475682613e-06, 1.0918e+01, 2.7616e-01, 
 2DIAGNOSTIC,    31, -4.161708142912e-01, 1.313167800443e-06, 1.1194e+01, 2.7560e-01, 
 2DIAGNOSTIC,    32, -4.161710089266e-01, 1.336085260970e-06, 1.1446e+01, 2.5287e-01, 
 2DIAGNOSTIC,    33, -4.161749613451e-01, 1.395595228701e-06, 1.1715e+01, 2.6832e-01, 
 2DIAGNOSTIC,    34, -4.161777487508e-01, 1.452526301720e-06, 1.1934e+01, 2.1913e-01, 
 2DIAGNOSTIC,    35, -4.161792220182e-01, 1.478601729363e-06, 1.2176e+01, 2.4188e-01, 
 2DIAGNOSTIC,    36, -4.161806859654e-01, 1.495439444985e-06, 1.2456e+01, 2.8039e-01, 
 2DIAGNOSTIC,    37, -4.161791778430e-01, 1.407680701365e-06, 1.2674e+01, 2.1765e-01, 
 2DIAGNOSTIC,    38, -4.161838486872e-01, 1.406626912632e-06, 1.2962e+01, 2.8775e-01, 
 2DIAGNOSTIC,    39, -4.161849953107e-01, 1.422742219280e-06, 1.3244e+01, 2.8245e-01, 
 2DIAGNOSTIC,    40, -4.161860914897e-01, 1.386764675957e-06, 1.3591e+01, 3.4689e-01, 
 2DIAGNOSTIC,    41, -4.161854987583e-01, 1.295749613339e-06, 1.3855e+01, 2.6438e-01, 
 2DIAGNOSTIC,    42, -4.161840259995e-01, 1.138573369624e-06, 1.4107e+01, 2.5199e-01, 
 2DIAGNOSTIC,    43, -4.161834049867e-01, 1.004201851479e-06, 1.4333e+01, 2.2525e-01, 
DIAGNOSTIC,Iteration,metricValue,convergenceValue,ITERATION_TIME_INDEX,SINCE_LAST
 2DIAGNOSTIC,     1, -3.834265912386e-01, 1.797693134862e+308, 1.6775e+01, 2.4421e+00, 
 2DIAGNOSTIC,     2, -3.834925053387e-01, 1.797693134862e+308, 1.8318e+01, 1.5433e+00, 
 2DIAGNOSTIC,     3, -3.834978116518e-01, 1.797693134862e+308, 1.9858e+01, 1.5406e+00, 
 2DIAGNOSTIC,     4, -3.835004127758e-01, 1.797693134862e+308, 2.1524e+01, 1.6654e+00, 
 2DIAGNOSTIC,     5, -3.835019582525e-01, 1.797693134862e+308, 2.3153e+01, 1.6295e+00, 
 2DIAGNOSTIC,     6, -3.835049957434e-01, 1.797693134862e+308, 2.4789e+01, 1.6355e+00, 
 2DIAGNOSTIC,     7, -3.835058343730e-01, 1.797693134862e+308, 2.6475e+01, 1.6862e+00, 
 2DIAGNOSTIC,     8, -3.835066498262e-01, 1.797693134862e+308, 2.8463e+01, 1.9878e+00, 
 2DIAGNOSTIC,     9, -3.835062955329e-01, 1.797693134862e+308, 3.0124e+01, 1.6614e+00, 
 2DIAGNOSTIC,    10, -3.835063109003e-01, 1.066660679082e-05, 3.1803e+01, 1.6788e+00, 
 2DIAGNOSTIC,    11, -3.835061571797e-01, 4.747040228917e-06, 3.3950e+01, 2.1467e+00, 
 2DIAGNOSTIC,    12, -3.835060832656e-01, 3.706200267531e-06, 3.5317e+01, 1.3670e+00, 
 2DIAGNOSTIC,    13, -3.835060190727e-01, 3.027825896021e-06, 3.6946e+01, 1.6292e+00, 
 2DIAGNOSTIC,    14, -3.835058638485e-01, 2.523466970106e-06, 3.8563e+01, 1.6174e+00, 
 2DIAGNOSTIC,    15, -3.835058006970e-01, 2.133709202962e-06, 4.0063e+01, 1.5001e+00, 
 2DIAGNOSTIC,    16, -3.835056463977e-01, 1.924177704546e-06, 4.1951e+01, 1.8873e+00, 
 2DIAGNOSTIC,    17, -3.835054775135e-01, 1.773328551294e-06, 4.3584e+01, 1.6334e+00, 
 2DIAGNOSTIC,    18, -3.835053086128e-01, 1.675385373733e-06, 4.4968e+01, 1.3841e+00, 
 2DIAGNOSTIC,    19, -3.835051448150e-01, 1.576051814917e-06, 4.6324e+01, 1.3554e+00, 
 2DIAGNOSTIC,    20, -3.835051658772e-01, 1.497295071110e-06, 4.7671e+01, 1.3477e+00, 
 2DIAGNOSTIC,    21, -3.835053779581e-01, 1.436675311627e-06, 4.9176e+01, 1.5041e+00, 
 2DIAGNOSTIC,    22, -3.835055901420e-01, 1.393331720001e-06, 5.0763e+01, 1.5870e+00, 
 2DIAGNOSTIC,    23, -3.835055251012e-01, 1.354581541636e-06, 5.2329e+01, 1.5660e+00, 
 2DIAGNOSTIC,    24, -3.835054518291e-01, 1.314933129951e-06, 5.3866e+01, 1.5375e+00, 
 2DIAGNOSTIC,    25, -3.835053813431e-01, 1.275595340369e-06, 5.5400e+01, 1.5340e+00, 
 2DIAGNOSTIC,    26, -3.835053141625e-01, 1.232550093939e-06, 5.6809e+01, 1.4090e+00, 
 2DIAGNOSTIC,    27, -3.835053494683e-01, 1.188143191742e-06, 5.8167e+01, 1.3577e+00, 
 2DIAGNOSTIC,    28, -3.835054089362e-01, 1.143229096834e-06, 5.9681e+01, 1.5145e+00, 
 2DIAGNOSTIC,    29, -3.835055814686e-01, 1.101082725850e-06, 6.1058e+01, 1.3771e+00, 
 2DIAGNOSTIC,    30, -3.835053714649e-01, 1.056523023811e-06, 6.3248e+01, 2.1901e+00, 
 2DIAGNOSTIC,    31, -3.835053052297e-01, 1.018740037627e-06, 6.4753e+01, 1.5046e+00, 
  Elapsed time (stage 0): 6.5606e+01


Total elapsed time: 6.5608e+01
Info [verificarlo]: loaded backend libinterflop_vprec.so
Info [interflop-vprec]: load backend with: 
Info [interflop-vprec]: precision-binary32 = 22
Info [interflop-vprec]: range-binary32 = 7
Info [interflop-vprec]: precision-binary64 = 22
Info [interflop-vprec]: range-binary64 = 7
Info [interflop-vprec]: mode = ob
Info [interflop-vprec]: error-mode = rel
Info [interflop-vprec]: max-abs-error-exponent = -1022
Info [interflop-vprec]: daz = false
Info [interflop-vprec]: ftz = false
Info [interflop-vprec]: 	instrument = none
Info [interflop-vprec]: 	prec-input-file = (null)
Info [interflop-vprec]: 	prec-output-file = (null)
Info [interflop-vprec]: 	prec-log-file = (null)
All_Command_lines_OK
Using double precision for computations.
=============================================================================
The composite transform comprises the following transforms (in order): 
  1. /home/mdugre/scratch/mri-registration-rp/datasets/ds004513/derivatives/mri-registration-rp/0011/antsRegistration-r7-p22/sub-s017/rigid_Composite.h5[0] (type = Euler3DTransform)
  2. /home/mdugre/scratch/mri-registration-rp/datasets/ds004513/derivatives/mri-registration-rp/0011/antsRegistration-r7-p22/sub-s017/rigid_Composite.h5[1] (type = Euler3DTransform)
  3. /home/mdugre/scratch/mri-registration-rp/datasets/ds004513/derivatives/mri-registration-rp/0011/antsRegistration-r7-p22/sub-s017/rigid_Composite.h5[2] (type = Euler3DTransform)
=============================================================================
  number of levels = 4
  fixed image: /templateflow/tpl-MNI152NLin2009cAsym/tpl-MNI152NLin2009cAsym_res-01_desc-brain_T1w.nii.gz
  moving image: /home/mdugre/scratch/mri-registration-rp/datasets/ds004513/derivatives/mri-registration-rp/antsBrainExtraction/sub-s017/BrainExtractionBrain.nii.gz
Dimension = 3
Number of stages = 1
Use histogram matching = false
Winsorize image intensities = true
  Lower quantile = 0.005
  Upper quantile = 0.995


Stage 1 State
   Image metric = MattesMI
     Fixed image = Image (0x37b8490)
  RTTI typeinfo:   itk::Image<double, 3u>
  Reference Count: 2
  Modified Time: 1594
  Debug: Off
  Object Name: 
  Observers: 
    none
  Source: (none)
  Source output name: (none)
  Release Data: Off
  Data Released: False
  Global Release Data: Off
  PipelineMTime: 0
  UpdateMTime: 1203
  RealTimeStamp: 0 seconds 
  LargestPossibleRegion: 
    Dimension: 3
    Index: [0, 0, 0]
    Size: [193, 229, 193]
  BufferedRegion: 
    Dimension: 3
    Index: [0, 0, 0]
    Size: [193, 229, 193]
  RequestedRegion: 
    Dimension: 3
    Index: [0, 0, 0]
    Size: [193, 229, 193]
  Spacing: [1, 1, 1]
  Origin: [96, 132, -78]
  Direction: 
-1 0 0
0 -1 0
0 0 1

  IndexToPointMatrix: 
-1 0 0
0 -1 0
0 0 1

  PointToIndexMatrix: 
-1 0 0
0 -1 0
0 0 1

  Inverse Direction: 
-1 0 0
0 -1 0
0 0 1

  PixelContainer: 
    ImportImageContainer (0x38838c0)
      RTTI typeinfo:   itk::ImportImageContainer<unsigned long, double>
      Reference Count: 1
      Modified Time: 1200
      Debug: Off
      Object Name: 
      Observers: 
        none
      Pointer: 0x14ecaa46a010
      Container manages memory: true
      Size: 8530021
      Capacity: 8530021

     Moving image = Image (0x3873b60)
  RTTI typeinfo:   itk::Image<double, 3u>
  Reference Count: 2
  Modified Time: 1595
  Debug: Off
  Object Name: 
  Observers: 
    none
  Source: (none)
  Source output name: (none)
  Release Data: Off
  Data Released: False
  Global Release Data: Off
  PipelineMTime: 0
  UpdateMTime: 1592
  RealTimeStamp: 0 seconds 
  LargestPossibleRegion: 
    Dimension: 3
    Index: [0, 0, 0]
    Size: [160, 240, 256]
  BufferedRegion: 
    Dimension: 3
    Index: [0, 0, 0]
    Size: [160, 240, 256]
  RequestedRegion: 
    Dimension: 3
    Index: [0, 0, 0]
    Size: [160, 240, 256]
  Spacing: [1, 1, 1]
  Origin: [91.3357, 102.231, -120.042]
  Direction: 
-0.997442 -5.36781e-05 -0.0714818
5.35416e-05 -1 3.82465e-06
-0.0714818 -1.23894e-08 0.997442

  IndexToPointMatrix: 
-0.997444 -5.36781e-05 -0.0714818
5.35417e-05 -1 3.82465e-06
-0.0714819 -1.23894e-08 0.997442

  PointToIndexMatrix: 
-0.99744 5.35415e-05 -0.0714816
-5.3678e-05 -1 -1.36206e-08
-0.0714818 3.82343e-06 0.997442

  Inverse Direction: 
-0.997442 5.35417e-05 -0.0714818
-5.36781e-05 -1 -1.239e-08
-0.0714818 3.82465e-06 0.997442

  PixelContainer: 
    ImportImageContainer (0x39071d0)
      RTTI typeinfo:   itk::ImportImageContainer<unsigned long, double>
      Reference Count: 1
      Modified Time: 1589
      Debug: Off
      Object Name: 
      Observers: 
        none
      Pointer: 0x14eca5969010
      Container manages memory: true
      Size: 9830400
      Capacity: 9830400

     Weighting = 1
     Sampling strategy = regular
     Number of bins = 32
     Radius = 4
     Sampling percentage  = 0.25
   Transform = Affine
     Gradient step = 0.1
     Update field sigma (voxel space) = 0
     Total field sigma (voxel space) = 0
     Update field time sigma = 0
     Total field time sigma  = 0
     Number of time indices = 0
     Number of time point samples = 0
Registration using 1 total stages.

Stage 0
  iterations = 1000x500x250x100
  convergence threshold = 1e-06
  convergence window size = 10
  number of levels = 4
  using the Mattes MI metric (number of bins = 32, weight = 1, use gradient filter = 0)
  preprocessing:  winsorizing the image intensities
  Shrink factors (level 1 out of 4): [8, 8, 8]
  Shrink factors (level 2 out of 4): [4, 4, 4]
  Shrink factors (level 3 out of 4): [2, 2, 2]
  Shrink factors (level 4 out of 4): [1, 1, 1]
  smoothing sigmas per level: [3, 2, 1, 0]
  regular sampling (percentage = 0.25)

*** Running AffineTransform registration ***

DIAGNOSTIC,Iteration,metricValue,convergenceValue,ITERATION_TIME_INDEX,SINCE_LAST
 2DIAGNOSTIC,     1, -5.806287737081e-01, 1.797693134862e+308, 0.0000e+00, 0.0000e+00, 
 2DIAGNOSTIC,     2, -5.832407098094e-01, 1.797693134862e+308, 0.0000e+00, 0.0000e+00, 
 2DIAGNOSTIC,     3, -5.883927186946e-01, 1.797693134862e+308, 0.0000e+00, 0.0000e+00, 
 2DIAGNOSTIC,     4, -5.973536355605e-01, 1.797693134862e+308, 0.0000e+00, 0.0000e+00, 
 2DIAGNOSTIC,     5, -6.165788844651e-01, 1.797693134862e+308, 0.0000e+00, 0.0000e+00, 
 2DIAGNOSTIC,     6, -6.405997264789e-01, 1.797693134862e+308, 0.0000e+00, 0.0000e+00, 
 2DIAGNOSTIC,     7, -7.009976136299e-01, 1.797693134862e+308, 0.0000e+00, 0.0000e+00, 
 2DIAGNOSTIC,     8, -7.631219051310e-01, 1.797693134862e+308, 0.0000e+00, 0.0000e+00, 
 2DIAGNOSTIC,     9, -8.424799508557e-01, 1.797693134862e+308, 0.0000e+00, 0.0000e+00, 
 2DIAGNOSTIC,    10, -8.570739434662e-01, 2.846198800191e-02, 0.0000e+00, 0.0000e+00, 
 2DIAGNOSTIC,    11, -8.702530723875e-01, 2.872773594880e-02, 0.0000e+00, 0.0000e+00, 
 2DIAGNOSTIC,    12, -8.814515146304e-01, 2.684337718116e-02, 0.0000e+00, 0.0000e+00, 
 2DIAGNOSTIC,    13, -8.821900441970e-01, 2.307503582896e-02, 0.0000e+00, 0.0000e+00, 
 2DIAGNOSTIC,    14, -8.835432430094e-01, 1.815649421746e-02, 0.0000e+00, 0.0000e+00, 
 2DIAGNOSTIC,    15, -8.850836659238e-01, 1.292274631173e-02, 0.0000e+00, 0.0000e+00, 
 2DIAGNOSTIC,    16, -8.870080100002e-01, 7.896009140183e-03, 0.0000e+00, 0.0000e+00, 
 2DIAGNOSTIC,    17, -8.886483526531e-01, 4.181648071000e-03, 0.0000e+00, 0.0000e+00, 
 2DIAGNOSTIC,    18, -8.890565295829e-01, 1.806220787488e-03, 0.0000e+00, 0.0000e+00, 
 2DIAGNOSTIC,    19, -8.890308545851e-01, 1.081481107530e-03, 0.0000e+00, 0.0000e+00, 
 2DIAGNOSTIC,    20, -8.888599324801e-01, 5.978760500216e-04, 0.0000e+00, 0.0000e+00, 
 2DIAGNOSTIC,    21, -8.887674081068e-01, 3.309836792809e-04, 0.0000e+00, 0.0000e+00, 
 2DIAGNOSTIC,    22, -8.884565867784e-01, 2.384558175388e-04, 0.0000e+00, 0.0000e+00, 
 2DIAGNOSTIC,    23, -8.885197401475e-01, 1.453938474593e-04, 0.0000e+00, 0.0000e+00, 
 2DIAGNOSTIC,    24, -8.882755522205e-01, 6.395745727845e-05, 0.0000e+00, 0.0000e+00, 
 2DIAGNOSTIC,    25, -8.882084529229e-01, 4.446613746024e-06, 0.0000e+00, 0.0000e+00, 
DIAGNOSTIC,Iteration,metricValue,convergenceValue,ITERATION_TIME_INDEX,SINCE_LAST
 2DIAGNOSTIC,     1, -7.469212560972e-01, 1.797693134862e+308, 0.0000e+00, 0.0000e+00, 
 2DIAGNOSTIC,     2, -7.475694552103e-01, 1.797693134862e+308, 0.0000e+00, 0.0000e+00, 
 2DIAGNOSTIC,     3, -7.481284381723e-01, 1.797693134862e+308, 0.0000e+00, 0.0000e+00, 
 2DIAGNOSTIC,     4, -7.485578099830e-01, 1.797693134862e+308, 0.0000e+00, 0.0000e+00, 
 2DIAGNOSTIC,     5, -7.489144480469e-01, 1.797693134862e+308, 0.0000e+00, 0.0000e+00, 
 2DIAGNOSTIC,     6, -7.493455394345e-01, 1.797693134862e+308, 0.0000e+00, 0.0000e+00, 
 2DIAGNOSTIC,     7, -7.498207322799e-01, 1.797693134862e+308, 0.0000e+00, 0.0000e+00, 
 2DIAGNOSTIC,     8, -7.499219071069e-01, 1.797693134862e+308, 0.0000e+00, 0.0000e+00, 
 2DIAGNOSTIC,     9, -7.499231176055e-01, 1.797693134862e+308, 0.0000e+00, 0.0000e+00, 
 2DIAGNOSTIC,    10, -7.499407069222e-01, 2.686622514304e-04, 0.0000e+00, 0.0000e+00, 
 2DIAGNOSTIC,    11, -7.499665335375e-01, 1.921911747178e-04, 0.0000e+00, 0.0000e+00, 
 2DIAGNOSTIC,    12, -7.500042017674e-01, 1.327016680788e-04, 0.0000e+00, 0.0000e+00, 
 2DIAGNOSTIC,    13, -7.501577951025e-01, 9.128184165989e-05, 0.0000e+00, 0.0000e+00, 
 2DIAGNOSTIC,    14, -7.504498601450e-01, 6.722932709260e-05, 0.0000e+00, 0.0000e+00, 
 2DIAGNOSTIC,    15, -7.511297715864e-01, 6.637881828937e-05, 0.0000e+00, 0.0000e+00, 
 2DIAGNOSTIC,    16, -7.510840438824e-01, 6.824965958339e-05, 0.0000e+00, 0.0000e+00, 
 2DIAGNOSTIC,    17, -7.510722824978e-01, 7.436753336933e-05, 0.0000e+00, 0.0000e+00, 
 2DIAGNOSTIC,    18, -7.510480045729e-01, 7.488839347970e-05, 0.0000e+00, 0.0000e+00, 
 2DIAGNOSTIC,    19, -7.510410291273e-01, 6.830776430966e-05, 0.0000e+00, 0.0000e+00, 
 2DIAGNOSTIC,    20, -7.510329780109e-01, 5.617756102339e-05, 0.0000e+00, 0.0000e+00, 
 2DIAGNOSTIC,    21, -7.509986568255e-01, 4.003040653718e-05, 0.0000e+00, 0.0000e+00, 
 2DIAGNOSTIC,    22, -7.510215275241e-01, 2.299728344832e-05, 0.0000e+00, 0.0000e+00, 
 2DIAGNOSTIC,    23, -7.510094752605e-01, 7.736208000292e-06, 0.0000e+00, 0.0000e+00, 
DIAGNOSTIC,Iteration,metricValue,convergenceValue,ITERATION_TIME_INDEX,SINCE_LAST
 2DIAGNOSTIC,     1, -6.302299615826e-01, 1.797693134862e+308, 0.0000e+00, 0.0000e+00, 
 2DIAGNOSTIC,     2, -6.307043404596e-01, 1.797693134862e+308, 0.0000e+00, 0.0000e+00, 
 2DIAGNOSTIC,     3, -6.311087834158e-01, 1.797693134862e+308, 0.0000e+00, 0.0000e+00, 
 2DIAGNOSTIC,     4, -6.316125210149e-01, 1.797693134862e+308, 0.0000e+00, 0.0000e+00, 
 2DIAGNOSTIC,     5, -6.324509238343e-01, 1.797693134862e+308, 0.0000e+00, 0.0000e+00, 
 2DIAGNOSTIC,     6, -6.329612731803e-01, 1.797693134862e+308, 0.0000e+00, 0.0000e+00, 
 2DIAGNOSTIC,     7, -6.329510553644e-01, 1.797693134862e+308, 0.0000e+00, 0.0000e+00, 
 2DIAGNOSTIC,     8, -6.329520496715e-01, 1.797693134862e+308, 2.5600e+02, 2.5600e+02, 
 2DIAGNOSTIC,     9, -6.329502654561e-01, 1.797693134862e+308, 2.5600e+02, 0.0000e+00, 
 2DIAGNOSTIC,    10, -6.329498360779e-01, 3.037740884686e-04, 2.5600e+02, 0.0000e+00, 
 2DIAGNOSTIC,    11, -6.329498782614e-01, 2.082834963743e-04, 2.5600e+02, 0.0000e+00, 
 2DIAGNOSTIC,    12, -6.329435041109e-01, 1.280822491938e-04, 2.5600e+02, 0.0000e+00, 
 2DIAGNOSTIC,    13, -6.329412781030e-01, 6.296029491051e-05, 2.5600e+02, 0.0000e+00, 
 2DIAGNOSTIC,    14, -6.329408510346e-01, 1.723368934162e-05, 2.5600e+02, 0.0000e+00, 
DIAGNOSTIC,Iteration,metricValue,convergenceValue,ITERATION_TIME_INDEX,SINCE_LAST
 2DIAGNOSTIC,     1, -5.642460623870e-01, 1.797693134862e+308, 2.5600e+02, 0.0000e+00, 
 2DIAGNOSTIC,     2, -5.645764625423e-01, 1.797693134862e+308, 2.5600e+02, 0.0000e+00, 
 2DIAGNOSTIC,     3, -5.648795658087e-01, 1.797693134862e+308, 2.5600e+02, 0.0000e+00, 
 2DIAGNOSTIC,     4, -5.655494502420e-01, 1.797693134862e+308, 2.5600e+02, 0.0000e+00, 
 2DIAGNOSTIC,     5, -5.655695863039e-01, 1.797693134862e+308, 2.5600e+02, 0.0000e+00, 
 2DIAGNOSTIC,     6, -5.655684378128e-01, 1.797693134862e+308, 2.5600e+02, 0.0000e+00, 
 2DIAGNOSTIC,     7, -5.655683242458e-01, 1.797693134862e+308, 2.5600e+02, 0.0000e+00, 
 2DIAGNOSTIC,     8, -5.655676871855e-01, 1.797693134862e+308, 2.5600e+02, 0.0000e+00, 
 2DIAGNOSTIC,     9, -5.655674362044e-01, 1.797693134862e+308, 2.5600e+02, 0.0000e+00, 
 2DIAGNOSTIC,    10, -5.655672898386e-01, 1.378618127085e-04, 2.5600e+02, 0.0000e+00, 
 2DIAGNOSTIC,    11, -5.655673088736e-01, 7.616904116974e-05, 2.5600e+02, 0.0000e+00, 
 2DIAGNOSTIC,    12, -5.655674628712e-01, 3.202939903046e-05, 2.5600e+02, 0.0000e+00, 
 2DIAGNOSTIC,    13, -5.655673196819e-01, 3.012242250466e-06, 2.5600e+02, 0.0000e+00, 
 2DIAGNOSTIC,    14, -5.655673076902e-01, 2.123415503763e-06, 2.5600e+02, 0.0000e+00, 
 2DIAGNOSTIC,    15, -5.655674765860e-01, 2.047801574770e-06, 2.5600e+02, 0.0000e+00, 
 2DIAGNOSTIC,    16, -5.655674856665e-01, 1.951764287036e-06, 2.5600e+02, 0.0000e+00, 
 2DIAGNOSTIC,    17, -5.655674855413e-01, 1.867135860610e-06, 2.5600e+02, 0.0000e+00, 
 2DIAGNOSTIC,    18, -5.655674585490e-01, 1.773802622132e-06, 2.5600e+02, 0.0000e+00, 
 2DIAGNOSTIC,    19, -5.655674597099e-01, 1.683065152164e-06, 2.5600e+02, 0.0000e+00, 
 2DIAGNOSTIC,    20, -5.655674595228e-01, 1.596577219931e-06, 2.5600e+02, 0.0000e+00, 
 2DIAGNOSTIC,    21, -5.655674602210e-01, 1.517847579867e-06, 2.5600e+02, 0.0000e+00, 
 2DIAGNOSTIC,    22, -5.655674587743e-01, 1.449430493870e-06, 2.5600e+02, 0.0000e+00, 
 2DIAGNOSTIC,    23, -5.655674588094e-01, 1.383380673417e-06, 2.5600e+02, 0.0000e+00, 
 2DIAGNOSTIC,    24, -5.655674588724e-01, 1.322272172644e-06, 2.5600e+02, 0.0000e+00, 
 2DIAGNOSTIC,    25, -5.655674589314e-01, 1.269552035103e-06, 2.5600e+02, 0.0000e+00, 
 2DIAGNOSTIC,    26, -5.655674588084e-01, 1.221150181772e-06, 2.5600e+02, 0.0000e+00, 
 2DIAGNOSTIC,    27, -5.655674588175e-01, 1.176397496201e-06, 2.5600e+02, 0.0000e+00, 
 2DIAGNOSTIC,    28, -5.655674589567e-01, 1.134362380563e-06, 5.1200e+02, 2.5600e+02, 
 2DIAGNOSTIC,    29, -5.655674589923e-01, 1.095251072281e-06, 5.1200e+02, 0.0000e+00, 
 2DIAGNOSTIC,    30, -5.655674590365e-01, 1.058747249774e-06, 5.1200e+02, 0.0000e+00, 
 2DIAGNOSTIC,    31, -5.655674601791e-01, 1.024630998124e-06, 5.1200e+02, 0.0000e+00, 
  Elapsed time (stage 0): 5.1200e+02


Total elapsed time: 5.1200e+02
Info [verificarlo]: loaded backend libinterflop_vprec.so
Info [interflop-vprec]: load backend with: 
Info [interflop-vprec]: precision-binary32 = 22
Info [interflop-vprec]: range-binary32 = 7
Info [interflop-vprec]: precision-binary64 = 22
Info [interflop-vprec]: range-binary64 = 7
Info [interflop-vprec]: mode = ob
Info [interflop-vprec]: error-mode = rel
Info [interflop-vprec]: max-abs-error-exponent = -1022
Info [interflop-vprec]: daz = false
Info [interflop-vprec]: ftz = false
Info [interflop-vprec]: 	instrument = none
Info [interflop-vprec]: 	prec-input-file = (null)
Info [interflop-vprec]: 	prec-output-file = (null)
Info [interflop-vprec]: 	prec-log-file = (null)
All_Command_lines_OK
Using double precision for computations.
=============================================================================
The composite transform comprises the following transforms (in order): 
  1. /home/mdugre/scratch/mri-registration-rp/datasets/ds004513/derivatives/mri-registration-rp/0011/antsRegistration-r7-p22/sub-s017/affine_Composite.h5[0] (type = Euler3DTransform)
  2. /home/mdugre/scratch/mri-registration-rp/datasets/ds004513/derivatives/mri-registration-rp/0011/antsRegistration-r7-p22/sub-s017/affine_Composite.h5[1] (type = Euler3DTransform)
  3. /home/mdugre/scratch/mri-registration-rp/datasets/ds004513/derivatives/mri-registration-rp/0011/antsRegistration-r7-p22/sub-s017/affine_Composite.h5[2] (type = Euler3DTransform)
  4. /home/mdugre/scratch/mri-registration-rp/datasets/ds004513/derivatives/mri-registration-rp/0011/antsRegistration-r7-p22/sub-s017/affine_Composite.h5[3] (type = AffineTransform)
=============================================================================
  number of levels = 4
  fixed image: /templateflow/tpl-MNI152NLin2009cAsym/tpl-MNI152NLin2009cAsym_res-01_desc-brain_T1w.nii.gz
  moving image: /home/mdugre/scratch/mri-registration-rp/datasets/ds004513/derivatives/mri-registration-rp/antsBrainExtraction/sub-s017/BrainExtractionBrain.nii.gz
Dimension = 3
Number of stages = 1
Use histogram matching = false
Winsorize image intensities = true
  Lower quantile = 0.005
  Upper quantile = 0.995


Stage 1 State
   Image metric = CC
