
##########################
# Experiment information #
##########################

EXPERIMENT_NAME: antsRegistration-r8-p20
VFC_BACKENDS: libinterflop_vprec.so --range-binary32=8 --precision-binary32=20 --range-binary64=8 --precision-binary64=20

SIF_IMG: /home/mdugre/projects/rrg-glatard/mdugre/containers/ants-vprec-no_metrics.simg

SUBJECT_ID: s032
INPUT_IMG: /home/mdugre/scratch/mri-registration-rp/datasets/ds004513/derivatives/mri-registration-rp/antsBrainExtraction/sub-s032/BrainExtractionBrain.nii.gz
OUTPUT_DIR: /home/mdugre/scratch/mri-registration-rp/datasets/ds004513/derivatives/mri-registration-rp/0011/antsRegistration-r8-p20/sub-s032

FIXED_IMG: /templateflow/tpl-MNI152NLin2009cAsym/tpl-MNI152NLin2009cAsym_res-01_desc-brain_T1w.nii.gz
DATA_DIR: /home/mdugre/scratch/mri-registration-rp/datasets/ds004513
TEMPLATEFLOW_DIR: /home/mdugre/projects/rrg-glatard/mdugre/templateflow
ITK_GLOBAL_DEFAULT_NUMBER_OF_THREADS: 16
##########################

Info [verificarlo]: loaded backend libinterflop_ieee.so
Info [interflop-ieee]: load backend with:
Info [interflop-ieee]: debug = false
Info [interflop-ieee]: debug-binary = false
Info [interflop-ieee]: no-backend-name = false
Info [interflop-ieee]: print-new-line = false
Info [interflop-ieee]: print-subnormal-normalized = false
Info [interflop-ieee]: count-op = false
All_Command_lines_OK
Using double precision for computations.
=============================================================================
The composite transform comprises the following transforms (in order): 
  1. Center of mass alignment using fixed image: /templateflow/tpl-MNI152NLin2009cAsym/tpl-MNI152NLin2009cAsym_res-01_desc-brain_T1w.nii.gz and moving image: /home/mdugre/scratch/mri-registration-rp/datasets/ds004513/derivatives/mri-registration-rp/antsBrainExtraction/sub-s032/BrainExtractionBrain.nii.gz (type = Euler3DTransform)
=============================================================================
  number of levels = 1
  fixed image: /templateflow/tpl-MNI152NLin2009cAsym/tpl-MNI152NLin2009cAsym_res-01_desc-brain_T1w.nii.gz
  moving image: /home/mdugre/scratch/mri-registration-rp/datasets/ds004513/derivatives/mri-registration-rp/antsBrainExtraction/sub-s032/BrainExtractionBrain.nii.gz
Dimension = 3
Number of stages = 1
Use histogram matching = false
Winsorize image intensities = true
  Lower quantile = 0.005
  Upper quantile = 0.995


Stage 1 State
   Image metric = MattesMI
     Fixed image = Image (0x3c11e70)
  RTTI typeinfo:   itk::Image<double, 3u>
  Reference Count: 2
  Modified Time: 2330
  Debug: Off
  Object Name: 
  Observers: 
    none
  Source: (none)
  Source output name: (none)
  Release Data: Off
  Data Released: False
  Global Release Data: Off
  PipelineMTime: 0
  UpdateMTime: 1941
  RealTimeStamp: 0 seconds 
  LargestPossibleRegion: 
    Dimension: 3
    Index: [0, 0, 0]
    Size: [193, 229, 193]
  BufferedRegion: 
    Dimension: 3
    Index: [0, 0, 0]
    Size: [193, 229, 193]
  RequestedRegion: 
    Dimension: 3
    Index: [0, 0, 0]
    Size: [193, 229, 193]
  Spacing: [1, 1, 1]
  Origin: [96, 132, -78]
  Direction: 
-1 0 0
0 -1 0
0 0 1

  IndexToPointMatrix: 
-1 0 0
0 -1 0
0 0 1

  PointToIndexMatrix: 
-1 0 0
0 -1 0
0 0 1

  Inverse Direction: 
-1 0 0
0 -1 0
0 0 1

  PixelContainer: 
    ImportImageContainer (0x3c1ac60)
      RTTI typeinfo:   itk::ImportImageContainer<unsigned long, double>
      Reference Count: 1
      Modified Time: 1938
      Debug: Off
      Object Name: 
      Observers: 
        none
      Pointer: 0x14f2ddbca010
      Container manages memory: true
      Size: 8530021
      Capacity: 8530021

     Moving image = Image (0x3caeec0)
  RTTI typeinfo:   itk::Image<double, 3u>
  Reference Count: 2
  Modified Time: 2331
  Debug: Off
  Object Name: 
  Observers: 
    none
  Source: (none)
  Source output name: (none)
  Release Data: Off
  Data Released: False
  Global Release Data: Off
  PipelineMTime: 0
  UpdateMTime: 2328
  RealTimeStamp: 0 seconds 
  LargestPossibleRegion: 
    Dimension: 3
    Index: [0, 0, 0]
    Size: [160, 240, 256]
  BufferedRegion: 
    Dimension: 3
    Index: [0, 0, 0]
    Size: [160, 240, 256]
  RequestedRegion: 
    Dimension: 3
    Index: [0, 0, 0]
    Size: [160, 240, 256]
  Spacing: [1, 1, 1]
  Origin: [73.279, 104.707, -131.187]
  Direction: 
-0.997527 0.0645574 -0.0278053
-0.0645323 -0.997914 -0.00179875
-0.0278634 4.01097e-08 0.999612

  IndexToPointMatrix: 
-0.997527 0.0645574 -0.0278053
-0.0645323 -0.997914 -0.00179875
-0.0278634 4.01097e-08 0.999612

  PointToIndexMatrix: 
-0.997527 -0.0645323 -0.0278634
0.0645574 -0.997914 4.01049e-08
-0.0278053 -0.00179875 0.999612

  Inverse Direction: 
-0.997527 -0.0645323 -0.0278634
0.0645574 -0.997914 4.01049e-08
-0.0278053 -0.00179875 0.999612

  PixelContainer: 
    ImportImageContainer (0x3d46610)
      RTTI typeinfo:   itk::ImportImageContainer<unsigned long, double>
      Reference Count: 1
      Modified Time: 2325
      Debug: Off
      Object Name: 
      Observers: 
        none
      Pointer: 0x14f2d90c9010
      Container manages memory: true
      Size: 9830400
      Capacity: 9830400

     Weighting = 1
     Sampling strategy = regular
     Number of bins = 32
     Radius = 4
     Sampling percentage  = 0.25
   Transform = Rigid
     Gradient step = 0.1
     Update field sigma (voxel space) = 0
     Total field sigma (voxel space) = 0
     Update field time sigma = 0
     Total field time sigma  = 0
     Number of time indices = 0
     Number of time point samples = 0
Registration using 1 total stages.

Stage 0
  iterations = 0
  convergence threshold = 1e-06
  convergence window size = 10
  number of levels = 1
  using the Mattes MI metric (number of bins = 32, weight = 1, use gradient filter = 0)
  preprocessing:  winsorizing the image intensities
  Shrink factors (level 1 out of 1): [1, 1, 1]
  smoothing sigmas per level: [0]
  regular sampling (percentage = 0.25)

*** Running Euler3DTransform registration ***

  Elapsed time (stage 0): 1.10935


Total elapsed time: 1.11175
Info [verificarlo]: loaded backend libinterflop_ieee.so
Info [interflop-ieee]: load backend with:
Info [interflop-ieee]: debug = false
Info [interflop-ieee]: debug-binary = false
Info [interflop-ieee]: no-backend-name = false
Info [interflop-ieee]: print-new-line = false
Info [interflop-ieee]: print-subnormal-normalized = false
Info [interflop-ieee]: count-op = false
All_Command_lines_OK
Using double precision for computations.
=============================================================================
The composite transform comprises the following transforms (in order): 
  1. /home/mdugre/scratch/mri-registration-rp/datasets/ds004513/derivatives/mri-registration-rp/0011/antsRegistration-r8-p20/sub-s032/align_Composite.h5[0] (type = Euler3DTransform)
  2. /home/mdugre/scratch/mri-registration-rp/datasets/ds004513/derivatives/mri-registration-rp/0011/antsRegistration-r8-p20/sub-s032/align_Composite.h5[1] (type = Euler3DTransform)
=============================================================================
  number of levels = 4
  fixed image: /templateflow/tpl-MNI152NLin2009cAsym/tpl-MNI152NLin2009cAsym_res-01_desc-brain_T1w.nii.gz
  moving image: /home/mdugre/scratch/mri-registration-rp/datasets/ds004513/derivatives/mri-registration-rp/antsBrainExtraction/sub-s032/BrainExtractionBrain.nii.gz
Dimension = 3
Number of stages = 1
Use histogram matching = false
Winsorize image intensities = true
  Lower quantile = 0.005
  Upper quantile = 0.995


Stage 1 State
   Image metric = MattesMI
     Fixed image = Image (0x32d4530)
  RTTI typeinfo:   itk::Image<double, 3u>
  Reference Count: 2
  Modified Time: 1578
  Debug: Off
  Object Name: 
  Observers: 
    none
  Source: (none)
  Source output name: (none)
  Release Data: Off
  Data Released: False
  Global Release Data: Off
  PipelineMTime: 0
  UpdateMTime: 1189
  RealTimeStamp: 0 seconds 
  LargestPossibleRegion: 
    Dimension: 3
    Index: [0, 0, 0]
    Size: [193, 229, 193]
  BufferedRegion: 
    Dimension: 3
    Index: [0, 0, 0]
    Size: [193, 229, 193]
  RequestedRegion: 
    Dimension: 3
    Index: [0, 0, 0]
    Size: [193, 229, 193]
  Spacing: [1, 1, 1]
  Origin: [96, 132, -78]
  Direction: 
-1 0 0
0 -1 0
0 0 1

  IndexToPointMatrix: 
-1 0 0
0 -1 0
0 0 1

  PointToIndexMatrix: 
-1 0 0
0 -1 0
0 0 1

  Inverse Direction: 
-1 0 0
0 -1 0
0 0 1

  PixelContainer: 
    ImportImageContainer (0x3392d60)
      RTTI typeinfo:   itk::ImportImageContainer<unsigned long, double>
      Reference Count: 1
      Modified Time: 1186
      Debug: Off
      Object Name: 
      Observers: 
        none
      Pointer: 0x14e730172010
      Container manages memory: true
      Size: 8530021
      Capacity: 8530021

     Moving image = Image (0x3384f60)
  RTTI typeinfo:   itk::Image<double, 3u>
  Reference Count: 2
  Modified Time: 1579
  Debug: Off
  Object Name: 
  Observers: 
    none
  Source: (none)
  Source output name: (none)
  Release Data: Off
  Data Released: False
  Global Release Data: Off
  PipelineMTime: 0
  UpdateMTime: 1576
  RealTimeStamp: 0 seconds 
  LargestPossibleRegion: 
    Dimension: 3
    Index: [0, 0, 0]
    Size: [160, 240, 256]
  BufferedRegion: 
    Dimension: 3
    Index: [0, 0, 0]
    Size: [160, 240, 256]
  RequestedRegion: 
    Dimension: 3
    Index: [0, 0, 0]
    Size: [160, 240, 256]
  Spacing: [1, 1, 1]
  Origin: [73.279, 104.707, -131.187]
  Direction: 
-0.997527 0.0645574 -0.0278053
-0.0645323 -0.997914 -0.00179875
-0.0278634 4.01097e-08 0.999612

  IndexToPointMatrix: 
-0.997527 0.0645574 -0.0278053
-0.0645323 -0.997914 -0.00179875
-0.0278634 4.01097e-08 0.999612

  PointToIndexMatrix: 
-0.997527 -0.0645323 -0.0278634
0.0645574 -0.997914 4.01049e-08
-0.0278053 -0.00179875 0.999612

  Inverse Direction: 
-0.997527 -0.0645323 -0.0278634
0.0645574 -0.997914 4.01049e-08
-0.0278053 -0.00179875 0.999612

  PixelContainer: 
    ImportImageContainer (0x33766d0)
      RTTI typeinfo:   itk::ImportImageContainer<unsigned long, double>
      Reference Count: 1
      Modified Time: 1573
      Debug: Off
      Object Name: 
      Observers: 
        none
      Pointer: 0x14e72b671010
      Container manages memory: true
      Size: 9830400
      Capacity: 9830400

     Weighting = 1
     Sampling strategy = regular
     Number of bins = 32
     Radius = 4
     Sampling percentage  = 0.25
   Transform = Rigid
     Gradient step = 0.1
     Update field sigma (voxel space) = 0
     Total field sigma (voxel space) = 0
     Update field time sigma = 0
     Total field time sigma  = 0
     Number of time indices = 0
     Number of time point samples = 0
Registration using 1 total stages.

Stage 0
  iterations = 1000x500x250x100
  convergence threshold = 1e-06
  convergence window size = 10
  number of levels = 4
  using the Mattes MI metric (number of bins = 32, weight = 1, use gradient filter = 0)
  preprocessing:  winsorizing the image intensities
  Shrink factors (level 1 out of 4): [8, 8, 8]
  Shrink factors (level 2 out of 4): [4, 4, 4]
  Shrink factors (level 3 out of 4): [2, 2, 2]
  Shrink factors (level 4 out of 4): [1, 1, 1]
  smoothing sigmas per level: [3, 2, 1, 0]
  regular sampling (percentage = 0.25)

*** Running Euler3DTransform registration ***

DIAGNOSTIC,Iteration,metricValue,convergenceValue,ITERATION_TIME_INDEX,SINCE_LAST
 2DIAGNOSTIC,     1, -5.480496989617e-01, 1.797693134862e+308, 6.2181e-01, 6.2181e-01, 
 2DIAGNOSTIC,     2, -5.506811078454e-01, 1.797693134862e+308, 6.2588e-01, 4.0700e-03, 
 2DIAGNOSTIC,     3, -5.546514955662e-01, 1.797693134862e+308, 6.3047e-01, 4.5979e-03, 
 2DIAGNOSTIC,     4, -5.606863537750e-01, 1.797693134862e+308, 6.3477e-01, 4.2920e-03, 
 2DIAGNOSTIC,     5, -5.693661845193e-01, 1.797693134862e+308, 6.3907e-01, 4.3070e-03, 
 2DIAGNOSTIC,     6, -5.854078830086e-01, 1.797693134862e+308, 6.4339e-01, 4.3130e-03, 
 2DIAGNOSTIC,     7, -6.232769732918e-01, 1.797693134862e+308, 6.4770e-01, 4.3151e-03, 
 2DIAGNOSTIC,     8, -6.297683730473e-01, 1.797693134862e+308, 6.5227e-01, 4.5710e-03, 
 2DIAGNOSTIC,     9, -6.366738733405e-01, 1.797693134862e+308, 6.9017e-01, 3.7894e-02, 
 2DIAGNOSTIC,    10, -6.375630690827e-01, 1.201760866083e-02, 6.9462e-01, 4.4510e-03, 
 2DIAGNOSTIC,    11, -6.405337628679e-01, 1.087684809450e-02, 6.9894e-01, 4.3201e-03, 
 2DIAGNOSTIC,    12, -6.435528997438e-01, 9.167753354490e-03, 7.0404e-01, 5.1041e-03, 
 2DIAGNOSTIC,    13, -6.444720921444e-01, 7.089498731847e-03, 7.0814e-01, 4.0979e-03, 
 2DIAGNOSTIC,    14, -6.463616611293e-01, 4.967892496988e-03, 7.1434e-01, 6.1982e-03, 
 2DIAGNOSTIC,    15, -6.484646963404e-01, 3.033020789043e-03, 7.2255e-01, 8.2099e-03, 
 2DIAGNOSTIC,    16, -6.486009987994e-01, 1.520386367320e-03, 7.2691e-01, 4.3659e-03, 
 2DIAGNOSTIC,    17, -6.493699344760e-01, 1.108203205204e-03, 7.3171e-01, 4.7939e-03, 
 2DIAGNOSTIC,    18, -6.514578195065e-01, 8.586162135986e-04, 7.3700e-01, 5.2941e-03, 
 2DIAGNOSTIC,    19, -6.526592717406e-01, 7.533650369803e-04, 7.4155e-01, 4.5500e-03, 
 2DIAGNOSTIC,    20, -6.536191777189e-01, 6.303067369291e-04, 7.4588e-01, 4.3311e-03, 
 2DIAGNOSTIC,    21, -6.549162298979e-01, 5.534292205377e-04, 7.5018e-01, 4.2980e-03, 
 2DIAGNOSTIC,    22, -6.562385790832e-01, 5.226986103230e-04, 7.5554e-01, 5.3561e-03, 
 2DIAGNOSTIC,    23, -6.565000058113e-01, 4.680180012233e-04, 7.6034e-01, 4.8041e-03, 
 2DIAGNOSTIC,    24, -6.565387353854e-01, 4.101063704201e-04, 7.6528e-01, 4.9360e-03, 
 2DIAGNOSTIC,    25, -6.567702146892e-01, 3.618032093012e-04, 7.7028e-01, 5.0049e-03, 
 2DIAGNOSTIC,    26, -6.583507212369e-01, 3.132611037333e-04, 7.7463e-01, 4.3452e-03, 
 2DIAGNOSTIC,    27, -6.586527568469e-01, 2.554116018353e-04, 7.7899e-01, 4.3600e-03, 
 2DIAGNOSTIC,    28, -6.593310437739e-01, 2.225767143853e-04, 7.8427e-01, 5.2822e-03, 
 2DIAGNOSTIC,    29, -6.595734041655e-01, 1.939316665349e-04, 7.8907e-01, 4.7991e-03, 
 2DIAGNOSTIC,    30, -6.595955819569e-01, 1.634946778535e-04, 7.9383e-01, 4.7588e-03, 
 2DIAGNOSTIC,    31, -6.596949967569e-01, 1.392755860940e-04, 7.9802e-01, 4.1959e-03, 
 2DIAGNOSTIC,    32, -6.597157295314e-01, 1.221677497626e-04, 8.0280e-01, 4.7760e-03, 
 2DIAGNOSTIC,    33, -6.597001423847e-01, 9.820426863371e-05, 8.0958e-01, 6.7830e-03, 
 2DIAGNOSTIC,    34, -6.595254449708e-01, 6.486903008007e-05, 8.1403e-01, 4.4458e-03, 
 2DIAGNOSTIC,    35, -6.595295822814e-01, 3.010817891288e-05, 8.1832e-01, 4.2980e-03, 
 2DIAGNOSTIC,    36, -6.595351297939e-01, 1.424396567317e-05, 8.2294e-01, 4.6189e-03, 
 2DIAGNOSTIC,    37, -6.595409535783e-01, 1.474135181759e-06, 8.2726e-01, 4.3209e-03, 
DIAGNOSTIC,Iteration,metricValue,convergenceValue,ITERATION_TIME_INDEX,SINCE_LAST
 2DIAGNOSTIC,     1, -5.183739626490e-01, 1.797693134862e+308, 1.5775e+00, 7.5028e-01, 
 2DIAGNOSTIC,     2, -5.189226238246e-01, 1.797693134862e+308, 1.6073e+00, 2.9794e-02, 
 2DIAGNOSTIC,     3, -5.196899327307e-01, 1.797693134862e+308, 1.6367e+00, 2.9379e-02, 
 2DIAGNOSTIC,     4, -5.204463662964e-01, 1.797693134862e+308, 1.6647e+00, 2.8026e-02, 
 2DIAGNOSTIC,     5, -5.209979485253e-01, 1.797693134862e+308, 1.6918e+00, 2.7023e-02, 
 2DIAGNOSTIC,     6, -5.216357744138e-01, 1.797693134862e+308, 1.7188e+00, 2.7023e-02, 
 2DIAGNOSTIC,     7, -5.233753715091e-01, 1.797693134862e+308, 1.7466e+00, 2.7800e-02, 
 2DIAGNOSTIC,     8, -5.241119131485e-01, 1.797693134862e+308, 1.7816e+00, 3.4964e-02, 
 2DIAGNOSTIC,     9, -5.247293428758e-01, 1.797693134862e+308, 1.8157e+00, 3.4103e-02, 
 2DIAGNOSTIC,    10, -5.250028240242e-01, 8.899807874964e-04, 1.8471e+00, 3.1487e-02, 
 2DIAGNOSTIC,    11, -5.254483047176e-01, 7.905531953668e-04, 1.8780e+00, 3.0826e-02, 
 2DIAGNOSTIC,    12, -5.277635696014e-01, 7.650652191563e-04, 1.9107e+00, 3.2757e-02, 
 2DIAGNOSTIC,    13, -5.283161397696e-01, 7.264280016614e-04, 1.9377e+00, 2.7008e-02, 
 2DIAGNOSTIC,    14, -5.288222943713e-01, 6.775650729300e-04, 1.9645e+00, 2.6801e-02, 
 2DIAGNOSTIC,    15, -5.289976644931e-01, 6.012605790653e-04, 1.9933e+00, 2.8784e-02, 
 2DIAGNOSTIC,    16, -5.298475162265e-01, 5.287514621770e-04, 2.0283e+00, 3.4982e-02, 
 2DIAGNOSTIC,    17, -5.313522077202e-01, 5.176187961658e-04, 2.0618e+00, 3.3452e-02, 
 2DIAGNOSTIC,    18, -5.317211683102e-01, 4.916454190449e-04, 2.0957e+00, 3.3904e-02, 
 2DIAGNOSTIC,    19, -5.322490359081e-01, 4.569569727641e-04, 2.1378e+00, 4.2172e-02, 
 2DIAGNOSTIC,    20, -5.323326706188e-01, 3.939633393250e-04, 2.1682e+00, 3.0371e-02, 
 2DIAGNOSTIC,    21, -5.323870011069e-01, 3.117707580625e-04, 2.1995e+00, 3.1351e-02, 
 2DIAGNOSTIC,    22, -5.325994579911e-01, 2.695181999149e-04, 2.2299e+00, 3.0351e-02, 
 2DIAGNOSTIC,    23, -5.331717157704e-01, 2.319116788227e-04, 2.2651e+00, 3.5198e-02, 
 2DIAGNOSTIC,    24, -5.338198489701e-01, 2.019515463795e-04, 2.3040e+00, 3.8946e-02, 
 2DIAGNOSTIC,    25, -5.347521810897e-01, 1.792045816820e-04, 2.3390e+00, 3.4975e-02, 
 2DIAGNOSTIC,    26, -5.360165039842e-01, 1.844348827825e-04, 2.3661e+00, 2.7074e-02, 
 2DIAGNOSTIC,    27, -5.368145413632e-01, 2.174694627711e-04, 2.3933e+00, 2.7231e-02, 
 2DIAGNOSTIC,    28, -5.377401827596e-01, 2.522230433227e-04, 2.4279e+00, 3.4558e-02, 
 2DIAGNOSTIC,    29, -5.382300920800e-01, 2.794959795242e-04, 2.4631e+00, 3.5245e-02, 
 2DIAGNOSTIC,    30, -5.388933032113e-01, 2.919328440947e-04, 2.4909e+00, 2.7820e-02, 
 2DIAGNOSTIC,    31, -5.432090485638e-01, 3.513901407006e-04, 2.5186e+00, 2.7681e-02, 
 2DIAGNOSTIC,    32, -5.482441253230e-01, 4.596351630330e-04, 2.5466e+00, 2.7939e-02, 
 2DIAGNOSTIC,    33, -5.488873068320e-01, 5.359216359682e-04, 2.5781e+00, 3.1518e-02, 
 2DIAGNOSTIC,    34, -5.511691523865e-01, 6.044453798651e-04, 2.6059e+00, 2.7837e-02, 
 2DIAGNOSTIC,    35, -5.542978485804e-01, 6.732810719589e-04, 2.6374e+00, 3.1459e-02, 
 2DIAGNOSTIC,    36, -5.616798332388e-01, 7.999405861935e-04, 2.6693e+00, 3.1916e-02, 
 2DIAGNOSTIC,    37, -5.660524286303e-01, 9.141135794381e-04, 2.7042e+00, 3.4857e-02, 
 2DIAGNOSTIC,    38, -5.662027274318e-01, 9.507075472492e-04, 2.7311e+00, 2.6946e-02, 
 2DIAGNOSTIC,    39, -5.665968237080e-01, 9.100945227131e-04, 2.7799e+00, 4.8810e-02, 
 2DIAGNOSTIC,    40, -5.667630888361e-01, 7.949704213805e-04, 2.8069e+00, 2.6943e-02, 
 2DIAGNOSTIC,    41, -5.669121170875e-01, 6.645253952185e-04, 2.8337e+00, 2.6834e-02, 
 2DIAGNOSTIC,    42, -5.670608991157e-01, 5.421232997683e-04, 2.8634e+00, 2.9723e-02, 
 2DIAGNOSTIC,    43, -5.671011776238e-01, 3.833500162409e-04, 2.8927e+00, 2.9277e-02, 
 2DIAGNOSTIC,    44, -5.671151271071e-01, 2.239545247119e-04, 2.9259e+00, 3.3226e-02, 
 2DIAGNOSTIC,    45, -5.671315792234e-01, 8.564450734331e-05, 2.9569e+00, 3.0973e-02, 
 2DIAGNOSTIC,    46, -5.671619126185e-01, 2.895037265173e-05, 2.9886e+00, 3.1724e-02, 
 2DIAGNOSTIC,    47, -5.671619883235e-01, 2.098789191843e-05, 3.0203e+00, 3.1699e-02, 
 2DIAGNOSTIC,    48, -5.671570627823e-01, 1.294096959994e-05, 3.0536e+00, 3.3326e-02, 
 2DIAGNOSTIC,    49, -5.671800766099e-01, 8.527539745000e-06, 3.0818e+00, 2.8116e-02, 
 2DIAGNOSTIC,    50, -5.671992870357e-01, 5.460137500819e-06, 3.1098e+00, 2.8063e-02, 
 2DIAGNOSTIC,    51, -5.672497582110e-01, 4.061432389197e-06, 3.1418e+00, 3.1950e-02, 
 2DIAGNOSTIC,    52, -5.672486769821e-01, 3.861557804411e-06, 3.1704e+00, 2.8620e-02, 
 2DIAGNOSTIC,    53, -5.672650454259e-01, 3.931484903946e-06, 3.2061e+00, 3.5700e-02, 
 2DIAGNOSTIC,    54, -5.672668248893e-01, 3.831807067263e-06, 3.2378e+00, 3.1704e-02, 
 2DIAGNOSTIC,    55, -5.672668357699e-01, 3.569869905341e-06, 3.2658e+00, 2.8040e-02, 
 2DIAGNOSTIC,    56, -5.672957521031e-01, 3.581655069761e-06, 3.2975e+00, 3.1667e-02, 
 2DIAGNOSTIC,    57, -5.673032446839e-01, 3.372311228430e-06, 3.3292e+00, 3.1694e-02, 
 2DIAGNOSTIC,    58, -5.673034654107e-01, 2.862289681885e-06, 3.3606e+00, 3.1386e-02, 
 2DIAGNOSTIC,    59, -5.673172798724e-01, 2.479283103179e-06, 3.3925e+00, 3.1930e-02, 
 2DIAGNOSTIC,    60, -5.673087872874e-01, 2.004275781654e-06, 3.4248e+00, 3.2271e-02, 
 2DIAGNOSTIC,    61, -5.673269545991e-01, 1.991833602850e-06, 3.4535e+00, 2.8692e-02, 
 2DIAGNOSTIC,    62, -5.673743431259e-01, 2.219199786897e-06, 3.4887e+00, 3.5244e-02, 
 2DIAGNOSTIC,    63, -5.673328062895e-01, 2.061647272206e-06, 3.5176e+00, 2.8844e-02, 
 2DIAGNOSTIC,    64, -5.673039059815e-01, 1.560119819253e-06, 3.5561e+00, 3.8554e-02, 
 2DIAGNOSTIC,    65, -5.673156163623e-01, 1.070540057744e-06, 3.5889e+00, 3.2834e-02, 
DIAGNOSTIC,Iteration,metricValue,convergenceValue,ITERATION_TIME_INDEX,SINCE_LAST
 2DIAGNOSTIC,     1, -5.013635273130e-01, 1.797693134862e+308, 4.7072e+00, 1.1183e+00, 
 2DIAGNOSTIC,     2, -5.015812881572e-01, 1.797693134862e+308, 4.9527e+00, 2.4541e-01, 
 2DIAGNOSTIC,     3, -5.018831679654e-01, 1.797693134862e+308, 5.1862e+00, 2.3353e-01, 
 2DIAGNOSTIC,     4, -5.020516728780e-01, 1.797693134862e+308, 5.4232e+00, 2.3697e-01, 
 2DIAGNOSTIC,     5, -5.021421175353e-01, 1.797693134862e+308, 5.6870e+00, 2.6386e-01, 
 2DIAGNOSTIC,     6, -5.021910136586e-01, 1.797693134862e+308, 5.9188e+00, 2.3181e-01, 
 2DIAGNOSTIC,     7, -5.022507596336e-01, 1.797693134862e+308, 6.1807e+00, 2.6186e-01, 
 2DIAGNOSTIC,     8, -5.023635687122e-01, 1.797693134862e+308, 6.5860e+00, 4.0530e-01, 
 2DIAGNOSTIC,     9, -5.023740949477e-01, 1.797693134862e+308, 6.8802e+00, 2.9418e-01, 
 2DIAGNOSTIC,    10, -5.023738902124e-01, 1.243973531933e-04, 7.1407e+00, 2.6058e-01, 
 2DIAGNOSTIC,    11, -5.023749860359e-01, 8.327383474376e-05, 7.4143e+00, 2.7355e-01, 
 2DIAGNOSTIC,    12, -5.023755157635e-01, 5.178486099065e-05, 7.8261e+00, 4.1185e-01, 
 2DIAGNOSTIC,    13, -5.023757482794e-01, 3.363758536210e-05, 8.0857e+00, 2.5953e-01, 
 2DIAGNOSTIC,    14, -5.023752626813e-01, 2.197859053410e-05, 8.3516e+00, 2.6591e-01, 
 2DIAGNOSTIC,    15, -5.023732636897e-01, 1.345617168121e-05, 8.5738e+00, 2.2220e-01, 
 2DIAGNOSTIC,    16, -5.023723569392e-01, 6.652423411233e-06, 8.8177e+00, 2.4391e-01, 
 2DIAGNOSTIC,    17, -5.023721614566e-01, 2.098315506099e-06, 9.1428e+00, 3.2512e-01, 
 2DIAGNOSTIC,    18, -5.023731885494e-01, 1.598237615551e-06, 9.4005e+00, 2.5774e-01, 
 2DIAGNOSTIC,    19, -5.023709294771e-01, 1.412659387690e-06, 9.6219e+00, 2.2140e-01, 
 2DIAGNOSTIC,    20, -5.023704517142e-01, 1.253277126877e-06, 9.8242e+00, 2.0225e-01, 
 2DIAGNOSTIC,    21, -5.023710156296e-01, 1.185437568565e-06, 1.0100e+01, 2.7593e-01, 
 2DIAGNOSTIC,    22, -5.023723334095e-01, 1.199480002843e-06, 1.0371e+01, 2.7082e-01, 
 2DIAGNOSTIC,    23, -5.023695326367e-01, 1.170444593364e-06, 1.0634e+01, 2.6306e-01, 
 2DIAGNOSTIC,    24, -5.023698442271e-01, 1.164037280767e-06, 1.0890e+01, 2.5588e-01, 
 2DIAGNOSTIC,    25, -5.023686553583e-01, 1.101933771057e-06, 1.1115e+01, 2.2495e-01, 
 2DIAGNOSTIC,    26, -5.023685917990e-01, 1.038693997410e-06, 1.1381e+01, 2.6634e-01, 
 2DIAGNOSTIC,    27, -5.023699823743e-01, 1.020819398768e-06, 1.1642e+01, 2.6131e-01, 
 2DIAGNOSTIC,    28, -5.023695237005e-01, 1.031572809763e-06, 1.1866e+01, 2.2383e-01, 
 2DIAGNOSTIC,    29, -5.023709484585e-01, 1.036768255629e-06, 1.2107e+01, 2.4073e-01, 
 2DIAGNOSTIC,    30, -5.023705088026e-01, 1.029068956868e-06, 1.2396e+01, 2.8865e-01, 
 2DIAGNOSTIC,    31, -5.023690148938e-01, 1.007070398018e-06, 1.2637e+01, 2.4169e-01, 
 2DIAGNOSTIC,    32, -5.023691906030e-01, 1.016517360154e-06, 1.2883e+01, 2.4584e-01, 
DIAGNOSTIC,Iteration,metricValue,convergenceValue,ITERATION_TIME_INDEX,SINCE_LAST
 2DIAGNOSTIC,     1, -4.668487306001e-01, 1.797693134862e+308, 1.5459e+01, 2.5761e+00, 
 2DIAGNOSTIC,     2, -4.669535545365e-01, 1.797693134862e+308, 1.7092e+01, 1.6332e+00, 
 2DIAGNOSTIC,     3, -4.669758224852e-01, 1.797693134862e+308, 1.8482e+01, 1.3891e+00, 
 2DIAGNOSTIC,     4, -4.669930058004e-01, 1.797693134862e+308, 1.9868e+01, 1.3868e+00, 
 2DIAGNOSTIC,     5, -4.670530770964e-01, 1.797693134862e+308, 2.1997e+01, 2.1286e+00, 
 2DIAGNOSTIC,     6, -4.670554616644e-01, 1.797693134862e+308, 2.4052e+01, 2.0546e+00, 
 2DIAGNOSTIC,     7, -4.670550405877e-01, 1.797693134862e+308, 2.5959e+01, 1.9078e+00, 
 2DIAGNOSTIC,     8, -4.670549399552e-01, 1.797693134862e+308, 2.7638e+01, 1.6783e+00, 
 2DIAGNOSTIC,     9, -4.670545858906e-01, 1.797693134862e+308, 2.9517e+01, 1.8797e+00, 
 2DIAGNOSTIC,    10, -4.670543881228e-01, 2.623515345512e-05, 3.1056e+01, 1.5389e+00, 
 2DIAGNOSTIC,    11, -4.670542752601e-01, 1.469808978626e-05, 3.2507e+01, 1.4512e+00, 
 2DIAGNOSTIC,    12, -4.670540139553e-01, 9.355706570346e-06, 3.4315e+01, 1.8071e+00, 
 2DIAGNOSTIC,    13, -4.670538650598e-01, 5.278378382559e-06, 3.5841e+01, 1.5261e+00, 
 2DIAGNOSTIC,    14, -4.670536309742e-01, 2.189499824917e-06, 3.7223e+01, 1.3820e+00, 
 2DIAGNOSTIC,    15, -4.670536047045e-01, 1.953291388815e-06, 3.8589e+01, 1.3664e+00, 
 2DIAGNOSTIC,    16, -4.670536217834e-01, 1.853477303748e-06, 4.0292e+01, 1.7030e+00, 
 2DIAGNOSTIC,    17, -4.670536646730e-01, 1.764137319185e-06, 4.1791e+01, 1.4992e+00, 
 2DIAGNOSTIC,    18, -4.670534191403e-01, 1.683218517096e-06, 4.3256e+01, 1.4645e+00, 
 2DIAGNOSTIC,    19, -4.670533455167e-01, 1.605311551453e-06, 4.4755e+01, 1.4991e+00, 
 2DIAGNOSTIC,    20, -4.670533699718e-01, 1.536294162080e-06, 4.6332e+01, 1.5771e+00, 
 2DIAGNOSTIC,    21, -4.670533153144e-01, 1.473934342903e-06, 4.7796e+01, 1.4636e+00, 
 2DIAGNOSTIC,    22, -4.670532838224e-01, 1.413012902816e-06, 4.9388e+01, 1.5926e+00, 
 2DIAGNOSTIC,    23, -4.670535085056e-01, 1.362783519768e-06, 5.0866e+01, 1.4779e+00, 
 2DIAGNOSTIC,    24, -4.670532849944e-01, 1.306941136911e-06, 5.2491e+01, 1.6248e+00, 
 2DIAGNOSTIC,    25, -4.670534069591e-01, 1.259748779063e-06, 5.4038e+01, 1.5469e+00, 
 2DIAGNOSTIC,    26, -4.670533525874e-01, 1.216345045407e-06, 5.5725e+01, 1.6871e+00, 
 2DIAGNOSTIC,    27, -4.670534787276e-01, 1.180771454661e-06, 5.7215e+01, 1.4905e+00, 
 2DIAGNOSTIC,    28, -4.670534101949e-01, 1.140591388900e-06, 5.8680e+01, 1.4647e+00, 
 2DIAGNOSTIC,    29, -4.670532442713e-01, 1.097799159508e-06, 6.0045e+01, 1.3651e+00, 
 2DIAGNOSTIC,    30, -4.670532704637e-01, 1.059004004052e-06, 6.1550e+01, 1.5052e+00, 
 2DIAGNOSTIC,    31, -4.670532098089e-01, 1.020500118167e-06, 6.2927e+01, 1.3769e+00, 
  Elapsed time (stage 0): 6.3747e+01


Total elapsed time: 6.3750e+01
Info [verificarlo]: loaded backend libinterflop_vprec.so
Info [interflop-vprec]: load backend with: 
Info [interflop-vprec]: precision-binary32 = 20
Info [interflop-vprec]: range-binary32 = 8
Info [interflop-vprec]: precision-binary64 = 20
Info [interflop-vprec]: range-binary64 = 8
Info [interflop-vprec]: mode = ob
Info [interflop-vprec]: error-mode = rel
Info [interflop-vprec]: max-abs-error-exponent = -1022
Info [interflop-vprec]: daz = false
Info [interflop-vprec]: ftz = false
Info [interflop-vprec]: 	instrument = none
Info [interflop-vprec]: 	prec-input-file = (null)
Info [interflop-vprec]: 	prec-output-file = (null)
Info [interflop-vprec]: 	prec-log-file = (null)
All_Command_lines_OK
Using double precision for computations.
=============================================================================
The composite transform comprises the following transforms (in order): 
  1. /home/mdugre/scratch/mri-registration-rp/datasets/ds004513/derivatives/mri-registration-rp/0011/antsRegistration-r8-p20/sub-s032/rigid_Composite.h5[0] (type = Euler3DTransform)
  2. /home/mdugre/scratch/mri-registration-rp/datasets/ds004513/derivatives/mri-registration-rp/0011/antsRegistration-r8-p20/sub-s032/rigid_Composite.h5[1] (type = Euler3DTransform)
  3. /home/mdugre/scratch/mri-registration-rp/datasets/ds004513/derivatives/mri-registration-rp/0011/antsRegistration-r8-p20/sub-s032/rigid_Composite.h5[2] (type = Euler3DTransform)
=============================================================================
  number of levels = 4
  fixed image: /templateflow/tpl-MNI152NLin2009cAsym/tpl-MNI152NLin2009cAsym_res-01_desc-brain_T1w.nii.gz
  moving image: /home/mdugre/scratch/mri-registration-rp/datasets/ds004513/derivatives/mri-registration-rp/antsBrainExtraction/sub-s032/BrainExtractionBrain.nii.gz
Dimension = 3
Number of stages = 1
Use histogram matching = false
Winsorize image intensities = true
  Lower quantile = 0.005
  Upper quantile = 0.995


Stage 1 State
   Image metric = MattesMI
     Fixed image = Image (0x43bd490)
  RTTI typeinfo:   itk::Image<double, 3u>
  Reference Count: 2
  Modified Time: 1592
  Debug: Off
  Object Name: 
  Observers: 
    none
  Source: (none)
  Source output name: (none)
  Release Data: Off
  Data Released: False
  Global Release Data: Off
  PipelineMTime: 0
  UpdateMTime: 1203
  RealTimeStamp: 0 seconds 
  LargestPossibleRegion: 
    Dimension: 3
    Index: [0, 0, 0]
    Size: [193, 229, 193]
  BufferedRegion: 
    Dimension: 3
    Index: [0, 0, 0]
    Size: [193, 229, 193]
  RequestedRegion: 
    Dimension: 3
    Index: [0, 0, 0]
    Size: [193, 229, 193]
  Spacing: [1, 1, 1]
  Origin: [96, 132, -78]
  Direction: 
-1 0 0
0 -1 0
0 0 1

  IndexToPointMatrix: 
-1 0 0
0 -1 0
0 0 1

  PointToIndexMatrix: 
-1 0 0
0 -1 0
0 0 1

  Inverse Direction: 
-1 0 0
0 -1 0
0 0 1

  PixelContainer: 
    ImportImageContainer (0x44888c0)
      RTTI typeinfo:   itk::ImportImageContainer<unsigned long, double>
      Reference Count: 1
      Modified Time: 1200
      Debug: Off
      Object Name: 
      Observers: 
        none
      Pointer: 0x14650deed010
      Container manages memory: true
      Size: 8530021
      Capacity: 8530021

     Moving image = Image (0x4478b60)
  RTTI typeinfo:   itk::Image<double, 3u>
  Reference Count: 2
  Modified Time: 1593
  Debug: Off
  Object Name: 
  Observers: 
    none
  Source: (none)
  Source output name: (none)
  Release Data: Off
  Data Released: False
  Global Release Data: Off
  PipelineMTime: 0
  UpdateMTime: 1590
  RealTimeStamp: 0 seconds 
  LargestPossibleRegion: 
    Dimension: 3
    Index: [0, 0, 0]
    Size: [160, 240, 256]
  BufferedRegion: 
    Dimension: 3
    Index: [0, 0, 0]
    Size: [160, 240, 256]
  RequestedRegion: 
    Dimension: 3
    Index: [0, 0, 0]
    Size: [160, 240, 256]
  Spacing: [1, 1, 1]
  Origin: [73.2791, 104.707, -131.187]
  Direction: 
-0.997527 0.0645574 -0.0278053
-0.0645323 -0.997914 -0.00179875
-0.0278634 4.01097e-08 0.999612

  IndexToPointMatrix: 
-0.997527 0.0645574 -0.0278053
-0.0645323 -0.997914 -0.00179875
-0.0278634 4.01097e-08 0.999612

  PointToIndexMatrix: 
-0.997526 -0.0645323 -0.0278634
0.0645574 -0.997914 4.00469e-08
-0.0278053 -0.00179875 0.999612

  Inverse Direction: 
-0.997526 -0.0645323 -0.0278634
0.0645574 -0.997914 4.00469e-08
-0.0278053 -0.00179875 0.999612

  PixelContainer: 
    ImportImageContainer (0x450c1d0)
      RTTI typeinfo:   itk::ImportImageContainer<unsigned long, double>
      Reference Count: 1
      Modified Time: 1587
      Debug: Off
      Object Name: 
      Observers: 
        none
      Pointer: 0x1465093ec010
      Container manages memory: true
      Size: 9830400
      Capacity: 9830400

     Weighting = 1
     Sampling strategy = regular
     Number of bins = 32
     Radius = 4
     Sampling percentage  = 0.25
   Transform = Affine
     Gradient step = 0.1
     Update field sigma (voxel space) = 0
     Total field sigma (voxel space) = 0
     Update field time sigma = 0
     Total field time sigma  = 0
     Number of time indices = 0
     Number of time point samples = 0
Registration using 1 total stages.

Stage 0
  iterations = 1000x500x250x100
  convergence threshold = 1e-06
  convergence window size = 10
  number of levels = 4
  using the Mattes MI metric (number of bins = 32, weight = 1, use gradient filter = 0)
  preprocessing:  winsorizing the image intensities
  Shrink factors (level 1 out of 4): [8, 8, 8]
  Shrink factors (level 2 out of 4): [4, 4, 4]
  Shrink factors (level 3 out of 4): [2, 2, 2]
  Shrink factors (level 4 out of 4): [1, 1, 1]
  smoothing sigmas per level: [3, 2, 1, 0]
  regular sampling (percentage = 0.25)

*** Running AffineTransform registration ***

DIAGNOSTIC,Iteration,metricValue,convergenceValue,ITERATION_TIME_INDEX,SINCE_LAST
 2DIAGNOSTIC,     1, -6.844241635228e-01, 1.797693134862e+308, 0.0000e+00, 0.0000e+00, 
 2DIAGNOSTIC,     2, -6.863182181649e-01, 1.797693134862e+308, 0.0000e+00, 0.0000e+00, 
 2DIAGNOSTIC,     3, -6.891889693409e-01, 1.797693134862e+308, 0.0000e+00, 0.0000e+00, 
 2DIAGNOSTIC,     4, -6.934728158706e-01, 1.797693134862e+308, 0.0000e+00, 0.0000e+00, 
 2DIAGNOSTIC,     5, -7.090754258507e-01, 1.797693134862e+308, 0.0000e+00, 0.0000e+00, 
 2DIAGNOSTIC,     6, -7.215825491597e-01, 1.797693134862e+308, 0.0000e+00, 0.0000e+00, 
 2DIAGNOSTIC,     7, -7.213406557190e-01, 1.797693134862e+308, 0.0000e+00, 0.0000e+00, 
 2DIAGNOSTIC,     8, -7.208962428640e-01, 1.797693134862e+308, 0.0000e+00, 0.0000e+00, 
 2DIAGNOSTIC,     9, -7.213137355891e-01, 1.797693134862e+308, 0.0000e+00, 0.0000e+00, 
 2DIAGNOSTIC,    10, -7.221935878852e-01, 4.251591421719e-03, 0.0000e+00, 0.0000e+00, 
 2DIAGNOSTIC,    11, -7.231188530105e-01, 3.309324297851e-03, 0.0000e+00, 0.0000e+00, 
 2DIAGNOSTIC,    12, -7.255486954652e-01, 2.380536052992e-03, 0.0000e+00, 0.0000e+00, 
 2DIAGNOSTIC,    13, -7.279287487831e-01, 1.551384562306e-03, 0.0000e+00, 0.0000e+00, 
 2DIAGNOSTIC,    14, -7.300291156039e-01, 8.750452648618e-04, 0.0000e+00, 0.0000e+00, 
 2DIAGNOSTIC,    15, -7.324293644708e-01, 6.790357027322e-04, 0.0000e+00, 0.0000e+00, 
 2DIAGNOSTIC,    16, -7.331615988840e-01, 7.743759378643e-04, 0.0000e+00, 0.0000e+00, 
 2DIAGNOSTIC,    17, -7.342953761910e-01, 8.084675680273e-04, 0.0000e+00, 0.0000e+00, 
 2DIAGNOSTIC,    18, -7.355966400776e-01, 7.824424346165e-04, 0.0000e+00, 0.0000e+00, 
 2DIAGNOSTIC,    19, -7.360470921625e-01, 7.042097819742e-04, 0.0000e+00, 0.0000e+00, 
 2DIAGNOSTIC,    20, -7.366324874292e-01, 5.979432669407e-04, 0.0000e+00, 0.0000e+00, 
 2DIAGNOSTIC,    21, -7.367981358230e-01, 4.666194279958e-04, 0.0000e+00, 0.0000e+00, 
 2DIAGNOSTIC,    22, -7.372428310347e-01, 3.552537720074e-04, 0.0000e+00, 0.0000e+00, 
 2DIAGNOSTIC,    23, -7.371748095115e-01, 2.594811508297e-04, 0.0000e+00, 0.0000e+00, 
 2DIAGNOSTIC,    24, -7.375018620314e-01, 1.867266601410e-04, 0.0000e+00, 0.0000e+00, 
 2DIAGNOSTIC,    25, -7.389665655396e-01, 1.632713532746e-04, 0.0000e+00, 0.0000e+00, 
 2DIAGNOSTIC,    26, -7.390510825822e-01, 1.379430628586e-04, 0.0000e+00, 0.0000e+00, 
 2DIAGNOSTIC,    27, -7.392091265558e-01, 1.203026388980e-04, 0.0000e+00, 0.0000e+00, 
 2DIAGNOSTIC,    28, -7.392398989185e-01, 1.115971207321e-04, 0.0000e+00, 0.0000e+00, 
 2DIAGNOSTIC,    29, -7.391471744698e-01, 9.770097502941e-05, 0.0000e+00, 0.0000e+00, 
 2DIAGNOSTIC,    30, -7.390423833244e-01, 8.162131015652e-05, 0.0000e+00, 0.0000e+00, 
 2DIAGNOSTIC,    31, -7.390631064037e-01, 6.116248516393e-05, 0.0000e+00, 0.0000e+00, 
 2DIAGNOSTIC,    32, -7.391751388938e-01, 4.340257191476e-05, 0.0000e+00, 0.0000e+00, 
 2DIAGNOSTIC,    33, -7.392624531858e-01, 2.299724578034e-05, 0.0000e+00, 0.0000e+00, 
 2DIAGNOSTIC,    34, -7.396586695458e-01, 9.606910408799e-06, 0.0000e+00, 0.0000e+00, 
 2DIAGNOSTIC,    35, -7.399698111328e-01, 1.592035422249e-05, 0.0000e+00, 0.0000e+00, 
 2DIAGNOSTIC,    36, -7.402395143346e-01, 2.419822053662e-05, 0.0000e+00, 0.0000e+00, 
 2DIAGNOSTIC,    37, -7.405219267133e-01, 3.441299450048e-05, 0.0000e+00, 0.0000e+00, 
 2DIAGNOSTIC,    38, -7.418457625807e-01, 5.477631894737e-05, 0.0000e+00, 0.0000e+00, 
 2DIAGNOSTIC,    39, -7.418671627215e-01, 6.789528545617e-05, 0.0000e+00, 0.0000e+00, 
 2DIAGNOSTIC,    40, -7.420414270326e-01, 7.477004068599e-05, 0.0000e+00, 0.0000e+00, 
 2DIAGNOSTIC,    41, -7.421864481652e-01, 7.595951365271e-05, 0.0000e+00, 0.0000e+00, 
 2DIAGNOSTIC,    42, -7.422105771615e-01, 7.113144064109e-05, 0.0000e+00, 0.0000e+00, 
 2DIAGNOSTIC,    43, -7.423472637861e-01, 6.163297718580e-05, 0.0000e+00, 0.0000e+00, 
 2DIAGNOSTIC,    44, -7.423569346596e-01, 5.027132730025e-05, 0.0000e+00, 0.0000e+00, 
 2DIAGNOSTIC,    45, -7.423381671742e-01, 3.734728916414e-05, 0.0000e+00, 0.0000e+00, 
 2DIAGNOSTIC,    46, -7.419256947371e-01, 2.035056942992e-05, 0.0000e+00, 0.0000e+00, 
 2DIAGNOSTIC,    47, -7.417748770789e-01, 3.092124951944e-06, 0.0000e+00, 0.0000e+00, 
DIAGNOSTIC,Iteration,metricValue,convergenceValue,ITERATION_TIME_INDEX,SINCE_LAST
 2DIAGNOSTIC,     1, -6.013182698093e-01, 1.797693134862e+308, 0.0000e+00, 0.0000e+00, 
 2DIAGNOSTIC,     2, -6.015745838466e-01, 1.797693134862e+308, 0.0000e+00, 0.0000e+00, 
 2DIAGNOSTIC,     3, -6.018883570051e-01, 1.797693134862e+308, 0.0000e+00, 0.0000e+00, 
 2DIAGNOSTIC,     4, -6.021008296593e-01, 1.797693134862e+308, 0.0000e+00, 0.0000e+00, 
 2DIAGNOSTIC,     5, -6.023302001847e-01, 1.797693134862e+308, 0.0000e+00, 0.0000e+00, 
 2DIAGNOSTIC,     6, -6.026841396548e-01, 1.797693134862e+308, 0.0000e+00, 0.0000e+00, 
 2DIAGNOSTIC,     7, -6.031990991658e-01, 1.797693134862e+308, 0.0000e+00, 0.0000e+00, 
 2DIAGNOSTIC,     8, -6.043555436534e-01, 1.797693134862e+308, 0.0000e+00, 0.0000e+00, 
 2DIAGNOSTIC,     9, -6.044973302158e-01, 1.797693134862e+308, 0.0000e+00, 0.0000e+00, 
 2DIAGNOSTIC,    10, -6.045168002977e-01, 3.829508070111e-04, 0.0000e+00, 0.0000e+00, 
 2DIAGNOSTIC,    11, -6.044928971048e-01, 3.425821714984e-04, 0.0000e+00, 0.0000e+00, 
 2DIAGNOSTIC,    12, -6.045602863391e-01, 2.906712449430e-04, 0.0000e+00, 0.0000e+00, 
 2DIAGNOSTIC,    13, -6.047500309316e-01, 2.382296523030e-04, 0.0000e+00, 0.0000e+00, 
 2DIAGNOSTIC,    14, -6.049472362801e-01, 1.854723151251e-04, 0.0000e+00, 0.0000e+00, 
 2DIAGNOSTIC,    15, -6.050529877853e-01, 1.339382508640e-04, 0.0000e+00, 0.0000e+00, 
 2DIAGNOSTIC,    16, -6.050387287529e-01, 8.689089471760e-05, 0.0000e+00, 0.0000e+00, 
 2DIAGNOSTIC,    17, -6.050351447745e-01, 5.096307926021e-05, 0.0000e+00, 0.0000e+00, 
 2DIAGNOSTIC,    18, -6.050149308964e-01, 4.404025198311e-05, 0.0000e+00, 0.0000e+00, 
 2DIAGNOSTIC,    19, -6.049977985946e-01, 3.692309265056e-05, 0.0000e+00, 0.0000e+00, 
 2DIAGNOSTIC,    20, -6.049897040788e-01, 2.756623111481e-05, 0.0000e+00, 0.0000e+00, 
 2DIAGNOSTIC,    21, -6.049816886842e-01, 1.603748398740e-05, 0.0000e+00, 0.0000e+00, 
 2DIAGNOSTIC,    22, -6.049556210467e-01, 5.059124974151e-06, 0.0000e+00, 0.0000e+00, 
DIAGNOSTIC,Iteration,metricValue,convergenceValue,ITERATION_TIME_INDEX,SINCE_LAST
 2DIAGNOSTIC,     1, -5.406711154008e-01, 1.797693134862e+308, 0.0000e+00, 0.0000e+00, 
 2DIAGNOSTIC,     2, -5.410388761061e-01, 1.797693134862e+308, 0.0000e+00, 0.0000e+00, 
 2DIAGNOSTIC,     3, -5.415849205350e-01, 1.797693134862e+308, 0.0000e+00, 0.0000e+00, 
 2DIAGNOSTIC,     4, -5.423169038689e-01, 1.797693134862e+308, 0.0000e+00, 0.0000e+00, 
 2DIAGNOSTIC,     5, -5.431386417660e-01, 1.797693134862e+308, 0.0000e+00, 0.0000e+00, 
 2DIAGNOSTIC,     6, -5.453332169302e-01, 1.797693134862e+308, 0.0000e+00, 0.0000e+00, 
 2DIAGNOSTIC,     7, -5.453619595206e-01, 1.797693134862e+308, 0.0000e+00, 0.0000e+00, 
 2DIAGNOSTIC,     8, -5.453601029755e-01, 1.797693134862e+308, 0.0000e+00, 0.0000e+00, 
 2DIAGNOSTIC,     9, -5.453379841178e-01, 1.797693134862e+308, 0.0000e+00, 0.0000e+00, 
 2DIAGNOSTIC,    10, -5.453425610915e-01, 6.757117984612e-04, 0.0000e+00, 0.0000e+00, 
 2DIAGNOSTIC,    11, -5.453333067989e-01, 5.132641496403e-04, 0.0000e+00, 0.0000e+00, 
 2DIAGNOSTIC,    12, -5.453308755277e-01, 3.480294196534e-04, 0.0000e+00, 0.0000e+00, 
 2DIAGNOSTIC,    13, -5.453291456163e-01, 1.999734968228e-04, 0.0000e+00, 0.0000e+00, 
 2DIAGNOSTIC,    14, -5.453285183477e-01, 8.260433158297e-05, 0.0000e+00, 0.0000e+00, 
DIAGNOSTIC,Iteration,metricValue,convergenceValue,ITERATION_TIME_INDEX,SINCE_LAST
 2DIAGNOSTIC,     1, -5.013914950995e-01, 1.797693134862e+308, 0.0000e+00, 0.0000e+00, 
 2DIAGNOSTIC,     2, -5.014085512942e-01, 1.797693134862e+308, 0.0000e+00, 0.0000e+00, 
 2DIAGNOSTIC,     3, -5.014087837324e-01, 1.797693134862e+308, 0.0000e+00, 0.0000e+00, 
 2DIAGNOSTIC,     4, -5.014085476056e-01, 1.797693134862e+308, 0.0000e+00, 0.0000e+00, 
 2DIAGNOSTIC,     5, -5.014074763185e-01, 1.797693134862e+308, 0.0000e+00, 0.0000e+00, 
 2DIAGNOSTIC,     6, -5.014074295054e-01, 1.797693134862e+308, 0.0000e+00, 0.0000e+00, 
 2DIAGNOSTIC,     7, -5.014073292469e-01, 1.797693134862e+308, 0.0000e+00, 0.0000e+00, 
