
##########################
# Experiment information #
##########################

EXPERIMENT_NAME: antsRegistration-r7-p22
VFC_BACKENDS: libinterflop_vprec.so --range-binary32=7 --precision-binary32=22 --range-binary64=7 --precision-binary64=22

SIF_IMG: /home/mdugre/projects/rrg-glatard/mdugre/containers/ants-vprec-no_metrics.simg

SUBJECT_ID: s025
INPUT_IMG: /home/mdugre/scratch/mri-registration-rp/datasets/ds004513/derivatives/mri-registration-rp/antsBrainExtraction/sub-s025/BrainExtractionBrain.nii.gz
OUTPUT_DIR: /home/mdugre/scratch/mri-registration-rp/datasets/ds004513/derivatives/mri-registration-rp/0011/antsRegistration-r7-p22/sub-s025

FIXED_IMG: /templateflow/tpl-MNI152NLin2009cAsym/tpl-MNI152NLin2009cAsym_res-01_desc-brain_T1w.nii.gz
DATA_DIR: /home/mdugre/scratch/mri-registration-rp/datasets/ds004513
TEMPLATEFLOW_DIR: /home/mdugre/projects/rrg-glatard/mdugre/templateflow
ITK_GLOBAL_DEFAULT_NUMBER_OF_THREADS: 16
##########################

Info [verificarlo]: loaded backend libinterflop_ieee.so
Info [interflop-ieee]: load backend with:
Info [interflop-ieee]: debug = false
Info [interflop-ieee]: debug-binary = false
Info [interflop-ieee]: no-backend-name = false
Info [interflop-ieee]: print-new-line = false
Info [interflop-ieee]: print-subnormal-normalized = false
Info [interflop-ieee]: count-op = false
All_Command_lines_OK
Using double precision for computations.
=============================================================================
The composite transform comprises the following transforms (in order): 
  1. Center of mass alignment using fixed image: /templateflow/tpl-MNI152NLin2009cAsym/tpl-MNI152NLin2009cAsym_res-01_desc-brain_T1w.nii.gz and moving image: /home/mdugre/scratch/mri-registration-rp/datasets/ds004513/derivatives/mri-registration-rp/antsBrainExtraction/sub-s025/BrainExtractionBrain.nii.gz (type = Euler3DTransform)
=============================================================================
  number of levels = 1
  fixed image: /templateflow/tpl-MNI152NLin2009cAsym/tpl-MNI152NLin2009cAsym_res-01_desc-brain_T1w.nii.gz
  moving image: /home/mdugre/scratch/mri-registration-rp/datasets/ds004513/derivatives/mri-registration-rp/antsBrainExtraction/sub-s025/BrainExtractionBrain.nii.gz
Dimension = 3
Number of stages = 1
Use histogram matching = false
Winsorize image intensities = true
  Lower quantile = 0.005
  Upper quantile = 0.995


Stage 1 State
   Image metric = MattesMI
     Fixed image = Image (0x4707e70)
  RTTI typeinfo:   itk::Image<double, 3u>
  Reference Count: 2
  Modified Time: 2334
  Debug: Off
  Object Name: 
  Observers: 
    none
  Source: (none)
  Source output name: (none)
  Release Data: Off
  Data Released: False
  Global Release Data: Off
  PipelineMTime: 0
  UpdateMTime: 1943
  RealTimeStamp: 0 seconds 
  LargestPossibleRegion: 
    Dimension: 3
    Index: [0, 0, 0]
    Size: [193, 229, 193]
  BufferedRegion: 
    Dimension: 3
    Index: [0, 0, 0]
    Size: [193, 229, 193]
  RequestedRegion: 
    Dimension: 3
    Index: [0, 0, 0]
    Size: [193, 229, 193]
  Spacing: [1, 1, 1]
  Origin: [96, 132, -78]
  Direction: 
-1 0 0
0 -1 0
0 0 1

  IndexToPointMatrix: 
-1 0 0
0 -1 0
0 0 1

  PointToIndexMatrix: 
-1 0 0
0 -1 0
0 0 1

  Inverse Direction: 
-1 0 0
0 -1 0
0 0 1

  PixelContainer: 
    ImportImageContainer (0x4710c60)
      RTTI typeinfo:   itk::ImportImageContainer<unsigned long, double>
      Reference Count: 1
      Modified Time: 1940
      Debug: Off
      Object Name: 
      Observers: 
        none
      Pointer: 0x152f32d87010
      Container manages memory: true
      Size: 8530021
      Capacity: 8530021

     Moving image = Image (0x4713610)
  RTTI typeinfo:   itk::Image<double, 3u>
  Reference Count: 2
  Modified Time: 2335
  Debug: Off
  Object Name: 
  Observers: 
    none
  Source: (none)
  Source output name: (none)
  Release Data: Off
  Data Released: False
  Global Release Data: Off
  PipelineMTime: 0
  UpdateMTime: 2332
  RealTimeStamp: 0 seconds 
  LargestPossibleRegion: 
    Dimension: 3
    Index: [0, 0, 0]
    Size: [176, 240, 256]
  BufferedRegion: 
    Dimension: 3
    Index: [0, 0, 0]
    Size: [176, 240, 256]
  RequestedRegion: 
    Dimension: 3
    Index: [0, 0, 0]
    Size: [176, 240, 256]
  Spacing: [0.999999, 1, 1]
  Origin: [90.3778, 84.5091, -154.071]
  Direction: 
-0.999391 7.48184e-06 -0.0348969
-7.47664e-06 -1 -2.7953e-07
-0.0348969 -1.84481e-08 0.999391

  IndexToPointMatrix: 
-0.99939 7.48184e-06 -0.0348969
-7.47663e-06 -1 -2.7953e-07
-0.0348968 -1.84481e-08 0.999391

  PointToIndexMatrix: 
-0.999392 -7.47665e-06 -0.0348969
7.48184e-06 -1 -1.84481e-08
-0.0348969 -2.7953e-07 0.999391

  Inverse Direction: 
-0.999391 -7.47664e-06 -0.0348969
7.48184e-06 -1 -1.84481e-08
-0.0348969 -2.7953e-07 0.999391

  PixelContainer: 
    ImportImageContainer (0x47acef0)
      RTTI typeinfo:   itk::ImportImageContainer<unsigned long, double>
      Reference Count: 1
      Modified Time: 2329
      Debug: Off
      Object Name: 
      Observers: 
        none
      Pointer: 0x152f2db06010
      Container manages memory: true
      Size: 10813440
      Capacity: 10813440

     Weighting = 1
     Sampling strategy = regular
     Number of bins = 32
     Radius = 4
     Sampling percentage  = 0.25
   Transform = Rigid
     Gradient step = 0.1
     Update field sigma (voxel space) = 0
     Total field sigma (voxel space) = 0
     Update field time sigma = 0
     Total field time sigma  = 0
     Number of time indices = 0
     Number of time point samples = 0
Registration using 1 total stages.

Stage 0
  iterations = 0
  convergence threshold = 1e-06
  convergence window size = 10
  number of levels = 1
  using the Mattes MI metric (number of bins = 32, weight = 1, use gradient filter = 0)
  preprocessing:  winsorizing the image intensities
  Shrink factors (level 1 out of 1): [1, 1, 1]
  smoothing sigmas per level: [0]
  regular sampling (percentage = 0.25)

*** Running Euler3DTransform registration ***

  Elapsed time (stage 0): 1.09939


Total elapsed time: 1.10597
Info [verificarlo]: loaded backend libinterflop_ieee.so
Info [interflop-ieee]: load backend with:
Info [interflop-ieee]: debug = false
Info [interflop-ieee]: debug-binary = false
Info [interflop-ieee]: no-backend-name = false
Info [interflop-ieee]: print-new-line = false
Info [interflop-ieee]: print-subnormal-normalized = false
Info [interflop-ieee]: count-op = false
All_Command_lines_OK
Using double precision for computations.
=============================================================================
The composite transform comprises the following transforms (in order): 
  1. /home/mdugre/scratch/mri-registration-rp/datasets/ds004513/derivatives/mri-registration-rp/0011/antsRegistration-r7-p22/sub-s025/align_Composite.h5[0] (type = Euler3DTransform)
  2. /home/mdugre/scratch/mri-registration-rp/datasets/ds004513/derivatives/mri-registration-rp/0011/antsRegistration-r7-p22/sub-s025/align_Composite.h5[1] (type = Euler3DTransform)
=============================================================================
  number of levels = 4
  fixed image: /templateflow/tpl-MNI152NLin2009cAsym/tpl-MNI152NLin2009cAsym_res-01_desc-brain_T1w.nii.gz
  moving image: /home/mdugre/scratch/mri-registration-rp/datasets/ds004513/derivatives/mri-registration-rp/antsBrainExtraction/sub-s025/BrainExtractionBrain.nii.gz
Dimension = 3
Number of stages = 1
Use histogram matching = false
Winsorize image intensities = true
  Lower quantile = 0.005
  Upper quantile = 0.995


Stage 1 State
   Image metric = MattesMI
     Fixed image = Image (0x4b22530)
  RTTI typeinfo:   itk::Image<double, 3u>
  Reference Count: 2
  Modified Time: 1580
  Debug: Off
  Object Name: 
  Observers: 
    none
  Source: (none)
  Source output name: (none)
  Release Data: Off
  Data Released: False
  Global Release Data: Off
  PipelineMTime: 0
  UpdateMTime: 1189
  RealTimeStamp: 0 seconds 
  LargestPossibleRegion: 
    Dimension: 3
    Index: [0, 0, 0]
    Size: [193, 229, 193]
  BufferedRegion: 
    Dimension: 3
    Index: [0, 0, 0]
    Size: [193, 229, 193]
  RequestedRegion: 
    Dimension: 3
    Index: [0, 0, 0]
    Size: [193, 229, 193]
  Spacing: [1, 1, 1]
  Origin: [96, 132, -78]
  Direction: 
-1 0 0
0 -1 0
0 0 1

  IndexToPointMatrix: 
-1 0 0
0 -1 0
0 0 1

  PointToIndexMatrix: 
-1 0 0
0 -1 0
0 0 1

  Inverse Direction: 
-1 0 0
0 -1 0
0 0 1

  PixelContainer: 
    ImportImageContainer (0x4be0d60)
      RTTI typeinfo:   itk::ImportImageContainer<unsigned long, double>
      Reference Count: 1
      Modified Time: 1186
      Debug: Off
      Object Name: 
      Observers: 
        none
      Pointer: 0x151b2132c010
      Container manages memory: true
      Size: 8530021
      Capacity: 8530021

     Moving image = Image (0x4bd2f60)
  RTTI typeinfo:   itk::Image<double, 3u>
  Reference Count: 2
  Modified Time: 1581
  Debug: Off
  Object Name: 
  Observers: 
    none
  Source: (none)
  Source output name: (none)
  Release Data: Off
  Data Released: False
  Global Release Data: Off
  PipelineMTime: 0
  UpdateMTime: 1578
  RealTimeStamp: 0 seconds 
  LargestPossibleRegion: 
    Dimension: 3
    Index: [0, 0, 0]
    Size: [176, 240, 256]
  BufferedRegion: 
    Dimension: 3
    Index: [0, 0, 0]
    Size: [176, 240, 256]
  RequestedRegion: 
    Dimension: 3
    Index: [0, 0, 0]
    Size: [176, 240, 256]
  Spacing: [0.999999, 1, 1]
  Origin: [90.3778, 84.5091, -154.071]
  Direction: 
-0.999391 7.48184e-06 -0.0348969
-7.47664e-06 -1 -2.7953e-07
-0.0348969 -1.84481e-08 0.999391

  IndexToPointMatrix: 
-0.99939 7.48184e-06 -0.0348969
-7.47663e-06 -1 -2.7953e-07
-0.0348968 -1.84481e-08 0.999391

  PointToIndexMatrix: 
-0.999392 -7.47665e-06 -0.0348969
7.48184e-06 -1 -1.84481e-08
-0.0348969 -2.7953e-07 0.999391

  Inverse Direction: 
-0.999391 -7.47664e-06 -0.0348969
7.48184e-06 -1 -1.84481e-08
-0.0348969 -2.7953e-07 0.999391

  PixelContainer: 
    ImportImageContainer (0x4bc46d0)
      RTTI typeinfo:   itk::ImportImageContainer<unsigned long, double>
      Reference Count: 1
      Modified Time: 1575
      Debug: Off
      Object Name: 
      Observers: 
        none
      Pointer: 0x151b1c0ab010
      Container manages memory: true
      Size: 10813440
      Capacity: 10813440

     Weighting = 1
     Sampling strategy = regular
     Number of bins = 32
     Radius = 4
     Sampling percentage  = 0.25
   Transform = Rigid
     Gradient step = 0.1
     Update field sigma (voxel space) = 0
     Total field sigma (voxel space) = 0
     Update field time sigma = 0
     Total field time sigma  = 0
     Number of time indices = 0
     Number of time point samples = 0
Registration using 1 total stages.

Stage 0
  iterations = 1000x500x250x100
  convergence threshold = 1e-06
  convergence window size = 10
  number of levels = 4
  using the Mattes MI metric (number of bins = 32, weight = 1, use gradient filter = 0)
  preprocessing:  winsorizing the image intensities
  Shrink factors (level 1 out of 4): [8, 8, 8]
  Shrink factors (level 2 out of 4): [4, 4, 4]
  Shrink factors (level 3 out of 4): [2, 2, 2]
  Shrink factors (level 4 out of 4): [1, 1, 1]
  smoothing sigmas per level: [3, 2, 1, 0]
  regular sampling (percentage = 0.25)

*** Running Euler3DTransform registration ***

DIAGNOSTIC,Iteration,metricValue,convergenceValue,ITERATION_TIME_INDEX,SINCE_LAST
 2DIAGNOSTIC,     1, -5.323241903179e-01, 1.797693134862e+308, 7.5811e-01, 7.5811e-01, 
 2DIAGNOSTIC,     2, -5.346190553927e-01, 1.797693134862e+308, 7.6275e-01, 4.6360e-03, 
 2DIAGNOSTIC,     3, -5.378036555361e-01, 1.797693134862e+308, 7.6728e-01, 4.5350e-03, 
 2DIAGNOSTIC,     4, -5.422949451405e-01, 1.797693134862e+308, 7.7164e-01, 4.3581e-03, 
 2DIAGNOSTIC,     5, -5.486805952477e-01, 1.797693134862e+308, 7.7587e-01, 4.2300e-03, 
 2DIAGNOSTIC,     6, -5.542790085272e-01, 1.797693134862e+308, 7.7994e-01, 4.0710e-03, 
 2DIAGNOSTIC,     7, -5.627123115611e-01, 1.797693134862e+308, 7.8400e-01, 4.0579e-03, 
 2DIAGNOSTIC,     8, -5.766609943856e-01, 1.797693134862e+308, 7.8834e-01, 4.3440e-03, 
 2DIAGNOSTIC,     9, -5.881111419397e-01, 1.797693134862e+308, 7.9244e-01, 4.0991e-03, 
 2DIAGNOSTIC,    10, -6.012927005665e-01, 7.820055967719e-03, 7.9800e-01, 5.5618e-03, 
 2DIAGNOSTIC,    11, -6.192402913592e-01, 8.564422673945e-03, 8.0593e-01, 7.9241e-03, 
 2DIAGNOSTIC,    12, -6.197111897447e-01, 8.513711436530e-03, 8.1034e-01, 4.4100e-03, 
 2DIAGNOSTIC,    13, -6.223136777510e-01, 7.932305190667e-03, 8.1507e-01, 4.7362e-03, 
 2DIAGNOSTIC,    14, -6.239859078528e-01, 6.938967258809e-03, 8.1949e-01, 4.4200e-03, 
 2DIAGNOSTIC,    15, -6.258731029033e-01, 5.722268374525e-03, 8.2396e-01, 4.4651e-03, 
 2DIAGNOSTIC,    16, -6.290042957036e-01, 4.404898010685e-03, 8.2852e-01, 4.5650e-03, 
 2DIAGNOSTIC,    17, -6.327399548139e-01, 3.192249457890e-03, 8.3429e-01, 5.7669e-03, 
 2DIAGNOSTIC,    18, -6.361770329220e-01, 2.298162514558e-03, 8.4045e-01, 6.1550e-03, 
 2DIAGNOSTIC,    19, -6.381920795447e-01, 1.629119692538e-03, 8.4577e-01, 5.3239e-03, 
 2DIAGNOSTIC,    20, -6.414786468441e-01, 1.264281191580e-03, 8.5046e-01, 4.6890e-03, 
 2DIAGNOSTIC,    21, -6.422621311362e-01, 1.244231354383e-03, 8.5501e-01, 4.5459e-03, 
 2DIAGNOSTIC,    22, -6.443386369562e-01, 1.164065698874e-03, 8.5958e-01, 4.5760e-03, 
 2DIAGNOSTIC,    23, -6.458367310938e-01, 1.066297095021e-03, 8.6411e-01, 4.5280e-03, 
 2DIAGNOSTIC,    24, -6.528535012888e-01, 1.047817936549e-03, 8.6951e-01, 5.4018e-03, 
 2DIAGNOSTIC,    25, -6.591704560905e-01, 1.083081250937e-03, 8.7596e-01, 6.4540e-03, 
 2DIAGNOSTIC,    26, -6.605963651217e-01, 1.093549148732e-03, 8.8094e-01, 4.9789e-03, 
 2DIAGNOSTIC,    27, -6.608439811801e-01, 1.070984901851e-03, 8.8530e-01, 4.3521e-03, 
 2DIAGNOSTIC,    28, -6.615671828598e-01, 1.019502617557e-03, 8.8965e-01, 4.3561e-03, 
 2DIAGNOSTIC,    29, -6.628794477441e-01, 9.260605270894e-04, 8.9412e-01, 4.4689e-03, 
 2DIAGNOSTIC,    30, -6.728295754425e-01, 9.537380156927e-04, 9.0025e-01, 6.1278e-03, 
 2DIAGNOSTIC,    31, -6.735479084874e-01, 9.084162562861e-04, 9.0477e-01, 4.5218e-03, 
 2DIAGNOSTIC,    32, -6.743492699498e-01, 8.254145866325e-04, 9.0907e-01, 4.2999e-03, 
 2DIAGNOSTIC,    33, -6.778518693866e-01, 7.396617895007e-04, 9.1352e-01, 4.4448e-03, 
 2DIAGNOSTIC,    34, -6.872952322186e-01, 8.064181038433e-04, 9.2249e-01, 8.9760e-03, 
 2DIAGNOSTIC,    35, -6.877313220744e-01, 8.751489731009e-04, 9.2682e-01, 4.3321e-03, 
 2DIAGNOSTIC,    36, -6.893204507214e-01, 8.964015916003e-04, 9.3109e-01, 4.2620e-03, 
 2DIAGNOSTIC,    37, -6.927359193603e-01, 8.790895177398e-04, 9.3557e-01, 4.4820e-03, 
 2DIAGNOSTIC,    38, -7.010146621807e-01, 8.851911860356e-04, 9.3985e-01, 4.2801e-03, 
 2DIAGNOSTIC,    39, -7.064023564729e-01, 8.770635462776e-04, 9.4414e-01, 4.2901e-03, 
 2DIAGNOSTIC,    40, -7.084358990051e-01, 9.204624523687e-04, 9.4846e-01, 4.3180e-03, 
 2DIAGNOSTIC,    41, -7.160780283930e-01, 9.679545398650e-04, 9.5334e-01, 4.8802e-03, 
 2DIAGNOSTIC,    42, -7.194806853241e-01, 9.634467806724e-04, 9.5876e-01, 5.4240e-03, 
 2DIAGNOSTIC,    43, -7.227243441404e-01, 9.331567713919e-04, 9.6361e-01, 4.8470e-03, 
 2DIAGNOSTIC,    44, -7.263003769964e-01, 9.466595754138e-04, 9.6800e-01, 4.3890e-03, 
 2DIAGNOSTIC,    45, -7.443188937072e-01, 1.050250641359e-03, 9.7339e-01, 5.3902e-03, 
 2DIAGNOSTIC,    46, -7.460499350178e-01, 1.075693607685e-03, 9.7819e-01, 4.8089e-03, 
 2DIAGNOSTIC,    47, -7.461535374087e-01, 1.030055272057e-03, 9.8248e-01, 4.2889e-03, 
 2DIAGNOSTIC,    48, -7.468488675522e-01, 9.721154683374e-04, 9.8776e-01, 5.2769e-03, 
 2DIAGNOSTIC,    49, -7.474739294981e-01, 8.772024557019e-04, 9.9265e-01, 4.8850e-03, 
 2DIAGNOSTIC,    50, -7.476500108710e-01, 7.180922582550e-04, 9.9689e-01, 4.2450e-03, 
 2DIAGNOSTIC,    51, -7.478758573590e-01, 5.636520832361e-04, 1.0021e+00, 5.2590e-03, 
 2DIAGNOSTIC,    52, -7.479768060653e-01, 3.932203147948e-04, 1.0072e+00, 5.0871e-03, 
 2DIAGNOSTIC,    53, -7.480684890956e-01, 2.207134098149e-04, 1.0116e+00, 4.3659e-03, 
 2DIAGNOSTIC,    54, -7.482886032681e-01, 6.057384223543e-05, 1.0162e+00, 4.5700e-03, 
 2DIAGNOSTIC,    55, -7.516668359303e-01, 6.781506935203e-05, 1.0214e+00, 5.2490e-03, 
 2DIAGNOSTIC,    56, -7.525861192186e-01, 8.795533043141e-05, 1.0282e+00, 6.7401e-03, 
 2DIAGNOSTIC,    57, -7.527373230416e-01, 1.008753216455e-04, 1.0331e+00, 4.9379e-03, 
 2DIAGNOSTIC,    58, -7.531360572556e-01, 1.120572582191e-04, 1.0376e+00, 4.5271e-03, 
 2DIAGNOSTIC,    59, -7.532323326922e-01, 1.172297235371e-04, 1.0421e+00, 4.4639e-03, 
 2DIAGNOSTIC,    60, -7.532526608769e-01, 1.119753238352e-04, 1.0465e+00, 4.3652e-03, 
 2DIAGNOSTIC,    61, -7.543976039675e-01, 1.055914124262e-04, 1.0522e+00, 5.7700e-03, 
 2DIAGNOSTIC,    62, -7.555174660254e-01, 9.778233535579e-05, 1.0577e+00, 5.4500e-03, 
 2DIAGNOSTIC,    63, -7.557862965539e-01, 8.348377907045e-05, 1.0621e+00, 4.3941e-03, 
 2DIAGNOSTIC,    64, -7.567127889994e-01, 6.884599592260e-05, 1.0664e+00, 4.3108e-03, 
 2DIAGNOSTIC,    65, -7.572402811090e-01, 7.320432349443e-05, 1.0707e+00, 4.3089e-03, 
 2DIAGNOSTIC,    66, -7.578688653115e-01, 8.012626721281e-05, 1.0750e+00, 4.3192e-03, 
 2DIAGNOSTIC,    67, -7.589891481305e-01, 8.691112727817e-05, 1.0805e+00, 5.4429e-03, 
 2DIAGNOSTIC,    68, -7.598229811902e-01, 9.266042536411e-05, 1.0853e+00, 4.8130e-03, 
 2DIAGNOSTIC,    69, -7.598085243199e-01, 8.992872370055e-05, 1.0895e+00, 4.2810e-03, 
 2DIAGNOSTIC,    70, -7.603603773794e-01, 8.207363004462e-05, 1.0951e+00, 5.5780e-03, 
 2DIAGNOSTIC,    71, -7.610881972513e-01, 7.738266137446e-05, 1.1000e+00, 4.8330e-03, 
 2DIAGNOSTIC,    72, -7.611177472632e-01, 7.190427534848e-05, 1.1042e+00, 4.2870e-03, 
 2DIAGNOSTIC,    73, -7.616897077200e-01, 6.442193542687e-05, 1.1097e+00, 5.4300e-03, 
 2DIAGNOSTIC,    74, -7.618552056027e-01, 5.711881745206e-05, 1.1139e+00, 4.2732e-03, 
 2DIAGNOSTIC,    75, -7.618993246544e-01, 4.772050478235e-05, 1.1189e+00, 4.9319e-03, 
 2DIAGNOSTIC,    76, -7.621458219403e-01, 3.864699381387e-05, 1.1243e+00, 5.4190e-03, 
 2DIAGNOSTIC,    77, -7.621476597958e-01, 3.202738960337e-05, 1.1292e+00, 4.8590e-03, 
 2DIAGNOSTIC,    78, -7.620313894275e-01, 2.640070683601e-05, 1.1337e+00, 4.5059e-03, 
 2DIAGNOSTIC,    79, -7.620320561943e-01, 1.833384127664e-05, 1.1385e+00, 4.8149e-03, 
 2DIAGNOSTIC,    80, -7.620325412703e-01, 1.152054277814e-05, 1.1433e+00, 4.7801e-03, 
 2DIAGNOSTIC,    81, -7.620326897229e-01, 7.519715615568e-06, 1.1486e+00, 5.3320e-03, 
 2DIAGNOSTIC,    82, -7.620328111454e-01, 3.019243892430e-06, 1.1528e+00, 4.2489e-03, 
 2DIAGNOSTIC,    83, -7.620329123056e-01, 1.214716715946e-06, 1.1667e+00, 1.3907e-02, 
DIAGNOSTIC,Iteration,metricValue,convergenceValue,ITERATION_TIME_INDEX,SINCE_LAST
 2DIAGNOSTIC,     1, -6.051082072365e-01, 1.797693134862e+308, 1.8828e+00, 7.1610e-01, 
 2DIAGNOSTIC,     2, -6.059320313980e-01, 1.797693134862e+308, 1.9102e+00, 2.7320e-02, 
 2DIAGNOSTIC,     3, -6.070523720700e-01, 1.797693134862e+308, 1.9380e+00, 2.7809e-02, 
 2DIAGNOSTIC,     4, -6.081743817649e-01, 1.797693134862e+308, 1.9660e+00, 2.8019e-02, 
 2DIAGNOSTIC,     5, -6.093327611338e-01, 1.797693134862e+308, 1.9936e+00, 2.7633e-02, 
 2DIAGNOSTIC,     6, -6.106529977627e-01, 1.797693134862e+308, 2.0214e+00, 2.7823e-02, 
 2DIAGNOSTIC,     7, -6.120884908608e-01, 1.797693134862e+308, 2.0491e+00, 2.7656e-02, 
 2DIAGNOSTIC,     8, -6.170698507385e-01, 1.797693134862e+308, 2.0830e+00, 3.3883e-02, 
 2DIAGNOSTIC,     9, -6.181587409726e-01, 1.797693134862e+308, 2.1142e+00, 3.1235e-02, 
 2DIAGNOSTIC,    10, -6.183754170778e-01, 1.538997583078e-03, 2.1458e+00, 3.1583e-02, 
 2DIAGNOSTIC,    11, -6.197690283618e-01, 1.463189350460e-03, 2.1775e+00, 3.1672e-02, 
 2DIAGNOSTIC,    12, -6.206925567328e-01, 1.334156812380e-03, 2.2194e+00, 4.1877e-02, 
 2DIAGNOSTIC,    13, -6.207347951036e-01, 1.143117892629e-03, 2.2514e+00, 3.2049e-02, 
 2DIAGNOSTIC,    14, -6.207037395048e-01, 9.122728995572e-04, 2.2831e+00, 3.1674e-02, 
 2DIAGNOSTIC,    15, -6.207220318099e-01, 6.677841550577e-04, 2.3146e+00, 3.1500e-02, 
 2DIAGNOSTIC,    16, -6.207012029644e-01, 4.309548907139e-04, 2.3417e+00, 2.7120e-02, 
 2DIAGNOSTIC,    17, -6.207065881258e-01, 2.179499356073e-04, 2.3729e+00, 3.1184e-02, 
 2DIAGNOSTIC,    18, -6.207236095208e-01, 1.368599313547e-04, 2.4008e+00, 2.7932e-02, 
 2DIAGNOSTIC,    19, -6.207462193005e-01, 7.948228093257e-05, 2.4322e+00, 3.1353e-02, 
 2DIAGNOSTIC,    20, -6.207591517978e-01, 2.529890075945e-05, 2.4603e+00, 2.8110e-02, 
 2DIAGNOSTIC,    21, -6.207791935930e-01, 4.587402443620e-06, 2.4914e+00, 3.1171e-02, 
 2DIAGNOSTIC,    22, -6.208020012644e-01, 5.291968466020e-06, 2.5197e+00, 2.8248e-02, 
 2DIAGNOSTIC,    23, -6.208206746734e-01, 6.800451674081e-06, 2.5510e+00, 3.1330e-02, 
 2DIAGNOSTIC,    24, -6.208246794274e-01, 7.134781000145e-06, 2.5801e+00, 2.9035e-02, 
 2DIAGNOSTIC,    25, -6.208255765555e-01, 7.270509801711e-06, 2.6199e+00, 3.9844e-02, 
 2DIAGNOSTIC,    26, -6.208193302755e-01, 6.357705557743e-06, 2.6500e+00, 3.0137e-02, 
 2DIAGNOSTIC,    27, -6.208224452681e-01, 5.170313855198e-06, 2.6763e+00, 2.6265e-02, 
 2DIAGNOSTIC,    28, -6.208164148530e-01, 3.861112415612e-06, 2.7034e+00, 2.7102e-02, 
 2DIAGNOSTIC,    29, -6.208136091744e-01, 2.703674692378e-06, 2.7313e+00, 2.7916e-02, 
 2DIAGNOSTIC,    30, -6.208265089244e-01, 1.869622216828e-06, 2.7600e+00, 2.8674e-02, 
 2DIAGNOSTIC,    31, -6.208451845886e-01, 1.576787371720e-06, 2.7915e+00, 3.1483e-02, 
 2DIAGNOSTIC,    32, -6.208788264065e-01, 2.049252441710e-06, 2.8208e+00, 2.9312e-02, 
 2DIAGNOSTIC,    33, -6.209058602552e-01, 3.021644907467e-06, 2.8544e+00, 3.3592e-02, 
 2DIAGNOSTIC,    34, -6.209067383398e-01, 3.806486832146e-06, 2.8874e+00, 3.3026e-02, 
 2DIAGNOSTIC,    35, -6.209051343262e-01, 4.273715675674e-06, 2.9195e+00, 3.2071e-02, 
 2DIAGNOSTIC,    36, -6.209011446836e-01, 4.262018779993e-06, 2.9524e+00, 3.2899e-02, 
 2DIAGNOSTIC,    37, -6.208890401429e-01, 3.814665302002e-06, 2.9854e+00, 3.3059e-02, 
 2DIAGNOSTIC,    38, -6.209084813797e-01, 3.274886343562e-06, 3.0187e+00, 3.3289e-02, 
 2DIAGNOSTIC,    39, -6.209221277461e-01, 2.653115538286e-06, 3.0512e+00, 3.2463e-02, 
 2DIAGNOSTIC,    40, -6.208748460899e-01, 1.492599982916e-06, 3.0958e+00, 4.4597e-02, 
DIAGNOSTIC,Iteration,metricValue,convergenceValue,ITERATION_TIME_INDEX,SINCE_LAST
 2DIAGNOSTIC,     1, -5.342288301370e-01, 1.797693134862e+308, 4.1947e+00, 1.0989e+00, 
 2DIAGNOSTIC,     2, -5.344331304392e-01, 1.797693134862e+308, 4.4336e+00, 2.3887e-01, 
 2DIAGNOSTIC,     3, -5.345634679414e-01, 1.797693134862e+308, 4.6692e+00, 2.3558e-01, 
 2DIAGNOSTIC,     4, -5.346971191622e-01, 1.797693134862e+308, 4.8966e+00, 2.2742e-01, 
 2DIAGNOSTIC,     5, -5.353100946366e-01, 1.797693134862e+308, 5.1771e+00, 2.8048e-01, 
 2DIAGNOSTIC,     6, -5.358090637637e-01, 1.797693134862e+308, 5.4413e+00, 2.6426e-01, 
 2DIAGNOSTIC,     7, -5.358161123906e-01, 1.797693134862e+308, 5.6569e+00, 2.1556e-01, 
 2DIAGNOSTIC,     8, -5.358239315532e-01, 1.797693134862e+308, 5.8921e+00, 2.3523e-01, 
 2DIAGNOSTIC,     9, -5.359823522389e-01, 1.797693134862e+308, 6.3831e+00, 4.9099e-01, 
 2DIAGNOSTIC,    10, -5.359810316797e-01, 2.471849516592e-04, 6.7536e+00, 3.7053e-01, 
 2DIAGNOSTIC,    11, -5.359819343648e-01, 1.926040559044e-04, 7.1056e+00, 3.5196e-01, 
 2DIAGNOSTIC,    12, -5.359811676244e-01, 1.394967374002e-04, 7.4538e+00, 3.4818e-01, 
 2DIAGNOSTIC,    13, -5.359813352957e-01, 8.798948268804e-05, 7.7583e+00, 3.0451e-01, 
 2DIAGNOSTIC,    14, -5.359782181951e-01, 4.049115392406e-05, 7.9926e+00, 2.3430e-01, 
 2DIAGNOSTIC,    15, -5.359773617653e-01, 1.698456879329e-05, 8.2994e+00, 3.0678e-01, 
 2DIAGNOSTIC,    16, -5.359763763055e-01, 1.165518568862e-05, 8.5602e+00, 2.6086e-01, 
 2DIAGNOSTIC,    17, -5.359742674912e-01, 6.268926686585e-06, 8.7692e+00, 2.0897e-01, 
 2DIAGNOSTIC,    18, -5.359732871424e-01, 1.144458237887e-06, 9.0297e+00, 2.6052e-01, 
 2DIAGNOSTIC,    19, -5.359734350924e-01, 1.048335712600e-06, 9.2660e+00, 2.3631e-01, 
DIAGNOSTIC,Iteration,metricValue,convergenceValue,ITERATION_TIME_INDEX,SINCE_LAST
 2DIAGNOSTIC,     1, -4.897061124624e-01, 1.797693134862e+308, 1.1897e+01, 2.6311e+00, 
 2DIAGNOSTIC,     2, -4.897065873935e-01, 1.797693134862e+308, 1.3817e+01, 1.9203e+00, 
 2DIAGNOSTIC,     3, -4.897075318971e-01, 1.797693134862e+308, 1.5902e+01, 2.0843e+00, 
 2DIAGNOSTIC,     4, -4.897074228510e-01, 1.797693134862e+308, 1.7648e+01, 1.7459e+00, 
 2DIAGNOSTIC,     5, -4.897072818309e-01, 1.797693134862e+308, 1.9299e+01, 1.6513e+00, 
 2DIAGNOSTIC,     6, -4.897071547380e-01, 1.797693134862e+308, 2.1725e+01, 2.4262e+00, 
 2DIAGNOSTIC,     7, -4.897071845775e-01, 1.797693134862e+308, 2.3367e+01, 1.6419e+00, 
 2DIAGNOSTIC,     8, -4.897069878134e-01, 1.797693134862e+308, 2.5013e+01, 1.6458e+00, 
 2DIAGNOSTIC,     9, -4.897069329911e-01, 1.797693134862e+308, 2.6811e+01, 1.7982e+00, 
 2DIAGNOSTIC,    10, -4.897068561973e-01, 3.211828059901e-06, 2.8487e+01, 1.6755e+00, 
 2DIAGNOSTIC,    11, -4.897066582548e-01, 2.839279467079e-06, 3.0015e+01, 1.5280e+00, 
 2DIAGNOSTIC,    12, -4.897065912369e-01, 2.551996378969e-06, 3.1661e+01, 1.6462e+00, 
 2DIAGNOSTIC,    13, -4.897065334690e-01, 2.357468147751e-06, 3.3319e+01, 1.6584e+00, 
 2DIAGNOSTIC,    14, -4.897064436622e-01, 2.190717375519e-06, 3.5043e+01, 1.7238e+00, 
 2DIAGNOSTIC,    15, -4.897063418208e-01, 2.044384537894e-06, 3.6396e+01, 1.3531e+00, 
 2DIAGNOSTIC,    16, -4.897061336266e-01, 1.911199785293e-06, 3.7805e+01, 1.4091e+00, 
 2DIAGNOSTIC,    17, -4.897061751767e-01, 1.803512313422e-06, 3.9174e+01, 1.3689e+00, 
 2DIAGNOSTIC,    18, -4.897062451641e-01, 1.709747157928e-06, 4.0656e+01, 1.4813e+00, 
 2DIAGNOSTIC,    19, -4.897064793356e-01, 1.636531593754e-06, 4.2017e+01, 1.3610e+00, 
 2DIAGNOSTIC,    20, -4.897067961520e-01, 1.581149149617e-06, 4.3689e+01, 1.6721e+00, 
 2DIAGNOSTIC,    21, -4.897067882738e-01, 1.526179490077e-06, 4.5232e+01, 1.5432e+00, 
 2DIAGNOSTIC,    22, -4.897065477308e-01, 1.467201204551e-06, 4.6761e+01, 1.5290e+00, 
 2DIAGNOSTIC,    23, -4.897064694967e-01, 1.408121071564e-06, 4.8345e+01, 1.5845e+00, 
 2DIAGNOSTIC,    24, -4.897062236282e-01, 1.343372666267e-06, 4.9898e+01, 1.5527e+00, 
 2DIAGNOSTIC,    25, -4.897059048527e-01, 1.272436778103e-06, 5.1618e+01, 1.7196e+00, 
 2DIAGNOSTIC,    26, -4.897059321453e-01, 1.203098555537e-06, 5.3323e+01, 1.7049e+00, 
 2DIAGNOSTIC,    27, -4.897058807671e-01, 1.140640267953e-06, 5.5185e+01, 1.8626e+00, 
 2DIAGNOSTIC,    28, -4.897057803910e-01, 1.085483080546e-06, 5.6710e+01, 1.5252e+00, 
 2DIAGNOSTIC,    29, -4.897056743520e-01, 1.041376080417e-06, 5.8092e+01, 1.3817e+00, 
 2DIAGNOSTIC,    30, -4.897054590770e-01, 1.007485972634e-06, 5.9617e+01, 1.5253e+00, 
  Elapsed time (stage 0): 6.0446e+01


Total elapsed time: 6.0449e+01
Info [verificarlo]: loaded backend libinterflop_vprec.so
Info [interflop-vprec]: load backend with: 
Info [interflop-vprec]: precision-binary32 = 22
Info [interflop-vprec]: range-binary32 = 7
Info [interflop-vprec]: precision-binary64 = 22
Info [interflop-vprec]: range-binary64 = 7
Info [interflop-vprec]: mode = ob
Info [interflop-vprec]: error-mode = rel
Info [interflop-vprec]: max-abs-error-exponent = -1022
Info [interflop-vprec]: daz = false
Info [interflop-vprec]: ftz = false
Info [interflop-vprec]: 	instrument = none
Info [interflop-vprec]: 	prec-input-file = (null)
Info [interflop-vprec]: 	prec-output-file = (null)
Info [interflop-vprec]: 	prec-log-file = (null)
All_Command_lines_OK
Using double precision for computations.
=============================================================================
The composite transform comprises the following transforms (in order): 
  1. /home/mdugre/scratch/mri-registration-rp/datasets/ds004513/derivatives/mri-registration-rp/0011/antsRegistration-r7-p22/sub-s025/rigid_Composite.h5[0] (type = Euler3DTransform)
  2. /home/mdugre/scratch/mri-registration-rp/datasets/ds004513/derivatives/mri-registration-rp/0011/antsRegistration-r7-p22/sub-s025/rigid_Composite.h5[1] (type = Euler3DTransform)
  3. /home/mdugre/scratch/mri-registration-rp/datasets/ds004513/derivatives/mri-registration-rp/0011/antsRegistration-r7-p22/sub-s025/rigid_Composite.h5[2] (type = Euler3DTransform)
=============================================================================
  number of levels = 4
  fixed image: /templateflow/tpl-MNI152NLin2009cAsym/tpl-MNI152NLin2009cAsym_res-01_desc-brain_T1w.nii.gz
  moving image: /home/mdugre/scratch/mri-registration-rp/datasets/ds004513/derivatives/mri-registration-rp/antsBrainExtraction/sub-s025/BrainExtractionBrain.nii.gz
Dimension = 3
Number of stages = 1
Use histogram matching = false
Winsorize image intensities = true
  Lower quantile = 0.005
  Upper quantile = 0.995


Stage 1 State
   Image metric = MattesMI
     Fixed image = Image (0x4fe2490)
  RTTI typeinfo:   itk::Image<double, 3u>
  Reference Count: 2
  Modified Time: 1594
  Debug: Off
  Object Name: 
  Observers: 
    none
  Source: (none)
  Source output name: (none)
  Release Data: Off
  Data Released: False
  Global Release Data: Off
  PipelineMTime: 0
  UpdateMTime: 1203
  RealTimeStamp: 0 seconds 
  LargestPossibleRegion: 
    Dimension: 3
    Index: [0, 0, 0]
    Size: [193, 229, 193]
  BufferedRegion: 
    Dimension: 3
    Index: [0, 0, 0]
    Size: [193, 229, 193]
  RequestedRegion: 
    Dimension: 3
    Index: [0, 0, 0]
    Size: [193, 229, 193]
  Spacing: [1, 1, 1]
  Origin: [96, 132, -78]
  Direction: 
-1 0 0
0 -1 0
0 0 1

  IndexToPointMatrix: 
-1 0 0
0 -1 0
0 0 1

  PointToIndexMatrix: 
-1 0 0
0 -1 0
0 0 1

  Inverse Direction: 
-1 0 0
0 -1 0
0 0 1

  PixelContainer: 
    ImportImageContainer (0x50ad8c0)
      RTTI typeinfo:   itk::ImportImageContainer<unsigned long, double>
      Reference Count: 1
      Modified Time: 1200
      Debug: Off
      Object Name: 
      Observers: 
        none
      Pointer: 0x14cfa90ea010
      Container manages memory: true
      Size: 8530021
      Capacity: 8530021

     Moving image = Image (0x509db60)
  RTTI typeinfo:   itk::Image<double, 3u>
  Reference Count: 2
  Modified Time: 1595
  Debug: Off
  Object Name: 
  Observers: 
    none
  Source: (none)
  Source output name: (none)
  Release Data: Off
  Data Released: False
  Global Release Data: Off
  PipelineMTime: 0
  UpdateMTime: 1592
  RealTimeStamp: 0 seconds 
  LargestPossibleRegion: 
    Dimension: 3
    Index: [0, 0, 0]
    Size: [176, 240, 256]
  BufferedRegion: 
    Dimension: 3
    Index: [0, 0, 0]
    Size: [176, 240, 256]
  RequestedRegion: 
    Dimension: 3
    Index: [0, 0, 0]
    Size: [176, 240, 256]
  Spacing: [0.999999, 1, 1]
  Origin: [90.3778, 84.5091, -154.071]
  Direction: 
-0.999391 7.48184e-06 -0.0348969
-7.47664e-06 -1 -2.7953e-07
-0.0348969 -1.84481e-08 0.999391

  IndexToPointMatrix: 
-0.99939 7.48184e-06 -0.0348969
-7.47663e-06 -1 -2.7953e-07
-0.0348968 -1.84481e-08 0.999391

  PointToIndexMatrix: 
-0.999393 -7.47665e-06 -0.0348969
7.48184e-06 -1 -1.84481e-08
-0.0348969 -2.7953e-07 0.999391

  Inverse Direction: 
-0.999391 -7.47665e-06 -0.0348969
7.48184e-06 -1 -1.8448e-08
-0.0348969 -2.7953e-07 0.999391

  PixelContainer: 
    ImportImageContainer (0x51311d0)
      RTTI typeinfo:   itk::ImportImageContainer<unsigned long, double>
      Reference Count: 1
      Modified Time: 1589
      Debug: Off
      Object Name: 
      Observers: 
        none
      Pointer: 0x14cfa3e69010
      Container manages memory: true
      Size: 10813440
      Capacity: 10813440

     Weighting = 1
     Sampling strategy = regular
     Number of bins = 32
     Radius = 4
     Sampling percentage  = 0.25
   Transform = Affine
     Gradient step = 0.1
     Update field sigma (voxel space) = 0
     Total field sigma (voxel space) = 0
     Update field time sigma = 0
     Total field time sigma  = 0
     Number of time indices = 0
     Number of time point samples = 0
Registration using 1 total stages.

Stage 0
  iterations = 1000x500x250x100
  convergence threshold = 1e-06
  convergence window size = 10
  number of levels = 4
  using the Mattes MI metric (number of bins = 32, weight = 1, use gradient filter = 0)
  preprocessing:  winsorizing the image intensities
  Shrink factors (level 1 out of 4): [8, 8, 8]
  Shrink factors (level 2 out of 4): [4, 4, 4]
  Shrink factors (level 3 out of 4): [2, 2, 2]
  Shrink factors (level 4 out of 4): [1, 1, 1]
  smoothing sigmas per level: [3, 2, 1, 0]
  regular sampling (percentage = 0.25)

*** Running AffineTransform registration ***

DIAGNOSTIC,Iteration,metricValue,convergenceValue,ITERATION_TIME_INDEX,SINCE_LAST
 2DIAGNOSTIC,     1, -7.482764060764e-01, 1.797693134862e+308, 0.0000e+00, 0.0000e+00, 
 2DIAGNOSTIC,     2, -7.504780718037e-01, 1.797693134862e+308, 0.0000e+00, 0.0000e+00, 
 2DIAGNOSTIC,     3, -7.537810266733e-01, 1.797693134862e+308, 0.0000e+00, 0.0000e+00, 
 2DIAGNOSTIC,     4, -7.600449760237e-01, 1.797693134862e+308, 0.0000e+00, 0.0000e+00, 
 2DIAGNOSTIC,     5, -7.708030277612e-01, 1.797693134862e+308, 0.0000e+00, 0.0000e+00, 
 2DIAGNOSTIC,     6, -7.852450651939e-01, 1.797693134862e+308, 0.0000e+00, 0.0000e+00, 
 2DIAGNOSTIC,     7, -8.199292980240e-01, 1.797693134862e+308, 0.0000e+00, 0.0000e+00, 
 2DIAGNOSTIC,     8, -8.916722018316e-01, 1.797693134862e+308, 0.0000e+00, 0.0000e+00, 
 2DIAGNOSTIC,     9, -9.201702084757e-01, 1.797693134862e+308, 0.0000e+00, 0.0000e+00, 
 2DIAGNOSTIC,    10, -9.228753380666e-01, 1.574754469534e-02, 0.0000e+00, 0.0000e+00, 
 2DIAGNOSTIC,    11, -9.340999094092e-01, 1.587836055235e-02, 0.0000e+00, 0.0000e+00, 
 2DIAGNOSTIC,    12, -9.357152624465e-01, 1.466684403907e-02, 0.0000e+00, 0.0000e+00, 
 2DIAGNOSTIC,    13, -9.360081406816e-01, 1.241506121186e-02, 0.0000e+00, 0.0000e+00, 
 2DIAGNOSTIC,    14, -9.362374107408e-01, 9.552326313322e-03, 0.0000e+00, 0.0000e+00, 
 2DIAGNOSTIC,    15, -9.362813390072e-01, 6.504569180129e-03, 0.0000e+00, 0.0000e+00, 
 2DIAGNOSTIC,    16, -9.363389960496e-01, 3.582335414132e-03, 0.0000e+00, 0.0000e+00, 
 2DIAGNOSTIC,    17, -9.364982434375e-01, 1.346349244985e-03, 0.0000e+00, 0.0000e+00, 
 2DIAGNOSTIC,    18, -9.369460182152e-01, 5.580779746920e-04, 0.0000e+00, 0.0000e+00, 
 2DIAGNOSTIC,    19, -9.375832479665e-01, 3.093045528167e-04, 0.0000e+00, 0.0000e+00, 
 2DIAGNOSTIC,    20, -9.382970816166e-01, 1.092719183788e-04, 0.0000e+00, 0.0000e+00, 
 2DIAGNOSTIC,    21, -9.388244192005e-01, 1.001802084381e-04, 0.0000e+00, 0.0000e+00, 
 2DIAGNOSTIC,    22, -9.387758722755e-01, 1.057098077342e-04, 0.0000e+00, 0.0000e+00, 
 2DIAGNOSTIC,    23, -9.386651524785e-01, 1.036122289401e-04, 0.0000e+00, 0.0000e+00, 
 2DIAGNOSTIC,    24, -9.385850487066e-01, 9.412089186004e-05, 0.0000e+00, 0.0000e+00, 
 2DIAGNOSTIC,    25, -9.385156951978e-01, 7.631059093887e-05, 0.0000e+00, 0.0000e+00, 
 2DIAGNOSTIC,    26, -9.381563425319e-01, 4.919147326806e-05, 0.0000e+00, 0.0000e+00, 
 2DIAGNOSTIC,    27, -9.380703858265e-01, 2.071451088564e-05, 0.0000e+00, 0.0000e+00, 
DIAGNOSTIC,Iteration,metricValue,convergenceValue,ITERATION_TIME_INDEX,SINCE_LAST
 2DIAGNOSTIC,     1, -7.506054406008e-01, 1.797693134862e+308, 0.0000e+00, 0.0000e+00, 
 2DIAGNOSTIC,     2, -7.509970416830e-01, 1.797693134862e+308, 0.0000e+00, 0.0000e+00, 
 2DIAGNOSTIC,     3, -7.513501354410e-01, 1.797693134862e+308, 0.0000e+00, 0.0000e+00, 
 2DIAGNOSTIC,     4, -7.519283472007e-01, 1.797693134862e+308, 0.0000e+00, 0.0000e+00, 
 2DIAGNOSTIC,     5, -7.529464146651e-01, 1.797693134862e+308, 0.0000e+00, 0.0000e+00, 
 2DIAGNOSTIC,     6, -7.539682178213e-01, 1.797693134862e+308, 0.0000e+00, 0.0000e+00, 
 2DIAGNOSTIC,     7, -7.540765245152e-01, 1.797693134862e+308, 0.0000e+00, 0.0000e+00, 
 2DIAGNOSTIC,     8, -7.540788308524e-01, 1.797693134862e+308, 0.0000e+00, 0.0000e+00, 
 2DIAGNOSTIC,     9, -7.540753195121e-01, 1.797693134862e+308, 0.0000e+00, 0.0000e+00, 
 2DIAGNOSTIC,    10, -7.540682106366e-01, 3.519995814447e-04, 0.0000e+00, 0.0000e+00, 
 2DIAGNOSTIC,    11, -7.540600167349e-01, 2.599669676563e-04, 0.0000e+00, 0.0000e+00, 
 2DIAGNOSTIC,    12, -7.540556159626e-01, 1.726726609935e-04, 0.0000e+00, 0.0000e+00, 
 2DIAGNOSTIC,    13, -7.540860968991e-01, 9.495390989957e-05, 0.0000e+00, 0.0000e+00, 
 2DIAGNOSTIC,    14, -7.540953125871e-01, 3.534936843280e-05, 0.0000e+00, 0.0000e+00, 
 2DIAGNOSTIC,    15, -7.540950433931e-01, 5.585593787508e-06, 0.0000e+00, 0.0000e+00, 
 2DIAGNOSTIC,    16, -7.541302761022e-01, 4.099109706474e-06, 0.0000e+00, 0.0000e+00, 
 2DIAGNOSTIC,    17, -7.541354858849e-01, 5.088139810802e-06, 0.0000e+00, 0.0000e+00, 
 2DIAGNOSTIC,    18, -7.541452578813e-01, 5.915055233202e-06, 0.0000e+00, 0.0000e+00, 
 2DIAGNOSTIC,    19, -7.541390723209e-01, 6.080292198930e-06, 0.0000e+00, 0.0000e+00, 
 2DIAGNOSTIC,    20, -7.541199044120e-01, 5.340791901703e-06, 0.0000e+00, 0.0000e+00, 
 2DIAGNOSTIC,    21, -7.541633868256e-01, 4.968032235680e-06, 0.0000e+00, 0.0000e+00, 
 2DIAGNOSTIC,    22, -7.541518875987e-01, 3.989505371629e-06, 0.0000e+00, 0.0000e+00, 
 2DIAGNOSTIC,    23, -7.541397824106e-01, 3.170642474765e-06, 0.0000e+00, 0.0000e+00, 
 2DIAGNOSTIC,    24, -7.541289694246e-01, 2.252031841329e-06, 0.0000e+00, 0.0000e+00, 
 2DIAGNOSTIC,    25, -7.541177620145e-01, 1.137218298190e-06, 0.0000e+00, 0.0000e+00, 
DIAGNOSTIC,Iteration,metricValue,convergenceValue,ITERATION_TIME_INDEX,SINCE_LAST
 2DIAGNOSTIC,     1, -6.419257136598e-01, 1.797693134862e+308, 2.5600e+02, 2.5600e+02, 
 2DIAGNOSTIC,     2, -6.422895412871e-01, 1.797693134862e+308, 2.5600e+02, 0.0000e+00, 
 2DIAGNOSTIC,     3, -6.426749494513e-01, 1.797693134862e+308, 2.5600e+02, 0.0000e+00, 
 2DIAGNOSTIC,     4, -6.431105603191e-01, 1.797693134862e+308, 2.5600e+02, 0.0000e+00, 
 2DIAGNOSTIC,     5, -6.441170313422e-01, 1.797693134862e+308, 2.5600e+02, 0.0000e+00, 
 2DIAGNOSTIC,     6, -6.451840360524e-01, 1.797693134862e+308, 2.5600e+02, 0.0000e+00, 
 2DIAGNOSTIC,     7, -6.452356044022e-01, 1.797693134862e+308, 2.5600e+02, 0.0000e+00, 
 2DIAGNOSTIC,     8, -6.452346834423e-01, 1.797693134862e+308, 2.5600e+02, 0.0000e+00, 
 2DIAGNOSTIC,     9, -6.452344311430e-01, 1.797693134862e+308, 2.5600e+02, 0.0000e+00, 
 2DIAGNOSTIC,    10, -6.452322878086e-01, 3.935029500595e-04, 2.5600e+02, 0.0000e+00, 
 2DIAGNOSTIC,    11, -6.452300856358e-01, 2.915395814674e-04, 2.5600e+02, 0.0000e+00, 
 2DIAGNOSTIC,    12, -6.452309595453e-01, 1.943389393569e-04, 2.5600e+02, 0.0000e+00, 
 2DIAGNOSTIC,    13, -6.452311229038e-01, 1.084607485936e-04, 2.5600e+02, 0.0000e+00, 
 2DIAGNOSTIC,    14, -6.452318329543e-01, 3.850736856176e-05, 2.5600e+02, 0.0000e+00, 
 2DIAGNOSTIC,    15, -6.452320005256e-01, 3.301321111829e-06, 2.5600e+02, 0.0000e+00, 
 2DIAGNOSTIC,    16, -6.452337022496e-01, 1.808834542483e-06, 2.5600e+02, 0.0000e+00, 
 2DIAGNOSTIC,    17, -6.452319163672e-01, 1.798462289669e-06, 2.5600e+02, 0.0000e+00, 
 2DIAGNOSTIC,    18, -6.452309660429e-01, 1.750296392412e-06, 2.5600e+02, 0.0000e+00, 
 2DIAGNOSTIC,    19, -6.452300290016e-01, 1.682683404829e-06, 2.5600e+02, 0.0000e+00, 
 2DIAGNOSTIC,    20, -6.452294295819e-01, 1.561601202189e-06, 2.5600e+02, 0.0000e+00, 
 2DIAGNOSTIC,    21, -6.452303442283e-01, 1.426696045755e-06, 2.5600e+02, 0.0000e+00, 
 2DIAGNOSTIC,    22, -6.452298424013e-01, 1.319340076467e-06, 2.5600e+02, 0.0000e+00, 
 2DIAGNOSTIC,    23, -6.452293837744e-01, 1.228383001740e-06, 2.5600e+02, 0.0000e+00, 
 2DIAGNOSTIC,    24, -6.452294882461e-01, 1.174914404593e-06, 2.5600e+02, 0.0000e+00, 
 2DIAGNOSTIC,    25, -6.452311021724e-01, 1.169531247916e-06, 2.5600e+02, 0.0000e+00, 
 2DIAGNOSTIC,    26, -6.452281971890e-01, 1.153066746133e-06, 2.5600e+02, 0.0000e+00, 
 2DIAGNOSTIC,    27, -6.452291472738e-01, 1.132611610784e-06, 2.5600e+02, 0.0000e+00, 
 2DIAGNOSTIC,    28, -6.452302555578e-01, 1.120416707787e-06, 2.5600e+02, 0.0000e+00, 
 2DIAGNOSTIC,    29, -6.452282994031e-01, 1.065647896176e-06, 2.5600e+02, 0.0000e+00, 
 2DIAGNOSTIC,    30, -6.452302441313e-01, 1.037561929207e-06, 2.5600e+02, 0.0000e+00, 
DIAGNOSTIC,Iteration,metricValue,convergenceValue,ITERATION_TIME_INDEX,SINCE_LAST
 2DIAGNOSTIC,     1, -5.765940598851e-01, 1.797693134862e+308, 2.5600e+02, 0.0000e+00, 
