
##########################
# Experiment information #
##########################

EXPERIMENT_NAME: antsRegistration-r8-p22
VFC_BACKENDS: libinterflop_vprec.so --range-binary32=8 --precision-binary32=22 --range-binary64=8 --precision-binary64=22

SIF_IMG: /home/mdugre/projects/rrg-glatard/mdugre/containers/ants-vprec-no_metrics.simg

SUBJECT_ID: s003
INPUT_IMG: /home/mdugre/scratch/mri-registration-rp/datasets/ds004513/derivatives/mri-registration-rp/antsBrainExtraction/sub-s003/BrainExtractionBrain.nii.gz
OUTPUT_DIR: /home/mdugre/scratch/mri-registration-rp/datasets/ds004513/derivatives/mri-registration-rp/0011/antsRegistration-r8-p22/sub-s003

FIXED_IMG: /templateflow/tpl-MNI152NLin2009cAsym/tpl-MNI152NLin2009cAsym_res-01_desc-brain_T1w.nii.gz
DATA_DIR: /home/mdugre/scratch/mri-registration-rp/datasets/ds004513
TEMPLATEFLOW_DIR: /home/mdugre/projects/rrg-glatard/mdugre/templateflow
ITK_GLOBAL_DEFAULT_NUMBER_OF_THREADS: 16
##########################

Info [verificarlo]: loaded backend libinterflop_ieee.so
Info [interflop-ieee]: load backend with:
Info [interflop-ieee]: debug = false
Info [interflop-ieee]: debug-binary = false
Info [interflop-ieee]: no-backend-name = false
Info [interflop-ieee]: print-new-line = false
Info [interflop-ieee]: print-subnormal-normalized = false
Info [interflop-ieee]: count-op = false
All_Command_lines_OK
Using double precision for computations.
=============================================================================
The composite transform comprises the following transforms (in order): 
  1. Center of mass alignment using fixed image: /templateflow/tpl-MNI152NLin2009cAsym/tpl-MNI152NLin2009cAsym_res-01_desc-brain_T1w.nii.gz and moving image: /home/mdugre/scratch/mri-registration-rp/datasets/ds004513/derivatives/mri-registration-rp/antsBrainExtraction/sub-s003/BrainExtractionBrain.nii.gz (type = Euler3DTransform)
=============================================================================
  number of levels = 1
  fixed image: /templateflow/tpl-MNI152NLin2009cAsym/tpl-MNI152NLin2009cAsym_res-01_desc-brain_T1w.nii.gz
  moving image: /home/mdugre/scratch/mri-registration-rp/datasets/ds004513/derivatives/mri-registration-rp/antsBrainExtraction/sub-s003/BrainExtractionBrain.nii.gz
Dimension = 3
Number of stages = 1
Use histogram matching = false
Winsorize image intensities = true
  Lower quantile = 0.005
  Upper quantile = 0.995


Stage 1 State
   Image metric = MattesMI
     Fixed image = Image (0x42fae70)
  RTTI typeinfo:   itk::Image<double, 3u>
  Reference Count: 2
  Modified Time: 2334
  Debug: Off
  Object Name: 
  Observers: 
    none
  Source: (none)
  Source output name: (none)
  Release Data: Off
  Data Released: False
  Global Release Data: Off
  PipelineMTime: 0
  UpdateMTime: 1943
  RealTimeStamp: 0 seconds 
  LargestPossibleRegion: 
    Dimension: 3
    Index: [0, 0, 0]
    Size: [193, 229, 193]
  BufferedRegion: 
    Dimension: 3
    Index: [0, 0, 0]
    Size: [193, 229, 193]
  RequestedRegion: 
    Dimension: 3
    Index: [0, 0, 0]
    Size: [193, 229, 193]
  Spacing: [1, 1, 1]
  Origin: [96, 132, -78]
  Direction: 
-1 0 0
0 -1 0
0 0 1

  IndexToPointMatrix: 
-1 0 0
0 -1 0
0 0 1

  PointToIndexMatrix: 
-1 0 0
0 -1 0
0 0 1

  Inverse Direction: 
-1 0 0
0 -1 0
0 0 1

  PixelContainer: 
    ImportImageContainer (0x4307140)
      RTTI typeinfo:   itk::ImportImageContainer<unsigned long, double>
      Reference Count: 1
      Modified Time: 1940
      Debug: Off
      Object Name: 
      Observers: 
        none
      Pointer: 0x14c84a159010
      Container manages memory: true
      Size: 8530021
      Capacity: 8530021

     Moving image = Image (0x4304310)
  RTTI typeinfo:   itk::Image<double, 3u>
  Reference Count: 2
  Modified Time: 2335
  Debug: Off
  Object Name: 
  Observers: 
    none
  Source: (none)
  Source output name: (none)
  Release Data: Off
  Data Released: False
  Global Release Data: Off
  PipelineMTime: 0
  UpdateMTime: 2332
  RealTimeStamp: 0 seconds 
  LargestPossibleRegion: 
    Dimension: 3
    Index: [0, 0, 0]
    Size: [176, 240, 256]
  BufferedRegion: 
    Dimension: 3
    Index: [0, 0, 0]
    Size: [176, 240, 256]
  RequestedRegion: 
    Dimension: 3
    Index: [0, 0, 0]
    Size: [176, 240, 256]
  Spacing: [0.999999, 1, 1]
  Origin: [93.3499, 86.9368, -128.957]
  Direction: 
-0.999513 -0.0279216 -0.0139567
0.0279189 -0.99961 0.000389866
-0.0139622 2.01492e-08 0.999903

  IndexToPointMatrix: 
-0.999512 -0.0279216 -0.0139567
0.0279189 -0.99961 0.000389866
-0.0139621 2.01492e-08 0.999903

  PointToIndexMatrix: 
-0.999514 0.0279189 -0.0139622
-0.0279216 -0.99961 2.01716e-08
-0.0139567 0.000389866 0.999903

  Inverse Direction: 
-0.999513 0.0279189 -0.0139622
-0.0279216 -0.99961 2.01716e-08
-0.0139567 0.000389866 0.999903

  PixelContainer: 
    ImportImageContainer (0x442f610)
      RTTI typeinfo:   itk::ImportImageContainer<unsigned long, double>
      Reference Count: 1
      Modified Time: 2329
      Debug: Off
      Object Name: 
      Observers: 
        none
      Pointer: 0x14c844ed8010
      Container manages memory: true
      Size: 10813440
      Capacity: 10813440

     Weighting = 1
     Sampling strategy = regular
     Number of bins = 32
     Radius = 4
     Sampling percentage  = 0.25
   Transform = Rigid
     Gradient step = 0.1
     Update field sigma (voxel space) = 0
     Total field sigma (voxel space) = 0
     Update field time sigma = 0
     Total field time sigma  = 0
     Number of time indices = 0
     Number of time point samples = 0
Registration using 1 total stages.

Stage 0
  iterations = 0
  convergence threshold = 1e-06
  convergence window size = 10
  number of levels = 1
  using the Mattes MI metric (number of bins = 32, weight = 1, use gradient filter = 0)
  preprocessing:  winsorizing the image intensities
  Shrink factors (level 1 out of 1): [1, 1, 1]
  smoothing sigmas per level: [0]
  regular sampling (percentage = 0.25)

*** Running Euler3DTransform registration ***

  Elapsed time (stage 0): 1.14821


Total elapsed time: 1.15052
Info [verificarlo]: loaded backend libinterflop_ieee.so
Info [interflop-ieee]: load backend with:
Info [interflop-ieee]: debug = false
Info [interflop-ieee]: debug-binary = false
Info [interflop-ieee]: no-backend-name = false
Info [interflop-ieee]: print-new-line = false
Info [interflop-ieee]: print-subnormal-normalized = false
Info [interflop-ieee]: count-op = false
All_Command_lines_OK
Using double precision for computations.
=============================================================================
The composite transform comprises the following transforms (in order): 
  1. /home/mdugre/scratch/mri-registration-rp/datasets/ds004513/derivatives/mri-registration-rp/0011/antsRegistration-r8-p22/sub-s003/align_Composite.h5[0] (type = Euler3DTransform)
  2. /home/mdugre/scratch/mri-registration-rp/datasets/ds004513/derivatives/mri-registration-rp/0011/antsRegistration-r8-p22/sub-s003/align_Composite.h5[1] (type = Euler3DTransform)
=============================================================================
  number of levels = 4
  fixed image: /templateflow/tpl-MNI152NLin2009cAsym/tpl-MNI152NLin2009cAsym_res-01_desc-brain_T1w.nii.gz
  moving image: /home/mdugre/scratch/mri-registration-rp/datasets/ds004513/derivatives/mri-registration-rp/antsBrainExtraction/sub-s003/BrainExtractionBrain.nii.gz
Dimension = 3
Number of stages = 1
Use histogram matching = false
Winsorize image intensities = true
  Lower quantile = 0.005
  Upper quantile = 0.995


Stage 1 State
   Image metric = MattesMI
     Fixed image = Image (0x4cef530)
  RTTI typeinfo:   itk::Image<double, 3u>
  Reference Count: 2
  Modified Time: 1580
  Debug: Off
  Object Name: 
  Observers: 
    none
  Source: (none)
  Source output name: (none)
  Release Data: Off
  Data Released: False
  Global Release Data: Off
  PipelineMTime: 0
  UpdateMTime: 1189
  RealTimeStamp: 0 seconds 
  LargestPossibleRegion: 
    Dimension: 3
    Index: [0, 0, 0]
    Size: [193, 229, 193]
  BufferedRegion: 
    Dimension: 3
    Index: [0, 0, 0]
    Size: [193, 229, 193]
  RequestedRegion: 
    Dimension: 3
    Index: [0, 0, 0]
    Size: [193, 229, 193]
  Spacing: [1, 1, 1]
  Origin: [96, 132, -78]
  Direction: 
-1 0 0
0 -1 0
0 0 1

  IndexToPointMatrix: 
-1 0 0
0 -1 0
0 0 1

  PointToIndexMatrix: 
-1 0 0
0 -1 0
0 0 1

  Inverse Direction: 
-1 0 0
0 -1 0
0 0 1

  PixelContainer: 
    ImportImageContainer (0x4dadd60)
      RTTI typeinfo:   itk::ImportImageContainer<unsigned long, double>
      Reference Count: 1
      Modified Time: 1186
      Debug: Off
      Object Name: 
      Observers: 
        none
      Pointer: 0x146cabe0b010
      Container manages memory: true
      Size: 8530021
      Capacity: 8530021

     Moving image = Image (0x4d9ff60)
  RTTI typeinfo:   itk::Image<double, 3u>
  Reference Count: 2
  Modified Time: 1581
  Debug: Off
  Object Name: 
  Observers: 
    none
  Source: (none)
  Source output name: (none)
  Release Data: Off
  Data Released: False
  Global Release Data: Off
  PipelineMTime: 0
  UpdateMTime: 1578
  RealTimeStamp: 0 seconds 
  LargestPossibleRegion: 
    Dimension: 3
    Index: [0, 0, 0]
    Size: [176, 240, 256]
  BufferedRegion: 
    Dimension: 3
    Index: [0, 0, 0]
    Size: [176, 240, 256]
  RequestedRegion: 
    Dimension: 3
    Index: [0, 0, 0]
    Size: [176, 240, 256]
  Spacing: [0.999999, 1, 1]
  Origin: [93.3499, 86.9368, -128.957]
  Direction: 
-0.999513 -0.0279216 -0.0139567
0.0279189 -0.99961 0.000389866
-0.0139622 2.01492e-08 0.999903

  IndexToPointMatrix: 
-0.999512 -0.0279216 -0.0139567
0.0279189 -0.99961 0.000389866
-0.0139621 2.01492e-08 0.999903

  PointToIndexMatrix: 
-0.999514 0.0279189 -0.0139622
-0.0279216 -0.99961 2.01716e-08
-0.0139567 0.000389866 0.999903

  Inverse Direction: 
-0.999513 0.0279189 -0.0139622
-0.0279216 -0.99961 2.01716e-08
-0.0139567 0.000389866 0.999903

  PixelContainer: 
    ImportImageContainer (0x4d916d0)
      RTTI typeinfo:   itk::ImportImageContainer<unsigned long, double>
      Reference Count: 1
      Modified Time: 1575
      Debug: Off
      Object Name: 
      Observers: 
        none
      Pointer: 0x146ca6b8a010
      Container manages memory: true
      Size: 10813440
      Capacity: 10813440

     Weighting = 1
     Sampling strategy = regular
     Number of bins = 32
     Radius = 4
     Sampling percentage  = 0.25
   Transform = Rigid
     Gradient step = 0.1
     Update field sigma (voxel space) = 0
     Total field sigma (voxel space) = 0
     Update field time sigma = 0
     Total field time sigma  = 0
     Number of time indices = 0
     Number of time point samples = 0
Registration using 1 total stages.

Stage 0
  iterations = 1000x500x250x100
  convergence threshold = 1e-06
  convergence window size = 10
  number of levels = 4
  using the Mattes MI metric (number of bins = 32, weight = 1, use gradient filter = 0)
  preprocessing:  winsorizing the image intensities
  Shrink factors (level 1 out of 4): [8, 8, 8]
  Shrink factors (level 2 out of 4): [4, 4, 4]
  Shrink factors (level 3 out of 4): [2, 2, 2]
  Shrink factors (level 4 out of 4): [1, 1, 1]
  smoothing sigmas per level: [3, 2, 1, 0]
  regular sampling (percentage = 0.25)

*** Running Euler3DTransform registration ***

DIAGNOSTIC,Iteration,metricValue,convergenceValue,ITERATION_TIME_INDEX,SINCE_LAST
 2DIAGNOSTIC,     1, -4.871187133941e-01, 1.797693134862e+308, 7.7870e-01, 7.7870e-01, 
 2DIAGNOSTIC,     2, -4.887966556740e-01, 1.797693134862e+308, 7.8409e-01, 5.3930e-03, 
 2DIAGNOSTIC,     3, -4.919242839642e-01, 1.797693134862e+308, 7.8904e-01, 4.9500e-03, 
 2DIAGNOSTIC,     4, -5.019092629522e-01, 1.797693134862e+308, 7.9377e-01, 4.7221e-03, 
 2DIAGNOSTIC,     5, -5.198319788477e-01, 1.797693134862e+308, 7.9836e-01, 4.5910e-03, 
 2DIAGNOSTIC,     6, -5.251449584180e-01, 1.797693134862e+308, 8.0307e-01, 4.7121e-03, 
 2DIAGNOSTIC,     7, -5.365118080768e-01, 1.797693134862e+308, 8.0786e-01, 4.7948e-03, 
 2DIAGNOSTIC,     8, -5.564319077261e-01, 1.797693134862e+308, 8.1486e-01, 6.9962e-03, 
 2DIAGNOSTIC,     9, -5.572786469687e-01, 1.797693134862e+308, 8.1935e-01, 4.4889e-03, 
 2DIAGNOSTIC,    10, -5.597886110608e-01, 1.060089541986e-02, 8.2461e-01, 5.2571e-03, 
 2DIAGNOSTIC,    11, -5.645450860914e-01, 9.471656029002e-03, 8.2934e-01, 4.7312e-03, 
 2DIAGNOSTIC,    12, -5.675342641672e-01, 7.901754414630e-03, 8.3456e-01, 5.2230e-03, 
 2DIAGNOSTIC,    13, -5.685174641935e-01, 6.033280802479e-03, 8.3972e-01, 5.1610e-03, 
 2DIAGNOSTIC,    14, -5.693412095342e-01, 4.302087948769e-03, 8.4547e-01, 5.7509e-03, 
 2DIAGNOSTIC,    15, -5.718972801998e-01, 3.155204981953e-03, 8.5054e-01, 5.0712e-03, 
 2DIAGNOSTIC,    16, -5.734788767073e-01, 2.091398053252e-03, 8.5528e-01, 4.7359e-03, 
 2DIAGNOSTIC,    17, -5.737823402463e-01, 1.310029424174e-03, 8.5978e-01, 4.5052e-03, 
 2DIAGNOSTIC,    18, -5.749452616696e-01, 1.114936190120e-03, 8.6439e-01, 4.6089e-03, 
 2DIAGNOSTIC,    19, -5.774392255369e-01, 9.301256922461e-04, 8.7264e-01, 8.2421e-03, 
 2DIAGNOSTIC,    20, -5.782944999888e-01, 7.612328990266e-04, 8.7794e-01, 5.3082e-03, 
 2DIAGNOSTIC,    21, -5.788863756147e-01, 6.687985513177e-04, 8.8264e-01, 4.6949e-03, 
 2DIAGNOSTIC,    22, -5.857337703075e-01, 7.546209631719e-04, 8.8743e-01, 4.7941e-03, 
 2DIAGNOSTIC,    23, -6.028589201318e-01, 1.162232410477e-03, 8.9280e-01, 5.3699e-03, 
 2DIAGNOSTIC,    24, -6.086613833671e-01, 1.554691238500e-03, 8.9949e-01, 6.6822e-03, 
 2DIAGNOSTIC,    25, -6.127624303745e-01, 1.904928846613e-03, 9.0515e-01, 5.6651e-03, 
 2DIAGNOSTIC,    26, -6.171330102332e-01, 2.167612412305e-03, 9.1066e-01, 5.5120e-03, 
 2DIAGNOSTIC,    27, -6.180829718348e-01, 2.226134241426e-03, 9.1563e-01, 4.9660e-03, 
 2DIAGNOSTIC,    28, -6.204355229315e-01, 2.128618120913e-03, 9.2187e-01, 6.2418e-03, 
 2DIAGNOSTIC,    29, -6.216541940540e-01, 1.901236641613e-03, 9.2685e-01, 4.9798e-03, 
 2DIAGNOSTIC,    30, -6.252686881008e-01, 1.589741137349e-03, 9.3237e-01, 5.5192e-03, 
 2DIAGNOSTIC,    31, -6.305776976216e-01, 1.244380601834e-03, 9.3728e-01, 4.9100e-03, 
 2DIAGNOSTIC,    32, -6.437125848603e-01, 1.107469749732e-03, 9.4339e-01, 6.1061e-03, 
 2DIAGNOSTIC,    33, -6.470261044038e-01, 1.176386812163e-03, 9.4816e-01, 4.7760e-03, 
 2DIAGNOSTIC,    34, -6.489215578419e-01, 1.241897454792e-03, 9.5568e-01, 7.5159e-03, 
 2DIAGNOSTIC,    35, -6.509315108149e-01, 1.271887324438e-03, 9.6062e-01, 4.9429e-03, 
 2DIAGNOSTIC,    36, -6.520044930217e-01, 1.251974821076e-03, 9.6567e-01, 5.0461e-03, 
 2DIAGNOSTIC,    37, -6.528674229733e-01, 1.135508108292e-03, 9.7060e-01, 4.9360e-03, 
 2DIAGNOSTIC,    38, -6.532436155015e-01, 9.531156549113e-04, 9.7642e-01, 5.8200e-03, 
 2DIAGNOSTIC,    39, -6.541867592986e-01, 7.192393490187e-04, 9.8267e-01, 6.2490e-03, 
 2DIAGNOSTIC,    40, -6.542293746642e-01, 4.743266708964e-04, 1.0199e+00, 3.7200e-02, 
 2DIAGNOSTIC,    41, -6.546767601823e-01, 2.615288041963e-04, 1.0247e+00, 4.8270e-03, 
 2DIAGNOSTIC,    42, -6.552222596320e-01, 1.910469756910e-04, 1.0334e+00, 8.7490e-03, 
 2DIAGNOSTIC,    43, -6.554132894188e-01, 1.447443182927e-04, 1.0391e+00, 5.6040e-03, 
 2DIAGNOSTIC,    44, -6.554476822497e-01, 1.075849441473e-04, 1.0438e+00, 4.7820e-03, 
 2DIAGNOSTIC,    45, -6.554136181374e-01, 8.290165011227e-05, 1.0489e+00, 5.0340e-03, 
 2DIAGNOSTIC,    46, -6.555718549807e-01, 6.419606313130e-05, 1.0540e+00, 5.0900e-03, 
 2DIAGNOSTIC,    47, -6.557526956988e-01, 5.070639746096e-05, 1.0595e+00, 5.5130e-03, 
 2DIAGNOSTIC,    48, -6.557087197488e-01, 3.605694483987e-05, 1.0649e+00, 5.4009e-03, 
 2DIAGNOSTIC,    49, -6.557460579522e-01, 2.832552057538e-05, 1.0697e+00, 4.8621e-03, 
 2DIAGNOSTIC,    50, -6.557027098931e-01, 1.826357453039e-05, 1.0752e+00, 5.4200e-03, 
 2DIAGNOSTIC,    51, -6.560565478477e-01, 1.421896065215e-05, 1.0816e+00, 6.4881e-03, 
 2DIAGNOSTIC,    52, -6.559167042858e-01, 1.254638372899e-05, 1.0874e+00, 5.7609e-03, 
 2DIAGNOSTIC,    53, -6.557464023089e-01, 1.006458838985e-05, 1.0926e+00, 5.1510e-03, 
 2DIAGNOSTIC,    54, -6.558650039836e-01, 8.235497280813e-06, 1.0977e+00, 5.1069e-03, 
 2DIAGNOSTIC,    55, -6.558710783851e-01, 5.412992955305e-06, 1.1022e+00, 4.5850e-03, 
 2DIAGNOSTIC,    56, -6.558865505715e-01, 3.592054744012e-06, 1.1074e+00, 5.1510e-03, 
 2DIAGNOSTIC,    57, -6.559119016541e-01, 3.279189520259e-06, 1.1132e+00, 5.8260e-03, 
DIAGNOSTIC,Iteration,metricValue,convergenceValue,ITERATION_TIME_INDEX,SINCE_LAST
 2DIAGNOSTIC,     1, -5.252043598501e-01, 1.797693134862e+308, 1.8636e+00, 7.5042e-01, 
 2DIAGNOSTIC,     2, -5.258021397030e-01, 1.797693134862e+308, 1.8969e+00, 3.3253e-02, 
 2DIAGNOSTIC,     3, -5.265338437861e-01, 1.797693134862e+308, 1.9284e+00, 3.1549e-02, 
 2DIAGNOSTIC,     4, -5.272597008322e-01, 1.797693134862e+308, 1.9581e+00, 2.9633e-02, 
 2DIAGNOSTIC,     5, -5.278018441958e-01, 1.797693134862e+308, 1.9895e+00, 3.1469e-02, 
 2DIAGNOSTIC,     6, -5.281352168904e-01, 1.797693134862e+308, 2.0200e+00, 3.0402e-02, 
 2DIAGNOSTIC,     7, -5.295041277401e-01, 1.797693134862e+308, 2.0503e+00, 3.0341e-02, 
 2DIAGNOSTIC,     8, -5.311752349223e-01, 1.797693134862e+308, 2.0950e+00, 4.4750e-02, 
 2DIAGNOSTIC,     9, -5.318734360306e-01, 1.797693134862e+308, 2.1275e+00, 3.2437e-02, 
 2DIAGNOSTIC,    10, -5.321958780477e-01, 8.988662991355e-04, 2.1623e+00, 3.4831e-02, 
 2DIAGNOSTIC,    11, -5.325975938275e-01, 8.226968786480e-04, 2.1994e+00, 3.7071e-02, 
 2DIAGNOSTIC,    12, -5.330049349019e-01, 7.294210584391e-04, 2.2326e+00, 3.3217e-02, 
 2DIAGNOSTIC,    13, -5.333337656306e-01, 6.268453829785e-04, 2.2643e+00, 3.1714e-02, 
 2DIAGNOSTIC,    14, -5.343828070909e-01, 5.500164188181e-04, 2.3004e+00, 3.6108e-02, 
 2DIAGNOSTIC,    15, -5.367511090978e-01, 5.375645654888e-04, 2.3414e+00, 4.0976e-02, 
 2DIAGNOSTIC,    16, -5.369471507851e-01, 4.930888521503e-04, 2.3748e+00, 3.3356e-02, 
 2DIAGNOSTIC,    17, -5.369522465315e-01, 4.518505409254e-04, 2.4095e+00, 3.4707e-02, 
 2DIAGNOSTIC,    18, -5.369991685459e-01, 4.253382869045e-04, 2.4466e+00, 3.7129e-02, 
 2DIAGNOSTIC,    19, -5.369918943220e-01, 3.811858291499e-04, 2.4802e+00, 3.3618e-02, 
 2DIAGNOSTIC,    20, -5.370003434417e-01, 3.138784967914e-04, 2.5169e+00, 3.6689e-02, 
 2DIAGNOSTIC,    21, -5.369905215424e-01, 2.338647503703e-04, 2.5495e+00, 3.2587e-02, 
 2DIAGNOSTIC,    22, -5.369858422783e-01, 1.502691090961e-04, 2.5787e+00, 2.9243e-02, 
 2DIAGNOSTIC,    23, -5.369830343616e-01, 6.767081673826e-05, 2.6164e+00, 3.7706e-02, 
 2DIAGNOSTIC,    24, -5.369851140090e-01, 7.698590011956e-06, 2.6587e+00, 4.2273e-02, 
 2DIAGNOSTIC,    25, -5.369792713646e-01, 2.242764143699e-06, 2.6937e+00, 3.5007e-02, 
 2DIAGNOSTIC,    26, -5.369747309661e-01, 1.057774041774e-06, 2.7311e+00, 3.7420e-02, 
DIAGNOSTIC,Iteration,metricValue,convergenceValue,ITERATION_TIME_INDEX,SINCE_LAST
 2DIAGNOSTIC,     1, -4.772604754864e-01, 1.797693134862e+308, 3.8310e+00, 1.0999e+00, 
 2DIAGNOSTIC,     2, -4.774624150342e-01, 1.797693134862e+308, 4.0592e+00, 2.2823e-01, 
 2DIAGNOSTIC,     3, -4.775415407722e-01, 1.797693134862e+308, 4.3278e+00, 2.6856e-01, 
 2DIAGNOSTIC,     4, -4.775980689914e-01, 1.797693134862e+308, 4.5464e+00, 2.1862e-01, 
 2DIAGNOSTIC,     5, -4.776134695682e-01, 1.797693134862e+308, 4.8407e+00, 2.9429e-01, 
 2DIAGNOSTIC,     6, -4.776549353689e-01, 1.797693134862e+308, 5.0963e+00, 2.5564e-01, 
 2DIAGNOSTIC,     7, -4.777722115370e-01, 1.797693134862e+308, 5.4765e+00, 3.8019e-01, 
 2DIAGNOSTIC,     8, -4.777799353511e-01, 1.797693134862e+308, 5.7747e+00, 2.9823e-01, 
 2DIAGNOSTIC,     9, -4.777777808610e-01, 1.797693134862e+308, 6.0671e+00, 2.9238e-01, 
 2DIAGNOSTIC,    10, -4.777833570481e-01, 6.589418035730e-05, 6.3110e+00, 2.4387e-01, 
 2DIAGNOSTIC,    11, -4.778004846021e-01, 4.468423113323e-05, 6.5486e+00, 2.3761e-01, 
 2DIAGNOSTIC,    12, -4.778336786682e-01, 3.472576708519e-05, 6.7883e+00, 2.3974e-01, 
 2DIAGNOSTIC,    13, -4.779573398525e-01, 3.259401412942e-05, 7.0541e+00, 2.6578e-01, 
 2DIAGNOSTIC,    14, -4.779871045341e-01, 3.165769598690e-05, 7.2903e+00, 2.3620e-01, 
 2DIAGNOSTIC,    15, -4.783360058163e-01, 4.266475305498e-05, 7.6554e+00, 3.6510e-01, 
 2DIAGNOSTIC,    16, -4.783701069287e-01, 5.096423460398e-05, 7.8963e+00, 2.4085e-01, 
 2DIAGNOSTIC,    17, -4.783912950013e-01, 5.870863263381e-05, 8.1226e+00, 2.2633e-01, 
 2DIAGNOSTIC,    18, -4.784834121189e-01, 6.375780213562e-05, 8.3511e+00, 2.2846e-01, 
 2DIAGNOSTIC,    19, -4.786013964229e-01, 6.604541688238e-05, 8.7055e+00, 3.5447e-01, 
 2DIAGNOSTIC,    20, -4.786571415967e-01, 6.376389137885e-05, 8.9662e+00, 2.6064e-01, 
 2DIAGNOSTIC,    21, -4.786731600090e-01, 5.685802776509e-05, 9.2096e+00, 2.4337e-01, 
 2DIAGNOSTIC,    22, -4.787089243419e-01, 4.738042583639e-05, 9.4936e+00, 2.8401e-01, 
 2DIAGNOSTIC,    23, -4.788257504825e-01, 4.069619321480e-05, 9.9134e+00, 4.1985e-01, 
 2DIAGNOSTIC,    24, -4.788373179165e-01, 3.155106990730e-05, 1.0252e+01, 3.3894e-01, 
 2DIAGNOSTIC,    25, -4.788376756460e-01, 2.862920503562e-05, 1.0557e+01, 3.0498e-01, 
 2DIAGNOSTIC,    26, -4.788356058326e-01, 2.418001900788e-05, 1.0823e+01, 2.6615e-01, 
 2DIAGNOSTIC,    27, -4.788346953825e-01, 1.831965277835e-05, 1.1107e+01, 2.8313e-01, 
 2DIAGNOSTIC,    28, -4.788338894677e-01, 1.310268307330e-05, 1.1364e+01, 2.5787e-01, 
 2DIAGNOSTIC,    29, -4.788343409927e-01, 9.512940415492e-06, 1.1636e+01, 2.7154e-01, 
 2DIAGNOSTIC,    30, -4.788319661908e-01, 6.460114679210e-06, 1.1899e+01, 2.6252e-01, 
 2DIAGNOSTIC,    31, -4.788319158136e-01, 3.412428349461e-06, 1.2178e+01, 2.7991e-01, 
DIAGNOSTIC,Iteration,metricValue,convergenceValue,ITERATION_TIME_INDEX,SINCE_LAST
 2DIAGNOSTIC,     1, -4.453290661137e-01, 1.797693134862e+308, 1.4725e+01, 2.5465e+00, 
 2DIAGNOSTIC,     2, -4.453521601715e-01, 1.797693134862e+308, 1.6278e+01, 1.5530e+00, 
 2DIAGNOSTIC,     3, -4.453589016721e-01, 1.797693134862e+308, 1.8186e+01, 1.9078e+00, 
 2DIAGNOSTIC,     4, -4.453563267524e-01, 1.797693134862e+308, 1.9849e+01, 1.6628e+00, 
 2DIAGNOSTIC,     5, -4.453573444019e-01, 1.797693134862e+308, 2.1505e+01, 1.6566e+00, 
 2DIAGNOSTIC,     6, -4.453586125178e-01, 1.797693134862e+308, 2.3083e+01, 1.5777e+00, 
 2DIAGNOSTIC,     7, -4.453600580980e-01, 1.797693134862e+308, 2.4473e+01, 1.3897e+00, 
 2DIAGNOSTIC,     8, -4.453668335588e-01, 1.797693134862e+308, 2.5916e+01, 1.4437e+00, 
 2DIAGNOSTIC,     9, -4.453781847869e-01, 1.797693134862e+308, 2.7453e+01, 1.5369e+00, 
 2DIAGNOSTIC,    10, -4.453806168607e-01, 8.401464514807e-06, 2.9540e+01, 2.0873e+00, 
 2DIAGNOSTIC,    11, -4.453800583520e-01, 6.772132827432e-06, 3.1815e+01, 2.2748e+00, 
 2DIAGNOSTIC,    12, -4.453800881748e-01, 6.294456813077e-06, 3.3592e+01, 1.7764e+00, 
 2DIAGNOSTIC,    13, -4.453800538605e-01, 5.889382958840e-06, 3.5270e+01, 1.6782e+00, 
 2DIAGNOSTIC,    14, -4.453799176046e-01, 5.095715238573e-06, 3.6957e+01, 1.6874e+00, 
 2DIAGNOSTIC,    15, -4.453798697347e-01, 4.191955060170e-06, 3.8582e+01, 1.6248e+00, 
 2DIAGNOSTIC,    16, -4.453796356918e-01, 3.261439457183e-06, 4.0099e+01, 1.5168e+00, 
 2DIAGNOSTIC,    17, -4.453795972231e-01, 2.375544903170e-06, 4.1826e+01, 1.7272e+00, 
 2DIAGNOSTIC,    18, -4.453795691456e-01, 1.769828759893e-06, 4.3518e+01, 1.6924e+00, 
 2DIAGNOSTIC,    19, -4.453794629501e-01, 1.602736794330e-06, 4.5138e+01, 1.6195e+00, 
 2DIAGNOSTIC,    20, -4.453794534291e-01, 1.536937336705e-06, 4.6527e+01, 1.3893e+00, 
 2DIAGNOSTIC,    21, -4.453794845043e-01, 1.466348851245e-06, 4.8336e+01, 1.8087e+00, 
 2DIAGNOSTIC,    22, -4.453794589626e-01, 1.406751062770e-06, 5.0005e+01, 1.6691e+00, 
 2DIAGNOSTIC,    23, -4.453793227275e-01, 1.351311166915e-06, 5.1948e+01, 1.9429e+00, 
 2DIAGNOSTIC,    24, -4.453793443038e-01, 1.300523797022e-06, 5.3559e+01, 1.6115e+00, 
 2DIAGNOSTIC,    25, -4.453790232179e-01, 1.246812314656e-06, 5.5090e+01, 1.5306e+00, 
 2DIAGNOSTIC,    26, -4.453789613277e-01, 1.192521468685e-06, 5.6675e+01, 1.5853e+00, 
 2DIAGNOSTIC,    27, -4.453788112402e-01, 1.140675171707e-06, 5.8079e+01, 1.4033e+00, 
 2DIAGNOSTIC,    28, -4.453787683840e-01, 1.094544180714e-06, 5.9637e+01, 1.5589e+00, 
 2DIAGNOSTIC,    29, -4.453788021396e-01, 1.053923799427e-06, 6.1010e+01, 1.3728e+00, 
 2DIAGNOSTIC,    30, -4.453788587217e-01, 1.021039019118e-06, 6.2529e+01, 1.5191e+00, 
  Elapsed time (stage 0): 6.3407e+01


Total elapsed time: 6.3410e+01
Info [verificarlo]: loaded backend libinterflop_vprec.so
Info [interflop-vprec]: load backend with: 
Info [interflop-vprec]: precision-binary32 = 22
Info [interflop-vprec]: range-binary32 = 8
Info [interflop-vprec]: precision-binary64 = 22
Info [interflop-vprec]: range-binary64 = 8
Info [interflop-vprec]: mode = ob
Info [interflop-vprec]: error-mode = rel
Info [interflop-vprec]: max-abs-error-exponent = -1022
Info [interflop-vprec]: daz = false
Info [interflop-vprec]: ftz = false
Info [interflop-vprec]: 	instrument = none
Info [interflop-vprec]: 	prec-input-file = (null)
Info [interflop-vprec]: 	prec-output-file = (null)
Info [interflop-vprec]: 	prec-log-file = (null)
All_Command_lines_OK
Using double precision for computations.
=============================================================================
The composite transform comprises the following transforms (in order): 
  1. /home/mdugre/scratch/mri-registration-rp/datasets/ds004513/derivatives/mri-registration-rp/0011/antsRegistration-r8-p22/sub-s003/rigid_Composite.h5[0] (type = Euler3DTransform)
  2. /home/mdugre/scratch/mri-registration-rp/datasets/ds004513/derivatives/mri-registration-rp/0011/antsRegistration-r8-p22/sub-s003/rigid_Composite.h5[1] (type = Euler3DTransform)
  3. /home/mdugre/scratch/mri-registration-rp/datasets/ds004513/derivatives/mri-registration-rp/0011/antsRegistration-r8-p22/sub-s003/rigid_Composite.h5[2] (type = Euler3DTransform)
=============================================================================
  number of levels = 4
  fixed image: /templateflow/tpl-MNI152NLin2009cAsym/tpl-MNI152NLin2009cAsym_res-01_desc-brain_T1w.nii.gz
  moving image: /home/mdugre/scratch/mri-registration-rp/datasets/ds004513/derivatives/mri-registration-rp/antsBrainExtraction/sub-s003/BrainExtractionBrain.nii.gz
Dimension = 3
Number of stages = 1
Use histogram matching = false
Winsorize image intensities = true
  Lower quantile = 0.005
  Upper quantile = 0.995


Stage 1 State
   Image metric = MattesMI
     Fixed image = Image (0x387a490)
  RTTI typeinfo:   itk::Image<double, 3u>
  Reference Count: 2
  Modified Time: 1594
  Debug: Off
  Object Name: 
  Observers: 
    none
  Source: (none)
  Source output name: (none)
  Release Data: Off
  Data Released: False
  Global Release Data: Off
  PipelineMTime: 0
  UpdateMTime: 1203
  RealTimeStamp: 0 seconds 
  LargestPossibleRegion: 
    Dimension: 3
    Index: [0, 0, 0]
    Size: [193, 229, 193]
  BufferedRegion: 
    Dimension: 3
    Index: [0, 0, 0]
    Size: [193, 229, 193]
  RequestedRegion: 
    Dimension: 3
    Index: [0, 0, 0]
    Size: [193, 229, 193]
  Spacing: [1, 1, 1]
  Origin: [96, 132, -78]
  Direction: 
-1 0 0
0 -1 0
0 0 1

  IndexToPointMatrix: 
-1 0 0
0 -1 0
0 0 1

  PointToIndexMatrix: 
-1 0 0
0 -1 0
0 0 1

  Inverse Direction: 
-1 0 0
0 -1 0
0 0 1

  PixelContainer: 
    ImportImageContainer (0x39458c0)
      RTTI typeinfo:   itk::ImportImageContainer<unsigned long, double>
      Reference Count: 1
      Modified Time: 1200
      Debug: Off
      Object Name: 
      Observers: 
        none
      Pointer: 0x151f1e4df010
      Container manages memory: true
      Size: 8530021
      Capacity: 8530021

     Moving image = Image (0x3935b60)
  RTTI typeinfo:   itk::Image<double, 3u>
  Reference Count: 2
  Modified Time: 1595
  Debug: Off
  Object Name: 
  Observers: 
    none
  Source: (none)
  Source output name: (none)
  Release Data: Off
  Data Released: False
  Global Release Data: Off
  PipelineMTime: 0
  UpdateMTime: 1592
  RealTimeStamp: 0 seconds 
  LargestPossibleRegion: 
    Dimension: 3
    Index: [0, 0, 0]
    Size: [176, 240, 256]
  BufferedRegion: 
    Dimension: 3
    Index: [0, 0, 0]
    Size: [176, 240, 256]
  RequestedRegion: 
    Dimension: 3
    Index: [0, 0, 0]
    Size: [176, 240, 256]
  Spacing: [0.999999, 1, 1]
  Origin: [93.3499, 86.9368, -128.957]
  Direction: 
-0.999513 -0.0279216 -0.0139567
0.0279189 -0.99961 0.000389866
-0.0139622 2.01492e-08 0.999902

  IndexToPointMatrix: 
-0.999512 -0.0279216 -0.0139567
0.0279189 -0.99961 0.000389866
-0.0139621 2.01492e-08 0.999902

  PointToIndexMatrix: 
-0.999514 0.0279189 -0.0139622
-0.0279216 -0.99961 5.59667e-08
-0.0139567 0.000389902 0.999902

  Inverse Direction: 
-0.999513 0.0279189 -0.0139622
-0.0279216 -0.99961 2.01399e-08
-0.0139567 0.000389866 0.999902

  PixelContainer: 
    ImportImageContainer (0x39c91d0)
      RTTI typeinfo:   itk::ImportImageContainer<unsigned long, double>
      Reference Count: 1
      Modified Time: 1589
      Debug: Off
      Object Name: 
      Observers: 
        none
      Pointer: 0x151f1925e010
      Container manages memory: true
      Size: 10813440
      Capacity: 10813440

     Weighting = 1
     Sampling strategy = regular
     Number of bins = 32
     Radius = 4
     Sampling percentage  = 0.25
   Transform = Affine
     Gradient step = 0.1
     Update field sigma (voxel space) = 0
     Total field sigma (voxel space) = 0
     Update field time sigma = 0
     Total field time sigma  = 0
     Number of time indices = 0
     Number of time point samples = 0
Registration using 1 total stages.

Stage 0
  iterations = 1000x500x250x100
  convergence threshold = 1e-06
  convergence window size = 10
  number of levels = 4
  using the Mattes MI metric (number of bins = 32, weight = 1, use gradient filter = 0)
  preprocessing:  winsorizing the image intensities
  Shrink factors (level 1 out of 4): [8, 8, 8]
  Shrink factors (level 2 out of 4): [4, 4, 4]
  Shrink factors (level 3 out of 4): [2, 2, 2]
  Shrink factors (level 4 out of 4): [1, 1, 1]
  smoothing sigmas per level: [3, 2, 1, 0]
  regular sampling (percentage = 0.25)

*** Running AffineTransform registration ***

DIAGNOSTIC,Iteration,metricValue,convergenceValue,ITERATION_TIME_INDEX,SINCE_LAST
 2DIAGNOSTIC,     1, -6.593663168728e-01, 1.797693134862e+308, 0.0000e+00, 0.0000e+00, 
 2DIAGNOSTIC,     2, -6.621306708185e-01, 1.797693134862e+308, 0.0000e+00, 0.0000e+00, 
 2DIAGNOSTIC,     3, -6.660548704752e-01, 1.797693134862e+308, 0.0000e+00, 0.0000e+00, 
 2DIAGNOSTIC,     4, -6.721544583299e-01, 1.797693134862e+308, 0.0000e+00, 0.0000e+00, 
 2DIAGNOSTIC,     5, -6.804952714618e-01, 1.797693134862e+308, 0.0000e+00, 0.0000e+00, 
 2DIAGNOSTIC,     6, -6.919995830665e-01, 1.797693134862e+308, 0.0000e+00, 0.0000e+00, 
 2DIAGNOSTIC,     7, -7.066922337993e-01, 1.797693134862e+308, 0.0000e+00, 0.0000e+00, 
 2DIAGNOSTIC,     8, -7.182396696906e-01, 1.797693134862e+308, 0.0000e+00, 0.0000e+00, 
 2DIAGNOSTIC,     9, -7.189965881323e-01, 1.797693134862e+308, 0.0000e+00, 0.0000e+00, 
 2DIAGNOSTIC,    10, -7.191777726015e-01, 6.769309063876e-03, 0.0000e+00, 0.0000e+00, 
 2DIAGNOSTIC,    11, -7.194276494191e-01, 5.849383593067e-03, 0.0000e+00, 0.0000e+00, 
 2DIAGNOSTIC,    12, -7.197744299713e-01, 4.663831492150e-03, 0.0000e+00, 0.0000e+00, 
 2DIAGNOSTIC,    13, -7.199272115398e-01, 3.370502823444e-03, 0.0000e+00, 0.0000e+00, 
 2DIAGNOSTIC,    14, -7.198010143057e-01, 2.138740761953e-03, 0.0000e+00, 0.0000e+00, 
 2DIAGNOSTIC,    15, -7.198746302057e-01, 1.110275449174e-03, 0.0000e+00, 0.0000e+00, 
 2DIAGNOSTIC,    16, -7.197964992595e-01, 3.949899452171e-04, 0.0000e+00, 0.0000e+00, 
 2DIAGNOSTIC,    17, -7.199336624564e-01, 7.530573969217e-05, 0.0000e+00, 0.0000e+00, 
 2DIAGNOSTIC,    18, -7.200537400457e-01, 4.678027605079e-05, 0.0000e+00, 0.0000e+00, 
 2DIAGNOSTIC,    19, -7.201965131667e-01, 3.631906629279e-05, 0.0000e+00, 0.0000e+00, 
 2DIAGNOSTIC,    20, -7.201631501460e-01, 2.666797978238e-05, 0.0000e+00, 0.0000e+00, 
 2DIAGNOSTIC,    21, -7.204690995152e-01, 2.619099559039e-05, 0.0000e+00, 0.0000e+00, 
 2DIAGNOSTIC,    22, -7.207024646314e-01, 3.381596863394e-05, 0.0000e+00, 0.0000e+00, 
 2DIAGNOSTIC,    23, -7.206194543409e-01, 3.890247175233e-05, 0.0000e+00, 0.0000e+00, 
 2DIAGNOSTIC,    24, -7.208352846923e-01, 4.165600000056e-05, 0.0000e+00, 0.0000e+00, 
 2DIAGNOSTIC,    25, -7.210936705587e-01, 4.575572113193e-05, 0.0000e+00, 0.0000e+00, 
 2DIAGNOSTIC,    26, -7.220999191188e-01, 5.948432439960e-05, 0.0000e+00, 0.0000e+00, 
 2DIAGNOSTIC,    27, -7.226176118001e-01, 7.598241014751e-05, 0.0000e+00, 0.0000e+00, 
 2DIAGNOSTIC,    28, -7.239740741939e-01, 1.053726046837e-04, 0.0000e+00, 0.0000e+00, 
 2DIAGNOSTIC,    29, -7.249168285050e-01, 1.376713489289e-04, 0.0000e+00, 0.0000e+00, 
 2DIAGNOSTIC,    30, -7.251796427331e-01, 1.576814006419e-04, 0.0000e+00, 0.0000e+00, 
 2DIAGNOSTIC,    31, -7.254830546217e-01, 1.694396075885e-04, 0.0000e+00, 0.0000e+00, 
 2DIAGNOSTIC,    32, -7.258659990177e-01, 1.722098550641e-04, 0.0000e+00, 0.0000e+00, 
 2DIAGNOSTIC,    33, -7.261295327559e-01, 1.605440694081e-04, 0.0000e+00, 0.0000e+00, 
 2DIAGNOSTIC,    34, -7.262586281774e-01, 1.384048592361e-04, 0.0000e+00, 0.0000e+00, 
 2DIAGNOSTIC,    35, -7.263127365988e-01, 1.080167035405e-04, 0.0000e+00, 0.0000e+00, 
 2DIAGNOSTIC,    36, -7.264646826431e-01, 8.214112567983e-05, 0.0000e+00, 0.0000e+00, 
 2DIAGNOSTIC,    37, -7.264710534310e-01, 5.524350336624e-05, 0.0000e+00, 0.0000e+00, 
 2DIAGNOSTIC,    38, -7.264946298480e-01, 3.883142635041e-05, 0.0000e+00, 0.0000e+00, 
 2DIAGNOSTIC,    39, -7.265205339673e-01, 2.955041677563e-05, 0.0000e+00, 0.0000e+00, 
 2DIAGNOSTIC,    40, -7.265300304688e-01, 2.069028118827e-05, 0.0000e+00, 0.0000e+00, 
 2DIAGNOSTIC,    41, -7.265462281736e-01, 1.339418682810e-05, 0.0000e+00, 0.0000e+00, 
 2DIAGNOSTIC,    42, -7.265576848707e-01, 8.925174308172e-06, 0.0000e+00, 0.0000e+00, 
 2DIAGNOSTIC,    43, -7.264668475983e-01, 5.474145541865e-06, 0.0000e+00, 0.0000e+00, 
 2DIAGNOSTIC,    44, -7.264668749786e-01, 2.921986029084e-06, 0.0000e+00, 0.0000e+00, 
DIAGNOSTIC,Iteration,metricValue,convergenceValue,ITERATION_TIME_INDEX,SINCE_LAST
 2DIAGNOSTIC,     1, -5.971138359383e-01, 1.797693134862e+308, 0.0000e+00, 0.0000e+00, 
 2DIAGNOSTIC,     2, -5.976411628099e-01, 1.797693134862e+308, 0.0000e+00, 0.0000e+00, 
 2DIAGNOSTIC,     3, -5.982815867426e-01, 1.797693134862e+308, 0.0000e+00, 0.0000e+00, 
 2DIAGNOSTIC,     4, -5.989972047684e-01, 1.797693134862e+308, 0.0000e+00, 0.0000e+00, 
 2DIAGNOSTIC,     5, -5.994196601478e-01, 1.797693134862e+308, 0.0000e+00, 0.0000e+00, 
 2DIAGNOSTIC,     6, -5.999714011780e-01, 1.797693134862e+308, 0.0000e+00, 0.0000e+00, 
 2DIAGNOSTIC,     7, -6.007528625112e-01, 1.797693134862e+308, 0.0000e+00, 0.0000e+00, 
 2DIAGNOSTIC,     8, -6.009845844186e-01, 1.797693134862e+308, 0.0000e+00, 0.0000e+00, 
 2DIAGNOSTIC,     9, -6.010447598729e-01, 1.797693134862e+308, 0.0000e+00, 0.0000e+00, 
 2DIAGNOSTIC,    10, -6.012697703294e-01, 4.742753290309e-04, 0.0000e+00, 0.0000e+00, 
 2DIAGNOSTIC,    11, -6.015189350465e-01, 3.813852391435e-04, 0.0000e+00, 0.0000e+00, 
 2DIAGNOSTIC,    12, -6.016465159494e-01, 2.950574613514e-04, 0.0000e+00, 0.0000e+00, 
 2DIAGNOSTIC,    13, -6.016693586083e-01, 2.194353677413e-04, 0.0000e+00, 0.0000e+00, 
 2DIAGNOSTIC,    14, -6.016914611604e-01, 1.602145395855e-04, 0.0000e+00, 0.0000e+00, 
 2DIAGNOSTIC,    15, -6.017074855806e-01, 1.081481530655e-04, 0.0000e+00, 0.0000e+00, 
 2DIAGNOSTIC,    16, -6.017169980445e-01, 6.878052038957e-05, 0.0000e+00, 0.0000e+00, 
 2DIAGNOSTIC,    17, -6.017129202488e-01, 4.940880412201e-05, 0.0000e+00, 0.0000e+00, 
 2DIAGNOSTIC,    18, -6.017007659837e-01, 3.369716185730e-05, 0.0000e+00, 0.0000e+00, 
 2DIAGNOSTIC,    19, -6.017098959010e-01, 1.837456081976e-05, 0.0000e+00, 0.0000e+00, 
 2DIAGNOSTIC,    20, -6.017151294883e-01, 8.338623547398e-06, 0.0000e+00, 0.0000e+00, 
 2DIAGNOSTIC,    21, -6.017129745927e-01, 4.118979885476e-06, 0.0000e+00, 0.0000e+00, 
 2DIAGNOSTIC,    22, -6.017221275242e-01, 2.985818475368e-06, 0.0000e+00, 0.0000e+00, 
 2DIAGNOSTIC,    23, -6.017217835960e-01, 2.263849364005e-06, 0.0000e+00, 0.0000e+00, 
 2DIAGNOSTIC,    24, -6.017473743180e-01, 2.450649807306e-06, 0.0000e+00, 0.0000e+00, 
 2DIAGNOSTIC,    25, -6.017657372589e-01, 3.144326691837e-06, 0.0000e+00, 0.0000e+00, 
 2DIAGNOSTIC,    26, -6.017656963306e-01, 3.778602446526e-06, 0.0000e+00, 0.0000e+00, 
 2DIAGNOSTIC,    27, -6.017620924036e-01, 4.008775757160e-06, 0.0000e+00, 0.0000e+00, 
 2DIAGNOSTIC,    28, -6.017930542395e-01, 4.273854225322e-06, 0.0000e+00, 0.0000e+00, 
 2DIAGNOSTIC,    29, -6.018088454257e-01, 4.606922802852e-06, 0.0000e+00, 0.0000e+00, 
 2DIAGNOSTIC,    30, -6.018898821239e-01, 5.939739265680e-06, 0.0000e+00, 0.0000e+00, 
 2DIAGNOSTIC,    31, -6.019083943028e-01, 6.950763809743e-06, 0.0000e+00, 0.0000e+00, 
 2DIAGNOSTIC,    32, -6.019113983667e-01, 7.535446526624e-06, 0.0000e+00, 0.0000e+00, 
 2DIAGNOSTIC,    33, -6.019029673534e-01, 7.343863004355e-06, 0.0000e+00, 0.0000e+00, 
 2DIAGNOSTIC,    34, -6.018951323008e-01, 6.795118976374e-06, 0.0000e+00, 0.0000e+00, 
 2DIAGNOSTIC,    35, -6.018978365450e-01, 5.993932093558e-06, 0.0000e+00, 0.0000e+00, 
 2DIAGNOSTIC,    36, -6.018921434730e-01, 4.675748664928e-06, 0.0000e+00, 0.0000e+00, 
 2DIAGNOSTIC,    37, -6.018981556314e-01, 3.106453339934e-06, 0.0000e+00, 0.0000e+00, 
 2DIAGNOSTIC,    38, -6.018878541019e-01, 1.672705782784e-06, 0.0000e+00, 0.0000e+00, 
DIAGNOSTIC,Iteration,metricValue,convergenceValue,ITERATION_TIME_INDEX,SINCE_LAST
 2DIAGNOSTIC,     1, -5.248126813923e-01, 1.797693134862e+308, 0.0000e+00, 0.0000e+00, 
 2DIAGNOSTIC,     2, -5.251489896683e-01, 1.797693134862e+308, 0.0000e+00, 0.0000e+00, 
 2DIAGNOSTIC,     3, -5.255056839596e-01, 1.797693134862e+308, 0.0000e+00, 0.0000e+00, 
 2DIAGNOSTIC,     4, -5.258150604593e-01, 1.797693134862e+308, 0.0000e+00, 0.0000e+00, 
 2DIAGNOSTIC,     5, -5.262331373248e-01, 1.797693134862e+308, 0.0000e+00, 0.0000e+00, 
 2DIAGNOSTIC,     6, -5.268298254786e-01, 1.797693134862e+308, 0.0000e+00, 0.0000e+00, 
 2DIAGNOSTIC,     7, -5.278278227168e-01, 1.797693134862e+308, 0.0000e+00, 0.0000e+00, 
 2DIAGNOSTIC,     8, -5.318641007414e-01, 1.797693134862e+308, 0.0000e+00, 0.0000e+00, 
 2DIAGNOSTIC,     9, -5.329868602565e-01, 1.797693134862e+308, 0.0000e+00, 0.0000e+00, 
 2DIAGNOSTIC,    10, -5.329795409896e-01, 1.107553149225e-03, 0.0000e+00, 0.0000e+00, 
 2DIAGNOSTIC,    11, -5.329805742055e-01, 1.087802350433e-03, 0.0000e+00, 0.0000e+00, 
 2DIAGNOSTIC,    12, -5.329807401207e-01, 9.885253123830e-04, 0.0000e+00, 0.0000e+00, 
 2DIAGNOSTIC,    13, -5.329792039580e-01, 8.274428070491e-04, 0.0000e+00, 0.0000e+00, 
 2DIAGNOSTIC,    14, -5.329797277904e-01, 6.256523155909e-04, 0.0000e+00, 0.0000e+00, 
 2DIAGNOSTIC,    15, -5.329793356501e-01, 4.110186314980e-04, 0.0000e+00, 0.0000e+00, 
 2DIAGNOSTIC,    16, -5.329776200246e-01, 2.071224400955e-04, 0.0000e+00, 0.0000e+00, 
 2DIAGNOSTIC,    17, -5.329759114763e-01, 3.666631666444e-05, 0.0000e+00, 0.0000e+00, 
 2DIAGNOSTIC,    18, -5.329741428646e-01, 1.221642447237e-06, 0.0000e+00, 0.0000e+00, 
 2DIAGNOSTIC,    19, -5.329733337534e-01, 1.227848254855e-06, 0.0000e+00, 0.0000e+00, 
 2DIAGNOSTIC,    20, -5.329726570039e-01, 1.059402575068e-06, 0.0000e+00, 0.0000e+00, 
DIAGNOSTIC,Iteration,metricValue,convergenceValue,ITERATION_TIME_INDEX,SINCE_LAST
 2DIAGNOSTIC,     1, -4.878068291382e-01, 1.797693134862e+308, 0.0000e+00, 0.0000e+00, 
 2DIAGNOSTIC,     2, -4.879492167329e-01, 1.797693134862e+308, 0.0000e+00, 0.0000e+00, 
 2DIAGNOSTIC,     3, -4.881090833254e-01, 1.797693134862e+308, 0.0000e+00, 0.0000e+00, 
 2DIAGNOSTIC,     4, -4.883207105553e-01, 1.797693134862e+308, 0.0000e+00, 0.0000e+00, 
 2DIAGNOSTIC,     5, -4.884473573485e-01, 1.797693134862e+308, 0.0000e+00, 0.0000e+00, 
 2DIAGNOSTIC,     6, -4.884842204756e-01, 1.797693134862e+308, 0.0000e+00, 0.0000e+00, 
 2DIAGNOSTIC,     7, -4.885130695294e-01, 1.797693134862e+308, 0.0000e+00, 0.0000e+00, 
 2DIAGNOSTIC,     8, -4.885263232320e-01, 1.797693134862e+308, 0.0000e+00, 0.0000e+00, 
 2DIAGNOSTIC,     9, -4.885708468889e-01, 1.797693134862e+308, 2.5600e+02, 2.5600e+02, 
