
##########################
# Experiment information #
##########################

EXPERIMENT_NAME: antsRegistration-r8-p23
VFC_BACKENDS: libinterflop_vprec.so --range-binary32=8 --precision-binary32=23 --range-binary64=8 --precision-binary64=23

SIF_IMG: /home/mdugre/projects/rrg-glatard/mdugre/containers/ants-vprec-no_metrics.simg

SUBJECT_ID: s037
INPUT_IMG: /home/mdugre/scratch/mri-registration-rp/datasets/ds004513/derivatives/mri-registration-rp/antsBrainExtraction/sub-s037/BrainExtractionBrain.nii.gz
OUTPUT_DIR: /home/mdugre/scratch/mri-registration-rp/datasets/ds004513/derivatives/mri-registration-rp/0011/antsRegistration-r8-p23/sub-s037

FIXED_IMG: /templateflow/tpl-MNI152NLin2009cAsym/tpl-MNI152NLin2009cAsym_res-01_desc-brain_T1w.nii.gz
DATA_DIR: /home/mdugre/scratch/mri-registration-rp/datasets/ds004513
TEMPLATEFLOW_DIR: /home/mdugre/projects/rrg-glatard/mdugre/templateflow
ITK_GLOBAL_DEFAULT_NUMBER_OF_THREADS: 16
##########################

Info [verificarlo]: loaded backend libinterflop_ieee.so
Info [interflop-ieee]: load backend with:
Info [interflop-ieee]: debug = false
Info [interflop-ieee]: debug-binary = false
Info [interflop-ieee]: no-backend-name = false
Info [interflop-ieee]: print-new-line = false
Info [interflop-ieee]: print-subnormal-normalized = false
Info [interflop-ieee]: count-op = false
All_Command_lines_OK
Using double precision for computations.
=============================================================================
The composite transform comprises the following transforms (in order): 
  1. Center of mass alignment using fixed image: /templateflow/tpl-MNI152NLin2009cAsym/tpl-MNI152NLin2009cAsym_res-01_desc-brain_T1w.nii.gz and moving image: /home/mdugre/scratch/mri-registration-rp/datasets/ds004513/derivatives/mri-registration-rp/antsBrainExtraction/sub-s037/BrainExtractionBrain.nii.gz (type = Euler3DTransform)
=============================================================================
  number of levels = 1
  fixed image: /templateflow/tpl-MNI152NLin2009cAsym/tpl-MNI152NLin2009cAsym_res-01_desc-brain_T1w.nii.gz
  moving image: /home/mdugre/scratch/mri-registration-rp/datasets/ds004513/derivatives/mri-registration-rp/antsBrainExtraction/sub-s037/BrainExtractionBrain.nii.gz
Dimension = 3
Number of stages = 1
Use histogram matching = false
Winsorize image intensities = true
  Lower quantile = 0.005
  Upper quantile = 0.995


Stage 1 State
   Image metric = MattesMI
     Fixed image = Image (0x3cdae70)
  RTTI typeinfo:   itk::Image<double, 3u>
  Reference Count: 2
  Modified Time: 2330
  Debug: Off
  Object Name: 
  Observers: 
    none
  Source: (none)
  Source output name: (none)
  Release Data: Off
  Data Released: False
  Global Release Data: Off
  PipelineMTime: 0
  UpdateMTime: 1941
  RealTimeStamp: 0 seconds 
  LargestPossibleRegion: 
    Dimension: 3
    Index: [0, 0, 0]
    Size: [193, 229, 193]
  BufferedRegion: 
    Dimension: 3
    Index: [0, 0, 0]
    Size: [193, 229, 193]
  RequestedRegion: 
    Dimension: 3
    Index: [0, 0, 0]
    Size: [193, 229, 193]
  Spacing: [1, 1, 1]
  Origin: [96, 132, -78]
  Direction: 
-1 0 0
0 -1 0
0 0 1

  IndexToPointMatrix: 
-1 0 0
0 -1 0
0 0 1

  PointToIndexMatrix: 
-1 0 0
0 -1 0
0 0 1

  Inverse Direction: 
-1 0 0
0 -1 0
0 0 1

  PixelContainer: 
    ImportImageContainer (0x3ce3c60)
      RTTI typeinfo:   itk::ImportImageContainer<unsigned long, double>
      Reference Count: 1
      Modified Time: 1938
      Debug: Off
      Object Name: 
      Observers: 
        none
      Pointer: 0x15227e8e9010
      Container manages memory: true
      Size: 8530021
      Capacity: 8530021

     Moving image = Image (0x3d77ec0)
  RTTI typeinfo:   itk::Image<double, 3u>
  Reference Count: 2
  Modified Time: 2331
  Debug: Off
  Object Name: 
  Observers: 
    none
  Source: (none)
  Source output name: (none)
  Release Data: Off
  Data Released: False
  Global Release Data: Off
  PipelineMTime: 0
  UpdateMTime: 2328
  RealTimeStamp: 0 seconds 
  LargestPossibleRegion: 
    Dimension: 3
    Index: [0, 0, 0]
    Size: [160, 240, 256]
  BufferedRegion: 
    Dimension: 3
    Index: [0, 0, 0]
    Size: [160, 240, 256]
  RequestedRegion: 
    Dimension: 3
    Index: [0, 0, 0]
    Size: [160, 240, 256]
  Spacing: [1, 1, 1]
  Origin: [87.9508, 102.562, -147.639]
  Direction: 
-0.998659 -0.0436121 -0.0279129
0.043595 -0.999049 0.00121847
-0.0279395 -2.65543e-08 0.99961

  IndexToPointMatrix: 
-0.998659 -0.0436121 -0.0279129
0.043595 -0.999049 0.00121847
-0.0279395 -2.65543e-08 0.99961

  PointToIndexMatrix: 
-0.998659 0.043595 -0.0279395
-0.0436121 -0.999049 -2.65517e-08
-0.0279129 0.00121847 0.99961

  Inverse Direction: 
-0.998659 0.043595 -0.0279395
-0.0436121 -0.999049 -2.65517e-08
-0.0279129 0.00121847 0.99961

  PixelContainer: 
    ImportImageContainer (0x3e0f610)
      RTTI typeinfo:   itk::ImportImageContainer<unsigned long, double>
      Reference Count: 1
      Modified Time: 2325
      Debug: Off
      Object Name: 
      Observers: 
        none
      Pointer: 0x152279de8010
      Container manages memory: true
      Size: 9830400
      Capacity: 9830400

     Weighting = 1
     Sampling strategy = regular
     Number of bins = 32
     Radius = 4
     Sampling percentage  = 0.25
   Transform = Rigid
     Gradient step = 0.1
     Update field sigma (voxel space) = 0
     Total field sigma (voxel space) = 0
     Update field time sigma = 0
     Total field time sigma  = 0
     Number of time indices = 0
     Number of time point samples = 0
Registration using 1 total stages.

Stage 0
  iterations = 0
  convergence threshold = 1e-06
  convergence window size = 10
  number of levels = 1
  using the Mattes MI metric (number of bins = 32, weight = 1, use gradient filter = 0)
  preprocessing:  winsorizing the image intensities
  Shrink factors (level 1 out of 1): [1, 1, 1]
  smoothing sigmas per level: [0]
  regular sampling (percentage = 0.25)

*** Running Euler3DTransform registration ***

  Elapsed time (stage 0): 1.15704


Total elapsed time: 1.15945
Info [verificarlo]: loaded backend libinterflop_ieee.so
Info [interflop-ieee]: load backend with:
Info [interflop-ieee]: debug = false
Info [interflop-ieee]: debug-binary = false
Info [interflop-ieee]: no-backend-name = false
Info [interflop-ieee]: print-new-line = false
Info [interflop-ieee]: print-subnormal-normalized = false
Info [interflop-ieee]: count-op = false
All_Command_lines_OK
Using double precision for computations.
=============================================================================
The composite transform comprises the following transforms (in order): 
  1. /home/mdugre/scratch/mri-registration-rp/datasets/ds004513/derivatives/mri-registration-rp/0011/antsRegistration-r8-p23/sub-s037/align_Composite.h5[0] (type = Euler3DTransform)
  2. /home/mdugre/scratch/mri-registration-rp/datasets/ds004513/derivatives/mri-registration-rp/0011/antsRegistration-r8-p23/sub-s037/align_Composite.h5[1] (type = Euler3DTransform)
=============================================================================
  number of levels = 4
  fixed image: /templateflow/tpl-MNI152NLin2009cAsym/tpl-MNI152NLin2009cAsym_res-01_desc-brain_T1w.nii.gz
  moving image: /home/mdugre/scratch/mri-registration-rp/datasets/ds004513/derivatives/mri-registration-rp/antsBrainExtraction/sub-s037/BrainExtractionBrain.nii.gz
Dimension = 3
Number of stages = 1
Use histogram matching = false
Winsorize image intensities = true
  Lower quantile = 0.005
  Upper quantile = 0.995


Stage 1 State
   Image metric = MattesMI
     Fixed image = Image (0x3c7c530)
  RTTI typeinfo:   itk::Image<double, 3u>
  Reference Count: 2
  Modified Time: 1578
  Debug: Off
  Object Name: 
  Observers: 
    none
  Source: (none)
  Source output name: (none)
  Release Data: Off
  Data Released: False
  Global Release Data: Off
  PipelineMTime: 0
  UpdateMTime: 1189
  RealTimeStamp: 0 seconds 
  LargestPossibleRegion: 
    Dimension: 3
    Index: [0, 0, 0]
    Size: [193, 229, 193]
  BufferedRegion: 
    Dimension: 3
    Index: [0, 0, 0]
    Size: [193, 229, 193]
  RequestedRegion: 
    Dimension: 3
    Index: [0, 0, 0]
    Size: [193, 229, 193]
  Spacing: [1, 1, 1]
  Origin: [96, 132, -78]
  Direction: 
-1 0 0
0 -1 0
0 0 1

  IndexToPointMatrix: 
-1 0 0
0 -1 0
0 0 1

  PointToIndexMatrix: 
-1 0 0
0 -1 0
0 0 1

  Inverse Direction: 
-1 0 0
0 -1 0
0 0 1

  PixelContainer: 
    ImportImageContainer (0x3d3ad60)
      RTTI typeinfo:   itk::ImportImageContainer<unsigned long, double>
      Reference Count: 1
      Modified Time: 1186
      Debug: Off
      Object Name: 
      Observers: 
        none
      Pointer: 0x14fb4ee54010
      Container manages memory: true
      Size: 8530021
      Capacity: 8530021

     Moving image = Image (0x3d2cf60)
  RTTI typeinfo:   itk::Image<double, 3u>
  Reference Count: 2
  Modified Time: 1579
  Debug: Off
  Object Name: 
  Observers: 
    none
  Source: (none)
  Source output name: (none)
  Release Data: Off
  Data Released: False
  Global Release Data: Off
  PipelineMTime: 0
  UpdateMTime: 1576
  RealTimeStamp: 0 seconds 
  LargestPossibleRegion: 
    Dimension: 3
    Index: [0, 0, 0]
    Size: [160, 240, 256]
  BufferedRegion: 
    Dimension: 3
    Index: [0, 0, 0]
    Size: [160, 240, 256]
  RequestedRegion: 
    Dimension: 3
    Index: [0, 0, 0]
    Size: [160, 240, 256]
  Spacing: [1, 1, 1]
  Origin: [87.9508, 102.562, -147.639]
  Direction: 
-0.998659 -0.0436121 -0.0279129
0.043595 -0.999049 0.00121847
-0.0279395 -2.65543e-08 0.99961

  IndexToPointMatrix: 
-0.998659 -0.0436121 -0.0279129
0.043595 -0.999049 0.00121847
-0.0279395 -2.65543e-08 0.99961

  PointToIndexMatrix: 
-0.998659 0.043595 -0.0279395
-0.0436121 -0.999049 -2.65517e-08
-0.0279129 0.00121847 0.99961

  Inverse Direction: 
-0.998659 0.043595 -0.0279395
-0.0436121 -0.999049 -2.65517e-08
-0.0279129 0.00121847 0.99961

  PixelContainer: 
    ImportImageContainer (0x3d1e6d0)
      RTTI typeinfo:   itk::ImportImageContainer<unsigned long, double>
      Reference Count: 1
      Modified Time: 1573
      Debug: Off
      Object Name: 
      Observers: 
        none
      Pointer: 0x14fb4a353010
      Container manages memory: true
      Size: 9830400
      Capacity: 9830400

     Weighting = 1
     Sampling strategy = regular
     Number of bins = 32
     Radius = 4
     Sampling percentage  = 0.25
   Transform = Rigid
     Gradient step = 0.1
     Update field sigma (voxel space) = 0
     Total field sigma (voxel space) = 0
     Update field time sigma = 0
     Total field time sigma  = 0
     Number of time indices = 0
     Number of time point samples = 0
Registration using 1 total stages.

Stage 0
  iterations = 1000x500x250x100
  convergence threshold = 1e-06
  convergence window size = 10
  number of levels = 4
  using the Mattes MI metric (number of bins = 32, weight = 1, use gradient filter = 0)
  preprocessing:  winsorizing the image intensities
  Shrink factors (level 1 out of 4): [8, 8, 8]
  Shrink factors (level 2 out of 4): [4, 4, 4]
  Shrink factors (level 3 out of 4): [2, 2, 2]
  Shrink factors (level 4 out of 4): [1, 1, 1]
  smoothing sigmas per level: [3, 2, 1, 0]
  regular sampling (percentage = 0.25)

*** Running Euler3DTransform registration ***

DIAGNOSTIC,Iteration,metricValue,convergenceValue,ITERATION_TIME_INDEX,SINCE_LAST
 2DIAGNOSTIC,     1, -4.299060189477e-01, 1.797693134862e+308, 8.0826e-01, 8.0826e-01, 
 2DIAGNOSTIC,     2, -4.311703807429e-01, 1.797693134862e+308, 8.1331e-01, 5.0530e-03, 
 2DIAGNOSTIC,     3, -4.334997061176e-01, 1.797693134862e+308, 8.1799e-01, 4.6771e-03, 
 2DIAGNOSTIC,     4, -4.389575130370e-01, 1.797693134862e+308, 8.2284e-01, 4.8509e-03, 
 2DIAGNOSTIC,     5, -4.438813134482e-01, 1.797693134862e+308, 8.2770e-01, 4.8571e-03, 
 2DIAGNOSTIC,     6, -4.461495460377e-01, 1.797693134862e+308, 8.3344e-01, 5.7380e-03, 
 2DIAGNOSTIC,     7, -4.511407144429e-01, 1.797693134862e+308, 8.3986e-01, 6.4220e-03, 
 2DIAGNOSTIC,     8, -4.667812032718e-01, 1.797693134862e+308, 8.4536e-01, 5.5041e-03, 
 2DIAGNOSTIC,     9, -4.753090114372e-01, 1.797693134862e+308, 8.5123e-01, 5.8680e-03, 
 2DIAGNOSTIC,    10, -4.802481719655e-01, 7.481707542057e-03, 8.5702e-01, 5.7900e-03, 
 2DIAGNOSTIC,    11, -4.821261368877e-01, 7.356704266140e-03, 8.6181e-01, 4.7941e-03, 
 2DIAGNOSTIC,    12, -4.837491005316e-01, 6.749992380105e-03, 8.6734e-01, 5.5289e-03, 
 2DIAGNOSTIC,    13, -5.028244927612e-01, 6.622215038748e-03, 8.7533e-01, 7.9911e-03, 
 2DIAGNOSTIC,    14, -5.042109134422e-01, 6.183615245768e-03, 8.8023e-01, 4.8921e-03, 
 2DIAGNOSTIC,    15, -5.066116081859e-01, 5.558135432410e-03, 8.8489e-01, 4.6680e-03, 
 2DIAGNOSTIC,    16, -5.083451635870e-01, 4.676295421427e-03, 8.9063e-01, 5.7330e-03, 
 2DIAGNOSTIC,    17, -5.184993492758e-01, 3.998770501002e-03, 8.9890e-01, 8.2772e-03, 
 2DIAGNOSTIC,    18, -5.256348855915e-01, 3.769024583904e-03, 9.0363e-01, 4.7240e-03, 
 2DIAGNOSTIC,    19, -5.260487277175e-01, 3.491513203884e-03, 9.0968e-01, 6.0561e-03, 
 2DIAGNOSTIC,    20, -5.292109531848e-01, 3.174906814954e-03, 9.1523e-01, 5.5501e-03, 
 2DIAGNOSTIC,    21, -5.301818280358e-01, 2.681600071654e-03, 9.2029e-01, 5.0561e-03, 
 2DIAGNOSTIC,    22, -5.312241423357e-01, 2.041188990044e-03, 9.2632e-01, 6.0270e-03, 
 2DIAGNOSTIC,    23, -5.321371409539e-01, 1.776979487437e-03, 9.3242e-01, 6.0971e-03, 
 2DIAGNOSTIC,    24, -5.330747233306e-01, 1.429098266473e-03, 9.3774e-01, 5.3201e-03, 
 2DIAGNOSTIC,    25, -5.340979444991e-01, 1.060387640589e-03, 9.4292e-01, 5.1830e-03, 
 2DIAGNOSTIC,    26, -5.353301845468e-01, 6.839349057689e-04, 9.4924e-01, 6.3179e-03, 
 2DIAGNOSTIC,    27, -5.359877900515e-01, 5.005582577130e-04, 9.5408e-01, 4.8411e-03, 
 2DIAGNOSTIC,    28, -5.363338939741e-01, 4.385713954860e-04, 9.5865e-01, 4.5772e-03, 
 2DIAGNOSTIC,    29, -5.373050871328e-01, 3.660299878225e-04, 9.6322e-01, 4.5660e-03, 
 2DIAGNOSTIC,    30, -5.398201296259e-01, 3.715999388036e-04, 9.6856e-01, 5.3380e-03, 
 2DIAGNOSTIC,    31, -5.446420318323e-01, 4.465257090159e-04, 9.7902e-01, 1.0467e-02, 
 2DIAGNOSTIC,    32, -5.446643977261e-01, 4.912603057337e-04, 9.8360e-01, 4.5762e-03, 
 2DIAGNOSTIC,    33, -5.447645462464e-01, 5.056418651419e-04, 9.8821e-01, 4.6091e-03, 
 2DIAGNOSTIC,    34, -5.449309868440e-01, 4.904059685721e-04, 9.9275e-01, 4.5402e-03, 
 2DIAGNOSTIC,    35, -5.452044630949e-01, 4.491508883127e-04, 9.9739e-01, 4.6360e-03, 
 2DIAGNOSTIC,    36, -5.456974356366e-01, 3.933079749285e-04, 1.0018e+00, 4.4351e-03, 
 2DIAGNOSTIC,    37, -5.462998686757e-01, 3.227887186882e-04, 1.0063e+00, 4.4909e-03, 
 2DIAGNOSTIC,    38, -5.470544253300e-01, 2.429354856588e-04, 1.0108e+00, 4.4630e-03, 
 2DIAGNOSTIC,    39, -5.483332420650e-01, 1.763377116677e-04, 1.0162e+00, 5.4319e-03, 
 2DIAGNOSTIC,    40, -5.485726224964e-01, 1.327664633642e-04, 1.0208e+00, 4.5660e-03, 
 2DIAGNOSTIC,    41, -5.488485034361e-01, 1.482763053844e-04, 1.0260e+00, 5.2190e-03, 
 2DIAGNOSTIC,    42, -5.491456239354e-01, 1.532239942951e-04, 1.0306e+00, 4.5750e-03, 
 2DIAGNOSTIC,    43, -5.502465380658e-01, 1.586826604885e-04, 1.0361e+00, 5.5301e-03, 
 2DIAGNOSTIC,    44, -5.634828374185e-01, 3.167364901233e-04, 1.0428e+00, 6.6950e-03, 
 2DIAGNOSTIC,    45, -5.666049443326e-01, 4.740656953017e-04, 1.0480e+00, 5.1811e-03, 
 2DIAGNOSTIC,    46, -5.687456192645e-01, 6.112994898601e-04, 1.0532e+00, 5.2190e-03, 
 2DIAGNOSTIC,    47, -5.690823331856e-01, 6.968598010354e-04, 1.0577e+00, 4.5190e-03, 
 2DIAGNOSTIC,    48, -5.696231766172e-01, 7.263931488731e-04, 1.0624e+00, 4.6721e-03, 
 2DIAGNOSTIC,    49, -5.705378698343e-01, 7.072924970172e-04, 1.0674e+00, 5.0111e-03, 
 2DIAGNOSTIC,    50, -5.708767349763e-01, 6.265265744546e-04, 1.0725e+00, 5.1210e-03, 
 2DIAGNOSTIC,    51, -5.710256300578e-01, 4.958074916239e-04, 1.0770e+00, 4.5280e-03, 
 2DIAGNOSTIC,    52, -5.728271234523e-01, 3.469719241619e-04, 1.0823e+00, 5.2330e-03, 
 2DIAGNOSTIC,    53, -5.746651111671e-01, 1.974725134238e-04, 1.0869e+00, 4.6122e-03, 
 2DIAGNOSTIC,    54, -5.766373247636e-01, 1.867894418326e-04, 1.0921e+00, 5.1880e-03, 
 2DIAGNOSTIC,    55, -5.805587090114e-01, 2.273291099944e-04, 1.0982e+00, 6.1731e-03, 
 2DIAGNOSTIC,    56, -5.807808384954e-01, 2.667649313007e-04, 1.1027e+00, 4.4529e-03, 
 2DIAGNOSTIC,    57, -5.819462830116e-01, 2.936827803368e-04, 1.1077e+00, 5.0080e-03, 
 2DIAGNOSTIC,    58, -5.826431226552e-01, 3.026365693790e-04, 1.1133e+00, 5.5480e-03, 
 2DIAGNOSTIC,    59, -5.829463779669e-01, 2.930228838265e-04, 1.1183e+00, 4.9920e-03, 
 2DIAGNOSTIC,    60, -5.830060155098e-01, 2.591688761192e-04, 1.1226e+00, 4.3850e-03, 
 2DIAGNOSTIC,    61, -5.831042394466e-01, 2.038025622051e-04, 1.1271e+00, 4.4231e-03, 
 2DIAGNOSTIC,    62, -5.832435783245e-01, 1.477241283702e-04, 1.1325e+00, 5.4371e-03, 
 2DIAGNOSTIC,    63, -5.833565975801e-01, 9.576631511172e-05, 1.1395e+00, 6.9921e-03, 
 2DIAGNOSTIC,    64, -5.833579897466e-01, 5.203973952086e-05, 1.1439e+00, 4.3771e-03, 
 2DIAGNOSTIC,    65, -5.833081242676e-01, 3.668569700977e-05, 1.1483e+00, 4.3960e-03, 
 2DIAGNOSTIC,    66, -5.833341586827e-01, 2.020455719167e-05, 1.1526e+00, 4.3819e-03, 
 2DIAGNOSTIC,    67, -5.833528682428e-01, 1.158654819290e-05, 1.1570e+00, 4.3778e-03, 
 2DIAGNOSTIC,    68, -5.833840370371e-01, 7.775315821256e-06, 1.1617e+00, 4.6449e-03, 
 2DIAGNOSTIC,    69, -5.834982771114e-01, 6.596254788879e-06, 1.1668e+00, 5.1081e-03, 
 2DIAGNOSTIC,    70, -5.839034218404e-01, 8.367601953021e-06, 1.1724e+00, 5.5871e-03, 
 2DIAGNOSTIC,    71, -5.839255204653e-01, 1.012709660127e-05, 1.1768e+00, 4.4131e-03, 
 2DIAGNOSTIC,    72, -5.839300441585e-01, 1.196968296070e-05, 1.1817e+00, 4.9531e-03, 
 2DIAGNOSTIC,    73, -5.839326665870e-01, 1.352435290297e-05, 1.1863e+00, 4.5919e-03, 
 2DIAGNOSTIC,    74, -5.839352253979e-01, 1.379517851668e-05, 1.1912e+00, 4.8869e-03, 
 2DIAGNOSTIC,    75, -5.839380125014e-01, 1.239181133166e-05, 1.1966e+00, 5.3639e-03, 
 2DIAGNOSTIC,    76, -5.839382700559e-01, 1.005766845465e-05, 1.2009e+00, 4.3499e-03, 
 2DIAGNOSTIC,    77, -5.839389869119e-01, 7.042312778571e-06, 1.2053e+00, 4.3631e-03, 
 2DIAGNOSTIC,    78, -5.839399523258e-01, 3.702595149056e-06, 1.2101e+00, 4.8292e-03, 
DIAGNOSTIC,Iteration,metricValue,convergenceValue,ITERATION_TIME_INDEX,SINCE_LAST
 2DIAGNOSTIC,     1, -4.762339285604e-01, 1.797693134862e+308, 1.9799e+00, 7.6980e-01, 
 2DIAGNOSTIC,     2, -4.767208225273e-01, 1.797693134862e+308, 2.0147e+00, 3.4818e-02, 
 2DIAGNOSTIC,     3, -4.774787474393e-01, 1.797693134862e+308, 2.0472e+00, 3.2479e-02, 
 2DIAGNOSTIC,     4, -4.785560883895e-01, 1.797693134862e+308, 2.0781e+00, 3.0922e-02, 
 2DIAGNOSTIC,     5, -4.795772738043e-01, 1.797693134862e+308, 2.1119e+00, 3.3761e-02, 
 2DIAGNOSTIC,     6, -4.810114640536e-01, 1.797693134862e+308, 2.1471e+00, 3.5210e-02, 
 2DIAGNOSTIC,     7, -4.812781457555e-01, 1.797693134862e+308, 2.1853e+00, 3.8180e-02, 
 2DIAGNOSTIC,     8, -4.813831994880e-01, 1.797693134862e+308, 2.2150e+00, 2.9685e-02, 
 2DIAGNOSTIC,     9, -4.820054731406e-01, 1.797693134862e+308, 2.2496e+00, 3.4626e-02, 
 2DIAGNOSTIC,    10, -4.821261933646e-01, 8.776759830297e-04, 2.2805e+00, 3.0940e-02, 
 2DIAGNOSTIC,    11, -4.824839033959e-01, 7.099211257844e-04, 2.3228e+00, 4.2306e-02, 
 2DIAGNOSTIC,    12, -4.827569935187e-01, 5.443124873288e-04, 2.3616e+00, 3.8724e-02, 
 2DIAGNOSTIC,    13, -4.827731461053e-01, 3.905719087079e-04, 2.3924e+00, 3.0821e-02, 
 2DIAGNOSTIC,    14, -4.828198193947e-01, 2.707078670769e-04, 2.4232e+00, 3.0838e-02, 
 2DIAGNOSTIC,    15, -4.829336449207e-01, 1.856147940755e-04, 2.4539e+00, 3.0704e-02, 
 2DIAGNOSTIC,    16, -4.830668398611e-01, 1.520582101076e-04, 2.4847e+00, 3.0734e-02, 
 2DIAGNOSTIC,    17, -4.832051042455e-01, 1.226867896112e-04, 2.5156e+00, 3.0957e-02, 
 2DIAGNOSTIC,    18, -4.833208586317e-01, 9.227022111223e-05, 2.5467e+00, 3.1079e-02, 
 2DIAGNOSTIC,    19, -4.840176643580e-01, 9.782211304397e-05, 2.5778e+00, 3.1152e-02, 
 2DIAGNOSTIC,    20, -4.854205728862e-01, 1.380849626932e-04, 2.6306e+00, 5.2791e-02, 
 2DIAGNOSTIC,    21, -4.861608068389e-01, 1.914884461489e-04, 2.6630e+00, 3.2363e-02, 
 2DIAGNOSTIC,    22, -4.863662444571e-01, 2.352434308206e-04, 2.6945e+00, 3.1521e-02, 
 2DIAGNOSTIC,    23, -4.870556510732e-01, 2.719523512887e-04, 2.7267e+00, 3.2224e-02, 
 2DIAGNOSTIC,    24, -4.893923498432e-01, 3.381257851111e-04, 2.7726e+00, 4.5848e-02, 
 2DIAGNOSTIC,    25, -4.898750929513e-01, 3.793694981310e-04, 2.8114e+00, 3.8835e-02, 
 2DIAGNOSTIC,    26, -4.899045068378e-01, 3.858936161837e-04, 2.8425e+00, 3.1027e-02, 
 2DIAGNOSTIC,    27, -4.900926046816e-01, 3.641733077034e-04, 2.8749e+00, 3.2401e-02, 
 2DIAGNOSTIC,    28, -4.904293777557e-01, 3.191014526039e-04, 2.9146e+00, 3.9720e-02, 
 2DIAGNOSTIC,    29, -4.905407654450e-01, 2.619451507673e-04, 2.9559e+00, 4.1339e-02, 
 2DIAGNOSTIC,    30, -4.905372485180e-01, 2.109881870805e-04, 2.9870e+00, 3.1074e-02, 
 2DIAGNOSTIC,    31, -4.908887372226e-01, 1.650089074153e-04, 3.0210e+00, 3.4008e-02, 
 2DIAGNOSTIC,    32, -4.912274927655e-01, 1.164489446572e-04, 3.0655e+00, 4.4514e-02, 
 2DIAGNOSTIC,    33, -4.912412786654e-01, 7.112546358473e-05, 3.0989e+00, 3.3355e-02, 
 2DIAGNOSTIC,    34, -4.913121565371e-01, 6.328467002235e-05, 3.1322e+00, 3.3342e-02, 
 2DIAGNOSTIC,    35, -4.913117943624e-01, 5.820184554074e-05, 3.1651e+00, 3.2842e-02, 
 2DIAGNOSTIC,    36, -4.913031253365e-01, 4.820573446842e-05, 3.1948e+00, 2.9744e-02, 
 2DIAGNOSTIC,    37, -4.913096279194e-01, 3.711270373626e-05, 3.2257e+00, 3.0929e-02, 
 2DIAGNOSTIC,    38, -4.913349021804e-01, 2.874362438579e-05, 3.2576e+00, 3.1843e-02, 
 2DIAGNOSTIC,    39, -4.913500729074e-01, 2.016737117706e-05, 3.2888e+00, 3.1247e-02, 
 2DIAGNOSTIC,    40, -4.914283376919e-01, 1.118577108582e-05, 3.3203e+00, 3.1484e-02, 
 2DIAGNOSTIC,    41, -4.914810667247e-01, 7.281515198417e-06, 3.3601e+00, 3.9816e-02, 
 2DIAGNOSTIC,    42, -4.914999499789e-01, 7.923387892544e-06, 3.3952e+00, 3.5091e-02, 
 2DIAGNOSTIC,    43, -4.915077509014e-01, 8.126977596085e-06, 3.4423e+00, 4.7111e-02, 
 2DIAGNOSTIC,    44, -4.915157161393e-01, 8.666235084998e-06, 3.4772e+00, 3.4924e-02, 
 2DIAGNOSTIC,    45, -4.915120553635e-01, 8.361654843449e-06, 3.5078e+00, 3.0524e-02, 
 2DIAGNOSTIC,    46, -4.915072446118e-01, 7.160550828566e-06, 3.5409e+00, 3.3086e-02, 
 2DIAGNOSTIC,    47, -4.915100963851e-01, 5.513918970031e-06, 3.5759e+00, 3.5065e-02, 
 2DIAGNOSTIC,    48, -4.915049635576e-01, 3.730431507795e-06, 3.6081e+00, 3.2162e-02, 
 2DIAGNOSTIC,    49, -4.915091589769e-01, 1.941827326754e-06, 3.6391e+00, 3.0996e-02, 
 2DIAGNOSTIC,    50, -4.915245209198e-01, 1.180551934626e-06, 3.6706e+00, 3.1476e-02, 
 2DIAGNOSTIC,    51, -4.915522669470e-01, 1.310504310452e-06, 3.7023e+00, 3.1706e-02, 
 2DIAGNOSTIC,    52, -4.916165228305e-01, 2.294604765009e-06, 3.7337e+00, 3.1489e-02, 
 2DIAGNOSTIC,    53, -4.917657589472e-01, 4.791625894625e-06, 3.7691e+00, 3.5364e-02, 
 2DIAGNOSTIC,    54, -4.917410163528e-01, 6.579305451688e-06, 3.8050e+00, 3.5852e-02, 
 2DIAGNOSTIC,    55, -4.918730304951e-01, 9.122074419474e-06, 3.8559e+00, 5.0888e-02, 
 2DIAGNOSTIC,    56, -4.918967413840e-01, 1.092396142353e-05, 3.8933e+00, 3.7433e-02, 
 2DIAGNOSTIC,    57, -4.919401280539e-01, 1.213225046988e-05, 3.9296e+00, 3.6305e-02, 
 2DIAGNOSTIC,    58, -4.919306932225e-01, 1.203060048113e-05, 3.9618e+00, 3.2211e-02, 
 2DIAGNOSTIC,    59, -4.919521387316e-01, 1.109682652805e-05, 3.9972e+00, 3.5353e-02, 
 2DIAGNOSTIC,    60, -4.920081869794e-01, 9.874669571374e-06, 4.0282e+00, 3.1046e-02, 
 2DIAGNOSTIC,    61, -4.920466704387e-01, 8.398265368682e-06, 4.0630e+00, 3.4765e-02, 
 2DIAGNOSTIC,    62, -4.920635752883e-01, 6.944040003270e-06, 4.0969e+00, 3.3974e-02, 
 2DIAGNOSTIC,    63, -4.921279274957e-01, 6.924742392046e-06, 4.1276e+00, 3.0661e-02, 
 2DIAGNOSTIC,    64, -4.921595948034e-01, 6.311905841515e-06, 4.1579e+00, 3.0329e-02, 
 2DIAGNOSTIC,    65, -4.923241756290e-01, 7.803415985743e-06, 4.1876e+00, 2.9701e-02, 
 2DIAGNOSTIC,    66, -4.925425493084e-01, 1.063465591147e-05, 4.2288e+00, 4.1179e-02, 
 2DIAGNOSTIC,    67, -4.927693985877e-01, 1.472478621589e-05, 4.2841e+00, 5.5330e-02, 
 2DIAGNOSTIC,    68, -4.928679417158e-01, 1.806834922306e-05, 4.3252e+00, 4.1073e-02, 
 2DIAGNOSTIC,    69, -4.928767840850e-01, 1.988373431071e-05, 4.3614e+00, 3.6169e-02, 
 2DIAGNOSTIC,    70, -4.928946149132e-01, 2.039768541055e-05, 4.4025e+00, 4.1130e-02, 
 2DIAGNOSTIC,    71, -4.929002379747e-01, 1.931003941101e-05, 4.4375e+00, 3.4981e-02, 
 2DIAGNOSTIC,    72, -4.929837312999e-01, 1.721615467738e-05, 4.4737e+00, 3.6222e-02, 
 2DIAGNOSTIC,    73, -4.930387908008e-01, 1.451433232389e-05, 4.5090e+00, 3.5265e-02, 
 2DIAGNOSTIC,    74, -4.931746520246e-01, 1.184911858831e-05, 4.5584e+00, 4.9406e-02, 
 2DIAGNOSTIC,    75, -4.932549901935e-01, 1.002091481231e-05, 4.5934e+00, 3.5013e-02, 
 2DIAGNOSTIC,    76, -4.932548350279e-01, 8.943461769186e-06, 4.6289e+00, 3.5513e-02, 
 2DIAGNOSTIC,    77, -4.932710028183e-01, 8.899884579085e-06, 4.6635e+00, 3.4620e-02, 
 2DIAGNOSTIC,    78, -4.932957591896e-01, 8.950910811205e-06, 4.6976e+00, 3.4074e-02, 
 2DIAGNOSTIC,    79, -4.932932068324e-01, 8.204645341908e-06, 4.7343e+00, 3.6692e-02, 
 2DIAGNOSTIC,    80, -4.932893117591e-01, 6.828980468894e-06, 4.7660e+00, 3.1717e-02, 
 2DIAGNOSTIC,    81, -4.932801272183e-01, 4.845480876498e-06, 4.8012e+00, 3.5175e-02, 
 2DIAGNOSTIC,    82, -4.932845530556e-01, 3.112250165461e-06, 4.8330e+00, 3.1802e-02, 
 2DIAGNOSTIC,    83, -4.932759289555e-01, 1.457360440642e-06, 4.8676e+00, 3.4599e-02, 
DIAGNOSTIC,Iteration,metricValue,convergenceValue,ITERATION_TIME_INDEX,SINCE_LAST
 2DIAGNOSTIC,     1, -4.338995560216e-01, 1.797693134862e+308, 6.0766e+00, 1.2090e+00, 
 2DIAGNOSTIC,     2, -4.341198398509e-01, 1.797693134862e+308, 6.3236e+00, 2.4699e-01, 
 2DIAGNOSTIC,     3, -4.342810738736e-01, 1.797693134862e+308, 6.5690e+00, 2.4540e-01, 
 2DIAGNOSTIC,     4, -4.344167052432e-01, 1.797693134862e+308, 6.8564e+00, 2.8743e-01, 
 2DIAGNOSTIC,     5, -4.344518381137e-01, 1.797693134862e+308, 7.1186e+00, 2.6216e-01, 
 2DIAGNOSTIC,     6, -4.345768573176e-01, 1.797693134862e+308, 7.4177e+00, 2.9912e-01, 
 2DIAGNOSTIC,     7, -4.346798650097e-01, 1.797693134862e+308, 7.8388e+00, 4.2113e-01, 
 2DIAGNOSTIC,     8, -4.346883313325e-01, 1.797693134862e+308, 8.1041e+00, 2.6531e-01, 
 2DIAGNOSTIC,     9, -4.347129953234e-01, 1.797693134862e+308, 8.4052e+00, 3.0102e-01, 
 2DIAGNOSTIC,    10, -4.347236636768e-01, 1.190845158203e-04, 8.6878e+00, 2.8269e-01, 
 2DIAGNOSTIC,    11, -4.347259601300e-01, 8.187770096886e-05, 8.9538e+00, 2.6590e-01, 
 2DIAGNOSTIC,    12, -4.347260486027e-01, 5.557742503752e-05, 9.2223e+00, 2.6854e-01, 
 2DIAGNOSTIC,    13, -4.347234834534e-01, 3.643695986419e-05, 9.6499e+00, 4.2765e-01, 
 2DIAGNOSTIC,    14, -4.347236963486e-01, 2.337573461979e-05, 9.9363e+00, 2.8641e-01, 
 2DIAGNOSTIC,    15, -4.347230956912e-01, 1.152595850445e-05, 1.0189e+01, 2.5265e-01, 
 2DIAGNOSTIC,    16, -4.347226152093e-01, 5.282026590572e-06, 1.0524e+01, 3.3454e-01, 
 2DIAGNOSTIC,    17, -4.347226895442e-01, 3.444625080146e-06, 1.0789e+01, 2.6499e-01, 
 2DIAGNOSTIC,    18, -4.347219783162e-01, 1.929146516984e-06, 1.1046e+01, 2.5738e-01, 
 2DIAGNOSTIC,    19, -4.347212810961e-01, 1.374457196751e-06, 1.1349e+01, 3.0299e-01, 
 2DIAGNOSTIC,    20, -4.347206435508e-01, 1.228442104872e-06, 1.1617e+01, 2.6856e-01, 
 2DIAGNOSTIC,    21, -4.347208944732e-01, 1.208762956256e-06, 1.1918e+01, 3.0024e-01, 
 2DIAGNOSTIC,    22, -4.347221026635e-01, 1.259315135685e-06, 1.2263e+01, 3.4535e-01, 
 2DIAGNOSTIC,    23, -4.347207647564e-01, 1.210606775617e-06, 1.2572e+01, 3.0922e-01, 
 2DIAGNOSTIC,    24, -4.347202147244e-01, 1.175324578544e-06, 1.2839e+01, 2.6649e-01, 
 2DIAGNOSTIC,    25, -4.347198234119e-01, 1.131954339241e-06, 1.3106e+01, 2.6766e-01, 
 2DIAGNOSTIC,    26, -4.347220835652e-01, 1.148767355803e-06, 1.3445e+01, 3.3866e-01, 
 2DIAGNOSTIC,    27, -4.347223599873e-01, 1.177639423131e-06, 1.3749e+01, 3.0390e-01, 
 2DIAGNOSTIC,    28, -4.347210352340e-01, 1.158128662235e-06, 1.4019e+01, 2.7027e-01, 
 2DIAGNOSTIC,    29, -4.347190876340e-01, 1.081309087783e-06, 1.4319e+01, 2.9946e-01, 
 2DIAGNOSTIC,    30, -4.347204509462e-01, 1.027577875755e-06, 1.4596e+01, 2.7701e-01, 
DIAGNOSTIC,Iteration,metricValue,convergenceValue,ITERATION_TIME_INDEX,SINCE_LAST
 2DIAGNOSTIC,     1, -4.012724706065e-01, 1.797693134862e+308, 1.7274e+01, 2.6780e+00, 
 2DIAGNOSTIC,     2, -4.013754696207e-01, 1.797693134862e+308, 1.8838e+01, 1.5640e+00, 
 2DIAGNOSTIC,     3, -4.014391686405e-01, 1.797693134862e+308, 2.0454e+01, 1.6167e+00, 
 2DIAGNOSTIC,     4, -4.014928578553e-01, 1.797693134862e+308, 2.2499e+01, 2.0444e+00, 
 2DIAGNOSTIC,     5, -4.015261190811e-01, 1.797693134862e+308, 2.4430e+01, 1.9315e+00, 
 2DIAGNOSTIC,     6, -4.015299172767e-01, 1.797693134862e+308, 2.5973e+01, 1.5431e+00, 
 2DIAGNOSTIC,     7, -4.015631135657e-01, 1.797693134862e+308, 2.7610e+01, 1.6365e+00, 
 2DIAGNOSTIC,     8, -4.016033879780e-01, 1.797693134862e+308, 2.9156e+01, 1.5458e+00, 
 2DIAGNOSTIC,     9, -4.016373125315e-01, 1.797693134862e+308, 3.0647e+01, 1.4913e+00, 
 2DIAGNOSTIC,    10, -4.016565804680e-01, 5.708999582599e-05, 3.2886e+01, 2.2392e+00, 
 2DIAGNOSTIC,    11, -4.016650665952e-01, 4.294941510073e-05, 3.4743e+01, 1.8565e+00, 
 2DIAGNOSTIC,    12, -4.016657861393e-01, 3.364415830541e-05, 3.6903e+01, 2.1599e+00, 
 2DIAGNOSTIC,    13, -4.016656856549e-01, 2.634746617858e-05, 3.9267e+01, 2.3648e+00, 
 2DIAGNOSTIC,    14, -4.016656241211e-01, 2.058266952970e-05, 4.0916e+01, 1.6485e+00, 
 2DIAGNOSTIC,    15, -4.016655535458e-01, 1.550369154246e-05, 4.2314e+01, 1.3985e+00, 
 2DIAGNOSTIC,    16, -4.016654073102e-01, 9.988277608022e-06, 4.3761e+01, 1.4470e+00, 
 2DIAGNOSTIC,    17, -4.016653663217e-01, 5.746054801498e-06, 4.5386e+01, 1.6246e+00, 
 2DIAGNOSTIC,    18, -4.016652219440e-01, 3.171444788376e-06, 4.7410e+01, 2.0245e+00, 
 2DIAGNOSTIC,    19, -4.016652377034e-01, 1.985817990158e-06, 4.8981e+01, 1.5703e+00, 
 2DIAGNOSTIC,    20, -4.016650906507e-01, 1.558067212158e-06, 5.0448e+01, 1.4672e+00, 
 2DIAGNOSTIC,    21, -4.016651351215e-01, 1.460993213499e-06, 5.1888e+01, 1.4396e+00, 
 2DIAGNOSTIC,    22, -4.016651225243e-01, 1.400532661948e-06, 5.3487e+01, 1.5997e+00, 
 2DIAGNOSTIC,    23, -4.016651762053e-01, 1.348145542458e-06, 5.4874e+01, 1.3867e+00, 
 2DIAGNOSTIC,    24, -4.016650923909e-01, 1.299115814236e-06, 5.6443e+01, 1.5687e+00, 
 2DIAGNOSTIC,    25, -4.016648887712e-01, 1.248919164323e-06, 5.8021e+01, 1.5785e+00, 
 2DIAGNOSTIC,    26, -4.016647710137e-01, 1.197767959669e-06, 5.9737e+01, 1.7162e+00, 
 2DIAGNOSTIC,    27, -4.016647092862e-01, 1.150185748998e-06, 6.1594e+01, 1.8565e+00, 
 2DIAGNOSTIC,    28, -4.016644649494e-01, 1.098704858940e-06, 6.3158e+01, 1.5638e+00, 
 2DIAGNOSTIC,    29, -4.016644932817e-01, 1.055658972654e-06, 6.4929e+01, 1.7718e+00, 
 2DIAGNOSTIC,    30, -4.016645984232e-01, 1.018380683962e-06, 6.6615e+01, 1.6852e+00, 
  Elapsed time (stage 0): 6.7463e+01


Total elapsed time: 6.7466e+01
Info [verificarlo]: loaded backend libinterflop_vprec.so
Info [interflop-vprec]: load backend with: 
Info [interflop-vprec]: precision-binary32 = 23
Info [interflop-vprec]: range-binary32 = 8
Info [interflop-vprec]: precision-binary64 = 23
Info [interflop-vprec]: range-binary64 = 8
Info [interflop-vprec]: mode = ob
Info [interflop-vprec]: error-mode = rel
Info [interflop-vprec]: max-abs-error-exponent = -1022
Info [interflop-vprec]: daz = false
Info [interflop-vprec]: ftz = false
Info [interflop-vprec]: 	instrument = none
Info [interflop-vprec]: 	prec-input-file = (null)
Info [interflop-vprec]: 	prec-output-file = (null)
Info [interflop-vprec]: 	prec-log-file = (null)
All_Command_lines_OK
Using double precision for computations.
=============================================================================
The composite transform comprises the following transforms (in order): 
  1. /home/mdugre/scratch/mri-registration-rp/datasets/ds004513/derivatives/mri-registration-rp/0011/antsRegistration-r8-p23/sub-s037/rigid_Composite.h5[0] (type = Euler3DTransform)
  2. /home/mdugre/scratch/mri-registration-rp/datasets/ds004513/derivatives/mri-registration-rp/0011/antsRegistration-r8-p23/sub-s037/rigid_Composite.h5[1] (type = Euler3DTransform)
  3. /home/mdugre/scratch/mri-registration-rp/datasets/ds004513/derivatives/mri-registration-rp/0011/antsRegistration-r8-p23/sub-s037/rigid_Composite.h5[2] (type = Euler3DTransform)
=============================================================================
  number of levels = 4
  fixed image: /templateflow/tpl-MNI152NLin2009cAsym/tpl-MNI152NLin2009cAsym_res-01_desc-brain_T1w.nii.gz
  moving image: /home/mdugre/scratch/mri-registration-rp/datasets/ds004513/derivatives/mri-registration-rp/antsBrainExtraction/sub-s037/BrainExtractionBrain.nii.gz
Dimension = 3
Number of stages = 1
Use histogram matching = false
Winsorize image intensities = true
  Lower quantile = 0.005
  Upper quantile = 0.995


Stage 1 State
   Image metric = MattesMI
     Fixed image = Image (0x4ab0490)
  RTTI typeinfo:   itk::Image<double, 3u>
  Reference Count: 2
  Modified Time: 1592
  Debug: Off
  Object Name: 
  Observers: 
    none
  Source: (none)
  Source output name: (none)
  Release Data: Off
  Data Released: False
  Global Release Data: Off
  PipelineMTime: 0
  UpdateMTime: 1203
  RealTimeStamp: 0 seconds 
  LargestPossibleRegion: 
    Dimension: 3
    Index: [0, 0, 0]
    Size: [193, 229, 193]
  BufferedRegion: 
    Dimension: 3
    Index: [0, 0, 0]
    Size: [193, 229, 193]
  RequestedRegion: 
    Dimension: 3
    Index: [0, 0, 0]
    Size: [193, 229, 193]
  Spacing: [1, 1, 1]
  Origin: [96, 132, -78]
  Direction: 
-1 0 0
0 -1 0
0 0 1

  IndexToPointMatrix: 
-1 0 0
0 -1 0
0 0 1

  PointToIndexMatrix: 
-1 0 0
0 -1 0
0 0 1

  Inverse Direction: 
-1 0 0
0 -1 0
0 0 1

  PixelContainer: 
    ImportImageContainer (0x4b7b8c0)
      RTTI typeinfo:   itk::ImportImageContainer<unsigned long, double>
      Reference Count: 1
      Modified Time: 1200
      Debug: Off
      Object Name: 
      Observers: 
        none
      Pointer: 0x14715987b010
      Container manages memory: true
      Size: 8530021
      Capacity: 8530021

     Moving image = Image (0x4b6bb60)
  RTTI typeinfo:   itk::Image<double, 3u>
  Reference Count: 2
  Modified Time: 1593
  Debug: Off
  Object Name: 
  Observers: 
    none
  Source: (none)
  Source output name: (none)
  Release Data: Off
  Data Released: False
  Global Release Data: Off
  PipelineMTime: 0
  UpdateMTime: 1590
  RealTimeStamp: 0 seconds 
  LargestPossibleRegion: 
    Dimension: 3
    Index: [0, 0, 0]
    Size: [160, 240, 256]
  BufferedRegion: 
    Dimension: 3
    Index: [0, 0, 0]
    Size: [160, 240, 256]
  RequestedRegion: 
    Dimension: 3
    Index: [0, 0, 0]
    Size: [160, 240, 256]
  Spacing: [1, 1, 1]
  Origin: [87.9508, 102.562, -147.639]
  Direction: 
-0.998659 -0.0436121 -0.0279129
0.043595 -0.999049 0.00121847
-0.0279395 -2.65543e-08 0.99961

  IndexToPointMatrix: 
-0.998659 -0.0436121 -0.0279129
0.043595 -0.999049 0.00121847
-0.0279395 -2.65543e-08 0.99961

  PointToIndexMatrix: 
-0.998659 0.043595 -0.0279395
-0.0436121 -0.999049 5.96046e-08
-0.0279129 0.00121838 0.99961

  Inverse Direction: 
-0.998659 0.043595 -0.0279395
-0.0436121 -0.999049 5.96046e-08
-0.0279129 0.00121838 0.99961

  PixelContainer: 
    ImportImageContainer (0x4bff1d0)
      RTTI typeinfo:   itk::ImportImageContainer<unsigned long, double>
      Reference Count: 1
      Modified Time: 1587
      Debug: Off
      Object Name: 
      Observers: 
        none
      Pointer: 0x147154d7a010
      Container manages memory: true
      Size: 9830400
      Capacity: 9830400

     Weighting = 1
     Sampling strategy = regular
     Number of bins = 32
     Radius = 4
     Sampling percentage  = 0.25
   Transform = Affine
     Gradient step = 0.1
     Update field sigma (voxel space) = 0
     Total field sigma (voxel space) = 0
     Update field time sigma = 0
     Total field time sigma  = 0
     Number of time indices = 0
     Number of time point samples = 0
Registration using 1 total stages.

Stage 0
  iterations = 1000x500x250x100
  convergence threshold = 1e-06
  convergence window size = 10
  number of levels = 4
  using the Mattes MI metric (number of bins = 32, weight = 1, use gradient filter = 0)
  preprocessing:  winsorizing the image intensities
  Shrink factors (level 1 out of 4): [8, 8, 8]
  Shrink factors (level 2 out of 4): [4, 4, 4]
  Shrink factors (level 3 out of 4): [2, 2, 2]
  Shrink factors (level 4 out of 4): [1, 1, 1]
  smoothing sigmas per level: [3, 2, 1, 0]
  regular sampling (percentage = 0.25)

*** Running AffineTransform registration ***

DIAGNOSTIC,Iteration,metricValue,convergenceValue,ITERATION_TIME_INDEX,SINCE_LAST
 2DIAGNOSTIC,     1, -5.873717141194e-01, 1.797693134862e+308, 0.0000e+00, 0.0000e+00, 
 2DIAGNOSTIC,     2, -5.889397978957e-01, 1.797693134862e+308, 0.0000e+00, 0.0000e+00, 
 2DIAGNOSTIC,     3, -5.917529590970e-01, 1.797693134862e+308, 0.0000e+00, 0.0000e+00, 
 2DIAGNOSTIC,     4, -5.964372843368e-01, 1.797693134862e+308, 0.0000e+00, 0.0000e+00, 
 2DIAGNOSTIC,     5, -6.043251480317e-01, 1.797693134862e+308, 0.0000e+00, 0.0000e+00, 
 2DIAGNOSTIC,     6, -6.146983596972e-01, 1.797693134862e+308, 0.0000e+00, 0.0000e+00, 
 2DIAGNOSTIC,     7, -6.397300256098e-01, 1.797693134862e+308, 0.0000e+00, 0.0000e+00, 
 2DIAGNOSTIC,     8, -6.983125637009e-01, 1.797693134862e+308, 0.0000e+00, 0.0000e+00, 
 2DIAGNOSTIC,     9, -7.114623762127e-01, 1.797693134862e+308, 0.0000e+00, 0.0000e+00, 
 2DIAGNOSTIC,    10, -7.152993972660e-01, 1.485359387448e-02, 0.0000e+00, 0.0000e+00, 
 2DIAGNOSTIC,    11, -7.155515200727e-01, 1.462067653699e-02, 0.0000e+00, 0.0000e+00, 
 2DIAGNOSTIC,    12, -7.159872279757e-01, 1.319293368256e-02, 0.0000e+00, 0.0000e+00, 
 2DIAGNOSTIC,    13, -7.159389855215e-01, 1.088520776246e-02, 0.0000e+00, 0.0000e+00, 
 2DIAGNOSTIC,    14, -7.160418238975e-01, 8.097780515421e-03, 0.0000e+00, 0.0000e+00, 
 2DIAGNOSTIC,    15, -7.161740504996e-01, 5.231513137180e-03, 0.0000e+00, 0.0000e+00, 
 2DIAGNOSTIC,    16, -7.162614143348e-01, 2.557940440288e-03, 0.0000e+00, 0.0000e+00, 
 2DIAGNOSTIC,    17, -7.160735735251e-01, 5.721120064876e-04, 0.0000e+00, 0.0000e+00, 
 2DIAGNOSTIC,    18, -7.161008985423e-01, 1.411506875111e-04, 0.0000e+00, 0.0000e+00, 
 2DIAGNOSTIC,    19, -7.159272545657e-01, 3.156765943803e-05, 0.0000e+00, 0.0000e+00, 
 2DIAGNOSTIC,    20, -7.160289967506e-01, 1.363795580706e-05, 0.0000e+00, 0.0000e+00, 
 2DIAGNOSTIC,    21, -7.160898174950e-01, 2.311764038219e-06, 0.0000e+00, 0.0000e+00, 
DIAGNOSTIC,Iteration,metricValue,convergenceValue,ITERATION_TIME_INDEX,SINCE_LAST
 2DIAGNOSTIC,     1, -5.885274381078e-01, 1.797693134862e+308, 0.0000e+00, 0.0000e+00, 
 2DIAGNOSTIC,     2, -5.895784967976e-01, 1.797693134862e+308, 0.0000e+00, 0.0000e+00, 
 2DIAGNOSTIC,     3, -5.906943882179e-01, 1.797693134862e+308, 0.0000e+00, 0.0000e+00, 
 2DIAGNOSTIC,     4, -5.923279879229e-01, 1.797693134862e+308, 0.0000e+00, 0.0000e+00, 
 2DIAGNOSTIC,     5, -5.944547148660e-01, 1.797693134862e+308, 0.0000e+00, 0.0000e+00, 
 2DIAGNOSTIC,     6, -5.966175185813e-01, 1.797693134862e+308, 0.0000e+00, 0.0000e+00, 
 2DIAGNOSTIC,     7, -5.973446606727e-01, 1.797693134862e+308, 0.0000e+00, 0.0000e+00, 
 2DIAGNOSTIC,     8, -5.979246397995e-01, 1.797693134862e+308, 0.0000e+00, 0.0000e+00, 
 2DIAGNOSTIC,     9, -5.990850508972e-01, 1.797693134862e+308, 0.0000e+00, 0.0000e+00, 
 2DIAGNOSTIC,    10, -5.991543323748e-01, 1.279833600414e-03, 0.0000e+00, 0.0000e+00, 
 2DIAGNOSTIC,    11, -5.991997177131e-01, 1.023214734275e-03, 0.0000e+00, 0.0000e+00, 
 2DIAGNOSTIC,    12, -5.994657942717e-01, 7.713080370142e-04, 0.0000e+00, 0.0000e+00, 
 2DIAGNOSTIC,    13, -5.995950217481e-01, 5.344054207797e-04, 0.0000e+00, 0.0000e+00, 
 2DIAGNOSTIC,    14, -5.996953981822e-01, 3.407932939395e-04, 0.0000e+00, 0.0000e+00, 
 2DIAGNOSTIC,    15, -5.998714332736e-01, 2.139531945171e-04, 0.0000e+00, 0.0000e+00, 
 2DIAGNOSTIC,    16, -6.000994697480e-01, 1.548782836821e-04, 0.0000e+00, 0.0000e+00, 
