
##########################
# Experiment information #
##########################

EXPERIMENT_NAME: antsRegistration-r7-p18
VFC_BACKENDS: libinterflop_vprec.so --range-binary32=7 --precision-binary32=18 --range-binary64=7 --precision-binary64=18

SIF_IMG: /home/mdugre/projects/rrg-glatard/mdugre/containers/ants-vprec-no_metrics.simg

SUBJECT_ID: s020
INPUT_IMG: /home/mdugre/scratch/mri-registration-rp/datasets/ds004513/derivatives/mri-registration-rp/antsBrainExtraction/sub-s020/BrainExtractionBrain.nii.gz
OUTPUT_DIR: /home/mdugre/scratch/mri-registration-rp/datasets/ds004513/derivatives/mri-registration-rp/0011/antsRegistration-r7-p18/sub-s020

FIXED_IMG: /templateflow/tpl-MNI152NLin2009cAsym/tpl-MNI152NLin2009cAsym_res-01_desc-brain_T1w.nii.gz
DATA_DIR: /home/mdugre/scratch/mri-registration-rp/datasets/ds004513
TEMPLATEFLOW_DIR: /home/mdugre/projects/rrg-glatard/mdugre/templateflow
ITK_GLOBAL_DEFAULT_NUMBER_OF_THREADS: 16
##########################

Info [verificarlo]: loaded backend libinterflop_ieee.so
Info [interflop-ieee]: load backend with:
Info [interflop-ieee]: debug = false
Info [interflop-ieee]: debug-binary = false
Info [interflop-ieee]: no-backend-name = false
Info [interflop-ieee]: print-new-line = false
Info [interflop-ieee]: print-subnormal-normalized = false
Info [interflop-ieee]: count-op = false
All_Command_lines_OK
Using double precision for computations.
=============================================================================
The composite transform comprises the following transforms (in order): 
  1. Center of mass alignment using fixed image: /templateflow/tpl-MNI152NLin2009cAsym/tpl-MNI152NLin2009cAsym_res-01_desc-brain_T1w.nii.gz and moving image: /home/mdugre/scratch/mri-registration-rp/datasets/ds004513/derivatives/mri-registration-rp/antsBrainExtraction/sub-s020/BrainExtractionBrain.nii.gz (type = Euler3DTransform)
=============================================================================
  number of levels = 1
  fixed image: /templateflow/tpl-MNI152NLin2009cAsym/tpl-MNI152NLin2009cAsym_res-01_desc-brain_T1w.nii.gz
  moving image: /home/mdugre/scratch/mri-registration-rp/datasets/ds004513/derivatives/mri-registration-rp/antsBrainExtraction/sub-s020/BrainExtractionBrain.nii.gz
Dimension = 3
Number of stages = 1
Use histogram matching = false
Winsorize image intensities = true
  Lower quantile = 0.005
  Upper quantile = 0.995


Stage 1 State
   Image metric = MattesMI
     Fixed image = Image (0x42c1e70)
  RTTI typeinfo:   itk::Image<double, 3u>
  Reference Count: 2
  Modified Time: 2334
  Debug: Off
  Object Name: 
  Observers: 
    none
  Source: (none)
  Source output name: (none)
  Release Data: Off
  Data Released: False
  Global Release Data: Off
  PipelineMTime: 0
  UpdateMTime: 1943
  RealTimeStamp: 0 seconds 
  LargestPossibleRegion: 
    Dimension: 3
    Index: [0, 0, 0]
    Size: [193, 229, 193]
  BufferedRegion: 
    Dimension: 3
    Index: [0, 0, 0]
    Size: [193, 229, 193]
  RequestedRegion: 
    Dimension: 3
    Index: [0, 0, 0]
    Size: [193, 229, 193]
  Spacing: [1, 1, 1]
  Origin: [96, 132, -78]
  Direction: 
-1 0 0
0 -1 0
0 0 1

  IndexToPointMatrix: 
-1 0 0
0 -1 0
0 0 1

  PointToIndexMatrix: 
-1 0 0
0 -1 0
0 0 1

  Inverse Direction: 
-1 0 0
0 -1 0
0 0 1

  PixelContainer: 
    ImportImageContainer (0x42cac60)
      RTTI typeinfo:   itk::ImportImageContainer<unsigned long, double>
      Reference Count: 1
      Modified Time: 1940
      Debug: Off
      Object Name: 
      Observers: 
        none
      Pointer: 0x152d24dae010
      Container manages memory: true
      Size: 8530021
      Capacity: 8530021

     Moving image = Image (0x42cd610)
  RTTI typeinfo:   itk::Image<double, 3u>
  Reference Count: 2
  Modified Time: 2335
  Debug: Off
  Object Name: 
  Observers: 
    none
  Source: (none)
  Source output name: (none)
  Release Data: Off
  Data Released: False
  Global Release Data: Off
  PipelineMTime: 0
  UpdateMTime: 2332
  RealTimeStamp: 0 seconds 
  LargestPossibleRegion: 
    Dimension: 3
    Index: [0, 0, 0]
    Size: [160, 240, 256]
  BufferedRegion: 
    Dimension: 3
    Index: [0, 0, 0]
    Size: [160, 240, 256]
  RequestedRegion: 
    Dimension: 3
    Index: [0, 0, 0]
    Size: [160, 240, 256]
  Spacing: [0.999995, 1, 1]
  Origin: [87.0906, 98.7205, -152.377]
  Direction: 
-0.996975 0.0261379 -0.0731913
-0.0260677 -0.999658 -0.00191374
-0.0732163 -2.46403e-08 0.997316

  IndexToPointMatrix: 
-0.996971 0.0261379 -0.0731913
-0.0260676 -0.999658 -0.00191374
-0.0732159 -2.46403e-08 0.997316

  PointToIndexMatrix: 
-0.99698 -0.0260679 -0.0732166
0.0261379 -0.999658 -2.46993e-08
-0.0731913 -0.00191374 0.997316

  Inverse Direction: 
-0.996975 -0.0260677 -0.0732163
0.0261379 -0.999658 -2.46993e-08
-0.0731913 -0.00191374 0.997316

  PixelContainer: 
    ImportImageContainer (0x4366ef0)
      RTTI typeinfo:   itk::ImportImageContainer<unsigned long, double>
      Reference Count: 1
      Modified Time: 2329
      Debug: Off
      Object Name: 
      Observers: 
        none
      Pointer: 0x152d202ad010
      Container manages memory: true
      Size: 9830400
      Capacity: 9830400

     Weighting = 1
     Sampling strategy = regular
     Number of bins = 32
     Radius = 4
     Sampling percentage  = 0.25
   Transform = Rigid
     Gradient step = 0.1
     Update field sigma (voxel space) = 0
     Total field sigma (voxel space) = 0
     Update field time sigma = 0
     Total field time sigma  = 0
     Number of time indices = 0
     Number of time point samples = 0
Registration using 1 total stages.

Stage 0
  iterations = 0
  convergence threshold = 1e-06
  convergence window size = 10
  number of levels = 1
  using the Mattes MI metric (number of bins = 32, weight = 1, use gradient filter = 0)
  preprocessing:  winsorizing the image intensities
  Shrink factors (level 1 out of 1): [1, 1, 1]
  smoothing sigmas per level: [0]
  regular sampling (percentage = 0.25)

*** Running Euler3DTransform registration ***

  Elapsed time (stage 0): 1.10952


Total elapsed time: 1.11185
Info [verificarlo]: loaded backend libinterflop_ieee.so
Info [interflop-ieee]: load backend with:
Info [interflop-ieee]: debug = false
Info [interflop-ieee]: debug-binary = false
Info [interflop-ieee]: no-backend-name = false
Info [interflop-ieee]: print-new-line = false
Info [interflop-ieee]: print-subnormal-normalized = false
Info [interflop-ieee]: count-op = false
All_Command_lines_OK
Using double precision for computations.
=============================================================================
The composite transform comprises the following transforms (in order): 
  1. /home/mdugre/scratch/mri-registration-rp/datasets/ds004513/derivatives/mri-registration-rp/0011/antsRegistration-r7-p18/sub-s020/align_Composite.h5[0] (type = Euler3DTransform)
  2. /home/mdugre/scratch/mri-registration-rp/datasets/ds004513/derivatives/mri-registration-rp/0011/antsRegistration-r7-p18/sub-s020/align_Composite.h5[1] (type = Euler3DTransform)
=============================================================================
  number of levels = 4
  fixed image: /templateflow/tpl-MNI152NLin2009cAsym/tpl-MNI152NLin2009cAsym_res-01_desc-brain_T1w.nii.gz
  moving image: /home/mdugre/scratch/mri-registration-rp/datasets/ds004513/derivatives/mri-registration-rp/antsBrainExtraction/sub-s020/BrainExtractionBrain.nii.gz
Dimension = 3
Number of stages = 1
Use histogram matching = false
Winsorize image intensities = true
  Lower quantile = 0.005
  Upper quantile = 0.995


Stage 1 State
   Image metric = MattesMI
     Fixed image = Image (0x5256530)
  RTTI typeinfo:   itk::Image<double, 3u>
  Reference Count: 2
  Modified Time: 1580
  Debug: Off
  Object Name: 
  Observers: 
    none
  Source: (none)
  Source output name: (none)
  Release Data: Off
  Data Released: False
  Global Release Data: Off
  PipelineMTime: 0
  UpdateMTime: 1189
  RealTimeStamp: 0 seconds 
  LargestPossibleRegion: 
    Dimension: 3
    Index: [0, 0, 0]
    Size: [193, 229, 193]
  BufferedRegion: 
    Dimension: 3
    Index: [0, 0, 0]
    Size: [193, 229, 193]
  RequestedRegion: 
    Dimension: 3
    Index: [0, 0, 0]
    Size: [193, 229, 193]
  Spacing: [1, 1, 1]
  Origin: [96, 132, -78]
  Direction: 
-1 0 0
0 -1 0
0 0 1

  IndexToPointMatrix: 
-1 0 0
0 -1 0
0 0 1

  PointToIndexMatrix: 
-1 0 0
0 -1 0
0 0 1

  Inverse Direction: 
-1 0 0
0 -1 0
0 0 1

  PixelContainer: 
    ImportImageContainer (0x5314d60)
      RTTI typeinfo:   itk::ImportImageContainer<unsigned long, double>
      Reference Count: 1
      Modified Time: 1186
      Debug: Off
      Object Name: 
      Observers: 
        none
      Pointer: 0x148e81270010
      Container manages memory: true
      Size: 8530021
      Capacity: 8530021

     Moving image = Image (0x5306f60)
  RTTI typeinfo:   itk::Image<double, 3u>
  Reference Count: 2
  Modified Time: 1581
  Debug: Off
  Object Name: 
  Observers: 
    none
  Source: (none)
  Source output name: (none)
  Release Data: Off
  Data Released: False
  Global Release Data: Off
  PipelineMTime: 0
  UpdateMTime: 1578
  RealTimeStamp: 0 seconds 
  LargestPossibleRegion: 
    Dimension: 3
    Index: [0, 0, 0]
    Size: [160, 240, 256]
  BufferedRegion: 
    Dimension: 3
    Index: [0, 0, 0]
    Size: [160, 240, 256]
  RequestedRegion: 
    Dimension: 3
    Index: [0, 0, 0]
    Size: [160, 240, 256]
  Spacing: [0.999995, 1, 1]
  Origin: [87.0906, 98.7205, -152.377]
  Direction: 
-0.996975 0.0261379 -0.0731913
-0.0260677 -0.999658 -0.00191374
-0.0732163 -2.46403e-08 0.997316

  IndexToPointMatrix: 
-0.996971 0.0261379 -0.0731913
-0.0260676 -0.999658 -0.00191374
-0.0732159 -2.46403e-08 0.997316

  PointToIndexMatrix: 
-0.99698 -0.0260679 -0.0732166
0.0261379 -0.999658 -2.46993e-08
-0.0731913 -0.00191374 0.997316

  Inverse Direction: 
-0.996975 -0.0260677 -0.0732163
0.0261379 -0.999658 -2.46993e-08
-0.0731913 -0.00191374 0.997316

  PixelContainer: 
    ImportImageContainer (0x52f86d0)
      RTTI typeinfo:   itk::ImportImageContainer<unsigned long, double>
      Reference Count: 1
      Modified Time: 1575
      Debug: Off
      Object Name: 
      Observers: 
        none
      Pointer: 0x148e7c76f010
      Container manages memory: true
      Size: 9830400
      Capacity: 9830400

     Weighting = 1
     Sampling strategy = regular
     Number of bins = 32
     Radius = 4
     Sampling percentage  = 0.25
   Transform = Rigid
     Gradient step = 0.1
     Update field sigma (voxel space) = 0
     Total field sigma (voxel space) = 0
     Update field time sigma = 0
     Total field time sigma  = 0
     Number of time indices = 0
     Number of time point samples = 0
Registration using 1 total stages.

Stage 0
  iterations = 1000x500x250x100
  convergence threshold = 1e-06
  convergence window size = 10
  number of levels = 4
  using the Mattes MI metric (number of bins = 32, weight = 1, use gradient filter = 0)
  preprocessing:  winsorizing the image intensities
  Shrink factors (level 1 out of 4): [8, 8, 8]
  Shrink factors (level 2 out of 4): [4, 4, 4]
  Shrink factors (level 3 out of 4): [2, 2, 2]
  Shrink factors (level 4 out of 4): [1, 1, 1]
  smoothing sigmas per level: [3, 2, 1, 0]
  regular sampling (percentage = 0.25)

*** Running Euler3DTransform registration ***

DIAGNOSTIC,Iteration,metricValue,convergenceValue,ITERATION_TIME_INDEX,SINCE_LAST
 2DIAGNOSTIC,     1, -3.791273390751e-01, 1.797693134862e+308, 7.2700e-01, 7.2700e-01, 
 2DIAGNOSTIC,     2, -3.803606001643e-01, 1.797693134862e+308, 7.3130e-01, 4.2980e-03, 
 2DIAGNOSTIC,     3, -3.828962034719e-01, 1.797693134862e+308, 7.3562e-01, 4.3161e-03, 
 2DIAGNOSTIC,     4, -3.876122532015e-01, 1.797693134862e+308, 7.3974e-01, 4.1258e-03, 
 2DIAGNOSTIC,     5, -3.904935334081e-01, 1.797693134862e+308, 7.4437e-01, 4.6289e-03, 
 2DIAGNOSTIC,     6, -3.911039700181e-01, 1.797693134862e+308, 7.4838e-01, 4.0059e-03, 
 2DIAGNOSTIC,     7, -3.914905453856e-01, 1.797693134862e+308, 7.5232e-01, 3.9461e-03, 
 2DIAGNOSTIC,     8, -3.925629083064e-01, 1.797693134862e+308, 7.5660e-01, 4.2810e-03, 
 2DIAGNOSTIC,     9, -3.981570789235e-01, 1.797693134862e+308, 7.6094e-01, 4.3352e-03, 
 2DIAGNOSTIC,    10, -4.079218556696e-01, 3.866687266231e-03, 7.6678e-01, 5.8420e-03, 
 2DIAGNOSTIC,    11, -4.246779602407e-01, 4.904320352958e-03, 7.7182e-01, 5.0440e-03, 
 2DIAGNOSTIC,    12, -4.297045200929e-01, 5.673254149499e-03, 7.7628e-01, 4.4551e-03, 
 2DIAGNOSTIC,    13, -4.335692915522e-01, 6.156954111714e-03, 7.8141e-01, 5.1281e-03, 
 2DIAGNOSTIC,    14, -4.439932007368e-01, 6.764094567466e-03, 7.8596e-01, 4.5500e-03, 
 2DIAGNOSTIC,    15, -4.466217674954e-01, 6.904768053034e-03, 7.9121e-01, 5.2490e-03, 
 2DIAGNOSTIC,    16, -4.513528166461e-01, 6.619270362883e-03, 7.9566e-01, 4.4510e-03, 
 2DIAGNOSTIC,    17, -4.528510991705e-01, 5.844785603864e-03, 8.0058e-01, 4.9262e-03, 
 2DIAGNOSTIC,    18, -4.555717392160e-01, 4.777374774664e-03, 8.0755e-01, 6.9699e-03, 
 2DIAGNOSTIC,    19, -4.559551094034e-01, 3.601534507773e-03, 8.1196e-01, 4.4019e-03, 
 2DIAGNOSTIC,    20, -4.573567023675e-01, 2.586718359465e-03, 8.1859e-01, 6.6371e-03, 
 2DIAGNOSTIC,    21, -4.575251020568e-01, 1.982982861555e-03, 8.2296e-01, 4.3700e-03, 
 2DIAGNOSTIC,    22, -4.577284847619e-01, 1.415653483680e-03, 8.2779e-01, 4.8242e-03, 
 2DIAGNOSTIC,    23, -4.579446050245e-01, 8.825931289339e-04, 8.3223e-01, 4.4460e-03, 
 2DIAGNOSTIC,    24, -4.580221483019e-01, 6.077406499419e-04, 8.3653e-01, 4.2989e-03, 
 2DIAGNOSTIC,    25, -4.581755115247e-01, 3.715333837542e-04, 8.4096e-01, 4.4310e-03, 
 2DIAGNOSTIC,    26, -4.586245086766e-01, 2.523960941778e-04, 8.4532e-01, 4.3600e-03, 
 2DIAGNOSTIC,    27, -4.589282510717e-01, 1.618241307152e-04, 8.5176e-01, 6.4330e-03, 
 2DIAGNOSTIC,    28, -4.591707639345e-01, 1.332025416471e-04, 8.5607e-01, 4.3190e-03, 
 2DIAGNOSTIC,    29, -4.592798294856e-01, 1.047032933857e-04, 8.6052e-01, 4.4422e-03, 
 2DIAGNOSTIC,    30, -4.596800846369e-01, 1.080665076514e-04, 8.6694e-01, 6.4230e-03, 
 2DIAGNOSTIC,    31, -4.599396609301e-01, 1.098040506831e-04, 8.7129e-01, 4.3490e-03, 
 2DIAGNOSTIC,    32, -4.599345759598e-01, 1.049802208268e-04, 8.7567e-01, 4.3809e-03, 
 2DIAGNOSTIC,    33, -4.600731845292e-01, 9.788787813504e-05, 8.8008e-01, 4.4060e-03, 
 2DIAGNOSTIC,    34, -4.601769706460e-01, 8.558049141092e-05, 8.8506e-01, 4.9832e-03, 
 2DIAGNOSTIC,    35, -4.602314839821e-01, 6.959314192295e-05, 8.9119e-01, 6.1290e-03, 
 2DIAGNOSTIC,    36, -4.602525262227e-01, 5.639259159031e-05, 8.9557e-01, 4.3831e-03, 
 2DIAGNOSTIC,    37, -4.604049179138e-01, 4.671710077117e-05, 8.9995e-01, 4.3800e-03, 
 2DIAGNOSTIC,    38, -4.610426309224e-01, 4.827101110984e-05, 9.0492e-01, 4.9660e-03, 
 2DIAGNOSTIC,    39, -4.612213904567e-01, 4.957036256063e-05, 9.0951e-01, 4.5891e-03, 
 2DIAGNOSTIC,    40, -4.612057482010e-01, 5.236735574395e-05, 9.1494e-01, 5.4381e-03, 
 2DIAGNOSTIC,    41, -4.615205148443e-01, 5.941748162304e-05, 9.1934e-01, 4.3981e-03, 
 2DIAGNOSTIC,    42, -4.616690894558e-01, 6.253151113098e-05, 9.2426e-01, 4.9191e-03, 
 2DIAGNOSTIC,    43, -4.620013494226e-01, 6.645052050271e-05, 9.2939e-01, 5.1310e-03, 
 2DIAGNOSTIC,    44, -4.631445842113e-01, 8.208540472554e-05, 9.3507e-01, 5.6782e-03, 
 2DIAGNOSTIC,    45, -4.648626609381e-01, 1.143522839743e-04, 9.3954e-01, 4.4670e-03, 
 2DIAGNOSTIC,    46, -4.649719879087e-01, 1.356940024111e-04, 9.4399e-01, 4.4489e-03, 
 2DIAGNOSTIC,    47, -4.651902023461e-01, 1.484433089691e-04, 9.4848e-01, 4.4909e-03, 
 2DIAGNOSTIC,    48, -4.675139230036e-01, 1.862500664724e-04, 9.5487e-01, 6.3899e-03, 
 2DIAGNOSTIC,    49, -4.681537826295e-01, 2.142967788176e-04, 9.5940e-01, 4.5321e-03, 
 2DIAGNOSTIC,    50, -4.682812810545e-01, 2.218525363999e-04, 9.6440e-01, 5.0020e-03, 
 2DIAGNOSTIC,    51, -4.687582412737e-01, 2.184762639681e-04, 9.6988e-01, 5.4829e-03, 
 2DIAGNOSTIC,    52, -4.690867742343e-01, 2.004409084253e-04, 9.7439e-01, 4.5030e-03, 
 2DIAGNOSTIC,    53, -4.702472613649e-01, 1.812837342420e-04, 9.7944e-01, 5.0561e-03, 
 2DIAGNOSTIC,    54, -4.711859359469e-01, 1.691129153715e-04, 9.8493e-01, 5.4851e-03, 
 2DIAGNOSTIC,    55, -4.719232096767e-01, 1.699477839958e-04, 9.8937e-01, 4.4370e-03, 
 2DIAGNOSTIC,    56, -4.731141121564e-01, 1.696236310673e-04, 9.9380e-01, 4.4382e-03, 
 2DIAGNOSTIC,    57, -4.738162276542e-01, 1.624684194427e-04, 9.9977e-01, 5.9710e-03, 
 2DIAGNOSTIC,    58, -4.742727340030e-01, 1.701647578605e-04, 1.0041e+00, 4.3321e-03, 
 2DIAGNOSTIC,    59, -4.745941619556e-01, 1.716190859550e-04, 1.0085e+00, 4.3900e-03, 
 2DIAGNOSTIC,    60, -4.763297160905e-01, 1.762123174393e-04, 1.0131e+00, 4.5822e-03, 
 2DIAGNOSTIC,    61, -4.808894721704e-01, 2.155327382539e-04, 1.0193e+00, 6.2020e-03, 
 2DIAGNOSTIC,    62, -4.821774837906e-01, 2.479528186336e-04, 1.0237e+00, 4.4310e-03, 
 2DIAGNOSTIC,    63, -4.824345154456e-01, 2.700485477200e-04, 1.0280e+00, 4.3161e-03, 
 2DIAGNOSTIC,    64, -4.827898161586e-01, 2.789554839674e-04, 1.0324e+00, 4.3659e-03, 
 2DIAGNOSTIC,    65, -4.840734785062e-01, 2.798535413966e-04, 1.0385e+00, 6.1159e-03, 
 2DIAGNOSTIC,    66, -4.844174828042e-01, 2.672737245692e-04, 1.0428e+00, 4.3149e-03, 
 2DIAGNOSTIC,    67, -4.846774752135e-01, 2.383568066807e-04, 1.0472e+00, 4.4060e-03, 
 2DIAGNOSTIC,    68, -4.851006179261e-01, 1.964318176719e-04, 1.0517e+00, 4.4370e-03, 
 2DIAGNOSTIC,    69, -4.892672363753e-01, 1.778130262333e-04, 1.0572e+00, 5.5778e-03, 
 2DIAGNOSTIC,    70, -4.913930946546e-01, 1.750403621473e-04, 1.0618e+00, 4.5149e-03, 
 2DIAGNOSTIC,    71, -4.917550400690e-01, 1.985247203289e-04, 1.0668e+00, 4.9930e-03, 
 2DIAGNOSTIC,    72, -4.921812263205e-01, 2.179125288654e-04, 1.0718e+00, 5.0199e-03, 
 2DIAGNOSTIC,    73, -4.947696975306e-01, 2.402038894516e-04, 1.0768e+00, 5.0130e-03, 
 2DIAGNOSTIC,    74, -4.969871459819e-01, 2.589503144655e-04, 1.0832e+00, 6.4390e-03, 
 2DIAGNOSTIC,    75, -4.970985960069e-01, 2.631697440642e-04, 1.0876e+00, 4.3740e-03, 
 2DIAGNOSTIC,    76, -4.970680962598e-01, 2.454510393246e-04, 1.0924e+00, 4.7901e-03, 
 2DIAGNOSTIC,    77, -4.975421052537e-01, 2.112738891393e-04, 1.0977e+00, 5.3089e-03, 
 2DIAGNOSTIC,    78, -4.977061403640e-01, 1.611618272373e-04, 1.1024e+00, 4.7290e-03, 
 2DIAGNOSTIC,    79, -4.977204798930e-01, 1.289672412424e-04, 1.1067e+00, 4.2410e-03, 
 2DIAGNOSTIC,    80, -4.977250574913e-01, 1.020123038626e-04, 1.1109e+00, 4.2481e-03, 
 2DIAGNOSTIC,    81, -4.977372016420e-01, 6.926057621796e-05, 1.1152e+00, 4.2820e-03, 
 2DIAGNOSTIC,    82, -4.977516324984e-01, 3.364049799624e-05, 1.1216e+00, 6.4249e-03, 
 2DIAGNOSTIC,    83, -4.977540155160e-01, 1.450757696646e-05, 1.1258e+00, 4.1780e-03, 
 2DIAGNOSTIC,    84, -4.977560676306e-01, 1.082693165731e-05, 1.1301e+00, 4.3352e-03, 
 2DIAGNOSTIC,    85, -4.977626969690e-01, 7.156891362103e-06, 1.1352e+00, 5.1050e-03, 
 2DIAGNOSTIC,    86, -4.978025762108e-01, 2.909354618311e-06, 1.1402e+00, 4.9942e-03, 
 2DIAGNOSTIC,    87, -4.977312527737e-01, 1.330163074150e-06, 1.1447e+00, 4.5099e-03, 
DIAGNOSTIC,Iteration,metricValue,convergenceValue,ITERATION_TIME_INDEX,SINCE_LAST
 2DIAGNOSTIC,     1, -4.037595636122e-01, 1.797693134862e+308, 1.8897e+00, 7.4495e-01, 
 2DIAGNOSTIC,     2, -4.040267339094e-01, 1.797693134862e+308, 1.9198e+00, 3.0077e-02, 
 2DIAGNOSTIC,     3, -4.044648373848e-01, 1.797693134862e+308, 1.9478e+00, 2.8074e-02, 
 2DIAGNOSTIC,     4, -4.048669558732e-01, 1.797693134862e+308, 1.9759e+00, 2.8059e-02, 
 2DIAGNOSTIC,     5, -4.057278608811e-01, 1.797693134862e+308, 2.0043e+00, 2.8357e-02, 
 2DIAGNOSTIC,     6, -4.064004705726e-01, 1.797693134862e+308, 2.0365e+00, 3.2238e-02, 
 2DIAGNOSTIC,     7, -4.067177195770e-01, 1.797693134862e+308, 2.0686e+00, 3.2104e-02, 
 2DIAGNOSTIC,     8, -4.069457403637e-01, 1.797693134862e+308, 2.1006e+00, 3.2013e-02, 
 2DIAGNOSTIC,     9, -4.074440475986e-01, 1.797693134862e+308, 2.1286e+00, 2.8007e-02, 
 2DIAGNOSTIC,    10, -4.089111220129e-01, 7.631157792002e-04, 2.1579e+00, 2.9241e-02, 
 2DIAGNOSTIC,    11, -4.110719659963e-01, 8.522651408791e-04, 2.2024e+00, 4.4566e-02, 
 2DIAGNOSTIC,    12, -4.121774810947e-01, 9.277887034378e-04, 2.2358e+00, 3.3418e-02, 
 2DIAGNOSTIC,    13, -4.142100484966e-01, 1.041464294057e-03, 2.2658e+00, 2.9944e-02, 
 2DIAGNOSTIC,    14, -4.167243092222e-01, 1.187220063285e-03, 2.3001e+00, 3.4296e-02, 
 2DIAGNOSTIC,    15, -4.168873336856e-01, 1.249054859726e-03, 2.3313e+00, 3.1188e-02, 
 2DIAGNOSTIC,    16, -4.168816625118e-01, 1.218393139284e-03, 2.3661e+00, 3.4810e-02, 
 2DIAGNOSTIC,    17, -4.168963009257e-01, 1.094396352645e-03, 2.3972e+00, 3.1067e-02, 
 2DIAGNOSTIC,    18, -4.168942682126e-01, 8.920091001354e-04, 2.4241e+00, 2.6917e-02, 
 2DIAGNOSTIC,    19, -4.169061666294e-01, 6.456676527721e-04, 2.4546e+00, 3.0543e-02, 
 2DIAGNOSTIC,    20, -4.169326982202e-01, 4.152486131291e-04, 2.4822e+00, 2.7604e-02, 
 2DIAGNOSTIC,    21, -4.170449350314e-01, 2.444969234007e-04, 2.5095e+00, 2.7260e-02, 
 2DIAGNOSTIC,    22, -4.171818734958e-01, 1.049490975606e-04, 2.5375e+00, 2.8015e-02, 
 2DIAGNOSTIC,    23, -4.177538836542e-01, 4.404550754626e-05, 2.5690e+00, 3.1480e-02, 
 2DIAGNOSTIC,    24, -4.182007508989e-01, 6.892413471170e-05, 2.6150e+00, 4.6061e-02, 
 2DIAGNOSTIC,    25, -4.183653973094e-01, 9.436038393169e-05, 2.6423e+00, 2.7233e-02, 
 2DIAGNOSTIC,    26, -4.187168233853e-01, 1.184159479128e-04, 2.6701e+00, 2.7860e-02, 
 2DIAGNOSTIC,    27, -4.188280114128e-01, 1.327126116751e-04, 2.7014e+00, 3.1230e-02, 
 2DIAGNOSTIC,    28, -4.189040062055e-01, 1.352375850610e-04, 2.7321e+00, 3.0781e-02, 
 2DIAGNOSTIC,    29, -4.189036470313e-01, 1.251414298590e-04, 2.7592e+00, 2.7111e-02, 
 2DIAGNOSTIC,    30, -4.189511768126e-01, 1.058110781765e-04, 2.7866e+00, 2.7313e-02, 
 2DIAGNOSTIC,    31, -4.190397411777e-01, 8.235696621784e-05, 2.8278e+00, 4.1284e-02, 
 2DIAGNOSTIC,    32, -4.190473360818e-01, 5.549332034666e-05, 2.8623e+00, 3.4469e-02, 
 2DIAGNOSTIC,    33, -4.190497791007e-01, 3.696139182330e-05, 2.8932e+00, 3.0902e-02, 
 2DIAGNOSTIC,    34, -4.190371010415e-01, 2.493322701645e-05, 2.9209e+00, 2.7725e-02, 
 2DIAGNOSTIC,    35, -4.190247464046e-01, 1.414957421592e-05, 2.9482e+00, 2.7302e-02, 
 2DIAGNOSTIC,    36, -4.190336288501e-01, 9.510193853597e-06, 2.9794e+00, 3.1118e-02, 
 2DIAGNOSTIC,    37, -4.190426798528e-01, 6.487543062879e-06, 3.0068e+00, 2.7481e-02, 
 2DIAGNOSTIC,    38, -4.190458962812e-01, 4.550014039345e-06, 3.0378e+00, 3.0918e-02, 
 2DIAGNOSTIC,    39, -4.190480822087e-01, 2.396379164105e-06, 3.0686e+00, 3.0805e-02, 
DIAGNOSTIC,Iteration,metricValue,convergenceValue,ITERATION_TIME_INDEX,SINCE_LAST
 2DIAGNOSTIC,     1, -3.594030548452e-01, 1.797693134862e+308, 4.1498e+00, 1.0813e+00, 
 2DIAGNOSTIC,     2, -3.595066271167e-01, 1.797693134862e+308, 4.3733e+00, 2.2351e-01, 
 2DIAGNOSTIC,     3, -3.596208731075e-01, 1.797693134862e+308, 4.6183e+00, 2.4499e-01, 
 2DIAGNOSTIC,     4, -3.597350607806e-01, 1.797693134862e+308, 4.8685e+00, 2.5019e-01, 
 2DIAGNOSTIC,     5, -3.597971307799e-01, 1.797693134862e+308, 5.1289e+00, 2.6042e-01, 
 2DIAGNOSTIC,     6, -3.599271974359e-01, 1.797693134862e+308, 5.4002e+00, 2.7122e-01, 
 2DIAGNOSTIC,     7, -3.604745454275e-01, 1.797693134862e+308, 5.7331e+00, 3.3296e-01, 
 2DIAGNOSTIC,     8, -3.605840000101e-01, 1.797693134862e+308, 6.0129e+00, 2.7981e-01, 
 2DIAGNOSTIC,     9, -3.606046496660e-01, 1.797693134862e+308, 6.2355e+00, 2.2254e-01, 
 2DIAGNOSTIC,    10, -3.606390866379e-01, 2.588073152579e-04, 6.4725e+00, 2.3708e-01, 
 2DIAGNOSTIC,    11, -3.607284177426e-01, 2.310376011738e-04, 6.7249e+00, 2.5238e-01, 
 2DIAGNOSTIC,    12, -3.607749132868e-01, 1.964740195870e-04, 6.9818e+00, 2.5691e-01, 
 2DIAGNOSTIC,    13, -3.608078594422e-01, 1.584237346310e-04, 7.2342e+00, 2.5232e-01, 
 2DIAGNOSTIC,    14, -3.609027700699e-01, 1.239349064055e-04, 7.4943e+00, 2.6016e-01, 
 2DIAGNOSTIC,    15, -3.609002143789e-01, 8.618720892228e-05, 7.7867e+00, 2.9233e-01, 
 2DIAGNOSTIC,    16, -3.609045877737e-01, 5.138981997221e-05, 8.0947e+00, 3.0809e-01, 
 2DIAGNOSTIC,    17, -3.609030224040e-01, 4.136411164624e-05, 8.4666e+00, 3.7182e-01, 
 2DIAGNOSTIC,    18, -3.609035575889e-01, 3.363576963452e-05, 8.7492e+00, 2.8267e-01, 
 2DIAGNOSTIC,    19, -3.609022423842e-01, 2.453730650094e-05, 9.0725e+00, 3.2326e-01, 
 2DIAGNOSTIC,    20, -3.609012331300e-01, 1.547352373389e-05, 9.3810e+00, 3.0847e-01, 
 2DIAGNOSTIC,    21, -3.609007332184e-01, 9.337743561259e-06, 9.7238e+00, 3.4281e-01, 
 2DIAGNOSTIC,    22, -3.609001296975e-01, 4.680053881850e-06, 9.9656e+00, 2.4183e-01, 
 2DIAGNOSTIC,    23, -3.608989084173e-01, 1.120797773223e-06, 1.0211e+01, 2.4550e-01, 
DIAGNOSTIC,Iteration,metricValue,convergenceValue,ITERATION_TIME_INDEX,SINCE_LAST
 2DIAGNOSTIC,     1, -3.312623142179e-01, 1.797693134862e+308, 1.2779e+01, 2.5681e+00, 
 2DIAGNOSTIC,     2, -3.313465129171e-01, 1.797693134862e+308, 1.4175e+01, 1.3953e+00, 
 2DIAGNOSTIC,     3, -3.317164059918e-01, 1.797693134862e+308, 1.5587e+01, 1.4126e+00, 
 2DIAGNOSTIC,     4, -3.318863772815e-01, 1.797693134862e+308, 1.6914e+01, 1.3271e+00, 
 2DIAGNOSTIC,     5, -3.322120390920e-01, 1.797693134862e+308, 1.8240e+01, 1.3258e+00, 
 2DIAGNOSTIC,     6, -3.324250788976e-01, 1.797693134862e+308, 2.0751e+01, 2.5106e+00, 
 2DIAGNOSTIC,     7, -3.324390565913e-01, 1.797693134862e+308, 2.2072e+01, 1.3212e+00, 
 2DIAGNOSTIC,     8, -3.324545558510e-01, 1.797693134862e+308, 2.3437e+01, 1.3652e+00, 
 2DIAGNOSTIC,     9, -3.324747903512e-01, 1.797693134862e+308, 2.5291e+01, 1.8544e+00, 
 2DIAGNOSTIC,    10, -3.324780526109e-01, 2.610456898764e-04, 2.6791e+01, 1.4999e+00, 
 2DIAGNOSTIC,    11, -3.324828970822e-01, 1.841968863951e-04, 2.8600e+01, 1.8084e+00, 
 2DIAGNOSTIC,    12, -3.324834469746e-01, 1.096648203894e-04, 3.0106e+01, 1.5057e+00, 
 2DIAGNOSTIC,    13, -3.324828406331e-01, 6.140140564474e-05, 3.1604e+01, 1.4985e+00, 
 2DIAGNOSTIC,    14, -3.324830468857e-01, 2.466591291646e-05, 3.3462e+01, 1.8576e+00, 
 2DIAGNOSTIC,    15, -3.324832232739e-01, 9.039320627555e-06, 3.5162e+01, 1.7007e+00, 
 2DIAGNOSTIC,    16, -3.324831694048e-01, 6.121504980250e-06, 3.6653e+01, 1.4907e+00, 
 2DIAGNOSTIC,    17, -3.324829336394e-01, 3.850012466007e-06, 3.8489e+01, 1.8364e+00, 
 2DIAGNOSTIC,    18, -3.324830503745e-01, 2.369340663978e-06, 3.9993e+01, 1.5031e+00, 
 2DIAGNOSTIC,    19, -3.324829122901e-01, 1.892101924750e-06, 4.1615e+01, 1.6229e+00, 
 2DIAGNOSTIC,    20, -3.324830663351e-01, 1.582408322306e-06, 4.3533e+01, 1.9175e+00, 
 2DIAGNOSTIC,    21, -3.324829466214e-01, 1.494582868231e-06, 4.5039e+01, 1.5062e+00, 
 2DIAGNOSTIC,    22, -3.324828307483e-01, 1.434734856261e-06, 4.6611e+01, 1.5720e+00, 
 2DIAGNOSTIC,    23, -3.324827118772e-01, 1.354216537582e-06, 4.7957e+01, 1.3458e+00, 
 2DIAGNOSTIC,    24, -3.324826782848e-01, 1.289044440744e-06, 4.9300e+01, 1.3434e+00, 
 2DIAGNOSTIC,    25, -3.324826693650e-01, 1.238181586830e-06, 5.0646e+01, 1.3460e+00, 
 2DIAGNOSTIC,    26, -3.324829120593e-01, 1.200908959852e-06, 5.2488e+01, 1.8417e+00, 
 2DIAGNOSTIC,    27, -3.324829574883e-01, 1.162319320729e-06, 5.3968e+01, 1.4796e+00, 
 2DIAGNOSTIC,    28, -3.324829630820e-01, 1.132009023276e-06, 5.5557e+01, 1.5896e+00, 
 2DIAGNOSTIC,    29, -3.324829672839e-01, 1.100203336241e-06, 5.7070e+01, 1.5125e+00, 
 2DIAGNOSTIC,    30, -3.324829288364e-01, 1.073549895994e-06, 5.8883e+01, 1.8139e+00, 
 2DIAGNOSTIC,    31, -3.324829534722e-01, 1.044738778357e-06, 6.0573e+01, 1.6895e+00, 
 2DIAGNOSTIC,    32, -3.324829128370e-01, 1.011823662078e-06, 6.2323e+01, 1.7499e+00, 
  Elapsed time (stage 0): 6.3251e+01


Total elapsed time: 6.3253e+01
Info [verificarlo]: loaded backend libinterflop_vprec.so
Info [interflop-vprec]: load backend with: 
Info [interflop-vprec]: precision-binary32 = 18
Info [interflop-vprec]: range-binary32 = 7
Info [interflop-vprec]: precision-binary64 = 18
Info [interflop-vprec]: range-binary64 = 7
Info [interflop-vprec]: mode = ob
Info [interflop-vprec]: error-mode = rel
Info [interflop-vprec]: max-abs-error-exponent = -1022
Info [interflop-vprec]: daz = false
Info [interflop-vprec]: ftz = false
Info [interflop-vprec]: 	instrument = none
Info [interflop-vprec]: 	prec-input-file = (null)
Info [interflop-vprec]: 	prec-output-file = (null)
Info [interflop-vprec]: 	prec-log-file = (null)
All_Command_lines_OK
Using double precision for computations.
=============================================================================
The composite transform comprises the following transforms (in order): 
  1. /home/mdugre/scratch/mri-registration-rp/datasets/ds004513/derivatives/mri-registration-rp/0011/antsRegistration-r7-p18/sub-s020/rigid_Composite.h5[0] (type = Euler3DTransform)
  2. /home/mdugre/scratch/mri-registration-rp/datasets/ds004513/derivatives/mri-registration-rp/0011/antsRegistration-r7-p18/sub-s020/rigid_Composite.h5[1] (type = Euler3DTransform)
  3. /home/mdugre/scratch/mri-registration-rp/datasets/ds004513/derivatives/mri-registration-rp/0011/antsRegistration-r7-p18/sub-s020/rigid_Composite.h5[2] (type = Euler3DTransform)
=============================================================================
  number of levels = 4
  fixed image: /templateflow/tpl-MNI152NLin2009cAsym/tpl-MNI152NLin2009cAsym_res-01_desc-brain_T1w.nii.gz
  moving image: /home/mdugre/scratch/mri-registration-rp/datasets/ds004513/derivatives/mri-registration-rp/antsBrainExtraction/sub-s020/BrainExtractionBrain.nii.gz
Dimension = 3
Number of stages = 1
Use histogram matching = false
Winsorize image intensities = true
  Lower quantile = 0.005
  Upper quantile = 0.995


Stage 1 State
   Image metric = MattesMI
     Fixed image = Image (0x391c490)
  RTTI typeinfo:   itk::Image<double, 3u>
  Reference Count: 2
  Modified Time: 1594
  Debug: Off
  Object Name: 
  Observers: 
    none
  Source: (none)
  Source output name: (none)
  Release Data: Off
  Data Released: False
  Global Release Data: Off
  PipelineMTime: 0
  UpdateMTime: 1203
  RealTimeStamp: 0 seconds 
  LargestPossibleRegion: 
    Dimension: 3
    Index: [0, 0, 0]
    Size: [193, 229, 193]
  BufferedRegion: 
    Dimension: 3
    Index: [0, 0, 0]
    Size: [193, 229, 193]
  RequestedRegion: 
    Dimension: 3
    Index: [0, 0, 0]
    Size: [193, 229, 193]
  Spacing: [1, 1, 1]
  Origin: [96, 132, -78]
  Direction: 
-1 0 0
0 -1 0
0 0 1

  IndexToPointMatrix: 
-1 0 0
0 -1 0
0 0 1

  PointToIndexMatrix: 
-1 0 0
0 -1 0
0 0 1

  Inverse Direction: 
-1 0 0
0 -1 0
0 0 1

  PixelContainer: 
    ImportImageContainer (0x39e78c0)
      RTTI typeinfo:   itk::ImportImageContainer<unsigned long, double>
      Reference Count: 1
      Modified Time: 1200
      Debug: Off
      Object Name: 
      Observers: 
        none
      Pointer: 0x153543871010
      Container manages memory: true
      Size: 8530021
      Capacity: 8530021

     Moving image = Image (0x39d7b60)
  RTTI typeinfo:   itk::Image<double, 3u>
  Reference Count: 2
  Modified Time: 1595
  Debug: Off
  Object Name: 
  Observers: 
    none
  Source: (none)
  Source output name: (none)
  Release Data: Off
  Data Released: False
  Global Release Data: Off
  PipelineMTime: 0
  UpdateMTime: 1592
  RealTimeStamp: 0 seconds 
  LargestPossibleRegion: 
    Dimension: 3
    Index: [0, 0, 0]
    Size: [160, 240, 256]
  BufferedRegion: 
    Dimension: 3
    Index: [0, 0, 0]
    Size: [160, 240, 256]
  RequestedRegion: 
    Dimension: 3
    Index: [0, 0, 0]
    Size: [160, 240, 256]
  Spacing: [0.999996, 1, 1]
  Origin: [87.0906, 98.7205, -152.377]
  Direction: 
-0.996975 0.0261379 -0.0731912
-0.0260677 -0.999659 -0.00191374
-0.0732162 -2.46403e-08 0.997316

  IndexToPointMatrix: 
-0.996971 0.0261379 -0.0731912
-0.0260676 -0.999659 -0.00191374
-0.073216 -2.46403e-08 0.997316

  PointToIndexMatrix: 
-0.996979 -0.0260679 -0.0732164
0.0261378 -0.999659 8.15839e-07
-0.0731912 -0.0019129 0.997316

  Inverse Direction: 
-0.996975 -0.0260677 -0.0732162
0.0261378 -0.999659 8.15839e-07
-0.0731912 -0.0019129 0.997316

  PixelContainer: 
    ImportImageContainer (0x3a6b1d0)
      RTTI typeinfo:   itk::ImportImageContainer<unsigned long, double>
      Reference Count: 1
      Modified Time: 1589
      Debug: Off
      Object Name: 
      Observers: 
        none
      Pointer: 0x15353ed70010
      Container manages memory: true
      Size: 9830400
      Capacity: 9830400

     Weighting = 1
     Sampling strategy = regular
     Number of bins = 32
     Radius = 4
     Sampling percentage  = 0.25
   Transform = Affine
     Gradient step = 0.1
     Update field sigma (voxel space) = 0
     Total field sigma (voxel space) = 0
     Update field time sigma = 0
     Total field time sigma  = 0
     Number of time indices = 0
     Number of time point samples = 0
Registration using 1 total stages.

Stage 0
  iterations = 1000x500x250x100
  convergence threshold = 1e-06
  convergence window size = 10
  number of levels = 4
  using the Mattes MI metric (number of bins = 32, weight = 1, use gradient filter = 0)
  preprocessing:  winsorizing the image intensities
  Shrink factors (level 1 out of 4): [8, 8, 8]
  Shrink factors (level 2 out of 4): [4, 4, 4]
  Shrink factors (level 3 out of 4): [2, 2, 2]
  Shrink factors (level 4 out of 4): [1, 1, 1]
  smoothing sigmas per level: [3, 2, 1, 0]
  regular sampling (percentage = 0.25)

*** Running AffineTransform registration ***

DIAGNOSTIC,Iteration,metricValue,convergenceValue,ITERATION_TIME_INDEX,SINCE_LAST
 2DIAGNOSTIC,     1, -5.112352540732e-01, 1.797693134862e+308, 0.0000e+00, 0.0000e+00, 
 2DIAGNOSTIC,     2, -5.128362349481e-01, 1.797693134862e+308, 0.0000e+00, 0.0000e+00, 
 2DIAGNOSTIC,     3, -5.157474273369e-01, 1.797693134862e+308, 0.0000e+00, 0.0000e+00, 
 2DIAGNOSTIC,     4, -5.198570199360e-01, 1.797693134862e+308, 0.0000e+00, 0.0000e+00, 
 2DIAGNOSTIC,     5, -5.265573999641e-01, 1.797693134862e+308, 0.0000e+00, 0.0000e+00, 
 2DIAGNOSTIC,     6, -5.624990110929e-01, 1.797693134862e+308, 0.0000e+00, 0.0000e+00, 
 2DIAGNOSTIC,     7, -6.802449230207e-01, 1.797693134862e+308, 0.0000e+00, 0.0000e+00, 
 2DIAGNOSTIC,     8, -7.047322943891e-01, 1.797693134862e+308, 0.0000e+00, 0.0000e+00, 
 2DIAGNOSTIC,     9, -7.454341173889e-01, 1.797693134862e+308, 0.0000e+00, 0.0000e+00, 
 2DIAGNOSTIC,    10, -7.863304314637e-01, 3.241833608397e-02, 0.0000e+00, 0.0000e+00, 
 2DIAGNOSTIC,    11, -8.205311002238e-01, 3.323203100765e-02, 0.0000e+00, 0.0000e+00, 
 2DIAGNOSTIC,    12, -8.280441952184e-01, 3.120168334411e-02, 0.0000e+00, 0.0000e+00, 
 2DIAGNOSTIC,    13, -8.380525144150e-01, 2.722048488211e-02, 0.0000e+00, 0.0000e+00, 
 2DIAGNOSTIC,    14, -8.470214592987e-01, 2.194825609416e-02, 0.0000e+00, 0.0000e+00, 
 2DIAGNOSTIC,    15, -8.473675930197e-01, 1.576803476143e-02, 0.0000e+00, 0.0000e+00, 
 2DIAGNOSTIC,    16, -8.482110746568e-01, 9.974550603439e-03, 0.0000e+00, 0.0000e+00, 
 2DIAGNOSTIC,    17, -8.511422197585e-01, 6.974804116450e-03, 0.0000e+00, 0.0000e+00, 
 2DIAGNOSTIC,    18, -8.521058851459e-01, 4.293130528568e-03, 0.0000e+00, 0.0000e+00, 
 2DIAGNOSTIC,    19, -8.523182475332e-01, 2.387786494160e-03, 0.0000e+00, 0.0000e+00, 
 2DIAGNOSTIC,    20, -8.522011738326e-01, 1.271871404115e-03, 0.0000e+00, 0.0000e+00, 
 2DIAGNOSTIC,    21, -8.520092815213e-01, 7.928565411593e-04, 0.0000e+00, 0.0000e+00, 
 2DIAGNOSTIC,    22, -8.519905068628e-01, 4.184281577759e-04, 0.0000e+00, 0.0000e+00, 
 2DIAGNOSTIC,    23, -8.519698047788e-01, 2.045586914654e-04, 0.0000e+00, 0.0000e+00, 
 2DIAGNOSTIC,    24, -8.522719724945e-01, 1.398524574072e-04, 0.0000e+00, 0.0000e+00, 
 2DIAGNOSTIC,    25, -8.524565227376e-01, 7.644023708180e-05, 0.0000e+00, 0.0000e+00, 
 2DIAGNOSTIC,    26, -8.524581104052e-01, 2.279171951047e-05, 0.0000e+00, 0.0000e+00, 
 2DIAGNOSTIC,    27, -8.524675672522e-01, 1.217493131403e-05, 0.0000e+00, 0.0000e+00, 
 2DIAGNOSTIC,    28, -8.524817118150e-01, 1.430699484195e-05, 0.0000e+00, 0.0000e+00, 
 2DIAGNOSTIC,    29, -8.525070747924e-01, 1.802785395619e-05, 0.0000e+00, 0.0000e+00, 
 2DIAGNOSTIC,    30, -8.526703196556e-01, 2.046232771975e-05, 0.0000e+00, 0.0000e+00, 
 2DIAGNOSTIC,    31, -8.526951280985e-01, 1.891806576351e-05, 0.0000e+00, 0.0000e+00, 
 2DIAGNOSTIC,    32, -8.527050728350e-01, 1.579832053136e-05, 0.0000e+00, 0.0000e+00, 
 2DIAGNOSTIC,    33, -8.525948064907e-01, 9.994926807033e-06, 0.0000e+00, 0.0000e+00, 
 2DIAGNOSTIC,    34, -8.530253148822e-01, 1.156824863081e-05, 0.0000e+00, 0.0000e+00, 
 2DIAGNOSTIC,    35, -8.533349812481e-01, 1.702214026000e-05, 0.0000e+00, 0.0000e+00, 
 2DIAGNOSTIC,    36, -8.537983928224e-01, 2.525653109219e-05, 0.0000e+00, 0.0000e+00, 
 2DIAGNOSTIC,    37, -8.538212889616e-01, 3.101808917886e-05, 0.0000e+00, 0.0000e+00, 
 2DIAGNOSTIC,    38, -8.535835710055e-01, 3.157517632230e-05, 0.0000e+00, 0.0000e+00, 
 2DIAGNOSTIC,    39, -8.537293815332e-01, 3.079064484025e-05, 0.0000e+00, 0.0000e+00, 
 2DIAGNOSTIC,    40, -8.534805881054e-01, 2.627262778286e-05, 0.0000e+00, 0.0000e+00, 
 2DIAGNOSTIC,    41, -8.533590828612e-01, 1.873544591045e-05, 0.0000e+00, 0.0000e+00, 
 2DIAGNOSTIC,    42, -8.533619420292e-01, 1.011618925185e-05, 0.0000e+00, 0.0000e+00, 
DIAGNOSTIC,Iteration,metricValue,convergenceValue,ITERATION_TIME_INDEX,SINCE_LAST
 2DIAGNOSTIC,     1, -7.135092531014e-01, 1.797693134862e+308, 0.0000e+00, 0.0000e+00, 
 2DIAGNOSTIC,     2, -7.148022168478e-01, 1.797693134862e+308, 0.0000e+00, 0.0000e+00, 
 2DIAGNOSTIC,     3, -7.158945956347e-01, 1.797693134862e+308, 0.0000e+00, 0.0000e+00, 
 2DIAGNOSTIC,     4, -7.162954305678e-01, 1.797693134862e+308, 0.0000e+00, 0.0000e+00, 
 2DIAGNOSTIC,     5, -7.162981707857e-01, 1.797693134862e+308, 0.0000e+00, 0.0000e+00, 
 2DIAGNOSTIC,     6, -7.164053349788e-01, 1.797693134862e+308, 0.0000e+00, 0.0000e+00, 
 2DIAGNOSTIC,     7, -7.164228346810e-01, 1.797693134862e+308, 0.0000e+00, 0.0000e+00, 
 2DIAGNOSTIC,     8, -7.163667822899e-01, 1.797693134862e+308, 0.0000e+00, 0.0000e+00, 
 2DIAGNOSTIC,     9, -7.163658854186e-01, 1.797693134862e+308, 0.0000e+00, 0.0000e+00, 
 2DIAGNOSTIC,    10, -7.163599123999e-01, 1.867832897672e-04, 0.0000e+00, 0.0000e+00, 
 2DIAGNOSTIC,    11, -7.163609056259e-01, 7.683280482930e-05, 0.0000e+00, 0.0000e+00, 
 2DIAGNOSTIC,    12, -7.163660719777e-01, 2.063396966878e-05, 0.0000e+00, 0.0000e+00, 
 2DIAGNOSTIC,    13, -7.163422067481e-01, 3.809721430062e-06, 0.0000e+00, 0.0000e+00, 
DIAGNOSTIC,Iteration,metricValue,convergenceValue,ITERATION_TIME_INDEX,SINCE_LAST
 2DIAGNOSTIC,     1, -5.949690054222e-01, 1.797693134862e+308, 0.0000e+00, 0.0000e+00, 
 2DIAGNOSTIC,     2, -5.954505113062e-01, 1.797693134862e+308, 0.0000e+00, 0.0000e+00, 
 2DIAGNOSTIC,     3, -5.958734858434e-01, 1.797693134862e+308, 0.0000e+00, 0.0000e+00, 
 2DIAGNOSTIC,     4, -5.963542213311e-01, 1.797693134862e+308, 0.0000e+00, 0.0000e+00, 
 2DIAGNOSTIC,     5, -5.967373789006e-01, 1.797693134862e+308, 0.0000e+00, 0.0000e+00, 
 2DIAGNOSTIC,     6, -5.969867133813e-01, 1.797693134862e+308, 0.0000e+00, 0.0000e+00, 
 2DIAGNOSTIC,     7, -5.970158511431e-01, 1.797693134862e+308, 0.0000e+00, 0.0000e+00, 
 2DIAGNOSTIC,     8, -5.970359610675e-01, 1.797693134862e+308, 0.0000e+00, 0.0000e+00, 
 2DIAGNOSTIC,     9, -5.970491207350e-01, 1.797693134862e+308, 0.0000e+00, 0.0000e+00, 
 2DIAGNOSTIC,    10, -5.970867357740e-01, 2.261783656149e-04, 0.0000e+00, 0.0000e+00, 
 2DIAGNOSTIC,    11, -5.970973030023e-01, 1.474803037093e-04, 0.0000e+00, 0.0000e+00, 
 2DIAGNOSTIC,    12, -5.971089074797e-01, 8.847297964189e-05, 0.0000e+00, 0.0000e+00, 
 2DIAGNOSTIC,    13, -5.971179352834e-01, 4.644106537491e-05, 0.0000e+00, 0.0000e+00, 
 2DIAGNOSTIC,    14, -5.971241292353e-01, 2.272000120675e-05, 0.0000e+00, 0.0000e+00, 
 2DIAGNOSTIC,    15, -5.971334371711e-01, 1.253360775212e-05, 0.0000e+00, 0.0000e+00, 
 2DIAGNOSTIC,    16, -5.971328868528e-01, 1.004741411127e-05, 0.0000e+00, 0.0000e+00, 
 2DIAGNOSTIC,    17, -5.971329119757e-01, 7.931706143077e-06, 0.0000e+00, 0.0000e+00, 
 2DIAGNOSTIC,    18, -5.971322716805e-01, 6.009533928222e-06, 0.0000e+00, 0.0000e+00, 
 2DIAGNOSTIC,    19, -5.971331376053e-01, 4.223556200472e-06, 0.0000e+00, 0.0000e+00, 
 2DIAGNOSTIC,    20, -5.971317910091e-01, 3.236184372292e-06, 0.0000e+00, 0.0000e+00, 
