
##########################
# Experiment information #
##########################

EXPERIMENT_NAME: antsRegistration-r7-p23
VFC_BACKENDS: libinterflop_vprec.so --range-binary32=7 --precision-binary32=23 --range-binary64=7 --precision-binary64=23

SIF_IMG: /home/mdugre/projects/rrg-glatard/mdugre/containers/ants-vprec-no_metrics.simg

SUBJECT_ID: s032
INPUT_IMG: /home/mdugre/scratch/mri-registration-rp/datasets/ds004513/derivatives/mri-registration-rp/antsBrainExtraction/sub-s032/BrainExtractionBrain.nii.gz
OUTPUT_DIR: /home/mdugre/scratch/mri-registration-rp/datasets/ds004513/derivatives/mri-registration-rp/0011/antsRegistration-r7-p23/sub-s032

FIXED_IMG: /templateflow/tpl-MNI152NLin2009cAsym/tpl-MNI152NLin2009cAsym_res-01_desc-brain_T1w.nii.gz
DATA_DIR: /home/mdugre/scratch/mri-registration-rp/datasets/ds004513
TEMPLATEFLOW_DIR: /home/mdugre/projects/rrg-glatard/mdugre/templateflow
ITK_GLOBAL_DEFAULT_NUMBER_OF_THREADS: 16
##########################

Info [verificarlo]: loaded backend libinterflop_ieee.so
Info [interflop-ieee]: load backend with:
Info [interflop-ieee]: debug = false
Info [interflop-ieee]: debug-binary = false
Info [interflop-ieee]: no-backend-name = false
Info [interflop-ieee]: print-new-line = false
Info [interflop-ieee]: print-subnormal-normalized = false
Info [interflop-ieee]: count-op = false
All_Command_lines_OK
Using double precision for computations.
=============================================================================
The composite transform comprises the following transforms (in order): 
  1. Center of mass alignment using fixed image: /templateflow/tpl-MNI152NLin2009cAsym/tpl-MNI152NLin2009cAsym_res-01_desc-brain_T1w.nii.gz and moving image: /home/mdugre/scratch/mri-registration-rp/datasets/ds004513/derivatives/mri-registration-rp/antsBrainExtraction/sub-s032/BrainExtractionBrain.nii.gz (type = Euler3DTransform)
=============================================================================
  number of levels = 1
  fixed image: /templateflow/tpl-MNI152NLin2009cAsym/tpl-MNI152NLin2009cAsym_res-01_desc-brain_T1w.nii.gz
  moving image: /home/mdugre/scratch/mri-registration-rp/datasets/ds004513/derivatives/mri-registration-rp/antsBrainExtraction/sub-s032/BrainExtractionBrain.nii.gz
Dimension = 3
Number of stages = 1
Use histogram matching = false
Winsorize image intensities = true
  Lower quantile = 0.005
  Upper quantile = 0.995


Stage 1 State
   Image metric = MattesMI
     Fixed image = Image (0x4e22e70)
  RTTI typeinfo:   itk::Image<double, 3u>
  Reference Count: 2
  Modified Time: 2330
  Debug: Off
  Object Name: 
  Observers: 
    none
  Source: (none)
  Source output name: (none)
  Release Data: Off
  Data Released: False
  Global Release Data: Off
  PipelineMTime: 0
  UpdateMTime: 1941
  RealTimeStamp: 0 seconds 
  LargestPossibleRegion: 
    Dimension: 3
    Index: [0, 0, 0]
    Size: [193, 229, 193]
  BufferedRegion: 
    Dimension: 3
    Index: [0, 0, 0]
    Size: [193, 229, 193]
  RequestedRegion: 
    Dimension: 3
    Index: [0, 0, 0]
    Size: [193, 229, 193]
  Spacing: [1, 1, 1]
  Origin: [96, 132, -78]
  Direction: 
-1 0 0
0 -1 0
0 0 1

  IndexToPointMatrix: 
-1 0 0
0 -1 0
0 0 1

  PointToIndexMatrix: 
-1 0 0
0 -1 0
0 0 1

  Inverse Direction: 
-1 0 0
0 -1 0
0 0 1

  PixelContainer: 
    ImportImageContainer (0x4e2bc60)
      RTTI typeinfo:   itk::ImportImageContainer<unsigned long, double>
      Reference Count: 1
      Modified Time: 1938
      Debug: Off
      Object Name: 
      Observers: 
        none
      Pointer: 0x149e7170c010
      Container manages memory: true
      Size: 8530021
      Capacity: 8530021

     Moving image = Image (0x4ebfec0)
  RTTI typeinfo:   itk::Image<double, 3u>
  Reference Count: 2
  Modified Time: 2331
  Debug: Off
  Object Name: 
  Observers: 
    none
  Source: (none)
  Source output name: (none)
  Release Data: Off
  Data Released: False
  Global Release Data: Off
  PipelineMTime: 0
  UpdateMTime: 2328
  RealTimeStamp: 0 seconds 
  LargestPossibleRegion: 
    Dimension: 3
    Index: [0, 0, 0]
    Size: [160, 240, 256]
  BufferedRegion: 
    Dimension: 3
    Index: [0, 0, 0]
    Size: [160, 240, 256]
  RequestedRegion: 
    Dimension: 3
    Index: [0, 0, 0]
    Size: [160, 240, 256]
  Spacing: [1, 1, 1]
  Origin: [73.279, 104.707, -131.187]
  Direction: 
-0.997527 0.0645574 -0.0278053
-0.0645323 -0.997914 -0.00179875
-0.0278634 4.01097e-08 0.999612

  IndexToPointMatrix: 
-0.997527 0.0645574 -0.0278053
-0.0645323 -0.997914 -0.00179875
-0.0278634 4.01097e-08 0.999612

  PointToIndexMatrix: 
-0.997527 -0.0645323 -0.0278634
0.0645574 -0.997914 4.01049e-08
-0.0278053 -0.00179875 0.999612

  Inverse Direction: 
-0.997527 -0.0645323 -0.0278634
0.0645574 -0.997914 4.01049e-08
-0.0278053 -0.00179875 0.999612

  PixelContainer: 
    ImportImageContainer (0x4f57610)
      RTTI typeinfo:   itk::ImportImageContainer<unsigned long, double>
      Reference Count: 1
      Modified Time: 2325
      Debug: Off
      Object Name: 
      Observers: 
        none
      Pointer: 0x149e6cc0b010
      Container manages memory: true
      Size: 9830400
      Capacity: 9830400

     Weighting = 1
     Sampling strategy = regular
     Number of bins = 32
     Radius = 4
     Sampling percentage  = 0.25
   Transform = Rigid
     Gradient step = 0.1
     Update field sigma (voxel space) = 0
     Total field sigma (voxel space) = 0
     Update field time sigma = 0
     Total field time sigma  = 0
     Number of time indices = 0
     Number of time point samples = 0
Registration using 1 total stages.

Stage 0
  iterations = 0
  convergence threshold = 1e-06
  convergence window size = 10
  number of levels = 1
  using the Mattes MI metric (number of bins = 32, weight = 1, use gradient filter = 0)
  preprocessing:  winsorizing the image intensities
  Shrink factors (level 1 out of 1): [1, 1, 1]
  smoothing sigmas per level: [0]
  regular sampling (percentage = 0.25)

*** Running Euler3DTransform registration ***

  Elapsed time (stage 0): 1.11632


Total elapsed time: 1.11858
Info [verificarlo]: loaded backend libinterflop_ieee.so
Info [interflop-ieee]: load backend with:
Info [interflop-ieee]: debug = false
Info [interflop-ieee]: debug-binary = false
Info [interflop-ieee]: no-backend-name = false
Info [interflop-ieee]: print-new-line = false
Info [interflop-ieee]: print-subnormal-normalized = false
Info [interflop-ieee]: count-op = false
All_Command_lines_OK
Using double precision for computations.
=============================================================================
The composite transform comprises the following transforms (in order): 
  1. /home/mdugre/scratch/mri-registration-rp/datasets/ds004513/derivatives/mri-registration-rp/0011/antsRegistration-r7-p23/sub-s032/align_Composite.h5[0] (type = Euler3DTransform)
  2. /home/mdugre/scratch/mri-registration-rp/datasets/ds004513/derivatives/mri-registration-rp/0011/antsRegistration-r7-p23/sub-s032/align_Composite.h5[1] (type = Euler3DTransform)
=============================================================================
  number of levels = 4
  fixed image: /templateflow/tpl-MNI152NLin2009cAsym/tpl-MNI152NLin2009cAsym_res-01_desc-brain_T1w.nii.gz
  moving image: /home/mdugre/scratch/mri-registration-rp/datasets/ds004513/derivatives/mri-registration-rp/antsBrainExtraction/sub-s032/BrainExtractionBrain.nii.gz
Dimension = 3
Number of stages = 1
Use histogram matching = false
Winsorize image intensities = true
  Lower quantile = 0.005
  Upper quantile = 0.995


Stage 1 State
   Image metric = MattesMI
     Fixed image = Image (0x4d37530)
  RTTI typeinfo:   itk::Image<double, 3u>
  Reference Count: 2
  Modified Time: 1578
  Debug: Off
  Object Name: 
  Observers: 
    none
  Source: (none)
  Source output name: (none)
  Release Data: Off
  Data Released: False
  Global Release Data: Off
  PipelineMTime: 0
  UpdateMTime: 1189
  RealTimeStamp: 0 seconds 
  LargestPossibleRegion: 
    Dimension: 3
    Index: [0, 0, 0]
    Size: [193, 229, 193]
  BufferedRegion: 
    Dimension: 3
    Index: [0, 0, 0]
    Size: [193, 229, 193]
  RequestedRegion: 
    Dimension: 3
    Index: [0, 0, 0]
    Size: [193, 229, 193]
  Spacing: [1, 1, 1]
  Origin: [96, 132, -78]
  Direction: 
-1 0 0
0 -1 0
0 0 1

  IndexToPointMatrix: 
-1 0 0
0 -1 0
0 0 1

  PointToIndexMatrix: 
-1 0 0
0 -1 0
0 0 1

  Inverse Direction: 
-1 0 0
0 -1 0
0 0 1

  PixelContainer: 
    ImportImageContainer (0x4df5d60)
      RTTI typeinfo:   itk::ImportImageContainer<unsigned long, double>
      Reference Count: 1
      Modified Time: 1186
      Debug: Off
      Object Name: 
      Observers: 
        none
      Pointer: 0x14c593bd0010
      Container manages memory: true
      Size: 8530021
      Capacity: 8530021

     Moving image = Image (0x4de7f60)
  RTTI typeinfo:   itk::Image<double, 3u>
  Reference Count: 2
  Modified Time: 1579
  Debug: Off
  Object Name: 
  Observers: 
    none
  Source: (none)
  Source output name: (none)
  Release Data: Off
  Data Released: False
  Global Release Data: Off
  PipelineMTime: 0
  UpdateMTime: 1576
  RealTimeStamp: 0 seconds 
  LargestPossibleRegion: 
    Dimension: 3
    Index: [0, 0, 0]
    Size: [160, 240, 256]
  BufferedRegion: 
    Dimension: 3
    Index: [0, 0, 0]
    Size: [160, 240, 256]
  RequestedRegion: 
    Dimension: 3
    Index: [0, 0, 0]
    Size: [160, 240, 256]
  Spacing: [1, 1, 1]
  Origin: [73.279, 104.707, -131.187]
  Direction: 
-0.997527 0.0645574 -0.0278053
-0.0645323 -0.997914 -0.00179875
-0.0278634 4.01097e-08 0.999612

  IndexToPointMatrix: 
-0.997527 0.0645574 -0.0278053
-0.0645323 -0.997914 -0.00179875
-0.0278634 4.01097e-08 0.999612

  PointToIndexMatrix: 
-0.997527 -0.0645323 -0.0278634
0.0645574 -0.997914 4.01049e-08
-0.0278053 -0.00179875 0.999612

  Inverse Direction: 
-0.997527 -0.0645323 -0.0278634
0.0645574 -0.997914 4.01049e-08
-0.0278053 -0.00179875 0.999612

  PixelContainer: 
    ImportImageContainer (0x4dd96d0)
      RTTI typeinfo:   itk::ImportImageContainer<unsigned long, double>
      Reference Count: 1
      Modified Time: 1573
      Debug: Off
      Object Name: 
      Observers: 
        none
      Pointer: 0x14c58f0cf010
      Container manages memory: true
      Size: 9830400
      Capacity: 9830400

     Weighting = 1
     Sampling strategy = regular
     Number of bins = 32
     Radius = 4
     Sampling percentage  = 0.25
   Transform = Rigid
     Gradient step = 0.1
     Update field sigma (voxel space) = 0
     Total field sigma (voxel space) = 0
     Update field time sigma = 0
     Total field time sigma  = 0
     Number of time indices = 0
     Number of time point samples = 0
Registration using 1 total stages.

Stage 0
  iterations = 1000x500x250x100
  convergence threshold = 1e-06
  convergence window size = 10
  number of levels = 4
  using the Mattes MI metric (number of bins = 32, weight = 1, use gradient filter = 0)
  preprocessing:  winsorizing the image intensities
  Shrink factors (level 1 out of 4): [8, 8, 8]
  Shrink factors (level 2 out of 4): [4, 4, 4]
  Shrink factors (level 3 out of 4): [2, 2, 2]
  Shrink factors (level 4 out of 4): [1, 1, 1]
  smoothing sigmas per level: [3, 2, 1, 0]
  regular sampling (percentage = 0.25)

*** Running Euler3DTransform registration ***

DIAGNOSTIC,Iteration,metricValue,convergenceValue,ITERATION_TIME_INDEX,SINCE_LAST
 2DIAGNOSTIC,     1, -5.480496989617e-01, 1.797693134862e+308, 7.2210e-01, 7.2210e-01, 
 2DIAGNOSTIC,     2, -5.506811078454e-01, 1.797693134862e+308, 7.2657e-01, 4.4711e-03, 
 2DIAGNOSTIC,     3, -5.546514955662e-01, 1.797693134862e+308, 7.3119e-01, 4.6160e-03, 
 2DIAGNOSTIC,     4, -5.606863537750e-01, 1.797693134862e+308, 7.3506e-01, 3.8710e-03, 
 2DIAGNOSTIC,     5, -5.693661845193e-01, 1.797693134862e+308, 7.3950e-01, 4.4360e-03, 
 2DIAGNOSTIC,     6, -5.854078830086e-01, 1.797693134862e+308, 7.4404e-01, 4.5390e-03, 
 2DIAGNOSTIC,     7, -6.232769732918e-01, 1.797693134862e+308, 7.4814e-01, 4.1029e-03, 
 2DIAGNOSTIC,     8, -6.297683730473e-01, 1.797693134862e+308, 7.5286e-01, 4.7250e-03, 
 2DIAGNOSTIC,     9, -6.366738733405e-01, 1.797693134862e+308, 7.6021e-01, 7.3478e-03, 
 2DIAGNOSTIC,    10, -6.375630690827e-01, 1.201760866083e-02, 7.6477e-01, 4.5590e-03, 
 2DIAGNOSTIC,    11, -6.405337628679e-01, 1.087684809450e-02, 7.6890e-01, 4.1330e-03, 
 2DIAGNOSTIC,    12, -6.435528997438e-01, 9.167753354490e-03, 7.7353e-01, 4.6310e-03, 
 2DIAGNOSTIC,    13, -6.444720921444e-01, 7.089498731847e-03, 7.7756e-01, 4.0300e-03, 
 2DIAGNOSTIC,    14, -6.463616611293e-01, 4.967892496988e-03, 7.8209e-01, 4.5209e-03, 
 2DIAGNOSTIC,    15, -6.484646963404e-01, 3.033020789043e-03, 7.8925e-01, 7.1599e-03, 
 2DIAGNOSTIC,    16, -6.486009987994e-01, 1.520386367320e-03, 7.9322e-01, 3.9718e-03, 
 2DIAGNOSTIC,    17, -6.493699344760e-01, 1.108203205204e-03, 7.9722e-01, 4.0030e-03, 
 2DIAGNOSTIC,    18, -6.514578195065e-01, 8.586162135985e-04, 8.0123e-01, 4.0050e-03, 
 2DIAGNOSTIC,    19, -6.526592717406e-01, 7.533650369805e-04, 8.0522e-01, 3.9971e-03, 
 2DIAGNOSTIC,    20, -6.536191777189e-01, 6.303067369293e-04, 8.0914e-01, 3.9220e-03, 
 2DIAGNOSTIC,    21, -6.549162298979e-01, 5.534292205380e-04, 8.1315e-01, 4.0071e-03, 
 2DIAGNOSTIC,    22, -6.562385790832e-01, 5.226986103233e-04, 8.1816e-01, 5.0058e-03, 
 2DIAGNOSTIC,    23, -6.565000058113e-01, 4.680180012237e-04, 8.2252e-01, 4.3659e-03, 
 2DIAGNOSTIC,    24, -6.565387353854e-01, 4.101063704208e-04, 8.2709e-01, 4.5700e-03, 
 2DIAGNOSTIC,    25, -6.567702146893e-01, 3.618032093039e-04, 8.3184e-01, 4.7481e-03, 
 2DIAGNOSTIC,    26, -6.583507212369e-01, 3.132611037344e-04, 8.3595e-01, 4.1130e-03, 
 2DIAGNOSTIC,    27, -6.586527568469e-01, 2.554116018355e-04, 8.3989e-01, 3.9392e-03, 
 2DIAGNOSTIC,    28, -6.593310437738e-01, 2.225767143839e-04, 8.4507e-01, 5.1730e-03, 
 2DIAGNOSTIC,    29, -6.595734041655e-01, 1.939316665335e-04, 8.4959e-01, 4.5240e-03, 
 2DIAGNOSTIC,    30, -6.595955819569e-01, 1.634946778527e-04, 8.5417e-01, 4.5810e-03, 
 2DIAGNOSTIC,    31, -6.596949967568e-01, 1.392755860917e-04, 8.5814e-01, 3.9659e-03, 
 2DIAGNOSTIC,    32, -6.597157295313e-01, 1.221677497596e-04, 8.6256e-01, 4.4210e-03, 
 2DIAGNOSTIC,    33, -6.597001423845e-01, 9.820426862826e-05, 8.6897e-01, 6.4139e-03, 
 2DIAGNOSTIC,    34, -6.595254449702e-01, 6.486903006801e-05, 8.7301e-01, 4.0331e-03, 
 2DIAGNOSTIC,    35, -6.595295822810e-01, 3.010817890007e-05, 8.7704e-01, 4.0300e-03, 
 2DIAGNOSTIC,    36, -6.595351297936e-01, 1.424396565939e-05, 8.8103e-01, 3.9971e-03, 
 2DIAGNOSTIC,    37, -6.595409535781e-01, 1.474135169814e-06, 8.8492e-01, 3.8831e-03, 
DIAGNOSTIC,Iteration,metricValue,convergenceValue,ITERATION_TIME_INDEX,SINCE_LAST
 2DIAGNOSTIC,     1, -5.183739626525e-01, 1.797693134862e+308, 1.6237e+00, 7.3878e-01, 
 2DIAGNOSTIC,     2, -5.189226238281e-01, 1.797693134862e+308, 1.6583e+00, 3.4589e-02, 
 2DIAGNOSTIC,     3, -5.196899327347e-01, 1.797693134862e+308, 1.6893e+00, 3.1012e-02, 
 2DIAGNOSTIC,     4, -5.204463662993e-01, 1.797693134862e+308, 1.7175e+00, 2.8163e-02, 
 2DIAGNOSTIC,     5, -5.209979485290e-01, 1.797693134862e+308, 1.7453e+00, 2.7811e-02, 
 2DIAGNOSTIC,     6, -5.216357744173e-01, 1.797693134862e+308, 1.7733e+00, 2.7985e-02, 
 2DIAGNOSTIC,     7, -5.233753714640e-01, 1.797693134862e+308, 1.8010e+00, 2.7716e-02, 
 2DIAGNOSTIC,     8, -5.241119131190e-01, 1.797693134862e+308, 1.8363e+00, 3.5321e-02, 
 2DIAGNOSTIC,     9, -5.247293428599e-01, 1.797693134862e+308, 1.8710e+00, 3.4743e-02, 
 2DIAGNOSTIC,    10, -5.250028241157e-01, 8.899807888584e-04, 1.9026e+00, 3.1530e-02, 
 2DIAGNOSTIC,    11, -5.254483052644e-01, 7.905532241374e-04, 1.9344e+00, 3.1795e-02, 
 2DIAGNOSTIC,    12, -5.277635688923e-01, 7.650652108866e-04, 1.9666e+00, 3.2251e-02, 
 2DIAGNOSTIC,    13, -5.283161387420e-01, 7.264279513923e-04, 1.9957e+00, 2.9038e-02, 
 2DIAGNOSTIC,    14, -5.288222937693e-01, 6.775650077026e-04, 2.0240e+00, 2.8376e-02, 
 2DIAGNOSTIC,    15, -5.289976642719e-01, 6.012605191576e-04, 2.0527e+00, 2.8650e-02, 
 2DIAGNOSTIC,    16, -5.298475143101e-01, 5.287513546525e-04, 2.0885e+00, 3.5842e-02, 
 2DIAGNOSTIC,    17, -5.313522138297e-01, 5.176189130061e-04, 2.1200e+00, 3.1484e-02, 
 2DIAGNOSTIC,    18, -5.317212050925e-01, 4.916466387803e-04, 2.1520e+00, 3.1986e-02, 
 2DIAGNOSTIC,    19, -5.322490396408e-01, 4.569581020860e-04, 2.1868e+00, 3.4810e-02, 
 2DIAGNOSTIC,    20, -5.323376806454e-01, 3.940994565305e-04, 2.2185e+00, 3.1729e-02, 
 2DIAGNOSTIC,    21, -5.325910132242e-01, 3.171266559136e-04, 2.2539e+00, 3.5363e-02, 
 2DIAGNOSTIC,    22, -5.334985548520e-01, 2.960182406352e-04, 2.2891e+00, 3.5169e-02, 
 2DIAGNOSTIC,    23, -5.343136420440e-01, 2.804995451737e-04, 2.3236e+00, 3.4575e-02, 
 2DIAGNOSTIC,    24, -5.358633635136e-01, 2.865471195819e-04, 2.3670e+00, 4.3394e-02, 
 2DIAGNOSTIC,    25, -5.371508162161e-01, 2.963136027847e-04, 2.3979e+00, 3.0916e-02, 
 2DIAGNOSTIC,    26, -5.415960763086e-01, 3.862190034288e-04, 2.4288e+00, 3.0900e-02, 
 2DIAGNOSTIC,    27, -5.440335148520e-01, 5.093343184947e-04, 2.4649e+00, 3.6051e-02, 
 2DIAGNOSTIC,    28, -5.456901148707e-01, 6.137748627458e-04, 2.5027e+00, 3.7781e-02, 
 2DIAGNOSTIC,    29, -5.467039480654e-01, 6.821344842211e-04, 2.5400e+00, 3.7337e-02, 
 2DIAGNOSTIC,    30, -5.487750943198e-01, 7.200136317253e-04, 2.5719e+00, 3.1853e-02, 
 2DIAGNOSTIC,    31, -5.505014112316e-01, 7.197638667054e-04, 2.6113e+00, 3.9440e-02, 
 2DIAGNOSTIC,    32, -5.517622427072e-01, 6.867418341950e-04, 2.6561e+00, 4.4761e-02, 
 2DIAGNOSTIC,    33, -5.521806051324e-01, 6.111086859434e-04, 2.6861e+00, 2.9990e-02, 
 2DIAGNOSTIC,    34, -5.529054395234e-01, 5.187669810369e-04, 2.7161e+00, 3.0071e-02, 
 2DIAGNOSTIC,    35, -5.555865408421e-01, 4.413805455553e-04, 2.7463e+00, 3.0145e-02, 
 2DIAGNOSTIC,    36, -5.585276901741e-01, 4.336990596124e-04, 2.7882e+00, 4.1936e-02, 
 2DIAGNOSTIC,    37, -5.600116195608e-01, 4.405656628337e-04, 2.8176e+00, 2.9433e-02, 
 2DIAGNOSTIC,    38, -5.606559208941e-01, 4.379876445908e-04, 2.8457e+00, 2.8085e-02, 
 2DIAGNOSTIC,    39, -5.610779901620e-01, 4.135133714080e-04, 2.8736e+00, 2.7892e-02, 
 2DIAGNOSTIC,    40, -5.625684853274e-01, 3.972260207621e-04, 2.9017e+00, 2.8040e-02, 
 2DIAGNOSTIC,    41, -5.632256101291e-01, 3.732668924097e-04, 2.9379e+00, 3.6286e-02, 
 2DIAGNOSTIC,    42, -5.639104977780e-01, 3.395289762157e-04, 2.9776e+00, 3.9622e-02, 
 2DIAGNOSTIC,    43, -5.647016329343e-01, 2.905944993877e-04, 3.0058e+00, 2.8258e-02, 
 2DIAGNOSTIC,    44, -5.650707943162e-01, 2.289774807328e-04, 3.0335e+00, 2.7682e-02, 
 2DIAGNOSTIC,    45, -5.658870789405e-01, 1.884389580708e-04, 3.0654e+00, 3.1880e-02, 
 2DIAGNOSTIC,    46, -5.669506586781e-01, 1.769550526548e-04, 3.1047e+00, 3.9324e-02, 
 2DIAGNOSTIC,    47, -5.670546441798e-01, 1.666398373553e-04, 3.1444e+00, 3.9706e-02, 
 2DIAGNOSTIC,    48, -5.671323834802e-01, 1.490338859445e-04, 3.1802e+00, 3.5735e-02, 
 2DIAGNOSTIC,    49, -5.672071530604e-01, 1.230838569396e-04, 3.2169e+00, 3.6763e-02, 
 2DIAGNOSTIC,    50, -5.672336572121e-01, 1.022112965249e-04, 3.2603e+00, 4.3357e-02, 
 2DIAGNOSTIC,    51, -5.672597025670e-01, 7.922505494195e-05, 3.3005e+00, 4.0256e-02, 
 2DIAGNOSTIC,    52, -5.672547836298e-01, 5.636266500255e-05, 3.3344e+00, 3.3901e-02, 
 2DIAGNOSTIC,    53, -5.672412052252e-01, 3.687150362927e-05, 3.3638e+00, 2.9374e-02, 
 2DIAGNOSTIC,    54, -5.672440684923e-01, 1.815609701776e-05, 3.3925e+00, 2.8739e-02, 
 2DIAGNOSTIC,    55, -5.672404340950e-01, 5.894619718824e-06, 3.4243e+00, 3.1804e-02, 
 2DIAGNOSTIC,    56, -5.672442392094e-01, 3.499832516216e-06, 3.4553e+00, 3.0989e-02, 
 2DIAGNOSTIC,    57, -5.672332420825e-01, 1.753734211699e-06, 3.4861e+00, 3.0792e-02, 
DIAGNOSTIC,Iteration,metricValue,convergenceValue,ITERATION_TIME_INDEX,SINCE_LAST
 2DIAGNOSTIC,     1, -5.009369664752e-01, 1.797693134862e+308, 4.6689e+00, 1.1828e+00, 
 2DIAGNOSTIC,     2, -5.011958260906e-01, 1.797693134862e+308, 4.8948e+00, 2.2591e-01, 
 2DIAGNOSTIC,     3, -5.014200940734e-01, 1.797693134862e+308, 5.1319e+00, 2.3710e-01, 
 2DIAGNOSTIC,     4, -5.015390510309e-01, 1.797693134862e+308, 5.3543e+00, 2.2236e-01, 
 2DIAGNOSTIC,     5, -5.016794231108e-01, 1.797693134862e+308, 5.5903e+00, 2.3597e-01, 
 2DIAGNOSTIC,     6, -5.019049379682e-01, 1.797693134862e+308, 5.8075e+00, 2.1722e-01, 
 2DIAGNOSTIC,     7, -5.022048195842e-01, 1.797693134862e+308, 6.0761e+00, 2.6866e-01, 
 2DIAGNOSTIC,     8, -5.022626318959e-01, 1.797693134862e+308, 6.4423e+00, 3.6612e-01, 
 2DIAGNOSTIC,     9, -5.022772416964e-01, 1.797693134862e+308, 6.7361e+00, 2.9380e-01, 
 2DIAGNOSTIC,    10, -5.022822163200e-01, 1.861105486044e-04, 7.0007e+00, 2.6462e-01, 
 2DIAGNOSTIC,    11, -5.023035761983e-01, 1.419608616631e-04, 7.2369e+00, 2.3625e-01, 
 2DIAGNOSTIC,    12, -5.023128023807e-01, 1.049277801164e-04, 7.4674e+00, 2.3046e-01, 
 2DIAGNOSTIC,    13, -5.023225953978e-01, 7.455308065314e-05, 7.7372e+00, 2.6986e-01, 
 2DIAGNOSTIC,    14, -5.023355052798e-01, 4.743839975713e-05, 7.9973e+00, 2.6005e-01, 
 2DIAGNOSTIC,    15, -5.023373602152e-01, 2.510324713735e-05, 8.2072e+00, 2.0992e-01, 
 2DIAGNOSTIC,    16, -5.023400495873e-01, 1.125337071235e-05, 8.4589e+00, 2.5170e-01, 
 2DIAGNOSTIC,    17, -5.023624244864e-01, 8.862806935357e-06, 8.7854e+00, 3.2646e-01, 
 2DIAGNOSTIC,    18, -5.023613917183e-01, 7.851809932853e-06, 9.0365e+00, 2.5111e-01, 
 2DIAGNOSTIC,    19, -5.023612048339e-01, 6.823656102897e-06, 9.3181e+00, 2.8165e-01, 
 2DIAGNOSTIC,    20, -5.023597892678e-01, 5.518630687026e-06, 9.5689e+00, 2.5076e-01, 
 2DIAGNOSTIC,    21, -5.023591573817e-01, 4.529497770925e-06, 9.7893e+00, 2.2037e-01, 
 2DIAGNOSTIC,    22, -5.023578221022e-01, 3.539613646561e-06, 1.0001e+01, 2.1204e-01, 
 2DIAGNOSTIC,    23, -5.023591640548e-01, 2.705155036802e-06, 1.0248e+01, 2.4626e-01, 
 2DIAGNOSTIC,    24, -5.023611225301e-01, 2.173954464939e-06, 1.0516e+01, 2.6864e-01, 
 2DIAGNOSTIC,    25, -5.023595983201e-01, 1.616341013061e-06, 1.0766e+01, 2.5013e-01, 
 2DIAGNOSTIC,    26, -5.023596791319e-01, 1.117745161372e-06, 1.0984e+01, 2.1734e-01, 
 2DIAGNOSTIC,    27, -5.023589915160e-01, 1.121486179256e-06, 1.1229e+01, 2.4577e-01, 
 2DIAGNOSTIC,    28, -5.023591116239e-01, 1.110869939917e-06, 1.1471e+01, 2.4191e-01, 
 2DIAGNOSTIC,    29, -5.023583901419e-01, 1.085069285520e-06, 1.1742e+01, 2.7081e-01, 
 2DIAGNOSTIC,    30, -5.023584341844e-01, 1.037271885697e-06, 1.1964e+01, 2.2214e-01, 
DIAGNOSTIC,Iteration,metricValue,convergenceValue,ITERATION_TIME_INDEX,SINCE_LAST
 2DIAGNOSTIC,     1, -4.669241038397e-01, 1.797693134862e+308, 1.4389e+01, 2.4243e+00, 
 2DIAGNOSTIC,     2, -4.670268221089e-01, 1.797693134862e+308, 1.5906e+01, 1.5175e+00, 
 2DIAGNOSTIC,     3, -4.670304365377e-01, 1.797693134862e+308, 1.7297e+01, 1.3910e+00, 
 2DIAGNOSTIC,     4, -4.670338761019e-01, 1.797693134862e+308, 1.9298e+01, 2.0012e+00, 
 2DIAGNOSTIC,     5, -4.670342721355e-01, 1.797693134862e+308, 2.1006e+01, 1.7082e+00, 
 2DIAGNOSTIC,     6, -4.670336095527e-01, 1.797693134862e+308, 2.2657e+01, 1.6504e+00, 
 2DIAGNOSTIC,     7, -4.670332711622e-01, 1.797693134862e+308, 2.4186e+01, 1.5287e+00, 
 2DIAGNOSTIC,     8, -4.670329929689e-01, 1.797693134862e+308, 2.5757e+01, 1.5712e+00, 
 2DIAGNOSTIC,     9, -4.670324064257e-01, 1.797693134862e+308, 2.7586e+01, 1.8290e+00, 
 2DIAGNOSTIC,    10, -4.670323655796e-01, 1.015171498549e-05, 2.9233e+01, 1.6475e+00, 
 2DIAGNOSTIC,    11, -4.670321191108e-01, 3.184924443719e-06, 3.0939e+01, 1.7055e+00, 
 2DIAGNOSTIC,    12, -4.670321374541e-01, 2.560597882048e-06, 3.2538e+01, 1.5992e+00, 
 2DIAGNOSTIC,    13, -4.670320649521e-01, 2.201567455534e-06, 3.4225e+01, 1.6873e+00, 
 2DIAGNOSTIC,    14, -4.670318963369e-01, 2.057625748467e-06, 3.5715e+01, 1.4892e+00, 
 2DIAGNOSTIC,    15, -4.670320104755e-01, 1.973909975278e-06, 3.7140e+01, 1.4252e+00, 
 2DIAGNOSTIC,    16, -4.670323242044e-01, 1.900642627936e-06, 3.8585e+01, 1.4455e+00, 
 2DIAGNOSTIC,    17, -4.670324830787e-01, 1.837294686099e-06, 4.0169e+01, 1.5837e+00, 
 2DIAGNOSTIC,    18, -4.670322750343e-01, 1.768192554423e-06, 4.2199e+01, 2.0297e+00, 
 2DIAGNOSTIC,    19, -4.670322852199e-01, 1.688269559964e-06, 4.3735e+01, 1.5364e+00, 
 2DIAGNOSTIC,    20, -4.670322015262e-01, 1.611349039671e-06, 4.5263e+01, 1.5276e+00, 
 2DIAGNOSTIC,    21, -4.670321152820e-01, 1.529843293997e-06, 4.7009e+01, 1.7459e+00, 
 2DIAGNOSTIC,    22, -4.670320284937e-01, 1.452459795263e-06, 4.8649e+01, 1.6405e+00, 
 2DIAGNOSTIC,    23, -4.670319412055e-01, 1.377343651604e-06, 5.0167e+01, 1.5183e+00, 
 2DIAGNOSTIC,    24, -4.670318564337e-01, 1.302700886802e-06, 5.1514e+01, 1.3470e+00, 
 2DIAGNOSTIC,    25, -4.670319577739e-01, 1.241193910290e-06, 5.3063e+01, 1.5482e+00, 
 2DIAGNOSTIC,    26, -4.670317848586e-01, 1.190412681748e-06, 5.4725e+01, 1.6626e+00, 
 2DIAGNOSTIC,    27, -4.670317025682e-01, 1.148494907434e-06, 5.6282e+01, 1.5571e+00, 
 2DIAGNOSTIC,    28, -4.670315308243e-01, 1.104143657463e-06, 5.7647e+01, 1.3649e+00, 
 2DIAGNOSTIC,    29, -4.670314564494e-01, 1.064570923012e-06, 5.9040e+01, 1.3932e+00, 
 2DIAGNOSTIC,    30, -4.670315749480e-01, 1.031358361991e-06, 6.0912e+01, 1.8715e+00, 
  Elapsed time (stage 0): 6.1812e+01


Total elapsed time: 6.1815e+01
Info [verificarlo]: loaded backend libinterflop_vprec.so
Info [interflop-vprec]: load backend with: 
Info [interflop-vprec]: precision-binary32 = 23
Info [interflop-vprec]: range-binary32 = 7
Info [interflop-vprec]: precision-binary64 = 23
Info [interflop-vprec]: range-binary64 = 7
Info [interflop-vprec]: mode = ob
Info [interflop-vprec]: error-mode = rel
Info [interflop-vprec]: max-abs-error-exponent = -1022
Info [interflop-vprec]: daz = false
Info [interflop-vprec]: ftz = false
Info [interflop-vprec]: 	instrument = none
Info [interflop-vprec]: 	prec-input-file = (null)
Info [interflop-vprec]: 	prec-output-file = (null)
Info [interflop-vprec]: 	prec-log-file = (null)
All_Command_lines_OK
Using double precision for computations.
=============================================================================
The composite transform comprises the following transforms (in order): 
  1. /home/mdugre/scratch/mri-registration-rp/datasets/ds004513/derivatives/mri-registration-rp/0011/antsRegistration-r7-p23/sub-s032/rigid_Composite.h5[0] (type = Euler3DTransform)
  2. /home/mdugre/scratch/mri-registration-rp/datasets/ds004513/derivatives/mri-registration-rp/0011/antsRegistration-r7-p23/sub-s032/rigid_Composite.h5[1] (type = Euler3DTransform)
  3. /home/mdugre/scratch/mri-registration-rp/datasets/ds004513/derivatives/mri-registration-rp/0011/antsRegistration-r7-p23/sub-s032/rigid_Composite.h5[2] (type = Euler3DTransform)
=============================================================================
  number of levels = 4
  fixed image: /templateflow/tpl-MNI152NLin2009cAsym/tpl-MNI152NLin2009cAsym_res-01_desc-brain_T1w.nii.gz
  moving image: /home/mdugre/scratch/mri-registration-rp/datasets/ds004513/derivatives/mri-registration-rp/antsBrainExtraction/sub-s032/BrainExtractionBrain.nii.gz
Dimension = 3
Number of stages = 1
Use histogram matching = false
Winsorize image intensities = true
  Lower quantile = 0.005
  Upper quantile = 0.995


Stage 1 State
   Image metric = MattesMI
     Fixed image = Image (0x3f51490)
  RTTI typeinfo:   itk::Image<double, 3u>
  Reference Count: 2
  Modified Time: 1592
  Debug: Off
  Object Name: 
  Observers: 
    none
  Source: (none)
  Source output name: (none)
  Release Data: Off
  Data Released: False
  Global Release Data: Off
  PipelineMTime: 0
  UpdateMTime: 1203
  RealTimeStamp: 0 seconds 
  LargestPossibleRegion: 
    Dimension: 3
    Index: [0, 0, 0]
    Size: [193, 229, 193]
  BufferedRegion: 
    Dimension: 3
    Index: [0, 0, 0]
    Size: [193, 229, 193]
  RequestedRegion: 
    Dimension: 3
    Index: [0, 0, 0]
    Size: [193, 229, 193]
  Spacing: [1, 1, 1]
  Origin: [96, 132, -78]
  Direction: 
-1 0 0
0 -1 0
0 0 1

  IndexToPointMatrix: 
-1 0 0
0 -1 0
0 0 1

  PointToIndexMatrix: 
-1 0 0
0 -1 0
0 0 1

  Inverse Direction: 
-1 0 0
0 -1 0
0 0 1

  PixelContainer: 
    ImportImageContainer (0x401c8c0)
      RTTI typeinfo:   itk::ImportImageContainer<unsigned long, double>
      Reference Count: 1
      Modified Time: 1200
      Debug: Off
      Object Name: 
      Observers: 
        none
      Pointer: 0x146c7ebcf010
      Container manages memory: true
      Size: 8530021
      Capacity: 8530021

     Moving image = Image (0x400cb60)
  RTTI typeinfo:   itk::Image<double, 3u>
  Reference Count: 2
  Modified Time: 1593
  Debug: Off
  Object Name: 
  Observers: 
    none
  Source: (none)
  Source output name: (none)
  Release Data: Off
  Data Released: False
  Global Release Data: Off
  PipelineMTime: 0
  UpdateMTime: 1590
  RealTimeStamp: 0 seconds 
  LargestPossibleRegion: 
    Dimension: 3
    Index: [0, 0, 0]
    Size: [160, 240, 256]
  BufferedRegion: 
    Dimension: 3
    Index: [0, 0, 0]
    Size: [160, 240, 256]
  RequestedRegion: 
    Dimension: 3
    Index: [0, 0, 0]
    Size: [160, 240, 256]
  Spacing: [1, 1, 1]
  Origin: [73.279, 104.707, -131.187]
  Direction: 
-0.997527 0.0645574 -0.0278053
-0.0645323 -0.997914 -0.00179875
-0.0278634 4.01097e-08 0.999612

  IndexToPointMatrix: 
-0.997527 0.0645574 -0.0278053
-0.0645323 -0.997914 -0.00179875
-0.0278634 4.01097e-08 0.999612

  PointToIndexMatrix: 
-0.997527 -0.0645323 -0.0278634
0.0645574 -0.997914 9.8953e-10
-0.0278053 -0.00179879 0.999612

  Inverse Direction: 
-0.997527 -0.0645323 -0.0278634
0.0645574 -0.997914 9.8953e-10
-0.0278053 -0.00179879 0.999612

  PixelContainer: 
    ImportImageContainer (0x40a01d0)
      RTTI typeinfo:   itk::ImportImageContainer<unsigned long, double>
      Reference Count: 1
      Modified Time: 1587
      Debug: Off
      Object Name: 
      Observers: 
        none
      Pointer: 0x146c7a0ce010
      Container manages memory: true
      Size: 9830400
      Capacity: 9830400

     Weighting = 1
     Sampling strategy = regular
     Number of bins = 32
     Radius = 4
     Sampling percentage  = 0.25
   Transform = Affine
     Gradient step = 0.1
     Update field sigma (voxel space) = 0
     Total field sigma (voxel space) = 0
     Update field time sigma = 0
     Total field time sigma  = 0
     Number of time indices = 0
     Number of time point samples = 0
Registration using 1 total stages.

Stage 0
  iterations = 1000x500x250x100
  convergence threshold = 1e-06
  convergence window size = 10
  number of levels = 4
  using the Mattes MI metric (number of bins = 32, weight = 1, use gradient filter = 0)
  preprocessing:  winsorizing the image intensities
  Shrink factors (level 1 out of 4): [8, 8, 8]
  Shrink factors (level 2 out of 4): [4, 4, 4]
  Shrink factors (level 3 out of 4): [2, 2, 2]
  Shrink factors (level 4 out of 4): [1, 1, 1]
  smoothing sigmas per level: [3, 2, 1, 0]
  regular sampling (percentage = 0.25)

*** Running AffineTransform registration ***

DIAGNOSTIC,Iteration,metricValue,convergenceValue,ITERATION_TIME_INDEX,SINCE_LAST
 2DIAGNOSTIC,     1, -6.842402407566e-01, 1.797693134862e+308, 0.0000e+00, 0.0000e+00, 
 2DIAGNOSTIC,     2, -6.858639375999e-01, 1.797693134862e+308, 0.0000e+00, 0.0000e+00, 
 2DIAGNOSTIC,     3, -6.886635770027e-01, 1.797693134862e+308, 0.0000e+00, 0.0000e+00, 
 2DIAGNOSTIC,     4, -6.936788356817e-01, 1.797693134862e+308, 0.0000e+00, 0.0000e+00, 
 2DIAGNOSTIC,     5, -7.039293643972e-01, 1.797693134862e+308, 0.0000e+00, 0.0000e+00, 
 2DIAGNOSTIC,     6, -7.128819226331e-01, 1.797693134862e+308, 0.0000e+00, 0.0000e+00, 
 2DIAGNOSTIC,     7, -7.207307944828e-01, 1.797693134862e+308, 0.0000e+00, 0.0000e+00, 
 2DIAGNOSTIC,     8, -7.243203432779e-01, 1.797693134862e+308, 0.0000e+00, 0.0000e+00, 
 2DIAGNOSTIC,     9, -7.253221327269e-01, 1.797693134862e+308, 0.0000e+00, 0.0000e+00, 
 2DIAGNOSTIC,    10, -7.327623888550e-01, 4.911332131033e-03, 0.0000e+00, 0.0000e+00, 
 2DIAGNOSTIC,    11, -7.337940153193e-01, 4.353275057010e-03, 0.0000e+00, 0.0000e+00, 
 2DIAGNOSTIC,    12, -7.345563918331e-01, 3.582717557882e-03, 0.0000e+00, 0.0000e+00, 
 2DIAGNOSTIC,    13, -7.350008083316e-01, 2.715443725946e-03, 0.0000e+00, 0.0000e+00, 
 2DIAGNOSTIC,    14, -7.351688545399e-01, 1.873836796104e-03, 0.0000e+00, 0.0000e+00, 
 2DIAGNOSTIC,    15, -7.351355861844e-01, 1.241156641982e-03, 0.0000e+00, 0.0000e+00, 
 2DIAGNOSTIC,    16, -7.351850956304e-01, 7.938654643562e-04, 0.0000e+00, 0.0000e+00, 
 2DIAGNOSTIC,    17, -7.353785279712e-01, 5.150138644871e-04, 0.0000e+00, 0.0000e+00, 
 2DIAGNOSTIC,    18, -7.354295864092e-01, 3.017197723876e-04, 0.0000e+00, 0.0000e+00, 
 2DIAGNOSTIC,    19, -7.354137318545e-01, 1.000882351784e-04, 0.0000e+00, 0.0000e+00, 
 2DIAGNOSTIC,    20, -7.353904092951e-01, 5.586042829349e-05, 0.0000e+00, 0.0000e+00, 
 2DIAGNOSTIC,    21, -7.353403275953e-01, 2.901915292979e-05, 0.0000e+00, 0.0000e+00, 
 2DIAGNOSTIC,    22, -7.354265887386e-01, 1.702314915072e-05, 0.0000e+00, 0.0000e+00, 
 2DIAGNOSTIC,    23, -7.357006824194e-01, 1.675353481440e-05, 0.0000e+00, 0.0000e+00, 
 2DIAGNOSTIC,    24, -7.361841162921e-01, 2.568591002760e-05, 0.0000e+00, 0.0000e+00, 
 2DIAGNOSTIC,    25, -7.361666514716e-01, 3.070573877804e-05, 0.0000e+00, 0.0000e+00, 
 2DIAGNOSTIC,    26, -7.362870183834e-01, 3.522495812452e-05, 0.0000e+00, 0.0000e+00, 
 2DIAGNOSTIC,    27, -7.364958564787e-01, 4.204394226986e-05, 0.0000e+00, 0.0000e+00, 
 2DIAGNOSTIC,    28, -7.366191554646e-01, 4.678622858946e-05, 0.0000e+00, 0.0000e+00, 
 2DIAGNOSTIC,    29, -7.367550370706e-01, 4.841916542296e-05, 0.0000e+00, 0.0000e+00, 
 2DIAGNOSTIC,    30, -7.368130653341e-01, 4.600146114216e-05, 0.0000e+00, 0.0000e+00, 
 2DIAGNOSTIC,    31, -7.367250759651e-01, 3.784945179047e-05, 0.0000e+00, 0.0000e+00, 
 2DIAGNOSTIC,    32, -7.368174254392e-01, 2.889370053614e-05, 0.0000e+00, 0.0000e+00, 
 2DIAGNOSTIC,    33, -7.368799021747e-01, 2.161439561887e-05, 0.0000e+00, 0.0000e+00, 
 2DIAGNOSTIC,    34, -7.369608432909e-01, 1.929900034540e-05, 0.0000e+00, 0.0000e+00, 
 2DIAGNOSTIC,    35, -7.370524201347e-01, 1.619989183773e-05, 0.0000e+00, 0.0000e+00, 
 2DIAGNOSTIC,    36, -7.371668493646e-01, 1.434724352806e-05, 0.0000e+00, 0.0000e+00, 
 2DIAGNOSTIC,    37, -7.372471742879e-01, 1.433181907987e-05, 0.0000e+00, 0.0000e+00, 
 2DIAGNOSTIC,    38, -7.373742355203e-01, 1.554678683471e-05, 0.0000e+00, 0.0000e+00, 
 2DIAGNOSTIC,    39, -7.373956149284e-01, 1.683126171848e-05, 0.0000e+00, 0.0000e+00, 
 2DIAGNOSTIC,    40, -7.376747173686e-01, 1.985567699650e-05, 0.0000e+00, 0.0000e+00, 
 2DIAGNOSTIC,    41, -7.378504047362e-01, 2.166319847174e-05, 0.0000e+00, 0.0000e+00, 
 2DIAGNOSTIC,    42, -7.381641779329e-01, 2.513147264772e-05, 0.0000e+00, 0.0000e+00, 
 2DIAGNOSTIC,    43, -7.381641086352e-01, 2.663681586516e-05, 0.0000e+00, 0.0000e+00, 
 2DIAGNOSTIC,    44, -7.381642496959e-01, 2.635923105169e-05, 0.0000e+00, 0.0000e+00, 
 2DIAGNOSTIC,    45, -7.381642344055e-01, 2.443088227842e-05, 0.0000e+00, 0.0000e+00, 
 2DIAGNOSTIC,    46, -7.381641907007e-01, 2.123895871759e-05, 0.0000e+00, 0.0000e+00, 
 2DIAGNOSTIC,    47, -7.381642444772e-01, 1.684440998715e-05, 0.0000e+00, 0.0000e+00, 
 2DIAGNOSTIC,    48, -7.381642257106e-01, 1.215325385084e-05, 0.0000e+00, 0.0000e+00, 
 2DIAGNOSTIC,    49, -7.381642348070e-01, 6.719145472886e-06, 0.0000e+00, 0.0000e+00, 
 2DIAGNOSTIC,    50, -7.381642347902e-01, 3.084782593012e-06, 0.0000e+00, 0.0000e+00, 
DIAGNOSTIC,Iteration,metricValue,convergenceValue,ITERATION_TIME_INDEX,SINCE_LAST
 2DIAGNOSTIC,     1, -5.950884834692e-01, 1.797693134862e+308, 0.0000e+00, 0.0000e+00, 
 2DIAGNOSTIC,     2, -5.953161156199e-01, 1.797693134862e+308, 0.0000e+00, 0.0000e+00, 
 2DIAGNOSTIC,     3, -5.957160715567e-01, 1.797693134862e+308, 0.0000e+00, 0.0000e+00, 
 2DIAGNOSTIC,     4, -5.961399622363e-01, 1.797693134862e+308, 0.0000e+00, 0.0000e+00, 
 2DIAGNOSTIC,     5, -5.966741023972e-01, 1.797693134862e+308, 0.0000e+00, 0.0000e+00, 
 2DIAGNOSTIC,     6, -5.979004998715e-01, 1.797693134862e+308, 0.0000e+00, 0.0000e+00, 
 2DIAGNOSTIC,     7, -5.997098640068e-01, 1.797693134862e+308, 0.0000e+00, 0.0000e+00, 
 2DIAGNOSTIC,     8, -6.005976882780e-01, 1.797693134862e+308, 0.0000e+00, 0.0000e+00, 
 2DIAGNOSTIC,     9, -6.049295696284e-01, 1.797693134862e+308, 0.0000e+00, 0.0000e+00, 
 2DIAGNOSTIC,    10, -6.053966763088e-01, 1.142532579805e-03, 0.0000e+00, 0.0000e+00, 
 2DIAGNOSTIC,    11, -6.055361620599e-01, 1.165920414729e-03, 0.0000e+00, 0.0000e+00, 
 2DIAGNOSTIC,    12, -6.055198585826e-01, 1.090955780366e-03, 0.0000e+00, 0.0000e+00, 
 2DIAGNOSTIC,    13, -6.055053032215e-01, 9.429589102372e-04, 0.0000e+00, 0.0000e+00, 
 2DIAGNOSTIC,    14, -6.055282671056e-01, 7.444261632659e-04, 0.0000e+00, 0.0000e+00, 
 2DIAGNOSTIC,    15, -6.054926789601e-01, 5.197892185808e-04, 0.0000e+00, 0.0000e+00, 
 2DIAGNOSTIC,    16, -6.054919433668e-01, 3.129717297639e-04, 0.0000e+00, 0.0000e+00, 
 2DIAGNOSTIC,    17, -6.054899877195e-01, 1.532119028874e-04, 0.0000e+00, 0.0000e+00, 
 2DIAGNOSTIC,    18, -6.054691194492e-01, 1.702628126372e-05, 0.0000e+00, 0.0000e+00, 
DIAGNOSTIC,Iteration,metricValue,convergenceValue,ITERATION_TIME_INDEX,SINCE_LAST
 2DIAGNOSTIC,     1, -5.401177234987e-01, 1.797693134862e+308, 0.0000e+00, 0.0000e+00, 
 2DIAGNOSTIC,     2, -5.404893905211e-01, 1.797693134862e+308, 0.0000e+00, 0.0000e+00, 
 2DIAGNOSTIC,     3, -5.409457301718e-01, 1.797693134862e+308, 0.0000e+00, 0.0000e+00, 
 2DIAGNOSTIC,     4, -5.414525632744e-01, 1.797693134862e+308, 0.0000e+00, 0.0000e+00, 
 2DIAGNOSTIC,     5, -5.427850388142e-01, 1.797693134862e+308, 0.0000e+00, 0.0000e+00, 
 2DIAGNOSTIC,     6, -5.427859683852e-01, 1.797693134862e+308, 0.0000e+00, 0.0000e+00, 
 2DIAGNOSTIC,     7, -5.427861631780e-01, 1.797693134862e+308, 0.0000e+00, 0.0000e+00, 
 2DIAGNOSTIC,     8, -5.427854064569e-01, 1.797693134862e+308, 0.0000e+00, 0.0000e+00, 
 2DIAGNOSTIC,     9, -5.427846534166e-01, 1.797693134862e+308, 0.0000e+00, 0.0000e+00, 
 2DIAGNOSTIC,    10, -5.427848859180e-01, 3.485873931449e-04, 0.0000e+00, 0.0000e+00, 
 2DIAGNOSTIC,    11, -5.427833376208e-01, 2.334194239240e-04, 0.0000e+00, 0.0000e+00, 
 2DIAGNOSTIC,    12, -5.427825098431e-01, 1.336505091114e-04, 0.0000e+00, 0.0000e+00, 
 2DIAGNOSTIC,    13, -5.427826158999e-01, 5.589095719881e-05, 0.0000e+00, 0.0000e+00, 
 2DIAGNOSTIC,    14, -5.427818028374e-01, 1.912993371267e-06, 0.0000e+00, 0.0000e+00, 
 2DIAGNOSTIC,    15, -5.427821160541e-01, 1.742697960799e-06, 0.0000e+00, 0.0000e+00, 
 2DIAGNOSTIC,    16, -5.427816330587e-01, 1.642677009361e-06, 0.0000e+00, 0.0000e+00, 
 2DIAGNOSTIC,    17, -5.427812374669e-01, 1.581452103931e-06, 0.0000e+00, 0.0000e+00, 
 2DIAGNOSTIC,    18, -5.427803038691e-01, 1.505151548016e-06, 0.0000e+00, 0.0000e+00, 
 2DIAGNOSTIC,    19, -5.427813057790e-01, 1.467822233307e-06, 0.0000e+00, 0.0000e+00, 
 2DIAGNOSTIC,    20, -5.427803502689e-01, 1.434308627701e-06, 0.0000e+00, 0.0000e+00, 
 2DIAGNOSTIC,    21, -5.427803405247e-01, 1.380880383768e-06, 0.0000e+00, 0.0000e+00, 
 2DIAGNOSTIC,    22, -5.427803860842e-01, 1.326505480591e-06, 0.0000e+00, 0.0000e+00, 
 2DIAGNOSTIC,    23, -5.427799398676e-01, 1.280733034313e-06, 0.0000e+00, 0.0000e+00, 
 2DIAGNOSTIC,    24, -5.427784588704e-01, 1.197980368343e-06, 0.0000e+00, 0.0000e+00, 
 2DIAGNOSTIC,    25, -5.427780183953e-01, 1.132149482788e-06, 0.0000e+00, 0.0000e+00, 
 2DIAGNOSTIC,    26, -5.427767369241e-01, 1.049243798526e-06, 0.0000e+00, 0.0000e+00, 
DIAGNOSTIC,Iteration,metricValue,convergenceValue,ITERATION_TIME_INDEX,SINCE_LAST
 2DIAGNOSTIC,     1, -4.984405405390e-01, 1.797693134862e+308, 0.0000e+00, 0.0000e+00, 
 2DIAGNOSTIC,     2, -4.986985523448e-01, 1.797693134862e+308, 0.0000e+00, 0.0000e+00, 
 2DIAGNOSTIC,     3, -4.989456803033e-01, 1.797693134862e+308, 1.2800e+02, 1.2800e+02, 
 2DIAGNOSTIC,     4, -4.991537078319e-01, 1.797693134862e+308, 1.2800e+02, 0.0000e+00, 
 2DIAGNOSTIC,     5, -4.993073567437e-01, 1.797693134862e+308, 1.2800e+02, 0.0000e+00, 
 2DIAGNOSTIC,     6, -4.993601408446e-01, 1.797693134862e+308, 1.2800e+02, 0.0000e+00, 
 2DIAGNOSTIC,     7, -4.993638435441e-01, 1.797693134862e+308, 1.2800e+02, 0.0000e+00, 
