
##########################
# Experiment information #
##########################

EXPERIMENT_NAME: antsRegistration-r7-p13
VFC_BACKENDS: libinterflop_vprec.so --range-binary32=7 --precision-binary32=13 --range-binary64=7 --precision-binary64=13

SIF_IMG: /home/mdugre/projects/rrg-glatard/mdugre/containers/ants-vprec-no_metrics.simg

SUBJECT_ID: s025
INPUT_IMG: /home/mdugre/scratch/mri-registration-rp/datasets/ds004513/derivatives/mri-registration-rp/antsBrainExtraction/sub-s025/BrainExtractionBrain.nii.gz
OUTPUT_DIR: /home/mdugre/scratch/mri-registration-rp/datasets/ds004513/derivatives/mri-registration-rp/0011/antsRegistration-r7-p13/sub-s025

FIXED_IMG: /templateflow/tpl-MNI152NLin2009cAsym/tpl-MNI152NLin2009cAsym_res-01_desc-brain_T1w.nii.gz
DATA_DIR: /home/mdugre/scratch/mri-registration-rp/datasets/ds004513
TEMPLATEFLOW_DIR: /home/mdugre/projects/rrg-glatard/mdugre/templateflow
ITK_GLOBAL_DEFAULT_NUMBER_OF_THREADS: 16
##########################

Info [verificarlo]: loaded backend libinterflop_ieee.so
Info [interflop-ieee]: load backend with:
Info [interflop-ieee]: debug = false
Info [interflop-ieee]: debug-binary = false
Info [interflop-ieee]: no-backend-name = false
Info [interflop-ieee]: print-new-line = false
Info [interflop-ieee]: print-subnormal-normalized = false
Info [interflop-ieee]: count-op = false
All_Command_lines_OK
Using double precision for computations.
=============================================================================
The composite transform comprises the following transforms (in order): 
  1. Center of mass alignment using fixed image: /templateflow/tpl-MNI152NLin2009cAsym/tpl-MNI152NLin2009cAsym_res-01_desc-brain_T1w.nii.gz and moving image: /home/mdugre/scratch/mri-registration-rp/datasets/ds004513/derivatives/mri-registration-rp/antsBrainExtraction/sub-s025/BrainExtractionBrain.nii.gz (type = Euler3DTransform)
=============================================================================
  number of levels = 1
  fixed image: /templateflow/tpl-MNI152NLin2009cAsym/tpl-MNI152NLin2009cAsym_res-01_desc-brain_T1w.nii.gz
  moving image: /home/mdugre/scratch/mri-registration-rp/datasets/ds004513/derivatives/mri-registration-rp/antsBrainExtraction/sub-s025/BrainExtractionBrain.nii.gz
Dimension = 3
Number of stages = 1
Use histogram matching = false
Winsorize image intensities = true
  Lower quantile = 0.005
  Upper quantile = 0.995


Stage 1 State
   Image metric = MattesMI
     Fixed image = Image (0x38f3e70)
  RTTI typeinfo:   itk::Image<double, 3u>
  Reference Count: 2
  Modified Time: 2334
  Debug: Off
  Object Name: 
  Observers: 
    none
  Source: (none)
  Source output name: (none)
  Release Data: Off
  Data Released: False
  Global Release Data: Off
  PipelineMTime: 0
  UpdateMTime: 1943
  RealTimeStamp: 0 seconds 
  LargestPossibleRegion: 
    Dimension: 3
    Index: [0, 0, 0]
    Size: [193, 229, 193]
  BufferedRegion: 
    Dimension: 3
    Index: [0, 0, 0]
    Size: [193, 229, 193]
  RequestedRegion: 
    Dimension: 3
    Index: [0, 0, 0]
    Size: [193, 229, 193]
  Spacing: [1, 1, 1]
  Origin: [96, 132, -78]
  Direction: 
-1 0 0
0 -1 0
0 0 1

  IndexToPointMatrix: 
-1 0 0
0 -1 0
0 0 1

  PointToIndexMatrix: 
-1 0 0
0 -1 0
0 0 1

  Inverse Direction: 
-1 0 0
0 -1 0
0 0 1

  PixelContainer: 
    ImportImageContainer (0x38fcc60)
      RTTI typeinfo:   itk::ImportImageContainer<unsigned long, double>
      Reference Count: 1
      Modified Time: 1940
      Debug: Off
      Object Name: 
      Observers: 
        none
      Pointer: 0x149a9a73b010
      Container manages memory: true
      Size: 8530021
      Capacity: 8530021

     Moving image = Image (0x38ff610)
  RTTI typeinfo:   itk::Image<double, 3u>
  Reference Count: 2
  Modified Time: 2335
  Debug: Off
  Object Name: 
  Observers: 
    none
  Source: (none)
  Source output name: (none)
  Release Data: Off
  Data Released: False
  Global Release Data: Off
  PipelineMTime: 0
  UpdateMTime: 2332
  RealTimeStamp: 0 seconds 
  LargestPossibleRegion: 
    Dimension: 3
    Index: [0, 0, 0]
    Size: [176, 240, 256]
  BufferedRegion: 
    Dimension: 3
    Index: [0, 0, 0]
    Size: [176, 240, 256]
  RequestedRegion: 
    Dimension: 3
    Index: [0, 0, 0]
    Size: [176, 240, 256]
  Spacing: [0.999999, 1, 1]
  Origin: [90.3778, 84.5091, -154.071]
  Direction: 
-0.999391 7.48184e-06 -0.0348969
-7.47664e-06 -1 -2.7953e-07
-0.0348969 -1.84481e-08 0.999391

  IndexToPointMatrix: 
-0.99939 7.48184e-06 -0.0348969
-7.47663e-06 -1 -2.7953e-07
-0.0348968 -1.84481e-08 0.999391

  PointToIndexMatrix: 
-0.999392 -7.47665e-06 -0.0348969
7.48184e-06 -1 -1.84481e-08
-0.0348969 -2.7953e-07 0.999391

  Inverse Direction: 
-0.999391 -7.47664e-06 -0.0348969
7.48184e-06 -1 -1.84481e-08
-0.0348969 -2.7953e-07 0.999391

  PixelContainer: 
    ImportImageContainer (0x3998ef0)
      RTTI typeinfo:   itk::ImportImageContainer<unsigned long, double>
      Reference Count: 1
      Modified Time: 2329
      Debug: Off
      Object Name: 
      Observers: 
        none
      Pointer: 0x149a954ba010
      Container manages memory: true
      Size: 10813440
      Capacity: 10813440

     Weighting = 1
     Sampling strategy = regular
     Number of bins = 32
     Radius = 4
     Sampling percentage  = 0.25
   Transform = Rigid
     Gradient step = 0.1
     Update field sigma (voxel space) = 0
     Total field sigma (voxel space) = 0
     Update field time sigma = 0
     Total field time sigma  = 0
     Number of time indices = 0
     Number of time point samples = 0
Registration using 1 total stages.

Stage 0
  iterations = 0
  convergence threshold = 1e-06
  convergence window size = 10
  number of levels = 1
  using the Mattes MI metric (number of bins = 32, weight = 1, use gradient filter = 0)
  preprocessing:  winsorizing the image intensities
  Shrink factors (level 1 out of 1): [1, 1, 1]
  smoothing sigmas per level: [0]
  regular sampling (percentage = 0.25)

*** Running Euler3DTransform registration ***

  Elapsed time (stage 0): 1.16075


Total elapsed time: 1.16463
Info [verificarlo]: loaded backend libinterflop_ieee.so
Info [interflop-ieee]: load backend with:
Info [interflop-ieee]: debug = false
Info [interflop-ieee]: debug-binary = false
Info [interflop-ieee]: no-backend-name = false
Info [interflop-ieee]: print-new-line = false
Info [interflop-ieee]: print-subnormal-normalized = false
Info [interflop-ieee]: count-op = false
All_Command_lines_OK
Using double precision for computations.
=============================================================================
The composite transform comprises the following transforms (in order): 
  1. /home/mdugre/scratch/mri-registration-rp/datasets/ds004513/derivatives/mri-registration-rp/0011/antsRegistration-r7-p13/sub-s025/align_Composite.h5[0] (type = Euler3DTransform)
  2. /home/mdugre/scratch/mri-registration-rp/datasets/ds004513/derivatives/mri-registration-rp/0011/antsRegistration-r7-p13/sub-s025/align_Composite.h5[1] (type = Euler3DTransform)
=============================================================================
  number of levels = 4
  fixed image: /templateflow/tpl-MNI152NLin2009cAsym/tpl-MNI152NLin2009cAsym_res-01_desc-brain_T1w.nii.gz
  moving image: /home/mdugre/scratch/mri-registration-rp/datasets/ds004513/derivatives/mri-registration-rp/antsBrainExtraction/sub-s025/BrainExtractionBrain.nii.gz
Dimension = 3
Number of stages = 1
Use histogram matching = false
Winsorize image intensities = true
  Lower quantile = 0.005
  Upper quantile = 0.995


Stage 1 State
   Image metric = MattesMI
     Fixed image = Image (0x43d9530)
  RTTI typeinfo:   itk::Image<double, 3u>
  Reference Count: 2
  Modified Time: 1580
  Debug: Off
  Object Name: 
  Observers: 
    none
  Source: (none)
  Source output name: (none)
  Release Data: Off
  Data Released: False
  Global Release Data: Off
  PipelineMTime: 0
  UpdateMTime: 1189
  RealTimeStamp: 0 seconds 
  LargestPossibleRegion: 
    Dimension: 3
    Index: [0, 0, 0]
    Size: [193, 229, 193]
  BufferedRegion: 
    Dimension: 3
    Index: [0, 0, 0]
    Size: [193, 229, 193]
  RequestedRegion: 
    Dimension: 3
    Index: [0, 0, 0]
    Size: [193, 229, 193]
  Spacing: [1, 1, 1]
  Origin: [96, 132, -78]
  Direction: 
-1 0 0
0 -1 0
0 0 1

  IndexToPointMatrix: 
-1 0 0
0 -1 0
0 0 1

  PointToIndexMatrix: 
-1 0 0
0 -1 0
0 0 1

  Inverse Direction: 
-1 0 0
0 -1 0
0 0 1

  PixelContainer: 
    ImportImageContainer (0x4497d60)
      RTTI typeinfo:   itk::ImportImageContainer<unsigned long, double>
      Reference Count: 1
      Modified Time: 1186
      Debug: Off
      Object Name: 
      Observers: 
        none
      Pointer: 0x151b3bd7f010
      Container manages memory: true
      Size: 8530021
      Capacity: 8530021

     Moving image = Image (0x4489f60)
  RTTI typeinfo:   itk::Image<double, 3u>
  Reference Count: 2
  Modified Time: 1581
  Debug: Off
  Object Name: 
  Observers: 
    none
  Source: (none)
  Source output name: (none)
  Release Data: Off
  Data Released: False
  Global Release Data: Off
  PipelineMTime: 0
  UpdateMTime: 1578
  RealTimeStamp: 0 seconds 
  LargestPossibleRegion: 
    Dimension: 3
    Index: [0, 0, 0]
    Size: [176, 240, 256]
  BufferedRegion: 
    Dimension: 3
    Index: [0, 0, 0]
    Size: [176, 240, 256]
  RequestedRegion: 
    Dimension: 3
    Index: [0, 0, 0]
    Size: [176, 240, 256]
  Spacing: [0.999999, 1, 1]
  Origin: [90.3778, 84.5091, -154.071]
  Direction: 
-0.999391 7.48184e-06 -0.0348969
-7.47664e-06 -1 -2.7953e-07
-0.0348969 -1.84481e-08 0.999391

  IndexToPointMatrix: 
-0.99939 7.48184e-06 -0.0348969
-7.47663e-06 -1 -2.7953e-07
-0.0348968 -1.84481e-08 0.999391

  PointToIndexMatrix: 
-0.999392 -7.47665e-06 -0.0348969
7.48184e-06 -1 -1.84481e-08
-0.0348969 -2.7953e-07 0.999391

  Inverse Direction: 
-0.999391 -7.47664e-06 -0.0348969
7.48184e-06 -1 -1.84481e-08
-0.0348969 -2.7953e-07 0.999391

  PixelContainer: 
    ImportImageContainer (0x447b6d0)
      RTTI typeinfo:   itk::ImportImageContainer<unsigned long, double>
      Reference Count: 1
      Modified Time: 1575
      Debug: Off
      Object Name: 
      Observers: 
        none
      Pointer: 0x151b36afe010
      Container manages memory: true
      Size: 10813440
      Capacity: 10813440

     Weighting = 1
     Sampling strategy = regular
     Number of bins = 32
     Radius = 4
     Sampling percentage  = 0.25
   Transform = Rigid
     Gradient step = 0.1
     Update field sigma (voxel space) = 0
     Total field sigma (voxel space) = 0
     Update field time sigma = 0
     Total field time sigma  = 0
     Number of time indices = 0
     Number of time point samples = 0
Registration using 1 total stages.

Stage 0
  iterations = 1000x500x250x100
  convergence threshold = 1e-06
  convergence window size = 10
  number of levels = 4
  using the Mattes MI metric (number of bins = 32, weight = 1, use gradient filter = 0)
  preprocessing:  winsorizing the image intensities
  Shrink factors (level 1 out of 4): [8, 8, 8]
  Shrink factors (level 2 out of 4): [4, 4, 4]
  Shrink factors (level 3 out of 4): [2, 2, 2]
  Shrink factors (level 4 out of 4): [1, 1, 1]
  smoothing sigmas per level: [3, 2, 1, 0]
  regular sampling (percentage = 0.25)

*** Running Euler3DTransform registration ***

DIAGNOSTIC,Iteration,metricValue,convergenceValue,ITERATION_TIME_INDEX,SINCE_LAST
 2DIAGNOSTIC,     1, -5.323241903179e-01, 1.797693134862e+308, 7.8308e-01, 7.8308e-01, 
 2DIAGNOSTIC,     2, -5.346190553927e-01, 1.797693134862e+308, 7.8736e-01, 4.2810e-03, 
 2DIAGNOSTIC,     3, -5.378036555361e-01, 1.797693134862e+308, 7.9153e-01, 4.1702e-03, 
 2DIAGNOSTIC,     4, -5.422949451405e-01, 1.797693134862e+308, 7.9563e-01, 4.0929e-03, 
 2DIAGNOSTIC,     5, -5.486805952477e-01, 1.797693134862e+308, 7.9973e-01, 4.1020e-03, 
 2DIAGNOSTIC,     6, -5.542790085272e-01, 1.797693134862e+308, 8.0387e-01, 4.1451e-03, 
 2DIAGNOSTIC,     7, -5.627123115611e-01, 1.797693134862e+308, 8.0799e-01, 4.1180e-03, 
 2DIAGNOSTIC,     8, -5.766609943856e-01, 1.797693134862e+308, 8.1236e-01, 4.3721e-03, 
 2DIAGNOSTIC,     9, -5.881111419397e-01, 1.797693134862e+308, 8.1667e-01, 4.3030e-03, 
 2DIAGNOSTIC,    10, -6.012927005665e-01, 7.820055967720e-03, 8.2236e-01, 5.6980e-03, 
 2DIAGNOSTIC,    11, -6.192402913589e-01, 8.564422673931e-03, 8.2970e-01, 7.3330e-03, 
 2DIAGNOSTIC,    12, -6.197111897441e-01, 8.513711436495e-03, 8.3379e-01, 4.0951e-03, 
 2DIAGNOSTIC,    13, -6.223136777510e-01, 7.932305190642e-03, 8.3805e-01, 4.2591e-03, 
 2DIAGNOSTIC,    14, -6.239859078533e-01, 6.938967258809e-03, 8.4214e-01, 4.0929e-03, 
 2DIAGNOSTIC,    15, -6.258731029037e-01, 5.722268374544e-03, 8.4624e-01, 4.0932e-03, 
 2DIAGNOSTIC,    16, -6.290042957046e-01, 4.404898010737e-03, 8.5042e-01, 4.1809e-03, 
 2DIAGNOSTIC,    17, -6.327399548189e-01, 3.192249458079e-03, 8.5607e-01, 5.6520e-03, 
 2DIAGNOSTIC,    18, -6.361770329222e-01, 2.298162514718e-03, 8.6147e-01, 5.3990e-03, 
 2DIAGNOSTIC,    19, -6.381920795093e-01, 1.629119691767e-03, 8.6627e-01, 4.8010e-03, 
 2DIAGNOSTIC,    20, -6.414786468646e-01, 1.264281191406e-03, 8.7085e-01, 4.5781e-03, 
 2DIAGNOSTIC,    21, -6.422621311579e-01, 1.244231354733e-03, 8.7514e-01, 4.2911e-03, 
 2DIAGNOSTIC,    22, -6.443386369751e-01, 1.164065699598e-03, 8.7935e-01, 4.2090e-03, 
 2DIAGNOSTIC,    23, -6.458367311067e-01, 1.066297095931e-03, 8.8370e-01, 4.3530e-03, 
 2DIAGNOSTIC,    24, -6.528535016270e-01, 1.047817943936e-03, 8.8869e-01, 4.9860e-03, 
 2DIAGNOSTIC,    25, -6.591704566021e-01, 1.083081266595e-03, 8.9467e-01, 5.9841e-03, 
 2DIAGNOSTIC,    26, -6.605963663431e-01, 1.093549183207e-03, 8.9941e-01, 4.7381e-03, 
 2DIAGNOSTIC,    27, -6.608439805660e-01, 1.070984918618e-03, 9.0380e-01, 4.3941e-03, 
 2DIAGNOSTIC,    28, -6.615671817918e-01, 1.019502609873e-03, 9.0799e-01, 4.1900e-03, 
 2DIAGNOSTIC,    29, -6.628794628544e-01, 9.260607549128e-04, 9.1240e-01, 4.4079e-03, 
 2DIAGNOSTIC,    30, -6.728294789935e-01, 9.537367188569e-04, 9.1830e-01, 5.9030e-03, 
 2DIAGNOSTIC,    31, -6.735478268972e-01, 9.084139352582e-04, 9.2244e-01, 4.1339e-03, 
 2DIAGNOSTIC,    32, -6.743491696527e-01, 8.254112413241e-04, 9.2659e-01, 4.1540e-03, 
 2DIAGNOSTIC,    33, -6.778518302908e-01, 7.396586367688e-04, 9.3092e-01, 4.3249e-03, 
 2DIAGNOSTIC,    34, -6.872952959072e-01, 8.064167945484e-04, 9.3973e-01, 8.8100e-03, 
 2DIAGNOSTIC,    35, -6.877323520342e-01, 8.751620476499e-04, 9.4420e-01, 4.4701e-03, 
 2DIAGNOSTIC,    36, -6.893215897868e-01, 8.964279923208e-04, 9.4842e-01, 4.2210e-03, 
 2DIAGNOSTIC,    37, -6.927382819967e-01, 8.791409543766e-04, 9.5265e-01, 4.2331e-03, 
 2DIAGNOSTIC,    38, -7.010239045656e-01, 8.853425301007e-04, 9.5691e-01, 4.2629e-03, 
 2DIAGNOSTIC,    39, -7.063984716431e-01, 8.771416541829e-04, 9.6135e-01, 4.4329e-03, 
 2DIAGNOSTIC,    40, -7.084291974872e-01, 9.204363601280e-04, 9.6581e-01, 4.4591e-03, 
 2DIAGNOSTIC,    41, -7.161007271012e-01, 9.681526220455e-04, 9.7054e-01, 4.7309e-03, 
 2DIAGNOSTIC,    42, -7.193454246494e-01, 9.621543808469e-04, 9.7626e-01, 5.7180e-03, 
 2DIAGNOSTIC,    43, -7.222363382988e-01, 9.269901014639e-04, 9.8039e-01, 4.1311e-03, 
 2DIAGNOSTIC,    44, -7.286064547488e-01, 9.646004219153e-04, 9.8460e-01, 4.2140e-03, 
 2DIAGNOSTIC,    45, -7.390435566482e-01, 1.014361105455e-03, 9.8888e-01, 4.2760e-03, 
 2DIAGNOSTIC,    46, -7.436771771642e-01, 1.022128505296e-03, 9.9312e-01, 4.2460e-03, 
 2DIAGNOSTIC,    47, -7.509345044074e-01, 1.030179331138e-03, 1.0005e+00, 7.3342e-03, 
 2DIAGNOSTIC,    48, -7.533182077801e-01, 1.036036498406e-03, 1.0050e+00, 4.5691e-03, 
 2DIAGNOSTIC,    49, -7.534903232479e-01, 9.922813233397e-04, 1.0091e+00, 4.0359e-03, 
 2DIAGNOSTIC,    50, -7.537317317885e-01, 8.737080913606e-04, 1.0131e+00, 4.0309e-03, 
 2DIAGNOSTIC,    51, -7.543935860431e-01, 7.472186228577e-04, 1.0171e+00, 4.0538e-03, 
 2DIAGNOSTIC,    52, -7.563248164435e-01, 5.978700214928e-04, 1.0217e+00, 4.5340e-03, 
 2DIAGNOSTIC,    53, -7.580265699467e-01, 4.343745277610e-04, 1.0257e+00, 4.0150e-03, 
 2DIAGNOSTIC,    54, -7.586954527557e-01, 2.910558441072e-04, 1.0303e+00, 4.5600e-03, 
 2DIAGNOSTIC,    55, -7.594668331928e-01, 2.133122922079e-04, 1.0348e+00, 4.5550e-03, 
 2DIAGNOSTIC,    56, -7.608596292215e-01, 1.629380629360e-04, 1.0395e+00, 4.7252e-03, 
 2DIAGNOSTIC,    57, -7.620861341908e-01, 1.615165282742e-04, 1.0451e+00, 5.5220e-03, 
 2DIAGNOSTIC,    58, -7.621524437275e-01, 1.624183809274e-04, 1.0495e+00, 4.4901e-03, 
 2DIAGNOSTIC,    59, -7.618906297171e-01, 1.474626978997e-04, 1.0536e+00, 4.0429e-03, 
 2DIAGNOSTIC,    60, -7.618527254624e-01, 1.206938968346e-04, 1.0576e+00, 3.9971e-03, 
 2DIAGNOSTIC,    61, -7.617976522682e-01, 8.720147187135e-05, 1.0623e+00, 4.6699e-03, 
 2DIAGNOSTIC,    62, -7.619887175357e-01, 6.064052701393e-05, 1.0668e+00, 4.5440e-03, 
 2DIAGNOSTIC,    63, -7.620627915554e-01, 4.111910114649e-05, 1.0715e+00, 4.6520e-03, 
 2DIAGNOSTIC,    64, -7.619888600436e-01, 2.240740505498e-05, 1.0764e+00, 4.9391e-03, 
 2DIAGNOSTIC,    65, -7.619396336771e-01, 6.790499774530e-06, 1.0892e+00, 1.2831e-02, 
DIAGNOSTIC,Iteration,metricValue,convergenceValue,ITERATION_TIME_INDEX,SINCE_LAST
 2DIAGNOSTIC,     1, -6.062269247765e-01, 1.797693134862e+308, 1.8030e+00, 7.1377e-01, 
 2DIAGNOSTIC,     2, -6.071085430849e-01, 1.797693134862e+308, 1.8312e+00, 2.8201e-02, 
 2DIAGNOSTIC,     3, -6.083610435716e-01, 1.797693134862e+308, 1.8611e+00, 2.9910e-02, 
 2DIAGNOSTIC,     4, -6.096722443389e-01, 1.797693134862e+308, 1.8896e+00, 2.8490e-02, 
 2DIAGNOSTIC,     5, -6.107580249848e-01, 1.797693134862e+308, 1.9189e+00, 2.9351e-02, 
 2DIAGNOSTIC,     6, -6.117051947945e-01, 1.797693134862e+308, 1.9496e+00, 3.0670e-02, 
 2DIAGNOSTIC,     7, -6.130300617564e-01, 1.797693134862e+308, 1.9807e+00, 3.1080e-02, 
 2DIAGNOSTIC,     8, -6.192405504217e-01, 1.797693134862e+308, 2.0250e+00, 4.4298e-02, 
 2DIAGNOSTIC,     9, -6.197643412438e-01, 1.797693134862e+308, 2.0707e+00, 4.5666e-02, 
 2DIAGNOSTIC,    10, -6.199068677286e-01, 1.585252751847e-03, 2.1154e+00, 4.4710e-02, 
 2DIAGNOSTIC,    11, -6.199668501745e-01, 1.444195439097e-03, 2.1555e+00, 4.0166e-02, 
 2DIAGNOSTIC,    12, -6.199727028169e-01, 1.230347948012e-03, 2.1945e+00, 3.8940e-02, 
 2DIAGNOSTIC,    13, -6.200130966619e-01, 9.807566568766e-04, 2.2381e+00, 4.3626e-02, 
 2DIAGNOSTIC,    14, -6.200569192285e-01, 7.220574815663e-04, 2.2786e+00, 4.0526e-02, 
 2DIAGNOSTIC,    15, -6.202022180340e-01, 4.729901291084e-04, 2.3131e+00, 3.4450e-02, 
 2DIAGNOSTIC,    16, -6.204001249326e-01, 2.463722752759e-04, 2.3560e+00, 4.2964e-02, 
 2DIAGNOSTIC,    17, -6.205476406514e-01, 5.941074946283e-05, 2.4259e+00, 6.9874e-02, 
 2DIAGNOSTIC,    18, -6.205567205243e-01, 4.716962773979e-05, 2.4556e+00, 2.9682e-02, 
 2DIAGNOSTIC,    19, -6.205548646680e-01, 4.469239374235e-05, 2.4879e+00, 3.2306e-02, 
 2DIAGNOSTIC,    20, -6.205803025799e-01, 4.230040600338e-05, 2.5206e+00, 3.2720e-02, 
 2DIAGNOSTIC,    21, -6.206003535161e-01, 3.801601068625e-05, 2.5628e+00, 4.2197e-02, 
 2DIAGNOSTIC,    22, -6.206048941442e-01, 3.089678574351e-05, 2.5922e+00, 2.9356e-02, 
 2DIAGNOSTIC,    23, -6.206478448310e-01, 2.338655165090e-05, 2.6302e+00, 3.8006e-02, 
 2DIAGNOSTIC,    24, -6.206669109429e-01, 1.564500370774e-05, 2.6603e+00, 3.0146e-02, 
 2DIAGNOSTIC,    25, -6.206575470326e-01, 9.608740278617e-06, 2.6945e+00, 3.4168e-02, 
 2DIAGNOSTIC,    26, -6.206772194645e-01, 7.047968366640e-06, 2.7361e+00, 4.1563e-02, 
 2DIAGNOSTIC,    27, -6.207115290606e-01, 7.219984263417e-06, 2.7688e+00, 3.2728e-02, 
 2DIAGNOSTIC,    28, -6.207477289743e-01, 7.537728797281e-06, 2.8012e+00, 3.2409e-02, 
 2DIAGNOSTIC,    29, -6.208205126154e-01, 8.336218368765e-06, 2.8395e+00, 3.8262e-02, 
 2DIAGNOSTIC,    30, -6.208802480312e-01, 9.689532830905e-06, 2.8760e+00, 3.6554e-02, 
 2DIAGNOSTIC,    31, -6.209188898779e-01, 1.101008919156e-05, 2.9137e+00, 3.7689e-02, 
 2DIAGNOSTIC,    32, -6.209186315693e-01, 1.134737569361e-05, 2.9546e+00, 4.0918e-02, 
 2DIAGNOSTIC,    33, -6.209131584949e-01, 1.120616505701e-05, 2.9910e+00, 3.6406e-02, 
 2DIAGNOSTIC,    34, -6.209075526353e-01, 1.028697948337e-05, 3.0289e+00, 3.7872e-02, 
 2DIAGNOSTIC,    35, -6.208901229894e-01, 8.168814805355e-06, 3.0649e+00, 3.5989e-02, 
 2DIAGNOSTIC,    36, -6.208868071765e-01, 5.689027720482e-06, 3.1090e+00, 4.4068e-02, 
 2DIAGNOSTIC,    37, -6.208890221807e-01, 3.346579552439e-06, 3.1459e+00, 3.6927e-02, 
 2DIAGNOSTIC,    38, -6.209082339254e-01, 1.549242773954e-06, 3.1850e+00, 3.9105e-02, 
 2DIAGNOSTIC,    39, -6.211193212913e-01, 3.101709596335e-06, 3.2501e+00, 6.5090e-02, 
 2DIAGNOSTIC,    40, -6.211143910053e-01, 4.911727936645e-06, 3.2901e+00, 4.0068e-02, 
 2DIAGNOSTIC,    41, -6.211080295385e-01, 6.635450010856e-06, 3.3255e+00, 3.5402e-02, 
 2DIAGNOSTIC,    42, -6.211042241734e-01, 7.708935756832e-06, 3.3877e+00, 6.2157e-02, 
 2DIAGNOSTIC,    43, -6.211023304209e-01, 7.976134674719e-06, 3.4245e+00, 3.6834e-02, 
 2DIAGNOSTIC,    44, -6.210821669247e-01, 7.237237452593e-06, 3.4633e+00, 3.8718e-02, 
 2DIAGNOSTIC,    45, -6.211011706821e-01, 5.927062298884e-06, 3.5000e+00, 3.6762e-02, 
 2DIAGNOSTIC,    46, -6.211025682171e-01, 4.184955488405e-06, 3.5377e+00, 3.7725e-02, 
 2DIAGNOSTIC,    47, -6.211220189744e-01, 2.412954719148e-06, 3.5726e+00, 3.4873e-02, 
DIAGNOSTIC,Iteration,metricValue,convergenceValue,ITERATION_TIME_INDEX,SINCE_LAST
 2DIAGNOSTIC,     1, -5.346166756452e-01, 1.797693134862e+308, 4.8632e+00, 1.2906e+00, 
 2DIAGNOSTIC,     2, -5.348180213706e-01, 1.797693134862e+308, 5.2528e+00, 3.8959e-01, 
 2DIAGNOSTIC,     3, -5.349523980919e-01, 1.797693134862e+308, 5.6365e+00, 3.8364e-01, 
 2DIAGNOSTIC,     4, -5.351342399221e-01, 1.797693134862e+308, 5.9990e+00, 3.6250e-01, 
 2DIAGNOSTIC,     5, -5.352577907634e-01, 1.797693134862e+308, 6.4328e+00, 4.3378e-01, 
 2DIAGNOSTIC,     6, -5.354224983828e-01, 1.797693134862e+308, 6.9946e+00, 5.6182e-01, 
 2DIAGNOSTIC,     7, -5.354520930806e-01, 1.797693134862e+308, 7.4395e+00, 4.4497e-01, 
 2DIAGNOSTIC,     8, -5.354600057612e-01, 1.797693134862e+308, 7.7640e+00, 3.2450e-01, 
 2DIAGNOSTIC,     9, -5.354777243521e-01, 1.797693134862e+308, 8.1068e+00, 3.4271e-01, 
 2DIAGNOSTIC,    10, -5.355418745045e-01, 1.111659836984e-04, 8.4431e+00, 3.3635e-01, 
 2DIAGNOSTIC,    11, -5.356591439086e-01, 8.478579640180e-05, 8.7854e+00, 3.4231e-01, 
 2DIAGNOSTIC,    12, -5.359896019663e-01, 7.885184779956e-05, 9.4729e+00, 6.8747e-01, 
 2DIAGNOSTIC,    13, -5.359906678205e-01, 7.214274174444e-05, 9.9290e+00, 4.5615e-01, 
 2DIAGNOSTIC,    14, -5.359889176576e-01, 6.705173294862e-05, 1.0379e+01, 4.5000e-01, 
 2DIAGNOSTIC,    15, -5.359879257757e-01, 6.105027468815e-05, 1.0802e+01, 4.2248e-01, 
 2DIAGNOSTIC,    16, -5.359858611263e-01, 5.566202433761e-05, 1.1319e+01, 5.1747e-01, 
 2DIAGNOSTIC,    17, -5.359859371956e-01, 4.673865302910e-05, 1.1826e+01, 5.0735e-01, 
 2DIAGNOSTIC,    18, -5.359838674949e-01, 3.486129401176e-05, 1.2320e+01, 4.9358e-01, 
 2DIAGNOSTIC,    19, -5.359818139552e-01, 2.174645341053e-05, 1.2819e+01, 4.9859e-01, 
 2DIAGNOSTIC,    20, -5.359819028132e-01, 9.802208446132e-06, 1.3237e+01, 4.1819e-01, 
DIAGNOSTIC,Iteration,metricValue,convergenceValue,ITERATION_TIME_INDEX,SINCE_LAST
 2DIAGNOSTIC,     1, -4.896166338404e-01, 1.797693134862e+308, 1.7056e+01, 3.8193e+00, 
 2DIAGNOSTIC,     2, -4.896208995284e-01, 1.797693134862e+308, 1.9654e+01, 2.5975e+00, 
 2DIAGNOSTIC,     3, -4.896204296287e-01, 1.797693134862e+308, 2.2053e+01, 2.3993e+00, 
 2DIAGNOSTIC,     4, -4.896205392325e-01, 1.797693134862e+308, 2.3969e+01, 1.9161e+00, 
 2DIAGNOSTIC,     5, -4.896206152778e-01, 1.797693134862e+308, 2.5937e+01, 1.9677e+00, 
 2DIAGNOSTIC,     6, -4.896204094906e-01, 1.797693134862e+308, 2.8170e+01, 2.2335e+00, 
 2DIAGNOSTIC,     7, -4.896201407426e-01, 1.797693134862e+308, 2.9997e+01, 1.8267e+00, 
 2DIAGNOSTIC,     8, -4.896201967887e-01, 1.797693134862e+308, 3.1909e+01, 1.9119e+00, 
 2DIAGNOSTIC,     9, -4.896201151806e-01, 1.797693134862e+308, 3.4634e+01, 2.7249e+00, 
 2DIAGNOSTIC,    10, -4.896200152140e-01, 3.315242062082e-06, 3.6944e+01, 2.3107e+00, 
 2DIAGNOSTIC,    11, -4.896200553109e-01, 2.799794350458e-06, 3.9003e+01, 2.0589e+00, 
 2DIAGNOSTIC,    12, -4.896203177917e-01, 2.598388282496e-06, 4.1210e+01, 2.2062e+00, 
 2DIAGNOSTIC,    13, -4.896203764771e-01, 2.413722067121e-06, 4.3287e+01, 2.0773e+00, 
 2DIAGNOSTIC,    14, -4.896202571610e-01, 2.257826920010e-06, 4.5105e+01, 1.8178e+00, 
 2DIAGNOSTIC,    15, -4.896200419809e-01, 2.119175092588e-06, 4.7025e+01, 1.9202e+00, 
 2DIAGNOSTIC,    16, -4.896198951147e-01, 1.985612183855e-06, 4.9199e+01, 2.1739e+00, 
 2DIAGNOSTIC,    17, -4.896198541303e-01, 1.857098090342e-06, 5.1574e+01, 2.3750e+00, 
 2DIAGNOSTIC,    18, -4.896197287076e-01, 1.741802478084e-06, 5.3591e+01, 2.0169e+00, 
 2DIAGNOSTIC,    19, -4.896195388204e-01, 1.633038176886e-06, 5.5371e+01, 1.7806e+00, 
 2DIAGNOSTIC,    20, -4.896194500326e-01, 1.533812581667e-06, 5.7026e+01, 1.6550e+00, 
 2DIAGNOSTIC,    21, -4.896193805077e-01, 1.448307303677e-06, 5.8938e+01, 1.9112e+00, 
 2DIAGNOSTIC,    22, -4.896193429280e-01, 1.382526517789e-06, 6.4003e+01, 5.0658e+00, 
 2DIAGNOSTIC,    23, -4.896193785930e-01, 1.330781932575e-06, 6.9085e+01, 5.0813e+00, 
 2DIAGNOSTIC,    24, -4.896192764951e-01, 1.283017038979e-06, 7.3643e+01, 4.5583e+00, 
 2DIAGNOSTIC,    25, -4.896191706378e-01, 1.235760121260e-06, 7.7641e+01, 3.9985e+00, 
 2DIAGNOSTIC,    26, -4.896189556620e-01, 1.187519040949e-06, 8.1547e+01, 3.9055e+00, 
 2DIAGNOSTIC,    27, -4.896189854468e-01, 1.146077941223e-06, 8.3635e+01, 2.0885e+00, 
 2DIAGNOSTIC,    28, -4.896190357113e-01, 1.109021775261e-06, 8.5563e+01, 1.9276e+00, 
 2DIAGNOSTIC,    29, -4.896188876839e-01, 1.070281723685e-06, 8.7600e+01, 2.0369e+00, 
 2DIAGNOSTIC,    30, -4.896188713993e-01, 1.034809171359e-06, 8.9626e+01, 2.0260e+00, 
 2DIAGNOSTIC,    31, -4.896188553849e-01, 1.002500146265e-06, 9.2030e+01, 2.4041e+00, 
  Elapsed time (stage 0): 9.3623e+01


Total elapsed time: 9.3626e+01
Info [verificarlo]: loaded backend libinterflop_vprec.so
Info [interflop-vprec]: load backend with: 
Info [interflop-vprec]: precision-binary32 = 13
Info [interflop-vprec]: range-binary32 = 7
Info [interflop-vprec]: precision-binary64 = 13
Info [interflop-vprec]: range-binary64 = 7
Info [interflop-vprec]: mode = ob
Info [interflop-vprec]: error-mode = rel
Info [interflop-vprec]: max-abs-error-exponent = -1022
Info [interflop-vprec]: daz = false
Info [interflop-vprec]: ftz = false
Info [interflop-vprec]: 	instrument = none
Info [interflop-vprec]: 	prec-input-file = (null)
Info [interflop-vprec]: 	prec-output-file = (null)
Info [interflop-vprec]: 	prec-log-file = (null)
All_Command_lines_OK
Using double precision for computations.
=============================================================================
The composite transform comprises the following transforms (in order): 
  1. /home/mdugre/scratch/mri-registration-rp/datasets/ds004513/derivatives/mri-registration-rp/0011/antsRegistration-r7-p13/sub-s025/rigid_Composite.h5[0] (type = Euler3DTransform)
  2. /home/mdugre/scratch/mri-registration-rp/datasets/ds004513/derivatives/mri-registration-rp/0011/antsRegistration-r7-p13/sub-s025/rigid_Composite.h5[1] (type = Euler3DTransform)
  3. /home/mdugre/scratch/mri-registration-rp/datasets/ds004513/derivatives/mri-registration-rp/0011/antsRegistration-r7-p13/sub-s025/rigid_Composite.h5[2] (type = Euler3DTransform)
=============================================================================
  number of levels = 4
  fixed image: /templateflow/tpl-MNI152NLin2009cAsym/tpl-MNI152NLin2009cAsym_res-01_desc-brain_T1w.nii.gz
  moving image: /home/mdugre/scratch/mri-registration-rp/datasets/ds004513/derivatives/mri-registration-rp/antsBrainExtraction/sub-s025/BrainExtractionBrain.nii.gz
Dimension = 3
Number of stages = 1
Use histogram matching = false
Winsorize image intensities = true
  Lower quantile = 0.005
  Upper quantile = 0.995


Stage 1 State
   Image metric = MattesMI
     Fixed image = Image (0x3c82490)
  RTTI typeinfo:   itk::Image<double, 3u>
  Reference Count: 2
  Modified Time: 1592
  Debug: Off
  Object Name: 
  Observers: 
    none
  Source: (none)
  Source output name: (none)
  Release Data: Off
  Data Released: False
  Global Release Data: Off
  PipelineMTime: 0
  UpdateMTime: 1203
  RealTimeStamp: 0 seconds 
  LargestPossibleRegion: 
    Dimension: 3
    Index: [0, 0, 0]
    Size: [193, 229, 193]
  BufferedRegion: 
    Dimension: 3
    Index: [0, 0, 0]
    Size: [193, 229, 193]
  RequestedRegion: 
    Dimension: 3
    Index: [0, 0, 0]
    Size: [193, 229, 193]
  Spacing: [1, 1, 1]
  Origin: [96, 132, -78]
  Direction: 
-1 0 0
0 -1 0
0 0 1

  IndexToPointMatrix: 
-1 0 0
0 -1 0
0 0 1

  PointToIndexMatrix: 
-1 0 0
0 -1 0
0 0 1

  Inverse Direction: 
-1 0 0
0 -1 0
0 0 1

  PixelContainer: 
    ImportImageContainer (0x3d4d8c0)
      RTTI typeinfo:   itk::ImportImageContainer<unsigned long, double>
      Reference Count: 1
      Modified Time: 1200
      Debug: Off
      Object Name: 
      Observers: 
        none
      Pointer: 0x146c7f67d010
      Container manages memory: true
      Size: 8530021
      Capacity: 8530021

     Moving image = Image (0x3d3db60)
  RTTI typeinfo:   itk::Image<double, 3u>
  Reference Count: 2
  Modified Time: 1593
  Debug: Off
  Object Name: 
  Observers: 
    none
  Source: (none)
  Source output name: (none)
  Release Data: Off
  Data Released: False
  Global Release Data: Off
  PipelineMTime: 0
  UpdateMTime: 1590
  RealTimeStamp: 0 seconds 
  LargestPossibleRegion: 
    Dimension: 3
    Index: [0, 0, 0]
    Size: [176, 240, 256]
  BufferedRegion: 
    Dimension: 3
    Index: [0, 0, 0]
    Size: [176, 240, 256]
  RequestedRegion: 
    Dimension: 3
    Index: [0, 0, 0]
    Size: [176, 240, 256]
  Spacing: [1, 1, 1]
  Origin: [90.375, 84.5078, -154.078]
  Direction: 
-0.99939 7.48178e-06 -0.0348969
-7.47666e-06 -1 -2.79542e-07
-0.0348969 -1.84482e-08 0.99939

  IndexToPointMatrix: 
-0.99939 7.48178e-06 -0.0348969
-7.47666e-06 -1 -2.79542e-07
-0.0348969 -1.84482e-08 0.99939

  PointToIndexMatrix: 
-0.99939 -7.47666e-06 -0.0348969
7.48178e-06 -1 -1.84518e-08
-0.0348969 -2.79542e-07 0.99939

  Inverse Direction: 
-0.99939 -7.47666e-06 -0.0348969
7.48178e-06 -1 -1.84518e-08
-0.0348969 -2.79542e-07 0.99939

  PixelContainer: 
    ImportImageContainer (0x3cb5bd0)
      RTTI typeinfo:   itk::ImportImageContainer<unsigned long, double>
      Reference Count: 1
      Modified Time: 1587
      Debug: Off
      Object Name: 
      Observers: 
        none
      Pointer: 0x146c7a3fc010
      Container manages memory: true
      Size: 10813440
      Capacity: 10813440

     Weighting = 1
     Sampling strategy = regular
     Number of bins = 32
     Radius = 4
     Sampling percentage  = 0.25
   Transform = Affine
     Gradient step = 0.1
     Update field sigma (voxel space) = 0
     Total field sigma (voxel space) = 0
     Update field time sigma = 0
     Total field time sigma  = 0
     Number of time indices = 0
     Number of time point samples = 0
Registration using 1 total stages.

Stage 0
  iterations = 1000x500x250x100
  convergence threshold = 1e-06
  convergence window size = 10
  number of levels = 4
  using the Mattes MI metric (number of bins = 32, weight = 1, use gradient filter = 0)
  preprocessing:  winsorizing the image intensities
  Shrink factors (level 1 out of 4): [8, 8, 8]
  Shrink factors (level 2 out of 4): [4, 4, 4]
  Shrink factors (level 3 out of 4): [2, 2, 2]
  Shrink factors (level 4 out of 4): [1, 1, 1]
  smoothing sigmas per level: [3, 2, 1, 0]
  regular sampling (percentage = 0.25)

*** Running AffineTransform registration ***

DIAGNOSTIC,Iteration,metricValue,convergenceValue,ITERATION_TIME_INDEX,SINCE_LAST
 2DIAGNOSTIC,     1, -7.476484967826e-01, 1.797693134862e+308, 0.0000e+00, 0.0000e+00, 
 2DIAGNOSTIC,     2, -7.494392031329e-01, 1.797693134862e+308, 0.0000e+00, 0.0000e+00, 
 2DIAGNOSTIC,     3, -7.525668379911e-01, 1.797693134862e+308, 0.0000e+00, 0.0000e+00, 
 2DIAGNOSTIC,     4, -7.589258892434e-01, 1.797693134862e+308, 0.0000e+00, 0.0000e+00, 
 2DIAGNOSTIC,     5, -7.707624014117e-01, 1.797693134862e+308, 0.0000e+00, 0.0000e+00, 
 2DIAGNOSTIC,     6, -7.936718254822e-01, 1.797693134862e+308, 0.0000e+00, 0.0000e+00, 
 2DIAGNOSTIC,     7, -8.670306051636e-01, 1.797693134862e+308, 0.0000e+00, 0.0000e+00, 
 2DIAGNOSTIC,     8, -8.710446167393e-01, 1.797693134862e+308, 0.0000e+00, 0.0000e+00, 
 2DIAGNOSTIC,     9, -8.783481837425e-01, 1.797693134862e+308, 0.0000e+00, 0.0000e+00, 
 2DIAGNOSTIC,    10, -8.876409288394e-01, 1.372825078472e-02, 0.0000e+00, 0.0000e+00, 
 2DIAGNOSTIC,    11, -8.986373076923e-01, 1.298530449731e-02, 0.0000e+00, 0.0000e+00, 
 2DIAGNOSTIC,    12, -9.111118621141e-01, 1.158368177486e-02, 0.0000e+00, 0.0000e+00, 
 2DIAGNOSTIC,    13, -9.161388795543e-01, 9.588636758180e-03, 0.0000e+00, 0.0000e+00, 
 2DIAGNOSTIC,    14, -9.208423120284e-01, 7.334366245446e-03, 0.0000e+00, 0.0000e+00, 
 2DIAGNOSTIC,    15, -9.254058694259e-01, 5.114675860578e-03, 0.0000e+00, 0.0000e+00, 
 2DIAGNOSTIC,    16, -9.278352798962e-01, 3.215690156473e-03, 0.0000e+00, 0.0000e+00, 
 2DIAGNOSTIC,    17, -9.305084879518e-01, 2.753066597155e-03, 0.0000e+00, 0.0000e+00, 
 2DIAGNOSTIC,    18, -9.312730976913e-01, 2.180495256026e-03, 0.0000e+00, 0.0000e+00, 
 2DIAGNOSTIC,    19, -9.330954365520e-01, 1.630457252881e-03, 0.0000e+00, 0.0000e+00, 
 2DIAGNOSTIC,    20, -9.345612591300e-01, 1.162591594449e-03, 0.0000e+00, 0.0000e+00, 
 2DIAGNOSTIC,    21, -9.359099862452e-01, 8.226366001741e-04, 0.0000e+00, 0.0000e+00, 
 2DIAGNOSTIC,    22, -9.363361891361e-01, 6.297633291528e-04, 0.0000e+00, 0.0000e+00, 
 2DIAGNOSTIC,    23, -9.364297960758e-01, 4.680393223063e-04, 0.0000e+00, 0.0000e+00, 
 2DIAGNOSTIC,    24, -9.366266173480e-01, 3.422997883911e-04, 0.0000e+00, 0.0000e+00, 
 2DIAGNOSTIC,    25, -9.366031817876e-01, 2.532947763628e-04, 0.0000e+00, 0.0000e+00, 
 2DIAGNOSTIC,    26, -9.367126098353e-01, 1.786468958860e-04, 0.0000e+00, 0.0000e+00, 
 2DIAGNOSTIC,    27, -9.367253858659e-01, 1.253437144038e-04, 0.0000e+00, 0.0000e+00, 
 2DIAGNOSTIC,    28, -9.367530601852e-01, 7.331063058801e-05, 0.0000e+00, 0.0000e+00, 
 2DIAGNOSTIC,    29, -9.366255978127e-01, 3.677659737265e-05, 0.0000e+00, 0.0000e+00, 
 2DIAGNOSTIC,    30, -9.364868729891e-01, 1.330739060703e-05, 0.0000e+00, 0.0000e+00, 
 2DIAGNOSTIC,    31, -9.365478950628e-01, 4.744045552056e-06, 0.0000e+00, 0.0000e+00, 
DIAGNOSTIC,Iteration,metricValue,convergenceValue,ITERATION_TIME_INDEX,SINCE_LAST
 2DIAGNOSTIC,     1, -7.514093379011e-01, 1.797693134862e+308, 0.0000e+00, 0.0000e+00, 
 2DIAGNOSTIC,     2, -7.515835769545e-01, 1.797693134862e+308, 0.0000e+00, 0.0000e+00, 
 2DIAGNOSTIC,     3, -7.518938724975e-01, 1.797693134862e+308, 0.0000e+00, 0.0000e+00, 
 2DIAGNOSTIC,     4, -7.522400756836e-01, 1.797693134862e+308, 0.0000e+00, 0.0000e+00, 
 2DIAGNOSTIC,     5, -7.532063867568e-01, 1.797693134862e+308, 0.0000e+00, 0.0000e+00, 
 2DIAGNOSTIC,     6, -7.538235895531e-01, 1.797693134862e+308, 0.0000e+00, 0.0000e+00, 
 2DIAGNOSTIC,     7, -7.539670430829e-01, 1.797693134862e+308, 0.0000e+00, 0.0000e+00, 
 2DIAGNOSTIC,     8, -7.539911477495e-01, 1.797693134862e+308, 0.0000e+00, 0.0000e+00, 
 2DIAGNOSTIC,     9, -7.539176954891e-01, 1.797693134862e+308, 0.0000e+00, 0.0000e+00, 
 2DIAGNOSTIC,    10, -7.539529486706e-01, 2.667057002609e-04, 0.0000e+00, 0.0000e+00, 
 2DIAGNOSTIC,    11, -7.539450611467e-01, 2.000583544751e-04, 0.0000e+00, 0.0000e+00, 
 2DIAGNOSTIC,    12, -7.539432882783e-01, 1.325121747715e-04, 0.0000e+00, 0.0000e+00, 
 2DIAGNOSTIC,    13, -7.539453898821e-01, 7.310152512305e-05, 0.0000e+00, 0.0000e+00, 
 2DIAGNOSTIC,    14, -7.539457546679e-01, 2.469624467198e-05, 0.0000e+00, 0.0000e+00, 
 2DIAGNOSTIC,    15, -7.539451414848e-01, 4.639070696838e-06, 0.0000e+00, 0.0000e+00, 
 2DIAGNOSTIC,    16, -7.539452029119e-01, 1.340232862065e-06, 0.0000e+00, 0.0000e+00, 
 2DIAGNOSTIC,    17, -7.539450731213e-01, 1.689274267851e-06, 0.0000e+00, 0.0000e+00, 
 2DIAGNOSTIC,    18, -7.539448877118e-01, 2.605374505450e-06, 0.0000e+00, 0.0000e+00, 
 2DIAGNOSTIC,    19, -7.539444112428e-01, 1.893189246857e-06, 0.0000e+00, 0.0000e+00, 
 2DIAGNOSTIC,    20, -7.539439951797e-01, 1.928195089491e-06, 0.0000e+00, 0.0000e+00, 
 2DIAGNOSTIC,    21, -7.539434590710e-01, 1.811439891836e-06, 0.0000e+00, 0.0000e+00, 
 2DIAGNOSTIC,    22, -7.539431906678e-01, 1.672842325585e-06, 0.0000e+00, 0.0000e+00, 
 2DIAGNOSTIC,    23, -7.539433961656e-01, 1.592534697621e-06, 0.0000e+00, 0.0000e+00, 
 2DIAGNOSTIC,    24, -7.539439452789e-01, 1.542441451063e-06, 0.0000e+00, 0.0000e+00, 
 2DIAGNOSTIC,    25, -7.539438000266e-01, 1.491848901289e-06, 0.0000e+00, 0.0000e+00, 
 2DIAGNOSTIC,    26, -7.539431581606e-01, 1.442821110968e-06, 0.0000e+00, 0.0000e+00, 
 2DIAGNOSTIC,    27, -7.539429821937e-01, 1.398296705916e-06, 0.0000e+00, 0.0000e+00, 
 2DIAGNOSTIC,    28, -7.539430189803e-01, 1.358611111855e-06, 0.0000e+00, 0.0000e+00, 
 2DIAGNOSTIC,    29, -7.539421438201e-01, 1.306489589778e-06, 0.0000e+00, 0.0000e+00, 
 2DIAGNOSTIC,    30, -7.539425591473e-01, 1.261443251299e-06, 0.0000e+00, 0.0000e+00, 
 2DIAGNOSTIC,    31, -7.539418621137e-01, 1.207552943326e-06, 0.0000e+00, 0.0000e+00, 
 2DIAGNOSTIC,    32, -7.539417114669e-01, 1.156547416795e-06, 0.0000e+00, 0.0000e+00, 
 2DIAGNOSTIC,    33, -7.539419569753e-01, 1.118951597837e-06, 0.0000e+00, 0.0000e+00, 
 2DIAGNOSTIC,    34, -7.539422171018e-01, 1.097886629782e-06, 0.0000e+00, 0.0000e+00, 
 2DIAGNOSTIC,    35, -7.539424839345e-01, 1.083643317655e-06, 0.0000e+00, 0.0000e+00, 
 2DIAGNOSTIC,    36, -7.539421271172e-01, 1.062210010012e-06, 0.0000e+00, 0.0000e+00, 
 2DIAGNOSTIC,    37, -7.539416946555e-01, 1.037481333944e-06, 0.0000e+00, 0.0000e+00, 
 2DIAGNOSTIC,    38, -7.539415851110e-01, 1.014746861497e-06, 0.0000e+00, 0.0000e+00, 
DIAGNOSTIC,Iteration,metricValue,convergenceValue,ITERATION_TIME_INDEX,SINCE_LAST
 2DIAGNOSTIC,     1, -6.418538302693e-01, 1.797693134862e+308, 0.0000e+00, 0.0000e+00, 
 2DIAGNOSTIC,     2, -6.422614363631e-01, 1.797693134862e+308, 0.0000e+00, 0.0000e+00, 
 2DIAGNOSTIC,     3, -6.426632362102e-01, 1.797693134862e+308, 0.0000e+00, 0.0000e+00, 
 2DIAGNOSTIC,     4, -6.431931509125e-01, 1.797693134862e+308, 0.0000e+00, 0.0000e+00, 
 2DIAGNOSTIC,     5, -6.437371563273e-01, 1.797693134862e+308, 0.0000e+00, 0.0000e+00, 
 2DIAGNOSTIC,     6, -6.444460390207e-01, 1.797693134862e+308, 0.0000e+00, 0.0000e+00, 
 2DIAGNOSTIC,     7, -6.444788673434e-01, 1.797693134862e+308, 0.0000e+00, 0.0000e+00, 
 2DIAGNOSTIC,     8, -6.444873456286e-01, 1.797693134862e+308, 0.0000e+00, 0.0000e+00, 
 2DIAGNOSTIC,     9, -6.444903632016e-01, 1.797693134862e+308, 0.0000e+00, 0.0000e+00, 
 2DIAGNOSTIC,    10, -6.445018008639e-01, 2.950298087051e-04, 0.0000e+00, 0.0000e+00, 
 2DIAGNOSTIC,    11, -6.445025118407e-01, 2.087877825784e-04, 0.0000e+00, 0.0000e+00, 
 2DIAGNOSTIC,    12, -6.445272038839e-01, 1.344606569415e-04, 0.0000e+00, 0.0000e+00, 
 2DIAGNOSTIC,    13, -6.445438428661e-01, 7.401546549871e-05, 0.0000e+00, 0.0000e+00, 
 2DIAGNOSTIC,    14, -6.445533805961e-01, 3.255654384270e-05, 0.0000e+00, 0.0000e+00, 
 2DIAGNOSTIC,    15, -6.445698276483e-01, 9.824927114904e-06, 0.0000e+00, 0.0000e+00, 
 2DIAGNOSTIC,    16, -6.446011338252e-01, 9.662899476723e-06, 0.0000e+00, 0.0000e+00, 
 2DIAGNOSTIC,    17, -6.446247847136e-01, 1.029307481551e-05, 0.0000e+00, 0.0000e+00, 
 2DIAGNOSTIC,    18, -6.446479531897e-01, 1.087999874411e-05, 0.0000e+00, 0.0000e+00, 
 2DIAGNOSTIC,    19, -6.446639655131e-01, 1.103727228753e-05, 0.0000e+00, 0.0000e+00, 
 2DIAGNOSTIC,    20, -6.446657004781e-01, 1.064098463566e-05, 0.0000e+00, 0.0000e+00, 
 2DIAGNOSTIC,    21, -6.446590907750e-01, 9.337566421200e-06, 0.0000e+00, 0.0000e+00, 
 2DIAGNOSTIC,    22, -6.446610924782e-01, 7.984440879072e-06, 0.0000e+00, 0.0000e+00, 
 2DIAGNOSTIC,    23, -6.446602839777e-01, 6.466860865230e-06, 0.0000e+00, 0.0000e+00, 
 2DIAGNOSTIC,    24, -6.446603288181e-01, 4.801694173925e-06, 0.0000e+00, 0.0000e+00, 
