
##########################
# Experiment information #
##########################

EXPERIMENT_NAME: antsRegistration-r7-p20
VFC_BACKENDS: libinterflop_vprec.so --range-binary32=7 --precision-binary32=20 --range-binary64=7 --precision-binary64=20

SIF_IMG: /home/mdugre/projects/rrg-glatard/mdugre/containers/ants-vprec-no_metrics.simg

SUBJECT_ID: s020
INPUT_IMG: /home/mdugre/scratch/mri-registration-rp/datasets/ds004513/derivatives/mri-registration-rp/antsBrainExtraction/sub-s020/BrainExtractionBrain.nii.gz
OUTPUT_DIR: /home/mdugre/scratch/mri-registration-rp/datasets/ds004513/derivatives/mri-registration-rp/0011/antsRegistration-r7-p20/sub-s020

FIXED_IMG: /templateflow/tpl-MNI152NLin2009cAsym/tpl-MNI152NLin2009cAsym_res-01_desc-brain_T1w.nii.gz
DATA_DIR: /home/mdugre/scratch/mri-registration-rp/datasets/ds004513
TEMPLATEFLOW_DIR: /home/mdugre/projects/rrg-glatard/mdugre/templateflow
ITK_GLOBAL_DEFAULT_NUMBER_OF_THREADS: 16
##########################

Info [verificarlo]: loaded backend libinterflop_ieee.so
Info [interflop-ieee]: load backend with:
Info [interflop-ieee]: debug = false
Info [interflop-ieee]: debug-binary = false
Info [interflop-ieee]: no-backend-name = false
Info [interflop-ieee]: print-new-line = false
Info [interflop-ieee]: print-subnormal-normalized = false
Info [interflop-ieee]: count-op = false
All_Command_lines_OK
Using double precision for computations.
=============================================================================
The composite transform comprises the following transforms (in order): 
  1. Center of mass alignment using fixed image: /templateflow/tpl-MNI152NLin2009cAsym/tpl-MNI152NLin2009cAsym_res-01_desc-brain_T1w.nii.gz and moving image: /home/mdugre/scratch/mri-registration-rp/datasets/ds004513/derivatives/mri-registration-rp/antsBrainExtraction/sub-s020/BrainExtractionBrain.nii.gz (type = Euler3DTransform)
=============================================================================
  number of levels = 1
  fixed image: /templateflow/tpl-MNI152NLin2009cAsym/tpl-MNI152NLin2009cAsym_res-01_desc-brain_T1w.nii.gz
  moving image: /home/mdugre/scratch/mri-registration-rp/datasets/ds004513/derivatives/mri-registration-rp/antsBrainExtraction/sub-s020/BrainExtractionBrain.nii.gz
Dimension = 3
Number of stages = 1
Use histogram matching = false
Winsorize image intensities = true
  Lower quantile = 0.005
  Upper quantile = 0.995


Stage 1 State
   Image metric = MattesMI
     Fixed image = Image (0x3361e70)
  RTTI typeinfo:   itk::Image<double, 3u>
  Reference Count: 2
  Modified Time: 2334
  Debug: Off
  Object Name: 
  Observers: 
    none
  Source: (none)
  Source output name: (none)
  Release Data: Off
  Data Released: False
  Global Release Data: Off
  PipelineMTime: 0
  UpdateMTime: 1943
  RealTimeStamp: 0 seconds 
  LargestPossibleRegion: 
    Dimension: 3
    Index: [0, 0, 0]
    Size: [193, 229, 193]
  BufferedRegion: 
    Dimension: 3
    Index: [0, 0, 0]
    Size: [193, 229, 193]
  RequestedRegion: 
    Dimension: 3
    Index: [0, 0, 0]
    Size: [193, 229, 193]
  Spacing: [1, 1, 1]
  Origin: [96, 132, -78]
  Direction: 
-1 0 0
0 -1 0
0 0 1

  IndexToPointMatrix: 
-1 0 0
0 -1 0
0 0 1

  PointToIndexMatrix: 
-1 0 0
0 -1 0
0 0 1

  Inverse Direction: 
-1 0 0
0 -1 0
0 0 1

  PixelContainer: 
    ImportImageContainer (0x336ac60)
      RTTI typeinfo:   itk::ImportImageContainer<unsigned long, double>
      Reference Count: 1
      Modified Time: 1940
      Debug: Off
      Object Name: 
      Observers: 
        none
      Pointer: 0x1492c2d00010
      Container manages memory: true
      Size: 8530021
      Capacity: 8530021

     Moving image = Image (0x336d610)
  RTTI typeinfo:   itk::Image<double, 3u>
  Reference Count: 2
  Modified Time: 2335
  Debug: Off
  Object Name: 
  Observers: 
    none
  Source: (none)
  Source output name: (none)
  Release Data: Off
  Data Released: False
  Global Release Data: Off
  PipelineMTime: 0
  UpdateMTime: 2332
  RealTimeStamp: 0 seconds 
  LargestPossibleRegion: 
    Dimension: 3
    Index: [0, 0, 0]
    Size: [160, 240, 256]
  BufferedRegion: 
    Dimension: 3
    Index: [0, 0, 0]
    Size: [160, 240, 256]
  RequestedRegion: 
    Dimension: 3
    Index: [0, 0, 0]
    Size: [160, 240, 256]
  Spacing: [0.999995, 1, 1]
  Origin: [87.0906, 98.7205, -152.377]
  Direction: 
-0.996975 0.0261379 -0.0731913
-0.0260677 -0.999658 -0.00191374
-0.0732163 -2.46403e-08 0.997316

  IndexToPointMatrix: 
-0.996971 0.0261379 -0.0731913
-0.0260676 -0.999658 -0.00191374
-0.0732159 -2.46403e-08 0.997316

  PointToIndexMatrix: 
-0.99698 -0.0260679 -0.0732166
0.0261379 -0.999658 -2.46993e-08
-0.0731913 -0.00191374 0.997316

  Inverse Direction: 
-0.996975 -0.0260677 -0.0732163
0.0261379 -0.999658 -2.46993e-08
-0.0731913 -0.00191374 0.997316

  PixelContainer: 
    ImportImageContainer (0x3406ef0)
      RTTI typeinfo:   itk::ImportImageContainer<unsigned long, double>
      Reference Count: 1
      Modified Time: 2329
      Debug: Off
      Object Name: 
      Observers: 
        none
      Pointer: 0x1492be1ff010
      Container manages memory: true
      Size: 9830400
      Capacity: 9830400

     Weighting = 1
     Sampling strategy = regular
     Number of bins = 32
     Radius = 4
     Sampling percentage  = 0.25
   Transform = Rigid
     Gradient step = 0.1
     Update field sigma (voxel space) = 0
     Total field sigma (voxel space) = 0
     Update field time sigma = 0
     Total field time sigma  = 0
     Number of time indices = 0
     Number of time point samples = 0
Registration using 1 total stages.

Stage 0
  iterations = 0
  convergence threshold = 1e-06
  convergence window size = 10
  number of levels = 1
  using the Mattes MI metric (number of bins = 32, weight = 1, use gradient filter = 0)
  preprocessing:  winsorizing the image intensities
  Shrink factors (level 1 out of 1): [1, 1, 1]
  smoothing sigmas per level: [0]
  regular sampling (percentage = 0.25)

*** Running Euler3DTransform registration ***

  Elapsed time (stage 0): 1.08838


Total elapsed time: 1.09064
Info [verificarlo]: loaded backend libinterflop_ieee.so
Info [interflop-ieee]: load backend with:
Info [interflop-ieee]: debug = false
Info [interflop-ieee]: debug-binary = false
Info [interflop-ieee]: no-backend-name = false
Info [interflop-ieee]: print-new-line = false
Info [interflop-ieee]: print-subnormal-normalized = false
Info [interflop-ieee]: count-op = false
All_Command_lines_OK
Using double precision for computations.
=============================================================================
The composite transform comprises the following transforms (in order): 
  1. /home/mdugre/scratch/mri-registration-rp/datasets/ds004513/derivatives/mri-registration-rp/0011/antsRegistration-r7-p20/sub-s020/align_Composite.h5[0] (type = Euler3DTransform)
  2. /home/mdugre/scratch/mri-registration-rp/datasets/ds004513/derivatives/mri-registration-rp/0011/antsRegistration-r7-p20/sub-s020/align_Composite.h5[1] (type = Euler3DTransform)
=============================================================================
  number of levels = 4
  fixed image: /templateflow/tpl-MNI152NLin2009cAsym/tpl-MNI152NLin2009cAsym_res-01_desc-brain_T1w.nii.gz
  moving image: /home/mdugre/scratch/mri-registration-rp/datasets/ds004513/derivatives/mri-registration-rp/antsBrainExtraction/sub-s020/BrainExtractionBrain.nii.gz
Dimension = 3
Number of stages = 1
Use histogram matching = false
Winsorize image intensities = true
  Lower quantile = 0.005
  Upper quantile = 0.995


Stage 1 State
   Image metric = MattesMI
     Fixed image = Image (0x4eab530)
  RTTI typeinfo:   itk::Image<double, 3u>
  Reference Count: 2
  Modified Time: 1580
  Debug: Off
  Object Name: 
  Observers: 
    none
  Source: (none)
  Source output name: (none)
  Release Data: Off
  Data Released: False
  Global Release Data: Off
  PipelineMTime: 0
  UpdateMTime: 1189
  RealTimeStamp: 0 seconds 
  LargestPossibleRegion: 
    Dimension: 3
    Index: [0, 0, 0]
    Size: [193, 229, 193]
  BufferedRegion: 
    Dimension: 3
    Index: [0, 0, 0]
    Size: [193, 229, 193]
  RequestedRegion: 
    Dimension: 3
    Index: [0, 0, 0]
    Size: [193, 229, 193]
  Spacing: [1, 1, 1]
  Origin: [96, 132, -78]
  Direction: 
-1 0 0
0 -1 0
0 0 1

  IndexToPointMatrix: 
-1 0 0
0 -1 0
0 0 1

  PointToIndexMatrix: 
-1 0 0
0 -1 0
0 0 1

  Inverse Direction: 
-1 0 0
0 -1 0
0 0 1

  PixelContainer: 
    ImportImageContainer (0x4f69d60)
      RTTI typeinfo:   itk::ImportImageContainer<unsigned long, double>
      Reference Count: 1
      Modified Time: 1186
      Debug: Off
      Object Name: 
      Observers: 
        none
      Pointer: 0x14910c4b9010
      Container manages memory: true
      Size: 8530021
      Capacity: 8530021

     Moving image = Image (0x4f5bf60)
  RTTI typeinfo:   itk::Image<double, 3u>
  Reference Count: 2
  Modified Time: 1581
  Debug: Off
  Object Name: 
  Observers: 
    none
  Source: (none)
  Source output name: (none)
  Release Data: Off
  Data Released: False
  Global Release Data: Off
  PipelineMTime: 0
  UpdateMTime: 1578
  RealTimeStamp: 0 seconds 
  LargestPossibleRegion: 
    Dimension: 3
    Index: [0, 0, 0]
    Size: [160, 240, 256]
  BufferedRegion: 
    Dimension: 3
    Index: [0, 0, 0]
    Size: [160, 240, 256]
  RequestedRegion: 
    Dimension: 3
    Index: [0, 0, 0]
    Size: [160, 240, 256]
  Spacing: [0.999995, 1, 1]
  Origin: [87.0906, 98.7205, -152.377]
  Direction: 
-0.996975 0.0261379 -0.0731913
-0.0260677 -0.999658 -0.00191374
-0.0732163 -2.46403e-08 0.997316

  IndexToPointMatrix: 
-0.996971 0.0261379 -0.0731913
-0.0260676 -0.999658 -0.00191374
-0.0732159 -2.46403e-08 0.997316

  PointToIndexMatrix: 
-0.99698 -0.0260679 -0.0732166
0.0261379 -0.999658 -2.46993e-08
-0.0731913 -0.00191374 0.997316

  Inverse Direction: 
-0.996975 -0.0260677 -0.0732163
0.0261379 -0.999658 -2.46993e-08
-0.0731913 -0.00191374 0.997316

  PixelContainer: 
    ImportImageContainer (0x4f4d6d0)
      RTTI typeinfo:   itk::ImportImageContainer<unsigned long, double>
      Reference Count: 1
      Modified Time: 1575
      Debug: Off
      Object Name: 
      Observers: 
        none
      Pointer: 0x1491079b8010
      Container manages memory: true
      Size: 9830400
      Capacity: 9830400

     Weighting = 1
     Sampling strategy = regular
     Number of bins = 32
     Radius = 4
     Sampling percentage  = 0.25
   Transform = Rigid
     Gradient step = 0.1
     Update field sigma (voxel space) = 0
     Total field sigma (voxel space) = 0
     Update field time sigma = 0
     Total field time sigma  = 0
     Number of time indices = 0
     Number of time point samples = 0
Registration using 1 total stages.

Stage 0
  iterations = 1000x500x250x100
  convergence threshold = 1e-06
  convergence window size = 10
  number of levels = 4
  using the Mattes MI metric (number of bins = 32, weight = 1, use gradient filter = 0)
  preprocessing:  winsorizing the image intensities
  Shrink factors (level 1 out of 4): [8, 8, 8]
  Shrink factors (level 2 out of 4): [4, 4, 4]
  Shrink factors (level 3 out of 4): [2, 2, 2]
  Shrink factors (level 4 out of 4): [1, 1, 1]
  smoothing sigmas per level: [3, 2, 1, 0]
  regular sampling (percentage = 0.25)

*** Running Euler3DTransform registration ***

DIAGNOSTIC,Iteration,metricValue,convergenceValue,ITERATION_TIME_INDEX,SINCE_LAST
 2DIAGNOSTIC,     1, -3.791273390751e-01, 1.797693134862e+308, 6.9584e-01, 6.9584e-01, 
 2DIAGNOSTIC,     2, -3.803606001643e-01, 1.797693134862e+308, 6.9980e-01, 3.9549e-03, 
 2DIAGNOSTIC,     3, -3.828962034719e-01, 1.797693134862e+308, 7.0346e-01, 3.6581e-03, 
 2DIAGNOSTIC,     4, -3.876122532015e-01, 1.797693134862e+308, 7.0766e-01, 4.2009e-03, 
 2DIAGNOSTIC,     5, -3.904935334081e-01, 1.797693134862e+308, 7.1214e-01, 4.4820e-03, 
 2DIAGNOSTIC,     6, -3.911039700181e-01, 1.797693134862e+308, 7.1581e-01, 3.6702e-03, 
 2DIAGNOSTIC,     7, -3.914905453856e-01, 1.797693134862e+308, 7.1956e-01, 3.7470e-03, 
 2DIAGNOSTIC,     8, -3.925629083064e-01, 1.797693134862e+308, 7.2336e-01, 3.8021e-03, 
 2DIAGNOSTIC,     9, -3.981570789235e-01, 1.797693134862e+308, 7.2737e-01, 4.0121e-03, 
 2DIAGNOSTIC,    10, -4.079218556696e-01, 3.866687266232e-03, 7.3259e-01, 5.2199e-03, 
 2DIAGNOSTIC,    11, -4.246779602407e-01, 4.904320352959e-03, 7.3718e-01, 4.5879e-03, 
 2DIAGNOSTIC,    12, -4.297045200929e-01, 5.673254149500e-03, 7.4129e-01, 4.1111e-03, 
 2DIAGNOSTIC,    13, -4.335692915527e-01, 6.156954111744e-03, 7.4600e-01, 4.7109e-03, 
 2DIAGNOSTIC,    14, -4.439932007361e-01, 6.764094567457e-03, 7.5013e-01, 4.1342e-03, 
 2DIAGNOSTIC,    15, -4.466217675361e-01, 6.904768054879e-03, 7.5485e-01, 4.7200e-03, 
 2DIAGNOSTIC,    16, -4.513528166459e-01, 6.619270364371e-03, 7.5894e-01, 4.0901e-03, 
 2DIAGNOSTIC,    17, -4.528510989277e-01, 5.844785595299e-03, 7.6353e-01, 4.5841e-03, 
 2DIAGNOSTIC,    18, -4.555717392127e-01, 4.777374767278e-03, 7.6975e-01, 6.2261e-03, 
 2DIAGNOSTIC,    19, -4.559551088047e-01, 3.601534480582e-03, 7.7380e-01, 4.0410e-03, 
 2DIAGNOSTIC,    20, -4.573567280765e-01, 2.586719204460e-03, 7.7995e-01, 6.1581e-03, 
 2DIAGNOSTIC,    21, -4.575251825655e-01, 1.982986143567e-03, 7.8429e-01, 4.3390e-03, 
 2DIAGNOSTIC,    22, -4.577285437824e-01, 1.415657970267e-03, 7.8871e-01, 4.4160e-03, 
 2DIAGNOSTIC,    23, -4.579445873571e-01, 8.825961081652e-04, 7.9266e-01, 3.9558e-03, 
 2DIAGNOSTIC,    24, -4.580221230015e-01, 6.077418363497e-04, 7.9680e-01, 4.1370e-03, 
 2DIAGNOSTIC,    25, -4.581754724611e-01, 3.715324069017e-04, 8.0077e-01, 3.9711e-03, 
 2DIAGNOSTIC,    26, -4.586244141306e-01, 2.523917534263e-04, 8.0474e-01, 3.9649e-03, 
 2DIAGNOSTIC,    27, -4.589279012950e-01, 1.618108752965e-04, 8.1063e-01, 5.8908e-03, 
 2DIAGNOSTIC,    28, -4.591701121818e-01, 1.331753811892e-04, 8.1459e-01, 3.9630e-03, 
 2DIAGNOSTIC,    29, -4.592793081335e-01, 1.046688702592e-04, 8.1856e-01, 3.9721e-03, 
 2DIAGNOSTIC,    30, -4.596799945667e-01, 1.080383271123e-04, 8.2441e-01, 5.8441e-03, 
 2DIAGNOSTIC,    31, -4.599199764283e-01, 1.093697449648e-04, 8.2883e-01, 4.4260e-03, 
 2DIAGNOSTIC,    32, -4.598935645476e-01, 1.037819725749e-04, 8.3289e-01, 4.0550e-03, 
 2DIAGNOSTIC,    33, -4.599265595056e-01, 9.399876135771e-05, 8.3680e-01, 3.9132e-03, 
 2DIAGNOSTIC,    34, -4.600277587850e-01, 7.953345268123e-05, 8.4075e-01, 3.9501e-03, 
 2DIAGNOSTIC,    35, -4.600842252897e-01, 6.210039425913e-05, 8.4475e-01, 3.9980e-03, 
 2DIAGNOSTIC,    36, -4.601738615614e-01, 4.946567447645e-05, 8.4870e-01, 3.9520e-03, 
 2DIAGNOSTIC,    37, -4.608190209243e-01, 4.962310012036e-05, 8.5323e-01, 4.5271e-03, 
 2DIAGNOSTIC,    38, -4.609122609487e-01, 5.067503917942e-05, 8.5766e-01, 4.4301e-03, 
 2DIAGNOSTIC,    39, -4.609607343484e-01, 4.947933725858e-05, 8.6167e-01, 4.0071e-03, 
 2DIAGNOSTIC,    40, -4.618994716304e-01, 6.544327179547e-05, 8.6761e-01, 5.9421e-03, 
 2DIAGNOSTIC,    41, -4.622081159338e-01, 8.267738112769e-05, 8.7157e-01, 3.9639e-03, 
 2DIAGNOSTIC,    42, -4.622465874153e-01, 9.131795929362e-05, 8.7559e-01, 4.0219e-03, 
 2DIAGNOSTIC,    43, -4.624146695411e-01, 9.411115774678e-05, 8.7954e-01, 3.9480e-03, 
 2DIAGNOSTIC,    44, -4.624640065868e-01, 9.015272308834e-05, 8.8378e-01, 4.2360e-03, 
 2DIAGNOSTIC,    45, -4.631176707521e-01, 8.786825394873e-05, 8.8878e-01, 4.9999e-03, 
 2DIAGNOSTIC,    46, -4.638261047764e-01, 8.794839440646e-05, 8.9328e-01, 4.4990e-03, 
 2DIAGNOSTIC,    47, -4.649935332273e-01, 1.044532497384e-04, 8.9922e-01, 5.9409e-03, 
 2DIAGNOSTIC,    48, -4.651652200988e-01, 1.138204521555e-04, 9.0387e-01, 4.6570e-03, 
 2DIAGNOSTIC,    49, -4.653265315256e-01, 1.146268517768e-04, 9.0838e-01, 4.5071e-03, 
 2DIAGNOSTIC,    50, -4.653960310627e-01, 1.173674956967e-04, 9.1240e-01, 4.0181e-03, 
 2DIAGNOSTIC,    51, -4.656759927897e-01, 1.160208914696e-04, 9.1645e-01, 4.0531e-03, 
 2DIAGNOSTIC,    52, -4.659519415954e-01, 1.072768717720e-04, 9.2048e-01, 4.0259e-03, 
 2DIAGNOSTIC,    53, -4.663746683195e-01, 9.585500097666e-05, 9.2512e-01, 4.6401e-03, 
 2DIAGNOSTIC,    54, -4.674824413264e-01, 8.942670953764e-05, 9.2971e-01, 4.5869e-03, 
 2DIAGNOSTIC,    55, -4.682879923381e-01, 9.130850234510e-05, 9.3422e-01, 4.5130e-03, 
 2DIAGNOSTIC,    56, -4.685543027072e-01, 9.507418127989e-05, 9.3817e-01, 3.9520e-03, 
 2DIAGNOSTIC,    57, -4.690633136916e-01, 1.084709700450e-04, 9.4267e-01, 4.5030e-03, 
 2DIAGNOSTIC,    58, -4.699811229956e-01, 1.228549008314e-04, 9.4658e-01, 3.9051e-03, 
 2DIAGNOSTIC,    59, -4.737669340839e-01, 1.671020236718e-04, 9.5191e-01, 5.3289e-03, 
 2DIAGNOSTIC,    60, -4.853462286726e-01, 3.157455095716e-04, 9.6018e-01, 8.2731e-03, 
 2DIAGNOSTIC,    61, -4.870212026904e-01, 4.463590806363e-04, 9.6460e-01, 4.4191e-03, 
 2DIAGNOSTIC,    62, -4.887529073724e-01, 5.515887163972e-04, 9.6866e-01, 4.0560e-03, 
 2DIAGNOSTIC,    63, -4.911204998945e-01, 6.292465079851e-04, 9.7298e-01, 4.3280e-03, 
 2DIAGNOSTIC,    64, -4.945159675109e-01, 6.867080770862e-04, 9.7776e-01, 4.7741e-03, 
 2DIAGNOSTIC,    65, -4.951282024842e-01, 6.876157465798e-04, 9.8203e-01, 4.2751e-03, 
 2DIAGNOSTIC,    66, -4.961113310527e-01, 6.346826480089e-04, 9.8825e-01, 6.2180e-03, 
 2DIAGNOSTIC,    67, -4.983363893781e-01, 5.499038664097e-04, 9.9251e-01, 4.2601e-03, 
 2DIAGNOSTIC,    68, -4.995606941083e-01, 4.343325787880e-04, 9.9751e-01, 5.0020e-03, 
 2DIAGNOSTIC,    69, -5.003305425741e-01, 3.188833958476e-04, 1.0019e+00, 4.3690e-03, 
 2DIAGNOSTIC,    70, -5.010297052566e-01, 2.861541121987e-04, 1.0061e+00, 4.2660e-03, 
 2DIAGNOSTIC,    71, -5.013983703692e-01, 2.450339599920e-04, 1.0104e+00, 4.2961e-03, 
 2DIAGNOSTIC,    72, -5.038448809711e-01, 2.173094995842e-04, 1.0170e+00, 6.5999e-03, 
 2DIAGNOSTIC,    73, -5.044804398443e-01, 1.937663837707e-04, 1.0237e+00, 6.6230e-03, 
 2DIAGNOSTIC,    74, -5.044829060125e-01, 1.810651439929e-04, 1.0281e+00, 4.4281e-03, 
 2DIAGNOSTIC,    75, -5.045766055112e-01, 1.575855442137e-04, 1.0329e+00, 4.7770e-03, 
 2DIAGNOSTIC,    76, -5.046193329883e-01, 1.276220951551e-04, 1.0376e+00, 4.6959e-03, 
 2DIAGNOSTIC,    77, -5.045694463940e-01, 1.032576833691e-04, 1.0417e+00, 4.1671e-03, 
 2DIAGNOSTIC,    78, -5.045966086191e-01, 7.939064257232e-05, 1.0462e+00, 4.4320e-03, 
 2DIAGNOSTIC,    79, -5.046235295093e-01, 5.496023046142e-05, 1.0503e+00, 4.1649e-03, 
 2DIAGNOSTIC,    80, -5.045823355692e-01, 3.121264303881e-05, 1.0545e+00, 4.1511e-03, 
 2DIAGNOSTIC,    81, -5.046274260003e-01, 7.815422599174e-06, 1.0590e+00, 4.5371e-03, 
 2DIAGNOSTIC,    82, -5.046681404127e-01, 2.857485838694e-06, 1.0653e+00, 6.2749e-03, 
 2DIAGNOSTIC,    83, -5.046867698404e-01, 2.638970109711e-06, 1.0695e+00, 4.1749e-03, 
 2DIAGNOSTIC,    84, -5.046986141277e-01, 2.296597906414e-06, 1.0736e+00, 4.1740e-03, 
 2DIAGNOSTIC,    85, -5.047241743264e-01, 2.638438947889e-06, 1.0795e+00, 5.8448e-03, 
 2DIAGNOSTIC,    86, -5.047338294649e-01, 3.137488612691e-06, 1.0836e+00, 4.1599e-03, 
 2DIAGNOSTIC,    87, -5.047420156669e-01, 3.053709197755e-06, 1.0879e+00, 4.2500e-03, 
 2DIAGNOSTIC,    88, -5.047607482697e-01, 3.029001869700e-06, 1.0932e+00, 5.2540e-03, 
 2DIAGNOSTIC,    89, -5.047667470563e-01, 2.988007841846e-06, 1.0972e+00, 4.0751e-03, 
 2DIAGNOSTIC,    90, -5.047763326601e-01, 2.476838030863e-06, 1.1013e+00, 4.0641e-03, 
 2DIAGNOSTIC,    91, -5.049119620084e-01, 2.979766317244e-06, 1.1055e+00, 4.1630e-03, 
 2DIAGNOSTIC,    92, -5.050712354748e-01, 4.517575169550e-06, 1.1115e+00, 6.0821e-03, 
 2DIAGNOSTIC,    93, -5.051586909537e-01, 6.293445873929e-06, 1.1157e+00, 4.1518e-03, 
 2DIAGNOSTIC,    94, -5.051631551529e-01, 7.567268633232e-06, 1.1209e+00, 5.1630e-03, 
 2DIAGNOSTIC,    95, -5.051637558549e-01, 8.301882625966e-06, 1.1250e+00, 4.1161e-03, 
 2DIAGNOSTIC,    96, -5.051648679035e-01, 8.311423077868e-06, 1.1291e+00, 4.0970e-03, 
 2DIAGNOSTIC,    97, -5.051673125747e-01, 7.594174856670e-06, 1.1331e+00, 4.0689e-03, 
 2DIAGNOSTIC,    98, -5.051682296138e-01, 6.313846636507e-06, 1.1382e+00, 5.0681e-03, 
 2DIAGNOSTIC,    99, -5.051724492809e-01, 4.568659276062e-06, 1.1453e+00, 7.0579e-03, 
 2DIAGNOSTIC,   100, -5.051725787765e-01, 2.507279645124e-06, 1.1494e+00, 4.1740e-03, 
 2DIAGNOSTIC,   101, -5.051735913759e-01, 1.077784766700e-06, 1.1536e+00, 4.1239e-03, 
DIAGNOSTIC,Iteration,metricValue,convergenceValue,ITERATION_TIME_INDEX,SINCE_LAST
 2DIAGNOSTIC,     1, -4.109535176097e-01, 1.797693134862e+308, 1.8292e+00, 6.7566e-01, 
 2DIAGNOSTIC,     2, -4.114568047820e-01, 1.797693134862e+308, 1.8557e+00, 2.6457e-02, 
 2DIAGNOSTIC,     3, -4.120621084800e-01, 1.797693134862e+308, 1.8855e+00, 2.9780e-02, 
 2DIAGNOSTIC,     4, -4.123678805744e-01, 1.797693134862e+308, 1.9123e+00, 2.6854e-02, 
 2DIAGNOSTIC,     5, -4.128240394491e-01, 1.797693134862e+308, 1.9396e+00, 2.7337e-02, 
 2DIAGNOSTIC,     6, -4.133525253096e-01, 1.797693134862e+308, 1.9669e+00, 2.7239e-02, 
 2DIAGNOSTIC,     7, -4.141613335601e-01, 1.797693134862e+308, 1.9967e+00, 2.9828e-02, 
 2DIAGNOSTIC,     8, -4.148626703296e-01, 1.797693134862e+308, 2.0303e+00, 3.3574e-02, 
 2DIAGNOSTIC,     9, -4.155214896237e-01, 1.797693134862e+308, 2.0603e+00, 3.0006e-02, 
 2DIAGNOSTIC,    10, -4.159752668767e-01, 7.913793673164e-04, 2.0872e+00, 2.6895e-02, 
 2DIAGNOSTIC,    11, -4.166931371994e-01, 7.495754384447e-04, 2.1213e+00, 3.4108e-02, 
 2DIAGNOSTIC,    12, -4.171396456719e-01, 7.005117075582e-04, 2.1514e+00, 3.0079e-02, 
 2DIAGNOSTIC,    13, -4.172323069471e-01, 6.324471766173e-04, 2.1781e+00, 2.6750e-02, 
 2DIAGNOSTIC,    14, -4.172751807073e-01, 5.343235766070e-04, 2.2086e+00, 3.0515e-02, 
 2DIAGNOSTIC,    15, -4.172522134688e-01, 4.206325618172e-04, 2.2525e+00, 4.3818e-02, 
 2DIAGNOSTIC,    16, -4.172745098496e-01, 3.057431320099e-04, 2.2866e+00, 3.4176e-02, 
 2DIAGNOSTIC,    17, -4.172537059903e-01, 2.076178811256e-04, 2.3177e+00, 3.1088e-02, 
 2DIAGNOSTIC,    18, -4.172437285953e-01, 1.275781056205e-04, 2.3480e+00, 3.0237e-02, 
 2DIAGNOSTIC,    19, -4.172405320766e-01, 6.805773764674e-05, 2.3777e+00, 2.9785e-02, 
 2DIAGNOSTIC,    20, -4.172366572394e-01, 2.327070792662e-05, 2.4051e+00, 2.7369e-02, 
 2DIAGNOSTIC,    21, -4.172334633113e-01, 3.668377736611e-06, 2.4350e+00, 2.9919e-02, 
DIAGNOSTIC,Iteration,metricValue,convergenceValue,ITERATION_TIME_INDEX,SINCE_LAST
 2DIAGNOSTIC,     1, -3.582887159694e-01, 1.797693134862e+308, 3.4623e+00, 1.0273e+00, 
 2DIAGNOSTIC,     2, -3.584323341369e-01, 1.797693134862e+308, 3.6747e+00, 2.1236e-01, 
 2DIAGNOSTIC,     3, -3.585282596016e-01, 1.797693134862e+308, 3.8985e+00, 2.2382e-01, 
 2DIAGNOSTIC,     4, -3.585554960959e-01, 1.797693134862e+308, 4.1141e+00, 2.1560e-01, 
 2DIAGNOSTIC,     5, -3.585780222191e-01, 1.797693134862e+308, 4.3151e+00, 2.0098e-01, 
 2DIAGNOSTIC,     6, -3.586641631314e-01, 1.797693134862e+308, 4.6095e+00, 2.9438e-01, 
 2DIAGNOSTIC,     7, -3.588836665255e-01, 1.797693134862e+308, 4.9154e+00, 3.0594e-01, 
 2DIAGNOSTIC,     8, -3.588878298637e-01, 1.797693134862e+308, 5.1593e+00, 2.4392e-01, 
 2DIAGNOSTIC,     9, -3.588900761145e-01, 1.797693134862e+308, 5.4048e+00, 2.4545e-01, 
 2DIAGNOSTIC,    10, -3.588921197788e-01, 1.159566183109e-04, 5.6379e+00, 2.3313e-01, 
 2DIAGNOSTIC,    11, -3.588943724270e-01, 8.902539388471e-05, 5.8974e+00, 2.5948e-01, 
 2DIAGNOSTIC,    12, -3.588984199175e-01, 6.820984928725e-05, 6.1640e+00, 2.6664e-01, 
 2DIAGNOSTIC,    13, -3.588969367703e-01, 5.043136384118e-05, 6.4100e+00, 2.4602e-01, 
 2DIAGNOSTIC,    14, -3.588992456460e-01, 3.273636447040e-05, 6.6998e+00, 2.8975e-01, 
 2DIAGNOSTIC,    15, -3.588996424515e-01, 1.584067236018e-05, 6.9310e+00, 2.3120e-01, 
 2DIAGNOSTIC,    16, -3.588993638667e-01, 3.740383527129e-06, 7.1561e+00, 2.2514e-01, 
 2DIAGNOSTIC,    17, -3.588990463965e-01, 3.113416166989e-06, 7.3978e+00, 2.4171e-01, 
 2DIAGNOSTIC,    18, -3.588979840915e-01, 2.578379606079e-06, 7.6236e+00, 2.2581e-01, 
 2DIAGNOSTIC,    19, -3.588977353633e-01, 2.108766367477e-06, 7.8387e+00, 2.1502e-01, 
 2DIAGNOSTIC,    20, -3.588977803875e-01, 1.725951167222e-06, 8.0715e+00, 2.3288e-01, 
 2DIAGNOSTIC,    21, -3.588982130279e-01, 1.464047070972e-06, 8.2935e+00, 2.2196e-01, 
 2DIAGNOSTIC,    22, -3.588989344973e-01, 1.405019768148e-06, 8.5491e+00, 2.5554e-01, 
 2DIAGNOSTIC,    23, -3.589000384705e-01, 1.339844524967e-06, 8.7677e+00, 2.1860e-01, 
 2DIAGNOSTIC,    24, -3.589010377474e-01, 1.392457202362e-06, 8.9951e+00, 2.2748e-01, 
 2DIAGNOSTIC,    25, -3.589000472915e-01, 1.415216541421e-06, 9.3519e+00, 3.5677e-01, 
 2DIAGNOSTIC,    26, -3.589003267990e-01, 1.424083238909e-06, 9.5955e+00, 2.4357e-01, 
 2DIAGNOSTIC,    27, -3.589000025561e-01, 1.394794573728e-06, 9.8116e+00, 2.1608e-01, 
 2DIAGNOSTIC,    28, -3.588992459098e-01, 1.295344639191e-06, 1.0032e+01, 2.2035e-01, 
 2DIAGNOSTIC,    29, -3.588998063227e-01, 1.196816420621e-06, 1.0269e+01, 2.3685e-01, 
 2DIAGNOSTIC,    30, -3.588997946355e-01, 1.096202622508e-06, 1.0520e+01, 2.5079e-01, 
DIAGNOSTIC,Iteration,metricValue,convergenceValue,ITERATION_TIME_INDEX,SINCE_LAST
 2DIAGNOSTIC,     1, -3.301597764107e-01, 1.797693134862e+308, 1.3036e+01, 2.5167e+00, 
 2DIAGNOSTIC,     2, -3.303353991321e-01, 1.797693134862e+308, 1.4309e+01, 1.2725e+00, 
 2DIAGNOSTIC,     3, -3.304938520199e-01, 1.797693134862e+308, 1.5628e+01, 1.3192e+00, 
 2DIAGNOSTIC,     4, -3.307161015539e-01, 1.797693134862e+308, 1.6963e+01, 1.3351e+00, 
 2DIAGNOSTIC,     5, -3.310271747657e-01, 1.797693134862e+308, 1.8501e+01, 1.5377e+00, 
 2DIAGNOSTIC,     6, -3.314646693652e-01, 1.797693134862e+308, 2.0858e+01, 2.3568e+00, 
 2DIAGNOSTIC,     7, -3.314658987211e-01, 1.797693134862e+308, 2.2214e+01, 1.3566e+00, 
 2DIAGNOSTIC,     8, -3.314870976628e-01, 1.797693134862e+308, 2.3583e+01, 1.3689e+00, 
 2DIAGNOSTIC,     9, -3.315056376917e-01, 1.797693134862e+308, 2.4937e+01, 1.3535e+00, 
 2DIAGNOSTIC,    10, -3.315102775323e-01, 3.030504302594e-04, 2.6375e+01, 1.4384e+00, 
 2DIAGNOSTIC,    11, -3.315119787674e-01, 2.240529875511e-04, 2.8586e+01, 2.2105e+00, 
 2DIAGNOSTIC,    12, -3.315125444029e-01, 1.511405177109e-04, 3.0439e+01, 1.8533e+00, 
 2DIAGNOSTIC,    13, -3.315123871713e-01, 8.677848036627e-05, 3.2031e+01, 1.5923e+00, 
 2DIAGNOSTIC,    14, -3.315124211098e-01, 3.734348542915e-05, 3.3544e+01, 1.5130e+00, 
 2DIAGNOSTIC,    15, -3.315122862015e-01, 8.388546044888e-06, 3.5006e+01, 1.4623e+00, 
 2DIAGNOSTIC,    16, -3.315122382726e-01, 5.968633821893e-06, 3.6455e+01, 1.4490e+00, 
 2DIAGNOSTIC,    17, -3.315122275135e-01, 3.512571981154e-06, 3.7990e+01, 1.5350e+00, 
 2DIAGNOSTIC,    18, -3.315121463655e-01, 2.163349795942e-06, 3.9727e+01, 1.7369e+00, 
 2DIAGNOSTIC,    19, -3.315120198299e-01, 1.746618996143e-06, 4.1187e+01, 1.4595e+00, 
 2DIAGNOSTIC,    20, -3.315120407742e-01, 1.563218930252e-06, 4.2636e+01, 1.4496e+00, 
 2DIAGNOSTIC,    21, -3.315119179017e-01, 1.463628856092e-06, 4.4046e+01, 1.4094e+00, 
 2DIAGNOSTIC,    22, -3.315119362259e-01, 1.400943151535e-06, 4.5556e+01, 1.5100e+00, 
 2DIAGNOSTIC,    23, -3.315118773957e-01, 1.339833926382e-06, 4.6813e+01, 1.2576e+00, 
 2DIAGNOSTIC,    24, -3.315117559737e-01, 1.285019941032e-06, 4.8162e+01, 1.3482e+00, 
 2DIAGNOSTIC,    25, -3.315117186398e-01, 1.232676480591e-06, 4.9489e+01, 1.3278e+00, 
 2DIAGNOSTIC,    26, -3.315119155281e-01, 1.193011859871e-06, 5.1027e+01, 1.5371e+00, 
 2DIAGNOSTIC,    27, -3.315119002040e-01, 1.158184524980e-06, 5.2940e+01, 1.9134e+00, 
 2DIAGNOSTIC,    28, -3.315118391569e-01, 1.123601571777e-06, 5.4222e+01, 1.2816e+00, 
 2DIAGNOSTIC,    29, -3.315117140575e-01, 1.085356469956e-06, 5.5508e+01, 1.2868e+00, 
 2DIAGNOSTIC,    30, -3.315116001137e-01, 1.048311379655e-06, 5.6966e+01, 1.4576e+00, 
 2DIAGNOSTIC,    31, -3.315117654113e-01, 1.015864330586e-06, 5.8544e+01, 1.5778e+00, 
  Elapsed time (stage 0): 5.9299e+01


Total elapsed time: 5.9302e+01
Info [verificarlo]: loaded backend libinterflop_vprec.so
Info [interflop-vprec]: load backend with: 
Info [interflop-vprec]: precision-binary32 = 20
Info [interflop-vprec]: range-binary32 = 7
Info [interflop-vprec]: precision-binary64 = 20
Info [interflop-vprec]: range-binary64 = 7
Info [interflop-vprec]: mode = ob
Info [interflop-vprec]: error-mode = rel
Info [interflop-vprec]: max-abs-error-exponent = -1022
Info [interflop-vprec]: daz = false
Info [interflop-vprec]: ftz = false
Info [interflop-vprec]: 	instrument = none
Info [interflop-vprec]: 	prec-input-file = (null)
Info [interflop-vprec]: 	prec-output-file = (null)
Info [interflop-vprec]: 	prec-log-file = (null)
All_Command_lines_OK
Using double precision for computations.
=============================================================================
The composite transform comprises the following transforms (in order): 
  1. /home/mdugre/scratch/mri-registration-rp/datasets/ds004513/derivatives/mri-registration-rp/0011/antsRegistration-r7-p20/sub-s020/rigid_Composite.h5[0] (type = Euler3DTransform)
  2. /home/mdugre/scratch/mri-registration-rp/datasets/ds004513/derivatives/mri-registration-rp/0011/antsRegistration-r7-p20/sub-s020/rigid_Composite.h5[1] (type = Euler3DTransform)
  3. /home/mdugre/scratch/mri-registration-rp/datasets/ds004513/derivatives/mri-registration-rp/0011/antsRegistration-r7-p20/sub-s020/rigid_Composite.h5[2] (type = Euler3DTransform)
=============================================================================
  number of levels = 4
  fixed image: /templateflow/tpl-MNI152NLin2009cAsym/tpl-MNI152NLin2009cAsym_res-01_desc-brain_T1w.nii.gz
  moving image: /home/mdugre/scratch/mri-registration-rp/datasets/ds004513/derivatives/mri-registration-rp/antsBrainExtraction/sub-s020/BrainExtractionBrain.nii.gz
Dimension = 3
Number of stages = 1
Use histogram matching = false
Winsorize image intensities = true
  Lower quantile = 0.005
  Upper quantile = 0.995


Stage 1 State
   Image metric = MattesMI
     Fixed image = Image (0x3c91490)
  RTTI typeinfo:   itk::Image<double, 3u>
  Reference Count: 2
  Modified Time: 1594
  Debug: Off
  Object Name: 
  Observers: 
    none
  Source: (none)
  Source output name: (none)
  Release Data: Off
  Data Released: False
  Global Release Data: Off
  PipelineMTime: 0
  UpdateMTime: 1203
  RealTimeStamp: 0 seconds 
  LargestPossibleRegion: 
    Dimension: 3
    Index: [0, 0, 0]
    Size: [193, 229, 193]
  BufferedRegion: 
    Dimension: 3
    Index: [0, 0, 0]
    Size: [193, 229, 193]
  RequestedRegion: 
    Dimension: 3
    Index: [0, 0, 0]
    Size: [193, 229, 193]
  Spacing: [1, 1, 1]
  Origin: [96, 132, -78]
  Direction: 
-1 0 0
0 -1 0
0 0 1

  IndexToPointMatrix: 
-1 0 0
0 -1 0
0 0 1

  PointToIndexMatrix: 
-1 0 0
0 -1 0
0 0 1

  Inverse Direction: 
-1 0 0
0 -1 0
0 0 1

  PixelContainer: 
    ImportImageContainer (0x3d5c8c0)
      RTTI typeinfo:   itk::ImportImageContainer<unsigned long, double>
      Reference Count: 1
      Modified Time: 1200
      Debug: Off
      Object Name: 
      Observers: 
        none
      Pointer: 0x15381e6a1010
      Container manages memory: true
      Size: 8530021
      Capacity: 8530021

     Moving image = Image (0x3d4cb60)
  RTTI typeinfo:   itk::Image<double, 3u>
  Reference Count: 2
  Modified Time: 1595
  Debug: Off
  Object Name: 
  Observers: 
    none
  Source: (none)
  Source output name: (none)
  Release Data: Off
  Data Released: False
  Global Release Data: Off
  PipelineMTime: 0
  UpdateMTime: 1592
  RealTimeStamp: 0 seconds 
  LargestPossibleRegion: 
    Dimension: 3
    Index: [0, 0, 0]
    Size: [160, 240, 256]
  BufferedRegion: 
    Dimension: 3
    Index: [0, 0, 0]
    Size: [160, 240, 256]
  RequestedRegion: 
    Dimension: 3
    Index: [0, 0, 0]
    Size: [160, 240, 256]
  Spacing: [0.999995, 1, 1]
  Origin: [87.0906, 98.7205, -152.377]
  Direction: 
-0.996975 0.0261379 -0.0731913
-0.0260677 -0.999659 -0.00191374
-0.0732163 -2.46403e-08 0.997316

  IndexToPointMatrix: 
-0.996971 0.0261379 -0.0731913
-0.0260676 -0.999659 -0.00191374
-0.0732159 -2.46403e-08 0.997316

  PointToIndexMatrix: 
-0.99698 -0.0260679 -0.0732166
0.026138 -0.999658 -1.43051e-06
-0.0731913 -0.00191307 0.997317

  Inverse Direction: 
-0.996975 -0.0260677 -0.0732163
0.026138 -0.999658 -1.43051e-06
-0.0731913 -0.00191307 0.997317

  PixelContainer: 
    ImportImageContainer (0x3de01d0)
      RTTI typeinfo:   itk::ImportImageContainer<unsigned long, double>
      Reference Count: 1
      Modified Time: 1589
      Debug: Off
      Object Name: 
      Observers: 
        none
      Pointer: 0x153819ba0010
      Container manages memory: true
      Size: 9830400
      Capacity: 9830400

     Weighting = 1
     Sampling strategy = regular
     Number of bins = 32
     Radius = 4
     Sampling percentage  = 0.25
   Transform = Affine
     Gradient step = 0.1
     Update field sigma (voxel space) = 0
     Total field sigma (voxel space) = 0
     Update field time sigma = 0
     Total field time sigma  = 0
     Number of time indices = 0
     Number of time point samples = 0
Registration using 1 total stages.

Stage 0
  iterations = 1000x500x250x100
  convergence threshold = 1e-06
  convergence window size = 10
  number of levels = 4
  using the Mattes MI metric (number of bins = 32, weight = 1, use gradient filter = 0)
  preprocessing:  winsorizing the image intensities
  Shrink factors (level 1 out of 4): [8, 8, 8]
  Shrink factors (level 2 out of 4): [4, 4, 4]
  Shrink factors (level 3 out of 4): [2, 2, 2]
  Shrink factors (level 4 out of 4): [1, 1, 1]
  smoothing sigmas per level: [3, 2, 1, 0]
  regular sampling (percentage = 0.25)

*** Running AffineTransform registration ***

DIAGNOSTIC,Iteration,metricValue,convergenceValue,ITERATION_TIME_INDEX,SINCE_LAST
 2DIAGNOSTIC,     1, -5.000234962741e-01, 1.797693134862e+308, 0.0000e+00, 0.0000e+00, 
 2DIAGNOSTIC,     2, -5.017812720877e-01, 1.797693134862e+308, 0.0000e+00, 0.0000e+00, 
 2DIAGNOSTIC,     3, -5.047034120759e-01, 1.797693134862e+308, 0.0000e+00, 0.0000e+00, 
 2DIAGNOSTIC,     4, -5.094043533481e-01, 1.797693134862e+308, 0.0000e+00, 0.0000e+00, 
 2DIAGNOSTIC,     5, -5.179099857669e-01, 1.797693134862e+308, 0.0000e+00, 0.0000e+00, 
 2DIAGNOSTIC,     6, -5.372985074951e-01, 1.797693134862e+308, 0.0000e+00, 0.0000e+00, 
 2DIAGNOSTIC,     7, -5.680548915273e-01, 1.797693134862e+308, 0.0000e+00, 0.0000e+00, 
 2DIAGNOSTIC,     8, -6.327663204776e-01, 1.797693134862e+308, 0.0000e+00, 0.0000e+00, 
 2DIAGNOSTIC,     9, -6.919505429414e-01, 1.797693134862e+308, 0.0000e+00, 0.0000e+00, 
 2DIAGNOSTIC,    10, -7.314229620062e-01, 2.585408547492e-02, 0.0000e+00, 0.0000e+00, 
 2DIAGNOSTIC,    11, -7.553627639747e-01, 2.813518152629e-02, 0.0000e+00, 0.0000e+00, 
 2DIAGNOSTIC,    12, -7.798968223536e-01, 2.841621511754e-02, 0.0000e+00, 0.0000e+00, 
 2DIAGNOSTIC,    13, -8.100548823198e-01, 2.717273264058e-02, 0.0000e+00, 0.0000e+00, 
 2DIAGNOSTIC,    14, -8.152828332132e-01, 2.401260881305e-02, 0.0000e+00, 0.0000e+00, 
 2DIAGNOSTIC,    15, -8.288793844503e-01, 1.987116800679e-02, 0.0000e+00, 0.0000e+00, 
 2DIAGNOSTIC,    16, -8.354079683879e-01, 1.529400706178e-02, 0.0000e+00, 0.0000e+00, 
 2DIAGNOSTIC,    17, -8.387219150071e-01, 1.082779159191e-02, 0.0000e+00, 0.0000e+00, 
 2DIAGNOSTIC,    18, -8.429765159792e-01, 7.564957289815e-03, 0.0000e+00, 0.0000e+00, 
 2DIAGNOSTIC,    19, -8.471749129580e-01, 5.396426789943e-03, 0.0000e+00, 0.0000e+00, 
 2DIAGNOSTIC,    20, -8.503006877822e-01, 3.863349466311e-03, 0.0000e+00, 0.0000e+00, 
 2DIAGNOSTIC,    21, -8.502835099713e-01, 2.604400573877e-03, 0.0000e+00, 0.0000e+00, 
 2DIAGNOSTIC,    22, -8.502216188051e-01, 1.677467782925e-03, 0.0000e+00, 0.0000e+00, 
 2DIAGNOSTIC,    23, -8.500223300624e-01, 1.209788459045e-03, 0.0000e+00, 0.0000e+00, 
 2DIAGNOSTIC,    24, -8.496873917006e-01, 7.503304764890e-04, 0.0000e+00, 0.0000e+00, 
 2DIAGNOSTIC,    25, -8.493442691670e-01, 4.694389217646e-04, 0.0000e+00, 0.0000e+00, 
 2DIAGNOSTIC,    26, -8.491470209981e-01, 2.648946969892e-04, 0.0000e+00, 0.0000e+00, 
 2DIAGNOSTIC,    27, -8.492468102701e-01, 1.017455257492e-04, 0.0000e+00, 0.0000e+00, 
DIAGNOSTIC,Iteration,metricValue,convergenceValue,ITERATION_TIME_INDEX,SINCE_LAST
 2DIAGNOSTIC,     1, -7.109457288054e-01, 1.797693134862e+308, 0.0000e+00, 0.0000e+00, 
 2DIAGNOSTIC,     2, -7.114767504111e-01, 1.797693134862e+308, 0.0000e+00, 0.0000e+00, 
 2DIAGNOSTIC,     3, -7.119560931244e-01, 1.797693134862e+308, 0.0000e+00, 0.0000e+00, 
 2DIAGNOSTIC,     4, -7.125425360701e-01, 1.797693134862e+308, 0.0000e+00, 0.0000e+00, 
 2DIAGNOSTIC,     5, -7.133200939582e-01, 1.797693134862e+308, 0.0000e+00, 0.0000e+00, 
 2DIAGNOSTIC,     6, -7.136062370861e-01, 1.797693134862e+308, 0.0000e+00, 0.0000e+00, 
 2DIAGNOSTIC,     7, -7.138203099962e-01, 1.797693134862e+308, 0.0000e+00, 0.0000e+00, 
 2DIAGNOSTIC,     8, -7.137860675909e-01, 1.797693134862e+308, 0.0000e+00, 0.0000e+00, 
 2DIAGNOSTIC,     9, -7.138464232156e-01, 1.797693134862e+308, 0.0000e+00, 0.0000e+00, 
 2DIAGNOSTIC,    10, -7.139175628221e-01, 2.810699102177e-04, 0.0000e+00, 0.0000e+00, 
 2DIAGNOSTIC,    11, -7.141332970652e-01, 2.035861027454e-04, 0.0000e+00, 0.0000e+00, 
 2DIAGNOSTIC,    12, -7.143016559740e-01, 1.441712584630e-04, 0.0000e+00, 0.0000e+00, 
 2DIAGNOSTIC,    13, -7.145224513803e-01, 1.024618300498e-04, 0.0000e+00, 0.0000e+00, 
 2DIAGNOSTIC,    14, -7.152889947217e-01, 9.564242874835e-05, 0.0000e+00, 0.0000e+00, 
 2DIAGNOSTIC,    15, -7.151973780304e-01, 9.876605938848e-05, 0.0000e+00, 0.0000e+00, 
 2DIAGNOSTIC,    16, -7.153740208926e-01, 1.042882769903e-04, 0.0000e+00, 0.0000e+00, 
 2DIAGNOSTIC,    17, -7.163642734217e-01, 1.280523530686e-04, 0.0000e+00, 0.0000e+00, 
 2DIAGNOSTIC,    18, -7.177405102686e-01, 1.664598012434e-04, 0.0000e+00, 0.0000e+00, 
 2DIAGNOSTIC,    19, -7.176847508365e-01, 1.849188411542e-04, 0.0000e+00, 0.0000e+00, 
 2DIAGNOSTIC,    20, -7.176722434109e-01, 1.862983881639e-04, 0.0000e+00, 0.0000e+00, 
 2DIAGNOSTIC,    21, -7.176423212883e-01, 1.743574464806e-04, 0.0000e+00, 0.0000e+00, 
 2DIAGNOSTIC,    22, -7.176081766003e-01, 1.494129752401e-04, 0.0000e+00, 0.0000e+00, 
 2DIAGNOSTIC,    23, -7.176179058970e-01, 1.159859344132e-04, 0.0000e+00, 0.0000e+00, 
 2DIAGNOSTIC,    24, -7.176254685864e-01, 8.769445503407e-05, 0.0000e+00, 0.0000e+00, 
 2DIAGNOSTIC,    25, -7.176100062875e-01, 5.232779013537e-05, 0.0000e+00, 0.0000e+00, 
 2DIAGNOSTIC,    26, -7.175808235038e-01, 1.697098178011e-05, 0.0000e+00, 0.0000e+00, 
DIAGNOSTIC,Iteration,metricValue,convergenceValue,ITERATION_TIME_INDEX,SINCE_LAST
 2DIAGNOSTIC,     1, -5.955948094378e-01, 1.797693134862e+308, 0.0000e+00, 0.0000e+00, 
 2DIAGNOSTIC,     2, -5.958738677155e-01, 1.797693134862e+308, 0.0000e+00, 0.0000e+00, 
 2DIAGNOSTIC,     3, -5.961862888409e-01, 1.797693134862e+308, 0.0000e+00, 0.0000e+00, 
 2DIAGNOSTIC,     4, -5.965494138873e-01, 1.797693134862e+308, 0.0000e+00, 0.0000e+00, 
 2DIAGNOSTIC,     5, -5.969492218260e-01, 1.797693134862e+308, 0.0000e+00, 0.0000e+00, 
 2DIAGNOSTIC,     6, -5.972627864496e-01, 1.797693134862e+308, 0.0000e+00, 0.0000e+00, 
 2DIAGNOSTIC,     7, -5.972661994589e-01, 1.797693134862e+308, 0.0000e+00, 0.0000e+00, 
 2DIAGNOSTIC,     8, -5.972649617841e-01, 1.797693134862e+308, 0.0000e+00, 0.0000e+00, 
 2DIAGNOSTIC,     9, -5.972836874635e-01, 1.797693134862e+308, 0.0000e+00, 0.0000e+00, 
 2DIAGNOSTIC,    10, -5.972966136074e-01, 1.973644082927e-04, 0.0000e+00, 0.0000e+00, 
 2DIAGNOSTIC,    11, -5.972970113067e-01, 1.352240899697e-04, 0.0000e+00, 0.0000e+00, 
 2DIAGNOSTIC,    12, -5.972943988386e-01, 8.259997540920e-05, 0.0000e+00, 0.0000e+00, 
 2DIAGNOSTIC,    13, -5.972926815438e-01, 4.223068074084e-05, 0.0000e+00, 0.0000e+00, 
 2DIAGNOSTIC,    14, -5.972932681000e-01, 1.611789169144e-05, 0.0000e+00, 0.0000e+00, 
 2DIAGNOSTIC,    15, -5.972926667817e-01, 4.599850237569e-06, 0.0000e+00, 0.0000e+00, 
 2DIAGNOSTIC,    16, -5.972927295417e-01, 3.631824782677e-06, 0.0000e+00, 0.0000e+00, 
 2DIAGNOSTIC,    17, -5.972926446128e-01, 2.734368910559e-06, 0.0000e+00, 0.0000e+00, 
 2DIAGNOSTIC,    18, -5.972902920726e-01, 1.752984325594e-06, 0.0000e+00, 0.0000e+00, 
 2DIAGNOSTIC,    19, -5.972906271769e-01, 1.345375218335e-06, 0.0000e+00, 0.0000e+00, 
 2DIAGNOSTIC,    20, -5.972894477357e-01, 1.286355439813e-06, 0.0000e+00, 0.0000e+00, 
