
##########################
# Experiment information #
##########################

EXPERIMENT_NAME: antsRegistration-r8-p22
VFC_BACKENDS: libinterflop_vprec.so --range-binary32=8 --precision-binary32=22 --range-binary64=8 --precision-binary64=22

SIF_IMG: /home/mdugre/projects/rrg-glatard/mdugre/containers/ants-vprec-no_metrics.simg

SUBJECT_ID: s035
INPUT_IMG: /home/mdugre/scratch/mri-registration-rp/datasets/ds004513/derivatives/mri-registration-rp/antsBrainExtraction/sub-s035/BrainExtractionBrain.nii.gz
OUTPUT_DIR: /home/mdugre/scratch/mri-registration-rp/datasets/ds004513/derivatives/mri-registration-rp/0011/antsRegistration-r8-p22/sub-s035

FIXED_IMG: /templateflow/tpl-MNI152NLin2009cAsym/tpl-MNI152NLin2009cAsym_res-01_desc-brain_T1w.nii.gz
DATA_DIR: /home/mdugre/scratch/mri-registration-rp/datasets/ds004513
TEMPLATEFLOW_DIR: /home/mdugre/projects/rrg-glatard/mdugre/templateflow
ITK_GLOBAL_DEFAULT_NUMBER_OF_THREADS: 16
##########################

Info [verificarlo]: loaded backend libinterflop_ieee.so
Info [interflop-ieee]: load backend with:
Info [interflop-ieee]: debug = false
Info [interflop-ieee]: debug-binary = false
Info [interflop-ieee]: no-backend-name = false
Info [interflop-ieee]: print-new-line = false
Info [interflop-ieee]: print-subnormal-normalized = false
Info [interflop-ieee]: count-op = false
All_Command_lines_OK
Using double precision for computations.
=============================================================================
The composite transform comprises the following transforms (in order): 
  1. Center of mass alignment using fixed image: /templateflow/tpl-MNI152NLin2009cAsym/tpl-MNI152NLin2009cAsym_res-01_desc-brain_T1w.nii.gz and moving image: /home/mdugre/scratch/mri-registration-rp/datasets/ds004513/derivatives/mri-registration-rp/antsBrainExtraction/sub-s035/BrainExtractionBrain.nii.gz (type = Euler3DTransform)
=============================================================================
  number of levels = 1
  fixed image: /templateflow/tpl-MNI152NLin2009cAsym/tpl-MNI152NLin2009cAsym_res-01_desc-brain_T1w.nii.gz
  moving image: /home/mdugre/scratch/mri-registration-rp/datasets/ds004513/derivatives/mri-registration-rp/antsBrainExtraction/sub-s035/BrainExtractionBrain.nii.gz
Dimension = 3
Number of stages = 1
Use histogram matching = false
Winsorize image intensities = true
  Lower quantile = 0.005
  Upper quantile = 0.995


Stage 1 State
   Image metric = MattesMI
     Fixed image = Image (0x3731e70)
  RTTI typeinfo:   itk::Image<double, 3u>
  Reference Count: 2
  Modified Time: 2330
  Debug: Off
  Object Name: 
  Observers: 
    none
  Source: (none)
  Source output name: (none)
  Release Data: Off
  Data Released: False
  Global Release Data: Off
  PipelineMTime: 0
  UpdateMTime: 1941
  RealTimeStamp: 0 seconds 
  LargestPossibleRegion: 
    Dimension: 3
    Index: [0, 0, 0]
    Size: [193, 229, 193]
  BufferedRegion: 
    Dimension: 3
    Index: [0, 0, 0]
    Size: [193, 229, 193]
  RequestedRegion: 
    Dimension: 3
    Index: [0, 0, 0]
    Size: [193, 229, 193]
  Spacing: [1, 1, 1]
  Origin: [96, 132, -78]
  Direction: 
-1 0 0
0 -1 0
0 0 1

  IndexToPointMatrix: 
-1 0 0
0 -1 0
0 0 1

  PointToIndexMatrix: 
-1 0 0
0 -1 0
0 0 1

  Inverse Direction: 
-1 0 0
0 -1 0
0 0 1

  PixelContainer: 
    ImportImageContainer (0x373ac60)
      RTTI typeinfo:   itk::ImportImageContainer<unsigned long, double>
      Reference Count: 1
      Modified Time: 1938
      Debug: Off
      Object Name: 
      Observers: 
        none
      Pointer: 0x150407cb9010
      Container manages memory: true
      Size: 8530021
      Capacity: 8530021

     Moving image = Image (0x37ceec0)
  RTTI typeinfo:   itk::Image<double, 3u>
  Reference Count: 2
  Modified Time: 2331
  Debug: Off
  Object Name: 
  Observers: 
    none
  Source: (none)
  Source output name: (none)
  Release Data: Off
  Data Released: False
  Global Release Data: Off
  PipelineMTime: 0
  UpdateMTime: 2328
  RealTimeStamp: 0 seconds 
  LargestPossibleRegion: 
    Dimension: 3
    Index: [0, 0, 0]
    Size: [160, 240, 256]
  BufferedRegion: 
    Dimension: 3
    Index: [0, 0, 0]
    Size: [160, 240, 256]
  RequestedRegion: 
    Dimension: 3
    Index: [0, 0, 0]
    Size: [160, 240, 256]
  Spacing: [1, 1, 1]
  Origin: [98.6438, 87.6358, -117.989]
  Direction: 
-0.993515 -0.100993 -0.0522355
0.100854 -0.994887 0.00530255
-0.0525039 1.93537e-08 0.998621

  IndexToPointMatrix: 
-0.993515 -0.100993 -0.0522355
0.100854 -0.994887 0.00530255
-0.0525039 1.93537e-08 0.998621

  PointToIndexMatrix: 
-0.993515 0.100854 -0.0525039
-0.100993 -0.994887 1.93006e-08
-0.0522355 0.00530255 0.998621

  Inverse Direction: 
-0.993515 0.100854 -0.0525039
-0.100993 -0.994887 1.93006e-08
-0.0522355 0.00530255 0.998621

  PixelContainer: 
    ImportImageContainer (0x3866610)
      RTTI typeinfo:   itk::ImportImageContainer<unsigned long, double>
      Reference Count: 1
      Modified Time: 2325
      Debug: Off
      Object Name: 
      Observers: 
        none
      Pointer: 0x1504031b8010
      Container manages memory: true
      Size: 9830400
      Capacity: 9830400

     Weighting = 1
     Sampling strategy = regular
     Number of bins = 32
     Radius = 4
     Sampling percentage  = 0.25
   Transform = Rigid
     Gradient step = 0.1
     Update field sigma (voxel space) = 0
     Total field sigma (voxel space) = 0
     Update field time sigma = 0
     Total field time sigma  = 0
     Number of time indices = 0
     Number of time point samples = 0
Registration using 1 total stages.

Stage 0
  iterations = 0
  convergence threshold = 1e-06
  convergence window size = 10
  number of levels = 1
  using the Mattes MI metric (number of bins = 32, weight = 1, use gradient filter = 0)
  preprocessing:  winsorizing the image intensities
  Shrink factors (level 1 out of 1): [1, 1, 1]
  smoothing sigmas per level: [0]
  regular sampling (percentage = 0.25)

*** Running Euler3DTransform registration ***

  Elapsed time (stage 0): 1.10965


Total elapsed time: 1.11311
Info [verificarlo]: loaded backend libinterflop_ieee.so
Info [interflop-ieee]: load backend with:
Info [interflop-ieee]: debug = false
Info [interflop-ieee]: debug-binary = false
Info [interflop-ieee]: no-backend-name = false
Info [interflop-ieee]: print-new-line = false
Info [interflop-ieee]: print-subnormal-normalized = false
Info [interflop-ieee]: count-op = false
All_Command_lines_OK
Using double precision for computations.
=============================================================================
The composite transform comprises the following transforms (in order): 
  1. /home/mdugre/scratch/mri-registration-rp/datasets/ds004513/derivatives/mri-registration-rp/0011/antsRegistration-r8-p22/sub-s035/align_Composite.h5[0] (type = Euler3DTransform)
  2. /home/mdugre/scratch/mri-registration-rp/datasets/ds004513/derivatives/mri-registration-rp/0011/antsRegistration-r8-p22/sub-s035/align_Composite.h5[1] (type = Euler3DTransform)
=============================================================================
  number of levels = 4
  fixed image: /templateflow/tpl-MNI152NLin2009cAsym/tpl-MNI152NLin2009cAsym_res-01_desc-brain_T1w.nii.gz
  moving image: /home/mdugre/scratch/mri-registration-rp/datasets/ds004513/derivatives/mri-registration-rp/antsBrainExtraction/sub-s035/BrainExtractionBrain.nii.gz
Dimension = 3
Number of stages = 1
Use histogram matching = false
Winsorize image intensities = true
  Lower quantile = 0.005
  Upper quantile = 0.995


Stage 1 State
   Image metric = MattesMI
     Fixed image = Image (0x4199530)
  RTTI typeinfo:   itk::Image<double, 3u>
  Reference Count: 2
  Modified Time: 1578
  Debug: Off
  Object Name: 
  Observers: 
    none
  Source: (none)
  Source output name: (none)
  Release Data: Off
  Data Released: False
  Global Release Data: Off
  PipelineMTime: 0
  UpdateMTime: 1189
  RealTimeStamp: 0 seconds 
  LargestPossibleRegion: 
    Dimension: 3
    Index: [0, 0, 0]
    Size: [193, 229, 193]
  BufferedRegion: 
    Dimension: 3
    Index: [0, 0, 0]
    Size: [193, 229, 193]
  RequestedRegion: 
    Dimension: 3
    Index: [0, 0, 0]
    Size: [193, 229, 193]
  Spacing: [1, 1, 1]
  Origin: [96, 132, -78]
  Direction: 
-1 0 0
0 -1 0
0 0 1

  IndexToPointMatrix: 
-1 0 0
0 -1 0
0 0 1

  PointToIndexMatrix: 
-1 0 0
0 -1 0
0 0 1

  Inverse Direction: 
-1 0 0
0 -1 0
0 0 1

  PixelContainer: 
    ImportImageContainer (0x4257d60)
      RTTI typeinfo:   itk::ImportImageContainer<unsigned long, double>
      Reference Count: 1
      Modified Time: 1186
      Debug: Off
      Object Name: 
      Observers: 
        none
      Pointer: 0x14eb26535010
      Container manages memory: true
      Size: 8530021
      Capacity: 8530021

     Moving image = Image (0x4249f60)
  RTTI typeinfo:   itk::Image<double, 3u>
  Reference Count: 2
  Modified Time: 1579
  Debug: Off
  Object Name: 
  Observers: 
    none
  Source: (none)
  Source output name: (none)
  Release Data: Off
  Data Released: False
  Global Release Data: Off
  PipelineMTime: 0
  UpdateMTime: 1576
  RealTimeStamp: 0 seconds 
  LargestPossibleRegion: 
    Dimension: 3
    Index: [0, 0, 0]
    Size: [160, 240, 256]
  BufferedRegion: 
    Dimension: 3
    Index: [0, 0, 0]
    Size: [160, 240, 256]
  RequestedRegion: 
    Dimension: 3
    Index: [0, 0, 0]
    Size: [160, 240, 256]
  Spacing: [1, 1, 1]
  Origin: [98.6438, 87.6358, -117.989]
  Direction: 
-0.993515 -0.100993 -0.0522355
0.100854 -0.994887 0.00530255
-0.0525039 1.93537e-08 0.998621

  IndexToPointMatrix: 
-0.993515 -0.100993 -0.0522355
0.100854 -0.994887 0.00530255
-0.0525039 1.93537e-08 0.998621

  PointToIndexMatrix: 
-0.993515 0.100854 -0.0525039
-0.100993 -0.994887 1.93006e-08
-0.0522355 0.00530255 0.998621

  Inverse Direction: 
-0.993515 0.100854 -0.0525039
-0.100993 -0.994887 1.93006e-08
-0.0522355 0.00530255 0.998621

  PixelContainer: 
    ImportImageContainer (0x423b6d0)
      RTTI typeinfo:   itk::ImportImageContainer<unsigned long, double>
      Reference Count: 1
      Modified Time: 1573
      Debug: Off
      Object Name: 
      Observers: 
        none
      Pointer: 0x14eb21a34010
      Container manages memory: true
      Size: 9830400
      Capacity: 9830400

     Weighting = 1
     Sampling strategy = regular
     Number of bins = 32
     Radius = 4
     Sampling percentage  = 0.25
   Transform = Rigid
     Gradient step = 0.1
     Update field sigma (voxel space) = 0
     Total field sigma (voxel space) = 0
     Update field time sigma = 0
     Total field time sigma  = 0
     Number of time indices = 0
     Number of time point samples = 0
Registration using 1 total stages.

Stage 0
  iterations = 1000x500x250x100
  convergence threshold = 1e-06
  convergence window size = 10
  number of levels = 4
  using the Mattes MI metric (number of bins = 32, weight = 1, use gradient filter = 0)
  preprocessing:  winsorizing the image intensities
  Shrink factors (level 1 out of 4): [8, 8, 8]
  Shrink factors (level 2 out of 4): [4, 4, 4]
  Shrink factors (level 3 out of 4): [2, 2, 2]
  Shrink factors (level 4 out of 4): [1, 1, 1]
  smoothing sigmas per level: [3, 2, 1, 0]
  regular sampling (percentage = 0.25)

*** Running Euler3DTransform registration ***

DIAGNOSTIC,Iteration,metricValue,convergenceValue,ITERATION_TIME_INDEX,SINCE_LAST
 2DIAGNOSTIC,     1, -5.238630234552e-01, 1.797693134862e+308, 7.7829e-01, 7.7829e-01, 
 2DIAGNOSTIC,     2, -5.257885820767e-01, 1.797693134862e+308, 7.8331e-01, 5.0240e-03, 
 2DIAGNOSTIC,     3, -5.278597554839e-01, 1.797693134862e+308, 7.8798e-01, 4.6659e-03, 
 2DIAGNOSTIC,     4, -5.302176117225e-01, 1.797693134862e+308, 7.9230e-01, 4.3230e-03, 
 2DIAGNOSTIC,     5, -5.343462816845e-01, 1.797693134862e+308, 7.9668e-01, 4.3728e-03, 
 2DIAGNOSTIC,     6, -5.399239396740e-01, 1.797693134862e+308, 8.0118e-01, 4.5021e-03, 
 2DIAGNOSTIC,     7, -5.490554822001e-01, 1.797693134862e+308, 8.0572e-01, 4.5390e-03, 
 2DIAGNOSTIC,     8, -5.545204224448e-01, 1.797693134862e+308, 8.1152e-01, 5.8062e-03, 
 2DIAGNOSTIC,     9, -5.601437715553e-01, 1.797693134862e+308, 8.1596e-01, 4.4391e-03, 
 2DIAGNOSTIC,    10, -5.617741193774e-01, 5.067640484485e-03, 8.2070e-01, 4.7410e-03, 
 2DIAGNOSTIC,    11, -5.649562249041e-01, 4.796539612083e-03, 8.2634e-01, 5.6372e-03, 
 2DIAGNOSTIC,    12, -5.658710903081e-01, 4.260783098155e-03, 8.3143e-01, 5.0900e-03, 
 2DIAGNOSTIC,    13, -5.662828333056e-01, 3.524744036645e-03, 8.3602e-01, 4.5900e-03, 
 2DIAGNOSTIC,    14, -5.685908474577e-01, 2.751340472953e-03, 8.4122e-01, 5.2040e-03, 
 2DIAGNOSTIC,    15, -5.732745043306e-01, 2.134644679428e-03, 8.4792e-01, 6.6991e-03, 
 2DIAGNOSTIC,    16, -5.738084427845e-01, 1.591333148336e-03, 8.5344e-01, 5.5201e-03, 
 2DIAGNOSTIC,    17, -5.739093703464e-01, 1.247363567739e-03, 8.5785e-01, 4.4041e-03, 
 2DIAGNOSTIC,    18, -5.745773598458e-01, 1.002163966315e-03, 8.6227e-01, 4.4219e-03, 
 2DIAGNOSTIC,    19, -5.752045522723e-01, 8.579763081924e-04, 8.6691e-01, 4.6360e-03, 
 2DIAGNOSTIC,    20, -5.755578777727e-01, 6.955845773882e-04, 8.7161e-01, 4.7081e-03, 
 2DIAGNOSTIC,    21, -5.761681227725e-01, 5.767135182720e-04, 8.7605e-01, 4.4401e-03, 
 2DIAGNOSTIC,    22, -5.775610178281e-01, 4.707067062561e-04, 8.8059e-01, 4.5331e-03, 
 2DIAGNOSTIC,    23, -5.801876522134e-01, 3.965856196864e-04, 8.8573e-01, 5.1441e-03, 
 2DIAGNOSTIC,    24, -5.873578871770e-01, 4.881452204164e-04, 8.9230e-01, 6.5691e-03, 
 2DIAGNOSTIC,    25, -5.924052233492e-01, 7.199711435577e-04, 8.9876e-01, 6.4628e-03, 
 2DIAGNOSTIC,    26, -5.933789722538e-01, 8.944842700863e-04, 9.0452e-01, 5.7609e-03, 
 2DIAGNOSTIC,    27, -5.948140362553e-01, 1.002036484493e-03, 9.0971e-01, 5.1899e-03, 
 2DIAGNOSTIC,    28, -5.954370004547e-01, 1.029952320931e-03, 9.1426e-01, 4.5450e-03, 
 2DIAGNOSTIC,    29, -5.955619965629e-01, 9.699000563596e-04, 9.1881e-01, 4.5481e-03, 
 2DIAGNOSTIC,    30, -5.960977142444e-01, 8.366692960494e-04, 9.2334e-01, 4.5359e-03, 
 2DIAGNOSTIC,    31, -5.971105016170e-01, 6.606986235997e-04, 9.2851e-01, 5.1641e-03, 
 2DIAGNOSTIC,    32, -5.989728413263e-01, 4.853112632033e-04, 9.3529e-01, 6.7880e-03, 
 2DIAGNOSTIC,    33, -5.996340171264e-01, 3.222359248102e-04, 9.3981e-01, 4.5159e-03, 
 2DIAGNOSTIC,    34, -5.997688324915e-01, 2.443793016037e-04, 9.4433e-01, 4.5230e-03, 
 2DIAGNOSTIC,    35, -5.999328162874e-01, 2.224308790994e-04, 9.5006e-01, 5.7230e-03, 
 2DIAGNOSTIC,    36, -6.001598298637e-01, 1.965988110487e-04, 9.5452e-01, 4.4620e-03, 
 2DIAGNOSTIC,    37, -6.004938013063e-01, 1.767006121309e-04, 9.5961e-01, 5.0869e-03, 
 2DIAGNOSTIC,    38, -6.008280010232e-01, 1.536048164282e-04, 9.6428e-01, 4.6768e-03, 
 2DIAGNOSTIC,    39, -6.038559363524e-01, 1.574331423782e-04, 9.6975e-01, 5.4691e-03, 
 2DIAGNOSTIC,    40, -6.077047303290e-01, 1.993081243564e-04, 9.7466e-01, 4.9040e-03, 
 2DIAGNOSTIC,    41, -6.174632718492e-01, 3.481387318303e-04, 9.8081e-01, 6.1541e-03, 
 2DIAGNOSTIC,    42, -6.161977845277e-01, 4.608906954185e-04, 9.9074e-01, 9.9311e-03, 
 2DIAGNOSTIC,    43, -6.161564507316e-01, 5.335370530153e-04, 9.9550e-01, 4.7562e-03, 
 2DIAGNOSTIC,    44, -6.170772205866e-01, 5.644820048176e-04, 1.0000e+00, 4.5021e-03, 
 2DIAGNOSTIC,    45, -6.185357262382e-01, 5.560474826338e-04, 1.0044e+00, 4.4281e-03, 
 2DIAGNOSTIC,    46, -6.206472596104e-01, 5.180557908509e-04, 1.0088e+00, 4.3719e-03, 
 2DIAGNOSTIC,    47, -6.234100423075e-01, 4.649604249532e-04, 1.0132e+00, 4.4160e-03, 
 2DIAGNOSTIC,    48, -6.282459768986e-01, 4.232184045136e-04, 1.0179e+00, 4.6649e-03, 
 2DIAGNOSTIC,    49, -6.332856940322e-01, 4.219354347602e-04, 1.0223e+00, 4.4560e-03, 
 2DIAGNOSTIC,    50, -6.437673332634e-01, 5.158701601146e-04, 1.0269e+00, 4.5900e-03, 
 2DIAGNOSTIC,    51, -6.567709924081e-01, 7.709772474224e-04, 1.0316e+00, 4.6630e-03, 
 2DIAGNOSTIC,    52, -6.630139274689e-01, 9.856115834876e-04, 1.0367e+00, 5.1038e-03, 
 2DIAGNOSTIC,    53, -6.637658019826e-01, 1.103854873536e-03, 1.0411e+00, 4.4320e-03, 
 2DIAGNOSTIC,    54, -6.646848074770e-01, 1.129224575271e-03, 1.0458e+00, 4.6339e-03, 
 2DIAGNOSTIC,    55, -6.699954827531e-01, 1.103370263006e-03, 1.0540e+00, 8.2178e-03, 
 2DIAGNOSTIC,    56, -6.720089988953e-01, 1.005089870685e-03, 1.0608e+00, 6.7780e-03, 
 2DIAGNOSTIC,    57, -6.720481691817e-01, 8.375238601902e-04, 1.0652e+00, 4.4420e-03, 
 2DIAGNOSTIC,    58, -6.725919537899e-01, 6.425664560648e-04, 1.0696e+00, 4.4529e-03, 
 2DIAGNOSTIC,    59, -6.729036371331e-01, 4.360794253544e-04, 1.0741e+00, 4.4169e-03, 
 2DIAGNOSTIC,    60, -6.731488728200e-01, 2.773042378941e-04, 1.0785e+00, 4.3950e-03, 
 2DIAGNOSTIC,    61, -6.734259071382e-01, 1.993309601675e-04, 1.0828e+00, 4.3888e-03, 
 2DIAGNOSTIC,    62, -6.739132116809e-01, 1.568960382907e-04, 1.0873e+00, 4.4329e-03, 
 2DIAGNOSTIC,    63, -6.762843296861e-01, 1.247264095526e-04, 1.0937e+00, 6.4199e-03, 
 2DIAGNOSTIC,    64, -6.766381696864e-01, 8.969376527667e-05, 1.0983e+00, 4.5810e-03, 
 2DIAGNOSTIC,    65, -6.771215295363e-01, 8.898302711487e-05, 1.1026e+00, 4.3268e-03, 
 2DIAGNOSTIC,    66, -6.778537273849e-01, 9.953437592099e-05, 1.1076e+00, 4.9970e-03, 
 2DIAGNOSTIC,    67, -6.792267942510e-01, 1.098307171020e-04, 1.1136e+00, 6.0151e-03, 
 2DIAGNOSTIC,    68, -6.807681225474e-01, 1.231391495649e-04, 1.1180e+00, 4.4160e-03, 
 2DIAGNOSTIC,    69, -6.815199991773e-01, 1.312167757783e-04, 1.1224e+00, 4.3230e-03, 
 2DIAGNOSTIC,    70, -6.818105173761e-01, 1.303115693266e-04, 1.1283e+00, 5.8911e-03, 
 2DIAGNOSTIC,    71, -6.820510600635e-01, 1.205029917623e-04, 1.1326e+00, 4.3242e-03, 
 2DIAGNOSTIC,    72, -6.822317277129e-01, 1.032408239100e-04, 1.1369e+00, 4.3199e-03, 
 2DIAGNOSTIC,    73, -6.825798845497e-01, 9.372244367734e-05, 1.1429e+00, 6.0148e-03, 
 2DIAGNOSTIC,    74, -6.826263856460e-01, 7.797286616308e-05, 1.1473e+00, 4.3550e-03, 
 2DIAGNOSTIC,    75, -6.826914476772e-01, 5.871084376240e-05, 1.1517e+00, 4.4439e-03, 
 2DIAGNOSTIC,    76, -6.828123177073e-01, 3.951616193386e-05, 1.1561e+00, 4.3862e-03, 
 2DIAGNOSTIC,    77, -6.832344904723e-01, 2.762729809437e-05, 1.1604e+00, 4.3521e-03, 
 2DIAGNOSTIC,    78, -6.838171974732e-01, 2.580724734209e-05, 1.1671e+00, 6.6068e-03, 
 2DIAGNOSTIC,    79, -6.837376564025e-01, 2.541985410661e-05, 1.1714e+00, 4.3640e-03, 
 2DIAGNOSTIC,    80, -6.837941160832e-01, 2.471286076629e-05, 1.1758e+00, 4.3390e-03, 
 2DIAGNOSTIC,    81, -6.839726649337e-01, 2.407050424738e-05, 1.1801e+00, 4.3550e-03, 
 2DIAGNOSTIC,    82, -6.841107933178e-01, 2.281085675227e-05, 1.1846e+00, 4.4401e-03, 
 2DIAGNOSTIC,    83, -6.851047221163e-01, 2.675836288716e-05, 1.1907e+00, 6.1591e-03, 
 2DIAGNOSTIC,    84, -6.858177811902e-01, 3.208852469197e-05, 1.1961e+00, 5.4250e-03, 
 2DIAGNOSTIC,    85, -6.861556838341e-01, 3.640426369213e-05, 1.2034e+00, 7.2730e-03, 
 2DIAGNOSTIC,    86, -6.861559720928e-01, 3.780232842524e-05, 1.2077e+00, 4.2839e-03, 
 2DIAGNOSTIC,    87, -6.861669912320e-01, 3.777829425639e-05, 1.2120e+00, 4.3151e-03, 
 2DIAGNOSTIC,    88, -6.861800487193e-01, 3.717569733915e-05, 1.2163e+00, 4.3199e-03, 
 2DIAGNOSTIC,    89, -6.861877212710e-01, 3.259416139346e-05, 1.2212e+00, 4.8680e-03, 
 2DIAGNOSTIC,    90, -6.861915222663e-01, 2.533887915199e-05, 1.2255e+00, 4.3321e-03, 
 2DIAGNOSTIC,    91, -6.861984998384e-01, 1.686268540948e-05, 1.2298e+00, 4.2810e-03, 
 2DIAGNOSTIC,    92, -6.862113858102e-01, 7.665798301255e-06, 1.2341e+00, 4.3070e-03, 
 2DIAGNOSTIC,    93, -6.862267454136e-01, 2.805394585170e-06, 1.2384e+00, 4.3209e-03, 
 2DIAGNOSTIC,    94, -6.862421288627e-01, 1.275809881907e-06, 1.2432e+00, 4.7889e-03, 
 2DIAGNOSTIC,    95, -6.863402141630e-01, 1.765586163868e-06, 1.2491e+00, 5.8880e-03, 
 2DIAGNOSTIC,    96, -6.863401474428e-01, 2.097704778168e-06, 1.2534e+00, 4.2448e-03, 
 2DIAGNOSTIC,    97, -6.863402863240e-01, 2.310434612856e-06, 1.2578e+00, 4.4100e-03, 
 2DIAGNOSTIC,    98, -6.863407453160e-01, 2.396900113038e-06, 1.2625e+00, 4.7059e-03, 
 2DIAGNOSTIC,    99, -6.863418740919e-01, 2.321356361645e-06, 1.2670e+00, 4.4868e-03, 
 2DIAGNOSTIC,   100, -6.863434099497e-01, 2.073710946973e-06, 1.2809e+00, 1.3937e-02, 
 2DIAGNOSTIC,   101, -6.863434097930e-01, 1.693683027527e-06, 1.3079e+00, 2.7013e-02, 
 2DIAGNOSTIC,   102, -6.863434097930e-01, 1.253582083515e-06, 1.3163e+00, 8.3458e-03, 
DIAGNOSTIC,Iteration,metricValue,convergenceValue,ITERATION_TIME_INDEX,SINCE_LAST
 2DIAGNOSTIC,     1, -5.583127430068e-01, 1.797693134862e+308, 2.0320e+00, 7.1570e-01, 
 2DIAGNOSTIC,     2, -5.587682842952e-01, 1.797693134862e+308, 2.0637e+00, 3.1765e-02, 
 2DIAGNOSTIC,     3, -5.591009338738e-01, 1.797693134862e+308, 2.0935e+00, 2.9817e-02, 
 2DIAGNOSTIC,     4, -5.599291009444e-01, 1.797693134862e+308, 2.1206e+00, 2.7077e-02, 
 2DIAGNOSTIC,     5, -5.608877671925e-01, 1.797693134862e+308, 2.1553e+00, 3.4667e-02, 
 2DIAGNOSTIC,     6, -5.613230511821e-01, 1.797693134862e+308, 2.1869e+00, 3.1631e-02, 
 2DIAGNOSTIC,     7, -5.624630937903e-01, 1.797693134862e+308, 2.2216e+00, 3.4644e-02, 
 2DIAGNOSTIC,     8, -5.631234639146e-01, 1.797693134862e+308, 2.2603e+00, 3.8768e-02, 
 2DIAGNOSTIC,     9, -5.632648498728e-01, 1.797693134862e+308, 2.2952e+00, 3.4842e-02, 
 2DIAGNOSTIC,    10, -5.639248316474e-01, 6.930289539218e-04, 2.3269e+00, 3.1687e-02, 
 2DIAGNOSTIC,    11, -5.654733115962e-01, 6.697911304509e-04, 2.3609e+00, 3.4027e-02, 
 2DIAGNOSTIC,    12, -5.659951658731e-01, 6.301024744771e-04, 2.3930e+00, 3.2096e-02, 
 2DIAGNOSTIC,    13, -5.661005746600e-01, 5.567124275285e-04, 2.4255e+00, 3.2513e-02, 
 2DIAGNOSTIC,    14, -5.661223087069e-01, 4.748616692637e-04, 2.4625e+00, 3.6981e-02, 
 2DIAGNOSTIC,    15, -5.661570934031e-01, 3.944380429764e-04, 2.5093e+00, 4.6835e-02, 
 2DIAGNOSTIC,    16, -5.661594297369e-01, 3.003310520482e-04, 2.5413e+00, 3.2008e-02, 
 2DIAGNOSTIC,    17, -5.661518729016e-01, 2.229036637926e-04, 2.5700e+00, 2.8670e-02, 
 2DIAGNOSTIC,    18, -5.661451653732e-01, 1.527660924129e-04, 2.6059e+00, 3.5948e-02, 
 2DIAGNOSTIC,    19, -5.661463867476e-01, 8.004370127810e-05, 2.6419e+00, 3.5952e-02, 
 2DIAGNOSTIC,    20, -5.661287721225e-01, 2.260279858447e-05, 2.6753e+00, 3.3374e-02, 
 2DIAGNOSTIC,    21, -5.661290974835e-01, 5.570551331345e-06, 2.7062e+00, 3.0989e-02, 
 2DIAGNOSTIC,    22, -5.661205834886e-01, 1.425596790151e-06, 2.7377e+00, 3.1463e-02, 
DIAGNOSTIC,Iteration,metricValue,convergenceValue,ITERATION_TIME_INDEX,SINCE_LAST
 2DIAGNOSTIC,     1, -5.039521387833e-01, 1.797693134862e+308, 3.8125e+00, 1.0748e+00, 
 2DIAGNOSTIC,     2, -5.041334924816e-01, 1.797693134862e+308, 4.0853e+00, 2.7281e-01, 
 2DIAGNOSTIC,     3, -5.042649777170e-01, 1.797693134862e+308, 4.3494e+00, 2.6408e-01, 
 2DIAGNOSTIC,     4, -5.043255698727e-01, 1.797693134862e+308, 4.6184e+00, 2.6907e-01, 
 2DIAGNOSTIC,     5, -5.043512996228e-01, 1.797693134862e+308, 4.9267e+00, 3.0824e-01, 
 2DIAGNOSTIC,     6, -5.044466534645e-01, 1.797693134862e+308, 5.2410e+00, 3.1437e-01, 
 2DIAGNOSTIC,     7, -5.045415670290e-01, 1.797693134862e+308, 5.5341e+00, 2.9305e-01, 
 2DIAGNOSTIC,     8, -5.045464448245e-01, 1.797693134862e+308, 5.9255e+00, 3.9144e-01, 
 2DIAGNOSTIC,     9, -5.045444209468e-01, 1.797693134862e+308, 6.2150e+00, 2.8948e-01, 
 2DIAGNOSTIC,    10, -5.045420454125e-01, 7.435733432602e-05, 6.5933e+00, 3.7826e-01, 
 2DIAGNOSTIC,    11, -5.045402783209e-01, 4.947045792575e-05, 6.8663e+00, 2.7301e-01, 
 2DIAGNOSTIC,    12, -5.045384846055e-01, 3.277131508868e-05, 7.0895e+00, 2.2325e-01, 
 2DIAGNOSTIC,    13, -5.045376783792e-01, 2.157292913471e-05, 7.3175e+00, 2.2797e-01, 
 2DIAGNOSTIC,    14, -5.045388224006e-01, 1.280102710779e-05, 7.5760e+00, 2.5846e-01, 
 2DIAGNOSTIC,    15, -5.045380574057e-01, 5.118162301906e-06, 7.8208e+00, 2.4488e-01, 
 2DIAGNOSTIC,    16, -5.045391552386e-01, 1.424955648366e-06, 8.0569e+00, 2.3605e-01, 
 2DIAGNOSTIC,    17, -5.045403725982e-01, 1.398096297567e-06, 8.2759e+00, 2.1901e-01, 
 2DIAGNOSTIC,    18, -5.045437635794e-01, 1.676228200943e-06, 8.5503e+00, 2.7435e-01, 
 2DIAGNOSTIC,    19, -5.045489045722e-01, 2.024179821071e-06, 8.7930e+00, 2.4273e-01, 
 2DIAGNOSTIC,    20, -5.045478190451e-01, 2.205483182340e-06, 9.0560e+00, 2.6304e-01, 
 2DIAGNOSTIC,    21, -5.045570547510e-01, 2.517666612023e-06, 9.2818e+00, 2.2572e-01, 
 2DIAGNOSTIC,    22, -5.045704352290e-01, 2.999269660423e-06, 9.5336e+00, 2.5183e-01, 
 2DIAGNOSTIC,    23, -5.045702562572e-01, 3.259884259539e-06, 9.8029e+00, 2.6930e-01, 
 2DIAGNOSTIC,    24, -5.045643488633e-01, 3.217549469824e-06, 1.0067e+01, 2.6398e-01, 
 2DIAGNOSTIC,    25, -5.045720144645e-01, 3.165179685537e-06, 1.0284e+01, 2.1670e-01, 
 2DIAGNOSTIC,    26, -5.045593291317e-01, 2.678987214517e-06, 1.0551e+01, 2.6792e-01, 
 2DIAGNOSTIC,    27, -5.046033115262e-01, 3.035767673285e-06, 1.0916e+01, 3.6501e-01, 
 2DIAGNOSTIC,    28, -5.046011655662e-01, 3.190350114236e-06, 1.1181e+01, 2.6407e-01, 
 2DIAGNOSTIC,    29, -5.045993608432e-01, 3.220955381064e-06, 1.1441e+01, 2.6012e-01, 
 2DIAGNOSTIC,    30, -5.046027057737e-01, 3.101961006877e-06, 1.1713e+01, 2.7249e-01, 
 2DIAGNOSTIC,    31, -5.046065354549e-01, 3.023654473341e-06, 1.2014e+01, 3.0080e-01, 
 2DIAGNOSTIC,    32, -5.046037822807e-01, 2.935299811109e-06, 1.2272e+01, 2.5786e-01, 
 2DIAGNOSTIC,    33, -5.046040987331e-01, 2.672449314886e-06, 1.2561e+01, 2.8913e-01, 
 2DIAGNOSTIC,    34, -5.046008432363e-01, 2.117536361045e-06, 1.2829e+01, 2.6795e-01, 
 2DIAGNOSTIC,    35, -5.045983380036e-01, 1.578741523504e-06, 1.3089e+01, 2.6038e-01, 
DIAGNOSTIC,Iteration,metricValue,convergenceValue,ITERATION_TIME_INDEX,SINCE_LAST
 2DIAGNOSTIC,     1, -4.673020045117e-01, 1.797693134862e+308, 1.5488e+01, 2.3989e+00, 
 2DIAGNOSTIC,     2, -4.673764092503e-01, 1.797693134862e+308, 1.7013e+01, 1.5249e+00, 
 2DIAGNOSTIC,     3, -4.673799172380e-01, 1.797693134862e+308, 1.9719e+01, 2.7063e+00, 
 2DIAGNOSTIC,     4, -4.673800957593e-01, 1.797693134862e+308, 2.1465e+01, 1.7452e+00, 
 2DIAGNOSTIC,     5, -4.673796338143e-01, 1.797693134862e+308, 2.3005e+01, 1.5403e+00, 
 2DIAGNOSTIC,     6, -4.673795776868e-01, 1.797693134862e+308, 2.4656e+01, 1.6515e+00, 
 2DIAGNOSTIC,     7, -4.673794083426e-01, 1.797693134862e+308, 2.9249e+01, 4.5931e+00, 
 2DIAGNOSTIC,     8, -4.673794083404e-01, 1.797693134862e+308, 3.3791e+01, 4.5414e+00, 
 2DIAGNOSTIC,     9, -4.673794083404e-01, 1.797693134862e+308, 3.5665e+01, 1.8738e+00, 
 2DIAGNOSTIC,    10, -4.673794083404e-01, 8.005505334571e-06, 3.7272e+01, 1.6075e+00, 
 2DIAGNOSTIC,    11, -4.673794083404e-01, 2.999024007189e-06, 3.9118e+01, 1.8459e+00, 
 2DIAGNOSTIC,    12, -4.673794083404e-01, 2.582617827276e-06, 4.0644e+01, 1.5260e+00, 
 2DIAGNOSTIC,    13, -4.673794083404e-01, 2.400017227303e-06, 4.2155e+01, 1.5114e+00, 
 2DIAGNOSTIC,    14, -4.673794083404e-01, 2.255945783597e-06, 4.3660e+01, 1.5046e+00, 
 2DIAGNOSTIC,    15, -4.673794083404e-01, 2.113819981178e-06, 4.5211e+01, 1.5514e+00, 
 2DIAGNOSTIC,    16, -4.673794083404e-01, 1.988141051887e-06, 4.6886e+01, 1.6749e+00, 
 2DIAGNOSTIC,    17, -4.673794083404e-01, 1.871190497084e-06, 4.8441e+01, 1.5552e+00, 
 2DIAGNOSTIC,    18, -4.673794083404e-01, 1.767234495638e-06, 4.9919e+01, 1.4780e+00, 
 2DIAGNOSTIC,    19, -4.673794083404e-01, 1.674221328282e-06, 5.1302e+01, 1.3824e+00, 
 2DIAGNOSTIC,    20, -4.673794083404e-01, 1.590509556115e-06, 5.3224e+01, 1.9221e+00, 
 2DIAGNOSTIC,    21, -4.673794083404e-01, 1.514770397656e-06, 5.4730e+01, 1.5060e+00, 
 2DIAGNOSTIC,    22, -4.673794083404e-01, 1.445916670034e-06, 5.6440e+01, 1.7101e+00, 
 2DIAGNOSTIC,    23, -4.673794083404e-01, 1.383050266916e-06, 5.7946e+01, 1.5062e+00, 
 2DIAGNOSTIC,    24, -4.673794083404e-01, 1.325422767540e-06, 5.9446e+01, 1.4999e+00, 
 2DIAGNOSTIC,    25, -4.673794083404e-01, 1.272405499242e-06, 6.1136e+01, 1.6902e+00, 
 2DIAGNOSTIC,    26, -4.673794083404e-01, 1.223466508778e-06, 6.2723e+01, 1.5864e+00, 
 2DIAGNOSTIC,    27, -4.673794083404e-01, 1.178152651382e-06, 6.4331e+01, 1.6086e+00, 
 2DIAGNOSTIC,    28, -4.673794083404e-01, 1.136075517577e-06, 6.5874e+01, 1.5423e+00, 
 2DIAGNOSTIC,    29, -4.673794083404e-01, 1.096900271967e-06, 6.7425e+01, 1.5510e+00, 
 2DIAGNOSTIC,    30, -4.673794083404e-01, 1.060336724069e-06, 6.8764e+01, 1.3394e+00, 
 2DIAGNOSTIC,    31, -4.673794083404e-01, 1.026132127567e-06, 7.0489e+01, 1.7253e+00, 
  Elapsed time (stage 0): 7.1389e+01


Total elapsed time: 7.1392e+01
Info [verificarlo]: loaded backend libinterflop_vprec.so
Info [interflop-vprec]: load backend with: 
Info [interflop-vprec]: precision-binary32 = 22
Info [interflop-vprec]: range-binary32 = 8
Info [interflop-vprec]: precision-binary64 = 22
Info [interflop-vprec]: range-binary64 = 8
Info [interflop-vprec]: mode = ob
Info [interflop-vprec]: error-mode = rel
Info [interflop-vprec]: max-abs-error-exponent = -1022
Info [interflop-vprec]: daz = false
Info [interflop-vprec]: ftz = false
Info [interflop-vprec]: 	instrument = none
Info [interflop-vprec]: 	prec-input-file = (null)
Info [interflop-vprec]: 	prec-output-file = (null)
Info [interflop-vprec]: 	prec-log-file = (null)
All_Command_lines_OK
Using double precision for computations.
=============================================================================
The composite transform comprises the following transforms (in order): 
  1. /home/mdugre/scratch/mri-registration-rp/datasets/ds004513/derivatives/mri-registration-rp/0011/antsRegistration-r8-p22/sub-s035/rigid_Composite.h5[0] (type = Euler3DTransform)
  2. /home/mdugre/scratch/mri-registration-rp/datasets/ds004513/derivatives/mri-registration-rp/0011/antsRegistration-r8-p22/sub-s035/rigid_Composite.h5[1] (type = Euler3DTransform)
  3. /home/mdugre/scratch/mri-registration-rp/datasets/ds004513/derivatives/mri-registration-rp/0011/antsRegistration-r8-p22/sub-s035/rigid_Composite.h5[2] (type = Euler3DTransform)
=============================================================================
  number of levels = 4
  fixed image: /templateflow/tpl-MNI152NLin2009cAsym/tpl-MNI152NLin2009cAsym_res-01_desc-brain_T1w.nii.gz
  moving image: /home/mdugre/scratch/mri-registration-rp/datasets/ds004513/derivatives/mri-registration-rp/antsBrainExtraction/sub-s035/BrainExtractionBrain.nii.gz
Dimension = 3
Number of stages = 1
Use histogram matching = false
Winsorize image intensities = true
  Lower quantile = 0.005
  Upper quantile = 0.995


Stage 1 State
   Image metric = MattesMI
     Fixed image = Image (0x4512490)
  RTTI typeinfo:   itk::Image<double, 3u>
  Reference Count: 2
  Modified Time: 1592
  Debug: Off
  Object Name: 
  Observers: 
    none
  Source: (none)
  Source output name: (none)
  Release Data: Off
  Data Released: False
  Global Release Data: Off
  PipelineMTime: 0
  UpdateMTime: 1203
  RealTimeStamp: 0 seconds 
  LargestPossibleRegion: 
    Dimension: 3
    Index: [0, 0, 0]
    Size: [193, 229, 193]
  BufferedRegion: 
    Dimension: 3
    Index: [0, 0, 0]
    Size: [193, 229, 193]
  RequestedRegion: 
    Dimension: 3
    Index: [0, 0, 0]
    Size: [193, 229, 193]
  Spacing: [1, 1, 1]
  Origin: [96, 132, -78]
  Direction: 
-1 0 0
0 -1 0
0 0 1

  IndexToPointMatrix: 
-1 0 0
0 -1 0
0 0 1

  PointToIndexMatrix: 
-1 0 0
0 -1 0
0 0 1

  Inverse Direction: 
-1 0 0
0 -1 0
0 0 1

  PixelContainer: 
    ImportImageContainer (0x45dd8c0)
      RTTI typeinfo:   itk::ImportImageContainer<unsigned long, double>
      Reference Count: 1
      Modified Time: 1200
      Debug: Off
      Object Name: 
      Observers: 
        none
      Pointer: 0x14f47b60d010
      Container manages memory: true
      Size: 8530021
      Capacity: 8530021

     Moving image = Image (0x45cdb60)
  RTTI typeinfo:   itk::Image<double, 3u>
  Reference Count: 2
  Modified Time: 1593
  Debug: Off
  Object Name: 
  Observers: 
    none
  Source: (none)
  Source output name: (none)
  Release Data: Off
  Data Released: False
  Global Release Data: Off
  PipelineMTime: 0
  UpdateMTime: 1590
  RealTimeStamp: 0 seconds 
  LargestPossibleRegion: 
    Dimension: 3
    Index: [0, 0, 0]
    Size: [160, 240, 256]
  BufferedRegion: 
    Dimension: 3
    Index: [0, 0, 0]
    Size: [160, 240, 256]
  RequestedRegion: 
    Dimension: 3
    Index: [0, 0, 0]
    Size: [160, 240, 256]
  Spacing: [1, 1, 1]
  Origin: [98.6438, 87.6358, -117.989]
  Direction: 
-0.993515 -0.100993 -0.0522355
0.100854 -0.994887 0.00530255
-0.0525039 1.93537e-08 0.998621

  IndexToPointMatrix: 
-0.993515 -0.100993 -0.0522355
0.100854 -0.994887 0.00530255
-0.0525039 1.93537e-08 0.998621

  PointToIndexMatrix: 
-0.993515 0.100854 -0.0525039
-0.100993 -0.994887 -1.78814e-07
-0.0522355 0.00530255 0.998621

  Inverse Direction: 
-0.993515 0.100854 -0.0525039
-0.100993 -0.994887 -1.78814e-07
-0.0522355 0.00530255 0.998621

  PixelContainer: 
    ImportImageContainer (0x46611d0)
      RTTI typeinfo:   itk::ImportImageContainer<unsigned long, double>
      Reference Count: 1
      Modified Time: 1587
      Debug: Off
      Object Name: 
      Observers: 
        none
      Pointer: 0x14f476b0c010
      Container manages memory: true
      Size: 9830400
      Capacity: 9830400

     Weighting = 1
     Sampling strategy = regular
     Number of bins = 32
     Radius = 4
     Sampling percentage  = 0.25
   Transform = Affine
     Gradient step = 0.1
     Update field sigma (voxel space) = 0
     Total field sigma (voxel space) = 0
     Update field time sigma = 0
     Total field time sigma  = 0
     Number of time indices = 0
     Number of time point samples = 0
Registration using 1 total stages.

Stage 0
  iterations = 1000x500x250x100
  convergence threshold = 1e-06
  convergence window size = 10
  number of levels = 4
  using the Mattes MI metric (number of bins = 32, weight = 1, use gradient filter = 0)
  preprocessing:  winsorizing the image intensities
  Shrink factors (level 1 out of 4): [8, 8, 8]
  Shrink factors (level 2 out of 4): [4, 4, 4]
  Shrink factors (level 3 out of 4): [2, 2, 2]
  Shrink factors (level 4 out of 4): [1, 1, 1]
  smoothing sigmas per level: [3, 2, 1, 0]
  regular sampling (percentage = 0.25)

*** Running AffineTransform registration ***

DIAGNOSTIC,Iteration,metricValue,convergenceValue,ITERATION_TIME_INDEX,SINCE_LAST
 2DIAGNOSTIC,     1, -6.762892647050e-01, 1.797693134862e+308, 0.0000e+00, 0.0000e+00, 
 2DIAGNOSTIC,     2, -6.785884762495e-01, 1.797693134862e+308, 0.0000e+00, 0.0000e+00, 
 2DIAGNOSTIC,     3, -6.830588625658e-01, 1.797693134862e+308, 0.0000e+00, 0.0000e+00, 
 2DIAGNOSTIC,     4, -6.902289594505e-01, 1.797693134862e+308, 0.0000e+00, 0.0000e+00, 
 2DIAGNOSTIC,     5, -6.999672823893e-01, 1.797693134862e+308, 0.0000e+00, 0.0000e+00, 
 2DIAGNOSTIC,     6, -7.117808841534e-01, 1.797693134862e+308, 0.0000e+00, 0.0000e+00, 
 2DIAGNOSTIC,     7, -7.361488018220e-01, 1.797693134862e+308, 0.0000e+00, 0.0000e+00, 
 2DIAGNOSTIC,     8, -7.390079595104e-01, 1.797693134862e+308, 0.0000e+00, 0.0000e+00, 
 2DIAGNOSTIC,     9, -7.397802875810e-01, 1.797693134862e+308, 0.0000e+00, 0.0000e+00, 
 2DIAGNOSTIC,    10, -7.407466030177e-01, 7.236465841686e-03, 0.0000e+00, 0.0000e+00, 
 2DIAGNOSTIC,    11, -7.413248308396e-01, 6.174447457803e-03, 0.0000e+00, 0.0000e+00, 
 2DIAGNOSTIC,    12, -7.414921710751e-01, 4.814809722391e-03, 0.0000e+00, 0.0000e+00, 
 2DIAGNOSTIC,    13, -7.423371426487e-01, 3.399434171203e-03, 0.0000e+00, 0.0000e+00, 
 2DIAGNOSTIC,    14, -7.433448459400e-01, 2.122097694791e-03, 0.0000e+00, 0.0000e+00, 
 2DIAGNOSTIC,    15, -7.447208724392e-01, 1.118590980958e-03, 0.0000e+00, 0.0000e+00, 
 2DIAGNOSTIC,    16, -7.447819371161e-01, 4.176884355140e-04, 0.0000e+00, 0.0000e+00, 
 2DIAGNOSTIC,    17, -7.447273980811e-01, 3.245754498390e-04, 0.0000e+00, 0.0000e+00, 
 2DIAGNOSTIC,    18, -7.446547511722e-01, 2.731658461999e-04, 0.0000e+00, 0.0000e+00, 
 2DIAGNOSTIC,    19, -7.445785440971e-01, 2.157070009830e-04, 0.0000e+00, 0.0000e+00, 
 2DIAGNOSTIC,    20, -7.445212665814e-01, 1.615164016398e-04, 0.0000e+00, 0.0000e+00, 
 2DIAGNOSTIC,    21, -7.445748880717e-01, 1.097709897192e-04, 0.0000e+00, 0.0000e+00, 
 2DIAGNOSTIC,    22, -7.444900688883e-01, 5.434500832312e-05, 0.0000e+00, 0.0000e+00, 
 2DIAGNOSTIC,    23, -7.442914119410e-01, 9.729857176531e-06, 0.0000e+00, 0.0000e+00, 
DIAGNOSTIC,Iteration,metricValue,convergenceValue,ITERATION_TIME_INDEX,SINCE_LAST
 2DIAGNOSTIC,     1, -6.103394443127e-01, 1.797693134862e+308, 0.0000e+00, 0.0000e+00, 
 2DIAGNOSTIC,     2, -6.107562738030e-01, 1.797693134862e+308, 0.0000e+00, 0.0000e+00, 
 2DIAGNOSTIC,     3, -6.113337729690e-01, 1.797693134862e+308, 0.0000e+00, 0.0000e+00, 
 2DIAGNOSTIC,     4, -6.118905584647e-01, 1.797693134862e+308, 0.0000e+00, 0.0000e+00, 
 2DIAGNOSTIC,     5, -6.127095179450e-01, 1.797693134862e+308, 0.0000e+00, 0.0000e+00, 
 2DIAGNOSTIC,     6, -6.128548579061e-01, 1.797693134862e+308, 0.0000e+00, 0.0000e+00, 
 2DIAGNOSTIC,     7, -6.127842386207e-01, 1.797693134862e+308, 0.0000e+00, 0.0000e+00, 
 2DIAGNOSTIC,     8, -6.127855396192e-01, 1.797693134862e+308, 0.0000e+00, 0.0000e+00, 
 2DIAGNOSTIC,     9, -6.127785559651e-01, 1.797693134862e+308, 0.0000e+00, 0.0000e+00, 
 2DIAGNOSTIC,    10, -6.127667874080e-01, 2.657280472921e-04, 0.0000e+00, 0.0000e+00, 
 2DIAGNOSTIC,    11, -6.127679045389e-01, 1.679531457921e-04, 0.0000e+00, 0.0000e+00, 
 2DIAGNOSTIC,    12, -6.127664241658e-01, 8.790759196976e-05, 0.0000e+00, 0.0000e+00, 
 2DIAGNOSTIC,    13, -6.127625259667e-01, 3.284348375994e-05, 0.0000e+00, 0.0000e+00, 
DIAGNOSTIC,Iteration,metricValue,convergenceValue,ITERATION_TIME_INDEX,SINCE_LAST
 2DIAGNOSTIC,     1, -5.361886390005e-01, 1.797693134862e+308, 0.0000e+00, 0.0000e+00, 
 2DIAGNOSTIC,     2, -5.364072549695e-01, 1.797693134862e+308, 0.0000e+00, 0.0000e+00, 
 2DIAGNOSTIC,     3, -5.365983308551e-01, 1.797693134862e+308, 0.0000e+00, 0.0000e+00, 
 2DIAGNOSTIC,     4, -5.366668380614e-01, 1.797693134862e+308, 0.0000e+00, 0.0000e+00, 
 2DIAGNOSTIC,     5, -5.366534888060e-01, 1.797693134862e+308, 0.0000e+00, 0.0000e+00, 
 2DIAGNOSTIC,     6, -5.366516192414e-01, 1.797693134862e+308, 0.0000e+00, 0.0000e+00, 
 2DIAGNOSTIC,     7, -5.366496355703e-01, 1.797693134862e+308, 0.0000e+00, 0.0000e+00, 
 2DIAGNOSTIC,     8, -5.366504413405e-01, 1.797693134862e+308, 0.0000e+00, 0.0000e+00, 
 2DIAGNOSTIC,     9, -5.366500288040e-01, 1.797693134862e+308, 0.0000e+00, 0.0000e+00, 
 2DIAGNOSTIC,    10, -5.366494345472e-01, 4.031266156844e-05, 0.0000e+00, 0.0000e+00, 
 2DIAGNOSTIC,    11, -5.366477058598e-01, 1.596222191677e-05, 0.0000e+00, 0.0000e+00, 
 2DIAGNOSTIC,    12, -5.366471263407e-01, 3.910298485010e-06, 0.0000e+00, 0.0000e+00, 
 2DIAGNOSTIC,    13, -5.366466393019e-01, 1.275152298683e-06, 0.0000e+00, 0.0000e+00, 
 2DIAGNOSTIC,    14, -5.366464806075e-01, 1.720201940697e-06, 0.0000e+00, 0.0000e+00, 
 2DIAGNOSTIC,    15, -5.366452705519e-01, 1.643653794792e-06, 0.0000e+00, 0.0000e+00, 
 2DIAGNOSTIC,    16, -5.366451503811e-01, 1.558158740200e-06, 0.0000e+00, 0.0000e+00, 
 2DIAGNOSTIC,    17, -5.366447348953e-01, 1.446229929536e-06, 0.0000e+00, 0.0000e+00, 
 2DIAGNOSTIC,    18, -5.366441540857e-01, 1.391699461908e-06, 0.0000e+00, 0.0000e+00, 
 2DIAGNOSTIC,    19, -5.366419054636e-01, 1.303420764091e-06, 0.0000e+00, 0.0000e+00, 
 2DIAGNOSTIC,    20, -5.366431164692e-01, 1.277332907307e-06, 0.0000e+00, 0.0000e+00, 
 2DIAGNOSTIC,    21, -5.366428936886e-01, 1.232065203374e-06, 0.0000e+00, 0.0000e+00, 
 2DIAGNOSTIC,    22, -5.366424057380e-01, 1.191052838669e-06, 0.0000e+00, 0.0000e+00, 
 2DIAGNOSTIC,    23, -5.366410171776e-01, 1.134940028034e-06, 0.0000e+00, 0.0000e+00, 
 2DIAGNOSTIC,    24, -5.366406184652e-01, 1.096286687999e-06, 0.0000e+00, 0.0000e+00, 
 2DIAGNOSTIC,    25, -5.366406466268e-01, 1.056251452060e-06, 0.0000e+00, 0.0000e+00, 
 2DIAGNOSTIC,    26, -5.366420813846e-01, 1.065008582081e-06, 0.0000e+00, 0.0000e+00, 
 2DIAGNOSTIC,    27, -5.366416017831e-01, 1.069835549448e-06, 0.0000e+00, 0.0000e+00, 
 2DIAGNOSTIC,    28, -5.366408635571e-01, 1.061933266058e-06, 0.0000e+00, 0.0000e+00, 
DIAGNOSTIC,Iteration,metricValue,convergenceValue,ITERATION_TIME_INDEX,SINCE_LAST
 2DIAGNOSTIC,     1, -4.920769244297e-01, 1.797693134862e+308, 0.0000e+00, 0.0000e+00, 
 2DIAGNOSTIC,     2, -4.922604828533e-01, 1.797693134862e+308, 0.0000e+00, 0.0000e+00, 
