
##########################
# Experiment information #
##########################

EXPERIMENT_NAME: antsRegistration-r7-p19
VFC_BACKENDS: libinterflop_vprec.so --range-binary32=7 --precision-binary32=19 --range-binary64=7 --precision-binary64=19

SIF_IMG: /home/mdugre/projects/rrg-glatard/mdugre/containers/ants-vprec-no_metrics.simg

SUBJECT_ID: s003
INPUT_IMG: /home/mdugre/scratch/mri-registration-rp/datasets/ds004513/derivatives/mri-registration-rp/antsBrainExtraction/sub-s003/BrainExtractionBrain.nii.gz
OUTPUT_DIR: /home/mdugre/scratch/mri-registration-rp/datasets/ds004513/derivatives/mri-registration-rp/0011/antsRegistration-r7-p19/sub-s003

FIXED_IMG: /templateflow/tpl-MNI152NLin2009cAsym/tpl-MNI152NLin2009cAsym_res-01_desc-brain_T1w.nii.gz
DATA_DIR: /home/mdugre/scratch/mri-registration-rp/datasets/ds004513
TEMPLATEFLOW_DIR: /home/mdugre/projects/rrg-glatard/mdugre/templateflow
ITK_GLOBAL_DEFAULT_NUMBER_OF_THREADS: 16
##########################

Info [verificarlo]: loaded backend libinterflop_ieee.so
Info [interflop-ieee]: load backend with:
Info [interflop-ieee]: debug = false
Info [interflop-ieee]: debug-binary = false
Info [interflop-ieee]: no-backend-name = false
Info [interflop-ieee]: print-new-line = false
Info [interflop-ieee]: print-subnormal-normalized = false
Info [interflop-ieee]: count-op = false
All_Command_lines_OK
Using double precision for computations.
=============================================================================
The composite transform comprises the following transforms (in order): 
  1. Center of mass alignment using fixed image: /templateflow/tpl-MNI152NLin2009cAsym/tpl-MNI152NLin2009cAsym_res-01_desc-brain_T1w.nii.gz and moving image: /home/mdugre/scratch/mri-registration-rp/datasets/ds004513/derivatives/mri-registration-rp/antsBrainExtraction/sub-s003/BrainExtractionBrain.nii.gz (type = Euler3DTransform)
=============================================================================
  number of levels = 1
  fixed image: /templateflow/tpl-MNI152NLin2009cAsym/tpl-MNI152NLin2009cAsym_res-01_desc-brain_T1w.nii.gz
  moving image: /home/mdugre/scratch/mri-registration-rp/datasets/ds004513/derivatives/mri-registration-rp/antsBrainExtraction/sub-s003/BrainExtractionBrain.nii.gz
Dimension = 3
Number of stages = 1
Use histogram matching = false
Winsorize image intensities = true
  Lower quantile = 0.005
  Upper quantile = 0.995


Stage 1 State
   Image metric = MattesMI
     Fixed image = Image (0x35ece70)
  RTTI typeinfo:   itk::Image<double, 3u>
  Reference Count: 2
  Modified Time: 2334
  Debug: Off
  Object Name: 
  Observers: 
    none
  Source: (none)
  Source output name: (none)
  Release Data: Off
  Data Released: False
  Global Release Data: Off
  PipelineMTime: 0
  UpdateMTime: 1943
  RealTimeStamp: 0 seconds 
  LargestPossibleRegion: 
    Dimension: 3
    Index: [0, 0, 0]
    Size: [193, 229, 193]
  BufferedRegion: 
    Dimension: 3
    Index: [0, 0, 0]
    Size: [193, 229, 193]
  RequestedRegion: 
    Dimension: 3
    Index: [0, 0, 0]
    Size: [193, 229, 193]
  Spacing: [1, 1, 1]
  Origin: [96, 132, -78]
  Direction: 
-1 0 0
0 -1 0
0 0 1

  IndexToPointMatrix: 
-1 0 0
0 -1 0
0 0 1

  PointToIndexMatrix: 
-1 0 0
0 -1 0
0 0 1

  Inverse Direction: 
-1 0 0
0 -1 0
0 0 1

  PixelContainer: 
    ImportImageContainer (0x35f9140)
      RTTI typeinfo:   itk::ImportImageContainer<unsigned long, double>
      Reference Count: 1
      Modified Time: 1940
      Debug: Off
      Object Name: 
      Observers: 
        none
      Pointer: 0x150285509010
      Container manages memory: true
      Size: 8530021
      Capacity: 8530021

     Moving image = Image (0x35f6310)
  RTTI typeinfo:   itk::Image<double, 3u>
  Reference Count: 2
  Modified Time: 2335
  Debug: Off
  Object Name: 
  Observers: 
    none
  Source: (none)
  Source output name: (none)
  Release Data: Off
  Data Released: False
  Global Release Data: Off
  PipelineMTime: 0
  UpdateMTime: 2332
  RealTimeStamp: 0 seconds 
  LargestPossibleRegion: 
    Dimension: 3
    Index: [0, 0, 0]
    Size: [176, 240, 256]
  BufferedRegion: 
    Dimension: 3
    Index: [0, 0, 0]
    Size: [176, 240, 256]
  RequestedRegion: 
    Dimension: 3
    Index: [0, 0, 0]
    Size: [176, 240, 256]
  Spacing: [0.999999, 1, 1]
  Origin: [93.3499, 86.9368, -128.957]
  Direction: 
-0.999513 -0.0279216 -0.0139567
0.0279189 -0.99961 0.000389866
-0.0139622 2.01492e-08 0.999903

  IndexToPointMatrix: 
-0.999512 -0.0279216 -0.0139567
0.0279189 -0.99961 0.000389866
-0.0139621 2.01492e-08 0.999903

  PointToIndexMatrix: 
-0.999514 0.0279189 -0.0139622
-0.0279216 -0.99961 2.01716e-08
-0.0139567 0.000389866 0.999903

  Inverse Direction: 
-0.999513 0.0279189 -0.0139622
-0.0279216 -0.99961 2.01716e-08
-0.0139567 0.000389866 0.999903

  PixelContainer: 
    ImportImageContainer (0x3721610)
      RTTI typeinfo:   itk::ImportImageContainer<unsigned long, double>
      Reference Count: 1
      Modified Time: 2329
      Debug: Off
      Object Name: 
      Observers: 
        none
      Pointer: 0x150280288010
      Container manages memory: true
      Size: 10813440
      Capacity: 10813440

     Weighting = 1
     Sampling strategy = regular
     Number of bins = 32
     Radius = 4
     Sampling percentage  = 0.25
   Transform = Rigid
     Gradient step = 0.1
     Update field sigma (voxel space) = 0
     Total field sigma (voxel space) = 0
     Update field time sigma = 0
     Total field time sigma  = 0
     Number of time indices = 0
     Number of time point samples = 0
Registration using 1 total stages.

Stage 0
  iterations = 0
  convergence threshold = 1e-06
  convergence window size = 10
  number of levels = 1
  using the Mattes MI metric (number of bins = 32, weight = 1, use gradient filter = 0)
  preprocessing:  winsorizing the image intensities
  Shrink factors (level 1 out of 1): [1, 1, 1]
  smoothing sigmas per level: [0]
  regular sampling (percentage = 0.25)

*** Running Euler3DTransform registration ***

  Elapsed time (stage 0): 1.09762


Total elapsed time: 1.10009
Info [verificarlo]: loaded backend libinterflop_ieee.so
Info [interflop-ieee]: load backend with:
Info [interflop-ieee]: debug = false
Info [interflop-ieee]: debug-binary = false
Info [interflop-ieee]: no-backend-name = false
Info [interflop-ieee]: print-new-line = false
Info [interflop-ieee]: print-subnormal-normalized = false
Info [interflop-ieee]: count-op = false
All_Command_lines_OK
Using double precision for computations.
=============================================================================
The composite transform comprises the following transforms (in order): 
  1. /home/mdugre/scratch/mri-registration-rp/datasets/ds004513/derivatives/mri-registration-rp/0011/antsRegistration-r7-p19/sub-s003/align_Composite.h5[0] (type = Euler3DTransform)
  2. /home/mdugre/scratch/mri-registration-rp/datasets/ds004513/derivatives/mri-registration-rp/0011/antsRegistration-r7-p19/sub-s003/align_Composite.h5[1] (type = Euler3DTransform)
=============================================================================
  number of levels = 4
  fixed image: /templateflow/tpl-MNI152NLin2009cAsym/tpl-MNI152NLin2009cAsym_res-01_desc-brain_T1w.nii.gz
  moving image: /home/mdugre/scratch/mri-registration-rp/datasets/ds004513/derivatives/mri-registration-rp/antsBrainExtraction/sub-s003/BrainExtractionBrain.nii.gz
Dimension = 3
Number of stages = 1
Use histogram matching = false
Winsorize image intensities = true
  Lower quantile = 0.005
  Upper quantile = 0.995


Stage 1 State
   Image metric = MattesMI
     Fixed image = Image (0x3a33530)
  RTTI typeinfo:   itk::Image<double, 3u>
  Reference Count: 2
  Modified Time: 1580
  Debug: Off
  Object Name: 
  Observers: 
    none
  Source: (none)
  Source output name: (none)
  Release Data: Off
  Data Released: False
  Global Release Data: Off
  PipelineMTime: 0
  UpdateMTime: 1189
  RealTimeStamp: 0 seconds 
  LargestPossibleRegion: 
    Dimension: 3
    Index: [0, 0, 0]
    Size: [193, 229, 193]
  BufferedRegion: 
    Dimension: 3
    Index: [0, 0, 0]
    Size: [193, 229, 193]
  RequestedRegion: 
    Dimension: 3
    Index: [0, 0, 0]
    Size: [193, 229, 193]
  Spacing: [1, 1, 1]
  Origin: [96, 132, -78]
  Direction: 
-1 0 0
0 -1 0
0 0 1

  IndexToPointMatrix: 
-1 0 0
0 -1 0
0 0 1

  PointToIndexMatrix: 
-1 0 0
0 -1 0
0 0 1

  Inverse Direction: 
-1 0 0
0 -1 0
0 0 1

  PixelContainer: 
    ImportImageContainer (0x3af1d60)
      RTTI typeinfo:   itk::ImportImageContainer<unsigned long, double>
      Reference Count: 1
      Modified Time: 1186
      Debug: Off
      Object Name: 
      Observers: 
        none
      Pointer: 0x148d25f3e010
      Container manages memory: true
      Size: 8530021
      Capacity: 8530021

     Moving image = Image (0x3ae3f60)
  RTTI typeinfo:   itk::Image<double, 3u>
  Reference Count: 2
  Modified Time: 1581
  Debug: Off
  Object Name: 
  Observers: 
    none
  Source: (none)
  Source output name: (none)
  Release Data: Off
  Data Released: False
  Global Release Data: Off
  PipelineMTime: 0
  UpdateMTime: 1578
  RealTimeStamp: 0 seconds 
  LargestPossibleRegion: 
    Dimension: 3
    Index: [0, 0, 0]
    Size: [176, 240, 256]
  BufferedRegion: 
    Dimension: 3
    Index: [0, 0, 0]
    Size: [176, 240, 256]
  RequestedRegion: 
    Dimension: 3
    Index: [0, 0, 0]
    Size: [176, 240, 256]
  Spacing: [0.999999, 1, 1]
  Origin: [93.3499, 86.9368, -128.957]
  Direction: 
-0.999513 -0.0279216 -0.0139567
0.0279189 -0.99961 0.000389866
-0.0139622 2.01492e-08 0.999903

  IndexToPointMatrix: 
-0.999512 -0.0279216 -0.0139567
0.0279189 -0.99961 0.000389866
-0.0139621 2.01492e-08 0.999903

  PointToIndexMatrix: 
-0.999514 0.0279189 -0.0139622
-0.0279216 -0.99961 2.01716e-08
-0.0139567 0.000389866 0.999903

  Inverse Direction: 
-0.999513 0.0279189 -0.0139622
-0.0279216 -0.99961 2.01716e-08
-0.0139567 0.000389866 0.999903

  PixelContainer: 
    ImportImageContainer (0x3ad56d0)
      RTTI typeinfo:   itk::ImportImageContainer<unsigned long, double>
      Reference Count: 1
      Modified Time: 1575
      Debug: Off
      Object Name: 
      Observers: 
        none
      Pointer: 0x148d20cbd010
      Container manages memory: true
      Size: 10813440
      Capacity: 10813440

     Weighting = 1
     Sampling strategy = regular
     Number of bins = 32
     Radius = 4
     Sampling percentage  = 0.25
   Transform = Rigid
     Gradient step = 0.1
     Update field sigma (voxel space) = 0
     Total field sigma (voxel space) = 0
     Update field time sigma = 0
     Total field time sigma  = 0
     Number of time indices = 0
     Number of time point samples = 0
Registration using 1 total stages.

Stage 0
  iterations = 1000x500x250x100
  convergence threshold = 1e-06
  convergence window size = 10
  number of levels = 4
  using the Mattes MI metric (number of bins = 32, weight = 1, use gradient filter = 0)
  preprocessing:  winsorizing the image intensities
  Shrink factors (level 1 out of 4): [8, 8, 8]
  Shrink factors (level 2 out of 4): [4, 4, 4]
  Shrink factors (level 3 out of 4): [2, 2, 2]
  Shrink factors (level 4 out of 4): [1, 1, 1]
  smoothing sigmas per level: [3, 2, 1, 0]
  regular sampling (percentage = 0.25)

*** Running Euler3DTransform registration ***

DIAGNOSTIC,Iteration,metricValue,convergenceValue,ITERATION_TIME_INDEX,SINCE_LAST
 2DIAGNOSTIC,     1, -4.871187133941e-01, 1.797693134862e+308, 7.9275e-01, 7.9275e-01, 
 2DIAGNOSTIC,     2, -4.887966556740e-01, 1.797693134862e+308, 7.9747e-01, 4.7200e-03, 
 2DIAGNOSTIC,     3, -4.919242839642e-01, 1.797693134862e+308, 8.0196e-01, 4.4918e-03, 
 2DIAGNOSTIC,     4, -5.019092629522e-01, 1.797693134862e+308, 8.0650e-01, 4.5421e-03, 
 2DIAGNOSTIC,     5, -5.198319788477e-01, 1.797693134862e+308, 8.1103e-01, 4.5271e-03, 
 2DIAGNOSTIC,     6, -5.251449584180e-01, 1.797693134862e+308, 8.1555e-01, 4.5221e-03, 
 2DIAGNOSTIC,     7, -5.365118080768e-01, 1.797693134862e+308, 8.2020e-01, 4.6480e-03, 
 2DIAGNOSTIC,     8, -5.564319077261e-01, 1.797693134862e+308, 8.2695e-01, 6.7492e-03, 
 2DIAGNOSTIC,     9, -5.572786469687e-01, 1.797693134862e+308, 8.3138e-01, 4.4279e-03, 
 2DIAGNOSTIC,    10, -5.597886110608e-01, 1.060089541986e-02, 8.3645e-01, 5.0728e-03, 
 2DIAGNOSTIC,    11, -5.645450860914e-01, 9.471656029002e-03, 8.4101e-01, 4.5650e-03, 
 2DIAGNOSTIC,    12, -5.675342641672e-01, 7.901754414630e-03, 8.4618e-01, 5.1630e-03, 
 2DIAGNOSTIC,    13, -5.685174641935e-01, 6.033280802480e-03, 8.5128e-01, 5.1010e-03, 
 2DIAGNOSTIC,    14, -5.693412095342e-01, 4.302087948771e-03, 8.5695e-01, 5.6739e-03, 
 2DIAGNOSTIC,    15, -5.718972801998e-01, 3.155204981956e-03, 8.6208e-01, 5.1241e-03, 
 2DIAGNOSTIC,    16, -5.734788767073e-01, 2.091398053254e-03, 8.6646e-01, 4.3879e-03, 
 2DIAGNOSTIC,    17, -5.737823402463e-01, 1.310029424175e-03, 8.7100e-01, 4.5381e-03, 
 2DIAGNOSTIC,    18, -5.749452616696e-01, 1.114936190121e-03, 8.7569e-01, 4.6928e-03, 
 2DIAGNOSTIC,    19, -5.774392255372e-01, 9.301256922567e-04, 8.8249e-01, 6.7990e-03, 
 2DIAGNOSTIC,    20, -5.782944999915e-01, 7.612328991045e-04, 8.8755e-01, 5.0581e-03, 
 2DIAGNOSTIC,    21, -5.788863756094e-01, 6.687985512519e-04, 8.9209e-01, 4.5431e-03, 
 2DIAGNOSTIC,    22, -5.857337702393e-01, 7.546209615166e-04, 8.9671e-01, 4.6170e-03, 
 2DIAGNOSTIC,    23, -6.028589200593e-01, 1.162232407484e-03, 9.0191e-01, 5.2011e-03, 
 2DIAGNOSTIC,    24, -6.086613845444e-01, 1.554691261077e-03, 9.0815e-01, 6.2411e-03, 
 2DIAGNOSTIC,    25, -6.127624316099e-01, 1.904928890759e-03, 9.1327e-01, 5.1179e-03, 
 2DIAGNOSTIC,    26, -6.171330103586e-01, 2.167612450732e-03, 9.1821e-01, 4.9379e-03, 
 2DIAGNOSTIC,    27, -6.180829713711e-01, 2.226134261049e-03, 9.2265e-01, 4.4389e-03, 
 2DIAGNOSTIC,    28, -6.204355230854e-01, 2.128618132384e-03, 9.2758e-01, 4.9341e-03, 
 2DIAGNOSTIC,    29, -6.216541951879e-01, 1.901236660195e-03, 9.3203e-01, 4.4510e-03, 
 2DIAGNOSTIC,    30, -6.252686893067e-01, 1.589741161478e-03, 9.3718e-01, 5.1470e-03, 
 2DIAGNOSTIC,    31, -6.305777381802e-01, 1.244381260012e-03, 9.4218e-01, 4.9980e-03, 
 2DIAGNOSTIC,    32, -6.437127538643e-01, 1.107472903620e-03, 9.4787e-01, 5.6942e-03, 
 2DIAGNOSTIC,    33, -6.470254061404e-01, 1.176378993591e-03, 9.5230e-01, 4.4301e-03, 
 2DIAGNOSTIC,    34, -6.489209201031e-01, 1.241881418950e-03, 9.5935e-01, 7.0448e-03, 
 2DIAGNOSTIC,    35, -6.509315329938e-01, 1.271874200649e-03, 9.6372e-01, 4.3700e-03, 
 2DIAGNOSTIC,    36, -6.520051240169e-01, 1.251973445821e-03, 9.6807e-01, 4.3571e-03, 
 2DIAGNOSTIC,    37, -6.528675307627e-01, 1.135510930123e-03, 9.7249e-01, 4.4122e-03, 
 2DIAGNOSTIC,    38, -6.532429869774e-01, 9.531133899076e-04, 9.7678e-01, 4.2980e-03, 
 2DIAGNOSTIC,    39, -6.541841671038e-01, 7.192085006212e-04, 9.8267e-01, 5.8820e-03, 
 2DIAGNOSTIC,    40, -6.542250541348e-01, 4.742510112256e-04, 9.8695e-01, 4.2880e-03, 
 2DIAGNOSTIC,    41, -6.546730911804e-01, 2.614258986843e-04, 9.9121e-01, 4.2589e-03, 
 2DIAGNOSTIC,    42, -6.552178913382e-01, 1.909212774678e-04, 9.9706e-01, 5.8429e-03, 
 2DIAGNOSTIC,    43, -6.554102472111e-01, 1.446145128459e-04, 1.0017e+00, 4.6620e-03, 
 2DIAGNOSTIC,    44, -6.554512690896e-01, 1.075361673533e-04, 1.0061e+00, 4.3499e-03, 
 2DIAGNOSTIC,    45, -6.555134003723e-01, 8.395943277290e-05, 1.0103e+00, 4.2720e-03, 
 2DIAGNOSTIC,    46, -6.555925405584e-01, 6.536670993859e-05, 1.0151e+00, 4.7870e-03, 
 2DIAGNOSTIC,    47, -6.557569327495e-01, 5.173664097203e-05, 1.0200e+00, 4.8468e-03, 
 2DIAGNOSTIC,    48, -6.557092890106e-01, 3.682193789225e-05, 1.0252e+00, 5.2490e-03, 
 2DIAGNOSTIC,    49, -6.557474736594e-01, 2.873555658066e-05, 1.0296e+00, 4.3669e-03, 
 2DIAGNOSTIC,    50, -6.556175746198e-01, 1.744485529477e-05, 1.0339e+00, 4.3321e-03, 
 2DIAGNOSTIC,    51, -6.557535399593e-01, 1.032702795738e-05, 1.0388e+00, 4.8430e-03, 
 2DIAGNOSTIC,    52, -6.558774399471e-01, 8.530819699922e-06, 1.0431e+00, 4.3509e-03, 
 2DIAGNOSTIC,    53, -6.557322519054e-01, 6.445201052425e-06, 1.0475e+00, 4.3368e-03, 
 2DIAGNOSTIC,    54, -6.559508713327e-01, 6.228895895709e-06, 1.0524e+00, 4.9179e-03, 
 2DIAGNOSTIC,    55, -6.558100577000e-01, 4.767709998462e-06, 1.0577e+00, 5.3599e-03, 
 2DIAGNOSTIC,    56, -6.560532987080e-01, 5.637050765513e-06, 1.0631e+00, 5.3310e-03, 
 2DIAGNOSTIC,    57, -6.560469403184e-01, 7.225976546444e-06, 1.0689e+00, 5.8291e-03, 
 2DIAGNOSTIC,    58, -6.559945692318e-01, 7.327663381070e-06, 1.0742e+00, 5.2629e-03, 
 2DIAGNOSTIC,    59, -6.560505065590e-01, 7.602361115355e-06, 1.0785e+00, 4.3001e-03, 
 2DIAGNOSTIC,    60, -6.558685748341e-01, 4.723531186707e-06, 1.0827e+00, 4.2560e-03, 
 2DIAGNOSTIC,    61, -6.557579021819e-01, 1.737564046349e-06, 1.0870e+00, 4.2951e-03, 
DIAGNOSTIC,Iteration,metricValue,convergenceValue,ITERATION_TIME_INDEX,SINCE_LAST
 2DIAGNOSTIC,     1, -5.248433273298e-01, 1.797693134862e+308, 1.8391e+00, 7.5214e-01, 
 2DIAGNOSTIC,     2, -5.255073291985e-01, 1.797693134862e+308, 1.8729e+00, 3.3782e-02, 
 2DIAGNOSTIC,     3, -5.263472723783e-01, 1.797693134862e+308, 1.9047e+00, 3.1800e-02, 
 2DIAGNOSTIC,     4, -5.272505020672e-01, 1.797693134862e+308, 1.9356e+00, 3.0903e-02, 
 2DIAGNOSTIC,     5, -5.278700272503e-01, 1.797693134862e+308, 1.9671e+00, 3.1468e-02, 
 2DIAGNOSTIC,     6, -5.281351362455e-01, 1.797693134862e+308, 1.9994e+00, 3.2345e-02, 
 2DIAGNOSTIC,     7, -5.290158574474e-01, 1.797693134862e+308, 2.0323e+00, 3.2858e-02, 
 2DIAGNOSTIC,     8, -5.301009105008e-01, 1.797693134862e+308, 2.0706e+00, 3.8293e-02, 
 2DIAGNOSTIC,     9, -5.303750575203e-01, 1.797693134862e+308, 2.1132e+00, 4.2595e-02, 
 2DIAGNOSTIC,    10, -5.305009998688e-01, 7.252143845170e-04, 2.1465e+00, 3.3306e-02, 
 2DIAGNOSTIC,    11, -5.306902581430e-01, 5.992506527048e-04, 2.1770e+00, 3.0546e-02, 
 2DIAGNOSTIC,    12, -5.315208935377e-01, 5.068332207331e-04, 2.2084e+00, 3.1402e-02, 
 2DIAGNOSTIC,    13, -5.348172381553e-01, 5.516391083312e-04, 2.2568e+00, 4.8318e-02, 
 2DIAGNOSTIC,    14, -5.350964238095e-01, 5.819828501522e-04, 2.2925e+00, 3.5764e-02, 
 2DIAGNOSTIC,    15, -5.351258303373e-01, 5.807816641570e-04, 2.3368e+00, 4.4232e-02, 
 2DIAGNOSTIC,    16, -5.351293470966e-01, 5.371019833057e-04, 2.3728e+00, 3.5991e-02, 
 2DIAGNOSTIC,    17, -5.351250624335e-01, 4.754797710025e-04, 2.4089e+00, 3.6151e-02, 
 2DIAGNOSTIC,    18, -5.351141356915e-01, 4.071343825676e-04, 2.4435e+00, 3.4597e-02, 
 2DIAGNOSTIC,    19, -5.351153676620e-01, 3.161202248108e-04, 2.4739e+00, 3.0390e-02, 
 2DIAGNOSTIC,    20, -5.351229108159e-01, 2.101530467364e-04, 2.5092e+00, 3.5335e-02, 
 2DIAGNOSTIC,    21, -5.351401594542e-01, 1.006968874906e-04, 2.5431e+00, 3.3921e-02, 
 2DIAGNOSTIC,    22, -5.351307725740e-01, 9.752745995732e-06, 2.5741e+00, 3.0971e-02, 
 2DIAGNOSTIC,    23, -5.351406267796e-01, 2.677646857206e-06, 2.6084e+00, 3.4277e-02, 
 2DIAGNOSTIC,    24, -5.351388284418e-01, 2.230033032111e-06, 2.6399e+00, 3.1488e-02, 
 2DIAGNOSTIC,    25, -5.351505918390e-01, 2.603243773089e-06, 2.6744e+00, 3.4530e-02, 
 2DIAGNOSTIC,    26, -5.351468275683e-01, 2.808419845006e-06, 2.7083e+00, 3.3849e-02, 
 2DIAGNOSTIC,    27, -5.351392248997e-01, 2.628992145891e-06, 2.7387e+00, 3.0423e-02, 
 2DIAGNOSTIC,    28, -5.351521066797e-01, 2.374515032745e-06, 2.7697e+00, 3.1043e-02, 
 2DIAGNOSTIC,    29, -5.351660528376e-01, 2.287201479642e-06, 2.8004e+00, 3.0695e-02, 
 2DIAGNOSTIC,    30, -5.351760467254e-01, 2.388101902111e-06, 2.8361e+00, 3.5652e-02, 
 2DIAGNOSTIC,    31, -5.352068875918e-01, 3.193719215998e-06, 2.8702e+00, 3.4089e-02, 
 2DIAGNOSTIC,    32, -5.352351132256e-01, 4.048734841090e-06, 2.9048e+00, 3.4664e-02, 
 2DIAGNOSTIC,    33, -5.352915399451e-01, 5.627756245956e-06, 2.9398e+00, 3.4966e-02, 
 2DIAGNOSTIC,    34, -5.354305269778e-01, 8.798279921111e-06, 2.9776e+00, 3.7768e-02, 
 2DIAGNOSTIC,    35, -5.354660199633e-01, 1.171535299936e-05, 3.0154e+00, 3.7873e-02, 
 2DIAGNOSTIC,    36, -5.357139082290e-01, 1.708078171291e-05, 3.0726e+00, 5.7168e-02, 
 2DIAGNOSTIC,    37, -5.356896269128e-01, 2.007891957802e-05, 3.1114e+00, 3.8754e-02, 
 2DIAGNOSTIC,    38, -5.357075454921e-01, 2.156144974340e-05, 3.1486e+00, 3.7205e-02, 
 2DIAGNOSTIC,    39, -5.357228204093e-01, 2.140733054898e-05, 3.1860e+00, 3.7472e-02, 
 2DIAGNOSTIC,    40, -5.357179192557e-01, 1.933500427137e-05, 3.2194e+00, 3.3325e-02, 
 2DIAGNOSTIC,    41, -5.357347331117e-01, 1.619586432303e-05, 3.2577e+00, 3.8340e-02, 
 2DIAGNOSTIC,    42, -5.357452361613e-01, 1.222322342389e-05, 3.3011e+00, 4.3447e-02, 
 2DIAGNOSTIC,    43, -5.357442848111e-01, 8.029032483273e-06, 3.3361e+00, 3.4921e-02, 
 2DIAGNOSTIC,    44, -5.357291816094e-01, 4.850451577526e-06, 3.3726e+00, 3.6544e-02, 
 2DIAGNOSTIC,    45, -5.357233656419e-01, 1.693003163970e-06, 3.4054e+00, 3.2818e-02, 
 2DIAGNOSTIC,    46, -5.357289806765e-01, 1.524371519682e-06, 3.4390e+00, 3.3590e-02, 
 2DIAGNOSTIC,    47, -5.357440307013e-01, 1.166138909377e-06, 3.4752e+00, 3.6183e-02, 
DIAGNOSTIC,Iteration,metricValue,convergenceValue,ITERATION_TIME_INDEX,SINCE_LAST
 2DIAGNOSTIC,     1, -4.748455256286e-01, 1.797693134862e+308, 4.6610e+00, 1.1858e+00, 
 2DIAGNOSTIC,     2, -4.751068758701e-01, 1.797693134862e+308, 4.8924e+00, 2.3144e-01, 
 2DIAGNOSTIC,     3, -4.754001130071e-01, 1.797693134862e+308, 5.1271e+00, 2.3467e-01, 
 2DIAGNOSTIC,     4, -4.757133062995e-01, 1.797693134862e+308, 5.4331e+00, 3.0598e-01, 
 2DIAGNOSTIC,     5, -4.757995642648e-01, 1.797693134862e+308, 5.7067e+00, 2.7367e-01, 
 2DIAGNOSTIC,     6, -4.758392727114e-01, 1.797693134862e+308, 5.9876e+00, 2.8090e-01, 
 2DIAGNOSTIC,     7, -4.761325035219e-01, 1.797693134862e+308, 6.2524e+00, 2.6475e-01, 
 2DIAGNOSTIC,     8, -4.765661767639e-01, 1.797693134862e+308, 6.5986e+00, 3.4617e-01, 
 2DIAGNOSTIC,     9, -4.766825156725e-01, 1.797693134862e+308, 6.9366e+00, 3.3801e-01, 
 2DIAGNOSTIC,    10, -4.768563266343e-01, 2.664495997505e-04, 7.3330e+00, 3.9643e-01, 
 2DIAGNOSTIC,    11, -4.769705054803e-01, 2.320983843085e-04, 7.6511e+00, 3.1811e-01, 
 2DIAGNOSTIC,    12, -4.773390903282e-01, 2.138004187489e-04, 7.9649e+00, 3.1377e-01, 
 2DIAGNOSTIC,    13, -4.777390295428e-01, 2.100409363713e-04, 8.2618e+00, 2.9689e-01, 
 2DIAGNOSTIC,    14, -4.777785228401e-01, 2.027179736985e-04, 8.5293e+00, 2.6752e-01, 
 2DIAGNOSTIC,    15, -4.778093065556e-01, 1.833437160275e-04, 8.7919e+00, 2.6257e-01, 
 2DIAGNOSTIC,    16, -4.781025927931e-01, 1.622211229474e-04, 9.1270e+00, 3.3514e-01, 
 2DIAGNOSTIC,    17, -4.781857843725e-01, 1.412128092668e-04, 9.4398e+00, 3.1279e-01, 
 2DIAGNOSTIC,    18, -4.782474883486e-01, 1.258836328421e-04, 9.7028e+00, 2.6299e-01, 
 2DIAGNOSTIC,    19, -4.786250088463e-01, 1.162915784032e-04, 1.0083e+01, 3.7994e-01, 
 2DIAGNOSTIC,    20, -4.787587025651e-01, 1.060921094962e-04, 1.0350e+01, 2.6727e-01, 
 2DIAGNOSTIC,    21, -4.788407679760e-01, 9.245350045114e-05, 1.0675e+01, 3.2548e-01, 
 2DIAGNOSTIC,    22, -4.788476088029e-01, 8.152434641265e-05, 1.1133e+01, 4.5706e-01, 
 2DIAGNOSTIC,    23, -4.788475733841e-01, 7.452340100399e-05, 1.1455e+01, 3.2230e-01, 
 2DIAGNOSTIC,    24, -4.788434406575e-01, 6.208911756919e-05, 1.1767e+01, 3.1231e-01, 
 2DIAGNOSTIC,    25, -4.788440666329e-01, 4.545428791426e-05, 1.2199e+01, 4.3225e-01, 
 2DIAGNOSTIC,    26, -4.788409708796e-01, 3.265155996145e-05, 1.2539e+01, 3.3917e-01, 
 2DIAGNOSTIC,    27, -4.788392492701e-01, 1.973739504667e-05, 1.2841e+01, 3.0287e-01, 
 2DIAGNOSTIC,    28, -4.788376074321e-01, 7.107937091196e-06, 1.3177e+01, 3.3589e-01, 
 2DIAGNOSTIC,    29, -4.788352689097e-01, 2.433073303290e-06, 1.3500e+01, 3.2267e-01, 
DIAGNOSTIC,Iteration,metricValue,convergenceValue,ITERATION_TIME_INDEX,SINCE_LAST
 2DIAGNOSTIC,     1, -4.453254153257e-01, 1.797693134862e+308, 1.6311e+01, 2.8108e+00, 
 2DIAGNOSTIC,     2, -4.453748585155e-01, 1.797693134862e+308, 1.8150e+01, 1.8388e+00, 
 2DIAGNOSTIC,     3, -4.453832964874e-01, 1.797693134862e+308, 2.0166e+01, 2.0165e+00, 
 2DIAGNOSTIC,     4, -4.453836545471e-01, 1.797693134862e+308, 2.2830e+01, 2.6642e+00, 
 2DIAGNOSTIC,     5, -4.453834244954e-01, 1.797693134862e+308, 2.4737e+01, 1.9065e+00, 
 2DIAGNOSTIC,     6, -4.453834275821e-01, 1.797693134862e+308, 2.6532e+01, 1.7948e+00, 
 2DIAGNOSTIC,     7, -4.453832800282e-01, 1.797693134862e+308, 2.8744e+01, 2.2122e+00, 
 2DIAGNOSTIC,     8, -4.453831092836e-01, 1.797693134862e+308, 3.0799e+01, 2.0554e+00, 
 2DIAGNOSTIC,     9, -4.453829840541e-01, 1.797693134862e+308, 3.2321e+01, 1.5220e+00, 
 2DIAGNOSTIC,    10, -4.453828055503e-01, 7.276731171277e-06, 3.3933e+01, 1.6115e+00, 
 2DIAGNOSTIC,    11, -4.453827723761e-01, 3.288806691204e-06, 3.5890e+01, 1.9573e+00, 
 2DIAGNOSTIC,    12, -4.453826738227e-01, 2.541145610935e-06, 3.7788e+01, 1.8977e+00, 
 2DIAGNOSTIC,    13, -4.453826626524e-01, 2.331594260774e-06, 3.9286e+01, 1.4989e+00, 
 2DIAGNOSTIC,    14, -4.453827925435e-01, 2.184981715309e-06, 4.0957e+01, 1.6703e+00, 
 2DIAGNOSTIC,    15, -4.453825703545e-01, 2.046361104541e-06, 4.3104e+01, 2.1478e+00, 
 2DIAGNOSTIC,    16, -4.453825145356e-01, 1.930158064378e-06, 4.4765e+01, 1.6606e+00, 
 2DIAGNOSTIC,    17, -4.453824473961e-01, 1.825030246594e-06, 4.6264e+01, 1.4989e+00, 
 2DIAGNOSTIC,    18, -4.453823946287e-01, 1.727873685929e-06, 4.8093e+01, 1.8287e+00, 
 2DIAGNOSTIC,    19, -4.453824173970e-01, 1.641203451766e-06, 4.9645e+01, 1.5519e+00, 
 2DIAGNOSTIC,    20, -4.453823680371e-01, 1.559019194214e-06, 5.1176e+01, 1.5315e+00, 
 2DIAGNOSTIC,    21, -4.453824333184e-01, 1.488803800187e-06, 5.2934e+01, 1.7578e+00, 
 2DIAGNOSTIC,    22, -4.453825788851e-01, 1.428692985889e-06, 5.4487e+01, 1.5527e+00, 
 2DIAGNOSTIC,    23, -4.453824122279e-01, 1.370197270256e-06, 5.6448e+01, 1.9612e+00, 
 2DIAGNOSTIC,    24, -4.453823689986e-01, 1.320409172362e-06, 5.8646e+01, 2.1979e+00, 
 2DIAGNOSTIC,    25, -4.453822466721e-01, 1.266332928532e-06, 6.0466e+01, 1.8201e+00, 
 2DIAGNOSTIC,    26, -4.453821615892e-01, 1.213540462335e-06, 6.2234e+01, 1.7682e+00, 
 2DIAGNOSTIC,    27, -4.453823785172e-01, 1.169113511126e-06, 6.3874e+01, 1.6395e+00, 
 2DIAGNOSTIC,    28, -4.453825966321e-01, 1.132321351308e-06, 6.5708e+01, 1.8340e+00, 
 2DIAGNOSTIC,    29, -4.453823855121e-01, 1.094307045195e-06, 6.7525e+01, 1.8172e+00, 
 2DIAGNOSTIC,    30, -4.453824988517e-01, 1.060686233748e-06, 6.9318e+01, 1.7932e+00, 
 2DIAGNOSTIC,    31, -4.453822581099e-01, 1.025424190011e-06, 7.1391e+01, 2.0730e+00, 
  Elapsed time (stage 0): 7.2304e+01


Total elapsed time: 7.2306e+01
Info [verificarlo]: loaded backend libinterflop_vprec.so
Info [interflop-vprec]: load backend with: 
Info [interflop-vprec]: precision-binary32 = 19
Info [interflop-vprec]: range-binary32 = 7
Info [interflop-vprec]: precision-binary64 = 19
Info [interflop-vprec]: range-binary64 = 7
Info [interflop-vprec]: mode = ob
Info [interflop-vprec]: error-mode = rel
Info [interflop-vprec]: max-abs-error-exponent = -1022
Info [interflop-vprec]: daz = false
Info [interflop-vprec]: ftz = false
Info [interflop-vprec]: 	instrument = none
Info [interflop-vprec]: 	prec-input-file = (null)
Info [interflop-vprec]: 	prec-output-file = (null)
Info [interflop-vprec]: 	prec-log-file = (null)
All_Command_lines_OK
Using double precision for computations.
=============================================================================
The composite transform comprises the following transforms (in order): 
  1. /home/mdugre/scratch/mri-registration-rp/datasets/ds004513/derivatives/mri-registration-rp/0011/antsRegistration-r7-p19/sub-s003/rigid_Composite.h5[0] (type = Euler3DTransform)
  2. /home/mdugre/scratch/mri-registration-rp/datasets/ds004513/derivatives/mri-registration-rp/0011/antsRegistration-r7-p19/sub-s003/rigid_Composite.h5[1] (type = Euler3DTransform)
  3. /home/mdugre/scratch/mri-registration-rp/datasets/ds004513/derivatives/mri-registration-rp/0011/antsRegistration-r7-p19/sub-s003/rigid_Composite.h5[2] (type = Euler3DTransform)
=============================================================================
  number of levels = 4
  fixed image: /templateflow/tpl-MNI152NLin2009cAsym/tpl-MNI152NLin2009cAsym_res-01_desc-brain_T1w.nii.gz
  moving image: /home/mdugre/scratch/mri-registration-rp/datasets/ds004513/derivatives/mri-registration-rp/antsBrainExtraction/sub-s003/BrainExtractionBrain.nii.gz
Dimension = 3
Number of stages = 1
Use histogram matching = false
Winsorize image intensities = true
  Lower quantile = 0.005
  Upper quantile = 0.995


Stage 1 State
   Image metric = MattesMI
     Fixed image = Image (0x41d0490)
  RTTI typeinfo:   itk::Image<double, 3u>
  Reference Count: 2
  Modified Time: 1594
  Debug: Off
  Object Name: 
  Observers: 
    none
  Source: (none)
  Source output name: (none)
  Release Data: Off
  Data Released: False
  Global Release Data: Off
  PipelineMTime: 0
  UpdateMTime: 1203
  RealTimeStamp: 0 seconds 
  LargestPossibleRegion: 
    Dimension: 3
    Index: [0, 0, 0]
    Size: [193, 229, 193]
  BufferedRegion: 
    Dimension: 3
    Index: [0, 0, 0]
    Size: [193, 229, 193]
  RequestedRegion: 
    Dimension: 3
    Index: [0, 0, 0]
    Size: [193, 229, 193]
  Spacing: [1, 1, 1]
  Origin: [96, 132, -78]
  Direction: 
-1 0 0
0 -1 0
0 0 1

  IndexToPointMatrix: 
-1 0 0
0 -1 0
0 0 1

  PointToIndexMatrix: 
-1 0 0
0 -1 0
0 0 1

  Inverse Direction: 
-1 0 0
0 -1 0
0 0 1

  PixelContainer: 
    ImportImageContainer (0x429b8c0)
      RTTI typeinfo:   itk::ImportImageContainer<unsigned long, double>
      Reference Count: 1
      Modified Time: 1200
      Debug: Off
      Object Name: 
      Observers: 
        none
      Pointer: 0x15074cb15010
      Container manages memory: true
      Size: 8530021
      Capacity: 8530021

     Moving image = Image (0x428bb60)
  RTTI typeinfo:   itk::Image<double, 3u>
  Reference Count: 2
  Modified Time: 1595
  Debug: Off
  Object Name: 
  Observers: 
    none
  Source: (none)
  Source output name: (none)
  Release Data: Off
  Data Released: False
  Global Release Data: Off
  PipelineMTime: 0
  UpdateMTime: 1592
  RealTimeStamp: 0 seconds 
  LargestPossibleRegion: 
    Dimension: 3
    Index: [0, 0, 0]
    Size: [176, 240, 256]
  BufferedRegion: 
    Dimension: 3
    Index: [0, 0, 0]
    Size: [176, 240, 256]
  RequestedRegion: 
    Dimension: 3
    Index: [0, 0, 0]
    Size: [176, 240, 256]
  Spacing: [0.999999, 1, 1]
  Origin: [93.35, 86.9369, -128.957]
  Direction: 
-0.999513 -0.0279216 -0.0139567
0.0279189 -0.99961 0.000389866
-0.0139622 2.01492e-08 0.999903

  IndexToPointMatrix: 
-0.999512 -0.0279216 -0.0139567
0.0279188 -0.99961 0.000389866
-0.0139621 2.01492e-08 0.999903

  PointToIndexMatrix: 
-0.999516 0.027919 -0.0139622
-0.0279216 -0.99961 -4.21191e-07
-0.0139567 0.000389426 0.999903

  Inverse Direction: 
-0.999512 0.0279189 -0.0139622
-0.0279217 -0.999613 4.29153e-06
-0.0139568 0.000389576 0.999905

  PixelContainer: 
    ImportImageContainer (0x431f1d0)
      RTTI typeinfo:   itk::ImportImageContainer<unsigned long, double>
      Reference Count: 1
      Modified Time: 1589
      Debug: Off
      Object Name: 
      Observers: 
        none
      Pointer: 0x150747894010
      Container manages memory: true
      Size: 10813440
      Capacity: 10813440

     Weighting = 1
     Sampling strategy = regular
     Number of bins = 32
     Radius = 4
     Sampling percentage  = 0.25
   Transform = Affine
     Gradient step = 0.1
     Update field sigma (voxel space) = 0
     Total field sigma (voxel space) = 0
     Update field time sigma = 0
     Total field time sigma  = 0
     Number of time indices = 0
     Number of time point samples = 0
Registration using 1 total stages.

Stage 0
  iterations = 1000x500x250x100
  convergence threshold = 1e-06
  convergence window size = 10
  number of levels = 4
  using the Mattes MI metric (number of bins = 32, weight = 1, use gradient filter = 0)
  preprocessing:  winsorizing the image intensities
  Shrink factors (level 1 out of 4): [8, 8, 8]
  Shrink factors (level 2 out of 4): [4, 4, 4]
  Shrink factors (level 3 out of 4): [2, 2, 2]
  Shrink factors (level 4 out of 4): [1, 1, 1]
  smoothing sigmas per level: [3, 2, 1, 0]
  regular sampling (percentage = 0.25)

*** Running AffineTransform registration ***

DIAGNOSTIC,Iteration,metricValue,convergenceValue,ITERATION_TIME_INDEX,SINCE_LAST
 2DIAGNOSTIC,     1, -6.603779384656e-01, 1.797693134862e+308, 0.0000e+00, 0.0000e+00, 
 2DIAGNOSTIC,     2, -6.630631422582e-01, 1.797693134862e+308, 0.0000e+00, 0.0000e+00, 
 2DIAGNOSTIC,     3, -6.669219458260e-01, 1.797693134862e+308, 0.0000e+00, 0.0000e+00, 
 2DIAGNOSTIC,     4, -6.729627775631e-01, 1.797693134862e+308, 0.0000e+00, 0.0000e+00, 
 2DIAGNOSTIC,     5, -6.810521221044e-01, 1.797693134862e+308, 0.0000e+00, 0.0000e+00, 
 2DIAGNOSTIC,     6, -6.933304813843e-01, 1.797693134862e+308, 0.0000e+00, 0.0000e+00, 
 2DIAGNOSTIC,     7, -7.102796298331e-01, 1.797693134862e+308, 0.0000e+00, 0.0000e+00, 
 2DIAGNOSTIC,     8, -7.196330513533e-01, 1.797693134862e+308, 0.0000e+00, 0.0000e+00, 
 2DIAGNOSTIC,     9, -7.203149072053e-01, 1.797693134862e+308, 0.0000e+00, 0.0000e+00, 
 2DIAGNOSTIC,    10, -7.196738305324e-01, 6.823746786768e-03, 0.0000e+00, 0.0000e+00, 
 2DIAGNOSTIC,    11, -7.214731097857e-01, 5.909555440191e-03, 0.0000e+00, 0.0000e+00, 
 2DIAGNOSTIC,    12, -7.236718676195e-01, 4.779530168250e-03, 0.0000e+00, 0.0000e+00, 
 2DIAGNOSTIC,    13, -7.247072872438e-01, 3.547826081502e-03, 0.0000e+00, 0.0000e+00, 
 2DIAGNOSTIC,    14, -7.247707306627e-01, 2.359138616102e-03, 0.0000e+00, 0.0000e+00, 
 2DIAGNOSTIC,    15, -7.254438683037e-01, 1.357379645984e-03, 0.0000e+00, 0.0000e+00, 
 2DIAGNOSTIC,    16, -7.259734262143e-01, 6.741095108526e-04, 0.0000e+00, 0.0000e+00, 
 2DIAGNOSTIC,    17, -7.262947235111e-01, 4.139268938348e-04, 0.0000e+00, 0.0000e+00, 
 2DIAGNOSTIC,    18, -7.262841459627e-01, 3.541187308687e-04, 0.0000e+00, 0.0000e+00, 
 2DIAGNOSTIC,    19, -7.264487199944e-01, 2.878050246542e-04, 0.0000e+00, 0.0000e+00, 
 2DIAGNOSTIC,    20, -7.265495308333e-01, 1.904725209757e-04, 0.0000e+00, 0.0000e+00, 
 2DIAGNOSTIC,    21, -7.265629566822e-01, 1.184720693369e-04, 0.0000e+00, 0.0000e+00, 
 2DIAGNOSTIC,    22, -7.265712462498e-01, 8.204891618190e-05, 0.0000e+00, 0.0000e+00, 
 2DIAGNOSTIC,    23, -7.265747450718e-01, 5.966438910061e-05, 0.0000e+00, 0.0000e+00, 
 2DIAGNOSTIC,    24, -7.265740771458e-01, 3.459978996162e-05, 0.0000e+00, 0.0000e+00, 
 2DIAGNOSTIC,    25, -7.265750349237e-01, 1.901266741165e-05, 0.0000e+00, 0.0000e+00, 
 2DIAGNOSTIC,    26, -7.265763943132e-01, 1.102015917966e-05, 0.0000e+00, 0.0000e+00, 
 2DIAGNOSTIC,    27, -7.265770653526e-01, 7.520345023146e-06, 0.0000e+00, 0.0000e+00, 
 2DIAGNOSTIC,    28, -7.265777903338e-01, 3.491217401834e-06, 0.0000e+00, 0.0000e+00, 
 2DIAGNOSTIC,    29, -7.265781362316e-01, 1.753355337079e-06, 0.0000e+00, 0.0000e+00, 
 2DIAGNOSTIC,    30, -7.265798176637e-01, 1.429381719632e-06, 0.0000e+00, 0.0000e+00, 
 2DIAGNOSTIC,    31, -7.265816114859e-01, 1.285069528546e-06, 0.0000e+00, 0.0000e+00, 
 2DIAGNOSTIC,    32, -7.265921154733e-01, 1.358539385543e-06, 0.0000e+00, 0.0000e+00, 
 2DIAGNOSTIC,    33, -7.266344195280e-01, 1.943100609671e-06, 0.0000e+00, 0.0000e+00, 
 2DIAGNOSTIC,    34, -7.269987809079e-01, 6.636501999273e-06, 0.0000e+00, 0.0000e+00, 
 2DIAGNOSTIC,    35, -7.270565129158e-01, 1.107178092598e-05, 0.0000e+00, 0.0000e+00, 
 2DIAGNOSTIC,    36, -7.271971416649e-01, 1.589368891307e-05, 0.0000e+00, 0.0000e+00, 
 2DIAGNOSTIC,    37, -7.270228856318e-01, 1.718807122569e-05, 0.0000e+00, 0.0000e+00, 
 2DIAGNOSTIC,    38, -7.269399186015e-01, 1.605953349915e-05, 0.0000e+00, 0.0000e+00, 
 2DIAGNOSTIC,    39, -7.272067009245e-01, 1.621597617607e-05, 0.0000e+00, 0.0000e+00, 
 2DIAGNOSTIC,    40, -7.273057418612e-01, 1.576021479813e-05, 0.0000e+00, 0.0000e+00, 
 2DIAGNOSTIC,    41, -7.273703796095e-01, 1.457325667654e-05, 0.0000e+00, 0.0000e+00, 
 2DIAGNOSTIC,    42, -7.276473471712e-01, 1.493634859013e-05, 0.0000e+00, 0.0000e+00, 
 2DIAGNOSTIC,    43, -7.277586952333e-01, 1.523318502501e-05, 0.0000e+00, 0.0000e+00, 
 2DIAGNOSTIC,    44, -7.278303202229e-01, 1.799727145866e-05, 0.0000e+00, 0.0000e+00, 
 2DIAGNOSTIC,    45, -7.278907229360e-01, 1.996635107071e-05, 0.0000e+00, 0.0000e+00, 
 2DIAGNOSTIC,    46, -7.278448800848e-01, 2.088030815089e-05, 0.0000e+00, 0.0000e+00, 
 2DIAGNOSTIC,    47, -7.278807130053e-01, 1.870172940923e-05, 0.0000e+00, 0.0000e+00, 
 2DIAGNOSTIC,    48, -7.278020585099e-01, 1.348338177904e-05, 0.0000e+00, 0.0000e+00, 
 2DIAGNOSTIC,    49, -7.278084844555e-01, 9.476600164187e-06, 0.0000e+00, 0.0000e+00, 
 2DIAGNOSTIC,    50, -7.278184978561e-01, 5.661121283189e-06, 0.0000e+00, 0.0000e+00, 
 2DIAGNOSTIC,    51, -7.278383566418e-01, 2.119674574592e-06, 0.0000e+00, 0.0000e+00, 
DIAGNOSTIC,Iteration,metricValue,convergenceValue,ITERATION_TIME_INDEX,SINCE_LAST
 2DIAGNOSTIC,     1, -5.978148081752e-01, 1.797693134862e+308, 0.0000e+00, 0.0000e+00, 
 2DIAGNOSTIC,     2, -5.983393951909e-01, 1.797693134862e+308, 0.0000e+00, 0.0000e+00, 
 2DIAGNOSTIC,     3, -5.991458440840e-01, 1.797693134862e+308, 0.0000e+00, 0.0000e+00, 
 2DIAGNOSTIC,     4, -5.997625958876e-01, 1.797693134862e+308, 0.0000e+00, 0.0000e+00, 
 2DIAGNOSTIC,     5, -6.000794076112e-01, 1.797693134862e+308, 0.0000e+00, 0.0000e+00, 
 2DIAGNOSTIC,     6, -6.004617395229e-01, 1.797693134862e+308, 0.0000e+00, 0.0000e+00, 
 2DIAGNOSTIC,     7, -6.007655696037e-01, 1.797693134862e+308, 0.0000e+00, 0.0000e+00, 
 2DIAGNOSTIC,     8, -6.010348309043e-01, 1.797693134862e+308, 0.0000e+00, 0.0000e+00, 
 2DIAGNOSTIC,     9, -6.010174212087e-01, 1.797693134862e+308, 0.0000e+00, 0.0000e+00, 
 2DIAGNOSTIC,    10, -6.011350272964e-01, 3.592899568815e-04, 0.0000e+00, 0.0000e+00, 
 2DIAGNOSTIC,    11, -6.012257249941e-01, 2.612847336026e-04, 0.0000e+00, 0.0000e+00, 
 2DIAGNOSTIC,    12, -6.012594549236e-01, 1.777373071618e-04, 0.0000e+00, 0.0000e+00, 
 2DIAGNOSTIC,    13, -6.012874009520e-01, 1.212397329331e-04, 0.0000e+00, 0.0000e+00, 
 2DIAGNOSTIC,    14, -6.013958381406e-01, 8.657279785416e-05, 0.0000e+00, 0.0000e+00, 
 2DIAGNOSTIC,    15, -6.015338806955e-01, 6.296016504402e-05, 0.0000e+00, 0.0000e+00, 
 2DIAGNOSTIC,    16, -6.019430763278e-01, 5.984005809463e-05, 0.0000e+00, 0.0000e+00, 
 2DIAGNOSTIC,    17, -6.019467281806e-01, 5.989569655562e-05, 0.0000e+00, 0.0000e+00, 
 2DIAGNOSTIC,    18, -6.019367607944e-01, 6.165006251043e-05, 0.0000e+00, 0.0000e+00, 
 2DIAGNOSTIC,    19, -6.019365198081e-01, 5.730135392094e-05, 0.0000e+00, 0.0000e+00, 
 2DIAGNOSTIC,    20, -6.019303901963e-01, 5.071282395964e-05, 0.0000e+00, 0.0000e+00, 
 2DIAGNOSTIC,    21, -6.019233957458e-01, 4.192094570868e-05, 0.0000e+00, 0.0000e+00, 
 2DIAGNOSTIC,    22, -6.019172623982e-01, 3.077882393638e-05, 0.0000e+00, 0.0000e+00, 
 2DIAGNOSTIC,    23, -6.019205759706e-01, 1.861609065482e-05, 0.0000e+00, 0.0000e+00, 
 2DIAGNOSTIC,    24, -6.019161135729e-01, 7.917934732510e-06, 0.0000e+00, 0.0000e+00, 
DIAGNOSTIC,Iteration,metricValue,convergenceValue,ITERATION_TIME_INDEX,SINCE_LAST
 2DIAGNOSTIC,     1, -5.248416969067e-01, 1.797693134862e+308, 0.0000e+00, 0.0000e+00, 
 2DIAGNOSTIC,     2, -5.251513832330e-01, 1.797693134862e+308, 0.0000e+00, 0.0000e+00, 
 2DIAGNOSTIC,     3, -5.254909944254e-01, 1.797693134862e+308, 0.0000e+00, 0.0000e+00, 
 2DIAGNOSTIC,     4, -5.258173310140e-01, 1.797693134862e+308, 0.0000e+00, 0.0000e+00, 
 2DIAGNOSTIC,     5, -5.262404213982e-01, 1.797693134862e+308, 0.0000e+00, 0.0000e+00, 
 2DIAGNOSTIC,     6, -5.267827970749e-01, 1.797693134862e+308, 0.0000e+00, 0.0000e+00, 
 2DIAGNOSTIC,     7, -5.293823422412e-01, 1.797693134862e+308, 0.0000e+00, 0.0000e+00, 
 2DIAGNOSTIC,     8, -5.332306125571e-01, 1.797693134862e+308, 0.0000e+00, 0.0000e+00, 
 2DIAGNOSTIC,     9, -5.332453824469e-01, 1.797693134862e+308, 0.0000e+00, 0.0000e+00, 
 2DIAGNOSTIC,    10, -5.332444686700e-01, 1.222227480851e-03, 0.0000e+00, 0.0000e+00, 
 2DIAGNOSTIC,    11, -5.332321506877e-01, 1.163948871842e-03, 0.0000e+00, 0.0000e+00, 
 2DIAGNOSTIC,    12, -5.332319100577e-01, 1.022650426060e-03, 0.0000e+00, 0.0000e+00, 
 2DIAGNOSTIC,    13, -5.332329793908e-01, 8.223680323661e-04, 0.0000e+00, 0.0000e+00, 
