
##########################
# Experiment information #
##########################

EXPERIMENT_NAME: antsRegistration-r7-p18
VFC_BACKENDS: libinterflop_vprec.so --range-binary32=7 --precision-binary32=18 --range-binary64=7 --precision-binary64=18

SIF_IMG: /home/mdugre/projects/rrg-glatard/mdugre/containers/ants-vprec-no_metrics.simg

SUBJECT_ID: s037
INPUT_IMG: /home/mdugre/scratch/mri-registration-rp/datasets/ds004513/derivatives/mri-registration-rp/antsBrainExtraction/sub-s037/BrainExtractionBrain.nii.gz
OUTPUT_DIR: /home/mdugre/scratch/mri-registration-rp/datasets/ds004513/derivatives/mri-registration-rp/0011/antsRegistration-r7-p18/sub-s037

FIXED_IMG: /templateflow/tpl-MNI152NLin2009cAsym/tpl-MNI152NLin2009cAsym_res-01_desc-brain_T1w.nii.gz
DATA_DIR: /home/mdugre/scratch/mri-registration-rp/datasets/ds004513
TEMPLATEFLOW_DIR: /home/mdugre/projects/rrg-glatard/mdugre/templateflow
ITK_GLOBAL_DEFAULT_NUMBER_OF_THREADS: 16
##########################

Info [verificarlo]: loaded backend libinterflop_ieee.so
Info [interflop-ieee]: load backend with:
Info [interflop-ieee]: debug = false
Info [interflop-ieee]: debug-binary = false
Info [interflop-ieee]: no-backend-name = false
Info [interflop-ieee]: print-new-line = false
Info [interflop-ieee]: print-subnormal-normalized = false
Info [interflop-ieee]: count-op = false
All_Command_lines_OK
Using double precision for computations.
=============================================================================
The composite transform comprises the following transforms (in order): 
  1. Center of mass alignment using fixed image: /templateflow/tpl-MNI152NLin2009cAsym/tpl-MNI152NLin2009cAsym_res-01_desc-brain_T1w.nii.gz and moving image: /home/mdugre/scratch/mri-registration-rp/datasets/ds004513/derivatives/mri-registration-rp/antsBrainExtraction/sub-s037/BrainExtractionBrain.nii.gz (type = Euler3DTransform)
=============================================================================
  number of levels = 1
  fixed image: /templateflow/tpl-MNI152NLin2009cAsym/tpl-MNI152NLin2009cAsym_res-01_desc-brain_T1w.nii.gz
  moving image: /home/mdugre/scratch/mri-registration-rp/datasets/ds004513/derivatives/mri-registration-rp/antsBrainExtraction/sub-s037/BrainExtractionBrain.nii.gz
Dimension = 3
Number of stages = 1
Use histogram matching = false
Winsorize image intensities = true
  Lower quantile = 0.005
  Upper quantile = 0.995


Stage 1 State
   Image metric = MattesMI
     Fixed image = Image (0x3383e70)
  RTTI typeinfo:   itk::Image<double, 3u>
  Reference Count: 2
  Modified Time: 2330
  Debug: Off
  Object Name: 
  Observers: 
    none
  Source: (none)
  Source output name: (none)
  Release Data: Off
  Data Released: False
  Global Release Data: Off
  PipelineMTime: 0
  UpdateMTime: 1941
  RealTimeStamp: 0 seconds 
  LargestPossibleRegion: 
    Dimension: 3
    Index: [0, 0, 0]
    Size: [193, 229, 193]
  BufferedRegion: 
    Dimension: 3
    Index: [0, 0, 0]
    Size: [193, 229, 193]
  RequestedRegion: 
    Dimension: 3
    Index: [0, 0, 0]
    Size: [193, 229, 193]
  Spacing: [1, 1, 1]
  Origin: [96, 132, -78]
  Direction: 
-1 0 0
0 -1 0
0 0 1

  IndexToPointMatrix: 
-1 0 0
0 -1 0
0 0 1

  PointToIndexMatrix: 
-1 0 0
0 -1 0
0 0 1

  Inverse Direction: 
-1 0 0
0 -1 0
0 0 1

  PixelContainer: 
    ImportImageContainer (0x338cc60)
      RTTI typeinfo:   itk::ImportImageContainer<unsigned long, double>
      Reference Count: 1
      Modified Time: 1938
      Debug: Off
      Object Name: 
      Observers: 
        none
      Pointer: 0x1467701d1010
      Container manages memory: true
      Size: 8530021
      Capacity: 8530021

     Moving image = Image (0x3420ec0)
  RTTI typeinfo:   itk::Image<double, 3u>
  Reference Count: 2
  Modified Time: 2331
  Debug: Off
  Object Name: 
  Observers: 
    none
  Source: (none)
  Source output name: (none)
  Release Data: Off
  Data Released: False
  Global Release Data: Off
  PipelineMTime: 0
  UpdateMTime: 2328
  RealTimeStamp: 0 seconds 
  LargestPossibleRegion: 
    Dimension: 3
    Index: [0, 0, 0]
    Size: [160, 240, 256]
  BufferedRegion: 
    Dimension: 3
    Index: [0, 0, 0]
    Size: [160, 240, 256]
  RequestedRegion: 
    Dimension: 3
    Index: [0, 0, 0]
    Size: [160, 240, 256]
  Spacing: [1, 1, 1]
  Origin: [87.9508, 102.562, -147.639]
  Direction: 
-0.998659 -0.0436121 -0.0279129
0.043595 -0.999049 0.00121847
-0.0279395 -2.65543e-08 0.99961

  IndexToPointMatrix: 
-0.998659 -0.0436121 -0.0279129
0.043595 -0.999049 0.00121847
-0.0279395 -2.65543e-08 0.99961

  PointToIndexMatrix: 
-0.998659 0.043595 -0.0279395
-0.0436121 -0.999049 -2.65517e-08
-0.0279129 0.00121847 0.99961

  Inverse Direction: 
-0.998659 0.043595 -0.0279395
-0.0436121 -0.999049 -2.65517e-08
-0.0279129 0.00121847 0.99961

  PixelContainer: 
    ImportImageContainer (0x34b8610)
      RTTI typeinfo:   itk::ImportImageContainer<unsigned long, double>
      Reference Count: 1
      Modified Time: 2325
      Debug: Off
      Object Name: 
      Observers: 
        none
      Pointer: 0x14676b6d0010
      Container manages memory: true
      Size: 9830400
      Capacity: 9830400

     Weighting = 1
     Sampling strategy = regular
     Number of bins = 32
     Radius = 4
     Sampling percentage  = 0.25
   Transform = Rigid
     Gradient step = 0.1
     Update field sigma (voxel space) = 0
     Total field sigma (voxel space) = 0
     Update field time sigma = 0
     Total field time sigma  = 0
     Number of time indices = 0
     Number of time point samples = 0
Registration using 1 total stages.

Stage 0
  iterations = 0
  convergence threshold = 1e-06
  convergence window size = 10
  number of levels = 1
  using the Mattes MI metric (number of bins = 32, weight = 1, use gradient filter = 0)
  preprocessing:  winsorizing the image intensities
  Shrink factors (level 1 out of 1): [1, 1, 1]
  smoothing sigmas per level: [0]
  regular sampling (percentage = 0.25)

*** Running Euler3DTransform registration ***

  Elapsed time (stage 0): 1.10329


Total elapsed time: 1.10551
Info [verificarlo]: loaded backend libinterflop_ieee.so
Info [interflop-ieee]: load backend with:
Info [interflop-ieee]: debug = false
Info [interflop-ieee]: debug-binary = false
Info [interflop-ieee]: no-backend-name = false
Info [interflop-ieee]: print-new-line = false
Info [interflop-ieee]: print-subnormal-normalized = false
Info [interflop-ieee]: count-op = false
All_Command_lines_OK
Using double precision for computations.
=============================================================================
The composite transform comprises the following transforms (in order): 
  1. /home/mdugre/scratch/mri-registration-rp/datasets/ds004513/derivatives/mri-registration-rp/0011/antsRegistration-r7-p18/sub-s037/align_Composite.h5[0] (type = Euler3DTransform)
  2. /home/mdugre/scratch/mri-registration-rp/datasets/ds004513/derivatives/mri-registration-rp/0011/antsRegistration-r7-p18/sub-s037/align_Composite.h5[1] (type = Euler3DTransform)
=============================================================================
  number of levels = 4
  fixed image: /templateflow/tpl-MNI152NLin2009cAsym/tpl-MNI152NLin2009cAsym_res-01_desc-brain_T1w.nii.gz
  moving image: /home/mdugre/scratch/mri-registration-rp/datasets/ds004513/derivatives/mri-registration-rp/antsBrainExtraction/sub-s037/BrainExtractionBrain.nii.gz
Dimension = 3
Number of stages = 1
Use histogram matching = false
Winsorize image intensities = true
  Lower quantile = 0.005
  Upper quantile = 0.995


Stage 1 State
   Image metric = MattesMI
     Fixed image = Image (0x3ecb530)
  RTTI typeinfo:   itk::Image<double, 3u>
  Reference Count: 2
  Modified Time: 1578
  Debug: Off
  Object Name: 
  Observers: 
    none
  Source: (none)
  Source output name: (none)
  Release Data: Off
  Data Released: False
  Global Release Data: Off
  PipelineMTime: 0
  UpdateMTime: 1189
  RealTimeStamp: 0 seconds 
  LargestPossibleRegion: 
    Dimension: 3
    Index: [0, 0, 0]
    Size: [193, 229, 193]
  BufferedRegion: 
    Dimension: 3
    Index: [0, 0, 0]
    Size: [193, 229, 193]
  RequestedRegion: 
    Dimension: 3
    Index: [0, 0, 0]
    Size: [193, 229, 193]
  Spacing: [1, 1, 1]
  Origin: [96, 132, -78]
  Direction: 
-1 0 0
0 -1 0
0 0 1

  IndexToPointMatrix: 
-1 0 0
0 -1 0
0 0 1

  PointToIndexMatrix: 
-1 0 0
0 -1 0
0 0 1

  Inverse Direction: 
-1 0 0
0 -1 0
0 0 1

  PixelContainer: 
    ImportImageContainer (0x3f89d60)
      RTTI typeinfo:   itk::ImportImageContainer<unsigned long, double>
      Reference Count: 1
      Modified Time: 1186
      Debug: Off
      Object Name: 
      Observers: 
        none
      Pointer: 0x14c1125dc010
      Container manages memory: true
      Size: 8530021
      Capacity: 8530021

     Moving image = Image (0x3f7bf60)
  RTTI typeinfo:   itk::Image<double, 3u>
  Reference Count: 2
  Modified Time: 1579
  Debug: Off
  Object Name: 
  Observers: 
    none
  Source: (none)
  Source output name: (none)
  Release Data: Off
  Data Released: False
  Global Release Data: Off
  PipelineMTime: 0
  UpdateMTime: 1576
  RealTimeStamp: 0 seconds 
  LargestPossibleRegion: 
    Dimension: 3
    Index: [0, 0, 0]
    Size: [160, 240, 256]
  BufferedRegion: 
    Dimension: 3
    Index: [0, 0, 0]
    Size: [160, 240, 256]
  RequestedRegion: 
    Dimension: 3
    Index: [0, 0, 0]
    Size: [160, 240, 256]
  Spacing: [1, 1, 1]
  Origin: [87.9508, 102.562, -147.639]
  Direction: 
-0.998659 -0.0436121 -0.0279129
0.043595 -0.999049 0.00121847
-0.0279395 -2.65543e-08 0.99961

  IndexToPointMatrix: 
-0.998659 -0.0436121 -0.0279129
0.043595 -0.999049 0.00121847
-0.0279395 -2.65543e-08 0.99961

  PointToIndexMatrix: 
-0.998659 0.043595 -0.0279395
-0.0436121 -0.999049 -2.65517e-08
-0.0279129 0.00121847 0.99961

  Inverse Direction: 
-0.998659 0.043595 -0.0279395
-0.0436121 -0.999049 -2.65517e-08
-0.0279129 0.00121847 0.99961

  PixelContainer: 
    ImportImageContainer (0x3f6d6d0)
      RTTI typeinfo:   itk::ImportImageContainer<unsigned long, double>
      Reference Count: 1
      Modified Time: 1573
      Debug: Off
      Object Name: 
      Observers: 
        none
      Pointer: 0x14c10dadb010
      Container manages memory: true
      Size: 9830400
      Capacity: 9830400

     Weighting = 1
     Sampling strategy = regular
     Number of bins = 32
     Radius = 4
     Sampling percentage  = 0.25
   Transform = Rigid
     Gradient step = 0.1
     Update field sigma (voxel space) = 0
     Total field sigma (voxel space) = 0
     Update field time sigma = 0
     Total field time sigma  = 0
     Number of time indices = 0
     Number of time point samples = 0
Registration using 1 total stages.

Stage 0
  iterations = 1000x500x250x100
  convergence threshold = 1e-06
  convergence window size = 10
  number of levels = 4
  using the Mattes MI metric (number of bins = 32, weight = 1, use gradient filter = 0)
  preprocessing:  winsorizing the image intensities
  Shrink factors (level 1 out of 4): [8, 8, 8]
  Shrink factors (level 2 out of 4): [4, 4, 4]
  Shrink factors (level 3 out of 4): [2, 2, 2]
  Shrink factors (level 4 out of 4): [1, 1, 1]
  smoothing sigmas per level: [3, 2, 1, 0]
  regular sampling (percentage = 0.25)

*** Running Euler3DTransform registration ***

DIAGNOSTIC,Iteration,metricValue,convergenceValue,ITERATION_TIME_INDEX,SINCE_LAST
 2DIAGNOSTIC,     1, -4.299060189477e-01, 1.797693134862e+308, 7.0269e-01, 7.0269e-01, 
 2DIAGNOSTIC,     2, -4.311703807429e-01, 1.797693134862e+308, 7.0839e-01, 5.6961e-03, 
 2DIAGNOSTIC,     3, -4.334997061176e-01, 1.797693134862e+308, 7.1340e-01, 5.0139e-03, 
 2DIAGNOSTIC,     4, -4.389575130370e-01, 1.797693134862e+308, 7.1856e-01, 5.1579e-03, 
 2DIAGNOSTIC,     5, -4.438813134482e-01, 1.797693134862e+308, 7.2349e-01, 4.9241e-03, 
 2DIAGNOSTIC,     6, -4.461495460377e-01, 1.797693134862e+308, 7.2799e-01, 4.5011e-03, 
 2DIAGNOSTIC,     7, -4.511407144429e-01, 1.797693134862e+308, 7.3341e-01, 5.4212e-03, 
 2DIAGNOSTIC,     8, -4.667812032718e-01, 1.797693134862e+308, 7.3883e-01, 5.4240e-03, 
 2DIAGNOSTIC,     9, -4.753090114372e-01, 1.797693134862e+308, 7.4396e-01, 5.1260e-03, 
 2DIAGNOSTIC,    10, -4.802481719655e-01, 7.481707542057e-03, 7.4938e-01, 5.4188e-03, 
 2DIAGNOSTIC,    11, -4.821261368877e-01, 7.356704266140e-03, 7.5406e-01, 4.6861e-03, 
 2DIAGNOSTIC,    12, -4.837491005316e-01, 6.749992380103e-03, 7.5971e-01, 5.6469e-03, 
 2DIAGNOSTIC,    13, -5.028244927606e-01, 6.622215038719e-03, 7.6748e-01, 7.7729e-03, 
 2DIAGNOSTIC,    14, -5.042109134426e-01, 6.183615245763e-03, 7.7201e-01, 4.5221e-03, 
 2DIAGNOSTIC,    15, -5.066116081845e-01, 5.558135432352e-03, 7.7657e-01, 4.5691e-03, 
 2DIAGNOSTIC,    16, -5.083451635810e-01, 4.676295421157e-03, 7.8147e-01, 4.8931e-03, 
 2DIAGNOSTIC,    17, -5.184993492894e-01, 3.998770501262e-03, 7.8913e-01, 7.6671e-03, 
 2DIAGNOSTIC,    18, -5.256348855848e-01, 3.769024583921e-03, 7.9380e-01, 4.6611e-03, 
 2DIAGNOSTIC,    19, -5.260487275538e-01, 3.491513198840e-03, 7.9898e-01, 5.1870e-03, 
 2DIAGNOSTIC,    20, -5.292109525733e-01, 3.174906792874e-03, 8.0405e-01, 5.0709e-03, 
 2DIAGNOSTIC,    21, -5.301818303373e-01, 2.681600117709e-03, 8.0860e-01, 4.5431e-03, 
 2DIAGNOSTIC,    22, -5.312241473732e-01, 2.041189163457e-03, 8.1363e-01, 5.0340e-03, 
 2DIAGNOSTIC,    23, -5.321371479559e-01, 1.776979808350e-03, 8.1919e-01, 5.5590e-03, 
 2DIAGNOSTIC,    24, -5.330747271670e-01, 1.429098616038e-03, 8.2366e-01, 4.4692e-03, 
 2DIAGNOSTIC,    25, -5.340979473289e-01, 1.060387963936e-03, 8.2875e-01, 5.0869e-03, 
 2DIAGNOSTIC,    26, -5.353301937507e-01, 6.839353152135e-04, 8.3498e-01, 6.2301e-03, 
 2DIAGNOSTIC,    27, -5.359878004173e-01, 5.005587260462e-04, 8.3942e-01, 4.4410e-03, 
 2DIAGNOSTIC,    28, -5.363339039657e-01, 4.385718665848e-04, 8.4394e-01, 4.5280e-03, 
 2DIAGNOSTIC,    29, -5.373051018199e-01, 3.660305119373e-04, 8.4845e-01, 4.5090e-03, 
 2DIAGNOSTIC,    30, -5.398201285372e-01, 3.716001512105e-04, 8.5386e-01, 5.4021e-03, 
 2DIAGNOSTIC,    31, -5.446419232692e-01, 4.465236990567e-04, 8.6437e-01, 1.0512e-02, 
 2DIAGNOSTIC,    32, -5.446642323062e-01, 4.912555066718e-04, 8.6892e-01, 4.5481e-03, 
 2DIAGNOSTIC,    33, -5.447643934446e-01, 5.056351691894e-04, 8.7332e-01, 4.4050e-03, 
 2DIAGNOSTIC,    34, -5.449308671771e-01, 4.903985832797e-04, 8.7783e-01, 4.5080e-03, 
 2DIAGNOSTIC,    35, -5.452043866890e-01, 4.491442157379e-04, 8.8229e-01, 4.4661e-03, 
 2DIAGNOSTIC,    36, -5.456974111544e-01, 3.933035386533e-04, 8.8674e-01, 4.4420e-03, 
 2DIAGNOSTIC,    37, -5.462998763948e-01, 3.227873263276e-04, 8.9144e-01, 4.7061e-03, 
 2DIAGNOSTIC,    38, -5.470544181682e-01, 2.429368468877e-04, 8.9604e-01, 4.6010e-03, 
 2DIAGNOSTIC,    39, -5.483331594917e-01, 1.763405211019e-04, 9.0100e-01, 4.9570e-03, 
 2DIAGNOSTIC,    40, -5.485726376788e-01, 1.327715750379e-04, 9.0552e-01, 4.5240e-03, 
 2DIAGNOSTIC,    41, -5.488484562257e-01, 1.482807709670e-04, 9.1053e-01, 5.0061e-03, 
 2DIAGNOSTIC,    42, -5.491454438930e-01, 1.532249370937e-04, 9.1527e-01, 4.7429e-03, 
 2DIAGNOSTIC,    43, -5.502452794649e-01, 1.586664992546e-04, 9.2089e-01, 5.6169e-03, 
 2DIAGNOSTIC,    44, -5.634839229280e-01, 3.167358684877e-04, 9.2751e-01, 6.6180e-03, 
 2DIAGNOSTIC,    45, -5.666498081589e-01, 4.746155117024e-04, 9.3275e-01, 5.2371e-03, 
 2DIAGNOSTIC,    46, -5.686867279826e-01, 6.110664554960e-04, 9.3782e-01, 5.0731e-03, 
 2DIAGNOSTIC,    47, -5.690971876148e-01, 6.968052946920e-04, 9.4281e-01, 4.9880e-03, 
 2DIAGNOSTIC,    48, -5.694064457006e-01, 7.238448342802e-04, 9.4723e-01, 4.4188e-03, 
 2DIAGNOSTIC,    49, -5.696078659740e-01, 6.947210724819e-04, 9.5166e-01, 4.4329e-03, 
 2DIAGNOSTIC,    50, -5.701678324939e-01, 6.081834028494e-04, 9.5661e-01, 4.9520e-03, 
 2DIAGNOSTIC,    51, -5.707968340824e-01, 4.786286105229e-04, 9.6208e-01, 5.4739e-03, 
 2DIAGNOSTIC,    52, -5.707065972277e-01, 3.125497759667e-04, 9.7609e-01, 1.4001e-02, 
 2DIAGNOSTIC,    53, -5.707065944550e-01, 1.316627571841e-04, 9.8047e-01, 4.3819e-03, 
 2DIAGNOSTIC,    54, -5.707066328724e-01, 7.790422702524e-05, 9.8490e-01, 4.4281e-03, 
 2DIAGNOSTIC,    55, -5.707066978282e-01, 4.941646194072e-05, 9.8935e-01, 4.4570e-03, 
 2DIAGNOSTIC,    56, -5.707068076459e-01, 3.685365723600e-05, 9.9402e-01, 4.6709e-03, 
 2DIAGNOSTIC,    57, -5.707069932843e-01, 2.519801869983e-05, 9.9854e-01, 4.5171e-03, 
 2DIAGNOSTIC,    58, -5.707073070198e-01, 1.460133469356e-05, 1.0031e+00, 4.5118e-03, 
 2DIAGNOSTIC,    59, -5.707078370391e-01, 4.799524167497e-06, 1.0076e+00, 4.5412e-03, 
DIAGNOSTIC,Iteration,metricValue,convergenceValue,ITERATION_TIME_INDEX,SINCE_LAST
 2DIAGNOSTIC,     1, -4.564087813714e-01, 1.797693134862e+308, 1.7355e+00, 7.2792e-01, 
 2DIAGNOSTIC,     2, -4.567120124549e-01, 1.797693134862e+308, 1.7727e+00, 3.7160e-02, 
 2DIAGNOSTIC,     3, -4.571706812356e-01, 1.797693134862e+308, 1.8088e+00, 3.6139e-02, 
 2DIAGNOSTIC,     4, -4.578749197540e-01, 1.797693134862e+308, 1.8416e+00, 3.2808e-02, 
 2DIAGNOSTIC,     5, -4.595370009481e-01, 1.797693134862e+308, 1.8750e+00, 3.3338e-02, 
 2DIAGNOSTIC,     6, -4.666032751527e-01, 1.797693134862e+308, 1.9127e+00, 3.7747e-02, 
 2DIAGNOSTIC,     7, -4.698269237910e-01, 1.797693134862e+308, 1.9545e+00, 4.1846e-02, 
 2DIAGNOSTIC,     8, -4.708283357751e-01, 1.797693134862e+308, 1.9928e+00, 3.8204e-02, 
 2DIAGNOSTIC,     9, -4.730352109465e-01, 1.797693134862e+308, 2.0302e+00, 3.7457e-02, 
 2DIAGNOSTIC,    10, -4.817931528499e-01, 3.424884965195e-03, 2.0710e+00, 4.0779e-02, 
 2DIAGNOSTIC,    11, -4.858954150271e-01, 3.718491679938e-03, 2.1028e+00, 3.1803e-02, 
 2DIAGNOSTIC,    12, -4.868223796517e-01, 3.688979252149e-03, 2.1373e+00, 3.4474e-02, 
 2DIAGNOSTIC,    13, -4.872295398665e-01, 3.383708138177e-03, 2.1714e+00, 3.4186e-02, 
 2DIAGNOSTIC,    14, -4.878769442308e-01, 2.878728132161e-03, 2.2063e+00, 3.4853e-02, 
 2DIAGNOSTIC,    15, -4.894145097079e-01, 2.296418952536e-03, 2.2405e+00, 3.4246e-02, 
 2DIAGNOSTIC,    16, -4.903434521044e-01, 1.872380334880e-03, 2.2708e+00, 3.0233e-02, 
 2DIAGNOSTIC,    17, -4.907396714179e-01, 1.459406261505e-03, 2.3176e+00, 4.6866e-02, 
 2DIAGNOSTIC,    18, -4.912552589935e-01, 1.013742802652e-03, 2.3471e+00, 2.9417e-02, 
 2DIAGNOSTIC,    19, -4.914443647356e-01, 5.918073461663e-04, 2.3764e+00, 2.9313e-02, 
 2DIAGNOSTIC,    20, -4.914406639881e-01, 4.156202536401e-04, 2.4098e+00, 3.3443e-02, 
 2DIAGNOSTIC,    21, -4.914796018847e-01, 3.348232025946e-04, 2.4402e+00, 3.0382e-02, 
 2DIAGNOSTIC,    22, -4.916737733027e-01, 2.610618579147e-04, 2.4809e+00, 4.0658e-02, 
 2DIAGNOSTIC,    23, -4.917042723143e-01, 1.808930418295e-04, 2.5147e+00, 3.3831e-02, 
 2DIAGNOSTIC,    24, -4.917275817038e-01, 1.066051533062e-04, 2.5479e+00, 3.3213e-02, 
 2DIAGNOSTIC,    25, -4.917539667039e-01, 6.530174166880e-05, 2.5777e+00, 2.9804e-02, 
 2DIAGNOSTIC,    26, -4.917644392411e-01, 4.253122375139e-05, 2.6071e+00, 2.9393e-02, 
 2DIAGNOSTIC,    27, -4.918041321782e-01, 2.679857727001e-05, 2.6365e+00, 2.9382e-02, 
 2DIAGNOSTIC,    28, -4.919172062837e-01, 2.291820712064e-05, 2.6664e+00, 2.9963e-02, 
 2DIAGNOSTIC,    29, -4.930391178084e-01, 4.394022255799e-05, 2.7156e+00, 4.9107e-02, 
 2DIAGNOSTIC,    30, -4.930878931873e-01, 5.980046952279e-05, 2.7526e+00, 3.7000e-02, 
 2DIAGNOSTIC,    31, -4.930428276341e-01, 6.911021918445e-05, 2.8083e+00, 5.5705e-02, 
 2DIAGNOSTIC,    32, -4.930465668980e-01, 7.536880290137e-05, 2.8421e+00, 3.3809e-02, 
 2DIAGNOSTIC,    33, -4.930389037396e-01, 7.448679807132e-05, 2.8780e+00, 3.5975e-02, 
 2DIAGNOSTIC,    34, -4.930283834596e-01, 6.655935979376e-05, 2.9146e+00, 3.6510e-02, 
 2DIAGNOSTIC,    35, -4.930237653090e-01, 5.318561294772e-05, 2.9498e+00, 3.5255e-02, 
 2DIAGNOSTIC,    36, -4.930182500017e-01, 3.599213429431e-05, 2.9844e+00, 3.4598e-02, 
 2DIAGNOSTIC,    37, -4.930059380707e-01, 1.701830905166e-05, 3.0194e+00, 3.4977e-02, 
DIAGNOSTIC,Iteration,metricValue,convergenceValue,ITERATION_TIME_INDEX,SINCE_LAST
 2DIAGNOSTIC,     1, -4.340206656337e-01, 1.797693134862e+308, 4.1950e+00, 1.1756e+00, 
 2DIAGNOSTIC,     2, -4.342371553856e-01, 1.797693134862e+308, 4.4663e+00, 2.7133e-01, 
 2DIAGNOSTIC,     3, -4.344767497376e-01, 1.797693134862e+308, 4.7097e+00, 2.4337e-01, 
 2DIAGNOSTIC,     4, -4.345573069295e-01, 1.797693134862e+308, 4.9425e+00, 2.3289e-01, 
 2DIAGNOSTIC,     5, -4.347305144000e-01, 1.797693134862e+308, 5.2319e+00, 2.8940e-01, 
 2DIAGNOSTIC,     6, -4.348469667897e-01, 1.797693134862e+308, 5.5194e+00, 2.8745e-01, 
 2DIAGNOSTIC,     7, -4.349377146096e-01, 1.797693134862e+308, 5.8797e+00, 3.6033e-01, 
 2DIAGNOSTIC,     8, -4.350592288893e-01, 1.797693134862e+308, 6.1923e+00, 3.1257e-01, 
 2DIAGNOSTIC,     9, -4.350619188059e-01, 1.797693134862e+308, 6.4855e+00, 2.9319e-01, 
 2DIAGNOSTIC,    10, -4.350635106251e-01, 1.580789184995e-04, 6.7534e+00, 2.6796e-01, 
 2DIAGNOSTIC,    11, -4.350631214221e-01, 1.135156277311e-04, 7.0518e+00, 2.9839e-01, 
 2DIAGNOSTIC,    12, -4.350611312581e-01, 7.785616080917e-05, 7.3465e+00, 2.9468e-01, 
 2DIAGNOSTIC,    13, -4.350609279645e-01, 5.290141041286e-05, 7.6208e+00, 2.7425e-01, 
 2DIAGNOSTIC,    14, -4.350598822209e-01, 3.052160738924e-05, 7.9091e+00, 2.8837e-01, 
 2DIAGNOSTIC,    15, -4.350641451669e-01, 1.626867961489e-05, 8.1969e+00, 2.8779e-01, 
 2DIAGNOSTIC,    16, -4.350628197013e-01, 7.154062547199e-06, 8.4543e+00, 2.5742e-01, 
 2DIAGNOSTIC,    17, -4.350667772232e-01, 2.150266764915e-06, 8.7212e+00, 2.6685e-01, 
 2DIAGNOSTIC,    18, -4.350654826727e-01, 2.038143513301e-06, 9.0054e+00, 2.8421e-01, 
 2DIAGNOSTIC,    19, -4.350656968153e-01, 2.012092903618e-06, 9.2854e+00, 2.7997e-01, 
 2DIAGNOSTIC,    20, -4.350688592051e-01, 2.111480654224e-06, 9.5443e+00, 2.5894e-01, 
 2DIAGNOSTIC,    21, -4.350675922080e-01, 2.098901681701e-06, 9.9422e+00, 3.9794e-01, 
 2DIAGNOSTIC,    22, -4.350680613834e-01, 1.990288530193e-06, 1.0240e+01, 2.9765e-01, 
 2DIAGNOSTIC,    23, -4.350674865555e-01, 1.820657946280e-06, 1.0494e+01, 2.5443e-01, 
 2DIAGNOSTIC,    24, -4.350654798906e-01, 1.538826853061e-06, 1.0778e+01, 2.8368e-01, 
 2DIAGNOSTIC,    25, -4.350657034957e-01, 1.378746556667e-06, 1.1100e+01, 3.2215e-01, 
 2DIAGNOSTIC,    26, -4.350642318221e-01, 1.146754961823e-06, 1.1342e+01, 2.4164e-01, 
 2DIAGNOSTIC,    27, -4.350628334108e-01, 1.003631452570e-06, 1.1617e+01, 2.7515e-01, 
DIAGNOSTIC,Iteration,metricValue,convergenceValue,ITERATION_TIME_INDEX,SINCE_LAST
 2DIAGNOSTIC,     1, -4.013755013567e-01, 1.797693134862e+308, 1.4139e+01, 2.5220e+00, 
 2DIAGNOSTIC,     2, -4.014224592050e-01, 1.797693134862e+308, 1.5845e+01, 1.7059e+00, 
 2DIAGNOSTIC,     3, -4.014924388847e-01, 1.797693134862e+308, 1.7582e+01, 1.7369e+00, 
 2DIAGNOSTIC,     4, -4.015170497360e-01, 1.797693134862e+308, 1.9051e+01, 1.4688e+00, 
 2DIAGNOSTIC,     5, -4.015387560036e-01, 1.797693134862e+308, 2.0474e+01, 1.4237e+00, 
 2DIAGNOSTIC,     6, -4.015830286757e-01, 1.797693134862e+308, 2.2136e+01, 1.6622e+00, 
 2DIAGNOSTIC,     7, -4.016236585525e-01, 1.797693134862e+308, 2.4075e+01, 1.9385e+00, 
 2DIAGNOSTIC,     8, -4.016484746696e-01, 1.797693134862e+308, 2.5723e+01, 1.6480e+00, 
 2DIAGNOSTIC,     9, -4.016509823912e-01, 1.797693134862e+308, 2.7071e+01, 1.3482e+00, 
 2DIAGNOSTIC,    10, -4.016641193716e-01, 4.953319850989e-05, 2.8590e+01, 1.5185e+00, 
 2DIAGNOSTIC,    11, -4.016984510677e-01, 4.007752119381e-05, 3.0365e+01, 1.7750e+00, 
 2DIAGNOSTIC,    12, -4.016955329910e-01, 3.127972950927e-05, 3.1726e+01, 1.3613e+00, 
 2DIAGNOSTIC,    13, -4.017297273279e-01, 2.694422846539e-05, 3.3056e+01, 1.3305e+00, 
 2DIAGNOSTIC,    14, -4.017525868675e-01, 2.339957656447e-05, 3.4886e+01, 1.8295e+00, 
 2DIAGNOSTIC,    15, -4.017672484034e-01, 2.006636623642e-05, 3.6245e+01, 1.3587e+00, 
 2DIAGNOSTIC,    16, -4.017792160164e-01, 1.794627398306e-05, 3.7608e+01, 1.3632e+00, 
 2DIAGNOSTIC,    17, -4.018089739520e-01, 1.751697285449e-05, 3.9272e+01, 1.6646e+00, 
 2DIAGNOSTIC,    18, -4.018255831985e-01, 1.729997241004e-05, 4.0794e+01, 1.5215e+00, 
 2DIAGNOSTIC,    19, -4.018363544087e-01, 1.614237883255e-05, 4.2219e+01, 1.4253e+00, 
 2DIAGNOSTIC,    20, -4.018829081925e-01, 1.585150243368e-05, 4.3734e+01, 1.5147e+00, 
 2DIAGNOSTIC,    21, -4.019096125375e-01, 1.630183063156e-05, 4.5556e+01, 1.8221e+00, 
 2DIAGNOSTIC,    22, -4.019171513352e-01, 1.544376612378e-05, 4.6896e+01, 1.3400e+00, 
 2DIAGNOSTIC,    23, -4.019316902124e-01, 1.485444172513e-05, 4.8389e+01, 1.4934e+00, 
 2DIAGNOSTIC,    24, -4.019376136034e-01, 1.389708996821e-05, 4.9926e+01, 1.5365e+00, 
 2DIAGNOSTIC,    25, -4.019436502654e-01, 1.240722084098e-05, 5.2109e+01, 2.1835e+00, 
 2DIAGNOSTIC,    26, -4.019466770137e-01, 1.036574776134e-05, 5.3513e+01, 1.4036e+00, 
 2DIAGNOSTIC,    27, -4.019509998558e-01, 8.513088384433e-06, 5.5186e+01, 1.6735e+00, 
 2DIAGNOSTIC,    28, -4.019522396909e-01, 6.562219973104e-06, 5.6528e+01, 1.3416e+00, 
 2DIAGNOSTIC,    29, -4.019518940477e-01, 4.463459462110e-06, 5.8021e+01, 1.4933e+00, 
 2DIAGNOSTIC,    30, -4.019523675201e-01, 3.284078237152e-06, 6.1048e+01, 3.0269e+00, 
 2DIAGNOSTIC,    31, -4.019524479481e-01, 2.580867593908e-06, 6.5703e+01, 4.6552e+00, 
 2DIAGNOSTIC,    32, -4.019524479478e-01, 1.933527055555e-06, 6.9996e+01, 4.2927e+00, 
 2DIAGNOSTIC,    33, -4.019524479478e-01, 1.546421743999e-06, 7.1526e+01, 1.5301e+00, 
 2DIAGNOSTIC,    34, -4.019524479478e-01, 1.248714815928e-06, 7.3218e+01, 1.6917e+00, 
 2DIAGNOSTIC,    35, -4.019524479478e-01, 1.059882931913e-06, 7.4947e+01, 1.7294e+00, 
  Elapsed time (stage 0): 7.5880e+01


Total elapsed time: 7.5883e+01
Info [verificarlo]: loaded backend libinterflop_vprec.so
Info [interflop-vprec]: load backend with: 
Info [interflop-vprec]: precision-binary32 = 18
Info [interflop-vprec]: range-binary32 = 7
Info [interflop-vprec]: precision-binary64 = 18
Info [interflop-vprec]: range-binary64 = 7
Info [interflop-vprec]: mode = ob
Info [interflop-vprec]: error-mode = rel
Info [interflop-vprec]: max-abs-error-exponent = -1022
Info [interflop-vprec]: daz = false
Info [interflop-vprec]: ftz = false
Info [interflop-vprec]: 	instrument = none
Info [interflop-vprec]: 	prec-input-file = (null)
Info [interflop-vprec]: 	prec-output-file = (null)
Info [interflop-vprec]: 	prec-log-file = (null)
All_Command_lines_OK
Using double precision for computations.
=============================================================================
The composite transform comprises the following transforms (in order): 
  1. /home/mdugre/scratch/mri-registration-rp/datasets/ds004513/derivatives/mri-registration-rp/0011/antsRegistration-r7-p18/sub-s037/rigid_Composite.h5[0] (type = Euler3DTransform)
  2. /home/mdugre/scratch/mri-registration-rp/datasets/ds004513/derivatives/mri-registration-rp/0011/antsRegistration-r7-p18/sub-s037/rigid_Composite.h5[1] (type = Euler3DTransform)
  3. /home/mdugre/scratch/mri-registration-rp/datasets/ds004513/derivatives/mri-registration-rp/0011/antsRegistration-r7-p18/sub-s037/rigid_Composite.h5[2] (type = Euler3DTransform)
=============================================================================
  number of levels = 4
  fixed image: /templateflow/tpl-MNI152NLin2009cAsym/tpl-MNI152NLin2009cAsym_res-01_desc-brain_T1w.nii.gz
  moving image: /home/mdugre/scratch/mri-registration-rp/datasets/ds004513/derivatives/mri-registration-rp/antsBrainExtraction/sub-s037/BrainExtractionBrain.nii.gz
Dimension = 3
Number of stages = 1
Use histogram matching = false
Winsorize image intensities = true
  Lower quantile = 0.005
  Upper quantile = 0.995


Stage 1 State
   Image metric = MattesMI
     Fixed image = Image (0x47fb490)
  RTTI typeinfo:   itk::Image<double, 3u>
  Reference Count: 2
  Modified Time: 1592
  Debug: Off
  Object Name: 
  Observers: 
    none
  Source: (none)
  Source output name: (none)
  Release Data: Off
  Data Released: False
  Global Release Data: Off
  PipelineMTime: 0
  UpdateMTime: 1203
  RealTimeStamp: 0 seconds 
  LargestPossibleRegion: 
    Dimension: 3
    Index: [0, 0, 0]
    Size: [193, 229, 193]
  BufferedRegion: 
    Dimension: 3
    Index: [0, 0, 0]
    Size: [193, 229, 193]
  RequestedRegion: 
    Dimension: 3
    Index: [0, 0, 0]
    Size: [193, 229, 193]
  Spacing: [1, 1, 1]
  Origin: [96, 132, -78]
  Direction: 
-1 0 0
0 -1 0
0 0 1

  IndexToPointMatrix: 
-1 0 0
0 -1 0
0 0 1

  PointToIndexMatrix: 
-1 0 0
0 -1 0
0 0 1

  Inverse Direction: 
-1 0 0
0 -1 0
0 0 1

  PixelContainer: 
    ImportImageContainer (0x48c68c0)
      RTTI typeinfo:   itk::ImportImageContainer<unsigned long, double>
      Reference Count: 1
      Modified Time: 1200
      Debug: Off
      Object Name: 
      Observers: 
        none
      Pointer: 0x14f515298010
      Container manages memory: true
      Size: 8530021
      Capacity: 8530021

     Moving image = Image (0x48b6b60)
  RTTI typeinfo:   itk::Image<double, 3u>
  Reference Count: 2
  Modified Time: 1593
  Debug: Off
  Object Name: 
  Observers: 
    none
  Source: (none)
  Source output name: (none)
  Release Data: Off
  Data Released: False
  Global Release Data: Off
  PipelineMTime: 0
  UpdateMTime: 1590
  RealTimeStamp: 0 seconds 
  LargestPossibleRegion: 
    Dimension: 3
    Index: [0, 0, 0]
    Size: [160, 240, 256]
  BufferedRegion: 
    Dimension: 3
    Index: [0, 0, 0]
    Size: [160, 240, 256]
  RequestedRegion: 
    Dimension: 3
    Index: [0, 0, 0]
    Size: [160, 240, 256]
  Spacing: [1, 1, 1]
  Origin: [87.9507, 102.562, -147.639]
  Direction: 
-0.998659 -0.043612 -0.0279129
0.0435951 -0.999048 0.00121847
-0.0279395 -2.65543e-08 0.999609

  IndexToPointMatrix: 
-0.998659 -0.043612 -0.0279129
0.0435951 -0.999048 0.00121847
-0.0279395 -2.65543e-08 0.999609

  PointToIndexMatrix: 
-0.998657 0.0435951 -0.0279395
-0.043612 -0.99905 4.76837e-07
-0.0279129 0.00121927 0.999609

  Inverse Direction: 
-0.998657 0.0435951 -0.0279395
-0.043612 -0.99905 4.76837e-07
-0.0279129 0.00121927 0.999609

  PixelContainer: 
    ImportImageContainer (0x494a1d0)
      RTTI typeinfo:   itk::ImportImageContainer<unsigned long, double>
      Reference Count: 1
      Modified Time: 1587
      Debug: Off
      Object Name: 
      Observers: 
        none
      Pointer: 0x14f510797010
      Container manages memory: true
      Size: 9830400
      Capacity: 9830400

     Weighting = 1
     Sampling strategy = regular
     Number of bins = 32
     Radius = 4
     Sampling percentage  = 0.25
   Transform = Affine
     Gradient step = 0.1
     Update field sigma (voxel space) = 0
     Total field sigma (voxel space) = 0
     Update field time sigma = 0
     Total field time sigma  = 0
     Number of time indices = 0
     Number of time point samples = 0
Registration using 1 total stages.

Stage 0
  iterations = 1000x500x250x100
  convergence threshold = 1e-06
  convergence window size = 10
  number of levels = 4
  using the Mattes MI metric (number of bins = 32, weight = 1, use gradient filter = 0)
  preprocessing:  winsorizing the image intensities
  Shrink factors (level 1 out of 4): [8, 8, 8]
  Shrink factors (level 2 out of 4): [4, 4, 4]
  Shrink factors (level 3 out of 4): [2, 2, 2]
  Shrink factors (level 4 out of 4): [1, 1, 1]
  smoothing sigmas per level: [3, 2, 1, 0]
  regular sampling (percentage = 0.25)

*** Running AffineTransform registration ***

DIAGNOSTIC,Iteration,metricValue,convergenceValue,ITERATION_TIME_INDEX,SINCE_LAST
 2DIAGNOSTIC,     1, -5.862527340018e-01, 1.797693134862e+308, 0.0000e+00, 0.0000e+00, 
 2DIAGNOSTIC,     2, -5.877913527681e-01, 1.797693134862e+308, 0.0000e+00, 0.0000e+00, 
 2DIAGNOSTIC,     3, -5.902606836630e-01, 1.797693134862e+308, 0.0000e+00, 0.0000e+00, 
 2DIAGNOSTIC,     4, -5.952538436886e-01, 1.797693134862e+308, 0.0000e+00, 0.0000e+00, 
 2DIAGNOSTIC,     5, -6.052122019530e-01, 1.797693134862e+308, 0.0000e+00, 0.0000e+00, 
 2DIAGNOSTIC,     6, -6.155469855478e-01, 1.797693134862e+308, 0.0000e+00, 0.0000e+00, 
 2DIAGNOSTIC,     7, -6.445062865292e-01, 1.797693134862e+308, 0.0000e+00, 0.0000e+00, 
 2DIAGNOSTIC,     8, -6.834426760533e-01, 1.797693134862e+308, 0.0000e+00, 0.0000e+00, 
 2DIAGNOSTIC,     9, -7.079529307056e-01, 1.797693134862e+308, 0.0000e+00, 0.0000e+00, 
 2DIAGNOSTIC,    10, -7.091621124660e-01, 1.429182329222e-02, 0.0000e+00, 0.0000e+00, 
 2DIAGNOSTIC,    11, -7.131710362358e-01, 1.412298379044e-02, 0.0000e+00, 0.0000e+00, 
 2DIAGNOSTIC,    12, -7.153815497424e-01, 1.285676696034e-02, 0.0000e+00, 0.0000e+00, 
 2DIAGNOSTIC,    13, -7.151694625432e-01, 1.070562521658e-02, 0.0000e+00, 0.0000e+00, 
 2DIAGNOSTIC,    14, -7.161744657720e-01, 8.104039012098e-03, 0.0000e+00, 0.0000e+00, 
 2DIAGNOSTIC,    15, -7.167872680289e-01, 5.462969633459e-03, 0.0000e+00, 0.0000e+00, 
 2DIAGNOSTIC,    16, -7.170591378558e-01, 2.962820894030e-03, 0.0000e+00, 0.0000e+00, 
 2DIAGNOSTIC,    17, -7.169542762956e-01, 1.210117642877e-03, 0.0000e+00, 0.0000e+00, 
 2DIAGNOSTIC,    18, -7.168987253368e-01, 4.570880850336e-04, 0.0000e+00, 0.0000e+00, 
 2DIAGNOSTIC,    19, -7.167275238075e-01, 2.890845499000e-04, 0.0000e+00, 0.0000e+00, 
 2DIAGNOSTIC,    20, -7.165828715820e-01, 1.325626797174e-04, 0.0000e+00, 0.0000e+00, 
 2DIAGNOSTIC,    21, -7.166822683562e-01, 6.078976756315e-05, 0.0000e+00, 0.0000e+00, 
 2DIAGNOSTIC,    22, -7.168691407722e-01, 3.648269672281e-05, 0.0000e+00, 0.0000e+00, 
 2DIAGNOSTIC,    23, -7.167995887191e-01, 5.630378580701e-06, 0.0000e+00, 0.0000e+00, 
DIAGNOSTIC,Iteration,metricValue,convergenceValue,ITERATION_TIME_INDEX,SINCE_LAST
 2DIAGNOSTIC,     1, -5.915079064362e-01, 1.797693134862e+308, 0.0000e+00, 0.0000e+00, 
 2DIAGNOSTIC,     2, -5.923893905156e-01, 1.797693134862e+308, 0.0000e+00, 0.0000e+00, 
 2DIAGNOSTIC,     3, -5.935578453433e-01, 1.797693134862e+308, 0.0000e+00, 0.0000e+00, 
 2DIAGNOSTIC,     4, -5.950778596782e-01, 1.797693134862e+308, 0.0000e+00, 0.0000e+00, 
 2DIAGNOSTIC,     5, -5.963419167672e-01, 1.797693134862e+308, 0.0000e+00, 0.0000e+00, 
 2DIAGNOSTIC,     6, -5.973614163152e-01, 1.797693134862e+308, 0.0000e+00, 0.0000e+00, 
 2DIAGNOSTIC,     7, -5.980263569610e-01, 1.797693134862e+308, 0.0000e+00, 0.0000e+00, 
 2DIAGNOSTIC,     8, -5.993719960279e-01, 1.797693134862e+308, 0.0000e+00, 0.0000e+00, 
 2DIAGNOSTIC,     9, -5.994263924053e-01, 1.797693134862e+308, 0.0000e+00, 0.0000e+00, 
 2DIAGNOSTIC,    10, -5.996209864576e-01, 9.511065788261e-04, 0.0000e+00, 0.0000e+00, 
 2DIAGNOSTIC,    11, -6.007456710035e-01, 7.922881733583e-04, 0.0000e+00, 0.0000e+00, 
 2DIAGNOSTIC,    12, -6.007292897739e-01, 6.219543778214e-04, 0.0000e+00, 0.0000e+00, 
 2DIAGNOSTIC,    13, -6.007140915133e-01, 4.635673075055e-04, 0.0000e+00, 0.0000e+00, 
 2DIAGNOSTIC,    14, -6.007014703874e-01, 3.372299581259e-04, 0.0000e+00, 0.0000e+00, 
 2DIAGNOSTIC,    15, -6.006934847708e-01, 2.368410107318e-04, 0.0000e+00, 0.0000e+00, 
 2DIAGNOSTIC,    16, -6.006921850127e-01, 1.571416380397e-04, 0.0000e+00, 0.0000e+00, 
 2DIAGNOSTIC,    17, -6.006777941611e-01, 8.967516536260e-05, 0.0000e+00, 0.0000e+00, 
 2DIAGNOSTIC,    18, -6.006526220807e-01, 5.699817898573e-05, 0.0000e+00, 0.0000e+00, 
 2DIAGNOSTIC,    19, -6.006556591740e-01, 2.430531275507e-05, 0.0000e+00, 0.0000e+00, 
DIAGNOSTIC,Iteration,metricValue,convergenceValue,ITERATION_TIME_INDEX,SINCE_LAST
 2DIAGNOSTIC,     1, -5.252836431053e-01, 1.797693134862e+308, 0.0000e+00, 0.0000e+00, 
 2DIAGNOSTIC,     2, -5.255228938279e-01, 1.797693134862e+308, 0.0000e+00, 0.0000e+00, 
 2DIAGNOSTIC,     3, -5.258047829737e-01, 1.797693134862e+308, 0.0000e+00, 0.0000e+00, 
 2DIAGNOSTIC,     4, -5.262008374146e-01, 1.797693134862e+308, 0.0000e+00, 0.0000e+00, 
 2DIAGNOSTIC,     5, -5.267036462756e-01, 1.797693134862e+308, 0.0000e+00, 0.0000e+00, 
 2DIAGNOSTIC,     6, -5.271736210700e-01, 1.797693134862e+308, 0.0000e+00, 0.0000e+00, 
 2DIAGNOSTIC,     7, -5.276575484754e-01, 1.797693134862e+308, 0.0000e+00, 0.0000e+00, 
 2DIAGNOSTIC,     8, -5.276484267103e-01, 1.797693134862e+308, 0.0000e+00, 0.0000e+00, 
 2DIAGNOSTIC,     9, -5.276570763028e-01, 1.797693134862e+308, 0.0000e+00, 0.0000e+00, 
 2DIAGNOSTIC,    10, -5.276597111047e-01, 3.426851527920e-04, 0.0000e+00, 0.0000e+00, 
 2DIAGNOSTIC,    11, -5.276703783787e-01, 2.633608019157e-04, 0.0000e+00, 0.0000e+00, 
 2DIAGNOSTIC,    12, -5.276755285388e-01, 1.846783362383e-04, 0.0000e+00, 0.0000e+00, 
 2DIAGNOSTIC,    13, -5.276927249853e-01, 1.141191547060e-04, 0.0000e+00, 0.0000e+00, 
 2DIAGNOSTIC,    14, -5.277128673102e-01, 5.949366187534e-05, 0.0000e+00, 0.0000e+00, 
 2DIAGNOSTIC,    15, -5.277396688882e-01, 2.568004879587e-05, 0.0000e+00, 0.0000e+00, 
 2DIAGNOSTIC,    16, -5.277810162375e-01, 1.068587896760e-05, 0.0000e+00, 0.0000e+00, 
 2DIAGNOSTIC,    17, -5.278182720399e-01, 1.317493716919e-05, 0.0000e+00, 0.0000e+00, 
 2DIAGNOSTIC,    18, -5.278812608713e-01, 1.593789401184e-05, 0.0000e+00, 0.0000e+00, 
 2DIAGNOSTIC,    19, -5.279023273181e-01, 1.790852452119e-05, 0.0000e+00, 0.0000e+00, 
 2DIAGNOSTIC,    20, -5.279053412233e-01, 1.832742127635e-05, 0.0000e+00, 0.0000e+00, 
 2DIAGNOSTIC,    21, -5.279050496523e-01, 1.742886484015e-05, 0.0000e+00, 0.0000e+00, 
 2DIAGNOSTIC,    22, -5.279051330665e-01, 1.524234165109e-05, 0.0000e+00, 0.0000e+00, 
 2DIAGNOSTIC,    23, -5.279045037709e-01, 1.232324851549e-05, 0.0000e+00, 0.0000e+00, 
 2DIAGNOSTIC,    24, -5.279038434874e-01, 9.052870651283e-06, 0.0000e+00, 0.0000e+00, 
 2DIAGNOSTIC,    25, -5.279028512627e-01, 5.877803323846e-06, 0.0000e+00, 0.0000e+00, 
 2DIAGNOSTIC,    26, -5.279034702365e-01, 3.383608084669e-06, 0.0000e+00, 0.0000e+00, 
 2DIAGNOSTIC,    27, -5.279035452429e-01, 1.584132252271e-06, 0.0000e+00, 0.0000e+00, 
 2DIAGNOSTIC,    28, -5.279040098048e-01, 1.084174903992e-06, 0.0000e+00, 0.0000e+00, 
DIAGNOSTIC,Iteration,metricValue,convergenceValue,ITERATION_TIME_INDEX,SINCE_LAST
 2DIAGNOSTIC,     1, -4.827678032813e-01, 1.797693134862e+308, 0.0000e+00, 0.0000e+00, 
 2DIAGNOSTIC,     2, -4.830613315835e-01, 1.797693134862e+308, 0.0000e+00, 0.0000e+00, 
 2DIAGNOSTIC,     3, -4.833939725033e-01, 1.797693134862e+308, 0.0000e+00, 0.0000e+00, 
 2DIAGNOSTIC,     4, -4.838004312062e-01, 1.797693134862e+308, 0.0000e+00, 0.0000e+00, 
 2DIAGNOSTIC,     5, -4.846476546252e-01, 1.797693134862e+308, 0.0000e+00, 0.0000e+00, 
 2DIAGNOSTIC,     6, -4.850879526766e-01, 1.797693134862e+308, 0.0000e+00, 0.0000e+00, 
 2DIAGNOSTIC,     7, -4.850872847445e-01, 1.797693134862e+308, 0.0000e+00, 0.0000e+00, 
 2DIAGNOSTIC,     8, -4.850875384915e-01, 1.797693134862e+308, 0.0000e+00, 0.0000e+00, 
 2DIAGNOSTIC,     9, -4.850870913762e-01, 1.797693134862e+308, 0.0000e+00, 0.0000e+00, 
 2DIAGNOSTIC,    10, -4.850871808632e-01, 3.524153275778e-04, 0.0000e+00, 0.0000e+00, 
 2DIAGNOSTIC,    11, -4.850874855595e-01, 2.489809697728e-04, 0.0000e+00, 0.0000e+00, 
 2DIAGNOSTIC,    12, -4.850876229178e-01, 1.554687389496e-04, 0.0000e+00, 0.0000e+00, 
 2DIAGNOSTIC,    13, -4.850876592210e-01, 7.783301019396e-05, 0.0000e+00, 0.0000e+00, 
 2DIAGNOSTIC,    14, -4.850875089065e-01, 2.068007549266e-05, 0.0000e+00, 0.0000e+00, 
 2DIAGNOSTIC,    15, -4.850875092656e-01, 2.107432189202e-06, 0.0000e+00, 0.0000e+00, 
 2DIAGNOSTIC,    16, -4.850875092656e-01, 1.997672677057e-06, 0.0000e+00, 0.0000e+00, 
 2DIAGNOSTIC,    17, -4.850875092656e-01, 1.874710595470e-06, 0.0000e+00, 0.0000e+00, 
 2DIAGNOSTIC,    18, -4.850875092656e-01, 1.772427648219e-06, 0.0000e+00, 0.0000e+00, 
 2DIAGNOSTIC,    19, -4.850875092656e-01, 1.665355901799e-06, 0.0000e+00, 0.0000e+00, 
 2DIAGNOSTIC,    20, -4.850875092656e-01, 1.570877868680e-06, 0.0000e+00, 0.0000e+00, 
 2DIAGNOSTIC,    21, -4.850875092656e-01, 1.494239348435e-06, 0.0000e+00, 0.0000e+00, 
 2DIAGNOSTIC,    22, -4.850875092656e-01, 1.428794961594e-06, 0.0000e+00, 0.0000e+00, 
 2DIAGNOSTIC,    23, -4.850875092656e-01, 1.370453904179e-06, 0.0000e+00, 0.0000e+00, 
 2DIAGNOSTIC,    24, -4.850875092656e-01, 1.313304764848e-06, 0.0000e+00, 0.0000e+00, 
 2DIAGNOSTIC,    25, -4.850875092656e-01, 1.260738909520e-06, 0.0000e+00, 0.0000e+00, 
 2DIAGNOSTIC,    26, -4.850875092656e-01, 1.212219073059e-06, 0.0000e+00, 0.0000e+00, 
 2DIAGNOSTIC,    27, -4.850875092656e-01, 1.167295431051e-06, 0.0000e+00, 0.0000e+00, 
