
##########################
# Experiment information #
##########################

EXPERIMENT_NAME: antsRegistration-r7-p19
VFC_BACKENDS: libinterflop_vprec.so --range-binary32=7 --precision-binary32=19 --range-binary64=7 --precision-binary64=19

SIF_IMG: /home/mdugre/projects/rrg-glatard/mdugre/containers/ants-vprec-no_metrics.simg

SUBJECT_ID: s025
INPUT_IMG: /home/mdugre/scratch/mri-registration-rp/datasets/ds004513/derivatives/mri-registration-rp/antsBrainExtraction/sub-s025/BrainExtractionBrain.nii.gz
OUTPUT_DIR: /home/mdugre/scratch/mri-registration-rp/datasets/ds004513/derivatives/mri-registration-rp/0011/antsRegistration-r7-p19/sub-s025

FIXED_IMG: /templateflow/tpl-MNI152NLin2009cAsym/tpl-MNI152NLin2009cAsym_res-01_desc-brain_T1w.nii.gz
DATA_DIR: /home/mdugre/scratch/mri-registration-rp/datasets/ds004513
TEMPLATEFLOW_DIR: /home/mdugre/projects/rrg-glatard/mdugre/templateflow
ITK_GLOBAL_DEFAULT_NUMBER_OF_THREADS: 16
##########################

Info [verificarlo]: loaded backend libinterflop_ieee.so
Info [interflop-ieee]: load backend with:
Info [interflop-ieee]: debug = false
Info [interflop-ieee]: debug-binary = false
Info [interflop-ieee]: no-backend-name = false
Info [interflop-ieee]: print-new-line = false
Info [interflop-ieee]: print-subnormal-normalized = false
Info [interflop-ieee]: count-op = false
All_Command_lines_OK
Using double precision for computations.
=============================================================================
The composite transform comprises the following transforms (in order): 
  1. Center of mass alignment using fixed image: /templateflow/tpl-MNI152NLin2009cAsym/tpl-MNI152NLin2009cAsym_res-01_desc-brain_T1w.nii.gz and moving image: /home/mdugre/scratch/mri-registration-rp/datasets/ds004513/derivatives/mri-registration-rp/antsBrainExtraction/sub-s025/BrainExtractionBrain.nii.gz (type = Euler3DTransform)
=============================================================================
  number of levels = 1
  fixed image: /templateflow/tpl-MNI152NLin2009cAsym/tpl-MNI152NLin2009cAsym_res-01_desc-brain_T1w.nii.gz
  moving image: /home/mdugre/scratch/mri-registration-rp/datasets/ds004513/derivatives/mri-registration-rp/antsBrainExtraction/sub-s025/BrainExtractionBrain.nii.gz
Dimension = 3
Number of stages = 1
Use histogram matching = false
Winsorize image intensities = true
  Lower quantile = 0.005
  Upper quantile = 0.995


Stage 1 State
   Image metric = MattesMI
     Fixed image = Image (0x3626e70)
  RTTI typeinfo:   itk::Image<double, 3u>
  Reference Count: 2
  Modified Time: 2334
  Debug: Off
  Object Name: 
  Observers: 
    none
  Source: (none)
  Source output name: (none)
  Release Data: Off
  Data Released: False
  Global Release Data: Off
  PipelineMTime: 0
  UpdateMTime: 1943
  RealTimeStamp: 0 seconds 
  LargestPossibleRegion: 
    Dimension: 3
    Index: [0, 0, 0]
    Size: [193, 229, 193]
  BufferedRegion: 
    Dimension: 3
    Index: [0, 0, 0]
    Size: [193, 229, 193]
  RequestedRegion: 
    Dimension: 3
    Index: [0, 0, 0]
    Size: [193, 229, 193]
  Spacing: [1, 1, 1]
  Origin: [96, 132, -78]
  Direction: 
-1 0 0
0 -1 0
0 0 1

  IndexToPointMatrix: 
-1 0 0
0 -1 0
0 0 1

  PointToIndexMatrix: 
-1 0 0
0 -1 0
0 0 1

  Inverse Direction: 
-1 0 0
0 -1 0
0 0 1

  PixelContainer: 
    ImportImageContainer (0x362fc60)
      RTTI typeinfo:   itk::ImportImageContainer<unsigned long, double>
      Reference Count: 1
      Modified Time: 1940
      Debug: Off
      Object Name: 
      Observers: 
        none
      Pointer: 0x14b85de27010
      Container manages memory: true
      Size: 8530021
      Capacity: 8530021

     Moving image = Image (0x3632610)
  RTTI typeinfo:   itk::Image<double, 3u>
  Reference Count: 2
  Modified Time: 2335
  Debug: Off
  Object Name: 
  Observers: 
    none
  Source: (none)
  Source output name: (none)
  Release Data: Off
  Data Released: False
  Global Release Data: Off
  PipelineMTime: 0
  UpdateMTime: 2332
  RealTimeStamp: 0 seconds 
  LargestPossibleRegion: 
    Dimension: 3
    Index: [0, 0, 0]
    Size: [176, 240, 256]
  BufferedRegion: 
    Dimension: 3
    Index: [0, 0, 0]
    Size: [176, 240, 256]
  RequestedRegion: 
    Dimension: 3
    Index: [0, 0, 0]
    Size: [176, 240, 256]
  Spacing: [0.999999, 1, 1]
  Origin: [90.3778, 84.5091, -154.071]
  Direction: 
-0.999391 7.48184e-06 -0.0348969
-7.47664e-06 -1 -2.7953e-07
-0.0348969 -1.84481e-08 0.999391

  IndexToPointMatrix: 
-0.99939 7.48184e-06 -0.0348969
-7.47663e-06 -1 -2.7953e-07
-0.0348968 -1.84481e-08 0.999391

  PointToIndexMatrix: 
-0.999392 -7.47665e-06 -0.0348969
7.48184e-06 -1 -1.84481e-08
-0.0348969 -2.7953e-07 0.999391

  Inverse Direction: 
-0.999391 -7.47664e-06 -0.0348969
7.48184e-06 -1 -1.84481e-08
-0.0348969 -2.7953e-07 0.999391

  PixelContainer: 
    ImportImageContainer (0x36cbef0)
      RTTI typeinfo:   itk::ImportImageContainer<unsigned long, double>
      Reference Count: 1
      Modified Time: 2329
      Debug: Off
      Object Name: 
      Observers: 
        none
      Pointer: 0x14b858ba6010
      Container manages memory: true
      Size: 10813440
      Capacity: 10813440

     Weighting = 1
     Sampling strategy = regular
     Number of bins = 32
     Radius = 4
     Sampling percentage  = 0.25
   Transform = Rigid
     Gradient step = 0.1
     Update field sigma (voxel space) = 0
     Total field sigma (voxel space) = 0
     Update field time sigma = 0
     Total field time sigma  = 0
     Number of time indices = 0
     Number of time point samples = 0
Registration using 1 total stages.

Stage 0
  iterations = 0
  convergence threshold = 1e-06
  convergence window size = 10
  number of levels = 1
  using the Mattes MI metric (number of bins = 32, weight = 1, use gradient filter = 0)
  preprocessing:  winsorizing the image intensities
  Shrink factors (level 1 out of 1): [1, 1, 1]
  smoothing sigmas per level: [0]
  regular sampling (percentage = 0.25)

*** Running Euler3DTransform registration ***

  Elapsed time (stage 0): 1.14273


Total elapsed time: 1.14479
Info [verificarlo]: loaded backend libinterflop_ieee.so
Info [interflop-ieee]: load backend with:
Info [interflop-ieee]: debug = false
Info [interflop-ieee]: debug-binary = false
Info [interflop-ieee]: no-backend-name = false
Info [interflop-ieee]: print-new-line = false
Info [interflop-ieee]: print-subnormal-normalized = false
Info [interflop-ieee]: count-op = false
All_Command_lines_OK
Using double precision for computations.
=============================================================================
The composite transform comprises the following transforms (in order): 
  1. /home/mdugre/scratch/mri-registration-rp/datasets/ds004513/derivatives/mri-registration-rp/0011/antsRegistration-r7-p19/sub-s025/align_Composite.h5[0] (type = Euler3DTransform)
  2. /home/mdugre/scratch/mri-registration-rp/datasets/ds004513/derivatives/mri-registration-rp/0011/antsRegistration-r7-p19/sub-s025/align_Composite.h5[1] (type = Euler3DTransform)
=============================================================================
  number of levels = 4
  fixed image: /templateflow/tpl-MNI152NLin2009cAsym/tpl-MNI152NLin2009cAsym_res-01_desc-brain_T1w.nii.gz
  moving image: /home/mdugre/scratch/mri-registration-rp/datasets/ds004513/derivatives/mri-registration-rp/antsBrainExtraction/sub-s025/BrainExtractionBrain.nii.gz
Dimension = 3
Number of stages = 1
Use histogram matching = false
Winsorize image intensities = true
  Lower quantile = 0.005
  Upper quantile = 0.995


Stage 1 State
   Image metric = MattesMI
     Fixed image = Image (0x4d8e530)
  RTTI typeinfo:   itk::Image<double, 3u>
  Reference Count: 2
  Modified Time: 1580
  Debug: Off
  Object Name: 
  Observers: 
    none
  Source: (none)
  Source output name: (none)
  Release Data: Off
  Data Released: False
  Global Release Data: Off
  PipelineMTime: 0
  UpdateMTime: 1189
  RealTimeStamp: 0 seconds 
  LargestPossibleRegion: 
    Dimension: 3
    Index: [0, 0, 0]
    Size: [193, 229, 193]
  BufferedRegion: 
    Dimension: 3
    Index: [0, 0, 0]
    Size: [193, 229, 193]
  RequestedRegion: 
    Dimension: 3
    Index: [0, 0, 0]
    Size: [193, 229, 193]
  Spacing: [1, 1, 1]
  Origin: [96, 132, -78]
  Direction: 
-1 0 0
0 -1 0
0 0 1

  IndexToPointMatrix: 
-1 0 0
0 -1 0
0 0 1

  PointToIndexMatrix: 
-1 0 0
0 -1 0
0 0 1

  Inverse Direction: 
-1 0 0
0 -1 0
0 0 1

  PixelContainer: 
    ImportImageContainer (0x4e4cd60)
      RTTI typeinfo:   itk::ImportImageContainer<unsigned long, double>
      Reference Count: 1
      Modified Time: 1186
      Debug: Off
      Object Name: 
      Observers: 
        none
      Pointer: 0x148ed49a6010
      Container manages memory: true
      Size: 8530021
      Capacity: 8530021

     Moving image = Image (0x4e3ef60)
  RTTI typeinfo:   itk::Image<double, 3u>
  Reference Count: 2
  Modified Time: 1581
  Debug: Off
  Object Name: 
  Observers: 
    none
  Source: (none)
  Source output name: (none)
  Release Data: Off
  Data Released: False
  Global Release Data: Off
  PipelineMTime: 0
  UpdateMTime: 1578
  RealTimeStamp: 0 seconds 
  LargestPossibleRegion: 
    Dimension: 3
    Index: [0, 0, 0]
    Size: [176, 240, 256]
  BufferedRegion: 
    Dimension: 3
    Index: [0, 0, 0]
    Size: [176, 240, 256]
  RequestedRegion: 
    Dimension: 3
    Index: [0, 0, 0]
    Size: [176, 240, 256]
  Spacing: [0.999999, 1, 1]
  Origin: [90.3778, 84.5091, -154.071]
  Direction: 
-0.999391 7.48184e-06 -0.0348969
-7.47664e-06 -1 -2.7953e-07
-0.0348969 -1.84481e-08 0.999391

  IndexToPointMatrix: 
-0.99939 7.48184e-06 -0.0348969
-7.47663e-06 -1 -2.7953e-07
-0.0348968 -1.84481e-08 0.999391

  PointToIndexMatrix: 
-0.999392 -7.47665e-06 -0.0348969
7.48184e-06 -1 -1.84481e-08
-0.0348969 -2.7953e-07 0.999391

  Inverse Direction: 
-0.999391 -7.47664e-06 -0.0348969
7.48184e-06 -1 -1.84481e-08
-0.0348969 -2.7953e-07 0.999391

  PixelContainer: 
    ImportImageContainer (0x4e306d0)
      RTTI typeinfo:   itk::ImportImageContainer<unsigned long, double>
      Reference Count: 1
      Modified Time: 1575
      Debug: Off
      Object Name: 
      Observers: 
        none
      Pointer: 0x148ecf725010
      Container manages memory: true
      Size: 10813440
      Capacity: 10813440

     Weighting = 1
     Sampling strategy = regular
     Number of bins = 32
     Radius = 4
     Sampling percentage  = 0.25
   Transform = Rigid
     Gradient step = 0.1
     Update field sigma (voxel space) = 0
     Total field sigma (voxel space) = 0
     Update field time sigma = 0
     Total field time sigma  = 0
     Number of time indices = 0
     Number of time point samples = 0
Registration using 1 total stages.

Stage 0
  iterations = 1000x500x250x100
  convergence threshold = 1e-06
  convergence window size = 10
  number of levels = 4
  using the Mattes MI metric (number of bins = 32, weight = 1, use gradient filter = 0)
  preprocessing:  winsorizing the image intensities
  Shrink factors (level 1 out of 4): [8, 8, 8]
  Shrink factors (level 2 out of 4): [4, 4, 4]
  Shrink factors (level 3 out of 4): [2, 2, 2]
  Shrink factors (level 4 out of 4): [1, 1, 1]
  smoothing sigmas per level: [3, 2, 1, 0]
  regular sampling (percentage = 0.25)

*** Running Euler3DTransform registration ***

DIAGNOSTIC,Iteration,metricValue,convergenceValue,ITERATION_TIME_INDEX,SINCE_LAST
 2DIAGNOSTIC,     1, -5.323241903179e-01, 1.797693134862e+308, 1.2586e+00, 1.2586e+00, 
 2DIAGNOSTIC,     2, -5.346190553927e-01, 1.797693134862e+308, 1.2646e+00, 5.9659e-03, 
 2DIAGNOSTIC,     3, -5.378036555361e-01, 1.797693134862e+308, 1.2701e+00, 5.4998e-03, 
 2DIAGNOSTIC,     4, -5.422949451405e-01, 1.797693134862e+308, 1.2754e+00, 5.2741e-03, 
 2DIAGNOSTIC,     5, -5.486805952477e-01, 1.797693134862e+308, 1.2810e+00, 5.5962e-03, 
 2DIAGNOSTIC,     6, -5.542790085272e-01, 1.797693134862e+308, 1.2867e+00, 5.7828e-03, 
 2DIAGNOSTIC,     7, -5.627123115611e-01, 1.797693134862e+308, 1.2924e+00, 5.6529e-03, 
 2DIAGNOSTIC,     8, -5.766609943856e-01, 1.797693134862e+308, 1.2985e+00, 6.1080e-03, 
 2DIAGNOSTIC,     9, -5.881111419397e-01, 1.797693134862e+308, 1.3050e+00, 6.4991e-03, 
 2DIAGNOSTIC,    10, -6.012927005665e-01, 7.820055967720e-03, 1.3125e+00, 7.4980e-03, 
 2DIAGNOSTIC,    11, -6.192402913590e-01, 8.564422673937e-03, 1.3223e+00, 9.8221e-03, 
 2DIAGNOSTIC,    12, -6.197111897444e-01, 8.513711436510e-03, 1.3278e+00, 5.4960e-03, 
 2DIAGNOSTIC,    13, -6.223136777510e-01, 7.932305190652e-03, 1.3333e+00, 5.4419e-03, 
 2DIAGNOSTIC,    14, -6.239859078531e-01, 6.938967258809e-03, 1.3396e+00, 6.2919e-03, 
 2DIAGNOSTIC,    15, -6.258731029035e-01, 5.722268374535e-03, 1.3452e+00, 5.6651e-03, 
 2DIAGNOSTIC,    16, -6.290042957042e-01, 4.404898010716e-03, 1.3514e+00, 6.1841e-03, 
 2DIAGNOSTIC,    17, -6.327399548170e-01, 3.192249458007e-03, 1.3588e+00, 7.3590e-03, 
 2DIAGNOSTIC,    18, -6.361770329221e-01, 2.298162514657e-03, 1.3659e+00, 7.1359e-03, 
 2DIAGNOSTIC,    19, -6.381920795225e-01, 1.629119692054e-03, 1.3730e+00, 7.0679e-03, 
 2DIAGNOSTIC,    20, -6.414786468569e-01, 1.264281191471e-03, 1.3786e+00, 5.6479e-03, 
 2DIAGNOSTIC,    21, -6.422621311498e-01, 1.244231354603e-03, 1.3844e+00, 5.8348e-03, 
 2DIAGNOSTIC,    22, -6.443386369681e-01, 1.164065699330e-03, 1.3905e+00, 6.0089e-03, 
 2DIAGNOSTIC,    23, -6.458367311019e-01, 1.066297095593e-03, 1.3967e+00, 6.2060e-03, 
 2DIAGNOSTIC,    24, -6.528535015001e-01, 1.047817941166e-03, 1.4039e+00, 7.1900e-03, 
 2DIAGNOSTIC,    25, -6.591704564101e-01, 1.083081260720e-03, 1.4127e+00, 8.8699e-03, 
 2DIAGNOSTIC,    26, -6.605963658847e-01, 1.093549170270e-03, 1.4202e+00, 7.5202e-03, 
 2DIAGNOSTIC,    27, -6.608439807965e-01, 1.070984912326e-03, 1.4262e+00, 5.9681e-03, 
 2DIAGNOSTIC,    28, -6.615671821926e-01, 1.019502612756e-03, 1.4332e+00, 7.0131e-03, 
 2DIAGNOSTIC,    29, -6.628794571835e-01, 9.260606694080e-04, 1.4395e+00, 6.2549e-03, 
 2DIAGNOSTIC,    30, -6.728295151860e-01, 9.537372054837e-04, 1.4487e+00, 9.1908e-03, 
 2DIAGNOSTIC,    31, -6.735478575126e-01, 9.084148061960e-04, 1.4547e+00, 6.0561e-03, 
 2DIAGNOSTIC,    32, -6.743492072876e-01, 8.254124966073e-04, 1.4609e+00, 6.2180e-03, 
 2DIAGNOSTIC,    33, -6.778518449626e-01, 7.396598198142e-04, 1.4673e+00, 6.3550e-03, 
 2DIAGNOSTIC,    34, -6.872952720396e-01, 8.064172862760e-04, 1.4809e+00, 1.3555e-02, 
 2DIAGNOSTIC,    35, -6.877319656276e-01, 8.751571428989e-04, 1.4876e+00, 6.7849e-03, 
 2DIAGNOSTIC,    36, -6.893211622204e-01, 8.964180850218e-04, 1.4941e+00, 6.4530e-03, 
 2DIAGNOSTIC,    37, -6.927373879974e-01, 8.791215617458e-04, 1.5002e+00, 6.0658e-03, 
 2DIAGNOSTIC,    38, -7.010204341810e-01, 8.852856351426e-04, 1.5061e+00, 5.9760e-03, 
 2DIAGNOSTIC,    39, -7.063999359644e-01, 8.771123370610e-04, 1.5120e+00, 5.9111e-03, 
 2DIAGNOSTIC,    40, -7.084317174379e-01, 9.204462170883e-04, 1.5178e+00, 5.7468e-03, 
 2DIAGNOSTIC,    41, -7.160922074397e-01, 9.680783450581e-04, 1.5243e+00, 6.4809e-03, 
 2DIAGNOSTIC,    42, -7.193287632947e-01, 9.619259735175e-04, 1.5320e+00, 7.7589e-03, 
 2DIAGNOSTIC,    43, -7.222111353844e-01, 9.265506430417e-04, 1.5377e+00, 5.6460e-03, 
 2DIAGNOSTIC,    44, -7.284830858710e-01, 9.630161369218e-04, 1.5438e+00, 6.1080e-03, 
 2DIAGNOSTIC,    45, -7.389721508283e-01, 1.012372105088e-03, 1.5499e+00, 6.1278e-03, 
 2DIAGNOSTIC,    46, -7.435160182292e-01, 1.019065149058e-03, 1.5556e+00, 5.6789e-03, 
 2DIAGNOSTIC,    47, -7.508722434543e-01, 1.027322371745e-03, 1.5649e+00, 9.2809e-03, 
 2DIAGNOSTIC,    48, -7.533092086030e-01, 1.034084561523e-03, 1.5704e+00, 5.5010e-03, 
 2DIAGNOSTIC,    49, -7.543759514319e-01, 9.993459055020e-04, 1.5759e+00, 5.5101e-03, 
 2DIAGNOSTIC,    50, -7.570991033418e-01, 9.100006021651e-04, 1.5819e+00, 6.0279e-03, 
 2DIAGNOSTIC,    51, -7.589415555054e-01, 8.173554300171e-04, 1.5912e+00, 9.2959e-03, 
 2DIAGNOSTIC,    52, -7.588401658012e-01, 6.768350455987e-04, 1.5981e+00, 6.9389e-03, 
 2DIAGNOSTIC,    53, -7.586969328350e-01, 5.001003531549e-04, 1.6036e+00, 5.4729e-03, 
 2DIAGNOSTIC,    54, -7.590883607240e-01, 3.349875495269e-04, 1.6099e+00, 6.3050e-03, 
 2DIAGNOSTIC,    55, -7.590593500634e-01, 2.255790848332e-04, 1.6161e+00, 6.1660e-03, 
 2DIAGNOSTIC,    56, -7.591806799949e-01, 1.331129095683e-04, 1.6223e+00, 6.2208e-03, 
 2DIAGNOSTIC,    57, -7.591619247085e-01, 8.637052391490e-05, 1.6278e+00, 5.4789e-03, 
 2DIAGNOSTIC,    58, -7.592016964272e-01, 5.164207222191e-05, 1.6334e+00, 5.5699e-03, 
 2DIAGNOSTIC,    59, -7.595774643697e-01, 2.326752702674e-05, 1.6393e+00, 5.9209e-03, 
 2DIAGNOSTIC,    60, -7.603299390098e-01, 1.781347211555e-05, 1.6485e+00, 9.2549e-03, 
 2DIAGNOSTIC,    61, -7.604105516876e-01, 2.414421488025e-05, 1.6560e+00, 7.4561e-03, 
 2DIAGNOSTIC,    62, -7.604504635345e-01, 2.770712826905e-05, 1.6621e+00, 6.1522e-03, 
 2DIAGNOSTIC,    63, -7.604248188577e-01, 2.741276406139e-05, 1.6676e+00, 5.4920e-03, 
 2DIAGNOSTIC,    64, -7.610139751802e-01, 3.094614365797e-05, 1.6731e+00, 5.4641e-03, 
 2DIAGNOSTIC,    65, -7.610832801534e-01, 3.147716210978e-05, 1.6849e+00, 1.1819e-02, 
 2DIAGNOSTIC,    66, -7.608939608505e-01, 2.863325143989e-05, 1.6919e+00, 6.9830e-03, 
 2DIAGNOSTIC,    67, -7.611091886060e-01, 2.459636529922e-05, 1.6984e+00, 6.4659e-03, 
 2DIAGNOSTIC,    68, -7.620666765874e-01, 2.442625538870e-05, 1.7071e+00, 8.7171e-03, 
 2DIAGNOSTIC,    69, -7.620639778307e-01, 2.386061096559e-05, 1.7135e+00, 6.4168e-03, 
 2DIAGNOSTIC,    70, -7.620959968673e-01, 2.577910883919e-05, 1.7192e+00, 5.7139e-03, 
 2DIAGNOSTIC,    71, -7.619118941421e-01, 2.474562500913e-05, 1.7253e+00, 6.0790e-03, 
 2DIAGNOSTIC,    72, -7.619711859743e-01, 2.202525653193e-05, 1.7309e+00, 5.5850e-03, 
 2DIAGNOSTIC,    73, -7.620170407019e-01, 1.720383121204e-05, 1.7366e+00, 5.6708e-03, 
 2DIAGNOSTIC,    74, -7.620415848173e-01, 1.429298943254e-05, 1.7421e+00, 5.5361e-03, 
 2DIAGNOSTIC,    75, -7.620565134054e-01, 1.073436951023e-05, 1.7481e+00, 6.0289e-03, 
 2DIAGNOSTIC,    76, -7.620732507062e-01, 5.402175480942e-06, 1.7548e+00, 6.7229e-03, 
DIAGNOSTIC,Iteration,metricValue,convergenceValue,ITERATION_TIME_INDEX,SINCE_LAST
 2DIAGNOSTIC,     1, -6.050696189687e-01, 1.797693134862e+308, 2.8932e+00, 1.1383e+00, 
 2DIAGNOSTIC,     2, -6.058927436326e-01, 1.797693134862e+308, 2.9472e+00, 5.4030e-02, 
 2DIAGNOSTIC,     3, -6.072573090924e-01, 1.797693134862e+308, 3.0022e+00, 5.5013e-02, 
 2DIAGNOSTIC,     4, -6.087946238426e-01, 1.797693134862e+308, 3.0582e+00, 5.5994e-02, 
 2DIAGNOSTIC,     5, -6.099108084754e-01, 1.797693134862e+308, 3.1048e+00, 4.6631e-02, 
 2DIAGNOSTIC,     6, -6.110380517639e-01, 1.797693134862e+308, 3.1418e+00, 3.6926e-02, 
 2DIAGNOSTIC,     7, -6.126753217011e-01, 1.797693134862e+308, 3.1875e+00, 4.5715e-02, 
 2DIAGNOSTIC,     8, -6.163347835789e-01, 1.797693134862e+308, 3.2300e+00, 4.2497e-02, 
 2DIAGNOSTIC,     9, -6.174650300375e-01, 1.797693134862e+308, 3.2834e+00, 5.3398e-02, 
 2DIAGNOSTIC,    10, -6.182426199043e-01, 1.474949192265e-03, 3.3191e+00, 3.5737e-02, 
 2DIAGNOSTIC,    11, -6.185610395754e-01, 1.338062813269e-03, 3.3556e+00, 3.6503e-02, 
 2DIAGNOSTIC,    12, -6.199902214191e-01, 1.190336847043e-03, 3.4038e+00, 4.8137e-02, 
 2DIAGNOSTIC,    13, -6.207646658910e-01, 1.030742471776e-03, 3.4608e+00, 5.7074e-02, 
 2DIAGNOSTIC,    14, -6.206981535734e-01, 8.486472177840e-04, 3.5005e+00, 3.9702e-02, 
 2DIAGNOSTIC,    15, -6.207728580961e-01, 6.525542564535e-04, 3.5420e+00, 4.1445e-02, 
 2DIAGNOSTIC,    16, -6.207833652608e-01, 4.548293816750e-04, 3.5843e+00, 4.2286e-02, 
 2DIAGNOSTIC,    17, -6.208155534360e-01, 2.813857343180e-04, 3.6376e+00, 5.3288e-02, 
 2DIAGNOSTIC,    18, -6.208286681472e-01, 1.949043504605e-04, 3.6760e+00, 3.8462e-02, 
 2DIAGNOSTIC,    19, -6.208553284065e-01, 1.278982480619e-04, 3.7185e+00, 4.2462e-02, 
 2DIAGNOSTIC,    20, -6.208570678693e-01, 7.435807264946e-05, 3.7570e+00, 3.8491e-02, 
 2DIAGNOSTIC,    21, -6.208573058858e-01, 2.545972516101e-05, 3.7924e+00, 3.5411e-02, 
 2DIAGNOSTIC,    22, -6.208619835105e-01, 8.399231932063e-06, 3.8394e+00, 4.7004e-02, 
 2DIAGNOSTIC,    23, -6.208673438594e-01, 7.861565748404e-06, 3.8808e+00, 4.1380e-02, 
 2DIAGNOSTIC,    24, -6.208662772789e-01, 5.425029635131e-06, 3.9175e+00, 3.6769e-02, 
 2DIAGNOSTIC,    25, -6.208333480876e-01, 3.576858424635e-06, 3.9555e+00, 3.7994e-02, 
 2DIAGNOSTIC,    26, -6.208403049994e-01, 1.976852365741e-06, 3.9934e+00, 3.7876e-02, 
DIAGNOSTIC,Iteration,metricValue,convergenceValue,ITERATION_TIME_INDEX,SINCE_LAST
 2DIAGNOSTIC,     1, -5.342846413583e-01, 1.797693134862e+308, 5.1476e+00, 1.1542e+00, 
 2DIAGNOSTIC,     2, -5.344013970262e-01, 1.797693134862e+308, 5.3794e+00, 2.3173e-01, 
 2DIAGNOSTIC,     3, -5.344776755734e-01, 1.797693134862e+308, 5.6116e+00, 2.3229e-01, 
 2DIAGNOSTIC,     4, -5.345233095226e-01, 1.797693134862e+308, 5.8388e+00, 2.2717e-01, 
 2DIAGNOSTIC,     5, -5.346137921932e-01, 1.797693134862e+308, 6.0906e+00, 2.5175e-01, 
 2DIAGNOSTIC,     6, -5.350012263438e-01, 1.797693134862e+308, 6.4759e+00, 3.8529e-01, 
 2DIAGNOSTIC,     7, -5.353120364295e-01, 1.797693134862e+308, 6.9363e+00, 4.6049e-01, 
 2DIAGNOSTIC,     8, -5.354518381473e-01, 1.797693134862e+308, 7.3631e+00, 4.2678e-01, 
 2DIAGNOSTIC,     9, -5.354542407369e-01, 1.797693134862e+308, 7.6702e+00, 3.0712e-01, 
 2DIAGNOSTIC,    10, -5.354520102700e-01, 1.733866912861e-04, 7.9985e+00, 3.2828e-01, 
 2DIAGNOSTIC,    11, -5.354517419521e-01, 1.476791591657e-04, 8.2895e+00, 2.9097e-01, 
 2DIAGNOSTIC,    12, -5.354496333889e-01, 1.180283521454e-04, 8.5595e+00, 2.6996e-01, 
 2DIAGNOSTIC,    13, -5.354493309019e-01, 8.573644165025e-05, 8.9131e+00, 3.5364e-01, 
 2DIAGNOSTIC,    14, -5.354490816669e-01, 5.246774388962e-05, 9.2005e+00, 2.8737e-01, 
 2DIAGNOSTIC,    15, -5.354468175409e-01, 2.199951946494e-05, 9.4780e+00, 2.7758e-01, 
 2DIAGNOSTIC,    16, -5.354473837310e-01, 6.163416729182e-06, 9.7751e+00, 2.9702e-01, 
 2DIAGNOSTIC,    17, -5.354479174737e-01, 1.408404988912e-06, 1.0091e+01, 3.1556e-01, 
 2DIAGNOSTIC,    18, -5.354484263121e-01, 1.360890235211e-06, 1.0370e+01, 2.7972e-01, 
 2DIAGNOSTIC,    19, -5.354510654778e-01, 1.498201043809e-06, 1.0682e+01, 3.1163e-01, 
 2DIAGNOSTIC,    20, -5.354527398570e-01, 1.622214871669e-06, 1.0972e+01, 2.8963e-01, 
 2DIAGNOSTIC,    21, -5.354522047105e-01, 1.712276598592e-06, 1.1236e+01, 2.6419e-01, 
 2DIAGNOSTIC,    22, -5.354527403834e-01, 1.738633127607e-06, 1.1553e+01, 3.1729e-01, 
 2DIAGNOSTIC,    23, -5.354542669573e-01, 1.763034669464e-06, 1.1867e+01, 3.1403e-01, 
 2DIAGNOSTIC,    24, -5.354550949803e-01, 1.762243778548e-06, 1.2138e+01, 2.7090e-01, 
 2DIAGNOSTIC,    25, -5.354571661763e-01, 1.715725130184e-06, 1.2442e+01, 3.0382e-01, 
 2DIAGNOSTIC,    26, -5.354603037775e-01, 1.706989000927e-06, 1.2715e+01, 2.7316e-01, 
 2DIAGNOSTIC,    27, -5.354648910155e-01, 1.753725670739e-06, 1.3010e+01, 2.9466e-01, 
 2DIAGNOSTIC,    28, -5.354724119823e-01, 1.892210903243e-06, 1.3291e+01, 2.8096e-01, 
 2DIAGNOSTIC,    29, -5.354961557734e-01, 2.429477240634e-06, 1.3568e+01, 2.7713e-01, 
 2DIAGNOSTIC,    30, -5.355547430787e-01, 3.862309803759e-06, 1.3837e+01, 2.6898e-01, 
 2DIAGNOSTIC,    31, -5.356222941042e-01, 6.062463287618e-06, 1.4115e+01, 2.7853e-01, 
 2DIAGNOSTIC,    32, -5.357109864920e-01, 9.112330541072e-06, 1.4451e+01, 3.3588e-01, 
 2DIAGNOSTIC,    33, -5.357353865963e-01, 1.160909360100e-05, 1.4799e+01, 3.4771e-01, 
 2DIAGNOSTIC,    34, -5.357845083697e-01, 1.374189653588e-05, 1.5204e+01, 4.0483e-01, 
 2DIAGNOSTIC,    35, -5.357956697287e-01, 1.472287145476e-05, 1.5477e+01, 2.7322e-01, 
 2DIAGNOSTIC,    36, -5.357975505485e-01, 1.439973230436e-05, 1.5798e+01, 3.2112e-01, 
 2DIAGNOSTIC,    37, -5.358976172592e-01, 1.431020110621e-05, 1.6144e+01, 3.4569e-01, 
 2DIAGNOSTIC,    38, -5.358935697938e-01, 1.295861958752e-05, 1.6462e+01, 3.1869e-01, 
 2DIAGNOSTIC,    39, -5.358895974321e-01, 1.080357579606e-05, 1.6853e+01, 3.9018e-01, 
 2DIAGNOSTIC,    40, -5.358874310324e-01, 8.563904921918e-06, 1.7785e+01, 9.3262e-01, 
 2DIAGNOSTIC,    41, -5.358874310322e-01, 6.541622726130e-06, 1.8535e+01, 7.4956e-01, 
 2DIAGNOSTIC,    42, -5.358874310322e-01, 5.164741635113e-06, 1.8854e+01, 3.1964e-01, 
 2DIAGNOSTIC,    43, -5.358874310322e-01, 3.712738484579e-06, 1.9231e+01, 3.7620e-01, 
 2DIAGNOSTIC,    44, -5.358874310322e-01, 2.652428397528e-06, 1.9568e+01, 3.3736e-01, 
 2DIAGNOSTIC,    45, -5.358874310322e-01, 1.599876767452e-06, 1.9871e+01, 3.0297e-01, 
DIAGNOSTIC,Iteration,metricValue,convergenceValue,ITERATION_TIME_INDEX,SINCE_LAST
 2DIAGNOSTIC,     1, -4.895507225879e-01, 1.797693134862e+308, 2.2966e+01, 3.0955e+00, 
 2DIAGNOSTIC,     2, -4.895535044124e-01, 1.797693134862e+308, 2.4925e+01, 1.9588e+00, 
 2DIAGNOSTIC,     3, -4.895536955669e-01, 1.797693134862e+308, 2.7088e+01, 2.1629e+00, 
 2DIAGNOSTIC,     4, -4.895538928176e-01, 1.797693134862e+308, 2.8609e+01, 1.5211e+00, 
 2DIAGNOSTIC,     5, -4.895535994087e-01, 1.797693134862e+308, 3.0147e+01, 1.5376e+00, 
 2DIAGNOSTIC,     6, -4.895536539134e-01, 1.797693134862e+308, 3.1693e+01, 1.5464e+00, 
 2DIAGNOSTIC,     7, -4.895536475997e-01, 1.797693134862e+308, 3.3201e+01, 1.5078e+00, 
 2DIAGNOSTIC,     8, -4.895535459038e-01, 1.797693134862e+308, 3.4912e+01, 1.7107e+00, 
 2DIAGNOSTIC,     9, -4.895535005467e-01, 1.797693134862e+308, 3.6431e+01, 1.5195e+00, 
 2DIAGNOSTIC,    10, -4.895532137845e-01, 3.313203025351e-06, 3.7822e+01, 1.3910e+00, 
 2DIAGNOSTIC,    11, -4.895533182758e-01, 2.843865072863e-06, 3.9858e+01, 2.0357e+00, 
 2DIAGNOSTIC,    12, -4.895531015735e-01, 2.580433037858e-06, 4.1433e+01, 1.5752e+00, 
 2DIAGNOSTIC,    13, -4.895531155805e-01, 2.372885480412e-06, 4.2978e+01, 1.5452e+00, 
 2DIAGNOSTIC,    14, -4.895530133311e-01, 2.206061540527e-06, 4.4350e+01, 1.3720e+00, 
 2DIAGNOSTIC,    15, -4.895529207862e-01, 2.052609393011e-06, 4.5876e+01, 1.5262e+00, 
 2DIAGNOSTIC,    16, -4.895529382378e-01, 1.927189714312e-06, 4.7317e+01, 1.4409e+00, 
 2DIAGNOSTIC,    17, -4.895528514256e-01, 1.818873180855e-06, 4.8782e+01, 1.4650e+00, 
 2DIAGNOSTIC,    18, -4.895529011971e-01, 1.725803033342e-06, 5.0425e+01, 1.6426e+00, 
 2DIAGNOSTIC,    19, -4.895529508323e-01, 1.646674878522e-06, 5.1902e+01, 1.4768e+00, 
 2DIAGNOSTIC,    20, -4.895529183350e-01, 1.568584014074e-06, 5.3537e+01, 1.6354e+00, 
 2DIAGNOSTIC,    21, -4.895529722971e-01, 1.504557546619e-06, 5.5018e+01, 1.4811e+00, 
 2DIAGNOSTIC,    22, -4.895532956383e-01, 1.450036966499e-06, 5.6782e+01, 1.7637e+00, 
 2DIAGNOSTIC,    23, -4.895533075234e-01, 1.400329304652e-06, 5.8518e+01, 1.7362e+00, 
 2DIAGNOSTIC,    24, -4.895534195406e-01, 1.353499909693e-06, 6.0244e+01, 1.7262e+00, 
 2DIAGNOSTIC,    25, -4.895531423417e-01, 1.299231521854e-06, 6.1618e+01, 1.3737e+00, 
 2DIAGNOSTIC,    26, -4.895531464738e-01, 1.247349426643e-06, 6.3260e+01, 1.6421e+00, 
 2DIAGNOSTIC,    27, -4.895531179489e-01, 1.194393329240e-06, 6.4794e+01, 1.5341e+00, 
 2DIAGNOSTIC,    28, -4.895528933405e-01, 1.139929181986e-06, 6.6282e+01, 1.4881e+00, 
 2DIAGNOSTIC,    29, -4.895532738837e-01, 1.097710460918e-06, 6.7802e+01, 1.5193e+00, 
 2DIAGNOSTIC,    30, -4.895531884920e-01, 1.055807157764e-06, 6.9315e+01, 1.5131e+00, 
 2DIAGNOSTIC,    31, -4.895532012342e-01, 1.018231149293e-06, 7.0841e+01, 1.5264e+00, 
  Elapsed time (stage 0): 7.1672e+01


Total elapsed time: 7.1675e+01
Info [verificarlo]: loaded backend libinterflop_vprec.so
Info [interflop-vprec]: load backend with: 
Info [interflop-vprec]: precision-binary32 = 19
Info [interflop-vprec]: range-binary32 = 7
Info [interflop-vprec]: precision-binary64 = 19
Info [interflop-vprec]: range-binary64 = 7
Info [interflop-vprec]: mode = ob
Info [interflop-vprec]: error-mode = rel
Info [interflop-vprec]: max-abs-error-exponent = -1022
Info [interflop-vprec]: daz = false
Info [interflop-vprec]: ftz = false
Info [interflop-vprec]: 	instrument = none
Info [interflop-vprec]: 	prec-input-file = (null)
Info [interflop-vprec]: 	prec-output-file = (null)
Info [interflop-vprec]: 	prec-log-file = (null)
All_Command_lines_OK
Using double precision for computations.
=============================================================================
The composite transform comprises the following transforms (in order): 
  1. /home/mdugre/scratch/mri-registration-rp/datasets/ds004513/derivatives/mri-registration-rp/0011/antsRegistration-r7-p19/sub-s025/rigid_Composite.h5[0] (type = Euler3DTransform)
  2. /home/mdugre/scratch/mri-registration-rp/datasets/ds004513/derivatives/mri-registration-rp/0011/antsRegistration-r7-p19/sub-s025/rigid_Composite.h5[1] (type = Euler3DTransform)
  3. /home/mdugre/scratch/mri-registration-rp/datasets/ds004513/derivatives/mri-registration-rp/0011/antsRegistration-r7-p19/sub-s025/rigid_Composite.h5[2] (type = Euler3DTransform)
=============================================================================
  number of levels = 4
  fixed image: /templateflow/tpl-MNI152NLin2009cAsym/tpl-MNI152NLin2009cAsym_res-01_desc-brain_T1w.nii.gz
  moving image: /home/mdugre/scratch/mri-registration-rp/datasets/ds004513/derivatives/mri-registration-rp/antsBrainExtraction/sub-s025/BrainExtractionBrain.nii.gz
Dimension = 3
Number of stages = 1
Use histogram matching = false
Winsorize image intensities = true
  Lower quantile = 0.005
  Upper quantile = 0.995


Stage 1 State
   Image metric = MattesMI
     Fixed image = Image (0x3d22490)
  RTTI typeinfo:   itk::Image<double, 3u>
  Reference Count: 2
  Modified Time: 1594
  Debug: Off
  Object Name: 
  Observers: 
    none
  Source: (none)
  Source output name: (none)
  Release Data: Off
  Data Released: False
  Global Release Data: Off
  PipelineMTime: 0
  UpdateMTime: 1203
  RealTimeStamp: 0 seconds 
  LargestPossibleRegion: 
    Dimension: 3
    Index: [0, 0, 0]
    Size: [193, 229, 193]
  BufferedRegion: 
    Dimension: 3
    Index: [0, 0, 0]
    Size: [193, 229, 193]
  RequestedRegion: 
    Dimension: 3
    Index: [0, 0, 0]
    Size: [193, 229, 193]
  Spacing: [1, 1, 1]
  Origin: [96, 132, -78]
  Direction: 
-1 0 0
0 -1 0
0 0 1

  IndexToPointMatrix: 
-1 0 0
0 -1 0
0 0 1

  PointToIndexMatrix: 
-1 0 0
0 -1 0
0 0 1

  Inverse Direction: 
-1 0 0
0 -1 0
0 0 1

  PixelContainer: 
    ImportImageContainer (0x3ded8c0)
      RTTI typeinfo:   itk::ImportImageContainer<unsigned long, double>
      Reference Count: 1
      Modified Time: 1200
      Debug: Off
      Object Name: 
      Observers: 
        none
      Pointer: 0x14e3df110010
      Container manages memory: true
      Size: 8530021
      Capacity: 8530021

     Moving image = Image (0x3dddb60)
  RTTI typeinfo:   itk::Image<double, 3u>
  Reference Count: 2
  Modified Time: 1595
  Debug: Off
  Object Name: 
  Observers: 
    none
  Source: (none)
  Source output name: (none)
  Release Data: Off
  Data Released: False
  Global Release Data: Off
  PipelineMTime: 0
  UpdateMTime: 1592
  RealTimeStamp: 0 seconds 
  LargestPossibleRegion: 
    Dimension: 3
    Index: [0, 0, 0]
    Size: [176, 240, 256]
  BufferedRegion: 
    Dimension: 3
    Index: [0, 0, 0]
    Size: [176, 240, 256]
  RequestedRegion: 
    Dimension: 3
    Index: [0, 0, 0]
    Size: [176, 240, 256]
  Spacing: [0.999999, 1, 1]
  Origin: [90.3778, 84.509, -154.071]
  Direction: 
-0.999391 7.48185e-06 -0.0348969
-7.47664e-06 -1 -2.7953e-07
-0.0348969 -1.84481e-08 0.999391

  IndexToPointMatrix: 
-0.99939 7.48185e-06 -0.0348969
-7.47664e-06 -1 -2.7953e-07
-0.0348968 -1.84481e-08 0.999391

  PointToIndexMatrix: 
-0.999393 -7.47666e-06 -0.0348969
7.47665e-06 -1 1.30495e-07
-0.0348969 -1.30495e-07 0.999391

  Inverse Direction: 
-0.999395 -7.47667e-06 -0.034897
7.48186e-06 -1 -1.84477e-08
-0.0348969 -2.7953e-07 0.999391

  PixelContainer: 
    ImportImageContainer (0x3e711d0)
      RTTI typeinfo:   itk::ImportImageContainer<unsigned long, double>
      Reference Count: 1
      Modified Time: 1589
      Debug: Off
      Object Name: 
      Observers: 
        none
      Pointer: 0x14e3d9e8f010
      Container manages memory: true
      Size: 10813440
      Capacity: 10813440

     Weighting = 1
     Sampling strategy = regular
     Number of bins = 32
     Radius = 4
     Sampling percentage  = 0.25
   Transform = Affine
     Gradient step = 0.1
     Update field sigma (voxel space) = 0
     Total field sigma (voxel space) = 0
     Update field time sigma = 0
     Total field time sigma  = 0
     Number of time indices = 0
     Number of time point samples = 0
Registration using 1 total stages.

Stage 0
  iterations = 1000x500x250x100
  convergence threshold = 1e-06
  convergence window size = 10
  number of levels = 4
  using the Mattes MI metric (number of bins = 32, weight = 1, use gradient filter = 0)
  preprocessing:  winsorizing the image intensities
  Shrink factors (level 1 out of 4): [8, 8, 8]
  Shrink factors (level 2 out of 4): [4, 4, 4]
  Shrink factors (level 3 out of 4): [2, 2, 2]
  Shrink factors (level 4 out of 4): [1, 1, 1]
  smoothing sigmas per level: [3, 2, 1, 0]
  regular sampling (percentage = 0.25)

*** Running AffineTransform registration ***

DIAGNOSTIC,Iteration,metricValue,convergenceValue,ITERATION_TIME_INDEX,SINCE_LAST
 2DIAGNOSTIC,     1, -7.483950984535e-01, 1.797693134862e+308, 0.0000e+00, 0.0000e+00, 
 2DIAGNOSTIC,     2, -7.506276982200e-01, 1.797693134862e+308, 0.0000e+00, 0.0000e+00, 
 2DIAGNOSTIC,     3, -7.539989445353e-01, 1.797693134862e+308, 0.0000e+00, 0.0000e+00, 
 2DIAGNOSTIC,     4, -7.606291739114e-01, 1.797693134862e+308, 0.0000e+00, 0.0000e+00, 
 2DIAGNOSTIC,     5, -7.713757150292e-01, 1.797693134862e+308, 0.0000e+00, 0.0000e+00, 
 2DIAGNOSTIC,     6, -7.862509643096e-01, 1.797693134862e+308, 0.0000e+00, 0.0000e+00, 
 2DIAGNOSTIC,     7, -8.147555517036e-01, 1.797693134862e+308, 0.0000e+00, 0.0000e+00, 
 2DIAGNOSTIC,     8, -8.898430184605e-01, 1.797693134862e+308, 0.0000e+00, 0.0000e+00, 
 2DIAGNOSTIC,     9, -9.210494243570e-01, 1.797693134862e+308, 0.0000e+00, 0.0000e+00, 
 2DIAGNOSTIC,    10, -9.216891542917e-01, 1.559131668435e-02, 0.0000e+00, 0.0000e+00, 
 2DIAGNOSTIC,    11, -9.272969160143e-01, 1.558070127099e-02, 0.0000e+00, 0.0000e+00, 
 2DIAGNOSTIC,    12, -9.295731368819e-01, 1.430654479495e-02, 0.0000e+00, 0.0000e+00, 
 2DIAGNOSTIC,    13, -9.340628041506e-01, 1.213585921389e-02, 0.0000e+00, 0.0000e+00, 
 2DIAGNOSTIC,    14, -9.372178296986e-01, 9.435025469223e-03, 0.0000e+00, 0.0000e+00, 
 2DIAGNOSTIC,    15, -9.377686392366e-01, 6.548158805379e-03, 0.0000e+00, 0.0000e+00, 
 2DIAGNOSTIC,    16, -9.382765427264e-01, 3.789958521429e-03, 0.0000e+00, 0.0000e+00, 
 2DIAGNOSTIC,    17, -9.379027724473e-01, 1.548481589555e-03, 0.0000e+00, 0.0000e+00, 
 2DIAGNOSTIC,    18, -9.385770569506e-01, 7.989608073659e-04, 0.0000e+00, 0.0000e+00, 
 2DIAGNOSTIC,    19, -9.386401140570e-01, 5.983314062167e-04, 0.0000e+00, 0.0000e+00, 
 2DIAGNOSTIC,    20, -9.384094315738e-01, 3.693444451683e-04, 0.0000e+00, 0.0000e+00, 
 2DIAGNOSTIC,    21, -9.383231663971e-01, 2.155493528656e-04, 0.0000e+00, 0.0000e+00, 
 2DIAGNOSTIC,    22, -9.384304419312e-01, 9.059626857955e-05, 0.0000e+00, 0.0000e+00, 
 2DIAGNOSTIC,    23, -9.384311901657e-01, 3.047536010815e-05, 0.0000e+00, 0.0000e+00, 
 2DIAGNOSTIC,    24, -9.385943616403e-01, 1.712930383569e-05, 0.0000e+00, 0.0000e+00, 
 2DIAGNOSTIC,    25, -9.381542740675e-01, 4.770193878817e-06, 0.0000e+00, 0.0000e+00, 
 2DIAGNOSTIC,    26, -9.382528558724e-01, 1.000026993991e-06, 0.0000e+00, 0.0000e+00, 
DIAGNOSTIC,Iteration,metricValue,convergenceValue,ITERATION_TIME_INDEX,SINCE_LAST
 2DIAGNOSTIC,     1, -7.502013385542e-01, 1.797693134862e+308, 0.0000e+00, 0.0000e+00, 
 2DIAGNOSTIC,     2, -7.506290050241e-01, 1.797693134862e+308, 0.0000e+00, 0.0000e+00, 
 2DIAGNOSTIC,     3, -7.510838845475e-01, 1.797693134862e+308, 0.0000e+00, 0.0000e+00, 
 2DIAGNOSTIC,     4, -7.517538875955e-01, 1.797693134862e+308, 0.0000e+00, 0.0000e+00, 
 2DIAGNOSTIC,     5, -7.532493462571e-01, 1.797693134862e+308, 0.0000e+00, 0.0000e+00, 
 2DIAGNOSTIC,     6, -7.539978164840e-01, 1.797693134862e+308, 0.0000e+00, 0.0000e+00, 
 2DIAGNOSTIC,     7, -7.540511253847e-01, 1.797693134862e+308, 0.0000e+00, 0.0000e+00, 
 2DIAGNOSTIC,     8, -7.540290907241e-01, 1.797693134862e+308, 0.0000e+00, 0.0000e+00, 
 2DIAGNOSTIC,     9, -7.540151118788e-01, 1.797693134862e+308, 0.0000e+00, 0.0000e+00, 
 2DIAGNOSTIC,    10, -7.540149745860e-01, 3.821097134051e-04, 0.0000e+00, 0.0000e+00, 
 2DIAGNOSTIC,    11, -7.540222690120e-01, 2.745140583132e-04, 0.0000e+00, 0.0000e+00, 
 2DIAGNOSTIC,    12, -7.540302886392e-01, 1.747134576616e-04, 0.0000e+00, 0.0000e+00, 
 2DIAGNOSTIC,    13, -7.540511677075e-01, 8.888847678599e-05, 0.0000e+00, 0.0000e+00, 
 2DIAGNOSTIC,    14, -7.540735730337e-01, 2.526300893664e-05, 0.0000e+00, 0.0000e+00, 
 2DIAGNOSTIC,    15, -7.541254078760e-01, 6.419432664481e-06, 0.0000e+00, 0.0000e+00, 
 2DIAGNOSTIC,    16, -7.541881929737e-01, 8.599647968732e-06, 0.0000e+00, 0.0000e+00, 
 2DIAGNOSTIC,    17, -7.542823932597e-01, 1.317482392169e-05, 0.0000e+00, 0.0000e+00, 
 2DIAGNOSTIC,    18, -7.542798606451e-01, 1.565988417808e-05, 0.0000e+00, 0.0000e+00, 
 2DIAGNOSTIC,    19, -7.542753660355e-01, 1.626450524318e-05, 0.0000e+00, 0.0000e+00, 
 2DIAGNOSTIC,    20, -7.542523198315e-01, 1.502801436569e-05, 0.0000e+00, 0.0000e+00, 
 2DIAGNOSTIC,    21, -7.542275896622e-01, 1.233249658302e-05, 0.0000e+00, 0.0000e+00, 
 2DIAGNOSTIC,    22, -7.542015646828e-01, 8.547240830319e-06, 0.0000e+00, 0.0000e+00, 
 2DIAGNOSTIC,    23, -7.542066801186e-01, 4.865932201926e-06, 0.0000e+00, 0.0000e+00, 
 2DIAGNOSTIC,    24, -7.541976655896e-01, 1.377249189638e-06, 0.0000e+00, 0.0000e+00, 
DIAGNOSTIC,Iteration,metricValue,convergenceValue,ITERATION_TIME_INDEX,SINCE_LAST
 2DIAGNOSTIC,     1, -6.416007597398e-01, 1.797693134862e+308, 0.0000e+00, 0.0000e+00, 
 2DIAGNOSTIC,     2, -6.420781128581e-01, 1.797693134862e+308, 0.0000e+00, 0.0000e+00, 
 2DIAGNOSTIC,     3, -6.425630429283e-01, 1.797693134862e+308, 0.0000e+00, 0.0000e+00, 
 2DIAGNOSTIC,     4, -6.430651907178e-01, 1.797693134862e+308, 0.0000e+00, 0.0000e+00, 
 2DIAGNOSTIC,     5, -6.439193791304e-01, 1.797693134862e+308, 0.0000e+00, 0.0000e+00, 
 2DIAGNOSTIC,     6, -6.450629492058e-01, 1.797693134862e+308, 0.0000e+00, 0.0000e+00, 
 2DIAGNOSTIC,     7, -6.451116298756e-01, 1.797693134862e+308, 0.0000e+00, 0.0000e+00, 
 2DIAGNOSTIC,     8, -6.451035882237e-01, 1.797693134862e+308, 0.0000e+00, 0.0000e+00, 
 2DIAGNOSTIC,     9, -6.450984464205e-01, 1.797693134862e+308, 0.0000e+00, 0.0000e+00, 
 2DIAGNOSTIC,    10, -6.450903135679e-01, 4.029243405148e-04, 0.0000e+00, 0.0000e+00, 
 2DIAGNOSTIC,    11, -6.450909689685e-01, 2.921269139301e-04, 0.0000e+00, 0.0000e+00, 
 2DIAGNOSTIC,    12, -6.450898648735e-01, 1.914363276426e-04, 0.0000e+00, 0.0000e+00, 
 2DIAGNOSTIC,    13, -6.450889230344e-01, 1.061316059993e-04, 0.0000e+00, 0.0000e+00, 
 2DIAGNOSTIC,    14, -6.450895314583e-01, 3.914889853289e-05, 0.0000e+00, 0.0000e+00, 
 2DIAGNOSTIC,    15, -6.450898815276e-01, 1.924852864432e-06, 0.0000e+00, 0.0000e+00, 
DIAGNOSTIC,Iteration,metricValue,convergenceValue,ITERATION_TIME_INDEX,SINCE_LAST
 2DIAGNOSTIC,     1, -5.764767414573e-01, 1.797693134862e+308, 0.0000e+00, 0.0000e+00, 
 2DIAGNOSTIC,     2, -5.769528410318e-01, 1.797693134862e+308, 0.0000e+00, 0.0000e+00, 
 2DIAGNOSTIC,     3, -5.775124054798e-01, 1.797693134862e+308, 0.0000e+00, 0.0000e+00, 
 2DIAGNOSTIC,     4, -5.782371340436e-01, 1.797693134862e+308, 0.0000e+00, 0.0000e+00, 
 2DIAGNOSTIC,     5, -5.785762445143e-01, 1.797693134862e+308, 0.0000e+00, 0.0000e+00, 
 2DIAGNOSTIC,     6, -5.796089273201e-01, 1.797693134862e+308, 0.0000e+00, 0.0000e+00, 
 2DIAGNOSTIC,     7, -5.796174398356e-01, 1.797693134862e+308, 0.0000e+00, 0.0000e+00, 
 2DIAGNOSTIC,     8, -5.796167967442e-01, 1.797693134862e+308, 0.0000e+00, 0.0000e+00, 
 2DIAGNOSTIC,     9, -5.796154329528e-01, 1.797693134862e+308, 0.0000e+00, 0.0000e+00, 
 2DIAGNOSTIC,    10, -5.796153434799e-01, 3.842241239055e-04, 0.0000e+00, 0.0000e+00, 
 2DIAGNOSTIC,    11, -5.796151021982e-01, 2.687365643943e-04, 0.0000e+00, 0.0000e+00, 
 2DIAGNOSTIC,    12, -5.796151833570e-01, 1.679402191352e-04, 0.0000e+00, 0.0000e+00, 
