
##########################
# Experiment information #
##########################

EXPERIMENT_NAME: antsRegistration-r8-p19
VFC_BACKENDS: libinterflop_vprec.so --range-binary32=8 --precision-binary32=19 --range-binary64=8 --precision-binary64=19

SIF_IMG: /home/mdugre/projects/rrg-glatard/mdugre/containers/ants-vprec-no_metrics.simg

SUBJECT_ID: s003
INPUT_IMG: /home/mdugre/scratch/mri-registration-rp/datasets/ds004513/derivatives/mri-registration-rp/antsBrainExtraction/sub-s003/BrainExtractionBrain.nii.gz
OUTPUT_DIR: /home/mdugre/scratch/mri-registration-rp/datasets/ds004513/derivatives/mri-registration-rp/0011/antsRegistration-r8-p19/sub-s003

FIXED_IMG: /templateflow/tpl-MNI152NLin2009cAsym/tpl-MNI152NLin2009cAsym_res-01_desc-brain_T1w.nii.gz
DATA_DIR: /home/mdugre/scratch/mri-registration-rp/datasets/ds004513
TEMPLATEFLOW_DIR: /home/mdugre/projects/rrg-glatard/mdugre/templateflow
ITK_GLOBAL_DEFAULT_NUMBER_OF_THREADS: 16
##########################

Info [verificarlo]: loaded backend libinterflop_ieee.so
Info [interflop-ieee]: load backend with:
Info [interflop-ieee]: debug = false
Info [interflop-ieee]: debug-binary = false
Info [interflop-ieee]: no-backend-name = false
Info [interflop-ieee]: print-new-line = false
Info [interflop-ieee]: print-subnormal-normalized = false
Info [interflop-ieee]: count-op = false
All_Command_lines_OK
Using double precision for computations.
=============================================================================
The composite transform comprises the following transforms (in order): 
  1. Center of mass alignment using fixed image: /templateflow/tpl-MNI152NLin2009cAsym/tpl-MNI152NLin2009cAsym_res-01_desc-brain_T1w.nii.gz and moving image: /home/mdugre/scratch/mri-registration-rp/datasets/ds004513/derivatives/mri-registration-rp/antsBrainExtraction/sub-s003/BrainExtractionBrain.nii.gz (type = Euler3DTransform)
=============================================================================
  number of levels = 1
  fixed image: /templateflow/tpl-MNI152NLin2009cAsym/tpl-MNI152NLin2009cAsym_res-01_desc-brain_T1w.nii.gz
  moving image: /home/mdugre/scratch/mri-registration-rp/datasets/ds004513/derivatives/mri-registration-rp/antsBrainExtraction/sub-s003/BrainExtractionBrain.nii.gz
Dimension = 3
Number of stages = 1
Use histogram matching = false
Winsorize image intensities = true
  Lower quantile = 0.005
  Upper quantile = 0.995


Stage 1 State
   Image metric = MattesMI
     Fixed image = Image (0x48b4e70)
  RTTI typeinfo:   itk::Image<double, 3u>
  Reference Count: 2
  Modified Time: 2334
  Debug: Off
  Object Name: 
  Observers: 
    none
  Source: (none)
  Source output name: (none)
  Release Data: Off
  Data Released: False
  Global Release Data: Off
  PipelineMTime: 0
  UpdateMTime: 1943
  RealTimeStamp: 0 seconds 
  LargestPossibleRegion: 
    Dimension: 3
    Index: [0, 0, 0]
    Size: [193, 229, 193]
  BufferedRegion: 
    Dimension: 3
    Index: [0, 0, 0]
    Size: [193, 229, 193]
  RequestedRegion: 
    Dimension: 3
    Index: [0, 0, 0]
    Size: [193, 229, 193]
  Spacing: [1, 1, 1]
  Origin: [96, 132, -78]
  Direction: 
-1 0 0
0 -1 0
0 0 1

  IndexToPointMatrix: 
-1 0 0
0 -1 0
0 0 1

  PointToIndexMatrix: 
-1 0 0
0 -1 0
0 0 1

  Inverse Direction: 
-1 0 0
0 -1 0
0 0 1

  PixelContainer: 
    ImportImageContainer (0x48c1140)
      RTTI typeinfo:   itk::ImportImageContainer<unsigned long, double>
      Reference Count: 1
      Modified Time: 1940
      Debug: Off
      Object Name: 
      Observers: 
        none
      Pointer: 0x147c0f664010
      Container manages memory: true
      Size: 8530021
      Capacity: 8530021

     Moving image = Image (0x48be310)
  RTTI typeinfo:   itk::Image<double, 3u>
  Reference Count: 2
  Modified Time: 2335
  Debug: Off
  Object Name: 
  Observers: 
    none
  Source: (none)
  Source output name: (none)
  Release Data: Off
  Data Released: False
  Global Release Data: Off
  PipelineMTime: 0
  UpdateMTime: 2332
  RealTimeStamp: 0 seconds 
  LargestPossibleRegion: 
    Dimension: 3
    Index: [0, 0, 0]
    Size: [176, 240, 256]
  BufferedRegion: 
    Dimension: 3
    Index: [0, 0, 0]
    Size: [176, 240, 256]
  RequestedRegion: 
    Dimension: 3
    Index: [0, 0, 0]
    Size: [176, 240, 256]
  Spacing: [0.999999, 1, 1]
  Origin: [93.3499, 86.9368, -128.957]
  Direction: 
-0.999513 -0.0279216 -0.0139567
0.0279189 -0.99961 0.000389866
-0.0139622 2.01492e-08 0.999903

  IndexToPointMatrix: 
-0.999512 -0.0279216 -0.0139567
0.0279189 -0.99961 0.000389866
-0.0139621 2.01492e-08 0.999903

  PointToIndexMatrix: 
-0.999514 0.0279189 -0.0139622
-0.0279216 -0.99961 2.01716e-08
-0.0139567 0.000389866 0.999903

  Inverse Direction: 
-0.999513 0.0279189 -0.0139622
-0.0279216 -0.99961 2.01716e-08
-0.0139567 0.000389866 0.999903

  PixelContainer: 
    ImportImageContainer (0x49e9610)
      RTTI typeinfo:   itk::ImportImageContainer<unsigned long, double>
      Reference Count: 1
      Modified Time: 2329
      Debug: Off
      Object Name: 
      Observers: 
        none
      Pointer: 0x147c0a3e3010
      Container manages memory: true
      Size: 10813440
      Capacity: 10813440

     Weighting = 1
     Sampling strategy = regular
     Number of bins = 32
     Radius = 4
     Sampling percentage  = 0.25
   Transform = Rigid
     Gradient step = 0.1
     Update field sigma (voxel space) = 0
     Total field sigma (voxel space) = 0
     Update field time sigma = 0
     Total field time sigma  = 0
     Number of time indices = 0
     Number of time point samples = 0
Registration using 1 total stages.

Stage 0
  iterations = 0
  convergence threshold = 1e-06
  convergence window size = 10
  number of levels = 1
  using the Mattes MI metric (number of bins = 32, weight = 1, use gradient filter = 0)
  preprocessing:  winsorizing the image intensities
  Shrink factors (level 1 out of 1): [1, 1, 1]
  smoothing sigmas per level: [0]
  regular sampling (percentage = 0.25)

*** Running Euler3DTransform registration ***

  Elapsed time (stage 0): 1.18699


Total elapsed time: 1.18956
Info [verificarlo]: loaded backend libinterflop_ieee.so
Info [interflop-ieee]: load backend with:
Info [interflop-ieee]: debug = false
Info [interflop-ieee]: debug-binary = false
Info [interflop-ieee]: no-backend-name = false
Info [interflop-ieee]: print-new-line = false
Info [interflop-ieee]: print-subnormal-normalized = false
Info [interflop-ieee]: count-op = false
All_Command_lines_OK
Using double precision for computations.
=============================================================================
The composite transform comprises the following transforms (in order): 
  1. /home/mdugre/scratch/mri-registration-rp/datasets/ds004513/derivatives/mri-registration-rp/0011/antsRegistration-r8-p19/sub-s003/align_Composite.h5[0] (type = Euler3DTransform)
  2. /home/mdugre/scratch/mri-registration-rp/datasets/ds004513/derivatives/mri-registration-rp/0011/antsRegistration-r8-p19/sub-s003/align_Composite.h5[1] (type = Euler3DTransform)
=============================================================================
  number of levels = 4
  fixed image: /templateflow/tpl-MNI152NLin2009cAsym/tpl-MNI152NLin2009cAsym_res-01_desc-brain_T1w.nii.gz
  moving image: /home/mdugre/scratch/mri-registration-rp/datasets/ds004513/derivatives/mri-registration-rp/antsBrainExtraction/sub-s003/BrainExtractionBrain.nii.gz
Dimension = 3
Number of stages = 1
Use histogram matching = false
Winsorize image intensities = true
  Lower quantile = 0.005
  Upper quantile = 0.995


Stage 1 State
   Image metric = MattesMI
     Fixed image = Image (0x4e3f530)
  RTTI typeinfo:   itk::Image<double, 3u>
  Reference Count: 2
  Modified Time: 1580
  Debug: Off
  Object Name: 
  Observers: 
    none
  Source: (none)
  Source output name: (none)
  Release Data: Off
  Data Released: False
  Global Release Data: Off
  PipelineMTime: 0
  UpdateMTime: 1189
  RealTimeStamp: 0 seconds 
  LargestPossibleRegion: 
    Dimension: 3
    Index: [0, 0, 0]
    Size: [193, 229, 193]
  BufferedRegion: 
    Dimension: 3
    Index: [0, 0, 0]
    Size: [193, 229, 193]
  RequestedRegion: 
    Dimension: 3
    Index: [0, 0, 0]
    Size: [193, 229, 193]
  Spacing: [1, 1, 1]
  Origin: [96, 132, -78]
  Direction: 
-1 0 0
0 -1 0
0 0 1

  IndexToPointMatrix: 
-1 0 0
0 -1 0
0 0 1

  PointToIndexMatrix: 
-1 0 0
0 -1 0
0 0 1

  Inverse Direction: 
-1 0 0
0 -1 0
0 0 1

  PixelContainer: 
    ImportImageContainer (0x4efdd60)
      RTTI typeinfo:   itk::ImportImageContainer<unsigned long, double>
      Reference Count: 1
      Modified Time: 1186
      Debug: Off
      Object Name: 
      Observers: 
        none
      Pointer: 0x14891919e010
      Container manages memory: true
      Size: 8530021
      Capacity: 8530021

     Moving image = Image (0x4eeff60)
  RTTI typeinfo:   itk::Image<double, 3u>
  Reference Count: 2
  Modified Time: 1581
  Debug: Off
  Object Name: 
  Observers: 
    none
  Source: (none)
  Source output name: (none)
  Release Data: Off
  Data Released: False
  Global Release Data: Off
  PipelineMTime: 0
  UpdateMTime: 1578
  RealTimeStamp: 0 seconds 
  LargestPossibleRegion: 
    Dimension: 3
    Index: [0, 0, 0]
    Size: [176, 240, 256]
  BufferedRegion: 
    Dimension: 3
    Index: [0, 0, 0]
    Size: [176, 240, 256]
  RequestedRegion: 
    Dimension: 3
    Index: [0, 0, 0]
    Size: [176, 240, 256]
  Spacing: [0.999999, 1, 1]
  Origin: [93.3499, 86.9368, -128.957]
  Direction: 
-0.999513 -0.0279216 -0.0139567
0.0279189 -0.99961 0.000389866
-0.0139622 2.01492e-08 0.999903

  IndexToPointMatrix: 
-0.999512 -0.0279216 -0.0139567
0.0279189 -0.99961 0.000389866
-0.0139621 2.01492e-08 0.999903

  PointToIndexMatrix: 
-0.999514 0.0279189 -0.0139622
-0.0279216 -0.99961 2.01716e-08
-0.0139567 0.000389866 0.999903

  Inverse Direction: 
-0.999513 0.0279189 -0.0139622
-0.0279216 -0.99961 2.01716e-08
-0.0139567 0.000389866 0.999903

  PixelContainer: 
    ImportImageContainer (0x4ee16d0)
      RTTI typeinfo:   itk::ImportImageContainer<unsigned long, double>
      Reference Count: 1
      Modified Time: 1575
      Debug: Off
      Object Name: 
      Observers: 
        none
      Pointer: 0x148913f1d010
      Container manages memory: true
      Size: 10813440
      Capacity: 10813440

     Weighting = 1
     Sampling strategy = regular
     Number of bins = 32
     Radius = 4
     Sampling percentage  = 0.25
   Transform = Rigid
     Gradient step = 0.1
     Update field sigma (voxel space) = 0
     Total field sigma (voxel space) = 0
     Update field time sigma = 0
     Total field time sigma  = 0
     Number of time indices = 0
     Number of time point samples = 0
Registration using 1 total stages.

Stage 0
  iterations = 1000x500x250x100
  convergence threshold = 1e-06
  convergence window size = 10
  number of levels = 4
  using the Mattes MI metric (number of bins = 32, weight = 1, use gradient filter = 0)
  preprocessing:  winsorizing the image intensities
  Shrink factors (level 1 out of 4): [8, 8, 8]
  Shrink factors (level 2 out of 4): [4, 4, 4]
  Shrink factors (level 3 out of 4): [2, 2, 2]
  Shrink factors (level 4 out of 4): [1, 1, 1]
  smoothing sigmas per level: [3, 2, 1, 0]
  regular sampling (percentage = 0.25)

*** Running Euler3DTransform registration ***

DIAGNOSTIC,Iteration,metricValue,convergenceValue,ITERATION_TIME_INDEX,SINCE_LAST
 2DIAGNOSTIC,     1, -4.871187133941e-01, 1.797693134862e+308, 9.6391e-01, 9.6391e-01, 
 2DIAGNOSTIC,     2, -4.887966556740e-01, 1.797693134862e+308, 9.7014e-01, 6.2249e-03, 
 2DIAGNOSTIC,     3, -4.919242839642e-01, 1.797693134862e+308, 9.7649e-01, 6.3550e-03, 
 2DIAGNOSTIC,     4, -5.019092629522e-01, 1.797693134862e+308, 9.8286e-01, 6.3729e-03, 
 2DIAGNOSTIC,     5, -5.198319788477e-01, 1.797693134862e+308, 9.8844e-01, 5.5728e-03, 
 2DIAGNOSTIC,     6, -5.251449584180e-01, 1.797693134862e+308, 9.9400e-01, 5.5649e-03, 
 2DIAGNOSTIC,     7, -5.365118080768e-01, 1.797693134862e+308, 9.9987e-01, 5.8670e-03, 
 2DIAGNOSTIC,     8, -5.564319077261e-01, 1.797693134862e+308, 1.0083e+00, 8.4279e-03, 
 2DIAGNOSTIC,     9, -5.572786469687e-01, 1.797693134862e+308, 1.0136e+00, 5.3089e-03, 
 2DIAGNOSTIC,    10, -5.597886110608e-01, 1.060089541986e-02, 1.0200e+00, 6.3941e-03, 
 2DIAGNOSTIC,    11, -5.645450860914e-01, 9.471656029002e-03, 1.0256e+00, 5.5630e-03, 
 2DIAGNOSTIC,    12, -5.675342641672e-01, 7.901754414630e-03, 1.0318e+00, 6.1960e-03, 
 2DIAGNOSTIC,    13, -5.685174641935e-01, 6.033280802480e-03, 1.0380e+00, 6.1948e-03, 
 2DIAGNOSTIC,    14, -5.693412095342e-01, 4.302087948771e-03, 1.0461e+00, 8.1010e-03, 
 2DIAGNOSTIC,    15, -5.718972801998e-01, 3.155204981958e-03, 1.0522e+00, 6.1851e-03, 
 2DIAGNOSTIC,    16, -5.734788767073e-01, 2.091398053255e-03, 1.0577e+00, 5.4362e-03, 
 2DIAGNOSTIC,    17, -5.737823402463e-01, 1.310029424176e-03, 1.0632e+00, 5.5170e-03, 
 2DIAGNOSTIC,    18, -5.749452616696e-01, 1.114936190122e-03, 1.0688e+00, 5.5599e-03, 
 2DIAGNOSTIC,    19, -5.774392255374e-01, 9.301256922630e-04, 1.0772e+00, 8.4689e-03, 
 2DIAGNOSTIC,    20, -5.782944999930e-01, 7.612328991480e-04, 1.0837e+00, 6.4409e-03, 
 2DIAGNOSTIC,    21, -5.788863756067e-01, 6.687985512217e-04, 1.0895e+00, 5.7909e-03, 
 2DIAGNOSTIC,    22, -5.857337702034e-01, 7.546209606461e-04, 1.0952e+00, 5.7399e-03, 
 2DIAGNOSTIC,    23, -6.028589200211e-01, 1.162232405907e-03, 1.1015e+00, 6.3469e-03, 
 2DIAGNOSTIC,    24, -6.086613851653e-01, 1.554691272987e-03, 1.1094e+00, 7.8139e-03, 
 2DIAGNOSTIC,    25, -6.127624322612e-01, 1.904928914037e-03, 1.1154e+00, 6.0790e-03, 
 2DIAGNOSTIC,    26, -6.171330104248e-01, 2.167612470996e-03, 1.1215e+00, 6.1042e-03, 
 2DIAGNOSTIC,    27, -6.180829711268e-01, 2.226134271399e-03, 1.1270e+00, 5.4619e-03, 
 2DIAGNOSTIC,    28, -6.204355231665e-01, 2.128618138433e-03, 1.1331e+00, 6.0830e-03, 
 2DIAGNOSTIC,    29, -6.216541957855e-01, 1.901236669986e-03, 1.1384e+00, 5.3070e-03, 
 2DIAGNOSTIC,    30, -6.252686899402e-01, 1.589741174153e-03, 1.1448e+00, 6.3980e-03, 
 2DIAGNOSTIC,    31, -6.305777595454e-01, 1.244381606689e-03, 1.1503e+00, 5.5559e-03, 
 2DIAGNOSTIC,    32, -6.437128428784e-01, 1.107474564771e-03, 1.1579e+00, 7.5319e-03, 
 2DIAGNOSTIC,    33, -6.470250381245e-01, 1.176374871949e-03, 1.1634e+00, 5.4760e-03, 
 2DIAGNOSTIC,    34, -6.489205827686e-01, 1.241872949097e-03, 1.1722e+00, 8.8930e-03, 
 2DIAGNOSTIC,    35, -6.509315412843e-01, 1.271867221110e-03, 1.1776e+00, 5.3449e-03, 
 2DIAGNOSTIC,    36, -6.520054538610e-01, 1.251972632421e-03, 1.1831e+00, 5.5041e-03, 
 2DIAGNOSTIC,    37, -6.528675878508e-01, 1.135512351359e-03, 1.1885e+00, 5.4419e-03, 
 2DIAGNOSTIC,    38, -6.532426548933e-01, 9.531121422411e-04, 1.1941e+00, 5.5161e-03, 
 2DIAGNOSTIC,    39, -6.541828171601e-01, 7.191924178134e-04, 1.2015e+00, 7.4809e-03, 
 2DIAGNOSTIC,    40, -6.542228333824e-01, 4.742119899261e-04, 1.2073e+00, 5.7499e-03, 
 2DIAGNOSTIC,    41, -6.546712098536e-01, 2.613730211545e-04, 1.2126e+00, 5.3201e-03, 
 2DIAGNOSTIC,    42, -6.552156488274e-01, 1.908568272046e-04, 1.2199e+00, 7.2880e-03, 
 2DIAGNOSTIC,    43, -6.554087102232e-01, 1.445482222800e-04, 1.2252e+00, 5.2700e-03, 
 2DIAGNOSTIC,    44, -6.554497767724e-01, 1.074751907999e-04, 1.2304e+00, 5.2819e-03, 
 2DIAGNOSTIC,    45, -6.555121521783e-01, 8.391558572967e-05, 1.2358e+00, 5.3930e-03, 
 2DIAGNOSTIC,    46, -6.555916275937e-01, 6.535006442100e-05, 1.2419e+00, 6.0451e-03, 
 2DIAGNOSTIC,    47, -6.557559476162e-01, 5.174384263806e-05, 1.2478e+00, 5.9609e-03, 
 2DIAGNOSTIC,    48, -6.557074911599e-01, 3.683957219520e-05, 1.2539e+00, 6.0468e-03, 
 2DIAGNOSTIC,    49, -6.556634414595e-01, 2.795786036147e-05, 1.2592e+00, 5.2979e-03, 
 2DIAGNOSTIC,    50, -6.556322509319e-01, 1.692726774718e-05, 1.2645e+00, 5.3332e-03, 
 2DIAGNOSTIC,    51, -6.558701301493e-01, 1.101826457043e-05, 1.2705e+00, 5.9519e-03, 
 2DIAGNOSTIC,    52, -6.560300258036e-01, 1.060892749012e-05, 1.2766e+00, 6.1750e-03, 
 2DIAGNOSTIC,    53, -6.559589719793e-01, 1.033697433289e-05, 1.2826e+00, 5.9619e-03, 
 2DIAGNOSTIC,    54, -6.558868479836e-01, 8.970863713927e-06, 1.2889e+00, 6.2752e-03, 
 2DIAGNOSTIC,    55, -6.559098845255e-01, 7.608588936166e-06, 1.2949e+00, 5.9750e-03, 
 2DIAGNOSTIC,    56, -6.556641799525e-01, 4.129846324519e-06, 1.3002e+00, 5.3339e-03, 
 2DIAGNOSTIC,    57, -6.556775643575e-01, 1.927854488895e-06, 1.3062e+00, 5.9700e-03, 
DIAGNOSTIC,Iteration,metricValue,convergenceValue,ITERATION_TIME_INDEX,SINCE_LAST
 2DIAGNOSTIC,     1, -5.251801131646e-01, 1.797693134862e+308, 2.1895e+00, 8.8336e-01, 
 2DIAGNOSTIC,     2, -5.258328035168e-01, 1.797693134862e+308, 2.2215e+00, 3.1944e-02, 
 2DIAGNOSTIC,     3, -5.265703360671e-01, 1.797693134862e+308, 2.2554e+00, 3.3892e-02, 
 2DIAGNOSTIC,     4, -5.273679213142e-01, 1.797693134862e+308, 2.2841e+00, 2.8706e-02, 
 2DIAGNOSTIC,     5, -5.278768346330e-01, 1.797693134862e+308, 2.3129e+00, 2.8834e-02, 
 2DIAGNOSTIC,     6, -5.281957697749e-01, 1.797693134862e+308, 2.3444e+00, 3.1449e-02, 
 2DIAGNOSTIC,     7, -5.295515415107e-01, 1.797693134862e+308, 2.3772e+00, 3.2804e-02, 
 2DIAGNOSTIC,     8, -5.310294348672e-01, 1.797693134862e+308, 2.4228e+00, 4.5670e-02, 
 2DIAGNOSTIC,     9, -5.321534333407e-01, 1.797693134862e+308, 2.4530e+00, 3.0158e-02, 
 2DIAGNOSTIC,    10, -5.326063837540e-01, 9.252624433899e-04, 2.4838e+00, 3.0836e-02, 
 2DIAGNOSTIC,    11, -5.330891925576e-01, 8.617238617150e-04, 2.5238e+00, 4.0022e-02, 
 2DIAGNOSTIC,    12, -5.333848893031e-01, 7.732632051263e-04, 2.5553e+00, 3.1446e-02, 
 2DIAGNOSTIC,    13, -5.335248954881e-01, 6.634788069782e-04, 2.5840e+00, 2.8744e-02, 
 2DIAGNOSTIC,    14, -5.336690377149e-01, 5.452506439231e-04, 2.6125e+00, 2.8479e-02, 
 2DIAGNOSTIC,    15, -5.342002474097e-01, 4.311934728546e-04, 2.6445e+00, 3.2025e-02, 
 2DIAGNOSTIC,    16, -5.346130574920e-01, 3.158168364259e-04, 2.6948e+00, 5.0270e-02, 
 2DIAGNOSTIC,    17, -5.346421016938e-01, 2.278483082888e-04, 2.7236e+00, 2.8806e-02, 
 2DIAGNOSTIC,    18, -5.347268978901e-01, 1.750185493238e-04, 2.7530e+00, 2.9414e-02, 
 2DIAGNOSTIC,    19, -5.350055148351e-01, 1.511565144634e-04, 2.7855e+00, 3.2439e-02, 
 2DIAGNOSTIC,    20, -5.363306151927e-01, 1.626548751431e-04, 2.8379e+00, 5.2479e-02, 
 2DIAGNOSTIC,    21, -5.364258134579e-01, 1.715748534988e-04, 2.8684e+00, 3.0464e-02, 
 2DIAGNOSTIC,    22, -5.364791586977e-01, 1.728119054548e-04, 2.9019e+00, 3.3520e-02, 
 2DIAGNOSTIC,    23, -5.365065936855e-01, 1.624437582558e-04, 2.9353e+00, 3.3365e-02, 
 2DIAGNOSTIC,    24, -5.364865161973e-01, 1.402061298724e-04, 2.9643e+00, 2.8986e-02, 
 2DIAGNOSTIC,    25, -5.364862374271e-01, 1.173750993062e-04, 2.9973e+00, 3.3022e-02, 
 2DIAGNOSTIC,    26, -5.365132954125e-01, 9.438662413646e-05, 3.0314e+00, 3.4069e-02, 
 2DIAGNOSTIC,    27, -5.365170719777e-01, 6.538596472014e-05, 3.0603e+00, 2.8905e-02, 
 2DIAGNOSTIC,    28, -5.365288106451e-01, 3.443015390964e-05, 3.0898e+00, 2.9512e-02, 
 2DIAGNOSTIC,    29, -5.365629211999e-01, 7.575532955224e-06, 3.1239e+00, 3.4066e-02, 
 2DIAGNOSTIC,    30, -5.365756642438e-01, 5.639952279916e-06, 3.1532e+00, 2.9365e-02, 
 2DIAGNOSTIC,    31, -5.365956448374e-01, 5.347190988977e-06, 3.1824e+00, 2.9156e-02, 
 2DIAGNOSTIC,    32, -5.366736602001e-01, 6.832968471537e-06, 3.2176e+00, 3.5185e-02, 
 2DIAGNOSTIC,    33, -5.368555474448e-01, 1.103618112051e-05, 3.2541e+00, 3.6510e-02, 
 2DIAGNOSTIC,    34, -5.369331531231e-01, 1.487033518330e-05, 3.3045e+00, 5.0471e-02, 
 2DIAGNOSTIC,    35, -5.369922580891e-01, 1.806008208540e-05, 3.3584e+00, 5.3892e-02, 
 2DIAGNOSTIC,    36, -5.370065110130e-01, 2.008364425960e-05, 3.3946e+00, 3.6180e-02, 
 2DIAGNOSTIC,    37, -5.370140564487e-01, 2.033034627212e-05, 3.4274e+00, 3.2767e-02, 
 2DIAGNOSTIC,    38, -5.370299061500e-01, 1.905149559750e-05, 3.4742e+00, 4.6801e-02, 
 2DIAGNOSTIC,    39, -5.370641971756e-01, 1.702039647788e-05, 3.5138e+00, 3.9587e-02, 
 2DIAGNOSTIC,    40, -5.371004525259e-01, 1.421606003996e-05, 3.5526e+00, 3.8789e-02, 
 2DIAGNOSTIC,    41, -5.371276950460e-01, 1.088665186942e-05, 3.5935e+00, 4.0995e-02, 
 2DIAGNOSTIC,    42, -5.371432772378e-01, 7.894946164485e-06, 3.6608e+00, 6.7212e-02, 
 2DIAGNOSTIC,    43, -5.371500719369e-01, 6.680474532190e-06, 3.7784e+00, 1.1766e-01, 
 2DIAGNOSTIC,    44, -5.371500719197e-01, 5.871119979538e-06, 3.8910e+00, 1.1255e-01, 
 2DIAGNOSTIC,    45, -5.371500719197e-01, 5.297744460005e-06, 3.9310e+00, 4.0024e-02, 
 2DIAGNOSTIC,    46, -5.371500719197e-01, 4.475164627964e-06, 3.9775e+00, 4.6470e-02, 
 2DIAGNOSTIC,    47, -5.371500719197e-01, 3.413062007396e-06, 4.0262e+00, 4.8788e-02, 
 2DIAGNOSTIC,    48, -5.371500719197e-01, 2.306191311113e-06, 4.0685e+00, 4.2221e-02, 
 2DIAGNOSTIC,    49, -5.371500719197e-01, 1.454318366418e-06, 4.1096e+00, 4.1152e-02, 
DIAGNOSTIC,Iteration,metricValue,convergenceValue,ITERATION_TIME_INDEX,SINCE_LAST
 2DIAGNOSTIC,     1, -4.770299495738e-01, 1.797693134862e+308, 5.5507e+00, 1.4411e+00, 
 2DIAGNOSTIC,     2, -4.772248932800e-01, 1.797693134862e+308, 5.8203e+00, 2.6960e-01, 
 2DIAGNOSTIC,     3, -4.773859008874e-01, 1.797693134862e+308, 6.1279e+00, 3.0756e-01, 
 2DIAGNOSTIC,     4, -4.774685566392e-01, 1.797693134862e+308, 6.4636e+00, 3.3577e-01, 
 2DIAGNOSTIC,     5, -4.774841123167e-01, 1.797693134862e+308, 6.7290e+00, 2.6539e-01, 
 2DIAGNOSTIC,     6, -4.775314080057e-01, 1.797693134862e+308, 7.0260e+00, 2.9699e-01, 
 2DIAGNOSTIC,     7, -4.777415115658e-01, 1.797693134862e+308, 7.3051e+00, 2.7905e-01, 
 2DIAGNOSTIC,     8, -4.778449711651e-01, 1.797693134862e+308, 7.7480e+00, 4.4293e-01, 
 2DIAGNOSTIC,     9, -4.779186233301e-01, 1.797693134862e+308, 8.1067e+00, 3.5873e-01, 
 2DIAGNOSTIC,    10, -4.779251497031e-01, 1.197562301234e-04, 8.4172e+00, 3.1044e-01, 
 2DIAGNOSTIC,    11, -4.779206982041e-01, 9.410818202273e-05, 8.8162e+00, 3.9900e-01, 
 2DIAGNOSTIC,    12, -4.779211455091e-01, 7.394737398257e-05, 9.0844e+00, 2.6823e-01, 
 2DIAGNOSTIC,    13, -4.779195496427e-01, 5.755812802904e-05, 9.3862e+00, 3.0182e-01, 
 2DIAGNOSTIC,    14, -4.779179386694e-01, 4.203024552707e-05, 9.6854e+00, 2.9924e-01, 
 2DIAGNOSTIC,    15, -4.779172356285e-01, 2.563378516988e-05, 9.9400e+00, 2.5454e-01, 
 2DIAGNOSTIC,    16, -4.779194102045e-01, 1.083924760484e-05, 1.0358e+01, 4.1755e-01, 
 2DIAGNOSTIC,    17, -4.779196132463e-01, 4.259493878118e-06, 1.0660e+01, 3.0293e-01, 
 2DIAGNOSTIC,    18, -4.779190053948e-01, 1.521742176401e-06, 1.0955e+01, 2.9504e-01, 
 2DIAGNOSTIC,    19, -4.779183826360e-01, 1.377317853379e-06, 1.1237e+01, 2.8121e-01, 
 2DIAGNOSTIC,    20, -4.779177021127e-01, 1.452763245702e-06, 1.1483e+01, 2.4656e-01, 
 2DIAGNOSTIC,    21, -4.779170924424e-01, 1.387952530643e-06, 1.1718e+01, 2.3488e-01, 
 2DIAGNOSTIC,    22, -4.779166110779e-01, 1.340131644705e-06, 1.1995e+01, 2.7706e-01, 
 2DIAGNOSTIC,    23, -4.779168070677e-01, 1.272284398453e-06, 1.2273e+01, 2.7793e-01, 
 2DIAGNOSTIC,    24, -4.779138908316e-01, 1.109391151485e-06, 1.2557e+01, 2.8373e-01, 
 2DIAGNOSTIC,    25, -4.779156985462e-01, 1.006715567062e-06, 1.2799e+01, 2.4217e-01, 
DIAGNOSTIC,Iteration,metricValue,convergenceValue,ITERATION_TIME_INDEX,SINCE_LAST
 2DIAGNOSTIC,     1, -4.449718054295e-01, 1.797693134862e+308, 1.5340e+01, 2.5408e+00, 
 2DIAGNOSTIC,     2, -4.450157471878e-01, 1.797693134862e+308, 1.6836e+01, 1.4958e+00, 
 2DIAGNOSTIC,     3, -4.450417105282e-01, 1.797693134862e+308, 1.8294e+01, 1.4583e+00, 
 2DIAGNOSTIC,     4, -4.451042356985e-01, 1.797693134862e+308, 2.1534e+01, 3.2398e+00, 
 2DIAGNOSTIC,     5, -4.451053880689e-01, 1.797693134862e+308, 2.3304e+01, 1.7699e+00, 
 2DIAGNOSTIC,     6, -4.451054034378e-01, 1.797693134862e+308, 2.6164e+01, 2.8602e+00, 
 2DIAGNOSTIC,     7, -4.451054367199e-01, 1.797693134862e+308, 2.7787e+01, 1.6234e+00, 
 2DIAGNOSTIC,     8, -4.451053700723e-01, 1.797693134862e+308, 2.9549e+01, 1.7614e+00, 
 2DIAGNOSTIC,     9, -4.451053125460e-01, 1.797693134862e+308, 3.0899e+01, 1.3502e+00, 
 2DIAGNOSTIC,    10, -4.451052607427e-01, 1.958993480118e-05, 3.2436e+01, 1.5377e+00, 
 2DIAGNOSTIC,    11, -4.451051165098e-01, 1.134619569468e-05, 3.3844e+01, 1.4072e+00, 
 2DIAGNOSTIC,    12, -4.451050818939e-01, 6.056504383345e-06, 3.5476e+01, 1.6320e+00, 
 2DIAGNOSTIC,    13, -4.451049812255e-01, 2.456122855710e-06, 3.7001e+01, 1.5257e+00, 
 2DIAGNOSTIC,    14, -4.451048070526e-01, 2.211766081298e-06, 3.8511e+01, 1.5099e+00, 
 2DIAGNOSTIC,    15, -4.451046323920e-01, 2.047292142079e-06, 4.0162e+01, 1.6509e+00, 
 2DIAGNOSTIC,    16, -4.451044335869e-01, 1.902846687718e-06, 4.1527e+01, 1.3648e+00, 
 2DIAGNOSTIC,    17, -4.451045443157e-01, 1.788760539689e-06, 4.3400e+01, 1.8728e+00, 
 2DIAGNOSTIC,    18, -4.451045811062e-01, 1.693654212501e-06, 4.5284e+01, 1.8844e+00, 
 2DIAGNOSTIC,    19, -4.451045076314e-01, 1.610986116930e-06, 4.6935e+01, 1.6509e+00, 
 2DIAGNOSTIC,    20, -4.451043444350e-01, 1.535944847093e-06, 4.8469e+01, 1.5343e+00, 
 2DIAGNOSTIC,    21, -4.451043526925e-01, 1.469151774416e-06, 4.9907e+01, 1.4376e+00, 
 2DIAGNOSTIC,    22, -4.451042787273e-01, 1.409346908260e-06, 5.1473e+01, 1.5656e+00, 
 2DIAGNOSTIC,    23, -4.451042953163e-01, 1.355789340303e-06, 5.2877e+01, 1.4040e+00, 
 2DIAGNOSTIC,    24, -4.451042354607e-01, 1.303156944216e-06, 5.4227e+01, 1.3508e+00, 
 2DIAGNOSTIC,    25, -4.451042829515e-01, 1.253869829604e-06, 5.5800e+01, 1.5726e+00, 
 2DIAGNOSTIC,    26, -4.451044055681e-01, 1.208125856432e-06, 5.7314e+01, 1.5139e+00, 
 2DIAGNOSTIC,    27, -4.451043428624e-01, 1.168179111694e-06, 5.8825e+01, 1.5109e+00, 
 2DIAGNOSTIC,    28, -4.451042095694e-01, 1.129931317970e-06, 6.0422e+01, 1.5972e+00, 
 2DIAGNOSTIC,    29, -4.451042707668e-01, 1.094839842987e-06, 6.1918e+01, 1.4959e+00, 
 2DIAGNOSTIC,    30, -4.451041986033e-01, 1.057141258337e-06, 6.3775e+01, 1.8575e+00, 
 2DIAGNOSTIC,    31, -4.451038874840e-01, 1.015940037853e-06, 6.5380e+01, 1.6044e+00, 
  Elapsed time (stage 0): 6.6312e+01


Total elapsed time: 6.6315e+01
Info [verificarlo]: loaded backend libinterflop_vprec.so
Info [interflop-vprec]: load backend with: 
Info [interflop-vprec]: precision-binary32 = 19
Info [interflop-vprec]: range-binary32 = 8
Info [interflop-vprec]: precision-binary64 = 19
Info [interflop-vprec]: range-binary64 = 8
Info [interflop-vprec]: mode = ob
Info [interflop-vprec]: error-mode = rel
Info [interflop-vprec]: max-abs-error-exponent = -1022
Info [interflop-vprec]: daz = false
Info [interflop-vprec]: ftz = false
Info [interflop-vprec]: 	instrument = none
Info [interflop-vprec]: 	prec-input-file = (null)
Info [interflop-vprec]: 	prec-output-file = (null)
Info [interflop-vprec]: 	prec-log-file = (null)
All_Command_lines_OK
Using double precision for computations.
=============================================================================
The composite transform comprises the following transforms (in order): 
  1. /home/mdugre/scratch/mri-registration-rp/datasets/ds004513/derivatives/mri-registration-rp/0011/antsRegistration-r8-p19/sub-s003/rigid_Composite.h5[0] (type = Euler3DTransform)
  2. /home/mdugre/scratch/mri-registration-rp/datasets/ds004513/derivatives/mri-registration-rp/0011/antsRegistration-r8-p19/sub-s003/rigid_Composite.h5[1] (type = Euler3DTransform)
  3. /home/mdugre/scratch/mri-registration-rp/datasets/ds004513/derivatives/mri-registration-rp/0011/antsRegistration-r8-p19/sub-s003/rigid_Composite.h5[2] (type = Euler3DTransform)
=============================================================================
  number of levels = 4
  fixed image: /templateflow/tpl-MNI152NLin2009cAsym/tpl-MNI152NLin2009cAsym_res-01_desc-brain_T1w.nii.gz
  moving image: /home/mdugre/scratch/mri-registration-rp/datasets/ds004513/derivatives/mri-registration-rp/antsBrainExtraction/sub-s003/BrainExtractionBrain.nii.gz
Dimension = 3
Number of stages = 1
Use histogram matching = false
Winsorize image intensities = true
  Lower quantile = 0.005
  Upper quantile = 0.995


Stage 1 State
   Image metric = MattesMI
     Fixed image = Image (0x36f3490)
  RTTI typeinfo:   itk::Image<double, 3u>
  Reference Count: 2
  Modified Time: 1594
  Debug: Off
  Object Name: 
  Observers: 
    none
  Source: (none)
  Source output name: (none)
  Release Data: Off
  Data Released: False
  Global Release Data: Off
  PipelineMTime: 0
  UpdateMTime: 1203
  RealTimeStamp: 0 seconds 
  LargestPossibleRegion: 
    Dimension: 3
    Index: [0, 0, 0]
    Size: [193, 229, 193]
  BufferedRegion: 
    Dimension: 3
    Index: [0, 0, 0]
    Size: [193, 229, 193]
  RequestedRegion: 
    Dimension: 3
    Index: [0, 0, 0]
    Size: [193, 229, 193]
  Spacing: [1, 1, 1]
  Origin: [96, 132, -78]
  Direction: 
-1 0 0
0 -1 0
0 0 1

  IndexToPointMatrix: 
-1 0 0
0 -1 0
0 0 1

  PointToIndexMatrix: 
-1 0 0
0 -1 0
0 0 1

  Inverse Direction: 
-1 0 0
0 -1 0
0 0 1

  PixelContainer: 
    ImportImageContainer (0x37be8c0)
      RTTI typeinfo:   itk::ImportImageContainer<unsigned long, double>
      Reference Count: 1
      Modified Time: 1200
      Debug: Off
      Object Name: 
      Observers: 
        none
      Pointer: 0x14b36d7bf010
      Container manages memory: true
      Size: 8530021
      Capacity: 8530021

     Moving image = Image (0x37aeb60)
  RTTI typeinfo:   itk::Image<double, 3u>
  Reference Count: 2
  Modified Time: 1595
  Debug: Off
  Object Name: 
  Observers: 
    none
  Source: (none)
  Source output name: (none)
  Release Data: Off
  Data Released: False
  Global Release Data: Off
  PipelineMTime: 0
  UpdateMTime: 1592
  RealTimeStamp: 0 seconds 
  LargestPossibleRegion: 
    Dimension: 3
    Index: [0, 0, 0]
    Size: [176, 240, 256]
  BufferedRegion: 
    Dimension: 3
    Index: [0, 0, 0]
    Size: [176, 240, 256]
  RequestedRegion: 
    Dimension: 3
    Index: [0, 0, 0]
    Size: [176, 240, 256]
  Spacing: [0.999999, 1, 1]
  Origin: [93.35, 86.9369, -128.957]
  Direction: 
-0.999513 -0.0279216 -0.0139567
0.0279189 -0.99961 0.000389866
-0.0139622 2.01492e-08 0.999903

  IndexToPointMatrix: 
-0.999512 -0.0279216 -0.0139567
0.0279188 -0.99961 0.000389866
-0.0139621 2.01492e-08 0.999903

  PointToIndexMatrix: 
-0.999516 0.027919 -0.0139622
-0.0279216 -0.99961 -4.21191e-07
-0.0139567 0.000389426 0.999903

  Inverse Direction: 
-0.999512 0.0279189 -0.0139622
-0.0279217 -0.999613 4.29153e-06
-0.0139568 0.000389576 0.999905

  PixelContainer: 
    ImportImageContainer (0x38421d0)
      RTTI typeinfo:   itk::ImportImageContainer<unsigned long, double>
      Reference Count: 1
      Modified Time: 1589
      Debug: Off
      Object Name: 
      Observers: 
        none
      Pointer: 0x14b36853e010
      Container manages memory: true
      Size: 10813440
      Capacity: 10813440

     Weighting = 1
     Sampling strategy = regular
     Number of bins = 32
     Radius = 4
     Sampling percentage  = 0.25
   Transform = Affine
     Gradient step = 0.1
     Update field sigma (voxel space) = 0
     Total field sigma (voxel space) = 0
     Update field time sigma = 0
     Total field time sigma  = 0
     Number of time indices = 0
     Number of time point samples = 0
Registration using 1 total stages.

Stage 0
  iterations = 1000x500x250x100
  convergence threshold = 1e-06
  convergence window size = 10
  number of levels = 4
  using the Mattes MI metric (number of bins = 32, weight = 1, use gradient filter = 0)
  preprocessing:  winsorizing the image intensities
  Shrink factors (level 1 out of 4): [8, 8, 8]
  Shrink factors (level 2 out of 4): [4, 4, 4]
  Shrink factors (level 3 out of 4): [2, 2, 2]
  Shrink factors (level 4 out of 4): [1, 1, 1]
  smoothing sigmas per level: [3, 2, 1, 0]
  regular sampling (percentage = 0.25)

*** Running AffineTransform registration ***

DIAGNOSTIC,Iteration,metricValue,convergenceValue,ITERATION_TIME_INDEX,SINCE_LAST
 2DIAGNOSTIC,     1, -6.618678083002e-01, 1.797693134862e+308, 0.0000e+00, 0.0000e+00, 
 2DIAGNOSTIC,     2, -6.644434890304e-01, 1.797693134862e+308, 0.0000e+00, 0.0000e+00, 
 2DIAGNOSTIC,     3, -6.687534012058e-01, 1.797693134862e+308, 0.0000e+00, 0.0000e+00, 
 2DIAGNOSTIC,     4, -6.758621388687e-01, 1.797693134862e+308, 0.0000e+00, 0.0000e+00, 
 2DIAGNOSTIC,     5, -6.851852807863e-01, 1.797693134862e+308, 0.0000e+00, 0.0000e+00, 
 2DIAGNOSTIC,     6, -6.955024278822e-01, 1.797693134862e+308, 0.0000e+00, 0.0000e+00, 
 2DIAGNOSTIC,     7, -7.174865782909e-01, 1.797693134862e+308, 0.0000e+00, 0.0000e+00, 
 2DIAGNOSTIC,     8, -7.236261284987e-01, 1.797693134862e+308, 0.0000e+00, 0.0000e+00, 
 2DIAGNOSTIC,     9, -7.234652064496e-01, 1.797693134862e+308, 0.0000e+00, 0.0000e+00, 
 2DIAGNOSTIC,    10, -7.234712334135e-01, 7.081292674058e-03, 0.0000e+00, 0.0000e+00, 
 2DIAGNOSTIC,    11, -7.234133267792e-01, 6.002796830128e-03, 0.0000e+00, 0.0000e+00, 
 2DIAGNOSTIC,    12, -7.232671872494e-01, 4.645705854536e-03, 0.0000e+00, 0.0000e+00, 
 2DIAGNOSTIC,    13, -7.232227617452e-01, 3.215826973347e-03, 0.0000e+00, 0.0000e+00, 
 2DIAGNOSTIC,    14, -7.231440174828e-01, 1.913910786668e-03, 0.0000e+00, 0.0000e+00, 
 2DIAGNOSTIC,    15, -7.230730785485e-01, 8.671863160628e-04, 0.0000e+00, 0.0000e+00, 
 2DIAGNOSTIC,    16, -7.229999205254e-01, 1.195755319797e-04, 0.0000e+00, 0.0000e+00, 
DIAGNOSTIC,Iteration,metricValue,convergenceValue,ITERATION_TIME_INDEX,SINCE_LAST
 2DIAGNOSTIC,     1, -5.938516596508e-01, 1.797693134862e+308, 0.0000e+00, 0.0000e+00, 
 2DIAGNOSTIC,     2, -5.942452587289e-01, 1.797693134862e+308, 0.0000e+00, 0.0000e+00, 
 2DIAGNOSTIC,     3, -5.949624726490e-01, 1.797693134862e+308, 0.0000e+00, 0.0000e+00, 
 2DIAGNOSTIC,     4, -5.952595935820e-01, 1.797693134862e+308, 0.0000e+00, 0.0000e+00, 
 2DIAGNOSTIC,     5, -5.952337073363e-01, 1.797693134862e+308, 0.0000e+00, 0.0000e+00, 
 2DIAGNOSTIC,     6, -5.951914714787e-01, 1.797693134862e+308, 0.0000e+00, 0.0000e+00, 
 2DIAGNOSTIC,     7, -5.952137219436e-01, 1.797693134862e+308, 0.0000e+00, 0.0000e+00, 
 2DIAGNOSTIC,     8, -5.952090420434e-01, 1.797693134862e+308, 0.0000e+00, 0.0000e+00, 
 2DIAGNOSTIC,     9, -5.952087301158e-01, 1.797693134862e+308, 0.0000e+00, 0.0000e+00, 
 2DIAGNOSTIC,    10, -5.952072673505e-01, 1.150503568124e-04, 0.0000e+00, 0.0000e+00, 
 2DIAGNOSTIC,    11, -5.951972694605e-01, 5.162147680732e-05, 0.0000e+00, 0.0000e+00, 
 2DIAGNOSTIC,    12, -5.951845937782e-01, 8.870358231550e-06, 0.0000e+00, 0.0000e+00, 
DIAGNOSTIC,Iteration,metricValue,convergenceValue,ITERATION_TIME_INDEX,SINCE_LAST
 2DIAGNOSTIC,     1, -5.224511704116e-01, 1.797693134862e+308, 0.0000e+00, 0.0000e+00, 
 2DIAGNOSTIC,     2, -5.226940374934e-01, 1.797693134862e+308, 0.0000e+00, 0.0000e+00, 
 2DIAGNOSTIC,     3, -5.228813328363e-01, 1.797693134862e+308, 0.0000e+00, 0.0000e+00, 
 2DIAGNOSTIC,     4, -5.229514066344e-01, 1.797693134862e+308, 0.0000e+00, 0.0000e+00, 
 2DIAGNOSTIC,     5, -5.229452377976e-01, 1.797693134862e+308, 0.0000e+00, 0.0000e+00, 
 2DIAGNOSTIC,     6, -5.229397483243e-01, 1.797693134862e+308, 0.0000e+00, 0.0000e+00, 
 2DIAGNOSTIC,     7, -5.229401335542e-01, 1.797693134862e+308, 0.0000e+00, 0.0000e+00, 
 2DIAGNOSTIC,     8, -5.229389806270e-01, 1.797693134862e+308, 0.0000e+00, 0.0000e+00, 
 2DIAGNOSTIC,     9, -5.229354549171e-01, 1.797693134862e+308, 0.0000e+00, 0.0000e+00, 
 2DIAGNOSTIC,    10, -5.229359096170e-01, 4.285040137417e-05, 0.0000e+00, 0.0000e+00, 
 2DIAGNOSTIC,    11, -5.229351005713e-01, 1.645792733278e-05, 0.0000e+00, 0.0000e+00, 
 2DIAGNOSTIC,    12, -5.229344903194e-01, 4.010966741311e-06, 0.0000e+00, 0.0000e+00, 
 2DIAGNOSTIC,    13, -5.229346018495e-01, 1.102569328601e-06, 0.0000e+00, 0.0000e+00, 
 2DIAGNOSTIC,    14, -5.229350335064e-01, 1.474648663166e-06, 0.0000e+00, 0.0000e+00, 
 2DIAGNOSTIC,    15, -5.229333062641e-01, 1.588040014489e-06, 0.0000e+00, 0.0000e+00, 
 2DIAGNOSTIC,    16, -5.229345065616e-01, 1.589512288222e-06, 0.0000e+00, 0.0000e+00, 
 2DIAGNOSTIC,    17, -5.229348658704e-01, 1.649675170648e-06, 0.0000e+00, 0.0000e+00, 
 2DIAGNOSTIC,    18, -5.229339755744e-01, 1.663555064951e-06, 0.0000e+00, 0.0000e+00, 
 2DIAGNOSTIC,    19, -5.229330945925e-01, 1.559558387668e-06, 0.0000e+00, 0.0000e+00, 
 2DIAGNOSTIC,    20, -5.229324019276e-01, 1.471424037919e-06, 0.0000e+00, 0.0000e+00, 
 2DIAGNOSTIC,    21, -5.229319215220e-01, 1.369179936636e-06, 0.0000e+00, 0.0000e+00, 
 2DIAGNOSTIC,    22, -5.229314480174e-01, 1.261654152054e-06, 0.0000e+00, 0.0000e+00, 
 2DIAGNOSTIC,    23, -5.229290003034e-01, 1.125174523262e-06, 0.0000e+00, 0.0000e+00, 
 2DIAGNOSTIC,    24, -5.229290224966e-01, 1.037530658651e-06, 0.0000e+00, 0.0000e+00, 
DIAGNOSTIC,Iteration,metricValue,convergenceValue,ITERATION_TIME_INDEX,SINCE_LAST
 2DIAGNOSTIC,     1, -4.763864867107e-01, 1.797693134862e+308, 0.0000e+00, 0.0000e+00, 
 2DIAGNOSTIC,     2, -4.766911193242e-01, 1.797693134862e+308, 0.0000e+00, 0.0000e+00, 
 2DIAGNOSTIC,     3, -4.770261759962e-01, 1.797693134862e+308, 0.0000e+00, 0.0000e+00, 
 2DIAGNOSTIC,     4, -4.773622785979e-01, 1.797693134862e+308, 0.0000e+00, 0.0000e+00, 
 2DIAGNOSTIC,     5, -4.777199510413e-01, 1.797693134862e+308, 0.0000e+00, 0.0000e+00, 
 2DIAGNOSTIC,     6, -4.780093938484e-01, 1.797693134862e+308, 0.0000e+00, 0.0000e+00, 
 2DIAGNOSTIC,     7, -4.780923382237e-01, 1.797693134862e+308, 0.0000e+00, 0.0000e+00, 
 2DIAGNOSTIC,     8, -4.786403209857e-01, 1.797693134862e+308, 0.0000e+00, 0.0000e+00, 
 2DIAGNOSTIC,     9, -4.793576158425e-01, 1.797693134862e+308, 0.0000e+00, 0.0000e+00, 
 2DIAGNOSTIC,    10, -4.808006907614e-01, 4.946184007395e-04, 0.0000e+00, 0.0000e+00, 
 2DIAGNOSTIC,    11, -4.838849395942e-01, 6.688892556543e-04, 0.0000e+00, 0.0000e+00, 
 2DIAGNOSTIC,    12, -4.846895363042e-01, 8.057563136519e-04, 0.0000e+00, 0.0000e+00, 
 2DIAGNOSTIC,    13, -4.849938150827e-01, 8.791298090919e-04, 0.0000e+00, 0.0000e+00, 
 2DIAGNOSTIC,    14, -4.854265830699e-01, 8.959253762668e-04, 0.0000e+00, 0.0000e+00, 
 2DIAGNOSTIC,    15, -4.859050148931e-01, 8.605748541488e-04, 0.0000e+00, 0.0000e+00, 
 2DIAGNOSTIC,    16, -4.870733874801e-01, 8.030008432054e-04, 0.0000e+00, 0.0000e+00, 
 2DIAGNOSTIC,    17, -4.879153556617e-01, 7.096072255672e-04, 0.0000e+00, 0.0000e+00, 
 2DIAGNOSTIC,    18, -4.880429567537e-01, 5.846939852180e-04, 0.0000e+00, 0.0000e+00, 
 2DIAGNOSTIC,    19, -4.881232031467e-01, 4.446227983008e-04, 0.0000e+00, 0.0000e+00, 
 2DIAGNOSTIC,    20, -4.882333126613e-01, 3.211572664261e-04, 0.0000e+00, 0.0000e+00, 
 2DIAGNOSTIC,    21, -4.882311544242e-01, 2.652476262513e-04, 0.0000e+00, 0.0000e+00, 
 2DIAGNOSTIC,    22, -4.882317373700e-01, 2.110913389784e-04, 0.0000e+00, 0.0000e+00, 
 2DIAGNOSTIC,    23, -4.882317093375e-01, 1.500936437899e-04, 0.0000e+00, 0.0000e+00, 
 2DIAGNOSTIC,    24, -4.882318399905e-01, 9.119773915763e-05, 0.0000e+00, 0.0000e+00, 
 2DIAGNOSTIC,    25, -4.882318547750e-01, 3.932627516879e-05, 0.0000e+00, 0.0000e+00, 
 2DIAGNOSTIC,    26, -4.882318607248e-01, 1.382560806336e-05, 0.0000e+00, 0.0000e+00, 
 2DIAGNOSTIC,    27, -4.882318562048e-01, 7.345919019845e-06, 0.0000e+00, 0.0000e+00, 
 2DIAGNOSTIC,    28, -4.882318541648e-01, 3.407484056833e-06, 0.0000e+00, 0.0000e+00, 
 2DIAGNOSTIC,    29, -4.882318541648e-01, 1.089507773278e-06, 0.0000e+00, 0.0000e+00, 
 2DIAGNOSTIC,    30, -4.882318541648e-01, 1.084247425599e-06, 0.0000e+00, 0.0000e+00, 
 2DIAGNOSTIC,    31, -4.882318541648e-01, 1.036502521534e-06, 0.0000e+00, 0.0000e+00, 
 2DIAGNOSTIC,    32, -4.882318541648e-01, 1.002048511972e-06, 0.0000e+00, 0.0000e+00, 
  Elapsed time (stage 0): 0.0000e+00


Total elapsed time: 0.0000e+00
Info [verificarlo]: loaded backend libinterflop_vprec.so
Info [interflop-vprec]: load backend with: 
Info [interflop-vprec]: precision-binary32 = 19
Info [interflop-vprec]: range-binary32 = 8
Info [interflop-vprec]: precision-binary64 = 19
Info [interflop-vprec]: range-binary64 = 8
Info [interflop-vprec]: mode = ob
Info [interflop-vprec]: error-mode = rel
Info [interflop-vprec]: max-abs-error-exponent = -1022
Info [interflop-vprec]: daz = false
Info [interflop-vprec]: ftz = false
Info [interflop-vprec]: 	instrument = none
Info [interflop-vprec]: 	prec-input-file = (null)
Info [interflop-vprec]: 	prec-output-file = (null)
Info [interflop-vprec]: 	prec-log-file = (null)
All_Command_lines_OK
Using double precision for computations.
