
##########################
# Experiment information #
##########################

EXPERIMENT_NAME: antsRegistration-r8-p21
VFC_BACKENDS: libinterflop_vprec.so --range-binary32=8 --precision-binary32=21 --range-binary64=8 --precision-binary64=21

SIF_IMG: /home/mdugre/projects/rrg-glatard/mdugre/containers/ants-vprec-no_metrics.simg

SUBJECT_ID: s017
INPUT_IMG: /home/mdugre/scratch/mri-registration-rp/datasets/ds004513/derivatives/mri-registration-rp/antsBrainExtraction/sub-s017/BrainExtractionBrain.nii.gz
OUTPUT_DIR: /home/mdugre/scratch/mri-registration-rp/datasets/ds004513/derivatives/mri-registration-rp/0011/antsRegistration-r8-p21/sub-s017

FIXED_IMG: /templateflow/tpl-MNI152NLin2009cAsym/tpl-MNI152NLin2009cAsym_res-01_desc-brain_T1w.nii.gz
DATA_DIR: /home/mdugre/scratch/mri-registration-rp/datasets/ds004513
TEMPLATEFLOW_DIR: /home/mdugre/projects/rrg-glatard/mdugre/templateflow
ITK_GLOBAL_DEFAULT_NUMBER_OF_THREADS: 16
##########################

Info [verificarlo]: loaded backend libinterflop_ieee.so
Info [interflop-ieee]: load backend with:
Info [interflop-ieee]: debug = false
Info [interflop-ieee]: debug-binary = false
Info [interflop-ieee]: no-backend-name = false
Info [interflop-ieee]: print-new-line = false
Info [interflop-ieee]: print-subnormal-normalized = false
Info [interflop-ieee]: count-op = false
All_Command_lines_OK
Using double precision for computations.
=============================================================================
The composite transform comprises the following transforms (in order): 
  1. Center of mass alignment using fixed image: /templateflow/tpl-MNI152NLin2009cAsym/tpl-MNI152NLin2009cAsym_res-01_desc-brain_T1w.nii.gz and moving image: /home/mdugre/scratch/mri-registration-rp/datasets/ds004513/derivatives/mri-registration-rp/antsBrainExtraction/sub-s017/BrainExtractionBrain.nii.gz (type = Euler3DTransform)
=============================================================================
  number of levels = 1
  fixed image: /templateflow/tpl-MNI152NLin2009cAsym/tpl-MNI152NLin2009cAsym_res-01_desc-brain_T1w.nii.gz
  moving image: /home/mdugre/scratch/mri-registration-rp/datasets/ds004513/derivatives/mri-registration-rp/antsBrainExtraction/sub-s017/BrainExtractionBrain.nii.gz
Dimension = 3
Number of stages = 1
Use histogram matching = false
Winsorize image intensities = true
  Lower quantile = 0.005
  Upper quantile = 0.995


Stage 1 State
   Image metric = MattesMI
     Fixed image = Image (0x35dbe70)
  RTTI typeinfo:   itk::Image<double, 3u>
  Reference Count: 2
  Modified Time: 2334
  Debug: Off
  Object Name: 
  Observers: 
    none
  Source: (none)
  Source output name: (none)
  Release Data: Off
  Data Released: False
  Global Release Data: Off
  PipelineMTime: 0
  UpdateMTime: 1943
  RealTimeStamp: 0 seconds 
  LargestPossibleRegion: 
    Dimension: 3
    Index: [0, 0, 0]
    Size: [193, 229, 193]
  BufferedRegion: 
    Dimension: 3
    Index: [0, 0, 0]
    Size: [193, 229, 193]
  RequestedRegion: 
    Dimension: 3
    Index: [0, 0, 0]
    Size: [193, 229, 193]
  Spacing: [1, 1, 1]
  Origin: [96, 132, -78]
  Direction: 
-1 0 0
0 -1 0
0 0 1

  IndexToPointMatrix: 
-1 0 0
0 -1 0
0 0 1

  PointToIndexMatrix: 
-1 0 0
0 -1 0
0 0 1

  Inverse Direction: 
-1 0 0
0 -1 0
0 0 1

  PixelContainer: 
    ImportImageContainer (0x35e4c60)
      RTTI typeinfo:   itk::ImportImageContainer<unsigned long, double>
      Reference Count: 1
      Modified Time: 1940
      Debug: Off
      Object Name: 
      Observers: 
        none
      Pointer: 0x15111a2fb010
      Container manages memory: true
      Size: 8530021
      Capacity: 8530021

     Moving image = Image (0x35e7610)
  RTTI typeinfo:   itk::Image<double, 3u>
  Reference Count: 2
  Modified Time: 2335
  Debug: Off
  Object Name: 
  Observers: 
    none
  Source: (none)
  Source output name: (none)
  Release Data: Off
  Data Released: False
  Global Release Data: Off
  PipelineMTime: 0
  UpdateMTime: 2332
  RealTimeStamp: 0 seconds 
  LargestPossibleRegion: 
    Dimension: 3
    Index: [0, 0, 0]
    Size: [160, 240, 256]
  BufferedRegion: 
    Dimension: 3
    Index: [0, 0, 0]
    Size: [160, 240, 256]
  RequestedRegion: 
    Dimension: 3
    Index: [0, 0, 0]
    Size: [160, 240, 256]
  Spacing: [1, 1, 1]
  Origin: [91.3357, 102.231, -120.042]
  Direction: 
-0.997442 -5.36781e-05 -0.0714818
5.35416e-05 -1 3.82465e-06
-0.0714818 -1.23894e-08 0.997442

  IndexToPointMatrix: 
-0.997444 -5.36781e-05 -0.0714818
5.35418e-05 -1 3.82465e-06
-0.0714819 -1.23894e-08 0.997442

  PointToIndexMatrix: 
-0.99744 5.35415e-05 -0.0714816
-5.36781e-05 -1 -1.23894e-08
-0.0714818 3.82465e-06 0.997442

  Inverse Direction: 
-0.997442 5.35416e-05 -0.0714818
-5.36781e-05 -1 -1.23894e-08
-0.0714818 3.82465e-06 0.997442

  PixelContainer: 
    ImportImageContainer (0x3680ef0)
      RTTI typeinfo:   itk::ImportImageContainer<unsigned long, double>
      Reference Count: 1
      Modified Time: 2329
      Debug: Off
      Object Name: 
      Observers: 
        none
      Pointer: 0x1511157fa010
      Container manages memory: true
      Size: 9830400
      Capacity: 9830400

     Weighting = 1
     Sampling strategy = regular
     Number of bins = 32
     Radius = 4
     Sampling percentage  = 0.25
   Transform = Rigid
     Gradient step = 0.1
     Update field sigma (voxel space) = 0
     Total field sigma (voxel space) = 0
     Update field time sigma = 0
     Total field time sigma  = 0
     Number of time indices = 0
     Number of time point samples = 0
Registration using 1 total stages.

Stage 0
  iterations = 0
  convergence threshold = 1e-06
  convergence window size = 10
  number of levels = 1
  using the Mattes MI metric (number of bins = 32, weight = 1, use gradient filter = 0)
  preprocessing:  winsorizing the image intensities
  Shrink factors (level 1 out of 1): [1, 1, 1]
  smoothing sigmas per level: [0]
  regular sampling (percentage = 0.25)

*** Running Euler3DTransform registration ***

  Elapsed time (stage 0): 1.19082


Total elapsed time: 1.193
Info [verificarlo]: loaded backend libinterflop_ieee.so
Info [interflop-ieee]: load backend with:
Info [interflop-ieee]: debug = false
Info [interflop-ieee]: debug-binary = false
Info [interflop-ieee]: no-backend-name = false
Info [interflop-ieee]: print-new-line = false
Info [interflop-ieee]: print-subnormal-normalized = false
Info [interflop-ieee]: count-op = false
All_Command_lines_OK
Using double precision for computations.
=============================================================================
The composite transform comprises the following transforms (in order): 
  1. /home/mdugre/scratch/mri-registration-rp/datasets/ds004513/derivatives/mri-registration-rp/0011/antsRegistration-r8-p21/sub-s017/align_Composite.h5[0] (type = Euler3DTransform)
  2. /home/mdugre/scratch/mri-registration-rp/datasets/ds004513/derivatives/mri-registration-rp/0011/antsRegistration-r8-p21/sub-s017/align_Composite.h5[1] (type = Euler3DTransform)
=============================================================================
  number of levels = 4
  fixed image: /templateflow/tpl-MNI152NLin2009cAsym/tpl-MNI152NLin2009cAsym_res-01_desc-brain_T1w.nii.gz
  moving image: /home/mdugre/scratch/mri-registration-rp/datasets/ds004513/derivatives/mri-registration-rp/antsBrainExtraction/sub-s017/BrainExtractionBrain.nii.gz
Dimension = 3
Number of stages = 1
Use histogram matching = false
Winsorize image intensities = true
  Lower quantile = 0.005
  Upper quantile = 0.995


Stage 1 State
   Image metric = MattesMI
     Fixed image = Image (0x3cb5530)
  RTTI typeinfo:   itk::Image<double, 3u>
  Reference Count: 2
  Modified Time: 1580
  Debug: Off
  Object Name: 
  Observers: 
    none
  Source: (none)
  Source output name: (none)
  Release Data: Off
  Data Released: False
  Global Release Data: Off
  PipelineMTime: 0
  UpdateMTime: 1189
  RealTimeStamp: 0 seconds 
  LargestPossibleRegion: 
    Dimension: 3
    Index: [0, 0, 0]
    Size: [193, 229, 193]
  BufferedRegion: 
    Dimension: 3
    Index: [0, 0, 0]
    Size: [193, 229, 193]
  RequestedRegion: 
    Dimension: 3
    Index: [0, 0, 0]
    Size: [193, 229, 193]
  Spacing: [1, 1, 1]
  Origin: [96, 132, -78]
  Direction: 
-1 0 0
0 -1 0
0 0 1

  IndexToPointMatrix: 
-1 0 0
0 -1 0
0 0 1

  PointToIndexMatrix: 
-1 0 0
0 -1 0
0 0 1

  Inverse Direction: 
-1 0 0
0 -1 0
0 0 1

  PixelContainer: 
    ImportImageContainer (0x3d73d60)
      RTTI typeinfo:   itk::ImportImageContainer<unsigned long, double>
      Reference Count: 1
      Modified Time: 1186
      Debug: Off
      Object Name: 
      Observers: 
        none
      Pointer: 0x14b5f2cce010
      Container manages memory: true
      Size: 8530021
      Capacity: 8530021

     Moving image = Image (0x3d65f60)
  RTTI typeinfo:   itk::Image<double, 3u>
  Reference Count: 2
  Modified Time: 1581
  Debug: Off
  Object Name: 
  Observers: 
    none
  Source: (none)
  Source output name: (none)
  Release Data: Off
  Data Released: False
  Global Release Data: Off
  PipelineMTime: 0
  UpdateMTime: 1578
  RealTimeStamp: 0 seconds 
  LargestPossibleRegion: 
    Dimension: 3
    Index: [0, 0, 0]
    Size: [160, 240, 256]
  BufferedRegion: 
    Dimension: 3
    Index: [0, 0, 0]
    Size: [160, 240, 256]
  RequestedRegion: 
    Dimension: 3
    Index: [0, 0, 0]
    Size: [160, 240, 256]
  Spacing: [1, 1, 1]
  Origin: [91.3357, 102.231, -120.042]
  Direction: 
-0.997442 -5.36781e-05 -0.0714818
5.35416e-05 -1 3.82465e-06
-0.0714818 -1.23894e-08 0.997442

  IndexToPointMatrix: 
-0.997444 -5.36781e-05 -0.0714818
5.35418e-05 -1 3.82465e-06
-0.0714819 -1.23894e-08 0.997442

  PointToIndexMatrix: 
-0.99744 5.35415e-05 -0.0714816
-5.36781e-05 -1 -1.23894e-08
-0.0714818 3.82465e-06 0.997442

  Inverse Direction: 
-0.997442 5.35416e-05 -0.0714818
-5.36781e-05 -1 -1.23894e-08
-0.0714818 3.82465e-06 0.997442

  PixelContainer: 
    ImportImageContainer (0x3d576d0)
      RTTI typeinfo:   itk::ImportImageContainer<unsigned long, double>
      Reference Count: 1
      Modified Time: 1575
      Debug: Off
      Object Name: 
      Observers: 
        none
      Pointer: 0x14b5ee1cd010
      Container manages memory: true
      Size: 9830400
      Capacity: 9830400

     Weighting = 1
     Sampling strategy = regular
     Number of bins = 32
     Radius = 4
     Sampling percentage  = 0.25
   Transform = Rigid
     Gradient step = 0.1
     Update field sigma (voxel space) = 0
     Total field sigma (voxel space) = 0
     Update field time sigma = 0
     Total field time sigma  = 0
     Number of time indices = 0
     Number of time point samples = 0
Registration using 1 total stages.

Stage 0
  iterations = 1000x500x250x100
  convergence threshold = 1e-06
  convergence window size = 10
  number of levels = 4
  using the Mattes MI metric (number of bins = 32, weight = 1, use gradient filter = 0)
  preprocessing:  winsorizing the image intensities
  Shrink factors (level 1 out of 4): [8, 8, 8]
  Shrink factors (level 2 out of 4): [4, 4, 4]
  Shrink factors (level 3 out of 4): [2, 2, 2]
  Shrink factors (level 4 out of 4): [1, 1, 1]
  smoothing sigmas per level: [3, 2, 1, 0]
  regular sampling (percentage = 0.25)

*** Running Euler3DTransform registration ***

DIAGNOSTIC,Iteration,metricValue,convergenceValue,ITERATION_TIME_INDEX,SINCE_LAST
 2DIAGNOSTIC,     1, -5.567767283252e-01, 1.797693134862e+308, 9.3246e-01, 9.3246e-01, 
 2DIAGNOSTIC,     2, -5.584239703569e-01, 1.797693134862e+308, 9.3858e-01, 6.1131e-03, 
 2DIAGNOSTIC,     3, -5.612715515272e-01, 1.797693134862e+308, 9.4364e-01, 5.0650e-03, 
 2DIAGNOSTIC,     4, -5.637780194106e-01, 1.797693134862e+308, 9.4831e-01, 4.6701e-03, 
 2DIAGNOSTIC,     5, -5.658229214212e-01, 1.797693134862e+308, 9.5297e-01, 4.6530e-03, 
 2DIAGNOSTIC,     6, -5.696445468689e-01, 1.797693134862e+308, 9.5733e-01, 4.3690e-03, 
 2DIAGNOSTIC,     7, -5.734118275242e-01, 1.797693134862e+308, 9.6180e-01, 4.4680e-03, 
 2DIAGNOSTIC,     8, -5.754533484979e-01, 1.797693134862e+308, 9.6779e-01, 5.9910e-03, 
 2DIAGNOSTIC,     9, -5.763021950250e-01, 1.797693134862e+308, 9.7208e-01, 4.2839e-03, 
 2DIAGNOSTIC,    10, -5.771142770255e-01, 2.558085388189e-03, 9.7774e-01, 5.6639e-03, 
 2DIAGNOSTIC,    11, -5.785125587612e-01, 2.176117873031e-03, 9.8232e-01, 4.5829e-03, 
 2DIAGNOSTIC,    12, -5.799413348090e-01, 1.786767970983e-03, 9.8741e-01, 5.0869e-03, 
 2DIAGNOSTIC,    13, -5.809477908980e-01, 1.443124036835e-03, 9.9244e-01, 5.0290e-03, 
 2DIAGNOSTIC,    14, -5.814655964876e-01, 1.127354078216e-03, 9.9690e-01, 4.4651e-03, 
 2DIAGNOSTIC,    15, -5.819093877219e-01, 8.331089413525e-04, 1.0018e+00, 4.9231e-03, 
 2DIAGNOSTIC,    16, -5.822326442998e-01, 6.258215683232e-04, 1.0068e+00, 4.9980e-03, 
 2DIAGNOSTIC,    17, -5.825793599843e-01, 5.040365830238e-04, 1.0116e+00, 4.7550e-03, 
 2DIAGNOSTIC,    18, -5.863713925916e-01, 5.095725576647e-04, 1.0163e+00, 4.7369e-03, 
 2DIAGNOSTIC,    19, -5.901617810168e-01, 5.855607354909e-04, 1.0248e+00, 8.4679e-03, 
 2DIAGNOSTIC,    20, -5.906016223816e-01, 6.286272500310e-04, 1.0301e+00, 5.3580e-03, 
 2DIAGNOSTIC,    21, -5.907365705866e-01, 6.467002963837e-04, 1.0350e+00, 4.8139e-03, 
 2DIAGNOSTIC,    22, -5.906256574994e-01, 6.330265936379e-04, 1.0398e+00, 4.8492e-03, 
 2DIAGNOSTIC,    23, -5.906307681711e-01, 5.816453055176e-04, 1.0442e+00, 4.3471e-03, 
 2DIAGNOSTIC,    24, -5.905636622010e-01, 4.878472529220e-04, 1.0484e+00, 4.2510e-03, 
 2DIAGNOSTIC,    25, -5.906024985370e-01, 3.662279783957e-04, 1.0532e+00, 4.7500e-03, 
 2DIAGNOSTIC,    26, -5.906025304324e-01, 2.276984665071e-04, 1.0574e+00, 4.2520e-03, 
 2DIAGNOSTIC,    27, -5.906211320574e-01, 8.394584288759e-05, 1.0617e+00, 4.2510e-03, 
 2DIAGNOSTIC,    28, -5.908796758313e-01, 1.198925031206e-05, 1.0660e+00, 4.3731e-03, 
 2DIAGNOSTIC,    29, -5.911411552395e-01, 1.217108543274e-05, 1.0708e+00, 4.8182e-03, 
 2DIAGNOSTIC,    30, -5.915241330962e-01, 2.456301684461e-05, 1.0772e+00, 6.3779e-03, 
 2DIAGNOSTIC,    31, -5.916229825992e-01, 3.758205306224e-05, 1.0815e+00, 4.2439e-03, 
 2DIAGNOSTIC,    32, -5.916651208817e-01, 4.532975449136e-05, 1.0858e+00, 4.3359e-03, 
 2DIAGNOSTIC,    33, -5.916874987632e-01, 4.885284294612e-05, 1.0901e+00, 4.2779e-03, 
 2DIAGNOSTIC,    34, -5.917053822200e-01, 4.682712858745e-05, 1.0954e+00, 5.2900e-03, 
 2DIAGNOSTIC,    35, -5.917390904868e-01, 4.153275817335e-05, 1.1080e+00, 1.2583e-02, 
 2DIAGNOSTIC,    36, -5.917390912695e-01, 3.272086429395e-05, 1.1127e+00, 4.7729e-03, 
 2DIAGNOSTIC,    37, -5.917391070342e-01, 2.163060314818e-05, 1.1173e+00, 4.5640e-03, 
 2DIAGNOSTIC,    38, -5.917391330930e-01, 1.245673595321e-05, 1.1218e+00, 4.5030e-03, 
 2DIAGNOSTIC,    39, -5.917391754735e-01, 5.801896389705e-06, 1.1268e+00, 4.9629e-03, 
 2DIAGNOSTIC,    40, -5.917392424311e-01, 3.643428651841e-06, 1.1318e+00, 5.0418e-03, 
 2DIAGNOSTIC,    41, -5.917393428829e-01, 2.487109298850e-06, 1.1362e+00, 4.4460e-03, 
 2DIAGNOSTIC,    42, -5.917394845334e-01, 1.715730317608e-06, 1.1408e+00, 4.5302e-03, 
 2DIAGNOSTIC,    43, -5.917396625587e-01, 1.144189314860e-06, 1.1452e+00, 4.3981e-03, 
DIAGNOSTIC,Iteration,metricValue,convergenceValue,ITERATION_TIME_INDEX,SINCE_LAST
 2DIAGNOSTIC,     1, -4.784004501422e-01, 1.797693134862e+308, 1.9095e+00, 7.6428e-01, 
 2DIAGNOSTIC,     2, -4.783999131491e-01, 1.797693134862e+308, 1.9369e+00, 2.7415e-02, 
 2DIAGNOSTIC,     3, -4.784190365428e-01, 1.797693134862e+308, 1.9680e+00, 3.1130e-02, 
 2DIAGNOSTIC,     4, -4.785028756514e-01, 1.797693134862e+308, 1.9952e+00, 2.7201e-02, 
 2DIAGNOSTIC,     5, -4.786647485434e-01, 1.797693134862e+308, 2.0223e+00, 2.7068e-02, 
 2DIAGNOSTIC,     6, -4.788099932963e-01, 1.797693134862e+308, 2.0497e+00, 2.7426e-02, 
 2DIAGNOSTIC,     7, -4.794645847220e-01, 1.797693134862e+308, 2.0777e+00, 2.8020e-02, 
 2DIAGNOSTIC,     8, -4.813619171752e-01, 1.797693134862e+308, 2.1157e+00, 3.7960e-02, 
 2DIAGNOSTIC,     9, -4.817935635329e-01, 1.797693134862e+308, 2.1462e+00, 3.0500e-02, 
 2DIAGNOSTIC,    10, -4.822647496893e-01, 5.583367504349e-04, 2.1735e+00, 2.7360e-02, 
 2DIAGNOSTIC,    11, -4.831344909908e-01, 6.366384574431e-04, 2.2042e+00, 3.0676e-02, 
 2DIAGNOSTIC,    12, -4.835768992584e-01, 6.653898034833e-04, 2.2486e+00, 4.4363e-02, 
 2DIAGNOSTIC,    13, -4.835677565325e-01, 6.290342969048e-04, 2.2824e+00, 3.3826e-02, 
 2DIAGNOSTIC,    14, -4.835733047842e-01, 5.452729207949e-04, 2.3214e+00, 3.8986e-02, 
 2DIAGNOSTIC,    15, -4.835701547252e-01, 4.305772096107e-04, 2.3533e+00, 3.1930e-02, 
 2DIAGNOSTIC,    16, -4.835566913007e-01, 2.956272804240e-04, 2.3834e+00, 3.0095e-02, 
 2DIAGNOSTIC,    17, -4.835523104089e-01, 1.703980275340e-04, 2.4140e+00, 3.0559e-02, 
 2DIAGNOSTIC,    18, -4.835483887834e-01, 1.058854946127e-04, 2.4408e+00, 2.6864e-02, 
 2DIAGNOSTIC,    19, -4.835469915473e-01, 5.203914177031e-05, 2.4676e+00, 2.6741e-02, 
 2DIAGNOSTIC,    20, -4.835401827380e-01, 1.204163305996e-05, 2.4978e+00, 3.0181e-02, 
DIAGNOSTIC,Iteration,metricValue,convergenceValue,ITERATION_TIME_INDEX,SINCE_LAST
 2DIAGNOSTIC,     1, -4.161561167871e-01, 1.797693134862e+308, 3.6780e+00, 1.1803e+00, 
 2DIAGNOSTIC,     2, -4.161756893438e-01, 1.797693134862e+308, 4.0292e+00, 3.5120e-01, 
 2DIAGNOSTIC,     3, -4.161696114508e-01, 1.797693134862e+308, 4.4074e+00, 3.7818e-01, 
 2DIAGNOSTIC,     4, -4.161681503552e-01, 1.797693134862e+308, 4.9292e+00, 5.2177e-01, 
 2DIAGNOSTIC,     5, -4.161678896601e-01, 1.797693134862e+308, 5.2548e+00, 3.2560e-01, 
 2DIAGNOSTIC,     6, -4.161669123584e-01, 1.797693134862e+308, 5.5783e+00, 3.2352e-01, 
 2DIAGNOSTIC,     7, -4.161667485642e-01, 1.797693134862e+308, 5.8798e+00, 3.0148e-01, 
 2DIAGNOSTIC,     8, -4.161656816015e-01, 1.797693134862e+308, 6.1315e+00, 2.5170e-01, 
 2DIAGNOSTIC,     9, -4.161650043537e-01, 1.797693134862e+308, 6.4371e+00, 3.0559e-01, 
 2DIAGNOSTIC,    10, -4.161655463813e-01, 2.943366610192e-06, 6.7803e+00, 3.4319e-01, 
 2DIAGNOSTIC,    11, -4.161636420994e-01, 1.720591494350e-06, 7.0923e+00, 3.1200e-01, 
 2DIAGNOSTIC,    12, -4.161624970809e-01, 1.867462473659e-06, 7.4458e+00, 3.5355e-01, 
 2DIAGNOSTIC,    13, -4.161615819744e-01, 1.698398061023e-06, 7.8128e+00, 3.6704e-01, 
 2DIAGNOSTIC,    14, -4.161624603294e-01, 1.592444846724e-06, 8.1395e+00, 3.2662e-01, 
 2DIAGNOSTIC,    15, -4.161620529813e-01, 1.530180435860e-06, 8.4696e+00, 3.3014e-01, 
 2DIAGNOSTIC,    16, -4.161603835106e-01, 1.417836917164e-06, 8.7502e+00, 2.8054e-01, 
 2DIAGNOSTIC,    17, -4.161625251481e-01, 1.455414117203e-06, 9.0434e+00, 2.9320e-01, 
 2DIAGNOSTIC,    18, -4.161617349625e-01, 1.453854860771e-06, 9.2824e+00, 2.3902e-01, 
 2DIAGNOSTIC,    19, -4.161656140594e-01, 1.594928501734e-06, 9.5706e+00, 2.8819e-01, 
 2DIAGNOSTIC,    20, -4.161678254530e-01, 1.821576324876e-06, 9.9735e+00, 4.0295e-01, 
 2DIAGNOSTIC,    21, -4.161672172259e-01, 1.924327023388e-06, 1.0275e+01, 3.0137e-01, 
 2DIAGNOSTIC,    22, -4.161665846123e-01, 1.927748309802e-06, 1.0516e+01, 2.4153e-01, 
 2DIAGNOSTIC,    23, -4.161660793965e-01, 1.843028034361e-06, 1.0799e+01, 2.8221e-01, 
 2DIAGNOSTIC,    24, -4.161655365533e-01, 1.730448866803e-06, 1.1022e+01, 2.2355e-01, 
 2DIAGNOSTIC,    25, -4.161651834946e-01, 1.568353732710e-06, 1.1260e+01, 2.3779e-01, 
 2DIAGNOSTIC,    26, -4.161660037665e-01, 1.368374529624e-06, 1.1522e+01, 2.6213e-01, 
 2DIAGNOSTIC,    27, -4.161651045496e-01, 1.203105051396e-06, 1.1754e+01, 2.3162e-01, 
 2DIAGNOSTIC,    28, -4.161679884897e-01, 1.097088641822e-06, 1.2022e+01, 2.6829e-01, 
 2DIAGNOSTIC,    29, -4.161710849647e-01, 1.162831218926e-06, 1.2287e+01, 2.6503e-01, 
 2DIAGNOSTIC,    30, -4.161703640305e-01, 1.250475693305e-06, 1.2541e+01, 2.5388e-01, 
 2DIAGNOSTIC,    31, -4.161708142910e-01, 1.313167809908e-06, 1.2850e+01, 3.0928e-01, 
 2DIAGNOSTIC,    32, -4.161710089264e-01, 1.336085267534e-06, 1.3099e+01, 2.4876e-01, 
 2DIAGNOSTIC,    33, -4.161749613448e-01, 1.395595231289e-06, 1.3371e+01, 2.7203e-01, 
 2DIAGNOSTIC,    34, -4.161777487504e-01, 1.452526297675e-06, 1.3594e+01, 2.2272e-01, 
 2DIAGNOSTIC,    35, -4.161792220176e-01, 1.478601716006e-06, 1.3852e+01, 2.5828e-01, 
 2DIAGNOSTIC,    36, -4.161806859646e-01, 1.495439423491e-06, 1.4124e+01, 2.7229e-01, 
 2DIAGNOSTIC,    37, -4.161791778423e-01, 1.407680676146e-06, 1.4357e+01, 2.3231e-01, 
 2DIAGNOSTIC,    38, -4.161838486865e-01, 1.406626883665e-06, 1.4676e+01, 3.1967e-01, 
 2DIAGNOSTIC,    39, -4.161849953098e-01, 1.422742188738e-06, 1.4964e+01, 2.8747e-01, 
 2DIAGNOSTIC,    40, -4.161860914888e-01, 1.386764647924e-06, 1.5354e+01, 3.9024e-01, 
 2DIAGNOSTIC,    41, -4.161854987575e-01, 1.295749589392e-06, 1.5634e+01, 2.7959e-01, 
 2DIAGNOSTIC,    42, -4.161840259987e-01, 1.138573351531e-06, 1.5901e+01, 2.6708e-01, 
 2DIAGNOSTIC,    43, -4.161834049858e-01, 1.004201840103e-06, 1.6124e+01, 2.2337e-01, 
DIAGNOSTIC,Iteration,metricValue,convergenceValue,ITERATION_TIME_INDEX,SINCE_LAST
 2DIAGNOSTIC,     1, -3.834265912341e-01, 1.797693134862e+308, 1.8605e+01, 2.4806e+00, 
 2DIAGNOSTIC,     2, -3.834925053359e-01, 1.797693134862e+308, 2.0404e+01, 1.7999e+00, 
 2DIAGNOSTIC,     3, -3.834978116480e-01, 1.797693134862e+308, 2.2101e+01, 1.6963e+00, 
 2DIAGNOSTIC,     4, -3.835004127730e-01, 1.797693134862e+308, 2.3881e+01, 1.7807e+00, 
 2DIAGNOSTIC,     5, -3.835019582511e-01, 1.797693134862e+308, 2.5509e+01, 1.6273e+00, 
 2DIAGNOSTIC,     6, -3.835049957416e-01, 1.797693134862e+308, 2.7319e+01, 1.8104e+00, 
 2DIAGNOSTIC,     7, -3.835058343719e-01, 1.797693134862e+308, 2.9292e+01, 1.9726e+00, 
 2DIAGNOSTIC,     8, -3.835066498252e-01, 1.797693134862e+308, 3.1653e+01, 2.3613e+00, 
 2DIAGNOSTIC,     9, -3.835062955320e-01, 1.797693134862e+308, 3.3637e+01, 1.9840e+00, 
 2DIAGNOSTIC,    10, -3.835063108994e-01, 1.066660738264e-05, 3.5391e+01, 1.7534e+00, 
 2DIAGNOSTIC,    11, -3.835061571789e-01, 4.747040642100e-06, 3.7823e+01, 2.4328e+00, 
 2DIAGNOSTIC,    12, -3.835060832647e-01, 3.706200606454e-06, 3.9176e+01, 1.3529e+00, 
 2DIAGNOSTIC,    13, -3.835060190719e-01, 3.027826080623e-06, 4.0858e+01, 1.6821e+00, 
 2DIAGNOSTIC,    14, -3.835058638476e-01, 2.523467051693e-06, 4.2386e+01, 1.5277e+00, 
 2DIAGNOSTIC,    15, -3.835058006961e-01, 2.133709264690e-06, 4.3931e+01, 1.5444e+00, 
 2DIAGNOSTIC,    16, -3.835056463969e-01, 1.924177722962e-06, 4.5816e+01, 1.8850e+00, 
 2DIAGNOSTIC,    17, -3.835054775126e-01, 1.773328558267e-06, 4.7396e+01, 1.5809e+00, 
 2DIAGNOSTIC,    18, -3.835053086120e-01, 1.675385377299e-06, 4.8926e+01, 1.5300e+00, 
 2DIAGNOSTIC,    19, -3.835051448142e-01, 1.576051817526e-06, 5.0303e+01, 1.3764e+00, 
 2DIAGNOSTIC,    20, -3.835051658764e-01, 1.497295074003e-06, 5.1707e+01, 1.4042e+00, 
 2DIAGNOSTIC,    21, -3.835053779573e-01, 1.436675313347e-06, 5.3254e+01, 1.5469e+00, 
 2DIAGNOSTIC,    22, -3.835055901412e-01, 1.393331720820e-06, 5.4814e+01, 1.5596e+00, 
 2DIAGNOSTIC,    23, -3.835055251003e-01, 1.354581542171e-06, 5.6358e+01, 1.5446e+00, 
 2DIAGNOSTIC,    24, -3.835054518282e-01, 1.314933130464e-06, 5.7930e+01, 1.5718e+00, 
 2DIAGNOSTIC,    25, -3.835053813423e-01, 1.275595340959e-06, 5.9488e+01, 1.5575e+00, 
 2DIAGNOSTIC,    26, -3.835053141617e-01, 1.232550095029e-06, 6.0829e+01, 1.3414e+00, 
 2DIAGNOSTIC,    27, -3.835053494675e-01, 1.188143193387e-06, 6.2191e+01, 1.3618e+00, 
 2DIAGNOSTIC,    28, -3.835054089354e-01, 1.143229099276e-06, 6.3766e+01, 1.5753e+00, 
 2DIAGNOSTIC,    29, -3.835055814678e-01, 1.101082729181e-06, 6.5106e+01, 1.3400e+00, 
 2DIAGNOSTIC,    30, -3.835053714642e-01, 1.056523027433e-06, 6.7083e+01, 1.9771e+00, 
 2DIAGNOSTIC,    31, -3.835053052289e-01, 1.018740040659e-06, 6.8600e+01, 1.5169e+00, 
  Elapsed time (stage 0): 6.9435e+01


Total elapsed time: 6.9437e+01
Info [verificarlo]: loaded backend libinterflop_vprec.so
Info [interflop-vprec]: load backend with: 
Info [interflop-vprec]: precision-binary32 = 21
Info [interflop-vprec]: range-binary32 = 8
Info [interflop-vprec]: precision-binary64 = 21
Info [interflop-vprec]: range-binary64 = 8
Info [interflop-vprec]: mode = ob
Info [interflop-vprec]: error-mode = rel
Info [interflop-vprec]: max-abs-error-exponent = -1022
Info [interflop-vprec]: daz = false
Info [interflop-vprec]: ftz = false
Info [interflop-vprec]: 	instrument = none
Info [interflop-vprec]: 	prec-input-file = (null)
Info [interflop-vprec]: 	prec-output-file = (null)
Info [interflop-vprec]: 	prec-log-file = (null)
All_Command_lines_OK
Using double precision for computations.
=============================================================================
The composite transform comprises the following transforms (in order): 
  1. /home/mdugre/scratch/mri-registration-rp/datasets/ds004513/derivatives/mri-registration-rp/0011/antsRegistration-r8-p21/sub-s017/rigid_Composite.h5[0] (type = Euler3DTransform)
  2. /home/mdugre/scratch/mri-registration-rp/datasets/ds004513/derivatives/mri-registration-rp/0011/antsRegistration-r8-p21/sub-s017/rigid_Composite.h5[1] (type = Euler3DTransform)
  3. /home/mdugre/scratch/mri-registration-rp/datasets/ds004513/derivatives/mri-registration-rp/0011/antsRegistration-r8-p21/sub-s017/rigid_Composite.h5[2] (type = Euler3DTransform)
=============================================================================
  number of levels = 4
  fixed image: /templateflow/tpl-MNI152NLin2009cAsym/tpl-MNI152NLin2009cAsym_res-01_desc-brain_T1w.nii.gz
  moving image: /home/mdugre/scratch/mri-registration-rp/datasets/ds004513/derivatives/mri-registration-rp/antsBrainExtraction/sub-s017/BrainExtractionBrain.nii.gz
Dimension = 3
Number of stages = 1
Use histogram matching = false
Winsorize image intensities = true
  Lower quantile = 0.005
  Upper quantile = 0.995


Stage 1 State
   Image metric = MattesMI
     Fixed image = Image (0x4970490)
  RTTI typeinfo:   itk::Image<double, 3u>
  Reference Count: 2
  Modified Time: 1594
  Debug: Off
  Object Name: 
  Observers: 
    none
  Source: (none)
  Source output name: (none)
  Release Data: Off
  Data Released: False
  Global Release Data: Off
  PipelineMTime: 0
  UpdateMTime: 1203
  RealTimeStamp: 0 seconds 
  LargestPossibleRegion: 
    Dimension: 3
    Index: [0, 0, 0]
    Size: [193, 229, 193]
  BufferedRegion: 
    Dimension: 3
    Index: [0, 0, 0]
    Size: [193, 229, 193]
  RequestedRegion: 
    Dimension: 3
    Index: [0, 0, 0]
    Size: [193, 229, 193]
  Spacing: [1, 1, 1]
  Origin: [96, 132, -78]
  Direction: 
-1 0 0
0 -1 0
0 0 1

  IndexToPointMatrix: 
-1 0 0
0 -1 0
0 0 1

  PointToIndexMatrix: 
-1 0 0
0 -1 0
0 0 1

  Inverse Direction: 
-1 0 0
0 -1 0
0 0 1

  PixelContainer: 
    ImportImageContainer (0x4a3b8c0)
      RTTI typeinfo:   itk::ImportImageContainer<unsigned long, double>
      Reference Count: 1
      Modified Time: 1200
      Debug: Off
      Object Name: 
      Observers: 
        none
      Pointer: 0x148898a29010
      Container manages memory: true
      Size: 8530021
      Capacity: 8530021

     Moving image = Image (0x4a2bb60)
  RTTI typeinfo:   itk::Image<double, 3u>
  Reference Count: 2
  Modified Time: 1595
  Debug: Off
  Object Name: 
  Observers: 
    none
  Source: (none)
  Source output name: (none)
  Release Data: Off
  Data Released: False
  Global Release Data: Off
  PipelineMTime: 0
  UpdateMTime: 1592
  RealTimeStamp: 0 seconds 
  LargestPossibleRegion: 
    Dimension: 3
    Index: [0, 0, 0]
    Size: [160, 240, 256]
  BufferedRegion: 
    Dimension: 3
    Index: [0, 0, 0]
    Size: [160, 240, 256]
  RequestedRegion: 
    Dimension: 3
    Index: [0, 0, 0]
    Size: [160, 240, 256]
  Spacing: [1, 1, 1]
  Origin: [91.3357, 102.231, -120.042]
  Direction: 
-0.997442 -5.36781e-05 -0.0714818
5.35417e-05 -1 3.82465e-06
-0.0714818 -1.23894e-08 0.997442

  IndexToPointMatrix: 
-0.997444 -5.36781e-05 -0.0714818
5.35418e-05 -1 3.82465e-06
-0.0714819 -1.23894e-08 0.997442

  PointToIndexMatrix: 
-0.99744 5.35416e-05 -0.0714816
-5.36781e-05 -1 -1.23891e-08
-0.0714818 3.82465e-06 0.997442

  Inverse Direction: 
-0.997442 5.35417e-05 -0.0714818
-5.36781e-05 -1 -1.23891e-08
-0.0714818 3.82465e-06 0.997442

  PixelContainer: 
    ImportImageContainer (0x4abf1d0)
      RTTI typeinfo:   itk::ImportImageContainer<unsigned long, double>
      Reference Count: 1
      Modified Time: 1589
      Debug: Off
      Object Name: 
      Observers: 
        none
      Pointer: 0x148893f28010
      Container manages memory: true
      Size: 9830400
      Capacity: 9830400

     Weighting = 1
     Sampling strategy = regular
     Number of bins = 32
     Radius = 4
     Sampling percentage  = 0.25
   Transform = Affine
     Gradient step = 0.1
     Update field sigma (voxel space) = 0
     Total field sigma (voxel space) = 0
     Update field time sigma = 0
     Total field time sigma  = 0
     Number of time indices = 0
     Number of time point samples = 0
Registration using 1 total stages.

Stage 0
  iterations = 1000x500x250x100
  convergence threshold = 1e-06
  convergence window size = 10
  number of levels = 4
  using the Mattes MI metric (number of bins = 32, weight = 1, use gradient filter = 0)
  preprocessing:  winsorizing the image intensities
  Shrink factors (level 1 out of 4): [8, 8, 8]
  Shrink factors (level 2 out of 4): [4, 4, 4]
  Shrink factors (level 3 out of 4): [2, 2, 2]
  Shrink factors (level 4 out of 4): [1, 1, 1]
  smoothing sigmas per level: [3, 2, 1, 0]
  regular sampling (percentage = 0.25)

*** Running AffineTransform registration ***

DIAGNOSTIC,Iteration,metricValue,convergenceValue,ITERATION_TIME_INDEX,SINCE_LAST
 2DIAGNOSTIC,     1, -5.806295790658e-01, 1.797693134862e+308, 0.0000e+00, 0.0000e+00, 
 2DIAGNOSTIC,     2, -5.832419167135e-01, 1.797693134862e+308, 0.0000e+00, 0.0000e+00, 
 2DIAGNOSTIC,     3, -5.883954944642e-01, 1.797693134862e+308, 0.0000e+00, 0.0000e+00, 
 2DIAGNOSTIC,     4, -5.973639758491e-01, 1.797693134862e+308, 0.0000e+00, 0.0000e+00, 
 2DIAGNOSTIC,     5, -6.165811895724e-01, 1.797693134862e+308, 0.0000e+00, 0.0000e+00, 
 2DIAGNOSTIC,     6, -6.406002067417e-01, 1.797693134862e+308, 0.0000e+00, 0.0000e+00, 
 2DIAGNOSTIC,     7, -7.010867022854e-01, 1.797693134862e+308, 0.0000e+00, 0.0000e+00, 
 2DIAGNOSTIC,     8, -7.633630153525e-01, 1.797693134862e+308, 0.0000e+00, 0.0000e+00, 
 2DIAGNOSTIC,     9, -8.425545895643e-01, 1.797693134862e+308, 0.0000e+00, 0.0000e+00, 
 2DIAGNOSTIC,    10, -8.571767910931e-01, 2.847531865863e-02, 0.0000e+00, 0.0000e+00, 
 2DIAGNOSTIC,    11, -8.704109823596e-01, 2.874062295941e-02, 0.0000e+00, 0.0000e+00, 
 2DIAGNOSTIC,    12, -8.814544314665e-01, 2.684987301277e-02, 0.0000e+00, 0.0000e+00, 
 2DIAGNOSTIC,    13, -8.824086886576e-01, 2.308183632813e-02, 0.0000e+00, 0.0000e+00, 
 2DIAGNOSTIC,    14, -8.836180923954e-01, 1.815942436690e-02, 0.0000e+00, 0.0000e+00, 
 2DIAGNOSTIC,    15, -8.850121643927e-01, 1.291853404705e-02, 0.0000e+00, 0.0000e+00, 
 2DIAGNOSTIC,    16, -8.869391939263e-01, 7.885983291879e-03, 0.0000e+00, 0.0000e+00, 
 2DIAGNOSTIC,    17, -8.885928019071e-01, 4.169384255710e-03, 0.0000e+00, 0.0000e+00, 
 2DIAGNOSTIC,    18, -8.889850718671e-01, 1.795819691169e-03, 0.0000e+00, 0.0000e+00, 
 2DIAGNOSTIC,    19, -8.888445163907e-01, 1.068152564951e-03, 0.0000e+00, 0.0000e+00, 
 2DIAGNOSTIC,    20, -8.887785198616e-01, 5.856921522951e-04, 0.0000e+00, 0.0000e+00, 
 2DIAGNOSTIC,    21, -8.885583438221e-01, 3.196994344665e-04, 0.0000e+00, 0.0000e+00, 
 2DIAGNOSTIC,    22, -8.885246299226e-01, 2.308897885563e-04, 0.0000e+00, 0.0000e+00, 
 2DIAGNOSTIC,    23, -8.882756798449e-01, 1.403207769724e-04, 0.0000e+00, 0.0000e+00, 
 2DIAGNOSTIC,    24, -8.881100861981e-01, 6.089124811421e-05, 0.0000e+00, 0.0000e+00, 
 2DIAGNOSTIC,    25, -8.882101463476e-01, 3.754520417953e-06, 0.0000e+00, 0.0000e+00, 
DIAGNOSTIC,Iteration,metricValue,convergenceValue,ITERATION_TIME_INDEX,SINCE_LAST
 2DIAGNOSTIC,     1, -7.468922529128e-01, 1.797693134862e+308, 0.0000e+00, 0.0000e+00, 
 2DIAGNOSTIC,     2, -7.475990844621e-01, 1.797693134862e+308, 0.0000e+00, 0.0000e+00, 
 2DIAGNOSTIC,     3, -7.481549075840e-01, 1.797693134862e+308, 0.0000e+00, 0.0000e+00, 
 2DIAGNOSTIC,     4, -7.485610849921e-01, 1.797693134862e+308, 0.0000e+00, 0.0000e+00, 
 2DIAGNOSTIC,     5, -7.488888637260e-01, 1.797693134862e+308, 0.0000e+00, 0.0000e+00, 
 2DIAGNOSTIC,     6, -7.493257060725e-01, 1.797693134862e+308, 0.0000e+00, 0.0000e+00, 
 2DIAGNOSTIC,     7, -7.496250406681e-01, 1.797693134862e+308, 0.0000e+00, 0.0000e+00, 
 2DIAGNOSTIC,     8, -7.501236056979e-01, 1.797693134862e+308, 0.0000e+00, 0.0000e+00, 
 2DIAGNOSTIC,     9, -7.503983962276e-01, 1.797693134862e+308, 0.0000e+00, 0.0000e+00, 
 2DIAGNOSTIC,    10, -7.504417031502e-01, 3.047016685459e-04, 0.0000e+00, 0.0000e+00, 
 2DIAGNOSTIC,    11, -7.504613464779e-01, 2.365948132874e-04, 0.0000e+00, 0.0000e+00, 
 2DIAGNOSTIC,    12, -7.504934721699e-01, 1.819543048482e-04, 0.0000e+00, 0.0000e+00, 
 2DIAGNOSTIC,    13, -7.504877046185e-01, 1.352700223348e-04, 0.0000e+00, 0.0000e+00, 
 2DIAGNOSTIC,    14, -7.504789961369e-01, 9.383228684587e-05, 0.0000e+00, 0.0000e+00, 
 2DIAGNOSTIC,    15, -7.504721783912e-01, 5.763468721903e-05, 0.0000e+00, 0.0000e+00, 
 2DIAGNOSTIC,    16, -7.504696590127e-01, 3.120078609524e-05, 0.0000e+00, 0.0000e+00, 
 2DIAGNOSTIC,    17, -7.504879197062e-01, 1.202891346173e-05, 0.0000e+00, 0.0000e+00, 
 2DIAGNOSTIC,    18, -7.504841879908e-01, 4.311968435623e-06, 0.0000e+00, 0.0000e+00, 
 2DIAGNOSTIC,    19, -7.504715288536e-01, 2.402938064139e-06, 0.0000e+00, 0.0000e+00, 
 2DIAGNOSTIC,    20, -7.504937648154e-01, 1.869427925079e-06, 0.0000e+00, 0.0000e+00, 
 2DIAGNOSTIC,    21, -7.505382370461e-01, 2.482612087483e-06, 0.0000e+00, 0.0000e+00, 
 2DIAGNOSTIC,    22, -7.505127529345e-01, 3.037775523948e-06, 0.0000e+00, 0.0000e+00, 
 2DIAGNOSTIC,    23, -7.505292047150e-01, 3.601622435991e-06, 0.0000e+00, 0.0000e+00, 
 2DIAGNOSTIC,    24, -7.504877362674e-01, 3.127144834497e-06, 0.0000e+00, 0.0000e+00, 
 2DIAGNOSTIC,    25, -7.504740935147e-01, 2.222256394305e-06, 0.0000e+00, 0.0000e+00, 
 2DIAGNOSTIC,    26, -7.504607515423e-01, 1.047008710953e-06, 0.0000e+00, 0.0000e+00, 
DIAGNOSTIC,Iteration,metricValue,convergenceValue,ITERATION_TIME_INDEX,SINCE_LAST
 2DIAGNOSTIC,     1, -6.292840553536e-01, 1.797693134862e+308, 0.0000e+00, 0.0000e+00, 
 2DIAGNOSTIC,     2, -6.298354113865e-01, 1.797693134862e+308, 0.0000e+00, 0.0000e+00, 
 2DIAGNOSTIC,     3, -6.304321434339e-01, 1.797693134862e+308, 0.0000e+00, 0.0000e+00, 
 2DIAGNOSTIC,     4, -6.310813316736e-01, 1.797693134862e+308, 0.0000e+00, 0.0000e+00, 
 2DIAGNOSTIC,     5, -6.320627254738e-01, 1.797693134862e+308, 0.0000e+00, 0.0000e+00, 
 2DIAGNOSTIC,     6, -6.331169627637e-01, 1.797693134862e+308, 0.0000e+00, 0.0000e+00, 
 2DIAGNOSTIC,     7, -6.331179002002e-01, 1.797693134862e+308, 0.0000e+00, 0.0000e+00, 
 2DIAGNOSTIC,     8, -6.331182836267e-01, 1.797693134862e+308, 0.0000e+00, 0.0000e+00, 
 2DIAGNOSTIC,     9, -6.331189910342e-01, 1.797693134862e+308, 0.0000e+00, 0.0000e+00, 
 2DIAGNOSTIC,    10, -6.331187776878e-01, 4.401528356160e-04, 0.0000e+00, 0.0000e+00, 
 2DIAGNOSTIC,    11, -6.331162578444e-01, 3.116439216503e-04, 0.0000e+00, 0.0000e+00, 
 2DIAGNOSTIC,    12, -6.331164970557e-01, 1.976859532774e-04, 0.0000e+00, 0.0000e+00, 
 2DIAGNOSTIC,    13, -6.331161373322e-01, 1.046645630156e-04, 0.0000e+00, 0.0000e+00, 
 2DIAGNOSTIC,    14, -6.331149053734e-01, 3.597905582907e-05, 0.0000e+00, 0.0000e+00, 
 2DIAGNOSTIC,    15, -6.331100913324e-01, 1.749367204235e-06, 0.0000e+00, 0.0000e+00, 
 2DIAGNOSTIC,    16, -6.331123056570e-01, 1.520843739625e-06, 0.0000e+00, 0.0000e+00, 
 2DIAGNOSTIC,    17, -6.331128439112e-01, 1.398013154665e-06, 0.0000e+00, 0.0000e+00, 
 2DIAGNOSTIC,    18, -6.331172654904e-01, 1.449911808879e-06, 0.0000e+00, 0.0000e+00, 
 2DIAGNOSTIC,    19, -6.331215083966e-01, 1.641701941800e-06, 0.0000e+00, 0.0000e+00, 
 2DIAGNOSTIC,    20, -6.331214150487e-01, 1.812750596103e-06, 0.0000e+00, 0.0000e+00, 
 2DIAGNOSTIC,    21, -6.331192172893e-01, 1.847753852667e-06, 0.0000e+00, 0.0000e+00, 
 2DIAGNOSTIC,    22, -6.331183851578e-01, 1.836969727415e-06, 0.0000e+00, 0.0000e+00, 
 2DIAGNOSTIC,    23, -6.331170692772e-01, 1.756472538444e-06, 0.0000e+00, 0.0000e+00, 
 2DIAGNOSTIC,    24, -6.331152905383e-01, 1.593054595100e-06, 0.0000e+00, 0.0000e+00, 
 2DIAGNOSTIC,    25, -6.331163107246e-01, 1.350219021416e-06, 0.0000e+00, 0.0000e+00, 
 2DIAGNOSTIC,    26, -6.331176493542e-01, 1.181703740152e-06, 0.0000e+00, 0.0000e+00, 
 2DIAGNOSTIC,    27, -6.331174701162e-01, 1.034076893058e-06, 0.0000e+00, 0.0000e+00, 
DIAGNOSTIC,Iteration,metricValue,convergenceValue,ITERATION_TIME_INDEX,SINCE_LAST
 2DIAGNOSTIC,     1, -5.647338769126e-01, 1.797693134862e+308, 0.0000e+00, 0.0000e+00, 
 2DIAGNOSTIC,     2, -5.649580095223e-01, 1.797693134862e+308, 0.0000e+00, 0.0000e+00, 
 2DIAGNOSTIC,     3, -5.651496005815e-01, 1.797693134862e+308, 0.0000e+00, 0.0000e+00, 
 2DIAGNOSTIC,     4, -5.653332159164e-01, 1.797693134862e+308, 0.0000e+00, 0.0000e+00, 
 2DIAGNOSTIC,     5, -5.653588216656e-01, 1.797693134862e+308, 0.0000e+00, 0.0000e+00, 
 2DIAGNOSTIC,     6, -5.653616773768e-01, 1.797693134862e+308, 0.0000e+00, 0.0000e+00, 
 2DIAGNOSTIC,     7, -5.653616306916e-01, 1.797693134862e+308, 0.0000e+00, 0.0000e+00, 
 2DIAGNOSTIC,     8, -5.653616543439e-01, 1.797693134862e+308, 0.0000e+00, 0.0000e+00, 
 2DIAGNOSTIC,     9, -5.653615123056e-01, 1.797693134862e+308, 0.0000e+00, 0.0000e+00, 
 2DIAGNOSTIC,    10, -5.653615175807e-01, 6.064589744710e-05, 0.0000e+00, 0.0000e+00, 
 2DIAGNOSTIC,    11, -5.653612515564e-01, 3.075801648313e-05, 0.0000e+00, 0.0000e+00, 
 2DIAGNOSTIC,    12, -5.653612612478e-01, 1.262561144659e-05, 0.0000e+00, 0.0000e+00, 
 2DIAGNOSTIC,    13, -5.653612556075e-01, 3.602793496649e-06, 0.0000e+00, 0.0000e+00, 
 2DIAGNOSTIC,    14, -5.653612698929e-01, 2.334014164593e-06, 0.0000e+00, 0.0000e+00, 
 2DIAGNOSTIC,    15, -5.653612695726e-01, 2.084624765308e-06, 0.0000e+00, 0.0000e+00, 
 2DIAGNOSTIC,    16, -5.653612592406e-01, 1.959523773049e-06, 0.0000e+00, 0.0000e+00, 
 2DIAGNOSTIC,    17, -5.653612551724e-01, 1.850502580329e-06, 0.0000e+00, 0.0000e+00, 
 2DIAGNOSTIC,    18, -5.653612589884e-01, 1.756507301873e-06, 0.0000e+00, 0.0000e+00, 
 2DIAGNOSTIC,    19, -5.653612568750e-01, 1.669712677996e-06, 0.0000e+00, 0.0000e+00, 
 2DIAGNOSTIC,    20, -5.653612594468e-01, 1.592620473619e-06, 0.0000e+00, 0.0000e+00, 
 2DIAGNOSTIC,    21, -5.653612587447e-01, 1.516491466215e-06, 0.0000e+00, 0.0000e+00, 
 2DIAGNOSTIC,    22, -5.653612586561e-01, 1.447544532282e-06, 0.0000e+00, 0.0000e+00, 
 2DIAGNOSTIC,    23, -5.653612589208e-01, 1.384493751339e-06, 0.0000e+00, 0.0000e+00, 
 2DIAGNOSTIC,    24, -5.653612589208e-01, 1.327032323743e-06, 0.0000e+00, 0.0000e+00, 
 2DIAGNOSTIC,    25, -5.653612589208e-01, 1.274183458480e-06, 0.0000e+00, 0.0000e+00, 
 2DIAGNOSTIC,    26, -5.653612589208e-01, 1.225196217931e-06, 0.0000e+00, 0.0000e+00, 
 2DIAGNOSTIC,    27, -5.653612589208e-01, 1.179751676808e-06, 0.0000e+00, 0.0000e+00, 
 2DIAGNOSTIC,    28, -5.653612589208e-01, 1.137620726177e-06, 0.0000e+00, 0.0000e+00, 
 2DIAGNOSTIC,    29, -5.653612589208e-01, 1.098354368602e-06, 0.0000e+00, 0.0000e+00, 
 2DIAGNOSTIC,    30, -5.653612589208e-01, 1.061749758897e-06, 0.0000e+00, 0.0000e+00, 
 2DIAGNOSTIC,    31, -5.653612589208e-01, 1.027494969517e-06, 0.0000e+00, 0.0000e+00, 
  Elapsed time (stage 0): 0.0000e+00


Total elapsed time: 0.0000e+00
Info [verificarlo]: loaded backend libinterflop_vprec.so
Info [interflop-vprec]: load backend with: 
Info [interflop-vprec]: precision-binary32 = 21
Info [interflop-vprec]: range-binary32 = 8
Info [interflop-vprec]: precision-binary64 = 21
Info [interflop-vprec]: range-binary64 = 8
Info [interflop-vprec]: mode = ob
Info [interflop-vprec]: error-mode = rel
Info [interflop-vprec]: max-abs-error-exponent = -1022
Info [interflop-vprec]: daz = false
Info [interflop-vprec]: ftz = false
Info [interflop-vprec]: 	instrument = none
Info [interflop-vprec]: 	prec-input-file = (null)
Info [interflop-vprec]: 	prec-output-file = (null)
Info [interflop-vprec]: 	prec-log-file = (null)
All_Command_lines_OK
Using double precision for computations.
