
##########################
# Experiment information #
##########################

EXPERIMENT_NAME: antsRegistration-r8-p23
VFC_BACKENDS: libinterflop_vprec.so --range-binary32=8 --precision-binary32=23 --range-binary64=8 --precision-binary64=23

SIF_IMG: /home/mdugre/projects/rrg-glatard/mdugre/containers/ants-vprec-no_metrics.simg

SUBJECT_ID: s003
INPUT_IMG: /home/mdugre/scratch/mri-registration-rp/datasets/ds004513/derivatives/mri-registration-rp/antsBrainExtraction/sub-s003/BrainExtractionBrain.nii.gz
OUTPUT_DIR: /home/mdugre/scratch/mri-registration-rp/datasets/ds004513/derivatives/mri-registration-rp/0011/antsRegistration-r8-p23/sub-s003

FIXED_IMG: /templateflow/tpl-MNI152NLin2009cAsym/tpl-MNI152NLin2009cAsym_res-01_desc-brain_T1w.nii.gz
DATA_DIR: /home/mdugre/scratch/mri-registration-rp/datasets/ds004513
TEMPLATEFLOW_DIR: /home/mdugre/projects/rrg-glatard/mdugre/templateflow
ITK_GLOBAL_DEFAULT_NUMBER_OF_THREADS: 16
##########################

Info [verificarlo]: loaded backend libinterflop_ieee.so
Info [interflop-ieee]: load backend with:
Info [interflop-ieee]: debug = false
Info [interflop-ieee]: debug-binary = false
Info [interflop-ieee]: no-backend-name = false
Info [interflop-ieee]: print-new-line = false
Info [interflop-ieee]: print-subnormal-normalized = false
Info [interflop-ieee]: count-op = false
All_Command_lines_OK
Using double precision for computations.
=============================================================================
The composite transform comprises the following transforms (in order): 
  1. Center of mass alignment using fixed image: /templateflow/tpl-MNI152NLin2009cAsym/tpl-MNI152NLin2009cAsym_res-01_desc-brain_T1w.nii.gz and moving image: /home/mdugre/scratch/mri-registration-rp/datasets/ds004513/derivatives/mri-registration-rp/antsBrainExtraction/sub-s003/BrainExtractionBrain.nii.gz (type = Euler3DTransform)
=============================================================================
  number of levels = 1
  fixed image: /templateflow/tpl-MNI152NLin2009cAsym/tpl-MNI152NLin2009cAsym_res-01_desc-brain_T1w.nii.gz
  moving image: /home/mdugre/scratch/mri-registration-rp/datasets/ds004513/derivatives/mri-registration-rp/antsBrainExtraction/sub-s003/BrainExtractionBrain.nii.gz
Dimension = 3
Number of stages = 1
Use histogram matching = false
Winsorize image intensities = true
  Lower quantile = 0.005
  Upper quantile = 0.995


Stage 1 State
   Image metric = MattesMI
     Fixed image = Image (0x47b8e70)
  RTTI typeinfo:   itk::Image<double, 3u>
  Reference Count: 2
  Modified Time: 2334
  Debug: Off
  Object Name: 
  Observers: 
    none
  Source: (none)
  Source output name: (none)
  Release Data: Off
  Data Released: False
  Global Release Data: Off
  PipelineMTime: 0
  UpdateMTime: 1943
  RealTimeStamp: 0 seconds 
  LargestPossibleRegion: 
    Dimension: 3
    Index: [0, 0, 0]
    Size: [193, 229, 193]
  BufferedRegion: 
    Dimension: 3
    Index: [0, 0, 0]
    Size: [193, 229, 193]
  RequestedRegion: 
    Dimension: 3
    Index: [0, 0, 0]
    Size: [193, 229, 193]
  Spacing: [1, 1, 1]
  Origin: [96, 132, -78]
  Direction: 
-1 0 0
0 -1 0
0 0 1

  IndexToPointMatrix: 
-1 0 0
0 -1 0
0 0 1

  PointToIndexMatrix: 
-1 0 0
0 -1 0
0 0 1

  Inverse Direction: 
-1 0 0
0 -1 0
0 0 1

  PixelContainer: 
    ImportImageContainer (0x47c5140)
      RTTI typeinfo:   itk::ImportImageContainer<unsigned long, double>
      Reference Count: 1
      Modified Time: 1940
      Debug: Off
      Object Name: 
      Observers: 
        none
      Pointer: 0x152dc3c2c010
      Container manages memory: true
      Size: 8530021
      Capacity: 8530021

     Moving image = Image (0x47c2310)
  RTTI typeinfo:   itk::Image<double, 3u>
  Reference Count: 2
  Modified Time: 2335
  Debug: Off
  Object Name: 
  Observers: 
    none
  Source: (none)
  Source output name: (none)
  Release Data: Off
  Data Released: False
  Global Release Data: Off
  PipelineMTime: 0
  UpdateMTime: 2332
  RealTimeStamp: 0 seconds 
  LargestPossibleRegion: 
    Dimension: 3
    Index: [0, 0, 0]
    Size: [176, 240, 256]
  BufferedRegion: 
    Dimension: 3
    Index: [0, 0, 0]
    Size: [176, 240, 256]
  RequestedRegion: 
    Dimension: 3
    Index: [0, 0, 0]
    Size: [176, 240, 256]
  Spacing: [0.999999, 1, 1]
  Origin: [93.3499, 86.9368, -128.957]
  Direction: 
-0.999513 -0.0279216 -0.0139567
0.0279189 -0.99961 0.000389866
-0.0139622 2.01492e-08 0.999903

  IndexToPointMatrix: 
-0.999512 -0.0279216 -0.0139567
0.0279189 -0.99961 0.000389866
-0.0139621 2.01492e-08 0.999903

  PointToIndexMatrix: 
-0.999514 0.0279189 -0.0139622
-0.0279216 -0.99961 2.01716e-08
-0.0139567 0.000389866 0.999903

  Inverse Direction: 
-0.999513 0.0279189 -0.0139622
-0.0279216 -0.99961 2.01716e-08
-0.0139567 0.000389866 0.999903

  PixelContainer: 
    ImportImageContainer (0x48ed610)
      RTTI typeinfo:   itk::ImportImageContainer<unsigned long, double>
      Reference Count: 1
      Modified Time: 2329
      Debug: Off
      Object Name: 
      Observers: 
        none
      Pointer: 0x152dbe9ab010
      Container manages memory: true
      Size: 10813440
      Capacity: 10813440

     Weighting = 1
     Sampling strategy = regular
     Number of bins = 32
     Radius = 4
     Sampling percentage  = 0.25
   Transform = Rigid
     Gradient step = 0.1
     Update field sigma (voxel space) = 0
     Total field sigma (voxel space) = 0
     Update field time sigma = 0
     Total field time sigma  = 0
     Number of time indices = 0
     Number of time point samples = 0
Registration using 1 total stages.

Stage 0
  iterations = 0
  convergence threshold = 1e-06
  convergence window size = 10
  number of levels = 1
  using the Mattes MI metric (number of bins = 32, weight = 1, use gradient filter = 0)
  preprocessing:  winsorizing the image intensities
  Shrink factors (level 1 out of 1): [1, 1, 1]
  smoothing sigmas per level: [0]
  regular sampling (percentage = 0.25)

*** Running Euler3DTransform registration ***

  Elapsed time (stage 0): 1.13344


Total elapsed time: 1.13565
Info [verificarlo]: loaded backend libinterflop_ieee.so
Info [interflop-ieee]: load backend with:
Info [interflop-ieee]: debug = false
Info [interflop-ieee]: debug-binary = false
Info [interflop-ieee]: no-backend-name = false
Info [interflop-ieee]: print-new-line = false
Info [interflop-ieee]: print-subnormal-normalized = false
Info [interflop-ieee]: count-op = false
All_Command_lines_OK
Using double precision for computations.
=============================================================================
The composite transform comprises the following transforms (in order): 
  1. /home/mdugre/scratch/mri-registration-rp/datasets/ds004513/derivatives/mri-registration-rp/0011/antsRegistration-r8-p23/sub-s003/align_Composite.h5[0] (type = Euler3DTransform)
  2. /home/mdugre/scratch/mri-registration-rp/datasets/ds004513/derivatives/mri-registration-rp/0011/antsRegistration-r8-p23/sub-s003/align_Composite.h5[1] (type = Euler3DTransform)
=============================================================================
  number of levels = 4
  fixed image: /templateflow/tpl-MNI152NLin2009cAsym/tpl-MNI152NLin2009cAsym_res-01_desc-brain_T1w.nii.gz
  moving image: /home/mdugre/scratch/mri-registration-rp/datasets/ds004513/derivatives/mri-registration-rp/antsBrainExtraction/sub-s003/BrainExtractionBrain.nii.gz
Dimension = 3
Number of stages = 1
Use histogram matching = false
Winsorize image intensities = true
  Lower quantile = 0.005
  Upper quantile = 0.995


Stage 1 State
   Image metric = MattesMI
     Fixed image = Image (0x403b530)
  RTTI typeinfo:   itk::Image<double, 3u>
  Reference Count: 2
  Modified Time: 1580
  Debug: Off
  Object Name: 
  Observers: 
    none
  Source: (none)
  Source output name: (none)
  Release Data: Off
  Data Released: False
  Global Release Data: Off
  PipelineMTime: 0
  UpdateMTime: 1189
  RealTimeStamp: 0 seconds 
  LargestPossibleRegion: 
    Dimension: 3
    Index: [0, 0, 0]
    Size: [193, 229, 193]
  BufferedRegion: 
    Dimension: 3
    Index: [0, 0, 0]
    Size: [193, 229, 193]
  RequestedRegion: 
    Dimension: 3
    Index: [0, 0, 0]
    Size: [193, 229, 193]
  Spacing: [1, 1, 1]
  Origin: [96, 132, -78]
  Direction: 
-1 0 0
0 -1 0
0 0 1

  IndexToPointMatrix: 
-1 0 0
0 -1 0
0 0 1

  PointToIndexMatrix: 
-1 0 0
0 -1 0
0 0 1

  Inverse Direction: 
-1 0 0
0 -1 0
0 0 1

  PixelContainer: 
    ImportImageContainer (0x40f9d60)
      RTTI typeinfo:   itk::ImportImageContainer<unsigned long, double>
      Reference Count: 1
      Modified Time: 1186
      Debug: Off
      Object Name: 
      Observers: 
        none
      Pointer: 0x14b090a94010
      Container manages memory: true
      Size: 8530021
      Capacity: 8530021

     Moving image = Image (0x40ebf60)
  RTTI typeinfo:   itk::Image<double, 3u>
  Reference Count: 2
  Modified Time: 1581
  Debug: Off
  Object Name: 
  Observers: 
    none
  Source: (none)
  Source output name: (none)
  Release Data: Off
  Data Released: False
  Global Release Data: Off
  PipelineMTime: 0
  UpdateMTime: 1578
  RealTimeStamp: 0 seconds 
  LargestPossibleRegion: 
    Dimension: 3
    Index: [0, 0, 0]
    Size: [176, 240, 256]
  BufferedRegion: 
    Dimension: 3
    Index: [0, 0, 0]
    Size: [176, 240, 256]
  RequestedRegion: 
    Dimension: 3
    Index: [0, 0, 0]
    Size: [176, 240, 256]
  Spacing: [0.999999, 1, 1]
  Origin: [93.3499, 86.9368, -128.957]
  Direction: 
-0.999513 -0.0279216 -0.0139567
0.0279189 -0.99961 0.000389866
-0.0139622 2.01492e-08 0.999903

  IndexToPointMatrix: 
-0.999512 -0.0279216 -0.0139567
0.0279189 -0.99961 0.000389866
-0.0139621 2.01492e-08 0.999903

  PointToIndexMatrix: 
-0.999514 0.0279189 -0.0139622
-0.0279216 -0.99961 2.01716e-08
-0.0139567 0.000389866 0.999903

  Inverse Direction: 
-0.999513 0.0279189 -0.0139622
-0.0279216 -0.99961 2.01716e-08
-0.0139567 0.000389866 0.999903

  PixelContainer: 
    ImportImageContainer (0x40dd6d0)
      RTTI typeinfo:   itk::ImportImageContainer<unsigned long, double>
      Reference Count: 1
      Modified Time: 1575
      Debug: Off
      Object Name: 
      Observers: 
        none
      Pointer: 0x14b08b813010
      Container manages memory: true
      Size: 10813440
      Capacity: 10813440

     Weighting = 1
     Sampling strategy = regular
     Number of bins = 32
     Radius = 4
     Sampling percentage  = 0.25
   Transform = Rigid
     Gradient step = 0.1
     Update field sigma (voxel space) = 0
     Total field sigma (voxel space) = 0
     Update field time sigma = 0
     Total field time sigma  = 0
     Number of time indices = 0
     Number of time point samples = 0
Registration using 1 total stages.

Stage 0
  iterations = 1000x500x250x100
  convergence threshold = 1e-06
  convergence window size = 10
  number of levels = 4
  using the Mattes MI metric (number of bins = 32, weight = 1, use gradient filter = 0)
  preprocessing:  winsorizing the image intensities
  Shrink factors (level 1 out of 4): [8, 8, 8]
  Shrink factors (level 2 out of 4): [4, 4, 4]
  Shrink factors (level 3 out of 4): [2, 2, 2]
  Shrink factors (level 4 out of 4): [1, 1, 1]
  smoothing sigmas per level: [3, 2, 1, 0]
  regular sampling (percentage = 0.25)

*** Running Euler3DTransform registration ***

DIAGNOSTIC,Iteration,metricValue,convergenceValue,ITERATION_TIME_INDEX,SINCE_LAST
 2DIAGNOSTIC,     1, -4.871187133941e-01, 1.797693134862e+308, 7.3529e-01, 7.3529e-01, 
 2DIAGNOSTIC,     2, -4.887966556740e-01, 1.797693134862e+308, 7.4009e-01, 4.8070e-03, 
 2DIAGNOSTIC,     3, -4.919242839642e-01, 1.797693134862e+308, 7.4461e-01, 4.5161e-03, 
 2DIAGNOSTIC,     4, -5.019092629522e-01, 1.797693134862e+308, 7.4977e-01, 5.1620e-03, 
 2DIAGNOSTIC,     5, -5.198319788477e-01, 1.797693134862e+308, 7.5482e-01, 5.0421e-03, 
 2DIAGNOSTIC,     6, -5.251449584180e-01, 1.797693134862e+308, 7.5928e-01, 4.4620e-03, 
 2DIAGNOSTIC,     7, -5.365118080768e-01, 1.797693134862e+308, 7.6380e-01, 4.5252e-03, 
 2DIAGNOSTIC,     8, -5.564319077261e-01, 1.797693134862e+308, 7.7037e-01, 6.5699e-03, 
 2DIAGNOSTIC,     9, -5.572786469687e-01, 1.797693134862e+308, 7.7479e-01, 4.4181e-03, 
 2DIAGNOSTIC,    10, -5.597886110608e-01, 1.060089541986e-02, 7.7971e-01, 4.9212e-03, 
 2DIAGNOSTIC,    11, -5.645450860914e-01, 9.471656029002e-03, 7.8429e-01, 4.5781e-03, 
 2DIAGNOSTIC,    12, -5.675342641672e-01, 7.901754414630e-03, 7.8932e-01, 5.0299e-03, 
 2DIAGNOSTIC,    13, -5.685174641935e-01, 6.033280802480e-03, 7.9438e-01, 5.0640e-03, 
 2DIAGNOSTIC,    14, -5.693412095343e-01, 4.302087948773e-03, 8.0009e-01, 5.7061e-03, 
 2DIAGNOSTIC,    15, -5.718972801999e-01, 3.155204981960e-03, 8.0511e-01, 5.0170e-03, 
 2DIAGNOSTIC,    16, -5.734788767073e-01, 2.091398053257e-03, 8.0953e-01, 4.4219e-03, 
 2DIAGNOSTIC,    17, -5.737823402463e-01, 1.310029424177e-03, 8.1436e-01, 4.8361e-03, 
 2DIAGNOSTIC,    18, -5.749452616696e-01, 1.114936190123e-03, 8.1892e-01, 4.5550e-03, 
 2DIAGNOSTIC,    19, -5.774392255373e-01, 9.301256922593e-04, 8.2601e-01, 7.0858e-03, 
 2DIAGNOSTIC,    20, -5.782944999920e-01, 7.612328991194e-04, 8.3113e-01, 5.1210e-03, 
 2DIAGNOSTIC,    21, -5.788863756084e-01, 6.687985512389e-04, 8.3560e-01, 4.4720e-03, 
 2DIAGNOSTIC,    22, -5.857337702265e-01, 7.546209612020e-04, 8.4006e-01, 4.4661e-03, 
 2DIAGNOSTIC,    23, -6.028589200471e-01, 1.162232406948e-03, 8.4518e-01, 5.1181e-03, 
 2DIAGNOSTIC,    24, -6.086613847393e-01, 1.554691264784e-03, 8.5140e-01, 6.2149e-03, 
 2DIAGNOSTIC,    25, -6.127624318101e-01, 1.904928897961e-03, 8.5655e-01, 5.1489e-03, 
 2DIAGNOSTIC,    26, -6.171330103811e-01, 2.167612457046e-03, 8.6146e-01, 4.9090e-03, 
 2DIAGNOSTIC,    27, -6.180829712980e-01, 2.226134264342e-03, 8.6573e-01, 4.2789e-03, 
 2DIAGNOSTIC,    28, -6.204355231087e-01, 2.128618134301e-03, 8.7057e-01, 4.8380e-03, 
 2DIAGNOSTIC,    29, -6.216541953687e-01, 1.901236663186e-03, 8.7487e-01, 4.3020e-03, 
 2DIAGNOSTIC,    30, -6.252686894896e-01, 1.589741165141e-03, 8.7985e-01, 4.9751e-03, 
 2DIAGNOSTIC,    31, -6.305777446496e-01, 1.244381364788e-03, 8.8451e-01, 4.6561e-03, 
 2DIAGNOSTIC,    32, -6.437127808461e-01, 1.107473406818e-03, 8.9018e-01, 5.6791e-03, 
 2DIAGNOSTIC,    33, -6.470252943835e-01, 1.176377740891e-03, 8.9458e-01, 4.3981e-03, 
 2DIAGNOSTIC,    34, -6.489208180754e-01, 1.241878852109e-03, 9.0171e-01, 7.1321e-03, 
 2DIAGNOSTIC,    35, -6.509315356764e-01, 1.271872088104e-03, 9.0623e-01, 4.5130e-03, 
 2DIAGNOSTIC,    36, -6.520052245956e-01, 1.251973210271e-03, 9.1057e-01, 4.3399e-03, 
 2DIAGNOSTIC,    37, -6.528675484718e-01, 1.135511375723e-03, 9.1502e-01, 4.4529e-03, 
 2DIAGNOSTIC,    38, -6.532428863775e-01, 9.531130244142e-04, 9.1945e-01, 4.4270e-03, 
 2DIAGNOSTIC,    39, -6.541837580924e-01, 7.192036367481e-04, 9.2521e-01, 5.7590e-03, 
 2DIAGNOSTIC,    40, -6.542243776481e-01, 4.742391490066e-04, 9.2950e-01, 4.2930e-03, 
 2DIAGNOSTIC,    41, -6.546725163001e-01, 2.614097828726e-04, 9.3380e-01, 4.2980e-03, 
 2DIAGNOSTIC,    42, -6.552172069980e-01, 1.909016118295e-04, 9.3960e-01, 5.8031e-03, 
 2DIAGNOSTIC,    43, -6.554097755945e-01, 1.445942462327e-04, 9.4439e-01, 4.7889e-03, 
 2DIAGNOSTIC,    44, -6.554508093610e-01, 1.075174740138e-04, 9.4865e-01, 4.2579e-03, 
 2DIAGNOSTIC,    45, -6.555130175416e-01, 8.394594707858e-05, 9.5287e-01, 4.2269e-03, 
 2DIAGNOSTIC,    46, -6.555922603635e-01, 6.536151691179e-05, 9.5763e-01, 4.7569e-03, 
 2DIAGNOSTIC,    47, -6.557566368663e-01, 5.173879574154e-05, 9.6237e-01, 4.7359e-03, 
 2DIAGNOSTIC,    48, -6.557087450354e-01, 3.682734934864e-05, 9.6766e-01, 5.2919e-03, 
 2DIAGNOSTIC,    49, -6.557466828640e-01, 2.873833946074e-05, 9.7244e-01, 4.7791e-03, 
 2DIAGNOSTIC,    50, -6.555161907309e-01, 1.649193428409e-05, 9.7666e-01, 4.2231e-03, 
 2DIAGNOSTIC,    51, -6.556249465315e-01, 8.326268165878e-06, 9.8092e-01, 4.2560e-03, 
 2DIAGNOSTIC,    52, -6.556524587785e-01, 4.839968610140e-06, 9.8571e-01, 4.7960e-03, 
 2DIAGNOSTIC,    53, -6.557680449595e-01, 3.808648061057e-06, 9.9046e-01, 4.7481e-03, 
 2DIAGNOSTIC,    54, -6.558738403888e-01, 3.801283346823e-06, 9.9521e-01, 4.7441e-03, 
 2DIAGNOSTIC,    55, -6.558141255150e-01, 3.521319260562e-06, 9.9947e-01, 4.2629e-03, 
 2DIAGNOSTIC,    56, -6.558224887436e-01, 3.699038208810e-06, 1.0054e+00, 5.9578e-03, 
 2DIAGNOSTIC,    57, -6.557568726694e-01, 4.363318407634e-06, 1.0112e+00, 5.7850e-03, 
 2DIAGNOSTIC,    58, -6.556737126219e-01, 3.558961617484e-06, 1.0156e+00, 4.4279e-03, 
 2DIAGNOSTIC,    59, -6.557766372234e-01, 3.675491106560e-06, 1.0201e+00, 4.4560e-03, 
 2DIAGNOSTIC,    60, -6.557935368423e-01, 1.792043339010e-06, 1.0243e+00, 4.2219e-03, 
DIAGNOSTIC,Iteration,metricValue,convergenceValue,ITERATION_TIME_INDEX,SINCE_LAST
 2DIAGNOSTIC,     1, -5.253418044428e-01, 1.797693134862e+308, 1.8114e+00, 7.8709e-01, 
 2DIAGNOSTIC,     2, -5.259400273514e-01, 1.797693134862e+308, 1.8416e+00, 3.0173e-02, 
 2DIAGNOSTIC,     3, -5.267603495750e-01, 1.797693134862e+308, 1.8715e+00, 2.9962e-02, 
 2DIAGNOSTIC,     4, -5.275888109646e-01, 1.797693134862e+308, 1.9031e+00, 3.1522e-02, 
 2DIAGNOSTIC,     5, -5.279930713631e-01, 1.797693134862e+308, 1.9309e+00, 2.7820e-02, 
 2DIAGNOSTIC,     6, -5.282485613041e-01, 1.797693134862e+308, 1.9617e+00, 3.0841e-02, 
 2DIAGNOSTIC,     7, -5.289819160648e-01, 1.797693134862e+308, 1.9905e+00, 2.8754e-02, 
 2DIAGNOSTIC,     8, -5.306075075085e-01, 1.797693134862e+308, 2.0202e+00, 2.9682e-02, 
 2DIAGNOSTIC,     9, -5.338681434859e-01, 1.797693134862e+308, 2.0660e+00, 4.5867e-02, 
 2DIAGNOSTIC,    10, -5.341176895366e-01, 1.029208731057e-03, 2.0986e+00, 3.2591e-02, 
 2DIAGNOSTIC,    11, -5.342170281743e-01, 1.001160739975e-03, 2.1319e+00, 3.3287e-02, 
 2DIAGNOSTIC,    12, -5.343313552026e-01, 9.214256044938e-04, 2.1603e+00, 2.8426e-02, 
 2DIAGNOSTIC,    13, -5.344261184814e-01, 8.065999528044e-04, 2.1887e+00, 2.8407e-02, 
 2DIAGNOSTIC,    14, -5.346042324772e-01, 6.715751264887e-04, 2.2246e+00, 3.5904e-02, 
 2DIAGNOSTIC,    15, -5.346659939053e-01, 5.105695070475e-04, 2.2554e+00, 3.0792e-02, 
 2DIAGNOSTIC,    16, -5.347107351367e-01, 3.349595682603e-04, 2.2857e+00, 3.0263e-02, 
 2DIAGNOSTIC,    17, -5.355411175864e-01, 1.985851489069e-04, 2.3256e+00, 3.9911e-02, 
 2DIAGNOSTIC,    18, -5.358397162888e-01, 1.130902131418e-04, 2.3578e+00, 3.2146e-02, 
 2DIAGNOSTIC,    19, -5.361537598989e-01, 1.267484709281e-04, 2.3948e+00, 3.7001e-02, 
 2DIAGNOSTIC,    20, -5.362657490319e-01, 1.372387029236e-04, 2.4307e+00, 3.5926e-02, 
 2DIAGNOSTIC,    21, -5.363721476379e-01, 1.393752686822e-04, 2.4771e+00, 4.6438e-02, 
 2DIAGNOSTIC,    22, -5.363681557823e-01, 1.308497017992e-04, 2.5093e+00, 3.2220e-02, 
 2DIAGNOSTIC,    23, -5.363638256757e-01, 1.128402967371e-04, 2.5465e+00, 3.7211e-02, 
 2DIAGNOSTIC,    24, -5.363500785305e-01, 8.971359787955e-05, 2.5772e+00, 3.0658e-02, 
 2DIAGNOSTIC,    25, -5.363523634324e-01, 6.174063404162e-05, 2.6162e+00, 3.9014e-02, 
 2DIAGNOSTIC,    26, -5.363613062660e-01, 3.098799259246e-05, 2.6442e+00, 2.8013e-02, 
 2DIAGNOSTIC,    27, -5.363556012366e-01, 1.593393740590e-05, 2.6717e+00, 2.7487e-02, 
 2DIAGNOSTIC,    28, -5.363587233070e-01, 6.209622575942e-06, 2.7028e+00, 3.1128e-02, 
 2DIAGNOSTIC,    29, -5.363558230186e-01, 2.366004739345e-06, 2.7306e+00, 2.7766e-02, 
DIAGNOSTIC,Iteration,metricValue,convergenceValue,ITERATION_TIME_INDEX,SINCE_LAST
 2DIAGNOSTIC,     1, -4.764726552767e-01, 1.797693134862e+308, 3.8431e+00, 1.1124e+00, 
 2DIAGNOSTIC,     2, -4.766038038307e-01, 1.797693134862e+308, 4.0993e+00, 2.5629e-01, 
 2DIAGNOSTIC,     3, -4.766976213654e-01, 1.797693134862e+308, 4.3549e+00, 2.5560e-01, 
 2DIAGNOSTIC,     4, -4.767276708961e-01, 1.797693134862e+308, 4.6402e+00, 2.8523e-01, 
 2DIAGNOSTIC,     5, -4.767664923364e-01, 1.797693134862e+308, 4.9002e+00, 2.5999e-01, 
 2DIAGNOSTIC,     6, -4.768470535194e-01, 1.797693134862e+308, 5.1425e+00, 2.4232e-01, 
 2DIAGNOSTIC,     7, -4.769999642291e-01, 1.797693134862e+308, 5.3911e+00, 2.4859e-01, 
 2DIAGNOSTIC,     8, -4.777383433798e-01, 1.797693134862e+308, 5.6742e+00, 2.8310e-01, 
 2DIAGNOSTIC,     9, -4.784701576503e-01, 1.797693134862e+308, 5.9058e+00, 2.3165e-01, 
 2DIAGNOSTIC,    10, -4.787249704251e-01, 2.863091999090e-04, 6.2922e+00, 3.8637e-01, 
 2DIAGNOSTIC,    11, -4.787501381672e-01, 3.070780913624e-04, 6.5489e+00, 2.5674e-01, 
 2DIAGNOSTIC,    12, -4.787506239481e-01, 3.039816903455e-04, 6.8114e+00, 2.6251e-01, 
 2DIAGNOSTIC,    13, -4.787430812617e-01, 2.776344708627e-04, 7.0825e+00, 2.7106e-01, 
 2DIAGNOSTIC,    14, -4.787491503273e-01, 2.310482511006e-04, 7.3515e+00, 2.6902e-01, 
 2DIAGNOSTIC,    15, -4.787572487985e-01, 1.718310537724e-04, 7.5927e+00, 2.4117e-01, 
 2DIAGNOSTIC,    16, -4.787605947983e-01, 1.081401344524e-04, 7.8508e+00, 2.5811e-01, 
 2DIAGNOSTIC,    17, -4.787674197682e-01, 4.748847804541e-05, 8.1105e+00, 2.5975e-01, 
 2DIAGNOSTIC,    18, -4.787702671825e-01, 1.328895327097e-05, 8.3512e+00, 2.4069e-01, 
 2DIAGNOSTIC,    19, -4.787986411318e-01, 5.199933027417e-06, 8.5936e+00, 2.4235e-01, 
 2DIAGNOSTIC,    20, -4.788102726247e-01, 5.465404103663e-06, 8.8497e+00, 2.5612e-01, 
 2DIAGNOSTIC,    21, -4.788264834470e-01, 6.514551365043e-06, 9.1251e+00, 2.7540e-01, 
 2DIAGNOSTIC,    22, -4.788536662028e-01, 7.760653592780e-06, 9.4352e+00, 3.1013e-01, 
 2DIAGNOSTIC,    23, -4.788445107918e-01, 7.860722000104e-06, 9.7532e+00, 3.1797e-01, 
 2DIAGNOSTIC,    24, -4.788565158167e-01, 7.799034329466e-06, 1.0180e+01, 4.2711e-01, 
 2DIAGNOSTIC,    25, -4.788671445343e-01, 7.571729278719e-06, 1.0486e+01, 3.0545e-01, 
 2DIAGNOSTIC,    26, -4.788653256384e-01, 6.794827968844e-06, 1.0784e+01, 2.9840e-01, 
 2DIAGNOSTIC,    27, -4.788657244515e-01, 5.717478346288e-06, 1.1068e+01, 2.8414e-01, 
 2DIAGNOSTIC,    28, -4.788659150140e-01, 4.348112038338e-06, 1.1329e+01, 2.6046e-01, 
 2DIAGNOSTIC,    29, -4.788654251873e-01, 3.342877582614e-06, 1.1612e+01, 2.8319e-01, 
 2DIAGNOSTIC,    30, -4.788648447554e-01, 2.401882014974e-06, 1.1912e+01, 2.9975e-01, 
 2DIAGNOSTIC,    31, -4.788634059055e-01, 1.664710957153e-06, 1.2206e+01, 2.9439e-01, 
 2DIAGNOSTIC,    32, -4.788627730532e-01, 1.417524535897e-06, 1.2487e+01, 2.8137e-01, 
DIAGNOSTIC,Iteration,metricValue,convergenceValue,ITERATION_TIME_INDEX,SINCE_LAST
 2DIAGNOSTIC,     1, -4.453702037668e-01, 1.797693134862e+308, 1.5141e+01, 2.6540e+00, 
 2DIAGNOSTIC,     2, -4.453942977941e-01, 1.797693134862e+308, 1.6761e+01, 1.6194e+00, 
 2DIAGNOSTIC,     3, -4.453939333410e-01, 1.797693134862e+308, 1.8570e+01, 1.8095e+00, 
 2DIAGNOSTIC,     4, -4.453927855477e-01, 1.797693134862e+308, 2.0684e+01, 2.1136e+00, 
 2DIAGNOSTIC,     5, -4.453920948141e-01, 1.797693134862e+308, 2.2323e+01, 1.6385e+00, 
 2DIAGNOSTIC,     6, -4.453916478248e-01, 1.797693134862e+308, 2.4384e+01, 2.0618e+00, 
 2DIAGNOSTIC,     7, -4.453916467355e-01, 1.797693134862e+308, 2.6133e+01, 1.7485e+00, 
 2DIAGNOSTIC,     8, -4.453915173015e-01, 1.797693134862e+308, 2.8030e+01, 1.8973e+00, 
 2DIAGNOSTIC,     9, -4.453913302359e-01, 1.797693134862e+308, 2.9627e+01, 1.5965e+00, 
 2DIAGNOSTIC,    10, -4.453913189708e-01, 4.216084807968e-06, 3.1261e+01, 1.6340e+00, 
 2DIAGNOSTIC,    11, -4.453912207630e-01, 2.505907554934e-06, 3.2992e+01, 1.7309e+00, 
 2DIAGNOSTIC,    12, -4.453911383359e-01, 2.391528320697e-06, 3.4656e+01, 1.6647e+00, 
 2DIAGNOSTIC,    13, -4.453911106334e-01, 2.299949291226e-06, 3.6391e+01, 1.7349e+00, 
 2DIAGNOSTIC,    14, -4.453910828804e-01, 2.181963606310e-06, 3.8095e+01, 1.7037e+00, 
 2DIAGNOSTIC,    15, -4.453910479622e-01, 2.057543327813e-06, 3.9755e+01, 1.6597e+00, 
 2DIAGNOSTIC,    16, -4.453908372667e-01, 1.928140356031e-06, 4.1334e+01, 1.5792e+00, 
 2DIAGNOSTIC,    17, -4.453906371133e-01, 1.812240933430e-06, 4.2870e+01, 1.5364e+00, 
 2DIAGNOSTIC,    18, -4.453906782012e-01, 1.711784096810e-06, 4.4758e+01, 1.8874e+00, 
 2DIAGNOSTIC,    19, -4.453906126732e-01, 1.618269216151e-06, 4.6319e+01, 1.5610e+00, 
 2DIAGNOSTIC,    20, -4.453905392196e-01, 1.536663613341e-06, 4.8179e+01, 1.8600e+00, 
 2DIAGNOSTIC,    21, -4.453904571084e-01, 1.462608777474e-06, 4.9749e+01, 1.5709e+00, 
 2DIAGNOSTIC,    22, -4.453903729583e-01, 1.395448551468e-06, 5.1289e+01, 1.5397e+00, 
 2DIAGNOSTIC,    23, -4.453902913566e-01, 1.335746453127e-06, 5.3100e+01, 1.8108e+00, 
 2DIAGNOSTIC,    24, -4.453903002722e-01, 1.284856349620e-06, 5.4489e+01, 1.3894e+00, 
 2DIAGNOSTIC,    25, -4.453902275523e-01, 1.239187452061e-06, 5.6017e+01, 1.5272e+00, 
 2DIAGNOSTIC,    26, -4.453901653338e-01, 1.193653317473e-06, 5.7457e+01, 1.4406e+00, 
 2DIAGNOSTIC,    27, -4.453902087575e-01, 1.150593317546e-06, 5.9043e+01, 1.5860e+00, 
 2DIAGNOSTIC,    28, -4.453902405981e-01, 1.114827268257e-06, 6.0663e+01, 1.6195e+00, 
 2DIAGNOSTIC,    29, -4.453901733062e-01, 1.080584381016e-06, 6.2107e+01, 1.4442e+00, 
 2DIAGNOSTIC,    30, -4.453901202061e-01, 1.047569330039e-06, 6.3664e+01, 1.5573e+00, 
 2DIAGNOSTIC,    31, -4.453899858105e-01, 1.013517229767e-06, 6.5365e+01, 1.7006e+00, 
  Elapsed time (stage 0): 6.6298e+01


Total elapsed time: 6.6301e+01
Info [verificarlo]: loaded backend libinterflop_vprec.so
Info [interflop-vprec]: load backend with: 
Info [interflop-vprec]: precision-binary32 = 23
Info [interflop-vprec]: range-binary32 = 8
Info [interflop-vprec]: precision-binary64 = 23
Info [interflop-vprec]: range-binary64 = 8
Info [interflop-vprec]: mode = ob
Info [interflop-vprec]: error-mode = rel
Info [interflop-vprec]: max-abs-error-exponent = -1022
Info [interflop-vprec]: daz = false
Info [interflop-vprec]: ftz = false
Info [interflop-vprec]: 	instrument = none
Info [interflop-vprec]: 	prec-input-file = (null)
Info [interflop-vprec]: 	prec-output-file = (null)
Info [interflop-vprec]: 	prec-log-file = (null)
All_Command_lines_OK
Using double precision for computations.
=============================================================================
The composite transform comprises the following transforms (in order): 
  1. /home/mdugre/scratch/mri-registration-rp/datasets/ds004513/derivatives/mri-registration-rp/0011/antsRegistration-r8-p23/sub-s003/rigid_Composite.h5[0] (type = Euler3DTransform)
  2. /home/mdugre/scratch/mri-registration-rp/datasets/ds004513/derivatives/mri-registration-rp/0011/antsRegistration-r8-p23/sub-s003/rigid_Composite.h5[1] (type = Euler3DTransform)
  3. /home/mdugre/scratch/mri-registration-rp/datasets/ds004513/derivatives/mri-registration-rp/0011/antsRegistration-r8-p23/sub-s003/rigid_Composite.h5[2] (type = Euler3DTransform)
=============================================================================
  number of levels = 4
  fixed image: /templateflow/tpl-MNI152NLin2009cAsym/tpl-MNI152NLin2009cAsym_res-01_desc-brain_T1w.nii.gz
  moving image: /home/mdugre/scratch/mri-registration-rp/datasets/ds004513/derivatives/mri-registration-rp/antsBrainExtraction/sub-s003/BrainExtractionBrain.nii.gz
Dimension = 3
Number of stages = 1
Use histogram matching = false
Winsorize image intensities = true
  Lower quantile = 0.005
  Upper quantile = 0.995


Stage 1 State
   Image metric = MattesMI
     Fixed image = Image (0x3e39490)
  RTTI typeinfo:   itk::Image<double, 3u>
  Reference Count: 2
  Modified Time: 1594
  Debug: Off
  Object Name: 
  Observers: 
    none
  Source: (none)
  Source output name: (none)
  Release Data: Off
  Data Released: False
  Global Release Data: Off
  PipelineMTime: 0
  UpdateMTime: 1203
  RealTimeStamp: 0 seconds 
  LargestPossibleRegion: 
    Dimension: 3
    Index: [0, 0, 0]
    Size: [193, 229, 193]
  BufferedRegion: 
    Dimension: 3
    Index: [0, 0, 0]
    Size: [193, 229, 193]
  RequestedRegion: 
    Dimension: 3
    Index: [0, 0, 0]
    Size: [193, 229, 193]
  Spacing: [1, 1, 1]
  Origin: [96, 132, -78]
  Direction: 
-1 0 0
0 -1 0
0 0 1

  IndexToPointMatrix: 
-1 0 0
0 -1 0
0 0 1

  PointToIndexMatrix: 
-1 0 0
0 -1 0
0 0 1

  Inverse Direction: 
-1 0 0
0 -1 0
0 0 1

  PixelContainer: 
    ImportImageContainer (0x3f048c0)
      RTTI typeinfo:   itk::ImportImageContainer<unsigned long, double>
      Reference Count: 1
      Modified Time: 1200
      Debug: Off
      Object Name: 
      Observers: 
        none
      Pointer: 0x14eb81982010
      Container manages memory: true
      Size: 8530021
      Capacity: 8530021

     Moving image = Image (0x3ef4b60)
  RTTI typeinfo:   itk::Image<double, 3u>
  Reference Count: 2
  Modified Time: 1595
  Debug: Off
  Object Name: 
  Observers: 
    none
  Source: (none)
  Source output name: (none)
  Release Data: Off
  Data Released: False
  Global Release Data: Off
  PipelineMTime: 0
  UpdateMTime: 1592
  RealTimeStamp: 0 seconds 
  LargestPossibleRegion: 
    Dimension: 3
    Index: [0, 0, 0]
    Size: [176, 240, 256]
  BufferedRegion: 
    Dimension: 3
    Index: [0, 0, 0]
    Size: [176, 240, 256]
  RequestedRegion: 
    Dimension: 3
    Index: [0, 0, 0]
    Size: [176, 240, 256]
  Spacing: [0.999999, 1, 1]
  Origin: [93.3499, 86.9368, -128.957]
  Direction: 
-0.999513 -0.0279216 -0.0139567
0.0279189 -0.99961 0.000389866
-0.0139622 2.01492e-08 0.999902

  IndexToPointMatrix: 
-0.999512 -0.0279216 -0.0139567
0.0279189 -0.99961 0.000389866
-0.0139621 2.01492e-08 0.999902

  PointToIndexMatrix: 
-0.999514 0.0279189 -0.0139622
-0.0279216 -0.99961 2.01544e-08
-0.0139567 0.000389866 0.999903

  Inverse Direction: 
-0.999513 0.0279189 -0.0139622
-0.0279216 -0.99961 2.01544e-08
-0.0139567 0.000389866 0.999903

  PixelContainer: 
    ImportImageContainer (0x3f881d0)
      RTTI typeinfo:   itk::ImportImageContainer<unsigned long, double>
      Reference Count: 1
      Modified Time: 1589
      Debug: Off
      Object Name: 
      Observers: 
        none
      Pointer: 0x14eb7c701010
      Container manages memory: true
      Size: 10813440
      Capacity: 10813440

     Weighting = 1
     Sampling strategy = regular
     Number of bins = 32
     Radius = 4
     Sampling percentage  = 0.25
   Transform = Affine
     Gradient step = 0.1
     Update field sigma (voxel space) = 0
     Total field sigma (voxel space) = 0
     Update field time sigma = 0
     Total field time sigma  = 0
     Number of time indices = 0
     Number of time point samples = 0
Registration using 1 total stages.

Stage 0
  iterations = 1000x500x250x100
  convergence threshold = 1e-06
  convergence window size = 10
  number of levels = 4
  using the Mattes MI metric (number of bins = 32, weight = 1, use gradient filter = 0)
  preprocessing:  winsorizing the image intensities
  Shrink factors (level 1 out of 4): [8, 8, 8]
  Shrink factors (level 2 out of 4): [4, 4, 4]
  Shrink factors (level 3 out of 4): [2, 2, 2]
  Shrink factors (level 4 out of 4): [1, 1, 1]
  smoothing sigmas per level: [3, 2, 1, 0]
  regular sampling (percentage = 0.25)

*** Running AffineTransform registration ***

DIAGNOSTIC,Iteration,metricValue,convergenceValue,ITERATION_TIME_INDEX,SINCE_LAST
 2DIAGNOSTIC,     1, -6.604313422017e-01, 1.797693134862e+308, 0.0000e+00, 0.0000e+00, 
 2DIAGNOSTIC,     2, -6.629829377358e-01, 1.797693134862e+308, 0.0000e+00, 0.0000e+00, 
 2DIAGNOSTIC,     3, -6.668283206653e-01, 1.797693134862e+308, 0.0000e+00, 0.0000e+00, 
 2DIAGNOSTIC,     4, -6.727907239346e-01, 1.797693134862e+308, 0.0000e+00, 0.0000e+00, 
 2DIAGNOSTIC,     5, -6.804956071114e-01, 1.797693134862e+308, 0.0000e+00, 0.0000e+00, 
 2DIAGNOSTIC,     6, -6.922707547562e-01, 1.797693134862e+308, 0.0000e+00, 0.0000e+00, 
 2DIAGNOSTIC,     7, -7.144846518111e-01, 1.797693134862e+308, 0.0000e+00, 0.0000e+00, 
 2DIAGNOSTIC,     8, -7.195897469504e-01, 1.797693134862e+308, 0.0000e+00, 0.0000e+00, 
 2DIAGNOSTIC,     9, -7.204933413928e-01, 1.797693134862e+308, 0.0000e+00, 0.0000e+00, 
 2DIAGNOSTIC,    10, -7.208017844263e-01, 6.955756563928e-03, 0.0000e+00, 0.0000e+00, 
 2DIAGNOSTIC,    11, -7.209319974427e-01, 5.980299837172e-03, 0.0000e+00, 0.0000e+00, 
 2DIAGNOSTIC,    12, -7.208042936948e-01, 4.710121094518e-03, 0.0000e+00, 0.0000e+00, 
 2DIAGNOSTIC,    13, -7.206382992539e-01, 3.331649171765e-03, 0.0000e+00, 0.0000e+00, 
 2DIAGNOSTIC,    14, -7.205016278316e-01, 2.030774241725e-03, 0.0000e+00, 0.0000e+00, 
 2DIAGNOSTIC,    15, -7.205755191198e-01, 9.337341239471e-04, 0.0000e+00, 0.0000e+00, 
 2DIAGNOSTIC,    16, -7.204410657206e-01, 1.721840503462e-04, 0.0000e+00, 0.0000e+00, 
 2DIAGNOSTIC,    17, -7.205168334833e-01, 1.366626861869e-05, 0.0000e+00, 0.0000e+00, 
DIAGNOSTIC,Iteration,metricValue,convergenceValue,ITERATION_TIME_INDEX,SINCE_LAST
 2DIAGNOSTIC,     1, -5.939261403484e-01, 1.797693134862e+308, 0.0000e+00, 0.0000e+00, 
 2DIAGNOSTIC,     2, -5.942225934544e-01, 1.797693134862e+308, 0.0000e+00, 0.0000e+00, 
 2DIAGNOSTIC,     3, -5.943573140056e-01, 1.797693134862e+308, 0.0000e+00, 0.0000e+00, 
 2DIAGNOSTIC,     4, -5.943596562938e-01, 1.797693134862e+308, 0.0000e+00, 0.0000e+00, 
 2DIAGNOSTIC,     5, -5.943756493112e-01, 1.797693134862e+308, 0.0000e+00, 0.0000e+00, 
 2DIAGNOSTIC,     6, -5.943930501109e-01, 1.797693134862e+308, 0.0000e+00, 0.0000e+00, 
 2DIAGNOSTIC,     7, -5.944548690375e-01, 1.797693134862e+308, 0.0000e+00, 0.0000e+00, 
 2DIAGNOSTIC,     8, -5.944546800045e-01, 1.797693134862e+308, 0.0000e+00, 0.0000e+00, 
 2DIAGNOSTIC,     9, -5.944582618771e-01, 1.797693134862e+308, 0.0000e+00, 0.0000e+00, 
 2DIAGNOSTIC,    10, -5.944466848128e-01, 4.344957949444e-05, 0.0000e+00, 0.0000e+00, 
 2DIAGNOSTIC,    11, -5.944955547749e-01, 2.320953839316e-05, 0.0000e+00, 0.0000e+00, 
 2DIAGNOSTIC,    12, -5.945146328917e-01, 1.684946379327e-05, 0.0000e+00, 0.0000e+00, 
 2DIAGNOSTIC,    13, -5.944446063004e-01, 1.256668745579e-05, 0.0000e+00, 0.0000e+00, 
 2DIAGNOSTIC,    14, -5.944291987780e-01, 7.659319550657e-06, 0.0000e+00, 0.0000e+00, 
 2DIAGNOSTIC,    15, -5.944228405332e-01, 3.226420858080e-06, 0.0000e+00, 0.0000e+00, 
DIAGNOSTIC,Iteration,metricValue,convergenceValue,ITERATION_TIME_INDEX,SINCE_LAST
 2DIAGNOSTIC,     1, -5.237217028580e-01, 1.797693134862e+308, 0.0000e+00, 0.0000e+00, 
 2DIAGNOSTIC,     2, -5.237715129568e-01, 1.797693134862e+308, 0.0000e+00, 0.0000e+00, 
 2DIAGNOSTIC,     3, -5.237813970200e-01, 1.797693134862e+308, 0.0000e+00, 0.0000e+00, 
 2DIAGNOSTIC,     4, -5.237648028812e-01, 1.797693134862e+308, 0.0000e+00, 0.0000e+00, 
 2DIAGNOSTIC,     5, -5.237615233884e-01, 1.797693134862e+308, 0.0000e+00, 0.0000e+00, 
 2DIAGNOSTIC,     6, -5.237594186232e-01, 1.797693134862e+308, 0.0000e+00, 0.0000e+00, 
 2DIAGNOSTIC,     7, -5.237525244541e-01, 1.797693134862e+308, 0.0000e+00, 0.0000e+00, 
 2DIAGNOSTIC,     8, -5.237367067580e-01, 1.797693134862e+308, 0.0000e+00, 0.0000e+00, 
 2DIAGNOSTIC,     9, -5.237451754246e-01, 1.797693134862e+308, 0.0000e+00, 0.0000e+00, 
 2DIAGNOSTIC,    10, -5.237461374859e-01, 1.225527666029e-06, 0.0000e+00, 0.0000e+00, 
DIAGNOSTIC,Iteration,metricValue,convergenceValue,ITERATION_TIME_INDEX,SINCE_LAST
 2DIAGNOSTIC,     1, -4.778771355827e-01, 1.797693134862e+308, 0.0000e+00, 0.0000e+00, 
 2DIAGNOSTIC,     2, -4.782154846462e-01, 1.797693134862e+308, 1.2800e+02, 1.2800e+02, 
 2DIAGNOSTIC,     3, -4.785830319896e-01, 1.797693134862e+308, 1.2800e+02, 0.0000e+00, 
 2DIAGNOSTIC,     4, -4.790611485311e-01, 1.797693134862e+308, 1.2800e+02, 0.0000e+00, 
 2DIAGNOSTIC,     5, -4.795063162907e-01, 1.797693134862e+308, 1.2800e+02, 0.0000e+00, 
 2DIAGNOSTIC,     6, -4.800938253719e-01, 1.797693134862e+308, 1.2800e+02, 0.0000e+00, 
 2DIAGNOSTIC,     7, -4.807479110020e-01, 1.797693134862e+308, 1.2800e+02, 0.0000e+00, 
 2DIAGNOSTIC,     8, -4.807704203144e-01, 1.797693134862e+308, 1.2800e+02, 0.0000e+00, 
 2DIAGNOSTIC,     9, -4.808527000578e-01, 1.797693134862e+308, 1.2800e+02, 0.0000e+00, 
 2DIAGNOSTIC,    10, -4.809808903204e-01, 4.669980534630e-04, 1.2800e+02, 0.0000e+00, 
 2DIAGNOSTIC,    11, -4.811788812919e-01, 3.806076663673e-04, 1.2800e+02, 0.0000e+00, 
 2DIAGNOSTIC,    12, -4.814334979577e-01, 3.033717340547e-04, 1.2800e+02, 0.0000e+00, 
 2DIAGNOSTIC,    13, -4.818221246600e-01, 2.451132170648e-04, 1.2800e+02, 0.0000e+00, 
 2DIAGNOSTIC,    14, -4.823710683937e-01, 2.164949482133e-04, 1.2800e+02, 0.0000e+00, 
 2DIAGNOSTIC,    15, -4.830718901203e-01, 2.165978923297e-04, 1.2800e+02, 0.0000e+00, 
 2DIAGNOSTIC,    16, -4.835859571176e-01, 2.366526610964e-04, 1.2800e+02, 0.0000e+00, 
 2DIAGNOSTIC,    17, -4.841728005620e-01, 2.758195154092e-04, 2.5600e+02, 1.2800e+02, 
 2DIAGNOSTIC,    18, -4.845294984439e-01, 2.975357618644e-04, 2.5600e+02, 0.0000e+00, 
 2DIAGNOSTIC,    19, -4.856802264667e-01, 3.276743908608e-04, 2.5600e+02, 0.0000e+00, 
 2DIAGNOSTIC,    20, -4.863570550788e-01, 3.473084706587e-04, 2.5600e+02, 0.0000e+00, 
 2DIAGNOSTIC,    21, -4.878354584066e-01, 3.797079326164e-04, 2.5600e+02, 0.0000e+00, 
 2DIAGNOSTIC,    22, -4.889883267829e-01, 4.109255678278e-04, 2.5600e+02, 0.0000e+00, 
 2DIAGNOSTIC,    23, -4.892805406509e-01, 4.181320793554e-04, 2.5600e+02, 0.0000e+00, 
 2DIAGNOSTIC,    24, -4.896556311315e-01, 4.083904821825e-04, 2.5600e+02, 0.0000e+00, 
 2DIAGNOSTIC,    25, -4.897194201665e-01, 3.789580063514e-04, 2.5600e+02, 0.0000e+00, 
 2DIAGNOSTIC,    26, -4.897362567611e-01, 3.279146881434e-04, 2.5600e+02, 0.0000e+00, 
 2DIAGNOSTIC,    27, -4.898163591046e-01, 2.643532518644e-04, 2.5600e+02, 0.0000e+00, 
 2DIAGNOSTIC,    28, -4.898589282539e-01, 1.886936634185e-04, 2.5600e+02, 0.0000e+00, 
 2DIAGNOSTIC,    29, -4.898895000496e-01, 1.247249145060e-04, 2.5600e+02, 0.0000e+00, 
 2DIAGNOSTIC,    30, -4.899100260707e-01, 6.653607515400e-05, 2.5600e+02, 0.0000e+00, 
 2DIAGNOSTIC,    31, -4.899669871200e-01, 3.456083617225e-05, 2.5600e+02, 0.0000e+00, 
 2DIAGNOSTIC,    32, -4.900620204710e-01, 2.420763258611e-05, 3.8400e+02, 1.2800e+02, 
 2DIAGNOSTIC,    33, -4.904314739532e-01, 2.382153806744e-05, 3.8400e+02, 0.0000e+00, 
 2DIAGNOSTIC,    34, -4.905863101086e-01, 3.026025167875e-05, 3.8400e+02, 0.0000e+00, 
 2DIAGNOSTIC,    35, -4.905863206889e-01, 3.464508038324e-05, 3.8400e+02, 0.0000e+00, 
 2DIAGNOSTIC,    36, -4.905861591699e-01, 3.593333621039e-05, 3.8400e+02, 0.0000e+00, 
 2DIAGNOSTIC,    37, -4.905860964682e-01, 3.506514104123e-05, 3.8400e+02, 0.0000e+00, 
 2DIAGNOSTIC,    38, -4.905860429330e-01, 3.153626568578e-05, 3.8400e+02, 0.0000e+00, 
 2DIAGNOSTIC,    39, -4.905858098995e-01, 2.568591907020e-05, 3.8400e+02, 0.0000e+00, 
 2DIAGNOSTIC,    40, -4.905856448876e-01, 1.813092391148e-05, 3.8400e+02, 0.0000e+00, 
 2DIAGNOSTIC,    41, -4.905856111923e-01, 1.016781006667e-05, 3.8400e+02, 0.0000e+00, 
 2DIAGNOSTIC,    42, -4.905858064603e-01, 2.896000101938e-06, 3.8400e+02, 0.0000e+00, 
  Elapsed time (stage 0): 3.8400e+02


Total elapsed time: 3.8400e+02
Info [verificarlo]: loaded backend libinterflop_vprec.so
Info [interflop-vprec]: load backend with: 
Info [interflop-vprec]: precision-binary32 = 23
Info [interflop-vprec]: range-binary32 = 8
Info [interflop-vprec]: precision-binary64 = 23
Info [interflop-vprec]: range-binary64 = 8
Info [interflop-vprec]: mode = ob
Info [interflop-vprec]: error-mode = rel
Info [interflop-vprec]: max-abs-error-exponent = -1022
Info [interflop-vprec]: daz = false
Info [interflop-vprec]: ftz = false
Info [interflop-vprec]: 	instrument = none
Info [interflop-vprec]: 	prec-input-file = (null)
Info [interflop-vprec]: 	prec-output-file = (null)
Info [interflop-vprec]: 	prec-log-file = (null)
All_Command_lines_OK
Using double precision for computations.
=============================================================================
The composite transform comprises the following transforms (in order): 
  1. /home/mdugre/scratch/mri-registration-rp/datasets/ds004513/derivatives/mri-registration-rp/0011/antsRegistration-r8-p23/sub-s003/affine_Composite.h5[0] (type = Euler3DTransform)
  2. /home/mdugre/scratch/mri-registration-rp/datasets/ds004513/derivatives/mri-registration-rp/0011/antsRegistration-r8-p23/sub-s003/affine_Composite.h5[1] (type = Euler3DTransform)
  3. /home/mdugre/scratch/mri-registration-rp/datasets/ds004513/derivatives/mri-registration-rp/0011/antsRegistration-r8-p23/sub-s003/affine_Composite.h5[2] (type = Euler3DTransform)
  4. /home/mdugre/scratch/mri-registration-rp/datasets/ds004513/derivatives/mri-registration-rp/0011/antsRegistration-r8-p23/sub-s003/affine_Composite.h5[3] (type = AffineTransform)
