
##########################
# Experiment information #
##########################

EXPERIMENT_NAME: antsRegistration-r8-p18
VFC_BACKENDS: libinterflop_vprec.so --range-binary32=8 --precision-binary32=18 --range-binary64=8 --precision-binary64=18

SIF_IMG: /home/mdugre/projects/rrg-glatard/mdugre/containers/ants-vprec-no_metrics.simg

SUBJECT_ID: s017
INPUT_IMG: /home/mdugre/scratch/mri-registration-rp/datasets/ds004513/derivatives/mri-registration-rp/antsBrainExtraction/sub-s017/BrainExtractionBrain.nii.gz
OUTPUT_DIR: /home/mdugre/scratch/mri-registration-rp/datasets/ds004513/derivatives/mri-registration-rp/0011/antsRegistration-r8-p18/sub-s017

FIXED_IMG: /templateflow/tpl-MNI152NLin2009cAsym/tpl-MNI152NLin2009cAsym_res-01_desc-brain_T1w.nii.gz
DATA_DIR: /home/mdugre/scratch/mri-registration-rp/datasets/ds004513
TEMPLATEFLOW_DIR: /home/mdugre/projects/rrg-glatard/mdugre/templateflow
ITK_GLOBAL_DEFAULT_NUMBER_OF_THREADS: 16
##########################

Info [verificarlo]: loaded backend libinterflop_ieee.so
Info [interflop-ieee]: load backend with:
Info [interflop-ieee]: debug = false
Info [interflop-ieee]: debug-binary = false
Info [interflop-ieee]: no-backend-name = false
Info [interflop-ieee]: print-new-line = false
Info [interflop-ieee]: print-subnormal-normalized = false
Info [interflop-ieee]: count-op = false
All_Command_lines_OK
Using double precision for computations.
=============================================================================
The composite transform comprises the following transforms (in order): 
  1. Center of mass alignment using fixed image: /templateflow/tpl-MNI152NLin2009cAsym/tpl-MNI152NLin2009cAsym_res-01_desc-brain_T1w.nii.gz and moving image: /home/mdugre/scratch/mri-registration-rp/datasets/ds004513/derivatives/mri-registration-rp/antsBrainExtraction/sub-s017/BrainExtractionBrain.nii.gz (type = Euler3DTransform)
=============================================================================
  number of levels = 1
  fixed image: /templateflow/tpl-MNI152NLin2009cAsym/tpl-MNI152NLin2009cAsym_res-01_desc-brain_T1w.nii.gz
  moving image: /home/mdugre/scratch/mri-registration-rp/datasets/ds004513/derivatives/mri-registration-rp/antsBrainExtraction/sub-s017/BrainExtractionBrain.nii.gz
Dimension = 3
Number of stages = 1
Use histogram matching = false
Winsorize image intensities = true
  Lower quantile = 0.005
  Upper quantile = 0.995


Stage 1 State
   Image metric = MattesMI
     Fixed image = Image (0x42cee70)
  RTTI typeinfo:   itk::Image<double, 3u>
  Reference Count: 2
  Modified Time: 2334
  Debug: Off
  Object Name: 
  Observers: 
    none
  Source: (none)
  Source output name: (none)
  Release Data: Off
  Data Released: False
  Global Release Data: Off
  PipelineMTime: 0
  UpdateMTime: 1943
  RealTimeStamp: 0 seconds 
  LargestPossibleRegion: 
    Dimension: 3
    Index: [0, 0, 0]
    Size: [193, 229, 193]
  BufferedRegion: 
    Dimension: 3
    Index: [0, 0, 0]
    Size: [193, 229, 193]
  RequestedRegion: 
    Dimension: 3
    Index: [0, 0, 0]
    Size: [193, 229, 193]
  Spacing: [1, 1, 1]
  Origin: [96, 132, -78]
  Direction: 
-1 0 0
0 -1 0
0 0 1

  IndexToPointMatrix: 
-1 0 0
0 -1 0
0 0 1

  PointToIndexMatrix: 
-1 0 0
0 -1 0
0 0 1

  Inverse Direction: 
-1 0 0
0 -1 0
0 0 1

  PixelContainer: 
    ImportImageContainer (0x42d7c60)
      RTTI typeinfo:   itk::ImportImageContainer<unsigned long, double>
      Reference Count: 1
      Modified Time: 1940
      Debug: Off
      Object Name: 
      Observers: 
        none
      Pointer: 0x14d205407010
      Container manages memory: true
      Size: 8530021
      Capacity: 8530021

     Moving image = Image (0x42da610)
  RTTI typeinfo:   itk::Image<double, 3u>
  Reference Count: 2
  Modified Time: 2335
  Debug: Off
  Object Name: 
  Observers: 
    none
  Source: (none)
  Source output name: (none)
  Release Data: Off
  Data Released: False
  Global Release Data: Off
  PipelineMTime: 0
  UpdateMTime: 2332
  RealTimeStamp: 0 seconds 
  LargestPossibleRegion: 
    Dimension: 3
    Index: [0, 0, 0]
    Size: [160, 240, 256]
  BufferedRegion: 
    Dimension: 3
    Index: [0, 0, 0]
    Size: [160, 240, 256]
  RequestedRegion: 
    Dimension: 3
    Index: [0, 0, 0]
    Size: [160, 240, 256]
  Spacing: [1, 1, 1]
  Origin: [91.3357, 102.231, -120.042]
  Direction: 
-0.997442 -5.36781e-05 -0.0714818
5.35416e-05 -1 3.82465e-06
-0.0714818 -1.23894e-08 0.997442

  IndexToPointMatrix: 
-0.997444 -5.36781e-05 -0.0714818
5.35418e-05 -1 3.82465e-06
-0.0714819 -1.23894e-08 0.997442

  PointToIndexMatrix: 
-0.99744 5.35415e-05 -0.0714816
-5.36781e-05 -1 -1.23894e-08
-0.0714818 3.82465e-06 0.997442

  Inverse Direction: 
-0.997442 5.35416e-05 -0.0714818
-5.36781e-05 -1 -1.23894e-08
-0.0714818 3.82465e-06 0.997442

  PixelContainer: 
    ImportImageContainer (0x4373ef0)
      RTTI typeinfo:   itk::ImportImageContainer<unsigned long, double>
      Reference Count: 1
      Modified Time: 2329
      Debug: Off
      Object Name: 
      Observers: 
        none
      Pointer: 0x14d200906010
      Container manages memory: true
      Size: 9830400
      Capacity: 9830400

     Weighting = 1
     Sampling strategy = regular
     Number of bins = 32
     Radius = 4
     Sampling percentage  = 0.25
   Transform = Rigid
     Gradient step = 0.1
     Update field sigma (voxel space) = 0
     Total field sigma (voxel space) = 0
     Update field time sigma = 0
     Total field time sigma  = 0
     Number of time indices = 0
     Number of time point samples = 0
Registration using 1 total stages.

Stage 0
  iterations = 0
  convergence threshold = 1e-06
  convergence window size = 10
  number of levels = 1
  using the Mattes MI metric (number of bins = 32, weight = 1, use gradient filter = 0)
  preprocessing:  winsorizing the image intensities
  Shrink factors (level 1 out of 1): [1, 1, 1]
  smoothing sigmas per level: [0]
  regular sampling (percentage = 0.25)

*** Running Euler3DTransform registration ***

  Elapsed time (stage 0): 1.10289


Total elapsed time: 1.10514
Info [verificarlo]: loaded backend libinterflop_ieee.so
Info [interflop-ieee]: load backend with:
Info [interflop-ieee]: debug = false
Info [interflop-ieee]: debug-binary = false
Info [interflop-ieee]: no-backend-name = false
Info [interflop-ieee]: print-new-line = false
Info [interflop-ieee]: print-subnormal-normalized = false
Info [interflop-ieee]: count-op = false
All_Command_lines_OK
Using double precision for computations.
=============================================================================
The composite transform comprises the following transforms (in order): 
  1. /home/mdugre/scratch/mri-registration-rp/datasets/ds004513/derivatives/mri-registration-rp/0011/antsRegistration-r8-p18/sub-s017/align_Composite.h5[0] (type = Euler3DTransform)
  2. /home/mdugre/scratch/mri-registration-rp/datasets/ds004513/derivatives/mri-registration-rp/0011/antsRegistration-r8-p18/sub-s017/align_Composite.h5[1] (type = Euler3DTransform)
=============================================================================
  number of levels = 4
  fixed image: /templateflow/tpl-MNI152NLin2009cAsym/tpl-MNI152NLin2009cAsym_res-01_desc-brain_T1w.nii.gz
  moving image: /home/mdugre/scratch/mri-registration-rp/datasets/ds004513/derivatives/mri-registration-rp/antsBrainExtraction/sub-s017/BrainExtractionBrain.nii.gz
Dimension = 3
Number of stages = 1
Use histogram matching = false
Winsorize image intensities = true
  Lower quantile = 0.005
  Upper quantile = 0.995


Stage 1 State
   Image metric = MattesMI
     Fixed image = Image (0x4f11530)
  RTTI typeinfo:   itk::Image<double, 3u>
  Reference Count: 2
  Modified Time: 1580
  Debug: Off
  Object Name: 
  Observers: 
    none
  Source: (none)
  Source output name: (none)
  Release Data: Off
  Data Released: False
  Global Release Data: Off
  PipelineMTime: 0
  UpdateMTime: 1189
  RealTimeStamp: 0 seconds 
  LargestPossibleRegion: 
    Dimension: 3
    Index: [0, 0, 0]
    Size: [193, 229, 193]
  BufferedRegion: 
    Dimension: 3
    Index: [0, 0, 0]
    Size: [193, 229, 193]
  RequestedRegion: 
    Dimension: 3
    Index: [0, 0, 0]
    Size: [193, 229, 193]
  Spacing: [1, 1, 1]
  Origin: [96, 132, -78]
  Direction: 
-1 0 0
0 -1 0
0 0 1

  IndexToPointMatrix: 
-1 0 0
0 -1 0
0 0 1

  PointToIndexMatrix: 
-1 0 0
0 -1 0
0 0 1

  Inverse Direction: 
-1 0 0
0 -1 0
0 0 1

  PixelContainer: 
    ImportImageContainer (0x4fcfd60)
      RTTI typeinfo:   itk::ImportImageContainer<unsigned long, double>
      Reference Count: 1
      Modified Time: 1186
      Debug: Off
      Object Name: 
      Observers: 
        none
      Pointer: 0x1537f67df010
      Container manages memory: true
      Size: 8530021
      Capacity: 8530021

     Moving image = Image (0x4fc1f60)
  RTTI typeinfo:   itk::Image<double, 3u>
  Reference Count: 2
  Modified Time: 1581
  Debug: Off
  Object Name: 
  Observers: 
    none
  Source: (none)
  Source output name: (none)
  Release Data: Off
  Data Released: False
  Global Release Data: Off
  PipelineMTime: 0
  UpdateMTime: 1578
  RealTimeStamp: 0 seconds 
  LargestPossibleRegion: 
    Dimension: 3
    Index: [0, 0, 0]
    Size: [160, 240, 256]
  BufferedRegion: 
    Dimension: 3
    Index: [0, 0, 0]
    Size: [160, 240, 256]
  RequestedRegion: 
    Dimension: 3
    Index: [0, 0, 0]
    Size: [160, 240, 256]
  Spacing: [1, 1, 1]
  Origin: [91.3357, 102.231, -120.042]
  Direction: 
-0.997442 -5.36781e-05 -0.0714818
5.35416e-05 -1 3.82465e-06
-0.0714818 -1.23894e-08 0.997442

  IndexToPointMatrix: 
-0.997444 -5.36781e-05 -0.0714818
5.35418e-05 -1 3.82465e-06
-0.0714819 -1.23894e-08 0.997442

  PointToIndexMatrix: 
-0.99744 5.35415e-05 -0.0714816
-5.36781e-05 -1 -1.23894e-08
-0.0714818 3.82465e-06 0.997442

  Inverse Direction: 
-0.997442 5.35416e-05 -0.0714818
-5.36781e-05 -1 -1.23894e-08
-0.0714818 3.82465e-06 0.997442

  PixelContainer: 
    ImportImageContainer (0x4fb36d0)
      RTTI typeinfo:   itk::ImportImageContainer<unsigned long, double>
      Reference Count: 1
      Modified Time: 1575
      Debug: Off
      Object Name: 
      Observers: 
        none
      Pointer: 0x1537f1cde010
      Container manages memory: true
      Size: 9830400
      Capacity: 9830400

     Weighting = 1
     Sampling strategy = regular
     Number of bins = 32
     Radius = 4
     Sampling percentage  = 0.25
   Transform = Rigid
     Gradient step = 0.1
     Update field sigma (voxel space) = 0
     Total field sigma (voxel space) = 0
     Update field time sigma = 0
     Total field time sigma  = 0
     Number of time indices = 0
     Number of time point samples = 0
Registration using 1 total stages.

Stage 0
  iterations = 1000x500x250x100
  convergence threshold = 1e-06
  convergence window size = 10
  number of levels = 4
  using the Mattes MI metric (number of bins = 32, weight = 1, use gradient filter = 0)
  preprocessing:  winsorizing the image intensities
  Shrink factors (level 1 out of 4): [8, 8, 8]
  Shrink factors (level 2 out of 4): [4, 4, 4]
  Shrink factors (level 3 out of 4): [2, 2, 2]
  Shrink factors (level 4 out of 4): [1, 1, 1]
  smoothing sigmas per level: [3, 2, 1, 0]
  regular sampling (percentage = 0.25)

*** Running Euler3DTransform registration ***

DIAGNOSTIC,Iteration,metricValue,convergenceValue,ITERATION_TIME_INDEX,SINCE_LAST
 2DIAGNOSTIC,     1, -5.567767283252e-01, 1.797693134862e+308, 6.9833e-01, 6.9833e-01, 
 2DIAGNOSTIC,     2, -5.584239703569e-01, 1.797693134862e+308, 7.0280e-01, 4.4701e-03, 
 2DIAGNOSTIC,     3, -5.612715515272e-01, 1.797693134862e+308, 7.0673e-01, 3.9301e-03, 
 2DIAGNOSTIC,     4, -5.637780194106e-01, 1.797693134862e+308, 7.1029e-01, 3.5591e-03, 
 2DIAGNOSTIC,     5, -5.658229214212e-01, 1.797693134862e+308, 7.1435e-01, 4.0591e-03, 
 2DIAGNOSTIC,     6, -5.696445468689e-01, 1.797693134862e+308, 7.1880e-01, 4.4501e-03, 
 2DIAGNOSTIC,     7, -5.734118275242e-01, 1.797693134862e+308, 7.2250e-01, 3.7031e-03, 
 2DIAGNOSTIC,     8, -5.754533484979e-01, 1.797693134862e+308, 7.2782e-01, 5.3160e-03, 
 2DIAGNOSTIC,     9, -5.763021950250e-01, 1.797693134862e+308, 7.3168e-01, 3.8590e-03, 
 2DIAGNOSTIC,    10, -5.771142770255e-01, 2.558085388189e-03, 7.3636e-01, 4.6830e-03, 
 2DIAGNOSTIC,    11, -5.785125587612e-01, 2.176117873031e-03, 7.4014e-01, 3.7770e-03, 
 2DIAGNOSTIC,    12, -5.799413348090e-01, 1.786767970983e-03, 7.4443e-01, 4.2961e-03, 
 2DIAGNOSTIC,    13, -5.809477908980e-01, 1.443124036835e-03, 7.4870e-01, 4.2651e-03, 
 2DIAGNOSTIC,    14, -5.814655964876e-01, 1.127354078216e-03, 7.5243e-01, 3.7320e-03, 
 2DIAGNOSTIC,    15, -5.819093877219e-01, 8.331089413526e-04, 7.5660e-01, 4.1680e-03, 
 2DIAGNOSTIC,    16, -5.822326442998e-01, 6.258215683233e-04, 7.6078e-01, 4.1790e-03, 
 2DIAGNOSTIC,    17, -5.825793599843e-01, 5.040365830240e-04, 7.6458e-01, 3.8090e-03, 
 2DIAGNOSTIC,    18, -5.863713925916e-01, 5.095725576647e-04, 7.6853e-01, 3.9430e-03, 
 2DIAGNOSTIC,    19, -5.901617810168e-01, 5.855607354907e-04, 7.7528e-01, 6.7508e-03, 
 2DIAGNOSTIC,    20, -5.906016223816e-01, 6.286272500306e-04, 7.8014e-01, 4.8621e-03, 
 2DIAGNOSTIC,    21, -5.907365705866e-01, 6.467002963832e-04, 7.8444e-01, 4.2992e-03, 
 2DIAGNOSTIC,    22, -5.906256574994e-01, 6.330265936373e-04, 7.8881e-01, 4.3731e-03, 
 2DIAGNOSTIC,    23, -5.906307681710e-01, 5.816453055170e-04, 7.9257e-01, 3.7539e-03, 
 2DIAGNOSTIC,    24, -5.905636622010e-01, 4.878472529214e-04, 7.9635e-01, 3.7801e-03, 
 2DIAGNOSTIC,    25, -5.906024985370e-01, 3.662279783951e-04, 8.0063e-01, 4.2801e-03, 
 2DIAGNOSTIC,    26, -5.906025304324e-01, 2.276984665066e-04, 8.0444e-01, 3.8128e-03, 
 2DIAGNOSTIC,    27, -5.906211320574e-01, 8.394584288729e-05, 8.0820e-01, 3.7639e-03, 
 2DIAGNOSTIC,    28, -5.908796758313e-01, 1.198925031189e-05, 8.1196e-01, 3.7570e-03, 
 2DIAGNOSTIC,    29, -5.911411552395e-01, 1.217108543260e-05, 8.1617e-01, 4.2119e-03, 
 2DIAGNOSTIC,    30, -5.915241330962e-01, 2.456301684442e-05, 8.2196e-01, 5.7871e-03, 
 2DIAGNOSTIC,    31, -5.916229825993e-01, 3.758205306250e-05, 8.2572e-01, 3.7601e-03, 
 2DIAGNOSTIC,    32, -5.916651208817e-01, 4.532975449192e-05, 8.2947e-01, 3.7470e-03, 
 2DIAGNOSTIC,    33, -5.916874987632e-01, 4.885284294687e-05, 8.3321e-01, 3.7391e-03, 
 2DIAGNOSTIC,    34, -5.917053822200e-01, 4.682712858818e-05, 8.3746e-01, 4.2491e-03, 
 2DIAGNOSTIC,    35, -5.917390904868e-01, 4.153275817396e-05, 8.4784e-01, 1.0381e-02, 
 2DIAGNOSTIC,    36, -5.917390912695e-01, 3.272086429439e-05, 8.5172e-01, 3.8869e-03, 
 2DIAGNOSTIC,    37, -5.917391070342e-01, 2.163060314840e-05, 8.5552e-01, 3.7959e-03, 
 2DIAGNOSTIC,    38, -5.917391330930e-01, 1.245673595325e-05, 8.5927e-01, 3.7529e-03, 
 2DIAGNOSTIC,    39, -5.917391754735e-01, 5.801896389546e-06, 8.6330e-01, 4.0262e-03, 
 2DIAGNOSTIC,    40, -5.917392424311e-01, 3.643428651400e-06, 8.6703e-01, 3.7329e-03, 
 2DIAGNOSTIC,    41, -5.917393428829e-01, 2.487109298545e-06, 8.7093e-01, 3.8998e-03, 
 2DIAGNOSTIC,    42, -5.917394845334e-01, 1.715730317434e-06, 8.7474e-01, 3.8130e-03, 
 2DIAGNOSTIC,    43, -5.917396625587e-01, 1.144189314770e-06, 8.7854e-01, 3.7951e-03, 
DIAGNOSTIC,Iteration,metricValue,convergenceValue,ITERATION_TIME_INDEX,SINCE_LAST
 2DIAGNOSTIC,     1, -4.784004501421e-01, 1.797693134862e+308, 1.5523e+00, 6.7379e-01, 
 2DIAGNOSTIC,     2, -4.783999131490e-01, 1.797693134862e+308, 1.5809e+00, 2.8598e-02, 
 2DIAGNOSTIC,     3, -4.784190365427e-01, 1.797693134862e+308, 1.6110e+00, 3.0075e-02, 
 2DIAGNOSTIC,     4, -4.785028756513e-01, 1.797693134862e+308, 1.6384e+00, 2.7449e-02, 
 2DIAGNOSTIC,     5, -4.786647485433e-01, 1.797693134862e+308, 1.6652e+00, 2.6793e-02, 
 2DIAGNOSTIC,     6, -4.788099932962e-01, 1.797693134862e+308, 1.6921e+00, 2.6858e-02, 
 2DIAGNOSTIC,     7, -4.794645847219e-01, 1.797693134862e+308, 1.7192e+00, 2.7073e-02, 
 2DIAGNOSTIC,     8, -4.813619171751e-01, 1.797693134862e+308, 1.7564e+00, 3.7181e-02, 
 2DIAGNOSTIC,     9, -4.817935635328e-01, 1.797693134862e+308, 1.7859e+00, 2.9590e-02, 
 2DIAGNOSTIC,    10, -4.822647496897e-01, 5.583367504593e-04, 1.8128e+00, 2.6851e-02, 
 2DIAGNOSTIC,    11, -4.831344909908e-01, 6.366384574680e-04, 1.8431e+00, 3.0310e-02, 
 2DIAGNOSTIC,    12, -4.835768992578e-01, 6.653898034797e-04, 1.8875e+00, 4.4441e-02, 
 2DIAGNOSTIC,    13, -4.835677565323e-01, 6.290342968977e-04, 1.9210e+00, 3.3492e-02, 
 2DIAGNOSTIC,    14, -4.835733047840e-01, 5.452729207846e-04, 1.9573e+00, 3.6233e-02, 
 2DIAGNOSTIC,    15, -4.835701547251e-01, 4.305772095975e-04, 1.9875e+00, 3.0211e-02, 
 2DIAGNOSTIC,    16, -4.835566913006e-01, 2.956272804102e-04, 2.0174e+00, 2.9959e-02, 
 2DIAGNOSTIC,    17, -4.835523104088e-01, 1.703980275210e-04, 2.0477e+00, 3.0283e-02, 
 2DIAGNOSTIC,    18, -4.835483887833e-01, 1.058854946009e-04, 2.0743e+00, 2.6625e-02, 
 2DIAGNOSTIC,    19, -4.835469915472e-01, 5.203914176538e-05, 2.1011e+00, 2.6722e-02, 
 2DIAGNOSTIC,    20, -4.835401827381e-01, 1.204163307553e-05, 2.1310e+00, 2.9882e-02, 
DIAGNOSTIC,Iteration,metricValue,convergenceValue,ITERATION_TIME_INDEX,SINCE_LAST
 2DIAGNOSTIC,     1, -4.161561167872e-01, 1.797693134862e+308, 3.1957e+00, 1.0647e+00, 
 2DIAGNOSTIC,     2, -4.161756893438e-01, 1.797693134862e+308, 3.4912e+00, 2.9555e-01, 
 2DIAGNOSTIC,     3, -4.161696114508e-01, 1.797693134862e+308, 3.7901e+00, 2.9885e-01, 
 2DIAGNOSTIC,     4, -4.161681503552e-01, 1.797693134862e+308, 4.1976e+00, 4.0754e-01, 
 2DIAGNOSTIC,     5, -4.161678896601e-01, 1.797693134862e+308, 4.4643e+00, 2.6665e-01, 
 2DIAGNOSTIC,     6, -4.161669123584e-01, 1.797693134862e+308, 4.7291e+00, 2.6485e-01, 
 2DIAGNOSTIC,     7, -4.161667485642e-01, 1.797693134862e+308, 4.9915e+00, 2.6239e-01, 
 2DIAGNOSTIC,     8, -4.161656816014e-01, 1.797693134862e+308, 5.2217e+00, 2.3021e-01, 
 2DIAGNOSTIC,     9, -4.161650043537e-01, 1.797693134862e+308, 5.4796e+00, 2.5791e-01, 
 2DIAGNOSTIC,    10, -4.161655463813e-01, 2.943366600325e-06, 5.7485e+00, 2.6890e-01, 
 2DIAGNOSTIC,    11, -4.161636420994e-01, 1.720591492602e-06, 5.9867e+00, 2.3821e-01, 
 2DIAGNOSTIC,    12, -4.161624970808e-01, 1.867462473812e-06, 6.2377e+00, 2.5094e-01, 
 2DIAGNOSTIC,    13, -4.161615819743e-01, 1.698398061634e-06, 6.4520e+00, 2.1431e-01, 
 2DIAGNOSTIC,    14, -4.161624603294e-01, 1.592444846849e-06, 6.7017e+00, 2.4968e-01, 
 2DIAGNOSTIC,    15, -4.161620529812e-01, 1.530180435166e-06, 6.9544e+00, 2.5274e-01, 
 2DIAGNOSTIC,    16, -4.161603835105e-01, 1.417836916234e-06, 7.1750e+00, 2.2058e-01, 
 2DIAGNOSTIC,    17, -4.161625251480e-01, 1.455414115767e-06, 7.4145e+00, 2.3949e-01, 
 2DIAGNOSTIC,    18, -4.161617349624e-01, 1.453854859321e-06, 7.6325e+00, 2.1800e-01, 
 2DIAGNOSTIC,    19, -4.161656140593e-01, 1.594928500374e-06, 7.8872e+00, 2.5469e-01, 
 2DIAGNOSTIC,    20, -4.161678254529e-01, 1.821576323210e-06, 8.2273e+00, 3.4009e-01, 
 2DIAGNOSTIC,    21, -4.161672172259e-01, 1.924327021965e-06, 8.4765e+00, 2.4928e-01, 
 2DIAGNOSTIC,    22, -4.161665846122e-01, 1.927748308941e-06, 8.6919e+00, 2.1533e-01, 
 2DIAGNOSTIC,    23, -4.161660793965e-01, 1.843028033771e-06, 8.9449e+00, 2.5300e-01, 
 2DIAGNOSTIC,    24, -4.161655365532e-01, 1.730448866116e-06, 9.1752e+00, 2.3032e-01, 
 2DIAGNOSTIC,    25, -4.161651834946e-01, 1.568353732183e-06, 9.3944e+00, 2.1922e-01, 
 2DIAGNOSTIC,    26, -4.161660037665e-01, 1.368374529624e-06, 9.6526e+00, 2.5818e-01, 
 2DIAGNOSTIC,    27, -4.161651045495e-01, 1.203105051979e-06, 9.8831e+00, 2.3047e-01, 
 2DIAGNOSTIC,    28, -4.161679884897e-01, 1.097088642737e-06, 1.0102e+01, 2.1870e-01, 
 2DIAGNOSTIC,    29, -4.161710849647e-01, 1.162831220473e-06, 1.0361e+01, 2.5889e-01, 
 2DIAGNOSTIC,    30, -4.161703640305e-01, 1.250475694957e-06, 1.0612e+01, 2.5144e-01, 
 2DIAGNOSTIC,    31, -4.161708142910e-01, 1.313167811358e-06, 1.0862e+01, 2.4967e-01, 
 2DIAGNOSTIC,    32, -4.161710089263e-01, 1.336085268540e-06, 1.1075e+01, 2.1353e-01, 
 2DIAGNOSTIC,    33, -4.161749613447e-01, 1.395595231664e-06, 1.1326e+01, 2.5075e-01, 
 2DIAGNOSTIC,    34, -4.161777487503e-01, 1.452526297036e-06, 1.1538e+01, 2.1157e-01, 
 2DIAGNOSTIC,    35, -4.161792220175e-01, 1.478601713890e-06, 1.1794e+01, 2.5592e-01, 
 2DIAGNOSTIC,    36, -4.161806859645e-01, 1.495439420081e-06, 1.2162e+01, 3.6864e-01, 
 2DIAGNOSTIC,    37, -4.161791778422e-01, 1.407680672132e-06, 1.2445e+01, 2.8308e-01, 
 2DIAGNOSTIC,    38, -4.161838486864e-01, 1.406626879065e-06, 1.2756e+01, 3.1081e-01, 
 2DIAGNOSTIC,    39, -4.161849953097e-01, 1.422742183912e-06, 1.3080e+01, 3.2408e-01, 
 2DIAGNOSTIC,    40, -4.161860914887e-01, 1.386764643504e-06, 1.3432e+01, 3.5187e-01, 
 2DIAGNOSTIC,    41, -4.161854987573e-01, 1.295749585628e-06, 1.3684e+01, 2.5226e-01, 
 2DIAGNOSTIC,    42, -4.161840259985e-01, 1.138573348720e-06, 1.3944e+01, 2.5953e-01, 
 2DIAGNOSTIC,    43, -4.161834049857e-01, 1.004201838333e-06, 1.4160e+01, 2.1621e-01, 
DIAGNOSTIC,Iteration,metricValue,convergenceValue,ITERATION_TIME_INDEX,SINCE_LAST
 2DIAGNOSTIC,     1, -3.834265912334e-01, 1.797693134862e+308, 1.6625e+01, 2.4646e+00, 
 2DIAGNOSTIC,     2, -3.834925053355e-01, 1.797693134862e+308, 1.8216e+01, 1.5911e+00, 
 2DIAGNOSTIC,     3, -3.834978116474e-01, 1.797693134862e+308, 1.9834e+01, 1.6178e+00, 
 2DIAGNOSTIC,     4, -3.835004127725e-01, 1.797693134862e+308, 2.1386e+01, 1.5522e+00, 
 2DIAGNOSTIC,     5, -3.835019582509e-01, 1.797693134862e+308, 2.2902e+01, 1.5158e+00, 
 2DIAGNOSTIC,     6, -3.835049957414e-01, 1.797693134862e+308, 2.4545e+01, 1.6437e+00, 
 2DIAGNOSTIC,     7, -3.835058343717e-01, 1.797693134862e+308, 2.6246e+01, 1.7007e+00, 
 2DIAGNOSTIC,     8, -3.835066498251e-01, 1.797693134862e+308, 2.8074e+01, 1.8283e+00, 
 2DIAGNOSTIC,     9, -3.835062955318e-01, 1.797693134862e+308, 2.9782e+01, 1.7074e+00, 
 2DIAGNOSTIC,    10, -3.835063108993e-01, 1.066660747591e-05, 3.1409e+01, 1.6275e+00, 
 2DIAGNOSTIC,    11, -3.835061571787e-01, 4.747040707215e-06, 3.3617e+01, 2.2078e+00, 
 2DIAGNOSTIC,    12, -3.835060832646e-01, 3.706200659800e-06, 3.4993e+01, 1.3760e+00, 
 2DIAGNOSTIC,    13, -3.835060190717e-01, 3.027826109711e-06, 3.6668e+01, 1.6753e+00, 
 2DIAGNOSTIC,    14, -3.835058638475e-01, 2.523467064502e-06, 3.8153e+01, 1.4848e+00, 
 2DIAGNOSTIC,    15, -3.835058006960e-01, 2.133709274432e-06, 3.9733e+01, 1.5793e+00, 
 2DIAGNOSTIC,    16, -3.835056463968e-01, 1.924177725876e-06, 4.1729e+01, 1.9960e+00, 
 2DIAGNOSTIC,    17, -3.835054775125e-01, 1.773328559371e-06, 4.3179e+01, 1.4502e+00, 
 2DIAGNOSTIC,    18, -3.835053086118e-01, 1.675385377826e-06, 4.4660e+01, 1.4817e+00, 
 2DIAGNOSTIC,    19, -3.835051448141e-01, 1.576051817914e-06, 4.6050e+01, 1.3895e+00, 
 2DIAGNOSTIC,    20, -3.835051658762e-01, 1.497295074468e-06, 4.7424e+01, 1.3743e+00, 
 2DIAGNOSTIC,    21, -3.835053779571e-01, 1.436675313639e-06, 4.8934e+01, 1.5099e+00, 
 2DIAGNOSTIC,    22, -3.835055901411e-01, 1.393331720966e-06, 5.0492e+01, 1.5576e+00, 
 2DIAGNOSTIC,    23, -3.835055251002e-01, 1.354581542247e-06, 5.2053e+01, 1.5612e+00, 
 2DIAGNOSTIC,    24, -3.835054518281e-01, 1.314933130506e-06, 5.3623e+01, 1.5697e+00, 
 2DIAGNOSTIC,    25, -3.835053813422e-01, 1.275595341042e-06, 5.5111e+01, 1.4877e+00, 
 2DIAGNOSTIC,    26, -3.835053141616e-01, 1.232550095188e-06, 5.6453e+01, 1.3421e+00, 
 2DIAGNOSTIC,    27, -3.835053494674e-01, 1.188143193644e-06, 5.7759e+01, 1.3061e+00, 
 2DIAGNOSTIC,    28, -3.835054089352e-01, 1.143229099658e-06, 5.9205e+01, 1.4465e+00, 
 2DIAGNOSTIC,    29, -3.835055814677e-01, 1.101082729715e-06, 6.0518e+01, 1.3124e+00, 
 2DIAGNOSTIC,    30, -3.835053714640e-01, 1.056523028009e-06, 6.2577e+01, 2.0595e+00, 
 2DIAGNOSTIC,    31, -3.835053052287e-01, 1.018740041159e-06, 6.4045e+01, 1.4681e+00, 
  Elapsed time (stage 0): 6.4826e+01


Total elapsed time: 6.4828e+01
Info [verificarlo]: loaded backend libinterflop_vprec.so
Info [interflop-vprec]: load backend with: 
Info [interflop-vprec]: precision-binary32 = 18
Info [interflop-vprec]: range-binary32 = 8
Info [interflop-vprec]: precision-binary64 = 18
Info [interflop-vprec]: range-binary64 = 8
Info [interflop-vprec]: mode = ob
Info [interflop-vprec]: error-mode = rel
Info [interflop-vprec]: max-abs-error-exponent = -1022
Info [interflop-vprec]: daz = false
Info [interflop-vprec]: ftz = false
Info [interflop-vprec]: 	instrument = none
Info [interflop-vprec]: 	prec-input-file = (null)
Info [interflop-vprec]: 	prec-output-file = (null)
Info [interflop-vprec]: 	prec-log-file = (null)
All_Command_lines_OK
Using double precision for computations.
=============================================================================
The composite transform comprises the following transforms (in order): 
  1. /home/mdugre/scratch/mri-registration-rp/datasets/ds004513/derivatives/mri-registration-rp/0011/antsRegistration-r8-p18/sub-s017/rigid_Composite.h5[0] (type = Euler3DTransform)
  2. /home/mdugre/scratch/mri-registration-rp/datasets/ds004513/derivatives/mri-registration-rp/0011/antsRegistration-r8-p18/sub-s017/rigid_Composite.h5[1] (type = Euler3DTransform)
  3. /home/mdugre/scratch/mri-registration-rp/datasets/ds004513/derivatives/mri-registration-rp/0011/antsRegistration-r8-p18/sub-s017/rigid_Composite.h5[2] (type = Euler3DTransform)
=============================================================================
  number of levels = 4
  fixed image: /templateflow/tpl-MNI152NLin2009cAsym/tpl-MNI152NLin2009cAsym_res-01_desc-brain_T1w.nii.gz
  moving image: /home/mdugre/scratch/mri-registration-rp/datasets/ds004513/derivatives/mri-registration-rp/antsBrainExtraction/sub-s017/BrainExtractionBrain.nii.gz
Dimension = 3
Number of stages = 1
Use histogram matching = false
Winsorize image intensities = true
  Lower quantile = 0.005
  Upper quantile = 0.995


Stage 1 State
   Image metric = MattesMI
     Fixed image = Image (0x3f33490)
  RTTI typeinfo:   itk::Image<double, 3u>
  Reference Count: 2
  Modified Time: 1594
  Debug: Off
  Object Name: 
  Observers: 
    none
  Source: (none)
  Source output name: (none)
  Release Data: Off
  Data Released: False
  Global Release Data: Off
  PipelineMTime: 0
  UpdateMTime: 1203
  RealTimeStamp: 0 seconds 
  LargestPossibleRegion: 
    Dimension: 3
    Index: [0, 0, 0]
    Size: [193, 229, 193]
  BufferedRegion: 
    Dimension: 3
    Index: [0, 0, 0]
    Size: [193, 229, 193]
  RequestedRegion: 
    Dimension: 3
    Index: [0, 0, 0]
    Size: [193, 229, 193]
  Spacing: [1, 1, 1]
  Origin: [96, 132, -78]
  Direction: 
-1 0 0
0 -1 0
0 0 1

  IndexToPointMatrix: 
-1 0 0
0 -1 0
0 0 1

  PointToIndexMatrix: 
-1 0 0
0 -1 0
0 0 1

  Inverse Direction: 
-1 0 0
0 -1 0
0 0 1

  PixelContainer: 
    ImportImageContainer (0x3ffe8c0)
      RTTI typeinfo:   itk::ImportImageContainer<unsigned long, double>
      Reference Count: 1
      Modified Time: 1200
      Debug: Off
      Object Name: 
      Observers: 
        none
      Pointer: 0x150147052010
      Container manages memory: true
      Size: 8530021
      Capacity: 8530021

     Moving image = Image (0x3feeb60)
  RTTI typeinfo:   itk::Image<double, 3u>
  Reference Count: 2
  Modified Time: 1595
  Debug: Off
  Object Name: 
  Observers: 
    none
  Source: (none)
  Source output name: (none)
  Release Data: Off
  Data Released: False
  Global Release Data: Off
  PipelineMTime: 0
  UpdateMTime: 1592
  RealTimeStamp: 0 seconds 
  LargestPossibleRegion: 
    Dimension: 3
    Index: [0, 0, 0]
    Size: [160, 240, 256]
  BufferedRegion: 
    Dimension: 3
    Index: [0, 0, 0]
    Size: [160, 240, 256]
  RequestedRegion: 
    Dimension: 3
    Index: [0, 0, 0]
    Size: [160, 240, 256]
  Spacing: [1, 1, 1]
  Origin: [91.3357, 102.231, -120.042]
  Direction: 
-0.997442 -5.36781e-05 -0.0714817
5.35416e-05 -1 3.82465e-06
-0.0714817 -1.23894e-08 0.997442

  IndexToPointMatrix: 
-0.997446 -5.36781e-05 -0.0714817
5.35419e-05 -1 3.82465e-06
-0.0714819 -1.23894e-08 0.997442

  PointToIndexMatrix: 
-0.99744 5.35414e-05 -0.0714815
-5.38826e-05 -1.00001 1.90735e-06
-0.0714819 3.8147e-06 0.997448

  Inverse Direction: 
-0.997444 5.35416e-05 -0.0714817
-5.38826e-05 -1.00001 1.90735e-06
-0.0714819 3.8147e-06 0.997448

  PixelContainer: 
    ImportImageContainer (0x40821d0)
      RTTI typeinfo:   itk::ImportImageContainer<unsigned long, double>
      Reference Count: 1
      Modified Time: 1589
      Debug: Off
      Object Name: 
      Observers: 
        none
      Pointer: 0x150142551010
      Container manages memory: true
      Size: 9830400
      Capacity: 9830400

     Weighting = 1
     Sampling strategy = regular
     Number of bins = 32
     Radius = 4
     Sampling percentage  = 0.25
   Transform = Affine
     Gradient step = 0.1
     Update field sigma (voxel space) = 0
     Total field sigma (voxel space) = 0
     Update field time sigma = 0
     Total field time sigma  = 0
     Number of time indices = 0
     Number of time point samples = 0
Registration using 1 total stages.

Stage 0
  iterations = 1000x500x250x100
  convergence threshold = 1e-06
  convergence window size = 10
  number of levels = 4
  using the Mattes MI metric (number of bins = 32, weight = 1, use gradient filter = 0)
  preprocessing:  winsorizing the image intensities
  Shrink factors (level 1 out of 4): [8, 8, 8]
  Shrink factors (level 2 out of 4): [4, 4, 4]
  Shrink factors (level 3 out of 4): [2, 2, 2]
  Shrink factors (level 4 out of 4): [1, 1, 1]
  smoothing sigmas per level: [3, 2, 1, 0]
  regular sampling (percentage = 0.25)

*** Running AffineTransform registration ***

DIAGNOSTIC,Iteration,metricValue,convergenceValue,ITERATION_TIME_INDEX,SINCE_LAST
 2DIAGNOSTIC,     1, -5.802928375413e-01, 1.797693134862e+308, 0.0000e+00, 0.0000e+00, 
 2DIAGNOSTIC,     2, -5.829288045092e-01, 1.797693134862e+308, 0.0000e+00, 0.0000e+00, 
 2DIAGNOSTIC,     3, -5.881371695403e-01, 1.797693134862e+308, 0.0000e+00, 0.0000e+00, 
 2DIAGNOSTIC,     4, -5.978292516118e-01, 1.797693134862e+308, 0.0000e+00, 0.0000e+00, 
 2DIAGNOSTIC,     5, -6.187366454352e-01, 1.797693134862e+308, 0.0000e+00, 0.0000e+00, 
 2DIAGNOSTIC,     6, -6.425782379515e-01, 1.797693134862e+308, 0.0000e+00, 0.0000e+00, 
 2DIAGNOSTIC,     7, -7.121857422126e-01, 1.797693134862e+308, 0.0000e+00, 0.0000e+00, 
 2DIAGNOSTIC,     8, -7.807967316871e-01, 1.797693134862e+308, 0.0000e+00, 0.0000e+00, 
 2DIAGNOSTIC,     9, -8.431300432722e-01, 1.797693134862e+308, 0.0000e+00, 0.0000e+00, 
 2DIAGNOSTIC,    10, -8.572639681411e-01, 2.911291369298e-02, 0.0000e+00, 0.0000e+00, 
 2DIAGNOSTIC,    11, -8.643181902995e-01, 2.876018364271e-02, 0.0000e+00, 0.0000e+00, 
 2DIAGNOSTIC,    12, -8.718397902603e-01, 2.625855373138e-02, 0.0000e+00, 0.0000e+00, 
 2DIAGNOSTIC,    13, -8.728462494348e-01, 2.203946866582e-02, 0.0000e+00, 0.0000e+00, 
 2DIAGNOSTIC,    14, -8.745028276680e-01, 1.686469902714e-02, 0.0000e+00, 0.0000e+00, 
 2DIAGNOSTIC,    15, -8.774509999097e-01, 1.160696631231e-02, 0.0000e+00, 0.0000e+00, 
 2DIAGNOSTIC,    16, -8.809302412583e-01, 6.696448636234e-03, 0.0000e+00, 0.0000e+00, 
 2DIAGNOSTIC,    17, -8.837548291304e-01, 3.410877338617e-03, 0.0000e+00, 0.0000e+00, 
 2DIAGNOSTIC,    18, -8.859800444048e-01, 1.659042685940e-03, 0.0000e+00, 0.0000e+00, 
 2DIAGNOSTIC,    19, -8.878860075506e-01, 1.203638009281e-03, 0.0000e+00, 0.0000e+00, 
 2DIAGNOSTIC,    20, -8.889485811954e-01, 9.635349219833e-04, 0.0000e+00, 0.0000e+00, 
 2DIAGNOSTIC,    21, -8.902152885748e-01, 7.998269206400e-04, 0.0000e+00, 0.0000e+00, 
 2DIAGNOSTIC,    22, -8.908391184818e-01, 7.116928515023e-04, 0.0000e+00, 0.0000e+00, 
 2DIAGNOSTIC,    23, -8.906970480555e-01, 5.796080689745e-04, 0.0000e+00, 0.0000e+00, 
 2DIAGNOSTIC,    24, -8.907500006293e-01, 4.311253378340e-04, 0.0000e+00, 0.0000e+00, 
 2DIAGNOSTIC,    25, -8.906764209668e-01, 2.956942728767e-04, 0.0000e+00, 0.0000e+00, 
 2DIAGNOSTIC,    26, -8.903097227969e-01, 1.857971872625e-04, 0.0000e+00, 0.0000e+00, 
 2DIAGNOSTIC,    27, -8.900630743621e-01, 1.007671769251e-04, 0.0000e+00, 0.0000e+00, 
 2DIAGNOSTIC,    28, -8.900950594941e-01, 4.104276100958e-05, 0.0000e+00, 0.0000e+00, 
 2DIAGNOSTIC,    29, -8.899990600933e-01, 3.686558167487e-06, 0.0000e+00, 0.0000e+00, 
DIAGNOSTIC,Iteration,metricValue,convergenceValue,ITERATION_TIME_INDEX,SINCE_LAST
 2DIAGNOSTIC,     1, -7.479463488567e-01, 1.797693134862e+308, 0.0000e+00, 0.0000e+00, 
 2DIAGNOSTIC,     2, -7.483917881172e-01, 1.797693134862e+308, 0.0000e+00, 0.0000e+00, 
 2DIAGNOSTIC,     3, -7.488115724634e-01, 1.797693134862e+308, 0.0000e+00, 0.0000e+00, 
 2DIAGNOSTIC,     4, -7.490214476028e-01, 1.797693134862e+308, 0.0000e+00, 0.0000e+00, 
 2DIAGNOSTIC,     5, -7.492510015229e-01, 1.797693134862e+308, 0.0000e+00, 0.0000e+00, 
 2DIAGNOSTIC,     6, -7.494756313487e-01, 1.797693134862e+308, 0.0000e+00, 0.0000e+00, 
 2DIAGNOSTIC,     7, -7.496627592820e-01, 1.797693134862e+308, 0.0000e+00, 0.0000e+00, 
 2DIAGNOSTIC,     8, -7.500047836413e-01, 1.797693134862e+308, 0.0000e+00, 0.0000e+00, 
 2DIAGNOSTIC,     9, -7.503806163286e-01, 1.797693134862e+308, 0.0000e+00, 0.0000e+00, 
 2DIAGNOSTIC,    10, -7.503790896140e-01, 2.058566444243e-04, 0.0000e+00, 0.0000e+00, 
 2DIAGNOSTIC,    11, -7.504274066742e-01, 1.663537968418e-04, 0.0000e+00, 0.0000e+00, 
 2DIAGNOSTIC,    12, -7.504592527250e-01, 1.336669325307e-04, 0.0000e+00, 0.0000e+00, 
 2DIAGNOSTIC,    13, -7.504752331218e-01, 1.066650363088e-04, 0.0000e+00, 0.0000e+00, 
 2DIAGNOSTIC,    14, -7.504741337895e-01, 7.950212596236e-05, 0.0000e+00, 0.0000e+00, 
 2DIAGNOSTIC,    15, -7.504769976941e-01, 5.480084752590e-05, 0.0000e+00, 0.0000e+00, 
 2DIAGNOSTIC,    16, -7.504884961152e-01, 3.404989884633e-05, 0.0000e+00, 0.0000e+00, 
 2DIAGNOSTIC,    17, -7.505019165189e-01, 1.711840612752e-05, 0.0000e+00, 0.0000e+00, 
 2DIAGNOSTIC,    18, -7.505302018281e-01, 8.234377950181e-06, 0.0000e+00, 0.0000e+00, 
 2DIAGNOSTIC,    19, -7.505326355967e-01, 7.243829818530e-06, 0.0000e+00, 0.0000e+00, 
 2DIAGNOSTIC,    20, -7.505090009688e-01, 5.350304944203e-06, 0.0000e+00, 0.0000e+00, 
 2DIAGNOSTIC,    21, -7.504818775509e-01, 3.671290373548e-06, 0.0000e+00, 0.0000e+00, 
 2DIAGNOSTIC,    22, -7.504687396514e-01, 2.260009175983e-06, 0.0000e+00, 0.0000e+00, 
 2DIAGNOSTIC,    23, -7.504690760310e-01, 1.152767950131e-06, 0.0000e+00, 0.0000e+00, 
DIAGNOSTIC,Iteration,metricValue,convergenceValue,ITERATION_TIME_INDEX,SINCE_LAST
 2DIAGNOSTIC,     1, -6.292993565680e-01, 1.797693134862e+308, 0.0000e+00, 0.0000e+00, 
 2DIAGNOSTIC,     2, -6.298500960114e-01, 1.797693134862e+308, 0.0000e+00, 0.0000e+00, 
 2DIAGNOSTIC,     3, -6.304643804589e-01, 1.797693134862e+308, 0.0000e+00, 0.0000e+00, 
 2DIAGNOSTIC,     4, -6.310893461548e-01, 1.797693134862e+308, 0.0000e+00, 0.0000e+00, 
 2DIAGNOSTIC,     5, -6.320678600180e-01, 1.797693134862e+308, 0.0000e+00, 0.0000e+00, 
 2DIAGNOSTIC,     6, -6.331591968167e-01, 1.797693134862e+308, 0.0000e+00, 0.0000e+00, 
 2DIAGNOSTIC,     7, -6.331585904288e-01, 1.797693134862e+308, 0.0000e+00, 0.0000e+00, 
 2DIAGNOSTIC,     8, -6.331590305147e-01, 1.797693134862e+308, 0.0000e+00, 0.0000e+00, 
 2DIAGNOSTIC,     9, -6.331596177035e-01, 1.797693134862e+308, 0.0000e+00, 0.0000e+00, 
 2DIAGNOSTIC,    10, -6.331589874152e-01, 4.434684811017e-04, 0.0000e+00, 0.0000e+00, 
 2DIAGNOSTIC,    11, -6.331598270627e-01, 3.146685845965e-04, 0.0000e+00, 0.0000e+00, 
 2DIAGNOSTIC,    12, -6.331594346437e-01, 2.001071942361e-04, 0.0000e+00, 0.0000e+00, 
 2DIAGNOSTIC,    13, -6.331586535883e-01, 1.069915874384e-04, 0.0000e+00, 0.0000e+00, 
 2DIAGNOSTIC,    14, -6.331547182888e-01, 3.716441410072e-05, 0.0000e+00, 0.0000e+00, 
 2DIAGNOSTIC,    15, -6.331565717452e-01, 1.916415448111e-06, 0.0000e+00, 0.0000e+00, 
 2DIAGNOSTIC,    16, -6.331540493077e-01, 1.680423997757e-06, 0.0000e+00, 0.0000e+00, 
 2DIAGNOSTIC,    17, -6.331530893029e-01, 1.458137777167e-06, 0.0000e+00, 0.0000e+00, 
 2DIAGNOSTIC,    18, -6.331516479908e-01, 1.273398625691e-06, 0.0000e+00, 0.0000e+00, 
 2DIAGNOSTIC,    19, -6.331516501846e-01, 1.168122456791e-06, 0.0000e+00, 0.0000e+00, 
 2DIAGNOSTIC,    20, -6.331535785708e-01, 1.146381175508e-06, 0.0000e+00, 0.0000e+00, 
 2DIAGNOSTIC,    21, -6.331538498390e-01, 1.188372971604e-06, 0.0000e+00, 0.0000e+00, 
 2DIAGNOSTIC,    22, -6.331531232369e-01, 1.233972565295e-06, 0.0000e+00, 0.0000e+00, 
 2DIAGNOSTIC,    23, -6.331521678500e-01, 1.263778635067e-06, 0.0000e+00, 0.0000e+00, 
 2DIAGNOSTIC,    24, -6.331512422549e-01, 1.208667658688e-06, 0.0000e+00, 0.0000e+00, 
 2DIAGNOSTIC,    25, -6.331505138808e-01, 1.188158204518e-06, 0.0000e+00, 0.0000e+00, 
 2DIAGNOSTIC,    26, -6.331513387391e-01, 1.146659991541e-06, 0.0000e+00, 0.0000e+00, 
 2DIAGNOSTIC,    27, -6.331495092790e-01, 1.068691863983e-06, 0.0000e+00, 0.0000e+00, 
DIAGNOSTIC,Iteration,metricValue,convergenceValue,ITERATION_TIME_INDEX,SINCE_LAST
 2DIAGNOSTIC,     1, -5.648626562137e-01, 1.797693134862e+308, 0.0000e+00, 0.0000e+00, 
 2DIAGNOSTIC,     2, -5.650676416718e-01, 1.797693134862e+308, 0.0000e+00, 0.0000e+00, 
 2DIAGNOSTIC,     3, -5.652130508525e-01, 1.797693134862e+308, 0.0000e+00, 0.0000e+00, 
 2DIAGNOSTIC,     4, -5.653213973610e-01, 1.797693134862e+308, 0.0000e+00, 0.0000e+00, 
 2DIAGNOSTIC,     5, -5.653244458108e-01, 1.797693134862e+308, 0.0000e+00, 0.0000e+00, 
 2DIAGNOSTIC,     6, -5.653264761592e-01, 1.797693134862e+308, 0.0000e+00, 0.0000e+00, 
 2DIAGNOSTIC,     7, -5.653257907832e-01, 1.797693134862e+308, 0.0000e+00, 0.0000e+00, 
 2DIAGNOSTIC,     8, -5.653257832530e-01, 1.797693134862e+308, 0.0000e+00, 0.0000e+00, 
 2DIAGNOSTIC,     9, -5.653269421652e-01, 1.797693134862e+308, 0.0000e+00, 0.0000e+00, 
 2DIAGNOSTIC,    10, -5.653269586250e-01, 4.198552758197e-05, 0.0000e+00, 0.0000e+00, 
 2DIAGNOSTIC,    11, -5.653265240470e-01, 1.944666817834e-05, 0.0000e+00, 0.0000e+00, 
 2DIAGNOSTIC,    12, -5.653265906450e-01, 7.653134160554e-06, 0.0000e+00, 0.0000e+00, 
 2DIAGNOSTIC,    13, -5.653259879401e-01, 2.703022797590e-06, 0.0000e+00, 0.0000e+00, 
 2DIAGNOSTIC,    14, -5.653260860630e-01, 2.326397227873e-06, 0.0000e+00, 0.0000e+00, 
 2DIAGNOSTIC,    15, -5.653261744087e-01, 2.095537466010e-06, 0.0000e+00, 0.0000e+00, 
 2DIAGNOSTIC,    16, -5.653258779374e-01, 1.949519807198e-06, 0.0000e+00, 0.0000e+00, 
 2DIAGNOSTIC,    17, -5.653261235772e-01, 1.810293213916e-06, 0.0000e+00, 0.0000e+00, 
 2DIAGNOSTIC,    18, -5.653262251138e-01, 1.691998632758e-06, 0.0000e+00, 0.0000e+00, 
 2DIAGNOSTIC,    19, -5.653262041147e-01, 1.621406394051e-06, 0.0000e+00, 0.0000e+00, 
 2DIAGNOSTIC,    20, -5.653258274557e-01, 1.552427968281e-06, 0.0000e+00, 0.0000e+00, 
 2DIAGNOSTIC,    21, -5.653258131126e-01, 1.481576759665e-06, 0.0000e+00, 0.0000e+00, 
 2DIAGNOSTIC,    22, -5.653258348671e-01, 1.421183484160e-06, 0.0000e+00, 0.0000e+00, 
 2DIAGNOSTIC,    23, -5.653258337240e-01, 1.353487621543e-06, 0.0000e+00, 0.0000e+00, 
 2DIAGNOSTIC,    24, -5.653258337240e-01, 1.294983717585e-06, 0.0000e+00, 0.0000e+00, 
 2DIAGNOSTIC,    25, -5.653258337240e-01, 1.244983918847e-06, 0.0000e+00, 0.0000e+00, 
 2DIAGNOSTIC,    26, -5.653258337240e-01, 1.194421370670e-06, 0.0000e+00, 0.0000e+00, 
 2DIAGNOSTIC,    27, -5.653258337240e-01, 1.153611926055e-06, 0.0000e+00, 0.0000e+00, 
 2DIAGNOSTIC,    28, -5.653258337240e-01, 1.118696080715e-06, 0.0000e+00, 0.0000e+00, 
 2DIAGNOSTIC,    29, -5.653258337240e-01, 1.086609977774e-06, 0.0000e+00, 0.0000e+00, 
 2DIAGNOSTIC,    30, -5.653258337240e-01, 1.050323229349e-06, 0.0000e+00, 0.0000e+00, 
 2DIAGNOSTIC,    31, -5.653258337240e-01, 1.016103599989e-06, 0.0000e+00, 0.0000e+00, 
  Elapsed time (stage 0): 0.0000e+00


Total elapsed time: 0.0000e+00
Info [verificarlo]: loaded backend libinterflop_vprec.so
Info [interflop-vprec]: load backend with: 
Info [interflop-vprec]: precision-binary32 = 18
Info [interflop-vprec]: range-binary32 = 8
Info [interflop-vprec]: precision-binary64 = 18
Info [interflop-vprec]: range-binary64 = 8
Info [interflop-vprec]: mode = ob
Info [interflop-vprec]: error-mode = rel
Info [interflop-vprec]: max-abs-error-exponent = -1022
Info [interflop-vprec]: daz = false
Info [interflop-vprec]: ftz = false
Info [interflop-vprec]: 	instrument = none
Info [interflop-vprec]: 	prec-input-file = (null)
Info [interflop-vprec]: 	prec-output-file = (null)
Info [interflop-vprec]: 	prec-log-file = (null)
All_Command_lines_OK
