
##########################
# Experiment information #
##########################

EXPERIMENT_NAME: antsRegistration-r8-p9
VFC_BACKENDS: libinterflop_vprec.so --range-binary32=8 --precision-binary32=9 --range-binary64=8 --precision-binary64=9

SIF_IMG: /home/mdugre/projects/rrg-glatard/mdugre/containers/ants-vprec-no_metrics.simg

SUBJECT_ID: s017
INPUT_IMG: /home/mdugre/scratch/mri-registration-rp/datasets/ds004513/derivatives/mri-registration-rp/antsBrainExtraction/sub-s017/BrainExtractionBrain.nii.gz
OUTPUT_DIR: /home/mdugre/scratch/mri-registration-rp/datasets/ds004513/derivatives/mri-registration-rp/0011/antsRegistration-r8-p9/sub-s017

FIXED_IMG: /templateflow/tpl-MNI152NLin2009cAsym/tpl-MNI152NLin2009cAsym_res-01_desc-brain_T1w.nii.gz
DATA_DIR: /home/mdugre/scratch/mri-registration-rp/datasets/ds004513
TEMPLATEFLOW_DIR: /home/mdugre/projects/rrg-glatard/mdugre/templateflow
ITK_GLOBAL_DEFAULT_NUMBER_OF_THREADS: 16
##########################

Info [verificarlo]: loaded backend libinterflop_ieee.so
Info [interflop-ieee]: load backend with:
Info [interflop-ieee]: debug = false
Info [interflop-ieee]: debug-binary = false
Info [interflop-ieee]: no-backend-name = false
Info [interflop-ieee]: print-new-line = false
Info [interflop-ieee]: print-subnormal-normalized = false
Info [interflop-ieee]: count-op = false
All_Command_lines_OK
Using double precision for computations.
=============================================================================
The composite transform comprises the following transforms (in order): 
  1. Center of mass alignment using fixed image: /templateflow/tpl-MNI152NLin2009cAsym/tpl-MNI152NLin2009cAsym_res-01_desc-brain_T1w.nii.gz and moving image: /home/mdugre/scratch/mri-registration-rp/datasets/ds004513/derivatives/mri-registration-rp/antsBrainExtraction/sub-s017/BrainExtractionBrain.nii.gz (type = Euler3DTransform)
=============================================================================
  number of levels = 1
  fixed image: /templateflow/tpl-MNI152NLin2009cAsym/tpl-MNI152NLin2009cAsym_res-01_desc-brain_T1w.nii.gz
  moving image: /home/mdugre/scratch/mri-registration-rp/datasets/ds004513/derivatives/mri-registration-rp/antsBrainExtraction/sub-s017/BrainExtractionBrain.nii.gz
Dimension = 3
Number of stages = 1
Use histogram matching = false
Winsorize image intensities = true
  Lower quantile = 0.005
  Upper quantile = 0.995


Stage 1 State
   Image metric = MattesMI
     Fixed image = Image (0x3916bd0)
  RTTI typeinfo:   itk::Image<double, 3u>
  Reference Count: 2
  Modified Time: 2334
  Debug: Off
  Object Name: 
  Observers: 
    none
  Source: (none)
  Source output name: (none)
  Release Data: Off
  Data Released: False
  Global Release Data: Off
  PipelineMTime: 0
  UpdateMTime: 1943
  RealTimeStamp: 0 seconds 
  LargestPossibleRegion: 
    Dimension: 3
    Index: [0, 0, 0]
    Size: [193, 229, 193]
  BufferedRegion: 
    Dimension: 3
    Index: [0, 0, 0]
    Size: [193, 229, 193]
  RequestedRegion: 
    Dimension: 3
    Index: [0, 0, 0]
    Size: [193, 229, 193]
  Spacing: [1, 1, 1]
  Origin: [96, 132, -78]
  Direction: 
-1 0 0
0 -1 0
0 0 1

  IndexToPointMatrix: 
-1 0 0
0 -1 0
0 0 1

  PointToIndexMatrix: 
-1 0 0
0 -1 0
0 0 1

  Inverse Direction: 
-1 0 0
0 -1 0
0 0 1

  PixelContainer: 
    ImportImageContainer (0x391f9e0)
      RTTI typeinfo:   itk::ImportImageContainer<unsigned long, double>
      Reference Count: 1
      Modified Time: 1940
      Debug: Off
      Object Name: 
      Observers: 
        none
      Pointer: 0x148901874010
      Container manages memory: true
      Size: 8530021
      Capacity: 8530021

     Moving image = Image (0x3920bd0)
  RTTI typeinfo:   itk::Image<double, 3u>
  Reference Count: 2
  Modified Time: 2335
  Debug: Off
  Object Name: 
  Observers: 
    none
  Source: (none)
  Source output name: (none)
  Release Data: Off
  Data Released: False
  Global Release Data: Off
  PipelineMTime: 0
  UpdateMTime: 2332
  RealTimeStamp: 0 seconds 
  LargestPossibleRegion: 
    Dimension: 3
    Index: [0, 0, 0]
    Size: [160, 240, 256]
  BufferedRegion: 
    Dimension: 3
    Index: [0, 0, 0]
    Size: [160, 240, 256]
  RequestedRegion: 
    Dimension: 3
    Index: [0, 0, 0]
    Size: [160, 240, 256]
  Spacing: [1, 1, 1]
  Origin: [91.3357, 102.231, -120.042]
  Direction: 
-0.997442 -5.36781e-05 -0.0714818
5.35416e-05 -1 3.82465e-06
-0.0714818 -1.23894e-08 0.997442

  IndexToPointMatrix: 
-0.997444 -5.36781e-05 -0.0714818
5.35418e-05 -1 3.82465e-06
-0.0714819 -1.23894e-08 0.997442

  PointToIndexMatrix: 
-0.99744 5.35415e-05 -0.0714816
-5.36781e-05 -1 -1.23894e-08
-0.0714818 3.82465e-06 0.997442

  Inverse Direction: 
-0.997442 5.35416e-05 -0.0714818
-5.36781e-05 -1 -1.23894e-08
-0.0714818 3.82465e-06 0.997442

  PixelContainer: 
    ImportImageContainer (0x3aa6b50)
      RTTI typeinfo:   itk::ImportImageContainer<unsigned long, double>
      Reference Count: 1
      Modified Time: 2329
      Debug: Off
      Object Name: 
      Observers: 
        none
      Pointer: 0x1488fcd73010
      Container manages memory: true
      Size: 9830400
      Capacity: 9830400

     Weighting = 1
     Sampling strategy = regular
     Number of bins = 32
     Radius = 4
     Sampling percentage  = 0.25
   Transform = Rigid
     Gradient step = 0.1
     Update field sigma (voxel space) = 0
     Total field sigma (voxel space) = 0
     Update field time sigma = 0
     Total field time sigma  = 0
     Number of time indices = 0
     Number of time point samples = 0
Registration using 1 total stages.

Stage 0
  iterations = 0
  convergence threshold = 1e-06
  convergence window size = 10
  number of levels = 1
  using the Mattes MI metric (number of bins = 32, weight = 1, use gradient filter = 0)
  preprocessing:  winsorizing the image intensities
  Shrink factors (level 1 out of 1): [1, 1, 1]
  smoothing sigmas per level: [0]
  regular sampling (percentage = 0.25)

*** Running Euler3DTransform registration ***

  Elapsed time (stage 0): 1.12888


Total elapsed time: 1.13092
Info [verificarlo]: loaded backend libinterflop_ieee.so
Info [interflop-ieee]: load backend with:
Info [interflop-ieee]: debug = false
Info [interflop-ieee]: debug-binary = false
Info [interflop-ieee]: no-backend-name = false
Info [interflop-ieee]: print-new-line = false
Info [interflop-ieee]: print-subnormal-normalized = false
Info [interflop-ieee]: count-op = false
All_Command_lines_OK
Using double precision for computations.
=============================================================================
The composite transform comprises the following transforms (in order): 
  1. /home/mdugre/scratch/mri-registration-rp/datasets/ds004513/derivatives/mri-registration-rp/0011/antsRegistration-r8-p9/sub-s017/align_Composite.h5[0] (type = Euler3DTransform)
  2. /home/mdugre/scratch/mri-registration-rp/datasets/ds004513/derivatives/mri-registration-rp/0011/antsRegistration-r8-p9/sub-s017/align_Composite.h5[1] (type = Euler3DTransform)
=============================================================================
  number of levels = 4
  fixed image: /templateflow/tpl-MNI152NLin2009cAsym/tpl-MNI152NLin2009cAsym_res-01_desc-brain_T1w.nii.gz
  moving image: /home/mdugre/scratch/mri-registration-rp/datasets/ds004513/derivatives/mri-registration-rp/antsBrainExtraction/sub-s017/BrainExtractionBrain.nii.gz
Dimension = 3
Number of stages = 1
Use histogram matching = false
Winsorize image intensities = true
  Lower quantile = 0.005
  Upper quantile = 0.995


Stage 1 State
   Image metric = MattesMI
     Fixed image = Image (0x38f7530)
  RTTI typeinfo:   itk::Image<double, 3u>
  Reference Count: 2
  Modified Time: 1580
  Debug: Off
  Object Name: 
  Observers: 
    none
  Source: (none)
  Source output name: (none)
  Release Data: Off
  Data Released: False
  Global Release Data: Off
  PipelineMTime: 0
  UpdateMTime: 1189
  RealTimeStamp: 0 seconds 
  LargestPossibleRegion: 
    Dimension: 3
    Index: [0, 0, 0]
    Size: [193, 229, 193]
  BufferedRegion: 
    Dimension: 3
    Index: [0, 0, 0]
    Size: [193, 229, 193]
  RequestedRegion: 
    Dimension: 3
    Index: [0, 0, 0]
    Size: [193, 229, 193]
  Spacing: [1, 1, 1]
  Origin: [96, 132, -78]
  Direction: 
-1 0 0
0 -1 0
0 0 1

  IndexToPointMatrix: 
-1 0 0
0 -1 0
0 0 1

  PointToIndexMatrix: 
-1 0 0
0 -1 0
0 0 1

  Inverse Direction: 
-1 0 0
0 -1 0
0 0 1

  PixelContainer: 
    ImportImageContainer (0x39b5d60)
      RTTI typeinfo:   itk::ImportImageContainer<unsigned long, double>
      Reference Count: 1
      Modified Time: 1186
      Debug: Off
      Object Name: 
      Observers: 
        none
      Pointer: 0x14e45b938010
      Container manages memory: true
      Size: 8530021
      Capacity: 8530021

     Moving image = Image (0x39a7f60)
  RTTI typeinfo:   itk::Image<double, 3u>
  Reference Count: 2
  Modified Time: 1581
  Debug: Off
  Object Name: 
  Observers: 
    none
  Source: (none)
  Source output name: (none)
  Release Data: Off
  Data Released: False
  Global Release Data: Off
  PipelineMTime: 0
  UpdateMTime: 1578
  RealTimeStamp: 0 seconds 
  LargestPossibleRegion: 
    Dimension: 3
    Index: [0, 0, 0]
    Size: [160, 240, 256]
  BufferedRegion: 
    Dimension: 3
    Index: [0, 0, 0]
    Size: [160, 240, 256]
  RequestedRegion: 
    Dimension: 3
    Index: [0, 0, 0]
    Size: [160, 240, 256]
  Spacing: [1, 1, 1]
  Origin: [91.3357, 102.231, -120.042]
  Direction: 
-0.997442 -5.36781e-05 -0.0714818
5.35416e-05 -1 3.82465e-06
-0.0714818 -1.23894e-08 0.997442

  IndexToPointMatrix: 
-0.997444 -5.36781e-05 -0.0714818
5.35418e-05 -1 3.82465e-06
-0.0714819 -1.23894e-08 0.997442

  PointToIndexMatrix: 
-0.99744 5.35415e-05 -0.0714816
-5.36781e-05 -1 -1.23894e-08
-0.0714818 3.82465e-06 0.997442

  Inverse Direction: 
-0.997442 5.35416e-05 -0.0714818
-5.36781e-05 -1 -1.23894e-08
-0.0714818 3.82465e-06 0.997442

  PixelContainer: 
    ImportImageContainer (0x39996d0)
      RTTI typeinfo:   itk::ImportImageContainer<unsigned long, double>
      Reference Count: 1
      Modified Time: 1575
      Debug: Off
      Object Name: 
      Observers: 
        none
      Pointer: 0x14e456e37010
      Container manages memory: true
      Size: 9830400
      Capacity: 9830400

     Weighting = 1
     Sampling strategy = regular
     Number of bins = 32
     Radius = 4
     Sampling percentage  = 0.25
   Transform = Rigid
     Gradient step = 0.1
     Update field sigma (voxel space) = 0
     Total field sigma (voxel space) = 0
     Update field time sigma = 0
     Total field time sigma  = 0
     Number of time indices = 0
     Number of time point samples = 0
Registration using 1 total stages.

Stage 0
  iterations = 1000x500x250x100
  convergence threshold = 1e-06
  convergence window size = 10
  number of levels = 4
  using the Mattes MI metric (number of bins = 32, weight = 1, use gradient filter = 0)
  preprocessing:  winsorizing the image intensities
  Shrink factors (level 1 out of 4): [8, 8, 8]
  Shrink factors (level 2 out of 4): [4, 4, 4]
  Shrink factors (level 3 out of 4): [2, 2, 2]
  Shrink factors (level 4 out of 4): [1, 1, 1]
  smoothing sigmas per level: [3, 2, 1, 0]
  regular sampling (percentage = 0.25)

*** Running Euler3DTransform registration ***

DIAGNOSTIC,Iteration,metricValue,convergenceValue,ITERATION_TIME_INDEX,SINCE_LAST
 2DIAGNOSTIC,     1, -5.567767283252e-01, 1.797693134862e+308, 7.1540e-01, 7.1540e-01, 
 2DIAGNOSTIC,     2, -5.584239703569e-01, 1.797693134862e+308, 7.1914e-01, 3.7441e-03, 
 2DIAGNOSTIC,     3, -5.612715515272e-01, 1.797693134862e+308, 7.2293e-01, 3.7858e-03, 
 2DIAGNOSTIC,     4, -5.637780194106e-01, 1.797693134862e+308, 7.2659e-01, 3.6621e-03, 
 2DIAGNOSTIC,     5, -5.658229214212e-01, 1.797693134862e+308, 7.3057e-01, 3.9802e-03, 
 2DIAGNOSTIC,     6, -5.696445468689e-01, 1.797693134862e+308, 7.3426e-01, 3.6869e-03, 
 2DIAGNOSTIC,     7, -5.734118275242e-01, 1.797693134862e+308, 7.3792e-01, 3.6631e-03, 
 2DIAGNOSTIC,     8, -5.754533484979e-01, 1.797693134862e+308, 7.4293e-01, 5.0120e-03, 
 2DIAGNOSTIC,     9, -5.763021950250e-01, 1.797693134862e+308, 7.4649e-01, 3.5598e-03, 
 2DIAGNOSTIC,    10, -5.771142770255e-01, 2.558085388189e-03, 7.5149e-01, 5.0030e-03, 
 2DIAGNOSTIC,    11, -5.785125587612e-01, 2.176117873031e-03, 7.5519e-01, 3.7000e-03, 
 2DIAGNOSTIC,    12, -5.799413348090e-01, 1.786767970983e-03, 7.5938e-01, 4.1878e-03, 
 2DIAGNOSTIC,    13, -5.809477908980e-01, 1.443124036835e-03, 7.6359e-01, 4.2119e-03, 
 2DIAGNOSTIC,    14, -5.814655964876e-01, 1.127354078216e-03, 7.6751e-01, 3.9129e-03, 
 2DIAGNOSTIC,    15, -5.819093877219e-01, 8.331089413526e-04, 7.7181e-01, 4.3051e-03, 
 2DIAGNOSTIC,    16, -5.822326442998e-01, 6.258215683233e-04, 7.7613e-01, 4.3192e-03, 
 2DIAGNOSTIC,    17, -5.825793599843e-01, 5.040365830239e-04, 7.7995e-01, 3.8149e-03, 
 2DIAGNOSTIC,    18, -5.863713925916e-01, 5.095725576645e-04, 7.8391e-01, 3.9611e-03, 
 2DIAGNOSTIC,    19, -5.901617810167e-01, 5.855607354901e-04, 7.9061e-01, 6.7060e-03, 
 2DIAGNOSTIC,    20, -5.906016223816e-01, 6.286272500297e-04, 7.9532e-01, 4.7069e-03, 
 2DIAGNOSTIC,    21, -5.907365705866e-01, 6.467002963821e-04, 7.9957e-01, 4.2489e-03, 
 2DIAGNOSTIC,    22, -5.906256574994e-01, 6.330265936361e-04, 8.0380e-01, 4.2260e-03, 
 2DIAGNOSTIC,    23, -5.906307681710e-01, 5.816453055157e-04, 8.0757e-01, 3.7730e-03, 
 2DIAGNOSTIC,    24, -5.905636622010e-01, 4.878472529201e-04, 8.1133e-01, 3.7649e-03, 
 2DIAGNOSTIC,    25, -5.906024985370e-01, 3.662279783940e-04, 8.1600e-01, 4.6630e-03, 
 2DIAGNOSTIC,    26, -5.906025304324e-01, 2.276984665057e-04, 8.1979e-01, 3.7930e-03, 
 2DIAGNOSTIC,    27, -5.906211320574e-01, 8.394584288667e-05, 8.2354e-01, 3.7539e-03, 
 2DIAGNOSTIC,    28, -5.908796758313e-01, 1.198925031159e-05, 8.2734e-01, 3.7940e-03, 
 2DIAGNOSTIC,    29, -5.911411552395e-01, 1.217108543243e-05, 8.3159e-01, 4.2520e-03, 
 2DIAGNOSTIC,    30, -5.915241330961e-01, 2.456301684407e-05, 8.3733e-01, 5.7409e-03, 
 2DIAGNOSTIC,    31, -5.916229825993e-01, 3.758205306310e-05, 8.4113e-01, 3.7980e-03, 
 2DIAGNOSTIC,    32, -5.916651208817e-01, 4.532975449319e-05, 8.4492e-01, 3.7949e-03, 
 2DIAGNOSTIC,    33, -5.916874987632e-01, 4.885284294846e-05, 8.4874e-01, 3.8199e-03, 
 2DIAGNOSTIC,    34, -5.917053822200e-01, 4.682712858976e-05, 8.5303e-01, 4.2832e-03, 
 2DIAGNOSTIC,    35, -5.917390904868e-01, 4.153275817528e-05, 8.6343e-01, 1.0404e-02, 
 2DIAGNOSTIC,    36, -5.917390912695e-01, 3.272086429531e-05, 8.6750e-01, 4.0700e-03, 
 2DIAGNOSTIC,    37, -5.917391070342e-01, 2.163060314890e-05, 8.7129e-01, 3.7851e-03, 
 2DIAGNOSTIC,    38, -5.917391330930e-01, 1.245673595335e-05, 8.7507e-01, 3.7851e-03, 
 2DIAGNOSTIC,    39, -5.917391754735e-01, 5.801896389185e-06, 8.7888e-01, 3.8049e-03, 
 2DIAGNOSTIC,    40, -5.917392424311e-01, 3.643428650439e-06, 8.8265e-01, 3.7780e-03, 
 2DIAGNOSTIC,    41, -5.917393428829e-01, 2.487109297896e-06, 8.8645e-01, 3.7971e-03, 
 2DIAGNOSTIC,    42, -5.917394845334e-01, 1.715730317053e-06, 8.9019e-01, 3.7429e-03, 
 2DIAGNOSTIC,    43, -5.917396625587e-01, 1.144189314562e-06, 8.9394e-01, 3.7429e-03, 
DIAGNOSTIC,Iteration,metricValue,convergenceValue,ITERATION_TIME_INDEX,SINCE_LAST
 2DIAGNOSTIC,     1, -4.784004501418e-01, 1.797693134862e+308, 1.6502e+00, 7.5626e-01, 
 2DIAGNOSTIC,     2, -4.783999131488e-01, 1.797693134862e+308, 1.6766e+00, 2.6392e-02, 
 2DIAGNOSTIC,     3, -4.784190365425e-01, 1.797693134862e+308, 1.7095e+00, 3.2924e-02, 
 2DIAGNOSTIC,     4, -4.785028756511e-01, 1.797693134862e+308, 1.7384e+00, 2.8883e-02, 
 2DIAGNOSTIC,     5, -4.786647485431e-01, 1.797693134862e+308, 1.7663e+00, 2.7889e-02, 
 2DIAGNOSTIC,     6, -4.788099932959e-01, 1.797693134862e+308, 1.7948e+00, 2.8503e-02, 
 2DIAGNOSTIC,     7, -4.794645847216e-01, 1.797693134862e+308, 1.8268e+00, 3.2054e-02, 
 2DIAGNOSTIC,     8, -4.813619171747e-01, 1.797693134862e+308, 1.8638e+00, 3.6965e-02, 
 2DIAGNOSTIC,     9, -4.817935635327e-01, 1.797693134862e+308, 1.8935e+00, 2.9655e-02, 
 2DIAGNOSTIC,    10, -4.822647496904e-01, 5.583367505125e-04, 1.9197e+00, 2.6279e-02, 
 2DIAGNOSTIC,    11, -4.831344909908e-01, 6.366384575225e-04, 1.9497e+00, 2.9973e-02, 
 2DIAGNOSTIC,    12, -4.835768992566e-01, 6.653898034751e-04, 1.9977e+00, 4.8014e-02, 
 2DIAGNOSTIC,    13, -4.835677565320e-01, 6.290342968861e-04, 2.0337e+00, 3.6026e-02, 
 2DIAGNOSTIC,    14, -4.835733047838e-01, 5.452729207658e-04, 2.0734e+00, 3.9613e-02, 
 2DIAGNOSTIC,    15, -4.835701547248e-01, 4.305772095724e-04, 2.1064e+00, 3.3087e-02, 
 2DIAGNOSTIC,    16, -4.835566913003e-01, 2.956272803831e-04, 2.1390e+00, 3.2510e-02, 
 2DIAGNOSTIC,    17, -4.835523104085e-01, 1.703980274949e-04, 2.1686e+00, 2.9613e-02, 
 2DIAGNOSTIC,    18, -4.835483887831e-01, 1.058854945766e-04, 2.1988e+00, 3.0195e-02, 
 2DIAGNOSTIC,    19, -4.835469915471e-01, 5.203914175497e-05, 2.2295e+00, 3.0774e-02, 
 2DIAGNOSTIC,    20, -4.835401827381e-01, 1.204163310782e-05, 2.2642e+00, 3.4635e-02, 
DIAGNOSTIC,Iteration,metricValue,convergenceValue,ITERATION_TIME_INDEX,SINCE_LAST
 2DIAGNOSTIC,     1, -4.161561167874e-01, 1.797693134862e+308, 3.3414e+00, 1.0772e+00, 
 2DIAGNOSTIC,     2, -4.161756893438e-01, 1.797693134862e+308, 3.5867e+00, 2.4531e-01, 
 2DIAGNOSTIC,     3, -4.161696114507e-01, 1.797693134862e+308, 3.7909e+00, 2.0419e-01, 
 2DIAGNOSTIC,     4, -4.161681503551e-01, 1.797693134862e+308, 4.1224e+00, 3.3152e-01, 
 2DIAGNOSTIC,     5, -4.161678896600e-01, 1.797693134862e+308, 4.3422e+00, 2.1979e-01, 
 2DIAGNOSTIC,     6, -4.161669123583e-01, 1.797693134862e+308, 4.5549e+00, 2.1273e-01, 
 2DIAGNOSTIC,     7, -4.161667485641e-01, 1.797693134862e+308, 4.8205e+00, 2.6563e-01, 
 2DIAGNOSTIC,     8, -4.161656816014e-01, 1.797693134862e+308, 5.0097e+00, 1.8918e-01, 
 2DIAGNOSTIC,     9, -4.161650043536e-01, 1.797693134862e+308, 5.2507e+00, 2.4104e-01, 
 2DIAGNOSTIC,    10, -4.161655463812e-01, 2.943366579147e-06, 5.5027e+00, 2.5200e-01, 
 2DIAGNOSTIC,    11, -4.161636420993e-01, 1.720591488882e-06, 5.7351e+00, 2.3241e-01, 
 2DIAGNOSTIC,    12, -4.161624970808e-01, 1.867462474228e-06, 5.9644e+00, 2.2929e-01, 
 2DIAGNOSTIC,    13, -4.161615819743e-01, 1.698398062883e-06, 6.1460e+00, 1.8159e-01, 
 2DIAGNOSTIC,    14, -4.161624603293e-01, 1.592444847168e-06, 6.3551e+00, 2.0910e-01, 
 2DIAGNOSTIC,    15, -4.161620529811e-01, 1.530180433709e-06, 6.5882e+00, 2.3310e-01, 
 2DIAGNOSTIC,    16, -4.161603835104e-01, 1.417836914208e-06, 6.7739e+00, 1.8572e-01, 
 2DIAGNOSTIC,    17, -4.161625251479e-01, 1.455414112735e-06, 6.9839e+00, 2.0992e-01, 
 2DIAGNOSTIC,    18, -4.161617349623e-01, 1.453854856184e-06, 7.1748e+00, 1.9098e-01, 
 2DIAGNOSTIC,    19, -4.161656140592e-01, 1.594928497377e-06, 7.3965e+00, 2.2167e-01, 
 2DIAGNOSTIC,    20, -4.161678254528e-01, 1.821576319651e-06, 7.6821e+00, 2.8561e-01, 
 2DIAGNOSTIC,    21, -4.161672172258e-01, 1.924327018954e-06, 7.9061e+00, 2.2395e-01, 
 2DIAGNOSTIC,    22, -4.161665846121e-01, 1.927748307103e-06, 8.1047e+00, 1.9860e-01, 
 2DIAGNOSTIC,    23, -4.161660793964e-01, 1.843028032536e-06, 8.3406e+00, 2.3597e-01, 
 2DIAGNOSTIC,    24, -4.161655365531e-01, 1.730448864604e-06, 8.5241e+00, 1.8350e-01, 
 2DIAGNOSTIC,    25, -4.161651834945e-01, 1.568353731059e-06, 8.7188e+00, 1.9469e-01, 
 2DIAGNOSTIC,    26, -4.161660037664e-01, 1.368374529666e-06, 8.9503e+00, 2.3147e-01, 
 2DIAGNOSTIC,    27, -4.161651045495e-01, 1.203105053305e-06, 9.1333e+00, 1.8304e-01, 
 2DIAGNOSTIC,    28, -4.161679884896e-01, 1.097088644687e-06, 9.3558e+00, 2.2248e-01, 
 2DIAGNOSTIC,    29, -4.161710849646e-01, 1.162831223776e-06, 9.5855e+00, 2.2970e-01, 
 2DIAGNOSTIC,    30, -4.161703640304e-01, 1.250475698517e-06, 9.8055e+00, 2.2001e-01, 
 2DIAGNOSTIC,    31, -4.161708142909e-01, 1.313167814508e-06, 1.0014e+01, 2.0823e-01, 
 2DIAGNOSTIC,    32, -4.161710089263e-01, 1.336085270712e-06, 1.0221e+01, 2.0688e-01, 
 2DIAGNOSTIC,    33, -4.161749613446e-01, 1.395595232545e-06, 1.0436e+01, 2.1535e-01, 
 2DIAGNOSTIC,    34, -4.161777487502e-01, 1.452526295721e-06, 1.0630e+01, 1.9427e-01, 
 2DIAGNOSTIC,    35, -4.161792220173e-01, 1.478601709470e-06, 1.0849e+01, 2.1847e-01, 
 2DIAGNOSTIC,    36, -4.161806859643e-01, 1.495439412962e-06, 1.1069e+01, 2.2060e-01, 
 2DIAGNOSTIC,    37, -4.161791778420e-01, 1.407680663770e-06, 1.1277e+01, 2.0771e-01, 
 2DIAGNOSTIC,    38, -4.161838486861e-01, 1.406626869444e-06, 1.1511e+01, 2.3420e-01, 
 2DIAGNOSTIC,    39, -4.161849953094e-01, 1.422742173740e-06, 1.1744e+01, 2.3281e-01, 
 2DIAGNOSTIC,    40, -4.161860914884e-01, 1.386764634136e-06, 1.2049e+01, 3.0534e-01, 
 2DIAGNOSTIC,    41, -4.161854987570e-01, 1.295749577603e-06, 1.2270e+01, 2.2098e-01, 
 2DIAGNOSTIC,    42, -4.161840259982e-01, 1.138573342625e-06, 1.2486e+01, 2.1545e-01, 
 2DIAGNOSTIC,    43, -4.161834049854e-01, 1.004201834486e-06, 1.2681e+01, 1.9503e-01, 
DIAGNOSTIC,Iteration,metricValue,convergenceValue,ITERATION_TIME_INDEX,SINCE_LAST
 2DIAGNOSTIC,     1, -3.834265912319e-01, 1.797693134862e+308, 1.5154e+01, 2.4727e+00, 
 2DIAGNOSTIC,     2, -3.834925053346e-01, 1.797693134862e+308, 1.6601e+01, 1.4478e+00, 
 2DIAGNOSTIC,     3, -3.834978116462e-01, 1.797693134862e+308, 1.8247e+01, 1.6454e+00, 
 2DIAGNOSTIC,     4, -3.835004127715e-01, 1.797693134862e+308, 2.0005e+01, 1.7579e+00, 
 2DIAGNOSTIC,     5, -3.835019582505e-01, 1.797693134862e+308, 2.1679e+01, 1.6740e+00, 
 2DIAGNOSTIC,     6, -3.835049957408e-01, 1.797693134862e+308, 2.3575e+01, 1.8965e+00, 
 2DIAGNOSTIC,     7, -3.835058343714e-01, 1.797693134862e+308, 2.5364e+01, 1.7892e+00, 
 2DIAGNOSTIC,     8, -3.835066498248e-01, 1.797693134862e+308, 2.7309e+01, 1.9446e+00, 
 2DIAGNOSTIC,     9, -3.835062955315e-01, 1.797693134862e+308, 2.9138e+01, 1.8287e+00, 
 2DIAGNOSTIC,    10, -3.835063108990e-01, 1.066660767372e-05, 3.0874e+01, 1.7361e+00, 
 2DIAGNOSTIC,    11, -3.835061571784e-01, 4.747040845396e-06, 3.3209e+01, 2.3357e+00, 
 2DIAGNOSTIC,    12, -3.835060832643e-01, 3.706200773251e-06, 3.4709e+01, 1.4997e+00, 
 2DIAGNOSTIC,    13, -3.835060190714e-01, 3.027826171523e-06, 3.6302e+01, 1.5931e+00, 
 2DIAGNOSTIC,    14, -3.835058638472e-01, 2.523467091842e-06, 3.7887e+01, 1.5846e+00, 
 2DIAGNOSTIC,    15, -3.835058006957e-01, 2.133709295096e-06, 3.9509e+01, 1.6225e+00, 
 2DIAGNOSTIC,    16, -3.835056463965e-01, 1.924177732038e-06, 4.1486e+01, 1.9769e+00, 
 2DIAGNOSTIC,    17, -3.835054775122e-01, 1.773328561723e-06, 4.3136e+01, 1.6496e+00, 
 2DIAGNOSTIC,    18, -3.835053086115e-01, 1.675385379075e-06, 4.4560e+01, 1.4239e+00, 
 2DIAGNOSTIC,    19, -3.835051448138e-01, 1.576051818823e-06, 4.5967e+01, 1.4070e+00, 
 2DIAGNOSTIC,    20, -3.835051658760e-01, 1.497295075405e-06, 4.7378e+01, 1.4115e+00, 
 2DIAGNOSTIC,    21, -3.835053779569e-01, 1.436675314166e-06, 4.8972e+01, 1.5933e+00, 
 2DIAGNOSTIC,    22, -3.835055901408e-01, 1.393331721188e-06, 5.0578e+01, 1.6066e+00, 
 2DIAGNOSTIC,    23, -3.835055250999e-01, 1.354581542386e-06, 5.2170e+01, 1.5914e+00, 
 2DIAGNOSTIC,    24, -3.835054518278e-01, 1.314933130644e-06, 5.3796e+01, 1.6263e+00, 
 2DIAGNOSTIC,    25, -3.835053813419e-01, 1.275595341230e-06, 5.5277e+01, 1.4809e+00, 
 2DIAGNOSTIC,    26, -3.835053141613e-01, 1.232550095563e-06, 5.6692e+01, 1.4150e+00, 
 2DIAGNOSTIC,    27, -3.835053494671e-01, 1.188143194240e-06, 5.8115e+01, 1.4232e+00, 
 2DIAGNOSTIC,    28, -3.835054089350e-01, 1.143229100511e-06, 5.9688e+01, 1.5733e+00, 
 2DIAGNOSTIC,    29, -3.835055814675e-01, 1.101082730867e-06, 6.1229e+01, 1.5411e+00, 
 2DIAGNOSTIC,    30, -3.835053714638e-01, 1.056523029237e-06, 6.3371e+01, 2.1414e+00, 
 2DIAGNOSTIC,    31, -3.835053052285e-01, 1.018740042165e-06, 6.4992e+01, 1.6211e+00, 
  Elapsed time (stage 0): 6.5873e+01


Total elapsed time: 6.5876e+01
Info [verificarlo]: loaded backend libinterflop_vprec.so
Info [interflop-vprec]: load backend with: 
Info [interflop-vprec]: precision-binary32 = 9
Info [interflop-vprec]: range-binary32 = 8
Info [interflop-vprec]: precision-binary64 = 9
Info [interflop-vprec]: range-binary64 = 8
Info [interflop-vprec]: mode = ob
Info [interflop-vprec]: error-mode = rel
Info [interflop-vprec]: max-abs-error-exponent = -1022
Info [interflop-vprec]: daz = false
Info [interflop-vprec]: ftz = false
Info [interflop-vprec]: 	instrument = none
Info [interflop-vprec]: 	prec-input-file = (null)
Info [interflop-vprec]: 	prec-output-file = (null)
Info [interflop-vprec]: 	prec-log-file = (null)
All_Command_lines_OK
Using double precision for computations.
=============================================================================
The composite transform comprises the following transforms (in order): 
  1. /home/mdugre/scratch/mri-registration-rp/datasets/ds004513/derivatives/mri-registration-rp/0011/antsRegistration-r8-p9/sub-s017/rigid_Composite.h5[0] (type = Euler3DTransform)
  2. /home/mdugre/scratch/mri-registration-rp/datasets/ds004513/derivatives/mri-registration-rp/0011/antsRegistration-r8-p9/sub-s017/rigid_Composite.h5[1] (type = Euler3DTransform)
  3. /home/mdugre/scratch/mri-registration-rp/datasets/ds004513/derivatives/mri-registration-rp/0011/antsRegistration-r8-p9/sub-s017/rigid_Composite.h5[2] (type = Euler3DTransform)
=============================================================================
  number of levels = 4
  fixed image: /templateflow/tpl-MNI152NLin2009cAsym/tpl-MNI152NLin2009cAsym_res-01_desc-brain_T1w.nii.gz
  moving image: /home/mdugre/scratch/mri-registration-rp/datasets/ds004513/derivatives/mri-registration-rp/antsBrainExtraction/sub-s017/BrainExtractionBrain.nii.gz
Dimension = 3
Number of stages = 1
Use histogram matching = false
Winsorize image intensities = true
  Lower quantile = 0.005
  Upper quantile = 0.995


Stage 1 State
   Image metric = MattesMI
     Fixed image = Image (0x3bcd1e0)
  RTTI typeinfo:   itk::Image<double, 3u>
  Reference Count: 2
  Modified Time: 1592
  Debug: Off
  Object Name: 
  Observers: 
    none
  Source: (none)
  Source output name: (none)
  Release Data: Off
  Data Released: False
  Global Release Data: Off
  PipelineMTime: 0
  UpdateMTime: 1203
  RealTimeStamp: 0 seconds 
  LargestPossibleRegion: 
    Dimension: 3
    Index: [0, 0, 0]
    Size: [193, 229, 193]
  BufferedRegion: 
    Dimension: 3
    Index: [0, 0, 0]
    Size: [193, 229, 193]
  RequestedRegion: 
    Dimension: 3
    Index: [0, 0, 0]
    Size: [193, 229, 193]
  Spacing: [1, 1, 1]
  Origin: [96, 132, -78]
  Direction: 
-1 0 0
0 -1 0
0 0 1

  IndexToPointMatrix: 
-1 0 0
0 -1 0
0 0 1

  PointToIndexMatrix: 
-1 0 0
0 -1 0
0 0 1

  Inverse Direction: 
-1 0 0
0 -1 0
0 0 1

  PixelContainer: 
    ImportImageContainer (0x3c9a890)
      RTTI typeinfo:   itk::ImportImageContainer<unsigned long, double>
      Reference Count: 1
      Modified Time: 1200
      Debug: Off
      Object Name: 
      Observers: 
        none
      Pointer: 0x148aa8eb7010
      Container manages memory: true
      Size: 8530021
      Capacity: 8530021

     Moving image = Image (0x3c99e40)
  RTTI typeinfo:   itk::Image<double, 3u>
  Reference Count: 2
  Modified Time: 1593
  Debug: Off
  Object Name: 
  Observers: 
    none
  Source: (none)
  Source output name: (none)
  Release Data: Off
  Data Released: False
  Global Release Data: Off
  PipelineMTime: 0
  UpdateMTime: 1590
  RealTimeStamp: 0 seconds 
  LargestPossibleRegion: 
    Dimension: 3
    Index: [0, 0, 0]
    Size: [160, 240, 256]
  BufferedRegion: 
    Dimension: 3
    Index: [0, 0, 0]
    Size: [160, 240, 256]
  RequestedRegion: 
    Dimension: 3
    Index: [0, 0, 0]
    Size: [160, 240, 256]
  Spacing: [1, 1, 1]
  Origin: [91.375, 102.25, -120]
  Direction: 
-0.99707 -5.36442e-05 -0.0714111
5.34654e-05 -1 3.8147e-06
-0.0714111 -1.30385e-08 0.99707

  IndexToPointMatrix: 
-0.99707 -5.36442e-05 -0.0714111
5.34654e-05 -1 3.8147e-06
-0.0714111 -1.30385e-08 0.99707

  PointToIndexMatrix: 
-0.996094 5.34654e-05 -0.0714111
-5.35846e-05 -1 -1.30385e-08
-0.0714111 3.8147e-06 0.99707

  Inverse Direction: 
-0.996094 5.34654e-05 -0.0714111
-5.35846e-05 -1 -1.30385e-08
-0.0714111 3.8147e-06 0.99707

  PixelContainer: 
    ImportImageContainer (0x3d3aa50)
      RTTI typeinfo:   itk::ImportImageContainer<unsigned long, double>
      Reference Count: 1
      Modified Time: 1587
      Debug: Off
      Object Name: 
      Observers: 
        none
      Pointer: 0x148aa43b6010
      Container manages memory: true
      Size: 9830400
      Capacity: 9830400

     Weighting = 1
     Sampling strategy = regular
     Number of bins = 32
     Radius = 4
     Sampling percentage  = 0.25
   Transform = Affine
     Gradient step = 0.1
     Update field sigma (voxel space) = 0
     Total field sigma (voxel space) = 0
     Update field time sigma = 0
     Total field time sigma  = 0
     Number of time indices = 0
     Number of time point samples = 0
Registration using 1 total stages.

Stage 0
  iterations = 1000x500x250x100
  convergence threshold = 1e-06
  convergence window size = 10
  number of levels = 4
  using the Mattes MI metric (number of bins = 32, weight = 1, use gradient filter = 0)
  preprocessing:  winsorizing the image intensities
  Shrink factors (level 1 out of 4): [8, 8, 8]
  Shrink factors (level 2 out of 4): [4, 4, 4]
  Shrink factors (level 3 out of 4): [2, 2, 2]
  Shrink factors (level 4 out of 4): [1, 1, 1]
  smoothing sigmas per level: [3, 2, 1, 0]
  regular sampling (percentage = 0.25)

*** Running AffineTransform registration ***

DIAGNOSTIC,Iteration,metricValue,convergenceValue,ITERATION_TIME_INDEX,SINCE_LAST
 2DIAGNOSTIC,     1, -5.740542671125e-01, 1.797693134862e+308, 0.0000e+00, 0.0000e+00, 
 2DIAGNOSTIC,     2, -5.772125991625e-01, 1.797693134862e+308, 0.0000e+00, 0.0000e+00, 
 2DIAGNOSTIC,     3, -5.822382194412e-01, 1.797693134862e+308, 0.0000e+00, 0.0000e+00, 
 2DIAGNOSTIC,     4, -5.882895470677e-01, 1.797693134862e+308, 0.0000e+00, 0.0000e+00, 
 2DIAGNOSTIC,     5, -6.003156980523e-01, 1.797693134862e+308, 0.0000e+00, 0.0000e+00, 
 2DIAGNOSTIC,     6, -6.241009390265e-01, 1.797693134862e+308, 0.0000e+00, 0.0000e+00, 
 2DIAGNOSTIC,     7, -6.585141151793e-01, 1.797693134862e+308, 0.0000e+00, 0.0000e+00, 
 2DIAGNOSTIC,     8, -7.070530723873e-01, 1.797693134862e+308, 0.0000e+00, 0.0000e+00, 
 2DIAGNOSTIC,     9, -7.890474492018e-01, 1.797693134862e+308, 0.0000e+00, 0.0000e+00, 
 2DIAGNOSTIC,    10, -8.526005568263e-01, 2.549867933972e-02, 0.0000e+00, 0.0000e+00, 
 2DIAGNOSTIC,    11, -8.872559716922e-01, 2.836874799620e-02, 0.0000e+00, 0.0000e+00, 
 2DIAGNOSTIC,    12, -8.853974397698e-01, 2.821218335391e-02, 0.0000e+00, 0.0000e+00, 
 2DIAGNOSTIC,    13, -8.842731593435e-01, 2.573426345147e-02, 0.0000e+00, 0.0000e+00, 
 2DIAGNOSTIC,    14, -8.839633091607e-01, 2.153532857352e-02, 0.0000e+00, 0.0000e+00, 
 2DIAGNOSTIC,    15, -8.843366061117e-01, 1.636928462289e-02, 0.0000e+00, 0.0000e+00, 
 2DIAGNOSTIC,    16, -8.837366748801e-01, 1.105009897737e-02, 0.0000e+00, 0.0000e+00, 
 2DIAGNOSTIC,    17, -8.839061450023e-01, 6.246353275725e-03, 0.0000e+00, 0.0000e+00, 
 2DIAGNOSTIC,    18, -8.842054641011e-01, 2.491661390991e-03, 0.0000e+00, 0.0000e+00, 
 2DIAGNOSTIC,    19, -8.841933053077e-01, 5.423425248760e-04, 0.0000e+00, 0.0000e+00, 
DIAGNOSTIC,Iteration,metricValue,convergenceValue,ITERATION_TIME_INDEX,SINCE_LAST
 2DIAGNOSTIC,     1, -7.417155632549e-01, 1.797693134862e+308, 0.0000e+00, 0.0000e+00, 
 2DIAGNOSTIC,     2, -7.421777252843e-01, 1.797693134862e+308, 0.0000e+00, 0.0000e+00, 
 2DIAGNOSTIC,     3, -7.417473232225e-01, 1.797693134862e+308, 0.0000e+00, 0.0000e+00, 
 2DIAGNOSTIC,     4, -7.419187915703e-01, 1.797693134862e+308, 0.0000e+00, 0.0000e+00, 
 2DIAGNOSTIC,     5, -7.419764090023e-01, 1.797693134862e+308, 0.0000e+00, 0.0000e+00, 
 2DIAGNOSTIC,     6, -7.423982375998e-01, 1.797693134862e+308, 0.0000e+00, 0.0000e+00, 
 2DIAGNOSTIC,     7, -7.424700455504e-01, 1.797693134862e+308, 0.0000e+00, 0.0000e+00, 
 2DIAGNOSTIC,     8, -7.424522631088e-01, 1.797693134862e+308, 0.0000e+00, 0.0000e+00, 
 2DIAGNOSTIC,     9, -7.424595199117e-01, 1.797693134862e+308, 0.0000e+00, 0.0000e+00, 
 2DIAGNOSTIC,    10, -7.424852796609e-01, 7.038807707520e-05, 0.0000e+00, 0.0000e+00, 
 2DIAGNOSTIC,    11, -7.424942160780e-01, 5.481965235923e-05, 0.0000e+00, 0.0000e+00, 
 2DIAGNOSTIC,    12, -7.424942160780e-01, 5.209132818090e-05, 0.0000e+00, 0.0000e+00, 
 2DIAGNOSTIC,    13, -7.424942160780e-01, 3.250148093159e-05, 0.0000e+00, 0.0000e+00, 
 2DIAGNOSTIC,    14, -7.424942160780e-01, 1.757314506795e-05, 0.0000e+00, 0.0000e+00, 
 2DIAGNOSTIC,    15, -7.424942160780e-01, 4.192239007370e-06, 0.0000e+00, 0.0000e+00, 
 2DIAGNOSTIC,    16, -7.424942160780e-01, 2.138031210810e-06, 0.0000e+00, 0.0000e+00, 
 2DIAGNOSTIC,    17, -7.424942160780e-01, 1.768800159181e-06, 0.0000e+00, 0.0000e+00, 
DIAGNOSTIC,Iteration,metricValue,convergenceValue,ITERATION_TIME_INDEX,SINCE_LAST
 2DIAGNOSTIC,     1, -6.215135247455e-01, 1.797693134862e+308, 0.0000e+00, 0.0000e+00, 
 2DIAGNOSTIC,     2, -6.218046739725e-01, 1.797693134862e+308, 0.0000e+00, 0.0000e+00, 
 2DIAGNOSTIC,     3, -6.221085301857e-01, 1.797693134862e+308, 0.0000e+00, 0.0000e+00, 
 2DIAGNOSTIC,     4, -6.220634006464e-01, 1.797693134862e+308, 0.0000e+00, 0.0000e+00, 
 2DIAGNOSTIC,     5, -6.220573376113e-01, 1.797693134862e+308, 0.0000e+00, 0.0000e+00, 
 2DIAGNOSTIC,     6, -6.220483375603e-01, 1.797693134862e+308, 0.0000e+00, 0.0000e+00, 
 2DIAGNOSTIC,     7, -6.220389869805e-01, 1.797693134862e+308, 0.0000e+00, 0.0000e+00, 
 2DIAGNOSTIC,     8, -6.220120681309e-01, 1.797693134862e+308, 0.0000e+00, 0.0000e+00, 
 2DIAGNOSTIC,     9, -6.221935882699e-01, 1.797693134862e+308, 0.0000e+00, 0.0000e+00, 
 2DIAGNOSTIC,    10, -6.221757351964e-01, 4.210099327762e-05, 0.0000e+00, 0.0000e+00, 
 2DIAGNOSTIC,    11, -6.222770807639e-01, 2.491720102990e-05, 0.0000e+00, 0.0000e+00, 
 2DIAGNOSTIC,    12, -6.222876521832e-01, 1.950408871210e-05, 0.0000e+00, 0.0000e+00, 
 2DIAGNOSTIC,    13, -6.223132065542e-01, 2.479455876822e-05, 0.0000e+00, 0.0000e+00, 
 2DIAGNOSTIC,    14, -6.225217561943e-01, 3.234471785564e-05, 0.0000e+00, 0.0000e+00, 
 2DIAGNOSTIC,    15, -6.224453754388e-01, 3.322317752535e-05, 0.0000e+00, 0.0000e+00, 
 2DIAGNOSTIC,    16, -6.224860246488e-01, 3.203105166837e-05, 0.0000e+00, 0.0000e+00, 
 2DIAGNOSTIC,    17, -6.224807601837e-01, 2.772956051371e-05, 0.0000e+00, 0.0000e+00, 
 2DIAGNOSTIC,    18, -6.224817246757e-01, 2.054220223574e-05, 0.0000e+00, 0.0000e+00, 
 2DIAGNOSTIC,    19, -6.224815836416e-01, 1.654607963922e-05, 0.0000e+00, 0.0000e+00, 
 2DIAGNOSTIC,    20, -6.224815372848e-01, 1.095697215912e-05, 0.0000e+00, 0.0000e+00, 
 2DIAGNOSTIC,    21, -6.224813044539e-01, 7.147408911876e-06, 0.0000e+00, 0.0000e+00, 
 2DIAGNOSTIC,    22, -6.224813044536e-01, 3.244251004245e-06, 0.0000e+00, 0.0000e+00, 
DIAGNOSTIC,Iteration,metricValue,convergenceValue,ITERATION_TIME_INDEX,SINCE_LAST
 2DIAGNOSTIC,     1, -5.541485760350e-01, 1.797693134862e+308, 0.0000e+00, 0.0000e+00, 
 2DIAGNOSTIC,     2, -5.545475745773e-01, 1.797693134862e+308, 0.0000e+00, 0.0000e+00, 
 2DIAGNOSTIC,     3, -5.548773845840e-01, 1.797693134862e+308, 0.0000e+00, 0.0000e+00, 
 2DIAGNOSTIC,     4, -5.548701709447e-01, 1.797693134862e+308, 0.0000e+00, 0.0000e+00, 
 2DIAGNOSTIC,     5, -5.548609771014e-01, 1.797693134862e+308, 0.0000e+00, 0.0000e+00, 
 2DIAGNOSTIC,     6, -5.548602080982e-01, 1.797693134862e+308, 0.0000e+00, 0.0000e+00, 
 2DIAGNOSTIC,     7, -5.548656136682e-01, 1.797693134862e+308, 0.0000e+00, 0.0000e+00, 
 2DIAGNOSTIC,     8, -5.548704916725e-01, 1.797693134862e+308, 0.0000e+00, 0.0000e+00, 
 2DIAGNOSTIC,     9, -5.548661721172e-01, 1.797693134862e+308, 0.0000e+00, 0.0000e+00, 
 2DIAGNOSTIC,    10, -5.548606909523e-01, 5.038039902383e-05, 0.0000e+00, 0.0000e+00, 
 2DIAGNOSTIC,    11, -5.548643402026e-01, 1.419371342062e-05, 0.0000e+00, 0.0000e+00, 
  Elapsed time (stage 0): 0.0000e+00


Total elapsed time: 0.0000e+00
Info [verificarlo]: loaded backend libinterflop_vprec.so
Info [interflop-vprec]: load backend with: 
Info [interflop-vprec]: precision-binary32 = 9
Info [interflop-vprec]: range-binary32 = 8
Info [interflop-vprec]: precision-binary64 = 9
Info [interflop-vprec]: range-binary64 = 8
Info [interflop-vprec]: mode = ob
Info [interflop-vprec]: error-mode = rel
Info [interflop-vprec]: max-abs-error-exponent = -1022
Info [interflop-vprec]: daz = false
Info [interflop-vprec]: ftz = false
Info [interflop-vprec]: 	instrument = none
Info [interflop-vprec]: 	prec-input-file = (null)
Info [interflop-vprec]: 	prec-output-file = (null)
Info [interflop-vprec]: 	prec-log-file = (null)
All_Command_lines_OK
Using double precision for computations.
=============================================================================
The composite transform comprises the following transforms (in order): 
  1. /home/mdugre/scratch/mri-registration-rp/datasets/ds004513/derivatives/mri-registration-rp/0011/antsRegistration-r8-p9/sub-s017/affine_Composite.h5[0] (type = Euler3DTransform)
  2. /home/mdugre/scratch/mri-registration-rp/datasets/ds004513/derivatives/mri-registration-rp/0011/antsRegistration-r8-p9/sub-s017/affine_Composite.h5[1] (type = Euler3DTransform)
  3. /home/mdugre/scratch/mri-registration-rp/datasets/ds004513/derivatives/mri-registration-rp/0011/antsRegistration-r8-p9/sub-s017/affine_Composite.h5[2] (type = Euler3DTransform)
  4. /home/mdugre/scratch/mri-registration-rp/datasets/ds004513/derivatives/mri-registration-rp/0011/antsRegistration-r8-p9/sub-s017/affine_Composite.h5[3] (type = AffineTransform)
=============================================================================
  number of levels = 4
  fixed image: /templateflow/tpl-MNI152NLin2009cAsym/tpl-MNI152NLin2009cAsym_res-01_desc-brain_T1w.nii.gz
  moving image: /home/mdugre/scratch/mri-registration-rp/datasets/ds004513/derivatives/mri-registration-rp/antsBrainExtraction/sub-s017/BrainExtractionBrain.nii.gz
Dimension = 3
Number of stages = 1
Use histogram matching = false
Winsorize image intensities = true
  Lower quantile = 0.005
  Upper quantile = 0.995


Stage 1 State
   Image metric = CC
     Fixed image = Image (0x42a86f0)
  RTTI typeinfo:   itk::Image<double, 3u>
  Reference Count: 2
  Modified Time: 1606
  Debug: Off
  Object Name: 
  Observers: 
    none
  Source: (none)
  Source output name: (none)
  Release Data: Off
  Data Released: False
  Global Release Data: Off
  PipelineMTime: 0
  UpdateMTime: 1217
  RealTimeStamp: 0 seconds 
  LargestPossibleRegion: 
    Dimension: 3
    Index: [0, 0, 0]
    Size: [193, 229, 193]
  BufferedRegion: 
    Dimension: 3
    Index: [0, 0, 0]
    Size: [193, 229, 193]
  RequestedRegion: 
    Dimension: 3
    Index: [0, 0, 0]
    Size: [193, 229, 193]
  Spacing: [1, 1, 1]
  Origin: [96, 132, -78]
  Direction: 
-1 0 0
0 -1 0
0 0 1

  IndexToPointMatrix: 
-1 0 0
0 -1 0
0 0 1

  PointToIndexMatrix: 
-1 0 0
0 -1 0
0 0 1

  Inverse Direction: 
-1 0 0
0 -1 0
0 0 1

  PixelContainer: 
    ImportImageContainer (0x43768b0)
      RTTI typeinfo:   itk::ImportImageContainer<unsigned long, double>
      Reference Count: 1
      Modified Time: 1214
      Debug: Off
      Object Name: 
      Observers: 
        none
      Pointer: 0x1487422b6010
      Container manages memory: true
      Size: 8530021
      Capacity: 8530021

     Moving image = Image (0x4364240)
  RTTI typeinfo:   itk::Image<double, 3u>
  Reference Count: 2
  Modified Time: 1607
  Debug: Off
  Object Name: 
  Observers: 
    none
  Source: (none)
  Source output name: (none)
  Release Data: Off
  Data Released: False
  Global Release Data: Off
  PipelineMTime: 0
  UpdateMTime: 1604
  RealTimeStamp: 0 seconds 
  LargestPossibleRegion: 
    Dimension: 3
    Index: [0, 0, 0]
    Size: [160, 240, 256]
  BufferedRegion: 
    Dimension: 3
    Index: [0, 0, 0]
    Size: [160, 240, 256]
  RequestedRegion: 
    Dimension: 3
    Index: [0, 0, 0]
    Size: [160, 240, 256]
  Spacing: [1, 1, 1]
  Origin: [91.375, 102.25, -120]
  Direction: 
-0.99707 -5.36442e-05 -0.0714111
5.34654e-05 -1 3.8147e-06
-0.0714111 -1.30385e-08 0.99707

  IndexToPointMatrix: 
-0.99707 -5.36442e-05 -0.0714111
5.34654e-05 -1 3.8147e-06
-0.0714111 -1.30385e-08 0.99707

  PointToIndexMatrix: 
-0.996094 5.34654e-05 -0.0714111
