
##########################
# Experiment information #
##########################

EXPERIMENT_NAME: antsRegistration-r8-p20
VFC_BACKENDS: libinterflop_vprec.so --range-binary32=8 --precision-binary32=20 --range-binary64=8 --precision-binary64=20

SIF_IMG: /home/mdugre/projects/rrg-glatard/mdugre/containers/ants-vprec-no_metrics.simg

SUBJECT_ID: s037
INPUT_IMG: /home/mdugre/scratch/mri-registration-rp/datasets/ds004513/derivatives/mri-registration-rp/antsBrainExtraction/sub-s037/BrainExtractionBrain.nii.gz
OUTPUT_DIR: /home/mdugre/scratch/mri-registration-rp/datasets/ds004513/derivatives/mri-registration-rp/0011/antsRegistration-r8-p20/sub-s037

FIXED_IMG: /templateflow/tpl-MNI152NLin2009cAsym/tpl-MNI152NLin2009cAsym_res-01_desc-brain_T1w.nii.gz
DATA_DIR: /home/mdugre/scratch/mri-registration-rp/datasets/ds004513
TEMPLATEFLOW_DIR: /home/mdugre/projects/rrg-glatard/mdugre/templateflow
ITK_GLOBAL_DEFAULT_NUMBER_OF_THREADS: 16
##########################

Info [verificarlo]: loaded backend libinterflop_ieee.so
Info [interflop-ieee]: load backend with:
Info [interflop-ieee]: debug = false
Info [interflop-ieee]: debug-binary = false
Info [interflop-ieee]: no-backend-name = false
Info [interflop-ieee]: print-new-line = false
Info [interflop-ieee]: print-subnormal-normalized = false
Info [interflop-ieee]: count-op = false
All_Command_lines_OK
Using double precision for computations.
=============================================================================
The composite transform comprises the following transforms (in order): 
  1. Center of mass alignment using fixed image: /templateflow/tpl-MNI152NLin2009cAsym/tpl-MNI152NLin2009cAsym_res-01_desc-brain_T1w.nii.gz and moving image: /home/mdugre/scratch/mri-registration-rp/datasets/ds004513/derivatives/mri-registration-rp/antsBrainExtraction/sub-s037/BrainExtractionBrain.nii.gz (type = Euler3DTransform)
=============================================================================
  number of levels = 1
  fixed image: /templateflow/tpl-MNI152NLin2009cAsym/tpl-MNI152NLin2009cAsym_res-01_desc-brain_T1w.nii.gz
  moving image: /home/mdugre/scratch/mri-registration-rp/datasets/ds004513/derivatives/mri-registration-rp/antsBrainExtraction/sub-s037/BrainExtractionBrain.nii.gz
Dimension = 3
Number of stages = 1
Use histogram matching = false
Winsorize image intensities = true
  Lower quantile = 0.005
  Upper quantile = 0.995


Stage 1 State
   Image metric = MattesMI
     Fixed image = Image (0x366ee70)
  RTTI typeinfo:   itk::Image<double, 3u>
  Reference Count: 2
  Modified Time: 2330
  Debug: Off
  Object Name: 
  Observers: 
    none
  Source: (none)
  Source output name: (none)
  Release Data: Off
  Data Released: False
  Global Release Data: Off
  PipelineMTime: 0
  UpdateMTime: 1941
  RealTimeStamp: 0 seconds 
  LargestPossibleRegion: 
    Dimension: 3
    Index: [0, 0, 0]
    Size: [193, 229, 193]
  BufferedRegion: 
    Dimension: 3
    Index: [0, 0, 0]
    Size: [193, 229, 193]
  RequestedRegion: 
    Dimension: 3
    Index: [0, 0, 0]
    Size: [193, 229, 193]
  Spacing: [1, 1, 1]
  Origin: [96, 132, -78]
  Direction: 
-1 0 0
0 -1 0
0 0 1

  IndexToPointMatrix: 
-1 0 0
0 -1 0
0 0 1

  PointToIndexMatrix: 
-1 0 0
0 -1 0
0 0 1

  Inverse Direction: 
-1 0 0
0 -1 0
0 0 1

  PixelContainer: 
    ImportImageContainer (0x3677c60)
      RTTI typeinfo:   itk::ImportImageContainer<unsigned long, double>
      Reference Count: 1
      Modified Time: 1938
      Debug: Off
      Object Name: 
      Observers: 
        none
      Pointer: 0x1525dd0ae010
      Container manages memory: true
      Size: 8530021
      Capacity: 8530021

     Moving image = Image (0x370bec0)
  RTTI typeinfo:   itk::Image<double, 3u>
  Reference Count: 2
  Modified Time: 2331
  Debug: Off
  Object Name: 
  Observers: 
    none
  Source: (none)
  Source output name: (none)
  Release Data: Off
  Data Released: False
  Global Release Data: Off
  PipelineMTime: 0
  UpdateMTime: 2328
  RealTimeStamp: 0 seconds 
  LargestPossibleRegion: 
    Dimension: 3
    Index: [0, 0, 0]
    Size: [160, 240, 256]
  BufferedRegion: 
    Dimension: 3
    Index: [0, 0, 0]
    Size: [160, 240, 256]
  RequestedRegion: 
    Dimension: 3
    Index: [0, 0, 0]
    Size: [160, 240, 256]
  Spacing: [1, 1, 1]
  Origin: [87.9508, 102.562, -147.639]
  Direction: 
-0.998659 -0.0436121 -0.0279129
0.043595 -0.999049 0.00121847
-0.0279395 -2.65543e-08 0.99961

  IndexToPointMatrix: 
-0.998659 -0.0436121 -0.0279129
0.043595 -0.999049 0.00121847
-0.0279395 -2.65543e-08 0.99961

  PointToIndexMatrix: 
-0.998659 0.043595 -0.0279395
-0.0436121 -0.999049 -2.65517e-08
-0.0279129 0.00121847 0.99961

  Inverse Direction: 
-0.998659 0.043595 -0.0279395
-0.0436121 -0.999049 -2.65517e-08
-0.0279129 0.00121847 0.99961

  PixelContainer: 
    ImportImageContainer (0x37a3610)
      RTTI typeinfo:   itk::ImportImageContainer<unsigned long, double>
      Reference Count: 1
      Modified Time: 2325
      Debug: Off
      Object Name: 
      Observers: 
        none
      Pointer: 0x1525d85ad010
      Container manages memory: true
      Size: 9830400
      Capacity: 9830400

     Weighting = 1
     Sampling strategy = regular
     Number of bins = 32
     Radius = 4
     Sampling percentage  = 0.25
   Transform = Rigid
     Gradient step = 0.1
     Update field sigma (voxel space) = 0
     Total field sigma (voxel space) = 0
     Update field time sigma = 0
     Total field time sigma  = 0
     Number of time indices = 0
     Number of time point samples = 0
Registration using 1 total stages.

Stage 0
  iterations = 0
  convergence threshold = 1e-06
  convergence window size = 10
  number of levels = 1
  using the Mattes MI metric (number of bins = 32, weight = 1, use gradient filter = 0)
  preprocessing:  winsorizing the image intensities
  Shrink factors (level 1 out of 1): [1, 1, 1]
  smoothing sigmas per level: [0]
  regular sampling (percentage = 0.25)

*** Running Euler3DTransform registration ***

  Elapsed time (stage 0): 1.15683


Total elapsed time: 1.15901
Info [verificarlo]: loaded backend libinterflop_ieee.so
Info [interflop-ieee]: load backend with:
Info [interflop-ieee]: debug = false
Info [interflop-ieee]: debug-binary = false
Info [interflop-ieee]: no-backend-name = false
Info [interflop-ieee]: print-new-line = false
Info [interflop-ieee]: print-subnormal-normalized = false
Info [interflop-ieee]: count-op = false
All_Command_lines_OK
Using double precision for computations.
=============================================================================
The composite transform comprises the following transforms (in order): 
  1. /home/mdugre/scratch/mri-registration-rp/datasets/ds004513/derivatives/mri-registration-rp/0011/antsRegistration-r8-p20/sub-s037/align_Composite.h5[0] (type = Euler3DTransform)
  2. /home/mdugre/scratch/mri-registration-rp/datasets/ds004513/derivatives/mri-registration-rp/0011/antsRegistration-r8-p20/sub-s037/align_Composite.h5[1] (type = Euler3DTransform)
=============================================================================
  number of levels = 4
  fixed image: /templateflow/tpl-MNI152NLin2009cAsym/tpl-MNI152NLin2009cAsym_res-01_desc-brain_T1w.nii.gz
  moving image: /home/mdugre/scratch/mri-registration-rp/datasets/ds004513/derivatives/mri-registration-rp/antsBrainExtraction/sub-s037/BrainExtractionBrain.nii.gz
Dimension = 3
Number of stages = 1
Use histogram matching = false
Winsorize image intensities = true
  Lower quantile = 0.005
  Upper quantile = 0.995


Stage 1 State
   Image metric = MattesMI
     Fixed image = Image (0x3e27530)
  RTTI typeinfo:   itk::Image<double, 3u>
  Reference Count: 2
  Modified Time: 1578
  Debug: Off
  Object Name: 
  Observers: 
    none
  Source: (none)
  Source output name: (none)
  Release Data: Off
  Data Released: False
  Global Release Data: Off
  PipelineMTime: 0
  UpdateMTime: 1189
  RealTimeStamp: 0 seconds 
  LargestPossibleRegion: 
    Dimension: 3
    Index: [0, 0, 0]
    Size: [193, 229, 193]
  BufferedRegion: 
    Dimension: 3
    Index: [0, 0, 0]
    Size: [193, 229, 193]
  RequestedRegion: 
    Dimension: 3
    Index: [0, 0, 0]
    Size: [193, 229, 193]
  Spacing: [1, 1, 1]
  Origin: [96, 132, -78]
  Direction: 
-1 0 0
0 -1 0
0 0 1

  IndexToPointMatrix: 
-1 0 0
0 -1 0
0 0 1

  PointToIndexMatrix: 
-1 0 0
0 -1 0
0 0 1

  Inverse Direction: 
-1 0 0
0 -1 0
0 0 1

  PixelContainer: 
    ImportImageContainer (0x3ee5d60)
      RTTI typeinfo:   itk::ImportImageContainer<unsigned long, double>
      Reference Count: 1
      Modified Time: 1186
      Debug: Off
      Object Name: 
      Observers: 
        none
      Pointer: 0x14b978545010
      Container manages memory: true
      Size: 8530021
      Capacity: 8530021

     Moving image = Image (0x3ed7f60)
  RTTI typeinfo:   itk::Image<double, 3u>
  Reference Count: 2
  Modified Time: 1579
  Debug: Off
  Object Name: 
  Observers: 
    none
  Source: (none)
  Source output name: (none)
  Release Data: Off
  Data Released: False
  Global Release Data: Off
  PipelineMTime: 0
  UpdateMTime: 1576
  RealTimeStamp: 0 seconds 
  LargestPossibleRegion: 
    Dimension: 3
    Index: [0, 0, 0]
    Size: [160, 240, 256]
  BufferedRegion: 
    Dimension: 3
    Index: [0, 0, 0]
    Size: [160, 240, 256]
  RequestedRegion: 
    Dimension: 3
    Index: [0, 0, 0]
    Size: [160, 240, 256]
  Spacing: [1, 1, 1]
  Origin: [87.9508, 102.562, -147.639]
  Direction: 
-0.998659 -0.0436121 -0.0279129
0.043595 -0.999049 0.00121847
-0.0279395 -2.65543e-08 0.99961

  IndexToPointMatrix: 
-0.998659 -0.0436121 -0.0279129
0.043595 -0.999049 0.00121847
-0.0279395 -2.65543e-08 0.99961

  PointToIndexMatrix: 
-0.998659 0.043595 -0.0279395
-0.0436121 -0.999049 -2.65517e-08
-0.0279129 0.00121847 0.99961

  Inverse Direction: 
-0.998659 0.043595 -0.0279395
-0.0436121 -0.999049 -2.65517e-08
-0.0279129 0.00121847 0.99961

  PixelContainer: 
    ImportImageContainer (0x3ec96d0)
      RTTI typeinfo:   itk::ImportImageContainer<unsigned long, double>
      Reference Count: 1
      Modified Time: 1573
      Debug: Off
      Object Name: 
      Observers: 
        none
      Pointer: 0x14b973a44010
      Container manages memory: true
      Size: 9830400
      Capacity: 9830400

     Weighting = 1
     Sampling strategy = regular
     Number of bins = 32
     Radius = 4
     Sampling percentage  = 0.25
   Transform = Rigid
     Gradient step = 0.1
     Update field sigma (voxel space) = 0
     Total field sigma (voxel space) = 0
     Update field time sigma = 0
     Total field time sigma  = 0
     Number of time indices = 0
     Number of time point samples = 0
Registration using 1 total stages.

Stage 0
  iterations = 1000x500x250x100
  convergence threshold = 1e-06
  convergence window size = 10
  number of levels = 4
  using the Mattes MI metric (number of bins = 32, weight = 1, use gradient filter = 0)
  preprocessing:  winsorizing the image intensities
  Shrink factors (level 1 out of 4): [8, 8, 8]
  Shrink factors (level 2 out of 4): [4, 4, 4]
  Shrink factors (level 3 out of 4): [2, 2, 2]
  Shrink factors (level 4 out of 4): [1, 1, 1]
  smoothing sigmas per level: [3, 2, 1, 0]
  regular sampling (percentage = 0.25)

*** Running Euler3DTransform registration ***

DIAGNOSTIC,Iteration,metricValue,convergenceValue,ITERATION_TIME_INDEX,SINCE_LAST
 2DIAGNOSTIC,     1, -4.299060189477e-01, 1.797693134862e+308, 7.9286e-01, 7.9286e-01, 
 2DIAGNOSTIC,     2, -4.311703807429e-01, 1.797693134862e+308, 7.9753e-01, 4.6718e-03, 
 2DIAGNOSTIC,     3, -4.334997061176e-01, 1.797693134862e+308, 8.0200e-01, 4.4699e-03, 
 2DIAGNOSTIC,     4, -4.389575130370e-01, 1.797693134862e+308, 8.0681e-01, 4.8101e-03, 
 2DIAGNOSTIC,     5, -4.438813134482e-01, 1.797693134862e+308, 8.1153e-01, 4.7269e-03, 
 2DIAGNOSTIC,     6, -4.461495460377e-01, 1.797693134862e+308, 8.1626e-01, 4.7240e-03, 
 2DIAGNOSTIC,     7, -4.511407144429e-01, 1.797693134862e+308, 8.2201e-01, 5.7528e-03, 
 2DIAGNOSTIC,     8, -4.667812032718e-01, 1.797693134862e+308, 8.2818e-01, 6.1679e-03, 
 2DIAGNOSTIC,     9, -4.753090114372e-01, 1.797693134862e+308, 8.3328e-01, 5.1031e-03, 
 2DIAGNOSTIC,    10, -4.802481719655e-01, 7.481707542057e-03, 8.3963e-01, 6.3519e-03, 
 2DIAGNOSTIC,    11, -4.821261368877e-01, 7.356704266141e-03, 8.4539e-01, 5.7509e-03, 
 2DIAGNOSTIC,    12, -4.837491005317e-01, 6.749992380108e-03, 8.5174e-01, 6.3560e-03, 
 2DIAGNOSTIC,    13, -5.028244927624e-01, 6.622215038806e-03, 8.6038e-01, 8.6391e-03, 
 2DIAGNOSTIC,    14, -5.042109134414e-01, 6.183615245780e-03, 8.6502e-01, 4.6432e-03, 
 2DIAGNOSTIC,    15, -5.066116081888e-01, 5.558135432530e-03, 8.7065e-01, 5.6291e-03, 
 2DIAGNOSTIC,    16, -5.083451635998e-01, 4.676295421998e-03, 8.7535e-01, 4.7019e-03, 
 2DIAGNOSTIC,    17, -5.184993492510e-01, 3.998770500586e-03, 8.8276e-01, 7.4091e-03, 
 2DIAGNOSTIC,    18, -5.256348856051e-01, 3.769024583966e-03, 8.8757e-01, 4.8101e-03, 
 2DIAGNOSTIC,    19, -5.260487280466e-01, 3.491513214100e-03, 8.9298e-01, 5.4028e-03, 
 2DIAGNOSTIC,    20, -5.292109544099e-01, 3.174906859264e-03, 8.9833e-01, 5.3558e-03, 
 2DIAGNOSTIC,    21, -5.301818234189e-01, 2.681599979259e-03, 9.0405e-01, 5.7180e-03, 
 2DIAGNOSTIC,    22, -5.312241322307e-01, 2.041188642149e-03, 9.1015e-01, 6.0961e-03, 
 2DIAGNOSTIC,    23, -5.321371269066e-01, 1.776978843604e-03, 9.1603e-01, 5.8870e-03, 
 2DIAGNOSTIC,    24, -5.330747156353e-01, 1.429097565171e-03, 9.2129e-01, 5.2590e-03, 
 2DIAGNOSTIC,    25, -5.340979388226e-01, 1.060386991878e-03, 9.2744e-01, 6.1471e-03, 
 2DIAGNOSTIC,    26, -5.353301660800e-01, 6.839340842771e-04, 9.3353e-01, 6.0921e-03, 
 2DIAGNOSTIC,    27, -5.359877692530e-01, 5.005573180630e-04, 9.3853e-01, 5.0020e-03, 
 2DIAGNOSTIC,    28, -5.363338739265e-01, 4.385704502423e-04, 9.4319e-01, 4.6561e-03, 
 2DIAGNOSTIC,    29, -5.373050576629e-01, 3.660289361539e-04, 9.4813e-01, 4.9412e-03, 
 2DIAGNOSTIC,    30, -5.398201318058e-01, 3.715995124060e-04, 9.5401e-01, 5.8789e-03, 
 2DIAGNOSTIC,    31, -5.446422486291e-01, 4.465297228087e-04, 9.6527e-01, 1.1259e-02, 
 2DIAGNOSTIC,    32, -5.446647293104e-01, 4.912699130183e-04, 9.7017e-01, 4.9040e-03, 
 2DIAGNOSTIC,    33, -5.447648524758e-01, 5.056552767687e-04, 9.7503e-01, 4.8590e-03, 
 2DIAGNOSTIC,    34, -5.449312266687e-01, 4.904207651746e-04, 9.7980e-01, 4.7669e-03, 
 2DIAGNOSTIC,    35, -5.452046164731e-01, 4.491642645644e-04, 9.8435e-01, 4.5478e-03, 
 2DIAGNOSTIC,    36, -5.456974849180e-01, 3.933168757817e-04, 9.8908e-01, 4.7321e-03, 
 2DIAGNOSTIC,    37, -5.462998534974e-01, 3.227915252632e-04, 9.9399e-01, 4.9090e-03, 
 2DIAGNOSTIC,    38, -5.470544400793e-01, 2.429327792985e-04, 9.9877e-01, 4.7839e-03, 
 2DIAGNOSTIC,    39, -5.483334083416e-01, 1.763321116059e-04, 1.0041e+00, 5.3680e-03, 
 2DIAGNOSTIC,    40, -5.485725925942e-01, 1.327562516920e-04, 1.0089e+00, 4.7221e-03, 
 2DIAGNOSTIC,    41, -5.488486001231e-01, 1.482673979680e-04, 1.0143e+00, 5.4309e-03, 
 2DIAGNOSTIC,    42, -5.491459941243e-01, 1.532222588697e-04, 1.0192e+00, 4.9319e-03, 
 2DIAGNOSTIC,    43, -5.501738700965e-01, 1.577460765277e-04, 1.0261e+00, 6.8781e-03, 
 2DIAGNOSTIC,    44, -5.634779773912e-01, 3.158792069095e-04, 1.0333e+00, 7.1590e-03, 
 2DIAGNOSTIC,    45, -5.665325943745e-01, 4.725038999701e-04, 1.0381e+00, 4.8749e-03, 
 2DIAGNOSTIC,    46, -5.687282366914e-01, 6.098912991802e-04, 1.0432e+00, 5.0380e-03, 
 2DIAGNOSTIC,    47, -5.690881927879e-01, 6.959912843399e-04, 1.0480e+00, 4.7970e-03, 
 2DIAGNOSTIC,    48, -5.694261023862e-01, 7.238089391812e-04, 1.0523e+00, 4.3340e-03, 
 2DIAGNOSTIC,    49, -5.697254684923e-01, 6.965343159979e-04, 1.0567e+00, 4.3809e-03, 
 2DIAGNOSTIC,    50, -5.705575851643e-01, 6.145177959307e-04, 1.0626e+00, 5.8889e-03, 
 2DIAGNOSTIC,    51, -5.708946684472e-01, 4.854877494118e-04, 1.0673e+00, 4.7212e-03, 
 2DIAGNOSTIC,    52, -5.714370628692e-01, 3.260235381039e-04, 1.0726e+00, 5.2669e-03, 
 2DIAGNOSTIC,    53, -5.717185768914e-01, 1.521531748322e-04, 1.0773e+00, 4.7061e-03, 
 2DIAGNOSTIC,    54, -5.727040872636e-01, 1.136738744573e-04, 1.0823e+00, 5.0199e-03, 
 2DIAGNOSTIC,    55, -5.753655114912e-01, 1.212917604753e-04, 1.0884e+00, 6.1131e-03, 
 2DIAGNOSTIC,    56, -5.780779035152e-01, 1.636908901575e-04, 1.0931e+00, 4.6561e-03, 
 2DIAGNOSTIC,    57, -5.807141699093e-01, 2.168309016337e-04, 1.0998e+00, 6.7148e-03, 
 2DIAGNOSTIC,    58, -5.810244554275e-01, 2.531941485073e-04, 1.1046e+00, 4.7791e-03, 
 2DIAGNOSTIC,    59, -5.814471539539e-01, 2.707886651071e-04, 1.1100e+00, 5.4569e-03, 
 2DIAGNOSTIC,    60, -5.822961970585e-01, 2.766170796879e-04, 1.1154e+00, 5.4290e-03, 
 2DIAGNOSTIC,    61, -5.823730809075e-01, 2.586892933027e-04, 1.1203e+00, 4.8821e-03, 
 2DIAGNOSTIC,    62, -5.825079005976e-01, 2.224892766755e-04, 1.1251e+00, 4.8170e-03, 
 2DIAGNOSTIC,    63, -5.829950151529e-01, 1.730871018066e-04, 1.1299e+00, 4.7791e-03, 
 2DIAGNOSTIC,    64, -5.831379117341e-01, 1.179933507448e-04, 1.1370e+00, 7.1211e-03, 
 2DIAGNOSTIC,    65, -5.831047028723e-01, 7.455006228412e-05, 1.1418e+00, 4.7750e-03, 
 2DIAGNOSTIC,    66, -5.831568960141e-01, 4.721638647350e-05, 1.1473e+00, 5.4841e-03, 
 2DIAGNOSTIC,    67, -5.835221226754e-01, 4.011389926173e-05, 1.1531e+00, 5.7869e-03, 
 2DIAGNOSTIC,    68, -5.837587713866e-01, 3.353461911490e-05, 1.1579e+00, 4.8239e-03, 
 2DIAGNOSTIC,    69, -5.839444901080e-01, 2.844669807264e-05, 1.1646e+00, 6.6810e-03, 
 2DIAGNOSTIC,    70, -5.849059110727e-01, 3.458514748353e-05, 1.1697e+00, 5.1370e-03, 
 2DIAGNOSTIC,    71, -5.854472571828e-01, 4.170819710056e-05, 1.1752e+00, 5.4369e-03, 
 2DIAGNOSTIC,    72, -5.855487119247e-01, 4.622297678303e-05, 1.1806e+00, 5.3961e-03, 
 2DIAGNOSTIC,    73, -5.856220351666e-01, 5.031030341426e-05, 1.1853e+00, 4.7600e-03, 
 2DIAGNOSTIC,    74, -5.857078119764e-01, 5.115659960360e-05, 1.1901e+00, 4.8010e-03, 
 2DIAGNOSTIC,    75, -5.860023082717e-01, 4.883816985174e-05, 1.1963e+00, 6.1569e-03, 
 2DIAGNOSTIC,    76, -5.860446763558e-01, 4.240920895391e-05, 1.2011e+00, 4.8180e-03, 
 2DIAGNOSTIC,    77, -5.861380306754e-01, 3.531274238960e-05, 1.2065e+00, 5.3899e-03, 
 2DIAGNOSTIC,    78, -5.862331506609e-01, 2.738487134668e-05, 1.2125e+00, 6.0480e-03, 
 2DIAGNOSTIC,    79, -5.863131695847e-01, 1.868188754601e-05, 1.2173e+00, 4.7400e-03, 
 2DIAGNOSTIC,    80, -5.862903527754e-01, 1.447015455724e-05, 1.2221e+00, 4.8010e-03, 
 2DIAGNOSTIC,    81, -5.866833031732e-01, 1.504411845909e-05, 1.2276e+00, 5.5311e-03, 
 2DIAGNOSTIC,    82, -5.870815911926e-01, 1.731806807692e-05, 1.2342e+00, 6.5520e-03, 
 2DIAGNOSTIC,    83, -5.872613188946e-01, 1.944400929335e-05, 1.2390e+00, 4.8599e-03, 
 2DIAGNOSTIC,    84, -5.873718760494e-01, 2.088320803722e-05, 1.2444e+00, 5.3601e-03, 
 2DIAGNOSTIC,    85, -5.873821249087e-01, 2.220877667460e-05, 1.2497e+00, 5.3170e-03, 
 2DIAGNOSTIC,    86, -5.874315327625e-01, 2.192385687607e-05, 1.2551e+00, 5.4040e-03, 
 2DIAGNOSTIC,    87, -5.873675563544e-01, 1.967919383604e-05, 1.2599e+00, 4.7531e-03, 
 2DIAGNOSTIC,    88, -5.873762522469e-01, 1.624701840078e-05, 1.2653e+00, 5.4500e-03, 
 2DIAGNOSTIC,    89, -5.873925525524e-01, 1.197939645865e-05, 1.2712e+00, 5.9311e-03, 
 2DIAGNOSTIC,    90, -5.873232178303e-01, 6.128959811428e-06, 1.2767e+00, 5.4250e-03, 
 2DIAGNOSTIC,    91, -5.872461327776e-01, 1.625331367250e-06, 1.2814e+00, 4.7450e-03, 
DIAGNOSTIC,Iteration,metricValue,convergenceValue,ITERATION_TIME_INDEX,SINCE_LAST
 2DIAGNOSTIC,     1, -4.733055266179e-01, 1.797693134862e+308, 2.0119e+00, 7.3051e-01, 
 2DIAGNOSTIC,     2, -4.739808220570e-01, 1.797693134862e+308, 2.0401e+00, 2.8179e-02, 
 2DIAGNOSTIC,     3, -4.750031444668e-01, 1.797693134862e+308, 2.0686e+00, 2.8510e-02, 
 2DIAGNOSTIC,     4, -4.770347561762e-01, 1.797693134862e+308, 2.0977e+00, 2.9052e-02, 
 2DIAGNOSTIC,     5, -4.804532569711e-01, 1.797693134862e+308, 2.1267e+00, 2.9087e-02, 
 2DIAGNOSTIC,     6, -4.822215156677e-01, 1.797693134862e+308, 2.1591e+00, 3.2307e-02, 
 2DIAGNOSTIC,     7, -4.830872162702e-01, 1.797693134862e+308, 2.1987e+00, 3.9623e-02, 
 2DIAGNOSTIC,     8, -4.831277915488e-01, 1.797693134862e+308, 2.2321e+00, 3.3387e-02, 
 2DIAGNOSTIC,     9, -4.831516061840e-01, 1.797693134862e+308, 2.2586e+00, 2.6533e-02, 
 2DIAGNOSTIC,    10, -4.832286771522e-01, 1.589262385796e-03, 2.2870e+00, 2.8419e-02, 
 2DIAGNOSTIC,    11, -4.836244697497e-01, 1.215294008867e-03, 2.3172e+00, 3.0154e-02, 
 2DIAGNOSTIC,    12, -4.846702334747e-01, 8.811636119654e-04, 2.3548e+00, 3.7618e-02, 
 2DIAGNOSTIC,    13, -4.849343273676e-01, 5.773743837301e-04, 2.3853e+00, 3.0511e-02, 
 2DIAGNOSTIC,    14, -4.849520745368e-01, 3.494779768125e-04, 2.4153e+00, 2.9999e-02, 
 2DIAGNOSTIC,    15, -4.850396382999e-01, 2.576845392231e-04, 2.4429e+00, 2.7559e-02, 
 2DIAGNOSTIC,    16, -4.853791201568e-01, 2.305752750162e-04, 2.4860e+00, 4.3187e-02, 
 2DIAGNOSTIC,    17, -4.854212806298e-01, 2.161809143120e-04, 2.5211e+00, 3.5108e-02, 
 2DIAGNOSTIC,    18, -4.854307097128e-01, 1.853313565408e-04, 2.5498e+00, 2.8639e-02, 
 2DIAGNOSTIC,    19, -4.854414260535e-01, 1.425579033551e-04, 2.5787e+00, 2.8926e-02, 
 2DIAGNOSTIC,    20, -4.854828786331e-01, 9.459175552693e-05, 2.6055e+00, 2.6786e-02, 
 2DIAGNOSTIC,    21, -4.855520108268e-01, 5.466239018574e-05, 2.6340e+00, 2.8539e-02, 
 2DIAGNOSTIC,    22, -4.858448249952e-01, 4.901206332834e-05, 2.6633e+00, 2.9298e-02, 
 2DIAGNOSTIC,    23, -4.872870025037e-01, 8.304611289058e-05, 2.7018e+00, 3.8504e-02, 
 2DIAGNOSTIC,    24, -4.888719020002e-01, 1.449923132277e-04, 2.7379e+00, 3.6042e-02, 
 2DIAGNOSTIC,    25, -4.896414425141e-01, 2.078089319488e-04, 2.7722e+00, 3.4311e-02, 
 2DIAGNOSTIC,    26, -4.899554225576e-01, 2.614738750039e-04, 2.8071e+00, 3.4860e-02, 
 2DIAGNOSTIC,    27, -4.900116935025e-01, 2.891017310219e-04, 2.8389e+00, 3.1847e-02, 
 2DIAGNOSTIC,    28, -4.914543870999e-01, 3.176841813579e-04, 2.8755e+00, 3.6584e-02, 
 2DIAGNOSTIC,    29, -4.920944289744e-01, 3.262037076059e-04, 2.9292e+00, 5.3693e-02, 
 2DIAGNOSTIC,    30, -4.922723039421e-01, 3.078044378762e-04, 2.9588e+00, 2.9603e-02, 
 2DIAGNOSTIC,    31, -4.926247791845e-01, 2.705502061318e-04, 2.9886e+00, 2.9819e-02, 
 2DIAGNOSTIC,    32, -4.929074016935e-01, 2.203958863280e-04, 3.0189e+00, 3.0322e-02, 
 2DIAGNOSTIC,    33, -4.931730517441e-01, 1.817858031752e-04, 3.0617e+00, 4.2751e-02, 
 2DIAGNOSTIC,    34, -4.931975366039e-01, 1.554667239571e-04, 3.0937e+00, 3.1978e-02, 
 2DIAGNOSTIC,    35, -4.931863720877e-01, 1.289356989941e-04, 3.1254e+00, 3.1723e-02, 
 2DIAGNOSTIC,    36, -4.931767676755e-01, 9.705763467646e-05, 3.1603e+00, 3.4920e-02, 
 2DIAGNOSTIC,    37, -4.931634190586e-01, 5.786798386458e-05, 3.1927e+00, 3.2427e-02, 
 2DIAGNOSTIC,    38, -4.931581529819e-01, 3.720082178282e-05, 3.2219e+00, 2.9173e-02, 
 2DIAGNOSTIC,    39, -4.931390331425e-01, 2.347776126512e-05, 3.2554e+00, 3.3458e-02, 
 2DIAGNOSTIC,    40, -4.931372759487e-01, 1.083265601722e-05, 3.2845e+00, 2.9173e-02, 
 2DIAGNOSTIC,    41, -4.931400948322e-01, 2.850018841778e-06, 3.3141e+00, 2.9614e-02, 
DIAGNOSTIC,Iteration,metricValue,convergenceValue,ITERATION_TIME_INDEX,SINCE_LAST
 2DIAGNOSTIC,     1, -4.338749185262e-01, 1.797693134862e+308, 4.3748e+00, 1.0606e+00, 
 2DIAGNOSTIC,     2, -4.341180908365e-01, 1.797693134862e+308, 4.5947e+00, 2.1990e-01, 
 2DIAGNOSTIC,     3, -4.343655074229e-01, 1.797693134862e+308, 4.8158e+00, 2.2109e-01, 
 2DIAGNOSTIC,     4, -4.345677548694e-01, 1.797693134862e+308, 5.0356e+00, 2.1984e-01, 
 2DIAGNOSTIC,     5, -4.346992770912e-01, 1.797693134862e+308, 5.2546e+00, 2.1897e-01, 
 2DIAGNOSTIC,     6, -4.349184850790e-01, 1.797693134862e+308, 5.5674e+00, 3.1287e-01, 
 2DIAGNOSTIC,     7, -4.350768195456e-01, 1.797693134862e+308, 5.9440e+00, 3.7659e-01, 
 2DIAGNOSTIC,     8, -4.350853578310e-01, 1.797693134862e+308, 6.1907e+00, 2.4663e-01, 
 2DIAGNOSTIC,     9, -4.351056094808e-01, 1.797693134862e+308, 6.4424e+00, 2.5173e-01, 
 2DIAGNOSTIC,    10, -4.351257511765e-01, 1.923189830974e-04, 6.7069e+00, 2.6450e-01, 
 2DIAGNOSTIC,    11, -4.351411836796e-01, 1.378800220897e-04, 6.9441e+00, 2.3721e-01, 
 2DIAGNOSTIC,    12, -4.351661957004e-01, 9.470674817569e-05, 7.2031e+00, 2.5904e-01, 
 2DIAGNOSTIC,    13, -4.351512974451e-01, 6.147831402327e-05, 7.5733e+00, 3.7017e-01, 
 2DIAGNOSTIC,    14, -4.351528757442e-01, 3.724774226473e-05, 7.8057e+00, 2.3235e-01, 
 2DIAGNOSTIC,    15, -4.351668222496e-01, 1.919844828714e-05, 8.0727e+00, 2.6703e-01, 
 2DIAGNOSTIC,    16, -4.351755441346e-01, 1.094049855939e-05, 8.4453e+00, 3.7263e-01, 
 2DIAGNOSTIC,    17, -4.351810818224e-01, 9.124578873164e-06, 8.7156e+00, 2.7028e-01, 
 2DIAGNOSTIC,    18, -4.351828273543e-01, 7.222652511608e-06, 8.9774e+00, 2.6180e-01, 
 2DIAGNOSTIC,    19, -4.351877810796e-01, 5.887762579156e-06, 9.3361e+00, 3.5875e-01, 
 2DIAGNOSTIC,    20, -4.351890509423e-01, 4.972090836310e-06, 9.6201e+00, 2.8394e-01, 
 2DIAGNOSTIC,    21, -4.351861885979e-01, 4.187535188202e-06, 9.8947e+00, 2.7460e-01, 
 2DIAGNOSTIC,    22, -4.351857139399e-01, 3.975013115103e-06, 1.0166e+01, 2.7129e-01, 
 2DIAGNOSTIC,    23, -4.351860620431e-01, 3.136640002288e-06, 1.0446e+01, 2.8025e-01, 
 2DIAGNOSTIC,    24, -4.351849346871e-01, 2.206284084885e-06, 1.0710e+01, 2.6425e-01, 
 2DIAGNOSTIC,    25, -4.351848416044e-01, 1.625738534933e-06, 1.1014e+01, 3.0378e-01, 
 2DIAGNOSTIC,    26, -4.351846463845e-01, 1.270541057093e-06, 1.1311e+01, 2.9701e-01, 
 2DIAGNOSTIC,    27, -4.351837228351e-01, 1.049760300235e-06, 1.1559e+01, 2.4794e-01, 
DIAGNOSTIC,Iteration,metricValue,convergenceValue,ITERATION_TIME_INDEX,SINCE_LAST
 2DIAGNOSTIC,     1, -4.012904450792e-01, 1.797693134862e+308, 1.3999e+01, 2.4395e+00, 
 2DIAGNOSTIC,     2, -4.013755772591e-01, 1.797693134862e+308, 1.5292e+01, 1.2937e+00, 
 2DIAGNOSTIC,     3, -4.014459134839e-01, 1.797693134862e+308, 1.6609e+01, 1.3165e+00, 
 2DIAGNOSTIC,     4, -4.015119126046e-01, 1.797693134862e+308, 1.8093e+01, 1.4841e+00, 
 2DIAGNOSTIC,     5, -4.016506892632e-01, 1.797693134862e+308, 2.0322e+01, 2.2289e+00, 
 2DIAGNOSTIC,     6, -4.016918963342e-01, 1.797693134862e+308, 2.2391e+01, 2.0687e+00, 
 2DIAGNOSTIC,     7, -4.017057532829e-01, 1.797693134862e+308, 2.3748e+01, 1.3572e+00, 
 2DIAGNOSTIC,     8, -4.017276833502e-01, 1.797693134862e+308, 2.5205e+01, 1.4571e+00, 
 2DIAGNOSTIC,     9, -4.017691143575e-01, 1.797693134862e+308, 2.6711e+01, 1.5060e+00, 
 2DIAGNOSTIC,    10, -4.018057906352e-01, 8.486879309562e-05, 2.8334e+01, 1.6232e+00, 
 2DIAGNOSTIC,    11, -4.018123603300e-01, 6.529543197871e-05, 2.9919e+01, 1.5845e+00, 
 2DIAGNOSTIC,    12, -4.018209888957e-01, 4.900812372732e-05, 3.1359e+01, 1.4402e+00, 
 2DIAGNOSTIC,    13, -4.018207925044e-01, 3.487664837382e-05, 3.2738e+01, 1.3793e+00, 
 2DIAGNOSTIC,    14, -4.018718661306e-01, 2.553600521243e-05, 3.4305e+01, 1.5666e+00, 
 2DIAGNOSTIC,    15, -4.020148498854e-01, 2.847645074100e-05, 3.7176e+01, 2.8713e+00, 
 2DIAGNOSTIC,    16, -4.020150595594e-01, 3.032164843431e-05, 3.8863e+01, 1.6873e+00, 
 2DIAGNOSTIC,    17, -4.020152686936e-01, 3.004530579839e-05, 4.0836e+01, 1.9724e+00, 
 2DIAGNOSTIC,    18, -4.020153428393e-01, 2.811961017091e-05, 4.2440e+01, 1.6042e+00, 
 2DIAGNOSTIC,    19, -4.020153292170e-01, 2.541408967063e-05, 4.3919e+01, 1.4786e+00, 
 2DIAGNOSTIC,    20, -4.020151571839e-01, 2.196955343296e-05, 4.5518e+01, 1.5997e+00, 
 2DIAGNOSTIC,    21, -4.020151091487e-01, 1.717621287334e-05, 4.6912e+01, 1.3932e+00, 
 2DIAGNOSTIC,    22, -4.020156602749e-01, 1.174663915569e-05, 4.8577e+01, 1.6654e+00, 
 2DIAGNOSTIC,    23, -4.020154798109e-01, 5.821631930768e-06, 5.0072e+01, 1.4948e+00, 
 2DIAGNOSTIC,    24, -4.020154739066e-01, 1.359351803405e-06, 5.1852e+01, 1.7800e+00, 
 2DIAGNOSTIC,    25, -4.020152573175e-01, 1.290554527703e-06, 5.3449e+01, 1.5978e+00, 
 2DIAGNOSTIC,    26, -4.020152813231e-01, 1.231684365451e-06, 5.5042e+01, 1.5926e+00, 
 2DIAGNOSTIC,    27, -4.020152055566e-01, 1.179506843967e-06, 5.6567e+01, 1.5247e+00, 
 2DIAGNOSTIC,    28, -4.020151284674e-01, 1.130841173001e-06, 5.8036e+01, 1.4695e+00, 
 2DIAGNOSTIC,    29, -4.020150579479e-01, 1.084427071904e-06, 5.9523e+01, 1.4870e+00, 
 2DIAGNOSTIC,    30, -4.020149984575e-01, 1.037073650602e-06, 6.1021e+01, 1.4979e+00, 
  Elapsed time (stage 0): 6.1856e+01


Total elapsed time: 6.1859e+01
Info [verificarlo]: loaded backend libinterflop_vprec.so
Info [interflop-vprec]: load backend with: 
Info [interflop-vprec]: precision-binary32 = 20
Info [interflop-vprec]: range-binary32 = 8
Info [interflop-vprec]: precision-binary64 = 20
Info [interflop-vprec]: range-binary64 = 8
Info [interflop-vprec]: mode = ob
Info [interflop-vprec]: error-mode = rel
Info [interflop-vprec]: max-abs-error-exponent = -1022
Info [interflop-vprec]: daz = false
Info [interflop-vprec]: ftz = false
Info [interflop-vprec]: 	instrument = none
Info [interflop-vprec]: 	prec-input-file = (null)
Info [interflop-vprec]: 	prec-output-file = (null)
Info [interflop-vprec]: 	prec-log-file = (null)
All_Command_lines_OK
Using double precision for computations.
=============================================================================
The composite transform comprises the following transforms (in order): 
  1. /home/mdugre/scratch/mri-registration-rp/datasets/ds004513/derivatives/mri-registration-rp/0011/antsRegistration-r8-p20/sub-s037/rigid_Composite.h5[0] (type = Euler3DTransform)
  2. /home/mdugre/scratch/mri-registration-rp/datasets/ds004513/derivatives/mri-registration-rp/0011/antsRegistration-r8-p20/sub-s037/rigid_Composite.h5[1] (type = Euler3DTransform)
  3. /home/mdugre/scratch/mri-registration-rp/datasets/ds004513/derivatives/mri-registration-rp/0011/antsRegistration-r8-p20/sub-s037/rigid_Composite.h5[2] (type = Euler3DTransform)
=============================================================================
  number of levels = 4
  fixed image: /templateflow/tpl-MNI152NLin2009cAsym/tpl-MNI152NLin2009cAsym_res-01_desc-brain_T1w.nii.gz
  moving image: /home/mdugre/scratch/mri-registration-rp/datasets/ds004513/derivatives/mri-registration-rp/antsBrainExtraction/sub-s037/BrainExtractionBrain.nii.gz
Dimension = 3
Number of stages = 1
Use histogram matching = false
Winsorize image intensities = true
  Lower quantile = 0.005
  Upper quantile = 0.995


Stage 1 State
   Image metric = MattesMI
     Fixed image = Image (0x469f490)
  RTTI typeinfo:   itk::Image<double, 3u>
  Reference Count: 2
  Modified Time: 1592
  Debug: Off
  Object Name: 
  Observers: 
    none
  Source: (none)
  Source output name: (none)
  Release Data: Off
  Data Released: False
  Global Release Data: Off
  PipelineMTime: 0
  UpdateMTime: 1203
  RealTimeStamp: 0 seconds 
  LargestPossibleRegion: 
    Dimension: 3
    Index: [0, 0, 0]
    Size: [193, 229, 193]
  BufferedRegion: 
    Dimension: 3
    Index: [0, 0, 0]
    Size: [193, 229, 193]
  RequestedRegion: 
    Dimension: 3
    Index: [0, 0, 0]
    Size: [193, 229, 193]
  Spacing: [1, 1, 1]
  Origin: [96, 132, -78]
  Direction: 
-1 0 0
0 -1 0
0 0 1

  IndexToPointMatrix: 
-1 0 0
0 -1 0
0 0 1

  PointToIndexMatrix: 
-1 0 0
0 -1 0
0 0 1

  Inverse Direction: 
-1 0 0
0 -1 0
0 0 1

  PixelContainer: 
    ImportImageContainer (0x476a8c0)
      RTTI typeinfo:   itk::ImportImageContainer<unsigned long, double>
      Reference Count: 1
      Modified Time: 1200
      Debug: Off
      Object Name: 
      Observers: 
        none
      Pointer: 0x153d7592c010
      Container manages memory: true
      Size: 8530021
      Capacity: 8530021

     Moving image = Image (0x475ab60)
  RTTI typeinfo:   itk::Image<double, 3u>
  Reference Count: 2
  Modified Time: 1593
  Debug: Off
  Object Name: 
  Observers: 
    none
  Source: (none)
  Source output name: (none)
  Release Data: Off
  Data Released: False
  Global Release Data: Off
  PipelineMTime: 0
  UpdateMTime: 1590
  RealTimeStamp: 0 seconds 
  LargestPossibleRegion: 
    Dimension: 3
    Index: [0, 0, 0]
    Size: [160, 240, 256]
  BufferedRegion: 
    Dimension: 3
    Index: [0, 0, 0]
    Size: [160, 240, 256]
  RequestedRegion: 
    Dimension: 3
    Index: [0, 0, 0]
    Size: [160, 240, 256]
  Spacing: [1, 1, 1]
  Origin: [87.9508, 102.562, -147.639]
  Direction: 
-0.998658 -0.0436121 -0.0279129
0.043595 -0.999049 0.00121847
-0.0279395 -2.65543e-08 0.999609

  IndexToPointMatrix: 
-0.998658 -0.0436121 -0.0279129
0.043595 -0.999049 0.00121847
-0.0279395 -2.65543e-08 0.999609

  PointToIndexMatrix: 
-0.99866 0.043595 -0.0279396
-0.043612 -0.999048 2.38419e-07
-0.027913 0.00121832 0.99961

  Inverse Direction: 
-0.99866 0.043595 -0.0279396
-0.043612 -0.999048 2.38419e-07
-0.027913 0.00121832 0.99961

  PixelContainer: 
    ImportImageContainer (0x47ee1d0)
      RTTI typeinfo:   itk::ImportImageContainer<unsigned long, double>
      Reference Count: 1
      Modified Time: 1587
      Debug: Off
      Object Name: 
      Observers: 
        none
      Pointer: 0x153d70e2b010
      Container manages memory: true
      Size: 9830400
      Capacity: 9830400

     Weighting = 1
     Sampling strategy = regular
     Number of bins = 32
     Radius = 4
     Sampling percentage  = 0.25
   Transform = Affine
     Gradient step = 0.1
     Update field sigma (voxel space) = 0
     Total field sigma (voxel space) = 0
     Update field time sigma = 0
     Total field time sigma  = 0
     Number of time indices = 0
     Number of time point samples = 0
Registration using 1 total stages.

Stage 0
  iterations = 1000x500x250x100
  convergence threshold = 1e-06
  convergence window size = 10
  number of levels = 4
  using the Mattes MI metric (number of bins = 32, weight = 1, use gradient filter = 0)
  preprocessing:  winsorizing the image intensities
  Shrink factors (level 1 out of 4): [8, 8, 8]
  Shrink factors (level 2 out of 4): [4, 4, 4]
  Shrink factors (level 3 out of 4): [2, 2, 2]
  Shrink factors (level 4 out of 4): [1, 1, 1]
  smoothing sigmas per level: [3, 2, 1, 0]
  regular sampling (percentage = 0.25)

*** Running AffineTransform registration ***

DIAGNOSTIC,Iteration,metricValue,convergenceValue,ITERATION_TIME_INDEX,SINCE_LAST
 2DIAGNOSTIC,     1, -5.853264908494e-01, 1.797693134862e+308, 0.0000e+00, 0.0000e+00, 
 2DIAGNOSTIC,     2, -5.870872139868e-01, 1.797693134862e+308, 0.0000e+00, 0.0000e+00, 
 2DIAGNOSTIC,     3, -5.898852384194e-01, 1.797693134862e+308, 0.0000e+00, 0.0000e+00, 
 2DIAGNOSTIC,     4, -5.947320187459e-01, 1.797693134862e+308, 0.0000e+00, 0.0000e+00, 
 2DIAGNOSTIC,     5, -6.040057733321e-01, 1.797693134862e+308, 0.0000e+00, 0.0000e+00, 
 2DIAGNOSTIC,     6, -6.137117508879e-01, 1.797693134862e+308, 0.0000e+00, 0.0000e+00, 
 2DIAGNOSTIC,     7, -6.332562237286e-01, 1.797693134862e+308, 0.0000e+00, 0.0000e+00, 
 2DIAGNOSTIC,     8, -6.735769078803e-01, 1.797693134862e+308, 0.0000e+00, 0.0000e+00, 
 2DIAGNOSTIC,     9, -6.785805576965e-01, 1.797693134862e+308, 0.0000e+00, 0.0000e+00, 
 2DIAGNOSTIC,    10, -6.913826666138e-01, 1.202059378153e-02, 0.0000e+00, 0.0000e+00, 
 2DIAGNOSTIC,    11, -7.017615191123e-01, 1.218013572724e-02, 0.0000e+00, 0.0000e+00, 
 2DIAGNOSTIC,    12, -7.095932401312e-01, 1.155613346780e-02, 0.0000e+00, 0.0000e+00, 
 2DIAGNOSTIC,    13, -7.178422856728e-01, 1.035034941782e-02, 0.0000e+00, 0.0000e+00, 
 2DIAGNOSTIC,    14, -7.210098150073e-01, 8.647139542384e-03, 0.0000e+00, 0.0000e+00, 
 2DIAGNOSTIC,    15, -7.222341669855e-01, 6.727185550003e-03, 0.0000e+00, 0.0000e+00, 
 2DIAGNOSTIC,    16, -7.233412046958e-01, 4.745448000962e-03, 0.0000e+00, 0.0000e+00, 
 2DIAGNOSTIC,    17, -7.234328931484e-01, 3.052434797204e-03, 0.0000e+00, 0.0000e+00, 
 2DIAGNOSTIC,    18, -7.232648725434e-01, 2.235466877280e-03, 0.0000e+00, 0.0000e+00, 
 2DIAGNOSTIC,    19, -7.233575130616e-01, 1.415249703537e-03, 0.0000e+00, 0.0000e+00, 
 2DIAGNOSTIC,    20, -7.234973809137e-01, 8.238615920574e-04, 0.0000e+00, 0.0000e+00, 
 2DIAGNOSTIC,    21, -7.237011582904e-01, 4.268517602405e-04, 0.0000e+00, 0.0000e+00, 
 2DIAGNOSTIC,    22, -7.240766015098e-01, 1.819794095736e-04, 0.0000e+00, 0.0000e+00, 
 2DIAGNOSTIC,    23, -7.244128417637e-01, 9.814508495661e-05, 0.0000e+00, 0.0000e+00, 
 2DIAGNOSTIC,    24, -7.245756911625e-01, 7.023517089009e-05, 0.0000e+00, 0.0000e+00, 
 2DIAGNOSTIC,    25, -7.245890001290e-01, 5.834337718024e-05, 0.0000e+00, 0.0000e+00, 
 2DIAGNOSTIC,    26, -7.246248014738e-01, 6.031043607035e-05, 0.0000e+00, 0.0000e+00, 
 2DIAGNOSTIC,    27, -7.247059459823e-01, 5.925540310206e-05, 0.0000e+00, 0.0000e+00, 
 2DIAGNOSTIC,    28, -7.250071854045e-01, 5.468295267631e-05, 0.0000e+00, 0.0000e+00, 
 2DIAGNOSTIC,    29, -7.249683263753e-01, 4.607374512223e-05, 0.0000e+00, 0.0000e+00, 
 2DIAGNOSTIC,    30, -7.253700470447e-01, 4.139522249790e-05, 0.0000e+00, 0.0000e+00, 
 2DIAGNOSTIC,    31, -7.267650446652e-01, 5.428364086417e-05, 0.0000e+00, 0.0000e+00, 
 2DIAGNOSTIC,    32, -7.268568227045e-01, 6.670196339333e-05, 0.0000e+00, 0.0000e+00, 
 2DIAGNOSTIC,    33, -7.268926634798e-01, 7.688057132524e-05, 0.0000e+00, 0.0000e+00, 
 2DIAGNOSTIC,    34, -7.270571614714e-01, 8.344931057322e-05, 0.0000e+00, 0.0000e+00, 
 2DIAGNOSTIC,    35, -7.271829610504e-01, 8.331030887303e-05, 0.0000e+00, 0.0000e+00, 
 2DIAGNOSTIC,    36, -7.274054073510e-01, 7.799452715145e-05, 0.0000e+00, 0.0000e+00, 
 2DIAGNOSTIC,    37, -7.273334336468e-01, 6.562567769721e-05, 0.0000e+00, 0.0000e+00, 
 2DIAGNOSTIC,    38, -7.270004421821e-01, 4.780216980018e-05, 0.0000e+00, 0.0000e+00, 
 2DIAGNOSTIC,    39, -7.269439496971e-01, 2.563120781637e-05, 0.0000e+00, 0.0000e+00, 
 2DIAGNOSTIC,    40, -7.267657535091e-01, 4.062463828017e-06, 0.0000e+00, 0.0000e+00, 
DIAGNOSTIC,Iteration,metricValue,convergenceValue,ITERATION_TIME_INDEX,SINCE_LAST
 2DIAGNOSTIC,     1, -5.945945507183e-01, 1.797693134862e+308, 0.0000e+00, 0.0000e+00, 
 2DIAGNOSTIC,     2, -5.948636990912e-01, 1.797693134862e+308, 0.0000e+00, 0.0000e+00, 
 2DIAGNOSTIC,     3, -5.951889548354e-01, 1.797693134862e+308, 0.0000e+00, 0.0000e+00, 
 2DIAGNOSTIC,     4, -5.956550229212e-01, 1.797693134862e+308, 0.0000e+00, 0.0000e+00, 
 2DIAGNOSTIC,     5, -5.960618493327e-01, 1.797693134862e+308, 0.0000e+00, 0.0000e+00, 
 2DIAGNOSTIC,     6, -5.962744595112e-01, 1.797693134862e+308, 0.0000e+00, 0.0000e+00, 
 2DIAGNOSTIC,     7, -5.962817102789e-01, 1.797693134862e+308, 0.0000e+00, 0.0000e+00, 
 2DIAGNOSTIC,     8, -5.963887009725e-01, 1.797693134862e+308, 0.0000e+00, 0.0000e+00, 
 2DIAGNOSTIC,     9, -5.966662072642e-01, 1.797693134862e+308, 0.0000e+00, 0.0000e+00, 
 2DIAGNOSTIC,    10, -5.969789187128e-01, 2.478117371985e-04, 0.0000e+00, 0.0000e+00, 
 2DIAGNOSTIC,    11, -5.973728171055e-01, 2.168883871516e-04, 0.0000e+00, 0.0000e+00, 
 2DIAGNOSTIC,    12, -5.981544787021e-01, 2.136144324912e-04, 0.0000e+00, 0.0000e+00, 
 2DIAGNOSTIC,    13, -5.981214748305e-01, 2.017705048181e-04, 0.0000e+00, 0.0000e+00, 
 2DIAGNOSTIC,    14, -5.981734111251e-01, 1.912041132533e-04, 0.0000e+00, 0.0000e+00, 
 2DIAGNOSTIC,    15, -5.984326961660e-01, 1.859166744397e-04, 0.0000e+00, 0.0000e+00, 
 2DIAGNOSTIC,    16, -5.987459993031e-01, 1.797187063027e-04, 0.0000e+00, 0.0000e+00, 
 2DIAGNOSTIC,    17, -5.987710105932e-01, 1.584007568194e-04, 0.0000e+00, 0.0000e+00, 
 2DIAGNOSTIC,    18, -5.988334185688e-01, 1.296645778554e-04, 0.0000e+00, 0.0000e+00, 
 2DIAGNOSTIC,    19, -5.989787596708e-01, 1.029660191077e-04, 0.0000e+00, 0.0000e+00, 
 2DIAGNOSTIC,    20, -5.992240986441e-01, 8.254695297082e-05, 0.0000e+00, 0.0000e+00, 
 2DIAGNOSTIC,    21, -5.994558303250e-01, 6.997546125798e-05, 0.0000e+00, 0.0000e+00, 
 2DIAGNOSTIC,    22, -5.999687649314e-01, 8.020984733723e-05, 0.0000e+00, 0.0000e+00, 
 2DIAGNOSTIC,    23, -5.999862875913e-01, 8.180447355990e-05, 0.0000e+00, 0.0000e+00, 
 2DIAGNOSTIC,    24, -5.999774879076e-01, 7.663499138778e-05, 0.0000e+00, 0.0000e+00, 
 2DIAGNOSTIC,    25, -5.999688517502e-01, 6.949402318455e-05, 0.0000e+00, 0.0000e+00, 
 2DIAGNOSTIC,    26, -5.999699727135e-01, 6.216673989552e-05, 0.0000e+00, 0.0000e+00, 
 2DIAGNOSTIC,    27, -5.999719807647e-01, 5.001668073559e-05, 0.0000e+00, 0.0000e+00, 
 2DIAGNOSTIC,    28, -5.999731859492e-01, 3.521493450664e-05, 0.0000e+00, 0.0000e+00, 
 2DIAGNOSTIC,    29, -5.999659274812e-01, 2.055202836736e-05, 0.0000e+00, 0.0000e+00, 
