
##########################
# Experiment information #
##########################

EXPERIMENT_NAME: antsRegistration-r8-p6
VFC_BACKENDS: libinterflop_vprec.so --range-binary32=8 --precision-binary32=6 --range-binary64=8 --precision-binary64=6

SIF_IMG: /home/mdugre/projects/rrg-glatard/mdugre/containers/ants-vprec-no_metrics.simg

SUBJECT_ID: s037
INPUT_IMG: /home/mdugre/scratch/mri-registration-rp/datasets/ds004513/derivatives/mri-registration-rp/antsBrainExtraction/sub-s037/BrainExtractionBrain.nii.gz
OUTPUT_DIR: /home/mdugre/scratch/mri-registration-rp/datasets/ds004513/derivatives/mri-registration-rp/0011/antsRegistration-r8-p6/sub-s037

FIXED_IMG: /templateflow/tpl-MNI152NLin2009cAsym/tpl-MNI152NLin2009cAsym_res-01_desc-brain_T1w.nii.gz
DATA_DIR: /home/mdugre/scratch/mri-registration-rp/datasets/ds004513
TEMPLATEFLOW_DIR: /home/mdugre/projects/rrg-glatard/mdugre/templateflow
ITK_GLOBAL_DEFAULT_NUMBER_OF_THREADS: 16
##########################

Info [verificarlo]: loaded backend libinterflop_ieee.so
Info [interflop-ieee]: load backend with:
Info [interflop-ieee]: debug = false
Info [interflop-ieee]: debug-binary = false
Info [interflop-ieee]: no-backend-name = false
Info [interflop-ieee]: print-new-line = false
Info [interflop-ieee]: print-subnormal-normalized = false
Info [interflop-ieee]: count-op = false
All_Command_lines_OK
Using double precision for computations.
=============================================================================
The composite transform comprises the following transforms (in order): 
  1. Center of mass alignment using fixed image: /templateflow/tpl-MNI152NLin2009cAsym/tpl-MNI152NLin2009cAsym_res-01_desc-brain_T1w.nii.gz and moving image: /home/mdugre/scratch/mri-registration-rp/datasets/ds004513/derivatives/mri-registration-rp/antsBrainExtraction/sub-s037/BrainExtractionBrain.nii.gz (type = Euler3DTransform)
=============================================================================
  number of levels = 1
  fixed image: /templateflow/tpl-MNI152NLin2009cAsym/tpl-MNI152NLin2009cAsym_res-01_desc-brain_T1w.nii.gz
  moving image: /home/mdugre/scratch/mri-registration-rp/datasets/ds004513/derivatives/mri-registration-rp/antsBrainExtraction/sub-s037/BrainExtractionBrain.nii.gz
Dimension = 3
Number of stages = 1
Use histogram matching = false
Winsorize image intensities = true
  Lower quantile = 0.005
  Upper quantile = 0.995


Stage 1 State
   Image metric = MattesMI
     Fixed image = Image (0x39a2bd0)
  RTTI typeinfo:   itk::Image<double, 3u>
  Reference Count: 2
  Modified Time: 2330
  Debug: Off
  Object Name: 
  Observers: 
    none
  Source: (none)
  Source output name: (none)
  Release Data: Off
  Data Released: False
  Global Release Data: Off
  PipelineMTime: 0
  UpdateMTime: 1941
  RealTimeStamp: 0 seconds 
  LargestPossibleRegion: 
    Dimension: 3
    Index: [0, 0, 0]
    Size: [193, 229, 193]
  BufferedRegion: 
    Dimension: 3
    Index: [0, 0, 0]
    Size: [193, 229, 193]
  RequestedRegion: 
    Dimension: 3
    Index: [0, 0, 0]
    Size: [193, 229, 193]
  Spacing: [1, 1, 1]
  Origin: [96, 132, -78]
  Direction: 
-1 0 0
0 -1 0
0 0 1

  IndexToPointMatrix: 
-1 0 0
0 -1 0
0 0 1

  PointToIndexMatrix: 
-1 0 0
0 -1 0
0 0 1

  Inverse Direction: 
-1 0 0
0 -1 0
0 0 1

  PixelContainer: 
    ImportImageContainer (0x39ab9e0)
      RTTI typeinfo:   itk::ImportImageContainer<unsigned long, double>
      Reference Count: 1
      Modified Time: 1938
      Debug: Off
      Object Name: 
      Observers: 
        none
      Pointer: 0x14ce6e1f2010
      Container manages memory: true
      Size: 8530021
      Capacity: 8530021

     Moving image = Image (0x39acd40)
  RTTI typeinfo:   itk::Image<double, 3u>
  Reference Count: 2
  Modified Time: 2331
  Debug: Off
  Object Name: 
  Observers: 
    none
  Source: (none)
  Source output name: (none)
  Release Data: Off
  Data Released: False
  Global Release Data: Off
  PipelineMTime: 0
  UpdateMTime: 2328
  RealTimeStamp: 0 seconds 
  LargestPossibleRegion: 
    Dimension: 3
    Index: [0, 0, 0]
    Size: [160, 240, 256]
  BufferedRegion: 
    Dimension: 3
    Index: [0, 0, 0]
    Size: [160, 240, 256]
  RequestedRegion: 
    Dimension: 3
    Index: [0, 0, 0]
    Size: [160, 240, 256]
  Spacing: [1, 1, 1]
  Origin: [87.9508, 102.562, -147.639]
  Direction: 
-0.998659 -0.0436121 -0.0279129
0.043595 -0.999049 0.00121847
-0.0279395 -2.65543e-08 0.99961

  IndexToPointMatrix: 
-0.998659 -0.0436121 -0.0279129
0.043595 -0.999049 0.00121847
-0.0279395 -2.65543e-08 0.99961

  PointToIndexMatrix: 
-0.998659 0.043595 -0.0279395
-0.0436121 -0.999049 -2.65517e-08
-0.0279129 0.00121847 0.99961

  Inverse Direction: 
-0.998659 0.043595 -0.0279395
-0.0436121 -0.999049 -2.65517e-08
-0.0279129 0.00121847 0.99961

  PixelContainer: 
    ImportImageContainer (0x39d2850)
      RTTI typeinfo:   itk::ImportImageContainer<unsigned long, double>
      Reference Count: 1
      Modified Time: 2325
      Debug: Off
      Object Name: 
      Observers: 
        none
      Pointer: 0x14ce696f1010
      Container manages memory: true
      Size: 9830400
      Capacity: 9830400

     Weighting = 1
     Sampling strategy = regular
     Number of bins = 32
     Radius = 4
     Sampling percentage  = 0.25
   Transform = Rigid
     Gradient step = 0.1
     Update field sigma (voxel space) = 0
     Total field sigma (voxel space) = 0
     Update field time sigma = 0
     Total field time sigma  = 0
     Number of time indices = 0
     Number of time point samples = 0
Registration using 1 total stages.

Stage 0
  iterations = 0
  convergence threshold = 1e-06
  convergence window size = 10
  number of levels = 1
  using the Mattes MI metric (number of bins = 32, weight = 1, use gradient filter = 0)
  preprocessing:  winsorizing the image intensities
  Shrink factors (level 1 out of 1): [1, 1, 1]
  smoothing sigmas per level: [0]
  regular sampling (percentage = 0.25)

*** Running Euler3DTransform registration ***

  Elapsed time (stage 0): 1.17597


Total elapsed time: 1.1783
Info [verificarlo]: loaded backend libinterflop_ieee.so
Info [interflop-ieee]: load backend with:
Info [interflop-ieee]: debug = false
Info [interflop-ieee]: debug-binary = false
Info [interflop-ieee]: no-backend-name = false
Info [interflop-ieee]: print-new-line = false
Info [interflop-ieee]: print-subnormal-normalized = false
Info [interflop-ieee]: count-op = false
All_Command_lines_OK
Using double precision for computations.
=============================================================================
The composite transform comprises the following transforms (in order): 
  1. /home/mdugre/scratch/mri-registration-rp/datasets/ds004513/derivatives/mri-registration-rp/0011/antsRegistration-r8-p6/sub-s037/align_Composite.h5[0] (type = Euler3DTransform)
  2. /home/mdugre/scratch/mri-registration-rp/datasets/ds004513/derivatives/mri-registration-rp/0011/antsRegistration-r8-p6/sub-s037/align_Composite.h5[1] (type = Euler3DTransform)
=============================================================================
  number of levels = 4
  fixed image: /templateflow/tpl-MNI152NLin2009cAsym/tpl-MNI152NLin2009cAsym_res-01_desc-brain_T1w.nii.gz
  moving image: /home/mdugre/scratch/mri-registration-rp/datasets/ds004513/derivatives/mri-registration-rp/antsBrainExtraction/sub-s037/BrainExtractionBrain.nii.gz
Dimension = 3
Number of stages = 1
Use histogram matching = false
Winsorize image intensities = true
  Lower quantile = 0.005
  Upper quantile = 0.995


Stage 1 State
   Image metric = MattesMI
     Fixed image = Image (0x47d2530)
  RTTI typeinfo:   itk::Image<double, 3u>
  Reference Count: 2
  Modified Time: 1578
  Debug: Off
  Object Name: 
  Observers: 
    none
  Source: (none)
  Source output name: (none)
  Release Data: Off
  Data Released: False
  Global Release Data: Off
  PipelineMTime: 0
  UpdateMTime: 1189
  RealTimeStamp: 0 seconds 
  LargestPossibleRegion: 
    Dimension: 3
    Index: [0, 0, 0]
    Size: [193, 229, 193]
  BufferedRegion: 
    Dimension: 3
    Index: [0, 0, 0]
    Size: [193, 229, 193]
  RequestedRegion: 
    Dimension: 3
    Index: [0, 0, 0]
    Size: [193, 229, 193]
  Spacing: [1, 1, 1]
  Origin: [96, 132, -78]
  Direction: 
-1 0 0
0 -1 0
0 0 1

  IndexToPointMatrix: 
-1 0 0
0 -1 0
0 0 1

  PointToIndexMatrix: 
-1 0 0
0 -1 0
0 0 1

  Inverse Direction: 
-1 0 0
0 -1 0
0 0 1

  PixelContainer: 
    ImportImageContainer (0x4890d60)
      RTTI typeinfo:   itk::ImportImageContainer<unsigned long, double>
      Reference Count: 1
      Modified Time: 1186
      Debug: Off
      Object Name: 
      Observers: 
        none
      Pointer: 0x14d045837010
      Container manages memory: true
      Size: 8530021
      Capacity: 8530021

     Moving image = Image (0x4882f60)
  RTTI typeinfo:   itk::Image<double, 3u>
  Reference Count: 2
  Modified Time: 1579
  Debug: Off
  Object Name: 
  Observers: 
    none
  Source: (none)
  Source output name: (none)
  Release Data: Off
  Data Released: False
  Global Release Data: Off
  PipelineMTime: 0
  UpdateMTime: 1576
  RealTimeStamp: 0 seconds 
  LargestPossibleRegion: 
    Dimension: 3
    Index: [0, 0, 0]
    Size: [160, 240, 256]
  BufferedRegion: 
    Dimension: 3
    Index: [0, 0, 0]
    Size: [160, 240, 256]
  RequestedRegion: 
    Dimension: 3
    Index: [0, 0, 0]
    Size: [160, 240, 256]
  Spacing: [1, 1, 1]
  Origin: [87.9508, 102.562, -147.639]
  Direction: 
-0.998659 -0.0436121 -0.0279129
0.043595 -0.999049 0.00121847
-0.0279395 -2.65543e-08 0.99961

  IndexToPointMatrix: 
-0.998659 -0.0436121 -0.0279129
0.043595 -0.999049 0.00121847
-0.0279395 -2.65543e-08 0.99961

  PointToIndexMatrix: 
-0.998659 0.043595 -0.0279395
-0.0436121 -0.999049 -2.65517e-08
-0.0279129 0.00121847 0.99961

  Inverse Direction: 
-0.998659 0.043595 -0.0279395
-0.0436121 -0.999049 -2.65517e-08
-0.0279129 0.00121847 0.99961

  PixelContainer: 
    ImportImageContainer (0x48746d0)
      RTTI typeinfo:   itk::ImportImageContainer<unsigned long, double>
      Reference Count: 1
      Modified Time: 1573
      Debug: Off
      Object Name: 
      Observers: 
        none
      Pointer: 0x14d040d36010
      Container manages memory: true
      Size: 9830400
      Capacity: 9830400

     Weighting = 1
     Sampling strategy = regular
     Number of bins = 32
     Radius = 4
     Sampling percentage  = 0.25
   Transform = Rigid
     Gradient step = 0.1
     Update field sigma (voxel space) = 0
     Total field sigma (voxel space) = 0
     Update field time sigma = 0
     Total field time sigma  = 0
     Number of time indices = 0
     Number of time point samples = 0
Registration using 1 total stages.

Stage 0
  iterations = 1000x500x250x100
  convergence threshold = 1e-06
  convergence window size = 10
  number of levels = 4
  using the Mattes MI metric (number of bins = 32, weight = 1, use gradient filter = 0)
  preprocessing:  winsorizing the image intensities
  Shrink factors (level 1 out of 4): [8, 8, 8]
  Shrink factors (level 2 out of 4): [4, 4, 4]
  Shrink factors (level 3 out of 4): [2, 2, 2]
  Shrink factors (level 4 out of 4): [1, 1, 1]
  smoothing sigmas per level: [3, 2, 1, 0]
  regular sampling (percentage = 0.25)

*** Running Euler3DTransform registration ***

DIAGNOSTIC,Iteration,metricValue,convergenceValue,ITERATION_TIME_INDEX,SINCE_LAST
 2DIAGNOSTIC,     1, -4.299060189477e-01, 1.797693134862e+308, 7.9931e-01, 7.9931e-01, 
 2DIAGNOSTIC,     2, -4.311703807429e-01, 1.797693134862e+308, 8.0418e-01, 4.8730e-03, 
 2DIAGNOSTIC,     3, -4.334997061176e-01, 1.797693134862e+308, 8.0897e-01, 4.7848e-03, 
 2DIAGNOSTIC,     4, -4.389575130370e-01, 1.797693134862e+308, 8.1354e-01, 4.5700e-03, 
 2DIAGNOSTIC,     5, -4.438813134482e-01, 1.797693134862e+308, 8.1821e-01, 4.6699e-03, 
 2DIAGNOSTIC,     6, -4.461495460377e-01, 1.797693134862e+308, 8.2295e-01, 4.7462e-03, 
 2DIAGNOSTIC,     7, -4.511407144429e-01, 1.797693134862e+308, 8.2884e-01, 5.8870e-03, 
 2DIAGNOSTIC,     8, -4.667812032718e-01, 1.797693134862e+308, 8.3463e-01, 5.7881e-03, 
 2DIAGNOSTIC,     9, -4.753090114372e-01, 1.797693134862e+308, 8.4030e-01, 5.6741e-03, 
 2DIAGNOSTIC,    10, -4.802481719655e-01, 7.481707542057e-03, 8.4584e-01, 5.5370e-03, 
 2DIAGNOSTIC,    11, -4.821261368877e-01, 7.356704266140e-03, 8.5072e-01, 4.8752e-03, 
 2DIAGNOSTIC,    12, -4.837491005316e-01, 6.749992380103e-03, 8.5672e-01, 6.0031e-03, 
 2DIAGNOSTIC,    13, -5.028244927607e-01, 6.622215038723e-03, 8.6495e-01, 8.2340e-03, 
 2DIAGNOSTIC,    14, -5.042109134425e-01, 6.183615245764e-03, 8.6974e-01, 4.7820e-03, 
 2DIAGNOSTIC,    15, -5.066116081848e-01, 5.558135432361e-03, 8.7472e-01, 4.9801e-03, 
 2DIAGNOSTIC,    16, -5.083451635820e-01, 4.676295421202e-03, 8.8005e-01, 5.3320e-03, 
 2DIAGNOSTIC,    17, -5.184993492868e-01, 3.998770501209e-03, 8.8774e-01, 7.6919e-03, 
 2DIAGNOSTIC,    18, -5.256348855860e-01, 3.769024583912e-03, 8.9270e-01, 4.9651e-03, 
 2DIAGNOSTIC,    19, -5.260487275831e-01, 3.491513199738e-03, 8.9858e-01, 5.8742e-03, 
 2DIAGNOSTIC,    20, -5.292109526829e-01, 3.174906796827e-03, 9.0434e-01, 5.7631e-03, 
 2DIAGNOSTIC,    21, -5.301818299254e-01, 2.681600109469e-03, 9.0915e-01, 4.8101e-03, 
 2DIAGNOSTIC,    22, -5.312241464716e-01, 2.041189132423e-03, 9.1476e-01, 5.6100e-03, 
 2DIAGNOSTIC,    23, -5.321371467025e-01, 1.776979750911e-03, 9.2085e-01, 6.0861e-03, 
 2DIAGNOSTIC,    24, -5.330747264804e-01, 1.429098553474e-03, 9.2565e-01, 4.8001e-03, 
 2DIAGNOSTIC,    25, -5.340979468224e-01, 1.060387906065e-03, 9.3167e-01, 6.0182e-03, 
 2DIAGNOSTIC,    26, -5.353301921027e-01, 6.839352419174e-04, 9.3946e-01, 7.7891e-03, 
 2DIAGNOSTIC,    27, -5.359877985614e-01, 5.005586421959e-04, 9.4502e-01, 5.5671e-03, 
 2DIAGNOSTIC,    28, -5.363339021767e-01, 4.385717822312e-04, 9.5115e-01, 6.1281e-03, 
 2DIAGNOSTIC,    29, -5.373050991902e-01, 3.660304180842e-04, 9.5775e-01, 6.6009e-03, 
 2DIAGNOSTIC,    30, -5.398201287321e-01, 3.716001131642e-04, 9.6457e-01, 6.8200e-03, 
 2DIAGNOSTIC,    31, -5.446419427873e-01, 4.465240603883e-04, 9.7736e-01, 1.2784e-02, 
 2DIAGNOSTIC,    32, -5.446642619326e-01, 4.912563673083e-04, 9.8285e-01, 5.4970e-03, 
 2DIAGNOSTIC,    33, -5.447644208126e-01, 5.056363693222e-04, 9.8774e-01, 4.8871e-03, 
 2DIAGNOSTIC,    34, -5.449308886104e-01, 4.903999065654e-04, 9.9267e-01, 4.9310e-03, 
 2DIAGNOSTIC,    35, -5.452044003735e-01, 4.491454109934e-04, 9.9774e-01, 5.0669e-03, 
 2DIAGNOSTIC,    36, -5.456974155386e-01, 3.933043329854e-04, 1.0027e+00, 4.9210e-03, 
 2DIAGNOSTIC,    37, -5.462998750099e-01, 3.227875751235e-04, 1.0073e+00, 4.6129e-03, 
 2DIAGNOSTIC,    38, -5.470544194461e-01, 2.429366022065e-04, 1.0124e+00, 5.1329e-03, 
 2DIAGNOSTIC,    39, -5.483331742795e-01, 1.763400168924e-04, 1.0178e+00, 5.4460e-03, 
 2DIAGNOSTIC,    40, -5.485726349473e-01, 1.327706582366e-04, 1.0230e+00, 5.1320e-03, 
 2DIAGNOSTIC,    41, -5.488484646327e-01, 1.482799703139e-04, 1.0287e+00, 5.7440e-03, 
 2DIAGNOSTIC,    42, -5.491454759011e-01, 1.532247643891e-04, 1.0342e+00, 5.5208e-03, 
 2DIAGNOSTIC,    43, -5.502455043799e-01, 1.586693841096e-04, 1.0401e+00, 5.8460e-03, 
 2DIAGNOSTIC,    44, -5.634837510942e-01, 3.167362556055e-04, 1.0485e+00, 8.3761e-03, 
 2DIAGNOSTIC,    45, -5.666418863819e-01, 4.745186635174e-04, 1.0541e+00, 5.6431e-03, 
 2DIAGNOSTIC,    46, -5.686828082879e-01, 6.109367213739e-04, 1.0605e+00, 6.3901e-03, 
 2DIAGNOSTIC,    47, -5.690942557501e-01, 6.966655820041e-04, 1.0657e+00, 5.2099e-03, 
 2DIAGNOSTIC,    48, -5.694042397023e-01, 7.237160341373e-04, 1.0712e+00, 5.5299e-03, 
 2DIAGNOSTIC,    49, -5.696077716783e-01, 6.946397359457e-04, 1.0766e+00, 5.4080e-03, 
 2DIAGNOSTIC,    50, -5.701706797530e-01, 6.081880391943e-04, 1.0830e+00, 6.3601e-03, 
 2DIAGNOSTIC,    51, -5.707938578927e-01, 4.786520887610e-04, 1.0900e+00, 6.9540e-03, 
 2DIAGNOSTIC,    52, -5.707027927099e-01, 3.125813002515e-04, 1.1072e+00, 1.7258e-02, 
 2DIAGNOSTIC,    53, -5.707027900660e-01, 1.317005169294e-04, 1.1120e+00, 4.8170e-03, 
 2DIAGNOSTIC,    54, -5.707028286236e-01, 7.794178726647e-05, 1.1174e+00, 5.3580e-03, 
 2DIAGNOSTIC,    55, -5.707028938165e-01, 4.937257589485e-05, 1.1229e+00, 5.5490e-03, 
 2DIAGNOSTIC,    56, -5.707030040350e-01, 3.677536413290e-05, 1.1283e+00, 5.3320e-03, 
 2DIAGNOSTIC,    57, -5.707031903507e-01, 2.510434135097e-05, 1.1332e+00, 4.9410e-03, 
 2DIAGNOSTIC,    58, -5.707035052309e-01, 1.450751025620e-05, 1.1379e+00, 4.6680e-03, 
 2DIAGNOSTIC,    59, -5.707040370577e-01, 4.732316251883e-06, 1.1433e+00, 5.4579e-03, 
DIAGNOSTIC,Iteration,metricValue,convergenceValue,ITERATION_TIME_INDEX,SINCE_LAST
 2DIAGNOSTIC,     1, -4.564071719019e-01, 1.797693134862e+308, 1.9045e+00, 7.6117e-01, 
 2DIAGNOSTIC,     2, -4.567168541912e-01, 1.797693134862e+308, 1.9383e+00, 3.3757e-02, 
 2DIAGNOSTIC,     3, -4.571677705211e-01, 1.797693134862e+308, 1.9729e+00, 3.4597e-02, 
 2DIAGNOSTIC,     4, -4.578722649610e-01, 1.797693134862e+308, 2.0037e+00, 3.0820e-02, 
 2DIAGNOSTIC,     5, -4.595202631828e-01, 1.797693134862e+308, 2.0363e+00, 3.2612e-02, 
 2DIAGNOSTIC,     6, -4.665997726491e-01, 1.797693134862e+308, 2.0730e+00, 3.6739e-02, 
 2DIAGNOSTIC,     7, -4.698244669333e-01, 1.797693134862e+308, 2.1128e+00, 3.9744e-02, 
 2DIAGNOSTIC,     8, -4.711802539786e-01, 1.797693134862e+308, 2.1453e+00, 3.2517e-02, 
 2DIAGNOSTIC,     9, -4.750828606256e-01, 1.797693134862e+308, 2.1890e+00, 4.3667e-02, 
 2DIAGNOSTIC,    10, -4.787972950459e-01, 3.366771220834e-03, 2.2228e+00, 3.3798e-02, 
 2DIAGNOSTIC,    11, -4.834523043730e-01, 3.529668140427e-03, 2.2689e+00, 4.6092e-02, 
 2DIAGNOSTIC,    12, -4.858214104859e-01, 3.478866242490e-03, 2.3287e+00, 5.9824e-02, 
 2DIAGNOSTIC,    13, -4.862118938530e-01, 3.167486106682e-03, 2.3680e+00, 3.9358e-02, 
 2DIAGNOSTIC,    14, -4.869361685124e-01, 2.680889343125e-03, 2.4060e+00, 3.7985e-02, 
 2DIAGNOSTIC,    15, -4.903164545321e-01, 2.209485745937e-03, 2.4568e+00, 5.0777e-02, 
 2DIAGNOSTIC,    16, -4.905572986613e-01, 1.864565406529e-03, 2.4943e+00, 3.7492e-02, 
 2DIAGNOSTIC,    17, -4.907159681737e-01, 1.511701158473e-03, 2.5309e+00, 3.6588e-02, 
 2DIAGNOSTIC,    18, -4.908531158581e-01, 1.111165142704e-03, 2.5685e+00, 3.7626e-02, 
 2DIAGNOSTIC,    19, -4.910021215842e-01, 7.776386130062e-04, 2.6054e+00, 3.6894e-02, 
 2DIAGNOSTIC,    20, -4.911515276982e-01, 5.168731272517e-04, 2.6525e+00, 4.7062e-02, 
 2DIAGNOSTIC,    21, -4.911664583879e-01, 3.641289223512e-04, 2.6851e+00, 3.2622e-02, 
 2DIAGNOSTIC,    22, -4.912606469350e-01, 2.598116184594e-04, 2.7280e+00, 4.2945e-02, 
 2DIAGNOSTIC,    23, -4.912720393075e-01, 1.515624770020e-04, 2.7630e+00, 3.4957e-02, 
 2DIAGNOSTIC,    24, -4.912439060035e-01, 5.338214940354e-05, 2.7987e+00, 3.5689e-02, 
 2DIAGNOSTIC,    25, -4.912374888460e-01, 3.824239945237e-05, 2.8349e+00, 3.6274e-02, 
 2DIAGNOSTIC,    26, -4.912274917984e-01, 2.604223854830e-05, 2.8713e+00, 3.6387e-02, 
 2DIAGNOSTIC,    27, -4.912231269861e-01, 1.577695067356e-05, 2.9069e+00, 3.5539e-02, 
 2DIAGNOSTIC,    28, -4.912186010314e-01, 7.627807626767e-06, 2.9417e+00, 3.4841e-02, 
 2DIAGNOSTIC,    29, -4.912051767899e-01, 2.157997505178e-06, 2.9741e+00, 3.2364e-02, 
DIAGNOSTIC,Iteration,metricValue,convergenceValue,ITERATION_TIME_INDEX,SINCE_LAST
 2DIAGNOSTIC,     1, -4.337671529643e-01, 1.797693134862e+308, 4.0798e+00, 1.1057e+00, 
 2DIAGNOSTIC,     2, -4.339704217210e-01, 1.797693134862e+308, 4.3502e+00, 2.7049e-01, 
 2DIAGNOSTIC,     3, -4.341384408666e-01, 1.797693134862e+308, 4.6248e+00, 2.7458e-01, 
 2DIAGNOSTIC,     4, -4.342921875056e-01, 1.797693134862e+308, 4.9477e+00, 3.2286e-01, 
 2DIAGNOSTIC,     5, -4.343266101361e-01, 1.797693134862e+308, 5.2213e+00, 2.7365e-01, 
 2DIAGNOSTIC,     6, -4.343601992628e-01, 1.797693134862e+308, 5.4860e+00, 2.6464e-01, 
 2DIAGNOSTIC,     7, -4.344075231309e-01, 1.797693134862e+308, 5.8006e+00, 3.1463e-01, 
 2DIAGNOSTIC,     8, -4.345740622310e-01, 1.797693134862e+308, 6.1938e+00, 3.9318e-01, 
 2DIAGNOSTIC,     9, -4.345777330656e-01, 1.797693134862e+308, 6.4999e+00, 3.0611e-01, 
 2DIAGNOSTIC,    10, -4.345833723565e-01, 1.152188507525e-04, 6.7546e+00, 2.5471e-01, 
 2DIAGNOSTIC,    11, -4.345941882715e-01, 8.238464953586e-05, 6.9866e+00, 2.3197e-01, 
 2DIAGNOSTIC,    12, -4.345976534431e-01, 5.894595527506e-05, 7.2234e+00, 2.3686e-01, 
 2DIAGNOSTIC,    13, -4.346430956821e-01, 4.445759564266e-05, 7.4965e+00, 2.7310e-01, 
 2DIAGNOSTIC,    14, -4.346654590865e-01, 3.638001324462e-05, 7.7725e+00, 2.7597e-01, 
 2DIAGNOSTIC,    15, -4.346719009803e-01, 2.814204879104e-05, 8.2359e+00, 4.6339e-01, 
 2DIAGNOSTIC,    16, -4.346719463111e-01, 1.997763503077e-05, 8.5344e+00, 2.9851e-01, 
 2DIAGNOSTIC,    17, -4.346714524194e-01, 1.274837799626e-05, 8.8268e+00, 2.9239e-01, 
 2DIAGNOSTIC,    18, -4.346711303937e-01, 1.133692465891e-05, 9.0875e+00, 2.6077e-01, 
 2DIAGNOSTIC,    19, -4.346706063695e-01, 9.277069536268e-06, 9.3349e+00, 2.4731e-01, 
 2DIAGNOSTIC,    20, -4.346694609352e-01, 6.873128218884e-06, 9.6534e+00, 3.1858e-01, 
 2DIAGNOSTIC,    21, -4.346696729810e-01, 4.574976556745e-06, 9.8810e+00, 2.2752e-01, 
 2DIAGNOSTIC,    22, -4.346684229298e-01, 2.237856781669e-06, 1.0233e+01, 3.5185e-01, 
 2DIAGNOSTIC,    23, -4.346685092910e-01, 1.309621241702e-06, 1.0500e+01, 2.6758e-01, 
 2DIAGNOSTIC,    24, -4.346670090405e-01, 1.029074401970e-06, 1.0732e+01, 2.3113e-01, 
DIAGNOSTIC,Iteration,metricValue,convergenceValue,ITERATION_TIME_INDEX,SINCE_LAST
 2DIAGNOSTIC,     1, -4.012724621456e-01, 1.797693134862e+308, 1.3377e+01, 2.6458e+00, 
 2DIAGNOSTIC,     2, -4.014144582641e-01, 1.797693134862e+308, 1.5060e+01, 1.6825e+00, 
 2DIAGNOSTIC,     3, -4.015156533512e-01, 1.797693134862e+308, 1.6597e+01, 1.5371e+00, 
 2DIAGNOSTIC,     4, -4.015272657173e-01, 1.797693134862e+308, 1.8261e+01, 1.6644e+00, 
 2DIAGNOSTIC,     5, -4.015498697217e-01, 1.797693134862e+308, 1.9745e+01, 1.4836e+00, 
 2DIAGNOSTIC,     6, -4.015506864605e-01, 1.797693134862e+308, 2.1428e+01, 1.6833e+00, 
 2DIAGNOSTIC,     7, -4.015495047026e-01, 1.797693134862e+308, 2.3593e+01, 2.1649e+00, 
 2DIAGNOSTIC,     8, -4.015499342409e-01, 1.797693134862e+308, 2.5245e+01, 1.6522e+00, 
 2DIAGNOSTIC,     9, -4.015498966884e-01, 1.797693134862e+308, 2.7173e+01, 1.9274e+00, 
 2DIAGNOSTIC,    10, -4.015497991997e-01, 3.363604091695e-05, 3.0184e+01, 3.0107e+00, 
 2DIAGNOSTIC,    11, -4.015498859881e-01, 1.453851512680e-05, 3.4420e+01, 4.2368e+00, 
 2DIAGNOSTIC,    12, -4.015498859881e-01, 5.815449954677e-06, 3.7123e+01, 2.7028e+00, 
 2DIAGNOSTIC,    13, -4.015498859881e-01, 3.656114798328e-06, 3.8892e+01, 1.7687e+00, 
 2DIAGNOSTIC,    14, -4.015498859881e-01, 2.249382513031e-06, 4.0417e+01, 1.5253e+00, 
 2DIAGNOSTIC,    15, -4.015498859881e-01, 2.097611861915e-06, 4.1817e+01, 1.3998e+00, 
 2DIAGNOSTIC,    16, -4.015498859881e-01, 2.004728016564e-06, 4.3403e+01, 1.5864e+00, 
 2DIAGNOSTIC,    17, -4.015498859881e-01, 1.871440175306e-06, 4.5050e+01, 1.6470e+00, 
 2DIAGNOSTIC,    18, -4.015498859881e-01, 1.769893064704e-06, 4.6716e+01, 1.6653e+00, 
 2DIAGNOSTIC,    19, -4.015498859881e-01, 1.677542686693e-06, 4.8582e+01, 1.8663e+00, 
 2DIAGNOSTIC,    20, -4.015498859881e-01, 1.590589099598e-06, 5.0177e+01, 1.5952e+00, 
 2DIAGNOSTIC,    21, -4.015498859881e-01, 1.514842545805e-06, 5.1701e+01, 1.5238e+00, 
 2DIAGNOSTIC,    22, -4.015498859881e-01, 1.445982408095e-06, 5.3267e+01, 1.5655e+00, 
 2DIAGNOSTIC,    23, -4.015498859881e-01, 1.383110412763e-06, 5.4870e+01, 1.6036e+00, 
 2DIAGNOSTIC,    24, -4.015498859881e-01, 1.325478005555e-06, 5.6517e+01, 1.6462e+00, 
 2DIAGNOSTIC,    25, -4.015498859881e-01, 1.272456406479e-06, 5.8346e+01, 1.8299e+00, 
 2DIAGNOSTIC,    26, -4.015498859881e-01, 1.223513575295e-06, 6.0251e+01, 1.9041e+00, 
 2DIAGNOSTIC,    27, -4.015498859881e-01, 1.178196295970e-06, 6.1902e+01, 1.6516e+00, 
 2DIAGNOSTIC,    28, -4.015498859881e-01, 1.136116100295e-06, 6.3426e+01, 1.5237e+00, 
 2DIAGNOSTIC,    29, -4.015498859881e-01, 1.096938104045e-06, 6.5011e+01, 1.5855e+00, 
 2DIAGNOSTIC,    30, -4.015498859881e-01, 1.060372075964e-06, 6.6626e+01, 1.6152e+00, 
 2DIAGNOSTIC,    31, -4.015498859881e-01, 1.026165235431e-06, 6.8295e+01, 1.6685e+00, 
  Elapsed time (stage 0): 6.9155e+01


Total elapsed time: 6.9158e+01
Info [verificarlo]: loaded backend libinterflop_vprec.so
Info [interflop-vprec]: load backend with: 
Info [interflop-vprec]: precision-binary32 = 6
Info [interflop-vprec]: range-binary32 = 8
Info [interflop-vprec]: precision-binary64 = 6
Info [interflop-vprec]: range-binary64 = 8
Info [interflop-vprec]: mode = ob
Info [interflop-vprec]: error-mode = rel
Info [interflop-vprec]: max-abs-error-exponent = -1022
Info [interflop-vprec]: daz = false
Info [interflop-vprec]: ftz = false
Info [interflop-vprec]: 	instrument = none
Info [interflop-vprec]: 	prec-input-file = (null)
Info [interflop-vprec]: 	prec-output-file = (null)
Info [interflop-vprec]: 	prec-log-file = (null)
All_Command_lines_OK
Using double precision for computations.
=============================================================================
The composite transform comprises the following transforms (in order): 
  1. /home/mdugre/scratch/mri-registration-rp/datasets/ds004513/derivatives/mri-registration-rp/0011/antsRegistration-r8-p6/sub-s037/rigid_Composite.h5[0] (type = Euler3DTransform)
  2. /home/mdugre/scratch/mri-registration-rp/datasets/ds004513/derivatives/mri-registration-rp/0011/antsRegistration-r8-p6/sub-s037/rigid_Composite.h5[1] (type = Euler3DTransform)
  3. /home/mdugre/scratch/mri-registration-rp/datasets/ds004513/derivatives/mri-registration-rp/0011/antsRegistration-r8-p6/sub-s037/rigid_Composite.h5[2] (type = Euler3DTransform)
=============================================================================
  number of levels = 4
  fixed image: /templateflow/tpl-MNI152NLin2009cAsym/tpl-MNI152NLin2009cAsym_res-01_desc-brain_T1w.nii.gz
  moving image: /home/mdugre/scratch/mri-registration-rp/datasets/ds004513/derivatives/mri-registration-rp/antsBrainExtraction/sub-s037/BrainExtractionBrain.nii.gz
Dimension = 3
Number of stages = 1
Use histogram matching = false
Winsorize image intensities = true
  Lower quantile = 0.005
  Upper quantile = 0.995


Stage 1 State
   Image metric = MattesMI
     Fixed image = Image (0x4bdd1e0)
  RTTI typeinfo:   itk::Image<double, 3u>
  Reference Count: 2
  Modified Time: 1592
  Debug: Off
  Object Name: 
  Observers: 
    none
  Source: (none)
  Source output name: (none)
  Release Data: Off
  Data Released: False
  Global Release Data: Off
  PipelineMTime: 0
  UpdateMTime: 1203
  RealTimeStamp: 0 seconds 
  LargestPossibleRegion: 
    Dimension: 3
    Index: [0, 0, 0]
    Size: [193, 229, 193]
  BufferedRegion: 
    Dimension: 3
    Index: [0, 0, 0]
    Size: [193, 229, 193]
  RequestedRegion: 
    Dimension: 3
    Index: [0, 0, 0]
    Size: [193, 229, 193]
  Spacing: [1, 1, 1]
  Origin: [96, 132, -78]
  Direction: 
-1 0 0
0 -1 0
0 0 1

  IndexToPointMatrix: 
-1 0 0
0 -1 0
0 0 1

  PointToIndexMatrix: 
-1 0 0
0 -1 0
0 0 1

  Inverse Direction: 
-1 0 0
0 -1 0
0 0 1

  PixelContainer: 
    ImportImageContainer (0x4caa890)
      RTTI typeinfo:   itk::ImportImageContainer<unsigned long, double>
      Reference Count: 1
      Modified Time: 1200
      Debug: Off
      Object Name: 
      Observers: 
        none
      Pointer: 0x153009cb9010
      Container manages memory: true
      Size: 8530021
      Capacity: 8530021

     Moving image = Image (0x4ca9e40)
  RTTI typeinfo:   itk::Image<double, 3u>
  Reference Count: 2
  Modified Time: 1593
  Debug: Off
  Object Name: 
  Observers: 
    none
  Source: (none)
  Source output name: (none)
  Release Data: Off
  Data Released: False
  Global Release Data: Off
  PipelineMTime: 0
  UpdateMTime: 1590
  RealTimeStamp: 0 seconds 
  LargestPossibleRegion: 
    Dimension: 3
    Index: [0, 0, 0]
    Size: [160, 240, 256]
  BufferedRegion: 
    Dimension: 3
    Index: [0, 0, 0]
    Size: [160, 240, 256]
  RequestedRegion: 
    Dimension: 3
    Index: [0, 0, 0]
    Size: [160, 240, 256]
  Spacing: [1, 1, 1]
  Origin: [88, 103, -148]
  Direction: 
-1 -0.043457 -0.027832
0.043457 -1 0.0012207
-0.027832 0 1

  IndexToPointMatrix: 
-1 -0.043457 -0.027832
0.043457 -1 0.0012207
-0.027832 0 1

  PointToIndexMatrix: 
-1 0.043457 -0.027832
-0.043457 -1 0
-0.027832 0.00120544 1

  Inverse Direction: 
-1 0.043457 -0.027832
-0.043457 -1 0
-0.027832 0.00120544 1

  PixelContainer: 
    ImportImageContainer (0x4d4aa50)
      RTTI typeinfo:   itk::ImportImageContainer<unsigned long, double>
      Reference Count: 1
      Modified Time: 1587
      Debug: Off
      Object Name: 
      Observers: 
        none
      Pointer: 0x1530051b8010
      Container manages memory: true
      Size: 9830400
      Capacity: 9830400

     Weighting = 1
     Sampling strategy = regular
     Number of bins = 32
     Radius = 4
     Sampling percentage  = 0.25
   Transform = Affine
     Gradient step = 0.1
     Update field sigma (voxel space) = 0
     Total field sigma (voxel space) = 0
     Update field time sigma = 0
     Total field time sigma  = 0
     Number of time indices = 0
     Number of time point samples = 0
Registration using 1 total stages.

Stage 0
  iterations = 1000x500x250x100
  convergence threshold = 1e-06
  convergence window size = 10
  number of levels = 4
  using the Mattes MI metric (number of bins = 32, weight = 1, use gradient filter = 0)
slurmstepd: error: *** JOB 42391114 ON nc30448 CANCELLED AT 2025-04-09T23:03:42 DUE TO TIME LIMIT ***
