
##########################
# Experiment information #
##########################

EXPERIMENT_NAME: antsRegistration-r8-p21
VFC_BACKENDS: libinterflop_vprec.so --range-binary32=8 --precision-binary32=21 --range-binary64=8 --precision-binary64=21

SIF_IMG: /home/mdugre/projects/rrg-glatard/mdugre/containers/ants-vprec-no_metrics.simg

SUBJECT_ID: s020
INPUT_IMG: /home/mdugre/scratch/mri-registration-rp/datasets/ds004513/derivatives/mri-registration-rp/antsBrainExtraction/sub-s020/BrainExtractionBrain.nii.gz
OUTPUT_DIR: /home/mdugre/scratch/mri-registration-rp/datasets/ds004513/derivatives/mri-registration-rp/0011/antsRegistration-r8-p21/sub-s020

FIXED_IMG: /templateflow/tpl-MNI152NLin2009cAsym/tpl-MNI152NLin2009cAsym_res-01_desc-brain_T1w.nii.gz
DATA_DIR: /home/mdugre/scratch/mri-registration-rp/datasets/ds004513
TEMPLATEFLOW_DIR: /home/mdugre/projects/rrg-glatard/mdugre/templateflow
ITK_GLOBAL_DEFAULT_NUMBER_OF_THREADS: 16
##########################

Info [verificarlo]: loaded backend libinterflop_ieee.so
Info [interflop-ieee]: load backend with:
Info [interflop-ieee]: debug = false
Info [interflop-ieee]: debug-binary = false
Info [interflop-ieee]: no-backend-name = false
Info [interflop-ieee]: print-new-line = false
Info [interflop-ieee]: print-subnormal-normalized = false
Info [interflop-ieee]: count-op = false
All_Command_lines_OK
Using double precision for computations.
=============================================================================
The composite transform comprises the following transforms (in order): 
  1. Center of mass alignment using fixed image: /templateflow/tpl-MNI152NLin2009cAsym/tpl-MNI152NLin2009cAsym_res-01_desc-brain_T1w.nii.gz and moving image: /home/mdugre/scratch/mri-registration-rp/datasets/ds004513/derivatives/mri-registration-rp/antsBrainExtraction/sub-s020/BrainExtractionBrain.nii.gz (type = Euler3DTransform)
=============================================================================
  number of levels = 1
  fixed image: /templateflow/tpl-MNI152NLin2009cAsym/tpl-MNI152NLin2009cAsym_res-01_desc-brain_T1w.nii.gz
  moving image: /home/mdugre/scratch/mri-registration-rp/datasets/ds004513/derivatives/mri-registration-rp/antsBrainExtraction/sub-s020/BrainExtractionBrain.nii.gz
Dimension = 3
Number of stages = 1
Use histogram matching = false
Winsorize image intensities = true
  Lower quantile = 0.005
  Upper quantile = 0.995


Stage 1 State
   Image metric = MattesMI
     Fixed image = Image (0x4a9ee70)
  RTTI typeinfo:   itk::Image<double, 3u>
  Reference Count: 2
  Modified Time: 2334
  Debug: Off
  Object Name: 
  Observers: 
    none
  Source: (none)
  Source output name: (none)
  Release Data: Off
  Data Released: False
  Global Release Data: Off
  PipelineMTime: 0
  UpdateMTime: 1943
  RealTimeStamp: 0 seconds 
  LargestPossibleRegion: 
    Dimension: 3
    Index: [0, 0, 0]
    Size: [193, 229, 193]
  BufferedRegion: 
    Dimension: 3
    Index: [0, 0, 0]
    Size: [193, 229, 193]
  RequestedRegion: 
    Dimension: 3
    Index: [0, 0, 0]
    Size: [193, 229, 193]
  Spacing: [1, 1, 1]
  Origin: [96, 132, -78]
  Direction: 
-1 0 0
0 -1 0
0 0 1

  IndexToPointMatrix: 
-1 0 0
0 -1 0
0 0 1

  PointToIndexMatrix: 
-1 0 0
0 -1 0
0 0 1

  Inverse Direction: 
-1 0 0
0 -1 0
0 0 1

  PixelContainer: 
    ImportImageContainer (0x4aa7c60)
      RTTI typeinfo:   itk::ImportImageContainer<unsigned long, double>
      Reference Count: 1
      Modified Time: 1940
      Debug: Off
      Object Name: 
      Observers: 
        none
      Pointer: 0x14a5a6dce010
      Container manages memory: true
      Size: 8530021
      Capacity: 8530021

     Moving image = Image (0x4aaa610)
  RTTI typeinfo:   itk::Image<double, 3u>
  Reference Count: 2
  Modified Time: 2335
  Debug: Off
  Object Name: 
  Observers: 
    none
  Source: (none)
  Source output name: (none)
  Release Data: Off
  Data Released: False
  Global Release Data: Off
  PipelineMTime: 0
  UpdateMTime: 2332
  RealTimeStamp: 0 seconds 
  LargestPossibleRegion: 
    Dimension: 3
    Index: [0, 0, 0]
    Size: [160, 240, 256]
  BufferedRegion: 
    Dimension: 3
    Index: [0, 0, 0]
    Size: [160, 240, 256]
  RequestedRegion: 
    Dimension: 3
    Index: [0, 0, 0]
    Size: [160, 240, 256]
  Spacing: [0.999995, 1, 1]
  Origin: [87.0906, 98.7205, -152.377]
  Direction: 
-0.996975 0.0261379 -0.0731913
-0.0260677 -0.999658 -0.00191374
-0.0732163 -2.46403e-08 0.997316

  IndexToPointMatrix: 
-0.996971 0.0261379 -0.0731913
-0.0260676 -0.999658 -0.00191374
-0.0732159 -2.46403e-08 0.997316

  PointToIndexMatrix: 
-0.99698 -0.0260679 -0.0732166
0.0261379 -0.999658 -2.46993e-08
-0.0731913 -0.00191374 0.997316

  Inverse Direction: 
-0.996975 -0.0260677 -0.0732163
0.0261379 -0.999658 -2.46993e-08
-0.0731913 -0.00191374 0.997316

  PixelContainer: 
    ImportImageContainer (0x4b43ef0)
      RTTI typeinfo:   itk::ImportImageContainer<unsigned long, double>
      Reference Count: 1
      Modified Time: 2329
      Debug: Off
      Object Name: 
      Observers: 
        none
      Pointer: 0x14a5a22cd010
      Container manages memory: true
      Size: 9830400
      Capacity: 9830400

     Weighting = 1
     Sampling strategy = regular
     Number of bins = 32
     Radius = 4
     Sampling percentage  = 0.25
   Transform = Rigid
     Gradient step = 0.1
     Update field sigma (voxel space) = 0
     Total field sigma (voxel space) = 0
     Update field time sigma = 0
     Total field time sigma  = 0
     Number of time indices = 0
     Number of time point samples = 0
Registration using 1 total stages.

Stage 0
  iterations = 0
  convergence threshold = 1e-06
  convergence window size = 10
  number of levels = 1
  using the Mattes MI metric (number of bins = 32, weight = 1, use gradient filter = 0)
  preprocessing:  winsorizing the image intensities
  Shrink factors (level 1 out of 1): [1, 1, 1]
  smoothing sigmas per level: [0]
  regular sampling (percentage = 0.25)

*** Running Euler3DTransform registration ***

  Elapsed time (stage 0): 0.951517


Total elapsed time: 0.966011
Info [verificarlo]: loaded backend libinterflop_ieee.so
Info [interflop-ieee]: load backend with:
Info [interflop-ieee]: debug = false
Info [interflop-ieee]: debug-binary = false
Info [interflop-ieee]: no-backend-name = false
Info [interflop-ieee]: print-new-line = false
Info [interflop-ieee]: print-subnormal-normalized = false
Info [interflop-ieee]: count-op = false
All_Command_lines_OK
Using double precision for computations.
=============================================================================
The composite transform comprises the following transforms (in order): 
  1. /home/mdugre/scratch/mri-registration-rp/datasets/ds004513/derivatives/mri-registration-rp/0011/antsRegistration-r8-p21/sub-s020/align_Composite.h5[0] (type = Euler3DTransform)
  2. /home/mdugre/scratch/mri-registration-rp/datasets/ds004513/derivatives/mri-registration-rp/0011/antsRegistration-r8-p21/sub-s020/align_Composite.h5[1] (type = Euler3DTransform)
=============================================================================
  number of levels = 4
  fixed image: /templateflow/tpl-MNI152NLin2009cAsym/tpl-MNI152NLin2009cAsym_res-01_desc-brain_T1w.nii.gz
  moving image: /home/mdugre/scratch/mri-registration-rp/datasets/ds004513/derivatives/mri-registration-rp/antsBrainExtraction/sub-s020/BrainExtractionBrain.nii.gz
Dimension = 3
Number of stages = 1
Use histogram matching = false
Winsorize image intensities = true
  Lower quantile = 0.005
  Upper quantile = 0.995


Stage 1 State
   Image metric = MattesMI
     Fixed image = Image (0x34ff530)
  RTTI typeinfo:   itk::Image<double, 3u>
  Reference Count: 2
  Modified Time: 1580
  Debug: Off
  Object Name: 
  Observers: 
    none
  Source: (none)
  Source output name: (none)
  Release Data: Off
  Data Released: False
  Global Release Data: Off
  PipelineMTime: 0
  UpdateMTime: 1189
  RealTimeStamp: 0 seconds 
  LargestPossibleRegion: 
    Dimension: 3
    Index: [0, 0, 0]
    Size: [193, 229, 193]
  BufferedRegion: 
    Dimension: 3
    Index: [0, 0, 0]
    Size: [193, 229, 193]
  RequestedRegion: 
    Dimension: 3
    Index: [0, 0, 0]
    Size: [193, 229, 193]
  Spacing: [1, 1, 1]
  Origin: [96, 132, -78]
  Direction: 
-1 0 0
0 -1 0
0 0 1

  IndexToPointMatrix: 
-1 0 0
0 -1 0
0 0 1

  PointToIndexMatrix: 
-1 0 0
0 -1 0
0 0 1

  Inverse Direction: 
-1 0 0
0 -1 0
0 0 1

  PixelContainer: 
    ImportImageContainer (0x35bdd60)
      RTTI typeinfo:   itk::ImportImageContainer<unsigned long, double>
      Reference Count: 1
      Modified Time: 1186
      Debug: Off
      Object Name: 
      Observers: 
        none
      Pointer: 0x1467013b5010
      Container manages memory: true
      Size: 8530021
      Capacity: 8530021

     Moving image = Image (0x35aff60)
  RTTI typeinfo:   itk::Image<double, 3u>
  Reference Count: 2
  Modified Time: 1581
  Debug: Off
  Object Name: 
  Observers: 
    none
  Source: (none)
  Source output name: (none)
  Release Data: Off
  Data Released: False
  Global Release Data: Off
  PipelineMTime: 0
  UpdateMTime: 1578
  RealTimeStamp: 0 seconds 
  LargestPossibleRegion: 
    Dimension: 3
    Index: [0, 0, 0]
    Size: [160, 240, 256]
  BufferedRegion: 
    Dimension: 3
    Index: [0, 0, 0]
    Size: [160, 240, 256]
  RequestedRegion: 
    Dimension: 3
    Index: [0, 0, 0]
    Size: [160, 240, 256]
  Spacing: [0.999995, 1, 1]
  Origin: [87.0906, 98.7205, -152.377]
  Direction: 
-0.996975 0.0261379 -0.0731913
-0.0260677 -0.999658 -0.00191374
-0.0732163 -2.46403e-08 0.997316

  IndexToPointMatrix: 
-0.996971 0.0261379 -0.0731913
-0.0260676 -0.999658 -0.00191374
-0.0732159 -2.46403e-08 0.997316

  PointToIndexMatrix: 
-0.99698 -0.0260679 -0.0732166
0.0261379 -0.999658 -2.46993e-08
-0.0731913 -0.00191374 0.997316

  Inverse Direction: 
-0.996975 -0.0260677 -0.0732163
0.0261379 -0.999658 -2.46993e-08
-0.0731913 -0.00191374 0.997316

  PixelContainer: 
    ImportImageContainer (0x35a16d0)
      RTTI typeinfo:   itk::ImportImageContainer<unsigned long, double>
      Reference Count: 1
      Modified Time: 1575
      Debug: Off
      Object Name: 
      Observers: 
        none
      Pointer: 0x1466fc8b4010
      Container manages memory: true
      Size: 9830400
      Capacity: 9830400

     Weighting = 1
     Sampling strategy = regular
     Number of bins = 32
     Radius = 4
     Sampling percentage  = 0.25
   Transform = Rigid
     Gradient step = 0.1
     Update field sigma (voxel space) = 0
     Total field sigma (voxel space) = 0
     Update field time sigma = 0
     Total field time sigma  = 0
     Number of time indices = 0
     Number of time point samples = 0
Registration using 1 total stages.

Stage 0
  iterations = 1000x500x250x100
  convergence threshold = 1e-06
  convergence window size = 10
  number of levels = 4
  using the Mattes MI metric (number of bins = 32, weight = 1, use gradient filter = 0)
  preprocessing:  winsorizing the image intensities
  Shrink factors (level 1 out of 4): [8, 8, 8]
  Shrink factors (level 2 out of 4): [4, 4, 4]
  Shrink factors (level 3 out of 4): [2, 2, 2]
  Shrink factors (level 4 out of 4): [1, 1, 1]
  smoothing sigmas per level: [3, 2, 1, 0]
  regular sampling (percentage = 0.25)

*** Running Euler3DTransform registration ***

DIAGNOSTIC,Iteration,metricValue,convergenceValue,ITERATION_TIME_INDEX,SINCE_LAST
 2DIAGNOSTIC,     1, -3.791273390751e-01, 1.797693134862e+308, 8.2559e-01, 8.2559e-01, 
 2DIAGNOSTIC,     2, -3.803606001643e-01, 1.797693134862e+308, 8.2927e-01, 3.6840e-03, 
 2DIAGNOSTIC,     3, -3.828962034719e-01, 1.797693134862e+308, 8.3288e-01, 3.6051e-03, 
 2DIAGNOSTIC,     4, -3.876122532015e-01, 1.797693134862e+308, 8.3666e-01, 3.7782e-03, 
 2DIAGNOSTIC,     5, -3.904935334081e-01, 1.797693134862e+308, 8.4082e-01, 4.1661e-03, 
 2DIAGNOSTIC,     6, -3.911039700181e-01, 1.797693134862e+308, 8.4461e-01, 3.7818e-03, 
 2DIAGNOSTIC,     7, -3.914905453856e-01, 1.797693134862e+308, 8.4812e-01, 3.5141e-03, 
 2DIAGNOSTIC,     8, -3.925629083064e-01, 1.797693134862e+308, 8.5154e-01, 3.4249e-03, 
 2DIAGNOSTIC,     9, -3.981570789235e-01, 1.797693134862e+308, 8.5486e-01, 3.3190e-03, 
 2DIAGNOSTIC,    10, -4.079218556696e-01, 3.866687266231e-03, 8.5901e-01, 4.1449e-03, 
 2DIAGNOSTIC,    11, -4.246779602407e-01, 4.904320352957e-03, 8.6291e-01, 3.9001e-03, 
 2DIAGNOSTIC,    12, -4.297045200929e-01, 5.673254149497e-03, 8.6668e-01, 3.7761e-03, 
 2DIAGNOSTIC,    13, -4.335692915516e-01, 6.156954111681e-03, 8.7109e-01, 4.4081e-03, 
 2DIAGNOSTIC,    14, -4.439932007374e-01, 6.764094567470e-03, 8.7445e-01, 3.3598e-03, 
 2DIAGNOSTIC,    15, -4.466217674558e-01, 6.904768051231e-03, 8.7851e-01, 4.0541e-03, 
 2DIAGNOSTIC,    16, -4.513528166461e-01, 6.619270361422e-03, 8.8562e-01, 7.1170e-03, 
 2DIAGNOSTIC,    17, -4.528510994146e-01, 5.844785612500e-03, 8.8972e-01, 4.0979e-03, 
 2DIAGNOSTIC,    18, -4.555717392027e-01, 4.777374781479e-03, 8.9500e-01, 5.2819e-03, 
 2DIAGNOSTIC,    19, -4.559551099709e-01, 3.601534533374e-03, 8.9860e-01, 3.6008e-03, 
 2DIAGNOSTIC,    20, -4.573566764039e-01, 2.586717504589e-03, 9.0376e-01, 5.1520e-03, 
 2DIAGNOSTIC,    21, -4.575250208335e-01, 1.982979548583e-03, 9.0716e-01, 3.3991e-03, 
 2DIAGNOSTIC,    22, -4.577284252360e-01, 1.415648956649e-03, 9.1095e-01, 3.7992e-03, 
 2DIAGNOSTIC,    23, -4.579446228187e-01, 8.825901223873e-04, 9.1436e-01, 3.4080e-03, 
 2DIAGNOSTIC,    24, -4.580221738078e-01, 6.077394523558e-04, 9.1773e-01, 3.3629e-03, 
 2DIAGNOSTIC,    25, -4.581755508955e-01, 3.715343683612e-04, 9.2098e-01, 3.2542e-03, 
 2DIAGNOSTIC,    26, -4.586246038748e-01, 2.524004685394e-04, 9.2432e-01, 3.3379e-03, 
 2DIAGNOSTIC,    27, -4.589286038896e-01, 1.618374987746e-04, 9.2926e-01, 4.9469e-03, 
 2DIAGNOSTIC,    28, -4.591714207290e-01, 1.332299220187e-04, 9.3257e-01, 3.3059e-03, 
 2DIAGNOSTIC,    29, -4.592803547892e-01, 1.047379894281e-04, 9.3642e-01, 3.8500e-03, 
 2DIAGNOSTIC,    30, -4.597210020182e-01, 1.089913390734e-04, 9.4107e-01, 4.6518e-03, 
 2DIAGNOSTIC,    31, -4.598052559156e-01, 1.077274738063e-04, 9.4452e-01, 3.4442e-03, 
 2DIAGNOSTIC,    32, -4.606509599993e-01, 1.178513296901e-04, 9.4837e-01, 3.8590e-03, 
 2DIAGNOSTIC,    33, -4.611102983413e-01, 1.293787475681e-04, 9.5178e-01, 3.4051e-03, 
 2DIAGNOSTIC,    34, -4.611910881799e-01, 1.310669919554e-04, 9.5533e-01, 3.5450e-03, 
 2DIAGNOSTIC,    35, -4.615628767206e-01, 1.301704946039e-04, 9.5922e-01, 3.8910e-03, 
 2DIAGNOSTIC,    36, -4.621296850721e-01, 1.352135586186e-04, 9.6359e-01, 4.3690e-03, 
 2DIAGNOSTIC,    37, -4.627557725923e-01, 1.431110321496e-04, 9.6714e-01, 3.5591e-03, 
 2DIAGNOSTIC,    38, -4.631648258902e-01, 1.479661118996e-04, 9.7105e-01, 3.9048e-03, 
 2DIAGNOSTIC,    39, -4.636171027592e-01, 1.479336680077e-04, 9.7451e-01, 3.4630e-03, 
 2DIAGNOSTIC,    40, -4.642591460674e-01, 1.515581044701e-04, 9.7854e-01, 4.0309e-03, 
 2DIAGNOSTIC,    41, -4.686717849971e-01, 2.109084838933e-04, 9.8214e-01, 3.5939e-03, 
 2DIAGNOSTIC,    42, -4.892078975442e-01, 5.731048806180e-04, 9.8644e-01, 4.3039e-03, 
 2DIAGNOSTIC,    43, -4.990528995628e-01, 1.007855323221e-03, 9.9086e-01, 4.4200e-03, 
 2DIAGNOSTIC,    44, -4.999553204207e-01, 1.339115312548e-03, 9.9476e-01, 3.9010e-03, 
 2DIAGNOSTIC,    45, -5.012153235325e-01, 1.554888188955e-03, 1.0083e+00, 1.3558e-02, 
 2DIAGNOSTIC,    46, -5.012153400162e-01, 1.619329571709e-03, 1.0119e+00, 3.5341e-03, 
 2DIAGNOSTIC,    47, -5.012183535659e-01, 1.529711847900e-03, 1.0151e+00, 3.2389e-03, 
 2DIAGNOSTIC,    48, -5.012232971906e-01, 1.301558022157e-03, 1.0184e+00, 3.2659e-03, 
 2DIAGNOSTIC,    49, -5.012310655505e-01, 9.694183708530e-04, 1.0216e+00, 3.2630e-03, 
 2DIAGNOSTIC,    50, -5.012430877998e-01, 5.709121934822e-04, 1.0249e+00, 3.3162e-03, 
 2DIAGNOSTIC,    51, -5.012613182222e-01, 1.842070426766e-04, 1.0282e+00, 3.2120e-03, 
 2DIAGNOSTIC,    52, -5.012843899284e-01, 4.175220060618e-05, 1.0315e+00, 3.3221e-03, 
 2DIAGNOSTIC,    53, -5.013089518605e-01, 1.792287053017e-05, 1.0349e+00, 3.4082e-03, 
 2DIAGNOSTIC,    54, -5.013278187317e-01, 3.667047998351e-06, 1.0383e+00, 3.4330e-03, 
 2DIAGNOSTIC,    55, -5.013450497466e-01, 4.195534816721e-06, 1.0426e+00, 4.2548e-03, 
 2DIAGNOSTIC,    56, -5.014475727755e-01, 5.501156745951e-06, 1.0477e+00, 5.1310e-03, 
 2DIAGNOSTIC,    57, -5.016038917425e-01, 7.997300038039e-06, 1.0512e+00, 3.5019e-03, 
 2DIAGNOSTIC,    58, -5.020795646892e-01, 1.480243540380e-05, 1.0555e+00, 4.2770e-03, 
 2DIAGNOSTIC,    59, -5.021363861230e-01, 2.056246042167e-05, 1.0593e+00, 3.7980e-03, 
 2DIAGNOSTIC,    60, -5.021527431951e-01, 2.454989509705e-05, 1.0628e+00, 3.5100e-03, 
 2DIAGNOSTIC,    61, -5.020929814778e-01, 2.572705373200e-05, 1.0662e+00, 3.4349e-03, 
 2DIAGNOSTIC,    62, -5.021235232772e-01, 2.495741675924e-05, 1.0697e+00, 3.4971e-03, 
 2DIAGNOSTIC,    63, -5.022638527421e-01, 2.339625342250e-05, 1.0741e+00, 4.3499e-03, 
 2DIAGNOSTIC,    64, -5.023533009895e-01, 2.069340537415e-05, 1.0784e+00, 4.3778e-03, 
 2DIAGNOSTIC,    65, -5.023427041850e-01, 1.626279179433e-05, 1.0823e+00, 3.8860e-03, 
 2DIAGNOSTIC,    66, -5.023984488407e-01, 1.199877833916e-05, 1.0858e+00, 3.4571e-03, 
 2DIAGNOSTIC,    67, -5.024074211172e-01, 8.155050175530e-06, 1.0893e+00, 3.4800e-03, 
 2DIAGNOSTIC,    68, -5.024205244696e-01, 8.055365770667e-06, 1.0927e+00, 3.4211e-03, 
 2DIAGNOSTIC,    69, -5.025219054768e-01, 8.616241515675e-06, 1.0966e+00, 3.9310e-03, 
 2DIAGNOSTIC,    70, -5.025277827248e-01, 8.584378584319e-06, 1.1023e+00, 5.6779e-03, 
 2DIAGNOSTIC,    71, -5.025305565691e-01, 7.306419574984e-06, 1.1057e+00, 3.4451e-03, 
 2DIAGNOSTIC,    72, -5.025311741220e-01, 5.657181847973e-06, 1.1093e+00, 3.5429e-03, 
 2DIAGNOSTIC,    73, -5.025351495319e-01, 4.741815014923e-06, 1.1127e+00, 3.4442e-03, 
 2DIAGNOSTIC,    74, -5.025406564406e-01, 4.215886557992e-06, 1.1162e+00, 3.4361e-03, 
 2DIAGNOSTIC,    75, -5.025540418535e-01, 3.350598689281e-06, 1.1196e+00, 3.4530e-03, 
 2DIAGNOSTIC,    76, -5.027587735455e-01, 4.321143924645e-06, 1.1254e+00, 5.7380e-03, 
 2DIAGNOSTIC,    77, -5.027686894080e-01, 5.002984200054e-06, 1.1289e+00, 3.5119e-03, 
 2DIAGNOSTIC,    78, -5.027010460808e-01, 4.798775160866e-06, 1.1323e+00, 3.4590e-03, 
 2DIAGNOSTIC,    79, -5.027209830467e-01, 5.148106073214e-06, 1.1358e+00, 3.4978e-03, 
 2DIAGNOSTIC,    80, -5.028011031648e-01, 5.666070856494e-06, 1.1392e+00, 3.4192e-03, 
 2DIAGNOSTIC,    81, -5.030369038622e-01, 7.395407318441e-06, 1.1438e+00, 4.5509e-03, 
 2DIAGNOSTIC,    82, -5.031921643316e-01, 9.510115507436e-06, 1.1495e+00, 5.7111e-03, 
 2DIAGNOSTIC,    83, -5.033218561359e-01, 1.169336166591e-05, 1.1531e+00, 3.5629e-03, 
 2DIAGNOSTIC,    84, -5.033906458678e-01, 1.329230900026e-05, 1.1570e+00, 3.9001e-03, 
 2DIAGNOSTIC,    85, -5.035810932603e-01, 1.500072658331e-05, 1.1623e+00, 5.3000e-03, 
 2DIAGNOSTIC,    86, -5.036359563404e-01, 1.701605290983e-05, 1.1658e+00, 3.4921e-03, 
 2DIAGNOSTIC,    87, -5.037786332999e-01, 1.844009507464e-05, 1.1692e+00, 3.3948e-03, 
 2DIAGNOSTIC,    88, -5.038075100474e-01, 1.782677230781e-05, 1.1725e+00, 3.3388e-03, 
 2DIAGNOSTIC,    89, -5.038482599417e-01, 1.596878548673e-05, 1.1759e+00, 3.3760e-03, 
 2DIAGNOSTIC,    90, -5.038686484917e-01, 1.328516494188e-05, 1.1806e+00, 4.6890e-03, 
 2DIAGNOSTIC,    91, -5.038842054048e-01, 1.104919352898e-05, 1.1843e+00, 3.7501e-03, 
 2DIAGNOSTIC,    92, -5.038886313425e-01, 8.859374017936e-06, 1.1881e+00, 3.7889e-03, 
 2DIAGNOSTIC,    93, -5.038942387772e-01, 6.772435198320e-06, 1.1916e+00, 3.5160e-03, 
 2DIAGNOSTIC,    94, -5.039037468147e-01, 4.590891338944e-06, 1.1952e+00, 3.5601e-03, 
 2DIAGNOSTIC,    95, -5.040368499397e-01, 4.085213690840e-06, 1.1992e+00, 4.0090e-03, 
 2DIAGNOSTIC,    96, -5.040087489550e-01, 3.352702239483e-06, 1.2039e+00, 4.7581e-03, 
 2DIAGNOSTIC,    97, -5.040943417558e-01, 3.766292034418e-06, 1.2074e+00, 3.4771e-03, 
 2DIAGNOSTIC,    98, -5.041168089651e-01, 4.144169290139e-06, 1.2108e+00, 3.3860e-03, 
 2DIAGNOSTIC,    99, -5.041254312671e-01, 4.437239047290e-06, 1.2142e+00, 3.3500e-03, 
 2DIAGNOSTIC,   100, -5.041363384509e-01, 4.507881406775e-06, 1.2181e+00, 3.9251e-03, 
 2DIAGNOSTIC,   101, -5.041502476183e-01, 4.346577211673e-06, 1.2241e+00, 6.0580e-03, 
 2DIAGNOSTIC,   102, -5.041507168510e-01, 3.832035634381e-06, 1.2276e+00, 3.4289e-03, 
 2DIAGNOSTIC,   103, -5.041521661051e-01, 3.032466930218e-06, 1.2310e+00, 3.4549e-03, 
 2DIAGNOSTIC,   104, -5.041536114386e-01, 2.033501144860e-06, 1.2347e+00, 3.6769e-03, 
 2DIAGNOSTIC,   105, -5.041545538675e-01, 1.658957385284e-06, 1.2388e+00, 4.0770e-03, 
DIAGNOSTIC,Iteration,metricValue,convergenceValue,ITERATION_TIME_INDEX,SINCE_LAST
 2DIAGNOSTIC,     1, -4.088052376734e-01, 1.797693134862e+308, 1.9008e+00, 6.6203e-01, 
 2DIAGNOSTIC,     2, -4.091558575558e-01, 1.797693134862e+308, 1.9223e+00, 2.1535e-02, 
 2DIAGNOSTIC,     3, -4.096427503892e-01, 1.797693134862e+308, 1.9432e+00, 2.0852e-02, 
 2DIAGNOSTIC,     4, -4.104216060704e-01, 1.797693134862e+308, 1.9644e+00, 2.1196e-02, 
 2DIAGNOSTIC,     5, -4.120307398778e-01, 1.797693134862e+308, 1.9898e+00, 2.5379e-02, 
 2DIAGNOSTIC,     6, -4.124527831280e-01, 1.797693134862e+308, 2.0124e+00, 2.2638e-02, 
 2DIAGNOSTIC,     7, -4.125613680694e-01, 1.797693134862e+308, 2.0354e+00, 2.2940e-02, 
 2DIAGNOSTIC,     8, -4.133073611037e-01, 1.797693134862e+308, 2.0616e+00, 2.6223e-02, 
 2DIAGNOSTIC,     9, -4.146949167327e-01, 1.797693134862e+308, 2.1152e+00, 5.3589e-02, 
 2DIAGNOSTIC,    10, -4.147272068839e-01, 9.972398381194e-04, 2.1410e+00, 2.5795e-02, 
 2DIAGNOSTIC,    11, -4.147140984597e-01, 8.565925147057e-04, 2.1635e+00, 2.2545e-02, 
 2DIAGNOSTIC,    12, -4.147452977734e-01, 6.871829043879e-04, 2.1862e+00, 2.2690e-02, 
 2DIAGNOSTIC,    13, -4.147631309084e-01, 5.081704260916e-04, 2.2119e+00, 2.5695e-02, 
 2DIAGNOSTIC,    14, -4.148281031442e-01, 3.472147853062e-04, 2.2380e+00, 2.6092e-02, 
 2DIAGNOSTIC,    15, -4.148575764701e-01, 2.513102204924e-04, 2.2609e+00, 2.2933e-02, 
 2DIAGNOSTIC,    16, -4.149017917053e-01, 1.659000155110e-04, 2.2870e+00, 2.6070e-02, 
 2DIAGNOSTIC,    17, -4.149375739059e-01, 8.115843654517e-05, 2.3129e+00, 2.5897e-02, 
 2DIAGNOSTIC,    18, -4.149784688468e-01, 2.708503945834e-05, 2.3357e+00, 2.2869e-02, 
 2DIAGNOSTIC,    19, -4.150557247877e-01, 2.933828955202e-05, 2.3589e+00, 2.3125e-02, 
 2DIAGNOSTIC,    20, -4.151266185462e-01, 3.230862442542e-05, 2.3830e+00, 2.4178e-02, 
 2DIAGNOSTIC,    21, -4.153258743090e-01, 3.819299255618e-05, 2.4106e+00, 2.7506e-02, 
 2DIAGNOSTIC,    22, -4.157679739425e-01, 5.478249952851e-05, 2.4414e+00, 3.0797e-02, 
 2DIAGNOSTIC,    23, -4.158295600790e-01, 6.697726387813e-05, 2.4658e+00, 2.4412e-02, 
 2DIAGNOSTIC,    24, -4.163101214789e-01, 8.776716189535e-05, 2.4932e+00, 2.7413e-02, 
 2DIAGNOSTIC,    25, -4.168974038280e-01, 1.154792177012e-04, 2.5177e+00, 2.4515e-02, 
 2DIAGNOSTIC,    26, -4.173314539042e-01, 1.425442548263e-04, 2.5431e+00, 2.5380e-02, 
 2DIAGNOSTIC,    27, -4.175162027454e-01, 1.597571451343e-04, 2.5669e+00, 2.3813e-02, 
 2DIAGNOSTIC,    28, -4.180322326280e-01, 1.745852730353e-04, 2.6071e+00, 4.0176e-02, 
 2DIAGNOSTIC,    29, -4.180370636521e-01, 1.737488237783e-04, 2.6280e+00, 2.0908e-02, 
 2DIAGNOSTIC,    30, -4.181197197240e-01, 1.600741486371e-04, 2.6515e+00, 2.3538e-02, 
 2DIAGNOSTIC,    31, -4.181649540687e-01, 1.374655224164e-04, 2.6722e+00, 2.0685e-02, 
 2DIAGNOSTIC,    32, -4.181840553432e-01, 1.133763300844e-04, 2.6956e+00, 2.3406e-02, 
 2DIAGNOSTIC,    33, -4.182214511441e-01, 8.199756652683e-05, 2.7244e+00, 2.8770e-02, 
 2DIAGNOSTIC,    34, -4.182130463180e-01, 5.407759890310e-05, 2.7477e+00, 2.3328e-02, 
 2DIAGNOSTIC,    35, -4.182198791767e-01, 3.429431949840e-05, 2.7711e+00, 2.3353e-02, 
 2DIAGNOSTIC,    36, -4.182048616166e-01, 2.041668609560e-05, 2.7946e+00, 2.3549e-02, 
 2DIAGNOSTIC,    37, -4.182026994987e-01, 8.561760999292e-06, 2.8179e+00, 2.3318e-02, 
 2DIAGNOSTIC,    38, -4.181996298960e-01, 5.856796259824e-06, 2.8384e+00, 2.0476e-02, 
 2DIAGNOSTIC,    39, -4.181914950139e-01, 2.725565966769e-06, 2.8591e+00, 2.0710e-02, 
DIAGNOSTIC,Iteration,metricValue,convergenceValue,ITERATION_TIME_INDEX,SINCE_LAST
 2DIAGNOSTIC,     1, -3.581210537072e-01, 1.797693134862e+308, 3.7900e+00, 9.3086e-01, 
 2DIAGNOSTIC,     2, -3.584011387217e-01, 1.797693134862e+308, 3.9571e+00, 1.6714e-01, 
 2DIAGNOSTIC,     3, -3.587342107071e-01, 1.797693134862e+308, 4.1270e+00, 1.6986e-01, 
 2DIAGNOSTIC,     4, -3.589696624027e-01, 1.797693134862e+308, 4.2989e+00, 1.7195e-01, 
 2DIAGNOSTIC,     5, -3.590815109314e-01, 1.797693134862e+308, 4.4768e+00, 1.7792e-01, 
 2DIAGNOSTIC,     6, -3.591982756677e-01, 1.797693134862e+308, 4.6439e+00, 1.6704e-01, 
 2DIAGNOSTIC,     7, -3.595071063651e-01, 1.797693134862e+308, 4.8338e+00, 1.8995e-01, 
 2DIAGNOSTIC,     8, -3.605560586251e-01, 1.797693134862e+308, 5.2028e+00, 3.6902e-01, 
 2DIAGNOSTIC,     9, -3.605658223823e-01, 1.797693134862e+308, 5.3673e+00, 1.6450e-01, 
 2DIAGNOSTIC,    10, -3.606300073570e-01, 4.736907208750e-04, 5.5377e+00, 1.7039e-01, 
 2DIAGNOSTIC,    11, -3.607454784233e-01, 4.240906280781e-04, 5.7107e+00, 1.7300e-01, 
 2DIAGNOSTIC,    12, -3.607703725291e-01, 3.640027183566e-04, 5.9291e+00, 2.1839e-01, 
 2DIAGNOSTIC,    13, -3.607737891648e-01, 2.997644574833e-04, 6.1373e+00, 2.0816e-01, 
 2DIAGNOSTIC,    14, -3.607753158357e-01, 2.311566713746e-04, 6.3827e+00, 2.4541e-01, 
 2DIAGNOSTIC,    15, -3.607739571543e-01, 1.575068900521e-04, 6.5664e+00, 1.8372e-01, 
 2DIAGNOSTIC,    16, -3.607740063642e-01, 8.469270700684e-05, 6.7929e+00, 2.2648e-01, 
 2DIAGNOSTIC,    17, -3.607728792921e-01, 2.576061933508e-05, 6.9797e+00, 1.8685e-01, 
 2DIAGNOSTIC,    18, -3.607711283824e-01, 1.721270944422e-05, 7.1746e+00, 1.9486e-01, 
 2DIAGNOSTIC,    19, -3.607700643503e-01, 8.495489708493e-06, 7.3498e+00, 1.7521e-01, 
 2DIAGNOSTIC,    20, -3.607704702713e-01, 2.450978176985e-06, 7.5362e+00, 1.8639e-01, 
 2DIAGNOSTIC,    21, -3.607707277900e-01, 1.226725096649e-06, 7.7297e+00, 1.9354e-01, 
DIAGNOSTIC,Iteration,metricValue,convergenceValue,ITERATION_TIME_INDEX,SINCE_LAST
 2DIAGNOSTIC,     1, -3.316474327605e-01, 1.797693134862e+308, 9.8339e+00, 2.1042e+00, 
 2DIAGNOSTIC,     2, -3.317107264800e-01, 1.797693134862e+308, 1.0941e+01, 1.1067e+00, 
 2DIAGNOSTIC,     3, -3.317551467676e-01, 1.797693134862e+308, 1.2226e+01, 1.2855e+00, 
 2DIAGNOSTIC,     4, -3.317661486426e-01, 1.797693134862e+308, 1.3629e+01, 1.4026e+00, 
 2DIAGNOSTIC,     5, -3.317715121032e-01, 1.797693134862e+308, 1.4771e+01, 1.1427e+00, 
 2DIAGNOSTIC,     6, -3.317915064757e-01, 1.797693134862e+308, 1.5876e+01, 1.1044e+00, 
 2DIAGNOSTIC,     7, -3.318268236195e-01, 1.797693134862e+308, 1.7007e+01, 1.1312e+00, 
 2DIAGNOSTIC,     8, -3.319119043036e-01, 1.797693134862e+308, 1.8186e+01, 1.1795e+00, 
 2DIAGNOSTIC,     9, -3.319815729786e-01, 1.797693134862e+308, 1.9589e+01, 1.4022e+00, 
 2DIAGNOSTIC,    10, -3.320246804005e-01, 6.789538858631e-05, 2.1303e+01, 1.7146e+00, 
 2DIAGNOSTIC,    11, -3.320299086382e-01, 6.341162577649e-05, 2.2320e+01, 1.0164e+00, 
 2DIAGNOSTIC,    12, -3.320399796973e-01, 5.944676765911e-05, 2.3363e+01, 1.0433e+00, 
 2DIAGNOSTIC,    13, -3.320441285172e-01, 5.407973426962e-05, 2.4451e+01, 1.0884e+00, 
 2DIAGNOSTIC,    14, -3.320471729996e-01, 4.559408900925e-05, 2.5465e+01, 1.0138e+00, 
 2DIAGNOSTIC,    15, -3.320512274402e-01, 3.484366358338e-05, 2.6615e+01, 1.1499e+00, 
 2DIAGNOSTIC,    16, -3.320551229083e-01, 2.376106195513e-05, 2.7935e+01, 1.3197e+00, 
 2DIAGNOSTIC,    17, -3.320950685680e-01, 1.571313399149e-05, 2.9184e+01, 1.2489e+00, 
 2DIAGNOSTIC,    18, -3.321063263376e-01, 1.174307865413e-05, 3.0604e+01, 1.4200e+00, 
 2DIAGNOSTIC,    19, -3.321146495830e-01, 1.074229783003e-05, 3.2127e+01, 1.5230e+00, 
 2DIAGNOSTIC,    20, -3.321154030026e-01, 1.089789570313e-05, 3.3796e+01, 1.6689e+00, 
 2DIAGNOSTIC,    21, -3.321153100904e-01, 1.037461924450e-05, 3.5206e+01, 1.4101e+00, 
 2DIAGNOSTIC,    22, -3.321153101012e-01, 9.440385799316e-06, 3.6453e+01, 1.2472e+00, 
 2DIAGNOSTIC,    23, -3.321152191713e-01, 7.978095326322e-06, 3.7704e+01, 1.2510e+00, 
 2DIAGNOSTIC,    24, -3.321151804482e-01, 6.140977587381e-06, 3.8796e+01, 1.0920e+00, 
 2DIAGNOSTIC,    25, -3.321150925260e-01, 4.152050556233e-06, 3.9980e+01, 1.1838e+00, 
 2DIAGNOSTIC,    26, -3.321150833048e-01, 2.144547185834e-06, 4.1032e+01, 1.0528e+00, 
 2DIAGNOSTIC,    27, -3.321151820935e-01, 1.462086277271e-06, 4.2675e+01, 1.6424e+00, 
 2DIAGNOSTIC,    28, -3.321152017949e-01, 1.139300041413e-06, 4.3853e+01, 1.1778e+00, 
 2DIAGNOSTIC,    29, -3.321150843183e-01, 1.080128902091e-06, 4.4967e+01, 1.1143e+00, 
 2DIAGNOSTIC,    30, -3.321150527041e-01, 1.047352415399e-06, 4.6065e+01, 1.0979e+00, 
 2DIAGNOSTIC,    31, -3.321150462711e-01, 1.015161014098e-06, 4.7597e+01, 1.5319e+00, 
  Elapsed time (stage 0): 4.8264e+01


Total elapsed time: 4.8279e+01
Info [verificarlo]: loaded backend libinterflop_vprec.so
Info [interflop-vprec]: load backend with: 
Info [interflop-vprec]: precision-binary32 = 21
Info [interflop-vprec]: range-binary32 = 8
Info [interflop-vprec]: precision-binary64 = 21
Info [interflop-vprec]: range-binary64 = 8
Info [interflop-vprec]: mode = ob
Info [interflop-vprec]: error-mode = rel
Info [interflop-vprec]: max-abs-error-exponent = -1022
Info [interflop-vprec]: daz = false
Info [interflop-vprec]: ftz = false
Info [interflop-vprec]: 	instrument = none
Info [interflop-vprec]: 	prec-input-file = (null)
Info [interflop-vprec]: 	prec-output-file = (null)
Info [interflop-vprec]: 	prec-log-file = (null)
All_Command_lines_OK
Using double precision for computations.
=============================================================================
The composite transform comprises the following transforms (in order): 
  1. /home/mdugre/scratch/mri-registration-rp/datasets/ds004513/derivatives/mri-registration-rp/0011/antsRegistration-r8-p21/sub-s020/rigid_Composite.h5[0] (type = Euler3DTransform)
  2. /home/mdugre/scratch/mri-registration-rp/datasets/ds004513/derivatives/mri-registration-rp/0011/antsRegistration-r8-p21/sub-s020/rigid_Composite.h5[1] (type = Euler3DTransform)
  3. /home/mdugre/scratch/mri-registration-rp/datasets/ds004513/derivatives/mri-registration-rp/0011/antsRegistration-r8-p21/sub-s020/rigid_Composite.h5[2] (type = Euler3DTransform)
=============================================================================
  number of levels = 4
  fixed image: /templateflow/tpl-MNI152NLin2009cAsym/tpl-MNI152NLin2009cAsym_res-01_desc-brain_T1w.nii.gz
  moving image: /home/mdugre/scratch/mri-registration-rp/datasets/ds004513/derivatives/mri-registration-rp/antsBrainExtraction/sub-s020/BrainExtractionBrain.nii.gz
Dimension = 3
Number of stages = 1
Use histogram matching = false
Winsorize image intensities = true
  Lower quantile = 0.005
  Upper quantile = 0.995


Stage 1 State
   Image metric = MattesMI
     Fixed image = Image (0x473d490)
  RTTI typeinfo:   itk::Image<double, 3u>
  Reference Count: 2
  Modified Time: 1594
  Debug: Off
  Object Name: 
  Observers: 
    none
  Source: (none)
  Source output name: (none)
  Release Data: Off
  Data Released: False
  Global Release Data: Off
  PipelineMTime: 0
  UpdateMTime: 1203
  RealTimeStamp: 0 seconds 
  LargestPossibleRegion: 
    Dimension: 3
    Index: [0, 0, 0]
    Size: [193, 229, 193]
  BufferedRegion: 
    Dimension: 3
    Index: [0, 0, 0]
    Size: [193, 229, 193]
  RequestedRegion: 
    Dimension: 3
    Index: [0, 0, 0]
    Size: [193, 229, 193]
  Spacing: [1, 1, 1]
  Origin: [96, 132, -78]
  Direction: 
-1 0 0
0 -1 0
0 0 1

  IndexToPointMatrix: 
-1 0 0
0 -1 0
0 0 1

  PointToIndexMatrix: 
-1 0 0
0 -1 0
0 0 1

  Inverse Direction: 
-1 0 0
0 -1 0
0 0 1

  PixelContainer: 
    ImportImageContainer (0x48088c0)
      RTTI typeinfo:   itk::ImportImageContainer<unsigned long, double>
      Reference Count: 1
      Modified Time: 1200
      Debug: Off
      Object Name: 
      Observers: 
        none
      Pointer: 0x14dac3e9b010
      Container manages memory: true
      Size: 8530021
      Capacity: 8530021

     Moving image = Image (0x47f8b60)
  RTTI typeinfo:   itk::Image<double, 3u>
  Reference Count: 2
  Modified Time: 1595
  Debug: Off
  Object Name: 
  Observers: 
    none
  Source: (none)
  Source output name: (none)
  Release Data: Off
  Data Released: False
  Global Release Data: Off
  PipelineMTime: 0
  UpdateMTime: 1592
  RealTimeStamp: 0 seconds 
  LargestPossibleRegion: 
    Dimension: 3
    Index: [0, 0, 0]
    Size: [160, 240, 256]
  BufferedRegion: 
    Dimension: 3
    Index: [0, 0, 0]
    Size: [160, 240, 256]
  RequestedRegion: 
    Dimension: 3
    Index: [0, 0, 0]
    Size: [160, 240, 256]
  Spacing: [0.999995, 1, 1]
  Origin: [87.0906, 98.7205, -152.377]
  Direction: 
-0.996975 0.0261379 -0.0731913
-0.0260677 -0.999658 -0.00191374
-0.0732163 -2.46403e-08 0.997316

  IndexToPointMatrix: 
-0.996971 0.0261379 -0.0731913
-0.0260676 -0.999658 -0.00191374
-0.0732159 -2.46403e-08 0.997316

  PointToIndexMatrix: 
-0.99698 -0.0260679 -0.0732166
0.0261379 -0.999658 -2.53785e-08
-0.0731913 -0.00191374 0.997316

  Inverse Direction: 
-0.996975 -0.0260677 -0.0732163
0.0261379 -0.999658 -2.53785e-08
-0.0731913 -0.00191374 0.997316

  PixelContainer: 
    ImportImageContainer (0x488c1d0)
      RTTI typeinfo:   itk::ImportImageContainer<unsigned long, double>
      Reference Count: 1
      Modified Time: 1589
      Debug: Off
      Object Name: 
      Observers: 
        none
      Pointer: 0x14dabf39a010
      Container manages memory: true
      Size: 9830400
      Capacity: 9830400

     Weighting = 1
     Sampling strategy = regular
     Number of bins = 32
     Radius = 4
     Sampling percentage  = 0.25
   Transform = Affine
     Gradient step = 0.1
     Update field sigma (voxel space) = 0
     Total field sigma (voxel space) = 0
     Update field time sigma = 0
     Total field time sigma  = 0
     Number of time indices = 0
     Number of time point samples = 0
Registration using 1 total stages.

Stage 0
  iterations = 1000x500x250x100
  convergence threshold = 1e-06
  convergence window size = 10
  number of levels = 4
  using the Mattes MI metric (number of bins = 32, weight = 1, use gradient filter = 0)
  preprocessing:  winsorizing the image intensities
  Shrink factors (level 1 out of 4): [8, 8, 8]
  Shrink factors (level 2 out of 4): [4, 4, 4]
  Shrink factors (level 3 out of 4): [2, 2, 2]
  Shrink factors (level 4 out of 4): [1, 1, 1]
  smoothing sigmas per level: [3, 2, 1, 0]
  regular sampling (percentage = 0.25)

*** Running AffineTransform registration ***

DIAGNOSTIC,Iteration,metricValue,convergenceValue,ITERATION_TIME_INDEX,SINCE_LAST
 2DIAGNOSTIC,     1, -5.088795609048e-01, 1.797693134862e+308, 0.0000e+00, 0.0000e+00, 
 2DIAGNOSTIC,     2, -5.106622531478e-01, 1.797693134862e+308, 0.0000e+00, 0.0000e+00, 
 2DIAGNOSTIC,     3, -5.131194785944e-01, 1.797693134862e+308, 0.0000e+00, 0.0000e+00, 
 2DIAGNOSTIC,     4, -5.177805594625e-01, 1.797693134862e+308, 0.0000e+00, 0.0000e+00, 
 2DIAGNOSTIC,     5, -5.253878777258e-01, 1.797693134862e+308, 0.0000e+00, 0.0000e+00, 
 2DIAGNOSTIC,     6, -5.447411391897e-01, 1.797693134862e+308, 0.0000e+00, 0.0000e+00, 
 2DIAGNOSTIC,     7, -5.938557651199e-01, 1.797693134862e+308, 0.0000e+00, 0.0000e+00, 
 2DIAGNOSTIC,     8, -6.928696346238e-01, 1.797693134862e+308, 0.0000e+00, 0.0000e+00, 
 2DIAGNOSTIC,     9, -7.328562121921e-01, 1.797693134862e+308, 0.0000e+00, 0.0000e+00, 
 2DIAGNOSTIC,    10, -7.510589176620e-01, 2.900745015991e-02, 0.0000e+00, 0.0000e+00, 
 2DIAGNOSTIC,    11, -7.897126246007e-01, 3.081180110577e-02, 0.0000e+00, 0.0000e+00, 
 2DIAGNOSTIC,    12, -8.157912410450e-01, 3.044015168059e-02, 0.0000e+00, 0.0000e+00, 
 2DIAGNOSTIC,    13, -8.320092025330e-01, 2.798171142282e-02, 0.0000e+00, 0.0000e+00, 
 2DIAGNOSTIC,    14, -8.410104639707e-01, 2.388767708897e-02, 0.0000e+00, 0.0000e+00, 
 2DIAGNOSTIC,    15, -8.460840866233e-01, 1.873211540081e-02, 0.0000e+00, 0.0000e+00, 
 2DIAGNOSTIC,    16, -8.485146870193e-01, 1.325342398215e-02, 0.0000e+00, 0.0000e+00, 
 2DIAGNOSTIC,    17, -8.487379737727e-01, 8.500957365360e-03, 0.0000e+00, 0.0000e+00, 
 2DIAGNOSTIC,    18, -8.488535674994e-01, 5.844804724100e-03, 0.0000e+00, 0.0000e+00, 
 2DIAGNOSTIC,    19, -8.489665334472e-01, 3.843100252555e-03, 0.0000e+00, 0.0000e+00, 
 2DIAGNOSTIC,    20, -8.489670607884e-01, 2.076114990102e-03, 0.0000e+00, 0.0000e+00, 
 2DIAGNOSTIC,    21, -8.489854816828e-01, 1.034956104488e-03, 0.0000e+00, 0.0000e+00, 
 2DIAGNOSTIC,    22, -8.492282144225e-01, 4.725845741750e-04, 0.0000e+00, 0.0000e+00, 
 2DIAGNOSTIC,    23, -8.491871524661e-01, 1.940329954500e-04, 0.0000e+00, 0.0000e+00, 
 2DIAGNOSTIC,    24, -8.492460138016e-01, 6.841756042545e-05, 0.0000e+00, 0.0000e+00, 
 2DIAGNOSTIC,    25, -8.492095404876e-01, 2.446880527986e-05, 0.0000e+00, 0.0000e+00, 
 2DIAGNOSTIC,    26, -8.492710019993e-01, 1.876995299298e-05, 0.0000e+00, 0.0000e+00, 
 2DIAGNOSTIC,    27, -8.491913614685e-01, 1.384194642572e-05, 0.0000e+00, 0.0000e+00, 
 2DIAGNOSTIC,    28, -8.491473708136e-01, 9.091605168772e-06, 0.0000e+00, 0.0000e+00, 
 2DIAGNOSTIC,    29, -8.492953519081e-01, 7.423379274528e-06, 0.0000e+00, 0.0000e+00, 
 2DIAGNOSTIC,    30, -8.493878593191e-01, 6.406982653542e-06, 0.0000e+00, 0.0000e+00, 
 2DIAGNOSTIC,    31, -8.495398486807e-01, 6.919201864644e-06, 0.0000e+00, 0.0000e+00, 
 2DIAGNOSTIC,    32, -8.497483586153e-01, 1.211597725758e-05, 0.0000e+00, 0.0000e+00, 
 2DIAGNOSTIC,    33, -8.498506356895e-01, 1.657379829956e-05, 0.0000e+00, 0.0000e+00, 
 2DIAGNOSTIC,    34, -8.500903005378e-01, 2.251732288171e-05, 0.0000e+00, 0.0000e+00, 
 2DIAGNOSTIC,    35, -8.503563008969e-01, 2.837909994985e-05, 0.0000e+00, 0.0000e+00, 
 2DIAGNOSTIC,    36, -8.504521068030e-01, 3.286517438142e-05, 0.0000e+00, 0.0000e+00, 
 2DIAGNOSTIC,    37, -8.505330115825e-01, 3.411470078480e-05, 0.0000e+00, 0.0000e+00, 
 2DIAGNOSTIC,    38, -8.505528313498e-01, 3.190005185765e-05, 0.0000e+00, 0.0000e+00, 
 2DIAGNOSTIC,    39, -8.502561062664e-01, 2.546515086566e-05, 0.0000e+00, 0.0000e+00, 
 2DIAGNOSTIC,    40, -8.501867647573e-01, 1.729020237405e-05, 0.0000e+00, 0.0000e+00, 
 2DIAGNOSTIC,    41, -8.499752825673e-01, 7.413249445882e-06, 0.0000e+00, 0.0000e+00, 
DIAGNOSTIC,Iteration,metricValue,convergenceValue,ITERATION_TIME_INDEX,SINCE_LAST
 2DIAGNOSTIC,     1, -7.148597366681e-01, 1.797693134862e+308, 0.0000e+00, 0.0000e+00, 
 2DIAGNOSTIC,     2, -7.152170489999e-01, 1.797693134862e+308, 0.0000e+00, 0.0000e+00, 
 2DIAGNOSTIC,     3, -7.154372315718e-01, 1.797693134862e+308, 0.0000e+00, 0.0000e+00, 
 2DIAGNOSTIC,     4, -7.155191429696e-01, 1.797693134862e+308, 0.0000e+00, 0.0000e+00, 
 2DIAGNOSTIC,     5, -7.154674937553e-01, 1.797693134862e+308, 0.0000e+00, 0.0000e+00, 
 2DIAGNOSTIC,     6, -7.154044649485e-01, 1.797693134862e+308, 0.0000e+00, 0.0000e+00, 
 2DIAGNOSTIC,     7, -7.153859697225e-01, 1.797693134862e+308, 0.0000e+00, 0.0000e+00, 
 2DIAGNOSTIC,     8, -7.154007321243e-01, 1.797693134862e+308, 0.0000e+00, 0.0000e+00, 
 2DIAGNOSTIC,     9, -7.153609436094e-01, 1.797693134862e+308, 0.0000e+00, 0.0000e+00, 
 2DIAGNOSTIC,    10, -7.153640169011e-01, 2.431296481832e-05, 0.0000e+00, 0.0000e+00, 
DIAGNOSTIC,Iteration,metricValue,convergenceValue,ITERATION_TIME_INDEX,SINCE_LAST
 2DIAGNOSTIC,     1, -5.946893343788e-01, 1.797693134862e+308, 0.0000e+00, 0.0000e+00, 
 2DIAGNOSTIC,     2, -5.950591871361e-01, 1.797693134862e+308, 0.0000e+00, 0.0000e+00, 
 2DIAGNOSTIC,     3, -5.953817062209e-01, 1.797693134862e+308, 0.0000e+00, 0.0000e+00, 
 2DIAGNOSTIC,     4, -5.957652938059e-01, 1.797693134862e+308, 0.0000e+00, 0.0000e+00, 
 2DIAGNOSTIC,     5, -5.966952308863e-01, 1.797693134862e+308, 0.0000e+00, 0.0000e+00, 
 2DIAGNOSTIC,     6, -5.968372574056e-01, 1.797693134862e+308, 0.0000e+00, 0.0000e+00, 
 2DIAGNOSTIC,     7, -5.968825500963e-01, 1.797693134862e+308, 0.0000e+00, 0.0000e+00, 
 2DIAGNOSTIC,     8, -5.968969877399e-01, 1.797693134862e+308, 0.0000e+00, 0.0000e+00, 
 2DIAGNOSTIC,     9, -5.969084053978e-01, 1.797693134862e+308, 0.0000e+00, 0.0000e+00, 
