
##########################
# Experiment information #
##########################

EXPERIMENT_NAME: antsRegistration-r7-p23
VFC_BACKENDS: libinterflop_vprec.so --range-binary32=7 --precision-binary32=23 --range-binary64=7 --precision-binary64=23

SIF_IMG: /home/mdugre/projects/rrg-glatard/mdugre/containers/ants-vprec-no_metrics.simg

SUBJECT_ID: s035
INPUT_IMG: /home/mdugre/scratch/mri-registration-rp/datasets/ds004513/derivatives/mri-registration-rp/antsBrainExtraction/sub-s035/BrainExtractionBrain.nii.gz
OUTPUT_DIR: /home/mdugre/scratch/mri-registration-rp/datasets/ds004513/derivatives/mri-registration-rp/0011/antsRegistration-r7-p23/sub-s035

FIXED_IMG: /templateflow/tpl-MNI152NLin2009cAsym/tpl-MNI152NLin2009cAsym_res-01_desc-brain_T1w.nii.gz
DATA_DIR: /home/mdugre/scratch/mri-registration-rp/datasets/ds004513
TEMPLATEFLOW_DIR: /home/mdugre/projects/rrg-glatard/mdugre/templateflow
ITK_GLOBAL_DEFAULT_NUMBER_OF_THREADS: 16
##########################

Info [verificarlo]: loaded backend libinterflop_ieee.so
Info [interflop-ieee]: load backend with:
Info [interflop-ieee]: debug = false
Info [interflop-ieee]: debug-binary = false
Info [interflop-ieee]: no-backend-name = false
Info [interflop-ieee]: print-new-line = false
Info [interflop-ieee]: print-subnormal-normalized = false
Info [interflop-ieee]: count-op = false
All_Command_lines_OK
Using double precision for computations.
=============================================================================
The composite transform comprises the following transforms (in order): 
  1. Center of mass alignment using fixed image: /templateflow/tpl-MNI152NLin2009cAsym/tpl-MNI152NLin2009cAsym_res-01_desc-brain_T1w.nii.gz and moving image: /home/mdugre/scratch/mri-registration-rp/datasets/ds004513/derivatives/mri-registration-rp/antsBrainExtraction/sub-s035/BrainExtractionBrain.nii.gz (type = Euler3DTransform)
=============================================================================
  number of levels = 1
  fixed image: /templateflow/tpl-MNI152NLin2009cAsym/tpl-MNI152NLin2009cAsym_res-01_desc-brain_T1w.nii.gz
  moving image: /home/mdugre/scratch/mri-registration-rp/datasets/ds004513/derivatives/mri-registration-rp/antsBrainExtraction/sub-s035/BrainExtractionBrain.nii.gz
Dimension = 3
Number of stages = 1
Use histogram matching = false
Winsorize image intensities = true
  Lower quantile = 0.005
  Upper quantile = 0.995


Stage 1 State
   Image metric = MattesMI
     Fixed image = Image (0x39b8e70)
  RTTI typeinfo:   itk::Image<double, 3u>
  Reference Count: 2
  Modified Time: 2330
  Debug: Off
  Object Name: 
  Observers: 
    none
  Source: (none)
  Source output name: (none)
  Release Data: Off
  Data Released: False
  Global Release Data: Off
  PipelineMTime: 0
  UpdateMTime: 1941
  RealTimeStamp: 0 seconds 
  LargestPossibleRegion: 
    Dimension: 3
    Index: [0, 0, 0]
    Size: [193, 229, 193]
  BufferedRegion: 
    Dimension: 3
    Index: [0, 0, 0]
    Size: [193, 229, 193]
  RequestedRegion: 
    Dimension: 3
    Index: [0, 0, 0]
    Size: [193, 229, 193]
  Spacing: [1, 1, 1]
  Origin: [96, 132, -78]
  Direction: 
-1 0 0
0 -1 0
0 0 1

  IndexToPointMatrix: 
-1 0 0
0 -1 0
0 0 1

  PointToIndexMatrix: 
-1 0 0
0 -1 0
0 0 1

  Inverse Direction: 
-1 0 0
0 -1 0
0 0 1

  PixelContainer: 
    ImportImageContainer (0x39c1c60)
      RTTI typeinfo:   itk::ImportImageContainer<unsigned long, double>
      Reference Count: 1
      Modified Time: 1938
      Debug: Off
      Object Name: 
      Observers: 
        none
      Pointer: 0x1509d7c78010
      Container manages memory: true
      Size: 8530021
      Capacity: 8530021

     Moving image = Image (0x3a55ec0)
  RTTI typeinfo:   itk::Image<double, 3u>
  Reference Count: 2
  Modified Time: 2331
  Debug: Off
  Object Name: 
  Observers: 
    none
  Source: (none)
  Source output name: (none)
  Release Data: Off
  Data Released: False
  Global Release Data: Off
  PipelineMTime: 0
  UpdateMTime: 2328
  RealTimeStamp: 0 seconds 
  LargestPossibleRegion: 
    Dimension: 3
    Index: [0, 0, 0]
    Size: [160, 240, 256]
  BufferedRegion: 
    Dimension: 3
    Index: [0, 0, 0]
    Size: [160, 240, 256]
  RequestedRegion: 
    Dimension: 3
    Index: [0, 0, 0]
    Size: [160, 240, 256]
  Spacing: [1, 1, 1]
  Origin: [98.6438, 87.6358, -117.989]
  Direction: 
-0.993515 -0.100993 -0.0522355
0.100854 -0.994887 0.00530255
-0.0525039 1.93537e-08 0.998621

  IndexToPointMatrix: 
-0.993515 -0.100993 -0.0522355
0.100854 -0.994887 0.00530255
-0.0525039 1.93537e-08 0.998621

  PointToIndexMatrix: 
-0.993515 0.100854 -0.0525039
-0.100993 -0.994887 1.93006e-08
-0.0522355 0.00530255 0.998621

  Inverse Direction: 
-0.993515 0.100854 -0.0525039
-0.100993 -0.994887 1.93006e-08
-0.0522355 0.00530255 0.998621

  PixelContainer: 
    ImportImageContainer (0x3aed610)
      RTTI typeinfo:   itk::ImportImageContainer<unsigned long, double>
      Reference Count: 1
      Modified Time: 2325
      Debug: Off
      Object Name: 
      Observers: 
        none
      Pointer: 0x1509d3177010
      Container manages memory: true
      Size: 9830400
      Capacity: 9830400

     Weighting = 1
     Sampling strategy = regular
     Number of bins = 32
     Radius = 4
     Sampling percentage  = 0.25
   Transform = Rigid
     Gradient step = 0.1
     Update field sigma (voxel space) = 0
     Total field sigma (voxel space) = 0
     Update field time sigma = 0
     Total field time sigma  = 0
     Number of time indices = 0
     Number of time point samples = 0
Registration using 1 total stages.

Stage 0
  iterations = 0
  convergence threshold = 1e-06
  convergence window size = 10
  number of levels = 1
  using the Mattes MI metric (number of bins = 32, weight = 1, use gradient filter = 0)
  preprocessing:  winsorizing the image intensities
  Shrink factors (level 1 out of 1): [1, 1, 1]
  smoothing sigmas per level: [0]
  regular sampling (percentage = 0.25)

*** Running Euler3DTransform registration ***

  Elapsed time (stage 0): 1.12962


Total elapsed time: 1.13194
Info [verificarlo]: loaded backend libinterflop_ieee.so
Info [interflop-ieee]: load backend with:
Info [interflop-ieee]: debug = false
Info [interflop-ieee]: debug-binary = false
Info [interflop-ieee]: no-backend-name = false
Info [interflop-ieee]: print-new-line = false
Info [interflop-ieee]: print-subnormal-normalized = false
Info [interflop-ieee]: count-op = false
All_Command_lines_OK
Using double precision for computations.
=============================================================================
The composite transform comprises the following transforms (in order): 
  1. /home/mdugre/scratch/mri-registration-rp/datasets/ds004513/derivatives/mri-registration-rp/0011/antsRegistration-r7-p23/sub-s035/align_Composite.h5[0] (type = Euler3DTransform)
  2. /home/mdugre/scratch/mri-registration-rp/datasets/ds004513/derivatives/mri-registration-rp/0011/antsRegistration-r7-p23/sub-s035/align_Composite.h5[1] (type = Euler3DTransform)
=============================================================================
  number of levels = 4
  fixed image: /templateflow/tpl-MNI152NLin2009cAsym/tpl-MNI152NLin2009cAsym_res-01_desc-brain_T1w.nii.gz
  moving image: /home/mdugre/scratch/mri-registration-rp/datasets/ds004513/derivatives/mri-registration-rp/antsBrainExtraction/sub-s035/BrainExtractionBrain.nii.gz
Dimension = 3
Number of stages = 1
Use histogram matching = false
Winsorize image intensities = true
  Lower quantile = 0.005
  Upper quantile = 0.995


Stage 1 State
   Image metric = MattesMI
     Fixed image = Image (0x51d9530)
  RTTI typeinfo:   itk::Image<double, 3u>
  Reference Count: 2
  Modified Time: 1578
  Debug: Off
  Object Name: 
  Observers: 
    none
  Source: (none)
  Source output name: (none)
  Release Data: Off
  Data Released: False
  Global Release Data: Off
  PipelineMTime: 0
  UpdateMTime: 1189
  RealTimeStamp: 0 seconds 
  LargestPossibleRegion: 
    Dimension: 3
    Index: [0, 0, 0]
    Size: [193, 229, 193]
  BufferedRegion: 
    Dimension: 3
    Index: [0, 0, 0]
    Size: [193, 229, 193]
  RequestedRegion: 
    Dimension: 3
    Index: [0, 0, 0]
    Size: [193, 229, 193]
  Spacing: [1, 1, 1]
  Origin: [96, 132, -78]
  Direction: 
-1 0 0
0 -1 0
0 0 1

  IndexToPointMatrix: 
-1 0 0
0 -1 0
0 0 1

  PointToIndexMatrix: 
-1 0 0
0 -1 0
0 0 1

  Inverse Direction: 
-1 0 0
0 -1 0
0 0 1

  PixelContainer: 
    ImportImageContainer (0x5297d60)
      RTTI typeinfo:   itk::ImportImageContainer<unsigned long, double>
      Reference Count: 1
      Modified Time: 1186
      Debug: Off
      Object Name: 
      Observers: 
        none
      Pointer: 0x14ee49438010
      Container manages memory: true
      Size: 8530021
      Capacity: 8530021

     Moving image = Image (0x5289f60)
  RTTI typeinfo:   itk::Image<double, 3u>
  Reference Count: 2
  Modified Time: 1579
  Debug: Off
  Object Name: 
  Observers: 
    none
  Source: (none)
  Source output name: (none)
  Release Data: Off
  Data Released: False
  Global Release Data: Off
  PipelineMTime: 0
  UpdateMTime: 1576
  RealTimeStamp: 0 seconds 
  LargestPossibleRegion: 
    Dimension: 3
    Index: [0, 0, 0]
    Size: [160, 240, 256]
  BufferedRegion: 
    Dimension: 3
    Index: [0, 0, 0]
    Size: [160, 240, 256]
  RequestedRegion: 
    Dimension: 3
    Index: [0, 0, 0]
    Size: [160, 240, 256]
  Spacing: [1, 1, 1]
  Origin: [98.6438, 87.6358, -117.989]
  Direction: 
-0.993515 -0.100993 -0.0522355
0.100854 -0.994887 0.00530255
-0.0525039 1.93537e-08 0.998621

  IndexToPointMatrix: 
-0.993515 -0.100993 -0.0522355
0.100854 -0.994887 0.00530255
-0.0525039 1.93537e-08 0.998621

  PointToIndexMatrix: 
-0.993515 0.100854 -0.0525039
-0.100993 -0.994887 1.93006e-08
-0.0522355 0.00530255 0.998621

  Inverse Direction: 
-0.993515 0.100854 -0.0525039
-0.100993 -0.994887 1.93006e-08
-0.0522355 0.00530255 0.998621

  PixelContainer: 
    ImportImageContainer (0x527b6d0)
      RTTI typeinfo:   itk::ImportImageContainer<unsigned long, double>
      Reference Count: 1
      Modified Time: 1573
      Debug: Off
      Object Name: 
      Observers: 
        none
      Pointer: 0x14ee44937010
      Container manages memory: true
      Size: 9830400
      Capacity: 9830400

     Weighting = 1
     Sampling strategy = regular
     Number of bins = 32
     Radius = 4
     Sampling percentage  = 0.25
   Transform = Rigid
     Gradient step = 0.1
     Update field sigma (voxel space) = 0
     Total field sigma (voxel space) = 0
     Update field time sigma = 0
     Total field time sigma  = 0
     Number of time indices = 0
     Number of time point samples = 0
Registration using 1 total stages.

Stage 0
  iterations = 1000x500x250x100
  convergence threshold = 1e-06
  convergence window size = 10
  number of levels = 4
  using the Mattes MI metric (number of bins = 32, weight = 1, use gradient filter = 0)
  preprocessing:  winsorizing the image intensities
  Shrink factors (level 1 out of 4): [8, 8, 8]
  Shrink factors (level 2 out of 4): [4, 4, 4]
  Shrink factors (level 3 out of 4): [2, 2, 2]
  Shrink factors (level 4 out of 4): [1, 1, 1]
  smoothing sigmas per level: [3, 2, 1, 0]
  regular sampling (percentage = 0.25)

*** Running Euler3DTransform registration ***

DIAGNOSTIC,Iteration,metricValue,convergenceValue,ITERATION_TIME_INDEX,SINCE_LAST
 2DIAGNOSTIC,     1, -5.238630234552e-01, 1.797693134862e+308, 7.5916e-01, 7.5916e-01, 
 2DIAGNOSTIC,     2, -5.257885820767e-01, 1.797693134862e+308, 7.6445e-01, 5.2891e-03, 
 2DIAGNOSTIC,     3, -5.278597554839e-01, 1.797693134862e+308, 7.6994e-01, 5.4932e-03, 
 2DIAGNOSTIC,     4, -5.302176117225e-01, 1.797693134862e+308, 7.7637e-01, 6.4299e-03, 
 2DIAGNOSTIC,     5, -5.343462816845e-01, 1.797693134862e+308, 7.8226e-01, 5.8851e-03, 
 2DIAGNOSTIC,     6, -5.399239396740e-01, 1.797693134862e+308, 7.8812e-01, 5.8560e-03, 
 2DIAGNOSTIC,     7, -5.490554822001e-01, 1.797693134862e+308, 7.9322e-01, 5.1069e-03, 
 2DIAGNOSTIC,     8, -5.545204224448e-01, 1.797693134862e+308, 7.9963e-01, 6.4042e-03, 
 2DIAGNOSTIC,     9, -5.601437715553e-01, 1.797693134862e+308, 8.0463e-01, 5.0042e-03, 
 2DIAGNOSTIC,    10, -5.617741193774e-01, 5.067640484485e-03, 8.0988e-01, 5.2459e-03, 
 2DIAGNOSTIC,    11, -5.649562249041e-01, 4.796539612083e-03, 8.1622e-01, 6.3419e-03, 
 2DIAGNOSTIC,    12, -5.658710903081e-01, 4.260783098155e-03, 8.2197e-01, 5.7549e-03, 
 2DIAGNOSTIC,    13, -5.662828333056e-01, 3.524744036646e-03, 8.2708e-01, 5.1048e-03, 
 2DIAGNOSTIC,    14, -5.685908474577e-01, 2.751340472953e-03, 8.3322e-01, 6.1390e-03, 
 2DIAGNOSTIC,    15, -5.732745043306e-01, 2.134644679428e-03, 8.4082e-01, 7.6010e-03, 
 2DIAGNOSTIC,    16, -5.738084427845e-01, 1.591333148336e-03, 8.4703e-01, 6.2089e-03, 
 2DIAGNOSTIC,    17, -5.739093703465e-01, 1.247363567739e-03, 8.5197e-01, 4.9381e-03, 
 2DIAGNOSTIC,    18, -5.745773598458e-01, 1.002163966315e-03, 8.5697e-01, 5.0011e-03, 
 2DIAGNOSTIC,    19, -5.752045522723e-01, 8.579763081923e-04, 8.6211e-01, 5.1470e-03, 
 2DIAGNOSTIC,    20, -5.755578777727e-01, 6.955845773877e-04, 8.6712e-01, 5.0058e-03, 
 2DIAGNOSTIC,    21, -5.761681227725e-01, 5.767135182711e-04, 8.7273e-01, 5.6059e-03, 
 2DIAGNOSTIC,    22, -5.775610178281e-01, 4.707067062549e-04, 8.7807e-01, 5.3408e-03, 
 2DIAGNOSTIC,    23, -5.801876522133e-01, 3.965856196835e-04, 8.8324e-01, 5.1780e-03, 
 2DIAGNOSTIC,    24, -5.873578871765e-01, 4.881452204023e-04, 8.9443e-01, 1.1186e-02, 
 2DIAGNOSTIC,    25, -5.924052233487e-01, 7.199711435374e-04, 9.0163e-01, 7.1981e-03, 
 2DIAGNOSTIC,    26, -5.933789722538e-01, 8.944842700723e-04, 9.0859e-01, 6.9609e-03, 
 2DIAGNOSTIC,    27, -5.948140362557e-01, 1.002036484491e-03, 9.1457e-01, 5.9860e-03, 
 2DIAGNOSTIC,    28, -5.954370004543e-01, 1.029952320926e-03, 9.1982e-01, 5.2459e-03, 
 2DIAGNOSTIC,    29, -5.955619965624e-01, 9.699000563518e-04, 9.2512e-01, 5.2969e-03, 
 2DIAGNOSTIC,    30, -5.960977142438e-01, 8.366692960376e-04, 9.3049e-01, 5.3768e-03, 
 2DIAGNOSTIC,    31, -5.971105016172e-01, 6.606986235963e-04, 9.3660e-01, 6.1052e-03, 
 2DIAGNOSTIC,    32, -5.989728413275e-01, 4.853112632244e-04, 9.4447e-01, 7.8669e-03, 
 2DIAGNOSTIC,    33, -5.996340171349e-01, 3.222359249611e-04, 9.4926e-01, 4.7929e-03, 
 2DIAGNOSTIC,    34, -5.997688324994e-01, 2.443793018451e-04, 9.5427e-01, 5.0130e-03, 
 2DIAGNOSTIC,    35, -5.999328162937e-01, 2.224308793816e-04, 9.6065e-01, 6.3770e-03, 
 2DIAGNOSTIC,    36, -6.001598298699e-01, 1.965988113516e-04, 9.6549e-01, 4.8411e-03, 
 2DIAGNOSTIC,    37, -6.004938013109e-01, 1.767006124064e-04, 9.7097e-01, 5.4801e-03, 
 2DIAGNOSTIC,    38, -6.008280010390e-01, 1.536048167848e-04, 9.7575e-01, 4.7748e-03, 
 2DIAGNOSTIC,    39, -6.038559363849e-01, 1.574331429845e-04, 9.8183e-01, 6.0871e-03, 
 2DIAGNOSTIC,    40, -6.077047299985e-01, 1.993081206587e-04, 9.8709e-01, 5.2621e-03, 
 2DIAGNOSTIC,    41, -6.174632796177e-01, 3.481388218172e-04, 9.9408e-01, 6.9809e-03, 
 2DIAGNOSTIC,    42, -6.161978067675e-01, 4.608910322325e-04, 1.0050e+00, 1.0954e-02, 
 2DIAGNOSTIC,    43, -6.161564781908e-01, 5.335376480623e-04, 1.0106e+00, 5.5699e-03, 
 2DIAGNOSTIC,    44, -6.170772453945e-01, 5.644827608997e-04, 1.0161e+00, 5.5420e-03, 
 2DIAGNOSTIC,    45, -6.185357459230e-01, 5.560482679379e-04, 1.0220e+00, 5.8241e-03, 
 2DIAGNOSTIC,    46, -6.206472716818e-01, 5.180564481604e-04, 1.0273e+00, 5.3349e-03, 
 2DIAGNOSTIC,    47, -6.234100484271e-01, 4.649608333737e-04, 1.0328e+00, 5.4679e-03, 
 2DIAGNOSTIC,    48, -6.282459786272e-01, 4.232184913034e-04, 1.0381e+00, 5.2891e-03, 
 2DIAGNOSTIC,    49, -6.332856836478e-01, 4.219350886134e-04, 1.0436e+00, 5.5921e-03, 
 2DIAGNOSTIC,    50, -6.437673158944e-01, 5.158693648103e-04, 1.0491e+00, 5.4650e-03, 
 2DIAGNOSTIC,    51, -6.567709933172e-01, 7.709763463249e-04, 1.0545e+00, 5.3561e-03, 
 2DIAGNOSTIC,    52, -6.630139302888e-01, 9.856108111011e-04, 1.0604e+00, 5.8970e-03, 
 2DIAGNOSTIC,    53, -6.637658014703e-01, 1.103854316380e-03, 1.0655e+00, 5.1260e-03, 
 2DIAGNOSTIC,    54, -6.646848033764e-01, 1.129224227791e-03, 1.0774e+00, 1.1877e-02, 
 2DIAGNOSTIC,    55, -6.699954330627e-01, 1.103369711115e-03, 1.0970e+00, 1.9645e-02, 
 2DIAGNOSTIC,    56, -6.720089663606e-01, 1.005089263543e-03, 1.1052e+00, 8.1718e-03, 
 2DIAGNOSTIC,    57, -6.720481392069e-01, 8.375232183766e-04, 1.1107e+00, 5.5561e-03, 
 2DIAGNOSTIC,    58, -6.725919309013e-01, 6.425658643393e-04, 1.1187e+00, 7.9138e-03, 
 2DIAGNOSTIC,    59, -6.729036254425e-01, 4.360789373504e-04, 1.1249e+00, 6.2182e-03, 
 2DIAGNOSTIC,    60, -6.731488672704e-01, 2.773038896163e-04, 1.1299e+00, 5.0290e-03, 
 2DIAGNOSTIC,    61, -6.734259002841e-01, 1.993309102472e-04, 1.1355e+00, 5.6200e-03, 
 2DIAGNOSTIC,    62, -6.739132006582e-01, 1.568962595655e-04, 1.1411e+00, 5.5969e-03, 
 2DIAGNOSTIC,    63, -6.762842913971e-01, 1.247266411054e-04, 1.1486e+00, 7.4720e-03, 
 2DIAGNOSTIC,    64, -6.766381317408e-01, 8.969397548361e-05, 1.1538e+00, 5.2378e-03, 
 2DIAGNOSTIC,    65, -6.771214957220e-01, 8.898289042595e-05, 1.1613e+00, 7.4320e-03, 
 2DIAGNOSTIC,    66, -6.778536951268e-01, 9.953404784260e-05, 1.1674e+00, 6.0952e-03, 
 2DIAGNOSTIC,    67, -6.792268551971e-01, 1.098309061828e-04, 1.1748e+00, 7.4229e-03, 
 2DIAGNOSTIC,    68, -6.807680324794e-01, 1.231388154879e-04, 1.1826e+00, 7.7770e-03, 
 2DIAGNOSTIC,    69, -6.815198878450e-01, 1.312159354964e-04, 1.1877e+00, 5.1310e-03, 
 2DIAGNOSTIC,    70, -6.818103939384e-01, 1.303102787783e-04, 1.1948e+00, 7.0810e-03, 
 2DIAGNOSTIC,    71, -6.820509616577e-01, 1.205015252551e-04, 1.2011e+00, 6.2940e-03, 
 2DIAGNOSTIC,    72, -6.822316410371e-01, 1.032393680482e-04, 1.2063e+00, 5.2080e-03, 
 2DIAGNOSTIC,    73, -6.825798645890e-01, 9.372140232930e-05, 1.2129e+00, 6.5901e-03, 
 2DIAGNOSTIC,    74, -6.826264235423e-01, 7.797269760375e-05, 1.2176e+00, 4.7550e-03, 
 2DIAGNOSTIC,    75, -6.826914820345e-01, 5.871153071704e-05, 1.2225e+00, 4.9090e-03, 
 2DIAGNOSTIC,    76, -6.828123667015e-01, 3.951769114022e-05, 1.2275e+00, 4.9460e-03, 
 2DIAGNOSTIC,    77, -6.832345093749e-01, 2.762989862312e-05, 1.2330e+00, 5.5430e-03, 
 2DIAGNOSTIC,    78, -6.838171254746e-01, 2.580921372200e-05, 1.2406e+00, 7.5400e-03, 
 2DIAGNOSTIC,    79, -6.837375799600e-01, 2.542087717254e-05, 1.2457e+00, 5.1401e-03, 
 2DIAGNOSTIC,    80, -6.837940451977e-01, 2.471282366862e-05, 1.2508e+00, 5.1100e-03, 
 2DIAGNOSTIC,    81, -6.839726023184e-01, 2.406962563569e-05, 1.2559e+00, 5.1329e-03, 
 2DIAGNOSTIC,    82, -6.841107233437e-01, 2.280926443714e-05, 1.2612e+00, 5.2891e-03, 
 2DIAGNOSTIC,    83, -6.851044565095e-01, 2.675552295312e-05, 1.2688e+00, 7.5469e-03, 
 2DIAGNOSTIC,    84, -6.858176914120e-01, 3.208604606801e-05, 1.2752e+00, 6.4421e-03, 
 2DIAGNOSTIC,    85, -6.861554454487e-01, 3.640150713275e-05, 1.2833e+00, 8.0421e-03, 
 2DIAGNOSTIC,    86, -6.861557453077e-01, 3.779972074958e-05, 1.2881e+00, 4.8480e-03, 
 2DIAGNOSTIC,    87, -6.861667616517e-01, 3.777593367675e-05, 1.2989e+00, 1.0770e-02, 
 2DIAGNOSTIC,    88, -6.861798069231e-01, 3.717327729111e-05, 1.3037e+00, 4.7910e-03, 
 2DIAGNOSTIC,    89, -6.861875119863e-01, 3.259205339867e-05, 1.3089e+00, 5.2621e-03, 
 2DIAGNOSTIC,    90, -6.861913446788e-01, 2.533745268510e-05, 1.3139e+00, 4.9431e-03, 
 2DIAGNOSTIC,    91, -6.861983428744e-01, 1.686220767494e-05, 1.3187e+00, 4.8490e-03, 
 2DIAGNOSTIC,    92, -6.862112518716e-01, 7.666397925418e-06, 1.3234e+00, 4.6990e-03, 
 2DIAGNOSTIC,    93, -6.862266769041e-01, 2.806324116263e-06, 1.3280e+00, 4.5738e-03, 
 2DIAGNOSTIC,    94, -6.862421064083e-01, 1.278050135960e-06, 1.3333e+00, 5.2660e-03, 
 2DIAGNOSTIC,    95, -6.863402954560e-01, 1.768670515497e-06, 1.3481e+00, 1.4811e-02, 
 2DIAGNOSTIC,    96, -6.863402913434e-01, 2.101657567269e-06, 1.3544e+00, 6.3369e-03, 
 2DIAGNOSTIC,    97, -6.863405233731e-01, 2.315277144069e-06, 1.3595e+00, 5.0678e-03, 
 2DIAGNOSTIC,    98, -6.863412512431e-01, 2.403314625379e-06, 1.3654e+00, 5.8930e-03, 
 2DIAGNOSTIC,    99, -6.863463978971e-01, 2.347050983398e-06, 1.3726e+00, 7.2801e-03, 
 2DIAGNOSTIC,   100, -6.863467098490e-01, 2.109924213256e-06, 1.3790e+00, 6.3369e-03, 
 2DIAGNOSTIC,   101, -6.863467135789e-01, 1.737180066141e-06, 1.3936e+00, 1.4611e-02, 
 2DIAGNOSTIC,   102, -6.863467135788e-01, 1.300312025982e-06, 1.4028e+00, 9.2311e-03, 
DIAGNOSTIC,Iteration,metricValue,convergenceValue,ITERATION_TIME_INDEX,SINCE_LAST
 2DIAGNOSTIC,     1, -5.582143532472e-01, 1.797693134862e+308, 2.1910e+00, 7.8814e-01, 
 2DIAGNOSTIC,     2, -5.585621525736e-01, 1.797693134862e+308, 2.2248e+00, 3.3818e-02, 
 2DIAGNOSTIC,     3, -5.591141382935e-01, 1.797693134862e+308, 2.2569e+00, 3.2153e-02, 
 2DIAGNOSTIC,     4, -5.598094590769e-01, 1.797693134862e+308, 2.2897e+00, 3.2773e-02, 
 2DIAGNOSTIC,     5, -5.608435243194e-01, 1.797693134862e+308, 2.3253e+00, 3.5572e-02, 
 2DIAGNOSTIC,     6, -5.612141986614e-01, 1.797693134862e+308, 2.3577e+00, 3.2427e-02, 
 2DIAGNOSTIC,     7, -5.624514698618e-01, 1.797693134862e+308, 2.3984e+00, 4.0716e-02, 
 2DIAGNOSTIC,     8, -5.635286970069e-01, 1.797693134862e+308, 2.4306e+00, 3.2178e-02, 
 2DIAGNOSTIC,     9, -5.652259510812e-01, 1.797693134862e+308, 2.4682e+00, 3.7636e-02, 
 2DIAGNOSTIC,    10, -5.659967897294e-01, 9.141776507087e-04, 2.5086e+00, 4.0408e-02, 
 2DIAGNOSTIC,    11, -5.659845647760e-01, 8.625799241597e-04, 2.5414e+00, 3.2707e-02, 
 2DIAGNOSTIC,    12, -5.663043232374e-01, 7.715468212316e-04, 2.5857e+00, 4.4374e-02, 
 2DIAGNOSTIC,    13, -5.662623299081e-01, 6.439858516142e-04, 2.6171e+00, 3.1405e-02, 
 2DIAGNOSTIC,    14, -5.662718514989e-01, 5.006504204103e-04, 2.6479e+00, 3.0791e-02, 
 2DIAGNOSTIC,    15, -5.662570189579e-01, 3.655877319911e-04, 2.6837e+00, 3.5736e-02, 
 2DIAGNOSTIC,    16, -5.663262152966e-01, 2.280857021183e-04, 2.7215e+00, 3.7798e-02, 
 2DIAGNOSTIC,    17, -5.663348392176e-01, 1.228528773901e-04, 2.7555e+00, 3.4015e-02, 
 2DIAGNOSTIC,    18, -5.663443156450e-01, 4.752625634864e-05, 2.7888e+00, 3.3303e-02, 
 2DIAGNOSTIC,    19, -5.663225899420e-01, 1.995909941210e-05, 2.8338e+00, 4.4987e-02, 
 2DIAGNOSTIC,    20, -5.663078803534e-01, 1.262754471148e-05, 2.8685e+00, 3.4763e-02, 
 2DIAGNOSTIC,    21, -5.663003837753e-01, 4.248117778015e-06, 2.9031e+00, 3.4528e-02, 
 2DIAGNOSTIC,    22, -5.662837131293e-01, 3.327248170960e-06, 2.9387e+00, 3.5677e-02, 
 2DIAGNOSTIC,    23, -5.662846781909e-01, 1.428303661843e-06, 2.9740e+00, 3.5258e-02, 
DIAGNOSTIC,Iteration,metricValue,convergenceValue,ITERATION_TIME_INDEX,SINCE_LAST
 2DIAGNOSTIC,     1, -5.038043396494e-01, 1.797693134862e+308, 4.1555e+00, 1.1815e+00, 
 2DIAGNOSTIC,     2, -5.039939043681e-01, 1.797693134862e+308, 4.3897e+00, 2.3421e-01, 
 2DIAGNOSTIC,     3, -5.041917420818e-01, 1.797693134862e+308, 4.6304e+00, 2.4070e-01, 
 2DIAGNOSTIC,     4, -5.042879858842e-01, 1.797693134862e+308, 4.9143e+00, 2.8391e-01, 
 2DIAGNOSTIC,     5, -5.043069752439e-01, 1.797693134862e+308, 5.1630e+00, 2.4867e-01, 
 2DIAGNOSTIC,     6, -5.044052176712e-01, 1.797693134862e+308, 5.4396e+00, 2.7668e-01, 
 2DIAGNOSTIC,     7, -5.046042790850e-01, 1.797693134862e+308, 6.0439e+00, 6.0423e-01, 
 2DIAGNOSTIC,     8, -5.046047738962e-01, 1.797693134862e+308, 6.3361e+00, 2.9222e-01, 
 2DIAGNOSTIC,     9, -5.046067684036e-01, 1.797693134862e+308, 6.6015e+00, 2.6542e-01, 
 2DIAGNOSTIC,    10, -5.046063963422e-01, 1.041278350652e-04, 6.9440e+00, 3.4252e-01, 
 2DIAGNOSTIC,    11, -5.046062533681e-01, 7.309062925909e-05, 7.2273e+00, 2.8331e-01, 
 2DIAGNOSTIC,    12, -5.046058243585e-01, 4.944484054135e-05, 7.4805e+00, 2.5312e-01, 
 2DIAGNOSTIC,    13, -5.046055982760e-01, 3.370539668271e-05, 7.7098e+00, 2.2930e-01, 
 2DIAGNOSTIC,    14, -5.046077109765e-01, 2.148976126935e-05, 7.9470e+00, 2.3725e-01, 
 2DIAGNOSTIC,    15, -5.046105971826e-01, 9.952764941160e-06, 8.1816e+00, 2.3461e-01, 
 2DIAGNOSTIC,    16, -5.046128290282e-01, 2.476660555584e-06, 8.4928e+00, 3.1118e-01, 
 2DIAGNOSTIC,    17, -5.046192400526e-01, 2.645704885708e-06, 8.8031e+00, 3.1027e-01, 
 2DIAGNOSTIC,    18, -5.046187251317e-01, 2.718329118752e-06, 9.1284e+00, 3.2532e-01, 
 2DIAGNOSTIC,    19, -5.046243981725e-01, 2.925078428535e-06, 9.4411e+00, 3.1273e-01, 
 2DIAGNOSTIC,    20, -5.046302234238e-01, 3.144792446071e-06, 9.8576e+00, 4.1650e-01, 
 2DIAGNOSTIC,    21, -5.046332508410e-01, 3.272574361293e-06, 1.0240e+01, 3.8217e-01, 
 2DIAGNOSTIC,    22, -5.046335288542e-01, 3.221823802683e-06, 1.0523e+01, 2.8277e-01, 
 2DIAGNOSTIC,    23, -5.046327995274e-01, 2.988349634483e-06, 1.0829e+01, 3.0643e-01, 
 2DIAGNOSTIC,    24, -5.046320443910e-01, 2.655912715373e-06, 1.1133e+01, 3.0370e-01, 
 2DIAGNOSTIC,    25, -5.046312414671e-01, 2.269667533784e-06, 1.1426e+01, 2.9337e-01, 
 2DIAGNOSTIC,    26, -5.046295290639e-01, 1.826956477012e-06, 1.1686e+01, 2.5969e-01, 
 2DIAGNOSTIC,    27, -5.046297871705e-01, 1.503376703668e-06, 1.1956e+01, 2.7046e-01, 
 2DIAGNOSTIC,    28, -5.046302170722e-01, 1.169142646570e-06, 1.2238e+01, 2.8129e-01, 
DIAGNOSTIC,Iteration,metricValue,convergenceValue,ITERATION_TIME_INDEX,SINCE_LAST
 2DIAGNOSTIC,     1, -4.670459293139e-01, 1.797693134862e+308, 1.4802e+01, 2.5648e+00, 
 2DIAGNOSTIC,     2, -4.671863795737e-01, 1.797693134862e+308, 1.6375e+01, 1.5722e+00, 
 2DIAGNOSTIC,     3, -4.673638503852e-01, 1.797693134862e+308, 1.8007e+01, 1.6327e+00, 
 2DIAGNOSTIC,     4, -4.673934745607e-01, 1.797693134862e+308, 2.0061e+01, 2.0537e+00, 
 2DIAGNOSTIC,     5, -4.673949554355e-01, 1.797693134862e+308, 2.1858e+01, 1.7969e+00, 
 2DIAGNOSTIC,     6, -4.673958016530e-01, 1.797693134862e+308, 2.3498e+01, 1.6407e+00, 
 2DIAGNOSTIC,     7, -4.673954266204e-01, 1.797693134862e+308, 2.4969e+01, 1.4704e+00, 
 2DIAGNOSTIC,     8, -4.673977134500e-01, 1.797693134862e+308, 2.6595e+01, 1.6264e+00, 
 2DIAGNOSTIC,     9, -4.673993655467e-01, 1.797693134862e+308, 2.8358e+01, 1.7623e+00, 
 2DIAGNOSTIC,    10, -4.673993784509e-01, 3.750082866287e-05, 2.9775e+01, 1.4172e+00, 
 2DIAGNOSTIC,    11, -4.673995254741e-01, 1.668823260140e-05, 3.1194e+01, 1.4189e+00, 
 2DIAGNOSTIC,    12, -4.674012428679e-01, 5.074807319705e-06, 3.2731e+01, 1.5373e+00, 
 2DIAGNOSTIC,    13, -4.674016445695e-01, 3.307652019516e-06, 3.4194e+01, 1.4630e+00, 
 2DIAGNOSTIC,    14, -4.674025609928e-01, 3.038672503758e-06, 3.5663e+01, 1.4688e+00, 
 2DIAGNOSTIC,    15, -4.674065152399e-01, 2.956270073864e-06, 3.7035e+01, 1.3726e+00, 
 2DIAGNOSTIC,    16, -4.674112705288e-01, 3.018959229842e-06, 3.8620e+01, 1.5845e+00, 
 2DIAGNOSTIC,    17, -4.674154829367e-01, 3.111287560691e-06, 4.0026e+01, 1.4056e+00, 
 2DIAGNOSTIC,    18, -4.674135546093e-01, 3.088889922516e-06, 4.1617e+01, 1.5911e+00, 
 2DIAGNOSTIC,    19, -4.674124673407e-01, 2.970261155713e-06, 4.3729e+01, 2.1126e+00, 
 2DIAGNOSTIC,    20, -4.674119047078e-01, 2.726712395131e-06, 4.5269e+01, 1.5392e+00, 
 2DIAGNOSTIC,    21, -4.674119604005e-01, 2.401507900873e-06, 4.7247e+01, 1.9784e+00, 
 2DIAGNOSTIC,    22, -4.674117662374e-01, 2.063981804946e-06, 4.8917e+01, 1.6702e+00, 
 2DIAGNOSTIC,    23, -4.674114673812e-01, 1.703797130916e-06, 5.0510e+01, 1.5925e+00, 
 2DIAGNOSTIC,    24, -4.674112951431e-01, 1.363630252084e-06, 5.2393e+01, 1.8834e+00, 
 2DIAGNOSTIC,    25, -4.674112407209e-01, 1.139390327073e-06, 5.4124e+01, 1.7313e+00, 
 2DIAGNOSTIC,    26, -4.674109791780e-01, 1.046153289608e-06, 5.5702e+01, 1.5778e+00, 
 2DIAGNOSTIC,    27, -4.674109072992e-01, 1.070712135377e-06, 5.7169e+01, 1.4669e+00, 
 2DIAGNOSTIC,    28, -4.674108575152e-01, 1.061343242369e-06, 5.8786e+01, 1.6174e+00, 
 2DIAGNOSTIC,    29, -4.674107881243e-01, 1.035727783795e-06, 6.0430e+01, 1.6433e+00, 
 2DIAGNOSTIC,    30, -4.674109496655e-01, 1.009356800405e-06, 6.1995e+01, 1.5650e+00, 
  Elapsed time (stage 0): 6.2900e+01


Total elapsed time: 6.2903e+01
Info [verificarlo]: loaded backend libinterflop_vprec.so
Info [interflop-vprec]: load backend with: 
Info [interflop-vprec]: precision-binary32 = 23
Info [interflop-vprec]: range-binary32 = 7
Info [interflop-vprec]: precision-binary64 = 23
Info [interflop-vprec]: range-binary64 = 7
Info [interflop-vprec]: mode = ob
Info [interflop-vprec]: error-mode = rel
Info [interflop-vprec]: max-abs-error-exponent = -1022
Info [interflop-vprec]: daz = false
Info [interflop-vprec]: ftz = false
Info [interflop-vprec]: 	instrument = none
Info [interflop-vprec]: 	prec-input-file = (null)
Info [interflop-vprec]: 	prec-output-file = (null)
Info [interflop-vprec]: 	prec-log-file = (null)
All_Command_lines_OK
Using double precision for computations.
=============================================================================
The composite transform comprises the following transforms (in order): 
  1. /home/mdugre/scratch/mri-registration-rp/datasets/ds004513/derivatives/mri-registration-rp/0011/antsRegistration-r7-p23/sub-s035/rigid_Composite.h5[0] (type = Euler3DTransform)
  2. /home/mdugre/scratch/mri-registration-rp/datasets/ds004513/derivatives/mri-registration-rp/0011/antsRegistration-r7-p23/sub-s035/rigid_Composite.h5[1] (type = Euler3DTransform)
  3. /home/mdugre/scratch/mri-registration-rp/datasets/ds004513/derivatives/mri-registration-rp/0011/antsRegistration-r7-p23/sub-s035/rigid_Composite.h5[2] (type = Euler3DTransform)
=============================================================================
  number of levels = 4
  fixed image: /templateflow/tpl-MNI152NLin2009cAsym/tpl-MNI152NLin2009cAsym_res-01_desc-brain_T1w.nii.gz
  moving image: /home/mdugre/scratch/mri-registration-rp/datasets/ds004513/derivatives/mri-registration-rp/antsBrainExtraction/sub-s035/BrainExtractionBrain.nii.gz
Dimension = 3
Number of stages = 1
Use histogram matching = false
Winsorize image intensities = true
  Lower quantile = 0.005
  Upper quantile = 0.995


Stage 1 State
   Image metric = MattesMI
     Fixed image = Image (0x4083490)
  RTTI typeinfo:   itk::Image<double, 3u>
  Reference Count: 2
  Modified Time: 1592
  Debug: Off
  Object Name: 
  Observers: 
    none
  Source: (none)
  Source output name: (none)
  Release Data: Off
  Data Released: False
  Global Release Data: Off
  PipelineMTime: 0
  UpdateMTime: 1203
  RealTimeStamp: 0 seconds 
  LargestPossibleRegion: 
    Dimension: 3
    Index: [0, 0, 0]
    Size: [193, 229, 193]
  BufferedRegion: 
    Dimension: 3
    Index: [0, 0, 0]
    Size: [193, 229, 193]
  RequestedRegion: 
    Dimension: 3
    Index: [0, 0, 0]
    Size: [193, 229, 193]
  Spacing: [1, 1, 1]
  Origin: [96, 132, -78]
  Direction: 
-1 0 0
0 -1 0
0 0 1

  IndexToPointMatrix: 
-1 0 0
0 -1 0
0 0 1

  PointToIndexMatrix: 
-1 0 0
0 -1 0
0 0 1

  Inverse Direction: 
-1 0 0
0 -1 0
0 0 1

  PixelContainer: 
    ImportImageContainer (0x414e8c0)
      RTTI typeinfo:   itk::ImportImageContainer<unsigned long, double>
      Reference Count: 1
      Modified Time: 1200
      Debug: Off
      Object Name: 
      Observers: 
        none
      Pointer: 0x1479f8399010
      Container manages memory: true
      Size: 8530021
      Capacity: 8530021

     Moving image = Image (0x413eb60)
  RTTI typeinfo:   itk::Image<double, 3u>
  Reference Count: 2
  Modified Time: 1593
  Debug: Off
  Object Name: 
  Observers: 
    none
  Source: (none)
  Source output name: (none)
  Release Data: Off
  Data Released: False
  Global Release Data: Off
  PipelineMTime: 0
  UpdateMTime: 1590
  RealTimeStamp: 0 seconds 
  LargestPossibleRegion: 
    Dimension: 3
    Index: [0, 0, 0]
    Size: [160, 240, 256]
  BufferedRegion: 
    Dimension: 3
    Index: [0, 0, 0]
    Size: [160, 240, 256]
  RequestedRegion: 
    Dimension: 3
    Index: [0, 0, 0]
    Size: [160, 240, 256]
  Spacing: [1, 1, 1]
  Origin: [98.6438, 87.6358, -117.989]
  Direction: 
-0.993515 -0.100993 -0.0522355
0.100854 -0.994887 0.00530255
-0.0525039 1.93537e-08 0.998621

  IndexToPointMatrix: 
-0.993515 -0.100993 -0.0522355
0.100854 -0.994887 0.00530255
-0.0525039 1.93537e-08 0.998621

  PointToIndexMatrix: 
-0.993515 0.100854 -0.0525039
-0.100993 -0.994887 1.78814e-07
-0.0522355 0.00530246 0.998621

  Inverse Direction: 
-0.993515 0.100854 -0.0525039
-0.100993 -0.994887 1.78814e-07
-0.0522355 0.00530246 0.998621

  PixelContainer: 
    ImportImageContainer (0x41d21d0)
      RTTI typeinfo:   itk::ImportImageContainer<unsigned long, double>
      Reference Count: 1
      Modified Time: 1587
      Debug: Off
      Object Name: 
      Observers: 
        none
      Pointer: 0x1479f3898010
      Container manages memory: true
      Size: 9830400
      Capacity: 9830400

     Weighting = 1
     Sampling strategy = regular
     Number of bins = 32
     Radius = 4
     Sampling percentage  = 0.25
   Transform = Affine
     Gradient step = 0.1
     Update field sigma (voxel space) = 0
     Total field sigma (voxel space) = 0
     Update field time sigma = 0
     Total field time sigma  = 0
     Number of time indices = 0
     Number of time point samples = 0
Registration using 1 total stages.

Stage 0
  iterations = 1000x500x250x100
  convergence threshold = 1e-06
  convergence window size = 10
  number of levels = 4
  using the Mattes MI metric (number of bins = 32, weight = 1, use gradient filter = 0)
  preprocessing:  winsorizing the image intensities
  Shrink factors (level 1 out of 4): [8, 8, 8]
  Shrink factors (level 2 out of 4): [4, 4, 4]
  Shrink factors (level 3 out of 4): [2, 2, 2]
  Shrink factors (level 4 out of 4): [1, 1, 1]
  smoothing sigmas per level: [3, 2, 1, 0]
  regular sampling (percentage = 0.25)

*** Running AffineTransform registration ***

DIAGNOSTIC,Iteration,metricValue,convergenceValue,ITERATION_TIME_INDEX,SINCE_LAST
 2DIAGNOSTIC,     1, -6.757678634031e-01, 1.797693134862e+308, 0.0000e+00, 0.0000e+00, 
 2DIAGNOSTIC,     2, -6.778680761561e-01, 1.797693134862e+308, 0.0000e+00, 0.0000e+00, 
 2DIAGNOSTIC,     3, -6.811843910141e-01, 1.797693134862e+308, 0.0000e+00, 0.0000e+00, 
 2DIAGNOSTIC,     4, -6.862773509812e-01, 1.797693134862e+308, 0.0000e+00, 0.0000e+00, 
 2DIAGNOSTIC,     5, -6.944824620437e-01, 1.797693134862e+308, 0.0000e+00, 0.0000e+00, 
 2DIAGNOSTIC,     6, -7.060042599738e-01, 1.797693134862e+308, 0.0000e+00, 0.0000e+00, 
 2DIAGNOSTIC,     7, -7.188172125836e-01, 1.797693134862e+308, 0.0000e+00, 0.0000e+00, 
 2DIAGNOSTIC,     8, -7.314810523998e-01, 1.797693134862e+308, 0.0000e+00, 0.0000e+00, 
 2DIAGNOSTIC,     9, -7.323133702575e-01, 1.797693134862e+308, 0.0000e+00, 0.0000e+00, 
 2DIAGNOSTIC,    10, -7.350598009660e-01, 6.433528460873e-03, 0.0000e+00, 0.0000e+00, 
 2DIAGNOSTIC,    11, -7.373218901887e-01, 5.785786544899e-03, 0.0000e+00, 0.0000e+00, 
 2DIAGNOSTIC,    12, -7.383528114696e-01, 4.830002856755e-03, 0.0000e+00, 0.0000e+00, 
 2DIAGNOSTIC,    13, -7.384149066388e-01, 3.693484780737e-03, 0.0000e+00, 0.0000e+00, 
 2DIAGNOSTIC,    14, -7.396191128703e-01, 2.571913561987e-03, 0.0000e+00, 0.0000e+00, 
 2DIAGNOSTIC,    15, -7.424066145809e-01, 1.660393798214e-03, 0.0000e+00, 0.0000e+00, 
 2DIAGNOSTIC,    16, -7.420725999491e-01, 9.842764637972e-04, 0.0000e+00, 0.0000e+00, 
 2DIAGNOSTIC,    17, -7.423432753026e-01, 5.980111571280e-04, 0.0000e+00, 0.0000e+00, 
 2DIAGNOSTIC,    18, -7.419933274827e-01, 4.725749956632e-04, 0.0000e+00, 0.0000e+00, 
 2DIAGNOSTIC,    19, -7.421014301986e-01, 3.354690589109e-04, 0.0000e+00, 0.0000e+00, 
 2DIAGNOSTIC,    20, -7.418437247774e-01, 2.283906404841e-04, 0.0000e+00, 0.0000e+00, 
 2DIAGNOSTIC,    21, -7.417026456202e-01, 1.501426449185e-04, 0.0000e+00, 0.0000e+00, 
 2DIAGNOSTIC,    22, -7.415613504031e-01, 8.224880833861e-05, 0.0000e+00, 0.0000e+00, 
 2DIAGNOSTIC,    23, -7.414630377975e-01, 1.216504257896e-05, 0.0000e+00, 0.0000e+00, 
DIAGNOSTIC,Iteration,metricValue,convergenceValue,ITERATION_TIME_INDEX,SINCE_LAST
 2DIAGNOSTIC,     1, -6.099898865706e-01, 1.797693134862e+308, 0.0000e+00, 0.0000e+00, 
 2DIAGNOSTIC,     2, -6.103122832824e-01, 1.797693134862e+308, 0.0000e+00, 0.0000e+00, 
 2DIAGNOSTIC,     3, -6.109006804447e-01, 1.797693134862e+308, 0.0000e+00, 0.0000e+00, 
 2DIAGNOSTIC,     4, -6.117517991702e-01, 1.797693134862e+308, 0.0000e+00, 0.0000e+00, 
 2DIAGNOSTIC,     5, -6.125893521520e-01, 1.797693134862e+308, 0.0000e+00, 0.0000e+00, 
 2DIAGNOSTIC,     6, -6.126214635182e-01, 1.797693134862e+308, 0.0000e+00, 0.0000e+00, 
 2DIAGNOSTIC,     7, -6.126481885479e-01, 1.797693134862e+308, 0.0000e+00, 0.0000e+00, 
 2DIAGNOSTIC,     8, -6.126320484393e-01, 1.797693134862e+308, 0.0000e+00, 0.0000e+00, 
 2DIAGNOSTIC,     9, -6.126351623650e-01, 1.797693134862e+308, 0.0000e+00, 0.0000e+00, 
 2DIAGNOSTIC,    10, -6.126239152337e-01, 2.959392857161e-04, 0.0000e+00, 0.0000e+00, 
 2DIAGNOSTIC,    11, -6.126223963421e-01, 1.912096972736e-04, 0.0000e+00, 0.0000e+00, 
 2DIAGNOSTIC,    12, -6.125975380409e-01, 9.883597395707e-05, 0.0000e+00, 0.0000e+00, 
 2DIAGNOSTIC,    13, -6.125906633978e-01, 3.230648004550e-05, 0.0000e+00, 0.0000e+00, 
DIAGNOSTIC,Iteration,metricValue,convergenceValue,ITERATION_TIME_INDEX,SINCE_LAST
 2DIAGNOSTIC,     1, -5.363366076564e-01, 1.797693134862e+308, 0.0000e+00, 0.0000e+00, 
 2DIAGNOSTIC,     2, -5.365873087034e-01, 1.797693134862e+308, 0.0000e+00, 0.0000e+00, 
 2DIAGNOSTIC,     3, -5.367907995077e-01, 1.797693134862e+308, 0.0000e+00, 0.0000e+00, 
 2DIAGNOSTIC,     4, -5.368386163796e-01, 1.797693134862e+308, 0.0000e+00, 0.0000e+00, 
 2DIAGNOSTIC,     5, -5.368199901082e-01, 1.797693134862e+308, 0.0000e+00, 0.0000e+00, 
 2DIAGNOSTIC,     6, -5.368227352706e-01, 1.797693134862e+308, 0.0000e+00, 0.0000e+00, 
 2DIAGNOSTIC,     7, -5.368187769155e-01, 1.797693134862e+308, 0.0000e+00, 0.0000e+00, 
 2DIAGNOSTIC,     8, -5.368200074967e-01, 1.797693134862e+308, 0.0000e+00, 0.0000e+00, 
 2DIAGNOSTIC,     9, -5.368205401320e-01, 1.797693134862e+308, 0.0000e+00, 0.0000e+00, 
 2DIAGNOSTIC,    10, -5.368191958349e-01, 4.014221835238e-05, 0.0000e+00, 0.0000e+00, 
 2DIAGNOSTIC,    11, -5.368179728649e-01, 1.454726676924e-05, 0.0000e+00, 0.0000e+00, 
 2DIAGNOSTIC,    12, -5.368175321454e-01, 2.974190636149e-06, 0.0000e+00, 0.0000e+00, 
 2DIAGNOSTIC,    13, -5.368171091521e-01, 1.359054073502e-06, 0.0000e+00, 0.0000e+00, 
 2DIAGNOSTIC,    14, -5.368156870608e-01, 1.846368341218e-06, 0.0000e+00, 0.0000e+00, 
 2DIAGNOSTIC,    15, -5.368133738218e-01, 1.566593730976e-06, 0.0000e+00, 0.0000e+00, 
 2DIAGNOSTIC,    16, -5.368121671197e-01, 1.430366350516e-06, 0.0000e+00, 0.0000e+00, 
 2DIAGNOSTIC,    17, -5.368131197579e-01, 1.266238796788e-06, 0.0000e+00, 0.0000e+00, 
 2DIAGNOSTIC,    18, -5.368116476979e-01, 1.165709492365e-06, 0.0000e+00, 0.0000e+00, 
 2DIAGNOSTIC,    19, -5.368115389447e-01, 1.145689282889e-06, 0.0000e+00, 0.0000e+00, 
 2DIAGNOSTIC,    20, -5.368110050468e-01, 1.128994776028e-06, 0.0000e+00, 0.0000e+00, 
 2DIAGNOSTIC,    21, -5.368109603473e-01, 1.124923513084e-06, 0.0000e+00, 0.0000e+00, 
 2DIAGNOSTIC,    22, -5.368115785488e-01, 1.160559821446e-06, 0.0000e+00, 0.0000e+00, 
 2DIAGNOSTIC,    23, -5.368116030914e-01, 1.210351678119e-06, 0.0000e+00, 0.0000e+00, 
 2DIAGNOSTIC,    24, -5.368125042807e-01, 1.262520634850e-06, 0.0000e+00, 0.0000e+00, 
 2DIAGNOSTIC,    25, -5.368128121355e-01, 1.274300567469e-06, 0.0000e+00, 0.0000e+00, 
 2DIAGNOSTIC,    26, -5.368133569232e-01, 1.270625828817e-06, 0.0000e+00, 0.0000e+00, 
 2DIAGNOSTIC,    27, -5.368129874163e-01, 1.274704978474e-06, 0.0000e+00, 0.0000e+00, 
 2DIAGNOSTIC,    28, -5.368124094098e-01, 1.230851232624e-06, 0.0000e+00, 0.0000e+00, 
 2DIAGNOSTIC,    29, -5.368114542470e-01, 1.162187822326e-06, 0.0000e+00, 0.0000e+00, 
 2DIAGNOSTIC,    30, -5.368099391017e-01, 1.055997231478e-06, 0.0000e+00, 0.0000e+00, 
DIAGNOSTIC,Iteration,metricValue,convergenceValue,ITERATION_TIME_INDEX,SINCE_LAST
 2DIAGNOSTIC,     1, -4.919458704121e-01, 1.797693134862e+308, 0.0000e+00, 0.0000e+00, 
 2DIAGNOSTIC,     2, -4.921536881809e-01, 1.797693134862e+308, 0.0000e+00, 0.0000e+00, 
 2DIAGNOSTIC,     3, -4.922315675419e-01, 1.797693134862e+308, 0.0000e+00, 0.0000e+00, 
 2DIAGNOSTIC,     4, -4.922494401228e-01, 1.797693134862e+308, 0.0000e+00, 0.0000e+00, 
 2DIAGNOSTIC,     5, -4.922503730618e-01, 1.797693134862e+308, 0.0000e+00, 0.0000e+00, 
 2DIAGNOSTIC,     6, -4.922510345462e-01, 1.797693134862e+308, 1.2800e+02, 1.2800e+02, 
 2DIAGNOSTIC,     7, -4.922508551184e-01, 1.797693134862e+308, 1.2800e+02, 0.0000e+00, 
