
##########################
# Experiment information #
##########################

EXPERIMENT_NAME: antsRegistration-r8-p19
VFC_BACKENDS: libinterflop_vprec.so --range-binary32=8 --precision-binary32=19 --range-binary64=8 --precision-binary64=19

SIF_IMG: /home/mdugre/projects/rrg-glatard/mdugre/containers/ants-vprec-no_metrics.simg

SUBJECT_ID: s020
INPUT_IMG: /home/mdugre/scratch/mri-registration-rp/datasets/ds004513/derivatives/mri-registration-rp/antsBrainExtraction/sub-s020/BrainExtractionBrain.nii.gz
OUTPUT_DIR: /home/mdugre/scratch/mri-registration-rp/datasets/ds004513/derivatives/mri-registration-rp/0011/antsRegistration-r8-p19/sub-s020

FIXED_IMG: /templateflow/tpl-MNI152NLin2009cAsym/tpl-MNI152NLin2009cAsym_res-01_desc-brain_T1w.nii.gz
DATA_DIR: /home/mdugre/scratch/mri-registration-rp/datasets/ds004513
TEMPLATEFLOW_DIR: /home/mdugre/projects/rrg-glatard/mdugre/templateflow
ITK_GLOBAL_DEFAULT_NUMBER_OF_THREADS: 16
##########################

Info [verificarlo]: loaded backend libinterflop_ieee.so
Info [interflop-ieee]: load backend with:
Info [interflop-ieee]: debug = false
Info [interflop-ieee]: debug-binary = false
Info [interflop-ieee]: no-backend-name = false
Info [interflop-ieee]: print-new-line = false
Info [interflop-ieee]: print-subnormal-normalized = false
Info [interflop-ieee]: count-op = false
All_Command_lines_OK
Using double precision for computations.
=============================================================================
The composite transform comprises the following transforms (in order): 
  1. Center of mass alignment using fixed image: /templateflow/tpl-MNI152NLin2009cAsym/tpl-MNI152NLin2009cAsym_res-01_desc-brain_T1w.nii.gz and moving image: /home/mdugre/scratch/mri-registration-rp/datasets/ds004513/derivatives/mri-registration-rp/antsBrainExtraction/sub-s020/BrainExtractionBrain.nii.gz (type = Euler3DTransform)
=============================================================================
  number of levels = 1
  fixed image: /templateflow/tpl-MNI152NLin2009cAsym/tpl-MNI152NLin2009cAsym_res-01_desc-brain_T1w.nii.gz
  moving image: /home/mdugre/scratch/mri-registration-rp/datasets/ds004513/derivatives/mri-registration-rp/antsBrainExtraction/sub-s020/BrainExtractionBrain.nii.gz
Dimension = 3
Number of stages = 1
Use histogram matching = false
Winsorize image intensities = true
  Lower quantile = 0.005
  Upper quantile = 0.995


Stage 1 State
   Image metric = MattesMI
     Fixed image = Image (0x4ef9e70)
  RTTI typeinfo:   itk::Image<double, 3u>
  Reference Count: 2
  Modified Time: 2334
  Debug: Off
  Object Name: 
  Observers: 
    none
  Source: (none)
  Source output name: (none)
  Release Data: Off
  Data Released: False
  Global Release Data: Off
  PipelineMTime: 0
  UpdateMTime: 1943
  RealTimeStamp: 0 seconds 
  LargestPossibleRegion: 
    Dimension: 3
    Index: [0, 0, 0]
    Size: [193, 229, 193]
  BufferedRegion: 
    Dimension: 3
    Index: [0, 0, 0]
    Size: [193, 229, 193]
  RequestedRegion: 
    Dimension: 3
    Index: [0, 0, 0]
    Size: [193, 229, 193]
  Spacing: [1, 1, 1]
  Origin: [96, 132, -78]
  Direction: 
-1 0 0
0 -1 0
0 0 1

  IndexToPointMatrix: 
-1 0 0
0 -1 0
0 0 1

  PointToIndexMatrix: 
-1 0 0
0 -1 0
0 0 1

  Inverse Direction: 
-1 0 0
0 -1 0
0 0 1

  PixelContainer: 
    ImportImageContainer (0x4f02c60)
      RTTI typeinfo:   itk::ImportImageContainer<unsigned long, double>
      Reference Count: 1
      Modified Time: 1940
      Debug: Off
      Object Name: 
      Observers: 
        none
      Pointer: 0x151eda251010
      Container manages memory: true
      Size: 8530021
      Capacity: 8530021

     Moving image = Image (0x4f05610)
  RTTI typeinfo:   itk::Image<double, 3u>
  Reference Count: 2
  Modified Time: 2335
  Debug: Off
  Object Name: 
  Observers: 
    none
  Source: (none)
  Source output name: (none)
  Release Data: Off
  Data Released: False
  Global Release Data: Off
  PipelineMTime: 0
  UpdateMTime: 2332
  RealTimeStamp: 0 seconds 
  LargestPossibleRegion: 
    Dimension: 3
    Index: [0, 0, 0]
    Size: [160, 240, 256]
  BufferedRegion: 
    Dimension: 3
    Index: [0, 0, 0]
    Size: [160, 240, 256]
  RequestedRegion: 
    Dimension: 3
    Index: [0, 0, 0]
    Size: [160, 240, 256]
  Spacing: [0.999995, 1, 1]
  Origin: [87.0906, 98.7205, -152.377]
  Direction: 
-0.996975 0.0261379 -0.0731913
-0.0260677 -0.999658 -0.00191374
-0.0732163 -2.46403e-08 0.997316

  IndexToPointMatrix: 
-0.996971 0.0261379 -0.0731913
-0.0260676 -0.999658 -0.00191374
-0.0732159 -2.46403e-08 0.997316

  PointToIndexMatrix: 
-0.99698 -0.0260679 -0.0732166
0.0261379 -0.999658 -2.46993e-08
-0.0731913 -0.00191374 0.997316

  Inverse Direction: 
-0.996975 -0.0260677 -0.0732163
0.0261379 -0.999658 -2.46993e-08
-0.0731913 -0.00191374 0.997316

  PixelContainer: 
    ImportImageContainer (0x4f9eef0)
      RTTI typeinfo:   itk::ImportImageContainer<unsigned long, double>
      Reference Count: 1
      Modified Time: 2329
      Debug: Off
      Object Name: 
      Observers: 
        none
      Pointer: 0x151ed5750010
      Container manages memory: true
      Size: 9830400
      Capacity: 9830400

     Weighting = 1
     Sampling strategy = regular
     Number of bins = 32
     Radius = 4
     Sampling percentage  = 0.25
   Transform = Rigid
     Gradient step = 0.1
     Update field sigma (voxel space) = 0
     Total field sigma (voxel space) = 0
     Update field time sigma = 0
     Total field time sigma  = 0
     Number of time indices = 0
     Number of time point samples = 0
Registration using 1 total stages.

Stage 0
  iterations = 0
  convergence threshold = 1e-06
  convergence window size = 10
  number of levels = 1
  using the Mattes MI metric (number of bins = 32, weight = 1, use gradient filter = 0)
  preprocessing:  winsorizing the image intensities
  Shrink factors (level 1 out of 1): [1, 1, 1]
  smoothing sigmas per level: [0]
  regular sampling (percentage = 0.25)

*** Running Euler3DTransform registration ***

  Elapsed time (stage 0): 1.11415


Total elapsed time: 1.11641
Info [verificarlo]: loaded backend libinterflop_ieee.so
Info [interflop-ieee]: load backend with:
Info [interflop-ieee]: debug = false
Info [interflop-ieee]: debug-binary = false
Info [interflop-ieee]: no-backend-name = false
Info [interflop-ieee]: print-new-line = false
Info [interflop-ieee]: print-subnormal-normalized = false
Info [interflop-ieee]: count-op = false
All_Command_lines_OK
Using double precision for computations.
=============================================================================
The composite transform comprises the following transforms (in order): 
  1. /home/mdugre/scratch/mri-registration-rp/datasets/ds004513/derivatives/mri-registration-rp/0011/antsRegistration-r8-p19/sub-s020/align_Composite.h5[0] (type = Euler3DTransform)
  2. /home/mdugre/scratch/mri-registration-rp/datasets/ds004513/derivatives/mri-registration-rp/0011/antsRegistration-r8-p19/sub-s020/align_Composite.h5[1] (type = Euler3DTransform)
=============================================================================
  number of levels = 4
  fixed image: /templateflow/tpl-MNI152NLin2009cAsym/tpl-MNI152NLin2009cAsym_res-01_desc-brain_T1w.nii.gz
  moving image: /home/mdugre/scratch/mri-registration-rp/datasets/ds004513/derivatives/mri-registration-rp/antsBrainExtraction/sub-s020/BrainExtractionBrain.nii.gz
Dimension = 3
Number of stages = 1
Use histogram matching = false
Winsorize image intensities = true
  Lower quantile = 0.005
  Upper quantile = 0.995


Stage 1 State
   Image metric = MattesMI
     Fixed image = Image (0x399d530)
  RTTI typeinfo:   itk::Image<double, 3u>
  Reference Count: 2
  Modified Time: 1580
  Debug: Off
  Object Name: 
  Observers: 
    none
  Source: (none)
  Source output name: (none)
  Release Data: Off
  Data Released: False
  Global Release Data: Off
  PipelineMTime: 0
  UpdateMTime: 1189
  RealTimeStamp: 0 seconds 
  LargestPossibleRegion: 
    Dimension: 3
    Index: [0, 0, 0]
    Size: [193, 229, 193]
  BufferedRegion: 
    Dimension: 3
    Index: [0, 0, 0]
    Size: [193, 229, 193]
  RequestedRegion: 
    Dimension: 3
    Index: [0, 0, 0]
    Size: [193, 229, 193]
  Spacing: [1, 1, 1]
  Origin: [96, 132, -78]
  Direction: 
-1 0 0
0 -1 0
0 0 1

  IndexToPointMatrix: 
-1 0 0
0 -1 0
0 0 1

  PointToIndexMatrix: 
-1 0 0
0 -1 0
0 0 1

  Inverse Direction: 
-1 0 0
0 -1 0
0 0 1

  PixelContainer: 
    ImportImageContainer (0x3a5bd60)
      RTTI typeinfo:   itk::ImportImageContainer<unsigned long, double>
      Reference Count: 1
      Modified Time: 1186
      Debug: Off
      Object Name: 
      Observers: 
        none
      Pointer: 0x1542684b5010
      Container manages memory: true
      Size: 8530021
      Capacity: 8530021

     Moving image = Image (0x3a4df60)
  RTTI typeinfo:   itk::Image<double, 3u>
  Reference Count: 2
  Modified Time: 1581
  Debug: Off
  Object Name: 
  Observers: 
    none
  Source: (none)
  Source output name: (none)
  Release Data: Off
  Data Released: False
  Global Release Data: Off
  PipelineMTime: 0
  UpdateMTime: 1578
  RealTimeStamp: 0 seconds 
  LargestPossibleRegion: 
    Dimension: 3
    Index: [0, 0, 0]
    Size: [160, 240, 256]
  BufferedRegion: 
    Dimension: 3
    Index: [0, 0, 0]
    Size: [160, 240, 256]
  RequestedRegion: 
    Dimension: 3
    Index: [0, 0, 0]
    Size: [160, 240, 256]
  Spacing: [0.999995, 1, 1]
  Origin: [87.0906, 98.7205, -152.377]
  Direction: 
-0.996975 0.0261379 -0.0731913
-0.0260677 -0.999658 -0.00191374
-0.0732163 -2.46403e-08 0.997316

  IndexToPointMatrix: 
-0.996971 0.0261379 -0.0731913
-0.0260676 -0.999658 -0.00191374
-0.0732159 -2.46403e-08 0.997316

  PointToIndexMatrix: 
-0.99698 -0.0260679 -0.0732166
0.0261379 -0.999658 -2.46993e-08
-0.0731913 -0.00191374 0.997316

  Inverse Direction: 
-0.996975 -0.0260677 -0.0732163
0.0261379 -0.999658 -2.46993e-08
-0.0731913 -0.00191374 0.997316

  PixelContainer: 
    ImportImageContainer (0x3a3f6d0)
      RTTI typeinfo:   itk::ImportImageContainer<unsigned long, double>
      Reference Count: 1
      Modified Time: 1575
      Debug: Off
      Object Name: 
      Observers: 
        none
      Pointer: 0x1542639b4010
      Container manages memory: true
      Size: 9830400
      Capacity: 9830400

     Weighting = 1
     Sampling strategy = regular
     Number of bins = 32
     Radius = 4
     Sampling percentage  = 0.25
   Transform = Rigid
     Gradient step = 0.1
     Update field sigma (voxel space) = 0
     Total field sigma (voxel space) = 0
     Update field time sigma = 0
     Total field time sigma  = 0
     Number of time indices = 0
     Number of time point samples = 0
Registration using 1 total stages.

Stage 0
  iterations = 1000x500x250x100
  convergence threshold = 1e-06
  convergence window size = 10
  number of levels = 4
  using the Mattes MI metric (number of bins = 32, weight = 1, use gradient filter = 0)
  preprocessing:  winsorizing the image intensities
  Shrink factors (level 1 out of 4): [8, 8, 8]
  Shrink factors (level 2 out of 4): [4, 4, 4]
  Shrink factors (level 3 out of 4): [2, 2, 2]
  Shrink factors (level 4 out of 4): [1, 1, 1]
  smoothing sigmas per level: [3, 2, 1, 0]
  regular sampling (percentage = 0.25)

*** Running Euler3DTransform registration ***

DIAGNOSTIC,Iteration,metricValue,convergenceValue,ITERATION_TIME_INDEX,SINCE_LAST
 2DIAGNOSTIC,     1, -3.791273390751e-01, 1.797693134862e+308, 7.8048e-01, 7.8048e-01, 
 2DIAGNOSTIC,     2, -3.803606001643e-01, 1.797693134862e+308, 7.8655e-01, 6.0680e-03, 
 2DIAGNOSTIC,     3, -3.828962034719e-01, 1.797693134862e+308, 7.9148e-01, 4.9369e-03, 
 2DIAGNOSTIC,     4, -3.876122532015e-01, 1.797693134862e+308, 7.9615e-01, 4.6630e-03, 
 2DIAGNOSTIC,     5, -3.904935334081e-01, 1.797693134862e+308, 8.0123e-01, 5.0871e-03, 
 2DIAGNOSTIC,     6, -3.911039700181e-01, 1.797693134862e+308, 8.0583e-01, 4.5981e-03, 
 2DIAGNOSTIC,     7, -3.914905453856e-01, 1.797693134862e+308, 8.1057e-01, 4.7371e-03, 
 2DIAGNOSTIC,     8, -3.925629083064e-01, 1.797693134862e+308, 8.1518e-01, 4.6141e-03, 
 2DIAGNOSTIC,     9, -3.981570789235e-01, 1.797693134862e+308, 8.1991e-01, 4.7290e-03, 
 2DIAGNOSTIC,    10, -4.079218556696e-01, 3.866687266231e-03, 8.2627e-01, 6.3591e-03, 
 2DIAGNOSTIC,    11, -4.246779602407e-01, 4.904320352958e-03, 8.3194e-01, 5.6670e-03, 
 2DIAGNOSTIC,    12, -4.297045200929e-01, 5.673254149498e-03, 8.3684e-01, 4.9040e-03, 
 2DIAGNOSTIC,    13, -4.335692915518e-01, 6.156954111693e-03, 8.4249e-01, 5.6481e-03, 
 2DIAGNOSTIC,    14, -4.439932007371e-01, 6.764094567465e-03, 8.4750e-01, 5.0132e-03, 
 2DIAGNOSTIC,    15, -4.466217674718e-01, 6.904768051957e-03, 8.5307e-01, 5.5680e-03, 
 2DIAGNOSTIC,    16, -4.513528166460e-01, 6.619270362006e-03, 8.5815e-01, 5.0828e-03, 
 2DIAGNOSTIC,    17, -4.528510993195e-01, 5.844785609148e-03, 8.6385e-01, 5.6961e-03, 
 2DIAGNOSTIC,    18, -4.555717392004e-01, 4.777374778550e-03, 8.7124e-01, 7.3941e-03, 
 2DIAGNOSTIC,    19, -4.559551097346e-01, 3.601534522631e-03, 8.7615e-01, 4.9078e-03, 
 2DIAGNOSTIC,    20, -4.573566864628e-01, 2.586717835116e-03, 8.8370e-01, 7.5440e-03, 
 2DIAGNOSTIC,    21, -4.575250523427e-01, 1.982980832942e-03, 8.8859e-01, 4.8900e-03, 
 2DIAGNOSTIC,    22, -4.577284483464e-01, 1.415650712837e-03, 8.9398e-01, 5.3949e-03, 
 2DIAGNOSTIC,    23, -4.579446159134e-01, 8.825912888961e-04, 8.9889e-01, 4.9050e-03, 
 2DIAGNOSTIC,    24, -4.580221639087e-01, 6.077399172176e-04, 9.0361e-01, 4.7240e-03, 
 2DIAGNOSTIC,    25, -4.581755356090e-01, 3.715339865361e-04, 9.0827e-01, 4.6599e-03, 
 2DIAGNOSTIC,    26, -4.586245669218e-01, 2.523987713025e-04, 9.1302e-01, 4.7510e-03, 
 2DIAGNOSTIC,    27, -4.589284669129e-01, 1.618323101456e-04, 9.1999e-01, 6.9740e-03, 
 2DIAGNOSTIC,    28, -4.591711657043e-01, 1.332192924931e-04, 9.2478e-01, 4.7901e-03, 
 2DIAGNOSTIC,    29, -4.592801508273e-01, 1.047245190373e-04, 9.2949e-01, 4.7078e-03, 
 2DIAGNOSTIC,    30, -4.596801381261e-01, 1.080838384673e-04, 9.3646e-01, 6.9649e-03, 
 2DIAGNOSTIC,    31, -4.599400655399e-01, 1.098230300451e-04, 9.4106e-01, 4.6070e-03, 
 2DIAGNOSTIC,    32, -4.599350595065e-01, 1.050004408239e-04, 9.4566e-01, 4.5948e-03, 
 2DIAGNOSTIC,    33, -4.600736526244e-01, 9.790787127928e-05, 9.5039e-01, 4.7340e-03, 
 2DIAGNOSTIC,    34, -4.601771062690e-01, 8.559229760192e-05, 9.5553e-01, 5.1351e-03, 
 2DIAGNOSTIC,    35, -4.602316283114e-01, 6.959679242161e-05, 9.6165e-01, 6.1231e-03, 
 2DIAGNOSTIC,    36, -4.602528431598e-01, 5.639171831135e-05, 9.6615e-01, 4.4961e-03, 
 2DIAGNOSTIC,    37, -4.604055411558e-01, 4.671978762127e-05, 9.7062e-01, 4.4708e-03, 
 2DIAGNOSTIC,    38, -4.610442064766e-01, 4.829625363249e-05, 9.7563e-01, 5.0089e-03, 
 2DIAGNOSTIC,    39, -4.612221405517e-01, 4.959943787235e-05, 9.8022e-01, 4.5938e-03, 
 2DIAGNOSTIC,    40, -4.612071667408e-01, 5.240428305339e-05, 9.8579e-01, 5.5649e-03, 
 2DIAGNOSTIC,    41, -4.615215650075e-01, 5.945766046337e-05, 9.9020e-01, 4.4141e-03, 
 2DIAGNOSTIC,    42, -4.616711011861e-01, 6.258683747728e-05, 9.9527e-01, 5.0662e-03, 
 2DIAGNOSTIC,    43, -4.620585217802e-01, 6.734241530926e-05, 1.0008e+00, 5.5001e-03, 
 2DIAGNOSTIC,    44, -4.631193459648e-01, 8.245347859311e-05, 1.0065e+00, 5.7359e-03, 
 2DIAGNOSTIC,    45, -4.648483573558e-01, 1.143859740154e-04, 1.0110e+00, 4.5209e-03, 
 2DIAGNOSTIC,    46, -4.649566661581e-01, 1.353877769090e-04, 1.0155e+00, 4.4899e-03, 
 2DIAGNOSTIC,    47, -4.651803904158e-01, 1.479015948401e-04, 1.0201e+00, 4.6179e-03, 
 2DIAGNOSTIC,    48, -4.675036955649e-01, 1.855343995207e-04, 1.0264e+00, 6.2702e-03, 
 2DIAGNOSTIC,    49, -4.680855329618e-01, 2.127294689481e-04, 1.0309e+00, 4.4830e-03, 
 2DIAGNOSTIC,    50, -4.682299360529e-01, 2.198804064089e-04, 1.0359e+00, 5.0201e-03, 
 2DIAGNOSTIC,    51, -4.687413556721e-01, 2.167079917383e-04, 1.0414e+00, 5.5411e-03, 
 2DIAGNOSTIC,    52, -4.691401311909e-01, 1.998603217122e-04, 1.0460e+00, 4.5280e-03, 
 2DIAGNOSTIC,    53, -4.700181571418e-01, 1.791805966439e-04, 1.0505e+00, 4.5531e-03, 
 2DIAGNOSTIC,    54, -4.710434431583e-01, 1.659175407278e-04, 1.0573e+00, 6.8202e-03, 
 2DIAGNOSTIC,    55, -4.713054962264e-01, 1.605795783513e-04, 1.0618e+00, 4.4730e-03, 
 2DIAGNOSTIC,    56, -4.722555478897e-01, 1.525599886952e-04, 1.0665e+00, 4.6391e-03, 
 2DIAGNOSTIC,    57, -4.725708241997e-01, 1.354048233188e-04, 1.0710e+00, 4.5700e-03, 
 2DIAGNOSTIC,    58, -4.733690534800e-01, 1.398803819820e-04, 1.0755e+00, 4.5152e-03, 
 2DIAGNOSTIC,    59, -4.741223850157e-01, 1.449874239145e-04, 1.0801e+00, 4.5309e-03, 
 2DIAGNOSTIC,    60, -4.755812890707e-01, 1.528137420204e-04, 1.0864e+00, 6.2928e-03, 
 2DIAGNOSTIC,    61, -4.759091555369e-01, 1.542150663287e-04, 1.1005e+00, 1.4112e-02, 
 2DIAGNOSTIC,    62, -4.759091292519e-01, 1.448627617801e-04, 1.1050e+00, 4.5381e-03, 
 2DIAGNOSTIC,    63, -4.759091840896e-01, 1.307470988536e-04, 1.1096e+00, 4.5772e-03, 
 2DIAGNOSTIC,    64, -4.759092768020e-01, 1.146191434268e-04, 1.1141e+00, 4.4730e-03, 
 2DIAGNOSTIC,    65, -4.759094334973e-01, 9.020163548654e-05, 1.1187e+00, 4.6380e-03, 
 2DIAGNOSTIC,    66, -4.759096982381e-01, 6.702486794070e-05, 1.1233e+00, 4.6079e-03, 
 2DIAGNOSTIC,    67, -4.759101455294e-01, 4.122329728865e-05, 1.1279e+00, 4.5860e-03, 
 2DIAGNOSTIC,    68, -4.759109018131e-01, 1.970495679827e-05, 1.1324e+00, 4.5161e-03, 
 2DIAGNOSTIC,    69, -4.759121753626e-01, 3.523141789693e-06, 1.1370e+00, 4.5440e-03, 
DIAGNOSTIC,Iteration,metricValue,convergenceValue,ITERATION_TIME_INDEX,SINCE_LAST
 2DIAGNOSTIC,     1, -3.882320278925e-01, 1.797693134862e+308, 1.8611e+00, 7.2418e-01, 
 2DIAGNOSTIC,     2, -3.885453274543e-01, 1.797693134862e+308, 1.8902e+00, 2.9107e-02, 
 2DIAGNOSTIC,     3, -3.890066045006e-01, 1.797693134862e+308, 1.9218e+00, 3.1524e-02, 
 2DIAGNOSTIC,     4, -3.896560521403e-01, 1.797693134862e+308, 1.9515e+00, 2.9741e-02, 
 2DIAGNOSTIC,     5, -3.906275213397e-01, 1.797693134862e+308, 1.9805e+00, 2.8980e-02, 
 2DIAGNOSTIC,     6, -3.917420310363e-01, 1.797693134862e+308, 2.0143e+00, 3.3818e-02, 
 2DIAGNOSTIC,     7, -3.927046810224e-01, 1.797693134862e+308, 2.0494e+00, 3.5101e-02, 
 2DIAGNOSTIC,     8, -3.933076054479e-01, 1.797693134862e+308, 2.0786e+00, 2.9211e-02, 
 2DIAGNOSTIC,     9, -3.941618016916e-01, 1.797693134862e+308, 2.1085e+00, 2.9874e-02, 
 2DIAGNOSTIC,    10, -3.959292326917e-01, 1.254404946133e-03, 2.1386e+00, 3.0072e-02, 
 2DIAGNOSTIC,    11, -4.013055511202e-01, 1.542841077970e-03, 2.1685e+00, 2.9939e-02, 
 2DIAGNOSTIC,    12, -4.116844250312e-01, 2.275761586651e-03, 2.2148e+00, 4.6252e-02, 
 2DIAGNOSTIC,    13, -4.126335387317e-01, 2.752656984403e-03, 2.2501e+00, 3.5377e-02, 
 2DIAGNOSTIC,    14, -4.132298487671e-01, 2.981468200719e-03, 2.2842e+00, 3.4036e-02, 
 2DIAGNOSTIC,    15, -4.139542348245e-01, 2.992538064850e-03, 2.3146e+00, 3.0482e-02, 
 2DIAGNOSTIC,    16, -4.154798079693e-01, 2.839285501879e-03, 2.3461e+00, 3.1462e-02, 
 2DIAGNOSTIC,    17, -4.162985842882e-01, 2.509930706907e-03, 2.3809e+00, 3.4773e-02, 
 2DIAGNOSTIC,    18, -4.170121850143e-01, 2.040416869863e-03, 2.4159e+00, 3.4989e-02, 
 2DIAGNOSTIC,    19, -4.171730333812e-01, 1.478218247926e-03, 2.4563e+00, 4.0378e-02, 
 2DIAGNOSTIC,    20, -4.172913510714e-01, 9.033372821726e-04, 2.4870e+00, 3.0706e-02, 
 2DIAGNOSTIC,    21, -4.173645387953e-01, 4.741827711865e-04, 2.5236e+00, 3.6661e-02, 
 2DIAGNOSTIC,    22, -4.174463180767e-01, 3.749985666180e-04, 2.5564e+00, 3.2762e-02, 
 2DIAGNOSTIC,    23, -4.175045914378e-01, 2.806369659583e-04, 2.5880e+00, 3.1618e-02, 
 2DIAGNOSTIC,    24, -4.175025488347e-01, 1.857856512531e-04, 2.6198e+00, 3.1769e-02, 
 2DIAGNOSTIC,    25, -4.174635958699e-01, 1.000229090918e-04, 2.6684e+00, 4.8675e-02, 
 2DIAGNOSTIC,    26, -4.174654307363e-01, 5.257110318135e-05, 2.6983e+00, 2.9905e-02, 
 2DIAGNOSTIC,    27, -4.174710034764e-01, 2.476205220020e-05, 2.7324e+00, 3.4021e-02, 
 2DIAGNOSTIC,    28, -4.174621003819e-01, 1.425592427606e-05, 2.7667e+00, 3.4379e-02, 
 2DIAGNOSTIC,    29, -4.174520206130e-01, 6.865997669948e-06, 2.7987e+00, 3.1980e-02, 
 2DIAGNOSTIC,    30, -4.174703619257e-01, 2.633388803568e-06, 2.8270e+00, 2.8232e-02, 
DIAGNOSTIC,Iteration,metricValue,convergenceValue,ITERATION_TIME_INDEX,SINCE_LAST
 2DIAGNOSTIC,     1, -3.585708362754e-01, 1.797693134862e+308, 3.9350e+00, 1.1081e+00, 
 2DIAGNOSTIC,     2, -3.586823651800e-01, 1.797693134862e+308, 4.1964e+00, 2.6137e-01, 
 2DIAGNOSTIC,     3, -3.587759126008e-01, 1.797693134862e+308, 4.4528e+00, 2.5635e-01, 
 2DIAGNOSTIC,     4, -3.590338083588e-01, 1.797693134862e+308, 4.8353e+00, 3.8255e-01, 
 2DIAGNOSTIC,     5, -3.590390340630e-01, 1.797693134862e+308, 5.3341e+00, 4.9883e-01, 
 2DIAGNOSTIC,     6, -3.590350034265e-01, 1.797693134862e+308, 5.6275e+00, 2.9332e-01, 
 2DIAGNOSTIC,     7, -3.590356170523e-01, 1.797693134862e+308, 5.9170e+00, 2.8958e-01, 
 2DIAGNOSTIC,     8, -3.590408243123e-01, 1.797693134862e+308, 6.1697e+00, 2.5264e-01, 
 2DIAGNOSTIC,     9, -3.590530645672e-01, 1.797693134862e+308, 6.4251e+00, 2.5540e-01, 
 2DIAGNOSTIC,    10, -3.590636823450e-01, 8.259200312533e-05, 6.6809e+00, 2.5586e-01, 
 2DIAGNOSTIC,    11, -3.590999436199e-01, 5.208456535198e-05, 6.9326e+00, 2.5168e-01, 
 2DIAGNOSTIC,    12, -3.591464398228e-01, 3.266508871551e-05, 7.1891e+00, 2.5650e-01, 
 2DIAGNOSTIC,    13, -3.592625939008e-01, 2.579222704227e-05, 7.5096e+00, 3.2047e-01, 
 2DIAGNOSTIC,    14, -3.592991799519e-01, 3.428497307746e-05, 7.8694e+00, 3.5986e-01, 
 2DIAGNOSTIC,    15, -3.593011255202e-01, 3.915112660553e-05, 8.2367e+00, 3.6723e-01, 
 2DIAGNOSTIC,    16, -3.593003964340e-01, 3.986156249478e-05, 8.5341e+00, 2.9739e-01, 
 2DIAGNOSTIC,    17, -3.592993599012e-01, 3.695683754015e-05, 8.8660e+00, 3.3193e-01, 
 2DIAGNOSTIC,    18, -3.592987619224e-01, 3.125535945735e-05, 9.1722e+00, 3.0619e-01, 
 2DIAGNOSTIC,    19, -3.592981857219e-01, 2.390051289278e-05, 9.5666e+00, 3.9446e-01, 
 2DIAGNOSTIC,    20, -3.592982076806e-01, 1.568646469692e-05, 9.9230e+00, 3.5640e-01, 
 2DIAGNOSTIC,    21, -3.592969240492e-01, 8.285025390055e-06, 1.0194e+01, 2.7101e-01, 
 2DIAGNOSTIC,    22, -3.592963032731e-01, 2.474019442728e-06, 1.0482e+01, 2.8769e-01, 
DIAGNOSTIC,Iteration,metricValue,convergenceValue,ITERATION_TIME_INDEX,SINCE_LAST
 2DIAGNOSTIC,     1, -3.305072579114e-01, 1.797693134862e+308, 1.3122e+01, 2.6401e+00, 
 2DIAGNOSTIC,     2, -3.306725535642e-01, 1.797693134862e+308, 1.4798e+01, 1.6762e+00, 
 2DIAGNOSTIC,     3, -3.309278470814e-01, 1.797693134862e+308, 1.6357e+01, 1.5587e+00, 
 2DIAGNOSTIC,     4, -3.311138256095e-01, 1.797693134862e+308, 1.7881e+01, 1.5244e+00, 
 2DIAGNOSTIC,     5, -3.313998151286e-01, 1.797693134862e+308, 1.9480e+01, 1.5991e+00, 
 2DIAGNOSTIC,     6, -3.314682045520e-01, 1.797693134862e+308, 2.0983e+01, 1.5030e+00, 
 2DIAGNOSTIC,     7, -3.316358959430e-01, 1.797693134862e+308, 2.2545e+01, 1.5612e+00, 
 2DIAGNOSTIC,     8, -3.316970588149e-01, 1.797693134862e+308, 2.5719e+01, 3.1747e+00, 
 2DIAGNOSTIC,     9, -3.316990169010e-01, 1.797693134862e+308, 2.7098e+01, 1.3792e+00, 
 2DIAGNOSTIC,    10, -3.317025746428e-01, 2.508709159274e-04, 2.8594e+01, 1.4957e+00, 
 2DIAGNOSTIC,    11, -3.317032937195e-01, 1.810765971984e-04, 3.0874e+01, 2.2796e+00, 
 2DIAGNOSTIC,    12, -3.317033094348e-01, 1.185053285296e-04, 3.2847e+01, 1.9738e+00, 
 2DIAGNOSTIC,    13, -3.317033017535e-01, 7.179589544057e-05, 3.4607e+01, 1.7596e+00, 
 2DIAGNOSTIC,    14, -3.317052276602e-01, 3.667696606521e-05, 3.6326e+01, 1.7186e+00, 
 2DIAGNOSTIC,    15, -3.317057977702e-01, 1.953986037913e-05, 3.7783e+01, 1.4570e+00, 
 2DIAGNOSTIC,    16, -3.317064447100e-01, 6.431874754131e-06, 3.9420e+01, 1.6378e+00, 
 2DIAGNOSTIC,    17, -3.317069491688e-01, 2.858321597791e-06, 4.1336e+01, 1.9156e+00, 
 2DIAGNOSTIC,    18, -3.317069757984e-01, 2.505505865467e-06, 4.2963e+01, 1.6266e+00, 
 2DIAGNOSTIC,    19, -3.317068983006e-01, 2.201374168016e-06, 4.4435e+01, 1.4728e+00, 
 2DIAGNOSTIC,    20, -3.317065372490e-01, 2.014584874747e-06, 4.6094e+01, 1.6587e+00, 
 2DIAGNOSTIC,    21, -3.317064908333e-01, 1.834697953298e-06, 4.7695e+01, 1.6010e+00, 
 2DIAGNOSTIC,    22, -3.317063735586e-01, 1.638110039094e-06, 4.9261e+01, 1.5662e+00, 
 2DIAGNOSTIC,    23, -3.317063266216e-01, 1.437085689684e-06, 5.0757e+01, 1.4962e+00, 
 2DIAGNOSTIC,    24, -3.317062895797e-01, 1.315348765324e-06, 5.2088e+01, 1.3301e+00, 
 2DIAGNOSTIC,    25, -3.317063458831e-01, 1.225610411770e-06, 5.3612e+01, 1.5248e+00, 
 2DIAGNOSTIC,    26, -3.317063814824e-01, 1.169227763623e-06, 5.5614e+01, 2.0022e+00, 
 2DIAGNOSTIC,    27, -3.317063526947e-01, 1.137093591834e-06, 5.7268e+01, 1.6536e+00, 
 2DIAGNOSTIC,    28, -3.317063234407e-01, 1.111120220741e-06, 5.8658e+01, 1.3904e+00, 
 2DIAGNOSTIC,    29, -3.317063219312e-01, 1.087290867716e-06, 6.0147e+01, 1.4890e+00, 
 2DIAGNOSTIC,    30, -3.317065298931e-01, 1.061556709397e-06, 6.1614e+01, 1.4662e+00, 
 2DIAGNOSTIC,    31, -3.317065073898e-01, 1.035367789393e-06, 6.3257e+01, 1.6437e+00, 
 2DIAGNOSTIC,    32, -3.317065038999e-01, 1.006890791473e-06, 6.4582e+01, 1.3249e+00, 
  Elapsed time (stage 0): 6.5366e+01


Total elapsed time: 6.5368e+01
Info [verificarlo]: loaded backend libinterflop_vprec.so
Info [interflop-vprec]: load backend with: 
Info [interflop-vprec]: precision-binary32 = 19
Info [interflop-vprec]: range-binary32 = 8
Info [interflop-vprec]: precision-binary64 = 19
Info [interflop-vprec]: range-binary64 = 8
Info [interflop-vprec]: mode = ob
Info [interflop-vprec]: error-mode = rel
Info [interflop-vprec]: max-abs-error-exponent = -1022
Info [interflop-vprec]: daz = false
Info [interflop-vprec]: ftz = false
Info [interflop-vprec]: 	instrument = none
Info [interflop-vprec]: 	prec-input-file = (null)
Info [interflop-vprec]: 	prec-output-file = (null)
Info [interflop-vprec]: 	prec-log-file = (null)
All_Command_lines_OK
Using double precision for computations.
=============================================================================
The composite transform comprises the following transforms (in order): 
  1. /home/mdugre/scratch/mri-registration-rp/datasets/ds004513/derivatives/mri-registration-rp/0011/antsRegistration-r8-p19/sub-s020/rigid_Composite.h5[0] (type = Euler3DTransform)
  2. /home/mdugre/scratch/mri-registration-rp/datasets/ds004513/derivatives/mri-registration-rp/0011/antsRegistration-r8-p19/sub-s020/rigid_Composite.h5[1] (type = Euler3DTransform)
  3. /home/mdugre/scratch/mri-registration-rp/datasets/ds004513/derivatives/mri-registration-rp/0011/antsRegistration-r8-p19/sub-s020/rigid_Composite.h5[2] (type = Euler3DTransform)
=============================================================================
  number of levels = 4
  fixed image: /templateflow/tpl-MNI152NLin2009cAsym/tpl-MNI152NLin2009cAsym_res-01_desc-brain_T1w.nii.gz
  moving image: /home/mdugre/scratch/mri-registration-rp/datasets/ds004513/derivatives/mri-registration-rp/antsBrainExtraction/sub-s020/BrainExtractionBrain.nii.gz
Dimension = 3
Number of stages = 1
Use histogram matching = false
Winsorize image intensities = true
  Lower quantile = 0.005
  Upper quantile = 0.995


Stage 1 State
   Image metric = MattesMI
     Fixed image = Image (0x522d490)
  RTTI typeinfo:   itk::Image<double, 3u>
  Reference Count: 2
  Modified Time: 1594
  Debug: Off
  Object Name: 
  Observers: 
    none
  Source: (none)
  Source output name: (none)
  Release Data: Off
  Data Released: False
  Global Release Data: Off
  PipelineMTime: 0
  UpdateMTime: 1203
  RealTimeStamp: 0 seconds 
  LargestPossibleRegion: 
    Dimension: 3
    Index: [0, 0, 0]
    Size: [193, 229, 193]
  BufferedRegion: 
    Dimension: 3
    Index: [0, 0, 0]
    Size: [193, 229, 193]
  RequestedRegion: 
    Dimension: 3
    Index: [0, 0, 0]
    Size: [193, 229, 193]
  Spacing: [1, 1, 1]
  Origin: [96, 132, -78]
  Direction: 
-1 0 0
0 -1 0
0 0 1

  IndexToPointMatrix: 
-1 0 0
0 -1 0
0 0 1

  PointToIndexMatrix: 
-1 0 0
0 -1 0
0 0 1

  Inverse Direction: 
-1 0 0
0 -1 0
0 0 1

  PixelContainer: 
    ImportImageContainer (0x52f88c0)
      RTTI typeinfo:   itk::ImportImageContainer<unsigned long, double>
      Reference Count: 1
      Modified Time: 1200
      Debug: Off
      Object Name: 
      Observers: 
        none
      Pointer: 0x14790fc66010
      Container manages memory: true
      Size: 8530021
      Capacity: 8530021

     Moving image = Image (0x52e8b60)
  RTTI typeinfo:   itk::Image<double, 3u>
  Reference Count: 2
  Modified Time: 1595
  Debug: Off
  Object Name: 
  Observers: 
    none
  Source: (none)
  Source output name: (none)
  Release Data: Off
  Data Released: False
  Global Release Data: Off
  PipelineMTime: 0
  UpdateMTime: 1592
  RealTimeStamp: 0 seconds 
  LargestPossibleRegion: 
    Dimension: 3
    Index: [0, 0, 0]
    Size: [160, 240, 256]
  BufferedRegion: 
    Dimension: 3
    Index: [0, 0, 0]
    Size: [160, 240, 256]
  RequestedRegion: 
    Dimension: 3
    Index: [0, 0, 0]
    Size: [160, 240, 256]
  Spacing: [0.999995, 1, 1]
  Origin: [87.0906, 98.7205, -152.377]
  Direction: 
-0.996975 0.0261379 -0.0731913
-0.0260677 -0.999659 -0.00191374
-0.0732162 -2.46403e-08 0.997316

  IndexToPointMatrix: 
-0.99697 0.0261379 -0.0731913
-0.0260676 -0.999659 -0.00191374
-0.0732158 -2.46403e-08 0.997316

  PointToIndexMatrix: 
-0.996981 -0.0260679 -0.0732168
0.0261377 -0.999657 1.54972e-06
-0.073191 -0.00191462 0.997313

  Inverse Direction: 
-0.996975 -0.0260677 -0.0732162
0.0261379 -0.999659 -1.3411e-07
-0.0731913 -0.00191481 0.997318

  PixelContainer: 
    ImportImageContainer (0x537c1d0)
      RTTI typeinfo:   itk::ImportImageContainer<unsigned long, double>
      Reference Count: 1
      Modified Time: 1589
      Debug: Off
      Object Name: 
      Observers: 
        none
      Pointer: 0x14790b165010
      Container manages memory: true
      Size: 9830400
      Capacity: 9830400

     Weighting = 1
     Sampling strategy = regular
     Number of bins = 32
     Radius = 4
     Sampling percentage  = 0.25
   Transform = Affine
     Gradient step = 0.1
     Update field sigma (voxel space) = 0
     Total field sigma (voxel space) = 0
     Update field time sigma = 0
     Total field time sigma  = 0
     Number of time indices = 0
     Number of time point samples = 0
Registration using 1 total stages.

Stage 0
  iterations = 1000x500x250x100
  convergence threshold = 1e-06
  convergence window size = 10
  number of levels = 4
  using the Mattes MI metric (number of bins = 32, weight = 1, use gradient filter = 0)
  preprocessing:  winsorizing the image intensities
  Shrink factors (level 1 out of 4): [8, 8, 8]
  Shrink factors (level 2 out of 4): [4, 4, 4]
  Shrink factors (level 3 out of 4): [2, 2, 2]
  Shrink factors (level 4 out of 4): [1, 1, 1]
  smoothing sigmas per level: [3, 2, 1, 0]
  regular sampling (percentage = 0.25)

*** Running AffineTransform registration ***

DIAGNOSTIC,Iteration,metricValue,convergenceValue,ITERATION_TIME_INDEX,SINCE_LAST
 2DIAGNOSTIC,     1, -5.025299070466e-01, 1.797693134862e+308, 0.0000e+00, 0.0000e+00, 
 2DIAGNOSTIC,     2, -5.046194752333e-01, 1.797693134862e+308, 0.0000e+00, 0.0000e+00, 
 2DIAGNOSTIC,     3, -5.083826702883e-01, 1.797693134862e+308, 0.0000e+00, 0.0000e+00, 
 2DIAGNOSTIC,     4, -5.136029148427e-01, 1.797693134862e+308, 0.0000e+00, 0.0000e+00, 
 2DIAGNOSTIC,     5, -5.219518519864e-01, 1.797693134862e+308, 0.0000e+00, 0.0000e+00, 
 2DIAGNOSTIC,     6, -5.353098607272e-01, 1.797693134862e+308, 0.0000e+00, 0.0000e+00, 
 2DIAGNOSTIC,     7, -5.585868535146e-01, 1.797693134862e+308, 0.0000e+00, 0.0000e+00, 
 2DIAGNOSTIC,     8, -6.549733907734e-01, 1.797693134862e+308, 0.0000e+00, 0.0000e+00, 
 2DIAGNOSTIC,     9, -7.045298746291e-01, 1.797693134862e+308, 0.0000e+00, 0.0000e+00, 
 2DIAGNOSTIC,    10, -7.425999515511e-01, 2.674957915276e-02, 0.0000e+00, 0.0000e+00, 
 2DIAGNOSTIC,    11, -7.763492695860e-01, 2.946930308240e-02, 0.0000e+00, 0.0000e+00, 
 2DIAGNOSTIC,    12, -7.934524952618e-01, 2.969639825208e-02, 0.0000e+00, 0.0000e+00, 
 2DIAGNOSTIC,    13, -8.286721294460e-01, 2.845940090774e-02, 0.0000e+00, 0.0000e+00, 
 2DIAGNOSTIC,    14, -8.280744287546e-01, 2.503157358169e-02, 0.0000e+00, 0.0000e+00, 
 2DIAGNOSTIC,    15, -8.305093440546e-01, 2.028500497051e-02, 0.0000e+00, 0.0000e+00, 
 2DIAGNOSTIC,    16, -8.326704288797e-01, 1.488988033778e-02, 0.0000e+00, 0.0000e+00, 
 2DIAGNOSTIC,    17, -8.379850465778e-01, 9.578732087950e-03, 0.0000e+00, 0.0000e+00, 
 2DIAGNOSTIC,    18, -8.480012025166e-01, 6.541625531469e-03, 0.0000e+00, 0.0000e+00, 
 2DIAGNOSTIC,    19, -8.479990009701e-01, 4.350817533071e-03, 0.0000e+00, 0.0000e+00, 
 2DIAGNOSTIC,    20, -8.480019319699e-01, 2.796736530020e-03, 0.0000e+00, 0.0000e+00, 
 2DIAGNOSTIC,    21, -8.480077582791e-01, 1.807881455926e-03, 0.0000e+00, 0.0000e+00, 
 2DIAGNOSTIC,    22, -8.480154958822e-01, 1.047945887265e-03, 0.0000e+00, 0.0000e+00, 
 2DIAGNOSTIC,    23, -8.480272213174e-01, 8.714423159679e-04, 0.0000e+00, 0.0000e+00, 
 2DIAGNOSTIC,    24, -8.480460605215e-01, 6.218287955648e-04, 0.0000e+00, 0.0000e+00, 
 2DIAGNOSTIC,    25, -8.480793702033e-01, 3.785361130054e-04, 0.0000e+00, 0.0000e+00, 
 2DIAGNOSTIC,    26, -8.479975460519e-01, 1.520430268262e-04, 0.0000e+00, 0.0000e+00, 
 2DIAGNOSTIC,    27, -8.479565923953e-01, 1.751776833619e-06, 0.0000e+00, 0.0000e+00, 
DIAGNOSTIC,Iteration,metricValue,convergenceValue,ITERATION_TIME_INDEX,SINCE_LAST
 2DIAGNOSTIC,     1, -7.131129765487e-01, 1.797693134862e+308, 0.0000e+00, 0.0000e+00, 
 2DIAGNOSTIC,     2, -7.140518270395e-01, 1.797693134862e+308, 0.0000e+00, 0.0000e+00, 
 2DIAGNOSTIC,     3, -7.148402381119e-01, 1.797693134862e+308, 0.0000e+00, 0.0000e+00, 
 2DIAGNOSTIC,     4, -7.152770572427e-01, 1.797693134862e+308, 0.0000e+00, 0.0000e+00, 
 2DIAGNOSTIC,     5, -7.154007606688e-01, 1.797693134862e+308, 0.0000e+00, 0.0000e+00, 
 2DIAGNOSTIC,     6, -7.156056565429e-01, 1.797693134862e+308, 0.0000e+00, 0.0000e+00, 
 2DIAGNOSTIC,     7, -7.155433595236e-01, 1.797693134862e+308, 0.0000e+00, 0.0000e+00, 
 2DIAGNOSTIC,     8, -7.155411351863e-01, 1.797693134862e+308, 0.0000e+00, 0.0000e+00, 
 2DIAGNOSTIC,     9, -7.155337726215e-01, 1.797693134862e+308, 0.0000e+00, 0.0000e+00, 
 2DIAGNOSTIC,    10, -7.155260302747e-01, 1.763910885545e-04, 0.0000e+00, 0.0000e+00, 
 2DIAGNOSTIC,    11, -7.155511807708e-01, 8.721371853371e-05, 0.0000e+00, 0.0000e+00, 
 2DIAGNOSTIC,    12, -7.155529364160e-01, 3.597013681254e-05, 0.0000e+00, 0.0000e+00, 
 2DIAGNOSTIC,    13, -7.155396604741e-01, 1.307934142203e-05, 0.0000e+00, 0.0000e+00, 
 2DIAGNOSTIC,    14, -7.155332167490e-01, 4.678636915653e-06, 0.0000e+00, 0.0000e+00, 
DIAGNOSTIC,Iteration,metricValue,convergenceValue,ITERATION_TIME_INDEX,SINCE_LAST
 2DIAGNOSTIC,     1, -5.952666202017e-01, 1.797693134862e+308, 0.0000e+00, 0.0000e+00, 
 2DIAGNOSTIC,     2, -5.956255853721e-01, 1.797693134862e+308, 0.0000e+00, 0.0000e+00, 
 2DIAGNOSTIC,     3, -5.959486834457e-01, 1.797693134862e+308, 0.0000e+00, 0.0000e+00, 
 2DIAGNOSTIC,     4, -5.961908593145e-01, 1.797693134862e+308, 0.0000e+00, 0.0000e+00, 
 2DIAGNOSTIC,     5, -5.965920791395e-01, 1.797693134862e+308, 0.0000e+00, 0.0000e+00, 
 2DIAGNOSTIC,     6, -5.969878217301e-01, 1.797693134862e+308, 0.0000e+00, 0.0000e+00, 
 2DIAGNOSTIC,     7, -5.970043569905e-01, 1.797693134862e+308, 0.0000e+00, 0.0000e+00, 
 2DIAGNOSTIC,     8, -5.970044551998e-01, 1.797693134862e+308, 0.0000e+00, 0.0000e+00, 
 2DIAGNOSTIC,     9, -5.969995508361e-01, 1.797693134862e+308, 0.0000e+00, 0.0000e+00, 
 2DIAGNOSTIC,    10, -5.970069085626e-01, 1.998232859946e-04, 0.0000e+00, 0.0000e+00, 
 2DIAGNOSTIC,    11, -5.970101869852e-01, 1.359511495903e-04, 0.0000e+00, 0.0000e+00, 
 2DIAGNOSTIC,    12, -5.970123610867e-01, 8.507438192616e-05, 0.0000e+00, 0.0000e+00, 
 2DIAGNOSTIC,    13, -5.970157809707e-01, 4.671488363608e-05, 0.0000e+00, 0.0000e+00, 
 2DIAGNOSTIC,    14, -5.970170608297e-01, 1.788307948425e-05, 0.0000e+00, 0.0000e+00, 
 2DIAGNOSTIC,    15, -5.970172310834e-01, 3.862575243499e-06, 0.0000e+00, 0.0000e+00, 
 2DIAGNOSTIC,    16, -5.970154436268e-01, 3.146588434366e-06, 0.0000e+00, 0.0000e+00, 
 2DIAGNOSTIC,    17, -5.970157955022e-01, 2.882993604396e-06, 0.0000e+00, 0.0000e+00, 
 2DIAGNOSTIC,    18, -5.970152326179e-01, 2.547445855171e-06, 0.0000e+00, 0.0000e+00, 
 2DIAGNOSTIC,    19, -5.970170724422e-01, 2.093273480580e-06, 0.0000e+00, 0.0000e+00, 
 2DIAGNOSTIC,    20, -5.970223562998e-01, 1.944730144407e-06, 0.0000e+00, 0.0000e+00, 
 2DIAGNOSTIC,    21, -5.970278888164e-01, 1.974355035517e-06, 0.0000e+00, 0.0000e+00, 
 2DIAGNOSTIC,    22, -5.970338095996e-01, 2.130245942630e-06, 0.0000e+00, 0.0000e+00, 
 2DIAGNOSTIC,    23, -5.970386723470e-01, 2.378122750564e-06, 0.0000e+00, 0.0000e+00, 
 2DIAGNOSTIC,    24, -5.970376205660e-01, 2.515377223684e-06, 0.0000e+00, 0.0000e+00, 
 2DIAGNOSTIC,    25, -5.970436559099e-01, 2.650031949214e-06, 0.0000e+00, 0.0000e+00, 
 2DIAGNOSTIC,    26, -5.970490644890e-01, 2.706638157102e-06, 0.0000e+00, 0.0000e+00, 
 2DIAGNOSTIC,    27, -5.970710404900e-01, 3.010883028350e-06, 0.0000e+00, 0.0000e+00, 
 2DIAGNOSTIC,    28, -5.970883327193e-01, 3.396897254024e-06, 0.0000e+00, 0.0000e+00, 
 2DIAGNOSTIC,    29, -5.971157580295e-01, 4.020542212463e-06, 0.0000e+00, 0.0000e+00, 
 2DIAGNOSTIC,    30, -5.971437875286e-01, 4.849225486186e-06, 0.0000e+00, 0.0000e+00, 
 2DIAGNOSTIC,    31, -5.971513259318e-01, 5.458427172485e-06, 0.0000e+00, 0.0000e+00, 
 2DIAGNOSTIC,    32, -5.971511644988e-01, 5.695924914187e-06, 0.0000e+00, 0.0000e+00, 
 2DIAGNOSTIC,    33, -5.971504978449e-01, 5.537238558437e-06, 0.0000e+00, 0.0000e+00, 
 2DIAGNOSTIC,    34, -5.971501717556e-01, 4.930831953579e-06, 0.0000e+00, 0.0000e+00, 
 2DIAGNOSTIC,    35, -5.971493596659e-01, 4.047434544720e-06, 0.0000e+00, 0.0000e+00, 
 2DIAGNOSTIC,    36, -5.971484193508e-01, 2.970965735614e-06, 0.0000e+00, 0.0000e+00, 
 2DIAGNOSTIC,    37, -5.971478974471e-01, 2.033572733571e-06, 0.0000e+00, 0.0000e+00, 
 2DIAGNOSTIC,    38, -5.971467408209e-01, 1.231705515799e-06, 0.0000e+00, 0.0000e+00, 
DIAGNOSTIC,Iteration,metricValue,convergenceValue,ITERATION_TIME_INDEX,SINCE_LAST
 2DIAGNOSTIC,     1, -5.295896361492e-01, 1.797693134862e+308, 0.0000e+00, 0.0000e+00, 
 2DIAGNOSTIC,     2, -5.299172044645e-01, 1.797693134862e+308, 0.0000e+00, 0.0000e+00, 
 2DIAGNOSTIC,     3, -5.301859388602e-01, 1.797693134862e+308, 0.0000e+00, 0.0000e+00, 
 2DIAGNOSTIC,     4, -5.304687416563e-01, 1.797693134862e+308, 0.0000e+00, 0.0000e+00, 
 2DIAGNOSTIC,     5, -5.312479181689e-01, 1.797693134862e+308, 0.0000e+00, 0.0000e+00, 
 2DIAGNOSTIC,     6, -5.316137294412e-01, 1.797693134862e+308, 0.0000e+00, 0.0000e+00, 
 2DIAGNOSTIC,     7, -5.316161760824e-01, 1.797693134862e+308, 0.0000e+00, 0.0000e+00, 
 2DIAGNOSTIC,     8, -5.316156329751e-01, 1.797693134862e+308, 0.0000e+00, 0.0000e+00, 
 2DIAGNOSTIC,     9, -5.316155195909e-01, 1.797693134862e+308, 0.0000e+00, 0.0000e+00, 
 2DIAGNOSTIC,    10, -5.316151160029e-01, 2.766546419898e-04, 0.0000e+00, 0.0000e+00, 
 2DIAGNOSTIC,    11, -5.316154527784e-01, 1.938194312202e-04, 0.0000e+00, 0.0000e+00, 
 2DIAGNOSTIC,    12, -5.316149366737e-01, 1.225836815759e-04, 0.0000e+00, 0.0000e+00, 
 2DIAGNOSTIC,    13, -5.316149649400e-01, 6.285188998614e-05, 0.0000e+00, 0.0000e+00, 
 2DIAGNOSTIC,    14, -5.316150001132e-01, 1.630093197107e-05, 0.0000e+00, 0.0000e+00, 
 2DIAGNOSTIC,    15, -5.316151803578e-01, 2.107725660908e-06, 0.0000e+00, 0.0000e+00, 
 2DIAGNOSTIC,    16, -5.316151671915e-01, 1.920276534437e-06, 0.0000e+00, 0.0000e+00, 
 2DIAGNOSTIC,    17, -5.316154826862e-01, 1.848318393900e-06, 0.0000e+00, 0.0000e+00, 
 2DIAGNOSTIC,    18, -5.316154937862e-01, 1.770319469158e-06, 0.0000e+00, 0.0000e+00, 
 2DIAGNOSTIC,    19, -5.316154186994e-01, 1.694898414083e-06, 0.0000e+00, 0.0000e+00, 
 2DIAGNOSTIC,    20, -5.316154166422e-01, 1.613662925261e-06, 0.0000e+00, 0.0000e+00, 
 2DIAGNOSTIC,    21, -5.316154263475e-01, 1.546896034682e-06, 0.0000e+00, 0.0000e+00, 
 2DIAGNOSTIC,    22, -5.316154263475e-01, 1.470275147450e-06, 0.0000e+00, 0.0000e+00, 
 2DIAGNOSTIC,    23, -5.316154263475e-01, 1.398431320028e-06, 0.0000e+00, 0.0000e+00, 
