
##########################
# Experiment information #
##########################

EXPERIMENT_NAME: antsRegistration-r8-p18
VFC_BACKENDS: libinterflop_vprec.so --range-binary32=8 --precision-binary32=18 --range-binary64=8 --precision-binary64=18

SIF_IMG: /home/mdugre/projects/rrg-glatard/mdugre/containers/ants-vprec-no_metrics.simg

SUBJECT_ID: s020
INPUT_IMG: /home/mdugre/scratch/mri-registration-rp/datasets/ds004513/derivatives/mri-registration-rp/antsBrainExtraction/sub-s020/BrainExtractionBrain.nii.gz
OUTPUT_DIR: /home/mdugre/scratch/mri-registration-rp/datasets/ds004513/derivatives/mri-registration-rp/0011/antsRegistration-r8-p18/sub-s020

FIXED_IMG: /templateflow/tpl-MNI152NLin2009cAsym/tpl-MNI152NLin2009cAsym_res-01_desc-brain_T1w.nii.gz
DATA_DIR: /home/mdugre/scratch/mri-registration-rp/datasets/ds004513
TEMPLATEFLOW_DIR: /home/mdugre/projects/rrg-glatard/mdugre/templateflow
ITK_GLOBAL_DEFAULT_NUMBER_OF_THREADS: 16
##########################

Info [verificarlo]: loaded backend libinterflop_ieee.so
Info [interflop-ieee]: load backend with:
Info [interflop-ieee]: debug = false
Info [interflop-ieee]: debug-binary = false
Info [interflop-ieee]: no-backend-name = false
Info [interflop-ieee]: print-new-line = false
Info [interflop-ieee]: print-subnormal-normalized = false
Info [interflop-ieee]: count-op = false
All_Command_lines_OK
Using double precision for computations.
=============================================================================
The composite transform comprises the following transforms (in order): 
  1. Center of mass alignment using fixed image: /templateflow/tpl-MNI152NLin2009cAsym/tpl-MNI152NLin2009cAsym_res-01_desc-brain_T1w.nii.gz and moving image: /home/mdugre/scratch/mri-registration-rp/datasets/ds004513/derivatives/mri-registration-rp/antsBrainExtraction/sub-s020/BrainExtractionBrain.nii.gz (type = Euler3DTransform)
=============================================================================
  number of levels = 1
  fixed image: /templateflow/tpl-MNI152NLin2009cAsym/tpl-MNI152NLin2009cAsym_res-01_desc-brain_T1w.nii.gz
  moving image: /home/mdugre/scratch/mri-registration-rp/datasets/ds004513/derivatives/mri-registration-rp/antsBrainExtraction/sub-s020/BrainExtractionBrain.nii.gz
Dimension = 3
Number of stages = 1
Use histogram matching = false
Winsorize image intensities = true
  Lower quantile = 0.005
  Upper quantile = 0.995


Stage 1 State
   Image metric = MattesMI
     Fixed image = Image (0x3717e70)
  RTTI typeinfo:   itk::Image<double, 3u>
  Reference Count: 2
  Modified Time: 2334
  Debug: Off
  Object Name: 
  Observers: 
    none
  Source: (none)
  Source output name: (none)
  Release Data: Off
  Data Released: False
  Global Release Data: Off
  PipelineMTime: 0
  UpdateMTime: 1943
  RealTimeStamp: 0 seconds 
  LargestPossibleRegion: 
    Dimension: 3
    Index: [0, 0, 0]
    Size: [193, 229, 193]
  BufferedRegion: 
    Dimension: 3
    Index: [0, 0, 0]
    Size: [193, 229, 193]
  RequestedRegion: 
    Dimension: 3
    Index: [0, 0, 0]
    Size: [193, 229, 193]
  Spacing: [1, 1, 1]
  Origin: [96, 132, -78]
  Direction: 
-1 0 0
0 -1 0
0 0 1

  IndexToPointMatrix: 
-1 0 0
0 -1 0
0 0 1

  PointToIndexMatrix: 
-1 0 0
0 -1 0
0 0 1

  Inverse Direction: 
-1 0 0
0 -1 0
0 0 1

  PixelContainer: 
    ImportImageContainer (0x3720c60)
      RTTI typeinfo:   itk::ImportImageContainer<unsigned long, double>
      Reference Count: 1
      Modified Time: 1940
      Debug: Off
      Object Name: 
      Observers: 
        none
      Pointer: 0x15144cea6010
      Container manages memory: true
      Size: 8530021
      Capacity: 8530021

     Moving image = Image (0x3723610)
  RTTI typeinfo:   itk::Image<double, 3u>
  Reference Count: 2
  Modified Time: 2335
  Debug: Off
  Object Name: 
  Observers: 
    none
  Source: (none)
  Source output name: (none)
  Release Data: Off
  Data Released: False
  Global Release Data: Off
  PipelineMTime: 0
  UpdateMTime: 2332
  RealTimeStamp: 0 seconds 
  LargestPossibleRegion: 
    Dimension: 3
    Index: [0, 0, 0]
    Size: [160, 240, 256]
  BufferedRegion: 
    Dimension: 3
    Index: [0, 0, 0]
    Size: [160, 240, 256]
  RequestedRegion: 
    Dimension: 3
    Index: [0, 0, 0]
    Size: [160, 240, 256]
  Spacing: [0.999995, 1, 1]
  Origin: [87.0906, 98.7205, -152.377]
  Direction: 
-0.996975 0.0261379 -0.0731913
-0.0260677 -0.999658 -0.00191374
-0.0732163 -2.46403e-08 0.997316

  IndexToPointMatrix: 
-0.996971 0.0261379 -0.0731913
-0.0260676 -0.999658 -0.00191374
-0.0732159 -2.46403e-08 0.997316

  PointToIndexMatrix: 
-0.99698 -0.0260679 -0.0732166
0.0261379 -0.999658 -2.46993e-08
-0.0731913 -0.00191374 0.997316

  Inverse Direction: 
-0.996975 -0.0260677 -0.0732163
0.0261379 -0.999658 -2.46993e-08
-0.0731913 -0.00191374 0.997316

  PixelContainer: 
    ImportImageContainer (0x37bcef0)
      RTTI typeinfo:   itk::ImportImageContainer<unsigned long, double>
      Reference Count: 1
      Modified Time: 2329
      Debug: Off
      Object Name: 
      Observers: 
        none
      Pointer: 0x1514483a5010
      Container manages memory: true
      Size: 9830400
      Capacity: 9830400

     Weighting = 1
     Sampling strategy = regular
     Number of bins = 32
     Radius = 4
     Sampling percentage  = 0.25
   Transform = Rigid
     Gradient step = 0.1
     Update field sigma (voxel space) = 0
     Total field sigma (voxel space) = 0
     Update field time sigma = 0
     Total field time sigma  = 0
     Number of time indices = 0
     Number of time point samples = 0
Registration using 1 total stages.

Stage 0
  iterations = 0
  convergence threshold = 1e-06
  convergence window size = 10
  number of levels = 1
  using the Mattes MI metric (number of bins = 32, weight = 1, use gradient filter = 0)
  preprocessing:  winsorizing the image intensities
  Shrink factors (level 1 out of 1): [1, 1, 1]
  smoothing sigmas per level: [0]
  regular sampling (percentage = 0.25)

*** Running Euler3DTransform registration ***

  Elapsed time (stage 0): 1.17358


Total elapsed time: 1.17609
Info [verificarlo]: loaded backend libinterflop_ieee.so
Info [interflop-ieee]: load backend with:
Info [interflop-ieee]: debug = false
Info [interflop-ieee]: debug-binary = false
Info [interflop-ieee]: no-backend-name = false
Info [interflop-ieee]: print-new-line = false
Info [interflop-ieee]: print-subnormal-normalized = false
Info [interflop-ieee]: count-op = false
All_Command_lines_OK
Using double precision for computations.
=============================================================================
The composite transform comprises the following transforms (in order): 
  1. /home/mdugre/scratch/mri-registration-rp/datasets/ds004513/derivatives/mri-registration-rp/0011/antsRegistration-r8-p18/sub-s020/align_Composite.h5[0] (type = Euler3DTransform)
  2. /home/mdugre/scratch/mri-registration-rp/datasets/ds004513/derivatives/mri-registration-rp/0011/antsRegistration-r8-p18/sub-s020/align_Composite.h5[1] (type = Euler3DTransform)
=============================================================================
  number of levels = 4
  fixed image: /templateflow/tpl-MNI152NLin2009cAsym/tpl-MNI152NLin2009cAsym_res-01_desc-brain_T1w.nii.gz
  moving image: /home/mdugre/scratch/mri-registration-rp/datasets/ds004513/derivatives/mri-registration-rp/antsBrainExtraction/sub-s020/BrainExtractionBrain.nii.gz
Dimension = 3
Number of stages = 1
Use histogram matching = false
Winsorize image intensities = true
  Lower quantile = 0.005
  Upper quantile = 0.995


Stage 1 State
   Image metric = MattesMI
     Fixed image = Image (0x44a9530)
  RTTI typeinfo:   itk::Image<double, 3u>
  Reference Count: 2
  Modified Time: 1580
  Debug: Off
  Object Name: 
  Observers: 
    none
  Source: (none)
  Source output name: (none)
  Release Data: Off
  Data Released: False
  Global Release Data: Off
  PipelineMTime: 0
  UpdateMTime: 1189
  RealTimeStamp: 0 seconds 
  LargestPossibleRegion: 
    Dimension: 3
    Index: [0, 0, 0]
    Size: [193, 229, 193]
  BufferedRegion: 
    Dimension: 3
    Index: [0, 0, 0]
    Size: [193, 229, 193]
  RequestedRegion: 
    Dimension: 3
    Index: [0, 0, 0]
    Size: [193, 229, 193]
  Spacing: [1, 1, 1]
  Origin: [96, 132, -78]
  Direction: 
-1 0 0
0 -1 0
0 0 1

  IndexToPointMatrix: 
-1 0 0
0 -1 0
0 0 1

  PointToIndexMatrix: 
-1 0 0
0 -1 0
0 0 1

  Inverse Direction: 
-1 0 0
0 -1 0
0 0 1

  PixelContainer: 
    ImportImageContainer (0x4567d60)
      RTTI typeinfo:   itk::ImportImageContainer<unsigned long, double>
      Reference Count: 1
      Modified Time: 1186
      Debug: Off
      Object Name: 
      Observers: 
        none
      Pointer: 0x14e04fd64010
      Container manages memory: true
      Size: 8530021
      Capacity: 8530021

     Moving image = Image (0x4559f60)
  RTTI typeinfo:   itk::Image<double, 3u>
  Reference Count: 2
  Modified Time: 1581
  Debug: Off
  Object Name: 
  Observers: 
    none
  Source: (none)
  Source output name: (none)
  Release Data: Off
  Data Released: False
  Global Release Data: Off
  PipelineMTime: 0
  UpdateMTime: 1578
  RealTimeStamp: 0 seconds 
  LargestPossibleRegion: 
    Dimension: 3
    Index: [0, 0, 0]
    Size: [160, 240, 256]
  BufferedRegion: 
    Dimension: 3
    Index: [0, 0, 0]
    Size: [160, 240, 256]
  RequestedRegion: 
    Dimension: 3
    Index: [0, 0, 0]
    Size: [160, 240, 256]
  Spacing: [0.999995, 1, 1]
  Origin: [87.0906, 98.7205, -152.377]
  Direction: 
-0.996975 0.0261379 -0.0731913
-0.0260677 -0.999658 -0.00191374
-0.0732163 -2.46403e-08 0.997316

  IndexToPointMatrix: 
-0.996971 0.0261379 -0.0731913
-0.0260676 -0.999658 -0.00191374
-0.0732159 -2.46403e-08 0.997316

  PointToIndexMatrix: 
-0.99698 -0.0260679 -0.0732166
0.0261379 -0.999658 -2.46993e-08
-0.0731913 -0.00191374 0.997316

  Inverse Direction: 
-0.996975 -0.0260677 -0.0732163
0.0261379 -0.999658 -2.46993e-08
-0.0731913 -0.00191374 0.997316

  PixelContainer: 
    ImportImageContainer (0x454b6d0)
      RTTI typeinfo:   itk::ImportImageContainer<unsigned long, double>
      Reference Count: 1
      Modified Time: 1575
      Debug: Off
      Object Name: 
      Observers: 
        none
      Pointer: 0x14e04b263010
      Container manages memory: true
      Size: 9830400
      Capacity: 9830400

     Weighting = 1
     Sampling strategy = regular
     Number of bins = 32
     Radius = 4
     Sampling percentage  = 0.25
   Transform = Rigid
     Gradient step = 0.1
     Update field sigma (voxel space) = 0
     Total field sigma (voxel space) = 0
     Update field time sigma = 0
     Total field time sigma  = 0
     Number of time indices = 0
     Number of time point samples = 0
Registration using 1 total stages.

Stage 0
  iterations = 1000x500x250x100
  convergence threshold = 1e-06
  convergence window size = 10
  number of levels = 4
  using the Mattes MI metric (number of bins = 32, weight = 1, use gradient filter = 0)
  preprocessing:  winsorizing the image intensities
  Shrink factors (level 1 out of 4): [8, 8, 8]
  Shrink factors (level 2 out of 4): [4, 4, 4]
  Shrink factors (level 3 out of 4): [2, 2, 2]
  Shrink factors (level 4 out of 4): [1, 1, 1]
  smoothing sigmas per level: [3, 2, 1, 0]
  regular sampling (percentage = 0.25)

*** Running Euler3DTransform registration ***

DIAGNOSTIC,Iteration,metricValue,convergenceValue,ITERATION_TIME_INDEX,SINCE_LAST
 2DIAGNOSTIC,     1, -3.791273390751e-01, 1.797693134862e+308, 8.2690e-01, 8.2690e-01, 
 2DIAGNOSTIC,     2, -3.803606001643e-01, 1.797693134862e+308, 8.3171e-01, 4.8151e-03, 
 2DIAGNOSTIC,     3, -3.828962034719e-01, 1.797693134862e+308, 8.3653e-01, 4.8130e-03, 
 2DIAGNOSTIC,     4, -3.876122532015e-01, 1.797693134862e+308, 8.4112e-01, 4.5938e-03, 
 2DIAGNOSTIC,     5, -3.904935334081e-01, 1.797693134862e+308, 8.4633e-01, 5.2121e-03, 
 2DIAGNOSTIC,     6, -3.911039700181e-01, 1.797693134862e+308, 8.5085e-01, 4.5140e-03, 
 2DIAGNOSTIC,     7, -3.914905453856e-01, 1.797693134862e+308, 8.5534e-01, 4.4940e-03, 
 2DIAGNOSTIC,     8, -3.925629083064e-01, 1.797693134862e+308, 8.5992e-01, 4.5769e-03, 
 2DIAGNOSTIC,     9, -3.981570789235e-01, 1.797693134862e+308, 8.6453e-01, 4.6139e-03, 
 2DIAGNOSTIC,    10, -4.079218556696e-01, 3.866687266232e-03, 8.7106e-01, 6.5310e-03, 
 2DIAGNOSTIC,    11, -4.246779602407e-01, 4.904320352959e-03, 8.7659e-01, 5.5261e-03, 
 2DIAGNOSTIC,    12, -4.297045200929e-01, 5.673254149500e-03, 8.8144e-01, 4.8530e-03, 
 2DIAGNOSTIC,    13, -4.335692915530e-01, 6.156954111760e-03, 8.8886e-01, 7.4201e-03, 
 2DIAGNOSTIC,    14, -4.439932007357e-01, 6.764094567452e-03, 8.9366e-01, 4.7932e-03, 
 2DIAGNOSTIC,    15, -4.466217675575e-01, 6.904768055848e-03, 8.9908e-01, 5.4231e-03, 
 2DIAGNOSTIC,    16, -4.513528166458e-01, 6.619270365152e-03, 9.0400e-01, 4.9200e-03, 
 2DIAGNOSTIC,    17, -4.528510987999e-01, 5.844785590792e-03, 9.0954e-01, 5.5401e-03, 
 2DIAGNOSTIC,    18, -4.555717392116e-01, 4.777374763415e-03, 9.1674e-01, 7.2019e-03, 
 2DIAGNOSTIC,    19, -4.559551084911e-01, 3.601534466342e-03, 9.2149e-01, 4.7491e-03, 
 2DIAGNOSTIC,    20, -4.573567416053e-01, 2.586719649178e-03, 9.2853e-01, 7.0448e-03, 
 2DIAGNOSTIC,    21, -4.575252249241e-01, 1.982987870461e-03, 9.3326e-01, 4.7290e-03, 
 2DIAGNOSTIC,    22, -4.577285748266e-01, 1.415660330636e-03, 9.3839e-01, 5.1279e-03, 
 2DIAGNOSTIC,    23, -4.579445780568e-01, 8.825976753239e-04, 9.4293e-01, 4.5359e-03, 
 2DIAGNOSTIC,    24, -4.580221096886e-01, 6.077424602347e-04, 9.4826e-01, 5.3310e-03, 
 2DIAGNOSTIC,    25, -4.581754519074e-01, 3.715318926483e-04, 9.5312e-01, 4.8611e-03, 
 2DIAGNOSTIC,    26, -4.586243643428e-01, 2.523894682736e-04, 9.5769e-01, 4.5710e-03, 
 2DIAGNOSTIC,    27, -4.589277175376e-01, 1.618039068007e-04, 9.6484e-01, 7.1459e-03, 
 2DIAGNOSTIC,    28, -4.591697695743e-01, 1.331611031729e-04, 9.6942e-01, 4.5850e-03, 
 2DIAGNOSTIC,    29, -4.592790338142e-01, 1.046507686732e-04, 9.7396e-01, 4.5390e-03, 
 2DIAGNOSTIC,    30, -4.596799462114e-01, 1.080234863304e-04, 9.8080e-01, 6.8381e-03, 
 2DIAGNOSTIC,    31, -4.599196482418e-01, 1.093538643914e-04, 9.8527e-01, 4.4699e-03, 
 2DIAGNOSTIC,    32, -4.599263870447e-01, 1.044463023522e-04, 9.8977e-01, 4.4980e-03, 
 2DIAGNOSTIC,    33, -4.600501477352e-01, 9.701813049692e-05, 9.9446e-01, 4.6899e-03, 
 2DIAGNOSTIC,    34, -4.601338146523e-01, 8.409569325340e-05, 9.9890e-01, 4.4479e-03, 
 2DIAGNOSTIC,    35, -4.607359976813e-01, 7.789396045427e-05, 1.0070e+00, 8.0502e-03, 
 2DIAGNOSTIC,    36, -4.608000424815e-01, 7.360705606668e-05, 1.0129e+00, 5.9819e-03, 
 2DIAGNOSTIC,    37, -4.608406345341e-01, 6.881659243622e-05, 1.0181e+00, 5.1301e-03, 
 2DIAGNOSTIC,    38, -4.608662688257e-01, 6.262589005532e-05, 1.0232e+00, 5.1599e-03, 
 2DIAGNOSTIC,    39, -4.612505616477e-01, 5.890552070008e-05, 1.0298e+00, 6.5551e-03, 
 2DIAGNOSTIC,    40, -4.621725334565e-01, 7.086489106866e-05, 1.0364e+00, 6.5880e-03, 
 2DIAGNOSTIC,    41, -4.630551002213e-01, 9.289438276129e-05, 1.0423e+00, 5.9209e-03, 
 2DIAGNOSTIC,    42, -4.661689108485e-01, 1.530006116979e-04, 1.0483e+00, 5.9929e-03, 
 2DIAGNOSTIC,    43, -4.763397351621e-01, 3.490142664203e-04, 1.0547e+00, 6.4120e-03, 
 2DIAGNOSTIC,    44, -4.823893654850e-01, 5.878552455929e-04, 1.0605e+00, 5.7960e-03, 
 2DIAGNOSTIC,    45, -4.848674509353e-01, 8.026485678802e-04, 1.0670e+00, 6.4919e-03, 
 2DIAGNOSTIC,    46, -4.886202018140e-01, 9.856381388070e-04, 1.0754e+00, 8.4291e-03, 
 2DIAGNOSTIC,    47, -4.993116395390e-01, 1.210598233492e-03, 1.0828e+00, 7.3681e-03, 
 2DIAGNOSTIC,    48, -4.998521788417e-01, 1.311499718201e-03, 1.0882e+00, 5.3961e-03, 
 2DIAGNOSTIC,    49, -5.003836692018e-01, 1.295135829600e-03, 1.0938e+00, 5.5780e-03, 
 2DIAGNOSTIC,    50, -5.013186029013e-01, 1.182582288969e-03, 1.0993e+00, 5.5709e-03, 
 2DIAGNOSTIC,    51, -5.068185605782e-01, 1.040903656405e-03, 1.1078e+00, 8.4479e-03, 
 2DIAGNOSTIC,    52, -5.081334180116e-01, 8.532882855313e-04, 1.1133e+00, 5.5089e-03, 
 2DIAGNOSTIC,    53, -5.084149727305e-01, 7.150754212873e-04, 1.1194e+00, 6.1638e-03, 
 2DIAGNOSTIC,    54, -5.086036888802e-01, 5.894221076685e-04, 1.1263e+00, 6.8140e-03, 
 2DIAGNOSTIC,    55, -5.088264223273e-01, 4.433660326537e-04, 1.1323e+00, 6.0818e-03, 
 2DIAGNOSTIC,    56, -5.090850037060e-01, 3.011117569925e-04, 1.1418e+00, 9.4929e-03, 
 2DIAGNOSTIC,    57, -5.091655493577e-01, 2.530911307010e-04, 1.1477e+00, 5.8630e-03, 
 2DIAGNOSTIC,    58, -5.094832257181e-01, 1.927639478432e-04, 1.1531e+00, 5.4049e-03, 
 2DIAGNOSTIC,    59, -5.099141159229e-01, 1.269550747519e-04, 1.1585e+00, 5.3809e-03, 
 2DIAGNOSTIC,    60, -5.102809004506e-01, 6.336146263543e-05, 1.1636e+00, 5.1579e-03, 
 2DIAGNOSTIC,    61, -5.103590851944e-01, 5.228999216622e-05, 1.1687e+00, 5.0480e-03, 
 2DIAGNOSTIC,    62, -5.105411385270e-01, 5.160061565445e-05, 1.1737e+00, 5.0192e-03, 
 2DIAGNOSTIC,    63, -5.108759385844e-01, 5.202571000327e-05, 1.1813e+00, 7.5660e-03, 
 2DIAGNOSTIC,    64, -5.110340847559e-01, 5.065372826528e-05, 1.1863e+00, 5.0690e-03, 
 2DIAGNOSTIC,    65, -5.111111116324e-01, 4.728067401959e-05, 1.1913e+00, 4.9510e-03, 
 2DIAGNOSTIC,    66, -5.113366708830e-01, 4.412299882372e-05, 1.1968e+00, 5.4891e-03, 
 2DIAGNOSTIC,    67, -5.119184864082e-01, 4.288254232628e-05, 1.2024e+00, 5.6341e-03, 
 2DIAGNOSTIC,    68, -5.121894709648e-01, 4.266628928171e-05, 1.2205e+00, 1.8125e-02, 
 2DIAGNOSTIC,    69, -5.121894673642e-01, 4.214517741669e-05, 1.2258e+00, 5.2280e-03, 
 2DIAGNOSTIC,    70, -5.121894900065e-01, 4.096285411282e-05, 1.2307e+00, 4.9641e-03, 
 2DIAGNOSTIC,    71, -5.121895282855e-01, 3.658750895654e-05, 1.2356e+00, 4.8850e-03, 
 2DIAGNOSTIC,    72, -5.121895929869e-01, 3.025426518788e-05, 1.2406e+00, 4.9839e-03, 
 2DIAGNOSTIC,    73, -5.121897023166e-01, 2.397463454374e-05, 1.2455e+00, 4.8640e-03, 
 2DIAGNOSTIC,    74, -5.121898869648e-01, 1.698815095367e-05, 1.2504e+00, 4.9210e-03, 
 2DIAGNOSTIC,    75, -5.121901985549e-01, 9.278032185816e-06, 1.2552e+00, 4.7650e-03, 
 2DIAGNOSTIC,    76, -5.121907222902e-01, 2.633198226590e-06, 1.2600e+00, 4.8501e-03, 
DIAGNOSTIC,Iteration,metricValue,convergenceValue,ITERATION_TIME_INDEX,SINCE_LAST
 2DIAGNOSTIC,     1, -4.116482163273e-01, 1.797693134862e+308, 1.9803e+00, 7.2027e-01, 
 2DIAGNOSTIC,     2, -4.119700827676e-01, 1.797693134862e+308, 2.0115e+00, 3.1237e-02, 
 2DIAGNOSTIC,     3, -4.123548990412e-01, 1.797693134862e+308, 2.0458e+00, 3.4307e-02, 
 2DIAGNOSTIC,     4, -4.126599977644e-01, 1.797693134862e+308, 2.0808e+00, 3.4966e-02, 
 2DIAGNOSTIC,     5, -4.131362564970e-01, 1.797693134862e+308, 2.1105e+00, 2.9722e-02, 
 2DIAGNOSTIC,     6, -4.136862688042e-01, 1.797693134862e+308, 2.1411e+00, 3.0622e-02, 
 2DIAGNOSTIC,     7, -4.151978932687e-01, 1.797693134862e+308, 2.1737e+00, 3.2534e-02, 
 2DIAGNOSTIC,     8, -4.154733898505e-01, 1.797693134862e+308, 2.2060e+00, 3.2370e-02, 
 2DIAGNOSTIC,     9, -4.160409911904e-01, 1.797693134862e+308, 2.2390e+00, 3.2979e-02, 
 2DIAGNOSTIC,    10, -4.163045263050e-01, 8.051544873111e-04, 2.2713e+00, 3.2320e-02, 
 2DIAGNOSTIC,    11, -4.163417291615e-01, 7.227665678045e-04, 2.2999e+00, 2.8595e-02, 
 2DIAGNOSTIC,    12, -4.175132395245e-01, 6.739182914410e-04, 2.3289e+00, 2.8989e-02, 
 2DIAGNOSTIC,    13, -4.178659586337e-01, 6.090560015399e-04, 2.3683e+00, 3.9359e-02, 
 2DIAGNOSTIC,    14, -4.179429066331e-01, 5.176710786833e-04, 2.4002e+00, 3.1930e-02, 
 2DIAGNOSTIC,    15, -4.178329722786e-01, 4.092318013348e-04, 2.4300e+00, 2.9795e-02, 
 2DIAGNOSTIC,    16, -4.180869773087e-01, 3.103438218918e-04, 2.4598e+00, 2.9829e-02, 
 2DIAGNOSTIC,    17, -4.182656581235e-01, 2.617885628053e-04, 2.4916e+00, 3.1722e-02, 
 2DIAGNOSTIC,    18, -4.182962344857e-01, 2.052645366495e-04, 2.5198e+00, 2.8220e-02, 
 2DIAGNOSTIC,    19, -4.184205993908e-01, 1.613191057490e-04, 2.5649e+00, 4.5092e-02, 
 2DIAGNOSTIC,    20, -4.183871364292e-01, 1.154822828656e-04, 2.5967e+00, 3.1823e-02, 
 2DIAGNOSTIC,    21, -4.183992645250e-01, 6.406926189078e-05, 2.6286e+00, 3.1912e-02, 
 2DIAGNOSTIC,    22, -4.183966904692e-01, 4.738147989420e-05, 2.6564e+00, 2.7803e-02, 
 2DIAGNOSTIC,    23, -4.184487633183e-01, 3.983364867671e-05, 2.6845e+00, 2.8066e-02, 
 2DIAGNOSTIC,    24, -4.185281096760e-01, 3.392360459138e-05, 2.7127e+00, 2.8263e-02, 
 2DIAGNOSTIC,    25, -4.187215767470e-01, 2.753790383675e-05, 2.7428e+00, 3.0093e-02, 
 2DIAGNOSTIC,    26, -4.191755476804e-01, 3.758518388929e-05, 2.7811e+00, 3.8245e-02, 
 2DIAGNOSTIC,    27, -4.198231402988e-01, 6.409363439172e-05, 2.8151e+00, 3.4002e-02, 
 2DIAGNOSTIC,    28, -4.198422816491e-01, 8.361203522622e-05, 2.8560e+00, 4.0957e-02, 
 2DIAGNOSTIC,    29, -4.198727599702e-01, 9.794462198268e-05, 2.8899e+00, 3.3916e-02, 
 2DIAGNOSTIC,    30, -4.198643993720e-01, 1.013264816672e-04, 2.9238e+00, 3.3808e-02, 
 2DIAGNOSTIC,    31, -4.198570639926e-01, 9.493187357695e-05, 2.9581e+00, 3.4344e-02, 
 2DIAGNOSTIC,    32, -4.198483659809e-01, 7.960200628377e-05, 2.9876e+00, 2.9475e-02, 
 2DIAGNOSTIC,    33, -4.198547299050e-01, 5.905460906874e-05, 3.0213e+00, 3.3703e-02, 
 2DIAGNOSTIC,    34, -4.198651223401e-01, 3.619833535166e-05, 3.0498e+00, 2.8495e-02, 
 2DIAGNOSTIC,    35, -4.198565269310e-01, 1.480199048775e-05, 3.0813e+00, 3.1523e-02, 
 2DIAGNOSTIC,    36, -4.198904313836e-01, 2.182704677084e-06, 3.1137e+00, 3.2398e-02, 
 2DIAGNOSTIC,    37, -4.198846881421e-01, 1.915621692002e-06, 3.1425e+00, 2.8782e-02, 
 2DIAGNOSTIC,    38, -4.198958452754e-01, 2.091375689038e-06, 3.1772e+00, 3.4713e-02, 
 2DIAGNOSTIC,    39, -4.199225381915e-01, 3.136710076474e-06, 3.2115e+00, 3.4287e-02, 
 2DIAGNOSTIC,    40, -4.199320177025e-01, 3.918513154167e-06, 3.2531e+00, 4.1640e-02, 
 2DIAGNOSTIC,    41, -4.199281042267e-01, 4.181199588799e-06, 3.2868e+00, 3.3706e-02, 
 2DIAGNOSTIC,    42, -4.199227455727e-01, 3.885240585907e-06, 3.3172e+00, 3.0338e-02, 
 2DIAGNOSTIC,    43, -4.199253705370e-01, 3.449161433178e-06, 3.3538e+00, 3.6600e-02, 
 2DIAGNOSTIC,    44, -4.199270580595e-01, 2.958485918095e-06, 3.3893e+00, 3.5568e-02, 
 2DIAGNOSTIC,    45, -4.199215646836e-01, 2.045094755342e-06, 3.4189e+00, 2.9605e-02, 
 2DIAGNOSTIC,    46, -4.199169516038e-01, 1.491733979085e-06, 3.4523e+00, 3.3342e-02, 
DIAGNOSTIC,Iteration,metricValue,convergenceValue,ITERATION_TIME_INDEX,SINCE_LAST
 2DIAGNOSTIC,     1, -3.600375195906e-01, 1.797693134862e+308, 4.6589e+00, 1.2066e+00, 
 2DIAGNOSTIC,     2, -3.602314936472e-01, 1.797693134862e+308, 4.9319e+00, 2.7307e-01, 
 2DIAGNOSTIC,     3, -3.604221794841e-01, 1.797693134862e+308, 5.2260e+00, 2.9405e-01, 
 2DIAGNOSTIC,     4, -3.604908160944e-01, 1.797693134862e+308, 5.4953e+00, 2.6937e-01, 
 2DIAGNOSTIC,     5, -3.605848227225e-01, 1.797693134862e+308, 5.7602e+00, 2.6484e-01, 
 2DIAGNOSTIC,     6, -3.607544703912e-01, 1.797693134862e+308, 6.0751e+00, 3.1490e-01, 
 2DIAGNOSTIC,     7, -3.609972582264e-01, 1.797693134862e+308, 6.4934e+00, 4.1828e-01, 
 2DIAGNOSTIC,     8, -3.610038043624e-01, 1.797693134862e+308, 6.7205e+00, 2.2718e-01, 
 2DIAGNOSTIC,     9, -3.610462486911e-01, 1.797693134862e+308, 7.0537e+00, 3.3316e-01, 
 2DIAGNOSTIC,    10, -3.610581011163e-01, 1.927133929947e-04, 7.3809e+00, 3.2723e-01, 
 2DIAGNOSTIC,    11, -3.610567643325e-01, 1.466220303918e-04, 7.6626e+00, 2.8167e-01, 
 2DIAGNOSTIC,    12, -3.610608224150e-01, 1.078763780043e-04, 7.9194e+00, 2.5683e-01, 
 2DIAGNOSTIC,    13, -3.610678795827e-01, 7.762914753047e-05, 8.1943e+00, 2.7483e-01, 
 2DIAGNOSTIC,    14, -3.610803640880e-01, 4.957507621846e-05, 8.4102e+00, 2.1595e-01, 
 2DIAGNOSTIC,    15, -3.611013413008e-01, 2.685904583645e-05, 8.6393e+00, 2.2913e-01, 
 2DIAGNOSTIC,    16, -3.611566725559e-01, 1.546881056087e-05, 9.0192e+00, 3.7988e-01, 
 2DIAGNOSTIC,    17, -3.611600794708e-01, 1.555307515726e-05, 9.3036e+00, 2.8433e-01, 
 2DIAGNOSTIC,    18, -3.611609672441e-01, 1.467344843688e-05, 9.5901e+00, 2.8653e-01, 
 2DIAGNOSTIC,    19, -3.611601209350e-01, 1.442786084702e-05, 9.8766e+00, 2.8648e-01, 
 2DIAGNOSTIC,    20, -3.611612109712e-01, 1.351905671154e-05, 1.0203e+01, 3.2693e-01, 
 2DIAGNOSTIC,    21, -3.611615058986e-01, 1.151373835660e-05, 1.0473e+01, 2.6961e-01, 
 2DIAGNOSTIC,    22, -3.611610309521e-01, 8.886080154882e-06, 1.0748e+01, 2.7452e-01, 
 2DIAGNOSTIC,    23, -3.611605669897e-01, 6.044441423374e-06, 1.1017e+01, 2.6960e-01, 
 2DIAGNOSTIC,    24, -3.611601045379e-01, 3.401935088729e-06, 1.1254e+01, 2.3691e-01, 
 2DIAGNOSTIC,    25, -3.611591157003e-01, 1.356860931480e-06, 1.1478e+01, 2.2389e-01, 
 2DIAGNOSTIC,    26, -3.611603428422e-01, 1.171331826977e-06, 1.1711e+01, 2.3268e-01, 
 2DIAGNOSTIC,    27, -3.611631555660e-01, 1.184042906208e-06, 1.1952e+01, 2.4135e-01, 
 2DIAGNOSTIC,    28, -3.611679596251e-01, 1.354606043065e-06, 1.2176e+01, 2.2402e-01, 
 2DIAGNOSTIC,    29, -3.611723966884e-01, 1.587432457734e-06, 1.2387e+01, 2.1045e-01, 
 2DIAGNOSTIC,    30, -3.611959766731e-01, 2.404999918298e-06, 1.2637e+01, 2.5044e-01, 
 2DIAGNOSTIC,    31, -3.612318314867e-01, 3.946142589424e-06, 1.3038e+01, 4.0063e-01, 
 2DIAGNOSTIC,    32, -3.612309387405e-01, 5.062227961955e-06, 1.3306e+01, 2.6789e-01, 
 2DIAGNOSTIC,    33, -3.612306969254e-01, 5.725991601625e-06, 1.3539e+01, 2.3382e-01, 
 2DIAGNOSTIC,    34, -3.612305736202e-01, 5.896382277926e-06, 1.3775e+01, 2.3613e-01, 
 2DIAGNOSTIC,    35, -3.612327380432e-01, 5.601215992503e-06, 1.4012e+01, 2.3610e-01, 
 2DIAGNOSTIC,    36, -3.612387414997e-01, 5.018914790451e-06, 1.4249e+01, 2.3705e-01, 
 2DIAGNOSTIC,    37, -3.612454307436e-01, 4.277477691893e-06, 1.4492e+01, 2.4386e-01, 
 2DIAGNOSTIC,    38, -3.612612621220e-01, 3.690893675603e-06, 1.4739e+01, 2.4657e-01, 
 2DIAGNOSTIC,    39, -3.612981773968e-01, 3.686250481815e-06, 1.4984e+01, 2.4451e-01, 
 2DIAGNOSTIC,    40, -3.613493189511e-01, 4.841988487114e-06, 1.5506e+01, 5.2227e-01, 
 2DIAGNOSTIC,    41, -3.613432676694e-01, 6.110618640857e-06, 1.6003e+01, 4.9706e-01, 
 2DIAGNOSTIC,    42, -3.613421161394e-01, 6.794318044324e-06, 1.6255e+01, 2.5214e-01, 
 2DIAGNOSTIC,    43, -3.613406379637e-01, 6.846971143861e-06, 1.6495e+01, 2.4002e-01, 
 2DIAGNOSTIC,    44, -3.613403987591e-01, 6.292237339427e-06, 1.6752e+01, 2.5661e-01, 
 2DIAGNOSTIC,    45, -3.613396740235e-01, 5.240044290346e-06, 1.6999e+01, 2.4764e-01, 
 2DIAGNOSTIC,    46, -3.613380888240e-01, 3.884223490055e-06, 1.7225e+01, 2.2599e-01, 
 2DIAGNOSTIC,    47, -3.613387262862e-01, 2.418399455813e-06, 1.7536e+01, 3.1117e-01, 
 2DIAGNOSTIC,    48, -3.613389106467e-01, 1.100370202387e-06, 1.7782e+01, 2.4559e-01, 
DIAGNOSTIC,Iteration,metricValue,convergenceValue,ITERATION_TIME_INDEX,SINCE_LAST
 2DIAGNOSTIC,     1, -3.314305930106e-01, 1.797693134862e+308, 2.0305e+01, 2.5230e+00, 
 2DIAGNOSTIC,     2, -3.315479676896e-01, 1.797693134862e+308, 2.1768e+01, 1.4626e+00, 
 2DIAGNOSTIC,     3, -3.316440177687e-01, 1.797693134862e+308, 2.3273e+01, 1.5050e+00, 
 2DIAGNOSTIC,     4, -3.319297240220e-01, 1.797693134862e+308, 2.4739e+01, 1.4668e+00, 
 2DIAGNOSTIC,     5, -3.320207546374e-01, 1.797693134862e+308, 2.6273e+01, 1.5338e+00, 
 2DIAGNOSTIC,     6, -3.323242957859e-01, 1.797693134862e+308, 2.7882e+01, 1.6088e+00, 
 2DIAGNOSTIC,     7, -3.324677467233e-01, 1.797693134862e+308, 2.9425e+01, 1.5427e+00, 
 2DIAGNOSTIC,     8, -3.325345025176e-01, 1.797693134862e+308, 3.1514e+01, 2.0894e+00, 
 2DIAGNOSTIC,     9, -3.325376786232e-01, 1.797693134862e+308, 3.3248e+01, 1.7342e+00, 
 2DIAGNOSTIC,    10, -3.325375946324e-01, 2.512104254980e-04, 3.5135e+01, 1.8863e+00, 
 2DIAGNOSTIC,    11, -3.325370014053e-01, 1.942616038433e-04, 3.6611e+01, 1.4760e+00, 
 2DIAGNOSTIC,    12, -3.325363196294e-01, 1.378662599936e-04, 3.8843e+01, 2.2323e+00, 
 2DIAGNOSTIC,    13, -3.325363726386e-01, 8.402228986143e-05, 4.0675e+01, 1.8315e+00, 
 2DIAGNOSTIC,    14, -3.325363493273e-01, 4.811318223419e-05, 4.2189e+01, 1.5149e+00, 
 2DIAGNOSTIC,    15, -3.325362706598e-01, 1.766169643815e-05, 4.3657e+01, 1.4676e+00, 
 2DIAGNOSTIC,    16, -3.325363294761e-01, 5.652431206246e-06, 4.5514e+01, 1.8572e+00, 
 2DIAGNOSTIC,    17, -3.325363407786e-01, 1.844167943861e-06, 4.6961e+01, 1.4464e+00, 
 2DIAGNOSTIC,    18, -3.325363307501e-01, 1.628732999248e-06, 4.8428e+01, 1.4672e+00, 
 2DIAGNOSTIC,    19, -3.325362435727e-01, 1.587359618312e-06, 4.9928e+01, 1.4999e+00, 
 2DIAGNOSTIC,    20, -3.325361574895e-01, 1.551605102519e-06, 5.1457e+01, 1.5288e+00, 
 2DIAGNOSTIC,    21, -3.325361268874e-01, 1.498401169385e-06, 5.2919e+01, 1.4626e+00, 
 2DIAGNOSTIC,    22, -3.325361036569e-01, 1.424051869939e-06, 5.4234e+01, 1.3145e+00, 
 2DIAGNOSTIC,    23, -3.325361157166e-01, 1.360717512014e-06, 5.5878e+01, 1.6440e+00, 
 2DIAGNOSTIC,    24, -3.325360986070e-01, 1.303528008444e-06, 5.7184e+01, 1.3063e+00, 
 2DIAGNOSTIC,    25, -3.325361877298e-01, 1.253411945880e-06, 5.8885e+01, 1.7010e+00, 
 2DIAGNOSTIC,    26, -3.325362978419e-01, 1.214442268867e-06, 6.0329e+01, 1.4435e+00, 
 2DIAGNOSTIC,    27, -3.325361872178e-01, 1.175994424889e-06, 6.1651e+01, 1.3228e+00, 
 2DIAGNOSTIC,    28, -3.325360966522e-01, 1.137688769207e-06, 6.3120e+01, 1.4690e+00, 
 2DIAGNOSTIC,    29, -3.325361285309e-01, 1.100431111213e-06, 6.4772e+01, 1.6515e+00, 
 2DIAGNOSTIC,    30, -3.325361040540e-01, 1.062081339459e-06, 6.6248e+01, 1.4759e+00, 
 2DIAGNOSTIC,    31, -3.325360676583e-01, 1.024192244098e-06, 6.7694e+01, 1.4464e+00, 
  Elapsed time (stage 0): 6.8515e+01


Total elapsed time: 6.8518e+01
Info [verificarlo]: loaded backend libinterflop_vprec.so
Info [interflop-vprec]: load backend with: 
Info [interflop-vprec]: precision-binary32 = 18
Info [interflop-vprec]: range-binary32 = 8
Info [interflop-vprec]: precision-binary64 = 18
Info [interflop-vprec]: range-binary64 = 8
Info [interflop-vprec]: mode = ob
Info [interflop-vprec]: error-mode = rel
Info [interflop-vprec]: max-abs-error-exponent = -1022
Info [interflop-vprec]: daz = false
Info [interflop-vprec]: ftz = false
Info [interflop-vprec]: 	instrument = none
Info [interflop-vprec]: 	prec-input-file = (null)
Info [interflop-vprec]: 	prec-output-file = (null)
Info [interflop-vprec]: 	prec-log-file = (null)
All_Command_lines_OK
Using double precision for computations.
=============================================================================
The composite transform comprises the following transforms (in order): 
  1. /home/mdugre/scratch/mri-registration-rp/datasets/ds004513/derivatives/mri-registration-rp/0011/antsRegistration-r8-p18/sub-s020/rigid_Composite.h5[0] (type = Euler3DTransform)
  2. /home/mdugre/scratch/mri-registration-rp/datasets/ds004513/derivatives/mri-registration-rp/0011/antsRegistration-r8-p18/sub-s020/rigid_Composite.h5[1] (type = Euler3DTransform)
  3. /home/mdugre/scratch/mri-registration-rp/datasets/ds004513/derivatives/mri-registration-rp/0011/antsRegistration-r8-p18/sub-s020/rigid_Composite.h5[2] (type = Euler3DTransform)
=============================================================================
  number of levels = 4
  fixed image: /templateflow/tpl-MNI152NLin2009cAsym/tpl-MNI152NLin2009cAsym_res-01_desc-brain_T1w.nii.gz
  moving image: /home/mdugre/scratch/mri-registration-rp/datasets/ds004513/derivatives/mri-registration-rp/antsBrainExtraction/sub-s020/BrainExtractionBrain.nii.gz
Dimension = 3
Number of stages = 1
Use histogram matching = false
Winsorize image intensities = true
  Lower quantile = 0.005
  Upper quantile = 0.995


Stage 1 State
   Image metric = MattesMI
     Fixed image = Image (0x3b52490)
  RTTI typeinfo:   itk::Image<double, 3u>
  Reference Count: 2
  Modified Time: 1594
  Debug: Off
  Object Name: 
  Observers: 
    none
  Source: (none)
  Source output name: (none)
  Release Data: Off
  Data Released: False
  Global Release Data: Off
  PipelineMTime: 0
  UpdateMTime: 1203
  RealTimeStamp: 0 seconds 
  LargestPossibleRegion: 
    Dimension: 3
    Index: [0, 0, 0]
    Size: [193, 229, 193]
  BufferedRegion: 
    Dimension: 3
    Index: [0, 0, 0]
    Size: [193, 229, 193]
  RequestedRegion: 
    Dimension: 3
    Index: [0, 0, 0]
    Size: [193, 229, 193]
  Spacing: [1, 1, 1]
  Origin: [96, 132, -78]
  Direction: 
-1 0 0
0 -1 0
0 0 1

  IndexToPointMatrix: 
-1 0 0
0 -1 0
0 0 1

  PointToIndexMatrix: 
-1 0 0
0 -1 0
0 0 1

  Inverse Direction: 
-1 0 0
0 -1 0
0 0 1

  PixelContainer: 
    ImportImageContainer (0x3c1d8c0)
      RTTI typeinfo:   itk::ImportImageContainer<unsigned long, double>
      Reference Count: 1
      Modified Time: 1200
      Debug: Off
      Object Name: 
      Observers: 
        none
      Pointer: 0x153350cb8010
      Container manages memory: true
      Size: 8530021
      Capacity: 8530021

     Moving image = Image (0x3c0db60)
  RTTI typeinfo:   itk::Image<double, 3u>
  Reference Count: 2
  Modified Time: 1595
  Debug: Off
  Object Name: 
  Observers: 
    none
  Source: (none)
  Source output name: (none)
  Release Data: Off
  Data Released: False
  Global Release Data: Off
  PipelineMTime: 0
  UpdateMTime: 1592
  RealTimeStamp: 0 seconds 
  LargestPossibleRegion: 
    Dimension: 3
    Index: [0, 0, 0]
    Size: [160, 240, 256]
  BufferedRegion: 
    Dimension: 3
    Index: [0, 0, 0]
    Size: [160, 240, 256]
  RequestedRegion: 
    Dimension: 3
    Index: [0, 0, 0]
    Size: [160, 240, 256]
  Spacing: [0.999996, 1, 1]
  Origin: [87.0906, 98.7205, -152.377]
  Direction: 
-0.996975 0.0261379 -0.0731912
-0.0260677 -0.999659 -0.00191374
-0.0732162 -2.46403e-08 0.997316

  IndexToPointMatrix: 
-0.996971 0.0261379 -0.0731912
-0.0260676 -0.999659 -0.00191374
-0.073216 -2.46403e-08 0.997316

  PointToIndexMatrix: 
-0.996979 -0.0260679 -0.0732164
0.0261378 -0.999659 8.15839e-07
-0.0731912 -0.0019129 0.997316

  Inverse Direction: 
-0.996975 -0.0260677 -0.0732162
0.0261378 -0.999659 8.15839e-07
-0.0731912 -0.0019129 0.997316

  PixelContainer: 
    ImportImageContainer (0x3ca11d0)
      RTTI typeinfo:   itk::ImportImageContainer<unsigned long, double>
      Reference Count: 1
      Modified Time: 1589
      Debug: Off
      Object Name: 
      Observers: 
        none
      Pointer: 0x15334c1b7010
      Container manages memory: true
      Size: 9830400
      Capacity: 9830400

     Weighting = 1
     Sampling strategy = regular
     Number of bins = 32
     Radius = 4
     Sampling percentage  = 0.25
   Transform = Affine
     Gradient step = 0.1
     Update field sigma (voxel space) = 0
     Total field sigma (voxel space) = 0
     Update field time sigma = 0
     Total field time sigma  = 0
     Number of time indices = 0
     Number of time point samples = 0
Registration using 1 total stages.

Stage 0
  iterations = 1000x500x250x100
  convergence threshold = 1e-06
  convergence window size = 10
  number of levels = 4
  using the Mattes MI metric (number of bins = 32, weight = 1, use gradient filter = 0)
  preprocessing:  winsorizing the image intensities
  Shrink factors (level 1 out of 4): [8, 8, 8]
  Shrink factors (level 2 out of 4): [4, 4, 4]
  Shrink factors (level 3 out of 4): [2, 2, 2]
  Shrink factors (level 4 out of 4): [1, 1, 1]
  smoothing sigmas per level: [3, 2, 1, 0]
  regular sampling (percentage = 0.25)

*** Running AffineTransform registration ***

DIAGNOSTIC,Iteration,metricValue,convergenceValue,ITERATION_TIME_INDEX,SINCE_LAST
 2DIAGNOSTIC,     1, -5.130998726426e-01, 1.797693134862e+308, 0.0000e+00, 0.0000e+00, 
 2DIAGNOSTIC,     2, -5.149645116489e-01, 1.797693134862e+308, 0.0000e+00, 0.0000e+00, 
 2DIAGNOSTIC,     3, -5.179544568952e-01, 1.797693134862e+308, 0.0000e+00, 0.0000e+00, 
 2DIAGNOSTIC,     4, -5.225979885216e-01, 1.797693134862e+308, 0.0000e+00, 0.0000e+00, 
 2DIAGNOSTIC,     5, -5.408608716757e-01, 1.797693134862e+308, 0.0000e+00, 0.0000e+00, 
 2DIAGNOSTIC,     6, -5.589595272906e-01, 1.797693134862e+308, 0.0000e+00, 0.0000e+00, 
 2DIAGNOSTIC,     7, -6.141009535142e-01, 1.797693134862e+308, 0.0000e+00, 0.0000e+00, 
 2DIAGNOSTIC,     8, -6.909947741562e-01, 1.797693134862e+308, 0.0000e+00, 0.0000e+00, 
 2DIAGNOSTIC,     9, -7.268990622754e-01, 1.797693134862e+308, 0.0000e+00, 0.0000e+00, 
 2DIAGNOSTIC,    10, -7.550763423792e-01, 2.836571506062e-02, 0.0000e+00, 0.0000e+00, 
 2DIAGNOSTIC,    11, -7.845122986950e-01, 2.949237271043e-02, 0.0000e+00, 0.0000e+00, 
 2DIAGNOSTIC,    12, -8.168105896747e-01, 2.893112849314e-02, 0.0000e+00, 0.0000e+00, 
 2DIAGNOSTIC,    13, -8.207643231078e-01, 2.610275620006e-02, 0.0000e+00, 0.0000e+00, 
 2DIAGNOSTIC,    14, -8.345814168260e-01, 2.200207953190e-02, 0.0000e+00, 0.0000e+00, 
 2DIAGNOSTIC,    15, -8.401396354403e-01, 1.729813609079e-02, 0.0000e+00, 0.0000e+00, 
 2DIAGNOSTIC,    16, -8.452987554368e-01, 1.234074094565e-02, 0.0000e+00, 0.0000e+00, 
 2DIAGNOSTIC,    17, -8.503420259764e-01, 8.385580999869e-03, 0.0000e+00, 0.0000e+00, 
 2DIAGNOSTIC,    18, -8.509237030768e-01, 5.937239436356e-03, 0.0000e+00, 0.0000e+00, 
 2DIAGNOSTIC,    19, -8.531747262034e-01, 4.059048644306e-03, 0.0000e+00, 0.0000e+00, 
 2DIAGNOSTIC,    20, -8.552111013573e-01, 2.621073758287e-03, 0.0000e+00, 0.0000e+00, 
 2DIAGNOSTIC,    21, -8.561094659582e-01, 1.657032194054e-03, 0.0000e+00, 0.0000e+00, 
 2DIAGNOSTIC,    22, -8.563146051896e-01, 1.220710376190e-03, 0.0000e+00, 0.0000e+00, 
 2DIAGNOSTIC,    23, -8.563960827821e-01, 7.793192774949e-04, 0.0000e+00, 0.0000e+00, 
 2DIAGNOSTIC,    24, -8.565803093673e-01, 5.317973254270e-04, 0.0000e+00, 0.0000e+00, 
 2DIAGNOSTIC,    25, -8.568750657648e-01, 3.451799844321e-04, 0.0000e+00, 0.0000e+00, 
 2DIAGNOSTIC,    26, -8.569641433100e-01, 2.176790366572e-04, 0.0000e+00, 0.0000e+00, 
 2DIAGNOSTIC,    27, -8.574294522949e-01, 1.583508121426e-04, 0.0000e+00, 0.0000e+00, 
 2DIAGNOSTIC,    28, -8.572749742644e-01, 9.435356955509e-05, 0.0000e+00, 0.0000e+00, 
 2DIAGNOSTIC,    29, -8.573056004186e-01, 5.555963401117e-05, 0.0000e+00, 0.0000e+00, 
 2DIAGNOSTIC,    30, -8.574467680970e-01, 4.132437553597e-05, 0.0000e+00, 0.0000e+00, 
 2DIAGNOSTIC,    31, -8.572479886687e-01, 3.256183947219e-05, 0.0000e+00, 0.0000e+00, 
 2DIAGNOSTIC,    32, -8.570279186496e-01, 2.132890707490e-05, 0.0000e+00, 0.0000e+00, 
 2DIAGNOSTIC,    33, -8.569134301889e-01, 8.646172336410e-06, 0.0000e+00, 0.0000e+00, 
DIAGNOSTIC,Iteration,metricValue,convergenceValue,ITERATION_TIME_INDEX,SINCE_LAST
 2DIAGNOSTIC,     1, -7.177478973375e-01, 1.797693134862e+308, 0.0000e+00, 0.0000e+00, 
 2DIAGNOSTIC,     2, -7.184922740677e-01, 1.797693134862e+308, 0.0000e+00, 0.0000e+00, 
 2DIAGNOSTIC,     3, -7.187839967916e-01, 1.797693134862e+308, 0.0000e+00, 0.0000e+00, 
 2DIAGNOSTIC,     4, -7.186719019081e-01, 1.797693134862e+308, 0.0000e+00, 0.0000e+00, 
 2DIAGNOSTIC,     5, -7.186553346785e-01, 1.797693134862e+308, 0.0000e+00, 0.0000e+00, 
 2DIAGNOSTIC,     6, -7.186258100640e-01, 1.797693134862e+308, 0.0000e+00, 0.0000e+00, 
 2DIAGNOSTIC,     7, -7.186042614066e-01, 1.797693134862e+308, 0.0000e+00, 0.0000e+00, 
 2DIAGNOSTIC,     8, -7.186069746879e-01, 1.797693134862e+308, 0.0000e+00, 0.0000e+00, 
 2DIAGNOSTIC,     9, -7.185753276867e-01, 1.797693134862e+308, 0.0000e+00, 0.0000e+00, 
 2DIAGNOSTIC,    10, -7.185563182176e-01, 3.163718643462e-05, 0.0000e+00, 0.0000e+00, 
DIAGNOSTIC,Iteration,metricValue,convergenceValue,ITERATION_TIME_INDEX,SINCE_LAST
 2DIAGNOSTIC,     1, -5.960506885372e-01, 1.797693134862e+308, 0.0000e+00, 0.0000e+00, 
 2DIAGNOSTIC,     2, -5.963351587737e-01, 1.797693134862e+308, 0.0000e+00, 0.0000e+00, 
 2DIAGNOSTIC,     3, -5.965368416122e-01, 1.797693134862e+308, 0.0000e+00, 0.0000e+00, 
 2DIAGNOSTIC,     4, -5.967619165265e-01, 1.797693134862e+308, 0.0000e+00, 0.0000e+00, 
 2DIAGNOSTIC,     5, -5.969701605739e-01, 1.797693134862e+308, 0.0000e+00, 0.0000e+00, 
 2DIAGNOSTIC,     6, -5.970070856173e-01, 1.797693134862e+308, 0.0000e+00, 0.0000e+00, 
 2DIAGNOSTIC,     7, -5.970390307486e-01, 1.797693134862e+308, 0.0000e+00, 0.0000e+00, 
 2DIAGNOSTIC,     8, -5.971055932213e-01, 1.797693134862e+308, 0.0000e+00, 0.0000e+00, 
 2DIAGNOSTIC,     9, -5.971738260389e-01, 1.797693134862e+308, 0.0000e+00, 0.0000e+00, 
 2DIAGNOSTIC,    10, -5.971561377992e-01, 1.161512603357e-04, 0.0000e+00, 0.0000e+00, 
 2DIAGNOSTIC,    11, -5.971579047134e-01, 7.738701981277e-05, 0.0000e+00, 0.0000e+00, 
 2DIAGNOSTIC,    12, -5.971607188392e-01, 4.981430730325e-05, 0.0000e+00, 0.0000e+00, 
