
##########################
# Experiment information #
##########################

EXPERIMENT_NAME: antsRegistration-r7-p22
VFC_BACKENDS: libinterflop_vprec.so --range-binary32=7 --precision-binary32=22 --range-binary64=7 --precision-binary64=22

SIF_IMG: /home/mdugre/projects/rrg-glatard/mdugre/containers/ants-vprec-no_metrics.simg

SUBJECT_ID: s032
INPUT_IMG: /home/mdugre/scratch/mri-registration-rp/datasets/ds004513/derivatives/mri-registration-rp/antsBrainExtraction/sub-s032/BrainExtractionBrain.nii.gz
OUTPUT_DIR: /home/mdugre/scratch/mri-registration-rp/datasets/ds004513/derivatives/mri-registration-rp/0011/antsRegistration-r7-p22/sub-s032

FIXED_IMG: /templateflow/tpl-MNI152NLin2009cAsym/tpl-MNI152NLin2009cAsym_res-01_desc-brain_T1w.nii.gz
DATA_DIR: /home/mdugre/scratch/mri-registration-rp/datasets/ds004513
TEMPLATEFLOW_DIR: /home/mdugre/projects/rrg-glatard/mdugre/templateflow
ITK_GLOBAL_DEFAULT_NUMBER_OF_THREADS: 16
##########################

Info [verificarlo]: loaded backend libinterflop_ieee.so
Info [interflop-ieee]: load backend with:
Info [interflop-ieee]: debug = false
Info [interflop-ieee]: debug-binary = false
Info [interflop-ieee]: no-backend-name = false
Info [interflop-ieee]: print-new-line = false
Info [interflop-ieee]: print-subnormal-normalized = false
Info [interflop-ieee]: count-op = false
All_Command_lines_OK
Using double precision for computations.
=============================================================================
The composite transform comprises the following transforms (in order): 
  1. Center of mass alignment using fixed image: /templateflow/tpl-MNI152NLin2009cAsym/tpl-MNI152NLin2009cAsym_res-01_desc-brain_T1w.nii.gz and moving image: /home/mdugre/scratch/mri-registration-rp/datasets/ds004513/derivatives/mri-registration-rp/antsBrainExtraction/sub-s032/BrainExtractionBrain.nii.gz (type = Euler3DTransform)
=============================================================================
  number of levels = 1
  fixed image: /templateflow/tpl-MNI152NLin2009cAsym/tpl-MNI152NLin2009cAsym_res-01_desc-brain_T1w.nii.gz
  moving image: /home/mdugre/scratch/mri-registration-rp/datasets/ds004513/derivatives/mri-registration-rp/antsBrainExtraction/sub-s032/BrainExtractionBrain.nii.gz
Dimension = 3
Number of stages = 1
Use histogram matching = false
Winsorize image intensities = true
  Lower quantile = 0.005
  Upper quantile = 0.995


Stage 1 State
   Image metric = MattesMI
     Fixed image = Image (0x3c26e70)
  RTTI typeinfo:   itk::Image<double, 3u>
  Reference Count: 2
  Modified Time: 2330
  Debug: Off
  Object Name: 
  Observers: 
    none
  Source: (none)
  Source output name: (none)
  Release Data: Off
  Data Released: False
  Global Release Data: Off
  PipelineMTime: 0
  UpdateMTime: 1941
  RealTimeStamp: 0 seconds 
  LargestPossibleRegion: 
    Dimension: 3
    Index: [0, 0, 0]
    Size: [193, 229, 193]
  BufferedRegion: 
    Dimension: 3
    Index: [0, 0, 0]
    Size: [193, 229, 193]
  RequestedRegion: 
    Dimension: 3
    Index: [0, 0, 0]
    Size: [193, 229, 193]
  Spacing: [1, 1, 1]
  Origin: [96, 132, -78]
  Direction: 
-1 0 0
0 -1 0
0 0 1

  IndexToPointMatrix: 
-1 0 0
0 -1 0
0 0 1

  PointToIndexMatrix: 
-1 0 0
0 -1 0
0 0 1

  Inverse Direction: 
-1 0 0
0 -1 0
0 0 1

  PixelContainer: 
    ImportImageContainer (0x3c2fc60)
      RTTI typeinfo:   itk::ImportImageContainer<unsigned long, double>
      Reference Count: 1
      Modified Time: 1938
      Debug: Off
      Object Name: 
      Observers: 
        none
      Pointer: 0x14b3e2602010
      Container manages memory: true
      Size: 8530021
      Capacity: 8530021

     Moving image = Image (0x3cc3ec0)
  RTTI typeinfo:   itk::Image<double, 3u>
  Reference Count: 2
  Modified Time: 2331
  Debug: Off
  Object Name: 
  Observers: 
    none
  Source: (none)
  Source output name: (none)
  Release Data: Off
  Data Released: False
  Global Release Data: Off
  PipelineMTime: 0
  UpdateMTime: 2328
  RealTimeStamp: 0 seconds 
  LargestPossibleRegion: 
    Dimension: 3
    Index: [0, 0, 0]
    Size: [160, 240, 256]
  BufferedRegion: 
    Dimension: 3
    Index: [0, 0, 0]
    Size: [160, 240, 256]
  RequestedRegion: 
    Dimension: 3
    Index: [0, 0, 0]
    Size: [160, 240, 256]
  Spacing: [1, 1, 1]
  Origin: [73.279, 104.707, -131.187]
  Direction: 
-0.997527 0.0645574 -0.0278053
-0.0645323 -0.997914 -0.00179875
-0.0278634 4.01097e-08 0.999612

  IndexToPointMatrix: 
-0.997527 0.0645574 -0.0278053
-0.0645323 -0.997914 -0.00179875
-0.0278634 4.01097e-08 0.999612

  PointToIndexMatrix: 
-0.997527 -0.0645323 -0.0278634
0.0645574 -0.997914 4.01049e-08
-0.0278053 -0.00179875 0.999612

  Inverse Direction: 
-0.997527 -0.0645323 -0.0278634
0.0645574 -0.997914 4.01049e-08
-0.0278053 -0.00179875 0.999612

  PixelContainer: 
    ImportImageContainer (0x3d5b610)
      RTTI typeinfo:   itk::ImportImageContainer<unsigned long, double>
      Reference Count: 1
      Modified Time: 2325
      Debug: Off
      Object Name: 
      Observers: 
        none
      Pointer: 0x14b3ddb01010
      Container manages memory: true
      Size: 9830400
      Capacity: 9830400

     Weighting = 1
     Sampling strategy = regular
     Number of bins = 32
     Radius = 4
     Sampling percentage  = 0.25
   Transform = Rigid
     Gradient step = 0.1
     Update field sigma (voxel space) = 0
     Total field sigma (voxel space) = 0
     Update field time sigma = 0
     Total field time sigma  = 0
     Number of time indices = 0
     Number of time point samples = 0
Registration using 1 total stages.

Stage 0
  iterations = 0
  convergence threshold = 1e-06
  convergence window size = 10
  number of levels = 1
  using the Mattes MI metric (number of bins = 32, weight = 1, use gradient filter = 0)
  preprocessing:  winsorizing the image intensities
  Shrink factors (level 1 out of 1): [1, 1, 1]
  smoothing sigmas per level: [0]
  regular sampling (percentage = 0.25)

*** Running Euler3DTransform registration ***

  Elapsed time (stage 0): 1.1381


Total elapsed time: 1.14368
Info [verificarlo]: loaded backend libinterflop_ieee.so
Info [interflop-ieee]: load backend with:
Info [interflop-ieee]: debug = false
Info [interflop-ieee]: debug-binary = false
Info [interflop-ieee]: no-backend-name = false
Info [interflop-ieee]: print-new-line = false
Info [interflop-ieee]: print-subnormal-normalized = false
Info [interflop-ieee]: count-op = false
All_Command_lines_OK
Using double precision for computations.
=============================================================================
The composite transform comprises the following transforms (in order): 
  1. /home/mdugre/scratch/mri-registration-rp/datasets/ds004513/derivatives/mri-registration-rp/0011/antsRegistration-r7-p22/sub-s032/align_Composite.h5[0] (type = Euler3DTransform)
  2. /home/mdugre/scratch/mri-registration-rp/datasets/ds004513/derivatives/mri-registration-rp/0011/antsRegistration-r7-p22/sub-s032/align_Composite.h5[1] (type = Euler3DTransform)
=============================================================================
  number of levels = 4
  fixed image: /templateflow/tpl-MNI152NLin2009cAsym/tpl-MNI152NLin2009cAsym_res-01_desc-brain_T1w.nii.gz
  moving image: /home/mdugre/scratch/mri-registration-rp/datasets/ds004513/derivatives/mri-registration-rp/antsBrainExtraction/sub-s032/BrainExtractionBrain.nii.gz
Dimension = 3
Number of stages = 1
Use histogram matching = false
Winsorize image intensities = true
  Lower quantile = 0.005
  Upper quantile = 0.995


Stage 1 State
   Image metric = MattesMI
     Fixed image = Image (0x4416530)
  RTTI typeinfo:   itk::Image<double, 3u>
  Reference Count: 2
  Modified Time: 1578
  Debug: Off
  Object Name: 
  Observers: 
    none
  Source: (none)
  Source output name: (none)
  Release Data: Off
  Data Released: False
  Global Release Data: Off
  PipelineMTime: 0
  UpdateMTime: 1189
  RealTimeStamp: 0 seconds 
  LargestPossibleRegion: 
    Dimension: 3
    Index: [0, 0, 0]
    Size: [193, 229, 193]
  BufferedRegion: 
    Dimension: 3
    Index: [0, 0, 0]
    Size: [193, 229, 193]
  RequestedRegion: 
    Dimension: 3
    Index: [0, 0, 0]
    Size: [193, 229, 193]
  Spacing: [1, 1, 1]
  Origin: [96, 132, -78]
  Direction: 
-1 0 0
0 -1 0
0 0 1

  IndexToPointMatrix: 
-1 0 0
0 -1 0
0 0 1

  PointToIndexMatrix: 
-1 0 0
0 -1 0
0 0 1

  Inverse Direction: 
-1 0 0
0 -1 0
0 0 1

  PixelContainer: 
    ImportImageContainer (0x44d4d60)
      RTTI typeinfo:   itk::ImportImageContainer<unsigned long, double>
      Reference Count: 1
      Modified Time: 1186
      Debug: Off
      Object Name: 
      Observers: 
        none
      Pointer: 0x148dbf863010
      Container manages memory: true
      Size: 8530021
      Capacity: 8530021

     Moving image = Image (0x44c6f60)
  RTTI typeinfo:   itk::Image<double, 3u>
  Reference Count: 2
  Modified Time: 1579
  Debug: Off
  Object Name: 
  Observers: 
    none
  Source: (none)
  Source output name: (none)
  Release Data: Off
  Data Released: False
  Global Release Data: Off
  PipelineMTime: 0
  UpdateMTime: 1576
  RealTimeStamp: 0 seconds 
  LargestPossibleRegion: 
    Dimension: 3
    Index: [0, 0, 0]
    Size: [160, 240, 256]
  BufferedRegion: 
    Dimension: 3
    Index: [0, 0, 0]
    Size: [160, 240, 256]
  RequestedRegion: 
    Dimension: 3
    Index: [0, 0, 0]
    Size: [160, 240, 256]
  Spacing: [1, 1, 1]
  Origin: [73.279, 104.707, -131.187]
  Direction: 
-0.997527 0.0645574 -0.0278053
-0.0645323 -0.997914 -0.00179875
-0.0278634 4.01097e-08 0.999612

  IndexToPointMatrix: 
-0.997527 0.0645574 -0.0278053
-0.0645323 -0.997914 -0.00179875
-0.0278634 4.01097e-08 0.999612

  PointToIndexMatrix: 
-0.997527 -0.0645323 -0.0278634
0.0645574 -0.997914 4.01049e-08
-0.0278053 -0.00179875 0.999612

  Inverse Direction: 
-0.997527 -0.0645323 -0.0278634
0.0645574 -0.997914 4.01049e-08
-0.0278053 -0.00179875 0.999612

  PixelContainer: 
    ImportImageContainer (0x44b86d0)
      RTTI typeinfo:   itk::ImportImageContainer<unsigned long, double>
      Reference Count: 1
      Modified Time: 1573
      Debug: Off
      Object Name: 
      Observers: 
        none
      Pointer: 0x148dbad62010
      Container manages memory: true
      Size: 9830400
      Capacity: 9830400

     Weighting = 1
     Sampling strategy = regular
     Number of bins = 32
     Radius = 4
     Sampling percentage  = 0.25
   Transform = Rigid
     Gradient step = 0.1
     Update field sigma (voxel space) = 0
     Total field sigma (voxel space) = 0
     Update field time sigma = 0
     Total field time sigma  = 0
     Number of time indices = 0
     Number of time point samples = 0
Registration using 1 total stages.

Stage 0
  iterations = 1000x500x250x100
  convergence threshold = 1e-06
  convergence window size = 10
  number of levels = 4
  using the Mattes MI metric (number of bins = 32, weight = 1, use gradient filter = 0)
  preprocessing:  winsorizing the image intensities
  Shrink factors (level 1 out of 4): [8, 8, 8]
  Shrink factors (level 2 out of 4): [4, 4, 4]
  Shrink factors (level 3 out of 4): [2, 2, 2]
  Shrink factors (level 4 out of 4): [1, 1, 1]
  smoothing sigmas per level: [3, 2, 1, 0]
  regular sampling (percentage = 0.25)

*** Running Euler3DTransform registration ***

DIAGNOSTIC,Iteration,metricValue,convergenceValue,ITERATION_TIME_INDEX,SINCE_LAST
 2DIAGNOSTIC,     1, -5.480496989617e-01, 1.797693134862e+308, 9.5254e-01, 9.5254e-01, 
 2DIAGNOSTIC,     2, -5.506811078454e-01, 1.797693134862e+308, 9.5875e-01, 6.2110e-03, 
 2DIAGNOSTIC,     3, -5.546514955662e-01, 1.797693134862e+308, 9.6569e-01, 6.9468e-03, 
 2DIAGNOSTIC,     4, -5.606863537750e-01, 1.797693134862e+308, 9.7190e-01, 6.2070e-03, 
 2DIAGNOSTIC,     5, -5.693661845193e-01, 1.797693134862e+308, 9.7824e-01, 6.3400e-03, 
 2DIAGNOSTIC,     6, -5.854078830086e-01, 1.797693134862e+308, 9.8384e-01, 5.6009e-03, 
 2DIAGNOSTIC,     7, -6.232769732918e-01, 1.797693134862e+308, 9.9003e-01, 6.1901e-03, 
 2DIAGNOSTIC,     8, -6.297683730473e-01, 1.797693134862e+308, 9.9612e-01, 6.0849e-03, 
 2DIAGNOSTIC,     9, -6.366738733405e-01, 1.797693134862e+308, 1.0056e+00, 9.5029e-03, 
 2DIAGNOSTIC,    10, -6.375630690827e-01, 1.201760866083e-02, 1.0111e+00, 5.4462e-03, 
 2DIAGNOSTIC,    11, -6.405337628679e-01, 1.087684809450e-02, 1.0166e+00, 5.5230e-03, 
 2DIAGNOSTIC,    12, -6.435528997438e-01, 9.167753354490e-03, 1.0233e+00, 6.7041e-03, 
 2DIAGNOSTIC,    13, -6.444720921444e-01, 7.089498731847e-03, 1.0294e+00, 6.1512e-03, 
 2DIAGNOSTIC,    14, -6.463616611293e-01, 4.967892496988e-03, 1.0364e+00, 6.9180e-03, 
 2DIAGNOSTIC,    15, -6.484646963404e-01, 3.033020789043e-03, 1.0487e+00, 1.2383e-02, 
 2DIAGNOSTIC,    16, -6.486009987994e-01, 1.520386367320e-03, 1.0548e+00, 6.0449e-03, 
 2DIAGNOSTIC,    17, -6.493699344760e-01, 1.108203205204e-03, 1.0606e+00, 5.8081e-03, 
 2DIAGNOSTIC,    18, -6.514578195065e-01, 8.586162135984e-04, 1.0663e+00, 5.7399e-03, 
 2DIAGNOSTIC,    19, -6.526592717406e-01, 7.533650369804e-04, 1.0720e+00, 5.6281e-03, 
 2DIAGNOSTIC,    20, -6.536191777189e-01, 6.303067369293e-04, 1.0777e+00, 5.7230e-03, 
 2DIAGNOSTIC,    21, -6.549162298979e-01, 5.534292205380e-04, 1.0841e+00, 6.3841e-03, 
 2DIAGNOSTIC,    22, -6.562385790832e-01, 5.226986103234e-04, 1.0911e+00, 6.9759e-03, 
 2DIAGNOSTIC,    23, -6.565000058113e-01, 4.680180012238e-04, 1.0981e+00, 7.0000e-03, 
 2DIAGNOSTIC,    24, -6.565387353854e-01, 4.101063704210e-04, 1.1052e+00, 7.1990e-03, 
 2DIAGNOSTIC,    25, -6.567702146894e-01, 3.618032093045e-04, 1.1127e+00, 7.4151e-03, 
 2DIAGNOSTIC,    26, -6.583507212369e-01, 3.132611037347e-04, 1.1189e+00, 6.2571e-03, 
 2DIAGNOSTIC,    27, -6.586527568469e-01, 2.554116018357e-04, 1.1250e+00, 6.0780e-03, 
 2DIAGNOSTIC,    28, -6.593310437738e-01, 2.225767143836e-04, 1.1320e+00, 7.0269e-03, 
 2DIAGNOSTIC,    29, -6.595734041655e-01, 1.939316665332e-04, 1.1383e+00, 6.2561e-03, 
 2DIAGNOSTIC,    30, -6.595955819569e-01, 1.634946778525e-04, 1.1443e+00, 6.0139e-03, 
 2DIAGNOSTIC,    31, -6.596949967568e-01, 1.392755860912e-04, 1.1495e+00, 5.2140e-03, 
 2DIAGNOSTIC,    32, -6.597157295313e-01, 1.221677497589e-04, 1.1554e+00, 5.9350e-03, 
 2DIAGNOSTIC,    33, -6.597001423845e-01, 9.820426862704e-05, 1.1637e+00, 8.2290e-03, 
 2DIAGNOSTIC,    34, -6.595254449701e-01, 6.486903006531e-05, 1.1690e+00, 5.3120e-03, 
 2DIAGNOSTIC,    35, -6.595295822809e-01, 3.010817889722e-05, 1.1744e+00, 5.4250e-03, 
 2DIAGNOSTIC,    36, -6.595351297935e-01, 1.424396565632e-05, 1.1798e+00, 5.3601e-03, 
 2DIAGNOSTIC,    37, -6.595409535781e-01, 1.474135167153e-06, 1.1857e+00, 5.9249e-03, 
DIAGNOSTIC,Iteration,metricValue,convergenceValue,ITERATION_TIME_INDEX,SINCE_LAST
 2DIAGNOSTIC,     1, -5.183739626532e-01, 1.797693134862e+308, 2.0005e+00, 8.1476e-01, 
 2DIAGNOSTIC,     2, -5.189226238289e-01, 1.797693134862e+308, 2.0462e+00, 4.5752e-02, 
 2DIAGNOSTIC,     3, -5.196899327356e-01, 1.797693134862e+308, 2.0827e+00, 3.6526e-02, 
 2DIAGNOSTIC,     4, -5.204463663000e-01, 1.797693134862e+308, 2.1177e+00, 3.5000e-02, 
 2DIAGNOSTIC,     5, -5.209979485298e-01, 1.797693134862e+308, 2.1644e+00, 4.6622e-02, 
 2DIAGNOSTIC,     6, -5.216357744181e-01, 1.797693134862e+308, 2.2017e+00, 3.7377e-02, 
 2DIAGNOSTIC,     7, -5.233753714541e-01, 1.797693134862e+308, 2.2376e+00, 3.5820e-02, 
 2DIAGNOSTIC,     8, -5.241119131125e-01, 1.797693134862e+308, 2.2850e+00, 4.7445e-02, 
 2DIAGNOSTIC,     9, -5.247293428564e-01, 1.797693134862e+308, 2.3316e+00, 4.6553e-02, 
 2DIAGNOSTIC,    10, -5.250028241358e-01, 8.899807891575e-04, 2.3727e+00, 4.1190e-02, 
 2DIAGNOSTIC,    11, -5.254483053844e-01, 7.905532304529e-04, 2.4154e+00, 4.2634e-02, 
 2DIAGNOSTIC,    12, -5.277635687366e-01, 7.650652090697e-04, 2.4567e+00, 4.1338e-02, 
 2DIAGNOSTIC,    13, -5.283161385164e-01, 7.264279403542e-04, 2.4915e+00, 3.4818e-02, 
 2DIAGNOSTIC,    14, -5.288222936371e-01, 6.775649933808e-04, 2.5259e+00, 3.4405e-02, 
 2DIAGNOSTIC,    15, -5.289976642234e-01, 6.012605060045e-04, 2.5610e+00, 3.5024e-02, 
 2DIAGNOSTIC,    16, -5.298475138891e-01, 5.287513310367e-04, 2.6071e+00, 4.6124e-02, 
 2DIAGNOSTIC,    17, -5.313522151706e-01, 5.176189386403e-04, 2.6475e+00, 4.0438e-02, 
 2DIAGNOSTIC,    18, -5.317212131672e-01, 4.916469065320e-04, 2.6845e+00, 3.7016e-02, 
 2DIAGNOSTIC,    19, -5.322490404608e-01, 4.569583500108e-04, 2.7266e+00, 4.2023e-02, 
 2DIAGNOSTIC,    20, -5.323376839158e-01, 3.940997387515e-04, 2.7613e+00, 3.4760e-02, 
 2DIAGNOSTIC,    21, -5.325910153860e-01, 3.171269159166e-04, 2.7991e+00, 3.7818e-02, 
 2DIAGNOSTIC,    22, -5.334985473741e-01, 2.960182103917e-04, 2.8378e+00, 3.8612e-02, 
 2DIAGNOSTIC,    23, -5.343136286089e-01, 2.804991165300e-04, 2.8757e+00, 3.7961e-02, 
 2DIAGNOSTIC,    24, -5.358651576969e-01, 2.865869400088e-04, 2.9227e+00, 4.6983e-02, 
 2DIAGNOSTIC,    25, -5.371562730515e-01, 2.964643860717e-04, 2.9558e+00, 3.3150e-02, 
 2DIAGNOSTIC,    26, -5.415481470892e-01, 3.853523798150e-04, 2.9892e+00, 3.3364e-02, 
 2DIAGNOSTIC,    27, -5.440005066542e-01, 5.079387327447e-04, 3.0289e+00, 3.9716e-02, 
 2DIAGNOSTIC,    28, -5.456565934657e-01, 6.119923204237e-04, 3.0814e+00, 5.2460e-02, 
 2DIAGNOSTIC,    29, -5.459588770148e-01, 6.670179598882e-04, 3.1140e+00, 3.2643e-02, 
 2DIAGNOSTIC,    30, -5.471227424457e-01, 6.781212460715e-04, 3.1495e+00, 3.5507e-02, 
 2DIAGNOSTIC,    31, -5.479662870620e-01, 6.419602107507e-04, 3.1843e+00, 3.4738e-02, 
 2DIAGNOSTIC,    32, -5.484281373901e-01, 5.694424032303e-04, 3.2208e+00, 3.6536e-02, 
 2DIAGNOSTIC,    33, -5.488067658646e-01, 4.672348884780e-04, 3.2571e+00, 3.6315e-02, 
 2DIAGNOSTIC,    34, -5.501503684115e-01, 3.731814167020e-04, 3.2981e+00, 4.0982e-02, 
 2DIAGNOSTIC,    35, -5.562337895663e-01, 3.597332743833e-04, 3.3585e+00, 6.0376e-02, 
 2DIAGNOSTIC,    36, -5.567965247234e-01, 3.830238712035e-04, 3.3943e+00, 3.5770e-02, 
 2DIAGNOSTIC,    37, -5.573915943690e-01, 4.130614026763e-04, 3.4318e+00, 3.7592e-02, 
 2DIAGNOSTIC,    38, -5.589394329686e-01, 4.483110927304e-04, 3.4818e+00, 4.9984e-02, 
 2DIAGNOSTIC,    39, -5.594140346597e-01, 4.484033176442e-04, 3.5190e+00, 3.7142e-02, 
 2DIAGNOSTIC,    40, -5.597657838373e-01, 4.245009517763e-04, 3.5549e+00, 3.5968e-02, 
 2DIAGNOSTIC,    41, -5.602728749787e-01, 3.788469569571e-04, 3.5910e+00, 3.6070e-02, 
 2DIAGNOSTIC,    42, -5.607081471998e-01, 3.117444143150e-04, 3.6364e+00, 4.5396e-02, 
 2DIAGNOSTIC,    43, -5.610003850134e-01, 2.266156712955e-04, 3.6754e+00, 3.8975e-02, 
 2DIAGNOSTIC,    44, -5.610429450424e-01, 1.385580756065e-04, 3.7113e+00, 3.5881e-02, 
 2DIAGNOSTIC,    45, -5.611985915083e-01, 1.146853426070e-04, 3.7702e+00, 5.8899e-02, 
 2DIAGNOSTIC,    46, -5.613446267417e-01, 8.909769532689e-05, 3.8120e+00, 4.1835e-02, 
 2DIAGNOSTIC,    47, -5.621453521000e-01, 7.131172685820e-05, 3.8463e+00, 3.4283e-02, 
 2DIAGNOSTIC,    48, -5.627468430194e-01, 7.079212216342e-05, 3.8987e+00, 5.2433e-02, 
 2DIAGNOSTIC,    49, -5.633221346171e-01, 7.478958896633e-05, 3.9344e+00, 3.5702e-02, 
 2DIAGNOSTIC,    50, -5.639474639045e-01, 8.173501572407e-05, 3.9677e+00, 3.3307e-02, 
 2DIAGNOSTIC,    51, -5.654327276634e-01, 1.009517942624e-04, 4.0050e+00, 3.7251e-02, 
 2DIAGNOSTIC,    52, -5.664257224499e-01, 1.236955149041e-04, 4.0752e+00, 7.0212e-02, 
 2DIAGNOSTIC,    53, -5.665230232768e-01, 1.374666791578e-04, 4.1252e+00, 5.0003e-02, 
 2DIAGNOSTIC,    54, -5.666020799021e-01, 1.390420865984e-04, 4.1646e+00, 3.9456e-02, 
 2DIAGNOSTIC,    55, -5.666384589070e-01, 1.292134495579e-04, 4.2058e+00, 4.1165e-02, 
 2DIAGNOSTIC,    56, -5.666342614429e-01, 1.083916171640e-04, 4.2485e+00, 4.2652e-02, 
 2DIAGNOSTIC,    57, -5.666677751357e-01, 8.542486909598e-05, 4.2828e+00, 3.4347e-02, 
 2DIAGNOSTIC,    58, -5.666673357698e-01, 6.061896634413e-05, 4.3172e+00, 3.4393e-02, 
 2DIAGNOSTIC,    59, -5.668377278528e-01, 3.763364850598e-05, 4.3491e+00, 3.1917e-02, 
 2DIAGNOSTIC,    60, -5.671623527104e-01, 1.982966076777e-05, 4.3851e+00, 3.6016e-02, 
 2DIAGNOSTIC,    61, -5.671837400059e-01, 1.334958554761e-05, 4.4302e+00, 4.5020e-02, 
 2DIAGNOSTIC,    62, -5.671820850474e-01, 1.420832186224e-05, 4.4706e+00, 4.0470e-02, 
 2DIAGNOSTIC,    63, -5.671150112849e-01, 1.399684285987e-05, 4.5059e+00, 3.5231e-02, 
 2DIAGNOSTIC,    64, -5.672661042717e-01, 1.434460841974e-05, 4.5487e+00, 4.2807e-02, 
 2DIAGNOSTIC,    65, -5.673914579679e-01, 1.455558554330e-05, 4.5934e+00, 4.4697e-02, 
 2DIAGNOSTIC,    66, -5.674384418851e-01, 1.372318164913e-05, 4.6305e+00, 3.7122e-02, 
 2DIAGNOSTIC,    67, -5.674325626024e-01, 1.193586234124e-05, 4.6692e+00, 3.8718e-02, 
 2DIAGNOSTIC,    68, -5.674324232085e-01, 9.116913565446e-06, 4.7024e+00, 3.3152e-02, 
 2DIAGNOSTIC,    69, -5.674410922773e-01, 6.811743075846e-06, 4.7377e+00, 3.5345e-02, 
 2DIAGNOSTIC,    70, -5.674458998158e-01, 6.365145053509e-06, 4.7763e+00, 3.8609e-02, 
 2DIAGNOSTIC,    71, -5.674408920410e-01, 5.485836477116e-06, 4.8192e+00, 4.2850e-02, 
 2DIAGNOSTIC,    72, -5.674119936191e-01, 3.971463697270e-06, 4.8545e+00, 3.5345e-02, 
 2DIAGNOSTIC,    73, -5.674064109314e-01, 1.637565210176e-06, 4.8880e+00, 3.3516e-02, 
DIAGNOSTIC,Iteration,metricValue,convergenceValue,ITERATION_TIME_INDEX,SINCE_LAST
 2DIAGNOSTIC,     1, -5.013355768455e-01, 1.797693134862e+308, 6.1374e+00, 1.2493e+00, 
 2DIAGNOSTIC,     2, -5.016262426387e-01, 1.797693134862e+308, 6.3843e+00, 2.4693e-01, 
 2DIAGNOSTIC,     3, -5.019811520443e-01, 1.797693134862e+308, 6.6797e+00, 2.9546e-01, 
 2DIAGNOSTIC,     4, -5.021120860791e-01, 1.797693134862e+308, 6.9645e+00, 2.8471e-01, 
 2DIAGNOSTIC,     5, -5.021309343971e-01, 1.797693134862e+308, 7.2186e+00, 2.5412e-01, 
 2DIAGNOSTIC,     6, -5.021423143593e-01, 1.797693134862e+308, 7.4581e+00, 2.3957e-01, 
 2DIAGNOSTIC,     7, -5.021725351414e-01, 1.797693134862e+308, 7.6830e+00, 2.2481e-01, 
 2DIAGNOSTIC,     8, -5.021839384715e-01, 1.797693134862e+308, 7.9036e+00, 2.2060e-01, 
 2DIAGNOSTIC,     9, -5.022600522451e-01, 1.797693134862e+308, 8.2971e+00, 3.9354e-01, 
 2DIAGNOSTIC,    10, -5.022619437578e-01, 9.673606244509e-05, 8.5587e+00, 2.6157e-01, 
 2DIAGNOSTIC,    11, -5.022624333487e-01, 5.513489250025e-05, 8.8321e+00, 2.7347e-01, 
 2DIAGNOSTIC,    12, -5.022590567056e-01, 2.897823081560e-05, 9.1304e+00, 2.9826e-01, 
 2DIAGNOSTIC,    13, -5.022591059074e-01, 1.976091402850e-05, 9.4375e+00, 3.0705e-01, 
 2DIAGNOSTIC,    14, -5.022586280787e-01, 1.551132761965e-05, 9.6893e+00, 2.5186e-01, 
 2DIAGNOSTIC,    15, -5.022580592262e-01, 1.130460709173e-05, 9.9351e+00, 2.4575e-01, 
 2DIAGNOSTIC,    16, -5.022574236340e-01, 7.180308856047e-06, 1.0202e+01, 2.6713e-01, 
 2DIAGNOSTIC,    17, -5.022559682947e-01, 4.043821774359e-06, 1.0469e+01, 2.6651e-01, 
 2DIAGNOSTIC,    18, -5.022544912618e-01, 1.300929197930e-06, 1.0695e+01, 2.2597e-01, 
 2DIAGNOSTIC,    19, -5.022547654618e-01, 1.163311667426e-06, 1.1005e+01, 3.1055e-01, 
 2DIAGNOSTIC,    20, -5.022560550595e-01, 1.174461224496e-06, 1.1350e+01, 3.4445e-01, 
 2DIAGNOSTIC,    21, -5.022609379776e-01, 1.369489844728e-06, 1.1685e+01, 3.3486e-01, 
 2DIAGNOSTIC,    22, -5.022614395518e-01, 1.483748330179e-06, 1.2043e+01, 3.5874e-01, 
 2DIAGNOSTIC,    23, -5.022628803832e-01, 1.623469743924e-06, 1.2347e+01, 3.0359e-01, 
 2DIAGNOSTIC,    24, -5.022617895493e-01, 1.692642785385e-06, 1.2638e+01, 2.9140e-01, 
 2DIAGNOSTIC,    25, -5.022607032206e-01, 1.684174311907e-06, 1.2927e+01, 2.8873e-01, 
 2DIAGNOSTIC,    26, -5.022587285319e-01, 1.580414082526e-06, 1.3229e+01, 3.0175e-01, 
 2DIAGNOSTIC,    27, -5.022575176493e-01, 1.396111989634e-06, 1.3507e+01, 2.7837e-01, 
 2DIAGNOSTIC,    28, -5.022563849018e-01, 1.152867479849e-06, 1.3759e+01, 2.5236e-01, 
DIAGNOSTIC,Iteration,metricValue,convergenceValue,ITERATION_TIME_INDEX,SINCE_LAST
 2DIAGNOSTIC,     1, -4.666599058978e-01, 1.797693134862e+308, 1.6437e+01, 2.6777e+00, 
 2DIAGNOSTIC,     2, -4.667154129674e-01, 1.797693134862e+308, 1.7877e+01, 1.4401e+00, 
 2DIAGNOSTIC,     3, -4.668396174876e-01, 1.797693134862e+308, 2.0091e+01, 2.2138e+00, 
 2DIAGNOSTIC,     4, -4.668575147158e-01, 1.797693134862e+308, 2.1569e+01, 1.4777e+00, 
 2DIAGNOSTIC,     5, -4.668673127861e-01, 1.797693134862e+308, 2.3252e+01, 1.6831e+00, 
 2DIAGNOSTIC,     6, -4.668793449630e-01, 1.797693134862e+308, 2.4970e+01, 1.7181e+00, 
 2DIAGNOSTIC,     7, -4.668869560676e-01, 1.797693134862e+308, 2.6857e+01, 1.8868e+00, 
 2DIAGNOSTIC,     8, -4.668864008103e-01, 1.797693134862e+308, 2.8214e+01, 1.3566e+00, 
 2DIAGNOSTIC,     9, -4.668965398734e-01, 1.797693134862e+308, 2.9563e+01, 1.3494e+00, 
 2DIAGNOSTIC,    10, -4.669256578928e-01, 3.194988556893e-05, 3.1041e+01, 1.4781e+00, 
 2DIAGNOSTIC,    11, -4.669560969544e-01, 2.245123800249e-05, 3.2943e+01, 1.9018e+00, 
 2DIAGNOSTIC,    12, -4.669642350124e-01, 1.582270295204e-05, 3.5747e+01, 2.8045e+00, 
 2DIAGNOSTIC,    13, -4.669630147719e-01, 1.480045978945e-05, 3.7601e+01, 1.8540e+00, 
 2DIAGNOSTIC,    14, -4.669627962917e-01, 1.358571743598e-05, 4.2033e+01, 4.4311e+00, 
 2DIAGNOSTIC,    15, -4.669627962904e-01, 1.186605055997e-05, 4.5928e+01, 3.8952e+00, 
 2DIAGNOSTIC,    16, -4.669627962904e-01, 9.897539758330e-06, 4.7955e+01, 2.0271e+00, 
 2DIAGNOSTIC,    17, -4.669627962904e-01, 7.718052883049e-06, 5.0256e+01, 2.3007e+00, 
 2DIAGNOSTIC,    18, -4.669627962904e-01, 5.240397638155e-06, 5.2115e+01, 1.8594e+00, 
 2DIAGNOSTIC,    19, -4.669627962904e-01, 3.016116545879e-06, 5.3780e+01, 1.6654e+00, 
 2DIAGNOSTIC,    20, -4.669627962904e-01, 1.751683568550e-06, 5.5723e+01, 1.9429e+00, 
 2DIAGNOSTIC,    21, -4.669627962904e-01, 1.467711351566e-06, 5.7120e+01, 1.3967e+00, 
 2DIAGNOSTIC,    22, -4.669627962904e-01, 1.440031983588e-06, 5.8485e+01, 1.3654e+00, 
 2DIAGNOSTIC,    23, -4.669627962904e-01, 1.383197001409e-06, 5.9960e+01, 1.4750e+00, 
 2DIAGNOSTIC,    24, -4.669627962904e-01, 1.325557558406e-06, 6.1648e+01, 1.6880e+00, 
 2DIAGNOSTIC,    25, -4.669627962904e-01, 1.272529721978e-06, 6.3688e+01, 2.0402e+00, 
 2DIAGNOSTIC,    26, -4.669627962904e-01, 1.223581359219e-06, 6.5353e+01, 1.6646e+00, 
 2DIAGNOSTIC,    27, -4.669627962904e-01, 1.178259151496e-06, 6.6895e+01, 1.5418e+00, 
 2DIAGNOSTIC,    28, -4.669627962904e-01, 1.136174545995e-06, 6.8533e+01, 1.6384e+00, 
 2DIAGNOSTIC,    29, -4.669627962904e-01, 1.096992588261e-06, 7.0371e+01, 1.8372e+00, 
 2DIAGNOSTIC,    30, -4.669627962904e-01, 1.060422988211e-06, 7.2089e+01, 1.7181e+00, 
 2DIAGNOSTIC,    31, -4.669627962904e-01, 1.026212915790e-06, 7.3860e+01, 1.7709e+00, 
  Elapsed time (stage 0): 7.4848e+01


Total elapsed time: 7.4853e+01
Info [verificarlo]: loaded backend libinterflop_vprec.so
Info [interflop-vprec]: load backend with: 
Info [interflop-vprec]: precision-binary32 = 22
Info [interflop-vprec]: range-binary32 = 7
Info [interflop-vprec]: precision-binary64 = 22
Info [interflop-vprec]: range-binary64 = 7
Info [interflop-vprec]: mode = ob
Info [interflop-vprec]: error-mode = rel
Info [interflop-vprec]: max-abs-error-exponent = -1022
Info [interflop-vprec]: daz = false
Info [interflop-vprec]: ftz = false
Info [interflop-vprec]: 	instrument = none
Info [interflop-vprec]: 	prec-input-file = (null)
Info [interflop-vprec]: 	prec-output-file = (null)
Info [interflop-vprec]: 	prec-log-file = (null)
All_Command_lines_OK
Using double precision for computations.
=============================================================================
The composite transform comprises the following transforms (in order): 
  1. /home/mdugre/scratch/mri-registration-rp/datasets/ds004513/derivatives/mri-registration-rp/0011/antsRegistration-r7-p22/sub-s032/rigid_Composite.h5[0] (type = Euler3DTransform)
  2. /home/mdugre/scratch/mri-registration-rp/datasets/ds004513/derivatives/mri-registration-rp/0011/antsRegistration-r7-p22/sub-s032/rigid_Composite.h5[1] (type = Euler3DTransform)
  3. /home/mdugre/scratch/mri-registration-rp/datasets/ds004513/derivatives/mri-registration-rp/0011/antsRegistration-r7-p22/sub-s032/rigid_Composite.h5[2] (type = Euler3DTransform)
=============================================================================
  number of levels = 4
  fixed image: /templateflow/tpl-MNI152NLin2009cAsym/tpl-MNI152NLin2009cAsym_res-01_desc-brain_T1w.nii.gz
  moving image: /home/mdugre/scratch/mri-registration-rp/datasets/ds004513/derivatives/mri-registration-rp/antsBrainExtraction/sub-s032/BrainExtractionBrain.nii.gz
Dimension = 3
Number of stages = 1
Use histogram matching = false
Winsorize image intensities = true
  Lower quantile = 0.005
  Upper quantile = 0.995


Stage 1 State
   Image metric = MattesMI
     Fixed image = Image (0x4710490)
  RTTI typeinfo:   itk::Image<double, 3u>
  Reference Count: 2
  Modified Time: 1592
  Debug: Off
  Object Name: 
  Observers: 
    none
  Source: (none)
  Source output name: (none)
  Release Data: Off
  Data Released: False
  Global Release Data: Off
  PipelineMTime: 0
  UpdateMTime: 1203
  RealTimeStamp: 0 seconds 
  LargestPossibleRegion: 
    Dimension: 3
    Index: [0, 0, 0]
    Size: [193, 229, 193]
  BufferedRegion: 
    Dimension: 3
    Index: [0, 0, 0]
    Size: [193, 229, 193]
  RequestedRegion: 
    Dimension: 3
    Index: [0, 0, 0]
    Size: [193, 229, 193]
  Spacing: [1, 1, 1]
  Origin: [96, 132, -78]
  Direction: 
-1 0 0
0 -1 0
0 0 1

  IndexToPointMatrix: 
-1 0 0
0 -1 0
0 0 1

  PointToIndexMatrix: 
-1 0 0
0 -1 0
0 0 1

  Inverse Direction: 
-1 0 0
0 -1 0
0 0 1

  PixelContainer: 
    ImportImageContainer (0x47db8c0)
      RTTI typeinfo:   itk::ImportImageContainer<unsigned long, double>
      Reference Count: 1
      Modified Time: 1200
      Debug: Off
      Object Name: 
      Observers: 
        none
      Pointer: 0x14deb60e1010
      Container manages memory: true
      Size: 8530021
      Capacity: 8530021

     Moving image = Image (0x47cbb60)
  RTTI typeinfo:   itk::Image<double, 3u>
  Reference Count: 2
  Modified Time: 1593
  Debug: Off
  Object Name: 
  Observers: 
    none
  Source: (none)
  Source output name: (none)
  Release Data: Off
  Data Released: False
  Global Release Data: Off
  PipelineMTime: 0
  UpdateMTime: 1590
  RealTimeStamp: 0 seconds 
  LargestPossibleRegion: 
    Dimension: 3
    Index: [0, 0, 0]
    Size: [160, 240, 256]
  BufferedRegion: 
    Dimension: 3
    Index: [0, 0, 0]
    Size: [160, 240, 256]
  RequestedRegion: 
    Dimension: 3
    Index: [0, 0, 0]
    Size: [160, 240, 256]
  Spacing: [1, 1, 1]
  Origin: [73.279, 104.707, -131.187]
  Direction: 
-0.997527 0.0645574 -0.0278053
-0.0645323 -0.997914 -0.00179875
-0.0278634 4.01097e-08 0.999612

  IndexToPointMatrix: 
-0.997527 0.0645574 -0.0278053
-0.0645323 -0.997914 -0.00179875
-0.0278634 4.01097e-08 0.999612

  PointToIndexMatrix: 
-0.997527 -0.0645323 -0.0278634
0.0645574 -0.997914 1.20141e-07
-0.0278053 -0.00179879 0.999612

  Inverse Direction: 
-0.997527 -0.0645323 -0.0278634
0.0645574 -0.997914 1.20141e-07
-0.0278053 -0.00179879 0.999612

  PixelContainer: 
    ImportImageContainer (0x485f1d0)
      RTTI typeinfo:   itk::ImportImageContainer<unsigned long, double>
      Reference Count: 1
      Modified Time: 1587
      Debug: Off
      Object Name: 
      Observers: 
        none
      Pointer: 0x14deb15e0010
      Container manages memory: true
      Size: 9830400
      Capacity: 9830400

     Weighting = 1
     Sampling strategy = regular
     Number of bins = 32
     Radius = 4
     Sampling percentage  = 0.25
   Transform = Affine
     Gradient step = 0.1
     Update field sigma (voxel space) = 0
     Total field sigma (voxel space) = 0
     Update field time sigma = 0
     Total field time sigma  = 0
     Number of time indices = 0
     Number of time point samples = 0
Registration using 1 total stages.

Stage 0
  iterations = 1000x500x250x100
  convergence threshold = 1e-06
  convergence window size = 10
  number of levels = 4
  using the Mattes MI metric (number of bins = 32, weight = 1, use gradient filter = 0)
  preprocessing:  winsorizing the image intensities
  Shrink factors (level 1 out of 4): [8, 8, 8]
  Shrink factors (level 2 out of 4): [4, 4, 4]
  Shrink factors (level 3 out of 4): [2, 2, 2]
  Shrink factors (level 4 out of 4): [1, 1, 1]
  smoothing sigmas per level: [3, 2, 1, 0]
  regular sampling (percentage = 0.25)

*** Running AffineTransform registration ***

DIAGNOSTIC,Iteration,metricValue,convergenceValue,ITERATION_TIME_INDEX,SINCE_LAST
 2DIAGNOSTIC,     1, -6.837522531661e-01, 1.797693134862e+308, 0.0000e+00, 0.0000e+00, 
 2DIAGNOSTIC,     2, -6.860308993762e-01, 1.797693134862e+308, 0.0000e+00, 0.0000e+00, 
 2DIAGNOSTIC,     3, -6.898890338776e-01, 1.797693134862e+308, 0.0000e+00, 0.0000e+00, 
 2DIAGNOSTIC,     4, -7.013635879471e-01, 1.797693134862e+308, 0.0000e+00, 0.0000e+00, 
 2DIAGNOSTIC,     5, -7.217983642779e-01, 1.797693134862e+308, 0.0000e+00, 0.0000e+00, 
 2DIAGNOSTIC,     6, -7.237697418502e-01, 1.797693134862e+308, 0.0000e+00, 0.0000e+00, 
 2DIAGNOSTIC,     7, -7.242583653286e-01, 1.797693134862e+308, 0.0000e+00, 0.0000e+00, 
 2DIAGNOSTIC,     8, -7.255068262036e-01, 1.797693134862e+308, 0.0000e+00, 0.0000e+00, 
 2DIAGNOSTIC,     9, -7.277879875503e-01, 1.797693134862e+308, 0.0000e+00, 0.0000e+00, 
 2DIAGNOSTIC,    10, -7.305290976480e-01, 4.767968315075e-03, 0.0000e+00, 0.0000e+00, 
 2DIAGNOSTIC,    11, -7.341845888027e-01, 3.769620269674e-03, 0.0000e+00, 0.0000e+00, 
 2DIAGNOSTIC,    12, -7.352665357491e-01, 2.726223162316e-03, 0.0000e+00, 0.0000e+00, 
 2DIAGNOSTIC,    13, -7.365695920441e-01, 1.758495130539e-03, 0.0000e+00, 0.0000e+00, 
 2DIAGNOSTIC,    14, -7.376017541734e-01, 1.110468325318e-03, 0.0000e+00, 0.0000e+00, 
 2DIAGNOSTIC,    15, -7.378532002806e-01, 9.920580974012e-04, 0.0000e+00, 0.0000e+00, 
 2DIAGNOSTIC,    16, -7.381898965293e-01, 8.547351704756e-04, 0.0000e+00, 0.0000e+00, 
 2DIAGNOSTIC,    17, -7.386097100243e-01, 6.767811686752e-04, 0.0000e+00, 0.0000e+00, 
 2DIAGNOSTIC,    18, -7.387863597183e-01, 4.877441673666e-04, 0.0000e+00, 0.0000e+00, 
 2DIAGNOSTIC,    19, -7.391668427858e-01, 3.283296001696e-04, 0.0000e+00, 0.0000e+00, 
 2DIAGNOSTIC,    20, -7.393753247595e-01, 2.111053890792e-04, 0.0000e+00, 0.0000e+00, 
 2DIAGNOSTIC,    21, -7.396450489565e-01, 1.589182839277e-04, 0.0000e+00, 0.0000e+00, 
 2DIAGNOSTIC,    22, -7.400034890351e-01, 1.220028424300e-04, 0.0000e+00, 0.0000e+00, 
 2DIAGNOSTIC,    23, -7.400513846218e-01, 9.954485108200e-05, 0.0000e+00, 0.0000e+00, 
 2DIAGNOSTIC,    24, -7.413348942468e-01, 1.075578194684e-04, 0.0000e+00, 0.0000e+00, 
 2DIAGNOSTIC,    25, -7.414201105812e-01, 1.096179284388e-04, 0.0000e+00, 0.0000e+00, 
 2DIAGNOSTIC,    26, -7.413061132392e-01, 1.047305790401e-04, 0.0000e+00, 0.0000e+00, 
 2DIAGNOSTIC,    27, -7.413878160628e-01, 9.801592973516e-05, 0.0000e+00, 0.0000e+00, 
 2DIAGNOSTIC,    28, -7.414121051928e-01, 8.527414158985e-05, 0.0000e+00, 0.0000e+00, 
 2DIAGNOSTIC,    29, -7.417375757614e-01, 7.469016120819e-05, 0.0000e+00, 0.0000e+00, 
 2DIAGNOSTIC,    30, -7.420267095832e-01, 6.411709072512e-05, 0.0000e+00, 0.0000e+00, 
 2DIAGNOSTIC,    31, -7.420224491928e-01, 5.171240275149e-05, 0.0000e+00, 0.0000e+00, 
 2DIAGNOSTIC,    32, -7.420333698528e-01, 4.006874752996e-05, 0.0000e+00, 0.0000e+00, 
 2DIAGNOSTIC,    33, -7.421558105044e-01, 2.702929300399e-05, 0.0000e+00, 0.0000e+00, 
 2DIAGNOSTIC,    34, -7.421660686529e-01, 2.693744697003e-05, 0.0000e+00, 0.0000e+00, 
 2DIAGNOSTIC,    35, -7.422851370996e-01, 2.664837419371e-05, 0.0000e+00, 0.0000e+00, 
 2DIAGNOSTIC,    36, -7.425249305778e-01, 2.529605848503e-05, 0.0000e+00, 0.0000e+00, 
 2DIAGNOSTIC,    37, -7.423369120345e-01, 2.060311035717e-05, 0.0000e+00, 0.0000e+00, 
 2DIAGNOSTIC,    38, -7.425185834568e-01, 1.640612029671e-05, 0.0000e+00, 0.0000e+00, 
 2DIAGNOSTIC,    39, -7.425184122411e-01, 1.405230865689e-05, 0.0000e+00, 0.0000e+00, 
 2DIAGNOSTIC,    40, -7.425184418558e-01, 1.334402881970e-05, 0.0000e+00, 0.0000e+00, 
 2DIAGNOSTIC,    41, -7.425186895427e-01, 1.144127817634e-05, 0.0000e+00, 0.0000e+00, 
 2DIAGNOSTIC,    42, -7.425189146041e-01, 8.716957537534e-06, 0.0000e+00, 0.0000e+00, 
 2DIAGNOSTIC,    43, -7.425192814656e-01, 6.491886826891e-06, 0.0000e+00, 0.0000e+00, 
 2DIAGNOSTIC,    44, -7.425195254435e-01, 3.874963352093e-06, 0.0000e+00, 0.0000e+00, 
 2DIAGNOSTIC,    45, -7.425203692386e-01, 2.053408362627e-06, 0.0000e+00, 0.0000e+00, 
 2DIAGNOSTIC,    46, -7.425215135029e-01, 2.274606395038e-06, 0.0000e+00, 0.0000e+00, 
DIAGNOSTIC,Iteration,metricValue,convergenceValue,ITERATION_TIME_INDEX,SINCE_LAST
 2DIAGNOSTIC,     1, -5.964598067325e-01, 1.797693134862e+308, 0.0000e+00, 0.0000e+00, 
 2DIAGNOSTIC,     2, -5.971332395148e-01, 1.797693134862e+308, 0.0000e+00, 0.0000e+00, 
 2DIAGNOSTIC,     3, -5.979066306569e-01, 1.797693134862e+308, 0.0000e+00, 0.0000e+00, 
 2DIAGNOSTIC,     4, -5.988410826617e-01, 1.797693134862e+308, 0.0000e+00, 0.0000e+00, 
 2DIAGNOSTIC,     5, -6.000566991099e-01, 1.797693134862e+308, 0.0000e+00, 0.0000e+00, 
 2DIAGNOSTIC,     6, -6.020145517299e-01, 1.797693134862e+308, 0.0000e+00, 0.0000e+00, 
 2DIAGNOSTIC,     7, -6.083449575932e-01, 1.797693134862e+308, 0.0000e+00, 0.0000e+00, 
 2DIAGNOSTIC,     8, -6.083444632262e-01, 1.797693134862e+308, 0.0000e+00, 0.0000e+00, 
 2DIAGNOSTIC,     9, -6.083372317354e-01, 1.797693134862e+308, 0.0000e+00, 0.0000e+00, 
 2DIAGNOSTIC,    10, -6.083370309555e-01, 1.595196287982e-03, 0.0000e+00, 0.0000e+00, 
 2DIAGNOSTIC,    11, -6.083239228729e-01, 1.368888568838e-03, 0.0000e+00, 0.0000e+00, 
 2DIAGNOSTIC,    12, -6.083186296262e-01, 1.080309444154e-03, 0.0000e+00, 0.0000e+00, 
 2DIAGNOSTIC,    13, -6.083069110719e-01, 7.666403106839e-04, 0.0000e+00, 0.0000e+00, 
 2DIAGNOSTIC,    14, -6.083190326445e-01, 4.636111953855e-04, 0.0000e+00, 0.0000e+00, 
 2DIAGNOSTIC,    15, -6.083235785353e-01, 1.980062751925e-04, 0.0000e+00, 0.0000e+00, 
DIAGNOSTIC,Iteration,metricValue,convergenceValue,ITERATION_TIME_INDEX,SINCE_LAST
 2DIAGNOSTIC,     1, -5.433353127665e-01, 1.797693134862e+308, 0.0000e+00, 0.0000e+00, 
 2DIAGNOSTIC,     2, -5.436125962862e-01, 1.797693134862e+308, 0.0000e+00, 0.0000e+00, 
 2DIAGNOSTIC,     3, -5.439030177403e-01, 1.797693134862e+308, 0.0000e+00, 0.0000e+00, 
 2DIAGNOSTIC,     4, -5.441564302453e-01, 1.797693134862e+308, 0.0000e+00, 0.0000e+00, 
 2DIAGNOSTIC,     5, -5.443680395533e-01, 1.797693134862e+308, 0.0000e+00, 0.0000e+00, 
 2DIAGNOSTIC,     6, -5.445407506025e-01, 1.797693134862e+308, 0.0000e+00, 0.0000e+00, 
 2DIAGNOSTIC,     7, -5.446920114092e-01, 1.797693134862e+308, 0.0000e+00, 0.0000e+00, 
 2DIAGNOSTIC,     8, -5.447159880770e-01, 1.797693134862e+308, 0.0000e+00, 0.0000e+00, 
 2DIAGNOSTIC,     9, -5.447188069901e-01, 1.797693134862e+308, 0.0000e+00, 0.0000e+00, 
 2DIAGNOSTIC,    10, -5.447156671496e-01, 1.700708525041e-04, 0.0000e+00, 0.0000e+00, 
 2DIAGNOSTIC,    11, -5.447160334111e-01, 1.166036376284e-04, 0.0000e+00, 0.0000e+00, 
 2DIAGNOSTIC,    12, -5.447150722656e-01, 7.365818758300e-05, 0.0000e+00, 0.0000e+00, 
 2DIAGNOSTIC,    13, -5.447137217212e-01, 4.240522242988e-05, 0.0000e+00, 0.0000e+00, 
 2DIAGNOSTIC,    14, -5.447140498102e-01, 2.139199267569e-05, 0.0000e+00, 0.0000e+00, 
 2DIAGNOSTIC,    15, -5.447133092968e-01, 8.679832400882e-06, 0.0000e+00, 0.0000e+00, 
 2DIAGNOSTIC,    16, -5.447126366710e-01, 2.438604697994e-06, 0.0000e+00, 0.0000e+00, 
 2DIAGNOSTIC,    17, -5.447113002447e-01, 1.473384078951e-06, 0.0000e+00, 0.0000e+00, 
 2DIAGNOSTIC,    18, -5.447118977420e-01, 1.362625749665e-06, 0.0000e+00, 0.0000e+00, 
 2DIAGNOSTIC,    19, -5.447113212250e-01, 1.363445595363e-06, 0.0000e+00, 0.0000e+00, 
 2DIAGNOSTIC,    20, -5.447109874795e-01, 1.301470383970e-06, 0.0000e+00, 0.0000e+00, 
 2DIAGNOSTIC,    21, -5.447118989520e-01, 1.305091552002e-06, 0.0000e+00, 0.0000e+00, 
 2DIAGNOSTIC,    22, -5.447103130672e-01, 1.267682940412e-06, 0.0000e+00, 0.0000e+00, 
 2DIAGNOSTIC,    23, -5.447096142718e-01, 1.203946829231e-06, 0.0000e+00, 0.0000e+00, 
 2DIAGNOSTIC,    24, -5.447091737555e-01, 1.160040732841e-06, 0.0000e+00, 0.0000e+00, 
 2DIAGNOSTIC,    25, -5.447100998908e-01, 1.138794640261e-06, 0.0000e+00, 0.0000e+00, 
 2DIAGNOSTIC,    26, -5.447099571442e-01, 1.114916012956e-06, 0.0000e+00, 0.0000e+00, 
