
##########################
# Experiment information #
##########################

EXPERIMENT_NAME: antsRegistration-r7-p14
VFC_BACKENDS: libinterflop_vprec.so --range-binary32=7 --precision-binary32=14 --range-binary64=7 --precision-binary64=14

SIF_IMG: /home/mdugre/projects/rrg-glatard/mdugre/containers/ants-vprec-no_metrics.simg

SUBJECT_ID: s025
INPUT_IMG: /home/mdugre/scratch/mri-registration-rp/datasets/ds004513/derivatives/mri-registration-rp/antsBrainExtraction/sub-s025/BrainExtractionBrain.nii.gz
OUTPUT_DIR: /home/mdugre/scratch/mri-registration-rp/datasets/ds004513/derivatives/mri-registration-rp/0011/antsRegistration-r7-p14/sub-s025

FIXED_IMG: /templateflow/tpl-MNI152NLin2009cAsym/tpl-MNI152NLin2009cAsym_res-01_desc-brain_T1w.nii.gz
DATA_DIR: /home/mdugre/scratch/mri-registration-rp/datasets/ds004513
TEMPLATEFLOW_DIR: /home/mdugre/projects/rrg-glatard/mdugre/templateflow
ITK_GLOBAL_DEFAULT_NUMBER_OF_THREADS: 16
##########################

Info [verificarlo]: loaded backend libinterflop_ieee.so
Info [interflop-ieee]: load backend with:
Info [interflop-ieee]: debug = false
Info [interflop-ieee]: debug-binary = false
Info [interflop-ieee]: no-backend-name = false
Info [interflop-ieee]: print-new-line = false
Info [interflop-ieee]: print-subnormal-normalized = false
Info [interflop-ieee]: count-op = false
All_Command_lines_OK
Using double precision for computations.
=============================================================================
The composite transform comprises the following transforms (in order): 
  1. Center of mass alignment using fixed image: /templateflow/tpl-MNI152NLin2009cAsym/tpl-MNI152NLin2009cAsym_res-01_desc-brain_T1w.nii.gz and moving image: /home/mdugre/scratch/mri-registration-rp/datasets/ds004513/derivatives/mri-registration-rp/antsBrainExtraction/sub-s025/BrainExtractionBrain.nii.gz (type = Euler3DTransform)
=============================================================================
  number of levels = 1
  fixed image: /templateflow/tpl-MNI152NLin2009cAsym/tpl-MNI152NLin2009cAsym_res-01_desc-brain_T1w.nii.gz
  moving image: /home/mdugre/scratch/mri-registration-rp/datasets/ds004513/derivatives/mri-registration-rp/antsBrainExtraction/sub-s025/BrainExtractionBrain.nii.gz
Dimension = 3
Number of stages = 1
Use histogram matching = false
Winsorize image intensities = true
  Lower quantile = 0.005
  Upper quantile = 0.995


Stage 1 State
   Image metric = MattesMI
     Fixed image = Image (0x466ce70)
  RTTI typeinfo:   itk::Image<double, 3u>
  Reference Count: 2
  Modified Time: 2334
  Debug: Off
  Object Name: 
  Observers: 
    none
  Source: (none)
  Source output name: (none)
  Release Data: Off
  Data Released: False
  Global Release Data: Off
  PipelineMTime: 0
  UpdateMTime: 1943
  RealTimeStamp: 0 seconds 
  LargestPossibleRegion: 
    Dimension: 3
    Index: [0, 0, 0]
    Size: [193, 229, 193]
  BufferedRegion: 
    Dimension: 3
    Index: [0, 0, 0]
    Size: [193, 229, 193]
  RequestedRegion: 
    Dimension: 3
    Index: [0, 0, 0]
    Size: [193, 229, 193]
  Spacing: [1, 1, 1]
  Origin: [96, 132, -78]
  Direction: 
-1 0 0
0 -1 0
0 0 1

  IndexToPointMatrix: 
-1 0 0
0 -1 0
0 0 1

  PointToIndexMatrix: 
-1 0 0
0 -1 0
0 0 1

  Inverse Direction: 
-1 0 0
0 -1 0
0 0 1

  PixelContainer: 
    ImportImageContainer (0x4675c60)
      RTTI typeinfo:   itk::ImportImageContainer<unsigned long, double>
      Reference Count: 1
      Modified Time: 1940
      Debug: Off
      Object Name: 
      Observers: 
        none
      Pointer: 0x14d79de1b010
      Container manages memory: true
      Size: 8530021
      Capacity: 8530021

     Moving image = Image (0x4678610)
  RTTI typeinfo:   itk::Image<double, 3u>
  Reference Count: 2
  Modified Time: 2335
  Debug: Off
  Object Name: 
  Observers: 
    none
  Source: (none)
  Source output name: (none)
  Release Data: Off
  Data Released: False
  Global Release Data: Off
  PipelineMTime: 0
  UpdateMTime: 2332
  RealTimeStamp: 0 seconds 
  LargestPossibleRegion: 
    Dimension: 3
    Index: [0, 0, 0]
    Size: [176, 240, 256]
  BufferedRegion: 
    Dimension: 3
    Index: [0, 0, 0]
    Size: [176, 240, 256]
  RequestedRegion: 
    Dimension: 3
    Index: [0, 0, 0]
    Size: [176, 240, 256]
  Spacing: [0.999999, 1, 1]
  Origin: [90.3778, 84.5091, -154.071]
  Direction: 
-0.999391 7.48184e-06 -0.0348969
-7.47664e-06 -1 -2.7953e-07
-0.0348969 -1.84481e-08 0.999391

  IndexToPointMatrix: 
-0.99939 7.48184e-06 -0.0348969
-7.47663e-06 -1 -2.7953e-07
-0.0348968 -1.84481e-08 0.999391

  PointToIndexMatrix: 
-0.999392 -7.47665e-06 -0.0348969
7.48184e-06 -1 -1.84481e-08
-0.0348969 -2.7953e-07 0.999391

  Inverse Direction: 
-0.999391 -7.47664e-06 -0.0348969
7.48184e-06 -1 -1.84481e-08
-0.0348969 -2.7953e-07 0.999391

  PixelContainer: 
    ImportImageContainer (0x4711ef0)
      RTTI typeinfo:   itk::ImportImageContainer<unsigned long, double>
      Reference Count: 1
      Modified Time: 2329
      Debug: Off
      Object Name: 
      Observers: 
        none
      Pointer: 0x14d798b9a010
      Container manages memory: true
      Size: 10813440
      Capacity: 10813440

     Weighting = 1
     Sampling strategy = regular
     Number of bins = 32
     Radius = 4
     Sampling percentage  = 0.25
   Transform = Rigid
     Gradient step = 0.1
     Update field sigma (voxel space) = 0
     Total field sigma (voxel space) = 0
     Update field time sigma = 0
     Total field time sigma  = 0
     Number of time indices = 0
     Number of time point samples = 0
Registration using 1 total stages.

Stage 0
  iterations = 0
  convergence threshold = 1e-06
  convergence window size = 10
  number of levels = 1
  using the Mattes MI metric (number of bins = 32, weight = 1, use gradient filter = 0)
  preprocessing:  winsorizing the image intensities
  Shrink factors (level 1 out of 1): [1, 1, 1]
  smoothing sigmas per level: [0]
  regular sampling (percentage = 0.25)

*** Running Euler3DTransform registration ***

  Elapsed time (stage 0): 1.1351


Total elapsed time: 1.13745
Info [verificarlo]: loaded backend libinterflop_ieee.so
Info [interflop-ieee]: load backend with:
Info [interflop-ieee]: debug = false
Info [interflop-ieee]: debug-binary = false
Info [interflop-ieee]: no-backend-name = false
Info [interflop-ieee]: print-new-line = false
Info [interflop-ieee]: print-subnormal-normalized = false
Info [interflop-ieee]: count-op = false
All_Command_lines_OK
Using double precision for computations.
=============================================================================
The composite transform comprises the following transforms (in order): 
  1. /home/mdugre/scratch/mri-registration-rp/datasets/ds004513/derivatives/mri-registration-rp/0011/antsRegistration-r7-p14/sub-s025/align_Composite.h5[0] (type = Euler3DTransform)
  2. /home/mdugre/scratch/mri-registration-rp/datasets/ds004513/derivatives/mri-registration-rp/0011/antsRegistration-r7-p14/sub-s025/align_Composite.h5[1] (type = Euler3DTransform)
=============================================================================
  number of levels = 4
  fixed image: /templateflow/tpl-MNI152NLin2009cAsym/tpl-MNI152NLin2009cAsym_res-01_desc-brain_T1w.nii.gz
  moving image: /home/mdugre/scratch/mri-registration-rp/datasets/ds004513/derivatives/mri-registration-rp/antsBrainExtraction/sub-s025/BrainExtractionBrain.nii.gz
Dimension = 3
Number of stages = 1
Use histogram matching = false
Winsorize image intensities = true
  Lower quantile = 0.005
  Upper quantile = 0.995


Stage 1 State
   Image metric = MattesMI
     Fixed image = Image (0x438f530)
  RTTI typeinfo:   itk::Image<double, 3u>
  Reference Count: 2
  Modified Time: 1580
  Debug: Off
  Object Name: 
  Observers: 
    none
  Source: (none)
  Source output name: (none)
  Release Data: Off
  Data Released: False
  Global Release Data: Off
  PipelineMTime: 0
  UpdateMTime: 1189
  RealTimeStamp: 0 seconds 
  LargestPossibleRegion: 
    Dimension: 3
    Index: [0, 0, 0]
    Size: [193, 229, 193]
  BufferedRegion: 
    Dimension: 3
    Index: [0, 0, 0]
    Size: [193, 229, 193]
  RequestedRegion: 
    Dimension: 3
    Index: [0, 0, 0]
    Size: [193, 229, 193]
  Spacing: [1, 1, 1]
  Origin: [96, 132, -78]
  Direction: 
-1 0 0
0 -1 0
0 0 1

  IndexToPointMatrix: 
-1 0 0
0 -1 0
0 0 1

  PointToIndexMatrix: 
-1 0 0
0 -1 0
0 0 1

  Inverse Direction: 
-1 0 0
0 -1 0
0 0 1

  PixelContainer: 
    ImportImageContainer (0x444dd60)
      RTTI typeinfo:   itk::ImportImageContainer<unsigned long, double>
      Reference Count: 1
      Modified Time: 1186
      Debug: Off
      Object Name: 
      Observers: 
        none
      Pointer: 0x146c7d3ea010
      Container manages memory: true
      Size: 8530021
      Capacity: 8530021

     Moving image = Image (0x443ff60)
  RTTI typeinfo:   itk::Image<double, 3u>
  Reference Count: 2
  Modified Time: 1581
  Debug: Off
  Object Name: 
  Observers: 
    none
  Source: (none)
  Source output name: (none)
  Release Data: Off
  Data Released: False
  Global Release Data: Off
  PipelineMTime: 0
  UpdateMTime: 1578
  RealTimeStamp: 0 seconds 
  LargestPossibleRegion: 
    Dimension: 3
    Index: [0, 0, 0]
    Size: [176, 240, 256]
  BufferedRegion: 
    Dimension: 3
    Index: [0, 0, 0]
    Size: [176, 240, 256]
  RequestedRegion: 
    Dimension: 3
    Index: [0, 0, 0]
    Size: [176, 240, 256]
  Spacing: [0.999999, 1, 1]
  Origin: [90.3778, 84.5091, -154.071]
  Direction: 
-0.999391 7.48184e-06 -0.0348969
-7.47664e-06 -1 -2.7953e-07
-0.0348969 -1.84481e-08 0.999391

  IndexToPointMatrix: 
-0.99939 7.48184e-06 -0.0348969
-7.47663e-06 -1 -2.7953e-07
-0.0348968 -1.84481e-08 0.999391

  PointToIndexMatrix: 
-0.999392 -7.47665e-06 -0.0348969
7.48184e-06 -1 -1.84481e-08
-0.0348969 -2.7953e-07 0.999391

  Inverse Direction: 
-0.999391 -7.47664e-06 -0.0348969
7.48184e-06 -1 -1.84481e-08
-0.0348969 -2.7953e-07 0.999391

  PixelContainer: 
    ImportImageContainer (0x44316d0)
      RTTI typeinfo:   itk::ImportImageContainer<unsigned long, double>
      Reference Count: 1
      Modified Time: 1575
      Debug: Off
      Object Name: 
      Observers: 
        none
      Pointer: 0x146c78169010
      Container manages memory: true
      Size: 10813440
      Capacity: 10813440

     Weighting = 1
     Sampling strategy = regular
     Number of bins = 32
     Radius = 4
     Sampling percentage  = 0.25
   Transform = Rigid
     Gradient step = 0.1
     Update field sigma (voxel space) = 0
     Total field sigma (voxel space) = 0
     Update field time sigma = 0
     Total field time sigma  = 0
     Number of time indices = 0
     Number of time point samples = 0
Registration using 1 total stages.

Stage 0
  iterations = 1000x500x250x100
  convergence threshold = 1e-06
  convergence window size = 10
  number of levels = 4
  using the Mattes MI metric (number of bins = 32, weight = 1, use gradient filter = 0)
  preprocessing:  winsorizing the image intensities
  Shrink factors (level 1 out of 4): [8, 8, 8]
  Shrink factors (level 2 out of 4): [4, 4, 4]
  Shrink factors (level 3 out of 4): [2, 2, 2]
  Shrink factors (level 4 out of 4): [1, 1, 1]
  smoothing sigmas per level: [3, 2, 1, 0]
  regular sampling (percentage = 0.25)

*** Running Euler3DTransform registration ***

DIAGNOSTIC,Iteration,metricValue,convergenceValue,ITERATION_TIME_INDEX,SINCE_LAST
 2DIAGNOSTIC,     1, -5.323241903179e-01, 1.797693134862e+308, 8.7969e-01, 8.7968e-01, 
 2DIAGNOSTIC,     2, -5.346190553927e-01, 1.797693134862e+308, 8.8466e-01, 4.9720e-03, 
 2DIAGNOSTIC,     3, -5.378036555361e-01, 1.797693134862e+308, 8.8943e-01, 4.7710e-03, 
 2DIAGNOSTIC,     4, -5.422949451405e-01, 1.797693134862e+308, 8.9430e-01, 4.8721e-03, 
 2DIAGNOSTIC,     5, -5.486805952477e-01, 1.797693134862e+308, 8.9885e-01, 4.5471e-03, 
 2DIAGNOSTIC,     6, -5.542790085272e-01, 1.797693134862e+308, 9.0330e-01, 4.4520e-03, 
 2DIAGNOSTIC,     7, -5.627123115611e-01, 1.797693134862e+308, 9.0787e-01, 4.5650e-03, 
 2DIAGNOSTIC,     8, -5.766609943856e-01, 1.797693134862e+308, 9.1259e-01, 4.7219e-03, 
 2DIAGNOSTIC,     9, -5.881111419397e-01, 1.797693134862e+308, 9.1729e-01, 4.7069e-03, 
 2DIAGNOSTIC,    10, -6.012927005665e-01, 7.820055967720e-03, 9.2347e-01, 6.1729e-03, 
 2DIAGNOSTIC,    11, -6.192402913590e-01, 8.564422673936e-03, 9.3163e-01, 8.1639e-03, 
 2DIAGNOSTIC,    12, -6.197111897444e-01, 8.513711436508e-03, 9.3615e-01, 4.5230e-03, 
 2DIAGNOSTIC,    13, -6.223136777510e-01, 7.932305190652e-03, 9.4072e-01, 4.5629e-03, 
 2DIAGNOSTIC,    14, -6.239859078531e-01, 6.938967258809e-03, 9.4525e-01, 4.5350e-03, 
 2DIAGNOSTIC,    15, -6.258731029036e-01, 5.722268374537e-03, 9.4990e-01, 4.6470e-03, 
 2DIAGNOSTIC,    16, -6.290042957042e-01, 4.404898010718e-03, 9.5490e-01, 4.9980e-03, 
 2DIAGNOSTIC,    17, -6.327399548171e-01, 3.192249458009e-03, 9.6107e-01, 6.1779e-03, 
 2DIAGNOSTIC,    18, -6.361770329221e-01, 2.298162514659e-03, 9.6708e-01, 6.0010e-03, 
 2DIAGNOSTIC,    19, -6.381920795223e-01, 1.629119692050e-03, 9.7234e-01, 5.2660e-03, 
 2DIAGNOSTIC,    20, -6.414786468571e-01, 1.264281191470e-03, 9.7709e-01, 4.7469e-03, 
 2DIAGNOSTIC,    21, -6.422621311499e-01, 1.244231354605e-03, 9.8182e-01, 4.7312e-03, 
 2DIAGNOSTIC,    22, -6.443386369682e-01, 1.164065699333e-03, 9.8647e-01, 4.6470e-03, 
 2DIAGNOSTIC,    23, -6.458367311019e-01, 1.066297095597e-03, 9.9128e-01, 4.8132e-03, 
 2DIAGNOSTIC,    24, -6.528535015024e-01, 1.047817941216e-03, 9.9678e-01, 5.4989e-03, 
 2DIAGNOSTIC,    25, -6.591704564137e-01, 1.083081260829e-03, 1.0035e+00, 6.7079e-03, 
 2DIAGNOSTIC,    26, -6.605963658933e-01, 1.093549170512e-03, 1.0088e+00, 5.2722e-03, 
 2DIAGNOSTIC,    27, -6.608439807921e-01, 1.070984912444e-03, 1.0134e+00, 4.6232e-03, 
 2DIAGNOSTIC,    28, -6.615671821851e-01, 1.019502612703e-03, 1.0181e+00, 4.6921e-03, 
 2DIAGNOSTIC,    29, -6.628794572897e-01, 9.260606710113e-04, 1.0229e+00, 4.7870e-03, 
 2DIAGNOSTIC,    30, -6.728295145076e-01, 9.537371963615e-04, 1.0295e+00, 6.6192e-03, 
 2DIAGNOSTIC,    31, -6.735478569386e-01, 9.084147898680e-04, 1.0341e+00, 4.6411e-03, 
 2DIAGNOSTIC,    32, -6.743492065820e-01, 8.254124730730e-04, 1.0388e+00, 4.7112e-03, 
 2DIAGNOSTIC,    33, -6.778518446875e-01, 7.396597976337e-04, 1.0438e+00, 4.9419e-03, 
 2DIAGNOSTIC,    34, -6.872952724901e-01, 8.064172770974e-04, 1.0538e+00, 1.0063e-02, 
 2DIAGNOSTIC,    35, -6.877319728734e-01, 8.751572349058e-04, 1.0585e+00, 4.6852e-03, 
 2DIAGNOSTIC,    36, -6.893211702370e-01, 8.964182708146e-04, 1.0632e+00, 4.6360e-03, 
 2DIAGNOSTIC,    37, -6.927374045720e-01, 8.791219230851e-04, 1.0677e+00, 4.5609e-03, 
 2DIAGNOSTIC,    38, -7.010204992932e-01, 8.852867004906e-04, 1.0723e+00, 4.5512e-03, 
 2DIAGNOSTIC,    39, -7.063999085389e-01, 8.771128860112e-04, 1.0770e+00, 4.6949e-03, 
 2DIAGNOSTIC,    40, -7.084316702504e-01, 9.204460325954e-04, 1.0819e+00, 4.9679e-03, 
 2DIAGNOSTIC,    41, -7.160923665345e-01, 9.680797313691e-04, 1.0876e+00, 5.6188e-03, 
 2DIAGNOSTIC,    42, -7.193290743318e-01, 9.619302367206e-04, 1.0945e+00, 6.9680e-03, 
 2DIAGNOSTIC,    43, -7.222116050762e-01, 9.265588375892e-04, 1.0994e+00, 4.8862e-03, 
 2DIAGNOSTIC,    44, -7.284833064573e-01, 9.630247999708e-04, 1.1044e+00, 4.9570e-03, 
 2DIAGNOSTIC,    45, -7.389755094853e-01, 1.012411257886e-03, 1.1095e+00, 5.1868e-03, 
 2DIAGNOSTIC,    46, -7.435190357472e-01, 1.019125357455e-03, 1.1146e+00, 5.0189e-03, 
 2DIAGNOSTIC,    47, -7.508751845264e-01, 1.027396529073e-03, 1.1226e+00, 8.0409e-03, 
 2DIAGNOSTIC,    48, -7.533103247468e-01, 1.034149237110e-03, 1.1274e+00, 4.7891e-03, 
 2DIAGNOSTIC,    49, -7.543782960795e-01, 9.994057937025e-04, 1.1325e+00, 5.1491e-03, 
 2DIAGNOSTIC,    50, -7.570990385648e-01, 9.100281906173e-04, 1.1375e+00, 4.9961e-03, 
 2DIAGNOSTIC,    51, -7.589376150110e-01, 8.173188002907e-04, 1.1455e+00, 7.9641e-03, 
 2DIAGNOSTIC,    52, -7.588405371351e-01, 6.767787726257e-04, 1.1514e+00, 5.9271e-03, 
 2DIAGNOSTIC,    53, -7.586975743076e-01, 5.000329823094e-04, 1.1563e+00, 4.8671e-03, 
 2DIAGNOSTIC,    54, -7.590890622964e-01, 3.349135401576e-04, 1.1618e+00, 5.5060e-03, 
 2DIAGNOSTIC,    55, -7.590600634677e-01, 2.255310904027e-04, 1.1672e+00, 5.4200e-03, 
 2DIAGNOSTIC,    56, -7.591814126650e-01, 1.330924874121e-04, 1.1726e+00, 5.3649e-03, 
 2DIAGNOSTIC,    57, -7.591626312216e-01, 8.637751683497e-05, 1.1773e+00, 4.7271e-03, 
 2DIAGNOSTIC,    58, -7.592023614766e-01, 5.165997473877e-05, 1.1822e+00, 4.8392e-03, 
 2DIAGNOSTIC,    59, -7.595780730414e-01, 2.330328330180e-05, 1.1870e+00, 4.7932e-03, 
 2DIAGNOSTIC,    60, -7.603341640890e-01, 1.787265883548e-05, 1.1936e+00, 6.6409e-03, 
 2DIAGNOSTIC,    61, -7.604155759708e-01, 2.419742964810e-05, 1.2003e+00, 6.7172e-03, 
 2DIAGNOSTIC,    62, -7.604572192633e-01, 2.779063069757e-05, 1.2062e+00, 5.9230e-03, 
 2DIAGNOSTIC,    63, -7.604099244142e-01, 2.737491418786e-05, 1.2111e+00, 4.8549e-03, 
 2DIAGNOSTIC,    64, -7.606648390940e-01, 2.860829136432e-05, 1.2159e+00, 4.7660e-03, 
 2DIAGNOSTIC,    65, -7.608399518954e-01, 2.788481486254e-05, 1.2208e+00, 4.9040e-03, 
 2DIAGNOSTIC,    66, -7.608856586696e-01, 2.561584472347e-05, 1.2256e+00, 4.8242e-03, 
 2DIAGNOSTIC,    67, -7.609449416208e-01, 2.138644130410e-05, 1.2304e+00, 4.8590e-03, 
 2DIAGNOSTIC,    68, -7.611596614422e-01, 1.685442163076e-05, 1.2353e+00, 4.8790e-03, 
 2DIAGNOSTIC,    69, -7.621742452196e-01, 1.909846944548e-05, 1.2425e+00, 7.1831e-03, 
 2DIAGNOSTIC,    70, -7.620858266883e-01, 2.325181161878e-05, 1.2480e+00, 5.4908e-03, 
 2DIAGNOSTIC,    71, -7.619739705242e-01, 2.501822092671e-05, 1.2536e+00, 5.6078e-03, 
 2DIAGNOSTIC,    72, -7.619788211835e-01, 2.477378815502e-05, 1.2589e+00, 5.3270e-03, 
 2DIAGNOSTIC,    73, -7.618603666425e-01, 2.117404649105e-05, 1.2650e+00, 6.0370e-03, 
 2DIAGNOSTIC,    74, -7.618606699968e-01, 1.700300199804e-05, 1.2701e+00, 5.1391e-03, 
 2DIAGNOSTIC,    75, -7.618611754206e-01, 1.232501801972e-05, 1.2752e+00, 5.0650e-03, 
 2DIAGNOSTIC,    76, -7.618619489728e-01, 6.987437071197e-06, 1.2804e+00, 5.2090e-03, 
 2DIAGNOSTIC,    77, -7.618625215055e-01, 1.521745669151e-06, 1.2854e+00, 5.0619e-03, 
DIAGNOSTIC,Iteration,metricValue,convergenceValue,ITERATION_TIME_INDEX,SINCE_LAST
 2DIAGNOSTIC,     1, -6.044468416551e-01, 1.797693134862e+308, 2.1361e+00, 8.5065e-01, 
 2DIAGNOSTIC,     2, -6.053433015011e-01, 1.797693134862e+308, 2.1729e+00, 3.6849e-02, 
 2DIAGNOSTIC,     3, -6.066733328345e-01, 1.797693134862e+308, 2.2060e+00, 3.3033e-02, 
 2DIAGNOSTIC,     4, -6.082180443187e-01, 1.797693134862e+308, 2.2397e+00, 3.3726e-02, 
 2DIAGNOSTIC,     5, -6.094798903998e-01, 1.797693134862e+308, 2.2729e+00, 3.3204e-02, 
 2DIAGNOSTIC,     6, -6.106912316169e-01, 1.797693134862e+308, 2.3063e+00, 3.3368e-02, 
 2DIAGNOSTIC,     7, -6.124011305187e-01, 1.797693134862e+308, 2.3396e+00, 3.3298e-02, 
 2DIAGNOSTIC,     8, -6.140718313030e-01, 1.797693134862e+308, 2.3781e+00, 3.8489e-02, 
 2DIAGNOSTIC,     9, -6.150801706696e-01, 1.797693134862e+308, 2.4242e+00, 4.6132e-02, 
 2DIAGNOSTIC,    10, -6.156882242617e-01, 1.265162842100e-03, 2.4583e+00, 3.4148e-02, 
 2DIAGNOSTIC,    11, -6.161552297972e-01, 1.099911974878e-03, 2.4921e+00, 3.3801e-02, 
 2DIAGNOSTIC,    12, -6.183688698539e-01, 9.832608443496e-04, 2.5346e+00, 4.2419e-02, 
 2DIAGNOSTIC,    13, -6.190527847620e-01, 8.647502661377e-04, 2.5679e+00, 3.3323e-02, 
 2DIAGNOSTIC,    14, -6.195886164667e-01, 7.538575285467e-04, 2.6011e+00, 3.3181e-02, 
 2DIAGNOSTIC,    15, -6.201539428537e-01, 6.465994421914e-04, 2.6481e+00, 4.7046e-02, 
 2DIAGNOSTIC,    16, -6.205398184760e-01, 5.392108848007e-04, 2.6852e+00, 3.7071e-02, 
 2DIAGNOSTIC,    17, -6.208957864622e-01, 4.496977032437e-04, 2.7505e+00, 6.5338e-02, 
 2DIAGNOSTIC,    18, -6.208927009271e-01, 3.709291839766e-04, 2.7867e+00, 3.6139e-02, 
 2DIAGNOSTIC,    19, -6.209013127433e-01, 2.916126563170e-04, 2.8229e+00, 3.6210e-02, 
 2DIAGNOSTIC,    20, -6.208971829316e-01, 2.077243384308e-04, 2.8603e+00, 3.7431e-02, 
 2DIAGNOSTIC,    21, -6.208954549905e-01, 1.217021129028e-04, 2.8974e+00, 3.7154e-02, 
 2DIAGNOSTIC,    22, -6.208926379300e-01, 7.851842065498e-05, 2.9339e+00, 3.6417e-02, 
 2DIAGNOSTIC,    23, -6.208917529846e-01, 4.554930974038e-05, 2.9662e+00, 3.2314e-02, 
 2DIAGNOSTIC,    24, -6.208840960492e-01, 2.125275354044e-05, 3.0037e+00, 3.7534e-02, 
 2DIAGNOSTIC,    25, -6.208948130754e-01, 7.551313707069e-06, 3.0415e+00, 3.7793e-02, 
DIAGNOSTIC,Iteration,metricValue,convergenceValue,ITERATION_TIME_INDEX,SINCE_LAST
 2DIAGNOSTIC,     1, -5.341123470347e-01, 1.797693134862e+308, 4.1610e+00, 1.1195e+00, 
 2DIAGNOSTIC,     2, -5.343296356798e-01, 1.797693134862e+308, 4.4080e+00, 2.4704e-01, 
 2DIAGNOSTIC,     3, -5.344492065617e-01, 1.797693134862e+308, 4.6529e+00, 2.4490e-01, 
 2DIAGNOSTIC,     4, -5.344879184528e-01, 1.797693134862e+308, 4.9018e+00, 2.4885e-01, 
 2DIAGNOSTIC,     5, -5.345582843020e-01, 1.797693134862e+308, 5.1297e+00, 2.2795e-01, 
 2DIAGNOSTIC,     6, -5.347781698062e-01, 1.797693134862e+308, 5.4147e+00, 2.8499e-01, 
 2DIAGNOSTIC,     7, -5.352491681426e-01, 1.797693134862e+308, 5.6734e+00, 2.5867e-01, 
 2DIAGNOSTIC,     8, -5.359943831091e-01, 1.797693134862e+308, 6.1566e+00, 4.8322e-01, 
 2DIAGNOSTIC,     9, -5.360179798225e-01, 1.797693134862e+308, 6.4207e+00, 2.6403e-01, 
 2DIAGNOSTIC,    10, -5.360365648093e-01, 2.622009321650e-04, 6.6905e+00, 2.6986e-01, 
 2DIAGNOSTIC,    11, -5.360450207561e-01, 2.406793862551e-04, 7.1739e+00, 4.8339e-01, 
 2DIAGNOSTIC,    12, -5.360442700239e-01, 2.104396553546e-04, 7.4696e+00, 2.9568e-01, 
 2DIAGNOSTIC,    13, -5.360424104525e-01, 1.704724038449e-04, 7.8300e+00, 3.6042e-01, 
 2DIAGNOSTIC,    14, -5.360408654421e-01, 1.225709428359e-04, 8.1215e+00, 2.9152e-01, 
 2DIAGNOSTIC,    15, -5.360392415070e-01, 7.290928037208e-05, 8.3780e+00, 2.5648e-01, 
 2DIAGNOSTIC,    16, -5.360379926514e-01, 3.008175991326e-05, 8.7233e+00, 3.4529e-01, 
 2DIAGNOSTIC,    17, -5.360371325061e-01, 3.742504775348e-06, 8.9784e+00, 2.5508e-01, 
 2DIAGNOSTIC,    18, -5.360363156174e-01, 2.102145435869e-06, 9.2630e+00, 2.8459e-01, 
 2DIAGNOSTIC,    19, -5.360356136931e-01, 1.231819519477e-06, 9.5068e+00, 2.4390e-01, 
DIAGNOSTIC,Iteration,metricValue,convergenceValue,ITERATION_TIME_INDEX,SINCE_LAST
 2DIAGNOSTIC,     1, -4.895176761554e-01, 1.797693134862e+308, 1.2294e+01, 2.7870e+00, 
 2DIAGNOSTIC,     2, -4.895261203708e-01, 1.797693134862e+308, 1.3961e+01, 1.6675e+00, 
 2DIAGNOSTIC,     3, -4.895282816662e-01, 1.797693134862e+308, 1.6018e+01, 2.0564e+00, 
 2DIAGNOSTIC,     4, -4.895294732185e-01, 1.797693134862e+308, 1.7771e+01, 1.7536e+00, 
 2DIAGNOSTIC,     5, -4.895301254871e-01, 1.797693134862e+308, 1.9320e+01, 1.5489e+00, 
 2DIAGNOSTIC,     6, -4.895299397972e-01, 1.797693134862e+308, 2.1074e+01, 1.7537e+00, 
 2DIAGNOSTIC,     7, -4.895298643773e-01, 1.797693134862e+308, 2.2902e+01, 1.8283e+00, 
 2DIAGNOSTIC,     8, -4.895295405892e-01, 1.797693134862e+308, 2.4446e+01, 1.5438e+00, 
 2DIAGNOSTIC,     9, -4.895292667056e-01, 1.797693134862e+308, 2.5996e+01, 1.5504e+00, 
 2DIAGNOSTIC,    10, -4.895291007569e-01, 4.064005672252e-06, 2.7513e+01, 1.5162e+00, 
 2DIAGNOSTIC,    11, -4.895285436049e-01, 3.034763521287e-06, 2.9119e+01, 1.6066e+00, 
 2DIAGNOSTIC,    12, -4.895285538377e-01, 2.572108886267e-06, 3.1113e+01, 1.9938e+00, 
 2DIAGNOSTIC,    13, -4.895286085876e-01, 2.285267251365e-06, 3.2595e+01, 1.4821e+00, 
 2DIAGNOSTIC,    14, -4.895285575225e-01, 2.100293759105e-06, 3.4096e+01, 1.5008e+00, 
 2DIAGNOSTIC,    15, -4.895285063864e-01, 1.979223563070e-06, 3.5615e+01, 1.5190e+00, 
 2DIAGNOSTIC,    16, -4.895284474232e-01, 1.877580000545e-06, 3.6987e+01, 1.3721e+00, 
 2DIAGNOSTIC,    17, -4.895284277731e-01, 1.795003008113e-06, 3.8635e+01, 1.6476e+00, 
 2DIAGNOSTIC,    18, -4.895282574676e-01, 1.712540674208e-06, 3.9974e+01, 1.3396e+00, 
 2DIAGNOSTIC,    19, -4.895281298368e-01, 1.631639975685e-06, 4.1492e+01, 1.5181e+00, 
 2DIAGNOSTIC,    20, -4.895283137412e-01, 1.563873360200e-06, 4.2980e+01, 1.4881e+00, 
 2DIAGNOSTIC,    21, -4.895281407154e-01, 1.484611410162e-06, 4.4314e+01, 1.3334e+00, 
 2DIAGNOSTIC,    22, -4.895281254647e-01, 1.415323436879e-06, 4.5872e+01, 1.5583e+00, 
 2DIAGNOSTIC,    23, -4.895282691105e-01, 1.360047395510e-06, 4.7387e+01, 1.5153e+00, 
 2DIAGNOSTIC,    24, -4.895282100240e-01, 1.308757721127e-06, 4.9042e+01, 1.6550e+00, 
 2DIAGNOSTIC,    25, -4.895280724829e-01, 1.258750873090e-06, 5.0389e+01, 1.3463e+00, 
 2DIAGNOSTIC,    26, -4.895278836894e-01, 1.208437392271e-06, 5.1920e+01, 1.5312e+00, 
 2DIAGNOSTIC,    27, -4.895279079912e-01, 1.163569770750e-06, 5.3422e+01, 1.5024e+00, 
 2DIAGNOSTIC,    28, -4.895279921574e-01, 1.121406444773e-06, 5.5013e+01, 1.5910e+00, 
 2DIAGNOSTIC,    29, -4.895282306944e-01, 1.085518982674e-06, 5.6664e+01, 1.6513e+00, 
 2DIAGNOSTIC,    30, -4.895282450785e-01, 1.057033004147e-06, 5.8037e+01, 1.3721e+00, 
 2DIAGNOSTIC,    31, -4.895283505875e-01, 1.029594392438e-06, 5.9660e+01, 1.6232e+00, 
 2DIAGNOSTIC,    32, -4.895283777639e-01, 1.003648703313e-06, 6.1341e+01, 1.6814e+00, 
  Elapsed time (stage 0): 6.2187e+01


Total elapsed time: 6.2190e+01
Info [verificarlo]: loaded backend libinterflop_vprec.so
Info [interflop-vprec]: load backend with: 
Info [interflop-vprec]: precision-binary32 = 14
Info [interflop-vprec]: range-binary32 = 7
Info [interflop-vprec]: precision-binary64 = 14
Info [interflop-vprec]: range-binary64 = 7
Info [interflop-vprec]: mode = ob
Info [interflop-vprec]: error-mode = rel
Info [interflop-vprec]: max-abs-error-exponent = -1022
Info [interflop-vprec]: daz = false
Info [interflop-vprec]: ftz = false
Info [interflop-vprec]: 	instrument = none
Info [interflop-vprec]: 	prec-input-file = (null)
Info [interflop-vprec]: 	prec-output-file = (null)
Info [interflop-vprec]: 	prec-log-file = (null)
All_Command_lines_OK
Using double precision for computations.
=============================================================================
The composite transform comprises the following transforms (in order): 
  1. /home/mdugre/scratch/mri-registration-rp/datasets/ds004513/derivatives/mri-registration-rp/0011/antsRegistration-r7-p14/sub-s025/rigid_Composite.h5[0] (type = Euler3DTransform)
  2. /home/mdugre/scratch/mri-registration-rp/datasets/ds004513/derivatives/mri-registration-rp/0011/antsRegistration-r7-p14/sub-s025/rigid_Composite.h5[1] (type = Euler3DTransform)
  3. /home/mdugre/scratch/mri-registration-rp/datasets/ds004513/derivatives/mri-registration-rp/0011/antsRegistration-r7-p14/sub-s025/rigid_Composite.h5[2] (type = Euler3DTransform)
=============================================================================
  number of levels = 4
  fixed image: /templateflow/tpl-MNI152NLin2009cAsym/tpl-MNI152NLin2009cAsym_res-01_desc-brain_T1w.nii.gz
  moving image: /home/mdugre/scratch/mri-registration-rp/datasets/ds004513/derivatives/mri-registration-rp/antsBrainExtraction/sub-s025/BrainExtractionBrain.nii.gz
Dimension = 3
Number of stages = 1
Use histogram matching = false
Winsorize image intensities = true
  Lower quantile = 0.005
  Upper quantile = 0.995


Stage 1 State
   Image metric = MattesMI
     Fixed image = Image (0x3f7e490)
  RTTI typeinfo:   itk::Image<double, 3u>
  Reference Count: 2
  Modified Time: 1592
  Debug: Off
  Object Name: 
  Observers: 
    none
  Source: (none)
  Source output name: (none)
  Release Data: Off
  Data Released: False
  Global Release Data: Off
  PipelineMTime: 0
  UpdateMTime: 1203
  RealTimeStamp: 0 seconds 
  LargestPossibleRegion: 
    Dimension: 3
    Index: [0, 0, 0]
    Size: [193, 229, 193]
  BufferedRegion: 
    Dimension: 3
    Index: [0, 0, 0]
    Size: [193, 229, 193]
  RequestedRegion: 
    Dimension: 3
    Index: [0, 0, 0]
    Size: [193, 229, 193]
  Spacing: [1, 1, 1]
  Origin: [96, 132, -78]
  Direction: 
-1 0 0
0 -1 0
0 0 1

  IndexToPointMatrix: 
-1 0 0
0 -1 0
0 0 1

  PointToIndexMatrix: 
-1 0 0
0 -1 0
0 0 1

  Inverse Direction: 
-1 0 0
0 -1 0
0 0 1

  PixelContainer: 
    ImportImageContainer (0x40498c0)
      RTTI typeinfo:   itk::ImportImageContainer<unsigned long, double>
      Reference Count: 1
      Modified Time: 1200
      Debug: Off
      Object Name: 
      Observers: 
        none
      Pointer: 0x1478f2c61010
      Container manages memory: true
      Size: 8530021
      Capacity: 8530021

     Moving image = Image (0x4039b60)
  RTTI typeinfo:   itk::Image<double, 3u>
  Reference Count: 2
  Modified Time: 1593
  Debug: Off
  Object Name: 
  Observers: 
    none
  Source: (none)
  Source output name: (none)
  Release Data: Off
  Data Released: False
  Global Release Data: Off
  PipelineMTime: 0
  UpdateMTime: 1590
  RealTimeStamp: 0 seconds 
  LargestPossibleRegion: 
    Dimension: 3
    Index: [0, 0, 0]
    Size: [176, 240, 256]
  BufferedRegion: 
    Dimension: 3
    Index: [0, 0, 0]
    Size: [176, 240, 256]
  RequestedRegion: 
    Dimension: 3
    Index: [0, 0, 0]
    Size: [176, 240, 256]
  Spacing: [1, 1, 1]
  Origin: [90.3789, 84.5078, -154.07]
  Direction: 
-0.99939 7.48178e-06 -0.0348969
-7.47666e-06 -1 -2.79528e-07
-0.0348969 -1.84482e-08 0.99939

  IndexToPointMatrix: 
-0.99939 7.48178e-06 -0.0348969
-7.47666e-06 -1 -2.79528e-07
-0.0348969 -1.84482e-08 0.99939

  PointToIndexMatrix: 
-0.99939 -7.47666e-06 -0.0348969
7.47666e-06 -1 1.3411e-07
-0.0348969 -1.30385e-07 0.99939

  Inverse Direction: 
-0.99939 -7.47666e-06 -0.0348969
7.47666e-06 -1 1.3411e-07
-0.0348969 -1.30385e-07 0.99939

  PixelContainer: 
    ImportImageContainer (0x3fb1bd0)
      RTTI typeinfo:   itk::ImportImageContainer<unsigned long, double>
      Reference Count: 1
      Modified Time: 1587
      Debug: Off
      Object Name: 
      Observers: 
        none
      Pointer: 0x1478ed9e0010
      Container manages memory: true
      Size: 10813440
      Capacity: 10813440

     Weighting = 1
     Sampling strategy = regular
     Number of bins = 32
     Radius = 4
     Sampling percentage  = 0.25
   Transform = Affine
     Gradient step = 0.1
     Update field sigma (voxel space) = 0
     Total field sigma (voxel space) = 0
     Update field time sigma = 0
     Total field time sigma  = 0
     Number of time indices = 0
     Number of time point samples = 0
Registration using 1 total stages.

Stage 0
  iterations = 1000x500x250x100
  convergence threshold = 1e-06
  convergence window size = 10
  number of levels = 4
  using the Mattes MI metric (number of bins = 32, weight = 1, use gradient filter = 0)
  preprocessing:  winsorizing the image intensities
  Shrink factors (level 1 out of 4): [8, 8, 8]
  Shrink factors (level 2 out of 4): [4, 4, 4]
  Shrink factors (level 3 out of 4): [2, 2, 2]
  Shrink factors (level 4 out of 4): [1, 1, 1]
  smoothing sigmas per level: [3, 2, 1, 0]
  regular sampling (percentage = 0.25)

*** Running AffineTransform registration ***

DIAGNOSTIC,Iteration,metricValue,convergenceValue,ITERATION_TIME_INDEX,SINCE_LAST
 2DIAGNOSTIC,     1, -7.486989311231e-01, 1.797693134862e+308, 0.0000e+00, 0.0000e+00, 
 2DIAGNOSTIC,     2, -7.509297091824e-01, 1.797693134862e+308, 0.0000e+00, 0.0000e+00, 
 2DIAGNOSTIC,     3, -7.552449223112e-01, 1.797693134862e+308, 0.0000e+00, 0.0000e+00, 
 2DIAGNOSTIC,     4, -7.620550545194e-01, 1.797693134862e+308, 0.0000e+00, 0.0000e+00, 
 2DIAGNOSTIC,     5, -7.746865395920e-01, 1.797693134862e+308, 0.0000e+00, 0.0000e+00, 
 2DIAGNOSTIC,     6, -7.937819328842e-01, 1.797693134862e+308, 0.0000e+00, 0.0000e+00, 
 2DIAGNOSTIC,     7, -8.238443128084e-01, 1.797693134862e+308, 0.0000e+00, 0.0000e+00, 
 2DIAGNOSTIC,     8, -8.903954801812e-01, 1.797693134862e+308, 0.0000e+00, 0.0000e+00, 
 2DIAGNOSTIC,     9, -9.158755846257e-01, 1.797693134862e+308, 0.0000e+00, 0.0000e+00, 
 2DIAGNOSTIC,    10, -9.296587023959e-01, 1.577306204548e-02, 0.0000e+00, 0.0000e+00, 
 2DIAGNOSTIC,    11, -9.323080303760e-01, 1.568036467650e-02, 0.0000e+00, 0.0000e+00, 
 2DIAGNOSTIC,    12, -9.344868100394e-01, 1.433181973186e-02, 0.0000e+00, 0.0000e+00, 
 2DIAGNOSTIC,    13, -9.351295504235e-01, 1.203707385809e-02, 0.0000e+00, 0.0000e+00, 
 2DIAGNOSTIC,    14, -9.358557600650e-01, 9.190977145609e-03, 0.0000e+00, 0.0000e+00, 
 2DIAGNOSTIC,    15, -9.366908973979e-01, 6.238400549060e-03, 0.0000e+00, 0.0000e+00, 
 2DIAGNOSTIC,    16, -9.383441614463e-01, 3.552783500758e-03, 0.0000e+00, 0.0000e+00, 
 2DIAGNOSTIC,    17, -9.384164835274e-01, 1.439668997278e-03, 0.0000e+00, 0.0000e+00, 
 2DIAGNOSTIC,    18, -9.384677958934e-01, 6.494318685081e-04, 0.0000e+00, 0.0000e+00, 
 2DIAGNOSTIC,    19, -9.386086584459e-01, 3.228154688015e-04, 0.0000e+00, 0.0000e+00, 
 2DIAGNOSTIC,    20, -9.386168854884e-01, 2.242604762514e-04, 0.0000e+00, 0.0000e+00, 
 2DIAGNOSTIC,    21, -9.384770617995e-01, 1.526080260191e-04, 0.0000e+00, 0.0000e+00, 
 2DIAGNOSTIC,    22, -9.385080720202e-01, 1.062560914194e-04, 0.0000e+00, 0.0000e+00, 
 2DIAGNOSTIC,    23, -9.385283317008e-01, 6.384085156844e-05, 0.0000e+00, 0.0000e+00, 
 2DIAGNOSTIC,    24, -9.385286066539e-01, 2.892916640240e-05, 0.0000e+00, 0.0000e+00, 
 2DIAGNOSTIC,    25, -9.383879266224e-01, 2.690359226211e-06, 0.0000e+00, 0.0000e+00, 
DIAGNOSTIC,Iteration,metricValue,convergenceValue,ITERATION_TIME_INDEX,SINCE_LAST
 2DIAGNOSTIC,     1, -7.511559017873e-01, 1.797693134862e+308, 0.0000e+00, 0.0000e+00, 
 2DIAGNOSTIC,     2, -7.514846474982e-01, 1.797693134862e+308, 0.0000e+00, 0.0000e+00, 
 2DIAGNOSTIC,     3, -7.519397785205e-01, 1.797693134862e+308, 0.0000e+00, 0.0000e+00, 
 2DIAGNOSTIC,     4, -7.525216366138e-01, 1.797693134862e+308, 0.0000e+00, 0.0000e+00, 
 2DIAGNOSTIC,     5, -7.533260337327e-01, 1.797693134862e+308, 0.0000e+00, 0.0000e+00, 
 2DIAGNOSTIC,     6, -7.541924291175e-01, 1.797693134862e+308, 0.0000e+00, 0.0000e+00, 
 2DIAGNOSTIC,     7, -7.546308934791e-01, 1.797693134862e+308, 0.0000e+00, 0.0000e+00, 
 2DIAGNOSTIC,     8, -7.546842239949e-01, 1.797693134862e+308, 0.0000e+00, 0.0000e+00, 
 2DIAGNOSTIC,     9, -7.546603662489e-01, 1.797693134862e+308, 0.0000e+00, 0.0000e+00, 
 2DIAGNOSTIC,    10, -7.546882246598e-01, 3.560914747952e-04, 0.0000e+00, 0.0000e+00, 
 2DIAGNOSTIC,    11, -7.546507093799e-01, 2.692770305381e-04, 0.0000e+00, 0.0000e+00, 
 2DIAGNOSTIC,    12, -7.546615310060e-01, 1.836350661320e-04, 0.0000e+00, 0.0000e+00, 
 2DIAGNOSTIC,    13, -7.546563051322e-01, 1.080054691657e-04, 0.0000e+00, 0.0000e+00, 
 2DIAGNOSTIC,    14, -7.546549567365e-01, 4.907014076314e-05, 0.0000e+00, 0.0000e+00, 
 2DIAGNOSTIC,    15, -7.546397471853e-01, 1.307829117657e-05, 0.0000e+00, 0.0000e+00, 
DIAGNOSTIC,Iteration,metricValue,convergenceValue,ITERATION_TIME_INDEX,SINCE_LAST
 2DIAGNOSTIC,     1, -6.412949009029e-01, 1.797693134862e+308, 0.0000e+00, 0.0000e+00, 
 2DIAGNOSTIC,     2, -6.418317259364e-01, 1.797693134862e+308, 0.0000e+00, 0.0000e+00, 
 2DIAGNOSTIC,     3, -6.424477401865e-01, 1.797693134862e+308, 0.0000e+00, 0.0000e+00, 
 2DIAGNOSTIC,     4, -6.430962179232e-01, 1.797693134862e+308, 0.0000e+00, 0.0000e+00, 
 2DIAGNOSTIC,     5, -6.437843004690e-01, 1.797693134862e+308, 0.0000e+00, 0.0000e+00, 
 2DIAGNOSTIC,     6, -6.443266262525e-01, 1.797693134862e+308, 0.0000e+00, 0.0000e+00, 
 2DIAGNOSTIC,     7, -6.443712609459e-01, 1.797693134862e+308, 0.0000e+00, 0.0000e+00, 
 2DIAGNOSTIC,     8, -6.444286986731e-01, 1.797693134862e+308, 0.0000e+00, 0.0000e+00, 
 2DIAGNOSTIC,     9, -6.445387250757e-01, 1.797693134862e+308, 0.0000e+00, 0.0000e+00, 
 2DIAGNOSTIC,    10, -6.447840946880e-01, 3.531442901500e-04, 0.0000e+00, 0.0000e+00, 
 2DIAGNOSTIC,    11, -6.448194892834e-01, 2.575558978169e-04, 0.0000e+00, 0.0000e+00, 
 2DIAGNOSTIC,    12, -6.448110518754e-01, 1.745922972970e-04, 0.0000e+00, 0.0000e+00, 
 2DIAGNOSTIC,    13, -6.448300880426e-01, 1.104911146116e-04, 0.0000e+00, 0.0000e+00, 
 2DIAGNOSTIC,    14, -6.448548518874e-01, 6.646674827822e-05, 0.0000e+00, 0.0000e+00, 
 2DIAGNOSTIC,    15, -6.448567589451e-01, 4.217563011791e-05, 0.0000e+00, 0.0000e+00, 
 2DIAGNOSTIC,    16, -6.448417513085e-01, 3.178833122723e-05, 0.0000e+00, 0.0000e+00, 
 2DIAGNOSTIC,    17, -6.448351430432e-01, 2.096908639051e-05, 0.0000e+00, 0.0000e+00, 
 2DIAGNOSTIC,    18, -6.448352553270e-01, 1.098626717580e-05, 0.0000e+00, 0.0000e+00, 
 2DIAGNOSTIC,    19, -6.448379604930e-01, 3.629400048250e-06, 0.0000e+00, 0.0000e+00, 
 2DIAGNOSTIC,    20, -6.448388871262e-01, 2.224219766395e-06, 0.0000e+00, 0.0000e+00, 
 2DIAGNOSTIC,    21, -6.448380956018e-01, 1.632595925172e-06, 0.0000e+00, 0.0000e+00, 
DIAGNOSTIC,Iteration,metricValue,convergenceValue,ITERATION_TIME_INDEX,SINCE_LAST
 2DIAGNOSTIC,     1, -5.760116578937e-01, 1.797693134862e+308, 0.0000e+00, 0.0000e+00, 
 2DIAGNOSTIC,     2, -5.767150078540e-01, 1.797693134862e+308, 0.0000e+00, 0.0000e+00, 
 2DIAGNOSTIC,     3, -5.775877322888e-01, 1.797693134862e+308, 0.0000e+00, 0.0000e+00, 
 2DIAGNOSTIC,     4, -5.791685086174e-01, 1.797693134862e+308, 0.0000e+00, 0.0000e+00, 
 2DIAGNOSTIC,     5, -5.791736202913e-01, 1.797693134862e+308, 0.0000e+00, 0.0000e+00, 
 2DIAGNOSTIC,     6, -5.791805968562e-01, 1.797693134862e+308, 0.0000e+00, 0.0000e+00, 
 2DIAGNOSTIC,     7, -5.791797099455e-01, 1.797693134862e+308, 0.0000e+00, 0.0000e+00, 
 2DIAGNOSTIC,     8, -5.791865794637e-01, 1.797693134862e+308, 0.0000e+00, 0.0000e+00, 
 2DIAGNOSTIC,     9, -5.791856038749e-01, 1.797693134862e+308, 0.0000e+00, 0.0000e+00, 
 2DIAGNOSTIC,    10, -5.791868845690e-01, 3.204364776746e-04, 0.0000e+00, 0.0000e+00, 
 2DIAGNOSTIC,    11, -5.791855660904e-01, 1.761704484162e-04, 0.0000e+00, 0.0000e+00, 
 2DIAGNOSTIC,    12, -5.791831563149e-01, 6.886881201046e-05, 0.0000e+00, 0.0000e+00, 
 2DIAGNOSTIC,    13, -5.791842384732e-01, 3.400114957877e-06, 0.0000e+00, 0.0000e+00, 
 2DIAGNOSTIC,    14, -5.791841042130e-01, 2.633870495317e-06, 0.0000e+00, 0.0000e+00, 
 2DIAGNOSTIC,    15, -5.791837005806e-01, 2.068959175275e-06, 0.0000e+00, 0.0000e+00, 
 2DIAGNOSTIC,    16, -5.791843198939e-01, 1.800532018981e-06, 0.0000e+00, 0.0000e+00, 
 2DIAGNOSTIC,    17, -5.791822991356e-01, 1.476440578109e-06, 0.0000e+00, 0.0000e+00, 
 2DIAGNOSTIC,    18, -5.791821089631e-01, 1.394292281007e-06, 0.0000e+00, 0.0000e+00, 
 2DIAGNOSTIC,    19, -5.791821893603e-01, 1.315636889210e-06, 0.0000e+00, 0.0000e+00, 
 2DIAGNOSTIC,    20, -5.791815718902e-01, 1.281026587585e-06, 0.0000e+00, 0.0000e+00, 
 2DIAGNOSTIC,    21, -5.791815736497e-01, 1.237310580750e-06, 0.0000e+00, 0.0000e+00, 
 2DIAGNOSTIC,    22, -5.791815931718e-01, 1.157760797323e-06, 0.0000e+00, 0.0000e+00, 
 2DIAGNOSTIC,    23, -5.791815765491e-01, 1.123472901723e-06, 0.0000e+00, 0.0000e+00, 
 2DIAGNOSTIC,    24, -5.791815752166e-01, 1.102288422719e-06, 0.0000e+00, 0.0000e+00, 
 2DIAGNOSTIC,    25, -5.791815571211e-01, 1.084144587098e-06, 0.0000e+00, 0.0000e+00, 
 2DIAGNOSTIC,    26, -5.791815595282e-01, 1.087734128734e-06, 0.0000e+00, 0.0000e+00, 
 2DIAGNOSTIC,    27, -5.791815656864e-01, 1.057279366175e-06, 0.0000e+00, 0.0000e+00, 
 2DIAGNOSTIC,    28, -5.791815564146e-01, 1.027226018906e-06, 0.0000e+00, 0.0000e+00, 
 2DIAGNOSTIC,    29, -5.791816147304e-01, 1.003010660500e-06, 0.0000e+00, 0.0000e+00, 
  Elapsed time (stage 0): 0.0000e+00


Total elapsed time: 0.0000e+00
Info [verificarlo]: loaded backend libinterflop_vprec.so
Info [interflop-vprec]: load backend with: 
Info [interflop-vprec]: precision-binary32 = 14
Info [interflop-vprec]: range-binary32 = 7
Info [interflop-vprec]: precision-binary64 = 14
Info [interflop-vprec]: range-binary64 = 7
Info [interflop-vprec]: mode = ob
Info [interflop-vprec]: error-mode = rel
Info [interflop-vprec]: max-abs-error-exponent = -1022
Info [interflop-vprec]: daz = false
Info [interflop-vprec]: ftz = false
Info [interflop-vprec]: 	instrument = none
Info [interflop-vprec]: 	prec-input-file = (null)
Info [interflop-vprec]: 	prec-output-file = (null)
Info [interflop-vprec]: 	prec-log-file = (null)
All_Command_lines_OK
Using double precision for computations.
=============================================================================
The composite transform comprises the following transforms (in order): 
