
##########################
# Experiment information #
##########################

EXPERIMENT_NAME: antsRegistration-r7-p20
VFC_BACKENDS: libinterflop_vprec.so --range-binary32=7 --precision-binary32=20 --range-binary64=7 --precision-binary64=20

SIF_IMG: /home/mdugre/projects/rrg-glatard/mdugre/containers/ants-vprec-no_metrics.simg

SUBJECT_ID: s003
INPUT_IMG: /home/mdugre/scratch/mri-registration-rp/datasets/ds004513/derivatives/mri-registration-rp/antsBrainExtraction/sub-s003/BrainExtractionBrain.nii.gz
OUTPUT_DIR: /home/mdugre/scratch/mri-registration-rp/datasets/ds004513/derivatives/mri-registration-rp/0011/antsRegistration-r7-p20/sub-s003

FIXED_IMG: /templateflow/tpl-MNI152NLin2009cAsym/tpl-MNI152NLin2009cAsym_res-01_desc-brain_T1w.nii.gz
DATA_DIR: /home/mdugre/scratch/mri-registration-rp/datasets/ds004513
TEMPLATEFLOW_DIR: /home/mdugre/projects/rrg-glatard/mdugre/templateflow
ITK_GLOBAL_DEFAULT_NUMBER_OF_THREADS: 16
##########################

Info [verificarlo]: loaded backend libinterflop_ieee.so
Info [interflop-ieee]: load backend with:
Info [interflop-ieee]: debug = false
Info [interflop-ieee]: debug-binary = false
Info [interflop-ieee]: no-backend-name = false
Info [interflop-ieee]: print-new-line = false
Info [interflop-ieee]: print-subnormal-normalized = false
Info [interflop-ieee]: count-op = false
All_Command_lines_OK
Using double precision for computations.
=============================================================================
The composite transform comprises the following transforms (in order): 
  1. Center of mass alignment using fixed image: /templateflow/tpl-MNI152NLin2009cAsym/tpl-MNI152NLin2009cAsym_res-01_desc-brain_T1w.nii.gz and moving image: /home/mdugre/scratch/mri-registration-rp/datasets/ds004513/derivatives/mri-registration-rp/antsBrainExtraction/sub-s003/BrainExtractionBrain.nii.gz (type = Euler3DTransform)
=============================================================================
  number of levels = 1
  fixed image: /templateflow/tpl-MNI152NLin2009cAsym/tpl-MNI152NLin2009cAsym_res-01_desc-brain_T1w.nii.gz
  moving image: /home/mdugre/scratch/mri-registration-rp/datasets/ds004513/derivatives/mri-registration-rp/antsBrainExtraction/sub-s003/BrainExtractionBrain.nii.gz
Dimension = 3
Number of stages = 1
Use histogram matching = false
Winsorize image intensities = true
  Lower quantile = 0.005
  Upper quantile = 0.995


Stage 1 State
   Image metric = MattesMI
     Fixed image = Image (0x41e8e70)
  RTTI typeinfo:   itk::Image<double, 3u>
  Reference Count: 2
  Modified Time: 2334
  Debug: Off
  Object Name: 
  Observers: 
    none
  Source: (none)
  Source output name: (none)
  Release Data: Off
  Data Released: False
  Global Release Data: Off
  PipelineMTime: 0
  UpdateMTime: 1943
  RealTimeStamp: 0 seconds 
  LargestPossibleRegion: 
    Dimension: 3
    Index: [0, 0, 0]
    Size: [193, 229, 193]
  BufferedRegion: 
    Dimension: 3
    Index: [0, 0, 0]
    Size: [193, 229, 193]
  RequestedRegion: 
    Dimension: 3
    Index: [0, 0, 0]
    Size: [193, 229, 193]
  Spacing: [1, 1, 1]
  Origin: [96, 132, -78]
  Direction: 
-1 0 0
0 -1 0
0 0 1

  IndexToPointMatrix: 
-1 0 0
0 -1 0
0 0 1

  PointToIndexMatrix: 
-1 0 0
0 -1 0
0 0 1

  Inverse Direction: 
-1 0 0
0 -1 0
0 0 1

  PixelContainer: 
    ImportImageContainer (0x41f5140)
      RTTI typeinfo:   itk::ImportImageContainer<unsigned long, double>
      Reference Count: 1
      Modified Time: 1940
      Debug: Off
      Object Name: 
      Observers: 
        none
      Pointer: 0x1472c2256010
      Container manages memory: true
      Size: 8530021
      Capacity: 8530021

     Moving image = Image (0x41f2310)
  RTTI typeinfo:   itk::Image<double, 3u>
  Reference Count: 2
  Modified Time: 2335
  Debug: Off
  Object Name: 
  Observers: 
    none
  Source: (none)
  Source output name: (none)
  Release Data: Off
  Data Released: False
  Global Release Data: Off
  PipelineMTime: 0
  UpdateMTime: 2332
  RealTimeStamp: 0 seconds 
  LargestPossibleRegion: 
    Dimension: 3
    Index: [0, 0, 0]
    Size: [176, 240, 256]
  BufferedRegion: 
    Dimension: 3
    Index: [0, 0, 0]
    Size: [176, 240, 256]
  RequestedRegion: 
    Dimension: 3
    Index: [0, 0, 0]
    Size: [176, 240, 256]
  Spacing: [0.999999, 1, 1]
  Origin: [93.3499, 86.9368, -128.957]
  Direction: 
-0.999513 -0.0279216 -0.0139567
0.0279189 -0.99961 0.000389866
-0.0139622 2.01492e-08 0.999903

  IndexToPointMatrix: 
-0.999512 -0.0279216 -0.0139567
0.0279189 -0.99961 0.000389866
-0.0139621 2.01492e-08 0.999903

  PointToIndexMatrix: 
-0.999514 0.0279189 -0.0139622
-0.0279216 -0.99961 2.01716e-08
-0.0139567 0.000389866 0.999903

  Inverse Direction: 
-0.999513 0.0279189 -0.0139622
-0.0279216 -0.99961 2.01716e-08
-0.0139567 0.000389866 0.999903

  PixelContainer: 
    ImportImageContainer (0x431d610)
      RTTI typeinfo:   itk::ImportImageContainer<unsigned long, double>
      Reference Count: 1
      Modified Time: 2329
      Debug: Off
      Object Name: 
      Observers: 
        none
      Pointer: 0x1472bcfd5010
      Container manages memory: true
      Size: 10813440
      Capacity: 10813440

     Weighting = 1
     Sampling strategy = regular
     Number of bins = 32
     Radius = 4
     Sampling percentage  = 0.25
   Transform = Rigid
     Gradient step = 0.1
     Update field sigma (voxel space) = 0
     Total field sigma (voxel space) = 0
     Update field time sigma = 0
     Total field time sigma  = 0
     Number of time indices = 0
     Number of time point samples = 0
Registration using 1 total stages.

Stage 0
  iterations = 0
  convergence threshold = 1e-06
  convergence window size = 10
  number of levels = 1
  using the Mattes MI metric (number of bins = 32, weight = 1, use gradient filter = 0)
  preprocessing:  winsorizing the image intensities
  Shrink factors (level 1 out of 1): [1, 1, 1]
  smoothing sigmas per level: [0]
  regular sampling (percentage = 0.25)

*** Running Euler3DTransform registration ***

  Elapsed time (stage 0): 1.08623


Total elapsed time: 1.08858
Info [verificarlo]: loaded backend libinterflop_ieee.so
Info [interflop-ieee]: load backend with:
Info [interflop-ieee]: debug = false
Info [interflop-ieee]: debug-binary = false
Info [interflop-ieee]: no-backend-name = false
Info [interflop-ieee]: print-new-line = false
Info [interflop-ieee]: print-subnormal-normalized = false
Info [interflop-ieee]: count-op = false
All_Command_lines_OK
Using double precision for computations.
=============================================================================
The composite transform comprises the following transforms (in order): 
  1. /home/mdugre/scratch/mri-registration-rp/datasets/ds004513/derivatives/mri-registration-rp/0011/antsRegistration-r7-p20/sub-s003/align_Composite.h5[0] (type = Euler3DTransform)
  2. /home/mdugre/scratch/mri-registration-rp/datasets/ds004513/derivatives/mri-registration-rp/0011/antsRegistration-r7-p20/sub-s003/align_Composite.h5[1] (type = Euler3DTransform)
=============================================================================
  number of levels = 4
  fixed image: /templateflow/tpl-MNI152NLin2009cAsym/tpl-MNI152NLin2009cAsym_res-01_desc-brain_T1w.nii.gz
  moving image: /home/mdugre/scratch/mri-registration-rp/datasets/ds004513/derivatives/mri-registration-rp/antsBrainExtraction/sub-s003/BrainExtractionBrain.nii.gz
Dimension = 3
Number of stages = 1
Use histogram matching = false
Winsorize image intensities = true
  Lower quantile = 0.005
  Upper quantile = 0.995


Stage 1 State
   Image metric = MattesMI
     Fixed image = Image (0x4e92530)
  RTTI typeinfo:   itk::Image<double, 3u>
  Reference Count: 2
  Modified Time: 1580
  Debug: Off
  Object Name: 
  Observers: 
    none
  Source: (none)
  Source output name: (none)
  Release Data: Off
  Data Released: False
  Global Release Data: Off
  PipelineMTime: 0
  UpdateMTime: 1189
  RealTimeStamp: 0 seconds 
  LargestPossibleRegion: 
    Dimension: 3
    Index: [0, 0, 0]
    Size: [193, 229, 193]
  BufferedRegion: 
    Dimension: 3
    Index: [0, 0, 0]
    Size: [193, 229, 193]
  RequestedRegion: 
    Dimension: 3
    Index: [0, 0, 0]
    Size: [193, 229, 193]
  Spacing: [1, 1, 1]
  Origin: [96, 132, -78]
  Direction: 
-1 0 0
0 -1 0
0 0 1

  IndexToPointMatrix: 
-1 0 0
0 -1 0
0 0 1

  PointToIndexMatrix: 
-1 0 0
0 -1 0
0 0 1

  Inverse Direction: 
-1 0 0
0 -1 0
0 0 1

  PixelContainer: 
    ImportImageContainer (0x4f50d60)
      RTTI typeinfo:   itk::ImportImageContainer<unsigned long, double>
      Reference Count: 1
      Modified Time: 1186
      Debug: Off
      Object Name: 
      Observers: 
        none
      Pointer: 0x149f8fbe5010
      Container manages memory: true
      Size: 8530021
      Capacity: 8530021

     Moving image = Image (0x4f42f60)
  RTTI typeinfo:   itk::Image<double, 3u>
  Reference Count: 2
  Modified Time: 1581
  Debug: Off
  Object Name: 
  Observers: 
    none
  Source: (none)
  Source output name: (none)
  Release Data: Off
  Data Released: False
  Global Release Data: Off
  PipelineMTime: 0
  UpdateMTime: 1578
  RealTimeStamp: 0 seconds 
  LargestPossibleRegion: 
    Dimension: 3
    Index: [0, 0, 0]
    Size: [176, 240, 256]
  BufferedRegion: 
    Dimension: 3
    Index: [0, 0, 0]
    Size: [176, 240, 256]
  RequestedRegion: 
    Dimension: 3
    Index: [0, 0, 0]
    Size: [176, 240, 256]
  Spacing: [0.999999, 1, 1]
  Origin: [93.3499, 86.9368, -128.957]
  Direction: 
-0.999513 -0.0279216 -0.0139567
0.0279189 -0.99961 0.000389866
-0.0139622 2.01492e-08 0.999903

  IndexToPointMatrix: 
-0.999512 -0.0279216 -0.0139567
0.0279189 -0.99961 0.000389866
-0.0139621 2.01492e-08 0.999903

  PointToIndexMatrix: 
-0.999514 0.0279189 -0.0139622
-0.0279216 -0.99961 2.01716e-08
-0.0139567 0.000389866 0.999903

  Inverse Direction: 
-0.999513 0.0279189 -0.0139622
-0.0279216 -0.99961 2.01716e-08
-0.0139567 0.000389866 0.999903

  PixelContainer: 
    ImportImageContainer (0x4f346d0)
      RTTI typeinfo:   itk::ImportImageContainer<unsigned long, double>
      Reference Count: 1
      Modified Time: 1575
      Debug: Off
      Object Name: 
      Observers: 
        none
      Pointer: 0x149f8a964010
      Container manages memory: true
      Size: 10813440
      Capacity: 10813440

     Weighting = 1
     Sampling strategy = regular
     Number of bins = 32
     Radius = 4
     Sampling percentage  = 0.25
   Transform = Rigid
     Gradient step = 0.1
     Update field sigma (voxel space) = 0
     Total field sigma (voxel space) = 0
     Update field time sigma = 0
     Total field time sigma  = 0
     Number of time indices = 0
     Number of time point samples = 0
Registration using 1 total stages.

Stage 0
  iterations = 1000x500x250x100
  convergence threshold = 1e-06
  convergence window size = 10
  number of levels = 4
  using the Mattes MI metric (number of bins = 32, weight = 1, use gradient filter = 0)
  preprocessing:  winsorizing the image intensities
  Shrink factors (level 1 out of 4): [8, 8, 8]
  Shrink factors (level 2 out of 4): [4, 4, 4]
  Shrink factors (level 3 out of 4): [2, 2, 2]
  Shrink factors (level 4 out of 4): [1, 1, 1]
  smoothing sigmas per level: [3, 2, 1, 0]
  regular sampling (percentage = 0.25)

*** Running Euler3DTransform registration ***

DIAGNOSTIC,Iteration,metricValue,convergenceValue,ITERATION_TIME_INDEX,SINCE_LAST
 2DIAGNOSTIC,     1, -4.871187133941e-01, 1.797693134862e+308, 8.2400e-01, 8.2400e-01, 
 2DIAGNOSTIC,     2, -4.887966556740e-01, 1.797693134862e+308, 8.2951e-01, 5.5120e-03, 
 2DIAGNOSTIC,     3, -4.919242839642e-01, 1.797693134862e+308, 8.3526e-01, 5.7490e-03, 
 2DIAGNOSTIC,     4, -5.019092629522e-01, 1.797693134862e+308, 8.4232e-01, 7.0651e-03, 
 2DIAGNOSTIC,     5, -5.198319788477e-01, 1.797693134862e+308, 8.4729e-01, 4.9689e-03, 
 2DIAGNOSTIC,     6, -5.251449584180e-01, 1.797693134862e+308, 8.5267e-01, 5.3790e-03, 
 2DIAGNOSTIC,     7, -5.365118080768e-01, 1.797693134862e+308, 8.5834e-01, 5.6732e-03, 
 2DIAGNOSTIC,     8, -5.564319077261e-01, 1.797693134862e+308, 8.6533e-01, 6.9880e-03, 
 2DIAGNOSTIC,     9, -5.572786469687e-01, 1.797693134862e+308, 8.6964e-01, 4.3051e-03, 
 2DIAGNOSTIC,    10, -5.597886110608e-01, 1.060089541986e-02, 8.7487e-01, 5.2330e-03, 
 2DIAGNOSTIC,    11, -5.645450860914e-01, 9.471656029003e-03, 8.7951e-01, 4.6391e-03, 
 2DIAGNOSTIC,    12, -5.675342641672e-01, 7.901754414630e-03, 8.8482e-01, 5.3089e-03, 
 2DIAGNOSTIC,    13, -5.685174641934e-01, 6.033280802479e-03, 8.9007e-01, 5.2521e-03, 
 2DIAGNOSTIC,    14, -5.693412095341e-01, 4.302087948765e-03, 8.9607e-01, 5.9969e-03, 
 2DIAGNOSTIC,    15, -5.718972801996e-01, 3.155204981944e-03, 9.0141e-01, 5.3432e-03, 
 2DIAGNOSTIC,    16, -5.734788767073e-01, 2.091398053245e-03, 9.0646e-01, 5.0499e-03, 
 2DIAGNOSTIC,    17, -5.737823402464e-01, 1.310029424171e-03, 9.1142e-01, 4.9570e-03, 
 2DIAGNOSTIC,    18, -5.749452616694e-01, 1.114936190114e-03, 9.1627e-01, 4.8540e-03, 
 2DIAGNOSTIC,    19, -5.774392255357e-01, 9.301256922125e-04, 9.2365e-01, 7.3810e-03, 
 2DIAGNOSTIC,    20, -5.782944999806e-01, 7.612328987899e-04, 9.2916e-01, 5.5139e-03, 
 2DIAGNOSTIC,    21, -5.788863756295e-01, 6.687985514899e-04, 9.3422e-01, 5.0511e-03, 
 2DIAGNOSTIC,    22, -5.857337705058e-01, 7.546209679746e-04, 9.3919e-01, 4.9732e-03, 
 2DIAGNOSTIC,    23, -6.028589203419e-01, 1.162232419158e-03, 9.4465e-01, 5.4638e-03, 
 2DIAGNOSTIC,    24, -6.086613799579e-01, 1.554691173127e-03, 9.5143e-01, 6.7742e-03, 
 2DIAGNOSTIC,    25, -6.127624268004e-01, 1.904928718850e-03, 9.5674e-01, 5.3170e-03, 
 2DIAGNOSTIC,    26, -6.171330098687e-01, 2.167612301063e-03, 9.6216e-01, 5.4200e-03, 
 2DIAGNOSTIC,    27, -6.180829731747e-01, 2.226134184575e-03, 9.6692e-01, 4.7600e-03, 
 2DIAGNOSTIC,    28, -6.204355224872e-01, 2.128618087691e-03, 9.7221e-01, 5.2822e-03, 
 2DIAGNOSTIC,    29, -6.216541907696e-01, 1.901236587780e-03, 9.7695e-01, 4.7469e-03, 
 2DIAGNOSTIC,    30, -6.252686843460e-01, 1.589741063088e-03, 9.8242e-01, 5.4710e-03, 
 2DIAGNOSTIC,    31, -6.305775780575e-01, 1.244378658305e-03, 9.8732e-01, 4.8981e-03, 
 2DIAGNOSTIC,    32, -6.437120876154e-01, 1.107460464036e-03, 9.9338e-01, 6.0539e-03, 
 2DIAGNOSTIC,    33, -6.470281504089e-01, 1.176409684908e-03, 9.9806e-01, 4.6818e-03, 
 2DIAGNOSTIC,    34, -6.489233936798e-01, 1.241943941598e-03, 1.0056e+00, 7.5550e-03, 
 2DIAGNOSTIC,    35, -6.509314028881e-01, 1.271924764477e-03, 1.0106e+00, 5.0199e-03, 
 2DIAGNOSTIC,    36, -6.520026292049e-01, 1.251977828654e-03, 1.0151e+00, 4.4460e-03, 
 2DIAGNOSTIC,    37, -6.528671257856e-01, 1.135499328922e-03, 1.0195e+00, 4.4620e-03, 
 2DIAGNOSTIC,    38, -6.532454247323e-01, 9.531216506555e-04, 1.0240e+00, 4.5052e-03, 
 2DIAGNOSTIC,    39, -6.541953187946e-01, 7.193414235899e-04, 1.0313e+00, 7.2219e-03, 
 2DIAGNOSTIC,    40, -6.543570857491e-01, 4.759462700077e-04, 1.0357e+00, 4.4680e-03, 
 2DIAGNOSTIC,    41, -6.543632478444e-01, 2.592108742547e-04, 1.0402e+00, 4.4270e-03, 
 2DIAGNOSTIC,    42, -6.545570377854e-01, 1.813512134316e-04, 1.0446e+00, 4.4489e-03, 
 2DIAGNOSTIC,    43, -6.548910502363e-01, 1.306674006151e-04, 1.0493e+00, 4.6871e-03, 
 2DIAGNOSTIC,    44, -6.551205735600e-01, 9.263240576537e-05, 1.0543e+00, 5.0440e-03, 
 2DIAGNOSTIC,    45, -6.562562603758e-01, 8.082057600560e-05, 1.0594e+00, 5.0418e-03, 
 2DIAGNOSTIC,    46, -6.567761376399e-01, 7.808498908945e-05, 1.0692e+00, 9.8240e-03, 
 2DIAGNOSTIC,    47, -6.567287165949e-01, 7.636352215816e-05, 1.0742e+00, 5.0130e-03, 
 2DIAGNOSTIC,    48, -6.566682172912e-01, 7.057019211239e-05, 1.0787e+00, 4.5240e-03, 
 2DIAGNOSTIC,    49, -6.565350549370e-01, 6.623346351764e-05, 1.0837e+00, 4.9372e-03, 
 2DIAGNOSTIC,    50, -6.564796715778e-01, 5.670797777359e-05, 1.0886e+00, 4.8721e-03, 
 2DIAGNOSTIC,    51, -6.565039622233e-01, 4.240116778169e-05, 1.0935e+00, 4.9059e-03, 
 2DIAGNOSTIC,    52, -6.564305100067e-01, 2.585213315068e-05, 1.0978e+00, 4.3499e-03, 
 2DIAGNOSTIC,    53, -6.563648378324e-01, 1.011379005420e-05, 1.1021e+00, 4.3268e-03, 
DIAGNOSTIC,Iteration,metricValue,convergenceValue,ITERATION_TIME_INDEX,SINCE_LAST
 2DIAGNOSTIC,     1, -5.247581274738e-01, 1.797693134862e+308, 1.9308e+00, 8.2866e-01, 
 2DIAGNOSTIC,     2, -5.254322190376e-01, 1.797693134862e+308, 1.9693e+00, 3.8514e-02, 
 2DIAGNOSTIC,     3, -5.262493608461e-01, 1.797693134862e+308, 2.0069e+00, 3.7569e-02, 
 2DIAGNOSTIC,     4, -5.272166799445e-01, 1.797693134862e+308, 2.0427e+00, 3.5847e-02, 
 2DIAGNOSTIC,     5, -5.279680756940e-01, 1.797693134862e+308, 2.0782e+00, 3.5450e-02, 
 2DIAGNOSTIC,     6, -5.282061309519e-01, 1.797693134862e+308, 2.1112e+00, 3.2994e-02, 
 2DIAGNOSTIC,     7, -5.286534627564e-01, 1.797693134862e+308, 2.1426e+00, 3.1440e-02, 
 2DIAGNOSTIC,     8, -5.292424756794e-01, 1.797693134862e+308, 2.1828e+00, 4.0160e-02, 
 2DIAGNOSTIC,     9, -5.296010651211e-01, 1.797693134862e+308, 2.2209e+00, 3.8080e-02, 
 2DIAGNOSTIC,    10, -5.297812758212e-01, 6.212840113146e-04, 2.2525e+00, 3.1689e-02, 
 2DIAGNOSTIC,    11, -5.299977949072e-01, 4.920207787339e-04, 2.2844e+00, 3.1822e-02, 
 2DIAGNOSTIC,    12, -5.303178938318e-01, 3.847307054442e-04, 2.3187e+00, 3.4306e-02, 
 2DIAGNOSTIC,    13, -5.304408990909e-01, 2.971262944127e-04, 2.3546e+00, 3.5941e-02, 
 2DIAGNOSTIC,    14, -5.305360585261e-01, 2.355075682666e-04, 2.3873e+00, 3.2642e-02, 
 2DIAGNOSTIC,    15, -5.309141133772e-01, 2.015718046040e-04, 2.4213e+00, 3.4042e-02, 
 2DIAGNOSTIC,    16, -5.311833097656e-01, 1.702063954052e-04, 2.4542e+00, 3.2856e-02, 
 2DIAGNOSTIC,    17, -5.323524131935e-01, 1.775673489353e-04, 2.4929e+00, 3.8773e-02, 
 2DIAGNOSTIC,    18, -5.342856082717e-01, 2.421243076269e-04, 2.5398e+00, 4.6879e-02, 
 2DIAGNOSTIC,    19, -5.355298846201e-01, 3.217363527124e-04, 2.5759e+00, 3.6128e-02, 
 2DIAGNOSTIC,    20, -5.356000426536e-01, 3.702547960311e-04, 2.6194e+00, 4.3420e-02, 
 2DIAGNOSTIC,    21, -5.356100914060e-01, 3.862776407998e-04, 2.6550e+00, 3.5682e-02, 
 2DIAGNOSTIC,    22, -5.356134421780e-01, 3.727177302565e-04, 2.6933e+00, 3.8271e-02, 
 2DIAGNOSTIC,    23, -5.356118987845e-01, 3.276567006241e-04, 2.7281e+00, 3.4764e-02, 
 2DIAGNOSTIC,    24, -5.356114655642e-01, 2.575510850612e-04, 2.7621e+00, 3.3987e-02, 
 2DIAGNOSTIC,    25, -5.356090104811e-01, 1.777783871189e-04, 2.7930e+00, 3.0902e-02, 
 2DIAGNOSTIC,    26, -5.356097016901e-01, 9.335071386040e-05, 2.8270e+00, 3.4010e-02, 
 2DIAGNOSTIC,    27, -5.356136058265e-01, 2.900730417867e-05, 2.8592e+00, 3.2234e-02, 
 2DIAGNOSTIC,    28, -5.356312492452e-01, 3.260571093698e-06, 2.8906e+00, 3.1431e-02, 
 2DIAGNOSTIC,    29, -5.356437408530e-01, 2.226867267079e-06, 2.9326e+00, 4.2015e-02, 
 2DIAGNOSTIC,    30, -5.356655933403e-01, 2.789979342839e-06, 2.9748e+00, 4.2173e-02, 
 2DIAGNOSTIC,    31, -5.356603985742e-01, 3.231588503988e-06, 3.0105e+00, 3.5684e-02, 
 2DIAGNOSTIC,    32, -5.356721441588e-01, 3.697142157692e-06, 3.0472e+00, 3.6655e-02, 
 2DIAGNOSTIC,    33, -5.356556322078e-01, 3.579813548961e-06, 3.0888e+00, 4.1597e-02, 
 2DIAGNOSTIC,    34, -5.356592551203e-01, 3.276723216081e-06, 3.1355e+00, 4.6697e-02, 
 2DIAGNOSTIC,    35, -5.356647773869e-01, 2.813063212651e-06, 3.1725e+00, 3.7027e-02, 
 2DIAGNOSTIC,    36, -5.356525393985e-01, 2.021856596014e-06, 3.2114e+00, 3.8892e-02, 
 2DIAGNOSTIC,    37, -5.356500609284e-01, 1.191623323567e-06, 3.2494e+00, 3.7989e-02, 
DIAGNOSTIC,Iteration,metricValue,convergenceValue,ITERATION_TIME_INDEX,SINCE_LAST
 2DIAGNOSTIC,     1, -4.751515624697e-01, 1.797693134862e+308, 4.4538e+00, 1.2044e+00, 
 2DIAGNOSTIC,     2, -4.752992660807e-01, 1.797693134862e+308, 4.6970e+00, 2.4317e-01, 
 2DIAGNOSTIC,     3, -4.755250692415e-01, 1.797693134862e+308, 4.9599e+00, 2.6293e-01, 
 2DIAGNOSTIC,     4, -4.756364901897e-01, 1.797693134862e+308, 5.2222e+00, 2.6235e-01, 
 2DIAGNOSTIC,     5, -4.757505015294e-01, 1.797693134862e+308, 5.4824e+00, 2.6016e-01, 
 2DIAGNOSTIC,     6, -4.759184830482e-01, 1.797693134862e+308, 5.7524e+00, 2.7003e-01, 
 2DIAGNOSTIC,     7, -4.763358346399e-01, 1.797693134862e+308, 6.0372e+00, 2.8481e-01, 
 2DIAGNOSTIC,     8, -4.766152143429e-01, 1.797693134862e+308, 6.4381e+00, 4.0088e-01, 
 2DIAGNOSTIC,     9, -4.768460189975e-01, 1.797693134862e+308, 6.7335e+00, 2.9533e-01, 
 2DIAGNOSTIC,    10, -4.769679085788e-01, 2.591600152749e-04, 7.0336e+00, 3.0011e-01, 
 2DIAGNOSTIC,    11, -4.771082016675e-01, 2.411990465885e-04, 7.2951e+00, 2.6149e-01, 
 2DIAGNOSTIC,    12, -4.774473810389e-01, 2.285397666883e-04, 7.5872e+00, 2.9214e-01, 
 2DIAGNOSTIC,    13, -4.779989521879e-01, 2.325381417609e-04, 7.9527e+00, 3.6552e-01, 
 2DIAGNOSTIC,    14, -4.781373429930e-01, 2.253153258097e-04, 8.2526e+00, 2.9987e-01, 
 2DIAGNOSTIC,    15, -4.782959105985e-01, 2.099121339689e-04, 8.5160e+00, 2.6342e-01, 
 2DIAGNOSTIC,    16, -4.784173938193e-01, 1.880686613173e-04, 8.7883e+00, 2.7228e-01, 
 2DIAGNOSTIC,    17, -4.784855926690e-01, 1.683186537563e-04, 9.0863e+00, 2.9799e-01, 
 2DIAGNOSTIC,    18, -4.785685958886e-01, 1.470006612747e-04, 9.3639e+00, 2.7765e-01, 
 2DIAGNOSTIC,    19, -4.788919571969e-01, 1.318250599362e-04, 9.8075e+00, 4.4355e-01, 
 2DIAGNOSTIC,    20, -4.788988937352e-01, 1.098669057705e-04, 1.0083e+01, 2.7596e-01, 
 2DIAGNOSTIC,    21, -4.788908839048e-01, 8.371241531914e-05, 1.0529e+01, 4.4587e-01, 
 2DIAGNOSTIC,    22, -4.788936089815e-01, 6.131126128493e-05, 1.0810e+01, 2.8108e-01, 
 2DIAGNOSTIC,    23, -4.788930420459e-01, 4.945025689475e-05, 1.1119e+01, 3.0837e-01, 
 2DIAGNOSTIC,    24, -4.788907657953e-01, 3.725771856374e-05, 1.1366e+01, 2.4677e-01, 
 2DIAGNOSTIC,    25, -4.788900799328e-01, 2.636955132538e-05, 1.1650e+01, 2.8490e-01, 
 2DIAGNOSTIC,    26, -4.788886263003e-01, 1.680987251635e-05, 1.1923e+01, 2.7304e-01, 
 2DIAGNOSTIC,    27, -4.788887679173e-01, 8.034511107660e-06, 1.2183e+01, 2.5977e-01, 
DIAGNOSTIC,Iteration,metricValue,convergenceValue,ITERATION_TIME_INDEX,SINCE_LAST
 2DIAGNOSTIC,     1, -4.453237059383e-01, 1.797693134862e+308, 1.4808e+01, 2.6247e+00, 
 2DIAGNOSTIC,     2, -4.453530899248e-01, 1.797693134862e+308, 1.6674e+01, 1.8661e+00, 
 2DIAGNOSTIC,     3, -4.453690502571e-01, 1.797693134862e+308, 1.9307e+01, 2.6329e+00, 
 2DIAGNOSTIC,     4, -4.453683724422e-01, 1.797693134862e+308, 2.1085e+01, 1.7785e+00, 
 2DIAGNOSTIC,     5, -4.453682364009e-01, 1.797693134862e+308, 2.4293e+01, 3.2078e+00, 
 2DIAGNOSTIC,     6, -4.453683247307e-01, 1.797693134862e+308, 2.6154e+01, 1.8610e+00, 
 2DIAGNOSTIC,     7, -4.453681874911e-01, 1.797693134862e+308, 2.7953e+01, 1.7984e+00, 
 2DIAGNOSTIC,     8, -4.453680936063e-01, 1.797693134862e+308, 2.9791e+01, 1.8383e+00, 
 2DIAGNOSTIC,     9, -4.453679778950e-01, 1.797693134862e+308, 3.1864e+01, 2.0727e+00, 
 2DIAGNOSTIC,    10, -4.453679172455e-01, 6.784856095218e-06, 3.3437e+01, 1.5731e+00, 
 2DIAGNOSTIC,    11, -4.453677873649e-01, 3.665831201080e-06, 3.5384e+01, 1.9477e+00, 
 2DIAGNOSTIC,    12, -4.453677540766e-01, 2.533394135765e-06, 3.7042e+01, 1.6577e+00, 
 2DIAGNOSTIC,    13, -4.453676705215e-01, 2.366147412308e-06, 3.9283e+01, 2.2412e+00, 
 2DIAGNOSTIC,    14, -4.453676084233e-01, 2.196638664242e-06, 4.1050e+01, 1.7672e+00, 
 2DIAGNOSTIC,    15, -4.453674586394e-01, 2.044315109972e-06, 4.2869e+01, 1.8181e+00, 
 2DIAGNOSTIC,    16, -4.453673201816e-01, 1.916260417914e-06, 4.4462e+01, 1.5938e+00, 
 2DIAGNOSTIC,    17, -4.453673827026e-01, 1.807188672646e-06, 4.6389e+01, 1.9270e+00, 
 2DIAGNOSTIC,    18, -4.453674562931e-01, 1.715298706566e-06, 4.8018e+01, 1.6283e+00, 
 2DIAGNOSTIC,    19, -4.453675779190e-01, 1.638023188810e-06, 5.0201e+01, 2.1837e+00, 
 2DIAGNOSTIC,    20, -4.453676115872e-01, 1.571094634910e-06, 5.1967e+01, 1.7660e+00, 
 2DIAGNOSTIC,    21, -4.453674759391e-01, 1.504380025968e-06, 5.3775e+01, 1.8076e+00, 
 2DIAGNOSTIC,    22, -4.453674177781e-01, 1.442182806670e-06, 5.5391e+01, 1.6158e+00, 
 2DIAGNOSTIC,    23, -4.453672934135e-01, 1.379873384381e-06, 5.7058e+01, 1.6669e+00, 
 2DIAGNOSTIC,    24, -4.453671167828e-01, 1.316755251904e-06, 5.8902e+01, 1.8445e+00, 
 2DIAGNOSTIC,    25, -4.453673283270e-01, 1.261281027426e-06, 6.0698e+01, 1.7962e+00, 
 2DIAGNOSTIC,    26, -4.453672436973e-01, 1.205479073070e-06, 6.2569e+01, 1.8706e+00, 
 2DIAGNOSTIC,    27, -4.453672634562e-01, 1.157542731431e-06, 6.4371e+01, 1.8024e+00, 
 2DIAGNOSTIC,    28, -4.453671941744e-01, 1.115062152994e-06, 6.6282e+01, 1.9107e+00, 
 2DIAGNOSTIC,    29, -4.453671119348e-01, 1.078361022602e-06, 6.8234e+01, 1.9524e+00, 
 2DIAGNOSTIC,    30, -4.453670482919e-01, 1.045230661884e-06, 7.0261e+01, 2.0270e+00, 
 2DIAGNOSTIC,    31, -4.453669163460e-01, 1.010108474066e-06, 7.2971e+01, 2.7092e+00, 
  Elapsed time (stage 0): 7.4206e+01


Total elapsed time: 7.4208e+01
Info [verificarlo]: loaded backend libinterflop_vprec.so
Info [interflop-vprec]: load backend with: 
Info [interflop-vprec]: precision-binary32 = 20
Info [interflop-vprec]: range-binary32 = 7
Info [interflop-vprec]: precision-binary64 = 20
Info [interflop-vprec]: range-binary64 = 7
Info [interflop-vprec]: mode = ob
Info [interflop-vprec]: error-mode = rel
Info [interflop-vprec]: max-abs-error-exponent = -1022
Info [interflop-vprec]: daz = false
Info [interflop-vprec]: ftz = false
Info [interflop-vprec]: 	instrument = none
Info [interflop-vprec]: 	prec-input-file = (null)
Info [interflop-vprec]: 	prec-output-file = (null)
Info [interflop-vprec]: 	prec-log-file = (null)
All_Command_lines_OK
Using double precision for computations.
=============================================================================
The composite transform comprises the following transforms (in order): 
  1. /home/mdugre/scratch/mri-registration-rp/datasets/ds004513/derivatives/mri-registration-rp/0011/antsRegistration-r7-p20/sub-s003/rigid_Composite.h5[0] (type = Euler3DTransform)
  2. /home/mdugre/scratch/mri-registration-rp/datasets/ds004513/derivatives/mri-registration-rp/0011/antsRegistration-r7-p20/sub-s003/rigid_Composite.h5[1] (type = Euler3DTransform)
  3. /home/mdugre/scratch/mri-registration-rp/datasets/ds004513/derivatives/mri-registration-rp/0011/antsRegistration-r7-p20/sub-s003/rigid_Composite.h5[2] (type = Euler3DTransform)
=============================================================================
  number of levels = 4
  fixed image: /templateflow/tpl-MNI152NLin2009cAsym/tpl-MNI152NLin2009cAsym_res-01_desc-brain_T1w.nii.gz
  moving image: /home/mdugre/scratch/mri-registration-rp/datasets/ds004513/derivatives/mri-registration-rp/antsBrainExtraction/sub-s003/BrainExtractionBrain.nii.gz
Dimension = 3
Number of stages = 1
Use histogram matching = false
Winsorize image intensities = true
  Lower quantile = 0.005
  Upper quantile = 0.995


Stage 1 State
   Image metric = MattesMI
     Fixed image = Image (0x4b71490)
  RTTI typeinfo:   itk::Image<double, 3u>
  Reference Count: 2
  Modified Time: 1594
  Debug: Off
  Object Name: 
  Observers: 
    none
  Source: (none)
  Source output name: (none)
  Release Data: Off
  Data Released: False
  Global Release Data: Off
  PipelineMTime: 0
  UpdateMTime: 1203
  RealTimeStamp: 0 seconds 
  LargestPossibleRegion: 
    Dimension: 3
    Index: [0, 0, 0]
    Size: [193, 229, 193]
  BufferedRegion: 
    Dimension: 3
    Index: [0, 0, 0]
    Size: [193, 229, 193]
  RequestedRegion: 
    Dimension: 3
    Index: [0, 0, 0]
    Size: [193, 229, 193]
  Spacing: [1, 1, 1]
  Origin: [96, 132, -78]
  Direction: 
-1 0 0
0 -1 0
0 0 1

  IndexToPointMatrix: 
-1 0 0
0 -1 0
0 0 1

  PointToIndexMatrix: 
-1 0 0
0 -1 0
0 0 1

  Inverse Direction: 
-1 0 0
0 -1 0
0 0 1

  PixelContainer: 
    ImportImageContainer (0x4c3c8c0)
      RTTI typeinfo:   itk::ImportImageContainer<unsigned long, double>
      Reference Count: 1
      Modified Time: 1200
      Debug: Off
      Object Name: 
      Observers: 
        none
      Pointer: 0x14d0008c5010
      Container manages memory: true
      Size: 8530021
      Capacity: 8530021

     Moving image = Image (0x4c2cb60)
  RTTI typeinfo:   itk::Image<double, 3u>
  Reference Count: 2
  Modified Time: 1595
  Debug: Off
  Object Name: 
  Observers: 
    none
  Source: (none)
  Source output name: (none)
  Release Data: Off
  Data Released: False
  Global Release Data: Off
  PipelineMTime: 0
  UpdateMTime: 1592
  RealTimeStamp: 0 seconds 
  LargestPossibleRegion: 
    Dimension: 3
    Index: [0, 0, 0]
    Size: [176, 240, 256]
  BufferedRegion: 
    Dimension: 3
    Index: [0, 0, 0]
    Size: [176, 240, 256]
  RequestedRegion: 
    Dimension: 3
    Index: [0, 0, 0]
    Size: [176, 240, 256]
  Spacing: [0.999999, 1, 1]
  Origin: [93.3499, 86.9368, -128.957]
  Direction: 
-0.999513 -0.0279216 -0.0139567
0.0279189 -0.99961 0.000389866
-0.0139622 2.01492e-08 0.999903

  IndexToPointMatrix: 
-0.999512 -0.0279216 -0.0139567
0.0279189 -0.99961 0.000389866
-0.0139621 2.01492e-08 0.999903

  PointToIndexMatrix: 
-0.999514 0.0279189 -0.0139622
-0.0279216 -0.999611 4.76837e-07
-0.0139567 0.000389576 0.999903

  Inverse Direction: 
-0.999513 0.0279189 -0.0139622
-0.0279216 -0.999611 4.76837e-07
-0.0139567 0.000389576 0.999903

  PixelContainer: 
    ImportImageContainer (0x4cc01d0)
      RTTI typeinfo:   itk::ImportImageContainer<unsigned long, double>
      Reference Count: 1
      Modified Time: 1589
      Debug: Off
      Object Name: 
      Observers: 
        none
      Pointer: 0x14cffb644010
      Container manages memory: true
      Size: 10813440
      Capacity: 10813440

     Weighting = 1
     Sampling strategy = regular
     Number of bins = 32
     Radius = 4
     Sampling percentage  = 0.25
   Transform = Affine
     Gradient step = 0.1
     Update field sigma (voxel space) = 0
     Total field sigma (voxel space) = 0
     Update field time sigma = 0
     Total field time sigma  = 0
     Number of time indices = 0
     Number of time point samples = 0
Registration using 1 total stages.

Stage 0
  iterations = 1000x500x250x100
  convergence threshold = 1e-06
  convergence window size = 10
  number of levels = 4
  using the Mattes MI metric (number of bins = 32, weight = 1, use gradient filter = 0)
  preprocessing:  winsorizing the image intensities
  Shrink factors (level 1 out of 4): [8, 8, 8]
  Shrink factors (level 2 out of 4): [4, 4, 4]
  Shrink factors (level 3 out of 4): [2, 2, 2]
  Shrink factors (level 4 out of 4): [1, 1, 1]
  smoothing sigmas per level: [3, 2, 1, 0]
  regular sampling (percentage = 0.25)

*** Running AffineTransform registration ***

DIAGNOSTIC,Iteration,metricValue,convergenceValue,ITERATION_TIME_INDEX,SINCE_LAST
 2DIAGNOSTIC,     1, -6.605945093939e-01, 1.797693134862e+308, 0.0000e+00, 0.0000e+00, 
 2DIAGNOSTIC,     2, -6.631124007455e-01, 1.797693134862e+308, 0.0000e+00, 0.0000e+00, 
 2DIAGNOSTIC,     3, -6.671865783245e-01, 1.797693134862e+308, 0.0000e+00, 0.0000e+00, 
 2DIAGNOSTIC,     4, -6.728558336263e-01, 1.797693134862e+308, 0.0000e+00, 0.0000e+00, 
 2DIAGNOSTIC,     5, -6.805604222586e-01, 1.797693134862e+308, 0.0000e+00, 0.0000e+00, 
 2DIAGNOSTIC,     6, -6.934367217676e-01, 1.797693134862e+308, 0.0000e+00, 0.0000e+00, 
 2DIAGNOSTIC,     7, -7.177192613681e-01, 1.797693134862e+308, 0.0000e+00, 0.0000e+00, 
 2DIAGNOSTIC,     8, -7.197358711370e-01, 1.797693134862e+308, 0.0000e+00, 0.0000e+00, 
 2DIAGNOSTIC,     9, -7.202604563899e-01, 1.797693134862e+308, 0.0000e+00, 0.0000e+00, 
 2DIAGNOSTIC,    10, -7.208833692893e-01, 6.996335838072e-03, 0.0000e+00, 0.0000e+00, 
 2DIAGNOSTIC,    11, -7.210915594244e-01, 5.974601303245e-03, 0.0000e+00, 0.0000e+00, 
 2DIAGNOSTIC,    12, -7.216424958259e-01, 4.686612664756e-03, 0.0000e+00, 0.0000e+00, 
 2DIAGNOSTIC,    13, -7.221542469727e-01, 3.325246009641e-03, 0.0000e+00, 0.0000e+00, 
 2DIAGNOSTIC,    14, -7.222458709830e-01, 2.039269657048e-03, 0.0000e+00, 0.0000e+00, 
 2DIAGNOSTIC,    15, -7.223086754663e-01, 9.527308147204e-04, 0.0000e+00, 0.0000e+00, 
 2DIAGNOSTIC,    16, -7.221141226831e-01, 2.223967262110e-04, 0.0000e+00, 0.0000e+00, 
 2DIAGNOSTIC,    17, -7.219186179578e-01, 1.307590999826e-04, 0.0000e+00, 0.0000e+00, 
 2DIAGNOSTIC,    18, -7.217852394721e-01, 7.958910818398e-05, 0.0000e+00, 0.0000e+00, 
 2DIAGNOSTIC,    19, -7.217966132628e-01, 3.783391718384e-05, 0.0000e+00, 0.0000e+00, 
 2DIAGNOSTIC,    20, -7.218091441578e-01, 9.831788588058e-06, 0.0000e+00, 0.0000e+00, 
DIAGNOSTIC,Iteration,metricValue,convergenceValue,ITERATION_TIME_INDEX,SINCE_LAST
 2DIAGNOSTIC,     1, -5.939388178249e-01, 1.797693134862e+308, 0.0000e+00, 0.0000e+00, 
 2DIAGNOSTIC,     2, -5.941242208386e-01, 1.797693134862e+308, 0.0000e+00, 0.0000e+00, 
 2DIAGNOSTIC,     3, -5.944328617570e-01, 1.797693134862e+308, 0.0000e+00, 0.0000e+00, 
 2DIAGNOSTIC,     4, -5.945758742524e-01, 1.797693134862e+308, 0.0000e+00, 0.0000e+00, 
 2DIAGNOSTIC,     5, -5.945816696456e-01, 1.797693134862e+308, 0.0000e+00, 0.0000e+00, 
 2DIAGNOSTIC,     6, -5.946478273538e-01, 1.797693134862e+308, 0.0000e+00, 0.0000e+00, 
 2DIAGNOSTIC,     7, -5.948481593926e-01, 1.797693134862e+308, 0.0000e+00, 0.0000e+00, 
 2DIAGNOSTIC,     8, -5.953584351187e-01, 1.797693134862e+308, 0.0000e+00, 0.0000e+00, 
 2DIAGNOSTIC,     9, -5.971175937494e-01, 1.797693134862e+308, 0.0000e+00, 0.0000e+00, 
 2DIAGNOSTIC,    10, -5.995627786624e-01, 4.341191104205e-04, 0.0000e+00, 0.0000e+00, 
 2DIAGNOSTIC,    11, -6.001782754622e-01, 5.543564645646e-04, 0.0000e+00, 0.0000e+00, 
 2DIAGNOSTIC,    12, -6.008047127885e-01, 6.383108797349e-04, 0.0000e+00, 0.0000e+00, 
 2DIAGNOSTIC,    13, -6.008892553048e-01, 6.666820398608e-04, 0.0000e+00, 0.0000e+00, 
 2DIAGNOSTIC,    14, -6.011436393206e-01, 6.434313936385e-04, 0.0000e+00, 0.0000e+00, 
 2DIAGNOSTIC,    15, -6.012118947563e-01, 5.659560573993e-04, 0.0000e+00, 0.0000e+00, 
 2DIAGNOSTIC,    16, -6.013142043799e-01, 4.518363908255e-04, 0.0000e+00, 0.0000e+00, 
 2DIAGNOSTIC,    17, -6.013838120848e-01, 3.183647501016e-04, 0.0000e+00, 0.0000e+00, 
 2DIAGNOSTIC,    18, -6.014061147333e-01, 1.842443341250e-04, 0.0000e+00, 0.0000e+00, 
 2DIAGNOSTIC,    19, -6.015237204974e-01, 9.297062692352e-05, 0.0000e+00, 0.0000e+00, 
 2DIAGNOSTIC,    20, -6.015805807070e-01, 6.151544823578e-05, 0.0000e+00, 0.0000e+00, 
 2DIAGNOSTIC,    21, -6.016615451037e-01, 4.290665474455e-05, 0.0000e+00, 0.0000e+00, 
 2DIAGNOSTIC,    22, -6.017502328600e-01, 3.757859363497e-05, 0.0000e+00, 0.0000e+00, 
 2DIAGNOSTIC,    23, -6.019288671481e-01, 3.463389929532e-05, 0.0000e+00, 0.0000e+00, 
 2DIAGNOSTIC,    24, -6.023708432163e-01, 4.249869756373e-05, 0.0000e+00, 0.0000e+00, 
 2DIAGNOSTIC,    25, -6.024052308029e-01, 4.757718006719e-05, 0.0000e+00, 0.0000e+00, 
 2DIAGNOSTIC,    26, -6.023830653393e-01, 4.947258963675e-05, 0.0000e+00, 0.0000e+00, 
 2DIAGNOSTIC,    27, -6.023551423975e-01, 4.754751579018e-05, 0.0000e+00, 0.0000e+00, 
 2DIAGNOSTIC,    28, -6.023600177362e-01, 4.175913101385e-05, 0.0000e+00, 0.0000e+00, 
 2DIAGNOSTIC,    29, -6.023615790211e-01, 3.434911028337e-05, 0.0000e+00, 0.0000e+00, 
 2DIAGNOSTIC,    30, -6.023443639192e-01, 2.490392386165e-05, 0.0000e+00, 0.0000e+00, 
 2DIAGNOSTIC,    31, -6.023365580788e-01, 1.505183154388e-05, 0.0000e+00, 0.0000e+00, 
 2DIAGNOSTIC,    32, -6.023291429423e-01, 5.713271698120e-06, 0.0000e+00, 0.0000e+00, 
DIAGNOSTIC,Iteration,metricValue,convergenceValue,ITERATION_TIME_INDEX,SINCE_LAST
 2DIAGNOSTIC,     1, -5.264809204352e-01, 1.797693134862e+308, 0.0000e+00, 0.0000e+00, 
 2DIAGNOSTIC,     2, -5.267858646538e-01, 1.797693134862e+308, 0.0000e+00, 0.0000e+00, 
 2DIAGNOSTIC,     3, -5.270601089530e-01, 1.797693134862e+308, 0.0000e+00, 0.0000e+00, 
 2DIAGNOSTIC,     4, -5.272875381279e-01, 1.797693134862e+308, 0.0000e+00, 0.0000e+00, 
 2DIAGNOSTIC,     5, -5.275224447390e-01, 1.797693134862e+308, 0.0000e+00, 0.0000e+00, 
 2DIAGNOSTIC,     6, -5.279977939636e-01, 1.797693134862e+308, 0.0000e+00, 0.0000e+00, 
 2DIAGNOSTIC,     7, -5.286604644504e-01, 1.797693134862e+308, 0.0000e+00, 0.0000e+00, 
 2DIAGNOSTIC,     8, -5.290774159272e-01, 1.797693134862e+308, 0.0000e+00, 0.0000e+00, 
 2DIAGNOSTIC,     9, -5.291817561152e-01, 1.797693134862e+308, 0.0000e+00, 0.0000e+00, 
 2DIAGNOSTIC,    10, -5.292066534418e-01, 3.775882084547e-04, 0.0000e+00, 0.0000e+00, 
 2DIAGNOSTIC,    11, -5.292638403663e-01, 3.218468615938e-04, 0.0000e+00, 0.0000e+00, 
 2DIAGNOSTIC,    12, -5.294590064888e-01, 2.685475690164e-04, 0.0000e+00, 0.0000e+00, 
 2DIAGNOSTIC,    13, -5.297096550591e-01, 2.207500786850e-04, 0.0000e+00, 0.0000e+00, 
 2DIAGNOSTIC,    14, -5.303333756573e-01, 1.927542146107e-04, 0.0000e+00, 0.0000e+00, 
 2DIAGNOSTIC,    15, -5.318854055813e-01, 2.147185336720e-04, 0.0000e+00, 0.0000e+00, 
 2DIAGNOSTIC,    16, -5.318963582080e-01, 2.291938400513e-04, 0.0000e+00, 0.0000e+00, 
 2DIAGNOSTIC,    17, -5.319522386014e-01, 2.441894709654e-04, 0.0000e+00, 0.0000e+00, 
 2DIAGNOSTIC,    18, -5.320308185070e-01, 2.503553084570e-04, 0.0000e+00, 0.0000e+00, 
 2DIAGNOSTIC,    19, -5.321352389024e-01, 2.382974049469e-04, 0.0000e+00, 0.0000e+00, 
 2DIAGNOSTIC,    20, -5.322450445895e-01, 2.084146717629e-04, 0.0000e+00, 0.0000e+00, 
 2DIAGNOSTIC,    21, -5.323256302576e-01, 1.656689523553e-04, 0.0000e+00, 0.0000e+00, 
 2DIAGNOSTIC,    22, -5.323345172634e-01, 1.170929441276e-04, 0.0000e+00, 0.0000e+00, 
 2DIAGNOSTIC,    23, -5.323335656358e-01, 6.780320625443e-05, 0.0000e+00, 0.0000e+00, 
 2DIAGNOSTIC,    24, -5.323319222617e-01, 2.932065502066e-05, 0.0000e+00, 0.0000e+00, 
 2DIAGNOSTIC,    25, -5.323304099666e-01, 2.454025024672e-05, 0.0000e+00, 0.0000e+00, 
 2DIAGNOSTIC,    26, -5.323305361930e-01, 1.815452342489e-05, 0.0000e+00, 0.0000e+00, 
 2DIAGNOSTIC,    27, -5.323308245156e-01, 1.177061325362e-05, 0.0000e+00, 0.0000e+00, 
 2DIAGNOSTIC,    28, -5.323288683287e-01, 6.304889049673e-06, 0.0000e+00, 0.0000e+00, 
 2DIAGNOSTIC,    29, -5.323290545623e-01, 2.626990611501e-06, 0.0000e+00, 0.0000e+00, 
DIAGNOSTIC,Iteration,metricValue,convergenceValue,ITERATION_TIME_INDEX,SINCE_LAST
 2DIAGNOSTIC,     1, -4.890621774654e-01, 1.797693134862e+308, 0.0000e+00, 0.0000e+00, 
 2DIAGNOSTIC,     2, -4.892339590467e-01, 1.797693134862e+308, 0.0000e+00, 0.0000e+00, 
 2DIAGNOSTIC,     3, -4.893961108237e-01, 1.797693134862e+308, 0.0000e+00, 0.0000e+00, 
 2DIAGNOSTIC,     4, -4.895570532991e-01, 1.797693134862e+308, 0.0000e+00, 0.0000e+00, 
 2DIAGNOSTIC,     5, -4.898354964114e-01, 1.797693134862e+308, 0.0000e+00, 0.0000e+00, 
 2DIAGNOSTIC,     6, -4.898676458474e-01, 1.797693134862e+308, 0.0000e+00, 0.0000e+00, 
 2DIAGNOSTIC,     7, -4.899665303934e-01, 1.797693134862e+308, 0.0000e+00, 0.0000e+00, 
 2DIAGNOSTIC,     8, -4.899698585437e-01, 1.797693134862e+308, 0.0000e+00, 0.0000e+00, 
 2DIAGNOSTIC,     9, -4.899841406102e-01, 1.797693134862e+308, 0.0000e+00, 0.0000e+00, 
 2DIAGNOSTIC,    10, -4.900029427793e-01, 1.306022094242e-04, 0.0000e+00, 0.0000e+00, 
 2DIAGNOSTIC,    11, -4.900204364855e-01, 9.234976796429e-05, 0.0000e+00, 0.0000e+00, 
 2DIAGNOSTIC,    12, -4.900319064198e-01, 6.131727932789e-05, 0.0000e+00, 0.0000e+00, 
 2DIAGNOSTIC,    13, -4.900351375550e-01, 3.710152622224e-05, 0.0000e+00, 0.0000e+00, 
 2DIAGNOSTIC,    14, -4.900347633857e-01, 1.960704591972e-05, 0.0000e+00, 0.0000e+00, 
 2DIAGNOSTIC,    15, -4.900347290474e-01, 1.363858120247e-05, 0.0000e+00, 0.0000e+00, 
 2DIAGNOSTIC,    16, -4.900345924189e-01, 8.415389932029e-06, 0.0000e+00, 0.0000e+00, 
 2DIAGNOSTIC,    17, -4.900345985470e-01, 6.594319505733e-06, 0.0000e+00, 0.0000e+00, 
 2DIAGNOSTIC,    18, -4.900346077825e-01, 4.647147300571e-06, 0.0000e+00, 0.0000e+00, 
 2DIAGNOSTIC,    19, -4.900345413609e-01, 3.067773371938e-06, 0.0000e+00, 0.0000e+00, 
 2DIAGNOSTIC,    20, -4.900346704976e-01, 2.057282704235e-06, 0.0000e+00, 0.0000e+00, 
 2DIAGNOSTIC,    21, -4.900346728669e-01, 1.574789040032e-06, 0.0000e+00, 0.0000e+00, 
 2DIAGNOSTIC,    22, -4.900346726794e-01, 1.430549462514e-06, 0.0000e+00, 0.0000e+00, 
 2DIAGNOSTIC,    23, -4.900345642001e-01, 1.379381802072e-06, 0.0000e+00, 0.0000e+00, 
 2DIAGNOSTIC,    24, -4.900345637121e-01, 1.323899872195e-06, 0.0000e+00, 0.0000e+00, 
 2DIAGNOSTIC,    25, -4.900345637058e-01, 1.272277551152e-06, 0.0000e+00, 0.0000e+00, 
 2DIAGNOSTIC,    26, -4.900345636646e-01, 1.221562113352e-06, 0.0000e+00, 0.0000e+00, 
