
##########################
# Experiment information #
##########################

EXPERIMENT_NAME: antsRegistration-r8-p22
VFC_BACKENDS: libinterflop_vprec.so --range-binary32=8 --precision-binary32=22 --range-binary64=8 --precision-binary64=22

SIF_IMG: /home/mdugre/projects/rrg-glatard/mdugre/containers/ants-vprec-no_metrics.simg

SUBJECT_ID: s033
INPUT_IMG: /home/mdugre/scratch/mri-registration-rp/datasets/ds004513/derivatives/mri-registration-rp/antsBrainExtraction/sub-s033/BrainExtractionBrain.nii.gz
OUTPUT_DIR: /home/mdugre/scratch/mri-registration-rp/datasets/ds004513/derivatives/mri-registration-rp/0011/antsRegistration-r8-p22/sub-s033

FIXED_IMG: /templateflow/tpl-MNI152NLin2009cAsym/tpl-MNI152NLin2009cAsym_res-01_desc-brain_T1w.nii.gz
DATA_DIR: /home/mdugre/scratch/mri-registration-rp/datasets/ds004513
TEMPLATEFLOW_DIR: /home/mdugre/projects/rrg-glatard/mdugre/templateflow
ITK_GLOBAL_DEFAULT_NUMBER_OF_THREADS: 16
##########################

Info [verificarlo]: loaded backend libinterflop_ieee.so
Info [interflop-ieee]: load backend with:
Info [interflop-ieee]: debug = false
Info [interflop-ieee]: debug-binary = false
Info [interflop-ieee]: no-backend-name = false
Info [interflop-ieee]: print-new-line = false
Info [interflop-ieee]: print-subnormal-normalized = false
Info [interflop-ieee]: count-op = false
All_Command_lines_OK
Using double precision for computations.
=============================================================================
The composite transform comprises the following transforms (in order): 
  1. Center of mass alignment using fixed image: /templateflow/tpl-MNI152NLin2009cAsym/tpl-MNI152NLin2009cAsym_res-01_desc-brain_T1w.nii.gz and moving image: /home/mdugre/scratch/mri-registration-rp/datasets/ds004513/derivatives/mri-registration-rp/antsBrainExtraction/sub-s033/BrainExtractionBrain.nii.gz (type = Euler3DTransform)
=============================================================================
  number of levels = 1
  fixed image: /templateflow/tpl-MNI152NLin2009cAsym/tpl-MNI152NLin2009cAsym_res-01_desc-brain_T1w.nii.gz
  moving image: /home/mdugre/scratch/mri-registration-rp/datasets/ds004513/derivatives/mri-registration-rp/antsBrainExtraction/sub-s033/BrainExtractionBrain.nii.gz
Dimension = 3
Number of stages = 1
Use histogram matching = false
Winsorize image intensities = true
  Lower quantile = 0.005
  Upper quantile = 0.995


Stage 1 State
   Image metric = MattesMI
     Fixed image = Image (0x3fb2e70)
  RTTI typeinfo:   itk::Image<double, 3u>
  Reference Count: 2
  Modified Time: 2330
  Debug: Off
  Object Name: 
  Observers: 
    none
  Source: (none)
  Source output name: (none)
  Release Data: Off
  Data Released: False
  Global Release Data: Off
  PipelineMTime: 0
  UpdateMTime: 1941
  RealTimeStamp: 0 seconds 
  LargestPossibleRegion: 
    Dimension: 3
    Index: [0, 0, 0]
    Size: [193, 229, 193]
  BufferedRegion: 
    Dimension: 3
    Index: [0, 0, 0]
    Size: [193, 229, 193]
  RequestedRegion: 
    Dimension: 3
    Index: [0, 0, 0]
    Size: [193, 229, 193]
  Spacing: [1, 1, 1]
  Origin: [96, 132, -78]
  Direction: 
-1 0 0
0 -1 0
0 0 1

  IndexToPointMatrix: 
-1 0 0
0 -1 0
0 0 1

  PointToIndexMatrix: 
-1 0 0
0 -1 0
0 0 1

  Inverse Direction: 
-1 0 0
0 -1 0
0 0 1

  PixelContainer: 
    ImportImageContainer (0x3fbbc60)
      RTTI typeinfo:   itk::ImportImageContainer<unsigned long, double>
      Reference Count: 1
      Modified Time: 1938
      Debug: Off
      Object Name: 
      Observers: 
        none
      Pointer: 0x152bc3e58010
      Container manages memory: true
      Size: 8530021
      Capacity: 8530021

     Moving image = Image (0x3fb5540)
  RTTI typeinfo:   itk::Image<double, 3u>
  Reference Count: 2
  Modified Time: 2331
  Debug: Off
  Object Name: 
  Observers: 
    none
  Source: (none)
  Source output name: (none)
  Release Data: Off
  Data Released: False
  Global Release Data: Off
  PipelineMTime: 0
  UpdateMTime: 2328
  RealTimeStamp: 0 seconds 
  LargestPossibleRegion: 
    Dimension: 3
    Index: [0, 0, 0]
    Size: [160, 240, 256]
  BufferedRegion: 
    Dimension: 3
    Index: [0, 0, 0]
    Size: [160, 240, 256]
  RequestedRegion: 
    Dimension: 3
    Index: [0, 0, 0]
    Size: [160, 240, 256]
  Spacing: [1, 1, 1]
  Origin: [91.5134, 94.282, -109.927]
  Direction: 
-0.99591 -0.0698718 -0.0572835
0.0697565 -0.997556 0.00401236
-0.0574239 5.01125e-08 0.99835

  IndexToPointMatrix: 
-0.99591 -0.0698718 -0.0572835
0.0697565 -0.997556 0.00401236
-0.0574239 5.01125e-08 0.99835

  PointToIndexMatrix: 
-0.99591 0.0697565 -0.0574239
-0.0698718 -0.997556 5.01483e-08
-0.0572835 0.00401236 0.99835

  Inverse Direction: 
-0.99591 0.0697565 -0.0574239
-0.0698718 -0.997556 5.01483e-08
-0.0572835 0.00401236 0.99835

  PixelContainer: 
    ImportImageContainer (0x40c7610)
      RTTI typeinfo:   itk::ImportImageContainer<unsigned long, double>
      Reference Count: 1
      Modified Time: 2325
      Debug: Off
      Object Name: 
      Observers: 
        none
      Pointer: 0x152bbf357010
      Container manages memory: true
      Size: 9830400
      Capacity: 9830400

     Weighting = 1
     Sampling strategy = regular
     Number of bins = 32
     Radius = 4
     Sampling percentage  = 0.25
   Transform = Rigid
     Gradient step = 0.1
     Update field sigma (voxel space) = 0
     Total field sigma (voxel space) = 0
     Update field time sigma = 0
     Total field time sigma  = 0
     Number of time indices = 0
     Number of time point samples = 0
Registration using 1 total stages.

Stage 0
  iterations = 0
  convergence threshold = 1e-06
  convergence window size = 10
  number of levels = 1
  using the Mattes MI metric (number of bins = 32, weight = 1, use gradient filter = 0)
  preprocessing:  winsorizing the image intensities
  Shrink factors (level 1 out of 1): [1, 1, 1]
  smoothing sigmas per level: [0]
  regular sampling (percentage = 0.25)

*** Running Euler3DTransform registration ***

  Elapsed time (stage 0): 1.18022


Total elapsed time: 1.18255
Info [verificarlo]: loaded backend libinterflop_ieee.so
Info [interflop-ieee]: load backend with:
Info [interflop-ieee]: debug = false
Info [interflop-ieee]: debug-binary = false
Info [interflop-ieee]: no-backend-name = false
Info [interflop-ieee]: print-new-line = false
Info [interflop-ieee]: print-subnormal-normalized = false
Info [interflop-ieee]: count-op = false
All_Command_lines_OK
Using double precision for computations.
=============================================================================
The composite transform comprises the following transforms (in order): 
  1. /home/mdugre/scratch/mri-registration-rp/datasets/ds004513/derivatives/mri-registration-rp/0011/antsRegistration-r8-p22/sub-s033/align_Composite.h5[0] (type = Euler3DTransform)
  2. /home/mdugre/scratch/mri-registration-rp/datasets/ds004513/derivatives/mri-registration-rp/0011/antsRegistration-r8-p22/sub-s033/align_Composite.h5[1] (type = Euler3DTransform)
=============================================================================
  number of levels = 4
  fixed image: /templateflow/tpl-MNI152NLin2009cAsym/tpl-MNI152NLin2009cAsym_res-01_desc-brain_T1w.nii.gz
  moving image: /home/mdugre/scratch/mri-registration-rp/datasets/ds004513/derivatives/mri-registration-rp/antsBrainExtraction/sub-s033/BrainExtractionBrain.nii.gz
Dimension = 3
Number of stages = 1
Use histogram matching = false
Winsorize image intensities = true
  Lower quantile = 0.005
  Upper quantile = 0.995


Stage 1 State
   Image metric = MattesMI
     Fixed image = Image (0x3715530)
  RTTI typeinfo:   itk::Image<double, 3u>
  Reference Count: 2
  Modified Time: 1578
  Debug: Off
  Object Name: 
  Observers: 
    none
  Source: (none)
  Source output name: (none)
  Release Data: Off
  Data Released: False
  Global Release Data: Off
  PipelineMTime: 0
  UpdateMTime: 1189
  RealTimeStamp: 0 seconds 
  LargestPossibleRegion: 
    Dimension: 3
    Index: [0, 0, 0]
    Size: [193, 229, 193]
  BufferedRegion: 
    Dimension: 3
    Index: [0, 0, 0]
    Size: [193, 229, 193]
  RequestedRegion: 
    Dimension: 3
    Index: [0, 0, 0]
    Size: [193, 229, 193]
  Spacing: [1, 1, 1]
  Origin: [96, 132, -78]
  Direction: 
-1 0 0
0 -1 0
0 0 1

  IndexToPointMatrix: 
-1 0 0
0 -1 0
0 0 1

  PointToIndexMatrix: 
-1 0 0
0 -1 0
0 0 1

  Inverse Direction: 
-1 0 0
0 -1 0
0 0 1

  PixelContainer: 
    ImportImageContainer (0x37d3d60)
      RTTI typeinfo:   itk::ImportImageContainer<unsigned long, double>
      Reference Count: 1
      Modified Time: 1186
      Debug: Off
      Object Name: 
      Observers: 
        none
      Pointer: 0x14f970664010
      Container manages memory: true
      Size: 8530021
      Capacity: 8530021

     Moving image = Image (0x37c5f60)
  RTTI typeinfo:   itk::Image<double, 3u>
  Reference Count: 2
  Modified Time: 1579
  Debug: Off
  Object Name: 
  Observers: 
    none
  Source: (none)
  Source output name: (none)
  Release Data: Off
  Data Released: False
  Global Release Data: Off
  PipelineMTime: 0
  UpdateMTime: 1576
  RealTimeStamp: 0 seconds 
  LargestPossibleRegion: 
    Dimension: 3
    Index: [0, 0, 0]
    Size: [160, 240, 256]
  BufferedRegion: 
    Dimension: 3
    Index: [0, 0, 0]
    Size: [160, 240, 256]
  RequestedRegion: 
    Dimension: 3
    Index: [0, 0, 0]
    Size: [160, 240, 256]
  Spacing: [1, 1, 1]
  Origin: [91.5134, 94.282, -109.927]
  Direction: 
-0.99591 -0.0698718 -0.0572835
0.0697565 -0.997556 0.00401236
-0.0574239 5.01125e-08 0.99835

  IndexToPointMatrix: 
-0.99591 -0.0698718 -0.0572835
0.0697565 -0.997556 0.00401236
-0.0574239 5.01125e-08 0.99835

  PointToIndexMatrix: 
-0.99591 0.0697565 -0.0574239
-0.0698718 -0.997556 5.01483e-08
-0.0572835 0.00401236 0.99835

  Inverse Direction: 
-0.99591 0.0697565 -0.0574239
-0.0698718 -0.997556 5.01483e-08
-0.0572835 0.00401236 0.99835

  PixelContainer: 
    ImportImageContainer (0x37b76d0)
      RTTI typeinfo:   itk::ImportImageContainer<unsigned long, double>
      Reference Count: 1
      Modified Time: 1573
      Debug: Off
      Object Name: 
      Observers: 
        none
      Pointer: 0x14f96bb63010
      Container manages memory: true
      Size: 9830400
      Capacity: 9830400

     Weighting = 1
     Sampling strategy = regular
     Number of bins = 32
     Radius = 4
     Sampling percentage  = 0.25
   Transform = Rigid
     Gradient step = 0.1
     Update field sigma (voxel space) = 0
     Total field sigma (voxel space) = 0
     Update field time sigma = 0
     Total field time sigma  = 0
     Number of time indices = 0
     Number of time point samples = 0
Registration using 1 total stages.

Stage 0
  iterations = 1000x500x250x100
  convergence threshold = 1e-06
  convergence window size = 10
  number of levels = 4
  using the Mattes MI metric (number of bins = 32, weight = 1, use gradient filter = 0)
  preprocessing:  winsorizing the image intensities
  Shrink factors (level 1 out of 4): [8, 8, 8]
  Shrink factors (level 2 out of 4): [4, 4, 4]
  Shrink factors (level 3 out of 4): [2, 2, 2]
  Shrink factors (level 4 out of 4): [1, 1, 1]
  smoothing sigmas per level: [3, 2, 1, 0]
  regular sampling (percentage = 0.25)

*** Running Euler3DTransform registration ***

DIAGNOSTIC,Iteration,metricValue,convergenceValue,ITERATION_TIME_INDEX,SINCE_LAST
 2DIAGNOSTIC,     1, -4.945365495269e-01, 1.797693134862e+308, 6.8018e-01, 6.8018e-01, 
 2DIAGNOSTIC,     2, -4.961551199262e-01, 1.797693134862e+308, 6.8491e-01, 4.7271e-03, 
 2DIAGNOSTIC,     3, -4.991207097076e-01, 1.797693134862e+308, 6.8980e-01, 4.8900e-03, 
 2DIAGNOSTIC,     4, -5.030359852117e-01, 1.797693134862e+308, 6.9484e-01, 5.0411e-03, 
 2DIAGNOSTIC,     5, -5.059125054655e-01, 1.797693134862e+308, 6.9999e-01, 5.1420e-03, 
 2DIAGNOSTIC,     6, -5.092815596254e-01, 1.797693134862e+308, 7.0517e-01, 5.1880e-03, 
 2DIAGNOSTIC,     7, -5.205915484568e-01, 1.797693134862e+308, 7.1026e-01, 5.0862e-03, 
 2DIAGNOSTIC,     8, -5.236677933913e-01, 1.797693134862e+308, 7.1488e-01, 4.6220e-03, 
 2DIAGNOSTIC,     9, -5.261653611514e-01, 1.797693134862e+308, 7.1958e-01, 4.6990e-03, 
 2DIAGNOSTIC,    10, -5.313843279548e-01, 4.956236851461e-03, 7.2466e-01, 5.0769e-03, 
 2DIAGNOSTIC,    11, -5.461121550605e-01, 5.255951709878e-03, 7.3073e-01, 6.0740e-03, 
 2DIAGNOSTIC,    12, -5.563506773260e-01, 5.544499219506e-03, 7.3563e-01, 4.9009e-03, 
 2DIAGNOSTIC,    13, -6.011783753074e-01, 7.240286203917e-03, 7.4169e-01, 6.0580e-03, 
 2DIAGNOSTIC,    14, -6.166052825007e-01, 8.701253899077e-03, 7.4638e-01, 4.6899e-03, 
 2DIAGNOSTIC,    15, -6.211428291686e-01, 9.416357351074e-03, 7.5114e-01, 4.7610e-03, 
 2DIAGNOSTIC,    16, -6.235432152631e-01, 9.368281938818e-03, 7.5639e-01, 5.2500e-03, 
 2DIAGNOSTIC,    17, -6.347577465035e-01, 9.145335041230e-03, 7.6313e-01, 6.7430e-03, 
 2DIAGNOSTIC,    18, -6.413138477947e-01, 8.359392966599e-03, 7.6844e-01, 5.3101e-03, 
 2DIAGNOSTIC,    19, -6.420802723007e-01, 6.980623495129e-03, 7.7427e-01, 5.8300e-03, 
 2DIAGNOSTIC,    20, -6.425493379767e-01, 5.272872637765e-03, 7.7891e-01, 4.6320e-03, 
 2DIAGNOSTIC,    21, -6.431795007606e-01, 3.641466715130e-03, 7.8432e-01, 5.4181e-03, 
 2DIAGNOSTIC,    22, -6.434078412550e-01, 2.049114021523e-03, 7.8890e-01, 4.5800e-03, 
 2DIAGNOSTIC,    23, -6.435083893519e-01, 1.381096918290e-03, 7.9433e-01, 5.4228e-03, 
 2DIAGNOSTIC,    24, -6.436807768549e-01, 9.688116609365e-04, 8.0074e-01, 6.4130e-03, 
 2DIAGNOSTIC,    25, -6.439989450040e-01, 6.014654852295e-04, 8.0775e-01, 7.0150e-03, 
 2DIAGNOSTIC,    26, -6.448361584724e-01, 2.655198372039e-04, 8.1264e-01, 4.8821e-03, 
 2DIAGNOSTIC,    27, -6.460796029923e-01, 1.536866589459e-04, 8.1815e-01, 5.5089e-03, 
 2DIAGNOSTIC,    28, -6.463976191421e-01, 1.550353912517e-04, 8.2306e-01, 4.9109e-03, 
 2DIAGNOSTIC,    29, -6.463935455306e-01, 1.547432214395e-04, 8.2799e-01, 4.9298e-03, 
 2DIAGNOSTIC,    30, -6.464392296688e-01, 1.482978125100e-04, 8.3346e-01, 5.4710e-03, 
 2DIAGNOSTIC,    31, -6.463723507999e-01, 1.368670680710e-04, 8.3833e-01, 4.8680e-03, 
 2DIAGNOSTIC,    32, -6.464254418150e-01, 1.173264593296e-04, 8.4439e-01, 6.0601e-03, 
 2DIAGNOSTIC,    33, -6.464354983907e-01, 8.969315908705e-05, 8.5930e-01, 1.4917e-02, 
 2DIAGNOSTIC,    34, -6.464354983578e-01, 5.811475559763e-05, 8.7463e-01, 1.5327e-02, 
 2DIAGNOSTIC,    35, -6.464354983578e-01, 2.735362992546e-05, 8.8188e-01, 7.2541e-03, 
 2DIAGNOSTIC,    36, -6.464354983578e-01, 6.561991230780e-06, 8.8746e-01, 5.5718e-03, 
 2DIAGNOSTIC,    37, -6.464354983578e-01, 2.244507515368e-06, 8.9293e-01, 5.4710e-03, 
 2DIAGNOSTIC,    38, -6.464354983578e-01, 1.990756733874e-06, 8.9830e-01, 5.3771e-03, 
 2DIAGNOSTIC,    39, -6.464354983578e-01, 1.582334678049e-06, 9.0375e-01, 5.4479e-03, 
 2DIAGNOSTIC,    40, -6.464354983578e-01, 1.698170233558e-06, 9.0921e-01, 5.4560e-03, 
DIAGNOSTIC,Iteration,metricValue,convergenceValue,ITERATION_TIME_INDEX,SINCE_LAST
 2DIAGNOSTIC,     1, -5.367244460255e-01, 1.797693134862e+308, 1.6274e+00, 7.1815e-01, 
 2DIAGNOSTIC,     2, -5.380313845318e-01, 1.797693134862e+308, 1.6557e+00, 2.8348e-02, 
 2DIAGNOSTIC,     3, -5.401731921519e-01, 1.797693134862e+308, 1.6858e+00, 3.0129e-02, 
 2DIAGNOSTIC,     4, -5.431881353267e-01, 1.797693134862e+308, 1.7177e+00, 3.1884e-02, 
 2DIAGNOSTIC,     5, -5.453557602371e-01, 1.797693134862e+308, 1.7497e+00, 3.1974e-02, 
 2DIAGNOSTIC,     6, -5.461088568258e-01, 1.797693134862e+308, 1.7816e+00, 3.1894e-02, 
 2DIAGNOSTIC,     7, -5.462086683928e-01, 1.797693134862e+308, 1.8136e+00, 3.1972e-02, 
 2DIAGNOSTIC,     8, -5.464644816279e-01, 1.797693134862e+308, 1.8669e+00, 5.3391e-02, 
 2DIAGNOSTIC,     9, -5.466119848348e-01, 1.797693134862e+308, 1.9040e+00, 3.7042e-02, 
 2DIAGNOSTIC,    10, -5.465653137152e-01, 1.220918839723e-03, 1.9368e+00, 3.2841e-02, 
 2DIAGNOSTIC,    11, -5.465682691178e-01, 8.133911161802e-04, 1.9730e+00, 3.6209e-02, 
 2DIAGNOSTIC,    12, -5.465541415352e-01, 4.580257668081e-04, 2.0058e+00, 3.2740e-02, 
 2DIAGNOSTIC,    13, -5.465494221840e-01, 2.001582587724e-04, 2.0381e+00, 3.2344e-02, 
 2DIAGNOSTIC,    14, -5.465144134124e-01, 7.040399003601e-05, 2.0673e+00, 2.9173e-02, 
 2DIAGNOSTIC,    15, -5.465021552490e-01, 2.625952008814e-05, 2.1003e+00, 3.3052e-02, 
 2DIAGNOSTIC,    16, -5.465203014126e-01, 1.067861375698e-05, 2.1330e+00, 3.2659e-02, 
DIAGNOSTIC,Iteration,metricValue,convergenceValue,ITERATION_TIME_INDEX,SINCE_LAST
 2DIAGNOSTIC,     1, -4.642612166668e-01, 1.797693134862e+308, 3.2281e+00, 1.0951e+00, 
 2DIAGNOSTIC,     2, -4.645523969408e-01, 1.797693134862e+308, 3.5127e+00, 2.8454e-01, 
 2DIAGNOSTIC,     3, -4.648354191290e-01, 1.797693134862e+308, 3.7766e+00, 2.6388e-01, 
 2DIAGNOSTIC,     4, -4.650444823714e-01, 1.797693134862e+308, 4.0204e+00, 2.4384e-01, 
 2DIAGNOSTIC,     5, -4.653294033676e-01, 1.797693134862e+308, 4.2623e+00, 2.4190e-01, 
 2DIAGNOSTIC,     6, -4.657501523986e-01, 1.797693134862e+308, 4.5090e+00, 2.4667e-01, 
 2DIAGNOSTIC,     7, -4.663153001971e-01, 1.797693134862e+308, 4.9389e+00, 4.2990e-01, 
 2DIAGNOSTIC,     8, -4.663376527852e-01, 1.797693134862e+308, 5.2037e+00, 2.6484e-01, 
 2DIAGNOSTIC,     9, -4.663397944281e-01, 1.797693134862e+308, 5.5401e+00, 3.3637e-01, 
 2DIAGNOSTIC,    10, -4.663424504153e-01, 3.304415316921e-04, 5.9215e+00, 3.8142e-01, 
 2DIAGNOSTIC,    11, -4.663407772130e-01, 2.569717781966e-04, 6.2449e+00, 3.2336e-01, 
 2DIAGNOSTIC,    12, -4.663402998274e-01, 1.871608800871e-04, 6.5175e+00, 2.7268e-01, 
 2DIAGNOSTIC,    13, -4.663397698124e-01, 1.247949297371e-04, 6.7926e+00, 2.7509e-01, 
 2DIAGNOSTIC,    14, -4.663383680846e-01, 6.955018690769e-05, 7.0328e+00, 2.4017e-01, 
 2DIAGNOSTIC,    15, -4.663373095001e-01, 2.688615094358e-05, 7.3016e+00, 2.6878e-01, 
 2DIAGNOSTIC,    16, -4.663380623605e-01, 2.757973382297e-06, 7.5779e+00, 2.7637e-01, 
 2DIAGNOSTIC,    17, -4.663366397514e-01, 1.609414239691e-06, 7.8211e+00, 2.4314e-01, 
 2DIAGNOSTIC,    18, -4.663363757493e-01, 1.361304038883e-06, 8.0769e+00, 2.5578e-01, 
 2DIAGNOSTIC,    19, -4.663349275117e-01, 1.197067717527e-06, 8.3496e+00, 2.7274e-01, 
 2DIAGNOSTIC,    20, -4.663342717152e-01, 1.156858139784e-06, 8.5819e+00, 2.3234e-01, 
 2DIAGNOSTIC,    21, -4.663338233508e-01, 1.098747913507e-06, 8.8049e+00, 2.2292e-01, 
 2DIAGNOSTIC,    22, -4.663346790647e-01, 1.094942634679e-06, 9.0353e+00, 2.3047e-01, 
 2DIAGNOSTIC,    23, -4.663351771668e-01, 1.123948018981e-06, 9.3049e+00, 2.6959e-01, 
 2DIAGNOSTIC,    24, -4.663374269977e-01, 1.197305521353e-06, 9.5674e+00, 2.6247e-01, 
 2DIAGNOSTIC,    25, -4.663373152679e-01, 1.246671687084e-06, 9.8262e+00, 2.5879e-01, 
 2DIAGNOSTIC,    26, -4.663384927973e-01, 1.341409726456e-06, 1.0042e+01, 2.1559e-01, 
 2DIAGNOSTIC,    27, -4.663413945552e-01, 1.450742962011e-06, 1.0303e+01, 2.6075e-01, 
 2DIAGNOSTIC,    28, -4.663452548287e-01, 1.603543675566e-06, 1.0579e+01, 2.7670e-01, 
 2DIAGNOSTIC,    29, -4.663455694658e-01, 1.676446255552e-06, 1.0816e+01, 2.3720e-01, 
 2DIAGNOSTIC,    30, -4.663486419253e-01, 1.741008635515e-06, 1.1079e+01, 2.6259e-01, 
 2DIAGNOSTIC,    31, -4.663501675075e-01, 1.757564709555e-06, 1.1376e+01, 2.9709e-01, 
 2DIAGNOSTIC,    32, -4.663498097019e-01, 1.712210192677e-06, 1.1641e+01, 2.6469e-01, 
 2DIAGNOSTIC,    33, -4.663495644606e-01, 1.605381843559e-06, 1.1878e+01, 2.3758e-01, 
 2DIAGNOSTIC,    34, -4.663507458630e-01, 1.506623507681e-06, 1.2157e+01, 2.7852e-01, 
 2DIAGNOSTIC,    35, -4.663521267920e-01, 1.380763925442e-06, 1.2427e+01, 2.6971e-01, 
 2DIAGNOSTIC,    36, -4.663521744283e-01, 1.236181693762e-06, 1.2667e+01, 2.3995e-01, 
 2DIAGNOSTIC,    37, -4.663538887037e-01, 1.141629035719e-06, 1.2935e+01, 2.6864e-01, 
 2DIAGNOSTIC,    38, -4.663549484323e-01, 1.104641102260e-06, 1.3173e+01, 2.3830e-01, 
 2DIAGNOSTIC,    39, -4.663582266188e-01, 1.098561411096e-06, 1.3431e+01, 2.5773e-01, 
 2DIAGNOSTIC,    40, -4.663613283464e-01, 1.157924444547e-06, 1.3689e+01, 2.5788e-01, 
 2DIAGNOSTIC,    41, -4.663616865592e-01, 1.207565506992e-06, 1.3922e+01, 2.3314e-01, 
 2DIAGNOSTIC,    42, -4.663696952046e-01, 1.326038612554e-06, 1.4164e+01, 2.4166e-01, 
 2DIAGNOSTIC,    43, -4.663799873554e-01, 1.523928392849e-06, 1.4457e+01, 2.9302e-01, 
 2DIAGNOSTIC,    44, -4.663851226158e-01, 1.721619440329e-06, 1.4809e+01, 3.5178e-01, 
 2DIAGNOSTIC,    45, -4.663846462619e-01, 1.828355702865e-06, 1.5074e+01, 2.6515e-01, 
 2DIAGNOSTIC,    46, -4.663834654472e-01, 1.810967185333e-06, 1.5320e+01, 2.4658e-01, 
 2DIAGNOSTIC,    47, -4.663818567194e-01, 1.688503250184e-06, 1.5543e+01, 2.2267e-01, 
 2DIAGNOSTIC,    48, -4.663820301725e-01, 1.486767147604e-06, 1.5781e+01, 2.3750e-01, 
 2DIAGNOSTIC,    49, -4.663854180164e-01, 1.295766960088e-06, 1.6048e+01, 2.6718e-01, 
 2DIAGNOSTIC,    50, -4.663872376517e-01, 1.112002607152e-06, 1.6280e+01, 2.3272e-01, 
DIAGNOSTIC,Iteration,metricValue,convergenceValue,ITERATION_TIME_INDEX,SINCE_LAST
 2DIAGNOSTIC,     1, -4.249046537748e-01, 1.797693134862e+308, 1.8769e+01, 2.4884e+00, 
 2DIAGNOSTIC,     2, -4.249634130957e-01, 1.797693134862e+308, 2.0329e+01, 1.5602e+00, 
 2DIAGNOSTIC,     3, -4.249876093950e-01, 1.797693134862e+308, 2.1912e+01, 1.5833e+00, 
 2DIAGNOSTIC,     4, -4.250090859969e-01, 1.797693134862e+308, 2.3408e+01, 1.4951e+00, 
 2DIAGNOSTIC,     5, -4.251339493957e-01, 1.797693134862e+308, 2.4767e+01, 1.3591e+00, 
 2DIAGNOSTIC,     6, -4.252902613236e-01, 1.797693134862e+308, 2.7438e+01, 2.6718e+00, 
 2DIAGNOSTIC,     7, -4.253025469568e-01, 1.797693134862e+308, 2.8881e+01, 1.4429e+00, 
 2DIAGNOSTIC,     8, -4.253439892649e-01, 1.797693134862e+308, 3.0380e+01, 1.4988e+00, 
 2DIAGNOSTIC,     9, -4.253843329793e-01, 1.797693134862e+308, 3.1775e+01, 1.3949e+00, 
 2DIAGNOSTIC,    10, -4.254100126563e-01, 8.915297954648e-05, 3.3118e+01, 1.3427e+00, 
 2DIAGNOSTIC,    11, -4.254659498618e-01, 7.794340092718e-05, 3.4435e+01, 1.3173e+00, 
 2DIAGNOSTIC,    12, -4.256076368886e-01, 7.303739263487e-05, 3.7225e+01, 2.7899e+00, 
 2DIAGNOSTIC,    13, -4.256072247964e-01, 6.373335113682e-05, 3.8965e+01, 1.7402e+00, 
 2DIAGNOSTIC,    14, -4.256075618031e-01, 5.124423059553e-05, 4.0562e+01, 1.5975e+00, 
 2DIAGNOSTIC,    15, -4.256074688032e-01, 4.141326443455e-05, 4.2238e+01, 1.6757e+00, 
 2DIAGNOSTIC,    16, -4.256069726304e-01, 3.568439783162e-05, 4.4487e+01, 2.2490e+00, 
 2DIAGNOSTIC,    17, -4.256069373665e-01, 2.789702618654e-05, 4.6214e+01, 1.7265e+00, 
 2DIAGNOSTIC,    18, -4.256069065667e-01, 2.009113279721e-05, 4.7804e+01, 1.5908e+00, 
 2DIAGNOSTIC,    19, -4.256068494810e-01, 1.290488517212e-05, 4.9311e+01, 1.5070e+00, 
 2DIAGNOSTIC,    20, -4.256067467243e-01, 6.251935913498e-06, 5.1051e+01, 1.7398e+00, 
 2DIAGNOSTIC,    21, -4.256071424557e-01, 1.462051956197e-06, 5.2647e+01, 1.5958e+00, 
 2DIAGNOSTIC,    22, -4.256072347576e-01, 1.418475581313e-06, 5.4346e+01, 1.6985e+00, 
 2DIAGNOSTIC,    23, -4.256071696146e-01, 1.366949032529e-06, 5.6045e+01, 1.6993e+00, 
 2DIAGNOSTIC,    24, -4.256069589436e-01, 1.324997808451e-06, 5.8104e+01, 2.0595e+00, 
 2DIAGNOSTIC,    25, -4.256068888739e-01, 1.282688138482e-06, 5.9814e+01, 1.7095e+00, 
 2DIAGNOSTIC,    26, -4.256067058161e-01, 1.225045913038e-06, 6.1526e+01, 1.7119e+00, 
 2DIAGNOSTIC,    27, -4.256067207978e-01, 1.170988203174e-06, 6.2984e+01, 1.4579e+00, 
 2DIAGNOSTIC,    28, -4.256066444781e-01, 1.119066264869e-06, 6.4432e+01, 1.4488e+00, 
 2DIAGNOSTIC,    29, -4.256066888202e-01, 1.072370608438e-06, 6.5954e+01, 1.5213e+00, 
 2DIAGNOSTIC,    30, -4.256067646757e-01, 1.030310797213e-06, 6.7523e+01, 1.5693e+00, 
 2DIAGNOSTIC,    31, -4.256069152138e-01, 1.005474337269e-06, 6.8835e+01, 1.3121e+00, 
  Elapsed time (stage 0): 6.9661e+01


Total elapsed time: 6.9664e+01
Info [verificarlo]: loaded backend libinterflop_vprec.so
Info [interflop-vprec]: load backend with: 
Info [interflop-vprec]: precision-binary32 = 22
Info [interflop-vprec]: range-binary32 = 8
Info [interflop-vprec]: precision-binary64 = 22
Info [interflop-vprec]: range-binary64 = 8
Info [interflop-vprec]: mode = ob
Info [interflop-vprec]: error-mode = rel
Info [interflop-vprec]: max-abs-error-exponent = -1022
Info [interflop-vprec]: daz = false
Info [interflop-vprec]: ftz = false
Info [interflop-vprec]: 	instrument = none
Info [interflop-vprec]: 	prec-input-file = (null)
Info [interflop-vprec]: 	prec-output-file = (null)
Info [interflop-vprec]: 	prec-log-file = (null)
All_Command_lines_OK
Using double precision for computations.
=============================================================================
The composite transform comprises the following transforms (in order): 
  1. /home/mdugre/scratch/mri-registration-rp/datasets/ds004513/derivatives/mri-registration-rp/0011/antsRegistration-r8-p22/sub-s033/rigid_Composite.h5[0] (type = Euler3DTransform)
  2. /home/mdugre/scratch/mri-registration-rp/datasets/ds004513/derivatives/mri-registration-rp/0011/antsRegistration-r8-p22/sub-s033/rigid_Composite.h5[1] (type = Euler3DTransform)
  3. /home/mdugre/scratch/mri-registration-rp/datasets/ds004513/derivatives/mri-registration-rp/0011/antsRegistration-r8-p22/sub-s033/rigid_Composite.h5[2] (type = Euler3DTransform)
=============================================================================
  number of levels = 4
  fixed image: /templateflow/tpl-MNI152NLin2009cAsym/tpl-MNI152NLin2009cAsym_res-01_desc-brain_T1w.nii.gz
  moving image: /home/mdugre/scratch/mri-registration-rp/datasets/ds004513/derivatives/mri-registration-rp/antsBrainExtraction/sub-s033/BrainExtractionBrain.nii.gz
Dimension = 3
Number of stages = 1
Use histogram matching = false
Winsorize image intensities = true
  Lower quantile = 0.005
  Upper quantile = 0.995


Stage 1 State
   Image metric = MattesMI
     Fixed image = Image (0x3402490)
  RTTI typeinfo:   itk::Image<double, 3u>
  Reference Count: 2
  Modified Time: 1592
  Debug: Off
  Object Name: 
  Observers: 
    none
  Source: (none)
  Source output name: (none)
  Release Data: Off
  Data Released: False
  Global Release Data: Off
  PipelineMTime: 0
  UpdateMTime: 1203
  RealTimeStamp: 0 seconds 
  LargestPossibleRegion: 
    Dimension: 3
    Index: [0, 0, 0]
    Size: [193, 229, 193]
  BufferedRegion: 
    Dimension: 3
    Index: [0, 0, 0]
    Size: [193, 229, 193]
  RequestedRegion: 
    Dimension: 3
    Index: [0, 0, 0]
    Size: [193, 229, 193]
  Spacing: [1, 1, 1]
  Origin: [96, 132, -78]
  Direction: 
-1 0 0
0 -1 0
0 0 1

  IndexToPointMatrix: 
-1 0 0
0 -1 0
0 0 1

  PointToIndexMatrix: 
-1 0 0
0 -1 0
0 0 1

  Inverse Direction: 
-1 0 0
0 -1 0
0 0 1

  PixelContainer: 
    ImportImageContainer (0x34cd8c0)
      RTTI typeinfo:   itk::ImportImageContainer<unsigned long, double>
      Reference Count: 1
      Modified Time: 1200
      Debug: Off
      Object Name: 
      Observers: 
        none
      Pointer: 0x14bee4a75010
      Container manages memory: true
      Size: 8530021
      Capacity: 8530021

     Moving image = Image (0x34bdb60)
  RTTI typeinfo:   itk::Image<double, 3u>
  Reference Count: 2
  Modified Time: 1593
  Debug: Off
  Object Name: 
  Observers: 
    none
  Source: (none)
  Source output name: (none)
  Release Data: Off
  Data Released: False
  Global Release Data: Off
  PipelineMTime: 0
  UpdateMTime: 1590
  RealTimeStamp: 0 seconds 
  LargestPossibleRegion: 
    Dimension: 3
    Index: [0, 0, 0]
    Size: [160, 240, 256]
  BufferedRegion: 
    Dimension: 3
    Index: [0, 0, 0]
    Size: [160, 240, 256]
  RequestedRegion: 
    Dimension: 3
    Index: [0, 0, 0]
    Size: [160, 240, 256]
  Spacing: [1, 1, 1]
  Origin: [91.5134, 94.282, -109.927]
  Direction: 
-0.99591 -0.0698718 -0.0572835
0.0697565 -0.997556 0.00401236
-0.0574239 5.01125e-08 0.99835

  IndexToPointMatrix: 
-0.99591 -0.0698718 -0.0572835
0.0697565 -0.997556 0.00401236
-0.0574239 5.01125e-08 0.99835

  PointToIndexMatrix: 
-0.99591 0.0697565 -0.0574239
-0.0698718 -0.997556 -1.57394e-07
-0.0572835 0.00401239 0.99835

  Inverse Direction: 
-0.99591 0.0697565 -0.0574239
-0.0698718 -0.997556 -1.57394e-07
-0.0572835 0.00401239 0.99835

  PixelContainer: 
    ImportImageContainer (0x35511d0)
      RTTI typeinfo:   itk::ImportImageContainer<unsigned long, double>
      Reference Count: 1
      Modified Time: 1587
      Debug: Off
      Object Name: 
      Observers: 
        none
      Pointer: 0x14bedff74010
      Container manages memory: true
      Size: 9830400
      Capacity: 9830400

     Weighting = 1
     Sampling strategy = regular
     Number of bins = 32
     Radius = 4
     Sampling percentage  = 0.25
   Transform = Affine
     Gradient step = 0.1
     Update field sigma (voxel space) = 0
     Total field sigma (voxel space) = 0
     Update field time sigma = 0
     Total field time sigma  = 0
     Number of time indices = 0
     Number of time point samples = 0
Registration using 1 total stages.

Stage 0
  iterations = 1000x500x250x100
  convergence threshold = 1e-06
  convergence window size = 10
  number of levels = 4
  using the Mattes MI metric (number of bins = 32, weight = 1, use gradient filter = 0)
  preprocessing:  winsorizing the image intensities
  Shrink factors (level 1 out of 4): [8, 8, 8]
  Shrink factors (level 2 out of 4): [4, 4, 4]
  Shrink factors (level 3 out of 4): [2, 2, 2]
  Shrink factors (level 4 out of 4): [1, 1, 1]
  smoothing sigmas per level: [3, 2, 1, 0]
  regular sampling (percentage = 0.25)

*** Running AffineTransform registration ***

DIAGNOSTIC,Iteration,metricValue,convergenceValue,ITERATION_TIME_INDEX,SINCE_LAST
 2DIAGNOSTIC,     1, -6.376190627131e-01, 1.797693134862e+308, 0.0000e+00, 0.0000e+00, 
 2DIAGNOSTIC,     2, -6.402420607352e-01, 1.797693134862e+308, 0.0000e+00, 0.0000e+00, 
 2DIAGNOSTIC,     3, -6.449285681828e-01, 1.797693134862e+308, 0.0000e+00, 0.0000e+00, 
 2DIAGNOSTIC,     4, -6.518360558605e-01, 1.797693134862e+308, 0.0000e+00, 0.0000e+00, 
 2DIAGNOSTIC,     5, -6.626337707825e-01, 1.797693134862e+308, 0.0000e+00, 0.0000e+00, 
 2DIAGNOSTIC,     6, -6.829462519593e-01, 1.797693134862e+308, 0.0000e+00, 0.0000e+00, 
 2DIAGNOSTIC,     7, -7.240125336082e-01, 1.797693134862e+308, 0.0000e+00, 0.0000e+00, 
 2DIAGNOSTIC,     8, -7.616010428421e-01, 1.797693134862e+308, 0.0000e+00, 0.0000e+00, 
 2DIAGNOSTIC,     9, -7.800927623913e-01, 1.797693134862e+308, 0.0000e+00, 0.0000e+00, 
 2DIAGNOSTIC,    10, -8.283759509001e-01, 1.750315300051e-02, 0.0000e+00, 0.0000e+00, 
 2DIAGNOSTIC,    11, -8.886312736280e-01, 1.984286434711e-02, 0.0000e+00, 0.0000e+00, 
 2DIAGNOSTIC,    12, -8.895224283476e-01, 2.002415186577e-02, 0.0000e+00, 0.0000e+00, 
 2DIAGNOSTIC,    13, -8.977396600102e-01, 1.878272229888e-02, 0.0000e+00, 0.0000e+00, 
 2DIAGNOSTIC,    14, -9.004134893693e-01, 1.634320741249e-02, 0.0000e+00, 0.0000e+00, 
 2DIAGNOSTIC,    15, -9.037828108887e-01, 1.314587854283e-02, 0.0000e+00, 0.0000e+00, 
 2DIAGNOSTIC,    16, -9.072951358980e-01, 9.730553619132e-03, 0.0000e+00, 0.0000e+00, 
 2DIAGNOSTIC,    17, -9.080163717473e-01, 6.778571330767e-03, 0.0000e+00, 0.0000e+00, 
 2DIAGNOSTIC,    18, -9.078676680843e-01, 4.350782315683e-03, 0.0000e+00, 0.0000e+00, 
 2DIAGNOSTIC,    19, -9.078154502426e-01, 2.148643077405e-03, 0.0000e+00, 0.0000e+00, 
 2DIAGNOSTIC,    20, -9.078200513140e-01, 8.244678324338e-04, 0.0000e+00, 0.0000e+00, 
 2DIAGNOSTIC,    21, -9.078762433102e-01, 5.785254225831e-04, 0.0000e+00, 0.0000e+00, 
 2DIAGNOSTIC,    22, -9.076989249320e-01, 3.126223767083e-04, 0.0000e+00, 0.0000e+00, 
 2DIAGNOSTIC,    23, -9.075979137647e-01, 1.668996546824e-04, 0.0000e+00, 0.0000e+00, 
 2DIAGNOSTIC,    24, -9.073437959302e-01, 5.360427443369e-05, 0.0000e+00, 0.0000e+00, 
DIAGNOSTIC,Iteration,metricValue,convergenceValue,ITERATION_TIME_INDEX,SINCE_LAST
 2DIAGNOSTIC,     1, -7.460359446171e-01, 1.797693134862e+308, 0.0000e+00, 0.0000e+00, 
 2DIAGNOSTIC,     2, -7.466946898476e-01, 1.797693134862e+308, 0.0000e+00, 0.0000e+00, 
 2DIAGNOSTIC,     3, -7.472738824140e-01, 1.797693134862e+308, 0.0000e+00, 0.0000e+00, 
 2DIAGNOSTIC,     4, -7.478240667877e-01, 1.797693134862e+308, 0.0000e+00, 0.0000e+00, 
 2DIAGNOSTIC,     5, -7.482043342999e-01, 1.797693134862e+308, 0.0000e+00, 0.0000e+00, 
 2DIAGNOSTIC,     6, -7.484816210764e-01, 1.797693134862e+308, 0.0000e+00, 0.0000e+00, 
 2DIAGNOSTIC,     7, -7.485237570737e-01, 1.797693134862e+308, 0.0000e+00, 0.0000e+00, 
 2DIAGNOSTIC,     8, -7.485172767764e-01, 1.797693134862e+308, 0.0000e+00, 0.0000e+00, 
 2DIAGNOSTIC,     9, -7.485390871885e-01, 1.797693134862e+308, 0.0000e+00, 0.0000e+00, 
 2DIAGNOSTIC,    10, -7.485600526815e-01, 2.076642207964e-04, 0.0000e+00, 0.0000e+00, 
 2DIAGNOSTIC,    11, -7.485673813893e-01, 1.290251424997e-04, 0.0000e+00, 0.0000e+00, 
 2DIAGNOSTIC,    12, -7.485898772311e-01, 7.360283651710e-05, 0.0000e+00, 0.0000e+00, 
 2DIAGNOSTIC,    13, -7.486187068945e-01, 3.787244972632e-05, 0.0000e+00, 0.0000e+00, 
 2DIAGNOSTIC,    14, -7.486222348439e-01, 1.884888444886e-05, 0.0000e+00, 0.0000e+00, 
 2DIAGNOSTIC,    15, -7.486324288042e-01, 1.055177677488e-05, 0.0000e+00, 0.0000e+00, 
 2DIAGNOSTIC,    16, -7.486987872596e-01, 1.065452305180e-05, 0.0000e+00, 0.0000e+00, 
 2DIAGNOSTIC,    17, -7.486950043824e-01, 1.077197875723e-05, 0.0000e+00, 0.0000e+00, 
 2DIAGNOSTIC,    18, -7.486812456841e-01, 9.631872681222e-06, 0.0000e+00, 0.0000e+00, 
 2DIAGNOSTIC,    19, -7.486876397800e-01, 8.468290807237e-06, 0.0000e+00, 0.0000e+00, 
 2DIAGNOSTIC,    20, -7.486424324626e-01, 6.323354140643e-06, 0.0000e+00, 0.0000e+00, 
 2DIAGNOSTIC,    21, -7.486382548076e-01, 3.994443717126e-06, 0.0000e+00, 0.0000e+00, 
 2DIAGNOSTIC,    22, -7.486411839708e-01, 2.066089646341e-06, 0.0000e+00, 0.0000e+00, 
DIAGNOSTIC,Iteration,metricValue,convergenceValue,ITERATION_TIME_INDEX,SINCE_LAST
 2DIAGNOSTIC,     1, -6.323483553652e-01, 1.797693134862e+308, 0.0000e+00, 0.0000e+00, 
 2DIAGNOSTIC,     2, -6.329391553105e-01, 1.797693134862e+308, 0.0000e+00, 0.0000e+00, 
 2DIAGNOSTIC,     3, -6.336003975705e-01, 1.797693134862e+308, 0.0000e+00, 0.0000e+00, 
 2DIAGNOSTIC,     4, -6.344568263801e-01, 1.797693134862e+308, 0.0000e+00, 0.0000e+00, 
 2DIAGNOSTIC,     5, -6.368924527688e-01, 1.797693134862e+308, 0.0000e+00, 0.0000e+00, 
 2DIAGNOSTIC,     6, -6.368921910413e-01, 1.797693134862e+308, 0.0000e+00, 0.0000e+00, 
 2DIAGNOSTIC,     7, -6.368898013011e-01, 1.797693134862e+308, 0.0000e+00, 0.0000e+00, 
 2DIAGNOSTIC,     8, -6.368878246879e-01, 1.797693134862e+308, 0.0000e+00, 0.0000e+00, 
 2DIAGNOSTIC,     9, -6.368867738155e-01, 1.797693134862e+308, 0.0000e+00, 0.0000e+00, 
 2DIAGNOSTIC,    10, -6.368855323732e-01, 5.143650379870e-04, 0.0000e+00, 0.0000e+00, 
 2DIAGNOSTIC,    11, -6.368842198864e-01, 3.491804119608e-04, 0.0000e+00, 0.0000e+00, 
 2DIAGNOSTIC,    12, -6.368830061515e-01, 2.036597649212e-04, 0.0000e+00, 0.0000e+00, 
 2DIAGNOSTIC,    13, -6.368833535081e-01, 8.533458499707e-05, 0.0000e+00, 0.0000e+00, 
 2DIAGNOSTIC,    14, -6.368838936333e-01, 1.539653224858e-06, 0.0000e+00, 0.0000e+00, 
 2DIAGNOSTIC,    15, -6.368830277696e-01, 1.541122614565e-06, 0.0000e+00, 0.0000e+00, 
 2DIAGNOSTIC,    16, -6.368845959614e-01, 1.634678256354e-06, 0.0000e+00, 0.0000e+00, 
 2DIAGNOSTIC,    17, -6.368834634981e-01, 1.657158650352e-06, 0.0000e+00, 0.0000e+00, 
 2DIAGNOSTIC,    18, -6.368811290628e-01, 1.590524213016e-06, 0.0000e+00, 0.0000e+00, 
 2DIAGNOSTIC,    19, -6.368818000452e-01, 1.539963261701e-06, 0.0000e+00, 0.0000e+00, 
 2DIAGNOSTIC,    20, -6.368801532122e-01, 1.441667249545e-06, 0.0000e+00, 0.0000e+00, 
 2DIAGNOSTIC,    21, -6.368778174831e-01, 1.289899241884e-06, 0.0000e+00, 0.0000e+00, 
 2DIAGNOSTIC,    22, -6.368786613203e-01, 1.166604643159e-06, 0.0000e+00, 0.0000e+00, 
 2DIAGNOSTIC,    23, -6.368788717623e-01, 1.090172229865e-06, 0.0000e+00, 0.0000e+00, 
 2DIAGNOSTIC,    24, -6.368776144061e-01, 1.034036922476e-06, 0.0000e+00, 0.0000e+00, 
DIAGNOSTIC,Iteration,metricValue,convergenceValue,ITERATION_TIME_INDEX,SINCE_LAST
 2DIAGNOSTIC,     1, -5.629455683017e-01, 1.797693134862e+308, 0.0000e+00, 0.0000e+00, 
 2DIAGNOSTIC,     2, -5.631017203488e-01, 1.797693134862e+308, 0.0000e+00, 0.0000e+00, 
 2DIAGNOSTIC,     3, -5.632489628336e-01, 1.797693134862e+308, 0.0000e+00, 0.0000e+00, 
 2DIAGNOSTIC,     4, -5.635215564669e-01, 1.797693134862e+308, 0.0000e+00, 0.0000e+00, 
 2DIAGNOSTIC,     5, -5.637663996513e-01, 1.797693134862e+308, 0.0000e+00, 0.0000e+00, 
 2DIAGNOSTIC,     6, -5.637772412684e-01, 1.797693134862e+308, 0.0000e+00, 0.0000e+00, 
 2DIAGNOSTIC,     7, -5.637934961029e-01, 1.797693134862e+308, 0.0000e+00, 0.0000e+00, 
 2DIAGNOSTIC,     8, -5.638117528970e-01, 1.797693134862e+308, 0.0000e+00, 0.0000e+00, 
 2DIAGNOSTIC,     9, -5.638189996518e-01, 1.797693134862e+308, 0.0000e+00, 0.0000e+00, 
 2DIAGNOSTIC,    10, -5.638276520672e-01, 1.056822581903e-04, 0.0000e+00, 0.0000e+00, 
 2DIAGNOSTIC,    11, -5.638336555249e-01, 7.028737755527e-05, 0.0000e+00, 0.0000e+00, 
 2DIAGNOSTIC,    12, -5.638379699723e-01, 4.160864427354e-05, 0.0000e+00, 0.0000e+00, 
 2DIAGNOSTIC,    13, -5.638419606781e-01, 1.949834270232e-05, 0.0000e+00, 0.0000e+00, 
 2DIAGNOSTIC,    14, -5.638431721590e-01, 8.615048994978e-06, 0.0000e+00, 0.0000e+00, 
 2DIAGNOSTIC,    15, -5.638430484844e-01, 6.832704552456e-06, 0.0000e+00, 0.0000e+00, 
 2DIAGNOSTIC,    16, -5.638429642445e-01, 5.173739903122e-06, 0.0000e+00, 0.0000e+00, 
 2DIAGNOSTIC,    17, -5.638428960757e-01, 3.885164847978e-06, 0.0000e+00, 0.0000e+00, 
 2DIAGNOSTIC,    18, -5.638426645121e-01, 3.055771021304e-06, 0.0000e+00, 0.0000e+00, 
 2DIAGNOSTIC,    19, -5.638424364041e-01, 2.376717759656e-06, 0.0000e+00, 0.0000e+00, 
 2DIAGNOSTIC,    20, -5.638423194361e-01, 1.913887205628e-06, 2.5600e+02, 2.5600e+02, 
 2DIAGNOSTIC,    21, -5.638420606611e-01, 1.601368142069e-06, 2.5600e+02, 0.0000e+00, 
 2DIAGNOSTIC,    22, -5.638419295193e-01, 1.402619583486e-06, 2.5600e+02, 0.0000e+00, 
 2DIAGNOSTIC,    23, -5.638419264331e-01, 1.311681861536e-06, 2.5600e+02, 0.0000e+00, 
 2DIAGNOSTIC,    24, -5.638422723998e-01, 1.267561330065e-06, 2.5600e+02, 0.0000e+00, 
 2DIAGNOSTIC,    25, -5.638420080832e-01, 1.224188521998e-06, 2.5600e+02, 0.0000e+00, 
 2DIAGNOSTIC,    26, -5.638419169880e-01, 1.185353473300e-06, 2.5600e+02, 0.0000e+00, 
 2DIAGNOSTIC,    27, -5.638419171938e-01, 1.151738231661e-06, 2.5600e+02, 0.0000e+00, 
 2DIAGNOSTIC,    28, -5.638420750602e-01, 1.121429964814e-06, 2.5600e+02, 0.0000e+00, 
 2DIAGNOSTIC,    29, -5.638421257824e-01, 1.091131149905e-06, 2.5600e+02, 0.0000e+00, 
 2DIAGNOSTIC,    30, -5.638421503364e-01, 1.061854277666e-06, 2.5600e+02, 0.0000e+00, 
 2DIAGNOSTIC,    31, -5.638420161287e-01, 1.028015788634e-06, 2.5600e+02, 0.0000e+00, 
  Elapsed time (stage 0): 2.5600e+02


Total elapsed time: 2.5600e+02
Info [verificarlo]: loaded backend libinterflop_vprec.so
Info [interflop-vprec]: load backend with: 
Info [interflop-vprec]: precision-binary32 = 22
Info [interflop-vprec]: range-binary32 = 8
Info [interflop-vprec]: precision-binary64 = 22
Info [interflop-vprec]: range-binary64 = 8
Info [interflop-vprec]: mode = ob
Info [interflop-vprec]: error-mode = rel
Info [interflop-vprec]: max-abs-error-exponent = -1022
Info [interflop-vprec]: daz = false
Info [interflop-vprec]: ftz = false
Info [interflop-vprec]: 	instrument = none
Info [interflop-vprec]: 	prec-input-file = (null)
Info [interflop-vprec]: 	prec-output-file = (null)
Info [interflop-vprec]: 	prec-log-file = (null)
All_Command_lines_OK
Using double precision for computations.
=============================================================================
The composite transform comprises the following transforms (in order): 
  1. /home/mdugre/scratch/mri-registration-rp/datasets/ds004513/derivatives/mri-registration-rp/0011/antsRegistration-r8-p22/sub-s033/affine_Composite.h5[0] (type = Euler3DTransform)
  2. /home/mdugre/scratch/mri-registration-rp/datasets/ds004513/derivatives/mri-registration-rp/0011/antsRegistration-r8-p22/sub-s033/affine_Composite.h5[1] (type = Euler3DTransform)
  3. /home/mdugre/scratch/mri-registration-rp/datasets/ds004513/derivatives/mri-registration-rp/0011/antsRegistration-r8-p22/sub-s033/affine_Composite.h5[2] (type = Euler3DTransform)
