
##########################
# Experiment information #
##########################

EXPERIMENT_NAME: antsRegistration-r8-p19
VFC_BACKENDS: libinterflop_vprec.so --range-binary32=8 --precision-binary32=19 --range-binary64=8 --precision-binary64=19

SIF_IMG: /home/mdugre/projects/rrg-glatard/mdugre/containers/ants-vprec-no_metrics.simg

SUBJECT_ID: s017
INPUT_IMG: /home/mdugre/scratch/mri-registration-rp/datasets/ds004513/derivatives/mri-registration-rp/antsBrainExtraction/sub-s017/BrainExtractionBrain.nii.gz
OUTPUT_DIR: /home/mdugre/scratch/mri-registration-rp/datasets/ds004513/derivatives/mri-registration-rp/0011/antsRegistration-r8-p19/sub-s017

FIXED_IMG: /templateflow/tpl-MNI152NLin2009cAsym/tpl-MNI152NLin2009cAsym_res-01_desc-brain_T1w.nii.gz
DATA_DIR: /home/mdugre/scratch/mri-registration-rp/datasets/ds004513
TEMPLATEFLOW_DIR: /home/mdugre/projects/rrg-glatard/mdugre/templateflow
ITK_GLOBAL_DEFAULT_NUMBER_OF_THREADS: 16
##########################

Info [verificarlo]: loaded backend libinterflop_ieee.so
Info [interflop-ieee]: load backend with:
Info [interflop-ieee]: debug = false
Info [interflop-ieee]: debug-binary = false
Info [interflop-ieee]: no-backend-name = false
Info [interflop-ieee]: print-new-line = false
Info [interflop-ieee]: print-subnormal-normalized = false
Info [interflop-ieee]: count-op = false
All_Command_lines_OK
Using double precision for computations.
=============================================================================
The composite transform comprises the following transforms (in order): 
  1. Center of mass alignment using fixed image: /templateflow/tpl-MNI152NLin2009cAsym/tpl-MNI152NLin2009cAsym_res-01_desc-brain_T1w.nii.gz and moving image: /home/mdugre/scratch/mri-registration-rp/datasets/ds004513/derivatives/mri-registration-rp/antsBrainExtraction/sub-s017/BrainExtractionBrain.nii.gz (type = Euler3DTransform)
=============================================================================
  number of levels = 1
  fixed image: /templateflow/tpl-MNI152NLin2009cAsym/tpl-MNI152NLin2009cAsym_res-01_desc-brain_T1w.nii.gz
  moving image: /home/mdugre/scratch/mri-registration-rp/datasets/ds004513/derivatives/mri-registration-rp/antsBrainExtraction/sub-s017/BrainExtractionBrain.nii.gz
Dimension = 3
Number of stages = 1
Use histogram matching = false
Winsorize image intensities = true
  Lower quantile = 0.005
  Upper quantile = 0.995


Stage 1 State
   Image metric = MattesMI
     Fixed image = Image (0x4da0e70)
  RTTI typeinfo:   itk::Image<double, 3u>
  Reference Count: 2
  Modified Time: 2334
  Debug: Off
  Object Name: 
  Observers: 
    none
  Source: (none)
  Source output name: (none)
  Release Data: Off
  Data Released: False
  Global Release Data: Off
  PipelineMTime: 0
  UpdateMTime: 1943
  RealTimeStamp: 0 seconds 
  LargestPossibleRegion: 
    Dimension: 3
    Index: [0, 0, 0]
    Size: [193, 229, 193]
  BufferedRegion: 
    Dimension: 3
    Index: [0, 0, 0]
    Size: [193, 229, 193]
  RequestedRegion: 
    Dimension: 3
    Index: [0, 0, 0]
    Size: [193, 229, 193]
  Spacing: [1, 1, 1]
  Origin: [96, 132, -78]
  Direction: 
-1 0 0
0 -1 0
0 0 1

  IndexToPointMatrix: 
-1 0 0
0 -1 0
0 0 1

  PointToIndexMatrix: 
-1 0 0
0 -1 0
0 0 1

  Inverse Direction: 
-1 0 0
0 -1 0
0 0 1

  PixelContainer: 
    ImportImageContainer (0x4da9c60)
      RTTI typeinfo:   itk::ImportImageContainer<unsigned long, double>
      Reference Count: 1
      Modified Time: 1940
      Debug: Off
      Object Name: 
      Observers: 
        none
      Pointer: 0x1490055a5010
      Container manages memory: true
      Size: 8530021
      Capacity: 8530021

     Moving image = Image (0x4dac610)
  RTTI typeinfo:   itk::Image<double, 3u>
  Reference Count: 2
  Modified Time: 2335
  Debug: Off
  Object Name: 
  Observers: 
    none
  Source: (none)
  Source output name: (none)
  Release Data: Off
  Data Released: False
  Global Release Data: Off
  PipelineMTime: 0
  UpdateMTime: 2332
  RealTimeStamp: 0 seconds 
  LargestPossibleRegion: 
    Dimension: 3
    Index: [0, 0, 0]
    Size: [160, 240, 256]
  BufferedRegion: 
    Dimension: 3
    Index: [0, 0, 0]
    Size: [160, 240, 256]
  RequestedRegion: 
    Dimension: 3
    Index: [0, 0, 0]
    Size: [160, 240, 256]
  Spacing: [1, 1, 1]
  Origin: [91.3357, 102.231, -120.042]
  Direction: 
-0.997442 -5.36781e-05 -0.0714818
5.35416e-05 -1 3.82465e-06
-0.0714818 -1.23894e-08 0.997442

  IndexToPointMatrix: 
-0.997444 -5.36781e-05 -0.0714818
5.35418e-05 -1 3.82465e-06
-0.0714819 -1.23894e-08 0.997442

  PointToIndexMatrix: 
-0.99744 5.35415e-05 -0.0714816
-5.36781e-05 -1 -1.23894e-08
-0.0714818 3.82465e-06 0.997442

  Inverse Direction: 
-0.997442 5.35416e-05 -0.0714818
-5.36781e-05 -1 -1.23894e-08
-0.0714818 3.82465e-06 0.997442

  PixelContainer: 
    ImportImageContainer (0x4e45ef0)
      RTTI typeinfo:   itk::ImportImageContainer<unsigned long, double>
      Reference Count: 1
      Modified Time: 2329
      Debug: Off
      Object Name: 
      Observers: 
        none
      Pointer: 0x149000aa4010
      Container manages memory: true
      Size: 9830400
      Capacity: 9830400

     Weighting = 1
     Sampling strategy = regular
     Number of bins = 32
     Radius = 4
     Sampling percentage  = 0.25
   Transform = Rigid
     Gradient step = 0.1
     Update field sigma (voxel space) = 0
     Total field sigma (voxel space) = 0
     Update field time sigma = 0
     Total field time sigma  = 0
     Number of time indices = 0
     Number of time point samples = 0
Registration using 1 total stages.

Stage 0
  iterations = 0
  convergence threshold = 1e-06
  convergence window size = 10
  number of levels = 1
  using the Mattes MI metric (number of bins = 32, weight = 1, use gradient filter = 0)
  preprocessing:  winsorizing the image intensities
  Shrink factors (level 1 out of 1): [1, 1, 1]
  smoothing sigmas per level: [0]
  regular sampling (percentage = 0.25)

*** Running Euler3DTransform registration ***

  Elapsed time (stage 0): 1.14926


Total elapsed time: 1.15296
Info [verificarlo]: loaded backend libinterflop_ieee.so
Info [interflop-ieee]: load backend with:
Info [interflop-ieee]: debug = false
Info [interflop-ieee]: debug-binary = false
Info [interflop-ieee]: no-backend-name = false
Info [interflop-ieee]: print-new-line = false
Info [interflop-ieee]: print-subnormal-normalized = false
Info [interflop-ieee]: count-op = false
All_Command_lines_OK
Using double precision for computations.
=============================================================================
The composite transform comprises the following transforms (in order): 
  1. /home/mdugre/scratch/mri-registration-rp/datasets/ds004513/derivatives/mri-registration-rp/0011/antsRegistration-r8-p19/sub-s017/align_Composite.h5[0] (type = Euler3DTransform)
  2. /home/mdugre/scratch/mri-registration-rp/datasets/ds004513/derivatives/mri-registration-rp/0011/antsRegistration-r8-p19/sub-s017/align_Composite.h5[1] (type = Euler3DTransform)
=============================================================================
  number of levels = 4
  fixed image: /templateflow/tpl-MNI152NLin2009cAsym/tpl-MNI152NLin2009cAsym_res-01_desc-brain_T1w.nii.gz
  moving image: /home/mdugre/scratch/mri-registration-rp/datasets/ds004513/derivatives/mri-registration-rp/antsBrainExtraction/sub-s017/BrainExtractionBrain.nii.gz
Dimension = 3
Number of stages = 1
Use histogram matching = false
Winsorize image intensities = true
  Lower quantile = 0.005
  Upper quantile = 0.995


Stage 1 State
   Image metric = MattesMI
     Fixed image = Image (0x4539530)
  RTTI typeinfo:   itk::Image<double, 3u>
  Reference Count: 2
  Modified Time: 1580
  Debug: Off
  Object Name: 
  Observers: 
    none
  Source: (none)
  Source output name: (none)
  Release Data: Off
  Data Released: False
  Global Release Data: Off
  PipelineMTime: 0
  UpdateMTime: 1189
  RealTimeStamp: 0 seconds 
  LargestPossibleRegion: 
    Dimension: 3
    Index: [0, 0, 0]
    Size: [193, 229, 193]
  BufferedRegion: 
    Dimension: 3
    Index: [0, 0, 0]
    Size: [193, 229, 193]
  RequestedRegion: 
    Dimension: 3
    Index: [0, 0, 0]
    Size: [193, 229, 193]
  Spacing: [1, 1, 1]
  Origin: [96, 132, -78]
  Direction: 
-1 0 0
0 -1 0
0 0 1

  IndexToPointMatrix: 
-1 0 0
0 -1 0
0 0 1

  PointToIndexMatrix: 
-1 0 0
0 -1 0
0 0 1

  Inverse Direction: 
-1 0 0
0 -1 0
0 0 1

  PixelContainer: 
    ImportImageContainer (0x45f7d60)
      RTTI typeinfo:   itk::ImportImageContainer<unsigned long, double>
      Reference Count: 1
      Modified Time: 1186
      Debug: Off
      Object Name: 
      Observers: 
        none
      Pointer: 0x1548ea997010
      Container manages memory: true
      Size: 8530021
      Capacity: 8530021

     Moving image = Image (0x45e9f60)
  RTTI typeinfo:   itk::Image<double, 3u>
  Reference Count: 2
  Modified Time: 1581
  Debug: Off
  Object Name: 
  Observers: 
    none
  Source: (none)
  Source output name: (none)
  Release Data: Off
  Data Released: False
  Global Release Data: Off
  PipelineMTime: 0
  UpdateMTime: 1578
  RealTimeStamp: 0 seconds 
  LargestPossibleRegion: 
    Dimension: 3
    Index: [0, 0, 0]
    Size: [160, 240, 256]
  BufferedRegion: 
    Dimension: 3
    Index: [0, 0, 0]
    Size: [160, 240, 256]
  RequestedRegion: 
    Dimension: 3
    Index: [0, 0, 0]
    Size: [160, 240, 256]
  Spacing: [1, 1, 1]
  Origin: [91.3357, 102.231, -120.042]
  Direction: 
-0.997442 -5.36781e-05 -0.0714818
5.35416e-05 -1 3.82465e-06
-0.0714818 -1.23894e-08 0.997442

  IndexToPointMatrix: 
-0.997444 -5.36781e-05 -0.0714818
5.35418e-05 -1 3.82465e-06
-0.0714819 -1.23894e-08 0.997442

  PointToIndexMatrix: 
-0.99744 5.35415e-05 -0.0714816
-5.36781e-05 -1 -1.23894e-08
-0.0714818 3.82465e-06 0.997442

  Inverse Direction: 
-0.997442 5.35416e-05 -0.0714818
-5.36781e-05 -1 -1.23894e-08
-0.0714818 3.82465e-06 0.997442

  PixelContainer: 
    ImportImageContainer (0x45db6d0)
      RTTI typeinfo:   itk::ImportImageContainer<unsigned long, double>
      Reference Count: 1
      Modified Time: 1575
      Debug: Off
      Object Name: 
      Observers: 
        none
      Pointer: 0x1548e5e96010
      Container manages memory: true
      Size: 9830400
      Capacity: 9830400

     Weighting = 1
     Sampling strategy = regular
     Number of bins = 32
     Radius = 4
     Sampling percentage  = 0.25
   Transform = Rigid
     Gradient step = 0.1
     Update field sigma (voxel space) = 0
     Total field sigma (voxel space) = 0
     Update field time sigma = 0
     Total field time sigma  = 0
     Number of time indices = 0
     Number of time point samples = 0
Registration using 1 total stages.

Stage 0
  iterations = 1000x500x250x100
  convergence threshold = 1e-06
  convergence window size = 10
  number of levels = 4
  using the Mattes MI metric (number of bins = 32, weight = 1, use gradient filter = 0)
  preprocessing:  winsorizing the image intensities
  Shrink factors (level 1 out of 4): [8, 8, 8]
  Shrink factors (level 2 out of 4): [4, 4, 4]
  Shrink factors (level 3 out of 4): [2, 2, 2]
  Shrink factors (level 4 out of 4): [1, 1, 1]
  smoothing sigmas per level: [3, 2, 1, 0]
  regular sampling (percentage = 0.25)

*** Running Euler3DTransform registration ***

DIAGNOSTIC,Iteration,metricValue,convergenceValue,ITERATION_TIME_INDEX,SINCE_LAST
 2DIAGNOSTIC,     1, -5.567767283252e-01, 1.797693134862e+308, 6.9595e-01, 6.9595e-01, 
 2DIAGNOSTIC,     2, -5.584239703569e-01, 1.797693134862e+308, 7.0020e-01, 4.2522e-03, 
 2DIAGNOSTIC,     3, -5.612715515272e-01, 1.797693134862e+308, 7.0402e-01, 3.8180e-03, 
 2DIAGNOSTIC,     4, -5.637780194106e-01, 1.797693134862e+308, 7.0780e-01, 3.7830e-03, 
 2DIAGNOSTIC,     5, -5.658229214212e-01, 1.797693134862e+308, 7.1158e-01, 3.7799e-03, 
 2DIAGNOSTIC,     6, -5.696445468689e-01, 1.797693134862e+308, 7.1546e-01, 3.8750e-03, 
 2DIAGNOSTIC,     7, -5.734118275242e-01, 1.797693134862e+308, 7.1929e-01, 3.8309e-03, 
 2DIAGNOSTIC,     8, -5.754533484979e-01, 1.797693134862e+308, 7.2446e-01, 5.1699e-03, 
 2DIAGNOSTIC,     9, -5.763021950250e-01, 1.797693134862e+308, 7.2817e-01, 3.7169e-03, 
 2DIAGNOSTIC,    10, -5.771142770255e-01, 2.558085388189e-03, 7.3313e-01, 4.9620e-03, 
 2DIAGNOSTIC,    11, -5.785125587612e-01, 2.176117873031e-03, 7.3703e-01, 3.8910e-03, 
 2DIAGNOSTIC,    12, -5.799413348090e-01, 1.786767970983e-03, 7.4141e-01, 4.3831e-03, 
 2DIAGNOSTIC,    13, -5.809477908980e-01, 1.443124036835e-03, 7.4576e-01, 4.3530e-03, 
 2DIAGNOSTIC,    14, -5.814655964876e-01, 1.127354078216e-03, 7.4966e-01, 3.8941e-03, 
 2DIAGNOSTIC,    15, -5.819093877219e-01, 8.331089413526e-04, 7.5401e-01, 4.3590e-03, 
 2DIAGNOSTIC,    16, -5.822326442998e-01, 6.258215683233e-04, 7.5840e-01, 4.3838e-03, 
 2DIAGNOSTIC,    17, -5.825793599843e-01, 5.040365830239e-04, 7.6235e-01, 3.9499e-03, 
 2DIAGNOSTIC,    18, -5.863713925916e-01, 5.095725576648e-04, 7.6636e-01, 4.0131e-03, 
 2DIAGNOSTIC,    19, -5.901617810168e-01, 5.855607354908e-04, 7.7373e-01, 7.3731e-03, 
 2DIAGNOSTIC,    20, -5.906016223816e-01, 6.286272500306e-04, 7.7863e-01, 4.8981e-03, 
 2DIAGNOSTIC,    21, -5.907365705866e-01, 6.467002963832e-04, 7.8304e-01, 4.4091e-03, 
 2DIAGNOSTIC,    22, -5.906256574994e-01, 6.330265936373e-04, 7.8743e-01, 4.3850e-03, 
 2DIAGNOSTIC,    23, -5.906307681710e-01, 5.816453055170e-04, 7.9126e-01, 3.8319e-03, 
 2DIAGNOSTIC,    24, -5.905636622010e-01, 4.878472529214e-04, 7.9505e-01, 3.7930e-03, 
 2DIAGNOSTIC,    25, -5.906024985370e-01, 3.662279783952e-04, 7.9943e-01, 4.3821e-03, 
 2DIAGNOSTIC,    26, -5.906025304324e-01, 2.276984665067e-04, 8.0327e-01, 3.8319e-03, 
 2DIAGNOSTIC,    27, -5.906211320574e-01, 8.394584288740e-05, 8.0707e-01, 3.8018e-03, 
 2DIAGNOSTIC,    28, -5.908796758313e-01, 1.198925031209e-05, 8.1087e-01, 3.8068e-03, 
 2DIAGNOSTIC,    29, -5.911411552395e-01, 1.217108543277e-05, 8.1522e-01, 4.3440e-03, 
 2DIAGNOSTIC,    30, -5.915241330962e-01, 2.456301684458e-05, 8.2101e-01, 5.7881e-03, 
 2DIAGNOSTIC,    31, -5.916229825993e-01, 3.758205306251e-05, 8.2486e-01, 3.8490e-03, 
 2DIAGNOSTIC,    32, -5.916651208817e-01, 4.532975449181e-05, 8.2870e-01, 3.8409e-03, 
 2DIAGNOSTIC,    33, -5.916874987632e-01, 4.885284294669e-05, 8.3253e-01, 3.8359e-03, 
 2DIAGNOSTIC,    34, -5.917053822200e-01, 4.682712858798e-05, 8.3690e-01, 4.3700e-03, 
 2DIAGNOSTIC,    35, -5.917390904868e-01, 4.153275817378e-05, 8.4735e-01, 1.0452e-02, 
 2DIAGNOSTIC,    36, -5.917390912695e-01, 3.272086429424e-05, 8.5121e-01, 3.8562e-03, 
 2DIAGNOSTIC,    37, -5.917391070342e-01, 2.163060314830e-05, 8.5518e-01, 3.9740e-03, 
 2DIAGNOSTIC,    38, -5.917391330930e-01, 1.245673595321e-05, 8.5902e-01, 3.8338e-03, 
 2DIAGNOSTIC,    39, -5.917391754735e-01, 5.801896389570e-06, 8.6287e-01, 3.8538e-03, 
 2DIAGNOSTIC,    40, -5.917392424311e-01, 3.643428651501e-06, 8.6667e-01, 3.8009e-03, 
 2DIAGNOSTIC,    41, -5.917393428829e-01, 2.487109298618e-06, 8.7049e-01, 3.8159e-03, 
 2DIAGNOSTIC,    42, -5.917394845334e-01, 1.715730317473e-06, 8.7430e-01, 3.8118e-03, 
 2DIAGNOSTIC,    43, -5.917396625587e-01, 1.144189314805e-06, 8.7812e-01, 3.8228e-03, 
DIAGNOSTIC,Iteration,metricValue,convergenceValue,ITERATION_TIME_INDEX,SINCE_LAST
 2DIAGNOSTIC,     1, -4.784004501421e-01, 1.797693134862e+308, 1.5417e+00, 6.6361e-01, 
 2DIAGNOSTIC,     2, -4.783999131490e-01, 1.797693134862e+308, 1.5689e+00, 2.7202e-02, 
 2DIAGNOSTIC,     3, -4.784190365428e-01, 1.797693134862e+308, 1.5996e+00, 3.0644e-02, 
 2DIAGNOSTIC,     4, -4.785028756513e-01, 1.797693134862e+308, 1.6263e+00, 2.6696e-02, 
 2DIAGNOSTIC,     5, -4.786647485433e-01, 1.797693134862e+308, 1.6528e+00, 2.6501e-02, 
 2DIAGNOSTIC,     6, -4.788099932962e-01, 1.797693134862e+308, 1.6793e+00, 2.6482e-02, 
 2DIAGNOSTIC,     7, -4.794645847219e-01, 1.797693134862e+308, 1.7058e+00, 2.6490e-02, 
 2DIAGNOSTIC,     8, -4.813619171751e-01, 1.797693134862e+308, 1.7427e+00, 3.6954e-02, 
 2DIAGNOSTIC,     9, -4.817935635328e-01, 1.797693134862e+308, 1.7723e+00, 2.9605e-02, 
 2DIAGNOSTIC,    10, -4.822647496896e-01, 5.583367504534e-04, 1.7990e+00, 2.6731e-02, 
 2DIAGNOSTIC,    11, -4.831344909908e-01, 6.366384574620e-04, 1.8297e+00, 3.0667e-02, 
 2DIAGNOSTIC,    12, -4.835768992580e-01, 6.653898034811e-04, 1.8732e+00, 4.3468e-02, 
 2DIAGNOSTIC,    13, -4.835677565324e-01, 6.290342969000e-04, 1.9087e+00, 3.5527e-02, 
 2DIAGNOSTIC,    14, -4.835733047841e-01, 5.452729207877e-04, 1.9460e+00, 3.7293e-02, 
 2DIAGNOSTIC,    15, -4.835701547251e-01, 4.305772096013e-04, 1.9802e+00, 3.4166e-02, 
 2DIAGNOSTIC,    16, -4.835566913006e-01, 2.956272804141e-04, 2.0116e+00, 3.1454e-02, 
 2DIAGNOSTIC,    17, -4.835523104088e-01, 1.703980275246e-04, 2.0414e+00, 2.9787e-02, 
 2DIAGNOSTIC,    18, -4.835483887833e-01, 1.058854946041e-04, 2.0682e+00, 2.6757e-02, 
 2DIAGNOSTIC,    19, -4.835469915472e-01, 5.203914176666e-05, 2.0949e+00, 2.6702e-02, 
 2DIAGNOSTIC,    20, -4.835401827381e-01, 1.204163307152e-05, 2.1249e+00, 3.0020e-02, 
DIAGNOSTIC,Iteration,metricValue,convergenceValue,ITERATION_TIME_INDEX,SINCE_LAST
 2DIAGNOSTIC,     1, -4.161561167872e-01, 1.797693134862e+308, 3.2302e+00, 1.1054e+00, 
 2DIAGNOSTIC,     2, -4.161756893438e-01, 1.797693134862e+308, 3.5527e+00, 3.2243e-01, 
 2DIAGNOSTIC,     3, -4.161696114508e-01, 1.797693134862e+308, 3.8024e+00, 2.4972e-01, 
 2DIAGNOSTIC,     4, -4.161681503552e-01, 1.797693134862e+308, 4.2039e+00, 4.0151e-01, 
 2DIAGNOSTIC,     5, -4.161678896601e-01, 1.797693134862e+308, 4.4633e+00, 2.5944e-01, 
 2DIAGNOSTIC,     6, -4.161669123584e-01, 1.797693134862e+308, 4.7515e+00, 2.8813e-01, 
 2DIAGNOSTIC,     7, -4.161667485642e-01, 1.797693134862e+308, 5.0335e+00, 2.8207e-01, 
 2DIAGNOSTIC,     8, -4.161656816015e-01, 1.797693134862e+308, 5.2805e+00, 2.4692e-01, 
 2DIAGNOSTIC,     9, -4.161650043537e-01, 1.797693134862e+308, 5.5684e+00, 2.8796e-01, 
 2DIAGNOSTIC,    10, -4.161655463813e-01, 2.943366602781e-06, 5.9149e+00, 3.4646e-01, 
 2DIAGNOSTIC,    11, -4.161636420994e-01, 1.720591493032e-06, 6.2248e+00, 3.0992e-01, 
 2DIAGNOSTIC,    12, -4.161624970808e-01, 1.867462473715e-06, 6.5269e+00, 3.0213e-01, 
 2DIAGNOSTIC,    13, -4.161615819743e-01, 1.698398061370e-06, 6.8010e+00, 2.7403e-01, 
 2DIAGNOSTIC,    14, -4.161624603294e-01, 1.592444846724e-06, 7.0908e+00, 2.8983e-01, 
 2DIAGNOSTIC,    15, -4.161620529813e-01, 1.530180435277e-06, 7.3907e+00, 2.9993e-01, 
 2DIAGNOSTIC,    16, -4.161603835105e-01, 1.417836916429e-06, 7.6989e+00, 3.0818e-01, 
 2DIAGNOSTIC,    17, -4.161625251480e-01, 1.455414116093e-06, 7.9900e+00, 2.9107e-01, 
 2DIAGNOSTIC,    18, -4.161617349625e-01, 1.453854859654e-06, 8.2519e+00, 2.6193e-01, 
 2DIAGNOSTIC,    19, -4.161656140593e-01, 1.594928500680e-06, 8.5521e+00, 3.0024e-01, 
 2DIAGNOSTIC,    20, -4.161678254529e-01, 1.821576323585e-06, 8.8979e+00, 3.4577e-01, 
 2DIAGNOSTIC,    21, -4.161672172259e-01, 1.924327022292e-06, 9.1506e+00, 2.5273e-01, 
 2DIAGNOSTIC,    22, -4.161665846123e-01, 1.927748309136e-06, 9.3722e+00, 2.2152e-01, 
 2DIAGNOSTIC,    23, -4.161660793965e-01, 1.843028033917e-06, 9.6239e+00, 2.5176e-01, 
 2DIAGNOSTIC,    24, -4.161655365532e-01, 1.730448866324e-06, 9.8821e+00, 2.5817e-01, 
 2DIAGNOSTIC,    25, -4.161651834946e-01, 1.568353732329e-06, 1.0100e+01, 2.1813e-01, 
 2DIAGNOSTIC,    26, -4.161660037665e-01, 1.368374529659e-06, 1.0358e+01, 2.5759e-01, 
 2DIAGNOSTIC,    27, -4.161651045496e-01, 1.203105051861e-06, 1.0578e+01, 2.1977e-01, 
 2DIAGNOSTIC,    28, -4.161679884897e-01, 1.097088642515e-06, 1.0803e+01, 2.2516e-01, 
 2DIAGNOSTIC,    29, -4.161710849647e-01, 1.162831220085e-06, 1.1073e+01, 2.7071e-01, 
 2DIAGNOSTIC,    30, -4.161703640305e-01, 1.250475694561e-06, 1.1333e+01, 2.5933e-01, 
 2DIAGNOSTIC,    31, -4.161708142910e-01, 1.313167811011e-06, 1.1591e+01, 2.5784e-01, 
 2DIAGNOSTIC,    32, -4.161710089263e-01, 1.336085268311e-06, 1.1814e+01, 2.2325e-01, 
 2DIAGNOSTIC,    33, -4.161749613447e-01, 1.395595231601e-06, 1.2102e+01, 2.8789e-01, 
 2DIAGNOSTIC,    34, -4.161777487503e-01, 1.452526297224e-06, 1.2341e+01, 2.3915e-01, 
 2DIAGNOSTIC,    35, -4.161792220175e-01, 1.478601714438e-06, 1.2622e+01, 2.8074e-01, 
 2DIAGNOSTIC,    36, -4.161806859645e-01, 1.495439420962e-06, 1.2881e+01, 2.5943e-01, 
 2DIAGNOSTIC,    37, -4.161791778423e-01, 1.407680673145e-06, 1.3102e+01, 2.2075e-01, 
 2DIAGNOSTIC,    38, -4.161838486864e-01, 1.406626880220e-06, 1.3396e+01, 2.9378e-01, 
 2DIAGNOSTIC,    39, -4.161849953097e-01, 1.422742185102e-06, 1.3692e+01, 2.9638e-01, 
 2DIAGNOSTIC,    40, -4.161860914887e-01, 1.386764644586e-06, 1.4033e+01, 3.4078e-01, 
 2DIAGNOSTIC,    41, -4.161854987574e-01, 1.295749586541e-06, 1.4277e+01, 2.4439e-01, 
 2DIAGNOSTIC,    42, -4.161840259986e-01, 1.138573349404e-06, 1.4503e+01, 2.2577e-01, 
 2DIAGNOSTIC,    43, -4.161834049857e-01, 1.004201838743e-06, 1.4724e+01, 2.2072e-01, 
DIAGNOSTIC,Iteration,metricValue,convergenceValue,ITERATION_TIME_INDEX,SINCE_LAST
 2DIAGNOSTIC,     1, -3.834265912336e-01, 1.797693134862e+308, 1.7245e+01, 2.5214e+00, 
 2DIAGNOSTIC,     2, -3.834925053356e-01, 1.797693134862e+308, 1.8852e+01, 1.6065e+00, 
 2DIAGNOSTIC,     3, -3.834978116476e-01, 1.797693134862e+308, 2.0399e+01, 1.5472e+00, 
 2DIAGNOSTIC,     4, -3.835004127726e-01, 1.797693134862e+308, 2.1878e+01, 1.4795e+00, 
 2DIAGNOSTIC,     5, -3.835019582510e-01, 1.797693134862e+308, 2.3611e+01, 1.7324e+00, 
 2DIAGNOSTIC,     6, -3.835049957414e-01, 1.797693134862e+308, 2.5499e+01, 1.8885e+00, 
 2DIAGNOSTIC,     7, -3.835058343718e-01, 1.797693134862e+308, 2.7400e+01, 1.9005e+00, 
 2DIAGNOSTIC,     8, -3.835066498251e-01, 1.797693134862e+308, 2.9483e+01, 2.0833e+00, 
 2DIAGNOSTIC,     9, -3.835062955319e-01, 1.797693134862e+308, 3.1354e+01, 1.8714e+00, 
 2DIAGNOSTIC,    10, -3.835063108993e-01, 1.066660745275e-05, 3.3189e+01, 1.8343e+00, 
 2DIAGNOSTIC,    11, -3.835061571788e-01, 4.747040690964e-06, 3.5554e+01, 2.3655e+00, 
 2DIAGNOSTIC,    12, -3.835060832646e-01, 3.706200646519e-06, 3.7011e+01, 1.4567e+00, 
 2DIAGNOSTIC,    13, -3.835060190718e-01, 3.027826102467e-06, 3.8767e+01, 1.7561e+00, 
 2DIAGNOSTIC,    14, -3.835058638475e-01, 2.523467061283e-06, 4.0504e+01, 1.7367e+00, 
 2DIAGNOSTIC,    15, -3.835058006960e-01, 2.133709271990e-06, 4.2223e+01, 1.7197e+00, 
 2DIAGNOSTIC,    16, -3.835056463968e-01, 1.924177725154e-06, 4.4343e+01, 2.1193e+00, 
 2DIAGNOSTIC,    17, -3.835054775125e-01, 1.773328559135e-06, 4.6062e+01, 1.7189e+00, 
 2DIAGNOSTIC,    18, -3.835053086119e-01, 1.675385377729e-06, 4.7579e+01, 1.5174e+00, 
 2DIAGNOSTIC,    19, -3.835051448141e-01, 1.576051817831e-06, 4.9027e+01, 1.4478e+00, 
 2DIAGNOSTIC,    20, -3.835051658763e-01, 1.497295074364e-06, 5.0476e+01, 1.4495e+00, 
 2DIAGNOSTIC,    21, -3.835053779572e-01, 1.436675313528e-06, 5.2121e+01, 1.6446e+00, 
 2DIAGNOSTIC,    22, -3.835055901411e-01, 1.393331720889e-06, 5.3934e+01, 1.8130e+00, 
 2DIAGNOSTIC,    23, -3.835055251002e-01, 1.354581542178e-06, 5.5818e+01, 1.8843e+00, 
 2DIAGNOSTIC,    24, -3.835054518281e-01, 1.314933130443e-06, 5.7851e+01, 2.0327e+00, 
 2DIAGNOSTIC,    25, -3.835053813422e-01, 1.275595340994e-06, 5.9736e+01, 1.8851e+00, 
 2DIAGNOSTIC,    26, -3.835053141616e-01, 1.232550095140e-06, 6.1320e+01, 1.5842e+00, 
 2DIAGNOSTIC,    27, -3.835053494674e-01, 1.188143193602e-06, 6.2892e+01, 1.5716e+00, 
 2DIAGNOSTIC,    28, -3.835054089353e-01, 1.143229099602e-06, 6.4627e+01, 1.7349e+00, 
 2DIAGNOSTIC,    29, -3.835055814678e-01, 1.101082729625e-06, 6.6008e+01, 1.3814e+00, 
 2DIAGNOSTIC,    30, -3.835053714641e-01, 1.056523027912e-06, 6.7958e+01, 1.9502e+00, 
 2DIAGNOSTIC,    31, -3.835053052288e-01, 1.018740041069e-06, 6.9722e+01, 1.7641e+00, 
  Elapsed time (stage 0): 7.0633e+01


Total elapsed time: 7.0637e+01
Info [verificarlo]: loaded backend libinterflop_vprec.so
Info [interflop-vprec]: load backend with: 
Info [interflop-vprec]: precision-binary32 = 19
Info [interflop-vprec]: range-binary32 = 8
Info [interflop-vprec]: precision-binary64 = 19
Info [interflop-vprec]: range-binary64 = 8
Info [interflop-vprec]: mode = ob
Info [interflop-vprec]: error-mode = rel
Info [interflop-vprec]: max-abs-error-exponent = -1022
Info [interflop-vprec]: daz = false
Info [interflop-vprec]: ftz = false
Info [interflop-vprec]: 	instrument = none
Info [interflop-vprec]: 	prec-input-file = (null)
Info [interflop-vprec]: 	prec-output-file = (null)
Info [interflop-vprec]: 	prec-log-file = (null)
All_Command_lines_OK
Using double precision for computations.
=============================================================================
The composite transform comprises the following transforms (in order): 
  1. /home/mdugre/scratch/mri-registration-rp/datasets/ds004513/derivatives/mri-registration-rp/0011/antsRegistration-r8-p19/sub-s017/rigid_Composite.h5[0] (type = Euler3DTransform)
  2. /home/mdugre/scratch/mri-registration-rp/datasets/ds004513/derivatives/mri-registration-rp/0011/antsRegistration-r8-p19/sub-s017/rigid_Composite.h5[1] (type = Euler3DTransform)
  3. /home/mdugre/scratch/mri-registration-rp/datasets/ds004513/derivatives/mri-registration-rp/0011/antsRegistration-r8-p19/sub-s017/rigid_Composite.h5[2] (type = Euler3DTransform)
=============================================================================
  number of levels = 4
  fixed image: /templateflow/tpl-MNI152NLin2009cAsym/tpl-MNI152NLin2009cAsym_res-01_desc-brain_T1w.nii.gz
  moving image: /home/mdugre/scratch/mri-registration-rp/datasets/ds004513/derivatives/mri-registration-rp/antsBrainExtraction/sub-s017/BrainExtractionBrain.nii.gz
Dimension = 3
Number of stages = 1
Use histogram matching = false
Winsorize image intensities = true
  Lower quantile = 0.005
  Upper quantile = 0.995


Stage 1 State
   Image metric = MattesMI
     Fixed image = Image (0x3a04490)
  RTTI typeinfo:   itk::Image<double, 3u>
  Reference Count: 2
  Modified Time: 1594
  Debug: Off
  Object Name: 
  Observers: 
    none
  Source: (none)
  Source output name: (none)
  Release Data: Off
  Data Released: False
  Global Release Data: Off
  PipelineMTime: 0
  UpdateMTime: 1203
  RealTimeStamp: 0 seconds 
  LargestPossibleRegion: 
    Dimension: 3
    Index: [0, 0, 0]
    Size: [193, 229, 193]
  BufferedRegion: 
    Dimension: 3
    Index: [0, 0, 0]
    Size: [193, 229, 193]
  RequestedRegion: 
    Dimension: 3
    Index: [0, 0, 0]
    Size: [193, 229, 193]
  Spacing: [1, 1, 1]
  Origin: [96, 132, -78]
  Direction: 
-1 0 0
0 -1 0
0 0 1

  IndexToPointMatrix: 
-1 0 0
0 -1 0
0 0 1

  PointToIndexMatrix: 
-1 0 0
0 -1 0
0 0 1

  Inverse Direction: 
-1 0 0
0 -1 0
0 0 1

  PixelContainer: 
    ImportImageContainer (0x3acf8c0)
      RTTI typeinfo:   itk::ImportImageContainer<unsigned long, double>
      Reference Count: 1
      Modified Time: 1200
      Debug: Off
      Object Name: 
      Observers: 
        none
      Pointer: 0x14c4e7d18010
      Container manages memory: true
      Size: 8530021
      Capacity: 8530021

     Moving image = Image (0x3abfb60)
  RTTI typeinfo:   itk::Image<double, 3u>
  Reference Count: 2
  Modified Time: 1595
  Debug: Off
  Object Name: 
  Observers: 
    none
  Source: (none)
  Source output name: (none)
  Release Data: Off
  Data Released: False
  Global Release Data: Off
  PipelineMTime: 0
  UpdateMTime: 1592
  RealTimeStamp: 0 seconds 
  LargestPossibleRegion: 
    Dimension: 3
    Index: [0, 0, 0]
    Size: [160, 240, 256]
  BufferedRegion: 
    Dimension: 3
    Index: [0, 0, 0]
    Size: [160, 240, 256]
  RequestedRegion: 
    Dimension: 3
    Index: [0, 0, 0]
    Size: [160, 240, 256]
  Spacing: [1, 1, 1]
  Origin: [91.3357, 102.231, -120.042]
  Direction: 
-0.997442 -5.36781e-05 -0.0714818
5.35416e-05 -1 3.82464e-06
-0.0714818 -1.23894e-08 0.997442

  IndexToPointMatrix: 
-0.997444 -5.36781e-05 -0.0714818
5.35417e-05 -1 3.82464e-06
-0.0714819 -1.23894e-08 0.997442

  PointToIndexMatrix: 
-0.99744 5.35415e-05 -0.0714817
-5.36781e-05 -1 -1.23873e-08
-0.0714818 3.82465e-06 0.997442

  Inverse Direction: 
-0.997442 5.35416e-05 -0.0714818
-5.36781e-05 -1 -1.23873e-08
-0.0714818 3.82465e-06 0.997442

  PixelContainer: 
    ImportImageContainer (0x3b531d0)
      RTTI typeinfo:   itk::ImportImageContainer<unsigned long, double>
      Reference Count: 1
      Modified Time: 1589
      Debug: Off
      Object Name: 
      Observers: 
        none
      Pointer: 0x14c4e3217010
      Container manages memory: true
      Size: 9830400
      Capacity: 9830400

     Weighting = 1
     Sampling strategy = regular
     Number of bins = 32
     Radius = 4
     Sampling percentage  = 0.25
   Transform = Affine
     Gradient step = 0.1
     Update field sigma (voxel space) = 0
     Total field sigma (voxel space) = 0
     Update field time sigma = 0
     Total field time sigma  = 0
     Number of time indices = 0
     Number of time point samples = 0
Registration using 1 total stages.

Stage 0
  iterations = 1000x500x250x100
  convergence threshold = 1e-06
  convergence window size = 10
  number of levels = 4
  using the Mattes MI metric (number of bins = 32, weight = 1, use gradient filter = 0)
  preprocessing:  winsorizing the image intensities
  Shrink factors (level 1 out of 4): [8, 8, 8]
  Shrink factors (level 2 out of 4): [4, 4, 4]
  Shrink factors (level 3 out of 4): [2, 2, 2]
  Shrink factors (level 4 out of 4): [1, 1, 1]
  smoothing sigmas per level: [3, 2, 1, 0]
  regular sampling (percentage = 0.25)

*** Running AffineTransform registration ***

DIAGNOSTIC,Iteration,metricValue,convergenceValue,ITERATION_TIME_INDEX,SINCE_LAST
 2DIAGNOSTIC,     1, -5.806369696290e-01, 1.797693134862e+308, 0.0000e+00, 0.0000e+00, 
 2DIAGNOSTIC,     2, -5.832473335845e-01, 1.797693134862e+308, 0.0000e+00, 0.0000e+00, 
 2DIAGNOSTIC,     3, -5.884121939977e-01, 1.797693134862e+308, 0.0000e+00, 0.0000e+00, 
 2DIAGNOSTIC,     4, -5.974357202059e-01, 1.797693134862e+308, 0.0000e+00, 0.0000e+00, 
 2DIAGNOSTIC,     5, -6.168857516280e-01, 1.797693134862e+308, 0.0000e+00, 0.0000e+00, 
 2DIAGNOSTIC,     6, -6.408276562712e-01, 1.797693134862e+308, 0.0000e+00, 0.0000e+00, 
 2DIAGNOSTIC,     7, -7.024722156621e-01, 1.797693134862e+308, 0.0000e+00, 0.0000e+00, 
 2DIAGNOSTIC,     8, -7.653502075810e-01, 1.797693134862e+308, 0.0000e+00, 0.0000e+00, 
 2DIAGNOSTIC,     9, -8.423323861290e-01, 1.797693134862e+308, 0.0000e+00, 0.0000e+00, 
 2DIAGNOSTIC,    10, -8.570920370728e-01, 2.853079467546e-02, 0.0000e+00, 0.0000e+00, 
 2DIAGNOSTIC,    11, -8.679733302367e-01, 2.867036488132e-02, 0.0000e+00, 0.0000e+00, 
 2DIAGNOSTIC,    12, -8.799184295373e-01, 2.671304601372e-02, 0.0000e+00, 0.0000e+00, 
 2DIAGNOSTIC,    13, -8.830561092785e-01, 2.296138795859e-02, 0.0000e+00, 0.0000e+00, 
 2DIAGNOSTIC,    14, -8.858479752684e-01, 1.810505445436e-02, 0.0000e+00, 0.0000e+00, 
 2DIAGNOSTIC,    15, -8.890242561702e-01, 1.297644026237e-02, 0.0000e+00, 0.0000e+00, 
 2DIAGNOSTIC,    16, -8.888806056799e-01, 7.987236325150e-03, 0.0000e+00, 0.0000e+00, 
 2DIAGNOSTIC,    17, -8.892029080793e-01, 4.296473010635e-03, 0.0000e+00, 0.0000e+00, 
 2DIAGNOSTIC,    18, -8.893448549403e-01, 1.940609621873e-03, 0.0000e+00, 0.0000e+00, 
 2DIAGNOSTIC,    19, -8.892088694607e-01, 1.169612883841e-03, 0.0000e+00, 0.0000e+00, 
 2DIAGNOSTIC,    20, -8.890574095297e-01, 6.412582217619e-04, 0.0000e+00, 0.0000e+00, 
 2DIAGNOSTIC,    21, -8.891278728250e-01, 2.945152231308e-04, 0.0000e+00, 0.0000e+00, 
 2DIAGNOSTIC,    22, -8.895928229098e-01, 1.584090703489e-04, 0.0000e+00, 0.0000e+00, 
 2DIAGNOSTIC,    23, -8.905120084962e-01, 8.300368317770e-05, 0.0000e+00, 0.0000e+00, 
 2DIAGNOSTIC,    24, -8.902870321341e-01, 4.347296679623e-05, 0.0000e+00, 0.0000e+00, 
 2DIAGNOSTIC,    25, -8.902215910633e-01, 4.810244694049e-05, 0.0000e+00, 0.0000e+00, 
 2DIAGNOSTIC,    26, -8.902916630706e-01, 4.699501084654e-05, 0.0000e+00, 0.0000e+00, 
 2DIAGNOSTIC,    27, -8.899034066526e-01, 4.049711781308e-05, 0.0000e+00, 0.0000e+00, 
 2DIAGNOSTIC,    28, -8.895214804679e-01, 2.779629831023e-05, 0.0000e+00, 0.0000e+00, 
 2DIAGNOSTIC,    29, -8.893998640974e-01, 1.070373497000e-05, 0.0000e+00, 0.0000e+00, 
DIAGNOSTIC,Iteration,metricValue,convergenceValue,ITERATION_TIME_INDEX,SINCE_LAST
 2DIAGNOSTIC,     1, -7.474880598617e-01, 1.797693134862e+308, 0.0000e+00, 0.0000e+00, 
 2DIAGNOSTIC,     2, -7.480163646330e-01, 1.797693134862e+308, 0.0000e+00, 0.0000e+00, 
 2DIAGNOSTIC,     3, -7.484117839901e-01, 1.797693134862e+308, 0.0000e+00, 0.0000e+00, 
 2DIAGNOSTIC,     4, -7.487979506531e-01, 1.797693134862e+308, 0.0000e+00, 0.0000e+00, 
 2DIAGNOSTIC,     5, -7.493130717589e-01, 1.797693134862e+308, 0.0000e+00, 0.0000e+00, 
 2DIAGNOSTIC,     6, -7.506049681798e-01, 1.797693134862e+308, 0.0000e+00, 0.0000e+00, 
 2DIAGNOSTIC,     7, -7.505609574950e-01, 1.797693134862e+308, 0.0000e+00, 0.0000e+00, 
 2DIAGNOSTIC,     8, -7.505498299759e-01, 1.797693134862e+308, 0.0000e+00, 0.0000e+00, 
 2DIAGNOSTIC,     9, -7.505360994320e-01, 1.797693134862e+308, 0.0000e+00, 0.0000e+00, 
 2DIAGNOSTIC,    10, -7.505445988968e-01, 2.987854010228e-04, 0.0000e+00, 0.0000e+00, 
 2DIAGNOSTIC,    11, -7.505221654318e-01, 2.151981621347e-04, 0.0000e+00, 0.0000e+00, 
 2DIAGNOSTIC,    12, -7.505155589047e-01, 1.429479768588e-04, 0.0000e+00, 0.0000e+00, 
 2DIAGNOSTIC,    13, -7.505284326359e-01, 8.155029424395e-05, 0.0000e+00, 0.0000e+00, 
 2DIAGNOSTIC,    14, -7.505460011269e-01, 3.266598909940e-05, 0.0000e+00, 0.0000e+00, 
DIAGNOSTIC,Iteration,metricValue,convergenceValue,ITERATION_TIME_INDEX,SINCE_LAST
 2DIAGNOSTIC,     1, -6.296052316575e-01, 1.797693134862e+308, 0.0000e+00, 0.0000e+00, 
 2DIAGNOSTIC,     2, -6.301584799720e-01, 1.797693134862e+308, 0.0000e+00, 0.0000e+00, 
 2DIAGNOSTIC,     3, -6.307739314749e-01, 1.797693134862e+308, 0.0000e+00, 0.0000e+00, 
 2DIAGNOSTIC,     4, -6.313750320937e-01, 1.797693134862e+308, 0.0000e+00, 0.0000e+00, 
 2DIAGNOSTIC,     5, -6.322990538290e-01, 1.797693134862e+308, 0.0000e+00, 0.0000e+00, 
 2DIAGNOSTIC,     6, -6.327822585127e-01, 1.797693134862e+308, 0.0000e+00, 0.0000e+00, 
 2DIAGNOSTIC,     7, -6.327888454795e-01, 1.797693134862e+308, 0.0000e+00, 0.0000e+00, 
 2DIAGNOSTIC,     8, -6.327888571168e-01, 1.797693134862e+308, 0.0000e+00, 0.0000e+00, 
 2DIAGNOSTIC,     9, -6.327887870075e-01, 1.797693134862e+308, 0.0000e+00, 0.0000e+00, 
 2DIAGNOSTIC,    10, -6.327876599359e-01, 3.466134490879e-04, 0.0000e+00, 0.0000e+00, 
 2DIAGNOSTIC,    11, -6.327878604430e-01, 2.323087394996e-04, 0.0000e+00, 0.0000e+00, 
 2DIAGNOSTIC,    12, -6.327880204952e-01, 1.373525866007e-04, 0.0000e+00, 0.0000e+00, 
 2DIAGNOSTIC,    13, -6.327867973402e-01, 6.616732432912e-05, 0.0000e+00, 0.0000e+00, 
 2DIAGNOSTIC,    14, -6.327868077872e-01, 1.802174346208e-05, 0.0000e+00, 0.0000e+00, 
 2DIAGNOSTIC,    15, -6.327872497114e-01, 2.160630231257e-06, 0.0000e+00, 0.0000e+00, 
 2DIAGNOSTIC,    16, -6.327869859759e-01, 1.843670891719e-06, 0.0000e+00, 0.0000e+00, 
 2DIAGNOSTIC,    17, -6.327870050773e-01, 1.751592816526e-06, 0.0000e+00, 0.0000e+00, 
 2DIAGNOSTIC,    18, -6.327870155913e-01, 1.681450925384e-06, 0.0000e+00, 0.0000e+00, 
 2DIAGNOSTIC,    19, -6.327870151787e-01, 1.625548156504e-06, 0.0000e+00, 0.0000e+00, 
 2DIAGNOSTIC,    20, -6.327870128931e-01, 1.553441577179e-06, 0.0000e+00, 0.0000e+00, 
 2DIAGNOSTIC,    21, -6.327870115726e-01, 1.495313822542e-06, 0.0000e+00, 0.0000e+00, 
 2DIAGNOSTIC,    22, -6.327870088951e-01, 1.448129572375e-06, 0.0000e+00, 0.0000e+00, 
 2DIAGNOSTIC,    23, -6.327870088879e-01, 1.380703085085e-06, 0.0000e+00, 0.0000e+00, 
 2DIAGNOSTIC,    24, -6.327870085989e-01, 1.318774245682e-06, 0.0000e+00, 0.0000e+00, 
 2DIAGNOSTIC,    25, -6.327870069922e-01, 1.270249599700e-06, 0.0000e+00, 0.0000e+00, 
 2DIAGNOSTIC,    26, -6.327870084315e-01, 1.220892671308e-06, 0.0000e+00, 0.0000e+00, 
 2DIAGNOSTIC,    27, -6.327870091181e-01, 1.175535332056e-06, 0.0000e+00, 0.0000e+00, 
 2DIAGNOSTIC,    28, -6.327870101633e-01, 1.133632327802e-06, 0.0000e+00, 0.0000e+00, 
 2DIAGNOSTIC,    29, -6.327870079645e-01, 1.094597905246e-06, 0.0000e+00, 0.0000e+00, 
 2DIAGNOSTIC,    30, -6.327870094778e-01, 1.058166758827e-06, 0.0000e+00, 0.0000e+00, 
 2DIAGNOSTIC,    31, -6.327870117751e-01, 1.024103481809e-06, 0.0000e+00, 0.0000e+00, 
DIAGNOSTIC,Iteration,metricValue,convergenceValue,ITERATION_TIME_INDEX,SINCE_LAST
 2DIAGNOSTIC,     1, -5.637732730906e-01, 1.797693134862e+308, 0.0000e+00, 0.0000e+00, 
 2DIAGNOSTIC,     2, -5.641970911894e-01, 1.797693134862e+308, 0.0000e+00, 0.0000e+00, 
 2DIAGNOSTIC,     3, -5.646046653842e-01, 1.797693134862e+308, 0.0000e+00, 0.0000e+00, 
 2DIAGNOSTIC,     4, -5.658179047241e-01, 1.797693134862e+308, 0.0000e+00, 0.0000e+00, 
 2DIAGNOSTIC,     5, -5.658178813295e-01, 1.797693134862e+308, 0.0000e+00, 0.0000e+00, 
 2DIAGNOSTIC,     6, -5.658177095218e-01, 1.797693134862e+308, 0.0000e+00, 0.0000e+00, 
 2DIAGNOSTIC,     7, -5.658172177788e-01, 1.797693134862e+308, 0.0000e+00, 0.0000e+00, 
 2DIAGNOSTIC,     8, -5.658174348237e-01, 1.797693134862e+308, 0.0000e+00, 0.0000e+00, 
 2DIAGNOSTIC,     9, -5.658173137435e-01, 1.797693134862e+308, 0.0000e+00, 0.0000e+00, 
 2DIAGNOSTIC,    10, -5.658171974449e-01, 2.198832263383e-04, 0.0000e+00, 0.0000e+00, 
 2DIAGNOSTIC,    11, -5.658173779012e-01, 1.253035777966e-04, 0.0000e+00, 0.0000e+00, 
 2DIAGNOSTIC,    12, -5.658172284583e-01, 5.339280689957e-05, 0.0000e+00, 0.0000e+00, 
 2DIAGNOSTIC,    13, -5.658175798370e-01, 2.397587281641e-06, 0.0000e+00, 0.0000e+00, 
 2DIAGNOSTIC,    14, -5.658178040116e-01, 2.259566230373e-06, 0.0000e+00, 0.0000e+00, 
 2DIAGNOSTIC,    15, -5.658179155967e-01, 2.143652197681e-06, 0.0000e+00, 0.0000e+00, 
 2DIAGNOSTIC,    16, -5.658177925881e-01, 2.031049888385e-06, 0.0000e+00, 0.0000e+00, 
 2DIAGNOSTIC,    17, -5.658177963558e-01, 1.912943155997e-06, 0.0000e+00, 0.0000e+00, 
 2DIAGNOSTIC,    18, -5.658176617377e-01, 1.806031638275e-06, 0.0000e+00, 0.0000e+00, 
 2DIAGNOSTIC,    19, -5.658178850596e-01, 1.709135483793e-06, 0.0000e+00, 0.0000e+00, 
 2DIAGNOSTIC,    20, -5.658179763035e-01, 1.617446903447e-06, 0.0000e+00, 0.0000e+00, 
 2DIAGNOSTIC,    21, -5.658179713159e-01, 1.536151341484e-06, 0.0000e+00, 0.0000e+00, 
 2DIAGNOSTIC,    22, -5.658178857902e-01, 1.454590485152e-06, 0.0000e+00, 0.0000e+00, 
 2DIAGNOSTIC,    23, -5.658179578563e-01, 1.388234306128e-06, 0.0000e+00, 0.0000e+00, 
 2DIAGNOSTIC,    24, -5.658182257647e-01, 1.336707130518e-06, 0.0000e+00, 0.0000e+00, 
 2DIAGNOSTIC,    25, -5.658183919838e-01, 1.293371960309e-06, 0.0000e+00, 0.0000e+00, 
 2DIAGNOSTIC,    26, -5.658183031803e-01, 1.247075145296e-06, 0.0000e+00, 0.0000e+00, 
 2DIAGNOSTIC,    27, -5.658184465823e-01, 1.204807210588e-06, 0.0000e+00, 0.0000e+00, 
 2DIAGNOSTIC,    28, -5.658185598487e-01, 1.162240707467e-06, 0.0000e+00, 0.0000e+00, 
 2DIAGNOSTIC,    29, -5.658183532615e-01, 1.119975056266e-06, 0.0000e+00, 0.0000e+00, 
 2DIAGNOSTIC,    30, -5.658183223775e-01, 1.079232433483e-06, 0.0000e+00, 0.0000e+00, 
 2DIAGNOSTIC,    31, -5.658183761825e-01, 1.040029937359e-06, 0.0000e+00, 0.0000e+00, 
 2DIAGNOSTIC,    32, -5.658183646417e-01, 1.000156356810e-06, 0.0000e+00, 0.0000e+00, 
  Elapsed time (stage 0): 0.0000e+00


Total elapsed time: 0.0000e+00
Info [verificarlo]: loaded backend libinterflop_vprec.so
Info [interflop-vprec]: load backend with: 
Info [interflop-vprec]: precision-binary32 = 19
Info [interflop-vprec]: range-binary32 = 8
Info [interflop-vprec]: precision-binary64 = 19
Info [interflop-vprec]: range-binary64 = 8
Info [interflop-vprec]: mode = ob
Info [interflop-vprec]: error-mode = rel
Info [interflop-vprec]: max-abs-error-exponent = -1022
Info [interflop-vprec]: daz = false
Info [interflop-vprec]: ftz = false
Info [interflop-vprec]: 	instrument = none
Info [interflop-vprec]: 	prec-input-file = (null)
Info [interflop-vprec]: 	prec-output-file = (null)
Info [interflop-vprec]: 	prec-log-file = (null)
All_Command_lines_OK
Using double precision for computations.
=============================================================================
The composite transform comprises the following transforms (in order): 
