
##########################
# Experiment information #
##########################

EXPERIMENT_NAME: antsRegistration-r7-p20
VFC_BACKENDS: libinterflop_vprec.so --range-binary32=7 --precision-binary32=20 --range-binary64=7 --precision-binary64=20

SIF_IMG: /home/mdugre/projects/rrg-glatard/mdugre/containers/ants-vprec-no_metrics.simg

SUBJECT_ID: s025
INPUT_IMG: /home/mdugre/scratch/mri-registration-rp/datasets/ds004513/derivatives/mri-registration-rp/antsBrainExtraction/sub-s025/BrainExtractionBrain.nii.gz
OUTPUT_DIR: /home/mdugre/scratch/mri-registration-rp/datasets/ds004513/derivatives/mri-registration-rp/0011/antsRegistration-r7-p20/sub-s025

FIXED_IMG: /templateflow/tpl-MNI152NLin2009cAsym/tpl-MNI152NLin2009cAsym_res-01_desc-brain_T1w.nii.gz
DATA_DIR: /home/mdugre/scratch/mri-registration-rp/datasets/ds004513
TEMPLATEFLOW_DIR: /home/mdugre/projects/rrg-glatard/mdugre/templateflow
ITK_GLOBAL_DEFAULT_NUMBER_OF_THREADS: 16
##########################

Info [verificarlo]: loaded backend libinterflop_ieee.so
Info [interflop-ieee]: load backend with:
Info [interflop-ieee]: debug = false
Info [interflop-ieee]: debug-binary = false
Info [interflop-ieee]: no-backend-name = false
Info [interflop-ieee]: print-new-line = false
Info [interflop-ieee]: print-subnormal-normalized = false
Info [interflop-ieee]: count-op = false
All_Command_lines_OK
Using double precision for computations.
=============================================================================
The composite transform comprises the following transforms (in order): 
  1. Center of mass alignment using fixed image: /templateflow/tpl-MNI152NLin2009cAsym/tpl-MNI152NLin2009cAsym_res-01_desc-brain_T1w.nii.gz and moving image: /home/mdugre/scratch/mri-registration-rp/datasets/ds004513/derivatives/mri-registration-rp/antsBrainExtraction/sub-s025/BrainExtractionBrain.nii.gz (type = Euler3DTransform)
=============================================================================
  number of levels = 1
  fixed image: /templateflow/tpl-MNI152NLin2009cAsym/tpl-MNI152NLin2009cAsym_res-01_desc-brain_T1w.nii.gz
  moving image: /home/mdugre/scratch/mri-registration-rp/datasets/ds004513/derivatives/mri-registration-rp/antsBrainExtraction/sub-s025/BrainExtractionBrain.nii.gz
Dimension = 3
Number of stages = 1
Use histogram matching = false
Winsorize image intensities = true
  Lower quantile = 0.005
  Upper quantile = 0.995


Stage 1 State
   Image metric = MattesMI
     Fixed image = Image (0x34a7e70)
  RTTI typeinfo:   itk::Image<double, 3u>
  Reference Count: 2
  Modified Time: 2334
  Debug: Off
  Object Name: 
  Observers: 
    none
  Source: (none)
  Source output name: (none)
  Release Data: Off
  Data Released: False
  Global Release Data: Off
  PipelineMTime: 0
  UpdateMTime: 1943
  RealTimeStamp: 0 seconds 
  LargestPossibleRegion: 
    Dimension: 3
    Index: [0, 0, 0]
    Size: [193, 229, 193]
  BufferedRegion: 
    Dimension: 3
    Index: [0, 0, 0]
    Size: [193, 229, 193]
  RequestedRegion: 
    Dimension: 3
    Index: [0, 0, 0]
    Size: [193, 229, 193]
  Spacing: [1, 1, 1]
  Origin: [96, 132, -78]
  Direction: 
-1 0 0
0 -1 0
0 0 1

  IndexToPointMatrix: 
-1 0 0
0 -1 0
0 0 1

  PointToIndexMatrix: 
-1 0 0
0 -1 0
0 0 1

  Inverse Direction: 
-1 0 0
0 -1 0
0 0 1

  PixelContainer: 
    ImportImageContainer (0x34b0c60)
      RTTI typeinfo:   itk::ImportImageContainer<unsigned long, double>
      Reference Count: 1
      Modified Time: 1940
      Debug: Off
      Object Name: 
      Observers: 
        none
      Pointer: 0x153121901010
      Container manages memory: true
      Size: 8530021
      Capacity: 8530021

     Moving image = Image (0x34b3610)
  RTTI typeinfo:   itk::Image<double, 3u>
  Reference Count: 2
  Modified Time: 2335
  Debug: Off
  Object Name: 
  Observers: 
    none
  Source: (none)
  Source output name: (none)
  Release Data: Off
  Data Released: False
  Global Release Data: Off
  PipelineMTime: 0
  UpdateMTime: 2332
  RealTimeStamp: 0 seconds 
  LargestPossibleRegion: 
    Dimension: 3
    Index: [0, 0, 0]
    Size: [176, 240, 256]
  BufferedRegion: 
    Dimension: 3
    Index: [0, 0, 0]
    Size: [176, 240, 256]
  RequestedRegion: 
    Dimension: 3
    Index: [0, 0, 0]
    Size: [176, 240, 256]
  Spacing: [0.999999, 1, 1]
  Origin: [90.3778, 84.5091, -154.071]
  Direction: 
-0.999391 7.48184e-06 -0.0348969
-7.47664e-06 -1 -2.7953e-07
-0.0348969 -1.84481e-08 0.999391

  IndexToPointMatrix: 
-0.99939 7.48184e-06 -0.0348969
-7.47663e-06 -1 -2.7953e-07
-0.0348968 -1.84481e-08 0.999391

  PointToIndexMatrix: 
-0.999392 -7.47665e-06 -0.0348969
7.48184e-06 -1 -1.84481e-08
-0.0348969 -2.7953e-07 0.999391

  Inverse Direction: 
-0.999391 -7.47664e-06 -0.0348969
7.48184e-06 -1 -1.84481e-08
-0.0348969 -2.7953e-07 0.999391

  PixelContainer: 
    ImportImageContainer (0x354cef0)
      RTTI typeinfo:   itk::ImportImageContainer<unsigned long, double>
      Reference Count: 1
      Modified Time: 2329
      Debug: Off
      Object Name: 
      Observers: 
        none
      Pointer: 0x15311c680010
      Container manages memory: true
      Size: 10813440
      Capacity: 10813440

     Weighting = 1
     Sampling strategy = regular
     Number of bins = 32
     Radius = 4
     Sampling percentage  = 0.25
   Transform = Rigid
     Gradient step = 0.1
     Update field sigma (voxel space) = 0
     Total field sigma (voxel space) = 0
     Update field time sigma = 0
     Total field time sigma  = 0
     Number of time indices = 0
     Number of time point samples = 0
Registration using 1 total stages.

Stage 0
  iterations = 0
  convergence threshold = 1e-06
  convergence window size = 10
  number of levels = 1
  using the Mattes MI metric (number of bins = 32, weight = 1, use gradient filter = 0)
  preprocessing:  winsorizing the image intensities
  Shrink factors (level 1 out of 1): [1, 1, 1]
  smoothing sigmas per level: [0]
  regular sampling (percentage = 0.25)

*** Running Euler3DTransform registration ***

  Elapsed time (stage 0): 1.11463


Total elapsed time: 1.11693
Info [verificarlo]: loaded backend libinterflop_ieee.so
Info [interflop-ieee]: load backend with:
Info [interflop-ieee]: debug = false
Info [interflop-ieee]: debug-binary = false
Info [interflop-ieee]: no-backend-name = false
Info [interflop-ieee]: print-new-line = false
Info [interflop-ieee]: print-subnormal-normalized = false
Info [interflop-ieee]: count-op = false
All_Command_lines_OK
Using double precision for computations.
=============================================================================
The composite transform comprises the following transforms (in order): 
  1. /home/mdugre/scratch/mri-registration-rp/datasets/ds004513/derivatives/mri-registration-rp/0011/antsRegistration-r7-p20/sub-s025/align_Composite.h5[0] (type = Euler3DTransform)
  2. /home/mdugre/scratch/mri-registration-rp/datasets/ds004513/derivatives/mri-registration-rp/0011/antsRegistration-r7-p20/sub-s025/align_Composite.h5[1] (type = Euler3DTransform)
=============================================================================
  number of levels = 4
  fixed image: /templateflow/tpl-MNI152NLin2009cAsym/tpl-MNI152NLin2009cAsym_res-01_desc-brain_T1w.nii.gz
  moving image: /home/mdugre/scratch/mri-registration-rp/datasets/ds004513/derivatives/mri-registration-rp/antsBrainExtraction/sub-s025/BrainExtractionBrain.nii.gz
Dimension = 3
Number of stages = 1
Use histogram matching = false
Winsorize image intensities = true
  Lower quantile = 0.005
  Upper quantile = 0.995


Stage 1 State
   Image metric = MattesMI
     Fixed image = Image (0x522d530)
  RTTI typeinfo:   itk::Image<double, 3u>
  Reference Count: 2
  Modified Time: 1580
  Debug: Off
  Object Name: 
  Observers: 
    none
  Source: (none)
  Source output name: (none)
  Release Data: Off
  Data Released: False
  Global Release Data: Off
  PipelineMTime: 0
  UpdateMTime: 1189
  RealTimeStamp: 0 seconds 
  LargestPossibleRegion: 
    Dimension: 3
    Index: [0, 0, 0]
    Size: [193, 229, 193]
  BufferedRegion: 
    Dimension: 3
    Index: [0, 0, 0]
    Size: [193, 229, 193]
  RequestedRegion: 
    Dimension: 3
    Index: [0, 0, 0]
    Size: [193, 229, 193]
  Spacing: [1, 1, 1]
  Origin: [96, 132, -78]
  Direction: 
-1 0 0
0 -1 0
0 0 1

  IndexToPointMatrix: 
-1 0 0
0 -1 0
0 0 1

  PointToIndexMatrix: 
-1 0 0
0 -1 0
0 0 1

  Inverse Direction: 
-1 0 0
0 -1 0
0 0 1

  PixelContainer: 
    ImportImageContainer (0x52ebd60)
      RTTI typeinfo:   itk::ImportImageContainer<unsigned long, double>
      Reference Count: 1
      Modified Time: 1186
      Debug: Off
      Object Name: 
      Observers: 
        none
      Pointer: 0x14c85cd02010
      Container manages memory: true
      Size: 8530021
      Capacity: 8530021

     Moving image = Image (0x52ddf60)
  RTTI typeinfo:   itk::Image<double, 3u>
  Reference Count: 2
  Modified Time: 1581
  Debug: Off
  Object Name: 
  Observers: 
    none
  Source: (none)
  Source output name: (none)
  Release Data: Off
  Data Released: False
  Global Release Data: Off
  PipelineMTime: 0
  UpdateMTime: 1578
  RealTimeStamp: 0 seconds 
  LargestPossibleRegion: 
    Dimension: 3
    Index: [0, 0, 0]
    Size: [176, 240, 256]
  BufferedRegion: 
    Dimension: 3
    Index: [0, 0, 0]
    Size: [176, 240, 256]
  RequestedRegion: 
    Dimension: 3
    Index: [0, 0, 0]
    Size: [176, 240, 256]
  Spacing: [0.999999, 1, 1]
  Origin: [90.3778, 84.5091, -154.071]
  Direction: 
-0.999391 7.48184e-06 -0.0348969
-7.47664e-06 -1 -2.7953e-07
-0.0348969 -1.84481e-08 0.999391

  IndexToPointMatrix: 
-0.99939 7.48184e-06 -0.0348969
-7.47663e-06 -1 -2.7953e-07
-0.0348968 -1.84481e-08 0.999391

  PointToIndexMatrix: 
-0.999392 -7.47665e-06 -0.0348969
7.48184e-06 -1 -1.84481e-08
-0.0348969 -2.7953e-07 0.999391

  Inverse Direction: 
-0.999391 -7.47664e-06 -0.0348969
7.48184e-06 -1 -1.84481e-08
-0.0348969 -2.7953e-07 0.999391

  PixelContainer: 
    ImportImageContainer (0x52cf6d0)
      RTTI typeinfo:   itk::ImportImageContainer<unsigned long, double>
      Reference Count: 1
      Modified Time: 1575
      Debug: Off
      Object Name: 
      Observers: 
        none
      Pointer: 0x14c857a81010
      Container manages memory: true
      Size: 10813440
      Capacity: 10813440

     Weighting = 1
     Sampling strategy = regular
     Number of bins = 32
     Radius = 4
     Sampling percentage  = 0.25
   Transform = Rigid
     Gradient step = 0.1
     Update field sigma (voxel space) = 0
     Total field sigma (voxel space) = 0
     Update field time sigma = 0
     Total field time sigma  = 0
     Number of time indices = 0
     Number of time point samples = 0
Registration using 1 total stages.

Stage 0
  iterations = 1000x500x250x100
  convergence threshold = 1e-06
  convergence window size = 10
  number of levels = 4
  using the Mattes MI metric (number of bins = 32, weight = 1, use gradient filter = 0)
  preprocessing:  winsorizing the image intensities
  Shrink factors (level 1 out of 4): [8, 8, 8]
  Shrink factors (level 2 out of 4): [4, 4, 4]
  Shrink factors (level 3 out of 4): [2, 2, 2]
  Shrink factors (level 4 out of 4): [1, 1, 1]
  smoothing sigmas per level: [3, 2, 1, 0]
  regular sampling (percentage = 0.25)

*** Running Euler3DTransform registration ***

DIAGNOSTIC,Iteration,metricValue,convergenceValue,ITERATION_TIME_INDEX,SINCE_LAST
 2DIAGNOSTIC,     1, -5.323241903179e-01, 1.797693134862e+308, 6.9108e-01, 6.9108e-01, 
 2DIAGNOSTIC,     2, -5.346190553927e-01, 1.797693134862e+308, 6.9519e-01, 4.1020e-03, 
 2DIAGNOSTIC,     3, -5.378036555361e-01, 1.797693134862e+308, 6.9873e-01, 3.5470e-03, 
 2DIAGNOSTIC,     4, -5.422949451405e-01, 1.797693134862e+308, 7.0265e-01, 3.9189e-03, 
 2DIAGNOSTIC,     5, -5.486805952477e-01, 1.797693134862e+308, 7.0624e-01, 3.5899e-03, 
 2DIAGNOSTIC,     6, -5.542790085272e-01, 1.797693134862e+308, 7.0990e-01, 3.6609e-03, 
 2DIAGNOSTIC,     7, -5.627123115611e-01, 1.797693134862e+308, 7.1336e-01, 3.4540e-03, 
 2DIAGNOSTIC,     8, -5.766609943856e-01, 1.797693134862e+308, 7.1715e-01, 3.7911e-03, 
 2DIAGNOSTIC,     9, -5.881111419397e-01, 1.797693134862e+308, 7.2079e-01, 3.6380e-03, 
 2DIAGNOSTIC,    10, -6.012927005665e-01, 7.820055967720e-03, 7.2627e-01, 5.4879e-03, 
 2DIAGNOSTIC,    11, -6.192402913589e-01, 8.564422673932e-03, 7.3294e-01, 6.6690e-03, 
 2DIAGNOSTIC,    12, -6.197111897442e-01, 8.513711436498e-03, 7.3672e-01, 3.7739e-03, 
 2DIAGNOSTIC,    13, -6.223136777510e-01, 7.932305190645e-03, 7.4048e-01, 3.7670e-03, 
 2DIAGNOSTIC,    14, -6.239859078532e-01, 6.938967258809e-03, 7.4424e-01, 3.7611e-03, 
 2DIAGNOSTIC,    15, -6.258731029037e-01, 5.722268374542e-03, 7.4799e-01, 3.7441e-03, 
 2DIAGNOSTIC,    16, -6.290042957046e-01, 4.404898010733e-03, 7.5179e-01, 3.7990e-03, 
 2DIAGNOSTIC,    17, -6.327399548185e-01, 3.192249458064e-03, 7.5658e-01, 4.7910e-03, 
 2DIAGNOSTIC,    18, -6.361770329222e-01, 2.298162514706e-03, 7.6135e-01, 4.7700e-03, 
 2DIAGNOSTIC,    19, -6.381920795120e-01, 1.629119691825e-03, 7.6563e-01, 4.2841e-03, 
 2DIAGNOSTIC,    20, -6.414786468630e-01, 1.264281191419e-03, 7.6959e-01, 3.9561e-03, 
 2DIAGNOSTIC,    21, -6.422621311563e-01, 1.244231354707e-03, 7.7341e-01, 3.8190e-03, 
 2DIAGNOSTIC,    22, -6.443386369737e-01, 1.164065699544e-03, 7.7720e-01, 3.7930e-03, 
 2DIAGNOSTIC,    23, -6.458367311057e-01, 1.066297095863e-03, 7.8108e-01, 3.8741e-03, 
 2DIAGNOSTIC,    24, -6.528535016012e-01, 1.047817943375e-03, 7.8569e-01, 4.6129e-03, 
 2DIAGNOSTIC,    25, -6.591704565632e-01, 1.083081265404e-03, 7.9114e-01, 5.4531e-03, 
 2DIAGNOSTIC,    26, -6.605963662502e-01, 1.093549180586e-03, 7.9570e-01, 4.5578e-03, 
 2DIAGNOSTIC,    27, -6.608439806127e-01, 1.070984917343e-03, 7.9959e-01, 3.8941e-03, 
 2DIAGNOSTIC,    28, -6.615671818731e-01, 1.019502610457e-03, 8.0351e-01, 3.9120e-03, 
 2DIAGNOSTIC,    29, -6.628794617051e-01, 9.260607375835e-04, 8.0748e-01, 3.9721e-03, 
 2DIAGNOSTIC,    30, -6.728294863281e-01, 9.537368174731e-04, 8.1292e-01, 5.4381e-03, 
 2DIAGNOSTIC,    31, -6.735478331015e-01, 9.084141117553e-04, 8.1701e-01, 4.0898e-03, 
 2DIAGNOSTIC,    32, -6.743491772794e-01, 8.254114957092e-04, 8.2092e-01, 3.9160e-03, 
 2DIAGNOSTIC,    33, -6.778518332642e-01, 7.396588765171e-04, 8.2513e-01, 4.2109e-03, 
 2DIAGNOSTIC,    34, -6.872952910788e-01, 8.064168943121e-04, 8.3318e-01, 8.0471e-03, 
 2DIAGNOSTIC,    35, -6.877322737378e-01, 8.751610539144e-04, 8.3709e-01, 3.9079e-03, 
 2DIAGNOSTIC,    36, -6.893215031271e-01, 8.964259846116e-04, 8.4096e-01, 3.8762e-03, 
 2DIAGNOSTIC,    37, -6.927380996241e-01, 8.791370097509e-04, 8.4483e-01, 3.8631e-03, 
 2DIAGNOSTIC,    38, -7.010232018276e-01, 8.853309941843e-04, 8.4868e-01, 3.8569e-03, 
 2DIAGNOSTIC,    39, -7.063987686550e-01, 8.771357117341e-04, 8.5259e-01, 3.9051e-03, 
 2DIAGNOSTIC,    40, -7.084297084952e-01, 9.204383619074e-04, 8.5650e-01, 3.9160e-03, 
 2DIAGNOSTIC,    41, -7.160989984982e-01, 9.681375528104e-04, 8.6117e-01, 4.6649e-03, 
 2DIAGNOSTIC,    42, -7.193420438047e-01, 9.621080348401e-04, 8.6659e-01, 5.4200e-03, 
 2DIAGNOSTIC,    43, -7.222312147295e-01, 9.269008304130e-04, 8.7048e-01, 3.8950e-03, 
 2DIAGNOSTIC,    44, -7.286040071048e-01, 9.645055833595e-04, 8.7441e-01, 3.9282e-03, 
 2DIAGNOSTIC,    45, -7.390063817359e-01, 1.013928444020e-03, 8.7837e-01, 3.9530e-03, 
 2DIAGNOSTIC,    46, -7.436468438885e-01, 1.021491613321e-03, 8.8232e-01, 3.9551e-03, 
 2DIAGNOSTIC,    47, -7.509001687569e-01, 1.029366671531e-03, 8.8923e-01, 6.9048e-03, 
 2DIAGNOSTIC,    48, -7.533299584085e-01, 1.035544345928e-03, 8.9320e-01, 3.9740e-03, 
 2DIAGNOSTIC,    49, -7.538302243809e-01, 9.950479334414e-04, 8.9706e-01, 3.8569e-03, 
 2DIAGNOSTIC,    50, -7.556555267335e-01, 8.929679964584e-04, 9.0137e-01, 4.3108e-03, 
 2DIAGNOSTIC,    51, -7.575569714043e-01, 7.905280800903e-04, 9.0572e-01, 4.3519e-03, 
 2DIAGNOSTIC,    52, -7.582245707256e-01, 6.494581102293e-04, 9.1113e-01, 5.4121e-03, 
 2DIAGNOSTIC,    53, -7.585803981745e-01, 4.786277475651e-04, 9.1485e-01, 3.7200e-03, 
 2DIAGNOSTIC,    54, -7.592789634195e-01, 3.245572510317e-04, 9.1905e-01, 4.1940e-03, 
 2DIAGNOSTIC,    55, -7.601757976123e-01, 2.334443947894e-04, 9.2323e-01, 4.1850e-03, 
 2DIAGNOSTIC,    56, -7.601101208402e-01, 1.569293921483e-04, 9.2694e-01, 3.7129e-03, 
 2DIAGNOSTIC,    57, -7.602484719262e-01, 1.235169067079e-04, 9.3115e-01, 4.2119e-03, 
 2DIAGNOSTIC,    58, -7.604014168217e-01, 9.882901883869e-05, 9.3486e-01, 3.7079e-03, 
 2DIAGNOSTIC,    59, -7.602729617911e-01, 6.806265205801e-05, 9.3856e-01, 3.6938e-03, 
 2DIAGNOSTIC,    60, -7.607530644013e-01, 4.788311980741e-05, 9.4276e-01, 4.2019e-03, 
 2DIAGNOSTIC,    61, -7.620043035335e-01, 4.559632055279e-05, 9.4832e-01, 5.5640e-03, 
 2DIAGNOSTIC,    62, -7.620701311879e-01, 4.390475593487e-05, 9.5261e-01, 4.2882e-03, 
 2DIAGNOSTIC,    63, -7.619605894219e-01, 3.980920885964e-05, 9.5630e-01, 3.6900e-03, 
 2DIAGNOSTIC,    64, -7.618489574609e-01, 3.593342207055e-05, 9.6007e-01, 3.7739e-03, 
 2DIAGNOSTIC,    65, -7.618540765676e-01, 3.458011312332e-05, 9.6378e-01, 3.7079e-03, 
 2DIAGNOSTIC,    66, -7.618583789986e-01, 2.941776102030e-05, 9.6744e-01, 3.6612e-03, 
 2DIAGNOSTIC,    67, -7.618602777202e-01, 2.249001119246e-05, 9.7207e-01, 4.6239e-03, 
 2DIAGNOSTIC,    68, -7.618605551488e-01, 1.481144099397e-05, 9.7777e-01, 5.7020e-03, 
 2DIAGNOSTIC,    69, -7.618605618451e-01, 5.260433865933e-06, 9.8147e-01, 3.6972e-03, 
DIAGNOSTIC,Iteration,metricValue,convergenceValue,ITERATION_TIME_INDEX,SINCE_LAST
 2DIAGNOSTIC,     1, -6.040716738260e-01, 1.797693134862e+308, 1.7054e+00, 7.2393e-01, 
 2DIAGNOSTIC,     2, -6.049336887341e-01, 1.797693134862e+308, 1.7318e+00, 2.6404e-02, 
 2DIAGNOSTIC,     3, -6.062650966027e-01, 1.797693134862e+308, 1.7583e+00, 2.6540e-02, 
 2DIAGNOSTIC,     4, -6.078872737594e-01, 1.797693134862e+308, 1.7853e+00, 2.6923e-02, 
 2DIAGNOSTIC,     5, -6.091539436666e-01, 1.797693134862e+308, 1.8124e+00, 2.7108e-02, 
 2DIAGNOSTIC,     6, -6.103582208447e-01, 1.797693134862e+308, 1.8392e+00, 2.6859e-02, 
 2DIAGNOSTIC,     7, -6.121719287343e-01, 1.797693134862e+308, 1.8656e+00, 2.6392e-02, 
 2DIAGNOSTIC,     8, -6.139021575849e-01, 1.797693134862e+308, 1.8964e+00, 3.0761e-02, 
 2DIAGNOSTIC,     9, -6.147661804733e-01, 1.797693134862e+308, 1.9380e+00, 4.1661e-02, 
 2DIAGNOSTIC,    10, -6.149306202664e-01, 1.261952752958e-03, 1.9651e+00, 2.7072e-02, 
 2DIAGNOSTIC,    11, -6.159610814554e-01, 1.101054686953e-03, 1.9921e+00, 2.6958e-02, 
 2DIAGNOSTIC,    12, -6.195425431274e-01, 1.038520445849e-03, 2.0190e+00, 2.6914e-02, 
 2DIAGNOSTIC,    13, -6.204308348058e-01, 9.665712036775e-04, 2.0494e+00, 3.0413e-02, 
 2DIAGNOSTIC,    14, -6.211020581947e-01, 8.941800573818e-04, 2.0912e+00, 4.1797e-02, 
 2DIAGNOSTIC,    15, -6.210935154696e-01, 7.908170024519e-04, 2.1216e+00, 3.0398e-02, 
 2DIAGNOSTIC,    16, -6.211123468266e-01, 6.629293921848e-04, 2.1576e+00, 3.5978e-02, 
 2DIAGNOSTIC,    17, -6.211138843534e-01, 5.363267243058e-04, 2.1905e+00, 3.2878e-02, 
 2DIAGNOSTIC,    18, -6.210875027926e-01, 4.174403194006e-04, 2.2225e+00, 3.2022e-02, 
 2DIAGNOSTIC,    19, -6.210709084434e-01, 2.945995676100e-04, 2.2511e+00, 2.8614e-02, 
 2DIAGNOSTIC,    20, -6.210798283966e-01, 1.615598724067e-04, 2.2797e+00, 2.8633e-02, 
 2DIAGNOSTIC,    21, -6.210906443014e-01, 4.750545948874e-05, 2.3124e+00, 3.2697e-02, 
 2DIAGNOSTIC,    22, -6.210854742916e-01, 1.428735889984e-05, 2.3447e+00, 3.2290e-02, 
DIAGNOSTIC,Iteration,metricValue,convergenceValue,ITERATION_TIME_INDEX,SINCE_LAST
 2DIAGNOSTIC,     1, -5.344612390110e-01, 1.797693134862e+308, 3.4231e+00, 1.0784e+00, 
 2DIAGNOSTIC,     2, -5.346622263585e-01, 1.797693134862e+308, 3.6147e+00, 1.9164e-01, 
 2DIAGNOSTIC,     3, -5.347561646588e-01, 1.797693134862e+308, 3.8834e+00, 2.6871e-01, 
 2DIAGNOSTIC,     4, -5.347625128003e-01, 1.797693134862e+308, 4.1069e+00, 2.2349e-01, 
 2DIAGNOSTIC,     5, -5.347883128455e-01, 1.797693134862e+308, 4.3043e+00, 1.9739e-01, 
 2DIAGNOSTIC,     6, -5.349214265369e-01, 1.797693134862e+308, 4.5105e+00, 2.0622e-01, 
 2DIAGNOSTIC,     7, -5.351182795997e-01, 1.797693134862e+308, 4.7398e+00, 2.2934e-01, 
 2DIAGNOSTIC,     8, -5.357716655089e-01, 1.797693134862e+308, 5.0529e+00, 3.1306e-01, 
 2DIAGNOSTIC,     9, -5.357917562404e-01, 1.797693134862e+308, 5.2755e+00, 2.2261e-01, 
 2DIAGNOSTIC,    10, -5.358263170554e-01, 1.759624653110e-04, 5.4662e+00, 1.9066e-01, 
 2DIAGNOSTIC,    11, -5.358598881726e-01, 1.644737584463e-04, 5.6587e+00, 1.9251e-01, 
 2DIAGNOSTIC,    12, -5.358893824755e-01, 1.502296431512e-04, 5.9317e+00, 2.7298e-01, 
 2DIAGNOSTIC,    13, -5.358913261149e-01, 1.283877922633e-04, 6.2793e+00, 3.4769e-01, 
 2DIAGNOSTIC,    14, -5.358914632740e-01, 9.855341715578e-05, 6.5125e+00, 2.3317e-01, 
 2DIAGNOSTIC,    15, -5.358894620022e-01, 6.507021261189e-05, 6.7056e+00, 1.9308e-01, 
 2DIAGNOSTIC,    16, -5.358874910540e-01, 3.441659097501e-05, 6.9179e+00, 2.1229e-01, 
 2DIAGNOSTIC,    17, -5.358878268375e-01, 9.965985497233e-06, 7.1461e+00, 2.2817e-01, 
 2DIAGNOSTIC,    18, -5.358870728769e-01, 6.737282770203e-06, 7.3699e+00, 2.2386e-01, 
 2DIAGNOSTIC,    19, -5.358851869885e-01, 3.893687549841e-06, 7.6013e+00, 2.3133e-01, 
 2DIAGNOSTIC,    20, -5.358832692295e-01, 1.981965149965e-06, 7.8529e+00, 2.5161e-01, 
 2DIAGNOSTIC,    21, -5.358846000562e-01, 1.078930701705e-06, 8.0591e+00, 2.0623e-01, 
DIAGNOSTIC,Iteration,metricValue,convergenceValue,ITERATION_TIME_INDEX,SINCE_LAST
 2DIAGNOSTIC,     1, -4.895418063050e-01, 1.797693134862e+308, 1.0643e+01, 2.5836e+00, 
 2DIAGNOSTIC,     2, -4.895415433035e-01, 1.797693134862e+308, 1.2148e+01, 1.5049e+00, 
 2DIAGNOSTIC,     3, -4.895483743632e-01, 1.797693134862e+308, 1.3475e+01, 1.3274e+00, 
 2DIAGNOSTIC,     4, -4.895598981114e-01, 1.797693134862e+308, 1.4914e+01, 1.4394e+00, 
 2DIAGNOSTIC,     5, -4.895616788706e-01, 1.797693134862e+308, 1.6661e+01, 1.7465e+00, 
 2DIAGNOSTIC,     6, -4.895614836679e-01, 1.797693134862e+308, 1.8121e+01, 1.4598e+00, 
 2DIAGNOSTIC,     7, -4.895608997428e-01, 1.797693134862e+308, 2.0012e+01, 1.8909e+00, 
 2DIAGNOSTIC,     8, -4.895611983345e-01, 1.797693134862e+308, 2.1789e+01, 1.7773e+00, 
 2DIAGNOSTIC,     9, -4.895609781723e-01, 1.797693134862e+308, 2.3290e+01, 1.5011e+00, 
 2DIAGNOSTIC,    10, -4.895611616066e-01, 5.838380736672e-06, 2.5045e+01, 1.7545e+00, 
 2DIAGNOSTIC,    11, -4.895608969213e-01, 4.525873129574e-06, 2.6523e+01, 1.4784e+00, 
 2DIAGNOSTIC,    12, -4.895608350947e-01, 3.269296467559e-06, 2.8133e+01, 1.6105e+00, 
 2DIAGNOSTIC,    13, -4.895607405357e-01, 2.437073014422e-06, 2.9736e+01, 1.6022e+00, 
 2DIAGNOSTIC,    14, -4.895606552379e-01, 2.196330900830e-06, 3.1418e+01, 1.6825e+00, 
 2DIAGNOSTIC,    15, -4.895604349535e-01, 2.055100570303e-06, 3.2888e+01, 1.4696e+00, 
 2DIAGNOSTIC,    16, -4.895603333736e-01, 1.927657869785e-06, 3.4183e+01, 1.2952e+00, 
 2DIAGNOSTIC,    17, -4.895602419884e-01, 1.797476238415e-06, 3.5649e+01, 1.4658e+00, 
 2DIAGNOSTIC,    18, -4.895602669649e-01, 1.699138201076e-06, 3.6988e+01, 1.3391e+00, 
 2DIAGNOSTIC,    19, -4.895601929751e-01, 1.608158468044e-06, 3.8361e+01, 1.3736e+00, 
 2DIAGNOSTIC,    20, -4.895602644633e-01, 1.540123613281e-06, 3.9868e+01, 1.5063e+00, 
 2DIAGNOSTIC,    21, -4.895603357727e-01, 1.477904437823e-06, 4.1399e+01, 1.5311e+00, 
 2DIAGNOSTIC,    22, -4.895601492218e-01, 1.418164064626e-06, 4.2738e+01, 1.3396e+00, 
 2DIAGNOSTIC,    23, -4.895601107170e-01, 1.362999676763e-06, 4.4231e+01, 1.4927e+00, 
 2DIAGNOSTIC,    24, -4.895600719109e-01, 1.311418362786e-06, 4.5540e+01, 1.3091e+00, 
 2DIAGNOSTIC,    25, -4.895600857188e-01, 1.260451528137e-06, 4.6993e+01, 1.4523e+00, 
 2DIAGNOSTIC,    26, -4.895601685734e-01, 1.214098781246e-06, 4.8520e+01, 1.5278e+00, 
 2DIAGNOSTIC,    27, -4.895601346637e-01, 1.169362055013e-06, 4.9818e+01, 1.2975e+00, 
 2DIAGNOSTIC,    28, -4.895601579240e-01, 1.129812185467e-06, 5.1304e+01, 1.4860e+00, 
 2DIAGNOSTIC,    29, -4.895600637145e-01, 1.090149786942e-06, 5.2705e+01, 1.4012e+00, 
 2DIAGNOSTIC,    30, -4.895604119223e-01, 1.061834811855e-06, 5.4354e+01, 1.6487e+00, 
 2DIAGNOSTIC,    31, -4.895602722679e-01, 1.033779016175e-06, 5.5902e+01, 1.5484e+00, 
  Elapsed time (stage 0): 5.6712e+01


Total elapsed time: 5.6715e+01
Info [verificarlo]: loaded backend libinterflop_vprec.so
Info [interflop-vprec]: load backend with: 
Info [interflop-vprec]: precision-binary32 = 20
Info [interflop-vprec]: range-binary32 = 7
Info [interflop-vprec]: precision-binary64 = 20
Info [interflop-vprec]: range-binary64 = 7
Info [interflop-vprec]: mode = ob
Info [interflop-vprec]: error-mode = rel
Info [interflop-vprec]: max-abs-error-exponent = -1022
Info [interflop-vprec]: daz = false
Info [interflop-vprec]: ftz = false
Info [interflop-vprec]: 	instrument = none
Info [interflop-vprec]: 	prec-input-file = (null)
Info [interflop-vprec]: 	prec-output-file = (null)
Info [interflop-vprec]: 	prec-log-file = (null)
All_Command_lines_OK
Using double precision for computations.
=============================================================================
The composite transform comprises the following transforms (in order): 
  1. /home/mdugre/scratch/mri-registration-rp/datasets/ds004513/derivatives/mri-registration-rp/0011/antsRegistration-r7-p20/sub-s025/rigid_Composite.h5[0] (type = Euler3DTransform)
  2. /home/mdugre/scratch/mri-registration-rp/datasets/ds004513/derivatives/mri-registration-rp/0011/antsRegistration-r7-p20/sub-s025/rigid_Composite.h5[1] (type = Euler3DTransform)
  3. /home/mdugre/scratch/mri-registration-rp/datasets/ds004513/derivatives/mri-registration-rp/0011/antsRegistration-r7-p20/sub-s025/rigid_Composite.h5[2] (type = Euler3DTransform)
=============================================================================
  number of levels = 4
  fixed image: /templateflow/tpl-MNI152NLin2009cAsym/tpl-MNI152NLin2009cAsym_res-01_desc-brain_T1w.nii.gz
  moving image: /home/mdugre/scratch/mri-registration-rp/datasets/ds004513/derivatives/mri-registration-rp/antsBrainExtraction/sub-s025/BrainExtractionBrain.nii.gz
Dimension = 3
Number of stages = 1
Use histogram matching = false
Winsorize image intensities = true
  Lower quantile = 0.005
  Upper quantile = 0.995


Stage 1 State
   Image metric = MattesMI
     Fixed image = Image (0x38c2490)
  RTTI typeinfo:   itk::Image<double, 3u>
  Reference Count: 2
  Modified Time: 1594
  Debug: Off
  Object Name: 
  Observers: 
    none
  Source: (none)
  Source output name: (none)
  Release Data: Off
  Data Released: False
  Global Release Data: Off
  PipelineMTime: 0
  UpdateMTime: 1203
  RealTimeStamp: 0 seconds 
  LargestPossibleRegion: 
    Dimension: 3
    Index: [0, 0, 0]
    Size: [193, 229, 193]
  BufferedRegion: 
    Dimension: 3
    Index: [0, 0, 0]
    Size: [193, 229, 193]
  RequestedRegion: 
    Dimension: 3
    Index: [0, 0, 0]
    Size: [193, 229, 193]
  Spacing: [1, 1, 1]
  Origin: [96, 132, -78]
  Direction: 
-1 0 0
0 -1 0
0 0 1

  IndexToPointMatrix: 
-1 0 0
0 -1 0
0 0 1

  PointToIndexMatrix: 
-1 0 0
0 -1 0
0 0 1

  Inverse Direction: 
-1 0 0
0 -1 0
0 0 1

  PixelContainer: 
    ImportImageContainer (0x398d8c0)
      RTTI typeinfo:   itk::ImportImageContainer<unsigned long, double>
      Reference Count: 1
      Modified Time: 1200
      Debug: Off
      Object Name: 
      Observers: 
        none
      Pointer: 0x15389f1e1010
      Container manages memory: true
      Size: 8530021
      Capacity: 8530021

     Moving image = Image (0x397db60)
  RTTI typeinfo:   itk::Image<double, 3u>
  Reference Count: 2
  Modified Time: 1595
  Debug: Off
  Object Name: 
  Observers: 
    none
  Source: (none)
  Source output name: (none)
  Release Data: Off
  Data Released: False
  Global Release Data: Off
  PipelineMTime: 0
  UpdateMTime: 1592
  RealTimeStamp: 0 seconds 
  LargestPossibleRegion: 
    Dimension: 3
    Index: [0, 0, 0]
    Size: [176, 240, 256]
  BufferedRegion: 
    Dimension: 3
    Index: [0, 0, 0]
    Size: [176, 240, 256]
  RequestedRegion: 
    Dimension: 3
    Index: [0, 0, 0]
    Size: [176, 240, 256]
  Spacing: [0.999999, 1, 1]
  Origin: [90.3777, 84.5091, -154.071]
  Direction: 
-0.999391 7.48185e-06 -0.0348969
-7.47664e-06 -1 -2.7953e-07
-0.0348969 -1.84481e-08 0.999391

  IndexToPointMatrix: 
-0.999389 7.48185e-06 -0.0348969
-7.47663e-06 -1 -2.7953e-07
-0.0348968 -1.84481e-08 0.999391

  PointToIndexMatrix: 
-0.999393 -7.47666e-06 -0.0348969
7.47664e-06 -1 1.30443e-07
-0.0348969 -1.30502e-07 0.999391

  Inverse Direction: 
-0.999391 -7.47664e-06 -0.0348969
7.47664e-06 -1 1.30495e-07
-0.0348969 -1.30495e-07 0.999391

  PixelContainer: 
    ImportImageContainer (0x3a111d0)
      RTTI typeinfo:   itk::ImportImageContainer<unsigned long, double>
      Reference Count: 1
      Modified Time: 1589
      Debug: Off
      Object Name: 
      Observers: 
        none
      Pointer: 0x153899f60010
      Container manages memory: true
      Size: 10813440
      Capacity: 10813440

     Weighting = 1
     Sampling strategy = regular
     Number of bins = 32
     Radius = 4
     Sampling percentage  = 0.25
   Transform = Affine
     Gradient step = 0.1
     Update field sigma (voxel space) = 0
     Total field sigma (voxel space) = 0
     Update field time sigma = 0
     Total field time sigma  = 0
     Number of time indices = 0
     Number of time point samples = 0
Registration using 1 total stages.

Stage 0
  iterations = 1000x500x250x100
  convergence threshold = 1e-06
  convergence window size = 10
  number of levels = 4
  using the Mattes MI metric (number of bins = 32, weight = 1, use gradient filter = 0)
  preprocessing:  winsorizing the image intensities
  Shrink factors (level 1 out of 4): [8, 8, 8]
  Shrink factors (level 2 out of 4): [4, 4, 4]
  Shrink factors (level 3 out of 4): [2, 2, 2]
  Shrink factors (level 4 out of 4): [1, 1, 1]
  smoothing sigmas per level: [3, 2, 1, 0]
  regular sampling (percentage = 0.25)

*** Running AffineTransform registration ***

DIAGNOSTIC,Iteration,metricValue,convergenceValue,ITERATION_TIME_INDEX,SINCE_LAST
 2DIAGNOSTIC,     1, -7.481148086973e-01, 1.797693134862e+308, 0.0000e+00, 0.0000e+00, 
 2DIAGNOSTIC,     2, -7.501682141598e-01, 1.797693134862e+308, 0.0000e+00, 0.0000e+00, 
 2DIAGNOSTIC,     3, -7.537100992498e-01, 1.797693134862e+308, 0.0000e+00, 0.0000e+00, 
 2DIAGNOSTIC,     4, -7.595470765153e-01, 1.797693134862e+308, 0.0000e+00, 0.0000e+00, 
 2DIAGNOSTIC,     5, -7.688632061534e-01, 1.797693134862e+308, 0.0000e+00, 0.0000e+00, 
 2DIAGNOSTIC,     6, -7.843513974864e-01, 1.797693134862e+308, 0.0000e+00, 0.0000e+00, 
 2DIAGNOSTIC,     7, -8.098896100507e-01, 1.797693134862e+308, 0.0000e+00, 0.0000e+00, 
 2DIAGNOSTIC,     8, -8.724745727688e-01, 1.797693134862e+308, 0.0000e+00, 0.0000e+00, 
 2DIAGNOSTIC,     9, -9.110821632756e-01, 1.797693134862e+308, 0.0000e+00, 0.0000e+00, 
 2DIAGNOSTIC,    10, -9.246713987513e-01, 1.500261390422e-02, 0.0000e+00, 0.0000e+00, 
 2DIAGNOSTIC,    11, -9.295164817619e-01, 1.538235000772e-02, 0.0000e+00, 0.0000e+00, 
 2DIAGNOSTIC,    12, -9.296021802518e-01, 1.438987862187e-02, 0.0000e+00, 0.0000e+00, 
 2DIAGNOSTIC,    13, -9.322387295130e-01, 1.241722264422e-02, 0.0000e+00, 0.0000e+00, 
 2DIAGNOSTIC,    14, -9.360088897462e-01, 9.851392704766e-03, 0.0000e+00, 0.0000e+00, 
 2DIAGNOSTIC,    15, -9.364864439183e-01, 6.997192131677e-03, 0.0000e+00, 0.0000e+00, 
 2DIAGNOSTIC,    16, -9.370272008956e-01, 4.241394084994e-03, 0.0000e+00, 0.0000e+00, 
 2DIAGNOSTIC,    17, -9.370331881971e-01, 1.926186478307e-03, 0.0000e+00, 0.0000e+00, 
 2DIAGNOSTIC,    18, -9.373700793567e-01, 8.458180832579e-04, 0.0000e+00, 0.0000e+00, 
 2DIAGNOSTIC,    19, -9.376053862281e-01, 4.726237474430e-04, 0.0000e+00, 0.0000e+00, 
 2DIAGNOSTIC,    20, -9.379082135390e-01, 3.204826705713e-04, 0.0000e+00, 0.0000e+00, 
 2DIAGNOSTIC,    21, -9.384985192572e-01, 2.395957516584e-04, 0.0000e+00, 0.0000e+00, 
 2DIAGNOSTIC,    22, -9.385510064488e-01, 1.459408193974e-04, 0.0000e+00, 0.0000e+00, 
 2DIAGNOSTIC,    23, -9.384902943427e-01, 8.239442273390e-05, 0.0000e+00, 0.0000e+00, 
 2DIAGNOSTIC,    24, -9.383098525521e-01, 6.504615576181e-05, 0.0000e+00, 0.0000e+00, 
 2DIAGNOSTIC,    25, -9.385046487090e-01, 5.167913300325e-05, 0.0000e+00, 0.0000e+00, 
 2DIAGNOSTIC,    26, -9.386718673180e-01, 4.324928328148e-05, 0.0000e+00, 0.0000e+00, 
 2DIAGNOSTIC,    27, -9.383541528656e-01, 2.772491376851e-05, 0.0000e+00, 0.0000e+00, 
 2DIAGNOSTIC,    28, -9.382766245194e-01, 1.408567318403e-05, 0.0000e+00, 0.0000e+00, 
 2DIAGNOSTIC,    29, -9.381607565830e-01, 1.564476056176e-06, 0.0000e+00, 0.0000e+00, 
DIAGNOSTIC,Iteration,metricValue,convergenceValue,ITERATION_TIME_INDEX,SINCE_LAST
 2DIAGNOSTIC,     1, -7.505678568687e-01, 1.797693134862e+308, 0.0000e+00, 0.0000e+00, 
 2DIAGNOSTIC,     2, -7.510174340401e-01, 1.797693134862e+308, 0.0000e+00, 0.0000e+00, 
 2DIAGNOSTIC,     3, -7.514215239294e-01, 1.797693134862e+308, 0.0000e+00, 0.0000e+00, 
 2DIAGNOSTIC,     4, -7.521565263362e-01, 1.797693134862e+308, 0.0000e+00, 0.0000e+00, 
 2DIAGNOSTIC,     5, -7.535096899773e-01, 1.797693134862e+308, 0.0000e+00, 0.0000e+00, 
 2DIAGNOSTIC,     6, -7.542792931072e-01, 1.797693134862e+308, 0.0000e+00, 0.0000e+00, 
 2DIAGNOSTIC,     7, -7.543116695395e-01, 1.797693134862e+308, 0.0000e+00, 0.0000e+00, 
 2DIAGNOSTIC,     8, -7.543230073289e-01, 1.797693134862e+308, 0.0000e+00, 0.0000e+00, 
 2DIAGNOSTIC,     9, -7.543319304553e-01, 1.797693134862e+308, 0.0000e+00, 0.0000e+00, 
 2DIAGNOSTIC,    10, -7.543375440696e-01, 3.744061052612e-04, 0.0000e+00, 0.0000e+00, 
 2DIAGNOSTIC,    11, -7.543012447260e-01, 2.685513239244e-04, 0.0000e+00, 0.0000e+00, 
 2DIAGNOSTIC,    12, -7.543129347116e-01, 1.715888576806e-04, 0.0000e+00, 0.0000e+00, 
 2DIAGNOSTIC,    13, -7.543330826324e-01, 8.681976094005e-05, 0.0000e+00, 0.0000e+00, 
 2DIAGNOSTIC,    14, -7.543780206366e-01, 2.671416151219e-05, 0.0000e+00, 0.0000e+00, 
 2DIAGNOSTIC,    15, -7.543967680270e-01, 6.339070593164e-06, 0.0000e+00, 0.0000e+00, 
 2DIAGNOSTIC,    16, -7.545566834827e-01, 1.004447119758e-05, 0.0000e+00, 0.0000e+00, 
 2DIAGNOSTIC,    17, -7.546670294464e-01, 1.565201207076e-05, 0.0000e+00, 0.0000e+00, 
 2DIAGNOSTIC,    18, -7.547332832805e-01, 2.094103295222e-05, 0.0000e+00, 0.0000e+00, 
 2DIAGNOSTIC,    19, -7.547319235412e-01, 2.406071632238e-05, 0.0000e+00, 0.0000e+00, 
 2DIAGNOSTIC,    20, -7.547223753949e-01, 2.477164114653e-05, 0.0000e+00, 0.0000e+00, 
 2DIAGNOSTIC,    21, -7.547229598153e-01, 2.259274907495e-05, 0.0000e+00, 0.0000e+00, 
 2DIAGNOSTIC,    22, -7.547092168699e-01, 1.856478851086e-05, 0.0000e+00, 0.0000e+00, 
 2DIAGNOSTIC,    23, -7.546953591729e-01, 1.339346422512e-05, 0.0000e+00, 0.0000e+00, 
 2DIAGNOSTIC,    24, -7.546820912522e-01, 8.076243074251e-06, 0.0000e+00, 0.0000e+00, 
 2DIAGNOSTIC,    25, -7.546693258445e-01, 2.610766677048e-06, 0.0000e+00, 0.0000e+00, 
DIAGNOSTIC,Iteration,metricValue,convergenceValue,ITERATION_TIME_INDEX,SINCE_LAST
 2DIAGNOSTIC,     1, -6.419458749238e-01, 1.797693134862e+308, 0.0000e+00, 0.0000e+00, 
 2DIAGNOSTIC,     2, -6.423881532108e-01, 1.797693134862e+308, 0.0000e+00, 0.0000e+00, 
 2DIAGNOSTIC,     3, -6.428527087548e-01, 1.797693134862e+308, 0.0000e+00, 0.0000e+00, 
 2DIAGNOSTIC,     4, -6.433135230108e-01, 1.797693134862e+308, 0.0000e+00, 0.0000e+00, 
 2DIAGNOSTIC,     5, -6.442567395382e-01, 1.797693134862e+308, 0.0000e+00, 0.0000e+00, 
 2DIAGNOSTIC,     6, -6.443527916096e-01, 1.797693134862e+308, 0.0000e+00, 0.0000e+00, 
 2DIAGNOSTIC,     7, -6.443872859661e-01, 1.797693134862e+308, 0.0000e+00, 0.0000e+00, 
 2DIAGNOSTIC,     8, -6.444392233443e-01, 1.797693134862e+308, 0.0000e+00, 0.0000e+00, 
 2DIAGNOSTIC,     9, -6.445008917059e-01, 1.797693134862e+308, 0.0000e+00, 0.0000e+00, 
 2DIAGNOSTIC,    10, -6.445798641345e-01, 2.729856112926e-04, 0.0000e+00, 0.0000e+00, 
 2DIAGNOSTIC,    11, -6.446836508508e-01, 1.926816403234e-04, 0.0000e+00, 0.0000e+00, 
 2DIAGNOSTIC,    12, -6.450817688158e-01, 1.398704414920e-04, 0.0000e+00, 0.0000e+00, 
 2DIAGNOSTIC,    13, -6.452174857946e-01, 1.028348478315e-04, 0.0000e+00, 0.0000e+00, 
 2DIAGNOSTIC,    14, -6.452155596399e-01, 7.568181721457e-05, 0.0000e+00, 0.0000e+00, 
 2DIAGNOSTIC,    15, -6.452151484168e-01, 7.332521924409e-05, 0.0000e+00, 0.0000e+00, 
 2DIAGNOSTIC,    16, -6.452133106652e-01, 6.731341470338e-05, 0.0000e+00, 0.0000e+00, 
 2DIAGNOSTIC,    17, -6.452122344705e-01, 5.668084749549e-05, 0.0000e+00, 0.0000e+00, 
 2DIAGNOSTIC,    18, -6.452112030459e-01, 4.334496619098e-05, 0.0000e+00, 0.0000e+00, 
 2DIAGNOSTIC,    19, -6.452101572000e-01, 2.908541120779e-05, 0.0000e+00, 0.0000e+00, 
 2DIAGNOSTIC,    20, -6.452094195880e-01, 1.552145855176e-05, 0.0000e+00, 0.0000e+00, 
 2DIAGNOSTIC,    21, -6.452092036330e-01, 3.922837608097e-06, 0.0000e+00, 0.0000e+00, 
 2DIAGNOSTIC,    22, -6.452081869463e-01, 1.036460715739e-06, 0.0000e+00, 0.0000e+00, 
 2DIAGNOSTIC,    23, -6.452082415154e-01, 1.044003012866e-06, 0.0000e+00, 0.0000e+00, 
 2DIAGNOSTIC,    24, -6.452082270816e-01, 1.046812052978e-06, 0.0000e+00, 0.0000e+00, 
 2DIAGNOSTIC,    25, -6.452068703435e-01, 1.044952750377e-06, 0.0000e+00, 0.0000e+00, 
 2DIAGNOSTIC,    26, -6.452070099098e-01, 1.036829193654e-06, 0.0000e+00, 0.0000e+00, 
 2DIAGNOSTIC,    27, -6.452068802629e-01, 1.027353688489e-06, 0.0000e+00, 0.0000e+00, 
 2DIAGNOSTIC,    28, -6.452067586921e-01, 1.014798336633e-06, 0.0000e+00, 0.0000e+00, 
DIAGNOSTIC,Iteration,metricValue,convergenceValue,ITERATION_TIME_INDEX,SINCE_LAST
 2DIAGNOSTIC,     1, -5.765453752578e-01, 1.797693134862e+308, 0.0000e+00, 0.0000e+00, 
 2DIAGNOSTIC,     2, -5.770331755820e-01, 1.797693134862e+308, 0.0000e+00, 0.0000e+00, 
 2DIAGNOSTIC,     3, -5.775173048884e-01, 1.797693134862e+308, 0.0000e+00, 0.0000e+00, 
 2DIAGNOSTIC,     4, -5.782218793689e-01, 1.797693134862e+308, 0.0000e+00, 0.0000e+00, 
 2DIAGNOSTIC,     5, -5.786176924515e-01, 1.797693134862e+308, 0.0000e+00, 0.0000e+00, 
 2DIAGNOSTIC,     6, -5.786690094654e-01, 1.797693134862e+308, 0.0000e+00, 0.0000e+00, 
 2DIAGNOSTIC,     7, -5.787762253316e-01, 1.797693134862e+308, 0.0000e+00, 0.0000e+00, 
 2DIAGNOSTIC,     8, -5.791594602670e-01, 1.797693134862e+308, 0.0000e+00, 0.0000e+00, 
 2DIAGNOSTIC,     9, -5.792421713977e-01, 1.797693134862e+308, 0.0000e+00, 0.0000e+00, 
 2DIAGNOSTIC,    10, -5.792882466751e-01, 3.026223132185e-04, 0.0000e+00, 0.0000e+00, 
 2DIAGNOSTIC,    11, -5.792925134132e-01, 2.170181916338e-04, 0.0000e+00, 0.0000e+00, 
 2DIAGNOSTIC,    12, -5.792916362993e-01, 1.464166931055e-04, 0.0000e+00, 0.0000e+00, 
 2DIAGNOSTIC,    13, -5.792910954830e-01, 9.119503381673e-05, 0.0000e+00, 0.0000e+00, 
 2DIAGNOSTIC,    14, -5.792908938053e-01, 6.010787688046e-05, 0.0000e+00, 0.0000e+00, 
 2DIAGNOSTIC,    15, -5.792903466700e-01, 4.099614889622e-05, 0.0000e+00, 0.0000e+00, 
 2DIAGNOSTIC,    16, -5.792901957399e-01, 2.236365503945e-05, 0.0000e+00, 0.0000e+00, 
 2DIAGNOSTIC,    17, -5.792897833342e-01, 6.868219959967e-06, 0.0000e+00, 0.0000e+00, 
 2DIAGNOSTIC,    18, -5.792900107004e-01, 3.049171893983e-06, 0.0000e+00, 0.0000e+00, 
 2DIAGNOSTIC,    19, -5.792896155189e-01, 1.607980876478e-06, 0.0000e+00, 0.0000e+00, 
 2DIAGNOSTIC,    20, -5.792894552035e-01, 1.441595960841e-06, 0.0000e+00, 0.0000e+00, 
 2DIAGNOSTIC,    21, -5.792895180065e-01, 1.406903273618e-06, 0.0000e+00, 0.0000e+00, 
 2DIAGNOSTIC,    22, -5.792898690393e-01, 1.373843024177e-06, 0.0000e+00, 0.0000e+00, 
 2DIAGNOSTIC,    23, -5.792901566235e-01, 1.344777373131e-06, 0.0000e+00, 0.0000e+00, 
 2DIAGNOSTIC,    24, -5.792900046898e-01, 1.314818065729e-06, 0.0000e+00, 0.0000e+00, 
 2DIAGNOSTIC,    25, -5.792898969335e-01, 1.275899454006e-06, 0.0000e+00, 0.0000e+00, 
 2DIAGNOSTIC,    26, -5.792897205587e-01, 1.233796180083e-06, 0.0000e+00, 0.0000e+00, 
 2DIAGNOSTIC,    27, -5.792895069586e-01, 1.182187054465e-06, 0.0000e+00, 0.0000e+00, 
 2DIAGNOSTIC,    28, -5.792893478063e-01, 1.135289762484e-06, 0.0000e+00, 0.0000e+00, 
 2DIAGNOSTIC,    29, -5.792894529426e-01, 1.087075932521e-06, 0.0000e+00, 0.0000e+00, 
 2DIAGNOSTIC,    30, -5.792894496230e-01, 1.040432339901e-06, 0.0000e+00, 0.0000e+00, 
  Elapsed time (stage 0): 0.0000e+00


