
##########################
# Experiment information #
##########################

EXPERIMENT_NAME: antsRegistration-r7-p18
VFC_BACKENDS: libinterflop_vprec.so --range-binary32=7 --precision-binary32=18 --range-binary64=7 --precision-binary64=18

SIF_IMG: /home/mdugre/projects/rrg-glatard/mdugre/containers/ants-vprec-no_metrics.simg

SUBJECT_ID: s035
INPUT_IMG: /home/mdugre/scratch/mri-registration-rp/datasets/ds004513/derivatives/mri-registration-rp/antsBrainExtraction/sub-s035/BrainExtractionBrain.nii.gz
OUTPUT_DIR: /home/mdugre/scratch/mri-registration-rp/datasets/ds004513/derivatives/mri-registration-rp/0011/antsRegistration-r7-p18/sub-s035

FIXED_IMG: /templateflow/tpl-MNI152NLin2009cAsym/tpl-MNI152NLin2009cAsym_res-01_desc-brain_T1w.nii.gz
DATA_DIR: /home/mdugre/scratch/mri-registration-rp/datasets/ds004513
TEMPLATEFLOW_DIR: /home/mdugre/projects/rrg-glatard/mdugre/templateflow
ITK_GLOBAL_DEFAULT_NUMBER_OF_THREADS: 16
##########################

Info [verificarlo]: loaded backend libinterflop_ieee.so
Info [interflop-ieee]: load backend with:
Info [interflop-ieee]: debug = false
Info [interflop-ieee]: debug-binary = false
Info [interflop-ieee]: no-backend-name = false
Info [interflop-ieee]: print-new-line = false
Info [interflop-ieee]: print-subnormal-normalized = false
Info [interflop-ieee]: count-op = false
All_Command_lines_OK
Using double precision for computations.
=============================================================================
The composite transform comprises the following transforms (in order): 
  1. Center of mass alignment using fixed image: /templateflow/tpl-MNI152NLin2009cAsym/tpl-MNI152NLin2009cAsym_res-01_desc-brain_T1w.nii.gz and moving image: /home/mdugre/scratch/mri-registration-rp/datasets/ds004513/derivatives/mri-registration-rp/antsBrainExtraction/sub-s035/BrainExtractionBrain.nii.gz (type = Euler3DTransform)
=============================================================================
  number of levels = 1
  fixed image: /templateflow/tpl-MNI152NLin2009cAsym/tpl-MNI152NLin2009cAsym_res-01_desc-brain_T1w.nii.gz
  moving image: /home/mdugre/scratch/mri-registration-rp/datasets/ds004513/derivatives/mri-registration-rp/antsBrainExtraction/sub-s035/BrainExtractionBrain.nii.gz
Dimension = 3
Number of stages = 1
Use histogram matching = false
Winsorize image intensities = true
  Lower quantile = 0.005
  Upper quantile = 0.995


Stage 1 State
   Image metric = MattesMI
     Fixed image = Image (0x4508e70)
  RTTI typeinfo:   itk::Image<double, 3u>
  Reference Count: 2
  Modified Time: 2330
  Debug: Off
  Object Name: 
  Observers: 
    none
  Source: (none)
  Source output name: (none)
  Release Data: Off
  Data Released: False
  Global Release Data: Off
  PipelineMTime: 0
  UpdateMTime: 1941
  RealTimeStamp: 0 seconds 
  LargestPossibleRegion: 
    Dimension: 3
    Index: [0, 0, 0]
    Size: [193, 229, 193]
  BufferedRegion: 
    Dimension: 3
    Index: [0, 0, 0]
    Size: [193, 229, 193]
  RequestedRegion: 
    Dimension: 3
    Index: [0, 0, 0]
    Size: [193, 229, 193]
  Spacing: [1, 1, 1]
  Origin: [96, 132, -78]
  Direction: 
-1 0 0
0 -1 0
0 0 1

  IndexToPointMatrix: 
-1 0 0
0 -1 0
0 0 1

  PointToIndexMatrix: 
-1 0 0
0 -1 0
0 0 1

  Inverse Direction: 
-1 0 0
0 -1 0
0 0 1

  PixelContainer: 
    ImportImageContainer (0x4511c60)
      RTTI typeinfo:   itk::ImportImageContainer<unsigned long, double>
      Reference Count: 1
      Modified Time: 1938
      Debug: Off
      Object Name: 
      Observers: 
        none
      Pointer: 0x14fe9df9e010
      Container manages memory: true
      Size: 8530021
      Capacity: 8530021

     Moving image = Image (0x45a5ec0)
  RTTI typeinfo:   itk::Image<double, 3u>
  Reference Count: 2
  Modified Time: 2331
  Debug: Off
  Object Name: 
  Observers: 
    none
  Source: (none)
  Source output name: (none)
  Release Data: Off
  Data Released: False
  Global Release Data: Off
  PipelineMTime: 0
  UpdateMTime: 2328
  RealTimeStamp: 0 seconds 
  LargestPossibleRegion: 
    Dimension: 3
    Index: [0, 0, 0]
    Size: [160, 240, 256]
  BufferedRegion: 
    Dimension: 3
    Index: [0, 0, 0]
    Size: [160, 240, 256]
  RequestedRegion: 
    Dimension: 3
    Index: [0, 0, 0]
    Size: [160, 240, 256]
  Spacing: [1, 1, 1]
  Origin: [98.6438, 87.6358, -117.989]
  Direction: 
-0.993515 -0.100993 -0.0522355
0.100854 -0.994887 0.00530255
-0.0525039 1.93537e-08 0.998621

  IndexToPointMatrix: 
-0.993515 -0.100993 -0.0522355
0.100854 -0.994887 0.00530255
-0.0525039 1.93537e-08 0.998621

  PointToIndexMatrix: 
-0.993515 0.100854 -0.0525039
-0.100993 -0.994887 1.93006e-08
-0.0522355 0.00530255 0.998621

  Inverse Direction: 
-0.993515 0.100854 -0.0525039
-0.100993 -0.994887 1.93006e-08
-0.0522355 0.00530255 0.998621

  PixelContainer: 
    ImportImageContainer (0x463d610)
      RTTI typeinfo:   itk::ImportImageContainer<unsigned long, double>
      Reference Count: 1
      Modified Time: 2325
      Debug: Off
      Object Name: 
      Observers: 
        none
      Pointer: 0x14fe9949d010
      Container manages memory: true
      Size: 9830400
      Capacity: 9830400

     Weighting = 1
     Sampling strategy = regular
     Number of bins = 32
     Radius = 4
     Sampling percentage  = 0.25
   Transform = Rigid
     Gradient step = 0.1
     Update field sigma (voxel space) = 0
     Total field sigma (voxel space) = 0
     Update field time sigma = 0
     Total field time sigma  = 0
     Number of time indices = 0
     Number of time point samples = 0
Registration using 1 total stages.

Stage 0
  iterations = 0
  convergence threshold = 1e-06
  convergence window size = 10
  number of levels = 1
  using the Mattes MI metric (number of bins = 32, weight = 1, use gradient filter = 0)
  preprocessing:  winsorizing the image intensities
  Shrink factors (level 1 out of 1): [1, 1, 1]
  smoothing sigmas per level: [0]
  regular sampling (percentage = 0.25)

*** Running Euler3DTransform registration ***

  Elapsed time (stage 0): 1.09043


Total elapsed time: 1.09273
Info [verificarlo]: loaded backend libinterflop_ieee.so
Info [interflop-ieee]: load backend with:
Info [interflop-ieee]: debug = false
Info [interflop-ieee]: debug-binary = false
Info [interflop-ieee]: no-backend-name = false
Info [interflop-ieee]: print-new-line = false
Info [interflop-ieee]: print-subnormal-normalized = false
Info [interflop-ieee]: count-op = false
All_Command_lines_OK
Using double precision for computations.
=============================================================================
The composite transform comprises the following transforms (in order): 
  1. /home/mdugre/scratch/mri-registration-rp/datasets/ds004513/derivatives/mri-registration-rp/0011/antsRegistration-r7-p18/sub-s035/align_Composite.h5[0] (type = Euler3DTransform)
  2. /home/mdugre/scratch/mri-registration-rp/datasets/ds004513/derivatives/mri-registration-rp/0011/antsRegistration-r7-p18/sub-s035/align_Composite.h5[1] (type = Euler3DTransform)
=============================================================================
  number of levels = 4
  fixed image: /templateflow/tpl-MNI152NLin2009cAsym/tpl-MNI152NLin2009cAsym_res-01_desc-brain_T1w.nii.gz
  moving image: /home/mdugre/scratch/mri-registration-rp/datasets/ds004513/derivatives/mri-registration-rp/antsBrainExtraction/sub-s035/BrainExtractionBrain.nii.gz
Dimension = 3
Number of stages = 1
Use histogram matching = false
Winsorize image intensities = true
  Lower quantile = 0.005
  Upper quantile = 0.995


Stage 1 State
   Image metric = MattesMI
     Fixed image = Image (0x4588530)
  RTTI typeinfo:   itk::Image<double, 3u>
  Reference Count: 2
  Modified Time: 1578
  Debug: Off
  Object Name: 
  Observers: 
    none
  Source: (none)
  Source output name: (none)
  Release Data: Off
  Data Released: False
  Global Release Data: Off
  PipelineMTime: 0
  UpdateMTime: 1189
  RealTimeStamp: 0 seconds 
  LargestPossibleRegion: 
    Dimension: 3
    Index: [0, 0, 0]
    Size: [193, 229, 193]
  BufferedRegion: 
    Dimension: 3
    Index: [0, 0, 0]
    Size: [193, 229, 193]
  RequestedRegion: 
    Dimension: 3
    Index: [0, 0, 0]
    Size: [193, 229, 193]
  Spacing: [1, 1, 1]
  Origin: [96, 132, -78]
  Direction: 
-1 0 0
0 -1 0
0 0 1

  IndexToPointMatrix: 
-1 0 0
0 -1 0
0 0 1

  PointToIndexMatrix: 
-1 0 0
0 -1 0
0 0 1

  Inverse Direction: 
-1 0 0
0 -1 0
0 0 1

  PixelContainer: 
    ImportImageContainer (0x4646d60)
      RTTI typeinfo:   itk::ImportImageContainer<unsigned long, double>
      Reference Count: 1
      Modified Time: 1186
      Debug: Off
      Object Name: 
      Observers: 
        none
      Pointer: 0x14c9bf368010
      Container manages memory: true
      Size: 8530021
      Capacity: 8530021

     Moving image = Image (0x4638f60)
  RTTI typeinfo:   itk::Image<double, 3u>
  Reference Count: 2
  Modified Time: 1579
  Debug: Off
  Object Name: 
  Observers: 
    none
  Source: (none)
  Source output name: (none)
  Release Data: Off
  Data Released: False
  Global Release Data: Off
  PipelineMTime: 0
  UpdateMTime: 1576
  RealTimeStamp: 0 seconds 
  LargestPossibleRegion: 
    Dimension: 3
    Index: [0, 0, 0]
    Size: [160, 240, 256]
  BufferedRegion: 
    Dimension: 3
    Index: [0, 0, 0]
    Size: [160, 240, 256]
  RequestedRegion: 
    Dimension: 3
    Index: [0, 0, 0]
    Size: [160, 240, 256]
  Spacing: [1, 1, 1]
  Origin: [98.6438, 87.6358, -117.989]
  Direction: 
-0.993515 -0.100993 -0.0522355
0.100854 -0.994887 0.00530255
-0.0525039 1.93537e-08 0.998621

  IndexToPointMatrix: 
-0.993515 -0.100993 -0.0522355
0.100854 -0.994887 0.00530255
-0.0525039 1.93537e-08 0.998621

  PointToIndexMatrix: 
-0.993515 0.100854 -0.0525039
-0.100993 -0.994887 1.93006e-08
-0.0522355 0.00530255 0.998621

  Inverse Direction: 
-0.993515 0.100854 -0.0525039
-0.100993 -0.994887 1.93006e-08
-0.0522355 0.00530255 0.998621

  PixelContainer: 
    ImportImageContainer (0x462a6d0)
      RTTI typeinfo:   itk::ImportImageContainer<unsigned long, double>
      Reference Count: 1
      Modified Time: 1573
      Debug: Off
      Object Name: 
      Observers: 
        none
      Pointer: 0x14c9ba867010
      Container manages memory: true
      Size: 9830400
      Capacity: 9830400

     Weighting = 1
     Sampling strategy = regular
     Number of bins = 32
     Radius = 4
     Sampling percentage  = 0.25
   Transform = Rigid
     Gradient step = 0.1
     Update field sigma (voxel space) = 0
     Total field sigma (voxel space) = 0
     Update field time sigma = 0
     Total field time sigma  = 0
     Number of time indices = 0
     Number of time point samples = 0
Registration using 1 total stages.

Stage 0
  iterations = 1000x500x250x100
  convergence threshold = 1e-06
  convergence window size = 10
  number of levels = 4
  using the Mattes MI metric (number of bins = 32, weight = 1, use gradient filter = 0)
  preprocessing:  winsorizing the image intensities
  Shrink factors (level 1 out of 4): [8, 8, 8]
  Shrink factors (level 2 out of 4): [4, 4, 4]
  Shrink factors (level 3 out of 4): [2, 2, 2]
  Shrink factors (level 4 out of 4): [1, 1, 1]
  smoothing sigmas per level: [3, 2, 1, 0]
  regular sampling (percentage = 0.25)

*** Running Euler3DTransform registration ***

DIAGNOSTIC,Iteration,metricValue,convergenceValue,ITERATION_TIME_INDEX,SINCE_LAST
 2DIAGNOSTIC,     1, -5.238630234552e-01, 1.797693134862e+308, 8.5615e-01, 8.5615e-01, 
 2DIAGNOSTIC,     2, -5.257885820767e-01, 1.797693134862e+308, 8.6211e-01, 5.9569e-03, 
 2DIAGNOSTIC,     3, -5.278597554839e-01, 1.797693134862e+308, 8.6748e-01, 5.3730e-03, 
 2DIAGNOSTIC,     4, -5.302176117225e-01, 1.797693134862e+308, 8.7273e-01, 5.2478e-03, 
 2DIAGNOSTIC,     5, -5.343462816845e-01, 1.797693134862e+308, 8.7803e-01, 5.3079e-03, 
 2DIAGNOSTIC,     6, -5.399239396740e-01, 1.797693134862e+308, 8.8345e-01, 5.4119e-03, 
 2DIAGNOSTIC,     7, -5.490554822001e-01, 1.797693134862e+308, 8.8884e-01, 5.3949e-03, 
 2DIAGNOSTIC,     8, -5.545204224448e-01, 1.797693134862e+308, 8.9575e-01, 6.9129e-03, 
 2DIAGNOSTIC,     9, -5.601437715553e-01, 1.797693134862e+308, 9.0110e-01, 5.3480e-03, 
 2DIAGNOSTIC,    10, -5.617741193774e-01, 5.067640484485e-03, 9.0673e-01, 5.6262e-03, 
 2DIAGNOSTIC,    11, -5.649562249041e-01, 4.796539612083e-03, 9.1351e-01, 6.7861e-03, 
 2DIAGNOSTIC,    12, -5.658710903081e-01, 4.260783098155e-03, 9.1952e-01, 6.0060e-03, 
 2DIAGNOSTIC,    13, -5.662828333056e-01, 3.524744036645e-03, 9.2491e-01, 5.3899e-03, 
 2DIAGNOSTIC,    14, -5.685908474577e-01, 2.751340472953e-03, 9.3116e-01, 6.2451e-03, 
 2DIAGNOSTIC,    15, -5.732745043306e-01, 2.134644679428e-03, 9.3962e-01, 8.4682e-03, 
 2DIAGNOSTIC,    16, -5.738084427845e-01, 1.591333148336e-03, 9.4677e-01, 7.1499e-03, 
 2DIAGNOSTIC,    17, -5.739093703464e-01, 1.247363567739e-03, 9.5227e-01, 5.4939e-03, 
 2DIAGNOSTIC,    18, -5.745773598458e-01, 1.002163966315e-03, 9.5774e-01, 5.4748e-03, 
 2DIAGNOSTIC,    19, -5.752045522723e-01, 8.579763081928e-04, 9.6330e-01, 5.5599e-03, 
 2DIAGNOSTIC,    20, -5.755578777727e-01, 6.955845773889e-04, 9.6877e-01, 5.4719e-03, 
 2DIAGNOSTIC,    21, -5.761681227726e-01, 5.767135182729e-04, 9.7432e-01, 5.5411e-03, 
 2DIAGNOSTIC,    22, -5.775610178281e-01, 4.707067062572e-04, 9.8030e-01, 5.9850e-03, 
 2DIAGNOSTIC,    23, -5.801876522135e-01, 3.965856196894e-04, 9.8648e-01, 6.1760e-03, 
 2DIAGNOSTIC,    24, -5.873578871778e-01, 4.881452204361e-04, 9.9458e-01, 8.1022e-03, 
 2DIAGNOSTIC,    25, -5.924052233505e-01, 7.199711436015e-04, 1.0023e+00, 7.7620e-03, 
 2DIAGNOSTIC,    26, -5.933789722553e-01, 8.944842701512e-04, 1.0091e+00, 6.7880e-03, 
 2DIAGNOSTIC,    27, -5.948140362558e-01, 1.002036484553e-03, 1.0154e+00, 6.3159e-03, 
 2DIAGNOSTIC,    28, -5.954370004558e-01, 1.029952320992e-03, 1.0212e+00, 5.7731e-03, 
 2DIAGNOSTIC,    29, -5.955619965641e-01, 9.699000564170e-04, 1.0268e+00, 5.5859e-03, 
 2DIAGNOSTIC,    30, -5.960977142456e-01, 8.366692960963e-04, 1.0321e+00, 5.3461e-03, 
 2DIAGNOSTIC,    31, -5.971105016185e-01, 6.606986236377e-04, 1.0383e+00, 6.1071e-03, 
 2DIAGNOSTIC,    32, -5.989728413262e-01, 4.853112632056e-04, 1.0465e+00, 8.2250e-03, 
 2DIAGNOSTIC,    33, -5.996340171336e-01, 3.222359248899e-04, 1.0517e+00, 5.1820e-03, 
 2DIAGNOSTIC,    34, -5.997688324981e-01, 2.443793017477e-04, 1.0568e+00, 5.1250e-03, 
 2DIAGNOSTIC,    35, -5.999328162937e-01, 2.224308792929e-04, 1.0631e+00, 6.3519e-03, 
 2DIAGNOSTIC,    36, -6.001598298692e-01, 1.965988112652e-04, 1.0684e+00, 5.2931e-03, 
 2DIAGNOSTIC,    37, -6.004938013112e-01, 1.767006123267e-04, 1.0743e+00, 5.8410e-03, 
 2DIAGNOSTIC,    38, -6.008280010288e-01, 1.536048166018e-04, 1.0797e+00, 5.4140e-03, 
 2DIAGNOSTIC,    39, -6.038559363472e-01, 1.574331423778e-04, 1.0859e+00, 6.2468e-03, 
 2DIAGNOSTIC,    40, -6.077047302631e-01, 1.993081234465e-04, 1.0916e+00, 5.6460e-03, 
 2DIAGNOSTIC,    41, -6.174632728780e-01, 3.481387433177e-04, 1.0987e+00, 7.0729e-03, 
 2DIAGNOSTIC,    42, -6.161977879393e-01, 4.608907450485e-04, 1.1100e+00, 1.1326e-02, 
 2DIAGNOSTIC,    43, -6.161564549642e-01, 5.335371429459e-04, 1.1150e+00, 5.0478e-03, 
 2DIAGNOSTIC,    44, -6.170772244197e-01, 5.644821203000e-04, 1.1198e+00, 4.7419e-03, 
 2DIAGNOSTIC,    45, -6.185357292933e-01, 5.560476035775e-04, 1.1244e+00, 4.6518e-03, 
 2DIAGNOSTIC,    46, -6.206472615272e-01, 5.180558933739e-04, 1.1291e+00, 4.6940e-03, 
 2DIAGNOSTIC,    47, -6.234100433907e-01, 4.649604910816e-04, 1.1337e+00, 4.6258e-03, 
 2DIAGNOSTIC,    48, -6.282459774048e-01, 4.232184235964e-04, 1.1385e+00, 4.8039e-03, 
 2DIAGNOSTIC,    49, -6.332856925818e-01, 4.219353879538e-04, 1.1433e+00, 4.7390e-03, 
 2DIAGNOSTIC,    50, -6.437673308866e-01, 5.158700457700e-04, 1.1482e+00, 4.8900e-03, 
 2DIAGNOSTIC,    51, -6.567709920504e-01, 7.709771084825e-04, 1.1531e+00, 4.9391e-03, 
 2DIAGNOSTIC,    52, -6.630139278695e-01, 9.856114623763e-04, 1.1586e+00, 5.5301e-03, 
 2DIAGNOSTIC,    53, -6.637658018483e-01, 1.103854783633e-03, 1.1635e+00, 4.8530e-03, 
 2DIAGNOSTIC,    54, -6.646848066133e-01, 1.129224514660e-03, 1.1685e+00, 4.9610e-03, 
 2DIAGNOSTIC,    55, -6.699954752528e-01, 1.103370172288e-03, 1.1775e+00, 9.0561e-03, 
 2DIAGNOSTIC,    56, -6.720089948240e-01, 1.005089780279e-03, 1.1845e+00, 7.0021e-03, 
 2DIAGNOSTIC,    57, -6.720481638313e-01, 8.375237591136e-04, 1.1892e+00, 4.6639e-03, 
 2DIAGNOSTIC,    58, -6.725919491394e-01, 6.425663558371e-04, 1.1944e+00, 5.1820e-03, 
 2DIAGNOSTIC,    59, -6.729036348850e-01, 4.360793400725e-04, 1.1991e+00, 4.7019e-03, 
 2DIAGNOSTIC,    60, -6.731488719197e-01, 2.773041782149e-04, 1.2038e+00, 4.6909e-03, 
 2DIAGNOSTIC,    61, -6.734259062558e-01, 1.993309462047e-04, 1.2085e+00, 4.7269e-03, 
 2DIAGNOSTIC,    62, -6.739132105172e-01, 1.568960730744e-04, 1.2132e+00, 4.7362e-03, 
 2DIAGNOSTIC,    63, -6.762843290189e-01, 1.247264878043e-04, 1.2200e+00, 6.7990e-03, 
 2DIAGNOSTIC,    64, -6.766381706747e-01, 8.969388583239e-05, 1.2251e+00, 5.0781e-03, 
 2DIAGNOSTIC,    65, -6.771215298899e-01, 8.898312307010e-05, 1.2300e+00, 4.8640e-03, 
 2DIAGNOSTIC,    66, -6.778537267273e-01, 9.953445697021e-05, 1.2358e+00, 5.8780e-03, 
 2DIAGNOSTIC,    67, -6.792267890186e-01, 1.098307356229e-04, 1.2431e+00, 7.2169e-03, 
 2DIAGNOSTIC,    68, -6.807681266873e-01, 1.231391753341e-04, 1.2481e+00, 5.0719e-03, 
 2DIAGNOSTIC,    69, -6.815200025655e-01, 1.312168144727e-04, 1.2531e+00, 4.9870e-03, 
 2DIAGNOSTIC,    70, -6.818105201397e-01, 1.303116221044e-04, 1.2595e+00, 6.3970e-03, 
 2DIAGNOSTIC,    71, -6.820510629045e-01, 1.205030552920e-04, 1.2645e+00, 4.9620e-03, 
 2DIAGNOSTIC,    72, -6.822317299909e-01, 1.032408864232e-04, 1.2694e+00, 4.9028e-03, 
 2DIAGNOSTIC,    73, -6.825798852971e-01, 9.372249133491e-05, 1.2760e+00, 6.6729e-03, 
 2DIAGNOSTIC,    74, -6.826263861885e-01, 7.797290357664e-05, 1.2810e+00, 4.9269e-03, 
 2DIAGNOSTIC,    75, -6.826914481420e-01, 5.871086396843e-05, 1.2862e+00, 5.1980e-03, 
 2DIAGNOSTIC,    76, -6.828123179356e-01, 3.951615718578e-05, 1.2908e+00, 4.5891e-03, 
 2DIAGNOSTIC,    77, -6.832344910350e-01, 2.762724257134e-05, 1.2955e+00, 4.7271e-03, 
 2DIAGNOSTIC,    78, -6.838171997418e-01, 2.580721337630e-05, 1.3024e+00, 6.9010e-03, 
 2DIAGNOSTIC,    79, -6.837376587513e-01, 2.541984029203e-05, 1.3070e+00, 4.6458e-03, 
 2DIAGNOSTIC,    80, -6.837941181822e-01, 2.471286282125e-05, 1.3116e+00, 4.6029e-03, 
 2DIAGNOSTIC,    81, -6.839726667356e-01, 2.407052048647e-05, 1.3163e+00, 4.6749e-03, 
 2DIAGNOSTIC,    82, -6.841107954264e-01, 2.281088399605e-05, 1.3210e+00, 4.6780e-03, 
 2DIAGNOSTIC,    83, -6.851047419019e-01, 2.675848689110e-05, 1.3277e+00, 6.6679e-03, 
 2DIAGNOSTIC,    84, -6.858177834706e-01, 3.208863191279e-05, 1.3336e+00, 5.9071e-03, 
 2DIAGNOSTIC,    85, -6.861557042090e-01, 3.640444496010e-05, 1.3414e+00, 7.8111e-03, 
 2DIAGNOSTIC,    86, -6.861559914790e-01, 3.780255560992e-05, 1.3493e+00, 7.9010e-03, 
 2DIAGNOSTIC,    87, -6.861670110318e-01, 3.777854731979e-05, 1.3590e+00, 9.7160e-03, 
 2DIAGNOSTIC,    88, -6.861800697183e-01, 3.717596633513e-05, 1.3639e+00, 4.9279e-03, 
 2DIAGNOSTIC,    89, -6.861877394700e-01, 3.259440670298e-05, 1.3692e+00, 5.2810e-03, 
 2DIAGNOSTIC,    90, -6.861915377389e-01, 2.533906349309e-05, 1.3737e+00, 4.5030e-03, 
 2DIAGNOSTIC,    91, -6.861985135056e-01, 1.686278161805e-05, 1.3782e+00, 4.5102e-03, 
 2DIAGNOSTIC,    92, -6.862113974769e-01, 7.665788590698e-06, 1.3827e+00, 4.4992e-03, 
 2DIAGNOSTIC,    93, -6.862267513423e-01, 2.805343744017e-06, 1.3873e+00, 4.6010e-03, 
 2DIAGNOSTIC,    94, -6.862421307650e-01, 1.275618566237e-06, 1.3924e+00, 5.1000e-03, 
 2DIAGNOSTIC,    95, -6.863402071230e-01, 1.765320184689e-06, 1.3985e+00, 6.1080e-03, 
 2DIAGNOSTIC,    96, -6.863401352808e-01, 2.097363411266e-06, 1.4033e+00, 4.7550e-03, 
 2DIAGNOSTIC,    97, -6.863402753037e-01, 2.310059428162e-06, 1.4078e+00, 4.5080e-03, 
 2DIAGNOSTIC,    98, -6.863407367920e-01, 2.396544651111e-06, 1.4122e+00, 4.4601e-03, 
 2DIAGNOSTIC,    99, -6.863418797620e-01, 2.321106353375e-06, 1.4167e+00, 4.4041e-03, 
 2DIAGNOSTIC,   100, -6.863434292584e-01, 2.073636246842e-06, 1.4306e+00, 1.3953e-02, 
 2DIAGNOSTIC,   101, -6.863434290970e-01, 1.693778432916e-06, 1.4446e+00, 1.3948e-02, 
 2DIAGNOSTIC,   102, -6.863434290970e-01, 1.253827519643e-06, 1.4515e+00, 6.9950e-03, 
DIAGNOSTIC,Iteration,metricValue,convergenceValue,ITERATION_TIME_INDEX,SINCE_LAST
 2DIAGNOSTIC,     1, -5.583125700295e-01, 1.797693134862e+308, 2.2099e+00, 7.5836e-01, 
 2DIAGNOSTIC,     2, -5.587681207705e-01, 1.797693134862e+308, 2.2392e+00, 2.9301e-02, 
 2DIAGNOSTIC,     3, -5.591008111298e-01, 1.797693134862e+308, 2.2686e+00, 2.9391e-02, 
 2DIAGNOSTIC,     4, -5.599290389853e-01, 1.797693134862e+308, 2.2979e+00, 2.9352e-02, 
 2DIAGNOSTIC,     5, -5.608877165136e-01, 1.797693134862e+308, 2.3310e+00, 3.3048e-02, 
 2DIAGNOSTIC,     6, -5.613229801535e-01, 1.797693134862e+308, 2.3607e+00, 2.9743e-02, 
 2DIAGNOSTIC,     7, -5.624635172832e-01, 1.797693134862e+308, 2.3945e+00, 3.3736e-02, 
 2DIAGNOSTIC,     8, -5.631321705883e-01, 1.797693134862e+308, 2.4348e+00, 4.0284e-02, 
 2DIAGNOSTIC,     9, -5.632643850108e-01, 1.797693134862e+308, 2.4706e+00, 3.5877e-02, 
 2DIAGNOSTIC,    10, -5.639253310638e-01, 6.933740345129e-04, 2.5026e+00, 3.1987e-02, 
 2DIAGNOSTIC,    11, -5.654728066933e-01, 6.699783642421e-04, 2.5379e+00, 3.5232e-02, 
 2DIAGNOSTIC,    12, -5.659947397568e-01, 6.301389318500e-04, 2.5719e+00, 3.4009e-02, 
 2DIAGNOSTIC,    13, -5.661019002232e-01, 5.566835215235e-04, 2.6054e+00, 3.3528e-02, 
 2DIAGNOSTIC,    14, -5.661235280128e-01, 4.747799944272e-04, 2.6417e+00, 3.6312e-02, 
 2DIAGNOSTIC,    15, -5.661571169982e-01, 3.942846415413e-04, 2.6822e+00, 4.0506e-02, 
 2DIAGNOSTIC,    16, -5.661460146053e-01, 2.997050870000e-04, 2.7154e+00, 3.3175e-02, 
 2DIAGNOSTIC,    17, -5.661223462231e-01, 2.214561016146e-04, 2.7482e+00, 3.2858e-02, 
 2DIAGNOSTIC,    18, -5.661151832470e-01, 1.509556944705e-04, 2.7768e+00, 2.8580e-02, 
 2DIAGNOSTIC,    19, -5.661086551084e-01, 7.761541981745e-05, 2.8096e+00, 3.2749e-02, 
 2DIAGNOSTIC,    20, -5.661115411449e-01, 2.038732128541e-05, 2.8395e+00, 2.9923e-02, 
 2DIAGNOSTIC,    21, -5.661054976665e-01, 3.568087191541e-06, 2.8755e+00, 3.5970e-02, 
DIAGNOSTIC,Iteration,metricValue,convergenceValue,ITERATION_TIME_INDEX,SINCE_LAST
 2DIAGNOSTIC,     1, -5.039474132228e-01, 1.797693134862e+308, 3.9878e+00, 1.1123e+00, 
 2DIAGNOSTIC,     2, -5.041255570625e-01, 1.797693134862e+308, 4.2570e+00, 2.6918e-01, 
 2DIAGNOSTIC,     3, -5.042645411122e-01, 1.797693134862e+308, 4.5167e+00, 2.5973e-01, 
 2DIAGNOSTIC,     4, -5.043251059601e-01, 1.797693134862e+308, 4.8223e+00, 3.0556e-01, 
 2DIAGNOSTIC,     5, -5.043532252558e-01, 1.797693134862e+308, 5.1224e+00, 3.0017e-01, 
 2DIAGNOSTIC,     6, -5.044527059525e-01, 1.797693134862e+308, 5.4544e+00, 3.3196e-01, 
 2DIAGNOSTIC,     7, -5.045302479461e-01, 1.797693134862e+308, 5.7409e+00, 2.8652e-01, 
 2DIAGNOSTIC,     8, -5.045619267416e-01, 1.797693134862e+308, 6.1652e+00, 4.2432e-01, 
 2DIAGNOSTIC,     9, -5.045606851349e-01, 1.797693134862e+308, 6.5198e+00, 3.5458e-01, 
 2DIAGNOSTIC,    10, -5.045610694645e-01, 7.726925394572e-05, 6.8168e+00, 2.9699e-01, 
 2DIAGNOSTIC,    11, -5.045602547986e-01, 5.254937393750e-05, 7.1183e+00, 3.0154e-01, 
 2DIAGNOSTIC,    12, -5.045566011923e-01, 3.547620173527e-05, 7.4107e+00, 2.9232e-01, 
 2DIAGNOSTIC,    13, -5.045624751032e-01, 2.432369278067e-05, 7.7011e+00, 2.9045e-01, 
 2DIAGNOSTIC,    14, -5.045627620466e-01, 1.528056807572e-05, 7.9873e+00, 2.8618e-01, 
 2DIAGNOSTIC,    15, -5.045634848215e-01, 7.286865065501e-06, 8.2984e+00, 3.1111e-01, 
 2DIAGNOSTIC,    16, -5.045636552073e-01, 3.266103475272e-06, 8.5776e+00, 2.7916e-01, 
 2DIAGNOSTIC,    17, -5.045643337856e-01, 2.164528485518e-06, 8.8281e+00, 2.5050e-01, 
 2DIAGNOSTIC,    18, -5.045622219479e-01, 2.081733898845e-06, 9.0949e+00, 2.6684e-01, 
 2DIAGNOSTIC,    19, -5.045618720250e-01, 1.930205425126e-06, 9.3210e+00, 2.2612e-01, 
 2DIAGNOSTIC,    20, -5.045608400998e-01, 1.753436203074e-06, 9.5535e+00, 2.3246e-01, 
 2DIAGNOSTIC,    21, -5.045638365019e-01, 1.641255600482e-06, 9.8200e+00, 2.6652e-01, 
 2DIAGNOSTIC,    22, -5.045653004657e-01, 1.464727792638e-06, 1.0083e+01, 2.6342e-01, 
 2DIAGNOSTIC,    23, -5.045668495073e-01, 1.484004761867e-06, 1.0344e+01, 2.6107e-01, 
 2DIAGNOSTIC,    24, -5.045681338149e-01, 1.529872977850e-06, 1.0590e+01, 2.4565e-01, 
 2DIAGNOSTIC,    25, -5.045666219712e-01, 1.534708974349e-06, 1.0843e+01, 2.5242e-01, 
 2DIAGNOSTIC,    26, -5.045658782224e-01, 1.501689890278e-06, 1.1082e+01, 2.3913e-01, 
 2DIAGNOSTIC,    27, -5.045633609839e-01, 1.407019368585e-06, 1.1356e+01, 2.7473e-01, 
 2DIAGNOSTIC,    28, -5.045644758173e-01, 1.278453335994e-06, 1.1594e+01, 2.3772e-01, 
 2DIAGNOSTIC,    29, -5.045666180232e-01, 1.180011907409e-06, 1.1857e+01, 2.6283e-01, 
 2DIAGNOSTIC,    30, -5.045678326788e-01, 1.081683680001e-06, 1.2116e+01, 2.5929e-01, 
 2DIAGNOSTIC,    31, -5.045691389825e-01, 1.066510975777e-06, 1.2395e+01, 2.7875e-01, 
 2DIAGNOSTIC,    32, -5.045742471027e-01, 1.164161065825e-06, 1.2653e+01, 2.5826e-01, 
 2DIAGNOSTIC,    33, -5.045765077498e-01, 1.301472772483e-06, 1.2942e+01, 2.8899e-01, 
 2DIAGNOSTIC,    34, -5.045770985222e-01, 1.429187765634e-06, 1.3281e+01, 3.3910e-01, 
 2DIAGNOSTIC,    35, -5.045745569914e-01, 1.438589951174e-06, 1.3566e+01, 2.8451e-01, 
 2DIAGNOSTIC,    36, -5.045710684020e-01, 1.333872809088e-06, 1.3857e+01, 2.9102e-01, 
 2DIAGNOSTIC,    37, -5.045703451426e-01, 1.142529423813e-06, 1.4155e+01, 2.9825e-01, 
DIAGNOSTIC,Iteration,metricValue,convergenceValue,ITERATION_TIME_INDEX,SINCE_LAST
 2DIAGNOSTIC,     1, -4.672702419596e-01, 1.797693134862e+308, 1.6812e+01, 2.6565e+00, 
 2DIAGNOSTIC,     2, -4.673663178797e-01, 1.797693134862e+308, 1.8245e+01, 1.4333e+00, 
 2DIAGNOSTIC,     3, -4.673884124458e-01, 1.797693134862e+308, 2.1168e+01, 2.9233e+00, 
 2DIAGNOSTIC,     4, -4.673885002798e-01, 1.797693134862e+308, 2.2862e+01, 1.6939e+00, 
 2DIAGNOSTIC,     5, -4.673884598379e-01, 1.797693134862e+308, 2.7541e+01, 4.6786e+00, 
 2DIAGNOSTIC,     6, -4.673884598332e-01, 1.797693134862e+308, 3.2146e+01, 4.6057e+00, 
 2DIAGNOSTIC,     7, -4.673884598332e-01, 1.797693134862e+308, 3.3818e+01, 1.6715e+00, 
 2DIAGNOSTIC,     8, -4.673884598332e-01, 1.797693134862e+308, 3.5703e+01, 1.8855e+00, 
 2DIAGNOSTIC,     9, -4.673884598332e-01, 1.797693134862e+308, 3.7363e+01, 1.6598e+00, 
 2DIAGNOSTIC,    10, -4.673884598332e-01, 1.154692857755e-05, 3.9282e+01, 1.9191e+00, 
 2DIAGNOSTIC,    11, -4.673884598332e-01, 4.116652701058e-06, 4.1240e+01, 1.9573e+00, 
 2DIAGNOSTIC,    12, -4.673884598332e-01, 2.651504080117e-06, 4.2910e+01, 1.6706e+00, 
 2DIAGNOSTIC,    13, -4.673884598332e-01, 2.445081531591e-06, 4.4598e+01, 1.6877e+00, 
 2DIAGNOSTIC,    14, -4.673884598332e-01, 2.272185890301e-06, 4.6127e+01, 1.5295e+00, 
 2DIAGNOSTIC,    15, -4.673884598332e-01, 2.120703987585e-06, 4.7674e+01, 1.5462e+00, 
 2DIAGNOSTIC,    16, -4.673884598332e-01, 1.988157500493e-06, 4.9240e+01, 1.5666e+00, 
 2DIAGNOSTIC,    17, -4.673884598332e-01, 1.871204993259e-06, 5.0860e+01, 1.6199e+00, 
 2DIAGNOSTIC,    18, -4.673884598332e-01, 1.767247425802e-06, 5.2360e+01, 1.4994e+00, 
 2DIAGNOSTIC,    19, -4.673884598332e-01, 1.674232933180e-06, 5.3963e+01, 1.6034e+00, 
 2DIAGNOSTIC,    20, -4.673884598332e-01, 1.590520029481e-06, 5.5821e+01, 1.8584e+00, 
 2DIAGNOSTIC,    21, -4.673884598332e-01, 1.514779897280e-06, 5.7435e+01, 1.6136e+00, 
 2DIAGNOSTIC,    22, -4.673884598332e-01, 1.445925325652e-06, 5.9086e+01, 1.6511e+00, 
 2DIAGNOSTIC,    23, -4.673884598332e-01, 1.383058186248e-06, 6.0465e+01, 1.3795e+00, 
 2DIAGNOSTIC,    24, -4.673884598332e-01, 1.325430040687e-06, 6.2092e+01, 1.6261e+00, 
 2DIAGNOSTIC,    25, -4.673884598332e-01, 1.272412202165e-06, 6.3768e+01, 1.6760e+00, 
 2DIAGNOSTIC,    26, -4.673884598332e-01, 1.223472706022e-06, 6.5323e+01, 1.5550e+00, 
 2DIAGNOSTIC,    27, -4.673884598332e-01, 1.178158398091e-06, 6.7010e+01, 1.6874e+00, 
 2DIAGNOSTIC,    28, -4.673884598332e-01, 1.136080861122e-06, 6.8628e+01, 1.6176e+00, 
 2DIAGNOSTIC,    29, -4.673884598332e-01, 1.096905253309e-06, 7.0462e+01, 1.8350e+00, 
 2DIAGNOSTIC,    30, -4.673884598332e-01, 1.060341378846e-06, 7.2176e+01, 1.7135e+00, 
 2DIAGNOSTIC,    31, -4.673884598332e-01, 1.026136486872e-06, 7.3895e+01, 1.7187e+00, 
  Elapsed time (stage 0): 7.4718e+01


Total elapsed time: 7.4721e+01
Info [verificarlo]: loaded backend libinterflop_vprec.so
Info [interflop-vprec]: load backend with: 
Info [interflop-vprec]: precision-binary32 = 18
Info [interflop-vprec]: range-binary32 = 7
Info [interflop-vprec]: precision-binary64 = 18
Info [interflop-vprec]: range-binary64 = 7
Info [interflop-vprec]: mode = ob
Info [interflop-vprec]: error-mode = rel
Info [interflop-vprec]: max-abs-error-exponent = -1022
Info [interflop-vprec]: daz = false
Info [interflop-vprec]: ftz = false
Info [interflop-vprec]: 	instrument = none
Info [interflop-vprec]: 	prec-input-file = (null)
Info [interflop-vprec]: 	prec-output-file = (null)
Info [interflop-vprec]: 	prec-log-file = (null)
All_Command_lines_OK
Using double precision for computations.
=============================================================================
The composite transform comprises the following transforms (in order): 
  1. /home/mdugre/scratch/mri-registration-rp/datasets/ds004513/derivatives/mri-registration-rp/0011/antsRegistration-r7-p18/sub-s035/rigid_Composite.h5[0] (type = Euler3DTransform)
  2. /home/mdugre/scratch/mri-registration-rp/datasets/ds004513/derivatives/mri-registration-rp/0011/antsRegistration-r7-p18/sub-s035/rigid_Composite.h5[1] (type = Euler3DTransform)
  3. /home/mdugre/scratch/mri-registration-rp/datasets/ds004513/derivatives/mri-registration-rp/0011/antsRegistration-r7-p18/sub-s035/rigid_Composite.h5[2] (type = Euler3DTransform)
=============================================================================
  number of levels = 4
  fixed image: /templateflow/tpl-MNI152NLin2009cAsym/tpl-MNI152NLin2009cAsym_res-01_desc-brain_T1w.nii.gz
  moving image: /home/mdugre/scratch/mri-registration-rp/datasets/ds004513/derivatives/mri-registration-rp/antsBrainExtraction/sub-s035/BrainExtractionBrain.nii.gz
Dimension = 3
Number of stages = 1
Use histogram matching = false
Winsorize image intensities = true
  Lower quantile = 0.005
  Upper quantile = 0.995


Stage 1 State
   Image metric = MattesMI
     Fixed image = Image (0x4c33490)
  RTTI typeinfo:   itk::Image<double, 3u>
  Reference Count: 2
  Modified Time: 1592
  Debug: Off
  Object Name: 
  Observers: 
    none
  Source: (none)
  Source output name: (none)
  Release Data: Off
  Data Released: False
  Global Release Data: Off
  PipelineMTime: 0
  UpdateMTime: 1203
  RealTimeStamp: 0 seconds 
  LargestPossibleRegion: 
    Dimension: 3
    Index: [0, 0, 0]
    Size: [193, 229, 193]
  BufferedRegion: 
    Dimension: 3
    Index: [0, 0, 0]
    Size: [193, 229, 193]
  RequestedRegion: 
    Dimension: 3
    Index: [0, 0, 0]
    Size: [193, 229, 193]
  Spacing: [1, 1, 1]
  Origin: [96, 132, -78]
  Direction: 
-1 0 0
0 -1 0
0 0 1

  IndexToPointMatrix: 
-1 0 0
0 -1 0
0 0 1

  PointToIndexMatrix: 
-1 0 0
0 -1 0
0 0 1

  Inverse Direction: 
-1 0 0
0 -1 0
0 0 1

  PixelContainer: 
    ImportImageContainer (0x4cfe8c0)
      RTTI typeinfo:   itk::ImportImageContainer<unsigned long, double>
      Reference Count: 1
      Modified Time: 1200
      Debug: Off
      Object Name: 
      Observers: 
        none
      Pointer: 0x14fe14efd010
      Container manages memory: true
      Size: 8530021
      Capacity: 8530021

     Moving image = Image (0x4ceeb60)
  RTTI typeinfo:   itk::Image<double, 3u>
  Reference Count: 2
  Modified Time: 1593
  Debug: Off
  Object Name: 
  Observers: 
    none
  Source: (none)
  Source output name: (none)
  Release Data: Off
  Data Released: False
  Global Release Data: Off
  PipelineMTime: 0
  UpdateMTime: 1590
  RealTimeStamp: 0 seconds 
  LargestPossibleRegion: 
    Dimension: 3
    Index: [0, 0, 0]
    Size: [160, 240, 256]
  BufferedRegion: 
    Dimension: 3
    Index: [0, 0, 0]
    Size: [160, 240, 256]
  RequestedRegion: 
    Dimension: 3
    Index: [0, 0, 0]
    Size: [160, 240, 256]
  Spacing: [1, 1, 1]
  Origin: [98.6438, 87.6357, -117.99]
  Direction: 
-0.993515 -0.100993 -0.0522355
0.100854 -0.994886 0.00530255
-0.0525039 1.93537e-08 0.998621

  IndexToPointMatrix: 
-0.993515 -0.100993 -0.0522355
0.100854 -0.994886 0.00530255
-0.0525039 1.93537e-08 0.998621

  PointToIndexMatrix: 
-0.993515 0.100854 -0.0525039
-0.100993 -0.994888 1.90735e-06
-0.0522356 0.00530243 0.998623

  Inverse Direction: 
-0.993515 0.100854 -0.0525039
-0.100993 -0.994888 1.90735e-06
-0.0522356 0.00530243 0.998623

  PixelContainer: 
    ImportImageContainer (0x4d821d0)
      RTTI typeinfo:   itk::ImportImageContainer<unsigned long, double>
      Reference Count: 1
      Modified Time: 1587
      Debug: Off
      Object Name: 
      Observers: 
        none
      Pointer: 0x14fe103fc010
      Container manages memory: true
      Size: 9830400
      Capacity: 9830400

     Weighting = 1
     Sampling strategy = regular
     Number of bins = 32
     Radius = 4
     Sampling percentage  = 0.25
   Transform = Affine
     Gradient step = 0.1
     Update field sigma (voxel space) = 0
     Total field sigma (voxel space) = 0
     Update field time sigma = 0
     Total field time sigma  = 0
     Number of time indices = 0
     Number of time point samples = 0
Registration using 1 total stages.

Stage 0
  iterations = 1000x500x250x100
  convergence threshold = 1e-06
  convergence window size = 10
  number of levels = 4
  using the Mattes MI metric (number of bins = 32, weight = 1, use gradient filter = 0)
  preprocessing:  winsorizing the image intensities
  Shrink factors (level 1 out of 4): [8, 8, 8]
  Shrink factors (level 2 out of 4): [4, 4, 4]
  Shrink factors (level 3 out of 4): [2, 2, 2]
  Shrink factors (level 4 out of 4): [1, 1, 1]
  smoothing sigmas per level: [3, 2, 1, 0]
  regular sampling (percentage = 0.25)

*** Running AffineTransform registration ***

DIAGNOSTIC,Iteration,metricValue,convergenceValue,ITERATION_TIME_INDEX,SINCE_LAST
 2DIAGNOSTIC,     1, -6.769321398812e-01, 1.797693134862e+308, 0.0000e+00, 0.0000e+00, 
 2DIAGNOSTIC,     2, -6.790070460405e-01, 1.797693134862e+308, 0.0000e+00, 0.0000e+00, 
 2DIAGNOSTIC,     3, -6.828770086475e-01, 1.797693134862e+308, 0.0000e+00, 0.0000e+00, 
 2DIAGNOSTIC,     4, -6.899874230916e-01, 1.797693134862e+308, 0.0000e+00, 0.0000e+00, 
 2DIAGNOSTIC,     5, -7.006814622208e-01, 1.797693134862e+308, 0.0000e+00, 0.0000e+00, 
 2DIAGNOSTIC,     6, -7.122452296219e-01, 1.797693134862e+308, 0.0000e+00, 0.0000e+00, 
 2DIAGNOSTIC,     7, -7.365181534392e-01, 1.797693134862e+308, 0.0000e+00, 0.0000e+00, 
 2DIAGNOSTIC,     8, -7.366676514053e-01, 1.797693134862e+308, 0.0000e+00, 0.0000e+00, 
 2DIAGNOSTIC,     9, -7.371528430543e-01, 1.797693134862e+308, 0.0000e+00, 0.0000e+00, 
 2DIAGNOSTIC,    10, -7.378630803452e-01, 6.943203468903e-03, 0.0000e+00, 0.0000e+00, 
 2DIAGNOSTIC,    11, -7.378292537044e-01, 5.840679530233e-03, 0.0000e+00, 0.0000e+00, 
 2DIAGNOSTIC,    12, -7.377686834381e-01, 4.463619041811e-03, 0.0000e+00, 0.0000e+00, 
 2DIAGNOSTIC,    13, -7.377970297373e-01, 3.023249370761e-03, 0.0000e+00, 0.0000e+00, 
 2DIAGNOSTIC,    14, -7.377061736973e-01, 1.725575204117e-03, 0.0000e+00, 0.0000e+00, 
 2DIAGNOSTIC,    15, -7.376207209541e-01, 7.269621489095e-04, 0.0000e+00, 0.0000e+00, 
 2DIAGNOSTIC,    16, -7.375560481835e-01, 5.676065181900e-05, 0.0000e+00, 0.0000e+00, 
 2DIAGNOSTIC,    17, -7.376217728537e-01, 2.702320043735e-05, 0.0000e+00, 0.0000e+00, 
DIAGNOSTIC,Iteration,metricValue,convergenceValue,ITERATION_TIME_INDEX,SINCE_LAST
 2DIAGNOSTIC,     1, -6.032947510728e-01, 1.797693134862e+308, 0.0000e+00, 0.0000e+00, 
 2DIAGNOSTIC,     2, -6.045824918447e-01, 1.797693134862e+308, 0.0000e+00, 0.0000e+00, 
 2DIAGNOSTIC,     3, -6.063853365828e-01, 1.797693134862e+308, 0.0000e+00, 0.0000e+00, 
 2DIAGNOSTIC,     4, -6.080992187490e-01, 1.797693134862e+308, 0.0000e+00, 0.0000e+00, 
 2DIAGNOSTIC,     5, -6.090720307044e-01, 1.797693134862e+308, 0.0000e+00, 0.0000e+00, 
 2DIAGNOSTIC,     6, -6.095554653790e-01, 1.797693134862e+308, 0.0000e+00, 0.0000e+00, 
 2DIAGNOSTIC,     7, -6.099669386771e-01, 1.797693134862e+308, 0.0000e+00, 0.0000e+00, 
 2DIAGNOSTIC,     8, -6.104163852726e-01, 1.797693134862e+308, 0.0000e+00, 0.0000e+00, 
 2DIAGNOSTIC,     9, -6.106142635411e-01, 1.797693134862e+308, 0.0000e+00, 0.0000e+00, 
 2DIAGNOSTIC,    10, -6.105825489671e-01, 7.666107995739e-04, 0.0000e+00, 0.0000e+00, 
 2DIAGNOSTIC,    11, -6.105899531167e-01, 5.181780749653e-04, 0.0000e+00, 0.0000e+00, 
 2DIAGNOSTIC,    12, -6.105776729289e-01, 3.138300397730e-04, 0.0000e+00, 0.0000e+00, 
 2DIAGNOSTIC,    13, -6.105869638544e-01, 1.765781367497e-04, 0.0000e+00, 0.0000e+00, 
 2DIAGNOSTIC,    14, -6.105850293621e-01, 9.956186751041e-05, 0.0000e+00, 0.0000e+00, 
 2DIAGNOSTIC,    15, -6.105985435054e-01, 5.458649286953e-05, 0.0000e+00, 0.0000e+00, 
 2DIAGNOSTIC,    16, -6.105818705711e-01, 2.394791003943e-05, 0.0000e+00, 0.0000e+00, 
 2DIAGNOSTIC,    17, -6.105620474593e-01, 5.365214893034e-06, 0.0000e+00, 0.0000e+00, 
DIAGNOSTIC,Iteration,metricValue,convergenceValue,ITERATION_TIME_INDEX,SINCE_LAST
 2DIAGNOSTIC,     1, -5.342401407580e-01, 1.797693134862e+308, 0.0000e+00, 0.0000e+00, 
 2DIAGNOSTIC,     2, -5.346487656322e-01, 1.797693134862e+308, 0.0000e+00, 0.0000e+00, 
 2DIAGNOSTIC,     3, -5.349211708701e-01, 1.797693134862e+308, 0.0000e+00, 0.0000e+00, 
 2DIAGNOSTIC,     4, -5.350595383831e-01, 1.797693134862e+308, 0.0000e+00, 0.0000e+00, 
 2DIAGNOSTIC,     5, -5.352286746203e-01, 1.797693134862e+308, 0.0000e+00, 0.0000e+00, 
 2DIAGNOSTIC,     6, -5.357109662951e-01, 1.797693134862e+308, 0.0000e+00, 0.0000e+00, 
 2DIAGNOSTIC,     7, -5.357702755570e-01, 1.797693134862e+308, 0.0000e+00, 0.0000e+00, 
 2DIAGNOSTIC,     8, -5.357996304223e-01, 1.797693134862e+308, 0.0000e+00, 0.0000e+00, 
 2DIAGNOSTIC,     9, -5.359146681687e-01, 1.797693134862e+308, 0.0000e+00, 0.0000e+00, 
 2DIAGNOSTIC,    10, -5.360942368474e-01, 2.148855100104e-04, 0.0000e+00, 0.0000e+00, 
 2DIAGNOSTIC,    11, -5.361337542115e-01, 1.662868743922e-04, 0.0000e+00, 0.0000e+00, 
 2DIAGNOSTIC,    12, -5.362882143333e-01, 1.358983060324e-04, 0.0000e+00, 0.0000e+00, 
 2DIAGNOSTIC,    13, -5.365645144076e-01, 1.207078911212e-04, 0.0000e+00, 0.0000e+00, 
 2DIAGNOSTIC,    14, -5.365864833124e-01, 1.027911677838e-04, 0.0000e+00, 0.0000e+00, 
 2DIAGNOSTIC,    15, -5.365835680662e-01, 8.357881458008e-05, 0.0000e+00, 0.0000e+00, 
 2DIAGNOSTIC,    16, -5.365841739797e-01, 7.542615897103e-05, 0.0000e+00, 0.0000e+00, 
 2DIAGNOSTIC,    17, -5.365832615475e-01, 6.329396759340e-05, 0.0000e+00, 0.0000e+00, 
 2DIAGNOSTIC,    18, -5.365833212075e-01, 4.753140869375e-05, 0.0000e+00, 0.0000e+00, 
 2DIAGNOSTIC,    19, -5.365832537882e-01, 3.229826435183e-05, 0.0000e+00, 0.0000e+00, 
 2DIAGNOSTIC,    20, -5.365832036273e-01, 2.064111131447e-05, 0.0000e+00, 0.0000e+00, 
 2DIAGNOSTIC,    21, -5.365831926457e-01, 9.298666434711e-06, 0.0000e+00, 0.0000e+00, 
 2DIAGNOSTIC,    22, -5.365832046437e-01, 1.798266491666e-06, 0.0000e+00, 0.0000e+00, 
 2DIAGNOSTIC,    23, -5.365832065997e-01, 1.271330161770e-06, 0.0000e+00, 0.0000e+00, 
 2DIAGNOSTIC,    24, -5.365832046945e-01, 1.284688289499e-06, 0.0000e+00, 0.0000e+00, 
 2DIAGNOSTIC,    25, -5.365832042967e-01, 1.237323042448e-06, 0.0000e+00, 0.0000e+00, 
 2DIAGNOSTIC,    26, -5.365832040583e-01, 1.208731134565e-06, 0.0000e+00, 0.0000e+00, 
 2DIAGNOSTIC,    27, -5.365832040583e-01, 1.164640097230e-06, 0.0000e+00, 0.0000e+00, 
 2DIAGNOSTIC,    28, -5.365832040389e-01, 1.125136150110e-06, 0.0000e+00, 0.0000e+00, 
 2DIAGNOSTIC,    29, -5.365831999339e-01, 1.087154151758e-06, 0.0000e+00, 0.0000e+00, 
 2DIAGNOSTIC,    30, -5.365832015531e-01, 1.050851701150e-06, 0.0000e+00, 0.0000e+00, 
 2DIAGNOSTIC,    31, -5.365832015531e-01, 1.016693416900e-06, 0.0000e+00, 0.0000e+00, 
DIAGNOSTIC,Iteration,metricValue,convergenceValue,ITERATION_TIME_INDEX,SINCE_LAST
