
##########################
# Experiment information #
##########################

EXPERIMENT_NAME: antsRegistration-r8-p23
VFC_BACKENDS: libinterflop_vprec.so --range-binary32=8 --precision-binary32=23 --range-binary64=8 --precision-binary64=23

SIF_IMG: /home/mdugre/projects/rrg-glatard/mdugre/containers/ants-vprec-no_metrics.simg

SUBJECT_ID: s025
INPUT_IMG: /home/mdugre/scratch/mri-registration-rp/datasets/ds004513/derivatives/mri-registration-rp/antsBrainExtraction/sub-s025/BrainExtractionBrain.nii.gz
OUTPUT_DIR: /home/mdugre/scratch/mri-registration-rp/datasets/ds004513/derivatives/mri-registration-rp/0011/antsRegistration-r8-p23/sub-s025

FIXED_IMG: /templateflow/tpl-MNI152NLin2009cAsym/tpl-MNI152NLin2009cAsym_res-01_desc-brain_T1w.nii.gz
DATA_DIR: /home/mdugre/scratch/mri-registration-rp/datasets/ds004513
TEMPLATEFLOW_DIR: /home/mdugre/projects/rrg-glatard/mdugre/templateflow
ITK_GLOBAL_DEFAULT_NUMBER_OF_THREADS: 16
##########################

Info [verificarlo]: loaded backend libinterflop_ieee.so
Info [interflop-ieee]: load backend with:
Info [interflop-ieee]: debug = false
Info [interflop-ieee]: debug-binary = false
Info [interflop-ieee]: no-backend-name = false
Info [interflop-ieee]: print-new-line = false
Info [interflop-ieee]: print-subnormal-normalized = false
Info [interflop-ieee]: count-op = false
All_Command_lines_OK
Using double precision for computations.
=============================================================================
The composite transform comprises the following transforms (in order): 
  1. Center of mass alignment using fixed image: /templateflow/tpl-MNI152NLin2009cAsym/tpl-MNI152NLin2009cAsym_res-01_desc-brain_T1w.nii.gz and moving image: /home/mdugre/scratch/mri-registration-rp/datasets/ds004513/derivatives/mri-registration-rp/antsBrainExtraction/sub-s025/BrainExtractionBrain.nii.gz (type = Euler3DTransform)
=============================================================================
  number of levels = 1
  fixed image: /templateflow/tpl-MNI152NLin2009cAsym/tpl-MNI152NLin2009cAsym_res-01_desc-brain_T1w.nii.gz
  moving image: /home/mdugre/scratch/mri-registration-rp/datasets/ds004513/derivatives/mri-registration-rp/antsBrainExtraction/sub-s025/BrainExtractionBrain.nii.gz
Dimension = 3
Number of stages = 1
Use histogram matching = false
Winsorize image intensities = true
  Lower quantile = 0.005
  Upper quantile = 0.995


Stage 1 State
   Image metric = MattesMI
     Fixed image = Image (0x4d6ce70)
  RTTI typeinfo:   itk::Image<double, 3u>
  Reference Count: 2
  Modified Time: 2334
  Debug: Off
  Object Name: 
  Observers: 
    none
  Source: (none)
  Source output name: (none)
  Release Data: Off
  Data Released: False
  Global Release Data: Off
  PipelineMTime: 0
  UpdateMTime: 1943
  RealTimeStamp: 0 seconds 
  LargestPossibleRegion: 
    Dimension: 3
    Index: [0, 0, 0]
    Size: [193, 229, 193]
  BufferedRegion: 
    Dimension: 3
    Index: [0, 0, 0]
    Size: [193, 229, 193]
  RequestedRegion: 
    Dimension: 3
    Index: [0, 0, 0]
    Size: [193, 229, 193]
  Spacing: [1, 1, 1]
  Origin: [96, 132, -78]
  Direction: 
-1 0 0
0 -1 0
0 0 1

  IndexToPointMatrix: 
-1 0 0
0 -1 0
0 0 1

  PointToIndexMatrix: 
-1 0 0
0 -1 0
0 0 1

  Inverse Direction: 
-1 0 0
0 -1 0
0 0 1

  PixelContainer: 
    ImportImageContainer (0x4d75c60)
      RTTI typeinfo:   itk::ImportImageContainer<unsigned long, double>
      Reference Count: 1
      Modified Time: 1940
      Debug: Off
      Object Name: 
      Observers: 
        none
      Pointer: 0x1461b50d7010
      Container manages memory: true
      Size: 8530021
      Capacity: 8530021

     Moving image = Image (0x4d78610)
  RTTI typeinfo:   itk::Image<double, 3u>
  Reference Count: 2
  Modified Time: 2335
  Debug: Off
  Object Name: 
  Observers: 
    none
  Source: (none)
  Source output name: (none)
  Release Data: Off
  Data Released: False
  Global Release Data: Off
  PipelineMTime: 0
  UpdateMTime: 2332
  RealTimeStamp: 0 seconds 
  LargestPossibleRegion: 
    Dimension: 3
    Index: [0, 0, 0]
    Size: [176, 240, 256]
  BufferedRegion: 
    Dimension: 3
    Index: [0, 0, 0]
    Size: [176, 240, 256]
  RequestedRegion: 
    Dimension: 3
    Index: [0, 0, 0]
    Size: [176, 240, 256]
  Spacing: [0.999999, 1, 1]
  Origin: [90.3778, 84.5091, -154.071]
  Direction: 
-0.999391 7.48184e-06 -0.0348969
-7.47664e-06 -1 -2.7953e-07
-0.0348969 -1.84481e-08 0.999391

  IndexToPointMatrix: 
-0.99939 7.48184e-06 -0.0348969
-7.47663e-06 -1 -2.7953e-07
-0.0348968 -1.84481e-08 0.999391

  PointToIndexMatrix: 
-0.999392 -7.47665e-06 -0.0348969
7.48184e-06 -1 -1.84481e-08
-0.0348969 -2.7953e-07 0.999391

  Inverse Direction: 
-0.999391 -7.47664e-06 -0.0348969
7.48184e-06 -1 -1.84481e-08
-0.0348969 -2.7953e-07 0.999391

  PixelContainer: 
    ImportImageContainer (0x4e11ef0)
      RTTI typeinfo:   itk::ImportImageContainer<unsigned long, double>
      Reference Count: 1
      Modified Time: 2329
      Debug: Off
      Object Name: 
      Observers: 
        none
      Pointer: 0x1461afe56010
      Container manages memory: true
      Size: 10813440
      Capacity: 10813440

     Weighting = 1
     Sampling strategy = regular
     Number of bins = 32
     Radius = 4
     Sampling percentage  = 0.25
   Transform = Rigid
     Gradient step = 0.1
     Update field sigma (voxel space) = 0
     Total field sigma (voxel space) = 0
     Update field time sigma = 0
     Total field time sigma  = 0
     Number of time indices = 0
     Number of time point samples = 0
Registration using 1 total stages.

Stage 0
  iterations = 0
  convergence threshold = 1e-06
  convergence window size = 10
  number of levels = 1
  using the Mattes MI metric (number of bins = 32, weight = 1, use gradient filter = 0)
  preprocessing:  winsorizing the image intensities
  Shrink factors (level 1 out of 1): [1, 1, 1]
  smoothing sigmas per level: [0]
  regular sampling (percentage = 0.25)

*** Running Euler3DTransform registration ***

  Elapsed time (stage 0): 1.14566


Total elapsed time: 1.14945
Info [verificarlo]: loaded backend libinterflop_ieee.so
Info [interflop-ieee]: load backend with:
Info [interflop-ieee]: debug = false
Info [interflop-ieee]: debug-binary = false
Info [interflop-ieee]: no-backend-name = false
Info [interflop-ieee]: print-new-line = false
Info [interflop-ieee]: print-subnormal-normalized = false
Info [interflop-ieee]: count-op = false
All_Command_lines_OK
Using double precision for computations.
=============================================================================
The composite transform comprises the following transforms (in order): 
  1. /home/mdugre/scratch/mri-registration-rp/datasets/ds004513/derivatives/mri-registration-rp/0011/antsRegistration-r8-p23/sub-s025/align_Composite.h5[0] (type = Euler3DTransform)
  2. /home/mdugre/scratch/mri-registration-rp/datasets/ds004513/derivatives/mri-registration-rp/0011/antsRegistration-r8-p23/sub-s025/align_Composite.h5[1] (type = Euler3DTransform)
=============================================================================
  number of levels = 4
  fixed image: /templateflow/tpl-MNI152NLin2009cAsym/tpl-MNI152NLin2009cAsym_res-01_desc-brain_T1w.nii.gz
  moving image: /home/mdugre/scratch/mri-registration-rp/datasets/ds004513/derivatives/mri-registration-rp/antsBrainExtraction/sub-s025/BrainExtractionBrain.nii.gz
Dimension = 3
Number of stages = 1
Use histogram matching = false
Winsorize image intensities = true
  Lower quantile = 0.005
  Upper quantile = 0.995


Stage 1 State
   Image metric = MattesMI
     Fixed image = Image (0x4e43530)
  RTTI typeinfo:   itk::Image<double, 3u>
  Reference Count: 2
  Modified Time: 1580
  Debug: Off
  Object Name: 
  Observers: 
    none
  Source: (none)
  Source output name: (none)
  Release Data: Off
  Data Released: False
  Global Release Data: Off
  PipelineMTime: 0
  UpdateMTime: 1189
  RealTimeStamp: 0 seconds 
  LargestPossibleRegion: 
    Dimension: 3
    Index: [0, 0, 0]
    Size: [193, 229, 193]
  BufferedRegion: 
    Dimension: 3
    Index: [0, 0, 0]
    Size: [193, 229, 193]
  RequestedRegion: 
    Dimension: 3
    Index: [0, 0, 0]
    Size: [193, 229, 193]
  Spacing: [1, 1, 1]
  Origin: [96, 132, -78]
  Direction: 
-1 0 0
0 -1 0
0 0 1

  IndexToPointMatrix: 
-1 0 0
0 -1 0
0 0 1

  PointToIndexMatrix: 
-1 0 0
0 -1 0
0 0 1

  Inverse Direction: 
-1 0 0
0 -1 0
0 0 1

  PixelContainer: 
    ImportImageContainer (0x4f01d60)
      RTTI typeinfo:   itk::ImportImageContainer<unsigned long, double>
      Reference Count: 1
      Modified Time: 1186
      Debug: Off
      Object Name: 
      Observers: 
        none
      Pointer: 0x14666f433010
      Container manages memory: true
      Size: 8530021
      Capacity: 8530021

     Moving image = Image (0x4ef3f60)
  RTTI typeinfo:   itk::Image<double, 3u>
  Reference Count: 2
  Modified Time: 1581
  Debug: Off
  Object Name: 
  Observers: 
    none
  Source: (none)
  Source output name: (none)
  Release Data: Off
  Data Released: False
  Global Release Data: Off
  PipelineMTime: 0
  UpdateMTime: 1578
  RealTimeStamp: 0 seconds 
  LargestPossibleRegion: 
    Dimension: 3
    Index: [0, 0, 0]
    Size: [176, 240, 256]
  BufferedRegion: 
    Dimension: 3
    Index: [0, 0, 0]
    Size: [176, 240, 256]
  RequestedRegion: 
    Dimension: 3
    Index: [0, 0, 0]
    Size: [176, 240, 256]
  Spacing: [0.999999, 1, 1]
  Origin: [90.3778, 84.5091, -154.071]
  Direction: 
-0.999391 7.48184e-06 -0.0348969
-7.47664e-06 -1 -2.7953e-07
-0.0348969 -1.84481e-08 0.999391

  IndexToPointMatrix: 
-0.99939 7.48184e-06 -0.0348969
-7.47663e-06 -1 -2.7953e-07
-0.0348968 -1.84481e-08 0.999391

  PointToIndexMatrix: 
-0.999392 -7.47665e-06 -0.0348969
7.48184e-06 -1 -1.84481e-08
-0.0348969 -2.7953e-07 0.999391

  Inverse Direction: 
-0.999391 -7.47664e-06 -0.0348969
7.48184e-06 -1 -1.84481e-08
-0.0348969 -2.7953e-07 0.999391

  PixelContainer: 
    ImportImageContainer (0x4ee56d0)
      RTTI typeinfo:   itk::ImportImageContainer<unsigned long, double>
      Reference Count: 1
      Modified Time: 1575
      Debug: Off
      Object Name: 
      Observers: 
        none
      Pointer: 0x14666a1b2010
      Container manages memory: true
      Size: 10813440
      Capacity: 10813440

     Weighting = 1
     Sampling strategy = regular
     Number of bins = 32
     Radius = 4
     Sampling percentage  = 0.25
   Transform = Rigid
     Gradient step = 0.1
     Update field sigma (voxel space) = 0
     Total field sigma (voxel space) = 0
     Update field time sigma = 0
     Total field time sigma  = 0
     Number of time indices = 0
     Number of time point samples = 0
Registration using 1 total stages.

Stage 0
  iterations = 1000x500x250x100
  convergence threshold = 1e-06
  convergence window size = 10
  number of levels = 4
  using the Mattes MI metric (number of bins = 32, weight = 1, use gradient filter = 0)
  preprocessing:  winsorizing the image intensities
  Shrink factors (level 1 out of 4): [8, 8, 8]
  Shrink factors (level 2 out of 4): [4, 4, 4]
  Shrink factors (level 3 out of 4): [2, 2, 2]
  Shrink factors (level 4 out of 4): [1, 1, 1]
  smoothing sigmas per level: [3, 2, 1, 0]
  regular sampling (percentage = 0.25)

*** Running Euler3DTransform registration ***

DIAGNOSTIC,Iteration,metricValue,convergenceValue,ITERATION_TIME_INDEX,SINCE_LAST
 2DIAGNOSTIC,     1, -5.323241903179e-01, 1.797693134862e+308, 8.5408e-01, 8.5408e-01, 
 2DIAGNOSTIC,     2, -5.346190553927e-01, 1.797693134862e+308, 8.5867e-01, 4.5898e-03, 
 2DIAGNOSTIC,     3, -5.378036555361e-01, 1.797693134862e+308, 8.6327e-01, 4.5981e-03, 
 2DIAGNOSTIC,     4, -5.422949451405e-01, 1.797693134862e+308, 8.6742e-01, 4.1540e-03, 
 2DIAGNOSTIC,     5, -5.486805952477e-01, 1.797693134862e+308, 8.7233e-01, 4.9140e-03, 
 2DIAGNOSTIC,     6, -5.542790085272e-01, 1.797693134862e+308, 8.7667e-01, 4.3340e-03, 
 2DIAGNOSTIC,     7, -5.627123115611e-01, 1.797693134862e+308, 8.8200e-01, 5.3370e-03, 
 2DIAGNOSTIC,     8, -5.766609943856e-01, 1.797693134862e+308, 8.8660e-01, 4.5941e-03, 
 2DIAGNOSTIC,     9, -5.881111419397e-01, 1.797693134862e+308, 8.9143e-01, 4.8289e-03, 
 2DIAGNOSTIC,    10, -6.012927005665e-01, 7.820055967721e-03, 8.9797e-01, 6.5451e-03, 
 2DIAGNOSTIC,    11, -6.192402913587e-01, 8.564422673924e-03, 9.0808e-01, 1.0108e-02, 
 2DIAGNOSTIC,    12, -6.197111897438e-01, 8.513711436476e-03, 9.1308e-01, 4.9970e-03, 
 2DIAGNOSTIC,    13, -6.223136777511e-01, 7.932305190629e-03, 9.1805e-01, 4.9691e-03, 
 2DIAGNOSTIC,    14, -6.239859078535e-01, 6.938967258810e-03, 9.2337e-01, 5.3248e-03, 
 2DIAGNOSTIC,    15, -6.258731029039e-01, 5.722268374554e-03, 9.2901e-01, 5.6350e-03, 
 2DIAGNOSTIC,    16, -6.290042957052e-01, 4.404898010766e-03, 9.3384e-01, 4.8301e-03, 
 2DIAGNOSTIC,    17, -6.327399548215e-01, 3.192249458179e-03, 9.3996e-01, 6.1240e-03, 
 2DIAGNOSTIC,    18, -6.361770329223e-01, 2.298162514804e-03, 9.4585e-01, 5.8870e-03, 
 2DIAGNOSTIC,    19, -6.381920794905e-01, 1.629119691359e-03, 9.5107e-01, 5.2180e-03, 
 2DIAGNOSTIC,    20, -6.414786468754e-01, 1.264281191314e-03, 9.5570e-01, 4.6310e-03, 
 2DIAGNOSTIC,    21, -6.422621311695e-01, 1.244231354920e-03, 9.6025e-01, 4.5502e-03, 
 2DIAGNOSTIC,    22, -6.443386369851e-01, 1.164065699983e-03, 9.6477e-01, 4.5211e-03, 
 2DIAGNOSTIC,    23, -6.458367311134e-01, 1.066297096413e-03, 9.6951e-01, 4.7381e-03, 
 2DIAGNOSTIC,    24, -6.528535018064e-01, 1.047817947856e-03, 9.7501e-01, 5.5070e-03, 
 2DIAGNOSTIC,    25, -6.591704568737e-01, 1.083081274905e-03, 9.8164e-01, 6.6309e-03, 
 2DIAGNOSTIC,    26, -6.605963669914e-01, 1.093549201506e-03, 9.8691e-01, 5.2650e-03, 
 2DIAGNOSTIC,    27, -6.608439802400e-01, 1.070984927518e-03, 9.9166e-01, 4.7510e-03, 
 2DIAGNOSTIC,    28, -6.615671812250e-01, 1.019502605795e-03, 9.9701e-01, 5.3489e-03, 
 2DIAGNOSTIC,    29, -6.628794708752e-01, 9.260608758462e-04, 1.0022e+00, 5.2059e-03, 
 2DIAGNOSTIC,    30, -6.728294278158e-01, 9.537360307684e-04, 1.0097e+00, 7.4539e-03, 
 2DIAGNOSTIC,    31, -6.735477836091e-01, 9.084127037805e-04, 1.0155e+00, 5.8520e-03, 
 2DIAGNOSTIC,    32, -6.743491164390e-01, 8.254094664056e-04, 1.0219e+00, 6.3581e-03, 
 2DIAGNOSTIC,    33, -6.778518095423e-01, 7.396569639459e-04, 1.0279e+00, 6.0050e-03, 
 2DIAGNOSTIC,    34, -6.872953294677e-01, 8.064160967140e-04, 1.0387e+00, 1.0824e-02, 
 2DIAGNOSTIC,    35, -6.877328981939e-01, 8.751689779714e-04, 1.0436e+00, 4.8430e-03, 
 2DIAGNOSTIC,    36, -6.893221946290e-01, 8.964420004592e-04, 1.0494e+00, 5.8091e-03, 
 2DIAGNOSTIC,    37, -6.927395569104e-01, 8.791685071771e-04, 1.0541e+00, 4.7350e-03, 
 2DIAGNOSTIC,    38, -7.010287940381e-01, 8.854228827081e-04, 1.0596e+00, 5.4641e-03, 
 2DIAGNOSTIC,    39, -7.063963984701e-01, 8.771829895587e-04, 1.0644e+00, 4.8630e-03, 
 2DIAGNOSTIC,    40, -7.084255813456e-01, 9.204217243610e-04, 1.0703e+00, 5.8770e-03, 
 2DIAGNOSTIC,    41, -7.161129368838e-01, 9.682588312874e-04, 1.0765e+00, 6.1619e-03, 
 2DIAGNOSTIC,    42, -7.193694542140e-01, 9.624833787087e-04, 1.0835e+00, 7.0069e-03, 
 2DIAGNOSTIC,    43, -7.222727364219e-01, 9.276244708888e-04, 1.0885e+00, 4.9829e-03, 
 2DIAGNOSTIC,    44, -7.286236774830e-01, 9.652730433375e-04, 1.0935e+00, 5.0402e-03, 
 2DIAGNOSTIC,    45, -7.393097880472e-01, 1.017454963303e-03, 1.0996e+00, 6.0880e-03, 
 2DIAGNOSTIC,    46, -7.439969166811e-01, 1.027664498112e-03, 1.1047e+00, 5.1041e-03, 
 2DIAGNOSTIC,    47, -7.512869850183e-01, 1.037822371723e-03, 1.1139e+00, 9.2509e-03, 
 2DIAGNOSTIC,    48, -7.533841821971e-01, 1.042421177618e-03, 1.1187e+00, 4.7510e-03, 
 2DIAGNOSTIC,    49, -7.538692766303e-01, 9.996491575205e-04, 1.1258e+00, 7.0829e-03, 
 2DIAGNOSTIC,    50, -7.548168497708e-01, 8.872714469628e-04, 1.1314e+00, 5.5890e-03, 
 2DIAGNOSTIC,    51, -7.570335200363e-01, 7.785041154908e-04, 1.1364e+00, 5.0890e-03, 
 2DIAGNOSTIC,    52, -7.581621151408e-01, 6.363365434547e-04, 1.1418e+00, 5.3940e-03, 
 2DIAGNOSTIC,    53, -7.587654722880e-01, 4.677251110626e-04, 1.1475e+00, 5.6131e-03, 
 2DIAGNOSTIC,    54, -7.591094037682e-01, 3.138463528739e-04, 1.1522e+00, 4.7510e-03, 
 2DIAGNOSTIC,    55, -7.612300364118e-01, 2.358890497708e-04, 1.1606e+00, 8.3692e-03, 
 2DIAGNOSTIC,    56, -7.613184158738e-01, 1.729540110891e-04, 1.1664e+00, 5.8389e-03, 
 2DIAGNOSTIC,    57, -7.612384491390e-01, 1.496089094495e-04, 1.1717e+00, 5.3232e-03, 
 2DIAGNOSTIC,    58, -7.610334419823e-01, 1.271680521933e-04, 1.1767e+00, 4.9999e-03, 
 2DIAGNOSTIC,    59, -7.609636110472e-01, 9.649447496094e-05, 1.1818e+00, 5.0809e-03, 
 2DIAGNOSTIC,    60, -7.609095507680e-01, 6.351778765961e-05, 1.1868e+00, 5.0051e-03, 
 2DIAGNOSTIC,    61, -7.611122522511e-01, 4.224709350934e-05, 1.1931e+00, 6.2830e-03, 
 2DIAGNOSTIC,    62, -7.609315775232e-01, 2.429601988316e-05, 1.1983e+00, 5.1889e-03, 
 2DIAGNOSTIC,    63, -7.608930880909e-01, 8.662994366658e-06, 1.2035e+00, 5.2440e-03, 
DIAGNOSTIC,Iteration,metricValue,convergenceValue,ITERATION_TIME_INDEX,SINCE_LAST
 2DIAGNOSTIC,     1, -6.055732356294e-01, 1.797693134862e+308, 2.0179e+00, 8.1437e-01, 
 2DIAGNOSTIC,     2, -6.064423330718e-01, 1.797693134862e+308, 2.0490e+00, 3.1083e-02, 
 2DIAGNOSTIC,     3, -6.074979417435e-01, 1.797693134862e+308, 2.0816e+00, 3.2590e-02, 
 2DIAGNOSTIC,     4, -6.085952266930e-01, 1.797693134862e+308, 2.1278e+00, 4.6211e-02, 
 2DIAGNOSTIC,     5, -6.095772550253e-01, 1.797693134862e+308, 2.1580e+00, 3.0205e-02, 
 2DIAGNOSTIC,     6, -6.108001440238e-01, 1.797693134862e+308, 2.1884e+00, 3.0358e-02, 
 2DIAGNOSTIC,     7, -6.123693943244e-01, 1.797693134862e+308, 2.2190e+00, 3.0673e-02, 
 2DIAGNOSTIC,     8, -6.152928868383e-01, 1.797693134862e+308, 2.2554e+00, 3.6329e-02, 
 2DIAGNOSTIC,     9, -6.165285858915e-01, 1.797693134862e+308, 2.3068e+00, 5.1419e-02, 
 2DIAGNOSTIC,    10, -6.170287712146e-01, 1.291912160088e-03, 2.3438e+00, 3.6997e-02, 
 2DIAGNOSTIC,    11, -6.177589882962e-01, 1.191725999926e-03, 2.3808e+00, 3.7052e-02, 
 2DIAGNOSTIC,    12, -6.204290875489e-01, 1.136949830568e-03, 2.4261e+00, 4.5312e-02, 
 2DIAGNOSTIC,    13, -6.208545334009e-01, 1.036920138736e-03, 2.4669e+00, 4.0794e-02, 
 2DIAGNOSTIC,    14, -6.210569423827e-01, 9.008045768167e-04, 2.5014e+00, 3.4458e-02, 
 2DIAGNOSTIC,    15, -6.209766555200e-01, 7.307203215633e-04, 2.5317e+00, 3.0317e-02, 
 2DIAGNOSTIC,    16, -6.209889066245e-01, 5.509972249147e-04, 2.5671e+00, 3.5361e-02, 
 2DIAGNOSTIC,    17, -6.209823734466e-01, 3.816683288067e-04, 2.6050e+00, 3.7973e-02, 
 2DIAGNOSTIC,    18, -6.209666778722e-01, 2.699596694602e-04, 2.6416e+00, 3.6591e-02, 
 2DIAGNOSTIC,    19, -6.209613383138e-01, 1.759993125707e-04, 2.6797e+00, 3.8085e-02, 
 2DIAGNOSTIC,    20, -6.209551161604e-01, 8.715200195359e-05, 2.7276e+00, 4.7913e-02, 
 2DIAGNOSTIC,    21, -6.209165141003e-01, 1.256460496801e-05, 2.7691e+00, 4.1446e-02, 
DIAGNOSTIC,Iteration,metricValue,convergenceValue,ITERATION_TIME_INDEX,SINCE_LAST
 2DIAGNOSTIC,     1, -5.343283996388e-01, 1.797693134862e+308, 4.0436e+00, 1.2745e+00, 
 2DIAGNOSTIC,     2, -5.344543998232e-01, 1.797693134862e+308, 4.3066e+00, 2.6303e-01, 
 2DIAGNOSTIC,     3, -5.345580831783e-01, 1.797693134862e+308, 4.6199e+00, 3.1325e-01, 
 2DIAGNOSTIC,     4, -5.345737129722e-01, 1.797693134862e+308, 4.8808e+00, 2.6094e-01, 
 2DIAGNOSTIC,     5, -5.346281267766e-01, 1.797693134862e+308, 5.1514e+00, 2.7058e-01, 
 2DIAGNOSTIC,     6, -5.347959659035e-01, 1.797693134862e+308, 5.4278e+00, 2.7644e-01, 
 2DIAGNOSTIC,     7, -5.350465170199e-01, 1.797693134862e+308, 5.7015e+00, 2.7369e-01, 
 2DIAGNOSTIC,     8, -5.355331758285e-01, 1.797693134862e+308, 6.1418e+00, 4.4033e-01, 
 2DIAGNOSTIC,     9, -5.356114663446e-01, 1.797693134862e+308, 6.4553e+00, 3.1348e-01, 
 2DIAGNOSTIC,    10, -5.356419940911e-01, 1.762587272455e-04, 6.8210e+00, 3.6572e-01, 
 2DIAGNOSTIC,    11, -5.358581210098e-01, 1.740040622955e-04, 7.3566e+00, 5.3551e-01, 
 2DIAGNOSTIC,    12, -5.358582956093e-01, 1.617894783026e-04, 7.6527e+00, 2.9614e-01, 
 2DIAGNOSTIC,    13, -5.358585490339e-01, 1.411969423597e-04, 7.9488e+00, 2.9607e-01, 
 2DIAGNOSTIC,    14, -5.358581812026e-01, 1.117100228624e-04, 8.2761e+00, 3.2737e-01, 
 2DIAGNOSTIC,    15, -5.358548984777e-01, 7.814009391031e-05, 8.5685e+00, 2.9238e-01, 
 2DIAGNOSTIC,    16, -5.358551294015e-01, 4.725506095515e-05, 8.9640e+00, 3.9549e-01, 
 2DIAGNOSTIC,    17, -5.358533533739e-01, 2.319200292843e-05, 9.2529e+00, 2.8890e-01, 
 2DIAGNOSTIC,    18, -5.358528145729e-01, 1.422227376120e-05, 9.5877e+00, 3.3475e-01, 
 2DIAGNOSTIC,    19, -5.358534370508e-01, 7.297392919152e-06, 9.9119e+00, 3.2424e-01, 
 2DIAGNOSTIC,    20, -5.358528687701e-01, 1.174148755917e-06, 1.0171e+01, 2.5908e-01, 
 2DIAGNOSTIC,    21, -5.358525541398e-01, 1.129241449391e-06, 1.0490e+01, 3.1936e-01, 
 2DIAGNOSTIC,    22, -5.358496727048e-01, 1.058697890757e-06, 1.0825e+01, 3.3424e-01, 
 2DIAGNOSTIC,    23, -5.358498275359e-01, 1.041375315688e-06, 1.1122e+01, 2.9788e-01, 
 2DIAGNOSTIC,    24, -5.358477549402e-01, 1.004036568372e-06, 1.1381e+01, 2.5892e-01, 
DIAGNOSTIC,Iteration,metricValue,convergenceValue,ITERATION_TIME_INDEX,SINCE_LAST
 2DIAGNOSTIC,     1, -4.894294790300e-01, 1.797693134862e+308, 1.4231e+01, 2.8498e+00, 
 2DIAGNOSTIC,     2, -4.894379964062e-01, 1.797693134862e+308, 1.6083e+01, 1.8520e+00, 
 2DIAGNOSTIC,     3, -4.894387090548e-01, 1.797693134862e+308, 1.7582e+01, 1.4985e+00, 
 2DIAGNOSTIC,     4, -4.894410867681e-01, 1.797693134862e+308, 1.9128e+01, 1.5463e+00, 
 2DIAGNOSTIC,     5, -4.894528603026e-01, 1.797693134862e+308, 2.0619e+01, 1.4908e+00, 
 2DIAGNOSTIC,     6, -4.894698225549e-01, 1.797693134862e+308, 2.2123e+01, 1.5047e+00, 
 2DIAGNOSTIC,     7, -4.895350325936e-01, 1.797693134862e+308, 2.3643e+01, 1.5195e+00, 
 2DIAGNOSTIC,     8, -4.897279425286e-01, 1.797693134862e+308, 2.5912e+01, 2.2687e+00, 
 2DIAGNOSTIC,     9, -4.897345046602e-01, 1.797693134862e+308, 2.7895e+01, 1.9837e+00, 
 2DIAGNOSTIC,    10, -4.897330227707e-01, 5.034197551655e-05, 2.9997e+01, 2.1015e+00, 
 2DIAGNOSTIC,    11, -4.897328681613e-01, 5.024262930411e-05, 3.2081e+01, 2.0839e+00, 
 2DIAGNOSTIC,    12, -4.897326234319e-01, 4.623737020619e-05, 3.3848e+01, 1.7678e+00, 
 2DIAGNOSTIC,    13, -4.897326811321e-01, 3.880507084575e-05, 3.5361e+01, 1.5126e+00, 
 2DIAGNOSTIC,    14, -4.897324908029e-01, 2.922715977945e-05, 3.6820e+01, 1.4591e+00, 
 2DIAGNOSTIC,    15, -4.897324463549e-01, 1.905330328959e-05, 3.8507e+01, 1.6869e+00, 
 2DIAGNOSTIC,    16, -4.897324326685e-01, 9.234459479771e-06, 4.0019e+01, 1.5125e+00, 
 2DIAGNOSTIC,    17, -4.897320224708e-01, 1.929607013902e-06, 4.1700e+01, 1.6810e+00, 
 2DIAGNOSTIC,    18, -4.897320311494e-01, 1.646118030073e-06, 4.3732e+01, 2.0313e+00, 
 2DIAGNOSTIC,    19, -4.897319455501e-01, 1.602645452237e-06, 4.5299e+01, 1.5668e+00, 
 2DIAGNOSTIC,    20, -4.897318491162e-01, 1.524390220546e-06, 4.6940e+01, 1.6417e+00, 
 2DIAGNOSTIC,    21, -4.897317502613e-01, 1.453003512161e-06, 4.8615e+01, 1.6745e+00, 
 2DIAGNOSTIC,    22, -4.897316451400e-01, 1.384736465014e-06, 5.0290e+01, 1.6754e+00, 
 2DIAGNOSTIC,    23, -4.897315370133e-01, 1.327049454748e-06, 5.1748e+01, 1.4577e+00, 
 2DIAGNOSTIC,    24, -4.897314345941e-01, 1.272274165881e-06, 5.3135e+01, 1.3870e+00, 
 2DIAGNOSTIC,    25, -4.897313421383e-01, 1.223662672509e-06, 5.4572e+01, 1.4376e+00, 
 2DIAGNOSTIC,    26, -4.897313830267e-01, 1.184280602737e-06, 5.6263e+01, 1.6904e+00, 
 2DIAGNOSTIC,    27, -4.897314240430e-01, 1.143495780051e-06, 5.7698e+01, 1.4352e+00, 
 2DIAGNOSTIC,    28, -4.897313771962e-01, 1.108119611300e-06, 5.9358e+01, 1.6596e+00, 
 2DIAGNOSTIC,    29, -4.897314605891e-01, 1.077890618477e-06, 6.1119e+01, 1.7611e+00, 
 2DIAGNOSTIC,    30, -4.897313978887e-01, 1.048395884592e-06, 6.2819e+01, 1.6998e+00, 
 2DIAGNOSTIC,    31, -4.897313349791e-01, 1.018947920393e-06, 6.4511e+01, 1.6927e+00, 
  Elapsed time (stage 0): 6.5438e+01


Total elapsed time: 6.5441e+01
Info [verificarlo]: loaded backend libinterflop_vprec.so
Info [interflop-vprec]: load backend with: 
Info [interflop-vprec]: precision-binary32 = 23
Info [interflop-vprec]: range-binary32 = 8
Info [interflop-vprec]: precision-binary64 = 23
Info [interflop-vprec]: range-binary64 = 8
Info [interflop-vprec]: mode = ob
Info [interflop-vprec]: error-mode = rel
Info [interflop-vprec]: max-abs-error-exponent = -1022
Info [interflop-vprec]: daz = false
Info [interflop-vprec]: ftz = false
Info [interflop-vprec]: 	instrument = none
Info [interflop-vprec]: 	prec-input-file = (null)
Info [interflop-vprec]: 	prec-output-file = (null)
Info [interflop-vprec]: 	prec-log-file = (null)
All_Command_lines_OK
Using double precision for computations.
=============================================================================
The composite transform comprises the following transforms (in order): 
  1. /home/mdugre/scratch/mri-registration-rp/datasets/ds004513/derivatives/mri-registration-rp/0011/antsRegistration-r8-p23/sub-s025/rigid_Composite.h5[0] (type = Euler3DTransform)
  2. /home/mdugre/scratch/mri-registration-rp/datasets/ds004513/derivatives/mri-registration-rp/0011/antsRegistration-r8-p23/sub-s025/rigid_Composite.h5[1] (type = Euler3DTransform)
  3. /home/mdugre/scratch/mri-registration-rp/datasets/ds004513/derivatives/mri-registration-rp/0011/antsRegistration-r8-p23/sub-s025/rigid_Composite.h5[2] (type = Euler3DTransform)
=============================================================================
  number of levels = 4
  fixed image: /templateflow/tpl-MNI152NLin2009cAsym/tpl-MNI152NLin2009cAsym_res-01_desc-brain_T1w.nii.gz
  moving image: /home/mdugre/scratch/mri-registration-rp/datasets/ds004513/derivatives/mri-registration-rp/antsBrainExtraction/sub-s025/BrainExtractionBrain.nii.gz
Dimension = 3
Number of stages = 1
Use histogram matching = false
Winsorize image intensities = true
  Lower quantile = 0.005
  Upper quantile = 0.995


Stage 1 State
   Image metric = MattesMI
     Fixed image = Image (0x35e4490)
  RTTI typeinfo:   itk::Image<double, 3u>
  Reference Count: 2
  Modified Time: 1594
  Debug: Off
  Object Name: 
  Observers: 
    none
  Source: (none)
  Source output name: (none)
  Release Data: Off
  Data Released: False
  Global Release Data: Off
  PipelineMTime: 0
  UpdateMTime: 1203
  RealTimeStamp: 0 seconds 
  LargestPossibleRegion: 
    Dimension: 3
    Index: [0, 0, 0]
    Size: [193, 229, 193]
  BufferedRegion: 
    Dimension: 3
    Index: [0, 0, 0]
    Size: [193, 229, 193]
  RequestedRegion: 
    Dimension: 3
    Index: [0, 0, 0]
    Size: [193, 229, 193]
  Spacing: [1, 1, 1]
  Origin: [96, 132, -78]
  Direction: 
-1 0 0
0 -1 0
0 0 1

  IndexToPointMatrix: 
-1 0 0
0 -1 0
0 0 1

  PointToIndexMatrix: 
-1 0 0
0 -1 0
0 0 1

  Inverse Direction: 
-1 0 0
0 -1 0
0 0 1

  PixelContainer: 
    ImportImageContainer (0x36af8c0)
      RTTI typeinfo:   itk::ImportImageContainer<unsigned long, double>
      Reference Count: 1
      Modified Time: 1200
      Debug: Off
      Object Name: 
      Observers: 
        none
      Pointer: 0x14d4c19ac010
      Container manages memory: true
      Size: 8530021
      Capacity: 8530021

     Moving image = Image (0x369fb60)
  RTTI typeinfo:   itk::Image<double, 3u>
  Reference Count: 2
  Modified Time: 1595
  Debug: Off
  Object Name: 
  Observers: 
    none
  Source: (none)
  Source output name: (none)
  Release Data: Off
  Data Released: False
  Global Release Data: Off
  PipelineMTime: 0
  UpdateMTime: 1592
  RealTimeStamp: 0 seconds 
  LargestPossibleRegion: 
    Dimension: 3
    Index: [0, 0, 0]
    Size: [176, 240, 256]
  BufferedRegion: 
    Dimension: 3
    Index: [0, 0, 0]
    Size: [176, 240, 256]
  RequestedRegion: 
    Dimension: 3
    Index: [0, 0, 0]
    Size: [176, 240, 256]
  Spacing: [0.999999, 1, 1]
  Origin: [90.3778, 84.5091, -154.071]
  Direction: 
-0.999391 7.48184e-06 -0.0348969
-7.47664e-06 -1 -2.7953e-07
-0.0348969 -1.84481e-08 0.999391

  IndexToPointMatrix: 
-0.99939 7.48184e-06 -0.0348969
-7.47663e-06 -1 -2.7953e-07
-0.0348968 -1.84481e-08 0.999391

  PointToIndexMatrix: 
-0.999392 -7.47665e-06 -0.0348969
7.48496e-06 -1 -1.07778e-07
-0.0348969 -3.68914e-07 0.999391

  Inverse Direction: 
-0.999391 -7.47664e-06 -0.0348969
7.48496e-06 -1 -1.07778e-07
-0.0348969 -3.68914e-07 0.999391

  PixelContainer: 
    ImportImageContainer (0x37331d0)
      RTTI typeinfo:   itk::ImportImageContainer<unsigned long, double>
      Reference Count: 1
      Modified Time: 1589
      Debug: Off
      Object Name: 
      Observers: 
        none
      Pointer: 0x14d4bc72b010
      Container manages memory: true
      Size: 10813440
      Capacity: 10813440

     Weighting = 1
     Sampling strategy = regular
     Number of bins = 32
     Radius = 4
     Sampling percentage  = 0.25
   Transform = Affine
     Gradient step = 0.1
     Update field sigma (voxel space) = 0
     Total field sigma (voxel space) = 0
     Update field time sigma = 0
     Total field time sigma  = 0
     Number of time indices = 0
     Number of time point samples = 0
Registration using 1 total stages.

Stage 0
  iterations = 1000x500x250x100
  convergence threshold = 1e-06
  convergence window size = 10
  number of levels = 4
  using the Mattes MI metric (number of bins = 32, weight = 1, use gradient filter = 0)
  preprocessing:  winsorizing the image intensities
  Shrink factors (level 1 out of 4): [8, 8, 8]
  Shrink factors (level 2 out of 4): [4, 4, 4]
  Shrink factors (level 3 out of 4): [2, 2, 2]
  Shrink factors (level 4 out of 4): [1, 1, 1]
  smoothing sigmas per level: [3, 2, 1, 0]
  regular sampling (percentage = 0.25)

*** Running AffineTransform registration ***

DIAGNOSTIC,Iteration,metricValue,convergenceValue,ITERATION_TIME_INDEX,SINCE_LAST
 2DIAGNOSTIC,     1, -7.473643995251e-01, 1.797693134862e+308, 0.0000e+00, 0.0000e+00, 
 2DIAGNOSTIC,     2, -7.493091500743e-01, 1.797693134862e+308, 0.0000e+00, 0.0000e+00, 
 2DIAGNOSTIC,     3, -7.526890376542e-01, 1.797693134862e+308, 0.0000e+00, 0.0000e+00, 
 2DIAGNOSTIC,     4, -7.575377499221e-01, 1.797693134862e+308, 0.0000e+00, 0.0000e+00, 
 2DIAGNOSTIC,     5, -7.665688847238e-01, 1.797693134862e+308, 0.0000e+00, 0.0000e+00, 
 2DIAGNOSTIC,     6, -7.815876784134e-01, 1.797693134862e+308, 0.0000e+00, 0.0000e+00, 
 2DIAGNOSTIC,     7, -8.060368088623e-01, 1.797693134862e+308, 0.0000e+00, 0.0000e+00, 
 2DIAGNOSTIC,     8, -8.770369023291e-01, 1.797693134862e+308, 0.0000e+00, 0.0000e+00, 
 2DIAGNOSTIC,     9, -9.106793642336e-01, 1.797693134862e+308, 0.0000e+00, 0.0000e+00, 
 2DIAGNOSTIC,    10, -9.185084628176e-01, 1.496000764225e-02, 0.0000e+00, 0.0000e+00, 
 2DIAGNOSTIC,    11, -9.309991565324e-01, 1.546950758440e-02, 0.0000e+00, 0.0000e+00, 
 2DIAGNOSTIC,    12, -9.311177626983e-01, 1.456156843138e-02, 0.0000e+00, 0.0000e+00, 
 2DIAGNOSTIC,    13, -9.315484489677e-01, 1.258231938990e-02, 0.0000e+00, 0.0000e+00, 
 2DIAGNOSTIC,    14, -9.320726377341e-01, 9.903104613068e-03, 0.0000e+00, 0.0000e+00, 
 2DIAGNOSTIC,    15, -9.333218093906e-01, 6.963631175506e-03, 0.0000e+00, 0.0000e+00, 
 2DIAGNOSTIC,    16, -9.348363501508e-01, 4.144160737167e-03, 0.0000e+00, 0.0000e+00, 
 2DIAGNOSTIC,    17, -9.353460062759e-01, 1.761942684188e-03, 0.0000e+00, 0.0000e+00, 
 2DIAGNOSTIC,    18, -9.357019194116e-01, 7.986155872281e-04, 0.0000e+00, 0.0000e+00, 
 2DIAGNOSTIC,    19, -9.358868373373e-01, 4.539114430051e-04, 0.0000e+00, 0.0000e+00, 
 2DIAGNOSTIC,    20, -9.365394119907e-01, 2.368704792508e-04, 0.0000e+00, 0.0000e+00, 
 2DIAGNOSTIC,    21, -9.371810857681e-01, 2.231513341503e-04, 0.0000e+00, 0.0000e+00, 
 2DIAGNOSTIC,    22, -9.384124411180e-01, 2.099082762800e-04, 0.0000e+00, 0.0000e+00, 
 2DIAGNOSTIC,    23, -9.382620007282e-01, 1.823900500094e-04, 0.0000e+00, 0.0000e+00, 
 2DIAGNOSTIC,    24, -9.382573903002e-01, 1.475612958450e-04, 0.0000e+00, 0.0000e+00, 
 2DIAGNOSTIC,    25, -9.381761834967e-01, 1.166758273473e-04, 0.0000e+00, 0.0000e+00, 
 2DIAGNOSTIC,    26, -9.382476484466e-01, 9.674146026863e-05, 0.0000e+00, 0.0000e+00, 
 2DIAGNOSTIC,    27, -9.383284675959e-01, 7.612423383467e-05, 0.0000e+00, 0.0000e+00, 
 2DIAGNOSTIC,    28, -9.384214455006e-01, 5.522657744588e-05, 0.0000e+00, 0.0000e+00, 
 2DIAGNOSTIC,    29, -9.383838689912e-01, 3.247832491560e-05, 0.0000e+00, 0.0000e+00, 
 2DIAGNOSTIC,    30, -9.384113400000e-01, 1.556799599709e-05, 0.0000e+00, 0.0000e+00, 
 2DIAGNOSTIC,    31, -9.386177959771e-01, 6.739591771714e-06, 0.0000e+00, 0.0000e+00, 
 2DIAGNOSTIC,    32, -9.383834745966e-01, 7.787704806146e-06, 0.0000e+00, 0.0000e+00, 
 2DIAGNOSTIC,    33, -9.383113852998e-01, 6.072887651115e-06, 0.0000e+00, 0.0000e+00, 
 2DIAGNOSTIC,    34, -9.382125007191e-01, 3.088073602935e-06, 0.0000e+00, 0.0000e+00, 
DIAGNOSTIC,Iteration,metricValue,convergenceValue,ITERATION_TIME_INDEX,SINCE_LAST
 2DIAGNOSTIC,     1, -7.505094875956e-01, 1.797693134862e+308, 0.0000e+00, 0.0000e+00, 
 2DIAGNOSTIC,     2, -7.508896604088e-01, 1.797693134862e+308, 0.0000e+00, 0.0000e+00, 
 2DIAGNOSTIC,     3, -7.513404896262e-01, 1.797693134862e+308, 0.0000e+00, 0.0000e+00, 
 2DIAGNOSTIC,     4, -7.520547596813e-01, 1.797693134862e+308, 0.0000e+00, 0.0000e+00, 
 2DIAGNOSTIC,     5, -7.534001532096e-01, 1.797693134862e+308, 0.0000e+00, 0.0000e+00, 
 2DIAGNOSTIC,     6, -7.542158459759e-01, 1.797693134862e+308, 0.0000e+00, 0.0000e+00, 
 2DIAGNOSTIC,     7, -7.541734470896e-01, 1.797693134862e+308, 0.0000e+00, 0.0000e+00, 
 2DIAGNOSTIC,     8, -7.542333897571e-01, 1.797693134862e+308, 0.0000e+00, 0.0000e+00, 
 2DIAGNOSTIC,     9, -7.542704079922e-01, 1.797693134862e+308, 0.0000e+00, 0.0000e+00, 
 2DIAGNOSTIC,    10, -7.543891325989e-01, 3.801966263779e-04, 0.0000e+00, 0.0000e+00, 
 2DIAGNOSTIC,    11, -7.545254783744e-01, 2.854841588705e-04, 0.0000e+00, 0.0000e+00, 
 2DIAGNOSTIC,    12, -7.546857154193e-01, 1.986544072889e-04, 0.0000e+00, 0.0000e+00, 
 2DIAGNOSTIC,    13, -7.546819959052e-01, 1.206926767447e-04, 0.0000e+00, 0.0000e+00, 
 2DIAGNOSTIC,    14, -7.546477257348e-01, 6.075736435016e-05, 0.0000e+00, 0.0000e+00, 
 2DIAGNOSTIC,    15, -7.546292448583e-01, 3.629880002046e-05, 0.0000e+00, 0.0000e+00, 
 2DIAGNOSTIC,    16, -7.546327708113e-01, 3.106084699410e-05, 0.0000e+00, 0.0000e+00, 
 2DIAGNOSTIC,    17, -7.546193256427e-01, 2.244931752103e-05, 0.0000e+00, 0.0000e+00, 
 2DIAGNOSTIC,    18, -7.546058260424e-01, 1.391647990813e-05, 0.0000e+00, 0.0000e+00, 
 2DIAGNOSTIC,    19, -7.545928438858e-01, 5.669963746978e-06, 0.0000e+00, 0.0000e+00, 
DIAGNOSTIC,Iteration,metricValue,convergenceValue,ITERATION_TIME_INDEX,SINCE_LAST
 2DIAGNOSTIC,     1, -6.420996824757e-01, 1.797693134862e+308, 0.0000e+00, 0.0000e+00, 
 2DIAGNOSTIC,     2, -6.425486475890e-01, 1.797693134862e+308, 0.0000e+00, 0.0000e+00, 
 2DIAGNOSTIC,     3, -6.429707063672e-01, 1.797693134862e+308, 0.0000e+00, 0.0000e+00, 
 2DIAGNOSTIC,     4, -6.434496086161e-01, 1.797693134862e+308, 0.0000e+00, 0.0000e+00, 
 2DIAGNOSTIC,     5, -6.442592582342e-01, 1.797693134862e+308, 0.0000e+00, 0.0000e+00, 
 2DIAGNOSTIC,     6, -6.443711405580e-01, 1.797693134862e+308, 0.0000e+00, 0.0000e+00, 
 2DIAGNOSTIC,     7, -6.444295971517e-01, 1.797693134862e+308, 0.0000e+00, 0.0000e+00, 
 2DIAGNOSTIC,     8, -6.445501663592e-01, 1.797693134862e+308, 0.0000e+00, 0.0000e+00, 
 2DIAGNOSTIC,     9, -6.445752872006e-01, 1.797693134862e+308, 0.0000e+00, 0.0000e+00, 
 2DIAGNOSTIC,    10, -6.445980747494e-01, 2.616087030846e-04, 0.0000e+00, 0.0000e+00, 
 2DIAGNOSTIC,    11, -6.446227522972e-01, 1.807294050604e-04, 0.0000e+00, 0.0000e+00, 
 2DIAGNOSTIC,    12, -6.446558310741e-01, 1.153140206387e-04, 0.0000e+00, 0.0000e+00, 
 2DIAGNOSTIC,    13, -6.446939516078e-01, 6.526180037018e-05, 0.0000e+00, 0.0000e+00, 
 2DIAGNOSTIC,    14, -6.447471245862e-01, 3.273496328171e-05, 0.0000e+00, 0.0000e+00, 
 2DIAGNOSTIC,    15, -6.447514269839e-01, 2.566512490224e-05, 0.0000e+00, 0.0000e+00, 
 2DIAGNOSTIC,    16, -6.447444929594e-01, 2.023459333386e-05, 0.0000e+00, 0.0000e+00, 
 2DIAGNOSTIC,    17, -6.447515855770e-01, 1.540132970618e-05, 0.0000e+00, 0.0000e+00, 
 2DIAGNOSTIC,    18, -6.447520448663e-01, 1.279221037147e-05, 0.0000e+00, 0.0000e+00, 
 2DIAGNOSTIC,    19, -6.447522361809e-01, 1.000300988348e-05, 0.0000e+00, 0.0000e+00, 
 2DIAGNOSTIC,    20, -6.447395780227e-01, 6.946617699809e-06, 0.0000e+00, 0.0000e+00, 
 2DIAGNOSTIC,    21, -6.447382386588e-01, 4.190248633948e-06, 0.0000e+00, 0.0000e+00, 
 2DIAGNOSTIC,    22, -6.447368584067e-01, 2.058718987334e-06, 0.0000e+00, 0.0000e+00, 
DIAGNOSTIC,Iteration,metricValue,convergenceValue,ITERATION_TIME_INDEX,SINCE_LAST
 2DIAGNOSTIC,     1, -5.759779973134e-01, 1.797693134862e+308, 0.0000e+00, 0.0000e+00, 
 2DIAGNOSTIC,     2, -5.765390269272e-01, 1.797693134862e+308, 1.2800e+02, 1.2800e+02, 
 2DIAGNOSTIC,     3, -5.770578052257e-01, 1.797693134862e+308, 1.2800e+02, 0.0000e+00, 
 2DIAGNOSTIC,     4, -5.776505090267e-01, 1.797693134862e+308, 1.2800e+02, 0.0000e+00, 
 2DIAGNOSTIC,     5, -5.786506391581e-01, 1.797693134862e+308, 1.2800e+02, 0.0000e+00, 
 2DIAGNOSTIC,     6, -5.801669563873e-01, 1.797693134862e+308, 1.2800e+02, 0.0000e+00, 
 2DIAGNOSTIC,     7, -5.801667155712e-01, 1.797693134862e+308, 1.2800e+02, 0.0000e+00, 
 2DIAGNOSTIC,     8, -5.801659426320e-01, 1.797693134862e+308, 1.2800e+02, 0.0000e+00, 
 2DIAGNOSTIC,     9, -5.801656874567e-01, 1.797693134862e+308, 1.2800e+02, 0.0000e+00, 
 2DIAGNOSTIC,    10, -5.801656465626e-01, 5.416441003156e-04, 1.2800e+02, 0.0000e+00, 
 2DIAGNOSTIC,    11, -5.801655683144e-01, 3.963808368944e-04, 1.2800e+02, 0.0000e+00, 
 2DIAGNOSTIC,    12, -5.801653886607e-01, 2.631688552197e-04, 1.2800e+02, 0.0000e+00, 
 2DIAGNOSTIC,    13, -5.801654471943e-01, 1.473118747793e-04, 1.2800e+02, 0.0000e+00, 
 2DIAGNOSTIC,    14, -5.801653310745e-01, 5.528986568927e-05, 1.2800e+02, 0.0000e+00, 
 2DIAGNOSTIC,    15, -5.801652150665e-01, 2.011411778371e-06, 2.5600e+02, 1.2800e+02, 
 2DIAGNOSTIC,    16, -5.801650948662e-01, 1.910695833135e-06, 2.5600e+02, 0.0000e+00, 
 2DIAGNOSTIC,    17, -5.801648236098e-01, 1.815116496579e-06, 2.5600e+02, 0.0000e+00, 
 2DIAGNOSTIC,    18, -5.801647704900e-01, 1.713373940067e-06, 2.5600e+02, 0.0000e+00, 
 2DIAGNOSTIC,    19, -5.801646953714e-01, 1.618942702862e-06, 2.5600e+02, 0.0000e+00, 
 2DIAGNOSTIC,    20, -5.801645827021e-01, 1.535570465762e-06, 2.5600e+02, 0.0000e+00, 
 2DIAGNOSTIC,    21, -5.801643715012e-01, 1.458903266846e-06, 2.5600e+02, 0.0000e+00, 
 2DIAGNOSTIC,    22, -5.801644726442e-01, 1.392934785502e-06, 2.5600e+02, 0.0000e+00, 
 2DIAGNOSTIC,    23, -5.801645418948e-01, 1.340439258000e-06, 2.5600e+02, 0.0000e+00, 
 2DIAGNOSTIC,    24, -5.801646644224e-01, 1.296492998439e-06, 2.5600e+02, 0.0000e+00, 
 2DIAGNOSTIC,    25, -5.801646838228e-01, 1.257045121605e-06, 2.5600e+02, 0.0000e+00, 
 2DIAGNOSTIC,    26, -5.801645716786e-01, 1.218038092644e-06, 2.5600e+02, 0.0000e+00, 
 2DIAGNOSTIC,    27, -5.801643074590e-01, 1.172878746521e-06, 2.5600e+02, 0.0000e+00, 
 2DIAGNOSTIC,    28, -5.801643210682e-01, 1.130891493797e-06, 2.5600e+02, 0.0000e+00, 
 2DIAGNOSTIC,    29, -5.801643712961e-01, 1.091876844529e-06, 2.5600e+02, 0.0000e+00, 
 2DIAGNOSTIC,    30, -5.801640248123e-01, 1.048568301909e-06, 2.5600e+02, 0.0000e+00, 
 2DIAGNOSTIC,    31, -5.801640933059e-01, 1.007211873079e-06, 3.8400e+02, 1.2800e+02, 
  Elapsed time (stage 0): 3.8400e+02


Total elapsed time: 3.8400e+02
Info [verificarlo]: loaded backend libinterflop_vprec.so
Info [interflop-vprec]: load backend with: 
Info [interflop-vprec]: precision-binary32 = 23
Info [interflop-vprec]: range-binary32 = 8
Info [interflop-vprec]: precision-binary64 = 23
Info [interflop-vprec]: range-binary64 = 8
Info [interflop-vprec]: mode = ob
Info [interflop-vprec]: error-mode = rel
Info [interflop-vprec]: max-abs-error-exponent = -1022
Info [interflop-vprec]: daz = false
Info [interflop-vprec]: ftz = false
Info [interflop-vprec]: 	instrument = none
Info [interflop-vprec]: 	prec-input-file = (null)
Info [interflop-vprec]: 	prec-output-file = (null)
Info [interflop-vprec]: 	prec-log-file = (null)
All_Command_lines_OK
Using double precision for computations.
=============================================================================
