
##########################
# Experiment information #
##########################

EXPERIMENT_NAME: antsRegistration-r8-p17
VFC_BACKENDS: libinterflop_vprec.so --range-binary32=8 --precision-binary32=17 --range-binary64=8 --precision-binary64=17

SIF_IMG: /home/mdugre/projects/rrg-glatard/mdugre/containers/ants-vprec-no_metrics.simg

SUBJECT_ID: s037
INPUT_IMG: /home/mdugre/scratch/mri-registration-rp/datasets/ds004513/derivatives/mri-registration-rp/antsBrainExtraction/sub-s037/BrainExtractionBrain.nii.gz
OUTPUT_DIR: /home/mdugre/scratch/mri-registration-rp/datasets/ds004513/derivatives/mri-registration-rp/0011/antsRegistration-r8-p17/sub-s037

FIXED_IMG: /templateflow/tpl-MNI152NLin2009cAsym/tpl-MNI152NLin2009cAsym_res-01_desc-brain_T1w.nii.gz
DATA_DIR: /home/mdugre/scratch/mri-registration-rp/datasets/ds004513
TEMPLATEFLOW_DIR: /home/mdugre/projects/rrg-glatard/mdugre/templateflow
ITK_GLOBAL_DEFAULT_NUMBER_OF_THREADS: 16
##########################

Info [verificarlo]: loaded backend libinterflop_ieee.so
Info [interflop-ieee]: load backend with:
Info [interflop-ieee]: debug = false
Info [interflop-ieee]: debug-binary = false
Info [interflop-ieee]: no-backend-name = false
Info [interflop-ieee]: print-new-line = false
Info [interflop-ieee]: print-subnormal-normalized = false
Info [interflop-ieee]: count-op = false
All_Command_lines_OK
Using double precision for computations.
=============================================================================
The composite transform comprises the following transforms (in order): 
  1. Center of mass alignment using fixed image: /templateflow/tpl-MNI152NLin2009cAsym/tpl-MNI152NLin2009cAsym_res-01_desc-brain_T1w.nii.gz and moving image: /home/mdugre/scratch/mri-registration-rp/datasets/ds004513/derivatives/mri-registration-rp/antsBrainExtraction/sub-s037/BrainExtractionBrain.nii.gz (type = Euler3DTransform)
=============================================================================
  number of levels = 1
  fixed image: /templateflow/tpl-MNI152NLin2009cAsym/tpl-MNI152NLin2009cAsym_res-01_desc-brain_T1w.nii.gz
  moving image: /home/mdugre/scratch/mri-registration-rp/datasets/ds004513/derivatives/mri-registration-rp/antsBrainExtraction/sub-s037/BrainExtractionBrain.nii.gz
Dimension = 3
Number of stages = 1
Use histogram matching = false
Winsorize image intensities = true
  Lower quantile = 0.005
  Upper quantile = 0.995


Stage 1 State
   Image metric = MattesMI
     Fixed image = Image (0x4a6ce70)
  RTTI typeinfo:   itk::Image<double, 3u>
  Reference Count: 2
  Modified Time: 2330
  Debug: Off
  Object Name: 
  Observers: 
    none
  Source: (none)
  Source output name: (none)
  Release Data: Off
  Data Released: False
  Global Release Data: Off
  PipelineMTime: 0
  UpdateMTime: 1941
  RealTimeStamp: 0 seconds 
  LargestPossibleRegion: 
    Dimension: 3
    Index: [0, 0, 0]
    Size: [193, 229, 193]
  BufferedRegion: 
    Dimension: 3
    Index: [0, 0, 0]
    Size: [193, 229, 193]
  RequestedRegion: 
    Dimension: 3
    Index: [0, 0, 0]
    Size: [193, 229, 193]
  Spacing: [1, 1, 1]
  Origin: [96, 132, -78]
  Direction: 
-1 0 0
0 -1 0
0 0 1

  IndexToPointMatrix: 
-1 0 0
0 -1 0
0 0 1

  PointToIndexMatrix: 
-1 0 0
0 -1 0
0 0 1

  Inverse Direction: 
-1 0 0
0 -1 0
0 0 1

  PixelContainer: 
    ImportImageContainer (0x4a75c60)
      RTTI typeinfo:   itk::ImportImageContainer<unsigned long, double>
      Reference Count: 1
      Modified Time: 1938
      Debug: Off
      Object Name: 
      Observers: 
        none
      Pointer: 0x1471fbc85010
      Container manages memory: true
      Size: 8530021
      Capacity: 8530021

     Moving image = Image (0x4b09ec0)
  RTTI typeinfo:   itk::Image<double, 3u>
  Reference Count: 2
  Modified Time: 2331
  Debug: Off
  Object Name: 
  Observers: 
    none
  Source: (none)
  Source output name: (none)
  Release Data: Off
  Data Released: False
  Global Release Data: Off
  PipelineMTime: 0
  UpdateMTime: 2328
  RealTimeStamp: 0 seconds 
  LargestPossibleRegion: 
    Dimension: 3
    Index: [0, 0, 0]
    Size: [160, 240, 256]
  BufferedRegion: 
    Dimension: 3
    Index: [0, 0, 0]
    Size: [160, 240, 256]
  RequestedRegion: 
    Dimension: 3
    Index: [0, 0, 0]
    Size: [160, 240, 256]
  Spacing: [1, 1, 1]
  Origin: [87.9508, 102.562, -147.639]
  Direction: 
-0.998659 -0.0436121 -0.0279129
0.043595 -0.999049 0.00121847
-0.0279395 -2.65543e-08 0.99961

  IndexToPointMatrix: 
-0.998659 -0.0436121 -0.0279129
0.043595 -0.999049 0.00121847
-0.0279395 -2.65543e-08 0.99961

  PointToIndexMatrix: 
-0.998659 0.043595 -0.0279395
-0.0436121 -0.999049 -2.65517e-08
-0.0279129 0.00121847 0.99961

  Inverse Direction: 
-0.998659 0.043595 -0.0279395
-0.0436121 -0.999049 -2.65517e-08
-0.0279129 0.00121847 0.99961

  PixelContainer: 
    ImportImageContainer (0x4ba1610)
      RTTI typeinfo:   itk::ImportImageContainer<unsigned long, double>
      Reference Count: 1
      Modified Time: 2325
      Debug: Off
      Object Name: 
      Observers: 
        none
      Pointer: 0x1471f7184010
      Container manages memory: true
      Size: 9830400
      Capacity: 9830400

     Weighting = 1
     Sampling strategy = regular
     Number of bins = 32
     Radius = 4
     Sampling percentage  = 0.25
   Transform = Rigid
     Gradient step = 0.1
     Update field sigma (voxel space) = 0
     Total field sigma (voxel space) = 0
     Update field time sigma = 0
     Total field time sigma  = 0
     Number of time indices = 0
     Number of time point samples = 0
Registration using 1 total stages.

Stage 0
  iterations = 0
  convergence threshold = 1e-06
  convergence window size = 10
  number of levels = 1
  using the Mattes MI metric (number of bins = 32, weight = 1, use gradient filter = 0)
  preprocessing:  winsorizing the image intensities
  Shrink factors (level 1 out of 1): [1, 1, 1]
  smoothing sigmas per level: [0]
  regular sampling (percentage = 0.25)

*** Running Euler3DTransform registration ***

  Elapsed time (stage 0): 1.13539


Total elapsed time: 1.13761
Info [verificarlo]: loaded backend libinterflop_ieee.so
Info [interflop-ieee]: load backend with:
Info [interflop-ieee]: debug = false
Info [interflop-ieee]: debug-binary = false
Info [interflop-ieee]: no-backend-name = false
Info [interflop-ieee]: print-new-line = false
Info [interflop-ieee]: print-subnormal-normalized = false
Info [interflop-ieee]: count-op = false
All_Command_lines_OK
Using double precision for computations.
=============================================================================
The composite transform comprises the following transforms (in order): 
  1. /home/mdugre/scratch/mri-registration-rp/datasets/ds004513/derivatives/mri-registration-rp/0011/antsRegistration-r8-p17/sub-s037/align_Composite.h5[0] (type = Euler3DTransform)
  2. /home/mdugre/scratch/mri-registration-rp/datasets/ds004513/derivatives/mri-registration-rp/0011/antsRegistration-r8-p17/sub-s037/align_Composite.h5[1] (type = Euler3DTransform)
=============================================================================
  number of levels = 4
  fixed image: /templateflow/tpl-MNI152NLin2009cAsym/tpl-MNI152NLin2009cAsym_res-01_desc-brain_T1w.nii.gz
  moving image: /home/mdugre/scratch/mri-registration-rp/datasets/ds004513/derivatives/mri-registration-rp/antsBrainExtraction/sub-s037/BrainExtractionBrain.nii.gz
Dimension = 3
Number of stages = 1
Use histogram matching = false
Winsorize image intensities = true
  Lower quantile = 0.005
  Upper quantile = 0.995


Stage 1 State
   Image metric = MattesMI
     Fixed image = Image (0x41e8530)
  RTTI typeinfo:   itk::Image<double, 3u>
  Reference Count: 2
  Modified Time: 1578
  Debug: Off
  Object Name: 
  Observers: 
    none
  Source: (none)
  Source output name: (none)
  Release Data: Off
  Data Released: False
  Global Release Data: Off
  PipelineMTime: 0
  UpdateMTime: 1189
  RealTimeStamp: 0 seconds 
  LargestPossibleRegion: 
    Dimension: 3
    Index: [0, 0, 0]
    Size: [193, 229, 193]
  BufferedRegion: 
    Dimension: 3
    Index: [0, 0, 0]
    Size: [193, 229, 193]
  RequestedRegion: 
    Dimension: 3
    Index: [0, 0, 0]
    Size: [193, 229, 193]
  Spacing: [1, 1, 1]
  Origin: [96, 132, -78]
  Direction: 
-1 0 0
0 -1 0
0 0 1

  IndexToPointMatrix: 
-1 0 0
0 -1 0
0 0 1

  PointToIndexMatrix: 
-1 0 0
0 -1 0
0 0 1

  Inverse Direction: 
-1 0 0
0 -1 0
0 0 1

  PixelContainer: 
    ImportImageContainer (0x42a6d60)
      RTTI typeinfo:   itk::ImportImageContainer<unsigned long, double>
      Reference Count: 1
      Modified Time: 1186
      Debug: Off
      Object Name: 
      Observers: 
        none
      Pointer: 0x14bb4a435010
      Container manages memory: true
      Size: 8530021
      Capacity: 8530021

     Moving image = Image (0x4298f60)
  RTTI typeinfo:   itk::Image<double, 3u>
  Reference Count: 2
  Modified Time: 1579
  Debug: Off
  Object Name: 
  Observers: 
    none
  Source: (none)
  Source output name: (none)
  Release Data: Off
  Data Released: False
  Global Release Data: Off
  PipelineMTime: 0
  UpdateMTime: 1576
  RealTimeStamp: 0 seconds 
  LargestPossibleRegion: 
    Dimension: 3
    Index: [0, 0, 0]
    Size: [160, 240, 256]
  BufferedRegion: 
    Dimension: 3
    Index: [0, 0, 0]
    Size: [160, 240, 256]
  RequestedRegion: 
    Dimension: 3
    Index: [0, 0, 0]
    Size: [160, 240, 256]
  Spacing: [1, 1, 1]
  Origin: [87.9508, 102.562, -147.639]
  Direction: 
-0.998659 -0.0436121 -0.0279129
0.043595 -0.999049 0.00121847
-0.0279395 -2.65543e-08 0.99961

  IndexToPointMatrix: 
-0.998659 -0.0436121 -0.0279129
0.043595 -0.999049 0.00121847
-0.0279395 -2.65543e-08 0.99961

  PointToIndexMatrix: 
-0.998659 0.043595 -0.0279395
-0.0436121 -0.999049 -2.65517e-08
-0.0279129 0.00121847 0.99961

  Inverse Direction: 
-0.998659 0.043595 -0.0279395
-0.0436121 -0.999049 -2.65517e-08
-0.0279129 0.00121847 0.99961

  PixelContainer: 
    ImportImageContainer (0x428a6d0)
      RTTI typeinfo:   itk::ImportImageContainer<unsigned long, double>
      Reference Count: 1
      Modified Time: 1573
      Debug: Off
      Object Name: 
      Observers: 
        none
      Pointer: 0x14bb45934010
      Container manages memory: true
      Size: 9830400
      Capacity: 9830400

     Weighting = 1
     Sampling strategy = regular
     Number of bins = 32
     Radius = 4
     Sampling percentage  = 0.25
   Transform = Rigid
     Gradient step = 0.1
     Update field sigma (voxel space) = 0
     Total field sigma (voxel space) = 0
     Update field time sigma = 0
     Total field time sigma  = 0
     Number of time indices = 0
     Number of time point samples = 0
Registration using 1 total stages.

Stage 0
  iterations = 1000x500x250x100
  convergence threshold = 1e-06
  convergence window size = 10
  number of levels = 4
  using the Mattes MI metric (number of bins = 32, weight = 1, use gradient filter = 0)
  preprocessing:  winsorizing the image intensities
  Shrink factors (level 1 out of 4): [8, 8, 8]
  Shrink factors (level 2 out of 4): [4, 4, 4]
  Shrink factors (level 3 out of 4): [2, 2, 2]
  Shrink factors (level 4 out of 4): [1, 1, 1]
  smoothing sigmas per level: [3, 2, 1, 0]
  regular sampling (percentage = 0.25)

*** Running Euler3DTransform registration ***

DIAGNOSTIC,Iteration,metricValue,convergenceValue,ITERATION_TIME_INDEX,SINCE_LAST
 2DIAGNOSTIC,     1, -4.299060189477e-01, 1.797693134862e+308, 7.2746e-01, 7.2746e-01, 
 2DIAGNOSTIC,     2, -4.311703807429e-01, 1.797693134862e+308, 7.3194e-01, 4.4768e-03, 
 2DIAGNOSTIC,     3, -4.334997061176e-01, 1.797693134862e+308, 7.3630e-01, 4.3690e-03, 
 2DIAGNOSTIC,     4, -4.389575130370e-01, 1.797693134862e+308, 7.4028e-01, 3.9740e-03, 
 2DIAGNOSTIC,     5, -4.438813134482e-01, 1.797693134862e+308, 7.4451e-01, 4.2348e-03, 
 2DIAGNOSTIC,     6, -4.461495460377e-01, 1.797693134862e+308, 7.4850e-01, 3.9849e-03, 
 2DIAGNOSTIC,     7, -4.511407144429e-01, 1.797693134862e+308, 7.5345e-01, 4.9560e-03, 
 2DIAGNOSTIC,     8, -4.667812032718e-01, 1.797693134862e+308, 7.5817e-01, 4.7181e-03, 
 2DIAGNOSTIC,     9, -4.753090114372e-01, 1.797693134862e+308, 7.6339e-01, 5.2199e-03, 
 2DIAGNOSTIC,    10, -4.802481719655e-01, 7.481707542057e-03, 7.6828e-01, 4.8859e-03, 
 2DIAGNOSTIC,    11, -4.821261368877e-01, 7.356704266140e-03, 7.7242e-01, 4.1411e-03, 
 2DIAGNOSTIC,    12, -4.837491005317e-01, 6.749992380110e-03, 7.7727e-01, 4.8501e-03, 
 2DIAGNOSTIC,    13, -5.028244927627e-01, 6.622215038823e-03, 7.8463e-01, 7.3640e-03, 
 2DIAGNOSTIC,    14, -5.042109134409e-01, 6.183615245774e-03, 7.8905e-01, 4.4119e-03, 
 2DIAGNOSTIC,    15, -5.066116081897e-01, 5.558135432559e-03, 7.9337e-01, 4.3221e-03, 
 2DIAGNOSTIC,    16, -5.083451636021e-01, 4.676295422104e-03, 7.9779e-01, 4.4210e-03, 
 2DIAGNOSTIC,    17, -5.184993492367e-01, 3.998770500170e-03, 8.0454e-01, 6.7470e-03, 
 2DIAGNOSTIC,    18, -5.256348856087e-01, 3.769024583732e-03, 8.0884e-01, 4.3080e-03, 
 2DIAGNOSTIC,    19, -5.260487281523e-01, 3.491513217196e-03, 8.1377e-01, 4.9272e-03, 
 2DIAGNOSTIC,    20, -5.292109548152e-01, 3.174906873738e-03, 8.1878e-01, 5.0130e-03, 
 2DIAGNOSTIC,    21, -5.301818219061e-01, 2.681599949013e-03, 8.2321e-01, 4.4281e-03, 
 2DIAGNOSTIC,    22, -5.312241289185e-01, 2.041188528230e-03, 8.2808e-01, 4.8721e-03, 
 2DIAGNOSTIC,    23, -5.321371223062e-01, 1.776978632834e-03, 8.3346e-01, 5.3771e-03, 
 2DIAGNOSTIC,    24, -5.330747131123e-01, 1.429097335557e-03, 8.3776e-01, 4.3011e-03, 
 2DIAGNOSTIC,    25, -5.340979369623e-01, 1.060386779501e-03, 8.4258e-01, 4.8180e-03, 
 2DIAGNOSTIC,    26, -5.353301600370e-01, 6.839338154183e-04, 8.4847e-01, 5.8911e-03, 
 2DIAGNOSTIC,    27, -5.359877624472e-01, 5.005570105090e-04, 8.5284e-01, 4.3690e-03, 
 2DIAGNOSTIC,    28, -5.363338673665e-01, 4.385701409469e-04, 8.5706e-01, 4.2238e-03, 
 2DIAGNOSTIC,    29, -5.373050480209e-01, 3.660285921125e-04, 8.6145e-01, 4.3838e-03, 
 2DIAGNOSTIC,    30, -5.398201325235e-01, 3.715993732173e-04, 8.6653e-01, 5.0819e-03, 
 2DIAGNOSTIC,    31, -5.446423195084e-01, 4.465310354231e-04, 8.7639e-01, 9.8560e-03, 
 2DIAGNOSTIC,    32, -5.446648377081e-01, 4.912730541898e-04, 8.8077e-01, 4.3850e-03, 
 2DIAGNOSTIC,    33, -5.447649525525e-01, 5.056596610274e-04, 8.8500e-01, 4.2260e-03, 
 2DIAGNOSTIC,    34, -5.449313050629e-01, 4.904256021142e-04, 8.8921e-01, 4.2160e-03, 
 2DIAGNOSTIC,    35, -5.452046667829e-01, 4.491686399645e-04, 8.9345e-01, 4.2331e-03, 
 2DIAGNOSTIC,    36, -5.456975011568e-01, 3.933197897685e-04, 8.9770e-01, 4.2541e-03, 
 2DIAGNOSTIC,    37, -5.462998486430e-01, 3.227924478551e-04, 9.0211e-01, 4.4119e-03, 
 2DIAGNOSTIC,    38, -5.470544450577e-01, 2.429319007895e-04, 9.0640e-01, 4.2851e-03, 
 2DIAGNOSTIC,    39, -5.483334629786e-01, 1.763302892747e-04, 9.1115e-01, 4.7500e-03, 
 2DIAGNOSTIC,    40, -5.485725828863e-01, 1.327529201541e-04, 9.1537e-01, 4.2219e-03, 
 2DIAGNOSTIC,    41, -5.488486320326e-01, 1.482644939284e-04, 9.2013e-01, 4.7641e-03, 
 2DIAGNOSTIC,    42, -5.491461164341e-01, 1.532217126978e-04, 9.2444e-01, 4.3101e-03, 
 2DIAGNOSTIC,    43, -5.501746967450e-01, 1.577567454753e-04, 9.2968e-01, 5.2350e-03, 
 2DIAGNOSTIC,    44, -5.635551078385e-01, 3.168573802149e-04, 9.3610e-01, 6.4170e-03, 
 2DIAGNOSTIC,    45, -5.665765586475e-01, 4.738746393876e-04, 9.4096e-01, 4.8652e-03, 
 2DIAGNOSTIC,    46, -5.687139144558e-01, 6.108299018195e-04, 9.4572e-01, 4.7641e-03, 
 2DIAGNOSTIC,    47, -5.691567764030e-01, 6.974244539802e-04, 9.5038e-01, 4.6580e-03, 
 2DIAGNOSTIC,    48, -5.694208294409e-01, 7.246904075506e-04, 9.5477e-01, 4.3881e-03, 
 2DIAGNOSTIC,    49, -5.697340587649e-01, 6.969705592118e-04, 9.5949e-01, 4.7219e-03, 
 2DIAGNOSTIC,    50, -5.705190211468e-01, 6.139780318390e-04, 9.6369e-01, 4.2009e-03, 
 2DIAGNOSTIC,    51, -5.708546117490e-01, 4.840748880438e-04, 9.6793e-01, 4.2400e-03, 
 2DIAGNOSTIC,    52, -5.718319102098e-01, 3.284471126174e-04, 9.7374e-01, 5.8060e-03, 
 2DIAGNOSTIC,    53, -5.721730726044e-01, 1.584826024094e-04, 9.7841e-01, 4.6699e-03, 
 2DIAGNOSTIC,    54, -5.724973931228e-01, 1.173261612192e-04, 9.8263e-01, 4.2222e-03, 
 2DIAGNOSTIC,    55, -5.729243648712e-01, 9.999742509723e-05, 9.8683e-01, 4.2019e-03, 
 2DIAGNOSTIC,    56, -5.740160614280e-01, 1.047838146137e-04, 9.9241e-01, 5.5778e-03, 
 2DIAGNOSTIC,    57, -5.743267690204e-01, 1.062335420347e-04, 9.9661e-01, 4.1978e-03, 
 2DIAGNOSTIC,    58, -5.750955700496e-01, 1.071420496592e-04, 1.0010e+00, 4.3850e-03, 
 2DIAGNOSTIC,    59, -5.788915602723e-01, 1.351289031531e-04, 1.0068e+00, 5.7912e-03, 
 2DIAGNOSTIC,    60, -5.795152113248e-01, 1.608917596045e-04, 1.0111e+00, 4.3020e-03, 
 2DIAGNOSTIC,    61, -5.801678262244e-01, 1.790178526871e-04, 1.0158e+00, 4.7181e-03, 
 2DIAGNOSTIC,    62, -5.810632820565e-01, 1.958626689891e-04, 1.0211e+00, 5.2781e-03, 
 2DIAGNOSTIC,    63, -5.820232882701e-01, 2.041939106100e-04, 1.0254e+00, 4.2839e-03, 
 2DIAGNOSTIC,    64, -5.841328982526e-01, 2.123655486908e-04, 1.0302e+00, 4.8449e-03, 
 2DIAGNOSTIC,    65, -5.849990946224e-01, 2.098602943891e-04, 1.0344e+00, 4.1401e-03, 
 2DIAGNOSTIC,    66, -5.854361087339e-01, 2.001223064976e-04, 1.0386e+00, 4.2191e-03, 
 2DIAGNOSTIC,    67, -5.858297439650e-01, 1.774382489667e-04, 1.0429e+00, 4.2810e-03, 
 2DIAGNOSTIC,    68, -5.864943611009e-01, 1.487785765118e-04, 1.0491e+00, 6.2811e-03, 
 2DIAGNOSTIC,    69, -5.866687078626e-01, 1.368934963990e-04, 1.0538e+00, 4.6470e-03, 
 2DIAGNOSTIC,    70, -5.867140326109e-01, 1.172497308898e-04, 1.0579e+00, 4.1630e-03, 
 2DIAGNOSTIC,    71, -5.866850733836e-01, 9.175388200291e-05, 1.0621e+00, 4.1680e-03, 
 2DIAGNOSTIC,    72, -5.868771198287e-01, 6.624829947330e-05, 1.0668e+00, 4.6690e-03, 
 2DIAGNOSTIC,    73, -5.873915786386e-01, 4.536854710100e-05, 1.0725e+00, 5.7199e-03, 
 2DIAGNOSTIC,    74, -5.873278130964e-01, 3.510558100723e-05, 1.0767e+00, 4.1740e-03, 
 2DIAGNOSTIC,    75, -5.873382792093e-01, 2.803773599093e-05, 1.0809e+00, 4.1902e-03, 
 2DIAGNOSTIC,    76, -5.873513063828e-01, 2.166786607577e-05, 1.0860e+00, 5.1849e-03, 
 2DIAGNOSTIC,    77, -5.873806044411e-01, 1.615949247178e-05, 1.0907e+00, 4.6959e-03, 
 2DIAGNOSTIC,    78, -5.873869083326e-01, 1.369850260190e-05, 1.0956e+00, 4.8680e-03, 
 2DIAGNOSTIC,    79, -5.873047337718e-01, 1.064326542595e-05, 1.1003e+00, 4.7121e-03, 
 2DIAGNOSTIC,    80, -5.873141872304e-01, 7.138214979699e-06, 1.1051e+00, 4.7650e-03, 
 2DIAGNOSTIC,    81, -5.874137344178e-01, 3.522374845289e-06, 1.1098e+00, 4.7050e-03, 
DIAGNOSTIC,Iteration,metricValue,convergenceValue,ITERATION_TIME_INDEX,SINCE_LAST
 2DIAGNOSTIC,     1, -4.733248460970e-01, 1.797693134862e+308, 1.8240e+00, 7.1423e-01, 
 2DIAGNOSTIC,     2, -4.740426165871e-01, 1.797693134862e+308, 1.8535e+00, 2.9508e-02, 
 2DIAGNOSTIC,     3, -4.751762414706e-01, 1.797693134862e+308, 1.8822e+00, 2.8675e-02, 
 2DIAGNOSTIC,     4, -4.772736360897e-01, 1.797693134862e+308, 1.9122e+00, 2.9966e-02, 
 2DIAGNOSTIC,     5, -4.804767781774e-01, 1.797693134862e+308, 1.9410e+00, 2.8866e-02, 
 2DIAGNOSTIC,     6, -4.823393321459e-01, 1.797693134862e+308, 1.9735e+00, 3.2449e-02, 
 2DIAGNOSTIC,     7, -4.831335870250e-01, 1.797693134862e+308, 2.0027e+00, 2.9188e-02, 
 2DIAGNOSTIC,     8, -4.832738843603e-01, 1.797693134862e+308, 2.0359e+00, 3.3237e-02, 
 2DIAGNOSTIC,     9, -4.833888357812e-01, 1.797693134862e+308, 2.0687e+00, 3.2789e-02, 
 2DIAGNOSTIC,    10, -4.836184078939e-01, 1.614288547933e-03, 2.0987e+00, 2.9975e-02, 
 2DIAGNOSTIC,    11, -4.853346055429e-01, 1.315830558155e-03, 2.1293e+00, 3.0582e-02, 
 2DIAGNOSTIC,    12, -4.875074794489e-01, 1.091041155428e-03, 2.1625e+00, 3.3285e-02, 
 2DIAGNOSTIC,    13, -4.885441625041e-01, 8.999857036059e-04, 2.2036e+00, 4.1029e-02, 
 2DIAGNOSTIC,    14, -4.894281327207e-01, 7.791858722388e-04, 2.2341e+00, 3.0493e-02, 
 2DIAGNOSTIC,    15, -4.897114807362e-01, 7.396136539038e-04, 2.2647e+00, 3.0604e-02, 
 2DIAGNOSTIC,    16, -4.903031949213e-01, 7.263289008478e-04, 2.2955e+00, 3.0854e-02, 
 2DIAGNOSTIC,    17, -4.918669423749e-01, 7.278679475097e-04, 2.3325e+00, 3.6940e-02, 
 2DIAGNOSTIC,    18, -4.921795637841e-01, 6.758598882219e-04, 2.3726e+00, 4.0141e-02, 
 2DIAGNOSTIC,    19, -4.922605506903e-01, 5.745725296537e-04, 2.4032e+00, 3.0600e-02, 
 2DIAGNOSTIC,    20, -4.923832705553e-01, 4.410086414342e-04, 2.4345e+00, 3.1297e-02, 
 2DIAGNOSTIC,    21, -4.927636682869e-01, 3.365393628427e-04, 2.4767e+00, 4.2167e-02, 
 2DIAGNOSTIC,    22, -4.928072118516e-01, 2.680359126976e-04, 2.5148e+00, 3.8167e-02, 
 2DIAGNOSTIC,    23, -4.928767324523e-01, 2.083172641050e-04, 2.5444e+00, 2.9524e-02, 
 2DIAGNOSTIC,    24, -4.931220379851e-01, 1.624053409060e-04, 2.5869e+00, 4.2590e-02, 
 2DIAGNOSTIC,    25, -4.931878168448e-01, 1.132072612111e-04, 2.6409e+00, 5.3983e-02, 
 2DIAGNOSTIC,    26, -4.932240226631e-01, 7.042563209415e-05, 2.6714e+00, 3.0499e-02, 
 2DIAGNOSTIC,    27, -4.932460605646e-01, 5.852159951180e-05, 2.7015e+00, 3.0025e-02, 
 2DIAGNOSTIC,    28, -4.932935849725e-01, 4.966057664214e-05, 2.7318e+00, 3.0300e-02, 
 2DIAGNOSTIC,    29, -4.933453621665e-01, 3.944044909128e-05, 2.7658e+00, 3.4093e-02, 
 2DIAGNOSTIC,    30, -4.933521627963e-01, 2.857104819767e-05, 2.8004e+00, 3.4568e-02, 
 2DIAGNOSTIC,    31, -4.933421032425e-01, 2.284261440563e-05, 2.8310e+00, 3.0613e-02, 
 2DIAGNOSTIC,    32, -4.933558754618e-01, 1.650069568872e-05, 2.8609e+00, 2.9851e-02, 
 2DIAGNOSTIC,    33, -4.933473960501e-01, 1.002920627108e-05, 2.8950e+00, 3.4100e-02, 
 2DIAGNOSTIC,    34, -4.933601469363e-01, 7.468208729218e-06, 2.9279e+00, 3.2917e-02, 
 2DIAGNOSTIC,    35, -4.933551628952e-01, 5.437753145789e-06, 2.9574e+00, 2.9486e-02, 
 2DIAGNOSTIC,    36, -4.933443193910e-01, 3.518135850797e-06, 2.9899e+00, 3.2475e-02, 
 2DIAGNOSTIC,    37, -4.933482115892e-01, 1.855821144339e-06, 3.0230e+00, 3.3174e-02, 
DIAGNOSTIC,Iteration,metricValue,convergenceValue,ITERATION_TIME_INDEX,SINCE_LAST
 2DIAGNOSTIC,     1, -4.341197108873e-01, 1.797693134862e+308, 4.0532e+00, 1.0301e+00, 
 2DIAGNOSTIC,     2, -4.343172224750e-01, 1.797693134862e+308, 4.3054e+00, 2.5222e-01, 
 2DIAGNOSTIC,     3, -4.344193716466e-01, 1.797693134862e+308, 4.5588e+00, 2.5344e-01, 
 2DIAGNOSTIC,     4, -4.345014949623e-01, 1.797693134862e+308, 4.8048e+00, 2.4592e-01, 
 2DIAGNOSTIC,     5, -4.346181585147e-01, 1.797693134862e+308, 5.0440e+00, 2.3925e-01, 
 2DIAGNOSTIC,     6, -4.347543918546e-01, 1.797693134862e+308, 5.3950e+00, 3.5094e-01, 
 2DIAGNOSTIC,     7, -4.348826554586e-01, 1.797693134862e+308, 5.6617e+00, 2.6677e-01, 
 2DIAGNOSTIC,     8, -4.348782581460e-01, 1.797693134862e+308, 5.8929e+00, 2.3122e-01, 
 2DIAGNOSTIC,     9, -4.348997899354e-01, 1.797693134862e+308, 6.1226e+00, 2.2966e-01, 
 2DIAGNOSTIC,    10, -4.349410503452e-01, 1.243443194283e-04, 6.3583e+00, 2.3572e-01, 
 2DIAGNOSTIC,    11, -4.351557295225e-01, 1.049210972497e-04, 6.6504e+00, 2.9205e-01, 
 2DIAGNOSTIC,    12, -4.352043726853e-01, 9.256578821337e-05, 6.9449e+00, 2.9454e-01, 
 2DIAGNOSTIC,    13, -4.352252996197e-01, 8.031757915451e-05, 7.2738e+00, 3.2890e-01, 
 2DIAGNOSTIC,    14, -4.352298459210e-01, 6.695278271383e-05, 7.5776e+00, 3.0377e-01, 
 2DIAGNOSTIC,    15, -4.352293685440e-01, 5.439479385928e-05, 7.8641e+00, 2.8650e-01, 
 2DIAGNOSTIC,    16, -4.352288764857e-01, 4.387655956187e-05, 8.2138e+00, 3.4969e-01, 
 2DIAGNOSTIC,    17, -4.352261773290e-01, 3.554631598034e-05, 8.5248e+00, 3.1105e-01, 
 2DIAGNOSTIC,    18, -4.352255688655e-01, 2.495496538120e-05, 8.8091e+00, 2.8432e-01, 
 2DIAGNOSTIC,    19, -4.352257376594e-01, 1.414669936426e-05, 9.0432e+00, 2.3405e-01, 
 2DIAGNOSTIC,    20, -4.352253007719e-01, 4.422082247810e-06, 9.3230e+00, 2.7980e-01, 
 2DIAGNOSTIC,    21, -4.352247410621e-01, 1.990743303239e-06, 9.5674e+00, 2.4446e-01, 
 2DIAGNOSTIC,    22, -4.352234832828e-01, 1.129080972162e-06, 9.8235e+00, 2.5600e-01, 
 2DIAGNOSTIC,    23, -4.352247920435e-01, 1.000907151022e-06, 1.0110e+01, 2.8693e-01, 
 2DIAGNOSTIC,    24, -4.352237392338e-01, 1.011791691499e-06, 1.0354e+01, 2.4400e-01, 
 2DIAGNOSTIC,    25, -4.352230878983e-01, 1.021980039463e-06, 1.0630e+01, 2.7588e-01, 
 2DIAGNOSTIC,    26, -4.352228637744e-01, 1.039918081681e-06, 1.0927e+01, 2.9690e-01, 
DIAGNOSTIC,Iteration,metricValue,convergenceValue,ITERATION_TIME_INDEX,SINCE_LAST
 2DIAGNOSTIC,     1, -4.017226898100e-01, 1.797693134862e+308, 1.3599e+01, 2.6716e+00, 
 2DIAGNOSTIC,     2, -4.018258468958e-01, 1.797693134862e+308, 1.5198e+01, 1.5992e+00, 
 2DIAGNOSTIC,     3, -4.019533256324e-01, 1.797693134862e+308, 1.6801e+01, 1.6030e+00, 
 2DIAGNOSTIC,     4, -4.020518416469e-01, 1.797693134862e+308, 1.8406e+01, 1.6046e+00, 
 2DIAGNOSTIC,     5, -4.020673669383e-01, 1.797693134862e+308, 2.0511e+01, 2.1056e+00, 
 2DIAGNOSTIC,     6, -4.020762388691e-01, 1.797693134862e+308, 2.1870e+01, 1.3586e+00, 
 2DIAGNOSTIC,     7, -4.021198600649e-01, 1.797693134862e+308, 2.3397e+01, 1.5267e+00, 
 2DIAGNOSTIC,     8, -4.022213546698e-01, 1.797693134862e+308, 2.5457e+01, 2.0605e+00, 
 2DIAGNOSTIC,     9, -4.022268364606e-01, 1.797693134862e+308, 2.7137e+01, 1.6798e+00, 
 2DIAGNOSTIC,    10, -4.022383876981e-01, 8.005110878477e-05, 2.9156e+01, 2.0190e+00, 
 2DIAGNOSTIC,    11, -4.022370734427e-01, 5.829875629607e-05, 3.0792e+01, 1.6359e+00, 
 2DIAGNOSTIC,    12, -4.022366596728e-01, 4.107484325337e-05, 3.3018e+01, 2.2265e+00, 
 2DIAGNOSTIC,    13, -4.022367562943e-01, 2.974033621196e-05, 3.4789e+01, 1.7704e+00, 
 2DIAGNOSTIC,    14, -4.022364789508e-01, 2.249765381263e-05, 3.6373e+01, 1.5846e+00, 
 2DIAGNOSTIC,    15, -4.022361270780e-01, 1.517055767142e-05, 3.7870e+01, 1.4971e+00, 
 2DIAGNOSTIC,    16, -4.022361562552e-01, 7.958434347852e-06, 3.9216e+01, 1.3457e+00, 
 2DIAGNOSTIC,    17, -4.022361177369e-01, 2.747027677157e-06, 4.0836e+01, 1.6204e+00, 
 2DIAGNOSTIC,    18, -4.022359235107e-01, 2.009763434493e-06, 4.2421e+01, 1.5849e+00, 
 2DIAGNOSTIC,    19, -4.022358952944e-01, 1.517802073241e-06, 4.4059e+01, 1.6377e+00, 
 2DIAGNOSTIC,    20, -4.022356379254e-01, 1.490088713967e-06, 4.5606e+01, 1.5471e+00, 
 2DIAGNOSTIC,    21, -4.022354133445e-01, 1.423064426888e-06, 4.7160e+01, 1.5537e+00, 
 2DIAGNOSTIC,    22, -4.022356412462e-01, 1.364507567513e-06, 4.8669e+01, 1.5092e+00, 
 2DIAGNOSTIC,    23, -4.022354838149e-01, 1.316644081130e-06, 5.0179e+01, 1.5105e+00, 
 2DIAGNOSTIC,    24, -4.022355640227e-01, 1.273673391623e-06, 5.1737e+01, 1.5579e+00, 
 2DIAGNOSTIC,    25, -4.022358427524e-01, 1.236965097920e-06, 5.4110e+01, 2.3723e+00, 
 2DIAGNOSTIC,    26, -4.022358530689e-01, 1.207308543610e-06, 5.5689e+01, 1.5797e+00, 
 2DIAGNOSTIC,    27, -4.022357750831e-01, 1.178419867826e-06, 5.7132e+01, 1.4429e+00, 
 2DIAGNOSTIC,    28, -4.022357032982e-01, 1.144935733291e-06, 5.8624e+01, 1.4922e+00, 
 2DIAGNOSTIC,    29, -4.022356343325e-01, 1.110764880095e-06, 6.0181e+01, 1.5564e+00, 
 2DIAGNOSTIC,    30, -4.022355652174e-01, 1.069920044748e-06, 6.1718e+01, 1.5370e+00, 
 2DIAGNOSTIC,    31, -4.022354067538e-01, 1.021902437538e-06, 6.3284e+01, 1.5667e+00, 
  Elapsed time (stage 0): 6.4114e+01


Total elapsed time: 6.4116e+01
Info [verificarlo]: loaded backend libinterflop_vprec.so
Info [interflop-vprec]: load backend with: 
Info [interflop-vprec]: precision-binary32 = 17
Info [interflop-vprec]: range-binary32 = 8
Info [interflop-vprec]: precision-binary64 = 17
Info [interflop-vprec]: range-binary64 = 8
Info [interflop-vprec]: mode = ob
Info [interflop-vprec]: error-mode = rel
Info [interflop-vprec]: max-abs-error-exponent = -1022
Info [interflop-vprec]: daz = false
Info [interflop-vprec]: ftz = false
Info [interflop-vprec]: 	instrument = none
Info [interflop-vprec]: 	prec-input-file = (null)
Info [interflop-vprec]: 	prec-output-file = (null)
Info [interflop-vprec]: 	prec-log-file = (null)
All_Command_lines_OK
Using double precision for computations.
=============================================================================
The composite transform comprises the following transforms (in order): 
  1. /home/mdugre/scratch/mri-registration-rp/datasets/ds004513/derivatives/mri-registration-rp/0011/antsRegistration-r8-p17/sub-s037/rigid_Composite.h5[0] (type = Euler3DTransform)
  2. /home/mdugre/scratch/mri-registration-rp/datasets/ds004513/derivatives/mri-registration-rp/0011/antsRegistration-r8-p17/sub-s037/rigid_Composite.h5[1] (type = Euler3DTransform)
  3. /home/mdugre/scratch/mri-registration-rp/datasets/ds004513/derivatives/mri-registration-rp/0011/antsRegistration-r8-p17/sub-s037/rigid_Composite.h5[2] (type = Euler3DTransform)
=============================================================================
  number of levels = 4
  fixed image: /templateflow/tpl-MNI152NLin2009cAsym/tpl-MNI152NLin2009cAsym_res-01_desc-brain_T1w.nii.gz
  moving image: /home/mdugre/scratch/mri-registration-rp/datasets/ds004513/derivatives/mri-registration-rp/antsBrainExtraction/sub-s037/BrainExtractionBrain.nii.gz
Dimension = 3
Number of stages = 1
Use histogram matching = false
Winsorize image intensities = true
  Lower quantile = 0.005
  Upper quantile = 0.995


Stage 1 State
   Image metric = MattesMI
     Fixed image = Image (0x336c490)
  RTTI typeinfo:   itk::Image<double, 3u>
  Reference Count: 2
  Modified Time: 1592
  Debug: Off
  Object Name: 
  Observers: 
    none
  Source: (none)
  Source output name: (none)
  Release Data: Off
  Data Released: False
  Global Release Data: Off
  PipelineMTime: 0
  UpdateMTime: 1203
  RealTimeStamp: 0 seconds 
  LargestPossibleRegion: 
    Dimension: 3
    Index: [0, 0, 0]
    Size: [193, 229, 193]
  BufferedRegion: 
    Dimension: 3
    Index: [0, 0, 0]
    Size: [193, 229, 193]
  RequestedRegion: 
    Dimension: 3
    Index: [0, 0, 0]
    Size: [193, 229, 193]
  Spacing: [1, 1, 1]
  Origin: [96, 132, -78]
  Direction: 
-1 0 0
0 -1 0
0 0 1

  IndexToPointMatrix: 
-1 0 0
0 -1 0
0 0 1

  PointToIndexMatrix: 
-1 0 0
0 -1 0
0 0 1

  Inverse Direction: 
-1 0 0
0 -1 0
0 0 1

  PixelContainer: 
    ImportImageContainer (0x34378c0)
      RTTI typeinfo:   itk::ImportImageContainer<unsigned long, double>
      Reference Count: 1
      Modified Time: 1200
      Debug: Off
      Object Name: 
      Observers: 
        none
      Pointer: 0x14b99964f010
      Container manages memory: true
      Size: 8530021
      Capacity: 8530021

     Moving image = Image (0x3427b60)
  RTTI typeinfo:   itk::Image<double, 3u>
  Reference Count: 2
  Modified Time: 1593
  Debug: Off
  Object Name: 
  Observers: 
    none
  Source: (none)
  Source output name: (none)
  Release Data: Off
  Data Released: False
  Global Release Data: Off
  PipelineMTime: 0
  UpdateMTime: 1590
  RealTimeStamp: 0 seconds 
  LargestPossibleRegion: 
    Dimension: 3
    Index: [0, 0, 0]
    Size: [160, 240, 256]
  BufferedRegion: 
    Dimension: 3
    Index: [0, 0, 0]
    Size: [160, 240, 256]
  RequestedRegion: 
    Dimension: 3
    Index: [0, 0, 0]
    Size: [160, 240, 256]
  Spacing: [1, 1, 1]
  Origin: [87.9507, 102.562, -147.639]
  Direction: 
-0.998657 -0.043612 -0.027913
0.0435951 -0.99905 0.00121848
-0.0279396 -2.65543e-08 0.999611

  IndexToPointMatrix: 
-0.998657 -0.043612 -0.027913
0.0435951 -0.99905 0.00121848
-0.0279396 -2.65543e-08 0.999611

  PointToIndexMatrix: 
-0.998657 0.0435951 -0.0279396
-0.043612 -0.99905 -2.98023e-08
-0.027913 0.00121847 0.999611

  Inverse Direction: 
-0.998657 0.0435951 -0.0279396
-0.043612 -0.99905 -2.98023e-08
-0.027913 0.00121847 0.999611

  PixelContainer: 
    ImportImageContainer (0x34bb1d0)
      RTTI typeinfo:   itk::ImportImageContainer<unsigned long, double>
      Reference Count: 1
      Modified Time: 1587
      Debug: Off
      Object Name: 
      Observers: 
        none
      Pointer: 0x14b994b4e010
      Container manages memory: true
      Size: 9830400
      Capacity: 9830400

     Weighting = 1
     Sampling strategy = regular
     Number of bins = 32
     Radius = 4
     Sampling percentage  = 0.25
   Transform = Affine
     Gradient step = 0.1
     Update field sigma (voxel space) = 0
     Total field sigma (voxel space) = 0
     Update field time sigma = 0
     Total field time sigma  = 0
     Number of time indices = 0
     Number of time point samples = 0
Registration using 1 total stages.

Stage 0
  iterations = 1000x500x250x100
  convergence threshold = 1e-06
  convergence window size = 10
  number of levels = 4
  using the Mattes MI metric (number of bins = 32, weight = 1, use gradient filter = 0)
  preprocessing:  winsorizing the image intensities
  Shrink factors (level 1 out of 4): [8, 8, 8]
  Shrink factors (level 2 out of 4): [4, 4, 4]
  Shrink factors (level 3 out of 4): [2, 2, 2]
  Shrink factors (level 4 out of 4): [1, 1, 1]
  smoothing sigmas per level: [3, 2, 1, 0]
  regular sampling (percentage = 0.25)

*** Running AffineTransform registration ***

DIAGNOSTIC,Iteration,metricValue,convergenceValue,ITERATION_TIME_INDEX,SINCE_LAST
 2DIAGNOSTIC,     1, -5.800807533461e-01, 1.797693134862e+308, 0.0000e+00, 0.0000e+00, 
 2DIAGNOSTIC,     2, -5.818737932945e-01, 1.797693134862e+308, 0.0000e+00, 0.0000e+00, 
 2DIAGNOSTIC,     3, -5.851080828113e-01, 1.797693134862e+308, 0.0000e+00, 0.0000e+00, 
 2DIAGNOSTIC,     4, -5.920131462103e-01, 1.797693134862e+308, 0.0000e+00, 0.0000e+00, 
 2DIAGNOSTIC,     5, -6.017098987039e-01, 1.797693134862e+308, 0.0000e+00, 0.0000e+00, 
 2DIAGNOSTIC,     6, -6.159202198145e-01, 1.797693134862e+308, 0.0000e+00, 0.0000e+00, 
 2DIAGNOSTIC,     7, -6.351284252097e-01, 1.797693134862e+308, 0.0000e+00, 0.0000e+00, 
 2DIAGNOSTIC,     8, -6.675530847210e-01, 1.797693134862e+308, 0.0000e+00, 0.0000e+00, 
 2DIAGNOSTIC,     9, -6.894951357323e-01, 1.797693134862e+308, 0.0000e+00, 0.0000e+00, 
 2DIAGNOSTIC,    10, -6.953876854732e-01, 1.318838246918e-02, 0.0000e+00, 0.0000e+00, 
 2DIAGNOSTIC,    11, -6.984217860753e-01, 1.290794623790e-02, 0.0000e+00, 0.0000e+00, 
 2DIAGNOSTIC,    12, -7.033031823404e-01, 1.177225529461e-02, 0.0000e+00, 0.0000e+00, 
 2DIAGNOSTIC,    13, -7.047652894864e-01, 9.912772247077e-03, 0.0000e+00, 0.0000e+00, 
 2DIAGNOSTIC,    14, -7.070885934590e-01, 7.728885351791e-03, 0.0000e+00, 0.0000e+00, 
 2DIAGNOSTIC,    15, -7.153407011799e-01, 5.683367954673e-03, 0.0000e+00, 0.0000e+00, 
 2DIAGNOSTIC,    16, -7.162226456962e-01, 3.805598577757e-03, 0.0000e+00, 0.0000e+00, 
 2DIAGNOSTIC,    17, -7.169315260429e-01, 2.310511707866e-03, 0.0000e+00, 0.0000e+00, 
 2DIAGNOSTIC,    18, -7.171992278749e-01, 1.551844906221e-03, 0.0000e+00, 0.0000e+00, 
 2DIAGNOSTIC,    19, -7.174443947389e-01, 1.232538169797e-03, 0.0000e+00, 0.0000e+00, 
 2DIAGNOSTIC,    20, -7.182243253859e-01, 9.723689250970e-04, 0.0000e+00, 0.0000e+00, 
 2DIAGNOSTIC,    21, -7.191553418488e-01, 7.256588501531e-04, 0.0000e+00, 0.0000e+00, 
 2DIAGNOSTIC,    22, -7.195841935353e-01, 5.392744182005e-04, 0.0000e+00, 0.0000e+00, 
 2DIAGNOSTIC,    23, -7.199628918629e-01, 3.546526845827e-04, 0.0000e+00, 0.0000e+00, 
 2DIAGNOSTIC,    24, -7.199968389433e-01, 1.909162826282e-04, 0.0000e+00, 0.0000e+00, 
 2DIAGNOSTIC,    25, -7.201264110805e-01, 1.634813259012e-04, 0.0000e+00, 0.0000e+00, 
 2DIAGNOSTIC,    26, -7.200139854386e-01, 1.349498304214e-04, 0.0000e+00, 0.0000e+00, 
 2DIAGNOSTIC,    27, -7.201943353982e-01, 1.098420659966e-04, 0.0000e+00, 0.0000e+00, 
 2DIAGNOSTIC,    28, -7.201458422918e-01, 7.973622970168e-05, 0.0000e+00, 0.0000e+00, 
 2DIAGNOSTIC,    29, -7.200985529766e-01, 4.717634453809e-05, 0.0000e+00, 0.0000e+00, 
 2DIAGNOSTIC,    30, -7.200461769280e-01, 2.242334911708e-05, 0.0000e+00, 0.0000e+00, 
 2DIAGNOSTIC,    31, -7.199044993321e-01, 7.789461941778e-06, 0.0000e+00, 0.0000e+00, 
DIAGNOSTIC,Iteration,metricValue,convergenceValue,ITERATION_TIME_INDEX,SINCE_LAST
 2DIAGNOSTIC,     1, -5.913156619018e-01, 1.797693134862e+308, 0.0000e+00, 0.0000e+00, 
 2DIAGNOSTIC,     2, -5.923466688298e-01, 1.797693134862e+308, 0.0000e+00, 0.0000e+00, 
 2DIAGNOSTIC,     3, -5.936499107991e-01, 1.797693134862e+308, 0.0000e+00, 0.0000e+00, 
 2DIAGNOSTIC,     4, -5.950014402054e-01, 1.797693134862e+308, 0.0000e+00, 0.0000e+00, 
 2DIAGNOSTIC,     5, -5.963422213540e-01, 1.797693134862e+308, 0.0000e+00, 0.0000e+00, 
 2DIAGNOSTIC,     6, -5.974725578801e-01, 1.797693134862e+308, 0.0000e+00, 0.0000e+00, 
 2DIAGNOSTIC,     7, -5.979124744018e-01, 1.797693134862e+308, 0.0000e+00, 0.0000e+00, 
 2DIAGNOSTIC,     8, -5.988815521135e-01, 1.797693134862e+308, 0.0000e+00, 0.0000e+00, 
 2DIAGNOSTIC,     9, -5.992189942765e-01, 1.797693134862e+308, 0.0000e+00, 0.0000e+00, 
 2DIAGNOSTIC,    10, -5.993547956609e-01, 9.214471251835e-04, 0.0000e+00, 0.0000e+00, 
 2DIAGNOSTIC,    11, -5.996203147915e-01, 7.165979068289e-04, 0.0000e+00, 0.0000e+00, 
 2DIAGNOSTIC,    12, -5.998857017972e-01, 5.329277859859e-04, 0.0000e+00, 0.0000e+00, 
 2DIAGNOSTIC,    13, -6.001137825299e-01, 3.849194332149e-04, 0.0000e+00, 0.0000e+00, 
 2DIAGNOSTIC,    14, -6.001008471085e-01, 2.680302071242e-04, 0.0000e+00, 0.0000e+00, 
 2DIAGNOSTIC,    15, -6.001017052259e-01, 1.848238257272e-04, 0.0000e+00, 0.0000e+00, 
 2DIAGNOSTIC,    16, -6.001031375089e-01, 1.290159018031e-04, 0.0000e+00, 0.0000e+00, 
 2DIAGNOSTIC,    17, -6.001049665197e-01, 7.967688391831e-05, 0.0000e+00, 0.0000e+00, 
 2DIAGNOSTIC,    18, -6.000953490161e-01, 5.376708335190e-05, 0.0000e+00, 0.0000e+00, 
 2DIAGNOSTIC,    19, -6.000961852394e-01, 3.432034799051e-05, 0.0000e+00, 0.0000e+00, 
 2DIAGNOSTIC,    20, -6.000961803100e-01, 1.699879742895e-05, 0.0000e+00, 0.0000e+00, 
 2DIAGNOSTIC,    21, -6.000961475134e-01, 5.783775516348e-06, 0.0000e+00, 0.0000e+00, 
DIAGNOSTIC,Iteration,metricValue,convergenceValue,ITERATION_TIME_INDEX,SINCE_LAST
 2DIAGNOSTIC,     1, -5.250230758526e-01, 1.797693134862e+308, 0.0000e+00, 0.0000e+00, 
 2DIAGNOSTIC,     2, -5.253614937120e-01, 1.797693134862e+308, 0.0000e+00, 0.0000e+00, 
 2DIAGNOSTIC,     3, -5.257162332292e-01, 1.797693134862e+308, 0.0000e+00, 0.0000e+00, 
 2DIAGNOSTIC,     4, -5.260194166329e-01, 1.797693134862e+308, 0.0000e+00, 0.0000e+00, 
 2DIAGNOSTIC,     5, -5.263319233511e-01, 1.797693134862e+308, 0.0000e+00, 0.0000e+00, 
 2DIAGNOSTIC,     6, -5.266877451996e-01, 1.797693134862e+308, 0.0000e+00, 0.0000e+00, 
 2DIAGNOSTIC,     7, -5.270176357296e-01, 1.797693134862e+308, 0.0000e+00, 0.0000e+00, 
 2DIAGNOSTIC,     8, -5.271627760509e-01, 1.797693134862e+308, 0.0000e+00, 0.0000e+00, 
 2DIAGNOSTIC,     9, -5.271894710904e-01, 1.797693134862e+308, 0.0000e+00, 0.0000e+00, 
 2DIAGNOSTIC,    10, -5.272474097804e-01, 2.926488941764e-04, 0.0000e+00, 0.0000e+00, 
 2DIAGNOSTIC,    11, -5.272722194188e-01, 2.243158588983e-04, 0.0000e+00, 0.0000e+00, 
 2DIAGNOSTIC,    12, -5.273069257486e-01, 1.639374615256e-04, 0.0000e+00, 0.0000e+00, 
 2DIAGNOSTIC,    13, -5.274438969781e-01, 1.185988605307e-04, 0.0000e+00, 0.0000e+00, 
 2DIAGNOSTIC,    14, -5.277014562991e-01, 9.066847376828e-05, 0.0000e+00, 0.0000e+00, 
 2DIAGNOSTIC,    15, -5.277702252546e-01, 7.174592624179e-05, 0.0000e+00, 0.0000e+00, 
 2DIAGNOSTIC,    16, -5.277864112615e-01, 6.119302667014e-05, 0.0000e+00, 0.0000e+00, 
 2DIAGNOSTIC,    17, -5.277982830558e-01, 5.729183742584e-05, 0.0000e+00, 0.0000e+00, 
 2DIAGNOSTIC,    18, -5.278047570268e-01, 5.318439829450e-05, 0.0000e+00, 0.0000e+00, 
 2DIAGNOSTIC,    19, -5.278244736662e-01, 4.590011837369e-05, 0.0000e+00, 0.0000e+00, 
 2DIAGNOSTIC,    20, -5.278814563481e-01, 3.831868220219e-05, 0.0000e+00, 0.0000e+00, 
 2DIAGNOSTIC,    21, -5.278821913970e-01, 2.877078895847e-05, 0.0000e+00, 0.0000e+00, 
 2DIAGNOSTIC,    22, -5.278806502250e-01, 1.838368699592e-05, 0.0000e+00, 0.0000e+00, 
 2DIAGNOSTIC,    23, -5.278809044947e-01, 1.040229766286e-05, 0.0000e+00, 0.0000e+00, 
 2DIAGNOSTIC,    24, -5.278803857350e-01, 7.965837860793e-06, 0.0000e+00, 0.0000e+00, 
 2DIAGNOSTIC,    25, -5.278803842842e-01, 6.555705130779e-06, 0.0000e+00, 0.0000e+00, 
 2DIAGNOSTIC,    26, -5.278796493769e-01, 5.073242274070e-06, 0.0000e+00, 0.0000e+00, 
 2DIAGNOSTIC,    27, -5.278795312945e-01, 3.592088094695e-06, 0.0000e+00, 0.0000e+00, 
 2DIAGNOSTIC,    28, -5.278795254348e-01, 2.115272113766e-06, 0.0000e+00, 0.0000e+00, 
DIAGNOSTIC,Iteration,metricValue,convergenceValue,ITERATION_TIME_INDEX,SINCE_LAST
 2DIAGNOSTIC,     1, -4.827563360243e-01, 1.797693134862e+308, 0.0000e+00, 0.0000e+00, 
