
##########################
# Experiment information #
##########################

EXPERIMENT_NAME: antsRegistration-r8-p21
VFC_BACKENDS: libinterflop_vprec.so --range-binary32=8 --precision-binary32=21 --range-binary64=8 --precision-binary64=21

SIF_IMG: /home/mdugre/projects/rrg-glatard/mdugre/containers/ants-vprec-no_metrics.simg

SUBJECT_ID: s035
INPUT_IMG: /home/mdugre/scratch/mri-registration-rp/datasets/ds004513/derivatives/mri-registration-rp/antsBrainExtraction/sub-s035/BrainExtractionBrain.nii.gz
OUTPUT_DIR: /home/mdugre/scratch/mri-registration-rp/datasets/ds004513/derivatives/mri-registration-rp/0011/antsRegistration-r8-p21/sub-s035

FIXED_IMG: /templateflow/tpl-MNI152NLin2009cAsym/tpl-MNI152NLin2009cAsym_res-01_desc-brain_T1w.nii.gz
DATA_DIR: /home/mdugre/scratch/mri-registration-rp/datasets/ds004513
TEMPLATEFLOW_DIR: /home/mdugre/projects/rrg-glatard/mdugre/templateflow
ITK_GLOBAL_DEFAULT_NUMBER_OF_THREADS: 16
##########################

Info [verificarlo]: loaded backend libinterflop_ieee.so
Info [interflop-ieee]: load backend with:
Info [interflop-ieee]: debug = false
Info [interflop-ieee]: debug-binary = false
Info [interflop-ieee]: no-backend-name = false
Info [interflop-ieee]: print-new-line = false
Info [interflop-ieee]: print-subnormal-normalized = false
Info [interflop-ieee]: count-op = false
All_Command_lines_OK
Using double precision for computations.
=============================================================================
The composite transform comprises the following transforms (in order): 
  1. Center of mass alignment using fixed image: /templateflow/tpl-MNI152NLin2009cAsym/tpl-MNI152NLin2009cAsym_res-01_desc-brain_T1w.nii.gz and moving image: /home/mdugre/scratch/mri-registration-rp/datasets/ds004513/derivatives/mri-registration-rp/antsBrainExtraction/sub-s035/BrainExtractionBrain.nii.gz (type = Euler3DTransform)
=============================================================================
  number of levels = 1
  fixed image: /templateflow/tpl-MNI152NLin2009cAsym/tpl-MNI152NLin2009cAsym_res-01_desc-brain_T1w.nii.gz
  moving image: /home/mdugre/scratch/mri-registration-rp/datasets/ds004513/derivatives/mri-registration-rp/antsBrainExtraction/sub-s035/BrainExtractionBrain.nii.gz
Dimension = 3
Number of stages = 1
Use histogram matching = false
Winsorize image intensities = true
  Lower quantile = 0.005
  Upper quantile = 0.995


Stage 1 State
   Image metric = MattesMI
     Fixed image = Image (0x3988e70)
  RTTI typeinfo:   itk::Image<double, 3u>
  Reference Count: 2
  Modified Time: 2330
  Debug: Off
  Object Name: 
  Observers: 
    none
  Source: (none)
  Source output name: (none)
  Release Data: Off
  Data Released: False
  Global Release Data: Off
  PipelineMTime: 0
  UpdateMTime: 1941
  RealTimeStamp: 0 seconds 
  LargestPossibleRegion: 
    Dimension: 3
    Index: [0, 0, 0]
    Size: [193, 229, 193]
  BufferedRegion: 
    Dimension: 3
    Index: [0, 0, 0]
    Size: [193, 229, 193]
  RequestedRegion: 
    Dimension: 3
    Index: [0, 0, 0]
    Size: [193, 229, 193]
  Spacing: [1, 1, 1]
  Origin: [96, 132, -78]
  Direction: 
-1 0 0
0 -1 0
0 0 1

  IndexToPointMatrix: 
-1 0 0
0 -1 0
0 0 1

  PointToIndexMatrix: 
-1 0 0
0 -1 0
0 0 1

  Inverse Direction: 
-1 0 0
0 -1 0
0 0 1

  PixelContainer: 
    ImportImageContainer (0x3991c60)
      RTTI typeinfo:   itk::ImportImageContainer<unsigned long, double>
      Reference Count: 1
      Modified Time: 1938
      Debug: Off
      Object Name: 
      Observers: 
        none
      Pointer: 0x1534c0569010
      Container manages memory: true
      Size: 8530021
      Capacity: 8530021

     Moving image = Image (0x3a25ec0)
  RTTI typeinfo:   itk::Image<double, 3u>
  Reference Count: 2
  Modified Time: 2331
  Debug: Off
  Object Name: 
  Observers: 
    none
  Source: (none)
  Source output name: (none)
  Release Data: Off
  Data Released: False
  Global Release Data: Off
  PipelineMTime: 0
  UpdateMTime: 2328
  RealTimeStamp: 0 seconds 
  LargestPossibleRegion: 
    Dimension: 3
    Index: [0, 0, 0]
    Size: [160, 240, 256]
  BufferedRegion: 
    Dimension: 3
    Index: [0, 0, 0]
    Size: [160, 240, 256]
  RequestedRegion: 
    Dimension: 3
    Index: [0, 0, 0]
    Size: [160, 240, 256]
  Spacing: [1, 1, 1]
  Origin: [98.6438, 87.6358, -117.989]
  Direction: 
-0.993515 -0.100993 -0.0522355
0.100854 -0.994887 0.00530255
-0.0525039 1.93537e-08 0.998621

  IndexToPointMatrix: 
-0.993515 -0.100993 -0.0522355
0.100854 -0.994887 0.00530255
-0.0525039 1.93537e-08 0.998621

  PointToIndexMatrix: 
-0.993515 0.100854 -0.0525039
-0.100993 -0.994887 1.93006e-08
-0.0522355 0.00530255 0.998621

  Inverse Direction: 
-0.993515 0.100854 -0.0525039
-0.100993 -0.994887 1.93006e-08
-0.0522355 0.00530255 0.998621

  PixelContainer: 
    ImportImageContainer (0x3abd610)
      RTTI typeinfo:   itk::ImportImageContainer<unsigned long, double>
      Reference Count: 1
      Modified Time: 2325
      Debug: Off
      Object Name: 
      Observers: 
        none
      Pointer: 0x1534bba68010
      Container manages memory: true
      Size: 9830400
      Capacity: 9830400

     Weighting = 1
     Sampling strategy = regular
     Number of bins = 32
     Radius = 4
     Sampling percentage  = 0.25
   Transform = Rigid
     Gradient step = 0.1
     Update field sigma (voxel space) = 0
     Total field sigma (voxel space) = 0
     Update field time sigma = 0
     Total field time sigma  = 0
     Number of time indices = 0
     Number of time point samples = 0
Registration using 1 total stages.

Stage 0
  iterations = 0
  convergence threshold = 1e-06
  convergence window size = 10
  number of levels = 1
  using the Mattes MI metric (number of bins = 32, weight = 1, use gradient filter = 0)
  preprocessing:  winsorizing the image intensities
  Shrink factors (level 1 out of 1): [1, 1, 1]
  smoothing sigmas per level: [0]
  regular sampling (percentage = 0.25)

*** Running Euler3DTransform registration ***

  Elapsed time (stage 0): 1.11279


Total elapsed time: 1.11496
Info [verificarlo]: loaded backend libinterflop_ieee.so
Info [interflop-ieee]: load backend with:
Info [interflop-ieee]: debug = false
Info [interflop-ieee]: debug-binary = false
Info [interflop-ieee]: no-backend-name = false
Info [interflop-ieee]: print-new-line = false
Info [interflop-ieee]: print-subnormal-normalized = false
Info [interflop-ieee]: count-op = false
All_Command_lines_OK
Using double precision for computations.
=============================================================================
The composite transform comprises the following transforms (in order): 
  1. /home/mdugre/scratch/mri-registration-rp/datasets/ds004513/derivatives/mri-registration-rp/0011/antsRegistration-r8-p21/sub-s035/align_Composite.h5[0] (type = Euler3DTransform)
  2. /home/mdugre/scratch/mri-registration-rp/datasets/ds004513/derivatives/mri-registration-rp/0011/antsRegistration-r8-p21/sub-s035/align_Composite.h5[1] (type = Euler3DTransform)
=============================================================================
  number of levels = 4
  fixed image: /templateflow/tpl-MNI152NLin2009cAsym/tpl-MNI152NLin2009cAsym_res-01_desc-brain_T1w.nii.gz
  moving image: /home/mdugre/scratch/mri-registration-rp/datasets/ds004513/derivatives/mri-registration-rp/antsBrainExtraction/sub-s035/BrainExtractionBrain.nii.gz
Dimension = 3
Number of stages = 1
Use histogram matching = false
Winsorize image intensities = true
  Lower quantile = 0.005
  Upper quantile = 0.995


Stage 1 State
   Image metric = MattesMI
     Fixed image = Image (0x353e530)
  RTTI typeinfo:   itk::Image<double, 3u>
  Reference Count: 2
  Modified Time: 1578
  Debug: Off
  Object Name: 
  Observers: 
    none
  Source: (none)
  Source output name: (none)
  Release Data: Off
  Data Released: False
  Global Release Data: Off
  PipelineMTime: 0
  UpdateMTime: 1189
  RealTimeStamp: 0 seconds 
  LargestPossibleRegion: 
    Dimension: 3
    Index: [0, 0, 0]
    Size: [193, 229, 193]
  BufferedRegion: 
    Dimension: 3
    Index: [0, 0, 0]
    Size: [193, 229, 193]
  RequestedRegion: 
    Dimension: 3
    Index: [0, 0, 0]
    Size: [193, 229, 193]
  Spacing: [1, 1, 1]
  Origin: [96, 132, -78]
  Direction: 
-1 0 0
0 -1 0
0 0 1

  IndexToPointMatrix: 
-1 0 0
0 -1 0
0 0 1

  PointToIndexMatrix: 
-1 0 0
0 -1 0
0 0 1

  Inverse Direction: 
-1 0 0
0 -1 0
0 0 1

  PixelContainer: 
    ImportImageContainer (0x35fcd60)
      RTTI typeinfo:   itk::ImportImageContainer<unsigned long, double>
      Reference Count: 1
      Modified Time: 1186
      Debug: Off
      Object Name: 
      Observers: 
        none
      Pointer: 0x14ed7ca09010
      Container manages memory: true
      Size: 8530021
      Capacity: 8530021

     Moving image = Image (0x35eef60)
  RTTI typeinfo:   itk::Image<double, 3u>
  Reference Count: 2
  Modified Time: 1579
  Debug: Off
  Object Name: 
  Observers: 
    none
  Source: (none)
  Source output name: (none)
  Release Data: Off
  Data Released: False
  Global Release Data: Off
  PipelineMTime: 0
  UpdateMTime: 1576
  RealTimeStamp: 0 seconds 
  LargestPossibleRegion: 
    Dimension: 3
    Index: [0, 0, 0]
    Size: [160, 240, 256]
  BufferedRegion: 
    Dimension: 3
    Index: [0, 0, 0]
    Size: [160, 240, 256]
  RequestedRegion: 
    Dimension: 3
    Index: [0, 0, 0]
    Size: [160, 240, 256]
  Spacing: [1, 1, 1]
  Origin: [98.6438, 87.6358, -117.989]
  Direction: 
-0.993515 -0.100993 -0.0522355
0.100854 -0.994887 0.00530255
-0.0525039 1.93537e-08 0.998621

  IndexToPointMatrix: 
-0.993515 -0.100993 -0.0522355
0.100854 -0.994887 0.00530255
-0.0525039 1.93537e-08 0.998621

  PointToIndexMatrix: 
-0.993515 0.100854 -0.0525039
-0.100993 -0.994887 1.93006e-08
-0.0522355 0.00530255 0.998621

  Inverse Direction: 
-0.993515 0.100854 -0.0525039
-0.100993 -0.994887 1.93006e-08
-0.0522355 0.00530255 0.998621

  PixelContainer: 
    ImportImageContainer (0x35e06d0)
      RTTI typeinfo:   itk::ImportImageContainer<unsigned long, double>
      Reference Count: 1
      Modified Time: 1573
      Debug: Off
      Object Name: 
      Observers: 
        none
      Pointer: 0x14ed77f08010
      Container manages memory: true
      Size: 9830400
      Capacity: 9830400

     Weighting = 1
     Sampling strategy = regular
     Number of bins = 32
     Radius = 4
     Sampling percentage  = 0.25
   Transform = Rigid
     Gradient step = 0.1
     Update field sigma (voxel space) = 0
     Total field sigma (voxel space) = 0
     Update field time sigma = 0
     Total field time sigma  = 0
     Number of time indices = 0
     Number of time point samples = 0
Registration using 1 total stages.

Stage 0
  iterations = 1000x500x250x100
  convergence threshold = 1e-06
  convergence window size = 10
  number of levels = 4
  using the Mattes MI metric (number of bins = 32, weight = 1, use gradient filter = 0)
  preprocessing:  winsorizing the image intensities
  Shrink factors (level 1 out of 4): [8, 8, 8]
  Shrink factors (level 2 out of 4): [4, 4, 4]
  Shrink factors (level 3 out of 4): [2, 2, 2]
  Shrink factors (level 4 out of 4): [1, 1, 1]
  smoothing sigmas per level: [3, 2, 1, 0]
  regular sampling (percentage = 0.25)

*** Running Euler3DTransform registration ***

DIAGNOSTIC,Iteration,metricValue,convergenceValue,ITERATION_TIME_INDEX,SINCE_LAST
 2DIAGNOSTIC,     1, -5.238630234552e-01, 1.797693134862e+308, 6.5864e-01, 6.5864e-01, 
 2DIAGNOSTIC,     2, -5.257885820767e-01, 1.797693134862e+308, 6.6303e-01, 4.3859e-03, 
 2DIAGNOSTIC,     3, -5.278597554839e-01, 1.797693134862e+308, 6.6777e-01, 4.7390e-03, 
 2DIAGNOSTIC,     4, -5.302176117225e-01, 1.797693134862e+308, 6.7389e-01, 6.1250e-03, 
 2DIAGNOSTIC,     5, -5.343462816845e-01, 1.797693134862e+308, 6.7864e-01, 4.7450e-03, 
 2DIAGNOSTIC,     6, -5.399239396740e-01, 1.797693134862e+308, 6.8328e-01, 4.6449e-03, 
 2DIAGNOSTIC,     7, -5.490554822001e-01, 1.797693134862e+308, 6.8882e-01, 5.5339e-03, 
 2DIAGNOSTIC,     8, -5.545204224448e-01, 1.797693134862e+308, 6.9625e-01, 7.4322e-03, 
 2DIAGNOSTIC,     9, -5.601437715553e-01, 1.797693134862e+308, 7.0206e-01, 5.8091e-03, 
 2DIAGNOSTIC,    10, -5.617741193774e-01, 5.067640484485e-03, 7.0762e-01, 5.5611e-03, 
 2DIAGNOSTIC,    11, -5.649562249041e-01, 4.796539612083e-03, 7.1348e-01, 5.8641e-03, 
 2DIAGNOSTIC,    12, -5.658710903081e-01, 4.260783098155e-03, 7.1994e-01, 6.4559e-03, 
 2DIAGNOSTIC,    13, -5.662828333056e-01, 3.524744036645e-03, 7.2503e-01, 5.0879e-03, 
 2DIAGNOSTIC,    14, -5.685908474577e-01, 2.751340472953e-03, 7.3053e-01, 5.5058e-03, 
 2DIAGNOSTIC,    15, -5.732745043306e-01, 2.134644679428e-03, 7.3768e-01, 7.1490e-03, 
 2DIAGNOSTIC,    16, -5.738084427845e-01, 1.591333148336e-03, 7.4386e-01, 6.1791e-03, 
 2DIAGNOSTIC,    17, -5.739093703464e-01, 1.247363567739e-03, 7.4862e-01, 4.7629e-03, 
 2DIAGNOSTIC,    18, -5.745773598458e-01, 1.002163966315e-03, 7.5336e-01, 4.7369e-03, 
 2DIAGNOSTIC,    19, -5.752045522723e-01, 8.579763081926e-04, 7.5809e-01, 4.7281e-03, 
 2DIAGNOSTIC,    20, -5.755578777727e-01, 6.955845773886e-04, 7.6294e-01, 4.8549e-03, 
 2DIAGNOSTIC,    21, -5.761681227726e-01, 5.767135182725e-04, 7.6769e-01, 4.7510e-03, 
 2DIAGNOSTIC,    22, -5.775610178281e-01, 4.707067062569e-04, 7.7261e-01, 4.9171e-03, 
 2DIAGNOSTIC,    23, -5.801876522135e-01, 3.965856196885e-04, 7.7765e-01, 5.0352e-03, 
 2DIAGNOSTIC,    24, -5.873578871776e-01, 4.881452204303e-04, 7.8458e-01, 6.9342e-03, 
 2DIAGNOSTIC,    25, -5.924052233501e-01, 7.199711435877e-04, 7.9133e-01, 6.7508e-03, 
 2DIAGNOSTIC,    26, -5.933789722547e-01, 8.944842701294e-04, 7.9737e-01, 6.0339e-03, 
 2DIAGNOSTIC,    27, -5.948140362556e-01, 1.002036484532e-03, 8.0268e-01, 5.3151e-03, 
 2DIAGNOSTIC,    28, -5.954370004555e-01, 1.029952320971e-03, 8.0753e-01, 4.8540e-03, 
 2DIAGNOSTIC,    29, -5.955619965637e-01, 9.699000563977e-04, 8.1223e-01, 4.6990e-03, 
 2DIAGNOSTIC,    30, -5.960977142452e-01, 8.366692960813e-04, 8.1693e-01, 4.6999e-03, 
 2DIAGNOSTIC,    31, -5.971105016179e-01, 6.606986236242e-04, 8.2237e-01, 5.4390e-03, 
 2DIAGNOSTIC,    32, -5.989728413261e-01, 4.853112632015e-04, 8.2960e-01, 7.2250e-03, 
 2DIAGNOSTIC,    33, -5.996340171297e-01, 3.222359248385e-04, 8.3433e-01, 4.7290e-03, 
 2DIAGNOSTIC,    34, -5.997688324945e-01, 2.443793016593e-04, 8.3906e-01, 4.7331e-03, 
 2DIAGNOSTIC,    35, -5.999328162905e-01, 2.224308791803e-04, 8.4500e-01, 5.9381e-03, 
 2DIAGNOSTIC,    36, -6.001598298662e-01, 1.965988111417e-04, 8.4976e-01, 4.7641e-03, 
 2DIAGNOSTIC,    37, -6.004938013087e-01, 1.767006122153e-04, 8.5518e-01, 5.4212e-03, 
 2DIAGNOSTIC,    38, -6.008280010245e-01, 1.536048164872e-04, 8.6011e-01, 4.9241e-03, 
 2DIAGNOSTIC,    39, -6.038559363445e-01, 1.574331422921e-04, 8.6565e-01, 5.5449e-03, 
 2DIAGNOSTIC,    40, -6.077047303344e-01, 1.993081243087e-04, 8.7095e-01, 5.2991e-03, 
 2DIAGNOSTIC,    41, -6.174632713937e-01, 3.481387262832e-04, 8.7743e-01, 6.4771e-03, 
 2DIAGNOSTIC,    42, -6.161977835177e-01, 4.608906788384e-04, 8.8699e-01, 9.5611e-03, 
 2DIAGNOSTIC,    43, -6.161564494974e-01, 5.335370251418e-04, 8.9162e-01, 4.6291e-03, 
 2DIAGNOSTIC,    44, -6.170772194774e-01, 5.644819701665e-04, 8.9612e-01, 4.4990e-03, 
 2DIAGNOSTIC,    45, -6.185357253666e-01, 5.560474472726e-04, 9.0071e-01, 4.5881e-03, 
 2DIAGNOSTIC,    46, -6.206472591033e-01, 5.180557620676e-04, 9.0534e-01, 4.6339e-03, 
 2DIAGNOSTIC,    47, -6.234100421207e-01, 4.649604085980e-04, 9.0996e-01, 4.6210e-03, 
 2DIAGNOSTIC,    48, -6.282459769721e-01, 4.232184042099e-04, 9.1454e-01, 4.5769e-03, 
 2DIAGNOSTIC,    49, -6.332856945937e-01, 4.219354544471e-04, 9.1914e-01, 4.6020e-03, 
 2DIAGNOSTIC,    50, -6.437673342335e-01, 5.158702010579e-04, 9.2383e-01, 4.6880e-03, 
 2DIAGNOSTIC,    51, -6.567709920534e-01, 7.709772878949e-04, 9.2850e-01, 4.6761e-03, 
 2DIAGNOSTIC,    52, -6.630139273207e-01, 9.856116169070e-04, 9.3363e-01, 5.1301e-03, 
 2DIAGNOSTIC,    53, -6.637658019707e-01, 1.103854896041e-03, 9.3814e-01, 4.5040e-03, 
 2DIAGNOSTIC,    54, -6.646848075153e-01, 1.129224586443e-03, 9.4280e-01, 4.6630e-03, 
 2DIAGNOSTIC,    55, -6.699954850869e-01, 1.103370284251e-03, 9.5116e-01, 8.3640e-03, 
 2DIAGNOSTIC,    56, -6.720090009529e-01, 1.005089899981e-03, 9.5793e-01, 6.7658e-03, 
 2DIAGNOSTIC,    57, -6.720481700691e-01, 8.375238876901e-04, 9.6249e-01, 4.5629e-03, 
 2DIAGNOSTIC,    58, -6.725919541112e-01, 6.425664769817e-04, 9.6701e-01, 4.5140e-03, 
 2DIAGNOSTIC,    59, -6.729036373771e-01, 4.360794409488e-04, 9.7175e-01, 4.7469e-03, 
 2DIAGNOSTIC,    60, -6.731488730410e-01, 2.773042497680e-04, 9.7630e-01, 4.5481e-03, 
 2DIAGNOSTIC,    61, -6.734259075558e-01, 1.993309584564e-04, 9.8088e-01, 4.5822e-03, 
 2DIAGNOSTIC,    62, -6.739132125136e-01, 1.568960287650e-04, 9.8551e-01, 4.6220e-03, 
 2DIAGNOSTIC,    63, -6.762843347066e-01, 1.247264259645e-04, 9.9182e-01, 6.3131e-03, 
 2DIAGNOSTIC,    64, -6.766381757006e-01, 8.969381138017e-05, 9.9636e-01, 4.5450e-03, 
 2DIAGNOSTIC,    65, -6.771215345646e-01, 8.898310701244e-05, 1.0010e+00, 4.6411e-03, 
 2DIAGNOSTIC,    66, -6.778537315540e-01, 9.953447362275e-05, 1.0063e+00, 5.3060e-03, 
 2DIAGNOSTIC,    67, -6.792267822825e-01, 1.098307018376e-04, 1.0127e+00, 6.3841e-03, 
 2DIAGNOSTIC,    68, -6.807681379644e-01, 1.231392132830e-04, 1.0173e+00, 4.6170e-03, 
 2DIAGNOSTIC,    69, -6.815200171421e-01, 1.312169196386e-04, 1.0219e+00, 4.5829e-03, 
 2DIAGNOSTIC,    70, -6.818105366688e-01, 1.303117861120e-04, 1.0284e+00, 6.4950e-03, 
 2DIAGNOSTIC,    71, -6.820510758450e-01, 1.205032403623e-04, 1.0330e+00, 4.5950e-03, 
 2DIAGNOSTIC,    72, -6.822317414717e-01, 1.032410703679e-04, 1.0376e+00, 4.6380e-03, 
 2DIAGNOSTIC,    73, -6.825798878601e-01, 9.372262184221e-05, 1.0440e+00, 6.3632e-03, 
 2DIAGNOSTIC,    74, -6.826263805988e-01, 7.797291375543e-05, 1.0487e+00, 4.7510e-03, 
 2DIAGNOSTIC,    75, -6.826914430828e-01, 5.871075884821e-05, 1.0535e+00, 4.7901e-03, 
 2DIAGNOSTIC,    76, -6.828123108836e-01, 3.951594151696e-05, 1.0582e+00, 4.6241e-03, 
 2DIAGNOSTIC,    77, -6.832344881403e-01, 2.762689333033e-05, 1.0627e+00, 4.5929e-03, 
 2DIAGNOSTIC,    78, -6.838172091280e-01, 2.580694627432e-05, 1.0698e+00, 7.0300e-03, 
 2DIAGNOSTIC,    79, -6.837376687377e-01, 2.541969979613e-05, 1.0744e+00, 4.6470e-03, 
 2DIAGNOSTIC,    80, -6.837941274714e-01, 2.471286714901e-05, 1.0791e+00, 4.6580e-03, 
 2DIAGNOSTIC,    81, -6.839726749608e-01, 2.407063919779e-05, 1.0838e+00, 4.7338e-03, 
 2DIAGNOSTIC,    82, -6.841108045829e-01, 2.281110010394e-05, 1.0886e+00, 4.7798e-03, 
 2DIAGNOSTIC,    83, -6.851047722043e-01, 2.675884390036e-05, 1.0952e+00, 6.6218e-03, 
 2DIAGNOSTIC,    84, -6.858177956787e-01, 3.208894551454e-05, 1.1010e+00, 5.7461e-03, 
 2DIAGNOSTIC,    85, -6.861557303848e-01, 3.640476972254e-05, 1.1086e+00, 7.6230e-03, 
 2DIAGNOSTIC,    86, -6.861560164076e-01, 3.780284157169e-05, 1.1131e+00, 4.5600e-03, 
 2DIAGNOSTIC,    87, -6.861670361889e-01, 3.777878795438e-05, 1.1177e+00, 4.6029e-03, 
 2DIAGNOSTIC,    88, -6.861800961545e-01, 3.717620889012e-05, 1.1223e+00, 4.5619e-03, 
 2DIAGNOSTIC,    89, -6.861877622468e-01, 3.259461282027e-05, 1.1274e+00, 5.0650e-03, 
 2DIAGNOSTIC,    90, -6.861915569097e-01, 2.533919421487e-05, 1.1318e+00, 4.4699e-03, 
 2DIAGNOSTIC,    91, -6.861985306428e-01, 1.686281060662e-05, 1.1363e+00, 4.4830e-03, 
 2DIAGNOSTIC,    92, -6.862114120966e-01, 7.665704482226e-06, 1.1409e+00, 4.5922e-03, 
 2DIAGNOSTIC,    93, -6.862267587011e-01, 2.805227955999e-06, 1.1454e+00, 4.5171e-03, 
 2DIAGNOSTIC,    94, -6.862421331556e-01, 1.275371232375e-06, 1.1504e+00, 5.0082e-03, 
 2DIAGNOSTIC,    95, -6.863401977040e-01, 1.764979219145e-06, 1.1566e+00, 6.1638e-03, 
 2DIAGNOSTIC,    96, -6.863401191749e-01, 2.096927429873e-06, 1.1611e+00, 4.4999e-03, 
 2DIAGNOSTIC,    97, -6.863402607273e-01, 2.309580454421e-06, 1.1657e+00, 4.6051e-03, 
 2DIAGNOSTIC,    98, -6.863407255315e-01, 2.396090437515e-06, 1.1702e+00, 4.5130e-03, 
 2DIAGNOSTIC,    99, -6.863418876613e-01, 2.320790732774e-06, 1.1748e+00, 4.5462e-03, 
 2DIAGNOSTIC,   100, -6.863434548474e-01, 2.073548535389e-06, 1.1893e+00, 1.4480e-02, 
 2DIAGNOSTIC,   101, -6.863434546797e-01, 1.693912421691e-06, 1.2039e+00, 1.4692e-02, 
 2DIAGNOSTIC,   102, -6.863434546797e-01, 1.254156521753e-06, 1.2102e+00, 6.2881e-03, 
DIAGNOSTIC,Iteration,metricValue,convergenceValue,ITERATION_TIME_INDEX,SINCE_LAST
 2DIAGNOSTIC,     1, -5.583123438045e-01, 1.797693134862e+308, 1.9084e+00, 6.9815e-01, 
 2DIAGNOSTIC,     2, -5.587679055590e-01, 1.797693134862e+308, 1.9413e+00, 3.2897e-02, 
 2DIAGNOSTIC,     3, -5.591006515427e-01, 1.797693134862e+308, 1.9706e+00, 2.9368e-02, 
 2DIAGNOSTIC,     4, -5.599289654501e-01, 1.797693134862e+308, 2.0000e+00, 2.9344e-02, 
 2DIAGNOSTIC,     5, -5.608876555720e-01, 1.797693134862e+308, 2.0326e+00, 3.2651e-02, 
 2DIAGNOSTIC,     6, -5.613228916282e-01, 1.797693134862e+308, 2.0618e+00, 2.9132e-02, 
 2DIAGNOSTIC,     7, -5.624641254649e-01, 1.797693134862e+308, 2.0947e+00, 3.2921e-02, 
 2DIAGNOSTIC,     8, -5.631318579612e-01, 1.797693134862e+308, 2.1309e+00, 3.6242e-02, 
 2DIAGNOSTIC,     9, -5.632548420139e-01, 1.797693134862e+308, 2.1636e+00, 3.2705e-02, 
 2DIAGNOSTIC,    10, -5.639173107210e-01, 6.925792162879e-04, 2.1923e+00, 2.8665e-02, 
 2DIAGNOSTIC,    11, -5.654718011484e-01, 6.693219598770e-04, 2.2260e+00, 3.3735e-02, 
 2DIAGNOSTIC,    12, -5.659939864527e-01, 6.296533984180e-04, 2.2603e+00, 3.4308e-02, 
 2DIAGNOSTIC,    13, -5.660979322804e-01, 5.562693985231e-04, 2.3004e+00, 4.0068e-02, 
 2DIAGNOSTIC,    14, -5.661091392707e-01, 4.741057949341e-04, 2.3317e+00, 3.1319e-02, 
 2DIAGNOSTIC,    15, -5.661535683881e-01, 3.938196984722e-04, 2.3653e+00, 3.3607e-02, 
 2DIAGNOSTIC,    16, -5.661217827590e-01, 2.987878871509e-04, 2.3997e+00, 3.4395e-02, 
 2DIAGNOSTIC,    17, -5.661281180198e-01, 2.211491860607e-04, 2.4344e+00, 3.4662e-02, 
 2DIAGNOSTIC,    18, -5.661306237371e-01, 1.514522238138e-04, 2.4651e+00, 3.0691e-02, 
 2DIAGNOSTIC,    19, -5.661473141939e-01, 7.915424229461e-05, 2.4969e+00, 3.1769e-02, 
 2DIAGNOSTIC,    20, -5.661471009290e-01, 2.267204341350e-05, 2.5249e+00, 2.8086e-02, 
 2DIAGNOSTIC,    21, -5.661945373032e-01, 7.779134035962e-06, 2.5527e+00, 2.7723e-02, 
 2DIAGNOSTIC,    22, -5.662323537118e-01, 6.419408972690e-06, 2.5916e+00, 3.8944e-02, 
 2DIAGNOSTIC,    23, -5.662556340995e-01, 7.480792290702e-06, 2.6420e+00, 5.0395e-02, 
 2DIAGNOSTIC,    24, -5.662413816270e-01, 7.791576829862e-06, 2.6713e+00, 2.9312e-02, 
 2DIAGNOSTIC,    25, -5.662436663215e-01, 8.454437044364e-06, 2.7003e+00, 2.8942e-02, 
 2DIAGNOSTIC,    26, -5.662466286503e-01, 7.819582228612e-06, 2.7297e+00, 2.9408e-02, 
 2DIAGNOSTIC,    27, -5.662595583185e-01, 6.950570914856e-06, 2.7617e+00, 3.2055e-02, 
 2DIAGNOSTIC,    28, -5.662630333275e-01, 5.698671498307e-06, 2.7944e+00, 3.2645e-02, 
 2DIAGNOSTIC,    29, -5.662559004214e-01, 4.293940179818e-06, 2.8226e+00, 2.8245e-02, 
 2DIAGNOSTIC,    30, -5.662495603066e-01, 2.570169876571e-06, 2.8514e+00, 2.8774e-02, 
 2DIAGNOSTIC,    31, -5.662622455823e-01, 1.775643540730e-06, 2.8852e+00, 3.3855e-02, 
 2DIAGNOSTIC,    32, -5.662654272261e-01, 1.579986518681e-06, 2.9156e+00, 3.0381e-02, 
 2DIAGNOSTIC,    33, -5.662525908054e-01, 1.505778331877e-06, 2.9486e+00, 3.2927e-02, 
 2DIAGNOSTIC,    34, -5.662462634131e-01, 1.093810830539e-06, 2.9795e+00, 3.0964e-02, 
DIAGNOSTIC,Iteration,metricValue,convergenceValue,ITERATION_TIME_INDEX,SINCE_LAST
 2DIAGNOSTIC,     1, -5.037845856897e-01, 1.797693134862e+308, 4.0835e+00, 1.1039e+00, 
 2DIAGNOSTIC,     2, -5.040088502818e-01, 1.797693134862e+308, 4.3453e+00, 2.6181e-01, 
 2DIAGNOSTIC,     3, -5.042029046864e-01, 1.797693134862e+308, 4.6063e+00, 2.6106e-01, 
 2DIAGNOSTIC,     4, -5.043359671545e-01, 1.797693134862e+308, 4.8875e+00, 2.8119e-01, 
 2DIAGNOSTIC,     5, -5.043390562382e-01, 1.797693134862e+308, 5.2004e+00, 3.1287e-01, 
 2DIAGNOSTIC,     6, -5.043514765361e-01, 1.797693134862e+308, 5.4426e+00, 2.4225e-01, 
 2DIAGNOSTIC,     7, -5.043841842158e-01, 1.797693134862e+308, 5.7305e+00, 2.8787e-01, 
 2DIAGNOSTIC,     8, -5.044031059173e-01, 1.797693134862e+308, 5.9777e+00, 2.4716e-01, 
 2DIAGNOSTIC,     9, -5.044246244906e-01, 1.797693134862e+308, 6.2503e+00, 2.7260e-01, 
 2DIAGNOSTIC,    10, -5.044310972150e-01, 6.939756312918e-05, 6.5185e+00, 2.6827e-01, 
 2DIAGNOSTIC,    11, -5.044804718593e-01, 4.226732774745e-05, 6.9457e+00, 4.2720e-01, 
 2DIAGNOSTIC,    12, -5.044828167427e-01, 2.651128372655e-05, 7.2169e+00, 2.7121e-01, 
 2DIAGNOSTIC,    13, -5.044801344298e-01, 1.917160385269e-05, 7.4678e+00, 2.5090e-01, 
 2DIAGNOSTIC,    14, -5.044768780481e-01, 1.662900476422e-05, 7.7351e+00, 2.6730e-01, 
 2DIAGNOSTIC,    15, -5.044775580511e-01, 1.325911750336e-05, 8.0012e+00, 2.6611e-01, 
 2DIAGNOSTIC,    16, -5.044771958184e-01, 9.667178033967e-06, 8.2989e+00, 2.9769e-01, 
 2DIAGNOSTIC,    17, -5.044767326130e-01, 6.845710154663e-06, 8.5673e+00, 2.6836e-01, 
 2DIAGNOSTIC,    18, -5.044727273732e-01, 4.355770740892e-06, 8.7977e+00, 2.3038e-01, 
 2DIAGNOSTIC,    19, -5.044745967336e-01, 2.599980162478e-06, 9.0527e+00, 2.5504e-01, 
DIAGNOSTIC,Iteration,metricValue,convergenceValue,ITERATION_TIME_INDEX,SINCE_LAST
 2DIAGNOSTIC,     1, -4.671318383064e-01, 1.797693134862e+308, 1.1473e+01, 2.4206e+00, 
 2DIAGNOSTIC,     2, -4.672470207334e-01, 1.797693134862e+308, 1.4863e+01, 3.3895e+00, 
 2DIAGNOSTIC,     3, -4.672472020408e-01, 1.797693134862e+308, 1.9329e+01, 4.4665e+00, 
 2DIAGNOSTIC,     4, -4.672472020399e-01, 1.797693134862e+308, 2.3171e+01, 3.8420e+00, 
 2DIAGNOSTIC,     5, -4.672472020399e-01, 1.797693134862e+308, 2.4713e+01, 1.5420e+00, 
 2DIAGNOSTIC,     6, -4.672472020399e-01, 1.797693134862e+308, 2.6260e+01, 1.5461e+00, 
 2DIAGNOSTIC,     7, -4.672472020399e-01, 1.797693134862e+308, 2.7881e+01, 1.6211e+00, 
 2DIAGNOSTIC,     8, -4.672472020399e-01, 1.797693134862e+308, 2.9790e+01, 1.9097e+00, 
 2DIAGNOSTIC,     9, -4.672472020399e-01, 1.797693134862e+308, 3.1515e+01, 1.7249e+00, 
 2DIAGNOSTIC,    10, -4.672472020399e-01, 1.020806024518e-05, 3.3243e+01, 1.7281e+00, 
 2DIAGNOSTIC,    11, -4.672472020399e-01, 2.901902057997e-06, 3.5291e+01, 2.0479e+00, 
 2DIAGNOSTIC,    12, -4.672472020399e-01, 2.650881492761e-06, 3.7121e+01, 1.8301e+00, 
 2DIAGNOSTIC,    13, -4.672472020399e-01, 2.446963694266e-06, 3.8602e+01, 1.4804e+00, 
 2DIAGNOSTIC,    14, -4.672472020399e-01, 2.272177485940e-06, 4.0251e+01, 1.6493e+00, 
 2DIAGNOSTIC,    15, -4.672472020399e-01, 2.120696489694e-06, 4.1933e+01, 1.6815e+00, 
 2DIAGNOSTIC,    16, -4.672472020399e-01, 1.988150910584e-06, 4.3519e+01, 1.5867e+00, 
 2DIAGNOSTIC,    17, -4.672472020399e-01, 1.871199155803e-06, 4.5340e+01, 1.8206e+00, 
 2DIAGNOSTIC,    18, -4.672472020399e-01, 1.767242218925e-06, 4.6891e+01, 1.5508e+00, 
 2DIAGNOSTIC,    19, -4.672472020399e-01, 1.674228259967e-06, 4.8379e+01, 1.4879e+00, 
 2DIAGNOSTIC,    20, -4.672472020399e-01, 1.590515811903e-06, 4.9866e+01, 1.4870e+00, 
 2DIAGNOSTIC,    21, -4.672472020399e-01, 1.514776071833e-06, 5.1612e+01, 1.7460e+00, 
 2DIAGNOSTIC,    22, -4.672472020399e-01, 1.445921840079e-06, 5.3888e+01, 2.2769e+00, 
 2DIAGNOSTIC,    23, -4.672472020399e-01, 1.383054997195e-06, 5.5363e+01, 1.4749e+00, 
 2DIAGNOSTIC,    24, -4.672472020399e-01, 1.325427111891e-06, 5.6950e+01, 1.5866e+00, 
 2DIAGNOSTIC,    25, -4.672472020399e-01, 1.272409502984e-06, 5.8699e+01, 1.7494e+00, 
 2DIAGNOSTIC,    26, -4.672472020399e-01, 1.223470210476e-06, 6.0396e+01, 1.6964e+00, 
 2DIAGNOSTIC,    27, -4.672472020399e-01, 1.178156083963e-06, 6.1992e+01, 1.5966e+00, 
 2DIAGNOSTIC,    28, -4.672472020399e-01, 1.136078709323e-06, 6.3458e+01, 1.4654e+00, 
 2DIAGNOSTIC,    29, -4.672472020399e-01, 1.096903247372e-06, 6.4999e+01, 1.5410e+00, 
 2DIAGNOSTIC,    30, -4.672472020399e-01, 1.060339504394e-06, 6.6585e+01, 1.5859e+00, 
 2DIAGNOSTIC,    31, -4.672472020399e-01, 1.026134731408e-06, 6.8184e+01, 1.5998e+00, 
  Elapsed time (stage 0): 6.9083e+01


Total elapsed time: 6.9086e+01
Info [verificarlo]: loaded backend libinterflop_vprec.so
Info [interflop-vprec]: load backend with: 
Info [interflop-vprec]: precision-binary32 = 21
Info [interflop-vprec]: range-binary32 = 8
Info [interflop-vprec]: precision-binary64 = 21
Info [interflop-vprec]: range-binary64 = 8
Info [interflop-vprec]: mode = ob
Info [interflop-vprec]: error-mode = rel
Info [interflop-vprec]: max-abs-error-exponent = -1022
Info [interflop-vprec]: daz = false
Info [interflop-vprec]: ftz = false
Info [interflop-vprec]: 	instrument = none
Info [interflop-vprec]: 	prec-input-file = (null)
Info [interflop-vprec]: 	prec-output-file = (null)
Info [interflop-vprec]: 	prec-log-file = (null)
All_Command_lines_OK
Using double precision for computations.
=============================================================================
The composite transform comprises the following transforms (in order): 
  1. /home/mdugre/scratch/mri-registration-rp/datasets/ds004513/derivatives/mri-registration-rp/0011/antsRegistration-r8-p21/sub-s035/rigid_Composite.h5[0] (type = Euler3DTransform)
  2. /home/mdugre/scratch/mri-registration-rp/datasets/ds004513/derivatives/mri-registration-rp/0011/antsRegistration-r8-p21/sub-s035/rigid_Composite.h5[1] (type = Euler3DTransform)
  3. /home/mdugre/scratch/mri-registration-rp/datasets/ds004513/derivatives/mri-registration-rp/0011/antsRegistration-r8-p21/sub-s035/rigid_Composite.h5[2] (type = Euler3DTransform)
=============================================================================
  number of levels = 4
  fixed image: /templateflow/tpl-MNI152NLin2009cAsym/tpl-MNI152NLin2009cAsym_res-01_desc-brain_T1w.nii.gz
  moving image: /home/mdugre/scratch/mri-registration-rp/datasets/ds004513/derivatives/mri-registration-rp/antsBrainExtraction/sub-s035/BrainExtractionBrain.nii.gz
Dimension = 3
Number of stages = 1
Use histogram matching = false
Winsorize image intensities = true
  Lower quantile = 0.005
  Upper quantile = 0.995


Stage 1 State
   Image metric = MattesMI
     Fixed image = Image (0x36b0490)
  RTTI typeinfo:   itk::Image<double, 3u>
  Reference Count: 2
  Modified Time: 1592
  Debug: Off
  Object Name: 
  Observers: 
    none
  Source: (none)
  Source output name: (none)
  Release Data: Off
  Data Released: False
  Global Release Data: Off
  PipelineMTime: 0
  UpdateMTime: 1203
  RealTimeStamp: 0 seconds 
  LargestPossibleRegion: 
    Dimension: 3
    Index: [0, 0, 0]
    Size: [193, 229, 193]
  BufferedRegion: 
    Dimension: 3
    Index: [0, 0, 0]
    Size: [193, 229, 193]
  RequestedRegion: 
    Dimension: 3
    Index: [0, 0, 0]
    Size: [193, 229, 193]
  Spacing: [1, 1, 1]
  Origin: [96, 132, -78]
  Direction: 
-1 0 0
0 -1 0
0 0 1

  IndexToPointMatrix: 
-1 0 0
0 -1 0
0 0 1

  PointToIndexMatrix: 
-1 0 0
0 -1 0
0 0 1

  Inverse Direction: 
-1 0 0
0 -1 0
0 0 1

  PixelContainer: 
    ImportImageContainer (0x377b8c0)
      RTTI typeinfo:   itk::ImportImageContainer<unsigned long, double>
      Reference Count: 1
      Modified Time: 1200
      Debug: Off
      Object Name: 
      Observers: 
        none
      Pointer: 0x148ff2eca010
      Container manages memory: true
      Size: 8530021
      Capacity: 8530021

     Moving image = Image (0x376bb60)
  RTTI typeinfo:   itk::Image<double, 3u>
  Reference Count: 2
  Modified Time: 1593
  Debug: Off
  Object Name: 
  Observers: 
    none
  Source: (none)
  Source output name: (none)
  Release Data: Off
  Data Released: False
  Global Release Data: Off
  PipelineMTime: 0
  UpdateMTime: 1590
  RealTimeStamp: 0 seconds 
  LargestPossibleRegion: 
    Dimension: 3
    Index: [0, 0, 0]
    Size: [160, 240, 256]
  BufferedRegion: 
    Dimension: 3
    Index: [0, 0, 0]
    Size: [160, 240, 256]
  RequestedRegion: 
    Dimension: 3
    Index: [0, 0, 0]
    Size: [160, 240, 256]
  Spacing: [1, 1, 1]
  Origin: [98.6437, 87.6358, -117.989]
  Direction: 
-0.993515 -0.100993 -0.0522355
0.100854 -0.994887 0.00530255
-0.0525039 1.93537e-08 0.998621

  IndexToPointMatrix: 
-0.993515 -0.100993 -0.0522355
0.100854 -0.994887 0.00530255
-0.0525039 1.93537e-08 0.998621

  PointToIndexMatrix: 
-0.993515 0.100854 -0.0525039
-0.100993 -0.994887 1.19209e-07
-0.0522355 0.00530267 0.998621

  Inverse Direction: 
-0.993515 0.100854 -0.0525039
-0.100993 -0.994887 1.19209e-07
-0.0522355 0.00530267 0.998621

  PixelContainer: 
    ImportImageContainer (0x37ff1d0)
      RTTI typeinfo:   itk::ImportImageContainer<unsigned long, double>
      Reference Count: 1
      Modified Time: 1587
      Debug: Off
      Object Name: 
      Observers: 
        none
      Pointer: 0x148fee3c9010
      Container manages memory: true
      Size: 9830400
      Capacity: 9830400

     Weighting = 1
     Sampling strategy = regular
     Number of bins = 32
     Radius = 4
     Sampling percentage  = 0.25
   Transform = Affine
     Gradient step = 0.1
     Update field sigma (voxel space) = 0
     Total field sigma (voxel space) = 0
     Update field time sigma = 0
     Total field time sigma  = 0
     Number of time indices = 0
     Number of time point samples = 0
Registration using 1 total stages.

Stage 0
  iterations = 1000x500x250x100
  convergence threshold = 1e-06
  convergence window size = 10
  number of levels = 4
  using the Mattes MI metric (number of bins = 32, weight = 1, use gradient filter = 0)
  preprocessing:  winsorizing the image intensities
  Shrink factors (level 1 out of 4): [8, 8, 8]
  Shrink factors (level 2 out of 4): [4, 4, 4]
  Shrink factors (level 3 out of 4): [2, 2, 2]
  Shrink factors (level 4 out of 4): [1, 1, 1]
  smoothing sigmas per level: [3, 2, 1, 0]
  regular sampling (percentage = 0.25)

*** Running AffineTransform registration ***

DIAGNOSTIC,Iteration,metricValue,convergenceValue,ITERATION_TIME_INDEX,SINCE_LAST
 2DIAGNOSTIC,     1, -6.780696763524e-01, 1.797693134862e+308, 0.0000e+00, 0.0000e+00, 
 2DIAGNOSTIC,     2, -6.802897891116e-01, 1.797693134862e+308, 0.0000e+00, 0.0000e+00, 
 2DIAGNOSTIC,     3, -6.843793402764e-01, 1.797693134862e+308, 0.0000e+00, 0.0000e+00, 
 2DIAGNOSTIC,     4, -6.916209809648e-01, 1.797693134862e+308, 0.0000e+00, 0.0000e+00, 
 2DIAGNOSTIC,     5, -7.012518323453e-01, 1.797693134862e+308, 0.0000e+00, 0.0000e+00, 
 2DIAGNOSTIC,     6, -7.133543124590e-01, 1.797693134862e+308, 0.0000e+00, 0.0000e+00, 
 2DIAGNOSTIC,     7, -7.337357380503e-01, 1.797693134862e+308, 0.0000e+00, 0.0000e+00, 
 2DIAGNOSTIC,     8, -7.373569340852e-01, 1.797693134862e+308, 0.0000e+00, 0.0000e+00, 
 2DIAGNOSTIC,     9, -7.387032386006e-01, 1.797693134862e+308, 0.0000e+00, 0.0000e+00, 
 2DIAGNOSTIC,    10, -7.426480751024e-01, 6.985581572144e-03, 0.0000e+00, 0.0000e+00, 
 2DIAGNOSTIC,    11, -7.451431348738e-01, 6.125632659877e-03, 0.0000e+00, 0.0000e+00, 
 2DIAGNOSTIC,    12, -7.458900045500e-01, 4.956432796485e-03, 0.0000e+00, 0.0000e+00, 
 2DIAGNOSTIC,    13, -7.471279552586e-01, 3.690915375864e-03, 0.0000e+00, 0.0000e+00, 
 2DIAGNOSTIC,    14, -7.476932554362e-01, 2.503306420268e-03, 0.0000e+00, 0.0000e+00, 
 2DIAGNOSTIC,    15, -7.477908246615e-01, 1.504080144114e-03, 0.0000e+00, 0.0000e+00, 
 2DIAGNOSTIC,    16, -7.477305851164e-01, 7.783337045222e-04, 0.0000e+00, 0.0000e+00, 
 2DIAGNOSTIC,    17, -7.476680840367e-01, 5.367489854001e-04, 0.0000e+00, 0.0000e+00, 
 2DIAGNOSTIC,    18, -7.476030728759e-01, 3.513237493350e-04, 0.0000e+00, 0.0000e+00, 
 2DIAGNOSTIC,    19, -7.475659754925e-01, 1.787735909894e-04, 0.0000e+00, 0.0000e+00, 
 2DIAGNOSTIC,    20, -7.476791187265e-01, 8.572564698935e-05, 0.0000e+00, 0.0000e+00, 
 2DIAGNOSTIC,    21, -7.475927378887e-01, 3.859664491457e-05, 0.0000e+00, 0.0000e+00, 
 2DIAGNOSTIC,    22, -7.474823329326e-01, 3.260636416487e-06, 0.0000e+00, 0.0000e+00, 
DIAGNOSTIC,Iteration,metricValue,convergenceValue,ITERATION_TIME_INDEX,SINCE_LAST
 2DIAGNOSTIC,     1, -6.107262747815e-01, 1.797693134862e+308, 0.0000e+00, 0.0000e+00, 
 2DIAGNOSTIC,     2, -6.111274645133e-01, 1.797693134862e+308, 0.0000e+00, 0.0000e+00, 
 2DIAGNOSTIC,     3, -6.115626367079e-01, 1.797693134862e+308, 0.0000e+00, 0.0000e+00, 
 2DIAGNOSTIC,     4, -6.118840252033e-01, 1.797693134862e+308, 0.0000e+00, 0.0000e+00, 
 2DIAGNOSTIC,     5, -6.123616299308e-01, 1.797693134862e+308, 0.0000e+00, 0.0000e+00, 
 2DIAGNOSTIC,     6, -6.124593136075e-01, 1.797693134862e+308, 0.0000e+00, 0.0000e+00, 
 2DIAGNOSTIC,     7, -6.124387898199e-01, 1.797693134862e+308, 0.0000e+00, 0.0000e+00, 
 2DIAGNOSTIC,     8, -6.123984312669e-01, 1.797693134862e+308, 0.0000e+00, 0.0000e+00, 
 2DIAGNOSTIC,     9, -6.123860225125e-01, 1.797693134862e+308, 0.0000e+00, 0.0000e+00, 
 2DIAGNOSTIC,    10, -6.123945199313e-01, 1.717526700560e-04, 0.0000e+00, 0.0000e+00, 
 2DIAGNOSTIC,    11, -6.123794006205e-01, 1.018933150689e-04, 0.0000e+00, 0.0000e+00, 
 2DIAGNOSTIC,    12, -6.123725602119e-01, 5.005427478628e-05, 0.0000e+00, 0.0000e+00, 
 2DIAGNOSTIC,    13, -6.123677934521e-01, 1.725614425689e-05, 0.0000e+00, 0.0000e+00, 
DIAGNOSTIC,Iteration,metricValue,convergenceValue,ITERATION_TIME_INDEX,SINCE_LAST
 2DIAGNOSTIC,     1, -5.358552383598e-01, 1.797693134862e+308, 0.0000e+00, 0.0000e+00, 
 2DIAGNOSTIC,     2, -5.361126971912e-01, 1.797693134862e+308, 0.0000e+00, 0.0000e+00, 
 2DIAGNOSTIC,     3, -5.364206608923e-01, 1.797693134862e+308, 0.0000e+00, 0.0000e+00, 
 2DIAGNOSTIC,     4, -5.364978044625e-01, 1.797693134862e+308, 0.0000e+00, 0.0000e+00, 
 2DIAGNOSTIC,     5, -5.364743098702e-01, 1.797693134862e+308, 0.0000e+00, 0.0000e+00, 
 2DIAGNOSTIC,     6, -5.364544782514e-01, 1.797693134862e+308, 0.0000e+00, 0.0000e+00, 
 2DIAGNOSTIC,     7, -5.364490636718e-01, 1.797693134862e+308, 0.0000e+00, 0.0000e+00, 
 2DIAGNOSTIC,     8, -5.364481025421e-01, 1.797693134862e+308, 0.0000e+00, 0.0000e+00, 
 2DIAGNOSTIC,     9, -5.364424620413e-01, 1.797693134862e+308, 0.0000e+00, 0.0000e+00, 
 2DIAGNOSTIC,    10, -5.364451501625e-01, 4.934993540250e-05, 0.0000e+00, 0.0000e+00, 
 2DIAGNOSTIC,    11, -5.364424720577e-01, 1.730736777311e-05, 0.0000e+00, 0.0000e+00, 
DIAGNOSTIC,Iteration,metricValue,convergenceValue,ITERATION_TIME_INDEX,SINCE_LAST
 2DIAGNOSTIC,     1, -4.925081292815e-01, 1.797693134862e+308, 0.0000e+00, 0.0000e+00, 
 2DIAGNOSTIC,     2, -4.926426661440e-01, 1.797693134862e+308, 0.0000e+00, 0.0000e+00, 
 2DIAGNOSTIC,     3, -4.927157185204e-01, 1.797693134862e+308, 0.0000e+00, 0.0000e+00, 
 2DIAGNOSTIC,     4, -4.927155223710e-01, 1.797693134862e+308, 0.0000e+00, 0.0000e+00, 
 2DIAGNOSTIC,     5, -4.927149508258e-01, 1.797693134862e+308, 0.0000e+00, 0.0000e+00, 
 2DIAGNOSTIC,     6, -4.927150592378e-01, 1.797693134862e+308, 0.0000e+00, 0.0000e+00, 
 2DIAGNOSTIC,     7, -4.927148912746e-01, 1.797693134862e+308, 0.0000e+00, 0.0000e+00, 
 2DIAGNOSTIC,     8, -4.927151015166e-01, 1.797693134862e+308, 0.0000e+00, 0.0000e+00, 
 2DIAGNOSTIC,     9, -4.927151005331e-01, 1.797693134862e+308, 0.0000e+00, 0.0000e+00, 
 2DIAGNOSTIC,    10, -4.927151003843e-01, 1.873339069462e-05, 0.0000e+00, 0.0000e+00, 
 2DIAGNOSTIC,    11, -4.927151007471e-01, 6.652543380795e-06, 0.0000e+00, 0.0000e+00, 
 2DIAGNOSTIC,    12, -4.927151009452e-01, 2.614538160459e-06, 0.0000e+00, 0.0000e+00, 
 2DIAGNOSTIC,    13, -4.927151010511e-01, 2.442838833647e-06, 0.0000e+00, 0.0000e+00, 
 2DIAGNOSTIC,    14, -4.927151007201e-01, 2.288817464960e-06, 0.0000e+00, 0.0000e+00, 
 2DIAGNOSTIC,    15, -4.927151006949e-01, 2.132033913957e-06, 0.0000e+00, 0.0000e+00, 
 2DIAGNOSTIC,    16, -4.927151005218e-01, 1.998224416003e-06, 0.0000e+00, 0.0000e+00, 
 2DIAGNOSTIC,    17, -4.927151009349e-01, 1.873573432003e-06, 0.0000e+00, 0.0000e+00, 
 2DIAGNOSTIC,    18, -4.927151011836e-01, 1.769520248586e-06, 0.0000e+00, 0.0000e+00, 
 2DIAGNOSTIC,    19, -4.927151009672e-01, 1.676381918482e-06, 0.0000e+00, 0.0000e+00, 
 2DIAGNOSTIC,    20, -4.927151011843e-01, 1.592558009522e-06, 0.0000e+00, 0.0000e+00, 
 2DIAGNOSTIC,    21, -4.927151014884e-01, 1.516733833938e-06, 0.0000e+00, 0.0000e+00, 
 2DIAGNOSTIC,    22, -4.927151016195e-01, 1.447808039894e-06, 0.0000e+00, 0.0000e+00, 
 2DIAGNOSTIC,    23, -4.927151016914e-01, 1.384876029339e-06, 0.0000e+00, 0.0000e+00, 
 2DIAGNOSTIC,    24, -4.927151021331e-01, 1.327185451122e-06, 0.0000e+00, 0.0000e+00, 
