
##########################
# Experiment information #
##########################

EXPERIMENT_NAME: antsRegistration-r7-p21
VFC_BACKENDS: libinterflop_vprec.so --range-binary32=7 --precision-binary32=21 --range-binary64=7 --precision-binary64=21

SIF_IMG: /home/mdugre/projects/rrg-glatard/mdugre/containers/ants-vprec-no_metrics.simg

SUBJECT_ID: s037
INPUT_IMG: /home/mdugre/scratch/mri-registration-rp/datasets/ds004513/derivatives/mri-registration-rp/antsBrainExtraction/sub-s037/BrainExtractionBrain.nii.gz
OUTPUT_DIR: /home/mdugre/scratch/mri-registration-rp/datasets/ds004513/derivatives/mri-registration-rp/0011/antsRegistration-r7-p21/sub-s037

FIXED_IMG: /templateflow/tpl-MNI152NLin2009cAsym/tpl-MNI152NLin2009cAsym_res-01_desc-brain_T1w.nii.gz
DATA_DIR: /home/mdugre/scratch/mri-registration-rp/datasets/ds004513
TEMPLATEFLOW_DIR: /home/mdugre/projects/rrg-glatard/mdugre/templateflow
ITK_GLOBAL_DEFAULT_NUMBER_OF_THREADS: 16
##########################

Info [verificarlo]: loaded backend libinterflop_ieee.so
Info [interflop-ieee]: load backend with:
Info [interflop-ieee]: debug = false
Info [interflop-ieee]: debug-binary = false
Info [interflop-ieee]: no-backend-name = false
Info [interflop-ieee]: print-new-line = false
Info [interflop-ieee]: print-subnormal-normalized = false
Info [interflop-ieee]: count-op = false
All_Command_lines_OK
Using double precision for computations.
=============================================================================
The composite transform comprises the following transforms (in order): 
  1. Center of mass alignment using fixed image: /templateflow/tpl-MNI152NLin2009cAsym/tpl-MNI152NLin2009cAsym_res-01_desc-brain_T1w.nii.gz and moving image: /home/mdugre/scratch/mri-registration-rp/datasets/ds004513/derivatives/mri-registration-rp/antsBrainExtraction/sub-s037/BrainExtractionBrain.nii.gz (type = Euler3DTransform)
=============================================================================
  number of levels = 1
  fixed image: /templateflow/tpl-MNI152NLin2009cAsym/tpl-MNI152NLin2009cAsym_res-01_desc-brain_T1w.nii.gz
  moving image: /home/mdugre/scratch/mri-registration-rp/datasets/ds004513/derivatives/mri-registration-rp/antsBrainExtraction/sub-s037/BrainExtractionBrain.nii.gz
Dimension = 3
Number of stages = 1
Use histogram matching = false
Winsorize image intensities = true
  Lower quantile = 0.005
  Upper quantile = 0.995


Stage 1 State
   Image metric = MattesMI
     Fixed image = Image (0x48b6e70)
  RTTI typeinfo:   itk::Image<double, 3u>
  Reference Count: 2
  Modified Time: 2330
  Debug: Off
  Object Name: 
  Observers: 
    none
  Source: (none)
  Source output name: (none)
  Release Data: Off
  Data Released: False
  Global Release Data: Off
  PipelineMTime: 0
  UpdateMTime: 1941
  RealTimeStamp: 0 seconds 
  LargestPossibleRegion: 
    Dimension: 3
    Index: [0, 0, 0]
    Size: [193, 229, 193]
  BufferedRegion: 
    Dimension: 3
    Index: [0, 0, 0]
    Size: [193, 229, 193]
  RequestedRegion: 
    Dimension: 3
    Index: [0, 0, 0]
    Size: [193, 229, 193]
  Spacing: [1, 1, 1]
  Origin: [96, 132, -78]
  Direction: 
-1 0 0
0 -1 0
0 0 1

  IndexToPointMatrix: 
-1 0 0
0 -1 0
0 0 1

  PointToIndexMatrix: 
-1 0 0
0 -1 0
0 0 1

  Inverse Direction: 
-1 0 0
0 -1 0
0 0 1

  PixelContainer: 
    ImportImageContainer (0x48bfc60)
      RTTI typeinfo:   itk::ImportImageContainer<unsigned long, double>
      Reference Count: 1
      Modified Time: 1938
      Debug: Off
      Object Name: 
      Observers: 
        none
      Pointer: 0x1534691b9010
      Container manages memory: true
      Size: 8530021
      Capacity: 8530021

     Moving image = Image (0x4953ec0)
  RTTI typeinfo:   itk::Image<double, 3u>
  Reference Count: 2
  Modified Time: 2331
  Debug: Off
  Object Name: 
  Observers: 
    none
  Source: (none)
  Source output name: (none)
  Release Data: Off
  Data Released: False
  Global Release Data: Off
  PipelineMTime: 0
  UpdateMTime: 2328
  RealTimeStamp: 0 seconds 
  LargestPossibleRegion: 
    Dimension: 3
    Index: [0, 0, 0]
    Size: [160, 240, 256]
  BufferedRegion: 
    Dimension: 3
    Index: [0, 0, 0]
    Size: [160, 240, 256]
  RequestedRegion: 
    Dimension: 3
    Index: [0, 0, 0]
    Size: [160, 240, 256]
  Spacing: [1, 1, 1]
  Origin: [87.9508, 102.562, -147.639]
  Direction: 
-0.998659 -0.0436121 -0.0279129
0.043595 -0.999049 0.00121847
-0.0279395 -2.65543e-08 0.99961

  IndexToPointMatrix: 
-0.998659 -0.0436121 -0.0279129
0.043595 -0.999049 0.00121847
-0.0279395 -2.65543e-08 0.99961

  PointToIndexMatrix: 
-0.998659 0.043595 -0.0279395
-0.0436121 -0.999049 -2.65517e-08
-0.0279129 0.00121847 0.99961

  Inverse Direction: 
-0.998659 0.043595 -0.0279395
-0.0436121 -0.999049 -2.65517e-08
-0.0279129 0.00121847 0.99961

  PixelContainer: 
    ImportImageContainer (0x49eb610)
      RTTI typeinfo:   itk::ImportImageContainer<unsigned long, double>
      Reference Count: 1
      Modified Time: 2325
      Debug: Off
      Object Name: 
      Observers: 
        none
      Pointer: 0x1534646b8010
      Container manages memory: true
      Size: 9830400
      Capacity: 9830400

     Weighting = 1
     Sampling strategy = regular
     Number of bins = 32
     Radius = 4
     Sampling percentage  = 0.25
   Transform = Rigid
     Gradient step = 0.1
     Update field sigma (voxel space) = 0
     Total field sigma (voxel space) = 0
     Update field time sigma = 0
     Total field time sigma  = 0
     Number of time indices = 0
     Number of time point samples = 0
Registration using 1 total stages.

Stage 0
  iterations = 0
  convergence threshold = 1e-06
  convergence window size = 10
  number of levels = 1
  using the Mattes MI metric (number of bins = 32, weight = 1, use gradient filter = 0)
  preprocessing:  winsorizing the image intensities
  Shrink factors (level 1 out of 1): [1, 1, 1]
  smoothing sigmas per level: [0]
  regular sampling (percentage = 0.25)

*** Running Euler3DTransform registration ***

  Elapsed time (stage 0): 1.12214


Total elapsed time: 1.12453
Info [verificarlo]: loaded backend libinterflop_ieee.so
Info [interflop-ieee]: load backend with:
Info [interflop-ieee]: debug = false
Info [interflop-ieee]: debug-binary = false
Info [interflop-ieee]: no-backend-name = false
Info [interflop-ieee]: print-new-line = false
Info [interflop-ieee]: print-subnormal-normalized = false
Info [interflop-ieee]: count-op = false
All_Command_lines_OK
Using double precision for computations.
=============================================================================
The composite transform comprises the following transforms (in order): 
  1. /home/mdugre/scratch/mri-registration-rp/datasets/ds004513/derivatives/mri-registration-rp/0011/antsRegistration-r7-p21/sub-s037/align_Composite.h5[0] (type = Euler3DTransform)
  2. /home/mdugre/scratch/mri-registration-rp/datasets/ds004513/derivatives/mri-registration-rp/0011/antsRegistration-r7-p21/sub-s037/align_Composite.h5[1] (type = Euler3DTransform)
=============================================================================
  number of levels = 4
  fixed image: /templateflow/tpl-MNI152NLin2009cAsym/tpl-MNI152NLin2009cAsym_res-01_desc-brain_T1w.nii.gz
  moving image: /home/mdugre/scratch/mri-registration-rp/datasets/ds004513/derivatives/mri-registration-rp/antsBrainExtraction/sub-s037/BrainExtractionBrain.nii.gz
Dimension = 3
Number of stages = 1
Use histogram matching = false
Winsorize image intensities = true
  Lower quantile = 0.005
  Upper quantile = 0.995


Stage 1 State
   Image metric = MattesMI
     Fixed image = Image (0x44d9530)
  RTTI typeinfo:   itk::Image<double, 3u>
  Reference Count: 2
  Modified Time: 1578
  Debug: Off
  Object Name: 
  Observers: 
    none
  Source: (none)
  Source output name: (none)
  Release Data: Off
  Data Released: False
  Global Release Data: Off
  PipelineMTime: 0
  UpdateMTime: 1189
  RealTimeStamp: 0 seconds 
  LargestPossibleRegion: 
    Dimension: 3
    Index: [0, 0, 0]
    Size: [193, 229, 193]
  BufferedRegion: 
    Dimension: 3
    Index: [0, 0, 0]
    Size: [193, 229, 193]
  RequestedRegion: 
    Dimension: 3
    Index: [0, 0, 0]
    Size: [193, 229, 193]
  Spacing: [1, 1, 1]
  Origin: [96, 132, -78]
  Direction: 
-1 0 0
0 -1 0
0 0 1

  IndexToPointMatrix: 
-1 0 0
0 -1 0
0 0 1

  PointToIndexMatrix: 
-1 0 0
0 -1 0
0 0 1

  Inverse Direction: 
-1 0 0
0 -1 0
0 0 1

  PixelContainer: 
    ImportImageContainer (0x4597d60)
      RTTI typeinfo:   itk::ImportImageContainer<unsigned long, double>
      Reference Count: 1
      Modified Time: 1186
      Debug: Off
      Object Name: 
      Observers: 
        none
      Pointer: 0x14d9b71b6010
      Container manages memory: true
      Size: 8530021
      Capacity: 8530021

     Moving image = Image (0x4589f60)
  RTTI typeinfo:   itk::Image<double, 3u>
  Reference Count: 2
  Modified Time: 1579
  Debug: Off
  Object Name: 
  Observers: 
    none
  Source: (none)
  Source output name: (none)
  Release Data: Off
  Data Released: False
  Global Release Data: Off
  PipelineMTime: 0
  UpdateMTime: 1576
  RealTimeStamp: 0 seconds 
  LargestPossibleRegion: 
    Dimension: 3
    Index: [0, 0, 0]
    Size: [160, 240, 256]
  BufferedRegion: 
    Dimension: 3
    Index: [0, 0, 0]
    Size: [160, 240, 256]
  RequestedRegion: 
    Dimension: 3
    Index: [0, 0, 0]
    Size: [160, 240, 256]
  Spacing: [1, 1, 1]
  Origin: [87.9508, 102.562, -147.639]
  Direction: 
-0.998659 -0.0436121 -0.0279129
0.043595 -0.999049 0.00121847
-0.0279395 -2.65543e-08 0.99961

  IndexToPointMatrix: 
-0.998659 -0.0436121 -0.0279129
0.043595 -0.999049 0.00121847
-0.0279395 -2.65543e-08 0.99961

  PointToIndexMatrix: 
-0.998659 0.043595 -0.0279395
-0.0436121 -0.999049 -2.65517e-08
-0.0279129 0.00121847 0.99961

  Inverse Direction: 
-0.998659 0.043595 -0.0279395
-0.0436121 -0.999049 -2.65517e-08
-0.0279129 0.00121847 0.99961

  PixelContainer: 
    ImportImageContainer (0x457b6d0)
      RTTI typeinfo:   itk::ImportImageContainer<unsigned long, double>
      Reference Count: 1
      Modified Time: 1573
      Debug: Off
      Object Name: 
      Observers: 
        none
      Pointer: 0x14d9b26b5010
      Container manages memory: true
      Size: 9830400
      Capacity: 9830400

     Weighting = 1
     Sampling strategy = regular
     Number of bins = 32
     Radius = 4
     Sampling percentage  = 0.25
   Transform = Rigid
     Gradient step = 0.1
     Update field sigma (voxel space) = 0
     Total field sigma (voxel space) = 0
     Update field time sigma = 0
     Total field time sigma  = 0
     Number of time indices = 0
     Number of time point samples = 0
Registration using 1 total stages.

Stage 0
  iterations = 1000x500x250x100
  convergence threshold = 1e-06
  convergence window size = 10
  number of levels = 4
  using the Mattes MI metric (number of bins = 32, weight = 1, use gradient filter = 0)
  preprocessing:  winsorizing the image intensities
  Shrink factors (level 1 out of 4): [8, 8, 8]
  Shrink factors (level 2 out of 4): [4, 4, 4]
  Shrink factors (level 3 out of 4): [2, 2, 2]
  Shrink factors (level 4 out of 4): [1, 1, 1]
  smoothing sigmas per level: [3, 2, 1, 0]
  regular sampling (percentage = 0.25)

*** Running Euler3DTransform registration ***

DIAGNOSTIC,Iteration,metricValue,convergenceValue,ITERATION_TIME_INDEX,SINCE_LAST
 2DIAGNOSTIC,     1, -4.299060189477e-01, 1.797693134862e+308, 7.7637e-01, 7.7637e-01, 
 2DIAGNOSTIC,     2, -4.311703807429e-01, 1.797693134862e+308, 7.8103e-01, 4.6659e-03, 
 2DIAGNOSTIC,     3, -4.334997061176e-01, 1.797693134862e+308, 7.8545e-01, 4.4179e-03, 
 2DIAGNOSTIC,     4, -4.389575130370e-01, 1.797693134862e+308, 7.8979e-01, 4.3359e-03, 
 2DIAGNOSTIC,     5, -4.438813134482e-01, 1.797693134862e+308, 7.9453e-01, 4.7410e-03, 
 2DIAGNOSTIC,     6, -4.461495460377e-01, 1.797693134862e+308, 7.9898e-01, 4.4520e-03, 
 2DIAGNOSTIC,     7, -4.511407144429e-01, 1.797693134862e+308, 8.0426e-01, 5.2810e-03, 
 2DIAGNOSTIC,     8, -4.667812032718e-01, 1.797693134862e+308, 8.0968e-01, 5.4178e-03, 
 2DIAGNOSTIC,     9, -4.753090114372e-01, 1.797693134862e+308, 8.1501e-01, 5.3320e-03, 
 2DIAGNOSTIC,    10, -4.802481719655e-01, 7.481707542057e-03, 8.2150e-01, 6.4919e-03, 
 2DIAGNOSTIC,    11, -4.821261368877e-01, 7.356704266140e-03, 8.2615e-01, 4.6442e-03, 
 2DIAGNOSTIC,    12, -4.837491005316e-01, 6.749992380106e-03, 8.3148e-01, 5.3351e-03, 
 2DIAGNOSTIC,    13, -5.028244927616e-01, 6.622215038767e-03, 8.3935e-01, 7.8671e-03, 
 2DIAGNOSTIC,    14, -5.042109134419e-01, 6.183615245769e-03, 8.4412e-01, 4.7681e-03, 
 2DIAGNOSTIC,    15, -5.066116081869e-01, 5.558135432448e-03, 8.4904e-01, 4.9200e-03, 
 2DIAGNOSTIC,    16, -5.083451635908e-01, 4.676295421597e-03, 8.5354e-01, 4.5059e-03, 
 2DIAGNOSTIC,    17, -5.184993492653e-01, 3.998770500769e-03, 8.6078e-01, 7.2320e-03, 
 2DIAGNOSTIC,    18, -5.256348855958e-01, 3.769024583844e-03, 8.6534e-01, 4.5638e-03, 
 2DIAGNOSTIC,    19, -5.260487278299e-01, 3.491513207313e-03, 8.7050e-01, 5.1630e-03, 
 2DIAGNOSTIC,    20, -5.292109536068e-01, 3.174906830159e-03, 8.7554e-01, 5.0390e-03, 
 2DIAGNOSTIC,    21, -5.301818264501e-01, 2.681600039930e-03, 8.7993e-01, 4.3910e-03, 
 2DIAGNOSTIC,    22, -5.312241388646e-01, 2.041188870580e-03, 8.8495e-01, 5.0139e-03, 
 2DIAGNOSTIC,    23, -5.321371361298e-01, 1.776979266363e-03, 8.9036e-01, 5.4131e-03, 
 2DIAGNOSTIC,    24, -5.330747206871e-01, 1.429098025657e-03, 8.9483e-01, 4.4739e-03, 
 2DIAGNOSTIC,    25, -5.340979425493e-01, 1.060387417838e-03, 8.9978e-01, 4.9472e-03, 
 2DIAGNOSTIC,    26, -5.353301782064e-01, 6.839346237100e-04, 9.0584e-01, 6.0589e-03, 
 2DIAGNOSTIC,    27, -5.359877829107e-01, 5.005579350737e-04, 9.1019e-01, 4.3521e-03, 
 2DIAGNOSTIC,    28, -5.363338870910e-01, 4.385710709517e-04, 9.1452e-01, 4.3242e-03, 
 2DIAGNOSTIC,    29, -5.373050770152e-01, 3.660296267727e-04, 9.1920e-01, 4.6821e-03, 
 2DIAGNOSTIC,    30, -5.398201303759e-01, 3.715997925124e-04, 9.2456e-01, 5.3661e-03, 
 2DIAGNOSTIC,    31, -5.446421062958e-01, 4.465270877394e-04, 9.3523e-01, 1.0669e-02, 
 2DIAGNOSTIC,    32, -5.446645116138e-01, 4.912636055511e-04, 9.3965e-01, 4.4138e-03, 
 2DIAGNOSTIC,    33, -5.447646514353e-01, 5.056464717271e-04, 9.4415e-01, 4.5030e-03, 
 2DIAGNOSTIC,    34, -5.449310692238e-01, 4.904110508893e-04, 9.4858e-01, 4.4301e-03, 
 2DIAGNOSTIC,    35, -5.452045157006e-01, 4.491554814853e-04, 9.5299e-01, 4.4060e-03, 
 2DIAGNOSTIC,    36, -5.456974525071e-01, 3.933110302001e-04, 9.5732e-01, 4.3352e-03, 
 2DIAGNOSTIC,    37, -5.462998634025e-01, 3.227896801720e-04, 9.6168e-01, 4.3540e-03, 
 2DIAGNOSTIC,    38, -5.470544303216e-01, 2.429345530667e-04, 9.6610e-01, 4.4250e-03, 
 2DIAGNOSTIC,    39, -5.483332989368e-01, 1.763357826259e-04, 9.7101e-01, 4.9119e-03, 
 2DIAGNOSTIC,    40, -5.485726121951e-01, 1.327629514336e-04, 9.7536e-01, 4.3490e-03, 
 2DIAGNOSTIC,    41, -5.488485364752e-01, 1.482732408564e-04, 9.8022e-01, 4.8590e-03, 
 2DIAGNOSTIC,    42, -5.491457504438e-01, 1.532233868617e-04, 9.8474e-01, 4.5221e-03, 
 2DIAGNOSTIC,    43, -5.502474100779e-01, 1.586938920613e-04, 9.9025e-01, 5.5110e-03, 
 2DIAGNOSTIC,    44, -5.634822708688e-01, 3.167392742574e-04, 9.9657e-01, 6.3188e-03, 
 2DIAGNOSTIC,    45, -5.665720972756e-01, 4.736651585450e-04, 1.0016e+00, 5.0149e-03, 
 2DIAGNOSTIC,    46, -5.687316060219e-01, 6.107892204903e-04, 1.0064e+00, 4.8139e-03, 
 2DIAGNOSTIC,    47, -5.690917873473e-01, 6.965561094586e-04, 1.0113e+00, 4.8559e-03, 
 2DIAGNOSTIC,    48, -5.694280707738e-01, 7.239734216069e-04, 1.0154e+00, 4.1730e-03, 
 2DIAGNOSTIC,    49, -5.697219436959e-01, 6.962406035822e-04, 1.0196e+00, 4.1199e-03, 
 2DIAGNOSTIC,    50, -5.705616861471e-01, 6.139110750502e-04, 1.0252e+00, 5.6200e-03, 
 2DIAGNOSTIC,    51, -5.709047868944e-01, 4.847020929909e-04, 1.0298e+00, 4.6120e-03, 
 2DIAGNOSTIC,    52, -5.711732606071e-01, 3.222514436504e-04, 1.0340e+00, 4.1811e-03, 
 2DIAGNOSTIC,    53, -5.713139859562e-01, 1.452914914176e-04, 1.0381e+00, 4.1220e-03, 
 2DIAGNOSTIC,    54, -5.722391606896e-01, 1.031985173655e-04, 1.0424e+00, 4.2980e-03, 
 2DIAGNOSTIC,    55, -5.761797892544e-01, 1.212489642334e-04, 1.0489e+00, 6.5160e-03, 
 2DIAGNOSTIC,    56, -5.788891753446e-01, 1.729224639763e-04, 1.0531e+00, 4.1900e-03, 
 2DIAGNOSTIC,    57, -5.820043725061e-01, 2.388055525490e-04, 1.0584e+00, 5.2838e-03, 
 2DIAGNOSTIC,    58, -5.825872302817e-01, 2.879297120717e-04, 1.0630e+00, 4.6148e-03, 
 2DIAGNOSTIC,    59, -5.830682767301e-01, 3.148606119210e-04, 1.0677e+00, 4.7119e-03, 
 2DIAGNOSTIC,    60, -5.832262945211e-01, 3.191852909854e-04, 1.0719e+00, 4.1740e-03, 
 2DIAGNOSTIC,    61, -5.832044375313e-01, 2.951122233533e-04, 1.0775e+00, 5.6620e-03, 
 2DIAGNOSTIC,    62, -5.832139887082e-01, 2.461337107720e-04, 1.0817e+00, 4.1981e-03, 
 2DIAGNOSTIC,    63, -5.832438775731e-01, 1.770732193565e-04, 1.0863e+00, 4.5280e-03, 
 2DIAGNOSTIC,    64, -5.833055744263e-01, 1.012766825360e-04, 1.0906e+00, 4.3881e-03, 
 2DIAGNOSTIC,    65, -5.833466811359e-01, 5.065237951954e-05, 1.0953e+00, 4.6930e-03, 
 2DIAGNOSTIC,    66, -5.833611591854e-01, 1.821781584215e-05, 1.1005e+00, 5.1501e-03, 
 2DIAGNOSTIC,    67, -5.833929781586e-01, 1.001144064943e-05, 1.1057e+00, 5.1670e-03, 
 2DIAGNOSTIC,    68, -5.833982889175e-01, 5.637522603661e-06, 1.1098e+00, 4.1630e-03, 
 2DIAGNOSTIC,    69, -5.834430620134e-01, 4.900534191828e-06, 1.1141e+00, 4.3070e-03, 
 2DIAGNOSTIC,    70, -5.835465101034e-01, 5.734586764949e-06, 1.1183e+00, 4.1811e-03, 
 2DIAGNOSTIC,    71, -5.837662230444e-01, 7.497016297476e-06, 1.1226e+00, 4.2400e-03, 
 2DIAGNOSTIC,    72, -5.848268978873e-01, 1.633995866639e-05, 1.1274e+00, 4.8809e-03, 
 2DIAGNOSTIC,    73, -5.865416290768e-01, 3.578482036206e-05, 1.1339e+00, 6.5088e-03, 
 2DIAGNOSTIC,    74, -5.871359021239e-01, 5.567556969896e-05, 1.1387e+00, 4.7851e-03, 
 2DIAGNOSTIC,    75, -5.869456821439e-01, 6.875146210399e-05, 1.1430e+00, 4.2429e-03, 
 2DIAGNOSTIC,    76, -5.868996219426e-01, 7.487489833847e-05, 1.1477e+00, 4.7369e-03, 
 2DIAGNOSTIC,    77, -5.872526219869e-01, 7.617146292327e-05, 1.1536e+00, 5.9040e-03, 
 2DIAGNOSTIC,    78, -5.873489408506e-01, 7.050575324355e-05, 1.1579e+00, 4.2419e-03, 
 2DIAGNOSTIC,    79, -5.872838496681e-01, 5.811425049045e-05, 1.1621e+00, 4.2448e-03, 
 2DIAGNOSTIC,    80, -5.873928253585e-01, 4.217000934314e-05, 1.1674e+00, 5.2619e-03, 
 2DIAGNOSTIC,    81, -5.873351868150e-01, 2.365321023247e-05, 1.1721e+00, 4.7221e-03, 
 2DIAGNOSTIC,    82, -5.873609394200e-01, 9.980766268805e-06, 1.1763e+00, 4.2100e-03, 
 2DIAGNOSTIC,    83, -5.872941590429e-01, 5.950086827277e-06, 1.1805e+00, 4.2050e-03, 
 2DIAGNOSTIC,    84, -5.873168326082e-01, 5.389524916554e-06, 1.1862e+00, 5.7399e-03, 
 2DIAGNOSTIC,    85, -5.872391134576e-01, 2.750668640358e-06, 1.1910e+00, 4.7238e-03, 
DIAGNOSTIC,Iteration,metricValue,convergenceValue,ITERATION_TIME_INDEX,SINCE_LAST
 2DIAGNOSTIC,     1, -4.732366885934e-01, 1.797693134862e+308, 1.8805e+00, 6.8951e-01, 
 2DIAGNOSTIC,     2, -4.739257416345e-01, 1.797693134862e+308, 1.9161e+00, 3.5645e-02, 
 2DIAGNOSTIC,     3, -4.749451142668e-01, 1.797693134862e+308, 1.9462e+00, 3.0064e-02, 
 2DIAGNOSTIC,     4, -4.768234506334e-01, 1.797693134862e+308, 1.9778e+00, 3.1661e-02, 
 2DIAGNOSTIC,     5, -4.804673515636e-01, 1.797693134862e+308, 2.0113e+00, 3.3493e-02, 
 2DIAGNOSTIC,     6, -4.822494362534e-01, 1.797693134862e+308, 2.0467e+00, 3.5381e-02, 
 2DIAGNOSTIC,     7, -4.830366513386e-01, 1.797693134862e+308, 2.0958e+00, 4.9128e-02, 
 2DIAGNOSTIC,     8, -4.830748560316e-01, 1.797693134862e+308, 2.1309e+00, 3.5072e-02, 
 2DIAGNOSTIC,     9, -4.830828828863e-01, 1.797693134862e+308, 2.1663e+00, 3.5358e-02, 
 2DIAGNOSTIC,    10, -4.831712056193e-01, 1.594216726019e-03, 2.1975e+00, 3.1261e-02, 
 2DIAGNOSTIC,    11, -4.833264012695e-01, 1.205446342503e-03, 2.2281e+00, 3.0599e-02, 
 2DIAGNOSTIC,    12, -4.835469381660e-01, 8.204539982299e-04, 2.2592e+00, 3.1033e-02, 
 2DIAGNOSTIC,    13, -4.851802268555e-01, 5.424467415573e-04, 2.3093e+00, 5.0158e-02, 
 2DIAGNOSTIC,    14, -4.853034480673e-01, 3.352674591735e-04, 2.3437e+00, 3.4377e-02, 
 2DIAGNOSTIC,    15, -4.853736061586e-01, 2.709189833712e-04, 2.3761e+00, 3.2358e-02, 
 2DIAGNOSTIC,    16, -4.854365519357e-01, 2.581389164812e-04, 2.4092e+00, 3.3152e-02, 
 2DIAGNOSTIC,    17, -4.859453975050e-01, 2.679664807222e-04, 2.4434e+00, 3.4175e-02, 
 2DIAGNOSTIC,    18, -4.877649371436e-01, 3.116773142120e-04, 2.4832e+00, 3.9770e-02, 
 2DIAGNOSTIC,    19, -4.897952081127e-01, 3.836020570797e-04, 2.5186e+00, 3.5465e-02, 
 2DIAGNOSTIC,    20, -4.902341927797e-01, 4.281257546371e-04, 2.5536e+00, 3.4993e-02, 
 2DIAGNOSTIC,    21, -4.906581782551e-01, 4.463516985759e-04, 2.5894e+00, 3.5761e-02, 
 2DIAGNOSTIC,    22, -4.909098841472e-01, 4.331018308411e-04, 2.6237e+00, 3.4286e-02, 
 2DIAGNOSTIC,    23, -4.910503480931e-01, 4.250166401860e-04, 2.6706e+00, 4.6950e-02, 
 2DIAGNOSTIC,    24, -4.910667534723e-01, 3.806167070242e-04, 2.7009e+00, 3.0302e-02, 
 2DIAGNOSTIC,    25, -4.911327044416e-01, 3.079481996491e-04, 2.7350e+00, 3.4077e-02, 
 2DIAGNOSTIC,    26, -4.911380996248e-01, 2.143644989190e-04, 2.7698e+00, 3.4838e-02, 
 2DIAGNOSTIC,    27, -4.911509897557e-01, 1.184975812799e-04, 2.8015e+00, 3.1625e-02, 
 2DIAGNOSTIC,    28, -4.912017411370e-01, 5.661664880297e-05, 2.8391e+00, 3.7691e-02, 
 2DIAGNOSTIC,    29, -4.912429967581e-01, 3.553288727593e-05, 2.8777e+00, 3.8562e-02, 
 2DIAGNOSTIC,    30, -4.912623145056e-01, 2.139588901721e-05, 2.9120e+00, 3.4333e-02, 
 2DIAGNOSTIC,    31, -4.913073965675e-01, 1.501955520689e-05, 2.9513e+00, 3.9217e-02, 
 2DIAGNOSTIC,    32, -4.913475914657e-01, 1.299181780780e-05, 2.9890e+00, 3.7790e-02, 
 2DIAGNOSTIC,    33, -4.914314017864e-01, 1.390866733896e-05, 3.0265e+00, 3.7491e-02, 
 2DIAGNOSTIC,    34, -4.914466156440e-01, 1.402247404561e-05, 3.0656e+00, 3.9078e-02, 
 2DIAGNOSTIC,    35, -4.914604969881e-01, 1.424377940191e-05, 3.0976e+00, 3.2013e-02, 
 2DIAGNOSTIC,    36, -4.914610077764e-01, 1.329920914911e-05, 3.1309e+00, 3.3243e-02, 
 2DIAGNOSTIC,    37, -4.915144784586e-01, 1.225091647880e-05, 3.1622e+00, 3.1327e-02, 
 2DIAGNOSTIC,    38, -4.917657556682e-01, 1.476643644021e-05, 3.1929e+00, 3.0694e-02, 
 2DIAGNOSTIC,    39, -4.921276767015e-01, 2.176113014278e-05, 3.2240e+00, 3.1108e-02, 
 2DIAGNOSTIC,    40, -4.925246124361e-01, 3.238727741687e-05, 3.2733e+00, 4.9335e-02, 
 2DIAGNOSTIC,    41, -4.926814477728e-01, 4.230520651455e-05, 3.3077e+00, 3.4377e-02, 
 2DIAGNOSTIC,    42, -4.927264276866e-01, 4.899721669200e-05, 3.3384e+00, 3.0694e-02, 
 2DIAGNOSTIC,    43, -4.929973823736e-01, 5.559072949966e-05, 3.3723e+00, 3.3912e-02, 
 2DIAGNOSTIC,    44, -4.930612547430e-01, 5.751904717114e-05, 3.4057e+00, 3.3379e-02, 
 2DIAGNOSTIC,    45, -4.930872880231e-01, 5.442492844722e-05, 3.4402e+00, 3.4511e-02, 
 2DIAGNOSTIC,    46, -4.930920035933e-01, 4.649011923536e-05, 3.4739e+00, 3.3739e-02, 
 2DIAGNOSTIC,    47, -4.930812352445e-01, 3.507371774409e-05, 3.5037e+00, 2.9797e-02, 
 2DIAGNOSTIC,    48, -4.930675957796e-01, 2.364017763901e-05, 3.5342e+00, 3.0481e-02, 
 2DIAGNOSTIC,    49, -4.931483159306e-01, 1.561053798108e-05, 3.5642e+00, 2.9970e-02, 
 2DIAGNOSTIC,    50, -4.933229532068e-01, 1.309237894583e-05, 3.5942e+00, 3.0023e-02, 
 2DIAGNOSTIC,    51, -4.935389617067e-01, 1.371907282900e-05, 3.6566e+00, 6.2387e-02, 
 2DIAGNOSTIC,    52, -4.935229989363e-01, 1.328864398278e-05, 3.6951e+00, 3.8498e-02, 
 2DIAGNOSTIC,    53, -4.935342290595e-01, 1.480470643528e-05, 3.7306e+00, 3.5494e-02, 
 2DIAGNOSTIC,    54, -4.935331108945e-01, 1.557898409874e-05, 3.7656e+00, 3.5006e-02, 
 2DIAGNOSTIC,    55, -4.935213196537e-01, 1.498757254551e-05, 3.7939e+00, 2.8280e-02, 
 2DIAGNOSTIC,    56, -4.935192119599e-01, 1.303749237601e-05, 3.8317e+00, 3.7775e-02, 
 2DIAGNOSTIC,    57, -4.935227911548e-01, 9.921556403131e-06, 3.8638e+00, 3.2108e-02, 
 2DIAGNOSTIC,    58, -4.935092735012e-01, 5.771231296536e-06, 3.8967e+00, 3.2912e-02, 
 2DIAGNOSTIC,    59, -4.935119424933e-01, 2.060434225910e-06, 3.9258e+00, 2.9159e-02, 
DIAGNOSTIC,Iteration,metricValue,convergenceValue,ITERATION_TIME_INDEX,SINCE_LAST
 2DIAGNOSTIC,     1, -4.340795764261e-01, 1.797693134862e+308, 5.0609e+00, 1.1350e+00, 
 2DIAGNOSTIC,     2, -4.342119065790e-01, 1.797693134862e+308, 5.3094e+00, 2.4854e-01, 
 2DIAGNOSTIC,     3, -4.342730769392e-01, 1.797693134862e+308, 5.5664e+00, 2.5701e-01, 
 2DIAGNOSTIC,     4, -4.343887160557e-01, 1.797693134862e+308, 5.8329e+00, 2.6651e-01, 
 2DIAGNOSTIC,     5, -4.344834904323e-01, 1.797693134862e+308, 6.0816e+00, 2.4863e-01, 
 2DIAGNOSTIC,     6, -4.347453694497e-01, 1.797693134862e+308, 6.5700e+00, 4.8845e-01, 
 2DIAGNOSTIC,     7, -4.347565325673e-01, 1.797693134862e+308, 6.9331e+00, 3.6308e-01, 
 2DIAGNOSTIC,     8, -4.347554637731e-01, 1.797693134862e+308, 7.2101e+00, 2.7704e-01, 
 2DIAGNOSTIC,     9, -4.347545859207e-01, 1.797693134862e+308, 7.4799e+00, 2.6980e-01, 
 2DIAGNOSTIC,    10, -4.347562280249e-01, 1.146639955589e-04, 7.7664e+00, 2.8650e-01, 
 2DIAGNOSTIC,    11, -4.347591827523e-01, 8.346145409117e-05, 8.0528e+00, 2.8640e-01, 
 2DIAGNOSTIC,    12, -4.347659649465e-01, 5.781630722615e-05, 8.3597e+00, 3.0683e-01, 
 2DIAGNOSTIC,    13, -4.347658667356e-01, 3.430787494638e-05, 8.6429e+00, 2.8324e-01, 
 2DIAGNOSTIC,    14, -4.347689565944e-01, 1.684738246766e-05, 8.8967e+00, 2.5377e-01, 
 2DIAGNOSTIC,    15, -4.347715786059e-01, 4.308544961085e-06, 9.1927e+00, 2.9602e-01, 
 2DIAGNOSTIC,    16, -4.347814987539e-01, 4.226677067579e-06, 9.4576e+00, 2.6490e-01, 
 2DIAGNOSTIC,    17, -4.348058810920e-01, 5.304897993670e-06, 9.7149e+00, 2.5726e-01, 
 2DIAGNOSTIC,    18, -4.348658864846e-01, 8.069689015171e-06, 1.0056e+01, 3.4162e-01, 
 2DIAGNOSTIC,    19, -4.348974285620e-01, 1.097248477497e-05, 1.0366e+01, 3.0935e-01, 
 2DIAGNOSTIC,    20, -4.349112116807e-01, 1.322909623640e-05, 1.0869e+01, 5.0324e-01, 
 2DIAGNOSTIC,    21, -4.349180304670e-01, 1.450794714670e-05, 1.1172e+01, 3.0325e-01, 
 2DIAGNOSTIC,    22, -4.349159058139e-01, 1.459267455559e-05, 1.1514e+01, 3.4192e-01, 
 2DIAGNOSTIC,    23, -4.349144347805e-01, 1.337415680542e-05, 1.1844e+01, 3.2966e-01, 
 2DIAGNOSTIC,    24, -4.349145300090e-01, 1.121351070337e-05, 1.2113e+01, 2.6917e-01, 
 2DIAGNOSTIC,    25, -4.349134671598e-01, 8.352682167888e-06, 1.2396e+01, 2.8263e-01, 
 2DIAGNOSTIC,    26, -4.349185962156e-01, 5.434307931110e-06, 1.2734e+01, 3.3834e-01, 
 2DIAGNOSTIC,    27, -4.349193038131e-01, 2.912682907530e-06, 1.3085e+01, 3.5125e-01, 
 2DIAGNOSTIC,    28, -4.349191033162e-01, 1.790717517956e-06, 1.3386e+01, 3.0121e-01, 
 2DIAGNOSTIC,    29, -4.349197994289e-01, 1.405666079250e-06, 1.3697e+01, 3.1054e-01, 
 2DIAGNOSTIC,    30, -4.349189074146e-01, 1.292438074556e-06, 1.4007e+01, 3.1008e-01, 
 2DIAGNOSTIC,    31, -4.349201256963e-01, 1.333863826135e-06, 1.4321e+01, 3.1405e-01, 
 2DIAGNOSTIC,    32, -4.349198537121e-01, 1.293825530956e-06, 1.4621e+01, 2.9945e-01, 
 2DIAGNOSTIC,    33, -4.349195202987e-01, 1.193540124303e-06, 1.4923e+01, 3.0209e-01, 
 2DIAGNOSTIC,    34, -4.349199248594e-01, 1.089352178026e-06, 1.5215e+01, 2.9261e-01, 
DIAGNOSTIC,Iteration,metricValue,convergenceValue,ITERATION_TIME_INDEX,SINCE_LAST
 2DIAGNOSTIC,     1, -4.013981227149e-01, 1.797693134862e+308, 1.7921e+01, 2.7060e+00, 
 2DIAGNOSTIC,     2, -4.015386405740e-01, 1.797693134862e+308, 1.9734e+01, 1.8126e+00, 
 2DIAGNOSTIC,     3, -4.016273376662e-01, 1.797693134862e+308, 2.1403e+01, 1.6686e+00, 
 2DIAGNOSTIC,     4, -4.016559948422e-01, 1.797693134862e+308, 2.3270e+01, 1.8677e+00, 
 2DIAGNOSTIC,     5, -4.016699269951e-01, 1.797693134862e+308, 2.5796e+01, 2.5258e+00, 
 2DIAGNOSTIC,     6, -4.016700001855e-01, 1.797693134862e+308, 2.7766e+01, 1.9699e+00, 
 2DIAGNOSTIC,     7, -4.016717833109e-01, 1.797693134862e+308, 2.9571e+01, 1.8046e+00, 
 2DIAGNOSTIC,     8, -4.016762700158e-01, 1.797693134862e+308, 3.1234e+01, 1.6635e+00, 
 2DIAGNOSTIC,     9, -4.016914480605e-01, 1.797693134862e+308, 3.3077e+01, 1.8428e+00, 
 2DIAGNOSTIC,    10, -4.017008789795e-01, 3.700519181461e-05, 3.5253e+01, 2.1765e+00, 
 2DIAGNOSTIC,    11, -4.017046759912e-01, 1.951680660468e-05, 3.7139e+01, 1.8851e+00, 
 2DIAGNOSTIC,    12, -4.017049382907e-01, 1.165044346060e-05, 3.8722e+01, 1.5834e+00, 
 2DIAGNOSTIC,    13, -4.017049235722e-01, 8.976380128894e-06, 4.0656e+01, 1.9342e+00, 
 2DIAGNOSTIC,    14, -4.017047422757e-01, 7.499657603008e-06, 4.2419e+01, 1.7632e+00, 
 2DIAGNOSTIC,    15, -4.017045815500e-01, 6.386223898258e-06, 4.3982e+01, 1.5624e+00, 
 2DIAGNOSTIC,    16, -4.017048596933e-01, 5.043121430320e-06, 4.5745e+01, 1.7634e+00, 
 2DIAGNOSTIC,    17, -4.017043712608e-01, 3.638067527116e-06, 4.7482e+01, 1.7373e+00, 
 2DIAGNOSTIC,    18, -4.017048588941e-01, 2.411848513281e-06, 4.9255e+01, 1.7730e+00, 
 2DIAGNOSTIC,    19, -4.017057732636e-01, 1.845656271746e-06, 5.1189e+01, 1.9334e+00, 
 2DIAGNOSTIC,    20, -4.017074228775e-01, 1.707520260297e-06, 5.3029e+01, 1.8400e+00, 
 2DIAGNOSTIC,    21, -4.017076482065e-01, 1.705796764485e-06, 5.4757e+01, 1.7277e+00, 
 2DIAGNOSTIC,    22, -4.017089203169e-01, 1.736696365780e-06, 5.6624e+01, 1.8672e+00, 
 2DIAGNOSTIC,    23, -4.017097670002e-01, 1.763036188665e-06, 5.8231e+01, 1.6069e+00, 
 2DIAGNOSTIC,    24, -4.017133860688e-01, 1.852072527800e-06, 5.9917e+01, 1.6862e+00, 
 2DIAGNOSTIC,    25, -4.017318111700e-01, 2.398312036314e-06, 6.1801e+01, 1.8845e+00, 
 2DIAGNOSTIC,    26, -4.017542048186e-01, 3.401362385871e-06, 6.3718e+01, 1.9169e+00, 
 2DIAGNOSTIC,    27, -4.017807296562e-01, 4.797770135956e-06, 6.5415e+01, 1.6964e+00, 
 2DIAGNOSTIC,    28, -4.018074222272e-01, 6.434149349220e-06, 6.7732e+01, 2.3174e+00, 
 2DIAGNOSTIC,    29, -4.018194527803e-01, 7.767347959181e-06, 7.0252e+01, 2.5197e+00, 
 2DIAGNOSTIC,    30, -4.018201827277e-01, 8.437629285117e-06, 7.2271e+01, 2.0192e+00, 
 2DIAGNOSTIC,    31, -4.018211340318e-01, 8.394233465277e-06, 7.5304e+01, 3.0333e+00, 
 2DIAGNOSTIC,    32, -4.018213626879e-01, 7.685600894682e-06, 8.0364e+01, 5.0601e+00, 
 2DIAGNOSTIC,    33, -4.018213626869e-01, 6.401381043790e-06, 8.5230e+01, 4.8660e+00, 
 2DIAGNOSTIC,    34, -4.018213626869e-01, 4.749478606847e-06, 8.7721e+01, 2.4906e+00, 
 2DIAGNOSTIC,    35, -4.018213626869e-01, 3.203194580661e-06, 8.9606e+01, 1.8847e+00, 
 2DIAGNOSTIC,    36, -4.018213626869e-01, 1.959609873529e-06, 9.1534e+01, 1.9283e+00, 
 2DIAGNOSTIC,    37, -4.018213626869e-01, 1.176287652904e-06, 9.3327e+01, 1.7924e+00, 
  Elapsed time (stage 0): 9.4246e+01


Total elapsed time: 9.4248e+01
Info [verificarlo]: loaded backend libinterflop_vprec.so
Info [interflop-vprec]: load backend with: 
Info [interflop-vprec]: precision-binary32 = 21
Info [interflop-vprec]: range-binary32 = 7
Info [interflop-vprec]: precision-binary64 = 21
Info [interflop-vprec]: range-binary64 = 7
Info [interflop-vprec]: mode = ob
Info [interflop-vprec]: error-mode = rel
Info [interflop-vprec]: max-abs-error-exponent = -1022
Info [interflop-vprec]: daz = false
Info [interflop-vprec]: ftz = false
Info [interflop-vprec]: 	instrument = none
Info [interflop-vprec]: 	prec-input-file = (null)
Info [interflop-vprec]: 	prec-output-file = (null)
Info [interflop-vprec]: 	prec-log-file = (null)
All_Command_lines_OK
Using double precision for computations.
=============================================================================
The composite transform comprises the following transforms (in order): 
  1. /home/mdugre/scratch/mri-registration-rp/datasets/ds004513/derivatives/mri-registration-rp/0011/antsRegistration-r7-p21/sub-s037/rigid_Composite.h5[0] (type = Euler3DTransform)
  2. /home/mdugre/scratch/mri-registration-rp/datasets/ds004513/derivatives/mri-registration-rp/0011/antsRegistration-r7-p21/sub-s037/rigid_Composite.h5[1] (type = Euler3DTransform)
  3. /home/mdugre/scratch/mri-registration-rp/datasets/ds004513/derivatives/mri-registration-rp/0011/antsRegistration-r7-p21/sub-s037/rigid_Composite.h5[2] (type = Euler3DTransform)
=============================================================================
  number of levels = 4
  fixed image: /templateflow/tpl-MNI152NLin2009cAsym/tpl-MNI152NLin2009cAsym_res-01_desc-brain_T1w.nii.gz
  moving image: /home/mdugre/scratch/mri-registration-rp/datasets/ds004513/derivatives/mri-registration-rp/antsBrainExtraction/sub-s037/BrainExtractionBrain.nii.gz
Dimension = 3
Number of stages = 1
Use histogram matching = false
Winsorize image intensities = true
  Lower quantile = 0.005
  Upper quantile = 0.995


Stage 1 State
   Image metric = MattesMI
     Fixed image = Image (0x3847490)
  RTTI typeinfo:   itk::Image<double, 3u>
  Reference Count: 2
  Modified Time: 1592
  Debug: Off
  Object Name: 
  Observers: 
    none
  Source: (none)
  Source output name: (none)
  Release Data: Off
  Data Released: False
  Global Release Data: Off
  PipelineMTime: 0
  UpdateMTime: 1203
  RealTimeStamp: 0 seconds 
  LargestPossibleRegion: 
    Dimension: 3
    Index: [0, 0, 0]
    Size: [193, 229, 193]
  BufferedRegion: 
    Dimension: 3
    Index: [0, 0, 0]
    Size: [193, 229, 193]
  RequestedRegion: 
    Dimension: 3
    Index: [0, 0, 0]
    Size: [193, 229, 193]
  Spacing: [1, 1, 1]
  Origin: [96, 132, -78]
  Direction: 
-1 0 0
0 -1 0
0 0 1

  IndexToPointMatrix: 
-1 0 0
0 -1 0
0 0 1

  PointToIndexMatrix: 
-1 0 0
0 -1 0
0 0 1

  Inverse Direction: 
-1 0 0
0 -1 0
0 0 1

  PixelContainer: 
    ImportImageContainer (0x39128c0)
      RTTI typeinfo:   itk::ImportImageContainer<unsigned long, double>
      Reference Count: 1
      Modified Time: 1200
      Debug: Off
      Object Name: 
      Observers: 
        none
      Pointer: 0x153518e13010
      Container manages memory: true
      Size: 8530021
      Capacity: 8530021

     Moving image = Image (0x3902b60)
  RTTI typeinfo:   itk::Image<double, 3u>
  Reference Count: 2
  Modified Time: 1593
  Debug: Off
  Object Name: 
  Observers: 
    none
  Source: (none)
  Source output name: (none)
  Release Data: Off
  Data Released: False
  Global Release Data: Off
  PipelineMTime: 0
  UpdateMTime: 1590
  RealTimeStamp: 0 seconds 
  LargestPossibleRegion: 
    Dimension: 3
    Index: [0, 0, 0]
    Size: [160, 240, 256]
  BufferedRegion: 
    Dimension: 3
    Index: [0, 0, 0]
    Size: [160, 240, 256]
  RequestedRegion: 
    Dimension: 3
    Index: [0, 0, 0]
    Size: [160, 240, 256]
  Spacing: [1, 1, 1]
  Origin: [87.9508, 102.562, -147.639]
  Direction: 
-0.998658 -0.043612 -0.0279129
0.043595 -0.999048 0.00121847
-0.0279395 -2.65543e-08 0.999609

  IndexToPointMatrix: 
-0.998658 -0.043612 -0.0279129
0.043595 -0.999048 0.00121847
-0.0279395 -2.65543e-08 0.999609

  PointToIndexMatrix: 
-0.99866 0.043595 -0.0279395
-0.0436121 -0.999049 0
-0.027913 0.0012185 0.99961

  Inverse Direction: 
-0.99866 0.043595 -0.0279395
-0.0436121 -0.999049 0
-0.027913 0.0012185 0.99961

  PixelContainer: 
    ImportImageContainer (0x39961d0)
      RTTI typeinfo:   itk::ImportImageContainer<unsigned long, double>
      Reference Count: 1
      Modified Time: 1587
      Debug: Off
      Object Name: 
      Observers: 
        none
      Pointer: 0x153514312010
      Container manages memory: true
      Size: 9830400
      Capacity: 9830400

     Weighting = 1
     Sampling strategy = regular
     Number of bins = 32
     Radius = 4
     Sampling percentage  = 0.25
   Transform = Affine
     Gradient step = 0.1
     Update field sigma (voxel space) = 0
     Total field sigma (voxel space) = 0
     Update field time sigma = 0
     Total field time sigma  = 0
     Number of time indices = 0
     Number of time point samples = 0
Registration using 1 total stages.

Stage 0
  iterations = 1000x500x250x100
  convergence threshold = 1e-06
  convergence window size = 10
  number of levels = 4
  using the Mattes MI metric (number of bins = 32, weight = 1, use gradient filter = 0)
  preprocessing:  winsorizing the image intensities
  Shrink factors (level 1 out of 4): [8, 8, 8]
  Shrink factors (level 2 out of 4): [4, 4, 4]
  Shrink factors (level 3 out of 4): [2, 2, 2]
  Shrink factors (level 4 out of 4): [1, 1, 1]
  smoothing sigmas per level: [3, 2, 1, 0]
  regular sampling (percentage = 0.25)

*** Running AffineTransform registration ***

DIAGNOSTIC,Iteration,metricValue,convergenceValue,ITERATION_TIME_INDEX,SINCE_LAST
 2DIAGNOSTIC,     1, -5.862047112959e-01, 1.797693134862e+308, 0.0000e+00, 0.0000e+00, 
 2DIAGNOSTIC,     2, -5.875134310066e-01, 1.797693134862e+308, 0.0000e+00, 0.0000e+00, 
 2DIAGNOSTIC,     3, -5.899690519613e-01, 1.797693134862e+308, 0.0000e+00, 0.0000e+00, 
 2DIAGNOSTIC,     4, -5.945626815167e-01, 1.797693134862e+308, 0.0000e+00, 0.0000e+00, 
 2DIAGNOSTIC,     5, -6.043295326321e-01, 1.797693134862e+308, 0.0000e+00, 0.0000e+00, 
 2DIAGNOSTIC,     6, -6.157739926664e-01, 1.797693134862e+308, 0.0000e+00, 0.0000e+00, 
 2DIAGNOSTIC,     7, -6.314834915125e-01, 1.797693134862e+308, 0.0000e+00, 0.0000e+00, 
 2DIAGNOSTIC,     8, -6.760063603859e-01, 1.797693134862e+308, 0.0000e+00, 0.0000e+00, 
 2DIAGNOSTIC,     9, -7.005058391852e-01, 1.797693134862e+308, 0.0000e+00, 0.0000e+00, 
 2DIAGNOSTIC,    10, -7.004354879331e-01, 1.322542237109e-02, 0.0000e+00, 0.0000e+00, 
 2DIAGNOSTIC,    11, -7.014717641081e-01, 1.305404838057e-02, 0.0000e+00, 0.0000e+00, 
 2DIAGNOSTIC,    12, -7.031745035529e-01, 1.186387134631e-02, 0.0000e+00, 0.0000e+00, 
 2DIAGNOSTIC,    13, -7.054435109708e-01, 9.941388164694e-03, 0.0000e+00, 0.0000e+00, 
 2DIAGNOSTIC,    14, -7.129011402054e-01, 7.774574284375e-03, 0.0000e+00, 0.0000e+00, 
 2DIAGNOSTIC,    15, -7.133149935319e-01, 5.521239311197e-03, 0.0000e+00, 0.0000e+00, 
 2DIAGNOSTIC,    16, -7.140775179593e-01, 3.414312902610e-03, 0.0000e+00, 0.0000e+00, 
 2DIAGNOSTIC,    17, -7.155278413921e-01, 1.672275875360e-03, 0.0000e+00, 0.0000e+00, 
 2DIAGNOSTIC,    18, -7.165946740954e-01, 1.048816359654e-03, 0.0000e+00, 0.0000e+00, 
 2DIAGNOSTIC,    19, -7.173989290683e-01, 9.638976824615e-04, 0.0000e+00, 0.0000e+00, 
 2DIAGNOSTIC,    20, -7.176957437116e-01, 8.038536109060e-04, 0.0000e+00, 0.0000e+00, 
 2DIAGNOSTIC,    21, -7.180275917758e-01, 6.151106870820e-04, 0.0000e+00, 0.0000e+00, 
 2DIAGNOSTIC,    22, -7.183263216573e-01, 4.259903506954e-04, 0.0000e+00, 0.0000e+00, 
 2DIAGNOSTIC,    23, -7.186450467234e-01, 2.579281210448e-04, 0.0000e+00, 0.0000e+00, 
 2DIAGNOSTIC,    24, -7.200060935524e-01, 2.347165777084e-04, 0.0000e+00, 0.0000e+00, 
 2DIAGNOSTIC,    25, -7.226719149398e-01, 2.426226739345e-04, 0.0000e+00, 0.0000e+00, 
 2DIAGNOSTIC,    26, -7.226535927189e-01, 2.379271810800e-04, 0.0000e+00, 0.0000e+00, 
 2DIAGNOSTIC,    27, -7.226420281572e-01, 2.340084324779e-04, 0.0000e+00, 0.0000e+00, 
 2DIAGNOSTIC,    28, -7.225724289962e-01, 2.235261690619e-04, 0.0000e+00, 0.0000e+00, 
 2DIAGNOSTIC,    29, -7.226719045466e-01, 2.052980563767e-04, 0.0000e+00, 0.0000e+00, 
 2DIAGNOSTIC,    30, -7.228199515453e-01, 1.744588601810e-04, 0.0000e+00, 0.0000e+00, 
 2DIAGNOSTIC,    31, -7.228620112918e-01, 1.343561064036e-04, 0.0000e+00, 0.0000e+00, 
 2DIAGNOSTIC,    32, -7.228541779342e-01, 8.870860316619e-05, 0.0000e+00, 0.0000e+00, 
 2DIAGNOSTIC,    33, -7.228795506536e-01, 4.190693438400e-05, 0.0000e+00, 0.0000e+00, 
 2DIAGNOSTIC,    34, -7.227201352512e-01, 7.680090046008e-06, 0.0000e+00, 0.0000e+00, 
 2DIAGNOSTIC,    35, -7.227458388333e-01, 6.441903463855e-06, 0.0000e+00, 0.0000e+00, 
 2DIAGNOSTIC,    36, -7.226878946281e-01, 3.858257663688e-06, 0.0000e+00, 0.0000e+00, 
 2DIAGNOSTIC,    37, -7.227040738458e-01, 1.245821678555e-06, 0.0000e+00, 0.0000e+00, 
DIAGNOSTIC,Iteration,metricValue,convergenceValue,ITERATION_TIME_INDEX,SINCE_LAST
 2DIAGNOSTIC,     1, -5.921820821069e-01, 1.797693134862e+308, 0.0000e+00, 0.0000e+00, 
 2DIAGNOSTIC,     2, -5.929390261730e-01, 1.797693134862e+308, 0.0000e+00, 0.0000e+00, 
 2DIAGNOSTIC,     3, -5.939476232415e-01, 1.797693134862e+308, 0.0000e+00, 0.0000e+00, 
 2DIAGNOSTIC,     4, -5.951381834651e-01, 1.797693134862e+308, 0.0000e+00, 0.0000e+00, 
 2DIAGNOSTIC,     5, -5.965245507874e-01, 1.797693134862e+308, 0.0000e+00, 0.0000e+00, 
 2DIAGNOSTIC,     6, -5.969138730835e-01, 1.797693134862e+308, 0.0000e+00, 0.0000e+00, 
