
##########################
# Experiment information #
##########################

EXPERIMENT_NAME: antsRegistration-r7-p21
VFC_BACKENDS: libinterflop_vprec.so --range-binary32=7 --precision-binary32=21 --range-binary64=7 --precision-binary64=21

SIF_IMG: /home/mdugre/projects/rrg-glatard/mdugre/containers/ants-vprec-no_metrics.simg

SUBJECT_ID: s033
INPUT_IMG: /home/mdugre/scratch/mri-registration-rp/datasets/ds004513/derivatives/mri-registration-rp/antsBrainExtraction/sub-s033/BrainExtractionBrain.nii.gz
OUTPUT_DIR: /home/mdugre/scratch/mri-registration-rp/datasets/ds004513/derivatives/mri-registration-rp/0011/antsRegistration-r7-p21/sub-s033

FIXED_IMG: /templateflow/tpl-MNI152NLin2009cAsym/tpl-MNI152NLin2009cAsym_res-01_desc-brain_T1w.nii.gz
DATA_DIR: /home/mdugre/scratch/mri-registration-rp/datasets/ds004513
TEMPLATEFLOW_DIR: /home/mdugre/projects/rrg-glatard/mdugre/templateflow
ITK_GLOBAL_DEFAULT_NUMBER_OF_THREADS: 16
##########################

Info [verificarlo]: loaded backend libinterflop_ieee.so
Info [interflop-ieee]: load backend with:
Info [interflop-ieee]: debug = false
Info [interflop-ieee]: debug-binary = false
Info [interflop-ieee]: no-backend-name = false
Info [interflop-ieee]: print-new-line = false
Info [interflop-ieee]: print-subnormal-normalized = false
Info [interflop-ieee]: count-op = false
All_Command_lines_OK
Using double precision for computations.
=============================================================================
The composite transform comprises the following transforms (in order): 
  1. Center of mass alignment using fixed image: /templateflow/tpl-MNI152NLin2009cAsym/tpl-MNI152NLin2009cAsym_res-01_desc-brain_T1w.nii.gz and moving image: /home/mdugre/scratch/mri-registration-rp/datasets/ds004513/derivatives/mri-registration-rp/antsBrainExtraction/sub-s033/BrainExtractionBrain.nii.gz (type = Euler3DTransform)
=============================================================================
  number of levels = 1
  fixed image: /templateflow/tpl-MNI152NLin2009cAsym/tpl-MNI152NLin2009cAsym_res-01_desc-brain_T1w.nii.gz
  moving image: /home/mdugre/scratch/mri-registration-rp/datasets/ds004513/derivatives/mri-registration-rp/antsBrainExtraction/sub-s033/BrainExtractionBrain.nii.gz
Dimension = 3
Number of stages = 1
Use histogram matching = false
Winsorize image intensities = true
  Lower quantile = 0.005
  Upper quantile = 0.995


Stage 1 State
   Image metric = MattesMI
     Fixed image = Image (0x4e70e70)
  RTTI typeinfo:   itk::Image<double, 3u>
  Reference Count: 2
  Modified Time: 2330
  Debug: Off
  Object Name: 
  Observers: 
    none
  Source: (none)
  Source output name: (none)
  Release Data: Off
  Data Released: False
  Global Release Data: Off
  PipelineMTime: 0
  UpdateMTime: 1941
  RealTimeStamp: 0 seconds 
  LargestPossibleRegion: 
    Dimension: 3
    Index: [0, 0, 0]
    Size: [193, 229, 193]
  BufferedRegion: 
    Dimension: 3
    Index: [0, 0, 0]
    Size: [193, 229, 193]
  RequestedRegion: 
    Dimension: 3
    Index: [0, 0, 0]
    Size: [193, 229, 193]
  Spacing: [1, 1, 1]
  Origin: [96, 132, -78]
  Direction: 
-1 0 0
0 -1 0
0 0 1

  IndexToPointMatrix: 
-1 0 0
0 -1 0
0 0 1

  PointToIndexMatrix: 
-1 0 0
0 -1 0
0 0 1

  Inverse Direction: 
-1 0 0
0 -1 0
0 0 1

  PixelContainer: 
    ImportImageContainer (0x4e79c60)
      RTTI typeinfo:   itk::ImportImageContainer<unsigned long, double>
      Reference Count: 1
      Modified Time: 1938
      Debug: Off
      Object Name: 
      Observers: 
        none
      Pointer: 0x145b3b960010
      Container manages memory: true
      Size: 8530021
      Capacity: 8530021

     Moving image = Image (0x4e73540)
  RTTI typeinfo:   itk::Image<double, 3u>
  Reference Count: 2
  Modified Time: 2331
  Debug: Off
  Object Name: 
  Observers: 
    none
  Source: (none)
  Source output name: (none)
  Release Data: Off
  Data Released: False
  Global Release Data: Off
  PipelineMTime: 0
  UpdateMTime: 2328
  RealTimeStamp: 0 seconds 
  LargestPossibleRegion: 
    Dimension: 3
    Index: [0, 0, 0]
    Size: [160, 240, 256]
  BufferedRegion: 
    Dimension: 3
    Index: [0, 0, 0]
    Size: [160, 240, 256]
  RequestedRegion: 
    Dimension: 3
    Index: [0, 0, 0]
    Size: [160, 240, 256]
  Spacing: [1, 1, 1]
  Origin: [91.5134, 94.282, -109.927]
  Direction: 
-0.99591 -0.0698718 -0.0572835
0.0697565 -0.997556 0.00401236
-0.0574239 5.01125e-08 0.99835

  IndexToPointMatrix: 
-0.99591 -0.0698718 -0.0572835
0.0697565 -0.997556 0.00401236
-0.0574239 5.01125e-08 0.99835

  PointToIndexMatrix: 
-0.99591 0.0697565 -0.0574239
-0.0698718 -0.997556 5.01483e-08
-0.0572835 0.00401236 0.99835

  Inverse Direction: 
-0.99591 0.0697565 -0.0574239
-0.0698718 -0.997556 5.01483e-08
-0.0572835 0.00401236 0.99835

  PixelContainer: 
    ImportImageContainer (0x4f85610)
      RTTI typeinfo:   itk::ImportImageContainer<unsigned long, double>
      Reference Count: 1
      Modified Time: 2325
      Debug: Off
      Object Name: 
      Observers: 
        none
      Pointer: 0x145b36e5f010
      Container manages memory: true
      Size: 9830400
      Capacity: 9830400

     Weighting = 1
     Sampling strategy = regular
     Number of bins = 32
     Radius = 4
     Sampling percentage  = 0.25
   Transform = Rigid
     Gradient step = 0.1
     Update field sigma (voxel space) = 0
     Total field sigma (voxel space) = 0
     Update field time sigma = 0
     Total field time sigma  = 0
     Number of time indices = 0
     Number of time point samples = 0
Registration using 1 total stages.

Stage 0
  iterations = 0
  convergence threshold = 1e-06
  convergence window size = 10
  number of levels = 1
  using the Mattes MI metric (number of bins = 32, weight = 1, use gradient filter = 0)
  preprocessing:  winsorizing the image intensities
  Shrink factors (level 1 out of 1): [1, 1, 1]
  smoothing sigmas per level: [0]
  regular sampling (percentage = 0.25)

*** Running Euler3DTransform registration ***

  Elapsed time (stage 0): 1.13052


Total elapsed time: 1.13288
Info [verificarlo]: loaded backend libinterflop_ieee.so
Info [interflop-ieee]: load backend with:
Info [interflop-ieee]: debug = false
Info [interflop-ieee]: debug-binary = false
Info [interflop-ieee]: no-backend-name = false
Info [interflop-ieee]: print-new-line = false
Info [interflop-ieee]: print-subnormal-normalized = false
Info [interflop-ieee]: count-op = false
All_Command_lines_OK
Using double precision for computations.
=============================================================================
The composite transform comprises the following transforms (in order): 
  1. /home/mdugre/scratch/mri-registration-rp/datasets/ds004513/derivatives/mri-registration-rp/0011/antsRegistration-r7-p21/sub-s033/align_Composite.h5[0] (type = Euler3DTransform)
  2. /home/mdugre/scratch/mri-registration-rp/datasets/ds004513/derivatives/mri-registration-rp/0011/antsRegistration-r7-p21/sub-s033/align_Composite.h5[1] (type = Euler3DTransform)
=============================================================================
  number of levels = 4
  fixed image: /templateflow/tpl-MNI152NLin2009cAsym/tpl-MNI152NLin2009cAsym_res-01_desc-brain_T1w.nii.gz
  moving image: /home/mdugre/scratch/mri-registration-rp/datasets/ds004513/derivatives/mri-registration-rp/antsBrainExtraction/sub-s033/BrainExtractionBrain.nii.gz
Dimension = 3
Number of stages = 1
Use histogram matching = false
Winsorize image intensities = true
  Lower quantile = 0.005
  Upper quantile = 0.995


Stage 1 State
   Image metric = MattesMI
     Fixed image = Image (0x4dd9530)
  RTTI typeinfo:   itk::Image<double, 3u>
  Reference Count: 2
  Modified Time: 1578
  Debug: Off
  Object Name: 
  Observers: 
    none
  Source: (none)
  Source output name: (none)
  Release Data: Off
  Data Released: False
  Global Release Data: Off
  PipelineMTime: 0
  UpdateMTime: 1189
  RealTimeStamp: 0 seconds 
  LargestPossibleRegion: 
    Dimension: 3
    Index: [0, 0, 0]
    Size: [193, 229, 193]
  BufferedRegion: 
    Dimension: 3
    Index: [0, 0, 0]
    Size: [193, 229, 193]
  RequestedRegion: 
    Dimension: 3
    Index: [0, 0, 0]
    Size: [193, 229, 193]
  Spacing: [1, 1, 1]
  Origin: [96, 132, -78]
  Direction: 
-1 0 0
0 -1 0
0 0 1

  IndexToPointMatrix: 
-1 0 0
0 -1 0
0 0 1

  PointToIndexMatrix: 
-1 0 0
0 -1 0
0 0 1

  Inverse Direction: 
-1 0 0
0 -1 0
0 0 1

  PixelContainer: 
    ImportImageContainer (0x4e97d60)
      RTTI typeinfo:   itk::ImportImageContainer<unsigned long, double>
      Reference Count: 1
      Modified Time: 1186
      Debug: Off
      Object Name: 
      Observers: 
        none
      Pointer: 0x151b250ef010
      Container manages memory: true
      Size: 8530021
      Capacity: 8530021

     Moving image = Image (0x4e89f60)
  RTTI typeinfo:   itk::Image<double, 3u>
  Reference Count: 2
  Modified Time: 1579
  Debug: Off
  Object Name: 
  Observers: 
    none
  Source: (none)
  Source output name: (none)
  Release Data: Off
  Data Released: False
  Global Release Data: Off
  PipelineMTime: 0
  UpdateMTime: 1576
  RealTimeStamp: 0 seconds 
  LargestPossibleRegion: 
    Dimension: 3
    Index: [0, 0, 0]
    Size: [160, 240, 256]
  BufferedRegion: 
    Dimension: 3
    Index: [0, 0, 0]
    Size: [160, 240, 256]
  RequestedRegion: 
    Dimension: 3
    Index: [0, 0, 0]
    Size: [160, 240, 256]
  Spacing: [1, 1, 1]
  Origin: [91.5134, 94.282, -109.927]
  Direction: 
-0.99591 -0.0698718 -0.0572835
0.0697565 -0.997556 0.00401236
-0.0574239 5.01125e-08 0.99835

  IndexToPointMatrix: 
-0.99591 -0.0698718 -0.0572835
0.0697565 -0.997556 0.00401236
-0.0574239 5.01125e-08 0.99835

  PointToIndexMatrix: 
-0.99591 0.0697565 -0.0574239
-0.0698718 -0.997556 5.01483e-08
-0.0572835 0.00401236 0.99835

  Inverse Direction: 
-0.99591 0.0697565 -0.0574239
-0.0698718 -0.997556 5.01483e-08
-0.0572835 0.00401236 0.99835

  PixelContainer: 
    ImportImageContainer (0x4e7b6d0)
      RTTI typeinfo:   itk::ImportImageContainer<unsigned long, double>
      Reference Count: 1
      Modified Time: 1573
      Debug: Off
      Object Name: 
      Observers: 
        none
      Pointer: 0x151b205ee010
      Container manages memory: true
      Size: 9830400
      Capacity: 9830400

     Weighting = 1
     Sampling strategy = regular
     Number of bins = 32
     Radius = 4
     Sampling percentage  = 0.25
   Transform = Rigid
     Gradient step = 0.1
     Update field sigma (voxel space) = 0
     Total field sigma (voxel space) = 0
     Update field time sigma = 0
     Total field time sigma  = 0
     Number of time indices = 0
     Number of time point samples = 0
Registration using 1 total stages.

Stage 0
  iterations = 1000x500x250x100
  convergence threshold = 1e-06
  convergence window size = 10
  number of levels = 4
  using the Mattes MI metric (number of bins = 32, weight = 1, use gradient filter = 0)
  preprocessing:  winsorizing the image intensities
  Shrink factors (level 1 out of 4): [8, 8, 8]
  Shrink factors (level 2 out of 4): [4, 4, 4]
  Shrink factors (level 3 out of 4): [2, 2, 2]
  Shrink factors (level 4 out of 4): [1, 1, 1]
  smoothing sigmas per level: [3, 2, 1, 0]
  regular sampling (percentage = 0.25)

*** Running Euler3DTransform registration ***

DIAGNOSTIC,Iteration,metricValue,convergenceValue,ITERATION_TIME_INDEX,SINCE_LAST
 2DIAGNOSTIC,     1, -4.945365495269e-01, 1.797693134862e+308, 7.6171e-01, 7.6171e-01, 
 2DIAGNOSTIC,     2, -4.961551199262e-01, 1.797693134862e+308, 7.6681e-01, 5.0960e-03, 
 2DIAGNOSTIC,     3, -4.991207097076e-01, 1.797693134862e+308, 7.7183e-01, 5.0251e-03, 
 2DIAGNOSTIC,     4, -5.030359852117e-01, 1.797693134862e+308, 7.7614e-01, 4.3080e-03, 
 2DIAGNOSTIC,     5, -5.059125054655e-01, 1.797693134862e+308, 7.8018e-01, 4.0362e-03, 
 2DIAGNOSTIC,     6, -5.092815596254e-01, 1.797693134862e+308, 7.8446e-01, 4.2820e-03, 
 2DIAGNOSTIC,     7, -5.205915484568e-01, 1.797693134862e+308, 7.8964e-01, 5.1811e-03, 
 2DIAGNOSTIC,     8, -5.236677933913e-01, 1.797693134862e+308, 7.9444e-01, 4.8051e-03, 
 2DIAGNOSTIC,     9, -5.261653611514e-01, 1.797693134862e+308, 7.9974e-01, 5.2931e-03, 
 2DIAGNOSTIC,    10, -5.313843279548e-01, 4.956236851461e-03, 8.0456e-01, 4.8268e-03, 
 2DIAGNOSTIC,    11, -5.461121550605e-01, 5.255951709879e-03, 8.1067e-01, 6.1059e-03, 
 2DIAGNOSTIC,    12, -5.563506773261e-01, 5.544499219510e-03, 8.1532e-01, 4.6539e-03, 
 2DIAGNOSTIC,    13, -6.011783753074e-01, 7.240286203918e-03, 8.2117e-01, 5.8489e-03, 
 2DIAGNOSTIC,    14, -6.166052825006e-01, 8.701253899072e-03, 8.2581e-01, 4.6339e-03, 
 2DIAGNOSTIC,    15, -6.211428291691e-01, 9.416357351085e-03, 8.3037e-01, 4.5600e-03, 
 2DIAGNOSTIC,    16, -6.235432152735e-01, 9.368281939155e-03, 8.3557e-01, 5.2030e-03, 
 2DIAGNOSTIC,    17, -6.347577465409e-01, 9.145335042607e-03, 8.4203e-01, 6.4631e-03, 
 2DIAGNOSTIC,    18, -6.413138478111e-01, 8.359392968159e-03, 8.4739e-01, 5.3592e-03, 
 2DIAGNOSTIC,    19, -6.420802724230e-01, 6.980623499509e-03, 8.5297e-01, 5.5740e-03, 
 2DIAGNOSTIC,    20, -6.425493381084e-01, 5.272872644423e-03, 8.5764e-01, 4.6749e-03, 
 2DIAGNOSTIC,    21, -6.431795007991e-01, 3.641466721036e-03, 8.6270e-01, 5.0561e-03, 
 2DIAGNOSTIC,    22, -6.434078412864e-01, 2.049114026137e-03, 8.6707e-01, 4.3731e-03, 
 2DIAGNOSTIC,    23, -6.435083894033e-01, 1.381096921693e-03, 8.7194e-01, 4.8680e-03, 
 2DIAGNOSTIC,    24, -6.436807770042e-01, 9.688116648517e-04, 8.7740e-01, 5.4581e-03, 
 2DIAGNOSTIC,    25, -6.439989456333e-01, 6.014654986155e-04, 8.8340e-01, 6.0079e-03, 
 2DIAGNOSTIC,    26, -6.448361590145e-01, 2.655198563802e-04, 8.8773e-01, 4.3271e-03, 
 2DIAGNOSTIC,    27, -6.460796029314e-01, 1.536866714558e-04, 8.9251e-01, 4.7801e-03, 
 2DIAGNOSTIC,    28, -6.463976190996e-01, 1.550353967136e-04, 8.9676e-01, 4.2479e-03, 
 2DIAGNOSTIC,    29, -6.463935455084e-01, 1.547432217418e-04, 9.0100e-01, 4.2410e-03, 
 2DIAGNOSTIC,    30, -6.464392296558e-01, 1.482978080492e-04, 9.0576e-01, 4.7569e-03, 
 2DIAGNOSTIC,    31, -6.463723507945e-01, 1.368670583440e-04, 9.1006e-01, 4.3008e-03, 
 2DIAGNOSTIC,    32, -6.464254418400e-01, 1.173264462477e-04, 9.1537e-01, 5.3179e-03, 
 2DIAGNOSTIC,    33, -6.464354983841e-01, 8.969314398214e-05, 9.2884e-01, 1.3469e-02, 
 2DIAGNOSTIC,    34, -6.464354983512e-01, 5.811474106793e-05, 9.4232e-01, 1.3481e-02, 
 2DIAGNOSTIC,    35, -6.464354983512e-01, 2.735362377278e-05, 9.4870e-01, 6.3801e-03, 
 2DIAGNOSTIC,    36, -6.464354983512e-01, 6.561992611225e-06, 9.5344e-01, 4.7309e-03, 
 2DIAGNOSTIC,    37, -6.464354983512e-01, 2.244508134595e-06, 9.5831e-01, 4.8740e-03, 
 2DIAGNOSTIC,    38, -6.464354983512e-01, 1.990756804432e-06, 9.6347e-01, 5.1589e-03, 
 2DIAGNOSTIC,    39, -6.464354983512e-01, 1.582334475475e-06, 9.6836e-01, 4.8962e-03, 
 2DIAGNOSTIC,    40, -6.464354983512e-01, 1.698169894929e-06, 9.7326e-01, 4.9000e-03, 
DIAGNOSTIC,Iteration,metricValue,convergenceValue,ITERATION_TIME_INDEX,SINCE_LAST
 2DIAGNOSTIC,     1, -5.367244461082e-01, 1.797693134862e+308, 1.6634e+00, 6.9012e-01, 
 2DIAGNOSTIC,     2, -5.380313846271e-01, 1.797693134862e+308, 1.6921e+00, 2.8724e-02, 
 2DIAGNOSTIC,     3, -5.401731922502e-01, 1.797693134862e+308, 1.7211e+00, 2.8960e-02, 
 2DIAGNOSTIC,     4, -5.431881354054e-01, 1.797693134862e+308, 1.7503e+00, 2.9241e-02, 
 2DIAGNOSTIC,     5, -5.453557602886e-01, 1.797693134862e+308, 1.7793e+00, 2.8947e-02, 
 2DIAGNOSTIC,     6, -5.461088568520e-01, 1.797693134862e+308, 1.8074e+00, 2.8176e-02, 
 2DIAGNOSTIC,     7, -5.462086684181e-01, 1.797693134862e+308, 1.8361e+00, 2.8701e-02, 
 2DIAGNOSTIC,     8, -5.464644816502e-01, 1.797693134862e+308, 1.8828e+00, 4.6686e-02, 
 2DIAGNOSTIC,     9, -5.466119848646e-01, 1.797693134862e+308, 1.9178e+00, 3.4986e-02, 
 2DIAGNOSTIC,    10, -5.465653137451e-01, 1.220918829541e-03, 1.9494e+00, 3.1568e-02, 
 2DIAGNOSTIC,    11, -5.465682691483e-01, 8.133911079012e-04, 1.9846e+00, 3.5203e-02, 
 2DIAGNOSTIC,    12, -5.465541415656e-01, 4.580257613730e-04, 2.0160e+00, 3.1426e-02, 
 2DIAGNOSTIC,    13, -5.465494222145e-01, 2.001582563324e-04, 2.0472e+00, 3.1226e-02, 
 2DIAGNOSTIC,    14, -5.465144134424e-01, 7.040398964141e-05, 2.0749e+00, 2.7672e-02, 
 2DIAGNOSTIC,    15, -5.465021552786e-01, 2.625952055835e-05, 2.1068e+00, 3.1933e-02, 
 2DIAGNOSTIC,    16, -5.465203014430e-01, 1.067861414143e-05, 2.1381e+00, 3.1265e-02, 
DIAGNOSTIC,Iteration,metricValue,convergenceValue,ITERATION_TIME_INDEX,SINCE_LAST
 2DIAGNOSTIC,     1, -4.642612166953e-01, 1.797693134862e+308, 3.1657e+00, 1.0276e+00, 
 2DIAGNOSTIC,     2, -4.645523969668e-01, 1.797693134862e+308, 3.4167e+00, 2.5102e-01, 
 2DIAGNOSTIC,     3, -4.648354191536e-01, 1.797693134862e+308, 3.6774e+00, 2.6073e-01, 
 2DIAGNOSTIC,     4, -4.650444823941e-01, 1.797693134862e+308, 3.9324e+00, 2.5495e-01, 
 2DIAGNOSTIC,     5, -4.653294033895e-01, 1.797693134862e+308, 4.1730e+00, 2.4062e-01, 
 2DIAGNOSTIC,     6, -4.657501524146e-01, 1.797693134862e+308, 4.4072e+00, 2.3421e-01, 
 2DIAGNOSTIC,     7, -4.663153002324e-01, 1.797693134862e+308, 4.7756e+00, 3.6841e-01, 
 2DIAGNOSTIC,     8, -4.663376528246e-01, 1.797693134862e+308, 5.0487e+00, 2.7302e-01, 
 2DIAGNOSTIC,     9, -4.663397944672e-01, 1.797693134862e+308, 5.4078e+00, 3.5916e-01, 
 2DIAGNOSTIC,    10, -4.663424504549e-01, 3.304415339847e-04, 5.7513e+00, 3.4345e-01, 
 2DIAGNOSTIC,    11, -4.663407772533e-01, 2.569717809724e-04, 6.0752e+00, 3.2389e-01, 
 2DIAGNOSTIC,    12, -4.663402998677e-01, 1.871608828669e-04, 6.3865e+00, 3.1134e-01, 
 2DIAGNOSTIC,    13, -4.663397698529e-01, 1.247949322114e-04, 6.6595e+00, 2.7303e-01, 
 2DIAGNOSTIC,    14, -4.663383681252e-01, 6.955018882757e-05, 6.8879e+00, 2.2839e-01, 
 2DIAGNOSTIC,    15, -4.663373095405e-01, 2.688615218523e-05, 7.1515e+00, 2.6360e-01, 
 2DIAGNOSTIC,    16, -4.663380624015e-01, 2.757973690495e-06, 7.4053e+00, 2.5376e-01, 
 2DIAGNOSTIC,    17, -4.663366397926e-01, 1.609414392117e-06, 7.6643e+00, 2.5907e-01, 
 2DIAGNOSTIC,    18, -4.663363757909e-01, 1.361304188256e-06, 7.9028e+00, 2.3847e-01, 
 2DIAGNOSTIC,    19, -4.663349275540e-01, 1.197067864250e-06, 8.1555e+00, 2.5272e-01, 
 2DIAGNOSTIC,    20, -4.663342717578e-01, 1.156858297519e-06, 8.3835e+00, 2.2794e-01, 
 2DIAGNOSTIC,    21, -4.663338233933e-01, 1.098748080609e-06, 8.6064e+00, 2.2288e-01, 
 2DIAGNOSTIC,    22, -4.663346791079e-01, 1.094942814424e-06, 8.8244e+00, 2.1806e-01, 
 2DIAGNOSTIC,    23, -4.663351772094e-01, 1.123948182753e-06, 9.0789e+00, 2.5448e-01, 
 2DIAGNOSTIC,    24, -4.663374270407e-01, 1.197305667999e-06, 9.3502e+00, 2.7133e-01, 
 2DIAGNOSTIC,    25, -4.663373153110e-01, 1.246671801340e-06, 9.6250e+00, 2.7475e-01, 
 2DIAGNOSTIC,    26, -4.663384928399e-01, 1.341409805289e-06, 9.8694e+00, 2.4442e-01, 
 2DIAGNOSTIC,    27, -4.663413945983e-01, 1.450743013859e-06, 1.0143e+01, 2.7395e-01, 
 2DIAGNOSTIC,    28, -4.663452548735e-01, 1.603543742311e-06, 1.0428e+01, 2.8433e-01, 
 2DIAGNOSTIC,    29, -4.663455695106e-01, 1.676446344676e-06, 1.0680e+01, 2.5253e-01, 
 2DIAGNOSTIC,    30, -4.663486419707e-01, 1.741008755822e-06, 1.0980e+01, 3.0018e-01, 
 2DIAGNOSTIC,    31, -4.663501675523e-01, 1.757564831562e-06, 1.1322e+01, 3.4141e-01, 
 2DIAGNOSTIC,    32, -4.663498097467e-01, 1.712210321116e-06, 1.1673e+01, 3.5153e-01, 
 2DIAGNOSTIC,    33, -4.663495645052e-01, 1.605381947732e-06, 1.1955e+01, 2.8211e-01, 
 2DIAGNOSTIC,    34, -4.663507459079e-01, 1.506623592728e-06, 1.2252e+01, 2.9629e-01, 
 2DIAGNOSTIC,    35, -4.663521268367e-01, 1.380763982785e-06, 1.2544e+01, 2.9252e-01, 
 2DIAGNOSTIC,    36, -4.663521744732e-01, 1.236181717171e-06, 1.2806e+01, 2.6163e-01, 
 2DIAGNOSTIC,    37, -4.663538887484e-01, 1.141629028287e-06, 1.3057e+01, 2.5073e-01, 
 2DIAGNOSTIC,    38, -4.663549484780e-01, 1.104641108217e-06, 1.3307e+01, 2.5058e-01, 
 2DIAGNOSTIC,    39, -4.663582266632e-01, 1.098561410246e-06, 1.3588e+01, 2.8087e-01, 
 2DIAGNOSTIC,    40, -4.663613283907e-01, 1.157924444228e-06, 1.3880e+01, 2.9221e-01, 
 2DIAGNOSTIC,    41, -4.663616866027e-01, 1.207565485505e-06, 1.4111e+01, 2.3029e-01, 
 2DIAGNOSTIC,    42, -4.663696952518e-01, 1.326038628190e-06, 1.4345e+01, 2.3433e-01, 
 2DIAGNOSTIC,    43, -4.663799874040e-01, 1.523928455732e-06, 1.4618e+01, 2.7353e-01, 
 2DIAGNOSTIC,    44, -4.663851226663e-01, 1.721619575370e-06, 1.4983e+01, 3.6507e-01, 
 2DIAGNOSTIC,    45, -4.663846463123e-01, 1.828355889157e-06, 1.5245e+01, 2.6167e-01, 
 2DIAGNOSTIC,    46, -4.663834654971e-01, 1.810967400349e-06, 1.5503e+01, 2.5775e-01, 
 2DIAGNOSTIC,    47, -4.663818567696e-01, 1.688503471250e-06, 1.5744e+01, 2.4098e-01, 
 2DIAGNOSTIC,    48, -4.663820302226e-01, 1.486767363990e-06, 1.5982e+01, 2.3776e-01, 
 2DIAGNOSTIC,    49, -4.663854180659e-01, 1.295767129227e-06, 1.6243e+01, 2.6088e-01, 
 2DIAGNOSTIC,    50, -4.663872377011e-01, 1.112002712154e-06, 1.6471e+01, 2.2824e-01, 
DIAGNOSTIC,Iteration,metricValue,convergenceValue,ITERATION_TIME_INDEX,SINCE_LAST
 2DIAGNOSTIC,     1, -4.249046537979e-01, 1.797693134862e+308, 1.8919e+01, 2.4478e+00, 
 2DIAGNOSTIC,     2, -4.249634131175e-01, 1.797693134862e+308, 2.0408e+01, 1.4897e+00, 
 2DIAGNOSTIC,     3, -4.249876094189e-01, 1.797693134862e+308, 2.1902e+01, 1.4938e+00, 
 2DIAGNOSTIC,     4, -4.250090860124e-01, 1.797693134862e+308, 2.3221e+01, 1.3188e+00, 
 2DIAGNOSTIC,     5, -4.251339493097e-01, 1.797693134862e+308, 2.4528e+01, 1.3069e+00, 
 2DIAGNOSTIC,     6, -4.252902612134e-01, 1.797693134862e+308, 2.6962e+01, 2.4339e+00, 
 2DIAGNOSTIC,     7, -4.253025468268e-01, 1.797693134862e+308, 2.8340e+01, 1.3778e+00, 
 2DIAGNOSTIC,     8, -4.253439891215e-01, 1.797693134862e+308, 2.9677e+01, 1.3378e+00, 
 2DIAGNOSTIC,     9, -4.253843328805e-01, 1.797693134862e+308, 3.1115e+01, 1.4375e+00, 
 2DIAGNOSTIC,    10, -4.254100125689e-01, 8.915295246886e-05, 3.2601e+01, 1.4856e+00, 
 2DIAGNOSTIC,    11, -4.254659498042e-01, 7.794338349472e-05, 3.4084e+01, 1.4831e+00, 
 2DIAGNOSTIC,    12, -4.256076370423e-01, 7.303739643182e-05, 3.6716e+01, 2.6326e+00, 
 2DIAGNOSTIC,    13, -4.256072249697e-01, 6.373337331260e-05, 3.8205e+01, 1.4890e+00, 
 2DIAGNOSTIC,    14, -4.256075619832e-01, 5.124426663268e-05, 3.9745e+01, 1.5399e+00, 
 2DIAGNOSTIC,    15, -4.256074689711e-01, 4.141330427267e-05, 4.1395e+01, 1.6500e+00, 
 2DIAGNOSTIC,    16, -4.256069727892e-01, 3.568443597382e-05, 4.3199e+01, 1.8034e+00, 
 2DIAGNOSTIC,    17, -4.256069375220e-01, 2.789705832253e-05, 4.4667e+01, 1.4687e+00, 
 2DIAGNOSTIC,    18, -4.256069067198e-01, 2.009115595730e-05, 4.6153e+01, 1.4854e+00, 
 2DIAGNOSTIC,    19, -4.256068496325e-01, 1.290489978114e-05, 4.7634e+01, 1.4815e+00, 
 2DIAGNOSTIC,    20, -4.256067468749e-01, 6.251941895526e-06, 4.9128e+01, 1.4939e+00, 
 2DIAGNOSTIC,    21, -4.256071426088e-01, 1.462050424672e-06, 5.0593e+01, 1.4648e+00, 
 2DIAGNOSTIC,    22, -4.256073225792e-01, 1.421135950905e-06, 5.2308e+01, 1.7147e+00, 
 2DIAGNOSTIC,    23, -4.256073312708e-01, 1.373863149329e-06, 5.3815e+01, 1.5075e+00, 
 2DIAGNOSTIC,    24, -4.256071048081e-01, 1.334694200252e-06, 5.5173e+01, 1.3579e+00, 
 2DIAGNOSTIC,    25, -4.256071323884e-01, 1.296716664267e-06, 5.6656e+01, 1.4833e+00, 
 2DIAGNOSTIC,    26, -4.256070564086e-01, 1.244450546688e-06, 5.8158e+01, 1.5013e+00, 
 2DIAGNOSTIC,    27, -4.256066996150e-01, 1.184248228009e-06, 5.9673e+01, 1.5149e+00, 
 2DIAGNOSTIC,    28, -4.256069029208e-01, 1.132327288246e-06, 6.1067e+01, 1.3942e+00, 
 2DIAGNOSTIC,    29, -4.256069772199e-01, 1.084847280716e-06, 6.2520e+01, 1.4538e+00, 
 2DIAGNOSTIC,    30, -4.256070900474e-01, 1.041625966057e-06, 6.3824e+01, 1.3037e+00, 
 2DIAGNOSTIC,    31, -4.256071856842e-01, 1.013475016048e-06, 6.5143e+01, 1.3190e+00, 
 2DIAGNOSTIC,    32, -4.256080422178e-01, 1.010011328587e-06, 6.6624e+01, 1.4803e+00, 
 2DIAGNOSTIC,    33, -4.256085621621e-01, 1.015605938653e-06, 6.8317e+01, 1.6932e+00, 
 2DIAGNOSTIC,    34, -4.256088955391e-01, 1.017840925904e-06, 7.0377e+01, 2.0606e+00, 
 2DIAGNOSTIC,    35, -4.256088870649e-01, 1.012703005433e-06, 7.2018e+01, 1.6408e+00, 
  Elapsed time (stage 0): 7.2959e+01


Total elapsed time: 7.2961e+01
Info [verificarlo]: loaded backend libinterflop_vprec.so
Info [interflop-vprec]: load backend with: 
Info [interflop-vprec]: precision-binary32 = 21
Info [interflop-vprec]: range-binary32 = 7
Info [interflop-vprec]: precision-binary64 = 21
Info [interflop-vprec]: range-binary64 = 7
Info [interflop-vprec]: mode = ob
Info [interflop-vprec]: error-mode = rel
Info [interflop-vprec]: max-abs-error-exponent = -1022
Info [interflop-vprec]: daz = false
Info [interflop-vprec]: ftz = false
Info [interflop-vprec]: 	instrument = none
Info [interflop-vprec]: 	prec-input-file = (null)
Info [interflop-vprec]: 	prec-output-file = (null)
Info [interflop-vprec]: 	prec-log-file = (null)
All_Command_lines_OK
Using double precision for computations.
=============================================================================
The composite transform comprises the following transforms (in order): 
  1. /home/mdugre/scratch/mri-registration-rp/datasets/ds004513/derivatives/mri-registration-rp/0011/antsRegistration-r7-p21/sub-s033/rigid_Composite.h5[0] (type = Euler3DTransform)
  2. /home/mdugre/scratch/mri-registration-rp/datasets/ds004513/derivatives/mri-registration-rp/0011/antsRegistration-r7-p21/sub-s033/rigid_Composite.h5[1] (type = Euler3DTransform)
  3. /home/mdugre/scratch/mri-registration-rp/datasets/ds004513/derivatives/mri-registration-rp/0011/antsRegistration-r7-p21/sub-s033/rigid_Composite.h5[2] (type = Euler3DTransform)
=============================================================================
  number of levels = 4
  fixed image: /templateflow/tpl-MNI152NLin2009cAsym/tpl-MNI152NLin2009cAsym_res-01_desc-brain_T1w.nii.gz
  moving image: /home/mdugre/scratch/mri-registration-rp/datasets/ds004513/derivatives/mri-registration-rp/antsBrainExtraction/sub-s033/BrainExtractionBrain.nii.gz
Dimension = 3
Number of stages = 1
Use histogram matching = false
Winsorize image intensities = true
  Lower quantile = 0.005
  Upper quantile = 0.995


Stage 1 State
   Image metric = MattesMI
     Fixed image = Image (0x4b34490)
  RTTI typeinfo:   itk::Image<double, 3u>
  Reference Count: 2
  Modified Time: 1592
  Debug: Off
  Object Name: 
  Observers: 
    none
  Source: (none)
  Source output name: (none)
  Release Data: Off
  Data Released: False
  Global Release Data: Off
  PipelineMTime: 0
  UpdateMTime: 1203
  RealTimeStamp: 0 seconds 
  LargestPossibleRegion: 
    Dimension: 3
    Index: [0, 0, 0]
    Size: [193, 229, 193]
  BufferedRegion: 
    Dimension: 3
    Index: [0, 0, 0]
    Size: [193, 229, 193]
  RequestedRegion: 
    Dimension: 3
    Index: [0, 0, 0]
    Size: [193, 229, 193]
  Spacing: [1, 1, 1]
  Origin: [96, 132, -78]
  Direction: 
-1 0 0
0 -1 0
0 0 1

  IndexToPointMatrix: 
-1 0 0
0 -1 0
0 0 1

  PointToIndexMatrix: 
-1 0 0
0 -1 0
0 0 1

  Inverse Direction: 
-1 0 0
0 -1 0
0 0 1

  PixelContainer: 
    ImportImageContainer (0x4bff8c0)
      RTTI typeinfo:   itk::ImportImageContainer<unsigned long, double>
      Reference Count: 1
      Modified Time: 1200
      Debug: Off
      Object Name: 
      Observers: 
        none
      Pointer: 0x152e4f8e9010
      Container manages memory: true
      Size: 8530021
      Capacity: 8530021

     Moving image = Image (0x4befb60)
  RTTI typeinfo:   itk::Image<double, 3u>
  Reference Count: 2
  Modified Time: 1593
  Debug: Off
  Object Name: 
  Observers: 
    none
  Source: (none)
  Source output name: (none)
  Release Data: Off
  Data Released: False
  Global Release Data: Off
  PipelineMTime: 0
  UpdateMTime: 1590
  RealTimeStamp: 0 seconds 
  LargestPossibleRegion: 
    Dimension: 3
    Index: [0, 0, 0]
    Size: [160, 240, 256]
  BufferedRegion: 
    Dimension: 3
    Index: [0, 0, 0]
    Size: [160, 240, 256]
  RequestedRegion: 
    Dimension: 3
    Index: [0, 0, 0]
    Size: [160, 240, 256]
  Spacing: [1, 1, 1]
  Origin: [91.5134, 94.282, -109.927]
  Direction: 
-0.99591 -0.0698718 -0.0572835
0.0697565 -0.997556 0.00401236
-0.0574239 5.01125e-08 0.99835

  IndexToPointMatrix: 
-0.99591 -0.0698718 -0.0572835
0.0697565 -0.997556 0.00401236
-0.0574239 5.01125e-08 0.99835

  PointToIndexMatrix: 
-0.99591 0.0697565 -0.0574239
-0.0698718 -0.997556 3.57628e-07
-0.0572835 0.00401223 0.99835

  Inverse Direction: 
-0.99591 0.0697565 -0.0574239
-0.0698718 -0.997556 3.57628e-07
-0.0572835 0.00401223 0.99835

  PixelContainer: 
    ImportImageContainer (0x4c831d0)
      RTTI typeinfo:   itk::ImportImageContainer<unsigned long, double>
      Reference Count: 1
      Modified Time: 1587
      Debug: Off
      Object Name: 
      Observers: 
        none
      Pointer: 0x152e4ade8010
      Container manages memory: true
      Size: 9830400
      Capacity: 9830400

     Weighting = 1
     Sampling strategy = regular
     Number of bins = 32
     Radius = 4
     Sampling percentage  = 0.25
   Transform = Affine
     Gradient step = 0.1
     Update field sigma (voxel space) = 0
     Total field sigma (voxel space) = 0
     Update field time sigma = 0
     Total field time sigma  = 0
     Number of time indices = 0
     Number of time point samples = 0
Registration using 1 total stages.

Stage 0
  iterations = 1000x500x250x100
  convergence threshold = 1e-06
  convergence window size = 10
  number of levels = 4
  using the Mattes MI metric (number of bins = 32, weight = 1, use gradient filter = 0)
  preprocessing:  winsorizing the image intensities
  Shrink factors (level 1 out of 4): [8, 8, 8]
  Shrink factors (level 2 out of 4): [4, 4, 4]
  Shrink factors (level 3 out of 4): [2, 2, 2]
  Shrink factors (level 4 out of 4): [1, 1, 1]
  smoothing sigmas per level: [3, 2, 1, 0]
  regular sampling (percentage = 0.25)

*** Running AffineTransform registration ***

DIAGNOSTIC,Iteration,metricValue,convergenceValue,ITERATION_TIME_INDEX,SINCE_LAST
 2DIAGNOSTIC,     1, -6.376944263023e-01, 1.797693134862e+308, 0.0000e+00, 0.0000e+00, 
 2DIAGNOSTIC,     2, -6.403120660374e-01, 1.797693134862e+308, 0.0000e+00, 0.0000e+00, 
 2DIAGNOSTIC,     3, -6.449646420767e-01, 1.797693134862e+308, 0.0000e+00, 0.0000e+00, 
 2DIAGNOSTIC,     4, -6.518423959704e-01, 1.797693134862e+308, 0.0000e+00, 0.0000e+00, 
 2DIAGNOSTIC,     5, -6.626864122207e-01, 1.797693134862e+308, 0.0000e+00, 0.0000e+00, 
 2DIAGNOSTIC,     6, -6.826945350969e-01, 1.797693134862e+308, 0.0000e+00, 0.0000e+00, 
 2DIAGNOSTIC,     7, -7.273435196751e-01, 1.797693134862e+308, 0.0000e+00, 0.0000e+00, 
 2DIAGNOSTIC,     8, -7.654743405687e-01, 1.797693134862e+308, 0.0000e+00, 0.0000e+00, 
 2DIAGNOSTIC,     9, -7.840767522379e-01, 1.797693134862e+308, 0.0000e+00, 0.0000e+00, 
 2DIAGNOSTIC,    10, -8.326782658445e-01, 1.794339514330e-02, 0.0000e+00, 0.0000e+00, 
 2DIAGNOSTIC,    11, -8.913053240682e-01, 2.021001409786e-02, 0.0000e+00, 0.0000e+00, 
 2DIAGNOSTIC,    12, -8.997805830517e-01, 2.052684639525e-02, 0.0000e+00, 0.0000e+00, 
 2DIAGNOSTIC,    13, -9.047053363875e-01, 1.925213469740e-02, 0.0000e+00, 0.0000e+00, 
 2DIAGNOSTIC,    14, -9.071983610999e-01, 1.674337993802e-02, 0.0000e+00, 0.0000e+00, 
 2DIAGNOSTIC,    15, -9.077758632965e-01, 1.339113036785e-02, 0.0000e+00, 0.0000e+00, 
 2DIAGNOSTIC,    16, -9.074518650814e-01, 9.726208039889e-03, 0.0000e+00, 0.0000e+00, 
 2DIAGNOSTIC,    17, -9.076755415229e-01, 6.619057840546e-03, 0.0000e+00, 0.0000e+00, 
 2DIAGNOSTIC,    18, -9.076346129255e-01, 4.077917283197e-03, 0.0000e+00, 0.0000e+00, 
 2DIAGNOSTIC,    19, -9.076141887782e-01, 1.802636832749e-03, 0.0000e+00, 0.0000e+00, 
 2DIAGNOSTIC,    20, -9.071625756816e-01, 4.424182435848e-04, 0.0000e+00, 0.0000e+00, 
 2DIAGNOSTIC,    21, -9.069210988784e-01, 1.615029600698e-04, 0.0000e+00, 0.0000e+00, 
 2DIAGNOSTIC,    22, -9.068137319943e-01, 2.551391736993e-05, 0.0000e+00, 0.0000e+00, 
DIAGNOSTIC,Iteration,metricValue,convergenceValue,ITERATION_TIME_INDEX,SINCE_LAST
 2DIAGNOSTIC,     1, -7.440142409575e-01, 1.797693134862e+308, 0.0000e+00, 0.0000e+00, 
 2DIAGNOSTIC,     2, -7.449952387251e-01, 1.797693134862e+308, 0.0000e+00, 0.0000e+00, 
 2DIAGNOSTIC,     3, -7.460111434092e-01, 1.797693134862e+308, 0.0000e+00, 0.0000e+00, 
 2DIAGNOSTIC,     4, -7.468582969985e-01, 1.797693134862e+308, 0.0000e+00, 0.0000e+00, 
 2DIAGNOSTIC,     5, -7.475126980219e-01, 1.797693134862e+308, 0.0000e+00, 0.0000e+00, 
 2DIAGNOSTIC,     6, -7.480901948213e-01, 1.797693134862e+308, 0.0000e+00, 0.0000e+00, 
 2DIAGNOSTIC,     7, -7.485070433962e-01, 1.797693134862e+308, 0.0000e+00, 0.0000e+00, 
 2DIAGNOSTIC,     8, -7.484913453296e-01, 1.797693134862e+308, 0.0000e+00, 0.0000e+00, 
 2DIAGNOSTIC,     9, -7.485198026378e-01, 1.797693134862e+308, 0.0000e+00, 0.0000e+00, 
 2DIAGNOSTIC,    10, -7.485246573033e-01, 3.910324694071e-04, 0.0000e+00, 0.0000e+00, 
 2DIAGNOSTIC,    11, -7.486862343342e-01, 2.649425158225e-04, 0.0000e+00, 0.0000e+00, 
 2DIAGNOSTIC,    12, -7.486482798048e-01, 1.656148297492e-04, 0.0000e+00, 0.0000e+00, 
 2DIAGNOSTIC,    13, -7.486419552047e-01, 9.625310297065e-05, 0.0000e+00, 0.0000e+00, 
 2DIAGNOSTIC,    14, -7.486501155830e-01, 5.143787986517e-05, 0.0000e+00, 0.0000e+00, 
 2DIAGNOSTIC,    15, -7.486481695752e-01, 2.431064313699e-05, 0.0000e+00, 0.0000e+00, 
 2DIAGNOSTIC,    16, -7.485980107245e-01, 1.073414252596e-05, 0.0000e+00, 0.0000e+00, 
 2DIAGNOSTIC,    17, -7.486010930187e-01, 7.395949453384e-06, 0.0000e+00, 0.0000e+00, 
 2DIAGNOSTIC,    18, -7.485893085113e-01, 3.367840469205e-06, 0.0000e+00, 0.0000e+00, 
DIAGNOSTIC,Iteration,metricValue,convergenceValue,ITERATION_TIME_INDEX,SINCE_LAST
 2DIAGNOSTIC,     1, -6.325603974941e-01, 1.797693134862e+308, 0.0000e+00, 0.0000e+00, 
 2DIAGNOSTIC,     2, -6.331652204401e-01, 1.797693134862e+308, 0.0000e+00, 0.0000e+00, 
 2DIAGNOSTIC,     3, -6.338637079498e-01, 1.797693134862e+308, 0.0000e+00, 0.0000e+00, 
 2DIAGNOSTIC,     4, -6.347438721376e-01, 1.797693134862e+308, 0.0000e+00, 0.0000e+00, 
 2DIAGNOSTIC,     5, -6.376175493345e-01, 1.797693134862e+308, 0.0000e+00, 0.0000e+00, 
 2DIAGNOSTIC,     6, -6.376175337151e-01, 1.797693134862e+308, 0.0000e+00, 0.0000e+00, 
 2DIAGNOSTIC,     7, -6.376203581945e-01, 1.797693134862e+308, 0.0000e+00, 0.0000e+00, 
 2DIAGNOSTIC,     8, -6.376194073493e-01, 1.797693134862e+308, 0.0000e+00, 0.0000e+00, 
 2DIAGNOSTIC,     9, -6.376188072019e-01, 1.797693134862e+308, 0.0000e+00, 0.0000e+00, 
 2DIAGNOSTIC,    10, -6.376178685265e-01, 5.808912162672e-04, 0.0000e+00, 0.0000e+00, 
 2DIAGNOSTIC,    11, -6.376174123190e-01, 3.989755041586e-04, 0.0000e+00, 0.0000e+00, 
 2DIAGNOSTIC,    12, -6.376188937920e-01, 2.358972562425e-04, 0.0000e+00, 0.0000e+00, 
 2DIAGNOSTIC,    13, -6.376155703628e-01, 1.011043862450e-04, 0.0000e+00, 0.0000e+00, 
 2DIAGNOSTIC,    14, -6.376158430994e-01, 2.102540825527e-06, 0.0000e+00, 0.0000e+00, 
 2DIAGNOSTIC,    15, -6.376171285203e-01, 1.916200500662e-06, 0.0000e+00, 0.0000e+00, 
 2DIAGNOSTIC,    16, -6.376165763479e-01, 1.751526483962e-06, 0.0000e+00, 0.0000e+00, 
 2DIAGNOSTIC,    17, -6.376156288088e-01, 1.678621409658e-06, 0.0000e+00, 0.0000e+00, 
 2DIAGNOSTIC,    18, -6.376107813268e-01, 1.490522357220e-06, 0.0000e+00, 0.0000e+00, 
 2DIAGNOSTIC,    19, -6.376121564056e-01, 1.370445948633e-06, 0.0000e+00, 0.0000e+00, 
 2DIAGNOSTIC,    20, -6.376146106858e-01, 1.321333790334e-06, 0.0000e+00, 0.0000e+00, 
 2DIAGNOSTIC,    21, -6.376153578966e-01, 1.304226752888e-06, 0.0000e+00, 0.0000e+00, 
 2DIAGNOSTIC,    22, -6.376117723464e-01, 1.269787713601e-06, 0.0000e+00, 0.0000e+00, 
 2DIAGNOSTIC,    23, -6.376085685649e-01, 1.132984412081e-06, 0.0000e+00, 0.0000e+00, 
 2DIAGNOSTIC,    24, -6.376126391152e-01, 1.111850684687e-06, 0.0000e+00, 0.0000e+00, 
 2DIAGNOSTIC,    25, -6.376128763325e-01, 1.133902177333e-06, 0.0000e+00, 0.0000e+00, 
 2DIAGNOSTIC,    26, -6.376072392732e-01, 1.060880431350e-06, 0.0000e+00, 0.0000e+00, 
DIAGNOSTIC,Iteration,metricValue,convergenceValue,ITERATION_TIME_INDEX,SINCE_LAST
 2DIAGNOSTIC,     1, -5.635471415479e-01, 1.797693134862e+308, 0.0000e+00, 0.0000e+00, 
 2DIAGNOSTIC,     2, -5.636443145736e-01, 1.797693134862e+308, 0.0000e+00, 0.0000e+00, 
 2DIAGNOSTIC,     3, -5.636464723124e-01, 1.797693134862e+308, 0.0000e+00, 0.0000e+00, 
 2DIAGNOSTIC,     4, -5.636473421188e-01, 1.797693134862e+308, 0.0000e+00, 0.0000e+00, 
 2DIAGNOSTIC,     5, -5.636489136300e-01, 1.797693134862e+308, 0.0000e+00, 0.0000e+00, 
 2DIAGNOSTIC,     6, -5.636551628528e-01, 1.797693134862e+308, 0.0000e+00, 0.0000e+00, 
 2DIAGNOSTIC,     7, -5.636616623863e-01, 1.797693134862e+308, 0.0000e+00, 0.0000e+00, 
 2DIAGNOSTIC,     8, -5.636617524919e-01, 1.797693134862e+308, 0.0000e+00, 0.0000e+00, 
 2DIAGNOSTIC,     9, -5.636656328564e-01, 1.797693134862e+308, 0.0000e+00, 0.0000e+00, 
 2DIAGNOSTIC,    10, -5.636853582037e-01, 1.202353612603e-05, 0.0000e+00, 0.0000e+00, 
 2DIAGNOSTIC,    11, -5.636850935645e-01, 7.234554147306e-06, 0.0000e+00, 0.0000e+00, 
 2DIAGNOSTIC,    12, -5.636863307099e-01, 6.996110473070e-06, 0.0000e+00, 0.0000e+00, 
 2DIAGNOSTIC,    13, -5.636881209656e-01, 6.568573967150e-06, 0.0000e+00, 0.0000e+00, 
 2DIAGNOSTIC,    14, -5.636916412727e-01, 5.984553194768e-06, 0.0000e+00, 0.0000e+00, 
 2DIAGNOSTIC,    15, -5.636973090866e-01, 5.366133413814e-06, 0.0000e+00, 0.0000e+00, 
 2DIAGNOSTIC,    16, -5.637076293006e-01, 5.040765810455e-06, 0.0000e+00, 0.0000e+00, 
 2DIAGNOSTIC,    17, -5.637246241991e-01, 5.174740098750e-06, 0.0000e+00, 0.0000e+00, 
 2DIAGNOSTIC,    18, -5.637528853309e-01, 5.777525805162e-06, 0.0000e+00, 0.0000e+00, 
 2DIAGNOSTIC,    19, -5.637891893241e-01, 6.983338455363e-06, 0.0000e+00, 0.0000e+00, 
 2DIAGNOSTIC,    20, -5.639093550638e-01, 1.108881189989e-05, 0.0000e+00, 0.0000e+00, 
 2DIAGNOSTIC,    21, -5.639085497038e-01, 1.382672659089e-05, 0.0000e+00, 0.0000e+00, 
 2DIAGNOSTIC,    22, -5.639083721880e-01, 1.522988786925e-05, 0.0000e+00, 0.0000e+00, 
 2DIAGNOSTIC,    23, -5.639079379021e-01, 1.528224868255e-05, 0.0000e+00, 0.0000e+00, 
 2DIAGNOSTIC,    24, -5.639079653490e-01, 1.408244577326e-05, 0.0000e+00, 0.0000e+00, 
 2DIAGNOSTIC,    25, -5.639077459505e-01, 1.185454693650e-05, 0.0000e+00, 0.0000e+00, 
 2DIAGNOSTIC,    26, -5.639077635643e-01, 9.003588843197e-06, 0.0000e+00, 0.0000e+00, 
 2DIAGNOSTIC,    27, -5.639077834787e-01, 5.978662953127e-06, 0.0000e+00, 0.0000e+00, 
 2DIAGNOSTIC,    28, -5.639075404682e-01, 3.228889180799e-06, 5.1200e+02, 5.1200e+02, 
 2DIAGNOSTIC,    29, -5.639074401552e-01, 1.040718985254e-06, 5.1200e+02, 0.0000e+00, 
 2DIAGNOSTIC,    30, -5.639074623003e-01, 1.023914832754e-06, 5.1200e+02, 0.0000e+00, 
  Elapsed time (stage 0): 5.1200e+02


Total elapsed time: 5.1200e+02
Info [verificarlo]: loaded backend libinterflop_vprec.so
Info [interflop-vprec]: load backend with: 
Info [interflop-vprec]: precision-binary32 = 21
Info [interflop-vprec]: range-binary32 = 7
Info [interflop-vprec]: precision-binary64 = 21
Info [interflop-vprec]: range-binary64 = 7
Info [interflop-vprec]: mode = ob
Info [interflop-vprec]: error-mode = rel
Info [interflop-vprec]: max-abs-error-exponent = -1022
Info [interflop-vprec]: daz = false
Info [interflop-vprec]: ftz = false
Info [interflop-vprec]: 	instrument = none
Info [interflop-vprec]: 	prec-input-file = (null)
Info [interflop-vprec]: 	prec-output-file = (null)
Info [interflop-vprec]: 	prec-log-file = (null)
All_Command_lines_OK
Using double precision for computations.
=============================================================================
The composite transform comprises the following transforms (in order): 
  1. /home/mdugre/scratch/mri-registration-rp/datasets/ds004513/derivatives/mri-registration-rp/0011/antsRegistration-r7-p21/sub-s033/affine_Composite.h5[0] (type = Euler3DTransform)
  2. /home/mdugre/scratch/mri-registration-rp/datasets/ds004513/derivatives/mri-registration-rp/0011/antsRegistration-r7-p21/sub-s033/affine_Composite.h5[1] (type = Euler3DTransform)
  3. /home/mdugre/scratch/mri-registration-rp/datasets/ds004513/derivatives/mri-registration-rp/0011/antsRegistration-r7-p21/sub-s033/affine_Composite.h5[2] (type = Euler3DTransform)
