
##########################
# Experiment information #
##########################

EXPERIMENT_NAME: antsRegistration-r7-p21
VFC_BACKENDS: libinterflop_vprec.so --range-binary32=7 --precision-binary32=21 --range-binary64=7 --precision-binary64=21

SIF_IMG: /home/mdugre/projects/rrg-glatard/mdugre/containers/ants-vprec-no_metrics.simg

SUBJECT_ID: s020
INPUT_IMG: /home/mdugre/scratch/mri-registration-rp/datasets/ds004513/derivatives/mri-registration-rp/antsBrainExtraction/sub-s020/BrainExtractionBrain.nii.gz
OUTPUT_DIR: /home/mdugre/scratch/mri-registration-rp/datasets/ds004513/derivatives/mri-registration-rp/0011/antsRegistration-r7-p21/sub-s020

FIXED_IMG: /templateflow/tpl-MNI152NLin2009cAsym/tpl-MNI152NLin2009cAsym_res-01_desc-brain_T1w.nii.gz
DATA_DIR: /home/mdugre/scratch/mri-registration-rp/datasets/ds004513
TEMPLATEFLOW_DIR: /home/mdugre/projects/rrg-glatard/mdugre/templateflow
ITK_GLOBAL_DEFAULT_NUMBER_OF_THREADS: 16
##########################

Info [verificarlo]: loaded backend libinterflop_ieee.so
Info [interflop-ieee]: load backend with:
Info [interflop-ieee]: debug = false
Info [interflop-ieee]: debug-binary = false
Info [interflop-ieee]: no-backend-name = false
Info [interflop-ieee]: print-new-line = false
Info [interflop-ieee]: print-subnormal-normalized = false
Info [interflop-ieee]: count-op = false
All_Command_lines_OK
Using double precision for computations.
=============================================================================
The composite transform comprises the following transforms (in order): 
  1. Center of mass alignment using fixed image: /templateflow/tpl-MNI152NLin2009cAsym/tpl-MNI152NLin2009cAsym_res-01_desc-brain_T1w.nii.gz and moving image: /home/mdugre/scratch/mri-registration-rp/datasets/ds004513/derivatives/mri-registration-rp/antsBrainExtraction/sub-s020/BrainExtractionBrain.nii.gz (type = Euler3DTransform)
=============================================================================
  number of levels = 1
  fixed image: /templateflow/tpl-MNI152NLin2009cAsym/tpl-MNI152NLin2009cAsym_res-01_desc-brain_T1w.nii.gz
  moving image: /home/mdugre/scratch/mri-registration-rp/datasets/ds004513/derivatives/mri-registration-rp/antsBrainExtraction/sub-s020/BrainExtractionBrain.nii.gz
Dimension = 3
Number of stages = 1
Use histogram matching = false
Winsorize image intensities = true
  Lower quantile = 0.005
  Upper quantile = 0.995


Stage 1 State
   Image metric = MattesMI
     Fixed image = Image (0x3be6e70)
  RTTI typeinfo:   itk::Image<double, 3u>
  Reference Count: 2
  Modified Time: 2334
  Debug: Off
  Object Name: 
  Observers: 
    none
  Source: (none)
  Source output name: (none)
  Release Data: Off
  Data Released: False
  Global Release Data: Off
  PipelineMTime: 0
  UpdateMTime: 1943
  RealTimeStamp: 0 seconds 
  LargestPossibleRegion: 
    Dimension: 3
    Index: [0, 0, 0]
    Size: [193, 229, 193]
  BufferedRegion: 
    Dimension: 3
    Index: [0, 0, 0]
    Size: [193, 229, 193]
  RequestedRegion: 
    Dimension: 3
    Index: [0, 0, 0]
    Size: [193, 229, 193]
  Spacing: [1, 1, 1]
  Origin: [96, 132, -78]
  Direction: 
-1 0 0
0 -1 0
0 0 1

  IndexToPointMatrix: 
-1 0 0
0 -1 0
0 0 1

  PointToIndexMatrix: 
-1 0 0
0 -1 0
0 0 1

  Inverse Direction: 
-1 0 0
0 -1 0
0 0 1

  PixelContainer: 
    ImportImageContainer (0x3befc60)
      RTTI typeinfo:   itk::ImportImageContainer<unsigned long, double>
      Reference Count: 1
      Modified Time: 1940
      Debug: Off
      Object Name: 
      Observers: 
        none
      Pointer: 0x14742b007010
      Container manages memory: true
      Size: 8530021
      Capacity: 8530021

     Moving image = Image (0x3bf2610)
  RTTI typeinfo:   itk::Image<double, 3u>
  Reference Count: 2
  Modified Time: 2335
  Debug: Off
  Object Name: 
  Observers: 
    none
  Source: (none)
  Source output name: (none)
  Release Data: Off
  Data Released: False
  Global Release Data: Off
  PipelineMTime: 0
  UpdateMTime: 2332
  RealTimeStamp: 0 seconds 
  LargestPossibleRegion: 
    Dimension: 3
    Index: [0, 0, 0]
    Size: [160, 240, 256]
  BufferedRegion: 
    Dimension: 3
    Index: [0, 0, 0]
    Size: [160, 240, 256]
  RequestedRegion: 
    Dimension: 3
    Index: [0, 0, 0]
    Size: [160, 240, 256]
  Spacing: [0.999995, 1, 1]
  Origin: [87.0906, 98.7205, -152.377]
  Direction: 
-0.996975 0.0261379 -0.0731913
-0.0260677 -0.999658 -0.00191374
-0.0732163 -2.46403e-08 0.997316

  IndexToPointMatrix: 
-0.996971 0.0261379 -0.0731913
-0.0260676 -0.999658 -0.00191374
-0.0732159 -2.46403e-08 0.997316

  PointToIndexMatrix: 
-0.99698 -0.0260679 -0.0732166
0.0261379 -0.999658 -2.46993e-08
-0.0731913 -0.00191374 0.997316

  Inverse Direction: 
-0.996975 -0.0260677 -0.0732163
0.0261379 -0.999658 -2.46993e-08
-0.0731913 -0.00191374 0.997316

  PixelContainer: 
    ImportImageContainer (0x3c8bef0)
      RTTI typeinfo:   itk::ImportImageContainer<unsigned long, double>
      Reference Count: 1
      Modified Time: 2329
      Debug: Off
      Object Name: 
      Observers: 
        none
      Pointer: 0x147426506010
      Container manages memory: true
      Size: 9830400
      Capacity: 9830400

     Weighting = 1
     Sampling strategy = regular
     Number of bins = 32
     Radius = 4
     Sampling percentage  = 0.25
   Transform = Rigid
     Gradient step = 0.1
     Update field sigma (voxel space) = 0
     Total field sigma (voxel space) = 0
     Update field time sigma = 0
     Total field time sigma  = 0
     Number of time indices = 0
     Number of time point samples = 0
Registration using 1 total stages.

Stage 0
  iterations = 0
  convergence threshold = 1e-06
  convergence window size = 10
  number of levels = 1
  using the Mattes MI metric (number of bins = 32, weight = 1, use gradient filter = 0)
  preprocessing:  winsorizing the image intensities
  Shrink factors (level 1 out of 1): [1, 1, 1]
  smoothing sigmas per level: [0]
  regular sampling (percentage = 0.25)

*** Running Euler3DTransform registration ***

  Elapsed time (stage 0): 1.08973


Total elapsed time: 1.09184
Info [verificarlo]: loaded backend libinterflop_ieee.so
Info [interflop-ieee]: load backend with:
Info [interflop-ieee]: debug = false
Info [interflop-ieee]: debug-binary = false
Info [interflop-ieee]: no-backend-name = false
Info [interflop-ieee]: print-new-line = false
Info [interflop-ieee]: print-subnormal-normalized = false
Info [interflop-ieee]: count-op = false
All_Command_lines_OK
Using double precision for computations.
=============================================================================
The composite transform comprises the following transforms (in order): 
  1. /home/mdugre/scratch/mri-registration-rp/datasets/ds004513/derivatives/mri-registration-rp/0011/antsRegistration-r7-p21/sub-s020/align_Composite.h5[0] (type = Euler3DTransform)
  2. /home/mdugre/scratch/mri-registration-rp/datasets/ds004513/derivatives/mri-registration-rp/0011/antsRegistration-r7-p21/sub-s020/align_Composite.h5[1] (type = Euler3DTransform)
=============================================================================
  number of levels = 4
  fixed image: /templateflow/tpl-MNI152NLin2009cAsym/tpl-MNI152NLin2009cAsym_res-01_desc-brain_T1w.nii.gz
  moving image: /home/mdugre/scratch/mri-registration-rp/datasets/ds004513/derivatives/mri-registration-rp/antsBrainExtraction/sub-s020/BrainExtractionBrain.nii.gz
Dimension = 3
Number of stages = 1
Use histogram matching = false
Winsorize image intensities = true
  Lower quantile = 0.005
  Upper quantile = 0.995


Stage 1 State
   Image metric = MattesMI
     Fixed image = Image (0x434d530)
  RTTI typeinfo:   itk::Image<double, 3u>
  Reference Count: 2
  Modified Time: 1580
  Debug: Off
  Object Name: 
  Observers: 
    none
  Source: (none)
  Source output name: (none)
  Release Data: Off
  Data Released: False
  Global Release Data: Off
  PipelineMTime: 0
  UpdateMTime: 1189
  RealTimeStamp: 0 seconds 
  LargestPossibleRegion: 
    Dimension: 3
    Index: [0, 0, 0]
    Size: [193, 229, 193]
  BufferedRegion: 
    Dimension: 3
    Index: [0, 0, 0]
    Size: [193, 229, 193]
  RequestedRegion: 
    Dimension: 3
    Index: [0, 0, 0]
    Size: [193, 229, 193]
  Spacing: [1, 1, 1]
  Origin: [96, 132, -78]
  Direction: 
-1 0 0
0 -1 0
0 0 1

  IndexToPointMatrix: 
-1 0 0
0 -1 0
0 0 1

  PointToIndexMatrix: 
-1 0 0
0 -1 0
0 0 1

  Inverse Direction: 
-1 0 0
0 -1 0
0 0 1

  PixelContainer: 
    ImportImageContainer (0x440bd60)
      RTTI typeinfo:   itk::ImportImageContainer<unsigned long, double>
      Reference Count: 1
      Modified Time: 1186
      Debug: Off
      Object Name: 
      Observers: 
        none
      Pointer: 0x14aad6ffb010
      Container manages memory: true
      Size: 8530021
      Capacity: 8530021

     Moving image = Image (0x43fdf60)
  RTTI typeinfo:   itk::Image<double, 3u>
  Reference Count: 2
  Modified Time: 1581
  Debug: Off
  Object Name: 
  Observers: 
    none
  Source: (none)
  Source output name: (none)
  Release Data: Off
  Data Released: False
  Global Release Data: Off
  PipelineMTime: 0
  UpdateMTime: 1578
  RealTimeStamp: 0 seconds 
  LargestPossibleRegion: 
    Dimension: 3
    Index: [0, 0, 0]
    Size: [160, 240, 256]
  BufferedRegion: 
    Dimension: 3
    Index: [0, 0, 0]
    Size: [160, 240, 256]
  RequestedRegion: 
    Dimension: 3
    Index: [0, 0, 0]
    Size: [160, 240, 256]
  Spacing: [0.999995, 1, 1]
  Origin: [87.0906, 98.7205, -152.377]
  Direction: 
-0.996975 0.0261379 -0.0731913
-0.0260677 -0.999658 -0.00191374
-0.0732163 -2.46403e-08 0.997316

  IndexToPointMatrix: 
-0.996971 0.0261379 -0.0731913
-0.0260676 -0.999658 -0.00191374
-0.0732159 -2.46403e-08 0.997316

  PointToIndexMatrix: 
-0.99698 -0.0260679 -0.0732166
0.0261379 -0.999658 -2.46993e-08
-0.0731913 -0.00191374 0.997316

  Inverse Direction: 
-0.996975 -0.0260677 -0.0732163
0.0261379 -0.999658 -2.46993e-08
-0.0731913 -0.00191374 0.997316

  PixelContainer: 
    ImportImageContainer (0x43ef6d0)
      RTTI typeinfo:   itk::ImportImageContainer<unsigned long, double>
      Reference Count: 1
      Modified Time: 1575
      Debug: Off
      Object Name: 
      Observers: 
        none
      Pointer: 0x14aad24fa010
      Container manages memory: true
      Size: 9830400
      Capacity: 9830400

     Weighting = 1
     Sampling strategy = regular
     Number of bins = 32
     Radius = 4
     Sampling percentage  = 0.25
   Transform = Rigid
     Gradient step = 0.1
     Update field sigma (voxel space) = 0
     Total field sigma (voxel space) = 0
     Update field time sigma = 0
     Total field time sigma  = 0
     Number of time indices = 0
     Number of time point samples = 0
Registration using 1 total stages.

Stage 0
  iterations = 1000x500x250x100
  convergence threshold = 1e-06
  convergence window size = 10
  number of levels = 4
  using the Mattes MI metric (number of bins = 32, weight = 1, use gradient filter = 0)
  preprocessing:  winsorizing the image intensities
  Shrink factors (level 1 out of 4): [8, 8, 8]
  Shrink factors (level 2 out of 4): [4, 4, 4]
  Shrink factors (level 3 out of 4): [2, 2, 2]
  Shrink factors (level 4 out of 4): [1, 1, 1]
  smoothing sigmas per level: [3, 2, 1, 0]
  regular sampling (percentage = 0.25)

*** Running Euler3DTransform registration ***

DIAGNOSTIC,Iteration,metricValue,convergenceValue,ITERATION_TIME_INDEX,SINCE_LAST
 2DIAGNOSTIC,     1, -3.791273390751e-01, 1.797693134862e+308, 8.0378e-01, 8.0378e-01, 
 2DIAGNOSTIC,     2, -3.803606001643e-01, 1.797693134862e+308, 8.0938e-01, 5.6019e-03, 
 2DIAGNOSTIC,     3, -3.828962034719e-01, 1.797693134862e+308, 8.1489e-01, 5.5130e-03, 
 2DIAGNOSTIC,     4, -3.876122532015e-01, 1.797693134862e+308, 8.1974e-01, 4.8521e-03, 
 2DIAGNOSTIC,     5, -3.904935334081e-01, 1.797693134862e+308, 8.2568e-01, 5.9381e-03, 
 2DIAGNOSTIC,     6, -3.911039700181e-01, 1.797693134862e+308, 8.3109e-01, 5.4080e-03, 
 2DIAGNOSTIC,     7, -3.914905453856e-01, 1.797693134862e+308, 8.3594e-01, 4.8549e-03, 
 2DIAGNOSTIC,     8, -3.925629083064e-01, 1.797693134862e+308, 8.4050e-01, 4.5600e-03, 
 2DIAGNOSTIC,     9, -3.981570789235e-01, 1.797693134862e+308, 8.4510e-01, 4.5931e-03, 
 2DIAGNOSTIC,    10, -4.079218556696e-01, 3.866687266231e-03, 8.5140e-01, 6.2971e-03, 
 2DIAGNOSTIC,    11, -4.246779602407e-01, 4.904320352958e-03, 8.5676e-01, 5.3689e-03, 
 2DIAGNOSTIC,    12, -4.297045200929e-01, 5.673254149498e-03, 8.6147e-01, 4.7109e-03, 
 2DIAGNOSTIC,    13, -4.335692915521e-01, 6.156954111709e-03, 8.6693e-01, 5.4531e-03, 
 2DIAGNOSTIC,    14, -4.439932007367e-01, 6.764094567460e-03, 8.7169e-01, 4.7619e-03, 
 2DIAGNOSTIC,    15, -4.466217674939e-01, 6.904768052960e-03, 8.7716e-01, 5.4710e-03, 
 2DIAGNOSTIC,    16, -4.513528166459e-01, 6.619270362814e-03, 8.8274e-01, 5.5780e-03, 
 2DIAGNOSTIC,    17, -4.528510991870e-01, 5.844785604469e-03, 8.8848e-01, 5.7399e-03, 
 2DIAGNOSTIC,    18, -4.555717392001e-01, 4.777374774573e-03, 8.9560e-01, 7.1211e-03, 
 2DIAGNOSTIC,    19, -4.559551094112e-01, 3.601534507953e-03, 9.0034e-01, 4.7441e-03, 
 2DIAGNOSTIC,    20, -4.573567005065e-01, 2.586718296844e-03, 9.0719e-01, 6.8421e-03, 
 2DIAGNOSTIC,    21, -4.575250963163e-01, 1.982982625713e-03, 9.1167e-01, 4.4849e-03, 
 2DIAGNOSTIC,    22, -4.577284805879e-01, 1.415653163630e-03, 9.1667e-01, 4.9992e-03, 
 2DIAGNOSTIC,    23, -4.579446062762e-01, 8.825929166630e-04, 9.2107e-01, 4.4000e-03, 
 2DIAGNOSTIC,    24, -4.580221500950e-01, 6.077405657509e-04, 9.2556e-01, 4.4918e-03, 
 2DIAGNOSTIC,    25, -4.581755142801e-01, 3.715334535205e-04, 9.3005e-01, 4.4899e-03, 
 2DIAGNOSTIC,    26, -4.586245153326e-01, 2.523964020327e-04, 9.3453e-01, 4.4732e-03, 
 2DIAGNOSTIC,    27, -4.589282757139e-01, 1.618250675315e-04, 9.4133e-01, 6.8069e-03, 
 2DIAGNOSTIC,    28, -4.591708097847e-01, 1.332044566925e-04, 9.4587e-01, 4.5381e-03, 
 2DIAGNOSTIC,    29, -4.592798661614e-01, 1.047057185840e-04, 9.5039e-01, 4.5211e-03, 
 2DIAGNOSTIC,    30, -4.596800907777e-01, 1.080684880136e-04, 9.5696e-01, 6.5730e-03, 
 2DIAGNOSTIC,    31, -4.599397063883e-01, 1.098062021531e-04, 9.6139e-01, 4.4219e-03, 
 2DIAGNOSTIC,    32, -4.599346311560e-01, 1.049825157441e-04, 9.6580e-01, 4.4110e-03, 
 2DIAGNOSTIC,    33, -4.600732378941e-01, 9.789014871417e-05, 9.7025e-01, 4.4560e-03, 
 2DIAGNOSTIC,    34, -4.601769856580e-01, 8.558182232033e-05, 9.7521e-01, 4.9591e-03, 
 2DIAGNOSTIC,    35, -4.602315000338e-01, 6.959353983903e-05, 9.8126e-01, 6.0441e-03, 
 2DIAGNOSTIC,    36, -4.602525625383e-01, 5.639248321957e-05, 9.8566e-01, 4.4041e-03, 
 2DIAGNOSTIC,    37, -4.604049900775e-01, 4.671742408928e-05, 9.9010e-01, 4.4420e-03, 
 2DIAGNOSTIC,    38, -4.610428136575e-01, 4.827396257836e-05, 9.9508e-01, 4.9770e-03, 
 2DIAGNOSTIC,    39, -4.612214771512e-01, 4.957376491647e-05, 9.9953e-01, 4.4482e-03, 
 2DIAGNOSTIC,    40, -4.612059136507e-01, 5.237170139814e-05, 1.0051e+00, 5.5761e-03, 
 2DIAGNOSTIC,    41, -4.615206362965e-01, 5.942218618982e-05, 1.0095e+00, 4.4110e-03, 
 2DIAGNOSTIC,    42, -4.616693272006e-01, 6.253803399883e-05, 1.0145e+00, 5.0290e-03, 
 2DIAGNOSTIC,    43, -4.620003478536e-01, 6.643947738679e-05, 1.0196e+00, 5.0440e-03, 
 2DIAGNOSTIC,    44, -4.631414456748e-01, 8.202737150234e-05, 1.0252e+00, 5.5859e-03, 
 2DIAGNOSTIC,    45, -4.648610590903e-01, 1.142777172872e-04, 1.0295e+00, 4.3089e-03, 
 2DIAGNOSTIC,    46, -4.649702383345e-01, 1.356077338838e-04, 1.0338e+00, 4.3230e-03, 
 2DIAGNOSTIC,    47, -4.651892085454e-01, 1.483647669274e-04, 1.0383e+00, 4.5340e-03, 
 2DIAGNOSTIC,    48, -4.675213803468e-01, 1.863013032780e-04, 1.0447e+00, 6.3281e-03, 
 2DIAGNOSTIC,    49, -4.681439970084e-01, 2.142379633403e-04, 1.0492e+00, 4.5350e-03, 
 2DIAGNOSTIC,    50, -4.682735918628e-01, 2.217291279241e-04, 1.0543e+00, 5.1000e-03, 
 2DIAGNOSTIC,    51, -4.687530444405e-01, 2.183310786312e-04, 1.0593e+00, 5.0001e-03, 
 2DIAGNOSTIC,    52, -4.691201347254e-01, 2.007595012171e-04, 1.0640e+00, 4.7181e-03, 
 2DIAGNOSTIC,    53, -4.706443704862e-01, 1.863674590910e-04, 1.0688e+00, 4.8280e-03, 
 2DIAGNOSTIC,    54, -4.721033487217e-01, 1.842873575971e-04, 1.0750e+00, 6.1848e-03, 
 2DIAGNOSTIC,    55, -4.727305720913e-01, 1.919992326581e-04, 1.0795e+00, 4.4460e-03, 
 2DIAGNOSTIC,    56, -4.737206080390e-01, 1.940612840904e-04, 1.0840e+00, 4.5300e-03, 
 2DIAGNOSTIC,    57, -4.741921169974e-01, 1.844118543997e-04, 1.0895e+00, 5.5139e-03, 
 2DIAGNOSTIC,    58, -4.746022198085e-01, 1.871209024908e-04, 1.0946e+00, 5.0859e-03, 
 2DIAGNOSTIC,    59, -4.751152773222e-01, 1.838607707540e-04, 1.0997e+00, 5.1050e-03, 
 2DIAGNOSTIC,    60, -4.763629297003e-01, 1.775706875738e-04, 1.1047e+00, 4.9911e-03, 
 2DIAGNOSTIC,    61, -4.765957362040e-01, 1.617499716497e-04, 1.1092e+00, 4.4808e-03, 
 2DIAGNOSTIC,    62, -4.768269762545e-01, 1.369463462470e-04, 1.1152e+00, 6.0630e-03, 
 2DIAGNOSTIC,    63, -4.769061154114e-01, 1.158115200874e-04, 1.1203e+00, 5.0309e-03, 
 2DIAGNOSTIC,    64, -4.769302261595e-01, 9.882170314842e-05, 1.1253e+00, 5.0139e-03, 
 2DIAGNOSTIC,    65, -4.768873621470e-01, 7.824717050522e-05, 1.1297e+00, 4.4320e-03, 
 2DIAGNOSTIC,    66, -4.768560693776e-01, 5.993489381528e-05, 1.1342e+00, 4.4260e-03, 
 2DIAGNOSTIC,    67, -4.769723998821e-01, 4.209891555556e-05, 1.1387e+00, 4.5640e-03, 
 2DIAGNOSTIC,    68, -4.770326478722e-01, 2.513675389036e-05, 1.1433e+00, 4.5938e-03, 
 2DIAGNOSTIC,    69, -4.771007188211e-01, 1.133302430570e-05, 1.1483e+00, 5.0020e-03, 
 2DIAGNOSTIC,    70, -4.771468225093e-01, 8.493592758684e-06, 1.1548e+00, 6.4850e-03, 
 2DIAGNOSTIC,    71, -4.771682952242e-01, 7.172743953836e-06, 1.1592e+00, 4.4279e-03, 
 2DIAGNOSTIC,    72, -4.771753075900e-01, 7.286931368235e-06, 1.1638e+00, 4.5719e-03, 
 2DIAGNOSTIC,    73, -4.772678303030e-01, 8.190763474311e-06, 1.1685e+00, 4.6999e-03, 
 2DIAGNOSTIC,    74, -4.772912502647e-01, 8.716849448006e-06, 1.1748e+00, 6.3210e-03, 
 2DIAGNOSTIC,    75, -4.772975240418e-01, 8.148620157748e-06, 1.1792e+00, 4.3931e-03, 
 2DIAGNOSTIC,    76, -4.773032145225e-01, 6.638707791795e-06, 1.1837e+00, 4.4451e-03, 
 2DIAGNOSTIC,    77, -4.773189008592e-01, 5.639674398334e-06, 1.1881e+00, 4.4329e-03, 
 2DIAGNOSTIC,    78, -4.773333643616e-01, 4.739140723419e-06, 1.1941e+00, 5.9791e-03, 
 2DIAGNOSTIC,    79, -4.773409658603e-01, 4.029475781361e-06, 1.1984e+00, 4.3461e-03, 
 2DIAGNOSTIC,    80, -4.773463003516e-01, 3.398714003719e-06, 1.2028e+00, 4.3702e-03, 
 2DIAGNOSTIC,    81, -4.773583467628e-01, 2.764168151164e-06, 1.2073e+00, 4.4940e-03, 
 2DIAGNOSTIC,    82, -4.774212220765e-01, 2.428437488820e-06, 1.2117e+00, 4.4460e-03, 
 2DIAGNOSTIC,    83, -4.779773355878e-01, 6.752674306502e-06, 1.2178e+00, 6.1128e-03, 
 2DIAGNOSTIC,    84, -4.781539456717e-01, 1.172597961941e-05, 1.2223e+00, 4.4200e-03, 
 2DIAGNOSTIC,    85, -4.784812816528e-01, 1.794291120007e-05, 1.2287e+00, 6.4812e-03, 
 2DIAGNOSTIC,    86, -4.785955530098e-01, 2.318829774475e-05, 1.2331e+00, 4.3750e-03, 
 2DIAGNOSTIC,    87, -4.791398820489e-01, 3.010271623572e-05, 1.2381e+00, 4.9500e-03, 
 2DIAGNOSTIC,    88, -4.797130506327e-01, 3.799039393065e-05, 1.2427e+00, 4.5991e-03, 
 2DIAGNOSTIC,    89, -4.801220809143e-01, 4.486833329925e-05, 1.2476e+00, 4.9572e-03, 
 2DIAGNOSTIC,    90, -4.807250354973e-01, 5.152295612514e-05, 1.2521e+00, 4.5059e-03, 
 2DIAGNOSTIC,    91, -4.825045896009e-01, 6.527496178891e-05, 1.2575e+00, 5.3549e-03, 
 2DIAGNOSTIC,    92, -4.851487210091e-01, 9.027046877199e-05, 1.2623e+00, 4.8001e-03, 
 2DIAGNOSTIC,    93, -4.967047582111e-01, 1.861894684704e-04, 1.2685e+00, 6.2208e-03, 
 2DIAGNOSTIC,    94, -4.971282325960e-01, 2.640378279359e-04, 1.2731e+00, 4.6260e-03, 
 2DIAGNOSTIC,    95, -4.982286202386e-01, 3.249617963752e-04, 1.2787e+00, 5.5311e-03, 
 2DIAGNOSTIC,    96, -4.987009136338e-01, 3.576434509653e-04, 1.2842e+00, 5.5060e-03, 
 2DIAGNOSTIC,    97, -4.988064473528e-01, 3.585972624597e-04, 1.2885e+00, 4.3731e-03, 
 2DIAGNOSTIC,    98, -4.990752228119e-01, 3.291528821327e-04, 1.2934e+00, 4.8180e-03, 
 2DIAGNOSTIC,    99, -4.991125933640e-01, 2.712783562454e-04, 1.2977e+00, 4.2992e-03, 
 2DIAGNOSTIC,   100, -4.991917978205e-01, 1.935659837223e-04, 1.3099e+00, 1.2228e-02, 
 2DIAGNOSTIC,   101, -4.993271750269e-01, 1.108383677375e-04, 1.3154e+00, 5.4889e-03, 
 2DIAGNOSTIC,   102, -4.993702055163e-01, 3.344897955299e-05, 1.3207e+00, 5.2919e-03, 
 2DIAGNOSTIC,   103, -4.995563035860e-01, 2.447030169368e-05, 1.3252e+00, 4.5850e-03, 
 2DIAGNOSTIC,   104, -4.998482344509e-01, 1.739032192093e-05, 1.3305e+00, 5.2760e-03, 
 2DIAGNOSTIC,   105, -5.007750160405e-01, 2.054468379774e-05, 1.3374e+00, 6.8309e-03, 
 2DIAGNOSTIC,   106, -5.009875384806e-01, 2.550662498512e-05, 1.3422e+00, 4.8800e-03, 
 2DIAGNOSTIC,   107, -5.012490802972e-01, 3.003996423650e-05, 1.3465e+00, 4.2949e-03, 
 2DIAGNOSTIC,   108, -5.018819931272e-01, 3.675329418165e-05, 1.3509e+00, 4.3769e-03, 
 2DIAGNOSTIC,   109, -5.027942775548e-01, 4.501169216406e-05, 1.3552e+00, 4.3108e-03, 
 2DIAGNOSTIC,   110, -5.037405547835e-01, 5.429093699745e-05, 1.3602e+00, 4.9419e-03, 
 2DIAGNOSTIC,   111, -5.039191736852e-01, 5.984209288095e-05, 1.3660e+00, 5.8541e-03, 
 2DIAGNOSTIC,   112, -5.039504879362e-01, 6.006991073369e-05, 1.3709e+00, 4.9191e-03, 
 2DIAGNOSTIC,   113, -5.039037645224e-01, 5.529721768919e-05, 1.3757e+00, 4.7309e-03, 
 2DIAGNOSTIC,   114, -5.038438844741e-01, 4.633108940280e-05, 1.3799e+00, 4.2450e-03, 
 2DIAGNOSTIC,   115, -5.037851980948e-01, 3.760646871013e-05, 1.3842e+00, 4.2498e-03, 
 2DIAGNOSTIC,   116, -5.038019030546e-01, 2.667438602525e-05, 1.3886e+00, 4.4770e-03, 
 2DIAGNOSTIC,   117, -5.038184846001e-01, 1.485755161668e-05, 1.3928e+00, 4.2140e-03, 
 2DIAGNOSTIC,   118, -5.038513945056e-01, 5.207471678804e-06, 1.3971e+00, 4.2899e-03, 
DIAGNOSTIC,Iteration,metricValue,convergenceValue,ITERATION_TIME_INDEX,SINCE_LAST
 2DIAGNOSTIC,     1, -4.088815525704e-01, 1.797693134862e+308, 2.1277e+00, 7.3056e-01, 
 2DIAGNOSTIC,     2, -4.092124697744e-01, 1.797693134862e+308, 2.1562e+00, 2.8499e-02, 
 2DIAGNOSTIC,     3, -4.097638407805e-01, 1.797693134862e+308, 2.1853e+00, 2.9056e-02, 
 2DIAGNOSTIC,     4, -4.102434665561e-01, 1.797693134862e+308, 2.2138e+00, 2.8556e-02, 
 2DIAGNOSTIC,     5, -4.112756343355e-01, 1.797693134862e+308, 2.2460e+00, 3.2169e-02, 
 2DIAGNOSTIC,     6, -4.118992912849e-01, 1.797693134862e+308, 2.2752e+00, 2.9244e-02, 
 2DIAGNOSTIC,     7, -4.122308426882e-01, 1.797693134862e+308, 2.3077e+00, 3.2482e-02, 
 2DIAGNOSTIC,     8, -4.136011146462e-01, 1.797693134862e+308, 2.3562e+00, 4.8453e-02, 
 2DIAGNOSTIC,     9, -4.137538569141e-01, 1.797693134862e+308, 2.3842e+00, 2.8084e-02, 
 2DIAGNOSTIC,    10, -4.140065350283e-01, 8.884747766657e-04, 2.4160e+00, 3.1766e-02, 
 2DIAGNOSTIC,    11, -4.141408959989e-01, 7.709926627506e-04, 2.4486e+00, 3.2625e-02, 
 2DIAGNOSTIC,    12, -4.141873873526e-01, 6.257887320978e-04, 2.4830e+00, 3.4380e-02, 
 2DIAGNOSTIC,    13, -4.141774014971e-01, 4.749007734015e-04, 2.5120e+00, 2.9034e-02, 
 2DIAGNOSTIC,    14, -4.142366527858e-01, 3.282065391742e-04, 2.5404e+00, 2.8375e-02, 
 2DIAGNOSTIC,    15, -4.143435327021e-01, 2.238382625366e-04, 2.5717e+00, 3.1228e-02, 
 2DIAGNOSTIC,    16, -4.145190790216e-01, 1.468137638590e-04, 2.6048e+00, 3.3169e-02, 
 2DIAGNOSTIC,    17, -4.146957891955e-01, 8.464002123332e-05, 2.6364e+00, 3.1541e-02, 
 2DIAGNOSTIC,    18, -4.159641542370e-01, 1.226528248946e-04, 2.6733e+00, 3.6899e-02, 
 2DIAGNOSTIC,    19, -4.168388417998e-01, 1.812706123298e-04, 2.7135e+00, 4.0271e-02, 
 2DIAGNOSTIC,    20, -4.171377249059e-01, 2.358064892538e-04, 2.7460e+00, 3.2518e-02, 
 2DIAGNOSTIC,    21, -4.172259658626e-01, 2.711718714172e-04, 2.7834e+00, 3.7304e-02, 
 2DIAGNOSTIC,    22, -4.173160051515e-01, 2.826911893573e-04, 2.8181e+00, 3.4794e-02, 
 2DIAGNOSTIC,    23, -4.174005555444e-01, 2.685384586095e-04, 2.8517e+00, 3.3584e-02, 
 2DIAGNOSTIC,    24, -4.174272032383e-01, 2.324666018934e-04, 2.8830e+00, 3.1274e-02, 
 2DIAGNOSTIC,    25, -4.174118410824e-01, 1.804180987676e-04, 2.9106e+00, 2.7601e-02, 
 2DIAGNOSTIC,    26, -4.174466970842e-01, 1.217384896138e-04, 2.9382e+00, 2.7627e-02, 
 2DIAGNOSTIC,    27, -4.174842098768e-01, 6.092665131588e-05, 2.9658e+00, 2.7611e-02, 
 2DIAGNOSTIC,    28, -4.175802741934e-01, 3.171550336094e-05, 2.9984e+00, 3.2553e-02, 
 2DIAGNOSTIC,    29, -4.175933240525e-01, 2.243368543402e-05, 3.0333e+00, 3.4863e-02, 
 2DIAGNOSTIC,    30, -4.176099191981e-01, 1.899756017191e-05, 3.0612e+00, 2.7906e-02, 
 2DIAGNOSTIC,    31, -4.176592551506e-01, 1.711667034689e-05, 3.0956e+00, 3.4460e-02, 
 2DIAGNOSTIC,    32, -4.176842253684e-01, 1.619680118570e-05, 3.1238e+00, 2.8164e-02, 
 2DIAGNOSTIC,    33, -4.177091237385e-01, 1.612135268161e-05, 3.1552e+00, 3.1382e-02, 
 2DIAGNOSTIC,    34, -4.177501083130e-01, 1.599901422931e-05, 3.1939e+00, 3.8716e-02, 
 2DIAGNOSTIC,    35, -4.177579002684e-01, 1.430589023294e-05, 3.2283e+00, 3.4457e-02, 
 2DIAGNOSTIC,    36, -4.177591284998e-01, 1.212001899912e-05, 3.2631e+00, 3.4769e-02, 
 2DIAGNOSTIC,    37, -4.177734186388e-01, 9.900048926717e-06, 3.2944e+00, 3.1304e-02, 
 2DIAGNOSTIC,    38, -4.177599395705e-01, 8.419062205882e-06, 3.3225e+00, 2.8065e-02, 
 2DIAGNOSTIC,    39, -4.177535490892e-01, 6.414355168113e-06, 3.3499e+00, 2.7463e-02, 
 2DIAGNOSTIC,    40, -4.177545250595e-01, 4.264815454433e-06, 3.3776e+00, 2.7617e-02, 
 2DIAGNOSTIC,    41, -4.177630266850e-01, 2.852108957271e-06, 3.4092e+00, 3.1652e-02, 
 2DIAGNOSTIC,    42, -4.177781605323e-01, 1.952139916377e-06, 3.4367e+00, 2.7509e-02, 
 2DIAGNOSTIC,    43, -4.177729810931e-01, 1.275380898530e-06, 3.4644e+00, 2.7687e-02, 
 2DIAGNOSTIC,    44, -4.177744760272e-01, 1.248954423941e-06, 3.4958e+00, 3.1360e-02, 
 2DIAGNOSTIC,    45, -4.178090343064e-01, 1.817713036947e-06, 3.5286e+00, 3.2870e-02, 
 2DIAGNOSTIC,    46, -4.178024470602e-01, 2.147278110307e-06, 3.5691e+00, 4.0454e-02, 
 2DIAGNOSTIC,    47, -4.177953837633e-01, 2.438828365790e-06, 3.6280e+00, 5.8870e-02, 
 2DIAGNOSTIC,    48, -4.178022657140e-01, 2.470670323714e-06, 3.7238e+00, 9.5853e-02, 
 2DIAGNOSTIC,    49, -4.178022657140e-01, 2.236314362161e-06, 3.7694e+00, 4.5539e-02, 
 2DIAGNOSTIC,    50, -4.178022657140e-01, 1.862742307682e-06, 3.8208e+00, 5.1479e-02, 
 2DIAGNOSTIC,    51, -4.178022657140e-01, 1.495740564312e-06, 3.8655e+00, 4.4637e-02, 
 2DIAGNOSTIC,    52, -4.178022657140e-01, 1.269529981834e-06, 3.8998e+00, 3.4340e-02, 
DIAGNOSTIC,Iteration,metricValue,convergenceValue,ITERATION_TIME_INDEX,SINCE_LAST
 2DIAGNOSTIC,     1, -3.571576234446e-01, 1.797693134862e+308, 4.9990e+00, 1.0991e+00, 
 2DIAGNOSTIC,     2, -3.573200344852e-01, 1.797693134862e+308, 5.2443e+00, 2.4534e-01, 
 2DIAGNOSTIC,     3, -3.576168454869e-01, 1.797693134862e+308, 5.4923e+00, 2.4801e-01, 
 2DIAGNOSTIC,     4, -3.579952666425e-01, 1.797693134862e+308, 5.7154e+00, 2.2311e-01, 
 2DIAGNOSTIC,     5, -3.586363120838e-01, 1.797693134862e+308, 5.9383e+00, 2.2287e-01, 
 2DIAGNOSTIC,     6, -3.587467700139e-01, 1.797693134862e+308, 6.1639e+00, 2.2566e-01, 
 2DIAGNOSTIC,     7, -3.590289796073e-01, 1.797693134862e+308, 6.5195e+00, 3.5554e-01, 
 2DIAGNOSTIC,     8, -3.590431611034e-01, 1.797693134862e+308, 6.8719e+00, 3.5243e-01, 
 2DIAGNOSTIC,     9, -3.590468176603e-01, 1.797693134862e+308, 7.2006e+00, 3.2873e-01, 
 2DIAGNOSTIC,    10, -3.590473927879e-01, 3.918329544606e-04, 7.4603e+00, 2.5965e-01, 
 2DIAGNOSTIC,    11, -3.590461578575e-01, 2.876874455272e-04, 7.7444e+00, 2.8411e-01, 
 2DIAGNOSTIC,    12, -3.590436065286e-01, 1.860483402472e-04, 8.0168e+00, 2.7240e-01, 
 2DIAGNOSTIC,    13, -3.590396839999e-01, 1.012156568976e-04, 8.3104e+00, 2.9361e-01, 
 2DIAGNOSTIC,    14, -3.590391012413e-01, 4.023276320542e-05, 8.6009e+00, 2.9048e-01, 
 2DIAGNOSTIC,    15, -3.590395511890e-01, 1.784163693642e-05, 8.8425e+00, 2.4167e-01, 
 2DIAGNOSTIC,    16, -3.590390299824e-01, 1.864586426856e-06, 9.1173e+00, 2.7480e-01, 
DIAGNOSTIC,Iteration,metricValue,convergenceValue,ITERATION_TIME_INDEX,SINCE_LAST
 2DIAGNOSTIC,     1, -3.305499343660e-01, 1.797693134862e+308, 1.1565e+01, 2.4475e+00, 
 2DIAGNOSTIC,     2, -3.307062121415e-01, 1.797693134862e+308, 1.3114e+01, 1.5495e+00, 
 2DIAGNOSTIC,     3, -3.307965263470e-01, 1.797693134862e+308, 1.4507e+01, 1.3924e+00, 
 2DIAGNOSTIC,     4, -3.309325069491e-01, 1.797693134862e+308, 1.5921e+01, 1.4148e+00, 
 2DIAGNOSTIC,     5, -3.309887590485e-01, 1.797693134862e+308, 1.7241e+01, 1.3191e+00, 
 2DIAGNOSTIC,     6, -3.314790960245e-01, 1.797693134862e+308, 1.9406e+01, 2.1657e+00, 
 2DIAGNOSTIC,     7, -3.314919051278e-01, 1.797693134862e+308, 2.0912e+01, 1.5059e+00, 
 2DIAGNOSTIC,     8, -3.315048728095e-01, 1.797693134862e+308, 2.2374e+01, 1.4614e+00, 
 2DIAGNOSTIC,     9, -3.315407108483e-01, 1.797693134862e+308, 2.4042e+01, 1.6683e+00, 
 2DIAGNOSTIC,    10, -3.315687906855e-01, 2.252423492012e-04, 2.6504e+01, 2.4616e+00, 
 2DIAGNOSTIC,    11, -3.315874124523e-01, 1.765415135500e-04, 2.7990e+01, 1.4864e+00, 
 2DIAGNOSTIC,    12, -3.315926927153e-01, 1.318246100640e-04, 2.9566e+01, 1.5765e+00, 
 2DIAGNOSTIC,    13, -3.315945437957e-01, 8.873866971555e-05, 3.1008e+01, 1.4411e+00, 
 2DIAGNOSTIC,    14, -3.315963871132e-01, 5.267152387199e-05, 3.2338e+01, 1.3308e+00, 
 2DIAGNOSTIC,    15, -3.316165055757e-01, 2.036550210741e-05, 3.3986e+01, 1.6482e+00, 
 2DIAGNOSTIC,    16, -3.317323627252e-01, 2.289596336076e-05, 3.6706e+01, 2.7199e+00, 
 2DIAGNOSTIC,    17, -3.317360448593e-01, 2.390027888999e-05, 3.8604e+01, 1.8975e+00, 
 2DIAGNOSTIC,    18, -3.317370329120e-01, 2.347903731297e-05, 4.1550e+01, 2.9465e+00, 
 2DIAGNOSTIC,    19, -3.317372290251e-01, 2.277549703223e-05, 4.4228e+01, 2.6774e+00, 
 2DIAGNOSTIC,    20, -3.317372472758e-01, 2.133702808363e-05, 4.6052e+01, 1.8245e+00, 
 2DIAGNOSTIC,    21, -3.317370473235e-01, 1.886188702213e-05, 4.7543e+01, 1.4909e+00, 
 2DIAGNOSTIC,    22, -3.317370666426e-01, 1.519143389270e-05, 4.9208e+01, 1.6646e+00, 
 2DIAGNOSTIC,    23, -3.317370291163e-01, 1.069840171593e-05, 5.1155e+01, 1.9468e+00, 
 2DIAGNOSTIC,    24, -3.317370439524e-01, 5.804523642343e-06, 5.2809e+01, 1.6548e+00, 
 2DIAGNOSTIC,    25, -3.317369829423e-01, 1.457960534121e-06, 5.4218e+01, 1.4089e+00, 
 2DIAGNOSTIC,    26, -3.317369287904e-01, 1.244554650434e-06, 5.5840e+01, 1.6216e+00, 
 2DIAGNOSTIC,    27, -3.317368815490e-01, 1.159726841143e-06, 5.7324e+01, 1.4842e+00, 
 2DIAGNOSTIC,    28, -3.317370503673e-01, 1.117943654691e-06, 5.9059e+01, 1.7348e+00, 
 2DIAGNOSTIC,    29, -3.317368515133e-01, 1.080490784129e-06, 6.0694e+01, 1.6355e+00, 
 2DIAGNOSTIC,    30, -3.317367290328e-01, 1.044564521310e-06, 6.2233e+01, 1.5388e+00, 
 2DIAGNOSTIC,    31, -3.317367474208e-01, 1.007616711998e-06, 6.3749e+01, 1.5153e+00, 
  Elapsed time (stage 0): 6.4520e+01


Total elapsed time: 6.4522e+01
Info [verificarlo]: loaded backend libinterflop_vprec.so
Info [interflop-vprec]: load backend with: 
Info [interflop-vprec]: precision-binary32 = 21
Info [interflop-vprec]: range-binary32 = 7
Info [interflop-vprec]: precision-binary64 = 21
Info [interflop-vprec]: range-binary64 = 7
Info [interflop-vprec]: mode = ob
Info [interflop-vprec]: error-mode = rel
Info [interflop-vprec]: max-abs-error-exponent = -1022
Info [interflop-vprec]: daz = false
Info [interflop-vprec]: ftz = false
Info [interflop-vprec]: 	instrument = none
Info [interflop-vprec]: 	prec-input-file = (null)
Info [interflop-vprec]: 	prec-output-file = (null)
Info [interflop-vprec]: 	prec-log-file = (null)
All_Command_lines_OK
Using double precision for computations.
=============================================================================
The composite transform comprises the following transforms (in order): 
  1. /home/mdugre/scratch/mri-registration-rp/datasets/ds004513/derivatives/mri-registration-rp/0011/antsRegistration-r7-p21/sub-s020/rigid_Composite.h5[0] (type = Euler3DTransform)
  2. /home/mdugre/scratch/mri-registration-rp/datasets/ds004513/derivatives/mri-registration-rp/0011/antsRegistration-r7-p21/sub-s020/rigid_Composite.h5[1] (type = Euler3DTransform)
  3. /home/mdugre/scratch/mri-registration-rp/datasets/ds004513/derivatives/mri-registration-rp/0011/antsRegistration-r7-p21/sub-s020/rigid_Composite.h5[2] (type = Euler3DTransform)
=============================================================================
  number of levels = 4
  fixed image: /templateflow/tpl-MNI152NLin2009cAsym/tpl-MNI152NLin2009cAsym_res-01_desc-brain_T1w.nii.gz
  moving image: /home/mdugre/scratch/mri-registration-rp/datasets/ds004513/derivatives/mri-registration-rp/antsBrainExtraction/sub-s020/BrainExtractionBrain.nii.gz
Dimension = 3
Number of stages = 1
Use histogram matching = false
Winsorize image intensities = true
  Lower quantile = 0.005
  Upper quantile = 0.995


Stage 1 State
   Image metric = MattesMI
     Fixed image = Image (0x4d08490)
  RTTI typeinfo:   itk::Image<double, 3u>
  Reference Count: 2
  Modified Time: 1594
  Debug: Off
  Object Name: 
  Observers: 
    none
  Source: (none)
  Source output name: (none)
  Release Data: Off
  Data Released: False
  Global Release Data: Off
  PipelineMTime: 0
  UpdateMTime: 1203
  RealTimeStamp: 0 seconds 
  LargestPossibleRegion: 
    Dimension: 3
    Index: [0, 0, 0]
    Size: [193, 229, 193]
  BufferedRegion: 
    Dimension: 3
    Index: [0, 0, 0]
    Size: [193, 229, 193]
  RequestedRegion: 
    Dimension: 3
    Index: [0, 0, 0]
    Size: [193, 229, 193]
  Spacing: [1, 1, 1]
  Origin: [96, 132, -78]
  Direction: 
-1 0 0
0 -1 0
0 0 1

  IndexToPointMatrix: 
-1 0 0
0 -1 0
0 0 1

  PointToIndexMatrix: 
-1 0 0
0 -1 0
0 0 1

  Inverse Direction: 
-1 0 0
0 -1 0
0 0 1

  PixelContainer: 
    ImportImageContainer (0x4dd38c0)
      RTTI typeinfo:   itk::ImportImageContainer<unsigned long, double>
      Reference Count: 1
      Modified Time: 1200
      Debug: Off
      Object Name: 
      Observers: 
        none
      Pointer: 0x154766a0a010
      Container manages memory: true
      Size: 8530021
      Capacity: 8530021

     Moving image = Image (0x4dc3b60)
  RTTI typeinfo:   itk::Image<double, 3u>
  Reference Count: 2
  Modified Time: 1595
  Debug: Off
  Object Name: 
  Observers: 
    none
  Source: (none)
  Source output name: (none)
  Release Data: Off
  Data Released: False
  Global Release Data: Off
  PipelineMTime: 0
  UpdateMTime: 1592
  RealTimeStamp: 0 seconds 
  LargestPossibleRegion: 
    Dimension: 3
    Index: [0, 0, 0]
    Size: [160, 240, 256]
  BufferedRegion: 
    Dimension: 3
    Index: [0, 0, 0]
    Size: [160, 240, 256]
  RequestedRegion: 
    Dimension: 3
    Index: [0, 0, 0]
    Size: [160, 240, 256]
  Spacing: [0.999995, 1, 1]
  Origin: [87.0906, 98.7205, -152.377]
  Direction: 
-0.996975 0.0261379 -0.0731913
-0.0260677 -0.999658 -0.00191374
-0.0732163 -2.46403e-08 0.997316

  IndexToPointMatrix: 
-0.996971 0.0261379 -0.0731913
-0.0260676 -0.999658 -0.00191374
-0.0732159 -2.46403e-08 0.997316

  PointToIndexMatrix: 
-0.99698 -0.0260679 -0.0732166
0.0261379 -0.999658 -2.53785e-08
-0.0731913 -0.00191374 0.997316

  Inverse Direction: 
-0.996975 -0.0260677 -0.0732163
0.0261379 -0.999658 -2.53785e-08
-0.0731913 -0.00191374 0.997316

  PixelContainer: 
    ImportImageContainer (0x4e571d0)
      RTTI typeinfo:   itk::ImportImageContainer<unsigned long, double>
      Reference Count: 1
      Modified Time: 1589
      Debug: Off
      Object Name: 
      Observers: 
        none
      Pointer: 0x154761f09010
      Container manages memory: true
      Size: 9830400
      Capacity: 9830400

     Weighting = 1
     Sampling strategy = regular
     Number of bins = 32
     Radius = 4
     Sampling percentage  = 0.25
   Transform = Affine
     Gradient step = 0.1
     Update field sigma (voxel space) = 0
     Total field sigma (voxel space) = 0
     Update field time sigma = 0
     Total field time sigma  = 0
     Number of time indices = 0
     Number of time point samples = 0
Registration using 1 total stages.

Stage 0
  iterations = 1000x500x250x100
  convergence threshold = 1e-06
  convergence window size = 10
  number of levels = 4
  using the Mattes MI metric (number of bins = 32, weight = 1, use gradient filter = 0)
  preprocessing:  winsorizing the image intensities
  Shrink factors (level 1 out of 4): [8, 8, 8]
  Shrink factors (level 2 out of 4): [4, 4, 4]
  Shrink factors (level 3 out of 4): [2, 2, 2]
  Shrink factors (level 4 out of 4): [1, 1, 1]
  smoothing sigmas per level: [3, 2, 1, 0]
  regular sampling (percentage = 0.25)

*** Running AffineTransform registration ***

DIAGNOSTIC,Iteration,metricValue,convergenceValue,ITERATION_TIME_INDEX,SINCE_LAST
 2DIAGNOSTIC,     1, -5.016029675248e-01, 1.797693134862e+308, 0.0000e+00, 0.0000e+00, 
 2DIAGNOSTIC,     2, -5.035667563368e-01, 1.797693134862e+308, 0.0000e+00, 0.0000e+00, 
 2DIAGNOSTIC,     3, -5.074193479663e-01, 1.797693134862e+308, 0.0000e+00, 0.0000e+00, 
 2DIAGNOSTIC,     4, -5.131037548268e-01, 1.797693134862e+308, 0.0000e+00, 0.0000e+00, 
 2DIAGNOSTIC,     5, -5.215707124892e-01, 1.797693134862e+308, 0.0000e+00, 0.0000e+00, 
 2DIAGNOSTIC,     6, -5.347167518897e-01, 1.797693134862e+308, 0.0000e+00, 0.0000e+00, 
 2DIAGNOSTIC,     7, -5.600368512470e-01, 1.797693134862e+308, 0.0000e+00, 0.0000e+00, 
 2DIAGNOSTIC,     8, -6.277237152142e-01, 1.797693134862e+308, 0.0000e+00, 0.0000e+00, 
 2DIAGNOSTIC,     9, -6.755478909433e-01, 1.797693134862e+308, 0.0000e+00, 0.0000e+00, 
 2DIAGNOSTIC,    10, -7.018903480841e-01, 2.310771640989e-02, 0.0000e+00, 0.0000e+00, 
 2DIAGNOSTIC,    11, -7.226322519338e-01, 2.484417948556e-02, 0.0000e+00, 0.0000e+00, 
 2DIAGNOSTIC,    12, -7.405915669037e-01, 2.477487974604e-02, 0.0000e+00, 0.0000e+00, 
 2DIAGNOSTIC,    13, -7.704924083821e-01, 2.361633758330e-02, 0.0000e+00, 0.0000e+00, 
 2DIAGNOSTIC,    14, -7.954778265925e-01, 2.146842901292e-02, 0.0000e+00, 0.0000e+00, 
 2DIAGNOSTIC,    15, -8.000501197684e-01, 1.814851106204e-02, 0.0000e+00, 0.0000e+00, 
 2DIAGNOSTIC,    16, -8.165056829991e-01, 1.453210872057e-02, 0.0000e+00, 0.0000e+00, 
 2DIAGNOSTIC,    17, -8.370639346794e-01, 1.124663412837e-02, 0.0000e+00, 0.0000e+00, 
 2DIAGNOSTIC,    18, -8.415037555949e-01, 9.067149463612e-03, 0.0000e+00, 0.0000e+00, 
 2DIAGNOSTIC,    19, -8.467151392093e-01, 7.510521749154e-03, 0.0000e+00, 0.0000e+00, 
 2DIAGNOSTIC,    20, -8.467329294026e-01, 6.008523558521e-03, 0.0000e+00, 0.0000e+00, 
 2DIAGNOSTIC,    21, -8.467505559790e-01, 4.535424064072e-03, 0.0000e+00, 0.0000e+00, 
 2DIAGNOSTIC,    22, -8.464849452929e-01, 3.118013603462e-03, 0.0000e+00, 0.0000e+00, 
 2DIAGNOSTIC,    23, -8.464188773202e-01, 2.073300839281e-03, 0.0000e+00, 0.0000e+00, 
 2DIAGNOSTIC,    24, -8.463271721127e-01, 1.359620742234e-03, 0.0000e+00, 0.0000e+00, 
 2DIAGNOSTIC,    25, -8.460882926802e-01, 6.529415591215e-04, 0.0000e+00, 0.0000e+00, 
 2DIAGNOSTIC,    26, -8.461180468945e-01, 1.924338542063e-04, 0.0000e+00, 0.0000e+00, 
 2DIAGNOSTIC,    27, -8.459026748741e-01, 4.803771871870e-05, 0.0000e+00, 0.0000e+00, 
DIAGNOSTIC,Iteration,metricValue,convergenceValue,ITERATION_TIME_INDEX,SINCE_LAST
 2DIAGNOSTIC,     1, -7.112260943900e-01, 1.797693134862e+308, 0.0000e+00, 0.0000e+00, 
 2DIAGNOSTIC,     2, -7.113398166232e-01, 1.797693134862e+308, 0.0000e+00, 0.0000e+00, 
 2DIAGNOSTIC,     3, -7.114535891776e-01, 1.797693134862e+308, 0.0000e+00, 0.0000e+00, 
 2DIAGNOSTIC,     4, -7.116047870114e-01, 1.797693134862e+308, 0.0000e+00, 0.0000e+00, 
 2DIAGNOSTIC,     5, -7.119241862204e-01, 1.797693134862e+308, 0.0000e+00, 0.0000e+00, 
 2DIAGNOSTIC,     6, -7.122522253787e-01, 1.797693134862e+308, 0.0000e+00, 0.0000e+00, 
 2DIAGNOSTIC,     7, -7.126561711080e-01, 1.797693134862e+308, 0.0000e+00, 0.0000e+00, 
 2DIAGNOSTIC,     8, -7.136453975603e-01, 1.797693134862e+308, 0.0000e+00, 0.0000e+00, 
 2DIAGNOSTIC,     9, -7.152036668508e-01, 1.797693134862e+308, 0.0000e+00, 0.0000e+00, 
 2DIAGNOSTIC,    10, -7.152327731059e-01, 3.806945815778e-04, 0.0000e+00, 0.0000e+00, 
 2DIAGNOSTIC,    11, -7.153174355245e-01, 3.898372903244e-04, 0.0000e+00, 0.0000e+00, 
 2DIAGNOSTIC,    12, -7.154064555154e-01, 3.700059981355e-04, 0.0000e+00, 0.0000e+00, 
 2DIAGNOSTIC,    13, -7.155410317875e-01, 3.270612473035e-04, 0.0000e+00, 0.0000e+00, 
