
##########################
# Experiment information #
##########################

EXPERIMENT_NAME: antsRegistration-r8-p21
VFC_BACKENDS: libinterflop_vprec.so --range-binary32=8 --precision-binary32=21 --range-binary64=8 --precision-binary64=21

SIF_IMG: /home/mdugre/projects/rrg-glatard/mdugre/containers/ants-vprec-no_metrics.simg

SUBJECT_ID: s037
INPUT_IMG: /home/mdugre/scratch/mri-registration-rp/datasets/ds004513/derivatives/mri-registration-rp/antsBrainExtraction/sub-s037/BrainExtractionBrain.nii.gz
OUTPUT_DIR: /home/mdugre/scratch/mri-registration-rp/datasets/ds004513/derivatives/mri-registration-rp/0011/antsRegistration-r8-p21/sub-s037

FIXED_IMG: /templateflow/tpl-MNI152NLin2009cAsym/tpl-MNI152NLin2009cAsym_res-01_desc-brain_T1w.nii.gz
DATA_DIR: /home/mdugre/scratch/mri-registration-rp/datasets/ds004513
TEMPLATEFLOW_DIR: /home/mdugre/projects/rrg-glatard/mdugre/templateflow
ITK_GLOBAL_DEFAULT_NUMBER_OF_THREADS: 16
##########################

Info [verificarlo]: loaded backend libinterflop_ieee.so
Info [interflop-ieee]: load backend with:
Info [interflop-ieee]: debug = false
Info [interflop-ieee]: debug-binary = false
Info [interflop-ieee]: no-backend-name = false
Info [interflop-ieee]: print-new-line = false
Info [interflop-ieee]: print-subnormal-normalized = false
Info [interflop-ieee]: count-op = false
All_Command_lines_OK
Using double precision for computations.
=============================================================================
The composite transform comprises the following transforms (in order): 
  1. Center of mass alignment using fixed image: /templateflow/tpl-MNI152NLin2009cAsym/tpl-MNI152NLin2009cAsym_res-01_desc-brain_T1w.nii.gz and moving image: /home/mdugre/scratch/mri-registration-rp/datasets/ds004513/derivatives/mri-registration-rp/antsBrainExtraction/sub-s037/BrainExtractionBrain.nii.gz (type = Euler3DTransform)
=============================================================================
  number of levels = 1
  fixed image: /templateflow/tpl-MNI152NLin2009cAsym/tpl-MNI152NLin2009cAsym_res-01_desc-brain_T1w.nii.gz
  moving image: /home/mdugre/scratch/mri-registration-rp/datasets/ds004513/derivatives/mri-registration-rp/antsBrainExtraction/sub-s037/BrainExtractionBrain.nii.gz
Dimension = 3
Number of stages = 1
Use histogram matching = false
Winsorize image intensities = true
  Lower quantile = 0.005
  Upper quantile = 0.995


Stage 1 State
   Image metric = MattesMI
     Fixed image = Image (0x4c37e70)
  RTTI typeinfo:   itk::Image<double, 3u>
  Reference Count: 2
  Modified Time: 2330
  Debug: Off
  Object Name: 
  Observers: 
    none
  Source: (none)
  Source output name: (none)
  Release Data: Off
  Data Released: False
  Global Release Data: Off
  PipelineMTime: 0
  UpdateMTime: 1941
  RealTimeStamp: 0 seconds 
  LargestPossibleRegion: 
    Dimension: 3
    Index: [0, 0, 0]
    Size: [193, 229, 193]
  BufferedRegion: 
    Dimension: 3
    Index: [0, 0, 0]
    Size: [193, 229, 193]
  RequestedRegion: 
    Dimension: 3
    Index: [0, 0, 0]
    Size: [193, 229, 193]
  Spacing: [1, 1, 1]
  Origin: [96, 132, -78]
  Direction: 
-1 0 0
0 -1 0
0 0 1

  IndexToPointMatrix: 
-1 0 0
0 -1 0
0 0 1

  PointToIndexMatrix: 
-1 0 0
0 -1 0
0 0 1

  Inverse Direction: 
-1 0 0
0 -1 0
0 0 1

  PixelContainer: 
    ImportImageContainer (0x4c40c60)
      RTTI typeinfo:   itk::ImportImageContainer<unsigned long, double>
      Reference Count: 1
      Modified Time: 1938
      Debug: Off
      Object Name: 
      Observers: 
        none
      Pointer: 0x14a440ca5010
      Container manages memory: true
      Size: 8530021
      Capacity: 8530021

     Moving image = Image (0x4cd4ec0)
  RTTI typeinfo:   itk::Image<double, 3u>
  Reference Count: 2
  Modified Time: 2331
  Debug: Off
  Object Name: 
  Observers: 
    none
  Source: (none)
  Source output name: (none)
  Release Data: Off
  Data Released: False
  Global Release Data: Off
  PipelineMTime: 0
  UpdateMTime: 2328
  RealTimeStamp: 0 seconds 
  LargestPossibleRegion: 
    Dimension: 3
    Index: [0, 0, 0]
    Size: [160, 240, 256]
  BufferedRegion: 
    Dimension: 3
    Index: [0, 0, 0]
    Size: [160, 240, 256]
  RequestedRegion: 
    Dimension: 3
    Index: [0, 0, 0]
    Size: [160, 240, 256]
  Spacing: [1, 1, 1]
  Origin: [87.9508, 102.562, -147.639]
  Direction: 
-0.998659 -0.0436121 -0.0279129
0.043595 -0.999049 0.00121847
-0.0279395 -2.65543e-08 0.99961

  IndexToPointMatrix: 
-0.998659 -0.0436121 -0.0279129
0.043595 -0.999049 0.00121847
-0.0279395 -2.65543e-08 0.99961

  PointToIndexMatrix: 
-0.998659 0.043595 -0.0279395
-0.0436121 -0.999049 -2.65517e-08
-0.0279129 0.00121847 0.99961

  Inverse Direction: 
-0.998659 0.043595 -0.0279395
-0.0436121 -0.999049 -2.65517e-08
-0.0279129 0.00121847 0.99961

  PixelContainer: 
    ImportImageContainer (0x4d6c610)
      RTTI typeinfo:   itk::ImportImageContainer<unsigned long, double>
      Reference Count: 1
      Modified Time: 2325
      Debug: Off
      Object Name: 
      Observers: 
        none
      Pointer: 0x14a43c1a4010
      Container manages memory: true
      Size: 9830400
      Capacity: 9830400

     Weighting = 1
     Sampling strategy = regular
     Number of bins = 32
     Radius = 4
     Sampling percentage  = 0.25
   Transform = Rigid
     Gradient step = 0.1
     Update field sigma (voxel space) = 0
     Total field sigma (voxel space) = 0
     Update field time sigma = 0
     Total field time sigma  = 0
     Number of time indices = 0
     Number of time point samples = 0
Registration using 1 total stages.

Stage 0
  iterations = 0
  convergence threshold = 1e-06
  convergence window size = 10
  number of levels = 1
  using the Mattes MI metric (number of bins = 32, weight = 1, use gradient filter = 0)
  preprocessing:  winsorizing the image intensities
  Shrink factors (level 1 out of 1): [1, 1, 1]
  smoothing sigmas per level: [0]
  regular sampling (percentage = 0.25)

*** Running Euler3DTransform registration ***

  Elapsed time (stage 0): 1.10318


Total elapsed time: 1.10588
Info [verificarlo]: loaded backend libinterflop_ieee.so
Info [interflop-ieee]: load backend with:
Info [interflop-ieee]: debug = false
Info [interflop-ieee]: debug-binary = false
Info [interflop-ieee]: no-backend-name = false
Info [interflop-ieee]: print-new-line = false
Info [interflop-ieee]: print-subnormal-normalized = false
Info [interflop-ieee]: count-op = false
All_Command_lines_OK
Using double precision for computations.
=============================================================================
The composite transform comprises the following transforms (in order): 
  1. /home/mdugre/scratch/mri-registration-rp/datasets/ds004513/derivatives/mri-registration-rp/0011/antsRegistration-r8-p21/sub-s037/align_Composite.h5[0] (type = Euler3DTransform)
  2. /home/mdugre/scratch/mri-registration-rp/datasets/ds004513/derivatives/mri-registration-rp/0011/antsRegistration-r8-p21/sub-s037/align_Composite.h5[1] (type = Euler3DTransform)
=============================================================================
  number of levels = 4
  fixed image: /templateflow/tpl-MNI152NLin2009cAsym/tpl-MNI152NLin2009cAsym_res-01_desc-brain_T1w.nii.gz
  moving image: /home/mdugre/scratch/mri-registration-rp/datasets/ds004513/derivatives/mri-registration-rp/antsBrainExtraction/sub-s037/BrainExtractionBrain.nii.gz
Dimension = 3
Number of stages = 1
Use histogram matching = false
Winsorize image intensities = true
  Lower quantile = 0.005
  Upper quantile = 0.995


Stage 1 State
   Image metric = MattesMI
     Fixed image = Image (0x399d530)
  RTTI typeinfo:   itk::Image<double, 3u>
  Reference Count: 2
  Modified Time: 1578
  Debug: Off
  Object Name: 
  Observers: 
    none
  Source: (none)
  Source output name: (none)
  Release Data: Off
  Data Released: False
  Global Release Data: Off
  PipelineMTime: 0
  UpdateMTime: 1189
  RealTimeStamp: 0 seconds 
  LargestPossibleRegion: 
    Dimension: 3
    Index: [0, 0, 0]
    Size: [193, 229, 193]
  BufferedRegion: 
    Dimension: 3
    Index: [0, 0, 0]
    Size: [193, 229, 193]
  RequestedRegion: 
    Dimension: 3
    Index: [0, 0, 0]
    Size: [193, 229, 193]
  Spacing: [1, 1, 1]
  Origin: [96, 132, -78]
  Direction: 
-1 0 0
0 -1 0
0 0 1

  IndexToPointMatrix: 
-1 0 0
0 -1 0
0 0 1

  PointToIndexMatrix: 
-1 0 0
0 -1 0
0 0 1

  Inverse Direction: 
-1 0 0
0 -1 0
0 0 1

  PixelContainer: 
    ImportImageContainer (0x3a5bd60)
      RTTI typeinfo:   itk::ImportImageContainer<unsigned long, double>
      Reference Count: 1
      Modified Time: 1186
      Debug: Off
      Object Name: 
      Observers: 
        none
      Pointer: 0x147b8f805010
      Container manages memory: true
      Size: 8530021
      Capacity: 8530021

     Moving image = Image (0x3a4df60)
  RTTI typeinfo:   itk::Image<double, 3u>
  Reference Count: 2
  Modified Time: 1579
  Debug: Off
  Object Name: 
  Observers: 
    none
  Source: (none)
  Source output name: (none)
  Release Data: Off
  Data Released: False
  Global Release Data: Off
  PipelineMTime: 0
  UpdateMTime: 1576
  RealTimeStamp: 0 seconds 
  LargestPossibleRegion: 
    Dimension: 3
    Index: [0, 0, 0]
    Size: [160, 240, 256]
  BufferedRegion: 
    Dimension: 3
    Index: [0, 0, 0]
    Size: [160, 240, 256]
  RequestedRegion: 
    Dimension: 3
    Index: [0, 0, 0]
    Size: [160, 240, 256]
  Spacing: [1, 1, 1]
  Origin: [87.9508, 102.562, -147.639]
  Direction: 
-0.998659 -0.0436121 -0.0279129
0.043595 -0.999049 0.00121847
-0.0279395 -2.65543e-08 0.99961

  IndexToPointMatrix: 
-0.998659 -0.0436121 -0.0279129
0.043595 -0.999049 0.00121847
-0.0279395 -2.65543e-08 0.99961

  PointToIndexMatrix: 
-0.998659 0.043595 -0.0279395
-0.0436121 -0.999049 -2.65517e-08
-0.0279129 0.00121847 0.99961

  Inverse Direction: 
-0.998659 0.043595 -0.0279395
-0.0436121 -0.999049 -2.65517e-08
-0.0279129 0.00121847 0.99961

  PixelContainer: 
    ImportImageContainer (0x3a3f6d0)
      RTTI typeinfo:   itk::ImportImageContainer<unsigned long, double>
      Reference Count: 1
      Modified Time: 1573
      Debug: Off
      Object Name: 
      Observers: 
        none
      Pointer: 0x147b8ad04010
      Container manages memory: true
      Size: 9830400
      Capacity: 9830400

     Weighting = 1
     Sampling strategy = regular
     Number of bins = 32
     Radius = 4
     Sampling percentage  = 0.25
   Transform = Rigid
     Gradient step = 0.1
     Update field sigma (voxel space) = 0
     Total field sigma (voxel space) = 0
     Update field time sigma = 0
     Total field time sigma  = 0
     Number of time indices = 0
     Number of time point samples = 0
Registration using 1 total stages.

Stage 0
  iterations = 1000x500x250x100
  convergence threshold = 1e-06
  convergence window size = 10
  number of levels = 4
  using the Mattes MI metric (number of bins = 32, weight = 1, use gradient filter = 0)
  preprocessing:  winsorizing the image intensities
  Shrink factors (level 1 out of 4): [8, 8, 8]
  Shrink factors (level 2 out of 4): [4, 4, 4]
  Shrink factors (level 3 out of 4): [2, 2, 2]
  Shrink factors (level 4 out of 4): [1, 1, 1]
  smoothing sigmas per level: [3, 2, 1, 0]
  regular sampling (percentage = 0.25)

*** Running Euler3DTransform registration ***

DIAGNOSTIC,Iteration,metricValue,convergenceValue,ITERATION_TIME_INDEX,SINCE_LAST
 2DIAGNOSTIC,     1, -4.299060189477e-01, 1.797693134862e+308, 6.7349e-01, 6.7349e-01, 
 2DIAGNOSTIC,     2, -4.311703807429e-01, 1.797693134862e+308, 6.7767e-01, 4.1819e-03, 
 2DIAGNOSTIC,     3, -4.334997061176e-01, 1.797693134862e+308, 6.8181e-01, 4.1430e-03, 
 2DIAGNOSTIC,     4, -4.389575130370e-01, 1.797693134862e+308, 6.8588e-01, 4.0700e-03, 
 2DIAGNOSTIC,     5, -4.438813134482e-01, 1.797693134862e+308, 6.8989e-01, 4.0069e-03, 
 2DIAGNOSTIC,     6, -4.461495460377e-01, 1.797693134862e+308, 6.9395e-01, 4.0669e-03, 
 2DIAGNOSTIC,     7, -4.511407144429e-01, 1.797693134862e+308, 6.9857e-01, 4.6210e-03, 
 2DIAGNOSTIC,     8, -4.667812032718e-01, 1.797693134862e+308, 7.0331e-01, 4.7400e-03, 
 2DIAGNOSTIC,     9, -4.753090114372e-01, 1.797693134862e+308, 7.0803e-01, 4.7109e-03, 
 2DIAGNOSTIC,    10, -4.802481719655e-01, 7.481707542057e-03, 7.1292e-01, 4.8900e-03, 
 2DIAGNOSTIC,    11, -4.821261368877e-01, 7.356704266141e-03, 7.1719e-01, 4.2739e-03, 
 2DIAGNOSTIC,    12, -4.837491005316e-01, 6.749992380104e-03, 7.2211e-01, 4.9181e-03, 
 2DIAGNOSTIC,    13, -5.028244927615e-01, 6.622215038762e-03, 7.2911e-01, 7.0052e-03, 
 2DIAGNOSTIC,    14, -5.042109134421e-01, 6.183615245778e-03, 7.3332e-01, 4.2090e-03, 
 2DIAGNOSTIC,    15, -5.066116081866e-01, 5.558135432445e-03, 7.3757e-01, 4.2470e-03, 
 2DIAGNOSTIC,    16, -5.083451635911e-01, 4.676295421603e-03, 7.4179e-01, 4.2181e-03, 
 2DIAGNOSTIC,    17, -5.184993492746e-01, 3.998770501100e-03, 7.4822e-01, 6.4330e-03, 
 2DIAGNOSTIC,    18, -5.256348855950e-01, 3.769024584085e-03, 7.5240e-01, 4.1819e-03, 
 2DIAGNOSTIC,    19, -5.260487277882e-01, 3.491513206201e-03, 7.5719e-01, 4.7920e-03, 
 2DIAGNOSTIC,    20, -5.292109534402e-01, 3.174906824315e-03, 7.6186e-01, 4.6680e-03, 
 2DIAGNOSTIC,    21, -5.301818270633e-01, 2.681600052170e-03, 7.6616e-01, 4.2958e-03, 
 2DIAGNOSTIC,    22, -5.312241402078e-01, 2.041188916710e-03, 7.7088e-01, 4.7200e-03, 
 2DIAGNOSTIC,    23, -5.321371379937e-01, 1.776979351698e-03, 7.7612e-01, 5.2402e-03, 
 2DIAGNOSTIC,    24, -5.330747217105e-01, 1.429098118633e-03, 7.8036e-01, 4.2441e-03, 
 2DIAGNOSTIC,    25, -5.340979433035e-01, 1.060387503823e-03, 7.8508e-01, 4.7171e-03, 
 2DIAGNOSTIC,    26, -5.353301806529e-01, 6.839347325495e-04, 7.9079e-01, 5.7101e-03, 
 2DIAGNOSTIC,    27, -5.359877856658e-01, 5.005580596134e-04, 7.9500e-01, 4.2131e-03, 
 2DIAGNOSTIC,    28, -5.363338897467e-01, 4.385711961643e-04, 7.9917e-01, 4.1709e-03, 
 2DIAGNOSTIC,    29, -5.373050809179e-01, 3.660297660233e-04, 8.0345e-01, 4.2729e-03, 
 2DIAGNOSTIC,    30, -5.398201300838e-01, 3.715998487211e-04, 8.0838e-01, 4.9300e-03, 
 2DIAGNOSTIC,    31, -5.446420775791e-01, 4.465265557994e-04, 8.1795e-01, 9.5758e-03, 
 2DIAGNOSTIC,    32, -5.446644676998e-01, 4.912623329049e-04, 8.2216e-01, 4.2100e-03, 
 2DIAGNOSTIC,    33, -5.447646108755e-01, 5.056446952562e-04, 8.2641e-01, 4.2489e-03, 
 2DIAGNOSTIC,    34, -5.449310374555e-01, 4.904090909963e-04, 8.3061e-01, 4.1959e-03, 
 2DIAGNOSTIC,    35, -5.452044954064e-01, 4.491537101098e-04, 8.3483e-01, 4.2272e-03, 
 2DIAGNOSTIC,    36, -5.456974459841e-01, 3.933098516335e-04, 8.3911e-01, 4.2801e-03, 
 2DIAGNOSTIC,    37, -5.462998654087e-01, 3.227893086754e-04, 8.4331e-01, 4.1959e-03, 
 2DIAGNOSTIC,    38, -5.470544283711e-01, 2.429349117381e-04, 8.4745e-01, 4.1389e-03, 
 2DIAGNOSTIC,    39, -5.483332770037e-01, 1.763365257572e-04, 8.5213e-01, 4.6821e-03, 
 2DIAGNOSTIC,    40, -5.485726161603e-01, 1.327643050937e-04, 8.5630e-01, 4.1661e-03, 
 2DIAGNOSTIC,    41, -5.488485237265e-01, 1.482744221788e-04, 8.6099e-01, 4.6971e-03, 
 2DIAGNOSTIC,    42, -5.491457016342e-01, 1.532236207480e-04, 8.6523e-01, 4.2369e-03, 
 2DIAGNOSTIC,    43, -5.502470739387e-01, 1.586895626437e-04, 8.7032e-01, 5.0862e-03, 
 2DIAGNOSTIC,    44, -5.634825352699e-01, 3.167387792959e-04, 8.7637e-01, 6.0489e-03, 
 2DIAGNOSTIC,    45, -5.665849004670e-01, 4.738217807447e-04, 8.8110e-01, 4.7381e-03, 
 2DIAGNOSTIC,    46, -5.687369946101e-01, 6.109876219615e-04, 8.8586e-01, 4.7541e-03, 
 2DIAGNOSTIC,    47, -5.690958098111e-01, 6.967638732590e-04, 8.9065e-01, 4.7941e-03, 
 2DIAGNOSTIC,    48, -5.694304695962e-01, 7.241534842815e-04, 8.9493e-01, 4.2760e-03, 
 2DIAGNOSTIC,    49, -5.697191998791e-01, 6.963177887245e-04, 8.9939e-01, 4.4658e-03, 
 2DIAGNOSTIC,    50, -5.705656257090e-01, 6.139546867418e-04, 9.0543e-01, 6.0339e-03, 
 2DIAGNOSTIC,    51, -5.709134273002e-01, 4.847573802386e-04, 9.1101e-01, 5.5799e-03, 
 2DIAGNOSTIC,    52, -5.712086634614e-01, 3.225935184502e-04, 9.1528e-01, 4.2739e-03, 
 2DIAGNOSTIC,    53, -5.715742094770e-01, 1.481707223525e-04, 9.2030e-01, 5.0130e-03, 
 2DIAGNOSTIC,    54, -5.727035990044e-01, 1.102278790068e-04, 9.2537e-01, 5.0709e-03, 
 2DIAGNOSTIC,    55, -5.742375305165e-01, 1.080089871661e-04, 9.3241e-01, 7.0431e-03, 
 2DIAGNOSTIC,    56, -5.744388400038e-01, 1.179410559019e-04, 9.3726e-01, 4.8559e-03, 
 2DIAGNOSTIC,    57, -5.746796786605e-01, 1.222067302690e-04, 9.4261e-01, 5.3420e-03, 
 2DIAGNOSTIC,    58, -5.747671511754e-01, 1.187159469980e-04, 9.4741e-01, 4.8032e-03, 
 2DIAGNOSTIC,    59, -5.747132110551e-01, 1.058092882999e-04, 9.5170e-01, 4.2930e-03, 
 2DIAGNOSTIC,    60, -5.749725265908e-01, 9.293901394537e-05, 9.5673e-01, 5.0290e-03, 
 2DIAGNOSTIC,    61, -5.750794675487e-01, 7.563005510272e-05, 9.6128e-01, 4.5481e-03, 
 2DIAGNOSTIC,    62, -5.751817267659e-01, 5.533740064873e-05, 9.6606e-01, 4.7820e-03, 
 2DIAGNOSTIC,    63, -5.755221828694e-01, 3.638265852510e-05, 9.7077e-01, 4.7050e-03, 
 2DIAGNOSTIC,    64, -5.762424977468e-01, 2.968642128272e-05, 9.7548e-01, 4.7131e-03, 
 2DIAGNOSTIC,    65, -5.781285064026e-01, 4.830394759704e-05, 9.8143e-01, 5.9519e-03, 
 2DIAGNOSTIC,    66, -5.786964378044e-01, 6.752155290857e-05, 9.8621e-01, 4.7798e-03, 
 2DIAGNOSTIC,    67, -5.794106613271e-01, 8.737883328918e-05, 9.9168e-01, 5.4729e-03, 
 2DIAGNOSTIC,    68, -5.783720648828e-01, 9.092719794958e-05, 9.9667e-01, 4.9870e-03, 
 2DIAGNOSTIC,    69, -5.797458721893e-01, 9.598122978987e-05, 1.0027e+00, 6.0620e-03, 
 2DIAGNOSTIC,    70, -5.809226159971e-01, 1.020028419280e-04, 1.0074e+00, 4.6401e-03, 
 2DIAGNOSTIC,    71, -5.829909995086e-01, 1.139777035830e-04, 1.0120e+00, 4.5950e-03, 
 2DIAGNOSTIC,    72, -5.843610634425e-01, 1.254440610456e-04, 1.0170e+00, 5.0261e-03, 
 2DIAGNOSTIC,    73, -5.854461615437e-01, 1.350258625717e-04, 1.0234e+00, 6.4471e-03, 
 2DIAGNOSTIC,    74, -5.857086830897e-01, 1.380781298767e-04, 1.0283e+00, 4.8552e-03, 
 2DIAGNOSTIC,    75, -5.867792534733e-01, 1.483374610031e-04, 1.0328e+00, 4.5371e-03, 
 2DIAGNOSTIC,    76, -5.882156542438e-01, 1.574713032848e-04, 1.0372e+00, 4.4062e-03, 
 2DIAGNOSTIC,    77, -5.884950093090e-01, 1.580332283037e-04, 1.0415e+00, 4.3089e-03, 
 2DIAGNOSTIC,    78, -5.891529778448e-01, 1.408884512297e-04, 1.0474e+00, 5.8739e-03, 
 2DIAGNOSTIC,    79, -5.893803041109e-01, 1.213560749878e-04, 1.0519e+00, 4.5061e-03, 
 2DIAGNOSTIC,    80, -5.896113026570e-01, 9.962057198214e-05, 1.0571e+00, 5.1820e-03, 
 2DIAGNOSTIC,    81, -5.903563333516e-01, 8.678537683339e-05, 1.0631e+00, 5.9631e-03, 
 2DIAGNOSTIC,    82, -5.905983707282e-01, 7.599069125734e-05, 1.0679e+00, 4.8170e-03, 
 2DIAGNOSTIC,    83, -5.906651337186e-01, 6.556671539732e-05, 1.0730e+00, 5.1351e-03, 
 2DIAGNOSTIC,    84, -5.908853289742e-01, 5.210141566270e-05, 1.0784e+00, 5.3611e-03, 
 2DIAGNOSTIC,    85, -5.913819624211e-01, 4.337481690596e-05, 1.0850e+00, 6.5670e-03, 
 2DIAGNOSTIC,    86, -5.914778590403e-01, 3.986683253153e-05, 1.0898e+00, 4.8709e-03, 
 2DIAGNOSTIC,    87, -5.917751020596e-01, 3.600525189465e-05, 1.0952e+00, 5.3451e-03, 
 2DIAGNOSTIC,    88, -5.923928288882e-01, 3.636853324501e-05, 1.1010e+00, 5.8739e-03, 
 2DIAGNOSTIC,    89, -5.926762268648e-01, 3.615542889915e-05, 1.1081e+00, 7.0601e-03, 
 2DIAGNOSTIC,    90, -5.927144434287e-01, 3.391126072825e-05, 1.1128e+00, 4.6630e-03, 
 2DIAGNOSTIC,    91, -5.928994337643e-01, 3.380584764190e-05, 1.1177e+00, 4.9019e-03, 
 2DIAGNOSTIC,    92, -5.930331528072e-01, 3.259144532269e-05, 1.1230e+00, 5.3182e-03, 
 2DIAGNOSTIC,    93, -5.930925925510e-01, 2.892375930807e-05, 1.1277e+00, 4.6721e-03, 
 2DIAGNOSTIC,    94, -5.931447639854e-01, 2.400785837912e-05, 1.1324e+00, 4.7500e-03, 
 2DIAGNOSTIC,    95, -5.932187050195e-01, 2.007288299256e-05, 1.1367e+00, 4.3221e-03, 
 2DIAGNOSTIC,    96, -5.935640651071e-01, 1.668754975220e-05, 1.1431e+00, 6.4120e-03, 
 2DIAGNOSTIC,    97, -5.935655479564e-01, 1.325289362576e-05, 1.1475e+00, 4.3268e-03, 
 2DIAGNOSTIC,    98, -5.935665832540e-01, 1.189342552099e-05, 1.1521e+00, 4.5960e-03, 
 2DIAGNOSTIC,    99, -5.935678010280e-01, 1.096592689247e-05, 1.1568e+00, 4.7791e-03, 
 2DIAGNOSTIC,   100, -5.935728918192e-01, 9.225348337099e-06, 1.1616e+00, 4.7641e-03, 
 2DIAGNOSTIC,   101, -5.935746223894e-01, 7.569226366938e-06, 1.1753e+00, 1.3675e-02, 
 2DIAGNOSTIC,   102, -5.935746223517e-01, 5.915646765208e-06, 1.1888e+00, 1.3549e-02, 
 2DIAGNOSTIC,   103, -5.935746223517e-01, 4.077939285670e-06, 1.1939e+00, 5.0919e-03, 
 2DIAGNOSTIC,   104, -5.935746223517e-01, 2.182832121949e-06, 1.1992e+00, 5.3089e-03, 
DIAGNOSTIC,Iteration,metricValue,convergenceValue,ITERATION_TIME_INDEX,SINCE_LAST
 2DIAGNOSTIC,     1, -4.817406218006e-01, 1.797693134862e+308, 1.9294e+00, 7.3018e-01, 
 2DIAGNOSTIC,     2, -4.826175409295e-01, 1.797693134862e+308, 1.9569e+00, 2.7472e-02, 
 2DIAGNOSTIC,     3, -4.838451495212e-01, 1.797693134862e+308, 1.9856e+00, 2.8763e-02, 
 2DIAGNOSTIC,     4, -4.853667814389e-01, 1.797693134862e+308, 2.0156e+00, 2.9923e-02, 
 2DIAGNOSTIC,     5, -4.861851858789e-01, 1.797693134862e+308, 2.0438e+00, 2.8213e-02, 
 2DIAGNOSTIC,     6, -4.870044486870e-01, 1.797693134862e+308, 2.0724e+00, 2.8619e-02, 
 2DIAGNOSTIC,     7, -4.881782177946e-01, 1.797693134862e+308, 2.0990e+00, 2.6621e-02, 
 2DIAGNOSTIC,     8, -4.887923744643e-01, 1.797693134862e+308, 2.1351e+00, 3.6093e-02, 
 2DIAGNOSTIC,     9, -4.894075770860e-01, 1.797693134862e+308, 2.1717e+00, 3.6627e-02, 
 2DIAGNOSTIC,    10, -4.894686943048e-01, 1.089223639949e-03, 2.1983e+00, 2.6570e-02, 
 2DIAGNOSTIC,    11, -4.896274555908e-01, 8.615893219257e-04, 2.2283e+00, 2.9962e-02, 
 2DIAGNOSTIC,    12, -4.898088660613e-01, 6.455348073446e-04, 2.2554e+00, 2.7132e-02, 
 2DIAGNOSTIC,    13, -4.898889009593e-01, 4.617918375356e-04, 2.2819e+00, 2.6516e-02, 
 2DIAGNOSTIC,    14, -4.900078018168e-01, 3.308742491495e-04, 2.3094e+00, 2.7493e-02, 
 2DIAGNOSTIC,    15, -4.905389309985e-01, 2.398466332260e-04, 2.3520e+00, 4.2559e-02, 
 2DIAGNOSTIC,    16, -4.915316251695e-01, 2.032681499347e-04, 2.3852e+00, 3.3235e-02, 
 2DIAGNOSTIC,    17, -4.916590204705e-01, 1.959415818664e-04, 2.4259e+00, 4.0689e-02, 
 2DIAGNOSTIC,    18, -4.917586329393e-01, 1.946038735828e-04, 2.4544e+00, 2.8502e-02, 
 2DIAGNOSTIC,    19, -4.921343306681e-01, 2.063065344370e-04, 2.4835e+00, 2.9098e-02, 
 2DIAGNOSTIC,    20, -4.928226424322e-01, 2.189739963913e-04, 2.5143e+00, 3.0804e-02, 
 2DIAGNOSTIC,    21, -4.931124588362e-01, 2.216262882280e-04, 2.5450e+00, 3.0705e-02, 
 2DIAGNOSTIC,    22, -4.933310697269e-01, 2.142585077937e-04, 2.5744e+00, 2.9341e-02, 
 2DIAGNOSTIC,    23, -4.933904070575e-01, 1.917613901910e-04, 2.6158e+00, 4.1412e-02, 
 2DIAGNOSTIC,    24, -4.934027409967e-01, 1.563741861716e-04, 2.6454e+00, 2.9614e-02, 
 2DIAGNOSTIC,    25, -4.934223105514e-01, 1.212500629604e-04, 2.6795e+00, 3.4078e-02, 
 2DIAGNOSTIC,    26, -4.934519184872e-01, 1.002968267246e-04, 2.7144e+00, 3.4990e-02, 
 2DIAGNOSTIC,    27, -4.934665636597e-01, 7.479179317103e-05, 2.7497e+00, 3.5229e-02, 
 2DIAGNOSTIC,    28, -4.934661308410e-01, 4.624862608313e-05, 2.7831e+00, 3.3375e-02, 
 2DIAGNOSTIC,    29, -4.934761135456e-01, 2.289080138133e-05, 2.8145e+00, 3.1413e-02, 
 2DIAGNOSTIC,    30, -4.935065685856e-01, 1.283016801023e-05, 2.8421e+00, 2.7636e-02, 
 2DIAGNOSTIC,    31, -4.935096133068e-01, 7.659559229135e-06, 2.8704e+00, 2.8345e-02, 
 2DIAGNOSTIC,    32, -4.935234994375e-01, 6.376081150408e-06, 2.9059e+00, 3.5427e-02, 
 2DIAGNOSTIC,    33, -4.935131359999e-01, 5.528261308251e-06, 2.9345e+00, 2.8620e-02, 
 2DIAGNOSTIC,    34, -4.935233347960e-01, 4.686369868646e-06, 2.9669e+00, 3.2399e-02, 
 2DIAGNOSTIC,    35, -4.935268195478e-01, 3.894867804811e-06, 3.0059e+00, 3.9026e-02, 
 2DIAGNOSTIC,    36, -4.935156806861e-01, 3.151204709718e-06, 3.0393e+00, 3.3368e-02, 
 2DIAGNOSTIC,    37, -4.935516545873e-01, 3.039646265777e-06, 3.0728e+00, 3.3507e-02, 
 2DIAGNOSTIC,    38, -4.935492847042e-01, 2.670573547241e-06, 3.1060e+00, 3.3176e-02, 
 2DIAGNOSTIC,    39, -4.935091744001e-01, 1.692604382850e-06, 3.1435e+00, 3.7549e-02, 
 2DIAGNOSTIC,    40, -4.935255676398e-01, 1.381015317055e-06, 3.1773e+00, 3.3755e-02, 
DIAGNOSTIC,Iteration,metricValue,convergenceValue,ITERATION_TIME_INDEX,SINCE_LAST
 2DIAGNOSTIC,     1, -4.341694903824e-01, 1.797693134862e+308, 4.2194e+00, 1.0422e+00, 
 2DIAGNOSTIC,     2, -4.343351049606e-01, 1.797693134862e+308, 4.4531e+00, 2.3371e-01, 
 2DIAGNOSTIC,     3, -4.344641599421e-01, 1.797693134862e+308, 4.6900e+00, 2.3683e-01, 
 2DIAGNOSTIC,     4, -4.345444576151e-01, 1.797693134862e+308, 4.9317e+00, 2.4177e-01, 
 2DIAGNOSTIC,     5, -4.345971752260e-01, 1.797693134862e+308, 5.1673e+00, 2.3558e-01, 
 2DIAGNOSTIC,     6, -4.347807991624e-01, 1.797693134862e+308, 5.4580e+00, 2.9070e-01, 
 2DIAGNOSTIC,     7, -4.351779912930e-01, 1.797693134862e+308, 6.0235e+00, 5.6548e-01, 
 2DIAGNOSTIC,     8, -4.351881275618e-01, 1.797693134862e+308, 6.2561e+00, 2.3262e-01, 
 2DIAGNOSTIC,     9, -4.351914960456e-01, 1.797693134862e+308, 6.4997e+00, 2.4365e-01, 
 2DIAGNOSTIC,    10, -4.351917762414e-01, 1.734617873443e-04, 6.7074e+00, 2.0767e-01, 
 2DIAGNOSTIC,    11, -4.351954652241e-01, 1.390792232656e-04, 6.9479e+00, 2.4051e-01, 
 2DIAGNOSTIC,    12, -4.352014336526e-01, 1.070582242450e-04, 7.1967e+00, 2.4877e-01, 
 2DIAGNOSTIC,    13, -4.352083937676e-01, 7.735531940652e-05, 7.4476e+00, 2.5087e-01, 
 2DIAGNOSTIC,    14, -4.352154376160e-01, 4.950018456411e-05, 7.6801e+00, 2.3253e-01, 
 2DIAGNOSTIC,    15, -4.352188838241e-01, 2.348136757387e-05, 7.9571e+00, 2.7702e-01, 
 2DIAGNOSTIC,    16, -4.352208757104e-01, 5.881802300073e-06, 8.2776e+00, 3.2049e-01, 
 2DIAGNOSTIC,    17, -4.352209194868e-01, 5.253419032000e-06, 8.5466e+00, 2.6897e-01, 
 2DIAGNOSTIC,    18, -4.352198165239e-01, 4.706103287462e-06, 8.8057e+00, 2.5915e-01, 
 2DIAGNOSTIC,    19, -4.352170500298e-01, 3.966295115766e-06, 9.1164e+00, 3.1070e-01, 
 2DIAGNOSTIC,    20, -4.352162395831e-01, 3.072054858923e-06, 9.4031e+00, 2.8671e-01, 
 2DIAGNOSTIC,    21, -4.352137081732e-01, 2.159636506613e-06, 9.6797e+00, 2.7657e-01, 
 2DIAGNOSTIC,    22, -4.352132864907e-01, 1.433452452279e-06, 9.9643e+00, 2.8460e-01, 
DIAGNOSTIC,Iteration,metricValue,convergenceValue,ITERATION_TIME_INDEX,SINCE_LAST
 2DIAGNOSTIC,     1, -4.014963029255e-01, 1.797693134862e+308, 1.2626e+01, 2.6613e+00, 
 2DIAGNOSTIC,     2, -4.016613586718e-01, 1.797693134862e+308, 1.4132e+01, 1.5068e+00, 
 2DIAGNOSTIC,     3, -4.018542538323e-01, 1.797693134862e+308, 1.5439e+01, 1.3062e+00, 
 2DIAGNOSTIC,     4, -4.019336010646e-01, 1.797693134862e+308, 1.6850e+01, 1.4116e+00, 
 2DIAGNOSTIC,     5, -4.020563262808e-01, 1.797693134862e+308, 1.9782e+01, 2.9322e+00, 
 2DIAGNOSTIC,     6, -4.020561973187e-01, 1.797693134862e+308, 2.1179e+01, 1.3965e+00, 
 2DIAGNOSTIC,     7, -4.020629127516e-01, 1.797693134862e+308, 2.2729e+01, 1.5500e+00, 
 2DIAGNOSTIC,     8, -4.020676424825e-01, 1.797693134862e+308, 2.4190e+01, 1.4614e+00, 
 2DIAGNOSTIC,     9, -4.020786210179e-01, 1.797693134862e+308, 2.5595e+01, 1.4045e+00, 
 2DIAGNOSTIC,    10, -4.020905347871e-01, 8.583538627518e-05, 2.7009e+01, 1.4138e+00, 
 2DIAGNOSTIC,    11, -4.020973464007e-01, 5.114237379963e-05, 2.8401e+01, 1.3925e+00, 
 2DIAGNOSTIC,    12, -4.021101040486e-01, 2.823243469578e-05, 2.9848e+01, 1.4466e+00, 
 2DIAGNOSTIC,    13, -4.021357671994e-01, 1.836911464090e-05, 3.1217e+01, 1.3695e+00, 
 2DIAGNOSTIC,    14, -4.021673730329e-01, 1.386385154865e-05, 3.2733e+01, 1.5158e+00, 
 2DIAGNOSTIC,    15, -4.022523839657e-01, 1.866884201637e-05, 3.4987e+01, 2.2542e+00, 
 2DIAGNOSTIC,    16, -4.022886634607e-01, 2.287323533680e-05, 3.6547e+01, 1.5597e+00, 
 2DIAGNOSTIC,    17, -4.022908130593e-01, 2.504353894055e-05, 3.8005e+01, 1.4579e+00, 
 2DIAGNOSTIC,    18, -4.023092149130e-01, 2.578360457028e-05, 3.9636e+01, 1.6311e+00, 
 2DIAGNOSTIC,    19, -4.023285372420e-01, 2.531370215326e-05, 4.3213e+01, 3.5771e+00, 
 2DIAGNOSTIC,    20, -4.023290332787e-01, 2.307605195669e-05, 4.5114e+01, 1.9011e+00, 
 2DIAGNOSTIC,    21, -4.023290529865e-01, 1.928144964321e-05, 4.6608e+01, 1.4939e+00, 
 2DIAGNOSTIC,    22, -4.023289859395e-01, 1.461664709346e-05, 4.8101e+01, 1.4924e+00, 
 2DIAGNOSTIC,    23, -4.023284084794e-01, 9.906518415141e-06, 4.9587e+01, 1.4862e+00, 
 2DIAGNOSTIC,    24, -4.023288954155e-01, 5.666191164405e-06, 5.1215e+01, 1.6282e+00, 
 2DIAGNOSTIC,    25, -4.023291026620e-01, 3.743751957781e-06, 5.2927e+01, 1.7117e+00, 
 2DIAGNOSTIC,    26, -4.023289464847e-01, 2.731421414971e-06, 5.4408e+01, 1.4817e+00, 
 2DIAGNOSTIC,    27, -4.023288704185e-01, 1.699375919227e-06, 5.5785e+01, 1.3765e+00, 
 2DIAGNOSTIC,    28, -4.023288010182e-01, 1.141150117692e-06, 5.7365e+01, 1.5797e+00, 
 2DIAGNOSTIC,    29, -4.023288270283e-01, 1.091942227111e-06, 5.8873e+01, 1.5087e+00, 
 2DIAGNOSTIC,    30, -4.023286946410e-01, 1.054662324508e-06, 6.0888e+01, 2.0152e+00, 
 2DIAGNOSTIC,    31, -4.023286210613e-01, 1.019320526978e-06, 6.2492e+01, 1.6035e+00, 
  Elapsed time (stage 0): 6.3339e+01


Total elapsed time: 6.3341e+01
Info [verificarlo]: loaded backend libinterflop_vprec.so
Info [interflop-vprec]: load backend with: 
Info [interflop-vprec]: precision-binary32 = 21
Info [interflop-vprec]: range-binary32 = 8
Info [interflop-vprec]: precision-binary64 = 21
Info [interflop-vprec]: range-binary64 = 8
Info [interflop-vprec]: mode = ob
Info [interflop-vprec]: error-mode = rel
Info [interflop-vprec]: max-abs-error-exponent = -1022
Info [interflop-vprec]: daz = false
Info [interflop-vprec]: ftz = false
Info [interflop-vprec]: 	instrument = none
Info [interflop-vprec]: 	prec-input-file = (null)
Info [interflop-vprec]: 	prec-output-file = (null)
Info [interflop-vprec]: 	prec-log-file = (null)
All_Command_lines_OK
Using double precision for computations.
=============================================================================
The composite transform comprises the following transforms (in order): 
  1. /home/mdugre/scratch/mri-registration-rp/datasets/ds004513/derivatives/mri-registration-rp/0011/antsRegistration-r8-p21/sub-s037/rigid_Composite.h5[0] (type = Euler3DTransform)
  2. /home/mdugre/scratch/mri-registration-rp/datasets/ds004513/derivatives/mri-registration-rp/0011/antsRegistration-r8-p21/sub-s037/rigid_Composite.h5[1] (type = Euler3DTransform)
  3. /home/mdugre/scratch/mri-registration-rp/datasets/ds004513/derivatives/mri-registration-rp/0011/antsRegistration-r8-p21/sub-s037/rigid_Composite.h5[2] (type = Euler3DTransform)
=============================================================================
  number of levels = 4
  fixed image: /templateflow/tpl-MNI152NLin2009cAsym/tpl-MNI152NLin2009cAsym_res-01_desc-brain_T1w.nii.gz
  moving image: /home/mdugre/scratch/mri-registration-rp/datasets/ds004513/derivatives/mri-registration-rp/antsBrainExtraction/sub-s037/BrainExtractionBrain.nii.gz
Dimension = 3
Number of stages = 1
Use histogram matching = false
Winsorize image intensities = true
  Lower quantile = 0.005
  Upper quantile = 0.995


Stage 1 State
   Image metric = MattesMI
     Fixed image = Image (0x416e490)
  RTTI typeinfo:   itk::Image<double, 3u>
  Reference Count: 2
  Modified Time: 1592
  Debug: Off
  Object Name: 
  Observers: 
    none
  Source: (none)
  Source output name: (none)
  Release Data: Off
  Data Released: False
  Global Release Data: Off
  PipelineMTime: 0
  UpdateMTime: 1203
  RealTimeStamp: 0 seconds 
  LargestPossibleRegion: 
    Dimension: 3
    Index: [0, 0, 0]
    Size: [193, 229, 193]
  BufferedRegion: 
    Dimension: 3
    Index: [0, 0, 0]
    Size: [193, 229, 193]
  RequestedRegion: 
    Dimension: 3
    Index: [0, 0, 0]
    Size: [193, 229, 193]
  Spacing: [1, 1, 1]
  Origin: [96, 132, -78]
  Direction: 
-1 0 0
0 -1 0
0 0 1

  IndexToPointMatrix: 
-1 0 0
0 -1 0
0 0 1

  PointToIndexMatrix: 
-1 0 0
0 -1 0
0 0 1

  Inverse Direction: 
-1 0 0
0 -1 0
0 0 1

  PixelContainer: 
    ImportImageContainer (0x42398c0)
      RTTI typeinfo:   itk::ImportImageContainer<unsigned long, double>
      Reference Count: 1
      Modified Time: 1200
      Debug: Off
      Object Name: 
      Observers: 
        none
      Pointer: 0x14beb2a1f010
      Container manages memory: true
      Size: 8530021
      Capacity: 8530021

     Moving image = Image (0x4229b60)
  RTTI typeinfo:   itk::Image<double, 3u>
  Reference Count: 2
  Modified Time: 1593
  Debug: Off
  Object Name: 
  Observers: 
    none
  Source: (none)
  Source output name: (none)
  Release Data: Off
  Data Released: False
  Global Release Data: Off
  PipelineMTime: 0
  UpdateMTime: 1590
  RealTimeStamp: 0 seconds 
  LargestPossibleRegion: 
    Dimension: 3
    Index: [0, 0, 0]
    Size: [160, 240, 256]
  BufferedRegion: 
    Dimension: 3
    Index: [0, 0, 0]
    Size: [160, 240, 256]
  RequestedRegion: 
    Dimension: 3
    Index: [0, 0, 0]
    Size: [160, 240, 256]
  Spacing: [1, 1, 1]
  Origin: [87.9508, 102.562, -147.639]
  Direction: 
-0.998658 -0.043612 -0.0279129
0.043595 -0.999048 0.00121847
-0.0279395 -2.65543e-08 0.999609

  IndexToPointMatrix: 
-0.998658 -0.043612 -0.0279129
0.043595 -0.999048 0.00121847
-0.0279395 -2.65543e-08 0.999609

  PointToIndexMatrix: 
-0.99866 0.043595 -0.0279395
-0.0436121 -0.999049 0
-0.027913 0.0012185 0.99961

  Inverse Direction: 
-0.99866 0.043595 -0.0279395
-0.0436121 -0.999049 0
-0.027913 0.0012185 0.99961

  PixelContainer: 
    ImportImageContainer (0x42bd1d0)
      RTTI typeinfo:   itk::ImportImageContainer<unsigned long, double>
      Reference Count: 1
      Modified Time: 1587
      Debug: Off
      Object Name: 
      Observers: 
        none
      Pointer: 0x14beadf1e010
      Container manages memory: true
      Size: 9830400
      Capacity: 9830400

     Weighting = 1
     Sampling strategy = regular
     Number of bins = 32
     Radius = 4
     Sampling percentage  = 0.25
   Transform = Affine
     Gradient step = 0.1
     Update field sigma (voxel space) = 0
     Total field sigma (voxel space) = 0
     Update field time sigma = 0
     Total field time sigma  = 0
     Number of time indices = 0
     Number of time point samples = 0
Registration using 1 total stages.

Stage 0
  iterations = 1000x500x250x100
  convergence threshold = 1e-06
  convergence window size = 10
  number of levels = 4
  using the Mattes MI metric (number of bins = 32, weight = 1, use gradient filter = 0)
  preprocessing:  winsorizing the image intensities
  Shrink factors (level 1 out of 4): [8, 8, 8]
  Shrink factors (level 2 out of 4): [4, 4, 4]
  Shrink factors (level 3 out of 4): [2, 2, 2]
  Shrink factors (level 4 out of 4): [1, 1, 1]
  smoothing sigmas per level: [3, 2, 1, 0]
  regular sampling (percentage = 0.25)

*** Running AffineTransform registration ***

DIAGNOSTIC,Iteration,metricValue,convergenceValue,ITERATION_TIME_INDEX,SINCE_LAST
 2DIAGNOSTIC,     1, -5.821998720200e-01, 1.797693134862e+308, 0.0000e+00, 0.0000e+00, 
 2DIAGNOSTIC,     2, -5.839345553410e-01, 1.797693134862e+308, 0.0000e+00, 0.0000e+00, 
 2DIAGNOSTIC,     3, -5.868363691033e-01, 1.797693134862e+308, 0.0000e+00, 0.0000e+00, 
 2DIAGNOSTIC,     4, -5.924617890678e-01, 1.797693134862e+308, 0.0000e+00, 0.0000e+00, 
 2DIAGNOSTIC,     5, -6.026907155126e-01, 1.797693134862e+308, 0.0000e+00, 0.0000e+00, 
 2DIAGNOSTIC,     6, -6.150001280165e-01, 1.797693134862e+308, 0.0000e+00, 0.0000e+00, 
 2DIAGNOSTIC,     7, -6.332842067044e-01, 1.797693134862e+308, 0.0000e+00, 0.0000e+00, 
 2DIAGNOSTIC,     8, -6.765921082918e-01, 1.797693134862e+308, 0.0000e+00, 0.0000e+00, 
 2DIAGNOSTIC,     9, -7.013897798940e-01, 1.797693134862e+308, 0.0000e+00, 0.0000e+00, 
 2DIAGNOSTIC,    10, -7.013360388392e-01, 1.385462360603e-02, 0.0000e+00, 0.0000e+00, 
 2DIAGNOSTIC,    11, -7.066461590853e-01, 1.370964762714e-02, 0.0000e+00, 0.0000e+00, 
 2DIAGNOSTIC,    12, -7.127670005903e-01, 1.264987879831e-02, 0.0000e+00, 0.0000e+00, 
 2DIAGNOSTIC,    13, -7.167375271566e-01, 1.083632440193e-02, 0.0000e+00, 0.0000e+00, 
 2DIAGNOSTIC,    14, -7.187395973771e-01, 8.554801076791e-03, 0.0000e+00, 0.0000e+00, 
 2DIAGNOSTIC,    15, -7.182794892912e-01, 6.128853798316e-03, 0.0000e+00, 0.0000e+00, 
 2DIAGNOSTIC,    16, -7.183176482017e-01, 3.816789432809e-03, 0.0000e+00, 0.0000e+00, 
 2DIAGNOSTIC,    17, -7.184175452975e-01, 1.886030726999e-03, 0.0000e+00, 0.0000e+00, 
 2DIAGNOSTIC,    18, -7.182991348467e-01, 1.018348188359e-03, 0.0000e+00, 0.0000e+00, 
 2DIAGNOSTIC,    19, -7.182727882062e-01, 7.109820981830e-04, 0.0000e+00, 0.0000e+00, 
 2DIAGNOSTIC,    20, -7.182636286622e-01, 3.692080108696e-04, 0.0000e+00, 0.0000e+00, 
 2DIAGNOSTIC,    21, -7.182290998362e-01, 1.319511436998e-04, 0.0000e+00, 0.0000e+00, 
 2DIAGNOSTIC,    22, -7.180708757816e-01, 1.750490280242e-05, 0.0000e+00, 0.0000e+00, 
DIAGNOSTIC,Iteration,metricValue,convergenceValue,ITERATION_TIME_INDEX,SINCE_LAST
 2DIAGNOSTIC,     1, -5.914964517685e-01, 1.797693134862e+308, 0.0000e+00, 0.0000e+00, 
 2DIAGNOSTIC,     2, -5.924117937954e-01, 1.797693134862e+308, 0.0000e+00, 0.0000e+00, 
 2DIAGNOSTIC,     3, -5.937056712748e-01, 1.797693134862e+308, 0.0000e+00, 0.0000e+00, 
 2DIAGNOSTIC,     4, -5.953537979881e-01, 1.797693134862e+308, 0.0000e+00, 0.0000e+00, 
 2DIAGNOSTIC,     5, -5.968890138267e-01, 1.797693134862e+308, 0.0000e+00, 0.0000e+00, 
 2DIAGNOSTIC,     6, -5.984230519623e-01, 1.797693134862e+308, 0.0000e+00, 0.0000e+00, 
 2DIAGNOSTIC,     7, -5.988532100848e-01, 1.797693134862e+308, 0.0000e+00, 0.0000e+00, 
 2DIAGNOSTIC,     8, -5.990829379212e-01, 1.797693134862e+308, 0.0000e+00, 0.0000e+00, 
 2DIAGNOSTIC,     9, -5.991655123476e-01, 1.797693134862e+308, 0.0000e+00, 0.0000e+00, 
 2DIAGNOSTIC,    10, -5.991585084566e-01, 9.192489504946e-04, 0.0000e+00, 0.0000e+00, 
 2DIAGNOSTIC,    11, -5.991485290358e-01, 6.641792392031e-04, 0.0000e+00, 0.0000e+00, 
 2DIAGNOSTIC,    12, -5.991536639463e-01, 4.288518780323e-04, 0.0000e+00, 0.0000e+00, 
 2DIAGNOSTIC,    13, -5.991526205992e-01, 2.383597020896e-04, 0.0000e+00, 0.0000e+00, 
 2DIAGNOSTIC,    14, -5.991888386734e-01, 1.102930803553e-04, 0.0000e+00, 0.0000e+00, 
 2DIAGNOSTIC,    15, -5.992200270976e-01, 3.803207326580e-05, 0.0000e+00, 0.0000e+00, 
 2DIAGNOSTIC,    16, -5.992592955581e-01, 1.805992170995e-05, 0.0000e+00, 0.0000e+00, 
 2DIAGNOSTIC,    17, -5.992664980325e-01, 1.103590879389e-05, 0.0000e+00, 0.0000e+00, 
 2DIAGNOSTIC,    18, -5.993393949412e-01, 1.189092395079e-05, 0.0000e+00, 0.0000e+00, 
 2DIAGNOSTIC,    19, -5.994340042374e-01, 1.610393135871e-05, 0.0000e+00, 0.0000e+00, 
 2DIAGNOSTIC,    20, -5.995020107804e-01, 1.995220560067e-05, 0.0000e+00, 0.0000e+00, 
 2DIAGNOSTIC,    21, -5.997148458085e-01, 2.631426047235e-05, 0.0000e+00, 0.0000e+00, 
 2DIAGNOSTIC,    22, -6.003014820592e-01, 4.249156601999e-05, 0.0000e+00, 0.0000e+00, 
 2DIAGNOSTIC,    23, -6.003991349087e-01, 5.510882375395e-05, 0.0000e+00, 0.0000e+00, 
 2DIAGNOSTIC,    24, -6.003509781706e-01, 6.150508756974e-05, 0.0000e+00, 0.0000e+00, 
 2DIAGNOSTIC,    25, -6.003409148230e-01, 6.232892878017e-05, 0.0000e+00, 0.0000e+00, 
 2DIAGNOSTIC,    26, -6.003384831719e-01, 5.797442784398e-05, 0.0000e+00, 0.0000e+00, 
 2DIAGNOSTIC,    27, -6.003321832250e-01, 4.840856310068e-05, 0.0000e+00, 0.0000e+00, 
 2DIAGNOSTIC,    28, -6.003247808750e-01, 3.614910789899e-05, 0.0000e+00, 0.0000e+00, 
 2DIAGNOSTIC,    29, -6.003188510157e-01, 2.305972495263e-05, 0.0000e+00, 0.0000e+00, 
 2DIAGNOSTIC,    30, -6.003246329361e-01, 9.982880117471e-06, 0.0000e+00, 0.0000e+00, 
DIAGNOSTIC,Iteration,metricValue,convergenceValue,ITERATION_TIME_INDEX,SINCE_LAST
 2DIAGNOSTIC,     1, -5.250847996961e-01, 1.797693134862e+308, 0.0000e+00, 0.0000e+00, 
 2DIAGNOSTIC,     2, -5.253957117205e-01, 1.797693134862e+308, 0.0000e+00, 0.0000e+00, 
 2DIAGNOSTIC,     3, -5.257511127618e-01, 1.797693134862e+308, 0.0000e+00, 0.0000e+00, 
 2DIAGNOSTIC,     4, -5.261161326442e-01, 1.797693134862e+308, 0.0000e+00, 0.0000e+00, 
 2DIAGNOSTIC,     5, -5.265313623765e-01, 1.797693134862e+308, 0.0000e+00, 0.0000e+00, 
 2DIAGNOSTIC,     6, -5.269100250243e-01, 1.797693134862e+308, 0.0000e+00, 0.0000e+00, 
 2DIAGNOSTIC,     7, -5.270410535549e-01, 1.797693134862e+308, 0.0000e+00, 0.0000e+00, 
 2DIAGNOSTIC,     8, -5.271178548956e-01, 1.797693134862e+308, 0.0000e+00, 0.0000e+00, 
