
##########################
# Experiment information #
##########################

EXPERIMENT_NAME: antsRegistration-r7-p21
VFC_BACKENDS: libinterflop_vprec.so --range-binary32=7 --precision-binary32=21 --range-binary64=7 --precision-binary64=21

SIF_IMG: /home/mdugre/projects/rrg-glatard/mdugre/containers/ants-vprec-no_metrics.simg

SUBJECT_ID: s032
INPUT_IMG: /home/mdugre/scratch/mri-registration-rp/datasets/ds004513/derivatives/mri-registration-rp/antsBrainExtraction/sub-s032/BrainExtractionBrain.nii.gz
OUTPUT_DIR: /home/mdugre/scratch/mri-registration-rp/datasets/ds004513/derivatives/mri-registration-rp/0011/antsRegistration-r7-p21/sub-s032

FIXED_IMG: /templateflow/tpl-MNI152NLin2009cAsym/tpl-MNI152NLin2009cAsym_res-01_desc-brain_T1w.nii.gz
DATA_DIR: /home/mdugre/scratch/mri-registration-rp/datasets/ds004513
TEMPLATEFLOW_DIR: /home/mdugre/projects/rrg-glatard/mdugre/templateflow
ITK_GLOBAL_DEFAULT_NUMBER_OF_THREADS: 16
##########################

Info [verificarlo]: loaded backend libinterflop_ieee.so
Info [interflop-ieee]: load backend with:
Info [interflop-ieee]: debug = false
Info [interflop-ieee]: debug-binary = false
Info [interflop-ieee]: no-backend-name = false
Info [interflop-ieee]: print-new-line = false
Info [interflop-ieee]: print-subnormal-normalized = false
Info [interflop-ieee]: count-op = false
All_Command_lines_OK
Using double precision for computations.
=============================================================================
The composite transform comprises the following transforms (in order): 
  1. Center of mass alignment using fixed image: /templateflow/tpl-MNI152NLin2009cAsym/tpl-MNI152NLin2009cAsym_res-01_desc-brain_T1w.nii.gz and moving image: /home/mdugre/scratch/mri-registration-rp/datasets/ds004513/derivatives/mri-registration-rp/antsBrainExtraction/sub-s032/BrainExtractionBrain.nii.gz (type = Euler3DTransform)
=============================================================================
  number of levels = 1
  fixed image: /templateflow/tpl-MNI152NLin2009cAsym/tpl-MNI152NLin2009cAsym_res-01_desc-brain_T1w.nii.gz
  moving image: /home/mdugre/scratch/mri-registration-rp/datasets/ds004513/derivatives/mri-registration-rp/antsBrainExtraction/sub-s032/BrainExtractionBrain.nii.gz
Dimension = 3
Number of stages = 1
Use histogram matching = false
Winsorize image intensities = true
  Lower quantile = 0.005
  Upper quantile = 0.995


Stage 1 State
   Image metric = MattesMI
     Fixed image = Image (0x3925e70)
  RTTI typeinfo:   itk::Image<double, 3u>
  Reference Count: 2
  Modified Time: 2330
  Debug: Off
  Object Name: 
  Observers: 
    none
  Source: (none)
  Source output name: (none)
  Release Data: Off
  Data Released: False
  Global Release Data: Off
  PipelineMTime: 0
  UpdateMTime: 1941
  RealTimeStamp: 0 seconds 
  LargestPossibleRegion: 
    Dimension: 3
    Index: [0, 0, 0]
    Size: [193, 229, 193]
  BufferedRegion: 
    Dimension: 3
    Index: [0, 0, 0]
    Size: [193, 229, 193]
  RequestedRegion: 
    Dimension: 3
    Index: [0, 0, 0]
    Size: [193, 229, 193]
  Spacing: [1, 1, 1]
  Origin: [96, 132, -78]
  Direction: 
-1 0 0
0 -1 0
0 0 1

  IndexToPointMatrix: 
-1 0 0
0 -1 0
0 0 1

  PointToIndexMatrix: 
-1 0 0
0 -1 0
0 0 1

  Inverse Direction: 
-1 0 0
0 -1 0
0 0 1

  PixelContainer: 
    ImportImageContainer (0x392ec60)
      RTTI typeinfo:   itk::ImportImageContainer<unsigned long, double>
      Reference Count: 1
      Modified Time: 1938
      Debug: Off
      Object Name: 
      Observers: 
        none
      Pointer: 0x14b46ad7d010
      Container manages memory: true
      Size: 8530021
      Capacity: 8530021

     Moving image = Image (0x39c2ec0)
  RTTI typeinfo:   itk::Image<double, 3u>
  Reference Count: 2
  Modified Time: 2331
  Debug: Off
  Object Name: 
  Observers: 
    none
  Source: (none)
  Source output name: (none)
  Release Data: Off
  Data Released: False
  Global Release Data: Off
  PipelineMTime: 0
  UpdateMTime: 2328
  RealTimeStamp: 0 seconds 
  LargestPossibleRegion: 
    Dimension: 3
    Index: [0, 0, 0]
    Size: [160, 240, 256]
  BufferedRegion: 
    Dimension: 3
    Index: [0, 0, 0]
    Size: [160, 240, 256]
  RequestedRegion: 
    Dimension: 3
    Index: [0, 0, 0]
    Size: [160, 240, 256]
  Spacing: [1, 1, 1]
  Origin: [73.279, 104.707, -131.187]
  Direction: 
-0.997527 0.0645574 -0.0278053
-0.0645323 -0.997914 -0.00179875
-0.0278634 4.01097e-08 0.999612

  IndexToPointMatrix: 
-0.997527 0.0645574 -0.0278053
-0.0645323 -0.997914 -0.00179875
-0.0278634 4.01097e-08 0.999612

  PointToIndexMatrix: 
-0.997527 -0.0645323 -0.0278634
0.0645574 -0.997914 4.01049e-08
-0.0278053 -0.00179875 0.999612

  Inverse Direction: 
-0.997527 -0.0645323 -0.0278634
0.0645574 -0.997914 4.01049e-08
-0.0278053 -0.00179875 0.999612

  PixelContainer: 
    ImportImageContainer (0x3a5a610)
      RTTI typeinfo:   itk::ImportImageContainer<unsigned long, double>
      Reference Count: 1
      Modified Time: 2325
      Debug: Off
      Object Name: 
      Observers: 
        none
      Pointer: 0x14b46627c010
      Container manages memory: true
      Size: 9830400
      Capacity: 9830400

     Weighting = 1
     Sampling strategy = regular
     Number of bins = 32
     Radius = 4
     Sampling percentage  = 0.25
   Transform = Rigid
     Gradient step = 0.1
     Update field sigma (voxel space) = 0
     Total field sigma (voxel space) = 0
     Update field time sigma = 0
     Total field time sigma  = 0
     Number of time indices = 0
     Number of time point samples = 0
Registration using 1 total stages.

Stage 0
  iterations = 0
  convergence threshold = 1e-06
  convergence window size = 10
  number of levels = 1
  using the Mattes MI metric (number of bins = 32, weight = 1, use gradient filter = 0)
  preprocessing:  winsorizing the image intensities
  Shrink factors (level 1 out of 1): [1, 1, 1]
  smoothing sigmas per level: [0]
  regular sampling (percentage = 0.25)

*** Running Euler3DTransform registration ***

  Elapsed time (stage 0): 1.08313


Total elapsed time: 1.08516
Info [verificarlo]: loaded backend libinterflop_ieee.so
Info [interflop-ieee]: load backend with:
Info [interflop-ieee]: debug = false
Info [interflop-ieee]: debug-binary = false
Info [interflop-ieee]: no-backend-name = false
Info [interflop-ieee]: print-new-line = false
Info [interflop-ieee]: print-subnormal-normalized = false
Info [interflop-ieee]: count-op = false
All_Command_lines_OK
Using double precision for computations.
=============================================================================
The composite transform comprises the following transforms (in order): 
  1. /home/mdugre/scratch/mri-registration-rp/datasets/ds004513/derivatives/mri-registration-rp/0011/antsRegistration-r7-p21/sub-s032/align_Composite.h5[0] (type = Euler3DTransform)
  2. /home/mdugre/scratch/mri-registration-rp/datasets/ds004513/derivatives/mri-registration-rp/0011/antsRegistration-r7-p21/sub-s032/align_Composite.h5[1] (type = Euler3DTransform)
=============================================================================
  number of levels = 4
  fixed image: /templateflow/tpl-MNI152NLin2009cAsym/tpl-MNI152NLin2009cAsym_res-01_desc-brain_T1w.nii.gz
  moving image: /home/mdugre/scratch/mri-registration-rp/datasets/ds004513/derivatives/mri-registration-rp/antsBrainExtraction/sub-s032/BrainExtractionBrain.nii.gz
Dimension = 3
Number of stages = 1
Use histogram matching = false
Winsorize image intensities = true
  Lower quantile = 0.005
  Upper quantile = 0.995


Stage 1 State
   Image metric = MattesMI
     Fixed image = Image (0x4ec8530)
  RTTI typeinfo:   itk::Image<double, 3u>
  Reference Count: 2
  Modified Time: 1578
  Debug: Off
  Object Name: 
  Observers: 
    none
  Source: (none)
  Source output name: (none)
  Release Data: Off
  Data Released: False
  Global Release Data: Off
  PipelineMTime: 0
  UpdateMTime: 1189
  RealTimeStamp: 0 seconds 
  LargestPossibleRegion: 
    Dimension: 3
    Index: [0, 0, 0]
    Size: [193, 229, 193]
  BufferedRegion: 
    Dimension: 3
    Index: [0, 0, 0]
    Size: [193, 229, 193]
  RequestedRegion: 
    Dimension: 3
    Index: [0, 0, 0]
    Size: [193, 229, 193]
  Spacing: [1, 1, 1]
  Origin: [96, 132, -78]
  Direction: 
-1 0 0
0 -1 0
0 0 1

  IndexToPointMatrix: 
-1 0 0
0 -1 0
0 0 1

  PointToIndexMatrix: 
-1 0 0
0 -1 0
0 0 1

  Inverse Direction: 
-1 0 0
0 -1 0
0 0 1

  PixelContainer: 
    ImportImageContainer (0x4f86d60)
      RTTI typeinfo:   itk::ImportImageContainer<unsigned long, double>
      Reference Count: 1
      Modified Time: 1186
      Debug: Off
      Object Name: 
      Observers: 
        none
      Pointer: 0x15550f46a010
      Container manages memory: true
      Size: 8530021
      Capacity: 8530021

     Moving image = Image (0x4f78f60)
  RTTI typeinfo:   itk::Image<double, 3u>
  Reference Count: 2
  Modified Time: 1579
  Debug: Off
  Object Name: 
  Observers: 
    none
  Source: (none)
  Source output name: (none)
  Release Data: Off
  Data Released: False
  Global Release Data: Off
  PipelineMTime: 0
  UpdateMTime: 1576
  RealTimeStamp: 0 seconds 
  LargestPossibleRegion: 
    Dimension: 3
    Index: [0, 0, 0]
    Size: [160, 240, 256]
  BufferedRegion: 
    Dimension: 3
    Index: [0, 0, 0]
    Size: [160, 240, 256]
  RequestedRegion: 
    Dimension: 3
    Index: [0, 0, 0]
    Size: [160, 240, 256]
  Spacing: [1, 1, 1]
  Origin: [73.279, 104.707, -131.187]
  Direction: 
-0.997527 0.0645574 -0.0278053
-0.0645323 -0.997914 -0.00179875
-0.0278634 4.01097e-08 0.999612

  IndexToPointMatrix: 
-0.997527 0.0645574 -0.0278053
-0.0645323 -0.997914 -0.00179875
-0.0278634 4.01097e-08 0.999612

  PointToIndexMatrix: 
-0.997527 -0.0645323 -0.0278634
0.0645574 -0.997914 4.01049e-08
-0.0278053 -0.00179875 0.999612

  Inverse Direction: 
-0.997527 -0.0645323 -0.0278634
0.0645574 -0.997914 4.01049e-08
-0.0278053 -0.00179875 0.999612

  PixelContainer: 
    ImportImageContainer (0x4f6a6d0)
      RTTI typeinfo:   itk::ImportImageContainer<unsigned long, double>
      Reference Count: 1
      Modified Time: 1573
      Debug: Off
      Object Name: 
      Observers: 
        none
      Pointer: 0x15550a969010
      Container manages memory: true
      Size: 9830400
      Capacity: 9830400

     Weighting = 1
     Sampling strategy = regular
     Number of bins = 32
     Radius = 4
     Sampling percentage  = 0.25
   Transform = Rigid
     Gradient step = 0.1
     Update field sigma (voxel space) = 0
     Total field sigma (voxel space) = 0
     Update field time sigma = 0
     Total field time sigma  = 0
     Number of time indices = 0
     Number of time point samples = 0
Registration using 1 total stages.

Stage 0
  iterations = 1000x500x250x100
  convergence threshold = 1e-06
  convergence window size = 10
  number of levels = 4
  using the Mattes MI metric (number of bins = 32, weight = 1, use gradient filter = 0)
  preprocessing:  winsorizing the image intensities
  Shrink factors (level 1 out of 4): [8, 8, 8]
  Shrink factors (level 2 out of 4): [4, 4, 4]
  Shrink factors (level 3 out of 4): [2, 2, 2]
  Shrink factors (level 4 out of 4): [1, 1, 1]
  smoothing sigmas per level: [3, 2, 1, 0]
  regular sampling (percentage = 0.25)

*** Running Euler3DTransform registration ***

DIAGNOSTIC,Iteration,metricValue,convergenceValue,ITERATION_TIME_INDEX,SINCE_LAST
 2DIAGNOSTIC,     1, -5.480496989617e-01, 1.797693134862e+308, 6.8782e-01, 6.8782e-01, 
 2DIAGNOSTIC,     2, -5.506811078454e-01, 1.797693134862e+308, 6.9205e-01, 4.2262e-03, 
 2DIAGNOSTIC,     3, -5.546514955662e-01, 1.797693134862e+308, 6.9585e-01, 3.8021e-03, 
 2DIAGNOSTIC,     4, -5.606863537750e-01, 1.797693134862e+308, 6.9967e-01, 3.8259e-03, 
 2DIAGNOSTIC,     5, -5.693661845193e-01, 1.797693134862e+308, 7.0350e-01, 3.8240e-03, 
 2DIAGNOSTIC,     6, -5.854078830086e-01, 1.797693134862e+308, 7.0736e-01, 3.8629e-03, 
 2DIAGNOSTIC,     7, -6.232769732918e-01, 1.797693134862e+308, 7.1144e-01, 4.0760e-03, 
 2DIAGNOSTIC,     8, -6.297683730473e-01, 1.797693134862e+308, 7.1579e-01, 4.3550e-03, 
 2DIAGNOSTIC,     9, -6.366738733405e-01, 1.797693134862e+308, 7.2256e-01, 6.7661e-03, 
 2DIAGNOSTIC,    10, -6.375630690827e-01, 1.201760866083e-02, 7.2658e-01, 4.0231e-03, 
 2DIAGNOSTIC,    11, -6.405337628679e-01, 1.087684809450e-02, 7.3042e-01, 3.8421e-03, 
 2DIAGNOSTIC,    12, -6.435528997438e-01, 9.167753354490e-03, 7.3480e-01, 4.3750e-03, 
 2DIAGNOSTIC,    13, -6.444720921444e-01, 7.089498731847e-03, 7.3865e-01, 3.8528e-03, 
 2DIAGNOSTIC,    14, -6.463616611293e-01, 4.967892496988e-03, 7.4301e-01, 4.3631e-03, 
 2DIAGNOSTIC,    15, -6.484646963404e-01, 3.033020789043e-03, 7.4981e-01, 6.7980e-03, 
 2DIAGNOSTIC,    16, -6.486009987994e-01, 1.520386367320e-03, 7.5376e-01, 3.9520e-03, 
 2DIAGNOSTIC,    17, -6.493699344760e-01, 1.108203205204e-03, 7.5777e-01, 4.0052e-03, 
 2DIAGNOSTIC,    18, -6.514578195065e-01, 8.586162135984e-04, 7.6165e-01, 3.8769e-03, 
 2DIAGNOSTIC,    19, -6.526592717406e-01, 7.533650369804e-04, 7.6554e-01, 3.8900e-03, 
 2DIAGNOSTIC,    20, -6.536191777189e-01, 6.303067369292e-04, 7.6959e-01, 4.0491e-03, 
 2DIAGNOSTIC,    21, -6.549162298979e-01, 5.534292205379e-04, 7.7351e-01, 3.9270e-03, 
 2DIAGNOSTIC,    22, -6.562385790832e-01, 5.226986103233e-04, 7.7846e-01, 4.9460e-03, 
 2DIAGNOSTIC,    23, -6.565000058113e-01, 4.680180012236e-04, 7.8292e-01, 4.4611e-03, 
 2DIAGNOSTIC,    24, -6.565387353854e-01, 4.101063704206e-04, 7.8740e-01, 4.4849e-03, 
 2DIAGNOSTIC,    25, -6.567702146893e-01, 3.618032093032e-04, 7.9196e-01, 4.5531e-03, 
 2DIAGNOSTIC,    26, -6.583507212369e-01, 3.132611037340e-04, 7.9589e-01, 3.9320e-03, 
 2DIAGNOSTIC,    27, -6.586527568469e-01, 2.554116018353e-04, 7.9982e-01, 3.9270e-03, 
 2DIAGNOSTIC,    28, -6.593310437738e-01, 2.225767143841e-04, 8.0474e-01, 4.9272e-03, 
 2DIAGNOSTIC,    29, -6.595734041655e-01, 1.939316665338e-04, 8.0922e-01, 4.4720e-03, 
 2DIAGNOSTIC,    30, -6.595955819569e-01, 1.634946778529e-04, 8.1360e-01, 4.3840e-03, 
 2DIAGNOSTIC,    31, -6.596949967568e-01, 1.392755860924e-04, 8.1746e-01, 3.8650e-03, 
 2DIAGNOSTIC,    32, -6.597157295313e-01, 1.221677497606e-04, 8.2181e-01, 4.3459e-03, 
 2DIAGNOSTIC,    33, -6.597001423846e-01, 9.820426863012e-05, 8.2809e-01, 6.2780e-03, 
 2DIAGNOSTIC,    34, -6.595254449704e-01, 6.486903007198e-05, 8.3194e-01, 3.8490e-03, 
 2DIAGNOSTIC,    35, -6.595295822811e-01, 3.010817890431e-05, 8.3581e-01, 3.8679e-03, 
 2DIAGNOSTIC,    36, -6.595351297937e-01, 1.424396566385e-05, 8.3971e-01, 3.9079e-03, 
 2DIAGNOSTIC,    37, -6.595409535782e-01, 1.474135173641e-06, 8.4364e-01, 3.9220e-03, 
DIAGNOSTIC,Iteration,metricValue,convergenceValue,ITERATION_TIME_INDEX,SINCE_LAST
 2DIAGNOSTIC,     1, -5.183739626514e-01, 1.797693134862e+308, 1.5303e+00, 6.8665e-01, 
 2DIAGNOSTIC,     2, -5.189226238270e-01, 1.797693134862e+308, 1.5574e+00, 2.7115e-02, 
 2DIAGNOSTIC,     3, -5.196899327334e-01, 1.797693134862e+308, 1.5868e+00, 2.9434e-02, 
 2DIAGNOSTIC,     4, -5.204463662984e-01, 1.797693134862e+308, 1.6168e+00, 2.9975e-02, 
 2DIAGNOSTIC,     5, -5.209979485278e-01, 1.797693134862e+308, 1.6472e+00, 3.0356e-02, 
 2DIAGNOSTIC,     6, -5.216357744162e-01, 1.797693134862e+308, 1.6795e+00, 3.2307e-02, 
 2DIAGNOSTIC,     7, -5.233753714783e-01, 1.797693134862e+308, 1.7094e+00, 2.9932e-02, 
 2DIAGNOSTIC,     8, -5.241119131283e-01, 1.797693134862e+308, 1.7441e+00, 3.4659e-02, 
 2DIAGNOSTIC,     9, -5.247293428649e-01, 1.797693134862e+308, 1.7812e+00, 3.7173e-02, 
 2DIAGNOSTIC,    10, -5.250028240866e-01, 8.899807884214e-04, 1.8104e+00, 2.9214e-02, 
 2DIAGNOSTIC,    11, -5.255570912287e-01, 7.959217806093e-04, 1.8447e+00, 3.4226e-02, 
 2DIAGNOSTIC,    12, -5.289098581322e-01, 8.211614630620e-04, 1.8765e+00, 3.1795e-02, 
 2DIAGNOSTIC,    13, -5.295596035698e-01, 8.231568889738e-04, 1.9066e+00, 3.0152e-02, 
 2DIAGNOSTIC,    14, -5.295253586956e-01, 7.798186466025e-04, 1.9332e+00, 2.6545e-02, 
 2DIAGNOSTIC,    15, -5.301734591482e-01, 7.172059568113e-04, 1.9629e+00, 2.9723e-02, 
 2DIAGNOSTIC,    16, -5.312974405226e-01, 6.544534738880e-04, 1.9909e+00, 2.7964e-02, 
 2DIAGNOSTIC,    17, -5.330531529420e-01, 6.473159151381e-04, 2.0436e+00, 5.2760e-02, 
 2DIAGNOSTIC,    18, -5.331722678838e-01, 6.054620692950e-04, 2.0709e+00, 2.7253e-02, 
 2DIAGNOSTIC,    19, -5.334118597548e-01, 5.389677203062e-04, 2.0987e+00, 2.7845e-02, 
 2DIAGNOSTIC,    20, -5.338315407434e-01, 4.491908028592e-04, 2.1266e+00, 2.7917e-02, 
 2DIAGNOSTIC,    21, -5.362227307092e-01, 3.988292896000e-04, 2.1642e+00, 3.7551e-02, 
 2DIAGNOSTIC,    22, -5.366146341450e-01, 4.053038784972e-04, 2.1968e+00, 3.2651e-02, 
 2DIAGNOSTIC,    23, -5.369781389248e-01, 3.981544396697e-04, 2.2245e+00, 2.7656e-02, 
 2DIAGNOSTIC,    24, -5.377759961535e-01, 3.726887131961e-04, 2.2519e+00, 2.7372e-02, 
 2DIAGNOSTIC,    25, -5.385526948291e-01, 3.442616652022e-04, 2.2934e+00, 4.1494e-02, 
 2DIAGNOSTIC,    26, -5.387598566181e-01, 3.113716649013e-04, 2.3234e+00, 3.0028e-02, 
 2DIAGNOSTIC,    27, -5.392346773417e-01, 2.962394542535e-04, 2.3541e+00, 3.0741e-02, 
 2DIAGNOSTIC,    28, -5.402515323078e-01, 2.766892025157e-04, 2.3925e+00, 3.8363e-02, 
 2DIAGNOSTIC,    29, -5.406200994819e-01, 2.434796243162e-04, 2.4232e+00, 3.0673e-02, 
 2DIAGNOSTIC,    30, -5.407280137271e-01, 1.978805976861e-04, 2.4512e+00, 2.8064e-02, 
 2DIAGNOSTIC,    31, -5.410674627756e-01, 1.841032772159e-04, 2.4800e+00, 2.8743e-02, 
 2DIAGNOSTIC,    32, -5.423497492986e-01, 1.818001620842e-04, 2.5146e+00, 3.4599e-02, 
 2DIAGNOSTIC,    33, -5.429244707671e-01, 1.767083049767e-04, 2.5424e+00, 2.7805e-02, 
 2DIAGNOSTIC,    34, -5.435658363532e-01, 1.775841214766e-04, 2.5747e+00, 3.2295e-02, 
 2DIAGNOSTIC,    35, -5.463752673289e-01, 2.166505437988e-04, 2.6098e+00, 3.5088e-02, 
 2DIAGNOSTIC,    36, -5.472097402537e-01, 2.473884425875e-04, 2.6379e+00, 2.8177e-02, 
 2DIAGNOSTIC,    37, -5.510250290169e-01, 3.143422492112e-04, 2.6658e+00, 2.7886e-02, 
 2DIAGNOSTIC,    38, -5.534394444055e-01, 3.948385988948e-04, 2.7015e+00, 3.5675e-02, 
 2DIAGNOSTIC,    39, -5.545834275821e-01, 4.540022297477e-04, 2.7297e+00, 2.8194e-02, 
 2DIAGNOSTIC,    40, -5.571717923078e-01, 5.029621289871e-04, 2.7659e+00, 3.6234e-02, 
 2DIAGNOSTIC,    41, -5.616599055540e-01, 5.629344001219e-04, 2.8053e+00, 3.9427e-02, 
 2DIAGNOSTIC,    42, -5.649153524353e-01, 6.220017540775e-04, 2.8364e+00, 3.1085e-02, 
 2DIAGNOSTIC,    43, -5.666849877188e-01, 6.473819927229e-04, 2.8656e+00, 2.9180e-02, 
 2DIAGNOSTIC,    44, -5.667388173193e-01, 6.183505547890e-04, 2.8990e+00, 3.3423e-02, 
 2DIAGNOSTIC,    45, -5.668204350737e-01, 5.664225877687e-04, 2.9303e+00, 3.1268e-02, 
 2DIAGNOSTIC,    46, -5.670597247891e-01, 4.735956993054e-04, 2.9689e+00, 3.8593e-02, 
 2DIAGNOSTIC,    47, -5.671844464531e-01, 3.827861597764e-04, 3.0083e+00, 3.9449e-02, 
 2DIAGNOSTIC,    48, -5.672070333310e-01, 2.864463456883e-04, 3.0428e+00, 3.4450e-02, 
 2DIAGNOSTIC,    49, -5.674072504597e-01, 1.816232603630e-04, 3.0780e+00, 3.5224e-02, 
 2DIAGNOSTIC,    50, -5.674342508560e-01, 9.064553226215e-05, 3.1203e+00, 4.2275e-02, 
 2DIAGNOSTIC,    51, -5.674327367747e-01, 4.018855424771e-05, 3.1564e+00, 3.6127e-02, 
 2DIAGNOSTIC,    52, -5.674202860509e-01, 2.018405428259e-05, 3.1854e+00, 2.8957e-02, 
 2DIAGNOSTIC,    53, -5.674252352476e-01, 1.665868640295e-05, 3.2149e+00, 2.9535e-02, 
 2DIAGNOSTIC,    54, -5.674062878132e-01, 1.205750966950e-05, 3.2476e+00, 3.2656e-02, 
 2DIAGNOSTIC,    55, -5.674102445542e-01, 7.291609231144e-06, 3.2762e+00, 2.8584e-02, 
 2DIAGNOSTIC,    56, -5.674069880107e-01, 4.260646283134e-06, 3.3034e+00, 2.7274e-02, 
 2DIAGNOSTIC,    57, -5.674458674501e-01, 2.507414156475e-06, 3.3347e+00, 3.1242e-02, 
DIAGNOSTIC,Iteration,metricValue,convergenceValue,ITERATION_TIME_INDEX,SINCE_LAST
 2DIAGNOSTIC,     1, -5.013158441125e-01, 1.797693134862e+308, 4.4195e+00, 1.0848e+00, 
 2DIAGNOSTIC,     2, -5.016257825931e-01, 1.797693134862e+308, 4.6436e+00, 2.2412e-01, 
 2DIAGNOSTIC,     3, -5.019646753026e-01, 1.797693134862e+308, 4.8739e+00, 2.3024e-01, 
 2DIAGNOSTIC,     4, -5.021254677006e-01, 1.797693134862e+308, 5.1300e+00, 2.5609e-01, 
 2DIAGNOSTIC,     5, -5.021528394602e-01, 1.797693134862e+308, 5.4178e+00, 2.8778e-01, 
 2DIAGNOSTIC,     6, -5.021517942779e-01, 1.797693134862e+308, 5.6658e+00, 2.4803e-01, 
 2DIAGNOSTIC,     7, -5.021494341123e-01, 1.797693134862e+308, 5.9750e+00, 3.0921e-01, 
 2DIAGNOSTIC,     8, -5.021509236451e-01, 1.797693134862e+308, 6.3475e+00, 3.7253e-01, 
 2DIAGNOSTIC,     9, -5.021513941324e-01, 1.797693134862e+308, 6.6159e+00, 2.6841e-01, 
 2DIAGNOSTIC,    10, -5.021510420516e-01, 8.449076188145e-05, 6.8970e+00, 2.8108e-01, 
 2DIAGNOSTIC,    11, -5.021515038301e-01, 3.920003088179e-05, 7.1338e+00, 2.3678e-01, 
 2DIAGNOSTIC,    12, -5.021514572395e-01, 1.247968250964e-05, 7.4172e+00, 2.8335e-01, 
 2DIAGNOSTIC,    13, -5.021511182025e-01, 3.539134651856e-06, 7.6887e+00, 2.7159e-01, 
 2DIAGNOSTIC,    14, -5.021506084565e-01, 2.224602424397e-06, 7.9227e+00, 2.3399e-01, 
 2DIAGNOSTIC,    15, -5.021519543429e-01, 2.175006161578e-06, 8.1474e+00, 2.2470e-01, 
 2DIAGNOSTIC,    16, -5.021542159621e-01, 2.171007700044e-06, 8.3755e+00, 2.2805e-01, 
 2DIAGNOSTIC,    17, -5.021585466607e-01, 2.212984999722e-06, 8.5942e+00, 2.1869e-01, 
 2DIAGNOSTIC,    18, -5.021605570498e-01, 2.326396090213e-06, 8.8451e+00, 2.5090e-01, 
 2DIAGNOSTIC,    19, -5.021597647716e-01, 2.368020731260e-06, 9.0553e+00, 2.1027e-01, 
 2DIAGNOSTIC,    20, -5.021611660076e-01, 2.372678586479e-06, 9.2654e+00, 2.1005e-01, 
 2DIAGNOSTIC,    21, -5.021635564227e-01, 2.378575089848e-06, 9.5125e+00, 2.4711e-01, 
 2DIAGNOSTIC,    22, -5.021691356451e-01, 2.442360803538e-06, 9.7625e+00, 2.5002e-01, 
 2DIAGNOSTIC,    23, -5.021673044479e-01, 2.351830614061e-06, 1.0008e+01, 2.4537e-01, 
 2DIAGNOSTIC,    24, -5.021717188451e-01, 2.275291104699e-06, 1.0239e+01, 2.3149e-01, 
 2DIAGNOSTIC,    25, -5.021800773078e-01, 2.333902439332e-06, 1.0492e+01, 2.5253e-01, 
 2DIAGNOSTIC,    26, -5.021844130160e-01, 2.423208302668e-06, 1.0735e+01, 2.4273e-01, 
 2DIAGNOSTIC,    27, -5.021809878441e-01, 2.409970829960e-06, 1.0976e+01, 2.4089e-01, 
 2DIAGNOSTIC,    28, -5.021823991949e-01, 2.357923505059e-06, 1.1324e+01, 3.4876e-01, 
 2DIAGNOSTIC,    29, -5.021810907104e-01, 2.152493787898e-06, 1.1573e+01, 2.4907e-01, 
 2DIAGNOSTIC,    30, -5.021806002259e-01, 1.874254538084e-06, 1.1809e+01, 2.3572e-01, 
 2DIAGNOSTIC,    31, -5.021775307873e-01, 1.521246913556e-06, 1.2058e+01, 2.4941e-01, 
 2DIAGNOSTIC,    32, -5.021770188094e-01, 1.239025936538e-06, 1.2305e+01, 2.4649e-01, 
DIAGNOSTIC,Iteration,metricValue,convergenceValue,ITERATION_TIME_INDEX,SINCE_LAST
 2DIAGNOSTIC,     1, -4.666064529366e-01, 1.797693134862e+308, 1.4827e+01, 2.5221e+00, 
 2DIAGNOSTIC,     2, -4.666580798841e-01, 1.797693134862e+308, 1.6118e+01, 1.2914e+00, 
 2DIAGNOSTIC,     3, -4.666765814663e-01, 1.797693134862e+308, 1.7607e+01, 1.4889e+00, 
 2DIAGNOSTIC,     4, -4.666848291153e-01, 1.797693134862e+308, 1.9128e+01, 1.5209e+00, 
 2DIAGNOSTIC,     5, -4.666869130686e-01, 1.797693134862e+308, 2.0580e+01, 1.4518e+00, 
 2DIAGNOSTIC,     6, -4.666962995708e-01, 1.797693134862e+308, 2.2000e+01, 1.4198e+00, 
 2DIAGNOSTIC,     7, -4.667728762479e-01, 1.797693134862e+308, 2.3359e+01, 1.3588e+00, 
 2DIAGNOSTIC,     8, -4.668614150642e-01, 1.797693134862e+308, 2.5452e+01, 2.0928e+00, 
 2DIAGNOSTIC,     9, -4.668617184302e-01, 1.797693134862e+308, 2.6749e+01, 1.2976e+00, 
 2DIAGNOSTIC,    10, -4.668766494819e-01, 4.096690945822e-05, 2.8207e+01, 1.4579e+00, 
 2DIAGNOSTIC,    11, -4.668840212600e-01, 3.715879030887e-05, 2.9507e+01, 1.2998e+00, 
 2DIAGNOSTIC,    12, -4.668850872860e-01, 3.348113693430e-05, 3.0938e+01, 1.4316e+00, 
 2DIAGNOSTIC,    13, -4.668886587586e-01, 2.854757235703e-05, 3.2250e+01, 1.3119e+00, 
 2DIAGNOSTIC,    14, -4.669052467372e-01, 2.306925266739e-05, 3.4178e+01, 1.9272e+00, 
 2DIAGNOSTIC,    15, -4.669065566495e-01, 1.661771212930e-05, 3.5802e+01, 1.6247e+00, 
 2DIAGNOSTIC,    16, -4.669096151063e-01, 1.007563743564e-05, 3.8509e+01, 2.7065e+00, 
 2DIAGNOSTIC,    17, -4.669105853743e-01, 6.259089790316e-06, 3.9988e+01, 1.4794e+00, 
 2DIAGNOSTIC,    18, -4.669108975091e-01, 5.473293170723e-06, 4.1497e+01, 1.5086e+00, 
 2DIAGNOSTIC,    19, -4.669103830206e-01, 4.401889518627e-06, 4.2846e+01, 1.3489e+00, 
 2DIAGNOSTIC,    20, -4.669106240177e-01, 3.639916264418e-06, 4.4152e+01, 1.3062e+00, 
 2DIAGNOSTIC,    21, -4.669122317752e-01, 3.026192938044e-06, 4.5486e+01, 1.3343e+00, 
 2DIAGNOSTIC,    22, -4.669138892842e-01, 2.403609746036e-06, 4.6795e+01, 1.3086e+00, 
 2DIAGNOSTIC,    23, -4.669185053992e-01, 1.950634387883e-06, 4.8108e+01, 1.3128e+00, 
 2DIAGNOSTIC,    24, -4.669259691366e-01, 2.090708549320e-06, 4.9414e+01, 1.3061e+00, 
 2DIAGNOSTIC,    25, -4.669377324473e-01, 2.460964242217e-06, 5.0730e+01, 1.3161e+00, 
 2DIAGNOSTIC,    26, -4.669542908650e-01, 3.144704279263e-06, 5.2003e+01, 1.2736e+00, 
 2DIAGNOSTIC,    27, -4.669759299361e-01, 4.100450367875e-06, 5.3294e+01, 1.2903e+00, 
 2DIAGNOSTIC,    28, -4.670128120191e-01, 5.514495958404e-06, 5.4570e+01, 1.2760e+00, 
 2DIAGNOSTIC,    29, -4.670289359083e-01, 6.731053191031e-06, 5.6304e+01, 1.7346e+00, 
 2DIAGNOSTIC,    30, -4.670277141880e-01, 7.315831475070e-06, 5.8214e+01, 1.9095e+00, 
 2DIAGNOSTIC,    31, -4.670277738285e-01, 7.314407000331e-06, 5.9978e+01, 1.7639e+00, 
 2DIAGNOSTIC,    32, -4.670277234628e-01, 6.744574821166e-06, 6.1924e+01, 1.9463e+00, 
 2DIAGNOSTIC,    33, -4.670276398507e-01, 5.736718654691e-06, 6.3756e+01, 1.8317e+00, 
 2DIAGNOSTIC,    34, -4.670275526910e-01, 4.463783386616e-06, 6.5269e+01, 1.5135e+00, 
 2DIAGNOSTIC,    35, -4.670273779965e-01, 3.135993282683e-06, 6.6750e+01, 1.4810e+00, 
 2DIAGNOSTIC,    36, -4.670272978907e-01, 1.950434263327e-06, 6.8201e+01, 1.4511e+00, 
 2DIAGNOSTIC,    37, -4.670273082258e-01, 1.069108518964e-06, 6.9702e+01, 1.5012e+00, 
  Elapsed time (stage 0): 7.0480e+01


Total elapsed time: 7.0482e+01
Info [verificarlo]: loaded backend libinterflop_vprec.so
Info [interflop-vprec]: load backend with: 
Info [interflop-vprec]: precision-binary32 = 21
Info [interflop-vprec]: range-binary32 = 7
Info [interflop-vprec]: precision-binary64 = 21
Info [interflop-vprec]: range-binary64 = 7
Info [interflop-vprec]: mode = ob
Info [interflop-vprec]: error-mode = rel
Info [interflop-vprec]: max-abs-error-exponent = -1022
Info [interflop-vprec]: daz = false
Info [interflop-vprec]: ftz = false
Info [interflop-vprec]: 	instrument = none
Info [interflop-vprec]: 	prec-input-file = (null)
Info [interflop-vprec]: 	prec-output-file = (null)
Info [interflop-vprec]: 	prec-log-file = (null)
All_Command_lines_OK
Using double precision for computations.
=============================================================================
The composite transform comprises the following transforms (in order): 
  1. /home/mdugre/scratch/mri-registration-rp/datasets/ds004513/derivatives/mri-registration-rp/0011/antsRegistration-r7-p21/sub-s032/rigid_Composite.h5[0] (type = Euler3DTransform)
  2. /home/mdugre/scratch/mri-registration-rp/datasets/ds004513/derivatives/mri-registration-rp/0011/antsRegistration-r7-p21/sub-s032/rigid_Composite.h5[1] (type = Euler3DTransform)
  3. /home/mdugre/scratch/mri-registration-rp/datasets/ds004513/derivatives/mri-registration-rp/0011/antsRegistration-r7-p21/sub-s032/rigid_Composite.h5[2] (type = Euler3DTransform)
=============================================================================
  number of levels = 4
  fixed image: /templateflow/tpl-MNI152NLin2009cAsym/tpl-MNI152NLin2009cAsym_res-01_desc-brain_T1w.nii.gz
  moving image: /home/mdugre/scratch/mri-registration-rp/datasets/ds004513/derivatives/mri-registration-rp/antsBrainExtraction/sub-s032/BrainExtractionBrain.nii.gz
Dimension = 3
Number of stages = 1
Use histogram matching = false
Winsorize image intensities = true
  Lower quantile = 0.005
  Upper quantile = 0.995


Stage 1 State
   Image metric = MattesMI
     Fixed image = Image (0x4850490)
  RTTI typeinfo:   itk::Image<double, 3u>
  Reference Count: 2
  Modified Time: 1592
  Debug: Off
  Object Name: 
  Observers: 
    none
  Source: (none)
  Source output name: (none)
  Release Data: Off
  Data Released: False
  Global Release Data: Off
  PipelineMTime: 0
  UpdateMTime: 1203
  RealTimeStamp: 0 seconds 
  LargestPossibleRegion: 
    Dimension: 3
    Index: [0, 0, 0]
    Size: [193, 229, 193]
  BufferedRegion: 
    Dimension: 3
    Index: [0, 0, 0]
    Size: [193, 229, 193]
  RequestedRegion: 
    Dimension: 3
    Index: [0, 0, 0]
    Size: [193, 229, 193]
  Spacing: [1, 1, 1]
  Origin: [96, 132, -78]
  Direction: 
-1 0 0
0 -1 0
0 0 1

  IndexToPointMatrix: 
-1 0 0
0 -1 0
0 0 1

  PointToIndexMatrix: 
-1 0 0
0 -1 0
0 0 1

  Inverse Direction: 
-1 0 0
0 -1 0
0 0 1

  PixelContainer: 
    ImportImageContainer (0x491b8c0)
      RTTI typeinfo:   itk::ImportImageContainer<unsigned long, double>
      Reference Count: 1
      Modified Time: 1200
      Debug: Off
      Object Name: 
      Observers: 
        none
      Pointer: 0x14c3a5169010
      Container manages memory: true
      Size: 8530021
      Capacity: 8530021

     Moving image = Image (0x490bb60)
  RTTI typeinfo:   itk::Image<double, 3u>
  Reference Count: 2
  Modified Time: 1593
  Debug: Off
  Object Name: 
  Observers: 
    none
  Source: (none)
  Source output name: (none)
  Release Data: Off
  Data Released: False
  Global Release Data: Off
  PipelineMTime: 0
  UpdateMTime: 1590
  RealTimeStamp: 0 seconds 
  LargestPossibleRegion: 
    Dimension: 3
    Index: [0, 0, 0]
    Size: [160, 240, 256]
  BufferedRegion: 
    Dimension: 3
    Index: [0, 0, 0]
    Size: [160, 240, 256]
  RequestedRegion: 
    Dimension: 3
    Index: [0, 0, 0]
    Size: [160, 240, 256]
  Spacing: [1, 1, 1]
  Origin: [73.279, 104.707, -131.187]
  Direction: 
-0.997526 0.0645574 -0.0278053
-0.0645323 -0.997914 -0.00179875
-0.0278634 4.01097e-08 0.999612

  IndexToPointMatrix: 
-0.997526 0.0645574 -0.0278053
-0.0645323 -0.997914 -0.00179875
-0.0278634 4.01097e-08 0.999612

  PointToIndexMatrix: 
-0.997528 -0.0645323 -0.0278634
0.0645573 -0.997913 1.19209e-07
-0.0278053 -0.00179881 0.999612

  Inverse Direction: 
-0.997528 -0.0645323 -0.0278634
0.0645573 -0.997913 1.19209e-07
-0.0278053 -0.00179881 0.999612

  PixelContainer: 
    ImportImageContainer (0x499f1d0)
      RTTI typeinfo:   itk::ImportImageContainer<unsigned long, double>
      Reference Count: 1
      Modified Time: 1587
      Debug: Off
      Object Name: 
      Observers: 
        none
      Pointer: 0x14c3a0668010
      Container manages memory: true
      Size: 9830400
      Capacity: 9830400

     Weighting = 1
     Sampling strategy = regular
     Number of bins = 32
     Radius = 4
     Sampling percentage  = 0.25
   Transform = Affine
     Gradient step = 0.1
     Update field sigma (voxel space) = 0
     Total field sigma (voxel space) = 0
     Update field time sigma = 0
     Total field time sigma  = 0
     Number of time indices = 0
     Number of time point samples = 0
Registration using 1 total stages.

Stage 0
  iterations = 1000x500x250x100
  convergence threshold = 1e-06
  convergence window size = 10
  number of levels = 4
  using the Mattes MI metric (number of bins = 32, weight = 1, use gradient filter = 0)
  preprocessing:  winsorizing the image intensities
  Shrink factors (level 1 out of 4): [8, 8, 8]
  Shrink factors (level 2 out of 4): [4, 4, 4]
  Shrink factors (level 3 out of 4): [2, 2, 2]
  Shrink factors (level 4 out of 4): [1, 1, 1]
  smoothing sigmas per level: [3, 2, 1, 0]
  regular sampling (percentage = 0.25)

*** Running AffineTransform registration ***

DIAGNOSTIC,Iteration,metricValue,convergenceValue,ITERATION_TIME_INDEX,SINCE_LAST
 2DIAGNOSTIC,     1, -6.837376117280e-01, 1.797693134862e+308, 0.0000e+00, 0.0000e+00, 
 2DIAGNOSTIC,     2, -6.855005784873e-01, 1.797693134862e+308, 0.0000e+00, 0.0000e+00, 
 2DIAGNOSTIC,     3, -6.882817276213e-01, 1.797693134862e+308, 0.0000e+00, 0.0000e+00, 
 2DIAGNOSTIC,     4, -6.925658594159e-01, 1.797693134862e+308, 0.0000e+00, 0.0000e+00, 
 2DIAGNOSTIC,     5, -7.010899856762e-01, 1.797693134862e+308, 0.0000e+00, 0.0000e+00, 
 2DIAGNOSTIC,     6, -7.171615031340e-01, 1.797693134862e+308, 0.0000e+00, 0.0000e+00, 
 2DIAGNOSTIC,     7, -7.226291410076e-01, 1.797693134862e+308, 0.0000e+00, 0.0000e+00, 
 2DIAGNOSTIC,     8, -7.230665955247e-01, 1.797693134862e+308, 0.0000e+00, 0.0000e+00, 
 2DIAGNOSTIC,     9, -7.238360502088e-01, 1.797693134862e+308, 0.0000e+00, 0.0000e+00, 
 2DIAGNOSTIC,    10, -7.252942191861e-01, 4.677283651333e-03, 0.0000e+00, 0.0000e+00, 
 2DIAGNOSTIC,    11, -7.273992195448e-01, 3.919227374085e-03, 0.0000e+00, 0.0000e+00, 
 2DIAGNOSTIC,    12, -7.288771023205e-01, 3.045436343791e-03, 0.0000e+00, 0.0000e+00, 
 2DIAGNOSTIC,    13, -7.294159045071e-01, 2.143809336284e-03, 0.0000e+00, 0.0000e+00, 
 2DIAGNOSTIC,    14, -7.293562470520e-01, 1.301762353051e-03, 0.0000e+00, 0.0000e+00, 
 2DIAGNOSTIC,    15, -7.296199408085e-01, 6.788414707710e-04, 0.0000e+00, 0.0000e+00, 
 2DIAGNOSTIC,    16, -7.297489489237e-01, 4.713947452618e-04, 0.0000e+00, 0.0000e+00, 
 2DIAGNOSTIC,    17, -7.297748173991e-01, 3.736236506306e-04, 0.0000e+00, 0.0000e+00, 
 2DIAGNOSTIC,    18, -7.298369564694e-01, 2.640760296056e-04, 0.0000e+00, 0.0000e+00, 
 2DIAGNOSTIC,    19, -7.300373704755e-01, 1.623389205530e-04, 0.0000e+00, 0.0000e+00, 
 2DIAGNOSTIC,    20, -7.301610827414e-01, 8.649618784747e-05, 0.0000e+00, 0.0000e+00, 
 2DIAGNOSTIC,    21, -7.302100071614e-01, 4.990999845895e-05, 0.0000e+00, 0.0000e+00, 
 2DIAGNOSTIC,    22, -7.303920158430e-01, 4.183909194094e-05, 0.0000e+00, 0.0000e+00, 
 2DIAGNOSTIC,    23, -7.312835238401e-01, 5.531034045345e-05, 0.0000e+00, 0.0000e+00, 
 2DIAGNOSTIC,    24, -7.330485961411e-01, 9.010105355032e-05, 0.0000e+00, 0.0000e+00, 
 2DIAGNOSTIC,    25, -7.341394369538e-01, 1.344273570245e-04, 0.0000e+00, 0.0000e+00, 
 2DIAGNOSTIC,    26, -7.348259000053e-01, 1.752130978173e-04, 0.0000e+00, 0.0000e+00, 
 2DIAGNOSTIC,    27, -7.356875887092e-01, 2.097504521777e-04, 0.0000e+00, 0.0000e+00, 
 2DIAGNOSTIC,    28, -7.355560808387e-01, 2.208010657890e-04, 0.0000e+00, 0.0000e+00, 
 2DIAGNOSTIC,    29, -7.359280950378e-01, 2.179428782680e-04, 0.0000e+00, 0.0000e+00, 
 2DIAGNOSTIC,    30, -7.361605013502e-01, 1.993152881907e-04, 0.0000e+00, 0.0000e+00, 
 2DIAGNOSTIC,    31, -7.364787457178e-01, 1.679464948423e-04, 0.0000e+00, 0.0000e+00, 
 2DIAGNOSTIC,    32, -7.366567282191e-01, 1.271396543379e-04, 0.0000e+00, 0.0000e+00, 
 2DIAGNOSTIC,    33, -7.366586889927e-01, 8.720264934484e-05, 0.0000e+00, 0.0000e+00, 
 2DIAGNOSTIC,    34, -7.366768765195e-01, 6.194387006169e-05, 0.0000e+00, 0.0000e+00, 
 2DIAGNOSTIC,    35, -7.367051960493e-01, 4.471820949104e-05, 0.0000e+00, 0.0000e+00, 
 2DIAGNOSTIC,    36, -7.368481316927e-01, 3.302641322697e-05, 0.0000e+00, 0.0000e+00, 
 2DIAGNOSTIC,    37, -7.369089222960e-01, 2.873035877876e-05, 0.0000e+00, 0.0000e+00, 
 2DIAGNOSTIC,    38, -7.369839566256e-01, 2.139900648234e-05, 0.0000e+00, 0.0000e+00, 
 2DIAGNOSTIC,    39, -7.370726336836e-01, 1.711959382769e-05, 0.0000e+00, 0.0000e+00, 
 2DIAGNOSTIC,    40, -7.371797276815e-01, 1.473927218096e-05, 0.0000e+00, 0.0000e+00, 
 2DIAGNOSTIC,    41, -7.373141417479e-01, 1.538553945086e-05, 0.0000e+00, 0.0000e+00, 
 2DIAGNOSTIC,    42, -7.378366474145e-01, 2.110436885028e-05, 0.0000e+00, 0.0000e+00, 
 2DIAGNOSTIC,    43, -7.380798297081e-01, 2.673630092151e-05, 0.0000e+00, 0.0000e+00, 
 2DIAGNOSTIC,    44, -7.382333007027e-01, 3.116024085293e-05, 0.0000e+00, 0.0000e+00, 
 2DIAGNOSTIC,    45, -7.382778568857e-01, 3.312769979441e-05, 0.0000e+00, 0.0000e+00, 
 2DIAGNOSTIC,    46, -7.382277839153e-01, 3.270054186007e-05, 0.0000e+00, 0.0000e+00, 
 2DIAGNOSTIC,    47, -7.382530293461e-01, 2.990137656510e-05, 0.0000e+00, 0.0000e+00, 
 2DIAGNOSTIC,    48, -7.381677883588e-01, 2.428902419258e-05, 0.0000e+00, 0.0000e+00, 
 2DIAGNOSTIC,    49, -7.381013053815e-01, 1.686554038433e-05, 0.0000e+00, 0.0000e+00, 
 2DIAGNOSTIC,    50, -7.381153545316e-01, 9.185460102860e-06, 0.0000e+00, 0.0000e+00, 
DIAGNOSTIC,Iteration,metricValue,convergenceValue,ITERATION_TIME_INDEX,SINCE_LAST
 2DIAGNOSTIC,     1, -5.948181561215e-01, 1.797693134862e+308, 0.0000e+00, 0.0000e+00, 
 2DIAGNOSTIC,     2, -5.952835189889e-01, 1.797693134862e+308, 0.0000e+00, 0.0000e+00, 
 2DIAGNOSTIC,     3, -5.958649759037e-01, 1.797693134862e+308, 0.0000e+00, 0.0000e+00, 
 2DIAGNOSTIC,     4, -5.965249437672e-01, 1.797693134862e+308, 0.0000e+00, 0.0000e+00, 
 2DIAGNOSTIC,     5, -5.979024746331e-01, 1.797693134862e+308, 0.0000e+00, 0.0000e+00, 
 2DIAGNOSTIC,     6, -6.004437185014e-01, 1.797693134862e+308, 0.0000e+00, 0.0000e+00, 
 2DIAGNOSTIC,     7, -6.030610710394e-01, 1.797693134862e+308, 0.0000e+00, 0.0000e+00, 
 2DIAGNOSTIC,     8, -6.039010110039e-01, 1.797693134862e+308, 0.0000e+00, 0.0000e+00, 
 2DIAGNOSTIC,     9, -6.039863988376e-01, 1.797693134862e+308, 0.0000e+00, 0.0000e+00, 
 2DIAGNOSTIC,    10, -6.039736578900e-01, 1.229560285255e-03, 0.0000e+00, 0.0000e+00, 
 2DIAGNOSTIC,    11, -6.039672766046e-01, 1.046736668338e-03, 0.0000e+00, 0.0000e+00, 
 2DIAGNOSTIC,    12, -6.039698850048e-01, 8.178460151547e-04, 0.0000e+00, 0.0000e+00, 
 2DIAGNOSTIC,    13, -6.039648829464e-01, 5.723089546725e-04, 0.0000e+00, 0.0000e+00, 
 2DIAGNOSTIC,    14, -6.039629436029e-01, 3.335191975858e-04, 0.0000e+00, 0.0000e+00, 
 2DIAGNOSTIC,    15, -6.039659099631e-01, 1.391408738248e-04, 0.0000e+00, 0.0000e+00, 
 2DIAGNOSTIC,    16, -6.039490745347e-01, 2.931586638208e-05, 0.0000e+00, 0.0000e+00, 
 2DIAGNOSTIC,    17, -6.039320007281e-01, 1.606275264257e-06, 0.0000e+00, 0.0000e+00, 
DIAGNOSTIC,Iteration,metricValue,convergenceValue,ITERATION_TIME_INDEX,SINCE_LAST
 2DIAGNOSTIC,     1, -5.389184084486e-01, 1.797693134862e+308, 0.0000e+00, 0.0000e+00, 
 2DIAGNOSTIC,     2, -5.392953890756e-01, 1.797693134862e+308, 0.0000e+00, 0.0000e+00, 
 2DIAGNOSTIC,     3, -5.397424240755e-01, 1.797693134862e+308, 0.0000e+00, 0.0000e+00, 
 2DIAGNOSTIC,     4, -5.402218948824e-01, 1.797693134862e+308, 0.0000e+00, 0.0000e+00, 
 2DIAGNOSTIC,     5, -5.406585135382e-01, 1.797693134862e+308, 0.0000e+00, 0.0000e+00, 
 2DIAGNOSTIC,     6, -5.416486190575e-01, 1.797693134862e+308, 0.0000e+00, 0.0000e+00, 
 2DIAGNOSTIC,     7, -5.433051805318e-01, 1.797693134862e+308, 0.0000e+00, 0.0000e+00, 
 2DIAGNOSTIC,     8, -5.449010450247e-01, 1.797693134862e+308, 0.0000e+00, 0.0000e+00, 
 2DIAGNOSTIC,     9, -5.452975534522e-01, 1.797693134862e+308, 0.0000e+00, 0.0000e+00, 
 2DIAGNOSTIC,    10, -5.452987636270e-01, 8.868132709755e-04, 0.0000e+00, 0.0000e+00, 
 2DIAGNOSTIC,    11, -5.452941110691e-01, 7.972542895869e-04, 0.0000e+00, 0.0000e+00, 
 2DIAGNOSTIC,    12, -5.452940731806e-01, 6.666126102373e-04, 0.0000e+00, 0.0000e+00, 
 2DIAGNOSTIC,    13, -5.452933541459e-01, 5.131325506704e-04, 0.0000e+00, 0.0000e+00, 
 2DIAGNOSTIC,    14, -5.452914144855e-01, 3.536762993840e-04, 0.0000e+00, 0.0000e+00, 
 2DIAGNOSTIC,    15, -5.452904791970e-01, 1.992632559993e-04, 0.0000e+00, 0.0000e+00, 
 2DIAGNOSTIC,    16, -5.452895503401e-01, 7.779071828286e-05, 0.0000e+00, 0.0000e+00, 
 2DIAGNOSTIC,    17, -5.452896118885e-01, 1.340038737710e-05, 0.0000e+00, 0.0000e+00, 
 2DIAGNOSTIC,    18, -5.452887215268e-01, 1.135516939685e-06, 0.0000e+00, 0.0000e+00, 
 2DIAGNOSTIC,    19, -5.452877777453e-01, 1.110516873438e-06, 0.0000e+00, 0.0000e+00, 
 2DIAGNOSTIC,    20, -5.452877599940e-01, 1.176585296477e-06, 0.0000e+00, 0.0000e+00, 
 2DIAGNOSTIC,    21, -5.452877697265e-01, 1.158832288781e-06, 0.0000e+00, 0.0000e+00, 
 2DIAGNOSTIC,    22, -5.452879775962e-01, 1.179890621907e-06, 0.0000e+00, 0.0000e+00, 
 2DIAGNOSTIC,    23, -5.452880752970e-01, 1.211371929481e-06, 0.0000e+00, 0.0000e+00, 
 2DIAGNOSTIC,    24, -5.452874132531e-01, 1.200958414452e-06, 0.0000e+00, 0.0000e+00, 
 2DIAGNOSTIC,    25, -5.452877810838e-01, 1.192521564171e-06, 0.0000e+00, 0.0000e+00, 
 2DIAGNOSTIC,    26, -5.452883427371e-01, 1.184396122428e-06, 0.0000e+00, 0.0000e+00, 
