
##########################
# Experiment information #
##########################

EXPERIMENT_NAME: antsRegistration-r7-p19
VFC_BACKENDS: libinterflop_vprec.so --range-binary32=7 --precision-binary32=19 --range-binary64=7 --precision-binary64=19

SIF_IMG: /home/mdugre/projects/rrg-glatard/mdugre/containers/ants-vprec-no_metrics.simg

SUBJECT_ID: s037
INPUT_IMG: /home/mdugre/scratch/mri-registration-rp/datasets/ds004513/derivatives/mri-registration-rp/antsBrainExtraction/sub-s037/BrainExtractionBrain.nii.gz
OUTPUT_DIR: /home/mdugre/scratch/mri-registration-rp/datasets/ds004513/derivatives/mri-registration-rp/0011/antsRegistration-r7-p19/sub-s037

FIXED_IMG: /templateflow/tpl-MNI152NLin2009cAsym/tpl-MNI152NLin2009cAsym_res-01_desc-brain_T1w.nii.gz
DATA_DIR: /home/mdugre/scratch/mri-registration-rp/datasets/ds004513
TEMPLATEFLOW_DIR: /home/mdugre/projects/rrg-glatard/mdugre/templateflow
ITK_GLOBAL_DEFAULT_NUMBER_OF_THREADS: 16
##########################

Info [verificarlo]: loaded backend libinterflop_ieee.so
Info [interflop-ieee]: load backend with:
Info [interflop-ieee]: debug = false
Info [interflop-ieee]: debug-binary = false
Info [interflop-ieee]: no-backend-name = false
Info [interflop-ieee]: print-new-line = false
Info [interflop-ieee]: print-subnormal-normalized = false
Info [interflop-ieee]: count-op = false
All_Command_lines_OK
Using double precision for computations.
=============================================================================
The composite transform comprises the following transforms (in order): 
  1. Center of mass alignment using fixed image: /templateflow/tpl-MNI152NLin2009cAsym/tpl-MNI152NLin2009cAsym_res-01_desc-brain_T1w.nii.gz and moving image: /home/mdugre/scratch/mri-registration-rp/datasets/ds004513/derivatives/mri-registration-rp/antsBrainExtraction/sub-s037/BrainExtractionBrain.nii.gz (type = Euler3DTransform)
=============================================================================
  number of levels = 1
  fixed image: /templateflow/tpl-MNI152NLin2009cAsym/tpl-MNI152NLin2009cAsym_res-01_desc-brain_T1w.nii.gz
  moving image: /home/mdugre/scratch/mri-registration-rp/datasets/ds004513/derivatives/mri-registration-rp/antsBrainExtraction/sub-s037/BrainExtractionBrain.nii.gz
Dimension = 3
Number of stages = 1
Use histogram matching = false
Winsorize image intensities = true
  Lower quantile = 0.005
  Upper quantile = 0.995


Stage 1 State
   Image metric = MattesMI
     Fixed image = Image (0x3c84e70)
  RTTI typeinfo:   itk::Image<double, 3u>
  Reference Count: 2
  Modified Time: 2330
  Debug: Off
  Object Name: 
  Observers: 
    none
  Source: (none)
  Source output name: (none)
  Release Data: Off
  Data Released: False
  Global Release Data: Off
  PipelineMTime: 0
  UpdateMTime: 1941
  RealTimeStamp: 0 seconds 
  LargestPossibleRegion: 
    Dimension: 3
    Index: [0, 0, 0]
    Size: [193, 229, 193]
  BufferedRegion: 
    Dimension: 3
    Index: [0, 0, 0]
    Size: [193, 229, 193]
  RequestedRegion: 
    Dimension: 3
    Index: [0, 0, 0]
    Size: [193, 229, 193]
  Spacing: [1, 1, 1]
  Origin: [96, 132, -78]
  Direction: 
-1 0 0
0 -1 0
0 0 1

  IndexToPointMatrix: 
-1 0 0
0 -1 0
0 0 1

  PointToIndexMatrix: 
-1 0 0
0 -1 0
0 0 1

  Inverse Direction: 
-1 0 0
0 -1 0
0 0 1

  PixelContainer: 
    ImportImageContainer (0x3c8dc60)
      RTTI typeinfo:   itk::ImportImageContainer<unsigned long, double>
      Reference Count: 1
      Modified Time: 1938
      Debug: Off
      Object Name: 
      Observers: 
        none
      Pointer: 0x1511c7778010
      Container manages memory: true
      Size: 8530021
      Capacity: 8530021

     Moving image = Image (0x3d21ec0)
  RTTI typeinfo:   itk::Image<double, 3u>
  Reference Count: 2
  Modified Time: 2331
  Debug: Off
  Object Name: 
  Observers: 
    none
  Source: (none)
  Source output name: (none)
  Release Data: Off
  Data Released: False
  Global Release Data: Off
  PipelineMTime: 0
  UpdateMTime: 2328
  RealTimeStamp: 0 seconds 
  LargestPossibleRegion: 
    Dimension: 3
    Index: [0, 0, 0]
    Size: [160, 240, 256]
  BufferedRegion: 
    Dimension: 3
    Index: [0, 0, 0]
    Size: [160, 240, 256]
  RequestedRegion: 
    Dimension: 3
    Index: [0, 0, 0]
    Size: [160, 240, 256]
  Spacing: [1, 1, 1]
  Origin: [87.9508, 102.562, -147.639]
  Direction: 
-0.998659 -0.0436121 -0.0279129
0.043595 -0.999049 0.00121847
-0.0279395 -2.65543e-08 0.99961

  IndexToPointMatrix: 
-0.998659 -0.0436121 -0.0279129
0.043595 -0.999049 0.00121847
-0.0279395 -2.65543e-08 0.99961

  PointToIndexMatrix: 
-0.998659 0.043595 -0.0279395
-0.0436121 -0.999049 -2.65517e-08
-0.0279129 0.00121847 0.99961

  Inverse Direction: 
-0.998659 0.043595 -0.0279395
-0.0436121 -0.999049 -2.65517e-08
-0.0279129 0.00121847 0.99961

  PixelContainer: 
    ImportImageContainer (0x3db9610)
      RTTI typeinfo:   itk::ImportImageContainer<unsigned long, double>
      Reference Count: 1
      Modified Time: 2325
      Debug: Off
      Object Name: 
      Observers: 
        none
      Pointer: 0x1511c2c77010
      Container manages memory: true
      Size: 9830400
      Capacity: 9830400

     Weighting = 1
     Sampling strategy = regular
     Number of bins = 32
     Radius = 4
     Sampling percentage  = 0.25
   Transform = Rigid
     Gradient step = 0.1
     Update field sigma (voxel space) = 0
     Total field sigma (voxel space) = 0
     Update field time sigma = 0
     Total field time sigma  = 0
     Number of time indices = 0
     Number of time point samples = 0
Registration using 1 total stages.

Stage 0
  iterations = 0
  convergence threshold = 1e-06
  convergence window size = 10
  number of levels = 1
  using the Mattes MI metric (number of bins = 32, weight = 1, use gradient filter = 0)
  preprocessing:  winsorizing the image intensities
  Shrink factors (level 1 out of 1): [1, 1, 1]
  smoothing sigmas per level: [0]
  regular sampling (percentage = 0.25)

*** Running Euler3DTransform registration ***

  Elapsed time (stage 0): 1.20033


Total elapsed time: 1.20268
Info [verificarlo]: loaded backend libinterflop_ieee.so
Info [interflop-ieee]: load backend with:
Info [interflop-ieee]: debug = false
Info [interflop-ieee]: debug-binary = false
Info [interflop-ieee]: no-backend-name = false
Info [interflop-ieee]: print-new-line = false
Info [interflop-ieee]: print-subnormal-normalized = false
Info [interflop-ieee]: count-op = false
All_Command_lines_OK
Using double precision for computations.
=============================================================================
The composite transform comprises the following transforms (in order): 
  1. /home/mdugre/scratch/mri-registration-rp/datasets/ds004513/derivatives/mri-registration-rp/0011/antsRegistration-r7-p19/sub-s037/align_Composite.h5[0] (type = Euler3DTransform)
  2. /home/mdugre/scratch/mri-registration-rp/datasets/ds004513/derivatives/mri-registration-rp/0011/antsRegistration-r7-p19/sub-s037/align_Composite.h5[1] (type = Euler3DTransform)
=============================================================================
  number of levels = 4
  fixed image: /templateflow/tpl-MNI152NLin2009cAsym/tpl-MNI152NLin2009cAsym_res-01_desc-brain_T1w.nii.gz
  moving image: /home/mdugre/scratch/mri-registration-rp/datasets/ds004513/derivatives/mri-registration-rp/antsBrainExtraction/sub-s037/BrainExtractionBrain.nii.gz
Dimension = 3
Number of stages = 1
Use histogram matching = false
Winsorize image intensities = true
  Lower quantile = 0.005
  Upper quantile = 0.995


Stage 1 State
   Image metric = MattesMI
     Fixed image = Image (0x4179530)
  RTTI typeinfo:   itk::Image<double, 3u>
  Reference Count: 2
  Modified Time: 1578
  Debug: Off
  Object Name: 
  Observers: 
    none
  Source: (none)
  Source output name: (none)
  Release Data: Off
  Data Released: False
  Global Release Data: Off
  PipelineMTime: 0
  UpdateMTime: 1189
  RealTimeStamp: 0 seconds 
  LargestPossibleRegion: 
    Dimension: 3
    Index: [0, 0, 0]
    Size: [193, 229, 193]
  BufferedRegion: 
    Dimension: 3
    Index: [0, 0, 0]
    Size: [193, 229, 193]
  RequestedRegion: 
    Dimension: 3
    Index: [0, 0, 0]
    Size: [193, 229, 193]
  Spacing: [1, 1, 1]
  Origin: [96, 132, -78]
  Direction: 
-1 0 0
0 -1 0
0 0 1

  IndexToPointMatrix: 
-1 0 0
0 -1 0
0 0 1

  PointToIndexMatrix: 
-1 0 0
0 -1 0
0 0 1

  Inverse Direction: 
-1 0 0
0 -1 0
0 0 1

  PixelContainer: 
    ImportImageContainer (0x4237d60)
      RTTI typeinfo:   itk::ImportImageContainer<unsigned long, double>
      Reference Count: 1
      Modified Time: 1186
      Debug: Off
      Object Name: 
      Observers: 
        none
      Pointer: 0x15065a630010
      Container manages memory: true
      Size: 8530021
      Capacity: 8530021

     Moving image = Image (0x4229f60)
  RTTI typeinfo:   itk::Image<double, 3u>
  Reference Count: 2
  Modified Time: 1579
  Debug: Off
  Object Name: 
  Observers: 
    none
  Source: (none)
  Source output name: (none)
  Release Data: Off
  Data Released: False
  Global Release Data: Off
  PipelineMTime: 0
  UpdateMTime: 1576
  RealTimeStamp: 0 seconds 
  LargestPossibleRegion: 
    Dimension: 3
    Index: [0, 0, 0]
    Size: [160, 240, 256]
  BufferedRegion: 
    Dimension: 3
    Index: [0, 0, 0]
    Size: [160, 240, 256]
  RequestedRegion: 
    Dimension: 3
    Index: [0, 0, 0]
    Size: [160, 240, 256]
  Spacing: [1, 1, 1]
  Origin: [87.9508, 102.562, -147.639]
  Direction: 
-0.998659 -0.0436121 -0.0279129
0.043595 -0.999049 0.00121847
-0.0279395 -2.65543e-08 0.99961

  IndexToPointMatrix: 
-0.998659 -0.0436121 -0.0279129
0.043595 -0.999049 0.00121847
-0.0279395 -2.65543e-08 0.99961

  PointToIndexMatrix: 
-0.998659 0.043595 -0.0279395
-0.0436121 -0.999049 -2.65517e-08
-0.0279129 0.00121847 0.99961

  Inverse Direction: 
-0.998659 0.043595 -0.0279395
-0.0436121 -0.999049 -2.65517e-08
-0.0279129 0.00121847 0.99961

  PixelContainer: 
    ImportImageContainer (0x421b6d0)
      RTTI typeinfo:   itk::ImportImageContainer<unsigned long, double>
      Reference Count: 1
      Modified Time: 1573
      Debug: Off
      Object Name: 
      Observers: 
        none
      Pointer: 0x150655b2f010
      Container manages memory: true
      Size: 9830400
      Capacity: 9830400

     Weighting = 1
     Sampling strategy = regular
     Number of bins = 32
     Radius = 4
     Sampling percentage  = 0.25
   Transform = Rigid
     Gradient step = 0.1
     Update field sigma (voxel space) = 0
     Total field sigma (voxel space) = 0
     Update field time sigma = 0
     Total field time sigma  = 0
     Number of time indices = 0
     Number of time point samples = 0
Registration using 1 total stages.

Stage 0
  iterations = 1000x500x250x100
  convergence threshold = 1e-06
  convergence window size = 10
  number of levels = 4
  using the Mattes MI metric (number of bins = 32, weight = 1, use gradient filter = 0)
  preprocessing:  winsorizing the image intensities
  Shrink factors (level 1 out of 4): [8, 8, 8]
  Shrink factors (level 2 out of 4): [4, 4, 4]
  Shrink factors (level 3 out of 4): [2, 2, 2]
  Shrink factors (level 4 out of 4): [1, 1, 1]
  smoothing sigmas per level: [3, 2, 1, 0]
  regular sampling (percentage = 0.25)

*** Running Euler3DTransform registration ***

DIAGNOSTIC,Iteration,metricValue,convergenceValue,ITERATION_TIME_INDEX,SINCE_LAST
 2DIAGNOSTIC,     1, -4.299060189477e-01, 1.797693134862e+308, 8.4819e-01, 8.4819e-01, 
 2DIAGNOSTIC,     2, -4.311703807429e-01, 1.797693134862e+308, 8.5323e-01, 5.0380e-03, 
 2DIAGNOSTIC,     3, -4.334997061176e-01, 1.797693134862e+308, 8.5791e-01, 4.6840e-03, 
 2DIAGNOSTIC,     4, -4.389575130370e-01, 1.797693134862e+308, 8.6292e-01, 5.0020e-03, 
 2DIAGNOSTIC,     5, -4.438813134482e-01, 1.797693134862e+308, 8.6787e-01, 4.9510e-03, 
 2DIAGNOSTIC,     6, -4.461495460377e-01, 1.797693134862e+308, 8.7231e-01, 4.4410e-03, 
 2DIAGNOSTIC,     7, -4.511407144429e-01, 1.797693134862e+308, 8.7764e-01, 5.3289e-03, 
 2DIAGNOSTIC,     8, -4.667812032718e-01, 1.797693134862e+308, 8.8303e-01, 5.3980e-03, 
 2DIAGNOSTIC,     9, -4.753090114372e-01, 1.797693134862e+308, 8.8825e-01, 5.2121e-03, 
 2DIAGNOSTIC,    10, -4.802481719655e-01, 7.481707542057e-03, 8.9352e-01, 5.2760e-03, 
 2DIAGNOSTIC,    11, -4.821261368877e-01, 7.356704266140e-03, 8.9819e-01, 4.6699e-03, 
 2DIAGNOSTIC,    12, -4.837491005316e-01, 6.749992380105e-03, 9.0376e-01, 5.5652e-03, 
 2DIAGNOSTIC,    13, -5.028244927611e-01, 6.622215038746e-03, 9.1146e-01, 7.7040e-03, 
 2DIAGNOSTIC,    14, -5.042109134422e-01, 6.183615245766e-03, 9.1601e-01, 4.5462e-03, 
 2DIAGNOSTIC,    15, -5.066116081859e-01, 5.558135432407e-03, 9.2064e-01, 4.6329e-03, 
 2DIAGNOSTIC,    16, -5.083451635865e-01, 4.676295421403e-03, 9.2524e-01, 4.6020e-03, 
 2DIAGNOSTIC,    17, -5.184993492753e-01, 3.998770500967e-03, 9.3286e-01, 7.6129e-03, 
 2DIAGNOSTIC,    18, -5.256348855910e-01, 3.769024583863e-03, 9.3762e-01, 4.7591e-03, 
 2DIAGNOSTIC,    19, -5.260487277103e-01, 3.491513203630e-03, 9.4304e-01, 5.4202e-03, 
 2DIAGNOSTIC,    20, -5.292109531597e-01, 3.174906814018e-03, 9.4829e-01, 5.2590e-03, 
 2DIAGNOSTIC,    21, -5.301818281324e-01, 2.681600073593e-03, 9.5295e-01, 4.6511e-03, 
 2DIAGNOSTIC,    22, -5.312241425470e-01, 2.041188997338e-03, 9.5821e-01, 5.2631e-03, 
 2DIAGNOSTIC,    23, -5.321371412485e-01, 1.776979500949e-03, 9.6395e-01, 5.7390e-03, 
 2DIAGNOSTIC,    24, -5.330747234914e-01, 1.429098281185e-03, 9.6865e-01, 4.7040e-03, 
 2DIAGNOSTIC,    25, -5.340979446179e-01, 1.060387654200e-03, 9.7384e-01, 5.1880e-03, 
 2DIAGNOSTIC,    26, -5.353301849350e-01, 6.839349230254e-04, 9.8031e-01, 6.4750e-03, 
 2DIAGNOSTIC,    27, -5.359877904888e-01, 5.005582774526e-04, 9.8484e-01, 4.5261e-03, 
 2DIAGNOSTIC,    28, -5.363338943956e-01, 4.385714153614e-04, 9.8939e-01, 4.5509e-03, 
 2DIAGNOSTIC,    29, -5.373050877526e-01, 3.660300099513e-04, 9.9400e-01, 4.6120e-03, 
 2DIAGNOSTIC,    30, -5.398201295807e-01, 3.715999478281e-04, 9.9950e-01, 5.4958e-03, 
 2DIAGNOSTIC,    31, -5.446420272697e-01, 4.465256246036e-04, 1.0099e+00, 1.0400e-02, 
 2DIAGNOSTIC,    32, -5.446643907460e-01, 4.912601035650e-04, 1.0144e+00, 4.5061e-03, 
 2DIAGNOSTIC,    33, -5.447645397995e-01, 5.056415828675e-04, 1.0189e+00, 4.4849e-03, 
 2DIAGNOSTIC,    34, -5.449309817959e-01, 4.904056571336e-04, 1.0234e+00, 4.5030e-03, 
 2DIAGNOSTIC,    35, -5.452044598729e-01, 4.491506068698e-04, 1.0279e+00, 4.5311e-03, 
 2DIAGNOSTIC,    36, -5.456974346064e-01, 3.933077877789e-04, 1.0324e+00, 4.4401e-03, 
 2DIAGNOSTIC,    37, -5.462998690040e-01, 3.227886599099e-04, 1.0369e+00, 4.5059e-03, 
 2DIAGNOSTIC,    38, -5.470544250287e-01, 2.429355429907e-04, 1.0414e+00, 4.5609e-03, 
 2DIAGNOSTIC,    39, -5.483332385791e-01, 1.763378300057e-04, 1.0465e+00, 5.0831e-03, 
 2DIAGNOSTIC,    40, -5.485726231290e-01, 1.327666786807e-04, 1.0510e+00, 4.4651e-03, 
 2DIAGNOSTIC,    41, -5.488485014120e-01, 1.482764932388e-04, 1.0560e+00, 5.0519e-03, 
 2DIAGNOSTIC,    42, -5.491456161807e-01, 1.532240314728e-04, 1.0606e+00, 4.6101e-03, 
 2DIAGNOSTIC,    43, -5.502464846300e-01, 1.586819721227e-04, 1.0661e+00, 5.4910e-03, 
 2DIAGNOSTIC,    44, -5.634828711152e-01, 3.167363065484e-04, 1.0727e+00, 6.6171e-03, 
 2DIAGNOSTIC,    45, -5.666069965598e-01, 4.740907111013e-04, 1.0781e+00, 5.3940e-03, 
 2DIAGNOSTIC,    46, -5.687465703741e-01, 6.113322647348e-04, 1.0832e+00, 5.1000e-03, 
 2DIAGNOSTIC,    47, -5.690830248822e-01, 6.968944939102e-04, 1.0877e+00, 4.4770e-03, 
 2DIAGNOSTIC,    48, -5.696230925245e-01, 7.264178183782e-04, 1.0922e+00, 4.4701e-03, 
 2DIAGNOSTIC,    49, -5.705373858075e-01, 7.073006485251e-04, 1.0973e+00, 5.0910e-03, 
 2DIAGNOSTIC,    50, -5.708767368990e-01, 6.265231300178e-04, 1.1023e+00, 5.0449e-03, 
 2DIAGNOSTIC,    51, -5.710213251948e-01, 4.957470984621e-04, 1.1068e+00, 4.4870e-03, 
 2DIAGNOSTIC,    52, -5.728397293580e-01, 3.470411641365e-04, 1.1120e+00, 5.1770e-03, 
 2DIAGNOSTIC,    53, -5.746250737143e-01, 1.971147896134e-04, 1.1167e+00, 4.6830e-03, 
 2DIAGNOSTIC,    54, -5.770913192656e-01, 1.910287575388e-04, 1.1213e+00, 4.5831e-03, 
 2DIAGNOSTIC,    55, -5.788415248593e-01, 2.141108700453e-04, 1.1291e+00, 7.8330e-03, 
 2DIAGNOSTIC,    56, -5.796512169878e-01, 2.443466975209e-04, 1.1343e+00, 5.1899e-03, 
 2DIAGNOSTIC,    57, -5.800446208057e-01, 2.569472331351e-04, 1.1388e+00, 4.5180e-03, 
 2DIAGNOSTIC,    58, -5.814136874243e-01, 2.618117747805e-04, 1.1438e+00, 4.9889e-03, 
 2DIAGNOSTIC,    59, -5.819196662766e-01, 2.538525916417e-04, 1.1483e+00, 4.5021e-03, 
 2DIAGNOSTIC,    60, -5.820655749401e-01, 2.263223274777e-04, 1.1527e+00, 4.4522e-03, 
 2DIAGNOSTIC,    61, -5.826645208024e-01, 1.847272001362e-04, 1.1579e+00, 5.1301e-03, 
 2DIAGNOSTIC,    62, -5.832449674872e-01, 1.474604962654e-04, 1.1633e+00, 5.4379e-03, 
 2DIAGNOSTIC,    63, -5.837774102347e-01, 1.164133332663e-04, 1.1683e+00, 4.9939e-03, 
 2DIAGNOSTIC,    64, -5.838304321426e-01, 9.587856626556e-05, 1.1727e+00, 4.3561e-03, 
 2DIAGNOSTIC,    65, -5.841878959758e-01, 8.421595339023e-05, 1.1806e+00, 7.9169e-03, 
 2DIAGNOSTIC,    66, -5.842428080502e-01, 7.184877572593e-05, 1.1850e+00, 4.3929e-03, 
 2DIAGNOSTIC,    67, -5.848090132607e-01, 6.029435194872e-05, 1.1894e+00, 4.4210e-03, 
 2DIAGNOSTIC,    68, -5.849577755536e-01, 5.499854779751e-05, 1.1943e+00, 4.9109e-03, 
 2DIAGNOSTIC,    69, -5.856261315068e-01, 5.372050803854e-05, 1.2078e+00, 1.3479e-02, 
 2DIAGNOSTIC,    70, -5.857482354528e-01, 4.926022234520e-05, 1.2133e+00, 5.4750e-03, 
 2DIAGNOSTIC,    71, -5.859941418326e-01, 4.647046076633e-05, 1.2189e+00, 5.6000e-03, 
 2DIAGNOSTIC,    72, -5.862035433486e-01, 4.501765584857e-05, 1.2233e+00, 4.3960e-03, 
 2DIAGNOSTIC,    73, -5.865598078629e-01, 4.569438163323e-05, 1.2283e+00, 5.0912e-03, 
 2DIAGNOSTIC,    74, -5.866102845136e-01, 4.261253986362e-05, 1.2328e+00, 4.4260e-03, 
 2DIAGNOSTIC,    75, -5.867953349724e-01, 3.941617302995e-05, 1.2371e+00, 4.2958e-03, 
 2DIAGNOSTIC,    76, -5.871110501296e-01, 3.505969030791e-05, 1.2424e+00, 5.3051e-03, 
 2DIAGNOSTIC,    77, -5.870746335648e-01, 3.105442833568e-05, 1.2467e+00, 4.3349e-03, 
 2DIAGNOSTIC,    78, -5.871541796635e-01, 2.565462905588e-05, 1.2516e+00, 4.8490e-03, 
 2DIAGNOSTIC,    79, -5.873350869058e-01, 2.360958864590e-05, 1.2564e+00, 4.8470e-03, 
 2DIAGNOSTIC,    80, -5.873107169107e-01, 1.996958068327e-05, 1.2612e+00, 4.8091e-03, 
 2DIAGNOSTIC,    81, -5.873594450954e-01, 1.642292317860e-05, 1.2656e+00, 4.3900e-03, 
 2DIAGNOSTIC,    82, -5.874902177231e-01, 1.354931300449e-05, 1.2698e+00, 4.2069e-03, 
 2DIAGNOSTIC,    83, -5.877235786193e-01, 1.318723841120e-05, 1.2746e+00, 4.8280e-03, 
 2DIAGNOSTIC,    84, -5.877295623675e-01, 1.189099627822e-05, 1.2795e+00, 4.8521e-03, 
 2DIAGNOSTIC,    85, -5.878686175992e-01, 1.147797492582e-05, 1.2849e+00, 5.4500e-03, 
 2DIAGNOSTIC,    86, -5.879253381321e-01, 1.227788601404e-05, 1.2893e+00, 4.3721e-03, 
 2DIAGNOSTIC,    87, -5.883940156217e-01, 1.446823646660e-05, 1.2937e+00, 4.3511e-03, 
 2DIAGNOSTIC,    88, -5.895051136042e-01, 2.214789608936e-05, 1.2986e+00, 4.9372e-03, 
 2DIAGNOSTIC,    89, -5.901204912636e-01, 3.204056024089e-05, 1.3033e+00, 4.7410e-03, 
 2DIAGNOSTIC,    90, -5.905000102202e-01, 4.070830653190e-05, 1.3084e+00, 5.0502e-03, 
 2DIAGNOSTIC,    91, -5.917793741537e-01, 5.288335177643e-05, 1.3135e+00, 5.1599e-03, 
 2DIAGNOSTIC,    92, -5.929288286917e-01, 6.667281080434e-05, 1.3195e+00, 5.9519e-03, 
 2DIAGNOSTIC,    93, -5.945694120776e-01, 8.396198359375e-05, 1.3241e+00, 4.6248e-03, 
 2DIAGNOSTIC,    94, -5.955212289925e-01, 9.789673324744e-05, 1.3302e+00, 6.0399e-03, 
 2DIAGNOSTIC,    95, -5.955344212210e-01, 1.030172133972e-04, 1.3352e+00, 5.0430e-03, 
 2DIAGNOSTIC,    96, -5.955853569247e-01, 9.878173448468e-05, 1.3401e+00, 4.9090e-03, 
 2DIAGNOSTIC,    97, -5.955440311600e-01, 8.720552109384e-05, 1.3446e+00, 4.4441e-03, 
 2DIAGNOSTIC,    98, -5.956882503478e-01, 7.393514146470e-05, 1.3491e+00, 4.5249e-03, 
 2DIAGNOSTIC,    99, -5.957547154948e-01, 5.735942753395e-05, 1.3546e+00, 5.4832e-03, 
 2DIAGNOSTIC,   100, -5.958532984658e-01, 3.807446649691e-05, 1.3590e+00, 4.4169e-03, 
 2DIAGNOSTIC,   101, -5.958731703677e-01, 2.215992519836e-05, 1.3651e+00, 6.0689e-03, 
 2DIAGNOSTIC,   102, -5.959515004281e-01, 1.047198373661e-05, 1.3695e+00, 4.4899e-03, 
 2DIAGNOSTIC,   103, -5.961518841378e-01, 7.059829683395e-06, 1.3744e+00, 4.8559e-03, 
 2DIAGNOSTIC,   104, -5.961736317274e-01, 7.826030185365e-06, 1.3788e+00, 4.3950e-03, 
 2DIAGNOSTIC,   105, -5.963647706444e-01, 8.853539782498e-06, 1.3843e+00, 5.4619e-03, 
 2DIAGNOSTIC,   106, -5.965397247313e-01, 1.012923305731e-05, 1.3888e+00, 4.5030e-03, 
 2DIAGNOSTIC,   107, -5.966096315931e-01, 1.053640648334e-05, 1.3942e+00, 5.4071e-03, 
 2DIAGNOSTIC,   108, -5.966449036231e-01, 1.079023337552e-05, 1.3985e+00, 4.2911e-03, 
 2DIAGNOSTIC,   109, -5.967184385041e-01, 1.067778311773e-05, 1.4031e+00, 4.5991e-03, 
 2DIAGNOSTIC,   110, -5.969105480137e-01, 1.090711352927e-05, 1.4083e+00, 5.2030e-03, 
 2DIAGNOSTIC,   111, -5.968479956801e-01, 9.875322441228e-06, 1.4131e+00, 4.8549e-03, 
 2DIAGNOSTIC,   112, -5.968830002998e-01, 8.455973216116e-06, 1.4175e+00, 4.3511e-03, 
 2DIAGNOSTIC,   113, -5.969032236280e-01, 7.288830634358e-06, 1.4218e+00, 4.3330e-03, 
 2DIAGNOSTIC,   114, -5.969362829471e-01, 5.686431769946e-06, 1.4261e+00, 4.2861e-03, 
 2DIAGNOSTIC,   115, -5.970682118251e-01, 4.988803542915e-06, 1.4310e+00, 4.8690e-03, 
 2DIAGNOSTIC,   116, -5.971601585171e-01, 5.004050146890e-06, 1.4395e+00, 8.5762e-03, 
 2DIAGNOSTIC,   117, -5.971601674739e-01, 4.874832424676e-06, 1.4438e+00, 4.2210e-03, 
 2DIAGNOSTIC,   118, -5.971605443692e-01, 4.464809904842e-06, 1.4487e+00, 4.9539e-03, 
 2DIAGNOSTIC,   119, -5.971607963225e-01, 3.948946808966e-06, 1.4530e+00, 4.3080e-03, 
 2DIAGNOSTIC,   120, -5.970746595393e-01, 3.534087918053e-06, 1.4574e+00, 4.3550e-03, 
 2DIAGNOSTIC,   121, -5.970753407784e-01, 2.553033201470e-06, 1.4619e+00, 4.5800e-03, 
 2DIAGNOSTIC,   122, -5.970763659926e-01, 1.520598508472e-06, 1.4665e+00, 4.5989e-03, 
DIAGNOSTIC,Iteration,metricValue,convergenceValue,ITERATION_TIME_INDEX,SINCE_LAST
 2DIAGNOSTIC,     1, -4.876725998409e-01, 1.797693134862e+308, 2.2875e+00, 8.2098e-01, 
 2DIAGNOSTIC,     2, -4.882054240952e-01, 1.797693134862e+308, 2.3188e+00, 3.1244e-02, 
 2DIAGNOSTIC,     3, -4.889057903388e-01, 1.797693134862e+308, 2.3513e+00, 3.2503e-02, 
 2DIAGNOSTIC,     4, -4.903179540634e-01, 1.797693134862e+308, 2.3822e+00, 3.0922e-02, 
 2DIAGNOSTIC,     5, -4.913761637441e-01, 1.797693134862e+308, 2.4128e+00, 3.0631e-02, 
 2DIAGNOSTIC,     6, -4.917042178199e-01, 1.797693134862e+308, 2.4488e+00, 3.5977e-02, 
 2DIAGNOSTIC,     7, -4.919229127536e-01, 1.797693134862e+308, 2.4872e+00, 3.8382e-02, 
 2DIAGNOSTIC,     8, -4.920310749119e-01, 1.797693134862e+308, 2.5177e+00, 3.0544e-02, 
 2DIAGNOSTIC,     9, -4.922197317850e-01, 1.797693134862e+308, 2.5535e+00, 3.5730e-02, 
 2DIAGNOSTIC,    10, -4.924485208935e-01, 6.565768165758e-04, 2.5847e+00, 3.1228e-02, 
 2DIAGNOSTIC,    11, -4.925844049551e-01, 4.845835004443e-04, 2.6160e+00, 3.1335e-02, 
 2DIAGNOSTIC,    12, -4.930977818640e-01, 3.491272752930e-04, 2.6891e+00, 7.3084e-02, 
 2DIAGNOSTIC,    13, -4.931059353673e-01, 2.332922181738e-04, 2.7198e+00, 3.0649e-02, 
 2DIAGNOSTIC,    14, -4.931109689091e-01, 1.708691059621e-04, 2.7507e+00, 3.0899e-02, 
 2DIAGNOSTIC,    15, -4.930950992283e-01, 1.415279211518e-04, 2.7842e+00, 3.3577e-02, 
 2DIAGNOSTIC,    16, -4.930933727817e-01, 1.146489406611e-04, 2.8179e+00, 3.3699e-02, 
 2DIAGNOSTIC,    17, -4.931011859528e-01, 8.805843137084e-05, 2.8485e+00, 3.0543e-02, 
 2DIAGNOSTIC,    18, -4.930983365839e-01, 5.975491210927e-05, 2.8832e+00, 3.4729e-02, 
 2DIAGNOSTIC,    19, -4.930825933444e-01, 3.443338632305e-05, 2.9169e+00, 3.3690e-02, 
 2DIAGNOSTIC,    20, -4.930893930614e-01, 1.550656647563e-05, 2.9479e+00, 3.1044e-02, 
DIAGNOSTIC,Iteration,metricValue,convergenceValue,ITERATION_TIME_INDEX,SINCE_LAST
 2DIAGNOSTIC,     1, -4.340976956613e-01, 1.797693134862e+308, 4.0747e+00, 1.1268e+00, 
 2DIAGNOSTIC,     2, -4.342680478392e-01, 1.797693134862e+308, 4.3300e+00, 2.5521e-01, 
 2DIAGNOSTIC,     3, -4.343773117552e-01, 1.797693134862e+308, 4.5828e+00, 2.5285e-01, 
 2DIAGNOSTIC,     4, -4.345150819350e-01, 1.797693134862e+308, 4.8426e+00, 2.5978e-01, 
 2DIAGNOSTIC,     5, -4.346884876450e-01, 1.797693134862e+308, 5.1585e+00, 3.1590e-01, 
 2DIAGNOSTIC,     6, -4.347236067799e-01, 1.797693134862e+308, 5.4275e+00, 2.6903e-01, 
 2DIAGNOSTIC,     7, -4.347496397149e-01, 1.797693134862e+308, 5.7074e+00, 2.7994e-01, 
 2DIAGNOSTIC,     8, -4.348063209746e-01, 1.797693134862e+308, 6.0154e+00, 3.0797e-01, 
 2DIAGNOSTIC,     9, -4.348122185840e-01, 1.797693134862e+308, 6.2592e+00, 2.4374e-01, 
 2DIAGNOSTIC,    10, -4.348214797421e-01, 1.088445032904e-04, 6.5031e+00, 2.4395e-01, 
 2DIAGNOSTIC,    11, -4.348493524513e-01, 7.644736744714e-05, 6.7554e+00, 2.5226e-01, 
 2DIAGNOSTIC,    12, -4.349069072886e-01, 5.527519349931e-05, 6.9987e+00, 2.4337e-01, 
 2DIAGNOSTIC,    13, -4.349215979238e-01, 3.866836680504e-05, 7.4026e+00, 4.0384e-01, 
 2DIAGNOSTIC,    14, -4.349262607352e-01, 2.762273528596e-05, 7.8102e+00, 4.0764e-01, 
 2DIAGNOSTIC,    15, -4.349271691893e-01, 2.337499130046e-05, 8.0773e+00, 2.6709e-01, 
 2DIAGNOSTIC,    16, -4.349264882863e-01, 1.909969565371e-05, 8.3116e+00, 2.3427e-01, 
 2DIAGNOSTIC,    17, -4.349258773840e-01, 1.463673974318e-05, 8.5588e+00, 2.4719e-01, 
 2DIAGNOSTIC,    18, -4.349253797173e-01, 1.152909964507e-05, 8.9301e+00, 3.7136e-01, 
 2DIAGNOSTIC,    19, -4.349239204079e-01, 8.026778792386e-06, 9.2391e+00, 3.0893e-01, 
 2DIAGNOSTIC,    20, -4.349232756002e-01, 4.570478391946e-06, 9.4992e+00, 2.6011e-01, 
 2DIAGNOSTIC,    21, -4.349235113974e-01, 1.997527931875e-06, 9.7882e+00, 2.8904e-01, 
 2DIAGNOSTIC,    22, -4.349244494430e-01, 1.340493947032e-06, 1.0098e+01, 3.1004e-01, 
 2DIAGNOSTIC,    23, -4.349237936418e-01, 1.145093202301e-06, 1.0381e+01, 2.8319e-01, 
 2DIAGNOSTIC,    24, -4.349238790715e-01, 1.118164641788e-06, 1.0611e+01, 2.2991e-01, 
 2DIAGNOSTIC,    25, -4.349240209514e-01, 1.140996131882e-06, 1.0873e+01, 2.6166e-01, 
 2DIAGNOSTIC,    26, -4.349226436499e-01, 1.121941742122e-06, 1.1138e+01, 2.6475e-01, 
 2DIAGNOSTIC,    27, -4.349213113731e-01, 1.067202818929e-06, 1.1417e+01, 2.7887e-01, 
 2DIAGNOSTIC,    28, -4.349214995776e-01, 1.021256775140e-06, 1.1693e+01, 2.7645e-01, 
DIAGNOSTIC,Iteration,metricValue,convergenceValue,ITERATION_TIME_INDEX,SINCE_LAST
 2DIAGNOSTIC,     1, -4.013105171615e-01, 1.797693134862e+308, 1.4223e+01, 2.5301e+00, 
 2DIAGNOSTIC,     2, -4.014853460817e-01, 1.797693134862e+308, 1.6214e+01, 1.9904e+00, 
 2DIAGNOSTIC,     3, -4.015941263726e-01, 1.797693134862e+308, 1.8107e+01, 1.8931e+00, 
 2DIAGNOSTIC,     4, -4.016306621255e-01, 1.797693134862e+308, 2.0443e+01, 2.3361e+00, 
 2DIAGNOSTIC,     5, -4.016382704195e-01, 1.797693134862e+308, 2.2782e+01, 2.3390e+00, 
 2DIAGNOSTIC,     6, -4.016432351980e-01, 1.797693134862e+308, 2.4489e+01, 1.7069e+00, 
 2DIAGNOSTIC,     7, -4.016503945901e-01, 1.797693134862e+308, 2.6370e+01, 1.8818e+00, 
 2DIAGNOSTIC,     8, -4.016557290253e-01, 1.797693134862e+308, 2.8261e+01, 1.8907e+00, 
 2DIAGNOSTIC,     9, -4.016579403104e-01, 1.797693134862e+308, 3.0124e+01, 1.8633e+00, 
 2DIAGNOSTIC,    10, -4.016614482681e-01, 4.245825119870e-05, 3.1922e+01, 1.7977e+00, 
 2DIAGNOSTIC,    11, -4.016626203612e-01, 1.991352534199e-05, 3.3655e+01, 1.7330e+00, 
 2DIAGNOSTIC,    12, -4.016643804430e-01, 9.857313885253e-06, 3.5479e+01, 1.8244e+00, 
 2DIAGNOSTIC,    13, -4.016676535007e-01, 6.744292774932e-06, 3.7051e+01, 1.5715e+00, 
 2DIAGNOSTIC,    14, -4.016706024723e-01, 5.673260734737e-06, 3.8762e+01, 1.7110e+00, 
 2DIAGNOSTIC,    15, -4.016766479218e-01, 5.076016594066e-06, 4.1137e+01, 2.3752e+00, 
 2DIAGNOSTIC,    16, -4.016785993807e-01, 4.578237216904e-06, 4.3486e+01, 2.3492e+00, 
 2DIAGNOSTIC,    17, -4.017575225286e-01, 7.481594233617e-06, 4.6271e+01, 2.7851e+00, 
 2DIAGNOSTIC,    18, -4.018093686779e-01, 1.170488990417e-05, 5.0345e+01, 4.0738e+00, 
 2DIAGNOSTIC,    19, -4.018098661656e-01, 1.463955948729e-05, 5.2754e+01, 2.4090e+00, 
 2DIAGNOSTIC,    20, -4.018099768265e-01, 1.626824253841e-05, 5.4923e+01, 2.1682e+00, 
 2DIAGNOSTIC,    21, -4.018096061051e-01, 1.641941845613e-05, 5.6819e+01, 1.8967e+00, 
 2DIAGNOSTIC,    22, -4.018100170541e-01, 1.518772432166e-05, 5.8609e+01, 1.7902e+00, 
 2DIAGNOSTIC,    23, -4.018102945027e-01, 1.285083435679e-05, 6.1003e+01, 2.3935e+00, 
 2DIAGNOSTIC,    24, -4.018100755610e-01, 9.741563607939e-06, 6.2852e+01, 1.8487e+00, 
 2DIAGNOSTIC,    25, -4.018100301390e-01, 6.310351089320e-06, 6.4952e+01, 2.1006e+00, 
 2DIAGNOSTIC,    26, -4.018099793108e-01, 2.676922926347e-06, 6.7233e+01, 2.2812e+00, 
 2DIAGNOSTIC,    27, -4.018100218242e-01, 1.206107678772e-06, 6.9640e+01, 2.4068e+00, 
 2DIAGNOSTIC,    28, -4.018101597317e-01, 1.150652113063e-06, 7.1801e+01, 2.1610e+00, 
 2DIAGNOSTIC,    29, -4.018100932282e-01, 1.108130736144e-06, 7.3638e+01, 1.8367e+00, 
 2DIAGNOSTIC,    30, -4.018100214987e-01, 1.068944581364e-06, 7.5650e+01, 2.0117e+00, 
 2DIAGNOSTIC,    31, -4.018099443999e-01, 1.021102521870e-06, 7.7353e+01, 1.7032e+00, 
  Elapsed time (stage 0): 7.8335e+01


Total elapsed time: 7.8337e+01
Info [verificarlo]: loaded backend libinterflop_vprec.so
Info [interflop-vprec]: load backend with: 
Info [interflop-vprec]: precision-binary32 = 19
Info [interflop-vprec]: range-binary32 = 7
Info [interflop-vprec]: precision-binary64 = 19
Info [interflop-vprec]: range-binary64 = 7
Info [interflop-vprec]: mode = ob
Info [interflop-vprec]: error-mode = rel
Info [interflop-vprec]: max-abs-error-exponent = -1022
Info [interflop-vprec]: daz = false
Info [interflop-vprec]: ftz = false
Info [interflop-vprec]: 	instrument = none
Info [interflop-vprec]: 	prec-input-file = (null)
Info [interflop-vprec]: 	prec-output-file = (null)
Info [interflop-vprec]: 	prec-log-file = (null)
All_Command_lines_OK
Using double precision for computations.
=============================================================================
The composite transform comprises the following transforms (in order): 
  1. /home/mdugre/scratch/mri-registration-rp/datasets/ds004513/derivatives/mri-registration-rp/0011/antsRegistration-r7-p19/sub-s037/rigid_Composite.h5[0] (type = Euler3DTransform)
  2. /home/mdugre/scratch/mri-registration-rp/datasets/ds004513/derivatives/mri-registration-rp/0011/antsRegistration-r7-p19/sub-s037/rigid_Composite.h5[1] (type = Euler3DTransform)
  3. /home/mdugre/scratch/mri-registration-rp/datasets/ds004513/derivatives/mri-registration-rp/0011/antsRegistration-r7-p19/sub-s037/rigid_Composite.h5[2] (type = Euler3DTransform)
=============================================================================
  number of levels = 4
  fixed image: /templateflow/tpl-MNI152NLin2009cAsym/tpl-MNI152NLin2009cAsym_res-01_desc-brain_T1w.nii.gz
  moving image: /home/mdugre/scratch/mri-registration-rp/datasets/ds004513/derivatives/mri-registration-rp/antsBrainExtraction/sub-s037/BrainExtractionBrain.nii.gz
Dimension = 3
Number of stages = 1
Use histogram matching = false
Winsorize image intensities = true
  Lower quantile = 0.005
  Upper quantile = 0.995


Stage 1 State
   Image metric = MattesMI
     Fixed image = Image (0x3453490)
  RTTI typeinfo:   itk::Image<double, 3u>
  Reference Count: 2
  Modified Time: 1592
  Debug: Off
  Object Name: 
  Observers: 
    none
  Source: (none)
  Source output name: (none)
  Release Data: Off
  Data Released: False
  Global Release Data: Off
  PipelineMTime: 0
  UpdateMTime: 1203
  RealTimeStamp: 0 seconds 
  LargestPossibleRegion: 
    Dimension: 3
    Index: [0, 0, 0]
    Size: [193, 229, 193]
  BufferedRegion: 
    Dimension: 3
    Index: [0, 0, 0]
    Size: [193, 229, 193]
  RequestedRegion: 
    Dimension: 3
    Index: [0, 0, 0]
    Size: [193, 229, 193]
  Spacing: [1, 1, 1]
  Origin: [96, 132, -78]
  Direction: 
-1 0 0
0 -1 0
0 0 1

  IndexToPointMatrix: 
-1 0 0
0 -1 0
0 0 1

  PointToIndexMatrix: 
-1 0 0
0 -1 0
0 0 1

  Inverse Direction: 
-1 0 0
0 -1 0
0 0 1

  PixelContainer: 
    ImportImageContainer (0x351e8c0)
      RTTI typeinfo:   itk::ImportImageContainer<unsigned long, double>
      Reference Count: 1
      Modified Time: 1200
      Debug: Off
      Object Name: 
      Observers: 
        none
      Pointer: 0x1461e8a9f010
      Container manages memory: true
      Size: 8530021
      Capacity: 8530021

     Moving image = Image (0x350eb60)
  RTTI typeinfo:   itk::Image<double, 3u>
  Reference Count: 2
  Modified Time: 1593
  Debug: Off
  Object Name: 
  Observers: 
    none
  Source: (none)
  Source output name: (none)
  Release Data: Off
  Data Released: False
  Global Release Data: Off
  PipelineMTime: 0
  UpdateMTime: 1590
  RealTimeStamp: 0 seconds 
  LargestPossibleRegion: 
    Dimension: 3
    Index: [0, 0, 0]
    Size: [160, 240, 256]
  BufferedRegion: 
    Dimension: 3
    Index: [0, 0, 0]
    Size: [160, 240, 256]
  RequestedRegion: 
    Dimension: 3
    Index: [0, 0, 0]
    Size: [160, 240, 256]
  Spacing: [1, 1, 1]
  Origin: [87.9508, 102.562, -147.639]
  Direction: 
-0.998658 -0.0436121 -0.0279129
0.043595 -0.999048 0.00121847
-0.0279395 -2.65543e-08 0.99961

  IndexToPointMatrix: 
-0.998658 -0.0436121 -0.0279129
0.043595 -0.999048 0.00121847
-0.0279395 -2.65543e-08 0.99961

  PointToIndexMatrix: 
-0.998663 0.0435951 -0.0279396
-0.0436122 -0.999051 -2.60771e-08
-0.027913 0.00121848 0.99961

  Inverse Direction: 
-0.998663 0.0435951 -0.0279396
-0.0436122 -0.999051 -2.60771e-08
-0.027913 0.00121848 0.99961

  PixelContainer: 
    ImportImageContainer (0x35a21d0)
      RTTI typeinfo:   itk::ImportImageContainer<unsigned long, double>
      Reference Count: 1
      Modified Time: 1587
      Debug: Off
      Object Name: 
      Observers: 
        none
      Pointer: 0x1461e3f9e010
      Container manages memory: true
      Size: 9830400
      Capacity: 9830400

     Weighting = 1
     Sampling strategy = regular
     Number of bins = 32
     Radius = 4
     Sampling percentage  = 0.25
   Transform = Affine
     Gradient step = 0.1
     Update field sigma (voxel space) = 0
     Total field sigma (voxel space) = 0
     Update field time sigma = 0
     Total field time sigma  = 0
     Number of time indices = 0
     Number of time point samples = 0
Registration using 1 total stages.

Stage 0
  iterations = 1000x500x250x100
  convergence threshold = 1e-06
  convergence window size = 10
  number of levels = 4
  using the Mattes MI metric (number of bins = 32, weight = 1, use gradient filter = 0)
  preprocessing:  winsorizing the image intensities
  Shrink factors (level 1 out of 4): [8, 8, 8]
  Shrink factors (level 2 out of 4): [4, 4, 4]
  Shrink factors (level 3 out of 4): [2, 2, 2]
  Shrink factors (level 4 out of 4): [1, 1, 1]
  smoothing sigmas per level: [3, 2, 1, 0]
  regular sampling (percentage = 0.25)

*** Running AffineTransform registration ***

DIAGNOSTIC,Iteration,metricValue,convergenceValue,ITERATION_TIME_INDEX,SINCE_LAST
 2DIAGNOSTIC,     1, -5.861349835652e-01, 1.797693134862e+308, 0.0000e+00, 0.0000e+00, 
 2DIAGNOSTIC,     2, -5.874456444033e-01, 1.797693134862e+308, 0.0000e+00, 0.0000e+00, 
 2DIAGNOSTIC,     3, -5.896145566036e-01, 1.797693134862e+308, 0.0000e+00, 0.0000e+00, 
 2DIAGNOSTIC,     4, -5.939383075108e-01, 1.797693134862e+308, 0.0000e+00, 0.0000e+00, 
 2DIAGNOSTIC,     5, -6.020075492526e-01, 1.797693134862e+308, 0.0000e+00, 0.0000e+00, 
 2DIAGNOSTIC,     6, -6.172069437744e-01, 1.797693134862e+308, 0.0000e+00, 0.0000e+00, 
 2DIAGNOSTIC,     7, -6.321437254085e-01, 1.797693134862e+308, 0.0000e+00, 0.0000e+00, 
 2DIAGNOSTIC,     8, -6.843589806245e-01, 1.797693134862e+308, 0.0000e+00, 0.0000e+00, 
 2DIAGNOSTIC,     9, -6.891460049133e-01, 1.797693134862e+308, 0.0000e+00, 0.0000e+00, 
 2DIAGNOSTIC,    10, -6.945715001371e-01, 1.287007830718e-02, 0.0000e+00, 0.0000e+00, 
 2DIAGNOSTIC,    11, -7.051707510343e-01, 1.291428844003e-02, 0.0000e+00, 0.0000e+00, 
 2DIAGNOSTIC,    12, -7.079584408518e-01, 1.193042016937e-02, 0.0000e+00, 0.0000e+00, 
 2DIAGNOSTIC,    13, -7.097033816102e-01, 1.015424327023e-02, 0.0000e+00, 0.0000e+00, 
 2DIAGNOSTIC,    14, -7.112889797647e-01, 7.923910356037e-03, 0.0000e+00, 0.0000e+00, 
 2DIAGNOSTIC,    15, -7.169770433078e-01, 5.706186402192e-03, 0.0000e+00, 0.0000e+00, 
 2DIAGNOSTIC,    16, -7.174346342547e-01, 3.690674653772e-03, 0.0000e+00, 0.0000e+00, 
 2DIAGNOSTIC,    17, -7.181239293458e-01, 1.953927969773e-03, 0.0000e+00, 0.0000e+00, 
 2DIAGNOSTIC,    18, -7.184012746957e-01, 1.494204505630e-03, 0.0000e+00, 0.0000e+00, 
 2DIAGNOSTIC,    19, -7.187440571669e-01, 1.062893462046e-03, 0.0000e+00, 0.0000e+00, 
 2DIAGNOSTIC,    20, -7.190479259783e-01, 6.936655231826e-04, 0.0000e+00, 0.0000e+00, 
 2DIAGNOSTIC,    21, -7.191877403859e-01, 5.123192353948e-04, 0.0000e+00, 0.0000e+00, 
 2DIAGNOSTIC,    22, -7.194123706630e-01, 3.596167449563e-04, 0.0000e+00, 0.0000e+00, 
 2DIAGNOSTIC,    23, -7.194483481522e-01, 2.205084342892e-04, 0.0000e+00, 0.0000e+00, 
 2DIAGNOSTIC,    24, -7.193964273718e-01, 9.732672870699e-05, 0.0000e+00, 0.0000e+00, 
 2DIAGNOSTIC,    25, -7.193675840158e-01, 7.006868521280e-05, 0.0000e+00, 0.0000e+00, 
 2DIAGNOSTIC,    26, -7.198766389025e-01, 5.382973308924e-05, 0.0000e+00, 0.0000e+00, 
 2DIAGNOSTIC,    27, -7.196969469525e-01, 4.147311044603e-05, 0.0000e+00, 0.0000e+00, 
 2DIAGNOSTIC,    28, -7.195055225691e-01, 2.761377433029e-05, 0.0000e+00, 0.0000e+00, 
 2DIAGNOSTIC,    29, -7.195155823184e-01, 1.743622930477e-05, 0.0000e+00, 0.0000e+00, 
 2DIAGNOSTIC,    30, -7.193277759051e-01, 7.928792211676e-06, 0.0000e+00, 0.0000e+00, 
DIAGNOSTIC,Iteration,metricValue,convergenceValue,ITERATION_TIME_INDEX,SINCE_LAST
 2DIAGNOSTIC,     1, -5.923425077022e-01, 1.797693134862e+308, 0.0000e+00, 0.0000e+00, 
 2DIAGNOSTIC,     2, -5.931482466446e-01, 1.797693134862e+308, 0.0000e+00, 0.0000e+00, 
 2DIAGNOSTIC,     3, -5.941194933209e-01, 1.797693134862e+308, 0.0000e+00, 0.0000e+00, 
 2DIAGNOSTIC,     4, -5.950944795069e-01, 1.797693134862e+308, 0.0000e+00, 0.0000e+00, 
 2DIAGNOSTIC,     5, -5.964494895520e-01, 1.797693134862e+308, 0.0000e+00, 0.0000e+00, 
 2DIAGNOSTIC,     6, -5.975383290688e-01, 1.797693134862e+308, 0.0000e+00, 0.0000e+00, 
 2DIAGNOSTIC,     7, -5.982188034318e-01, 1.797693134862e+308, 0.0000e+00, 0.0000e+00, 
 2DIAGNOSTIC,     8, -5.999754463258e-01, 1.797693134862e+308, 0.0000e+00, 0.0000e+00, 
 2DIAGNOSTIC,     9, -6.000339854810e-01, 1.797693134862e+308, 0.0000e+00, 0.0000e+00, 
 2DIAGNOSTIC,    10, -6.000370503395e-01, 9.300742789138e-04, 0.0000e+00, 0.0000e+00, 
 2DIAGNOSTIC,    11, -6.000516823529e-01, 7.515894376268e-04, 0.0000e+00, 0.0000e+00, 
 2DIAGNOSTIC,    12, -6.000363715259e-01, 5.666158478535e-04, 0.0000e+00, 0.0000e+00, 
 2DIAGNOSTIC,    13, -6.000144256555e-01, 3.931207113849e-04, 0.0000e+00, 0.0000e+00, 
 2DIAGNOSTIC,    14, -6.000103927611e-01, 2.412845294241e-04, 0.0000e+00, 0.0000e+00, 
 2DIAGNOSTIC,    15, -6.000059152464e-01, 1.309139200837e-04, 0.0000e+00, 0.0000e+00, 
 2DIAGNOSTIC,    16, -5.999997354345e-01, 5.480595964508e-05, 0.0000e+00, 0.0000e+00, 
DIAGNOSTIC,Iteration,metricValue,convergenceValue,ITERATION_TIME_INDEX,SINCE_LAST
 2DIAGNOSTIC,     1, -5.246898058703e-01, 1.797693134862e+308, 0.0000e+00, 0.0000e+00, 
 2DIAGNOSTIC,     2, -5.250020634813e-01, 1.797693134862e+308, 0.0000e+00, 0.0000e+00, 
 2DIAGNOSTIC,     3, -5.254268962277e-01, 1.797693134862e+308, 0.0000e+00, 0.0000e+00, 
 2DIAGNOSTIC,     4, -5.259048460616e-01, 1.797693134862e+308, 0.0000e+00, 0.0000e+00, 
 2DIAGNOSTIC,     5, -5.265120953256e-01, 1.797693134862e+308, 0.0000e+00, 0.0000e+00, 
 2DIAGNOSTIC,     6, -5.270578762700e-01, 1.797693134862e+308, 0.0000e+00, 0.0000e+00, 
 2DIAGNOSTIC,     7, -5.276464074584e-01, 1.797693134862e+308, 0.0000e+00, 0.0000e+00, 
 2DIAGNOSTIC,     8, -5.277071382493e-01, 1.797693134862e+308, 0.0000e+00, 0.0000e+00, 
 2DIAGNOSTIC,     9, -5.277195733298e-01, 1.797693134862e+308, 0.0000e+00, 0.0000e+00, 
 2DIAGNOSTIC,    10, -5.277207285613e-01, 4.300863921916e-04, 0.0000e+00, 0.0000e+00, 
