
##########################
# Experiment information #
##########################

EXPERIMENT_NAME: antsRegistration-r8-p23
VFC_BACKENDS: libinterflop_vprec.so --range-binary32=8 --precision-binary32=23 --range-binary64=8 --precision-binary64=23

SIF_IMG: /home/mdugre/projects/rrg-glatard/mdugre/containers/ants-vprec-no_metrics.simg

SUBJECT_ID: s014
INPUT_IMG: /home/mdugre/scratch/mri-registration-rp/datasets/ds004513/derivatives/mri-registration-rp/antsBrainExtraction/sub-s014/BrainExtractionBrain.nii.gz
OUTPUT_DIR: /home/mdugre/scratch/mri-registration-rp/datasets/ds004513/derivatives/mri-registration-rp/0011/antsRegistration-r8-p23/sub-s014

FIXED_IMG: /templateflow/tpl-MNI152NLin2009cAsym/tpl-MNI152NLin2009cAsym_res-01_desc-brain_T1w.nii.gz
DATA_DIR: /home/mdugre/scratch/mri-registration-rp/datasets/ds004513
TEMPLATEFLOW_DIR: /home/mdugre/projects/rrg-glatard/mdugre/templateflow
ITK_GLOBAL_DEFAULT_NUMBER_OF_THREADS: 16
##########################

Info [verificarlo]: loaded backend libinterflop_ieee.so
Info [interflop-ieee]: load backend with:
Info [interflop-ieee]: debug = false
Info [interflop-ieee]: debug-binary = false
Info [interflop-ieee]: no-backend-name = false
Info [interflop-ieee]: print-new-line = false
Info [interflop-ieee]: print-subnormal-normalized = false
Info [interflop-ieee]: count-op = false
All_Command_lines_OK
Using double precision for computations.
=============================================================================
The composite transform comprises the following transforms (in order): 
  1. Center of mass alignment using fixed image: /templateflow/tpl-MNI152NLin2009cAsym/tpl-MNI152NLin2009cAsym_res-01_desc-brain_T1w.nii.gz and moving image: /home/mdugre/scratch/mri-registration-rp/datasets/ds004513/derivatives/mri-registration-rp/antsBrainExtraction/sub-s014/BrainExtractionBrain.nii.gz (type = Euler3DTransform)
=============================================================================
  number of levels = 1
  fixed image: /templateflow/tpl-MNI152NLin2009cAsym/tpl-MNI152NLin2009cAsym_res-01_desc-brain_T1w.nii.gz
  moving image: /home/mdugre/scratch/mri-registration-rp/datasets/ds004513/derivatives/mri-registration-rp/antsBrainExtraction/sub-s014/BrainExtractionBrain.nii.gz
Dimension = 3
Number of stages = 1
Use histogram matching = false
Winsorize image intensities = true
  Lower quantile = 0.005
  Upper quantile = 0.995


Stage 1 State
   Image metric = MattesMI
     Fixed image = Image (0x490be70)
  RTTI typeinfo:   itk::Image<double, 3u>
  Reference Count: 2
  Modified Time: 2334
  Debug: Off
  Object Name: 
  Observers: 
    none
  Source: (none)
  Source output name: (none)
  Release Data: Off
  Data Released: False
  Global Release Data: Off
  PipelineMTime: 0
  UpdateMTime: 1943
  RealTimeStamp: 0 seconds 
  LargestPossibleRegion: 
    Dimension: 3
    Index: [0, 0, 0]
    Size: [193, 229, 193]
  BufferedRegion: 
    Dimension: 3
    Index: [0, 0, 0]
    Size: [193, 229, 193]
  RequestedRegion: 
    Dimension: 3
    Index: [0, 0, 0]
    Size: [193, 229, 193]
  Spacing: [1, 1, 1]
  Origin: [96, 132, -78]
  Direction: 
-1 0 0
0 -1 0
0 0 1

  IndexToPointMatrix: 
-1 0 0
0 -1 0
0 0 1

  PointToIndexMatrix: 
-1 0 0
0 -1 0
0 0 1

  Inverse Direction: 
-1 0 0
0 -1 0
0 0 1

  PixelContainer: 
    ImportImageContainer (0x4918140)
      RTTI typeinfo:   itk::ImportImageContainer<unsigned long, double>
      Reference Count: 1
      Modified Time: 1940
      Debug: Off
      Object Name: 
      Observers: 
        none
      Pointer: 0x145983214010
      Container manages memory: true
      Size: 8530021
      Capacity: 8530021

     Moving image = Image (0x4915310)
  RTTI typeinfo:   itk::Image<double, 3u>
  Reference Count: 2
  Modified Time: 2335
  Debug: Off
  Object Name: 
  Observers: 
    none
  Source: (none)
  Source output name: (none)
  Release Data: Off
  Data Released: False
  Global Release Data: Off
  PipelineMTime: 0
  UpdateMTime: 2332
  RealTimeStamp: 0 seconds 
  LargestPossibleRegion: 
    Dimension: 3
    Index: [0, 0, 0]
    Size: [160, 240, 256]
  BufferedRegion: 
    Dimension: 3
    Index: [0, 0, 0]
    Size: [160, 240, 256]
  RequestedRegion: 
    Dimension: 3
    Index: [0, 0, 0]
    Size: [160, 240, 256]
  Spacing: [0.999999, 1, 1]
  Origin: [84.1637, 106.709, -120.531]
  Direction: 
-0.999619 -0.0226874 -0.0157033
0.0226846 -0.999743 0.00035635
-0.0157073 -7.8229e-09 0.999877

  IndexToPointMatrix: 
-0.999619 -0.0226874 -0.0157033
0.0226845 -0.999743 0.00035635
-0.0157073 -7.8229e-09 0.999877

  PointToIndexMatrix: 
-0.99962 0.0226846 -0.0157073
-0.0226874 -0.999743 -7.83127e-09
-0.0157033 0.00035635 0.999877

  Inverse Direction: 
-0.999619 0.0226846 -0.0157073
-0.0226874 -0.999743 -7.83127e-09
-0.0157033 0.00035635 0.999877

  PixelContainer: 
    ImportImageContainer (0x4a40610)
      RTTI typeinfo:   itk::ImportImageContainer<unsigned long, double>
      Reference Count: 1
      Modified Time: 2329
      Debug: Off
      Object Name: 
      Observers: 
        none
      Pointer: 0x14597e713010
      Container manages memory: true
      Size: 9830400
      Capacity: 9830400

     Weighting = 1
     Sampling strategy = regular
     Number of bins = 32
     Radius = 4
     Sampling percentage  = 0.25
   Transform = Rigid
     Gradient step = 0.1
     Update field sigma (voxel space) = 0
     Total field sigma (voxel space) = 0
     Update field time sigma = 0
     Total field time sigma  = 0
     Number of time indices = 0
     Number of time point samples = 0
Registration using 1 total stages.

Stage 0
  iterations = 0
  convergence threshold = 1e-06
  convergence window size = 10
  number of levels = 1
  using the Mattes MI metric (number of bins = 32, weight = 1, use gradient filter = 0)
  preprocessing:  winsorizing the image intensities
  Shrink factors (level 1 out of 1): [1, 1, 1]
  smoothing sigmas per level: [0]
  regular sampling (percentage = 0.25)

*** Running Euler3DTransform registration ***

  Elapsed time (stage 0): 1.10044


Total elapsed time: 1.10274
Info [verificarlo]: loaded backend libinterflop_ieee.so
Info [interflop-ieee]: load backend with:
Info [interflop-ieee]: debug = false
Info [interflop-ieee]: debug-binary = false
Info [interflop-ieee]: no-backend-name = false
Info [interflop-ieee]: print-new-line = false
Info [interflop-ieee]: print-subnormal-normalized = false
Info [interflop-ieee]: count-op = false
All_Command_lines_OK
Using double precision for computations.
=============================================================================
The composite transform comprises the following transforms (in order): 
  1. /home/mdugre/scratch/mri-registration-rp/datasets/ds004513/derivatives/mri-registration-rp/0011/antsRegistration-r8-p23/sub-s014/align_Composite.h5[0] (type = Euler3DTransform)
  2. /home/mdugre/scratch/mri-registration-rp/datasets/ds004513/derivatives/mri-registration-rp/0011/antsRegistration-r8-p23/sub-s014/align_Composite.h5[1] (type = Euler3DTransform)
=============================================================================
  number of levels = 4
  fixed image: /templateflow/tpl-MNI152NLin2009cAsym/tpl-MNI152NLin2009cAsym_res-01_desc-brain_T1w.nii.gz
  moving image: /home/mdugre/scratch/mri-registration-rp/datasets/ds004513/derivatives/mri-registration-rp/antsBrainExtraction/sub-s014/BrainExtractionBrain.nii.gz
Dimension = 3
Number of stages = 1
Use histogram matching = false
Winsorize image intensities = true
  Lower quantile = 0.005
  Upper quantile = 0.995


Stage 1 State
   Image metric = MattesMI
     Fixed image = Image (0x4755530)
  RTTI typeinfo:   itk::Image<double, 3u>
  Reference Count: 2
  Modified Time: 1580
  Debug: Off
  Object Name: 
  Observers: 
    none
  Source: (none)
  Source output name: (none)
  Release Data: Off
  Data Released: False
  Global Release Data: Off
  PipelineMTime: 0
  UpdateMTime: 1189
  RealTimeStamp: 0 seconds 
  LargestPossibleRegion: 
    Dimension: 3
    Index: [0, 0, 0]
    Size: [193, 229, 193]
  BufferedRegion: 
    Dimension: 3
    Index: [0, 0, 0]
    Size: [193, 229, 193]
  RequestedRegion: 
    Dimension: 3
    Index: [0, 0, 0]
    Size: [193, 229, 193]
  Spacing: [1, 1, 1]
  Origin: [96, 132, -78]
  Direction: 
-1 0 0
0 -1 0
0 0 1

  IndexToPointMatrix: 
-1 0 0
0 -1 0
0 0 1

  PointToIndexMatrix: 
-1 0 0
0 -1 0
0 0 1

  Inverse Direction: 
-1 0 0
0 -1 0
0 0 1

  PixelContainer: 
    ImportImageContainer (0x4813d60)
      RTTI typeinfo:   itk::ImportImageContainer<unsigned long, double>
      Reference Count: 1
      Modified Time: 1186
      Debug: Off
      Object Name: 
      Observers: 
        none
      Pointer: 0x1529420f7010
      Container manages memory: true
      Size: 8530021
      Capacity: 8530021

     Moving image = Image (0x4805f60)
  RTTI typeinfo:   itk::Image<double, 3u>
  Reference Count: 2
  Modified Time: 1581
  Debug: Off
  Object Name: 
  Observers: 
    none
  Source: (none)
  Source output name: (none)
  Release Data: Off
  Data Released: False
  Global Release Data: Off
  PipelineMTime: 0
  UpdateMTime: 1578
  RealTimeStamp: 0 seconds 
  LargestPossibleRegion: 
    Dimension: 3
    Index: [0, 0, 0]
    Size: [160, 240, 256]
  BufferedRegion: 
    Dimension: 3
    Index: [0, 0, 0]
    Size: [160, 240, 256]
  RequestedRegion: 
    Dimension: 3
    Index: [0, 0, 0]
    Size: [160, 240, 256]
  Spacing: [0.999999, 1, 1]
  Origin: [84.1637, 106.709, -120.531]
  Direction: 
-0.999619 -0.0226874 -0.0157033
0.0226846 -0.999743 0.00035635
-0.0157073 -7.8229e-09 0.999877

  IndexToPointMatrix: 
-0.999619 -0.0226874 -0.0157033
0.0226845 -0.999743 0.00035635
-0.0157073 -7.8229e-09 0.999877

  PointToIndexMatrix: 
-0.99962 0.0226846 -0.0157073
-0.0226874 -0.999743 -7.83127e-09
-0.0157033 0.00035635 0.999877

  Inverse Direction: 
-0.999619 0.0226846 -0.0157073
-0.0226874 -0.999743 -7.83127e-09
-0.0157033 0.00035635 0.999877

  PixelContainer: 
    ImportImageContainer (0x47f76d0)
      RTTI typeinfo:   itk::ImportImageContainer<unsigned long, double>
      Reference Count: 1
      Modified Time: 1575
      Debug: Off
      Object Name: 
      Observers: 
        none
      Pointer: 0x15293d5f6010
      Container manages memory: true
      Size: 9830400
      Capacity: 9830400

     Weighting = 1
     Sampling strategy = regular
     Number of bins = 32
     Radius = 4
     Sampling percentage  = 0.25
   Transform = Rigid
     Gradient step = 0.1
     Update field sigma (voxel space) = 0
     Total field sigma (voxel space) = 0
     Update field time sigma = 0
     Total field time sigma  = 0
     Number of time indices = 0
     Number of time point samples = 0
Registration using 1 total stages.

Stage 0
  iterations = 1000x500x250x100
  convergence threshold = 1e-06
  convergence window size = 10
  number of levels = 4
  using the Mattes MI metric (number of bins = 32, weight = 1, use gradient filter = 0)
  preprocessing:  winsorizing the image intensities
  Shrink factors (level 1 out of 4): [8, 8, 8]
  Shrink factors (level 2 out of 4): [4, 4, 4]
  Shrink factors (level 3 out of 4): [2, 2, 2]
  Shrink factors (level 4 out of 4): [1, 1, 1]
  smoothing sigmas per level: [3, 2, 1, 0]
  regular sampling (percentage = 0.25)

*** Running Euler3DTransform registration ***

DIAGNOSTIC,Iteration,metricValue,convergenceValue,ITERATION_TIME_INDEX,SINCE_LAST
 2DIAGNOSTIC,     1, -4.770821406565e-01, 1.797693134862e+308, 7.1210e-01, 7.1210e-01, 
 2DIAGNOSTIC,     2, -4.784216133942e-01, 1.797693134862e+308, 7.1704e-01, 4.9350e-03, 
 2DIAGNOSTIC,     3, -4.807043200681e-01, 1.797693134862e+308, 7.2181e-01, 4.7760e-03, 
 2DIAGNOSTIC,     4, -4.840264478065e-01, 1.797693134862e+308, 7.2644e-01, 4.6239e-03, 
 2DIAGNOSTIC,     5, -4.883050305770e-01, 1.797693134862e+308, 7.3110e-01, 4.6592e-03, 
 2DIAGNOSTIC,     6, -4.953560426371e-01, 1.797693134862e+308, 7.3647e-01, 5.3711e-03, 
 2DIAGNOSTIC,     7, -5.007350570384e-01, 1.797693134862e+308, 7.4099e-01, 4.5190e-03, 
 2DIAGNOSTIC,     8, -5.013278569503e-01, 1.797693134862e+308, 7.4558e-01, 4.5972e-03, 
 2DIAGNOSTIC,     9, -5.085255256006e-01, 1.797693134862e+308, 7.5108e-01, 5.4939e-03, 
 2DIAGNOSTIC,    10, -5.161992633656e-01, 5.125196520979e-03, 7.5798e-01, 6.8991e-03, 
 2DIAGNOSTIC,    11, -5.167072941437e-01, 4.879252931146e-03, 7.6279e-01, 4.8130e-03, 
 2DIAGNOSTIC,    12, -5.203629876260e-01, 4.481282734468e-03, 7.6760e-01, 4.8161e-03, 
 2DIAGNOSTIC,    13, -5.229718709777e-01, 3.958672533579e-03, 7.7237e-01, 4.7622e-03, 
 2DIAGNOSTIC,    14, -5.250338110829e-01, 3.368007801722e-03, 7.7782e-01, 5.4572e-03, 
 2DIAGNOSTIC,    15, -5.272078697647e-01, 2.786121483390e-03, 7.8487e-01, 7.0419e-03, 
 2DIAGNOSTIC,    16, -5.275715603977e-01, 2.284098302163e-03, 7.8949e-01, 4.6270e-03, 
 2DIAGNOSTIC,    17, -5.282507656511e-01, 1.839921123739e-03, 7.9406e-01, 4.5681e-03, 
 2DIAGNOSTIC,    18, -5.289722876065e-01, 1.313912041896e-03, 7.9919e-01, 5.1308e-03, 
 2DIAGNOSTIC,    19, -5.292207410111e-01, 9.370568707345e-04, 8.0430e-01, 5.1131e-03, 
 2DIAGNOSTIC,    20, -5.294476960672e-01, 7.341365573343e-04, 8.0961e-01, 5.3091e-03, 
 2DIAGNOSTIC,    21, -5.294955840903e-01, 4.966190831879e-04, 8.1443e-01, 4.8151e-03, 
 2DIAGNOSTIC,    22, -5.295366245031e-01, 3.281311959338e-04, 8.1972e-01, 5.2929e-03, 
 2DIAGNOSTIC,    23, -5.295376311909e-01, 2.063244245670e-04, 8.2484e-01, 5.1179e-03, 
 2DIAGNOSTIC,    24, -5.295911249027e-01, 1.234508389556e-04, 8.3018e-01, 5.3382e-03, 
 2DIAGNOSTIC,    25, -5.296271130647e-01, 8.499150549828e-05, 8.3527e-01, 5.0931e-03, 
 2DIAGNOSTIC,    26, -5.296539599385e-01, 4.983583932663e-05, 8.3979e-01, 4.5211e-03, 
 2DIAGNOSTIC,    27, -5.297704229811e-01, 2.877322816112e-05, 8.4437e-01, 4.5819e-03, 
 2DIAGNOSTIC,    28, -5.299884954871e-01, 2.504887533267e-05, 8.5051e-01, 6.1371e-03, 
 2DIAGNOSTIC,    29, -5.300854192463e-01, 2.569611953730e-05, 8.5576e-01, 5.2521e-03, 
 2DIAGNOSTIC,    30, -5.300410324622e-01, 2.732899345722e-05, 8.6035e-01, 4.5841e-03, 
 2DIAGNOSTIC,    31, -5.300376932143e-01, 2.724560549697e-05, 8.6497e-01, 4.6201e-03, 
 2DIAGNOSTIC,    32, -5.301686264233e-01, 2.763232919831e-05, 8.6938e-01, 4.4081e-03, 
 2DIAGNOSTIC,    33, -5.303926738418e-01, 2.905769096756e-05, 8.7492e-01, 5.5470e-03, 
 2DIAGNOSTIC,    34, -5.304519664598e-01, 2.945835347754e-05, 8.8041e-01, 5.4860e-03, 
 2DIAGNOSTIC,    35, -5.305073139181e-01, 2.868169327494e-05, 8.8480e-01, 4.3890e-03, 
 2DIAGNOSTIC,    36, -5.305686017146e-01, 2.670517372095e-05, 8.8923e-01, 4.4301e-03, 
 2DIAGNOSTIC,    37, -5.306602858940e-01, 2.533264911240e-05, 8.9504e-01, 5.8169e-03, 
 2DIAGNOSTIC,    38, -5.306881156229e-01, 2.512162424146e-05, 8.9924e-01, 4.2000e-03, 
 2DIAGNOSTIC,    39, -5.307317416633e-01, 2.461885298017e-05, 9.0346e-01, 4.2150e-03, 
 2DIAGNOSTIC,    40, -5.308225091353e-01, 2.257034275990e-05, 9.0922e-01, 5.7611e-03, 
 2DIAGNOSTIC,    41, -5.308460424124e-01, 1.877385526279e-05, 9.1342e-01, 4.2012e-03, 
 2DIAGNOSTIC,    42, -5.308561837321e-01, 1.520831957808e-05, 9.1763e-01, 4.2078e-03, 
 2DIAGNOSTIC,    43, -5.308777649273e-01, 1.355835177793e-05, 9.2245e-01, 4.8189e-03, 
 2DIAGNOSTIC,    44, -5.309114036110e-01, 1.190613944952e-05, 9.2688e-01, 4.4270e-03, 
 2DIAGNOSTIC,    45, -5.310262965518e-01, 1.129423567164e-05, 9.3436e-01, 7.4880e-03, 
 2DIAGNOSTIC,    46, -5.310374074445e-01, 1.049838942533e-05, 9.3916e-01, 4.7979e-03, 
 2DIAGNOSTIC,    47, -5.310434720121e-01, 9.962263454216e-06, 9.4359e-01, 4.4250e-03, 
 2DIAGNOSTIC,    48, -5.310518853633e-01, 8.989886109704e-06, 9.4806e-01, 4.4730e-03, 
 2DIAGNOSTIC,    49, -5.310584329536e-01, 7.783359503126e-06, 9.5359e-01, 5.5261e-03, 
 2DIAGNOSTIC,    50, -5.310645817646e-01, 6.973833584539e-06, 9.5958e-01, 5.9981e-03, 
 2DIAGNOSTIC,    51, -5.310656430617e-01, 5.851695600915e-06, 9.6406e-01, 4.4770e-03, 
 2DIAGNOSTIC,    52, -5.310738190001e-01, 4.481863510146e-06, 9.6907e-01, 5.0099e-03, 
 2DIAGNOSTIC,    53, -5.310768127969e-01, 3.049471521716e-06, 9.7343e-01, 4.3612e-03, 
 2DIAGNOSTIC,    54, -5.310775506016e-01, 1.750844720379e-06, 9.7845e-01, 5.0220e-03, 
 2DIAGNOSTIC,    55, -5.310817434211e-01, 1.565716413247e-06, 9.8276e-01, 4.3080e-03, 
 2DIAGNOSTIC,    56, -5.310870994121e-01, 1.452195857600e-06, 9.8758e-01, 4.8170e-03, 
 2DIAGNOSTIC,    57, -5.310885232961e-01, 1.327089154932e-06, 9.9257e-01, 4.9949e-03, 
 2DIAGNOSTIC,    58, -5.310914487850e-01, 1.238639651076e-06, 9.9754e-01, 4.9691e-03, 
 2DIAGNOSTIC,    59, -5.311015678587e-01, 1.240623596601e-06, 1.0030e+00, 5.4269e-03, 
 2DIAGNOSTIC,    60, -5.311021904297e-01, 1.235244578946e-06, 1.0076e+00, 4.6709e-03, 
 2DIAGNOSTIC,    61, -5.311059901820e-01, 1.204917779125e-06, 1.0214e+00, 1.3771e-02, 
 2DIAGNOSTIC,    62, -5.311059901659e-01, 1.182103197397e-06, 1.0355e+00, 1.4115e-02, 
 2DIAGNOSTIC,    63, -5.311059901659e-01, 1.122797857796e-06, 1.0410e+00, 5.4562e-03, 
 2DIAGNOSTIC,    64, -5.311059901659e-01, 1.011506956475e-06, 1.0461e+00, 5.1031e-03, 
DIAGNOSTIC,Iteration,metricValue,convergenceValue,ITERATION_TIME_INDEX,SINCE_LAST
 2DIAGNOSTIC,     1, -4.295258231625e-01, 1.797693134862e+308, 1.7811e+00, 7.3504e-01, 
 2DIAGNOSTIC,     2, -4.302859640432e-01, 1.797693134862e+308, 1.8128e+00, 3.1709e-02, 
 2DIAGNOSTIC,     3, -4.309651196675e-01, 1.797693134862e+308, 1.8439e+00, 3.1025e-02, 
 2DIAGNOSTIC,     4, -4.317164347764e-01, 1.797693134862e+308, 1.8773e+00, 3.3406e-02, 
 2DIAGNOSTIC,     5, -4.325561938345e-01, 1.797693134862e+308, 1.9100e+00, 3.2699e-02, 
 2DIAGNOSTIC,     6, -4.341819580778e-01, 1.797693134862e+308, 1.9404e+00, 3.0468e-02, 
 2DIAGNOSTIC,     7, -4.354327949460e-01, 1.797693134862e+308, 1.9738e+00, 3.3326e-02, 
 2DIAGNOSTIC,     8, -4.367134834400e-01, 1.797693134862e+308, 2.0154e+00, 4.1610e-02, 
 2DIAGNOSTIC,     9, -4.377076816053e-01, 1.797693134862e+308, 2.0623e+00, 4.6950e-02, 
 2DIAGNOSTIC,    10, -4.379510214291e-01, 1.375954781895e-03, 2.0956e+00, 3.3323e-02, 
 2DIAGNOSTIC,    11, -4.381306699705e-01, 1.211218579666e-03, 2.1301e+00, 3.4428e-02, 
 2DIAGNOSTIC,    12, -4.403708091233e-01, 1.128184042334e-03, 2.1671e+00, 3.7071e-02, 
 2DIAGNOSTIC,    13, -4.435986505886e-01, 1.148562288694e-03, 2.2064e+00, 3.9251e-02, 
 2DIAGNOSTIC,    14, -4.436199448210e-01, 1.094787363132e-03, 2.2430e+00, 3.6570e-02, 
 2DIAGNOSTIC,    15, -4.445052016899e-01, 1.025845791652e-03, 2.2793e+00, 3.6340e-02, 
 2DIAGNOSTIC,    16, -4.479362667256e-01, 1.077370590952e-03, 2.3235e+00, 4.4210e-02, 
 2DIAGNOSTIC,    17, -4.481475950955e-01, 1.073587589943e-03, 2.3551e+00, 3.1553e-02, 
 2DIAGNOSTIC,    18, -4.482020490426e-01, 1.018146302985e-03, 2.3884e+00, 3.3340e-02, 
 2DIAGNOSTIC,    19, -4.481966708699e-01, 9.107728232373e-04, 2.4473e+00, 5.8911e-02, 
 2DIAGNOSTIC,    20, -4.481953335987e-01, 7.394369054349e-04, 2.4809e+00, 3.3584e-02, 
 2DIAGNOSTIC,    21, -4.481954334311e-01, 5.189437701758e-04, 2.5273e+00, 4.6388e-02, 
 2DIAGNOSTIC,    22, -4.482018533991e-01, 3.337448817474e-04, 2.5581e+00, 3.0766e-02, 
 2DIAGNOSTIC,    23, -4.481921491862e-01, 2.259319901777e-04, 2.5868e+00, 2.8740e-02, 
 2DIAGNOSTIC,    24, -4.482074312941e-01, 1.077320628799e-04, 2.6191e+00, 3.2323e-02, 
 2DIAGNOSTIC,    25, -4.482144439038e-01, 9.691656224962e-06, 2.6526e+00, 3.3450e-02, 
 2DIAGNOSTIC,    26, -4.482116710010e-01, 3.273679459237e-06, 2.6848e+00, 3.2281e-02, 
 2DIAGNOSTIC,    27, -4.482088353516e-01, 2.084626168679e-06, 2.7168e+00, 3.1953e-02, 
 2DIAGNOSTIC,    28, -4.482139219900e-01, 2.274303772185e-06, 2.7462e+00, 2.9434e-02, 
 2DIAGNOSTIC,    29, -4.482420866278e-01, 2.842585568950e-06, 2.7832e+00, 3.6926e-02, 
 2DIAGNOSTIC,    30, -4.482455732581e-01, 3.232686025506e-06, 2.8173e+00, 3.4162e-02, 
 2DIAGNOSTIC,    31, -4.482405886335e-01, 3.298137738215e-06, 2.8513e+00, 3.4022e-02, 
 2DIAGNOSTIC,    32, -4.482290914753e-01, 3.068921052750e-06, 2.8859e+00, 3.4525e-02, 
 2DIAGNOSTIC,    33, -4.482261087294e-01, 2.406543644966e-06, 2.9189e+00, 3.3030e-02, 
 2DIAGNOSTIC,    34, -4.482147421123e-01, 1.704267487995e-06, 2.9549e+00, 3.5995e-02, 
 2DIAGNOSTIC,    35, -4.482170221493e-01, 1.142411090005e-06, 2.9892e+00, 3.4330e-02, 
DIAGNOSTIC,Iteration,metricValue,convergenceValue,ITERATION_TIME_INDEX,SINCE_LAST
 2DIAGNOSTIC,     1, -3.932184618596e-01, 1.797693134862e+308, 4.1231e+00, 1.1339e+00, 
 2DIAGNOSTIC,     2, -3.933350080516e-01, 1.797693134862e+308, 4.3769e+00, 2.5380e-01, 
 2DIAGNOSTIC,     3, -3.934316047362e-01, 1.797693134862e+308, 4.6463e+00, 2.6932e-01, 
 2DIAGNOSTIC,     4, -3.934445201368e-01, 1.797693134862e+308, 4.9795e+00, 3.3328e-01, 
 2DIAGNOSTIC,     5, -3.934561041077e-01, 1.797693134862e+308, 5.2749e+00, 2.9538e-01, 
 2DIAGNOSTIC,     6, -3.934557400134e-01, 1.797693134862e+308, 5.5847e+00, 3.0979e-01, 
 2DIAGNOSTIC,     7, -3.934568947581e-01, 1.797693134862e+308, 6.0393e+00, 4.5455e-01, 
 2DIAGNOSTIC,     8, -3.934560026395e-01, 1.797693134862e+308, 6.3385e+00, 2.9926e-01, 
 2DIAGNOSTIC,     9, -3.934553707107e-01, 1.797693134862e+308, 6.7054e+00, 3.6691e-01, 
 2DIAGNOSTIC,    10, -3.934548435489e-01, 2.950388451735e-05, 6.9986e+00, 2.9313e-01, 
 2DIAGNOSTIC,    11, -3.934535150525e-01, 1.251787873713e-05, 7.2687e+00, 2.7008e-01, 
 2DIAGNOSTIC,    12, -3.934529103445e-01, 4.334108111098e-06, 7.6130e+00, 3.4432e-01, 
 2DIAGNOSTIC,    13, -3.934523312008e-01, 2.580302473382e-06, 7.8679e+00, 2.5493e-01, 
 2DIAGNOSTIC,    14, -3.934518640564e-01, 1.691075539892e-06, 8.1961e+00, 3.2820e-01, 
 2DIAGNOSTIC,    15, -3.934519734096e-01, 1.537715190153e-06, 8.5172e+00, 3.2111e-01, 
 2DIAGNOSTIC,    16, -3.934513609211e-01, 1.410839963314e-06, 8.8042e+00, 2.8701e-01, 
 2DIAGNOSTIC,    17, -3.934508379923e-01, 1.380509511761e-06, 9.1203e+00, 3.1610e-01, 
 2DIAGNOSTIC,    18, -3.934502559409e-01, 1.340256840517e-06, 9.4514e+00, 3.3109e-01, 
 2DIAGNOSTIC,    19, -3.934497851405e-01, 1.301860387215e-06, 9.7539e+00, 3.0252e-01, 
 2DIAGNOSTIC,    20, -3.934499621281e-01, 1.290039310473e-06, 1.0025e+01, 2.7113e-01, 
 2DIAGNOSTIC,    21, -3.934502604578e-01, 1.271710229213e-06, 1.0319e+01, 2.9372e-01, 
 2DIAGNOSTIC,    22, -3.934498715247e-01, 1.245514152037e-06, 1.0593e+01, 2.7389e-01, 
 2DIAGNOSTIC,    23, -3.934501306881e-01, 1.231426863507e-06, 1.0872e+01, 2.7957e-01, 
 2DIAGNOSTIC,    24, -3.934495535350e-01, 1.200792325518e-06, 1.1114e+01, 2.4152e-01, 
 2DIAGNOSTIC,    25, -3.934490927264e-01, 1.174527733669e-06, 1.1368e+01, 2.5441e-01, 
 2DIAGNOSTIC,    26, -3.934495815945e-01, 1.156238076463e-06, 1.1678e+01, 3.0992e-01, 
 2DIAGNOSTIC,    27, -3.934510332542e-01, 1.170201599940e-06, 1.1978e+01, 2.9974e-01, 
 2DIAGNOSTIC,    28, -3.934498669911e-01, 1.138213970200e-06, 1.2252e+01, 2.7369e-01, 
 2DIAGNOSTIC,    29, -3.934494067575e-01, 1.086573216569e-06, 1.2509e+01, 2.5789e-01, 
 2DIAGNOSTIC,    30, -3.934490070666e-01, 1.034518223697e-06, 1.2789e+01, 2.7963e-01, 
 2DIAGNOSTIC,    31, -3.934493551884e-01, 1.002859636189e-06, 1.3043e+01, 2.5398e-01, 
 2DIAGNOSTIC,    32, -3.934514388654e-01, 1.012149955432e-06, 1.3334e+01, 2.9127e-01, 
 2DIAGNOSTIC,    33, -3.934519791342e-01, 1.036071993331e-06, 1.3614e+01, 2.7954e-01, 
 2DIAGNOSTIC,    34, -3.934514161718e-01, 1.029042987252e-06, 1.3923e+01, 3.0893e-01, 
 2DIAGNOSTIC,    35, -3.934525148105e-01, 1.027695489746e-06, 1.4214e+01, 2.9132e-01, 
 2DIAGNOSTIC,    36, -3.934539683696e-01, 1.051995641828e-06, 1.4577e+01, 3.6292e-01, 
 2DIAGNOSTIC,    37, -3.934536117140e-01, 1.079271477463e-06, 1.4888e+01, 3.1126e-01, 
 2DIAGNOSTIC,    38, -3.934525130530e-01, 1.042002380082e-06, 1.5198e+01, 3.0964e-01, 
DIAGNOSTIC,Iteration,metricValue,convergenceValue,ITERATION_TIME_INDEX,SINCE_LAST
 2DIAGNOSTIC,     1, -3.660000231856e-01, 1.797693134862e+308, 1.7805e+01, 2.6069e+00, 
 2DIAGNOSTIC,     2, -3.661006044771e-01, 1.797693134862e+308, 1.9533e+01, 1.7279e+00, 
 2DIAGNOSTIC,     3, -3.661940053420e-01, 1.797693134862e+308, 2.1255e+01, 1.7221e+00, 
 2DIAGNOSTIC,     4, -3.662025643881e-01, 1.797693134862e+308, 2.3909e+01, 2.6547e+00, 
 2DIAGNOSTIC,     5, -3.662022977303e-01, 1.797693134862e+308, 2.5952e+01, 2.0422e+00, 
 2DIAGNOSTIC,     6, -3.662022733168e-01, 1.797693134862e+308, 2.7630e+01, 1.6779e+00, 
 2DIAGNOSTIC,     7, -3.662021510326e-01, 1.797693134862e+308, 2.9247e+01, 1.6173e+00, 
 2DIAGNOSTIC,     8, -3.662021104683e-01, 1.797693134862e+308, 3.0846e+01, 1.5996e+00, 
 2DIAGNOSTIC,     9, -3.662019867524e-01, 1.797693134862e+308, 3.2517e+01, 1.6709e+00, 
 2DIAGNOSTIC,    10, -3.662019340581e-01, 2.615307204078e-05, 3.4052e+01, 1.5352e+00, 
 2DIAGNOSTIC,    11, -3.662019021306e-01, 1.049209070518e-05, 3.5808e+01, 1.7556e+00, 
 2DIAGNOSTIC,    12, -3.662017877755e-01, 3.091361549135e-06, 3.7421e+01, 1.6129e+00, 
 2DIAGNOSTIC,    13, -3.662019075601e-01, 2.358435232414e-06, 3.9136e+01, 1.7148e+00, 
 2DIAGNOSTIC,    14, -3.662018587026e-01, 2.210206193135e-06, 4.0770e+01, 1.6345e+00, 
 2DIAGNOSTIC,    15, -3.662018920051e-01, 2.075386411629e-06, 4.2299e+01, 1.5288e+00, 
 2DIAGNOSTIC,    16, -3.662018421292e-01, 1.958104250188e-06, 4.3896e+01, 1.5968e+00, 
 2DIAGNOSTIC,    17, -3.662017315574e-01, 1.846828488888e-06, 4.5440e+01, 1.5436e+00, 
 2DIAGNOSTIC,    18, -3.662016584458e-01, 1.745449642473e-06, 4.6972e+01, 1.5324e+00, 
 2DIAGNOSTIC,    19, -3.662015876242e-01, 1.648798697344e-06, 4.8503e+01, 1.5306e+00, 
 2DIAGNOSTIC,    20, -3.662013732847e-01, 1.553843715738e-06, 5.0227e+01, 1.7241e+00, 
 2DIAGNOSTIC,    21, -3.662013254854e-01, 1.468744436711e-06, 5.2164e+01, 1.9370e+00, 
 2DIAGNOSTIC,    22, -3.662011170280e-01, 1.384171190652e-06, 5.3689e+01, 1.5252e+00, 
 2DIAGNOSTIC,    23, -3.662008967189e-01, 1.309503458773e-06, 5.5115e+01, 1.4258e+00, 
 2DIAGNOSTIC,    24, -3.662008589203e-01, 1.245216098143e-06, 5.6646e+01, 1.5308e+00, 
 2DIAGNOSTIC,    25, -3.662009022448e-01, 1.195923365137e-06, 5.8346e+01, 1.7003e+00, 
 2DIAGNOSTIC,    26, -3.662008588552e-01, 1.154782522113e-06, 5.9888e+01, 1.5417e+00, 
 2DIAGNOSTIC,    27, -3.662010886874e-01, 1.126687658538e-06, 6.1522e+01, 1.6339e+00, 
 2DIAGNOSTIC,    28, -3.662011544924e-01, 1.105168485678e-06, 6.3058e+01, 1.5363e+00, 
 2DIAGNOSTIC,    29, -3.662007271164e-01, 1.074819823380e-06, 6.4743e+01, 1.6855e+00, 
 2DIAGNOSTIC,    30, -3.662006710216e-01, 1.041888269396e-06, 6.6253e+01, 1.5095e+00, 
 2DIAGNOSTIC,    31, -3.662006079374e-01, 1.010052178306e-06, 6.7738e+01, 1.4854e+00, 
  Elapsed time (stage 0): 6.8584e+01


Total elapsed time: 6.8587e+01
Info [verificarlo]: loaded backend libinterflop_vprec.so
Info [interflop-vprec]: load backend with: 
Info [interflop-vprec]: precision-binary32 = 23
Info [interflop-vprec]: range-binary32 = 8
Info [interflop-vprec]: precision-binary64 = 23
Info [interflop-vprec]: range-binary64 = 8
Info [interflop-vprec]: mode = ob
Info [interflop-vprec]: error-mode = rel
Info [interflop-vprec]: max-abs-error-exponent = -1022
Info [interflop-vprec]: daz = false
Info [interflop-vprec]: ftz = false
Info [interflop-vprec]: 	instrument = none
Info [interflop-vprec]: 	prec-input-file = (null)
Info [interflop-vprec]: 	prec-output-file = (null)
Info [interflop-vprec]: 	prec-log-file = (null)
All_Command_lines_OK
Using double precision for computations.
=============================================================================
The composite transform comprises the following transforms (in order): 
  1. /home/mdugre/scratch/mri-registration-rp/datasets/ds004513/derivatives/mri-registration-rp/0011/antsRegistration-r8-p23/sub-s014/rigid_Composite.h5[0] (type = Euler3DTransform)
  2. /home/mdugre/scratch/mri-registration-rp/datasets/ds004513/derivatives/mri-registration-rp/0011/antsRegistration-r8-p23/sub-s014/rigid_Composite.h5[1] (type = Euler3DTransform)
  3. /home/mdugre/scratch/mri-registration-rp/datasets/ds004513/derivatives/mri-registration-rp/0011/antsRegistration-r8-p23/sub-s014/rigid_Composite.h5[2] (type = Euler3DTransform)
=============================================================================
  number of levels = 4
  fixed image: /templateflow/tpl-MNI152NLin2009cAsym/tpl-MNI152NLin2009cAsym_res-01_desc-brain_T1w.nii.gz
  moving image: /home/mdugre/scratch/mri-registration-rp/datasets/ds004513/derivatives/mri-registration-rp/antsBrainExtraction/sub-s014/BrainExtractionBrain.nii.gz
Dimension = 3
Number of stages = 1
Use histogram matching = false
Winsorize image intensities = true
  Lower quantile = 0.005
  Upper quantile = 0.995


Stage 1 State
   Image metric = MattesMI
     Fixed image = Image (0x3cd0490)
  RTTI typeinfo:   itk::Image<double, 3u>
  Reference Count: 2
  Modified Time: 1594
  Debug: Off
  Object Name: 
  Observers: 
    none
  Source: (none)
  Source output name: (none)
  Release Data: Off
  Data Released: False
  Global Release Data: Off
  PipelineMTime: 0
  UpdateMTime: 1203
  RealTimeStamp: 0 seconds 
  LargestPossibleRegion: 
    Dimension: 3
    Index: [0, 0, 0]
    Size: [193, 229, 193]
  BufferedRegion: 
    Dimension: 3
    Index: [0, 0, 0]
    Size: [193, 229, 193]
  RequestedRegion: 
    Dimension: 3
    Index: [0, 0, 0]
    Size: [193, 229, 193]
  Spacing: [1, 1, 1]
  Origin: [96, 132, -78]
  Direction: 
-1 0 0
0 -1 0
0 0 1

  IndexToPointMatrix: 
-1 0 0
0 -1 0
0 0 1

  PointToIndexMatrix: 
-1 0 0
0 -1 0
0 0 1

  Inverse Direction: 
-1 0 0
0 -1 0
0 0 1

  PixelContainer: 
    ImportImageContainer (0x3d9b8c0)
      RTTI typeinfo:   itk::ImportImageContainer<unsigned long, double>
      Reference Count: 1
      Modified Time: 1200
      Debug: Off
      Object Name: 
      Observers: 
        none
      Pointer: 0x14e9a74fd010
      Container manages memory: true
      Size: 8530021
      Capacity: 8530021

     Moving image = Image (0x3d8bb60)
  RTTI typeinfo:   itk::Image<double, 3u>
  Reference Count: 2
  Modified Time: 1595
  Debug: Off
  Object Name: 
  Observers: 
    none
  Source: (none)
  Source output name: (none)
  Release Data: Off
  Data Released: False
  Global Release Data: Off
  PipelineMTime: 0
  UpdateMTime: 1592
  RealTimeStamp: 0 seconds 
  LargestPossibleRegion: 
    Dimension: 3
    Index: [0, 0, 0]
    Size: [160, 240, 256]
  BufferedRegion: 
    Dimension: 3
    Index: [0, 0, 0]
    Size: [160, 240, 256]
  RequestedRegion: 
    Dimension: 3
    Index: [0, 0, 0]
    Size: [160, 240, 256]
  Spacing: [0.999999, 1, 1]
  Origin: [84.1637, 106.709, -120.531]
  Direction: 
-0.999619 -0.0226874 -0.0157033
0.0226846 -0.999743 0.00035635
-0.0157073 -7.8229e-09 0.999877

  IndexToPointMatrix: 
-0.999619 -0.0226874 -0.0157033
0.0226845 -0.999743 0.00035635
-0.0157073 -7.8229e-09 0.999877

  PointToIndexMatrix: 
-0.99962 0.0226846 -0.0157073
-0.0226874 -0.999743 2.98023e-08
-0.0157033 0.000356346 0.999877

  Inverse Direction: 
-0.999619 0.0226846 -0.0157073
-0.0226874 -0.999743 -7.84348e-09
-0.0157033 0.00035635 0.999877

  PixelContainer: 
    ImportImageContainer (0x3e1f1d0)
      RTTI typeinfo:   itk::ImportImageContainer<unsigned long, double>
      Reference Count: 1
      Modified Time: 1589
      Debug: Off
      Object Name: 
      Observers: 
        none
      Pointer: 0x14e9a29fc010
      Container manages memory: true
      Size: 9830400
      Capacity: 9830400

     Weighting = 1
     Sampling strategy = regular
     Number of bins = 32
     Radius = 4
     Sampling percentage  = 0.25
   Transform = Affine
     Gradient step = 0.1
     Update field sigma (voxel space) = 0
     Total field sigma (voxel space) = 0
     Update field time sigma = 0
     Total field time sigma  = 0
     Number of time indices = 0
     Number of time point samples = 0
Registration using 1 total stages.

Stage 0
  iterations = 1000x500x250x100
  convergence threshold = 1e-06
  convergence window size = 10
  number of levels = 4
  using the Mattes MI metric (number of bins = 32, weight = 1, use gradient filter = 0)
  preprocessing:  winsorizing the image intensities
  Shrink factors (level 1 out of 4): [8, 8, 8]
  Shrink factors (level 2 out of 4): [4, 4, 4]
  Shrink factors (level 3 out of 4): [2, 2, 2]
  Shrink factors (level 4 out of 4): [1, 1, 1]
  smoothing sigmas per level: [3, 2, 1, 0]
  regular sampling (percentage = 0.25)

*** Running AffineTransform registration ***

DIAGNOSTIC,Iteration,metricValue,convergenceValue,ITERATION_TIME_INDEX,SINCE_LAST
 2DIAGNOSTIC,     1, -5.239746790116e-01, 1.797693134862e+308, 0.0000e+00, 0.0000e+00, 
 2DIAGNOSTIC,     2, -5.258642380458e-01, 1.797693134862e+308, 0.0000e+00, 0.0000e+00, 
 2DIAGNOSTIC,     3, -5.291103359537e-01, 1.797693134862e+308, 0.0000e+00, 0.0000e+00, 
 2DIAGNOSTIC,     4, -5.347750692501e-01, 1.797693134862e+308, 0.0000e+00, 0.0000e+00, 
 2DIAGNOSTIC,     5, -5.449475261278e-01, 1.797693134862e+308, 0.0000e+00, 0.0000e+00, 
 2DIAGNOSTIC,     6, -6.214653202637e-01, 1.797693134862e+308, 0.0000e+00, 0.0000e+00, 
 2DIAGNOSTIC,     7, -6.633042319882e-01, 1.797693134862e+308, 0.0000e+00, 0.0000e+00, 
 2DIAGNOSTIC,     8, -7.298998398382e-01, 1.797693134862e+308, 0.0000e+00, 0.0000e+00, 
 2DIAGNOSTIC,     9, -7.423066326019e-01, 1.797693134862e+308, 0.0000e+00, 0.0000e+00, 
 2DIAGNOSTIC,    10, -7.541850754072e-01, 2.915855037770e-02, 0.0000e+00, 0.0000e+00, 
 2DIAGNOSTIC,    11, -7.648013841149e-01, 2.764785820043e-02, 0.0000e+00, 0.0000e+00, 
 2DIAGNOSTIC,    12, -7.738825827827e-01, 2.433890218688e-02, 0.0000e+00, 0.0000e+00, 
 2DIAGNOSTIC,    13, -7.737459957355e-01, 1.957307982460e-02, 0.0000e+00, 0.0000e+00, 
 2DIAGNOSTIC,    14, -7.760170024864e-01, 1.412363445671e-02, 0.0000e+00, 0.0000e+00, 
 2DIAGNOSTIC,    15, -7.800503023606e-01, 8.618613037548e-03, 0.0000e+00, 0.0000e+00, 
 2DIAGNOSTIC,    16, -7.852741510828e-01, 5.256079174379e-03, 0.0000e+00, 0.0000e+00, 
 2DIAGNOSTIC,    17, -7.929706428428e-01, 3.035402563912e-03, 0.0000e+00, 0.0000e+00, 
 2DIAGNOSTIC,    18, -7.969855651848e-01, 2.433238410726e-03, 0.0000e+00, 0.0000e+00, 
 2DIAGNOSTIC,    19, -7.976456307207e-01, 1.960116360245e-03, 0.0000e+00, 0.0000e+00, 
 2DIAGNOSTIC,    20, -7.983766340122e-01, 1.613160528792e-03, 0.0000e+00, 0.0000e+00, 
 2DIAGNOSTIC,    21, -7.988971996663e-01, 1.362352278696e-03, 0.0000e+00, 0.0000e+00, 
 2DIAGNOSTIC,    22, -7.995384460703e-01, 1.186794747739e-03, 0.0000e+00, 0.0000e+00, 
 2DIAGNOSTIC,    23, -8.005794199943e-01, 9.331447422216e-04, 0.0000e+00, 0.0000e+00, 
 2DIAGNOSTIC,    24, -8.025288920158e-01, 6.863323780368e-04, 0.0000e+00, 0.0000e+00, 
 2DIAGNOSTIC,    25, -8.047988449246e-01, 4.962447211365e-04, 0.0000e+00, 0.0000e+00, 
 2DIAGNOSTIC,    26, -8.060960477661e-01, 3.715096689433e-04, 0.0000e+00, 0.0000e+00, 
 2DIAGNOSTIC,    27, -8.076187223231e-01, 3.544610822870e-04, 0.0000e+00, 0.0000e+00, 
 2DIAGNOSTIC,    28, -8.209387686484e-01, 5.460095464633e-04, 0.0000e+00, 0.0000e+00, 
 2DIAGNOSTIC,    29, -8.367423913988e-01, 8.856264893727e-04, 0.0000e+00, 0.0000e+00, 
 2DIAGNOSTIC,    30, -8.387868738236e-01, 1.147917041366e-03, 0.0000e+00, 0.0000e+00, 
 2DIAGNOSTIC,    31, -8.400942228866e-01, 1.309716699102e-03, 0.0000e+00, 0.0000e+00, 
 2DIAGNOSTIC,    32, -8.413005503777e-01, 1.360929327955e-03, 0.0000e+00, 0.0000e+00, 
 2DIAGNOSTIC,    33, -8.418283552296e-01, 1.294976752224e-03, 0.0000e+00, 0.0000e+00, 
 2DIAGNOSTIC,    34, -8.418108440093e-01, 1.128879437576e-03, 0.0000e+00, 0.0000e+00, 
 2DIAGNOSTIC,    35, -8.418904582009e-01, 8.933265190105e-04, 0.0000e+00, 0.0000e+00, 
 2DIAGNOSTIC,    36, -8.419941478928e-01, 6.060645721639e-04, 0.0000e+00, 0.0000e+00, 
 2DIAGNOSTIC,    37, -8.425729576813e-01, 2.980693947159e-04, 0.0000e+00, 0.0000e+00, 
 2DIAGNOSTIC,    38, -8.425334588236e-01, 1.063488438921e-04, 0.0000e+00, 0.0000e+00, 
 2DIAGNOSTIC,    39, -8.424649892670e-01, 6.590058114325e-05, 0.0000e+00, 0.0000e+00, 
 2DIAGNOSTIC,    40, -8.422417305269e-01, 3.839986174188e-05, 0.0000e+00, 0.0000e+00, 
 2DIAGNOSTIC,    41, -8.422831522187e-01, 2.076433235124e-05, 0.0000e+00, 0.0000e+00, 
 2DIAGNOSTIC,    42, -8.423609548246e-01, 1.322167174210e-05, 0.0000e+00, 0.0000e+00, 
 2DIAGNOSTIC,    43, -8.424064784739e-01, 9.779384964353e-06, 0.0000e+00, 0.0000e+00, 
 2DIAGNOSTIC,    44, -8.424588148083e-01, 6.035424022329e-06, 0.0000e+00, 0.0000e+00, 
 2DIAGNOSTIC,    45, -8.424130784584e-01, 2.311084946464e-06, 0.0000e+00, 0.0000e+00, 
DIAGNOSTIC,Iteration,metricValue,convergenceValue,ITERATION_TIME_INDEX,SINCE_LAST
 2DIAGNOSTIC,     1, -6.890681690972e-01, 1.797693134862e+308, 0.0000e+00, 0.0000e+00, 
 2DIAGNOSTIC,     2, -6.897848765873e-01, 1.797693134862e+308, 0.0000e+00, 0.0000e+00, 
 2DIAGNOSTIC,     3, -6.902606313354e-01, 1.797693134862e+308, 0.0000e+00, 0.0000e+00, 
 2DIAGNOSTIC,     4, -6.906636808667e-01, 1.797693134862e+308, 0.0000e+00, 0.0000e+00, 
 2DIAGNOSTIC,     5, -6.916047093602e-01, 1.797693134862e+308, 0.0000e+00, 0.0000e+00, 
 2DIAGNOSTIC,     6, -6.932561401444e-01, 1.797693134862e+308, 0.0000e+00, 0.0000e+00, 
 2DIAGNOSTIC,     7, -6.932562119380e-01, 1.797693134862e+308, 0.0000e+00, 0.0000e+00, 
 2DIAGNOSTIC,     8, -6.932620554509e-01, 1.797693134862e+308, 0.0000e+00, 0.0000e+00, 
 2DIAGNOSTIC,     9, -6.932472112029e-01, 1.797693134862e+308, 0.0000e+00, 0.0000e+00, 
 2DIAGNOSTIC,    10, -6.932633163258e-01, 4.473240647214e-04, 0.0000e+00, 0.0000e+00, 
 2DIAGNOSTIC,    11, -6.932894945273e-01, 3.283480089767e-04, 0.0000e+00, 0.0000e+00, 
 2DIAGNOSTIC,    12, -6.933309935772e-01, 2.259936039665e-04, 0.0000e+00, 0.0000e+00, 
 2DIAGNOSTIC,    13, -6.933602961101e-01, 1.360274724909e-04, 0.0000e+00, 0.0000e+00, 
 2DIAGNOSTIC,    14, -6.934034850536e-01, 5.969058488774e-05, 0.0000e+00, 0.0000e+00, 
 2DIAGNOSTIC,    15, -6.935136611483e-01, 1.576924165267e-05, 0.0000e+00, 0.0000e+00, 
 2DIAGNOSTIC,    16, -6.935743531986e-01, 1.994403814908e-05, 0.0000e+00, 0.0000e+00, 
 2DIAGNOSTIC,    17, -6.936559349077e-01, 2.392861698316e-05, 0.0000e+00, 0.0000e+00, 
 2DIAGNOSTIC,    18, -6.936723413412e-01, 2.594952227244e-05, 0.0000e+00, 0.0000e+00, 
 2DIAGNOSTIC,    19, -6.936576363497e-01, 2.489559289232e-05, 0.0000e+00, 0.0000e+00, 
 2DIAGNOSTIC,    20, -6.936302937796e-01, 2.155778190647e-05, 0.0000e+00, 0.0000e+00, 
 2DIAGNOSTIC,    21, -6.936549617909e-01, 1.765228261384e-05, 0.0000e+00, 0.0000e+00, 
 2DIAGNOSTIC,    22, -6.936553080320e-01, 1.334893844188e-05, 0.0000e+00, 0.0000e+00, 
 2DIAGNOSTIC,    23, -6.936571515932e-01, 8.869410887132e-06, 0.0000e+00, 0.0000e+00, 
 2DIAGNOSTIC,    24, -6.936459033243e-01, 4.600269270051e-06, 0.0000e+00, 0.0000e+00, 
 2DIAGNOSTIC,    25, -6.936352688416e-01, 2.003687954437e-06, 0.0000e+00, 0.0000e+00, 
DIAGNOSTIC,Iteration,metricValue,convergenceValue,ITERATION_TIME_INDEX,SINCE_LAST
 2DIAGNOSTIC,     1, -5.884863675828e-01, 1.797693134862e+308, 0.0000e+00, 0.0000e+00, 
 2DIAGNOSTIC,     2, -5.891285692050e-01, 1.797693134862e+308, 0.0000e+00, 0.0000e+00, 
 2DIAGNOSTIC,     3, -5.898403116665e-01, 1.797693134862e+308, 1.2800e+02, 1.2800e+02, 
 2DIAGNOSTIC,     4, -5.907045708638e-01, 1.797693134862e+308, 1.2800e+02, 0.0000e+00, 
 2DIAGNOSTIC,     5, -5.917997190569e-01, 1.797693134862e+308, 1.2800e+02, 0.0000e+00, 
 2DIAGNOSTIC,     6, -5.938413943730e-01, 1.797693134862e+308, 1.2800e+02, 0.0000e+00, 
 2DIAGNOSTIC,     7, -5.938488801373e-01, 1.797693134862e+308, 1.2800e+02, 0.0000e+00, 
 2DIAGNOSTIC,     8, -5.938474514138e-01, 1.797693134862e+308, 1.2800e+02, 0.0000e+00, 
 2DIAGNOSTIC,     9, -5.938328846951e-01, 1.797693134862e+308, 1.2800e+02, 0.0000e+00, 
 2DIAGNOSTIC,    10, -5.938327773388e-01, 6.789930831312e-04, 1.2800e+02, 0.0000e+00, 
 2DIAGNOSTIC,    11, -5.938319718836e-01, 4.979545276633e-04, 1.2800e+02, 0.0000e+00, 
 2DIAGNOSTIC,    12, -5.938328661668e-01, 3.285051437788e-04, 1.2800e+02, 0.0000e+00, 
 2DIAGNOSTIC,    13, -5.938284612542e-01, 1.826829754978e-04, 1.2800e+02, 0.0000e+00, 
 2DIAGNOSTIC,    14, -5.938281358034e-01, 7.076050137819e-05, 1.2800e+02, 0.0000e+00, 
DIAGNOSTIC,Iteration,metricValue,convergenceValue,ITERATION_TIME_INDEX,SINCE_LAST
 2DIAGNOSTIC,     1, -5.278546496546e-01, 1.797693134862e+308, 1.2800e+02, 0.0000e+00, 
 2DIAGNOSTIC,     2, -5.279280627115e-01, 1.797693134862e+308, 1.2800e+02, 0.0000e+00, 
 2DIAGNOSTIC,     3, -5.279283286248e-01, 1.797693134862e+308, 1.2800e+02, 0.0000e+00, 
