
##########################
# Experiment information #
##########################

EXPERIMENT_NAME: antsRegistration-r8-p21
VFC_BACKENDS: libinterflop_vprec.so --range-binary32=8 --precision-binary32=21 --range-binary64=8 --precision-binary64=21

SIF_IMG: /home/mdugre/projects/rrg-glatard/mdugre/containers/ants-vprec-no_metrics.simg

SUBJECT_ID: s014
INPUT_IMG: /home/mdugre/scratch/mri-registration-rp/datasets/ds004513/derivatives/mri-registration-rp/antsBrainExtraction/sub-s014/BrainExtractionBrain.nii.gz
OUTPUT_DIR: /home/mdugre/scratch/mri-registration-rp/datasets/ds004513/derivatives/mri-registration-rp/0011/antsRegistration-r8-p21/sub-s014

FIXED_IMG: /templateflow/tpl-MNI152NLin2009cAsym/tpl-MNI152NLin2009cAsym_res-01_desc-brain_T1w.nii.gz
DATA_DIR: /home/mdugre/scratch/mri-registration-rp/datasets/ds004513
TEMPLATEFLOW_DIR: /home/mdugre/projects/rrg-glatard/mdugre/templateflow
ITK_GLOBAL_DEFAULT_NUMBER_OF_THREADS: 16
##########################

Info [verificarlo]: loaded backend libinterflop_ieee.so
Info [interflop-ieee]: load backend with:
Info [interflop-ieee]: debug = false
Info [interflop-ieee]: debug-binary = false
Info [interflop-ieee]: no-backend-name = false
Info [interflop-ieee]: print-new-line = false
Info [interflop-ieee]: print-subnormal-normalized = false
Info [interflop-ieee]: count-op = false
All_Command_lines_OK
Using double precision for computations.
=============================================================================
The composite transform comprises the following transforms (in order): 
  1. Center of mass alignment using fixed image: /templateflow/tpl-MNI152NLin2009cAsym/tpl-MNI152NLin2009cAsym_res-01_desc-brain_T1w.nii.gz and moving image: /home/mdugre/scratch/mri-registration-rp/datasets/ds004513/derivatives/mri-registration-rp/antsBrainExtraction/sub-s014/BrainExtractionBrain.nii.gz (type = Euler3DTransform)
=============================================================================
  number of levels = 1
  fixed image: /templateflow/tpl-MNI152NLin2009cAsym/tpl-MNI152NLin2009cAsym_res-01_desc-brain_T1w.nii.gz
  moving image: /home/mdugre/scratch/mri-registration-rp/datasets/ds004513/derivatives/mri-registration-rp/antsBrainExtraction/sub-s014/BrainExtractionBrain.nii.gz
Dimension = 3
Number of stages = 1
Use histogram matching = false
Winsorize image intensities = true
  Lower quantile = 0.005
  Upper quantile = 0.995


Stage 1 State
   Image metric = MattesMI
     Fixed image = Image (0x4e9fe70)
  RTTI typeinfo:   itk::Image<double, 3u>
  Reference Count: 2
  Modified Time: 2334
  Debug: Off
  Object Name: 
  Observers: 
    none
  Source: (none)
  Source output name: (none)
  Release Data: Off
  Data Released: False
  Global Release Data: Off
  PipelineMTime: 0
  UpdateMTime: 1943
  RealTimeStamp: 0 seconds 
  LargestPossibleRegion: 
    Dimension: 3
    Index: [0, 0, 0]
    Size: [193, 229, 193]
  BufferedRegion: 
    Dimension: 3
    Index: [0, 0, 0]
    Size: [193, 229, 193]
  RequestedRegion: 
    Dimension: 3
    Index: [0, 0, 0]
    Size: [193, 229, 193]
  Spacing: [1, 1, 1]
  Origin: [96, 132, -78]
  Direction: 
-1 0 0
0 -1 0
0 0 1

  IndexToPointMatrix: 
-1 0 0
0 -1 0
0 0 1

  PointToIndexMatrix: 
-1 0 0
0 -1 0
0 0 1

  Inverse Direction: 
-1 0 0
0 -1 0
0 0 1

  PixelContainer: 
    ImportImageContainer (0x4eac140)
      RTTI typeinfo:   itk::ImportImageContainer<unsigned long, double>
      Reference Count: 1
      Modified Time: 1940
      Debug: Off
      Object Name: 
      Observers: 
        none
      Pointer: 0x15078c251010
      Container manages memory: true
      Size: 8530021
      Capacity: 8530021

     Moving image = Image (0x4ea9310)
  RTTI typeinfo:   itk::Image<double, 3u>
  Reference Count: 2
  Modified Time: 2335
  Debug: Off
  Object Name: 
  Observers: 
    none
  Source: (none)
  Source output name: (none)
  Release Data: Off
  Data Released: False
  Global Release Data: Off
  PipelineMTime: 0
  UpdateMTime: 2332
  RealTimeStamp: 0 seconds 
  LargestPossibleRegion: 
    Dimension: 3
    Index: [0, 0, 0]
    Size: [160, 240, 256]
  BufferedRegion: 
    Dimension: 3
    Index: [0, 0, 0]
    Size: [160, 240, 256]
  RequestedRegion: 
    Dimension: 3
    Index: [0, 0, 0]
    Size: [160, 240, 256]
  Spacing: [0.999999, 1, 1]
  Origin: [84.1637, 106.709, -120.531]
  Direction: 
-0.999619 -0.0226874 -0.0157033
0.0226846 -0.999743 0.00035635
-0.0157073 -7.8229e-09 0.999877

  IndexToPointMatrix: 
-0.999619 -0.0226874 -0.0157033
0.0226845 -0.999743 0.00035635
-0.0157073 -7.8229e-09 0.999877

  PointToIndexMatrix: 
-0.99962 0.0226846 -0.0157073
-0.0226874 -0.999743 -7.83127e-09
-0.0157033 0.00035635 0.999877

  Inverse Direction: 
-0.999619 0.0226846 -0.0157073
-0.0226874 -0.999743 -7.83127e-09
-0.0157033 0.00035635 0.999877

  PixelContainer: 
    ImportImageContainer (0x4fd4610)
      RTTI typeinfo:   itk::ImportImageContainer<unsigned long, double>
      Reference Count: 1
      Modified Time: 2329
      Debug: Off
      Object Name: 
      Observers: 
        none
      Pointer: 0x150787750010
      Container manages memory: true
      Size: 9830400
      Capacity: 9830400

     Weighting = 1
     Sampling strategy = regular
     Number of bins = 32
     Radius = 4
     Sampling percentage  = 0.25
   Transform = Rigid
     Gradient step = 0.1
     Update field sigma (voxel space) = 0
     Total field sigma (voxel space) = 0
     Update field time sigma = 0
     Total field time sigma  = 0
     Number of time indices = 0
     Number of time point samples = 0
Registration using 1 total stages.

Stage 0
  iterations = 0
  convergence threshold = 1e-06
  convergence window size = 10
  number of levels = 1
  using the Mattes MI metric (number of bins = 32, weight = 1, use gradient filter = 0)
  preprocessing:  winsorizing the image intensities
  Shrink factors (level 1 out of 1): [1, 1, 1]
  smoothing sigmas per level: [0]
  regular sampling (percentage = 0.25)

*** Running Euler3DTransform registration ***

  Elapsed time (stage 0): 1.12113


Total elapsed time: 1.12349
Info [verificarlo]: loaded backend libinterflop_ieee.so
Info [interflop-ieee]: load backend with:
Info [interflop-ieee]: debug = false
Info [interflop-ieee]: debug-binary = false
Info [interflop-ieee]: no-backend-name = false
Info [interflop-ieee]: print-new-line = false
Info [interflop-ieee]: print-subnormal-normalized = false
Info [interflop-ieee]: count-op = false
All_Command_lines_OK
Using double precision for computations.
=============================================================================
The composite transform comprises the following transforms (in order): 
  1. /home/mdugre/scratch/mri-registration-rp/datasets/ds004513/derivatives/mri-registration-rp/0011/antsRegistration-r8-p21/sub-s014/align_Composite.h5[0] (type = Euler3DTransform)
  2. /home/mdugre/scratch/mri-registration-rp/datasets/ds004513/derivatives/mri-registration-rp/0011/antsRegistration-r8-p21/sub-s014/align_Composite.h5[1] (type = Euler3DTransform)
=============================================================================
  number of levels = 4
  fixed image: /templateflow/tpl-MNI152NLin2009cAsym/tpl-MNI152NLin2009cAsym_res-01_desc-brain_T1w.nii.gz
  moving image: /home/mdugre/scratch/mri-registration-rp/datasets/ds004513/derivatives/mri-registration-rp/antsBrainExtraction/sub-s014/BrainExtractionBrain.nii.gz
Dimension = 3
Number of stages = 1
Use histogram matching = false
Winsorize image intensities = true
  Lower quantile = 0.005
  Upper quantile = 0.995


Stage 1 State
   Image metric = MattesMI
     Fixed image = Image (0x3b0d530)
  RTTI typeinfo:   itk::Image<double, 3u>
  Reference Count: 2
  Modified Time: 1580
  Debug: Off
  Object Name: 
  Observers: 
    none
  Source: (none)
  Source output name: (none)
  Release Data: Off
  Data Released: False
  Global Release Data: Off
  PipelineMTime: 0
  UpdateMTime: 1189
  RealTimeStamp: 0 seconds 
  LargestPossibleRegion: 
    Dimension: 3
    Index: [0, 0, 0]
    Size: [193, 229, 193]
  BufferedRegion: 
    Dimension: 3
    Index: [0, 0, 0]
    Size: [193, 229, 193]
  RequestedRegion: 
    Dimension: 3
    Index: [0, 0, 0]
    Size: [193, 229, 193]
  Spacing: [1, 1, 1]
  Origin: [96, 132, -78]
  Direction: 
-1 0 0
0 -1 0
0 0 1

  IndexToPointMatrix: 
-1 0 0
0 -1 0
0 0 1

  PointToIndexMatrix: 
-1 0 0
0 -1 0
0 0 1

  Inverse Direction: 
-1 0 0
0 -1 0
0 0 1

  PixelContainer: 
    ImportImageContainer (0x3bcbd60)
      RTTI typeinfo:   itk::ImportImageContainer<unsigned long, double>
      Reference Count: 1
      Modified Time: 1186
      Debug: Off
      Object Name: 
      Observers: 
        none
      Pointer: 0x14d006cf8010
      Container manages memory: true
      Size: 8530021
      Capacity: 8530021

     Moving image = Image (0x3bbdf60)
  RTTI typeinfo:   itk::Image<double, 3u>
  Reference Count: 2
  Modified Time: 1581
  Debug: Off
  Object Name: 
  Observers: 
    none
  Source: (none)
  Source output name: (none)
  Release Data: Off
  Data Released: False
  Global Release Data: Off
  PipelineMTime: 0
  UpdateMTime: 1578
  RealTimeStamp: 0 seconds 
  LargestPossibleRegion: 
    Dimension: 3
    Index: [0, 0, 0]
    Size: [160, 240, 256]
  BufferedRegion: 
    Dimension: 3
    Index: [0, 0, 0]
    Size: [160, 240, 256]
  RequestedRegion: 
    Dimension: 3
    Index: [0, 0, 0]
    Size: [160, 240, 256]
  Spacing: [0.999999, 1, 1]
  Origin: [84.1637, 106.709, -120.531]
  Direction: 
-0.999619 -0.0226874 -0.0157033
0.0226846 -0.999743 0.00035635
-0.0157073 -7.8229e-09 0.999877

  IndexToPointMatrix: 
-0.999619 -0.0226874 -0.0157033
0.0226845 -0.999743 0.00035635
-0.0157073 -7.8229e-09 0.999877

  PointToIndexMatrix: 
-0.99962 0.0226846 -0.0157073
-0.0226874 -0.999743 -7.83127e-09
-0.0157033 0.00035635 0.999877

  Inverse Direction: 
-0.999619 0.0226846 -0.0157073
-0.0226874 -0.999743 -7.83127e-09
-0.0157033 0.00035635 0.999877

  PixelContainer: 
    ImportImageContainer (0x3baf6d0)
      RTTI typeinfo:   itk::ImportImageContainer<unsigned long, double>
      Reference Count: 1
      Modified Time: 1575
      Debug: Off
      Object Name: 
      Observers: 
        none
      Pointer: 0x14d0021f7010
      Container manages memory: true
      Size: 9830400
      Capacity: 9830400

     Weighting = 1
     Sampling strategy = regular
     Number of bins = 32
     Radius = 4
     Sampling percentage  = 0.25
   Transform = Rigid
     Gradient step = 0.1
     Update field sigma (voxel space) = 0
     Total field sigma (voxel space) = 0
     Update field time sigma = 0
     Total field time sigma  = 0
     Number of time indices = 0
     Number of time point samples = 0
Registration using 1 total stages.

Stage 0
  iterations = 1000x500x250x100
  convergence threshold = 1e-06
  convergence window size = 10
  number of levels = 4
  using the Mattes MI metric (number of bins = 32, weight = 1, use gradient filter = 0)
  preprocessing:  winsorizing the image intensities
  Shrink factors (level 1 out of 4): [8, 8, 8]
  Shrink factors (level 2 out of 4): [4, 4, 4]
  Shrink factors (level 3 out of 4): [2, 2, 2]
  Shrink factors (level 4 out of 4): [1, 1, 1]
  smoothing sigmas per level: [3, 2, 1, 0]
  regular sampling (percentage = 0.25)

*** Running Euler3DTransform registration ***

DIAGNOSTIC,Iteration,metricValue,convergenceValue,ITERATION_TIME_INDEX,SINCE_LAST
 2DIAGNOSTIC,     1, -4.770821406565e-01, 1.797693134862e+308, 1.0418e+00, 1.0418e+00, 
 2DIAGNOSTIC,     2, -4.784216133942e-01, 1.797693134862e+308, 1.0468e+00, 4.9901e-03, 
 2DIAGNOSTIC,     3, -4.807043200681e-01, 1.797693134862e+308, 1.0513e+00, 4.5540e-03, 
 2DIAGNOSTIC,     4, -4.840264478065e-01, 1.797693134862e+308, 1.0558e+00, 4.4882e-03, 
 2DIAGNOSTIC,     5, -4.883050305770e-01, 1.797693134862e+308, 1.0603e+00, 4.4851e-03, 
 2DIAGNOSTIC,     6, -4.953560426371e-01, 1.797693134862e+308, 1.0655e+00, 5.2409e-03, 
 2DIAGNOSTIC,     7, -5.007350570384e-01, 1.797693134862e+308, 1.0700e+00, 4.4770e-03, 
 2DIAGNOSTIC,     8, -5.013278569503e-01, 1.797693134862e+308, 1.0746e+00, 4.5559e-03, 
 2DIAGNOSTIC,     9, -5.085255256006e-01, 1.797693134862e+308, 1.0799e+00, 5.3020e-03, 
 2DIAGNOSTIC,    10, -5.161992633656e-01, 5.125196520979e-03, 1.0867e+00, 6.7708e-03, 
 2DIAGNOSTIC,    11, -5.167072941437e-01, 4.879252931146e-03, 1.0915e+00, 4.7970e-03, 
 2DIAGNOSTIC,    12, -5.203629876260e-01, 4.481282734468e-03, 1.0962e+00, 4.7741e-03, 
 2DIAGNOSTIC,    13, -5.229718709777e-01, 3.958672533579e-03, 1.1009e+00, 4.6661e-03, 
 2DIAGNOSTIC,    14, -5.250338110830e-01, 3.368007801723e-03, 1.1063e+00, 5.4121e-03, 
 2DIAGNOSTIC,    15, -5.272078697648e-01, 2.786121483394e-03, 1.1135e+00, 7.1561e-03, 
 2DIAGNOSTIC,    16, -5.275715603978e-01, 2.284098302168e-03, 1.1181e+00, 4.6759e-03, 
 2DIAGNOSTIC,    17, -5.282507656511e-01, 1.839921123745e-03, 1.1230e+00, 4.8270e-03, 
 2DIAGNOSTIC,    18, -5.289722876066e-01, 1.313912041901e-03, 1.1281e+00, 5.1479e-03, 
 2DIAGNOSTIC,    19, -5.292207410111e-01, 9.370568707371e-04, 1.1332e+00, 5.1379e-03, 
 2DIAGNOSTIC,    20, -5.294476960672e-01, 7.341365573348e-04, 1.1384e+00, 5.1279e-03, 
 2DIAGNOSTIC,    21, -5.294955840903e-01, 4.966190831864e-04, 1.1429e+00, 4.5171e-03, 
 2DIAGNOSTIC,    22, -5.295366245031e-01, 3.281311959310e-04, 1.1480e+00, 5.1069e-03, 
 2DIAGNOSTIC,    23, -5.295376311909e-01, 2.063244245634e-04, 1.1531e+00, 5.0621e-03, 
 2DIAGNOSTIC,    24, -5.295911249027e-01, 1.234508389519e-04, 1.1582e+00, 5.1081e-03, 
 2DIAGNOSTIC,    25, -5.296271130649e-01, 8.499150549856e-05, 1.1633e+00, 5.1129e-03, 
 2DIAGNOSTIC,    26, -5.296539599384e-01, 4.983583932681e-05, 1.1679e+00, 4.5791e-03, 
 2DIAGNOSTIC,    27, -5.297704229810e-01, 2.877322815995e-05, 1.1724e+00, 4.5459e-03, 
 2DIAGNOSTIC,    28, -5.299884954868e-01, 2.504887532469e-05, 1.1786e+00, 6.1810e-03, 
 2DIAGNOSTIC,    29, -5.300854192462e-01, 2.569611952948e-05, 1.1837e+00, 5.0828e-03, 
 2DIAGNOSTIC,    30, -5.300410324622e-01, 2.732899344985e-05, 1.1883e+00, 4.5810e-03, 
 2DIAGNOSTIC,    31, -5.300376932142e-01, 2.724560549007e-05, 1.1927e+00, 4.4861e-03, 
 2DIAGNOSTIC,    32, -5.301686264233e-01, 2.763232919458e-05, 1.1973e+00, 4.5340e-03, 
 2DIAGNOSTIC,    33, -5.303926738419e-01, 2.905769096919e-05, 1.2029e+00, 5.6341e-03, 
 2DIAGNOSTIC,    34, -5.304519664600e-01, 2.945835348377e-05, 1.2085e+00, 5.5878e-03, 
 2DIAGNOSTIC,    35, -5.305073139182e-01, 2.868169328660e-05, 1.2130e+00, 4.5261e-03, 
 2DIAGNOSTIC,    36, -5.305686017147e-01, 2.670517373372e-05, 1.2179e+00, 4.8840e-03, 
 2DIAGNOSTIC,    37, -5.306602858941e-01, 2.533264912468e-05, 1.2240e+00, 6.1009e-03, 
 2DIAGNOSTIC,    38, -5.306881156230e-01, 2.512162424815e-05, 1.2286e+00, 4.5588e-03, 
 2DIAGNOSTIC,    39, -5.307317416634e-01, 2.461885298517e-05, 1.2329e+00, 4.3421e-03, 
 2DIAGNOSTIC,    40, -5.308225091354e-01, 2.257034276249e-05, 1.2391e+00, 6.1650e-03, 
 2DIAGNOSTIC,    41, -5.308460424125e-01, 1.877385526151e-05, 1.2436e+00, 4.4789e-03, 
 2DIAGNOSTIC,    42, -5.308561837321e-01, 1.520831957463e-05, 1.2481e+00, 4.5459e-03, 
 2DIAGNOSTIC,    43, -5.308777649273e-01, 1.355835177399e-05, 1.2525e+00, 4.4448e-03, 
 2DIAGNOSTIC,    44, -5.309114036110e-01, 1.190613944548e-05, 1.2571e+00, 4.5159e-03, 
 2DIAGNOSTIC,    45, -5.310262965518e-01, 1.129423566773e-05, 1.2725e+00, 1.5436e-02, 
 2DIAGNOSTIC,    46, -5.310374074445e-01, 1.049838942162e-05, 1.2778e+00, 5.3022e-03, 
 2DIAGNOSTIC,    47, -5.310434720121e-01, 9.962263451430e-06, 1.2822e+00, 4.4281e-03, 
 2DIAGNOSTIC,    48, -5.310518853633e-01, 8.989886107702e-06, 1.2866e+00, 4.3330e-03, 
 2DIAGNOSTIC,    49, -5.310584329536e-01, 7.783359502057e-06, 1.2919e+00, 5.3010e-03, 
 2DIAGNOSTIC,    50, -5.310645817646e-01, 6.973833584185e-06, 1.2977e+00, 5.8179e-03, 
 2DIAGNOSTIC,    51, -5.310656430618e-01, 5.851695600689e-06, 1.3020e+00, 4.2832e-03, 
 2DIAGNOSTIC,    52, -5.310738190002e-01, 4.481863510104e-06, 1.3066e+00, 4.6711e-03, 
 2DIAGNOSTIC,    53, -5.310768127969e-01, 3.049471521643e-06, 1.3109e+00, 4.2281e-03, 
 2DIAGNOSTIC,    54, -5.310775506016e-01, 1.750844720295e-06, 1.3151e+00, 4.1921e-03, 
 2DIAGNOSTIC,    55, -5.310817434211e-01, 1.565716413212e-06, 1.3193e+00, 4.2000e-03, 
 2DIAGNOSTIC,    56, -5.310870994121e-01, 1.452195857541e-06, 1.3239e+00, 4.6780e-03, 
 2DIAGNOSTIC,    57, -5.310885232962e-01, 1.327089154884e-06, 1.3286e+00, 4.6871e-03, 
 2DIAGNOSTIC,    58, -5.310914487850e-01, 1.238639651135e-06, 1.3333e+00, 4.7290e-03, 
 2DIAGNOSTIC,    59, -5.311015678587e-01, 1.240623596670e-06, 1.3385e+00, 5.1661e-03, 
 2DIAGNOSTIC,    60, -5.311021904297e-01, 1.235244579012e-06, 1.3427e+00, 4.2031e-03, 
 2DIAGNOSTIC,    61, -5.311059901820e-01, 1.204917779149e-06, 1.3558e+00, 1.3086e-02, 
 2DIAGNOSTIC,    62, -5.311059901659e-01, 1.182103197387e-06, 1.3689e+00, 1.3147e-02, 
 2DIAGNOSTIC,    63, -5.311059901659e-01, 1.122797857710e-06, 1.3741e+00, 5.1460e-03, 
 2DIAGNOSTIC,    64, -5.311059901659e-01, 1.011506956333e-06, 1.3788e+00, 4.7009e-03, 
DIAGNOSTIC,Iteration,metricValue,convergenceValue,ITERATION_TIME_INDEX,SINCE_LAST
 2DIAGNOSTIC,     1, -4.295258231625e-01, 1.797693134862e+308, 2.1353e+00, 7.5655e-01, 
 2DIAGNOSTIC,     2, -4.302859640432e-01, 1.797693134862e+308, 2.1688e+00, 3.3440e-02, 
 2DIAGNOSTIC,     3, -4.309651196675e-01, 1.797693134862e+308, 2.2002e+00, 3.1407e-02, 
 2DIAGNOSTIC,     4, -4.317164347764e-01, 1.797693134862e+308, 2.2315e+00, 3.1285e-02, 
 2DIAGNOSTIC,     5, -4.325561938345e-01, 1.797693134862e+308, 2.2630e+00, 3.1573e-02, 
 2DIAGNOSTIC,     6, -4.341819580779e-01, 1.797693134862e+308, 2.2946e+00, 3.1556e-02, 
 2DIAGNOSTIC,     7, -4.354327949460e-01, 1.797693134862e+308, 2.3252e+00, 3.0557e-02, 
 2DIAGNOSTIC,     8, -4.367134834400e-01, 1.797693134862e+308, 2.3616e+00, 3.6474e-02, 
 2DIAGNOSTIC,     9, -4.377076816053e-01, 1.797693134862e+308, 2.4048e+00, 4.3141e-02, 
 2DIAGNOSTIC,    10, -4.379510214291e-01, 1.375954781895e-03, 2.4355e+00, 3.0698e-02, 
 2DIAGNOSTIC,    11, -4.381306699704e-01, 1.211218579662e-03, 2.4682e+00, 3.2724e-02, 
 2DIAGNOSTIC,    12, -4.403708091236e-01, 1.128184042343e-03, 2.5058e+00, 3.7644e-02, 
 2DIAGNOSTIC,    13, -4.435986505862e-01, 1.148562288582e-03, 2.5459e+00, 4.0081e-02, 
 2DIAGNOSTIC,    14, -4.436199448118e-01, 1.094787362615e-03, 2.5778e+00, 3.1871e-02, 
 2DIAGNOSTIC,    15, -4.445052016405e-01, 1.025845789099e-03, 2.6112e+00, 3.3369e-02, 
 2DIAGNOSTIC,    16, -4.479362667168e-01, 1.077370588543e-03, 2.6546e+00, 4.3426e-02, 
 2DIAGNOSTIC,    17, -4.481475950947e-01, 1.073587588123e-03, 2.6864e+00, 3.1836e-02, 
 2DIAGNOSTIC,    18, -4.482020490359e-01, 1.018146301628e-03, 2.7229e+00, 3.6452e-02, 
 2DIAGNOSTIC,    19, -4.481966708626e-01, 9.107728224412e-04, 2.7860e+00, 6.3122e-02, 
 2DIAGNOSTIC,    20, -4.481953335878e-01, 7.394369051181e-04, 2.8194e+00, 3.3449e-02, 
 2DIAGNOSTIC,    21, -4.481954334263e-01, 5.189437704872e-04, 2.8597e+00, 4.0242e-02, 
 2DIAGNOSTIC,    22, -4.482018533948e-01, 3.337448825879e-04, 2.8950e+00, 3.5319e-02, 
 2DIAGNOSTIC,    23, -4.481921491825e-01, 2.259319913835e-04, 2.9248e+00, 2.9775e-02, 
 2DIAGNOSTIC,    24, -4.482074312937e-01, 1.077320642638e-04, 2.9584e+00, 3.3600e-02, 
 2DIAGNOSTIC,    25, -4.482144439066e-01, 9.691656654702e-06, 2.9914e+00, 3.3018e-02, 
 2DIAGNOSTIC,    26, -4.482116710075e-01, 3.273680054032e-06, 3.0278e+00, 3.6388e-02, 
 2DIAGNOSTIC,    27, -4.482088353599e-01, 2.084627099809e-06, 3.0632e+00, 3.5390e-02, 
 2DIAGNOSTIC,    28, -4.482139219991e-01, 2.274304808300e-06, 3.0948e+00, 3.1626e-02, 
 2DIAGNOSTIC,    29, -4.482420866393e-01, 2.842586648781e-06, 3.1300e+00, 3.5245e-02, 
 2DIAGNOSTIC,    30, -4.482455732710e-01, 3.232686992462e-06, 3.1648e+00, 3.4748e-02, 
 2DIAGNOSTIC,    31, -4.482405886468e-01, 3.298138641847e-06, 3.1959e+00, 3.1151e-02, 
 2DIAGNOSTIC,    32, -4.482290914889e-01, 3.068921829358e-06, 3.2276e+00, 3.1649e-02, 
 2DIAGNOSTIC,    33, -4.482261087418e-01, 2.406544218569e-06, 3.2618e+00, 3.4248e-02, 
 2DIAGNOSTIC,    34, -4.482147421243e-01, 1.704267872306e-06, 3.2975e+00, 3.5652e-02, 
 2DIAGNOSTIC,    35, -4.482170221613e-01, 1.142411312355e-06, 3.3286e+00, 3.1073e-02, 
DIAGNOSTIC,Iteration,metricValue,convergenceValue,ITERATION_TIME_INDEX,SINCE_LAST
 2DIAGNOSTIC,     1, -3.932184618783e-01, 1.797693134862e+308, 4.4648e+00, 1.1362e+00, 
 2DIAGNOSTIC,     2, -3.933350080683e-01, 1.797693134862e+308, 4.7144e+00, 2.4965e-01, 
 2DIAGNOSTIC,     3, -3.934316047486e-01, 1.797693134862e+308, 4.9606e+00, 2.4611e-01, 
 2DIAGNOSTIC,     4, -3.934445201547e-01, 1.797693134862e+308, 5.2731e+00, 3.1255e-01, 
 2DIAGNOSTIC,     5, -3.934561041266e-01, 1.797693134862e+308, 5.5581e+00, 2.8499e-01, 
 2DIAGNOSTIC,     6, -3.934557400330e-01, 1.797693134862e+308, 5.8744e+00, 3.1629e-01, 
 2DIAGNOSTIC,     7, -3.934568947780e-01, 1.797693134862e+308, 6.3217e+00, 4.4729e-01, 
 2DIAGNOSTIC,     8, -3.934560026593e-01, 1.797693134862e+308, 6.6052e+00, 2.8348e-01, 
 2DIAGNOSTIC,     9, -3.934553707307e-01, 1.797693134862e+308, 6.9559e+00, 3.5078e-01, 
 2DIAGNOSTIC,    10, -3.934548435689e-01, 2.950388526483e-05, 7.2387e+00, 2.8273e-01, 
 2DIAGNOSTIC,    11, -3.934535150724e-01, 1.251787950156e-05, 7.4942e+00, 2.5549e-01, 
 2DIAGNOSTIC,    12, -3.934529103643e-01, 4.334108707704e-06, 7.7086e+00, 2.1440e-01, 
 2DIAGNOSTIC,    13, -3.934523312206e-01, 2.580302634447e-06, 7.9694e+00, 2.6085e-01, 
 2DIAGNOSTIC,    14, -3.934518640761e-01, 1.691075591392e-06, 8.2883e+00, 3.1885e-01, 
 2DIAGNOSTIC,    15, -3.934519734293e-01, 1.537715184810e-06, 8.5707e+00, 2.8240e-01, 
 2DIAGNOSTIC,    16, -3.934513609406e-01, 1.410839932284e-06, 8.8161e+00, 2.4543e-01, 
 2DIAGNOSTIC,    17, -3.934508380118e-01, 1.380509468615e-06, 9.1045e+00, 2.8837e-01, 
 2DIAGNOSTIC,    18, -3.934502559602e-01, 1.340256782702e-06, 9.3723e+00, 2.6782e-01, 
 2DIAGNOSTIC,    19, -3.934497851599e-01, 1.301860333230e-06, 9.6643e+00, 2.9203e-01, 
 2DIAGNOSTIC,    20, -3.934499621474e-01, 1.290039261172e-06, 9.9152e+00, 2.5085e-01, 
 2DIAGNOSTIC,    21, -3.934502604771e-01, 1.271710185248e-06, 1.0194e+01, 2.7890e-01, 
 2DIAGNOSTIC,    22, -3.934498715440e-01, 1.245514115768e-06, 1.0485e+01, 2.9075e-01, 
 2DIAGNOSTIC,    23, -3.934501307074e-01, 1.231426833871e-06, 1.0747e+01, 2.6212e-01, 
 2DIAGNOSTIC,    24, -3.934495535543e-01, 1.200792301988e-06, 1.0998e+01, 2.5119e-01, 
 2DIAGNOSTIC,    25, -3.934490927458e-01, 1.174527720436e-06, 1.1242e+01, 2.4375e-01, 
 2DIAGNOSTIC,    26, -3.934495816140e-01, 1.156238072939e-06, 1.1516e+01, 2.7374e-01, 
 2DIAGNOSTIC,    27, -3.934510332738e-01, 1.170201606379e-06, 1.1799e+01, 2.8322e-01, 
 2DIAGNOSTIC,    28, -3.934498670107e-01, 1.138213980539e-06, 1.2052e+01, 2.5352e-01, 
 2DIAGNOSTIC,    29, -3.934494067772e-01, 1.086573235623e-06, 1.2307e+01, 2.5415e-01, 
 2DIAGNOSTIC,    30, -3.934490070868e-01, 1.034518261812e-06, 1.2567e+01, 2.6041e-01, 
 2DIAGNOSTIC,    31, -3.934493552086e-01, 1.002859686738e-06, 1.2805e+01, 2.3792e-01, 
 2DIAGNOSTIC,    32, -3.934514388854e-01, 1.012150007772e-06, 1.3071e+01, 2.6587e-01, 
 2DIAGNOSTIC,    33, -3.934519791545e-01, 1.036072048453e-06, 1.3307e+01, 2.3589e-01, 
 2DIAGNOSTIC,    34, -3.934514161922e-01, 1.029043039204e-06, 1.3582e+01, 2.7534e-01, 
 2DIAGNOSTIC,    35, -3.934525148311e-01, 1.027695541847e-06, 1.3844e+01, 2.6245e-01, 
 2DIAGNOSTIC,    36, -3.934539683902e-01, 1.051995691288e-06, 1.4123e+01, 2.7868e-01, 
 2DIAGNOSTIC,    37, -3.934536117346e-01, 1.079271521737e-06, 1.4396e+01, 2.7284e-01, 
 2DIAGNOSTIC,    38, -3.934525130736e-01, 1.042002414266e-06, 1.4679e+01, 2.8351e-01, 
DIAGNOSTIC,Iteration,metricValue,convergenceValue,ITERATION_TIME_INDEX,SINCE_LAST
 2DIAGNOSTIC,     1, -3.660000231980e-01, 1.797693134862e+308, 1.7261e+01, 2.5815e+00, 
 2DIAGNOSTIC,     2, -3.661006044884e-01, 1.797693134862e+308, 1.8940e+01, 1.6792e+00, 
 2DIAGNOSTIC,     3, -3.661940053489e-01, 1.797693134862e+308, 2.0696e+01, 1.7559e+00, 
 2DIAGNOSTIC,     4, -3.662025643928e-01, 1.797693134862e+308, 2.3512e+01, 2.8163e+00, 
 2DIAGNOSTIC,     5, -3.662022977351e-01, 1.797693134862e+308, 2.5557e+01, 2.0444e+00, 
 2DIAGNOSTIC,     6, -3.662022733216e-01, 1.797693134862e+308, 2.7308e+01, 1.7510e+00, 
 2DIAGNOSTIC,     7, -3.662021510374e-01, 1.797693134862e+308, 2.8980e+01, 1.6725e+00, 
 2DIAGNOSTIC,     8, -3.662021104729e-01, 1.797693134862e+308, 3.0644e+01, 1.6637e+00, 
 2DIAGNOSTIC,     9, -3.662019867570e-01, 1.797693134862e+308, 3.2264e+01, 1.6197e+00, 
 2DIAGNOSTIC,    10, -3.662019340627e-01, 2.615307085116e-05, 3.3704e+01, 1.4409e+00, 
 2DIAGNOSTIC,    11, -3.662019021351e-01, 1.049209006326e-05, 3.5398e+01, 1.6940e+00, 
 2DIAGNOSTIC,    12, -3.662017877800e-01, 3.091361361021e-06, 3.7010e+01, 1.6112e+00, 
 2DIAGNOSTIC,    13, -3.662019075648e-01, 2.358435188643e-06, 3.8565e+01, 1.5556e+00, 
 2DIAGNOSTIC,    14, -3.662018587073e-01, 2.210206160189e-06, 4.0128e+01, 1.5624e+00, 
 2DIAGNOSTIC,    15, -3.662018920096e-01, 2.075386390063e-06, 4.1865e+01, 1.7369e+00, 
 2DIAGNOSTIC,    16, -3.662018421336e-01, 1.958104237684e-06, 4.3315e+01, 1.4509e+00, 
 2DIAGNOSTIC,    17, -3.662017315618e-01, 1.846828482636e-06, 4.4781e+01, 1.4652e+00, 
 2DIAGNOSTIC,    18, -3.662016584503e-01, 1.745449634882e-06, 4.6480e+01, 1.6991e+00, 
 2DIAGNOSTIC,    19, -3.662015876289e-01, 1.648798695852e-06, 4.8188e+01, 1.7083e+00, 
 2DIAGNOSTIC,    20, -3.662013732897e-01, 1.553843729553e-06, 4.9797e+01, 1.6094e+00, 
 2DIAGNOSTIC,    21, -3.662013254901e-01, 1.468744454516e-06, 5.1730e+01, 1.9326e+00, 
 2DIAGNOSTIC,    22, -3.662011170328e-01, 1.384171210803e-06, 5.3479e+01, 1.7490e+00, 
 2DIAGNOSTIC,    23, -3.662008967241e-01, 1.309503498616e-06, 5.4993e+01, 1.5143e+00, 
 2DIAGNOSTIC,    24, -3.662008589254e-01, 1.245216148568e-06, 5.6640e+01, 1.6470e+00, 
 2DIAGNOSTIC,    25, -3.662009022499e-01, 1.195923418615e-06, 5.8285e+01, 1.6450e+00, 
 2DIAGNOSTIC,    26, -3.662008588603e-01, 1.154782572253e-06, 5.9762e+01, 1.4764e+00, 
 2DIAGNOSTIC,    27, -3.662010886925e-01, 1.126687699693e-06, 6.1351e+01, 1.5893e+00, 
 2DIAGNOSTIC,    28, -3.662011544977e-01, 1.105168518423e-06, 6.3092e+01, 1.7412e+00, 
 2DIAGNOSTIC,    29, -3.662007271217e-01, 1.074819849622e-06, 6.4926e+01, 1.8342e+00, 
 2DIAGNOSTIC,    30, -3.662006710268e-01, 1.041888292308e-06, 6.6529e+01, 1.6029e+00, 
 2DIAGNOSTIC,    31, -3.662006079426e-01, 1.010052191379e-06, 6.8130e+01, 1.6008e+00, 
  Elapsed time (stage 0): 6.9073e+01


Total elapsed time: 6.9076e+01
Info [verificarlo]: loaded backend libinterflop_vprec.so
Info [interflop-vprec]: load backend with: 
Info [interflop-vprec]: precision-binary32 = 21
Info [interflop-vprec]: range-binary32 = 8
Info [interflop-vprec]: precision-binary64 = 21
Info [interflop-vprec]: range-binary64 = 8
Info [interflop-vprec]: mode = ob
Info [interflop-vprec]: error-mode = rel
Info [interflop-vprec]: max-abs-error-exponent = -1022
Info [interflop-vprec]: daz = false
Info [interflop-vprec]: ftz = false
Info [interflop-vprec]: 	instrument = none
Info [interflop-vprec]: 	prec-input-file = (null)
Info [interflop-vprec]: 	prec-output-file = (null)
Info [interflop-vprec]: 	prec-log-file = (null)
All_Command_lines_OK
Using double precision for computations.
=============================================================================
The composite transform comprises the following transforms (in order): 
  1. /home/mdugre/scratch/mri-registration-rp/datasets/ds004513/derivatives/mri-registration-rp/0011/antsRegistration-r8-p21/sub-s014/rigid_Composite.h5[0] (type = Euler3DTransform)
  2. /home/mdugre/scratch/mri-registration-rp/datasets/ds004513/derivatives/mri-registration-rp/0011/antsRegistration-r8-p21/sub-s014/rigid_Composite.h5[1] (type = Euler3DTransform)
  3. /home/mdugre/scratch/mri-registration-rp/datasets/ds004513/derivatives/mri-registration-rp/0011/antsRegistration-r8-p21/sub-s014/rigid_Composite.h5[2] (type = Euler3DTransform)
=============================================================================
  number of levels = 4
  fixed image: /templateflow/tpl-MNI152NLin2009cAsym/tpl-MNI152NLin2009cAsym_res-01_desc-brain_T1w.nii.gz
  moving image: /home/mdugre/scratch/mri-registration-rp/datasets/ds004513/derivatives/mri-registration-rp/antsBrainExtraction/sub-s014/BrainExtractionBrain.nii.gz
Dimension = 3
Number of stages = 1
Use histogram matching = false
Winsorize image intensities = true
  Lower quantile = 0.005
  Upper quantile = 0.995


Stage 1 State
   Image metric = MattesMI
     Fixed image = Image (0x47d3490)
  RTTI typeinfo:   itk::Image<double, 3u>
  Reference Count: 2
  Modified Time: 1594
  Debug: Off
  Object Name: 
  Observers: 
    none
  Source: (none)
  Source output name: (none)
  Release Data: Off
  Data Released: False
  Global Release Data: Off
  PipelineMTime: 0
  UpdateMTime: 1203
  RealTimeStamp: 0 seconds 
  LargestPossibleRegion: 
    Dimension: 3
    Index: [0, 0, 0]
    Size: [193, 229, 193]
  BufferedRegion: 
    Dimension: 3
    Index: [0, 0, 0]
    Size: [193, 229, 193]
  RequestedRegion: 
    Dimension: 3
    Index: [0, 0, 0]
    Size: [193, 229, 193]
  Spacing: [1, 1, 1]
  Origin: [96, 132, -78]
  Direction: 
-1 0 0
0 -1 0
0 0 1

  IndexToPointMatrix: 
-1 0 0
0 -1 0
0 0 1

  PointToIndexMatrix: 
-1 0 0
0 -1 0
0 0 1

  Inverse Direction: 
-1 0 0
0 -1 0
0 0 1

  PixelContainer: 
    ImportImageContainer (0x489e8c0)
      RTTI typeinfo:   itk::ImportImageContainer<unsigned long, double>
      Reference Count: 1
      Modified Time: 1200
      Debug: Off
      Object Name: 
      Observers: 
        none
      Pointer: 0x149e6229c010
      Container manages memory: true
      Size: 8530021
      Capacity: 8530021

     Moving image = Image (0x488eb60)
  RTTI typeinfo:   itk::Image<double, 3u>
  Reference Count: 2
  Modified Time: 1595
  Debug: Off
  Object Name: 
  Observers: 
    none
  Source: (none)
  Source output name: (none)
  Release Data: Off
  Data Released: False
  Global Release Data: Off
  PipelineMTime: 0
  UpdateMTime: 1592
  RealTimeStamp: 0 seconds 
  LargestPossibleRegion: 
    Dimension: 3
    Index: [0, 0, 0]
    Size: [160, 240, 256]
  BufferedRegion: 
    Dimension: 3
    Index: [0, 0, 0]
    Size: [160, 240, 256]
  RequestedRegion: 
    Dimension: 3
    Index: [0, 0, 0]
    Size: [160, 240, 256]
  Spacing: [1, 1, 1]
  Origin: [84.1637, 106.709, -120.531]
  Direction: 
-0.999619 -0.0226874 -0.0157033
0.0226846 -0.999743 0.00035635
-0.0157073 -7.8229e-09 0.999876

  IndexToPointMatrix: 
-0.999619 -0.0226874 -0.0157033
0.0226845 -0.999743 0.00035635
-0.0157073 -7.8229e-09 0.999876

  PointToIndexMatrix: 
-0.99962 0.0226846 -0.0157073
-0.0226874 -0.999743 -7.567e-09
-0.0157033 0.00035635 0.999877

  Inverse Direction: 
-0.999619 0.0226846 -0.0157073
-0.0226874 -0.999743 -7.567e-09
-0.0157033 0.00035635 0.999877

  PixelContainer: 
    ImportImageContainer (0x49221d0)
      RTTI typeinfo:   itk::ImportImageContainer<unsigned long, double>
      Reference Count: 1
      Modified Time: 1589
      Debug: Off
      Object Name: 
      Observers: 
        none
      Pointer: 0x149e5d79b010
      Container manages memory: true
      Size: 9830400
      Capacity: 9830400

     Weighting = 1
     Sampling strategy = regular
     Number of bins = 32
     Radius = 4
     Sampling percentage  = 0.25
   Transform = Affine
     Gradient step = 0.1
     Update field sigma (voxel space) = 0
     Total field sigma (voxel space) = 0
     Update field time sigma = 0
     Total field time sigma  = 0
     Number of time indices = 0
     Number of time point samples = 0
Registration using 1 total stages.

Stage 0
  iterations = 1000x500x250x100
  convergence threshold = 1e-06
  convergence window size = 10
  number of levels = 4
  using the Mattes MI metric (number of bins = 32, weight = 1, use gradient filter = 0)
  preprocessing:  winsorizing the image intensities
  Shrink factors (level 1 out of 4): [8, 8, 8]
  Shrink factors (level 2 out of 4): [4, 4, 4]
  Shrink factors (level 3 out of 4): [2, 2, 2]
  Shrink factors (level 4 out of 4): [1, 1, 1]
  smoothing sigmas per level: [3, 2, 1, 0]
  regular sampling (percentage = 0.25)

*** Running AffineTransform registration ***

DIAGNOSTIC,Iteration,metricValue,convergenceValue,ITERATION_TIME_INDEX,SINCE_LAST
 2DIAGNOSTIC,     1, -5.239749593791e-01, 1.797693134862e+308, 0.0000e+00, 0.0000e+00, 
 2DIAGNOSTIC,     2, -5.258629984017e-01, 1.797693134862e+308, 0.0000e+00, 0.0000e+00, 
 2DIAGNOSTIC,     3, -5.291059268531e-01, 1.797693134862e+308, 0.0000e+00, 0.0000e+00, 
 2DIAGNOSTIC,     4, -5.347654423009e-01, 1.797693134862e+308, 0.0000e+00, 0.0000e+00, 
 2DIAGNOSTIC,     5, -5.449277343618e-01, 1.797693134862e+308, 0.0000e+00, 0.0000e+00, 
 2DIAGNOSTIC,     6, -6.211101435136e-01, 1.797693134862e+308, 0.0000e+00, 0.0000e+00, 
 2DIAGNOSTIC,     7, -6.629509145709e-01, 1.797693134862e+308, 0.0000e+00, 0.0000e+00, 
 2DIAGNOSTIC,     8, -7.296082087423e-01, 1.797693134862e+308, 0.0000e+00, 0.0000e+00, 
 2DIAGNOSTIC,     9, -7.419351378184e-01, 1.797693134862e+308, 0.0000e+00, 0.0000e+00, 
 2DIAGNOSTIC,    10, -7.539431003331e-01, 2.912104103965e-02, 0.0000e+00, 0.0000e+00, 
 2DIAGNOSTIC,    11, -7.642766641478e-01, 2.761095205082e-02, 0.0000e+00, 0.0000e+00, 
 2DIAGNOSTIC,    12, -7.728185657336e-01, 2.428779027503e-02, 0.0000e+00, 0.0000e+00, 
 2DIAGNOSTIC,    13, -7.742753076339e-01, 1.956412926047e-02, 0.0000e+00, 0.0000e+00, 
 2DIAGNOSTIC,    14, -7.758964631407e-01, 1.413057363937e-02, 0.0000e+00, 0.0000e+00, 
 2DIAGNOSTIC,    15, -7.804563198418e-01, 8.653861495317e-03, 0.0000e+00, 0.0000e+00, 
 2DIAGNOSTIC,    16, -7.874235904730e-01, 5.349673048425e-03, 0.0000e+00, 0.0000e+00, 
 2DIAGNOSTIC,    17, -7.973919839116e-01, 3.225627095669e-03, 0.0000e+00, 0.0000e+00, 
 2DIAGNOSTIC,    18, -8.001485283631e-01, 2.662106678627e-03, 0.0000e+00, 0.0000e+00, 
 2DIAGNOSTIC,    19, -8.004611154616e-01, 2.194528362113e-03, 0.0000e+00, 0.0000e+00, 
 2DIAGNOSTIC,    20, -8.030123554369e-01, 1.871001735827e-03, 0.0000e+00, 0.0000e+00, 
 2DIAGNOSTIC,    21, -8.060359391482e-01, 1.657655856792e-03, 0.0000e+00, 0.0000e+00, 
 2DIAGNOSTIC,    22, -8.106049635823e-01, 1.546837560139e-03, 0.0000e+00, 0.0000e+00, 
 2DIAGNOSTIC,    23, -8.169674013750e-01, 1.437492471763e-03, 0.0000e+00, 0.0000e+00, 
 2DIAGNOSTIC,    24, -8.244340430439e-01, 1.353813791067e-03, 0.0000e+00, 0.0000e+00, 
 2DIAGNOSTIC,    25, -8.285317324878e-01, 1.284703286300e-03, 0.0000e+00, 0.0000e+00, 
 2DIAGNOSTIC,    26, -8.314496845205e-01, 1.246019667451e-03, 0.0000e+00, 0.0000e+00, 
 2DIAGNOSTIC,    27, -8.386193572620e-01, 1.338960940061e-03, 0.0000e+00, 0.0000e+00, 
 2DIAGNOSTIC,    28, -8.427007935712e-01, 1.390253295191e-03, 0.0000e+00, 0.0000e+00, 
 2DIAGNOSTIC,    29, -8.427020832195e-01, 1.309686048591e-03, 0.0000e+00, 0.0000e+00, 
 2DIAGNOSTIC,    30, -8.427200655374e-01, 1.146440332880e-03, 0.0000e+00, 0.0000e+00, 
 2DIAGNOSTIC,    31, -8.427501233428e-01, 9.251335087630e-04, 0.0000e+00, 0.0000e+00, 
 2DIAGNOSTIC,    32, -8.427993429045e-01, 6.848135545717e-04, 0.0000e+00, 0.0000e+00, 
 2DIAGNOSTIC,    33, -8.428344900926e-01, 4.669569345530e-04, 0.0000e+00, 0.0000e+00, 
 2DIAGNOSTIC,    34, -8.427620555534e-01, 3.013737330912e-04, 0.0000e+00, 0.0000e+00, 
 2DIAGNOSTIC,    35, -8.428546550196e-01, 1.635447218898e-04, 0.0000e+00, 0.0000e+00, 
 2DIAGNOSTIC,    36, -8.429778277633e-01, 4.871801067668e-05, 0.0000e+00, 0.0000e+00, 
 2DIAGNOSTIC,    37, -8.429575539300e-01, 7.032231164397e-06, 0.0000e+00, 0.0000e+00, 
 2DIAGNOSTIC,    38, -8.429143777239e-01, 6.730171330321e-06, 0.0000e+00, 0.0000e+00, 
 2DIAGNOSTIC,    39, -8.427863753252e-01, 4.730368281306e-06, 0.0000e+00, 0.0000e+00, 
 2DIAGNOSTIC,    40, -8.428720684241e-01, 3.446808391396e-06, 0.0000e+00, 0.0000e+00, 
 2DIAGNOSTIC,    41, -8.428691266521e-01, 2.147871453147e-06, 0.0000e+00, 0.0000e+00, 
DIAGNOSTIC,Iteration,metricValue,convergenceValue,ITERATION_TIME_INDEX,SINCE_LAST
 2DIAGNOSTIC,     1, -6.904547085917e-01, 1.797693134862e+308, 0.0000e+00, 0.0000e+00, 
 2DIAGNOSTIC,     2, -6.907117060543e-01, 1.797693134862e+308, 0.0000e+00, 0.0000e+00, 
 2DIAGNOSTIC,     3, -6.910748405385e-01, 1.797693134862e+308, 0.0000e+00, 0.0000e+00, 
 2DIAGNOSTIC,     4, -6.913917286494e-01, 1.797693134862e+308, 0.0000e+00, 0.0000e+00, 
 2DIAGNOSTIC,     5, -6.920811361041e-01, 1.797693134862e+308, 0.0000e+00, 0.0000e+00, 
 2DIAGNOSTIC,     6, -6.927006177643e-01, 1.797693134862e+308, 0.0000e+00, 0.0000e+00, 
 2DIAGNOSTIC,     7, -6.927164609129e-01, 1.797693134862e+308, 0.0000e+00, 0.0000e+00, 
 2DIAGNOSTIC,     8, -6.927334852619e-01, 1.797693134862e+308, 0.0000e+00, 0.0000e+00, 
 2DIAGNOSTIC,     9, -6.927583378459e-01, 1.797693134862e+308, 0.0000e+00, 0.0000e+00, 
 2DIAGNOSTIC,    10, -6.927856272778e-01, 2.498049418702e-04, 0.0000e+00, 0.0000e+00, 
 2DIAGNOSTIC,    11, -6.928473695263e-01, 1.857272965843e-04, 0.0000e+00, 0.0000e+00, 
 2DIAGNOSTIC,    12, -6.929148200519e-01, 1.270840607238e-04, 0.0000e+00, 0.0000e+00, 
 2DIAGNOSTIC,    13, -6.930569661621e-01, 8.245456900070e-05, 0.0000e+00, 0.0000e+00, 
 2DIAGNOSTIC,    14, -6.932006298180e-01, 5.001164293722e-05, 0.0000e+00, 0.0000e+00, 
 2DIAGNOSTIC,    15, -6.933959969824e-01, 4.122598049276e-05, 0.0000e+00, 0.0000e+00, 
 2DIAGNOSTIC,    16, -6.935802160671e-01, 5.050139040068e-05, 0.0000e+00, 0.0000e+00, 
 2DIAGNOSTIC,    17, -6.937472118830e-01, 5.857817823518e-05, 0.0000e+00, 0.0000e+00, 
 2DIAGNOSTIC,    18, -6.937136075888e-01, 6.009628687013e-05, 0.0000e+00, 0.0000e+00, 
 2DIAGNOSTIC,    19, -6.936744650623e-01, 5.581388392540e-05, 0.0000e+00, 0.0000e+00, 
 2DIAGNOSTIC,    20, -6.936672600625e-01, 4.734785809739e-05, 0.0000e+00, 0.0000e+00, 
 2DIAGNOSTIC,    21, -6.936590037662e-01, 3.641055695612e-05, 0.0000e+00, 0.0000e+00, 
 2DIAGNOSTIC,    22, -6.936479439969e-01, 2.420638582962e-05, 0.0000e+00, 0.0000e+00, 
 2DIAGNOSTIC,    23, -6.936366527958e-01, 1.329515409058e-05, 0.0000e+00, 0.0000e+00, 
 2DIAGNOSTIC,    24, -6.936255380438e-01, 4.447207610850e-06, 0.0000e+00, 0.0000e+00, 
DIAGNOSTIC,Iteration,metricValue,convergenceValue,ITERATION_TIME_INDEX,SINCE_LAST
 2DIAGNOSTIC,     1, -5.887711343043e-01, 1.797693134862e+308, 0.0000e+00, 0.0000e+00, 
 2DIAGNOSTIC,     2, -5.893686452054e-01, 1.797693134862e+308, 0.0000e+00, 0.0000e+00, 
 2DIAGNOSTIC,     3, -5.900851859125e-01, 1.797693134862e+308, 0.0000e+00, 0.0000e+00, 
 2DIAGNOSTIC,     4, -5.908698870297e-01, 1.797693134862e+308, 0.0000e+00, 0.0000e+00, 
 2DIAGNOSTIC,     5, -5.919117918365e-01, 1.797693134862e+308, 0.0000e+00, 0.0000e+00, 
 2DIAGNOSTIC,     6, -5.938039081691e-01, 1.797693134862e+308, 0.0000e+00, 0.0000e+00, 
 2DIAGNOSTIC,     7, -5.938009443554e-01, 1.797693134862e+308, 0.0000e+00, 0.0000e+00, 
 2DIAGNOSTIC,     8, -5.937974587044e-01, 1.797693134862e+308, 0.0000e+00, 0.0000e+00, 
 2DIAGNOSTIC,     9, -5.937995789499e-01, 1.797693134862e+308, 0.0000e+00, 0.0000e+00, 
 2DIAGNOSTIC,    10, -5.938042429335e-01, 6.364874206177e-04, 0.0000e+00, 0.0000e+00, 
 2DIAGNOSTIC,    11, -5.938024976085e-01, 4.662522897143e-04, 0.0000e+00, 0.0000e+00, 
 2DIAGNOSTIC,    12, -5.937970095851e-01, 3.065585346300e-04, 0.0000e+00, 0.0000e+00, 
 2DIAGNOSTIC,    13, -5.937963614179e-01, 1.712576797045e-04, 0.0000e+00, 0.0000e+00, 
 2DIAGNOSTIC,    14, -5.937936032343e-01, 6.654106955736e-05, 0.0000e+00, 0.0000e+00, 
 2DIAGNOSTIC,    15, -5.937937584536e-01, 1.525870371902e-06, 0.0000e+00, 0.0000e+00, 
 2DIAGNOSTIC,    16, -5.937935166426e-01, 1.411688328415e-06, 0.0000e+00, 0.0000e+00, 
 2DIAGNOSTIC,    17, -5.937935189306e-01, 1.288601380676e-06, 0.0000e+00, 0.0000e+00, 
 2DIAGNOSTIC,    18, -5.937939985624e-01, 1.153710157839e-06, 0.0000e+00, 0.0000e+00, 
 2DIAGNOSTIC,    19, -5.937927089518e-01, 1.105938931906e-06, 0.0000e+00, 0.0000e+00, 
 2DIAGNOSTIC,    20, -5.937920901984e-01, 1.213744513825e-06, 0.0000e+00, 0.0000e+00, 
 2DIAGNOSTIC,    21, -5.937889750245e-01, 1.238530386118e-06, 0.0000e+00, 0.0000e+00, 
 2DIAGNOSTIC,    22, -5.937889236746e-01, 1.167585011758e-06, 0.0000e+00, 0.0000e+00, 
 2DIAGNOSTIC,    23, -5.937890006148e-01, 1.117884276904e-06, 0.0000e+00, 0.0000e+00, 
