
##########################
# Experiment information #
##########################

EXPERIMENT_NAME: antsRegistration-r8-p19
VFC_BACKENDS: libinterflop_vprec.so --range-binary32=8 --precision-binary32=19 --range-binary64=8 --precision-binary64=19

SIF_IMG: /home/mdugre/projects/rrg-glatard/mdugre/containers/ants-vprec-no_metrics.simg

SUBJECT_ID: s035
INPUT_IMG: /home/mdugre/scratch/mri-registration-rp/datasets/ds004513/derivatives/mri-registration-rp/antsBrainExtraction/sub-s035/BrainExtractionBrain.nii.gz
OUTPUT_DIR: /home/mdugre/scratch/mri-registration-rp/datasets/ds004513/derivatives/mri-registration-rp/0011/antsRegistration-r8-p19/sub-s035

FIXED_IMG: /templateflow/tpl-MNI152NLin2009cAsym/tpl-MNI152NLin2009cAsym_res-01_desc-brain_T1w.nii.gz
DATA_DIR: /home/mdugre/scratch/mri-registration-rp/datasets/ds004513
TEMPLATEFLOW_DIR: /home/mdugre/projects/rrg-glatard/mdugre/templateflow
ITK_GLOBAL_DEFAULT_NUMBER_OF_THREADS: 16
##########################

Info [verificarlo]: loaded backend libinterflop_ieee.so
Info [interflop-ieee]: load backend with:
Info [interflop-ieee]: debug = false
Info [interflop-ieee]: debug-binary = false
Info [interflop-ieee]: no-backend-name = false
Info [interflop-ieee]: print-new-line = false
Info [interflop-ieee]: print-subnormal-normalized = false
Info [interflop-ieee]: count-op = false
All_Command_lines_OK
Using double precision for computations.
=============================================================================
The composite transform comprises the following transforms (in order): 
  1. Center of mass alignment using fixed image: /templateflow/tpl-MNI152NLin2009cAsym/tpl-MNI152NLin2009cAsym_res-01_desc-brain_T1w.nii.gz and moving image: /home/mdugre/scratch/mri-registration-rp/datasets/ds004513/derivatives/mri-registration-rp/antsBrainExtraction/sub-s035/BrainExtractionBrain.nii.gz (type = Euler3DTransform)
=============================================================================
  number of levels = 1
  fixed image: /templateflow/tpl-MNI152NLin2009cAsym/tpl-MNI152NLin2009cAsym_res-01_desc-brain_T1w.nii.gz
  moving image: /home/mdugre/scratch/mri-registration-rp/datasets/ds004513/derivatives/mri-registration-rp/antsBrainExtraction/sub-s035/BrainExtractionBrain.nii.gz
Dimension = 3
Number of stages = 1
Use histogram matching = false
Winsorize image intensities = true
  Lower quantile = 0.005
  Upper quantile = 0.995


Stage 1 State
   Image metric = MattesMI
     Fixed image = Image (0x499ae70)
  RTTI typeinfo:   itk::Image<double, 3u>
  Reference Count: 2
  Modified Time: 2330
  Debug: Off
  Object Name: 
  Observers: 
    none
  Source: (none)
  Source output name: (none)
  Release Data: Off
  Data Released: False
  Global Release Data: Off
  PipelineMTime: 0
  UpdateMTime: 1941
  RealTimeStamp: 0 seconds 
  LargestPossibleRegion: 
    Dimension: 3
    Index: [0, 0, 0]
    Size: [193, 229, 193]
  BufferedRegion: 
    Dimension: 3
    Index: [0, 0, 0]
    Size: [193, 229, 193]
  RequestedRegion: 
    Dimension: 3
    Index: [0, 0, 0]
    Size: [193, 229, 193]
  Spacing: [1, 1, 1]
  Origin: [96, 132, -78]
  Direction: 
-1 0 0
0 -1 0
0 0 1

  IndexToPointMatrix: 
-1 0 0
0 -1 0
0 0 1

  PointToIndexMatrix: 
-1 0 0
0 -1 0
0 0 1

  Inverse Direction: 
-1 0 0
0 -1 0
0 0 1

  PixelContainer: 
    ImportImageContainer (0x49a3c60)
      RTTI typeinfo:   itk::ImportImageContainer<unsigned long, double>
      Reference Count: 1
      Modified Time: 1938
      Debug: Off
      Object Name: 
      Observers: 
        none
      Pointer: 0x14a659fc2010
      Container manages memory: true
      Size: 8530021
      Capacity: 8530021

     Moving image = Image (0x4a37ec0)
  RTTI typeinfo:   itk::Image<double, 3u>
  Reference Count: 2
  Modified Time: 2331
  Debug: Off
  Object Name: 
  Observers: 
    none
  Source: (none)
  Source output name: (none)
  Release Data: Off
  Data Released: False
  Global Release Data: Off
  PipelineMTime: 0
  UpdateMTime: 2328
  RealTimeStamp: 0 seconds 
  LargestPossibleRegion: 
    Dimension: 3
    Index: [0, 0, 0]
    Size: [160, 240, 256]
  BufferedRegion: 
    Dimension: 3
    Index: [0, 0, 0]
    Size: [160, 240, 256]
  RequestedRegion: 
    Dimension: 3
    Index: [0, 0, 0]
    Size: [160, 240, 256]
  Spacing: [1, 1, 1]
  Origin: [98.6438, 87.6358, -117.989]
  Direction: 
-0.993515 -0.100993 -0.0522355
0.100854 -0.994887 0.00530255
-0.0525039 1.93537e-08 0.998621

  IndexToPointMatrix: 
-0.993515 -0.100993 -0.0522355
0.100854 -0.994887 0.00530255
-0.0525039 1.93537e-08 0.998621

  PointToIndexMatrix: 
-0.993515 0.100854 -0.0525039
-0.100993 -0.994887 1.93006e-08
-0.0522355 0.00530255 0.998621

  Inverse Direction: 
-0.993515 0.100854 -0.0525039
-0.100993 -0.994887 1.93006e-08
-0.0522355 0.00530255 0.998621

  PixelContainer: 
    ImportImageContainer (0x4acf610)
      RTTI typeinfo:   itk::ImportImageContainer<unsigned long, double>
      Reference Count: 1
      Modified Time: 2325
      Debug: Off
      Object Name: 
      Observers: 
        none
      Pointer: 0x14a6554c1010
      Container manages memory: true
      Size: 9830400
      Capacity: 9830400

     Weighting = 1
     Sampling strategy = regular
     Number of bins = 32
     Radius = 4
     Sampling percentage  = 0.25
   Transform = Rigid
     Gradient step = 0.1
     Update field sigma (voxel space) = 0
     Total field sigma (voxel space) = 0
     Update field time sigma = 0
     Total field time sigma  = 0
     Number of time indices = 0
     Number of time point samples = 0
Registration using 1 total stages.

Stage 0
  iterations = 0
  convergence threshold = 1e-06
  convergence window size = 10
  number of levels = 1
  using the Mattes MI metric (number of bins = 32, weight = 1, use gradient filter = 0)
  preprocessing:  winsorizing the image intensities
  Shrink factors (level 1 out of 1): [1, 1, 1]
  smoothing sigmas per level: [0]
  regular sampling (percentage = 0.25)

*** Running Euler3DTransform registration ***

  Elapsed time (stage 0): 1.09947


Total elapsed time: 1.10179
Info [verificarlo]: loaded backend libinterflop_ieee.so
Info [interflop-ieee]: load backend with:
Info [interflop-ieee]: debug = false
Info [interflop-ieee]: debug-binary = false
Info [interflop-ieee]: no-backend-name = false
Info [interflop-ieee]: print-new-line = false
Info [interflop-ieee]: print-subnormal-normalized = false
Info [interflop-ieee]: count-op = false
All_Command_lines_OK
Using double precision for computations.
=============================================================================
The composite transform comprises the following transforms (in order): 
  1. /home/mdugre/scratch/mri-registration-rp/datasets/ds004513/derivatives/mri-registration-rp/0011/antsRegistration-r8-p19/sub-s035/align_Composite.h5[0] (type = Euler3DTransform)
  2. /home/mdugre/scratch/mri-registration-rp/datasets/ds004513/derivatives/mri-registration-rp/0011/antsRegistration-r8-p19/sub-s035/align_Composite.h5[1] (type = Euler3DTransform)
=============================================================================
  number of levels = 4
  fixed image: /templateflow/tpl-MNI152NLin2009cAsym/tpl-MNI152NLin2009cAsym_res-01_desc-brain_T1w.nii.gz
  moving image: /home/mdugre/scratch/mri-registration-rp/datasets/ds004513/derivatives/mri-registration-rp/antsBrainExtraction/sub-s035/BrainExtractionBrain.nii.gz
Dimension = 3
Number of stages = 1
Use histogram matching = false
Winsorize image intensities = true
  Lower quantile = 0.005
  Upper quantile = 0.995


Stage 1 State
   Image metric = MattesMI
     Fixed image = Image (0x41a1530)
  RTTI typeinfo:   itk::Image<double, 3u>
  Reference Count: 2
  Modified Time: 1578
  Debug: Off
  Object Name: 
  Observers: 
    none
  Source: (none)
  Source output name: (none)
  Release Data: Off
  Data Released: False
  Global Release Data: Off
  PipelineMTime: 0
  UpdateMTime: 1189
  RealTimeStamp: 0 seconds 
  LargestPossibleRegion: 
    Dimension: 3
    Index: [0, 0, 0]
    Size: [193, 229, 193]
  BufferedRegion: 
    Dimension: 3
    Index: [0, 0, 0]
    Size: [193, 229, 193]
  RequestedRegion: 
    Dimension: 3
    Index: [0, 0, 0]
    Size: [193, 229, 193]
  Spacing: [1, 1, 1]
  Origin: [96, 132, -78]
  Direction: 
-1 0 0
0 -1 0
0 0 1

  IndexToPointMatrix: 
-1 0 0
0 -1 0
0 0 1

  PointToIndexMatrix: 
-1 0 0
0 -1 0
0 0 1

  Inverse Direction: 
-1 0 0
0 -1 0
0 0 1

  PixelContainer: 
    ImportImageContainer (0x425fd60)
      RTTI typeinfo:   itk::ImportImageContainer<unsigned long, double>
      Reference Count: 1
      Modified Time: 1186
      Debug: Off
      Object Name: 
      Observers: 
        none
      Pointer: 0x145fbf36f010
      Container manages memory: true
      Size: 8530021
      Capacity: 8530021

     Moving image = Image (0x4251f60)
  RTTI typeinfo:   itk::Image<double, 3u>
  Reference Count: 2
  Modified Time: 1579
  Debug: Off
  Object Name: 
  Observers: 
    none
  Source: (none)
  Source output name: (none)
  Release Data: Off
  Data Released: False
  Global Release Data: Off
  PipelineMTime: 0
  UpdateMTime: 1576
  RealTimeStamp: 0 seconds 
  LargestPossibleRegion: 
    Dimension: 3
    Index: [0, 0, 0]
    Size: [160, 240, 256]
  BufferedRegion: 
    Dimension: 3
    Index: [0, 0, 0]
    Size: [160, 240, 256]
  RequestedRegion: 
    Dimension: 3
    Index: [0, 0, 0]
    Size: [160, 240, 256]
  Spacing: [1, 1, 1]
  Origin: [98.6438, 87.6358, -117.989]
  Direction: 
-0.993515 -0.100993 -0.0522355
0.100854 -0.994887 0.00530255
-0.0525039 1.93537e-08 0.998621

  IndexToPointMatrix: 
-0.993515 -0.100993 -0.0522355
0.100854 -0.994887 0.00530255
-0.0525039 1.93537e-08 0.998621

  PointToIndexMatrix: 
-0.993515 0.100854 -0.0525039
-0.100993 -0.994887 1.93006e-08
-0.0522355 0.00530255 0.998621

  Inverse Direction: 
-0.993515 0.100854 -0.0525039
-0.100993 -0.994887 1.93006e-08
-0.0522355 0.00530255 0.998621

  PixelContainer: 
    ImportImageContainer (0x42436d0)
      RTTI typeinfo:   itk::ImportImageContainer<unsigned long, double>
      Reference Count: 1
      Modified Time: 1573
      Debug: Off
      Object Name: 
      Observers: 
        none
      Pointer: 0x145fba86e010
      Container manages memory: true
      Size: 9830400
      Capacity: 9830400

     Weighting = 1
     Sampling strategy = regular
     Number of bins = 32
     Radius = 4
     Sampling percentage  = 0.25
   Transform = Rigid
     Gradient step = 0.1
     Update field sigma (voxel space) = 0
     Total field sigma (voxel space) = 0
     Update field time sigma = 0
     Total field time sigma  = 0
     Number of time indices = 0
     Number of time point samples = 0
Registration using 1 total stages.

Stage 0
  iterations = 1000x500x250x100
  convergence threshold = 1e-06
  convergence window size = 10
  number of levels = 4
  using the Mattes MI metric (number of bins = 32, weight = 1, use gradient filter = 0)
  preprocessing:  winsorizing the image intensities
  Shrink factors (level 1 out of 4): [8, 8, 8]
  Shrink factors (level 2 out of 4): [4, 4, 4]
  Shrink factors (level 3 out of 4): [2, 2, 2]
  Shrink factors (level 4 out of 4): [1, 1, 1]
  smoothing sigmas per level: [3, 2, 1, 0]
  regular sampling (percentage = 0.25)

*** Running Euler3DTransform registration ***

DIAGNOSTIC,Iteration,metricValue,convergenceValue,ITERATION_TIME_INDEX,SINCE_LAST
 2DIAGNOSTIC,     1, -5.238630234552e-01, 1.797693134862e+308, 7.4184e-01, 7.4184e-01, 
 2DIAGNOSTIC,     2, -5.257885820767e-01, 1.797693134862e+308, 7.4649e-01, 4.6539e-03, 
 2DIAGNOSTIC,     3, -5.278597554839e-01, 1.797693134862e+308, 7.5080e-01, 4.3089e-03, 
 2DIAGNOSTIC,     4, -5.302176117225e-01, 1.797693134862e+308, 7.5499e-01, 4.1940e-03, 
 2DIAGNOSTIC,     5, -5.343462816845e-01, 1.797693134862e+308, 7.5920e-01, 4.2021e-03, 
 2DIAGNOSTIC,     6, -5.399239396740e-01, 1.797693134862e+308, 7.6340e-01, 4.2040e-03, 
 2DIAGNOSTIC,     7, -5.490554822001e-01, 1.797693134862e+308, 7.6771e-01, 4.3101e-03, 
 2DIAGNOSTIC,     8, -5.545204224448e-01, 1.797693134862e+308, 7.7318e-01, 5.4660e-03, 
 2DIAGNOSTIC,     9, -5.601437715553e-01, 1.797693134862e+308, 7.7750e-01, 4.3242e-03, 
 2DIAGNOSTIC,    10, -5.617741193774e-01, 5.067640484485e-03, 7.8207e-01, 4.5679e-03, 
 2DIAGNOSTIC,    11, -5.649562249041e-01, 4.796539612083e-03, 7.8757e-01, 5.5010e-03, 
 2DIAGNOSTIC,    12, -5.658710903081e-01, 4.260783098155e-03, 7.9237e-01, 4.7970e-03, 
 2DIAGNOSTIC,    13, -5.662828333056e-01, 3.524744036645e-03, 7.9675e-01, 4.3800e-03, 
 2DIAGNOSTIC,    14, -5.685908474577e-01, 2.751340472953e-03, 8.0172e-01, 4.9729e-03, 
 2DIAGNOSTIC,    15, -5.732745043306e-01, 2.134644679428e-03, 8.0836e-01, 6.6390e-03, 
 2DIAGNOSTIC,    16, -5.738084427845e-01, 1.591333148336e-03, 8.1369e-01, 5.3370e-03, 
 2DIAGNOSTIC,    17, -5.739093703464e-01, 1.247363567739e-03, 8.1806e-01, 4.3681e-03, 
 2DIAGNOSTIC,    18, -5.745773598458e-01, 1.002163966315e-03, 8.2247e-01, 4.4100e-03, 
 2DIAGNOSTIC,    19, -5.752045522723e-01, 8.579763081928e-04, 8.2674e-01, 4.2691e-03, 
 2DIAGNOSTIC,    20, -5.755578777727e-01, 6.955845773889e-04, 8.3103e-01, 4.2911e-03, 
 2DIAGNOSTIC,    21, -5.761681227726e-01, 5.767135182729e-04, 8.3533e-01, 4.2999e-03, 
 2DIAGNOSTIC,    22, -5.775610178281e-01, 4.707067062572e-04, 8.3961e-01, 4.2820e-03, 
 2DIAGNOSTIC,    23, -5.801876522135e-01, 3.965856196896e-04, 8.4414e-01, 4.5230e-03, 
 2DIAGNOSTIC,    24, -5.873578871779e-01, 4.881452204381e-04, 8.5023e-01, 6.0959e-03, 
 2DIAGNOSTIC,    25, -5.924052233509e-01, 7.199711436107e-04, 8.5623e-01, 5.9988e-03, 
 2DIAGNOSTIC,    26, -5.933789722560e-01, 8.944842701714e-04, 8.6160e-01, 5.3699e-03, 
 2DIAGNOSTIC,    27, -5.948140362562e-01, 1.002036484577e-03, 8.6641e-01, 4.8120e-03, 
 2DIAGNOSTIC,    28, -5.954370004561e-01, 1.029952321015e-03, 8.7066e-01, 4.2500e-03, 
 2DIAGNOSTIC,    29, -5.955619965644e-01, 9.699000564368e-04, 8.7491e-01, 4.2431e-03, 
 2DIAGNOSTIC,    30, -5.960977142458e-01, 8.366692961101e-04, 8.7918e-01, 4.2720e-03, 
 2DIAGNOSTIC,    31, -5.971105016191e-01, 6.606986236515e-04, 8.8402e-01, 4.8430e-03, 
 2DIAGNOSTIC,    32, -5.989728413267e-01, 4.853112632155e-04, 8.9033e-01, 6.3090e-03, 
 2DIAGNOSTIC,    33, -5.996340171401e-01, 3.222359249867e-04, 8.9455e-01, 4.2231e-03, 
 2DIAGNOSTIC,    34, -5.997688325042e-01, 2.443793019091e-04, 8.9879e-01, 4.2341e-03, 
 2DIAGNOSTIC,    35, -5.999328162988e-01, 2.224308794917e-04, 9.0404e-01, 5.2562e-03, 
 2DIAGNOSTIC,    36, -6.001598298741e-01, 1.965988114821e-04, 9.0826e-01, 4.2160e-03, 
 2DIAGNOSTIC,    37, -6.004938013151e-01, 1.767006125235e-04, 9.1303e-01, 4.7698e-03, 
 2DIAGNOSTIC,    38, -6.008280010379e-01, 1.536048168244e-04, 9.1744e-01, 4.4119e-03, 
 2DIAGNOSTIC,    39, -6.038559363591e-01, 1.574331426374e-04, 9.2255e-01, 5.1110e-03, 
 2DIAGNOSTIC,    40, -6.077047300951e-01, 1.993081214961e-04, 9.2715e-01, 4.6000e-03, 
 2DIAGNOSTIC,    41, -6.174632766201e-01, 3.481387864910e-04, 9.3296e-01, 5.8069e-03, 
 2DIAGNOSTIC,    42, -6.161977988400e-01, 4.608909093142e-04, 9.4181e-01, 8.8470e-03, 
 2DIAGNOSTIC,    43, -6.161564684313e-01, 5.335374340590e-04, 9.4617e-01, 4.3659e-03, 
 2DIAGNOSTIC,    44, -6.170772365901e-01, 5.644824906846e-04, 9.5041e-01, 4.2329e-03, 
 2DIAGNOSTIC,    45, -6.185357389559e-01, 5.560479886787e-04, 9.5462e-01, 4.2109e-03, 
 2DIAGNOSTIC,    46, -6.206472674701e-01, 5.180562162284e-04, 9.5870e-01, 4.0829e-03, 
 2DIAGNOSTIC,    47, -6.234100464484e-01, 4.649606926643e-04, 9.6274e-01, 4.0450e-03, 
 2DIAGNOSTIC,    48, -6.282459783492e-01, 4.232184684582e-04, 9.6710e-01, 4.3578e-03, 
 2DIAGNOSTIC,    49, -6.332856875494e-01, 4.219352208267e-04, 9.7149e-01, 4.3910e-03, 
 2DIAGNOSTIC,    50, -6.437673224890e-01, 5.158696590413e-04, 9.7596e-01, 4.4658e-03, 
 2DIAGNOSTIC,    51, -6.567709922957e-01, 7.709766665312e-04, 9.8035e-01, 4.3869e-03, 
 2DIAGNOSTIC,    52, -6.630139292388e-01, 9.856110827405e-04, 9.8525e-01, 4.9012e-03, 
 2DIAGNOSTIC,    53, -6.637658015748e-01, 1.103854508762e-03, 9.8947e-01, 4.2191e-03, 
 2DIAGNOSTIC,    54, -6.646848045089e-01, 1.129224341404e-03, 9.9377e-01, 4.3070e-03, 
 2DIAGNOSTIC,    55, -6.699954509466e-01, 1.103369899343e-03, 1.0016e+00, 7.7951e-03, 
 2DIAGNOSTIC,    56, -6.720089792476e-01, 1.005089483791e-03, 1.0078e+00, 6.2711e-03, 
 2DIAGNOSTIC,    57, -6.720481488363e-01, 8.375234434752e-04, 1.0120e+00, 4.1649e-03, 
 2DIAGNOSTIC,    58, -6.725919374618e-01, 6.425660619963e-04, 1.0161e+00, 4.1170e-03, 
 2DIAGNOSTIC,    59, -6.729036289723e-01, 4.360790966856e-04, 1.0203e+00, 4.1742e-03, 
 2DIAGNOSTIC,    60, -6.731488691800e-01, 2.773040049937e-04, 1.0245e+00, 4.1780e-03, 
 2DIAGNOSTIC,    61, -6.734259029645e-01, 1.993309192012e-04, 1.0286e+00, 4.1361e-03, 
 2DIAGNOSTIC,    62, -6.739132053269e-01, 1.568961818731e-04, 1.0329e+00, 4.2770e-03, 
 2DIAGNOSTIC,    63, -6.762843123490e-01, 1.247266185142e-04, 1.0388e+00, 5.8939e-03, 
 2DIAGNOSTIC,    64, -6.766381548215e-01, 8.969402445884e-05, 1.0429e+00, 4.1659e-03, 
 2DIAGNOSTIC,    65, -6.771215155469e-01, 8.898310318110e-05, 1.0471e+00, 4.1749e-03, 
 2DIAGNOSTIC,    66, -6.778537126454e-01, 9.953434909590e-05, 1.0519e+00, 4.7321e-03, 
 2DIAGNOSTIC,    67, -6.792268130386e-01, 1.098308242303e-04, 1.0577e+00, 5.8031e-03, 
 2DIAGNOSTIC,    68, -6.807680897539e-01, 1.231390426000e-04, 1.0619e+00, 4.2460e-03, 
 2DIAGNOSTIC,    69, -6.815199562203e-01, 1.312164699622e-04, 1.0660e+00, 4.1461e-03, 
 2DIAGNOSTIC,    70, -6.818104683551e-01, 1.303110902461e-04, 1.0717e+00, 5.6181e-03, 
 2DIAGNOSTIC,    71, -6.820510218792e-01, 1.205024523116e-04, 1.0758e+00, 4.1461e-03, 
 2DIAGNOSTIC,    72, -6.822316937656e-01, 1.032402875635e-04, 1.0800e+00, 4.1640e-03, 
 2DIAGNOSTIC,    73, -6.825798770437e-01, 9.372206413306e-05, 1.0856e+00, 5.5921e-03, 
 2DIAGNOSTIC,    74, -6.826264026515e-01, 7.797284634216e-05, 1.0897e+00, 4.1530e-03, 
 2DIAGNOSTIC,    75, -6.826914630611e-01, 5.871116649104e-05, 1.0939e+00, 4.1542e-03, 
 2DIAGNOSTIC,    76, -6.828123390290e-01, 3.951681065048e-05, 1.0980e+00, 4.1549e-03, 
 2DIAGNOSTIC,    77, -6.832344993561e-01, 2.762833468824e-05, 1.1022e+00, 4.1521e-03, 
 2DIAGNOSTIC,    78, -6.838171698211e-01, 2.580804249061e-05, 1.1083e+00, 6.0952e-03, 
 2DIAGNOSTIC,    79, -6.837376269653e-01, 2.542027338912e-05, 1.1124e+00, 4.1311e-03, 
 2DIAGNOSTIC,    80, -6.837940886766e-01, 2.471284807130e-05, 1.1166e+00, 4.1420e-03, 
 2DIAGNOSTIC,    81, -6.839726406498e-01, 2.407015086122e-05, 1.1207e+00, 4.1230e-03, 
 2DIAGNOSTIC,    82, -6.841107663146e-01, 2.281021297615e-05, 1.1249e+00, 4.1811e-03, 
 2DIAGNOSTIC,    83, -6.851046364485e-01, 2.675732222778e-05, 1.1307e+00, 5.8010e-03, 
 2DIAGNOSTIC,    84, -6.858177454431e-01, 3.208761229702e-05, 1.1358e+00, 5.1680e-03, 
 2DIAGNOSTIC,    85, -6.861556107925e-01, 3.640333875653e-05, 1.1424e+00, 6.5758e-03, 
 2DIAGNOSTIC,    86, -6.861559025772e-01, 3.780153363169e-05, 1.1466e+00, 4.1890e-03, 
 2DIAGNOSTIC,    87, -6.861669211369e-01, 3.777764327300e-05, 1.1508e+00, 4.1749e-03, 
 2DIAGNOSTIC,    88, -6.861799751131e-01, 3.717504466166e-05, 1.1549e+00, 4.0891e-03, 
 2DIAGNOSTIC,    89, -6.861876578796e-01, 3.259361108573e-05, 1.1596e+00, 4.7030e-03, 
 2DIAGNOSTIC,    90, -6.861914683081e-01, 2.533853463688e-05, 1.1636e+00, 4.0879e-03, 
 2DIAGNOSTIC,    91, -6.861984521199e-01, 1.686262196453e-05, 1.1679e+00, 4.2298e-03, 
 2DIAGNOSTIC,    92, -6.862113451087e-01, 7.666045314174e-06, 1.1720e+00, 4.0939e-03, 
 2DIAGNOSTIC,    93, -6.862267246632e-01, 2.805724112633e-06, 1.1761e+00, 4.1361e-03, 
 2DIAGNOSTIC,    94, -6.862421220964e-01, 1.276497820737e-06, 1.1808e+00, 4.6470e-03, 
 2DIAGNOSTIC,    95, -6.863402371761e-01, 1.766520049138e-06, 1.1863e+00, 5.5940e-03, 
 2DIAGNOSTIC,    96, -6.863401879750e-01, 2.098885749688e-06, 1.1904e+00, 4.0689e-03, 
 2DIAGNOSTIC,    97, -6.863403224938e-01, 2.311721103997e-06, 1.1946e+00, 4.1440e-03, 
 2DIAGNOSTIC,    98, -6.863407733042e-01, 2.398113154289e-06, 1.1987e+00, 4.1330e-03, 
 2DIAGNOSTIC,    99, -6.863418566864e-01, 2.322220273633e-06, 1.2028e+00, 4.0920e-03, 
 2DIAGNOSTIC,   100, -6.863433469124e-01, 2.073990417458e-06, 1.2158e+00, 1.2971e-02, 
 2DIAGNOSTIC,   101, -6.863433467708e-01, 1.693393586679e-06, 1.2287e+00, 1.2923e-02, 
 2DIAGNOSTIC,   102, -6.863433467708e-01, 1.252789538730e-06, 1.2353e+00, 6.5730e-03, 
DIAGNOSTIC,Iteration,metricValue,convergenceValue,ITERATION_TIME_INDEX,SINCE_LAST
 2DIAGNOSTIC,     1, -5.583133284995e-01, 1.797693134862e+308, 1.9010e+00, 6.6571e-01, 
 2DIAGNOSTIC,     2, -5.587688319770e-01, 1.797693134862e+308, 1.9338e+00, 3.2813e-02, 
 2DIAGNOSTIC,     3, -5.591101863914e-01, 1.797693134862e+308, 1.9636e+00, 2.9861e-02, 
 2DIAGNOSTIC,     4, -5.599293665587e-01, 1.797693134862e+308, 1.9943e+00, 3.0651e-02, 
 2DIAGNOSTIC,     5, -5.608879655955e-01, 1.797693134862e+308, 2.0316e+00, 3.7277e-02, 
 2DIAGNOSTIC,     6, -5.613233175067e-01, 1.797693134862e+308, 2.0620e+00, 3.0485e-02, 
 2DIAGNOSTIC,     7, -5.624619287152e-01, 1.797693134862e+308, 2.0966e+00, 3.4530e-02, 
 2DIAGNOSTIC,     8, -5.631241509679e-01, 1.797693134862e+308, 2.1353e+00, 3.8706e-02, 
 2DIAGNOSTIC,     9, -5.632661569884e-01, 1.797693134862e+308, 2.1696e+00, 3.4280e-02, 
 2DIAGNOSTIC,    10, -5.639231338544e-01, 6.926076982514e-04, 2.2004e+00, 3.0855e-02, 
 2DIAGNOSTIC,    11, -5.654838138298e-01, 6.698400384016e-04, 2.2334e+00, 3.3028e-02, 
 2DIAGNOSTIC,    12, -5.660103172851e-01, 6.307019122528e-04, 2.2677e+00, 3.4257e-02, 
 2DIAGNOSTIC,    13, -5.661233043975e-01, 5.583632987377e-04, 2.3199e+00, 5.2192e-02, 
 2DIAGNOSTIC,    14, -5.661317190548e-01, 4.764592188222e-04, 2.3539e+00, 3.4009e-02, 
 2DIAGNOSTIC,    15, -5.661469915723e-01, 3.952040335055e-04, 2.3870e+00, 3.3085e-02, 
 2DIAGNOSTIC,    16, -5.661439924518e-01, 3.001454961934e-04, 2.4229e+00, 3.5947e-02, 
 2DIAGNOSTIC,    17, -5.661217513830e-01, 2.214013798415e-04, 2.4551e+00, 3.2129e-02, 
 2DIAGNOSTIC,    18, -5.661137837581e-01, 1.502514457579e-04, 2.4871e+00, 3.1990e-02, 
 2DIAGNOSTIC,    19, -5.661034249418e-01, 7.657476464269e-05, 2.5152e+00, 2.8146e-02, 
 2DIAGNOSTIC,    20, -5.661235703323e-01, 1.948126073703e-05, 2.5438e+00, 2.8588e-02, 
 2DIAGNOSTIC,    21, -5.661384019967e-01, 3.664549434859e-06, 2.5759e+00, 3.2078e-02, 
DIAGNOSTIC,Iteration,metricValue,convergenceValue,ITERATION_TIME_INDEX,SINCE_LAST
 2DIAGNOSTIC,     1, -5.039577746534e-01, 1.797693134862e+308, 3.6521e+00, 1.0763e+00, 
 2DIAGNOSTIC,     2, -5.041050854092e-01, 1.797693134862e+308, 3.8987e+00, 2.4655e-01, 
 2DIAGNOSTIC,     3, -5.041916994863e-01, 1.797693134862e+308, 4.1602e+00, 2.6150e-01, 
 2DIAGNOSTIC,     4, -5.042490044992e-01, 1.797693134862e+308, 4.4144e+00, 2.5421e-01, 
 2DIAGNOSTIC,     5, -5.043307089948e-01, 1.797693134862e+308, 4.7678e+00, 3.5342e-01, 
 2DIAGNOSTIC,     6, -5.043312614344e-01, 1.797693134862e+308, 5.0277e+00, 2.5989e-01, 
 2DIAGNOSTIC,     7, -5.043417705255e-01, 1.797693134862e+308, 5.3198e+00, 2.9210e-01, 
 2DIAGNOSTIC,     8, -5.044113376634e-01, 1.797693134862e+308, 5.6273e+00, 3.0747e-01, 
 2DIAGNOSTIC,     9, -5.044140337787e-01, 1.797693134862e+308, 5.9224e+00, 2.9519e-01, 
 2DIAGNOSTIC,    10, -5.044198203269e-01, 5.557109138579e-05, 6.2121e+00, 2.8970e-01, 
 2DIAGNOSTIC,    11, -5.044336593391e-01, 3.789121722964e-05, 6.5307e+00, 3.1857e-01, 
 2DIAGNOSTIC,    12, -5.044381626786e-01, 2.709493397747e-05, 6.7952e+00, 2.6452e-01, 
 2DIAGNOSTIC,    13, -5.044328182075e-01, 1.920075495170e-05, 7.0185e+00, 2.2327e-01, 
 2DIAGNOSTIC,    14, -5.044377685299e-01, 1.333592345133e-05, 7.3111e+00, 2.9262e-01, 
 2DIAGNOSTIC,    15, -5.044389933053e-01, 1.039465718201e-05, 7.5541e+00, 2.4302e-01, 
 2DIAGNOSTIC,    16, -5.044452988456e-01, 7.312658052608e-06, 7.8394e+00, 2.8526e-01, 
 2DIAGNOSTIC,    17, -5.044487114507e-01, 4.496337800815e-06, 8.0868e+00, 2.4743e-01, 
 2DIAGNOSTIC,    18, -5.044552379105e-01, 4.141235809538e-06, 8.3569e+00, 2.7011e-01, 
 2DIAGNOSTIC,    19, -5.044616139712e-01, 3.871540111160e-06, 8.6002e+00, 2.4327e-01, 
 2DIAGNOSTIC,    20, -5.044622465592e-01, 3.590286021045e-06, 8.8848e+00, 2.8457e-01, 
 2DIAGNOSTIC,    21, -5.044711615430e-01, 3.758191493848e-06, 9.1505e+00, 2.6570e-01, 
 2DIAGNOSTIC,    22, -5.044872711564e-01, 4.228919347690e-06, 9.4077e+00, 2.5727e-01, 
 2DIAGNOSTIC,    23, -5.045060896327e-01, 4.715829885982e-06, 9.6591e+00, 2.5135e-01, 
 2DIAGNOSTIC,    24, -5.045093270451e-01, 5.036445322022e-06, 9.9459e+00, 2.8682e-01, 
 2DIAGNOSTIC,    25, -5.045193305197e-01, 5.242674412008e-06, 1.0238e+01, 2.9181e-01, 
 2DIAGNOSTIC,    26, -5.045194568022e-01, 5.197546711889e-06, 1.0491e+01, 2.5342e-01, 
 2DIAGNOSTIC,    27, -5.045231092994e-01, 4.922506908610e-06, 1.0733e+01, 2.4159e-01, 
 2DIAGNOSTIC,    28, -5.045201065733e-01, 4.377644627927e-06, 1.1070e+01, 3.3740e-01, 
 2DIAGNOSTIC,    29, -5.045192607250e-01, 3.677939716597e-06, 1.1316e+01, 2.4583e-01, 
 2DIAGNOSTIC,    30, -5.045174482987e-01, 2.760807848196e-06, 1.1535e+01, 2.1954e-01, 
 2DIAGNOSTIC,    31, -5.045147394249e-01, 1.850297872752e-06, 1.1797e+01, 2.6181e-01, 
 2DIAGNOSTIC,    32, -5.045148229601e-01, 1.197652249874e-06, 1.2028e+01, 2.3070e-01, 
DIAGNOSTIC,Iteration,metricValue,convergenceValue,ITERATION_TIME_INDEX,SINCE_LAST
 2DIAGNOSTIC,     1, -4.671689021878e-01, 1.797693134862e+308, 1.4531e+01, 2.5034e+00, 
 2DIAGNOSTIC,     2, -4.673030501860e-01, 1.797693134862e+308, 1.6066e+01, 1.5343e+00, 
 2DIAGNOSTIC,     3, -4.673077475606e-01, 1.797693134862e+308, 1.8523e+01, 2.4574e+00, 
 2DIAGNOSTIC,     4, -4.673075828417e-01, 1.797693134862e+308, 2.0990e+01, 2.4669e+00, 
 2DIAGNOSTIC,     5, -4.673076006679e-01, 1.797693134862e+308, 2.2471e+01, 1.4806e+00, 
 2DIAGNOSTIC,     6, -4.673073212162e-01, 1.797693134862e+308, 2.4184e+01, 1.7138e+00, 
 2DIAGNOSTIC,     7, -4.673071435627e-01, 1.797693134862e+308, 2.5686e+01, 1.5012e+00, 
 2DIAGNOSTIC,     8, -4.673071644796e-01, 1.797693134862e+308, 2.7081e+01, 1.3951e+00, 
 2DIAGNOSTIC,     9, -4.673068896033e-01, 1.797693134862e+308, 2.8768e+01, 1.6870e+00, 
 2DIAGNOSTIC,    10, -4.673068085728e-01, 1.173243473090e-05, 3.0276e+01, 1.5083e+00, 
 2DIAGNOSTIC,    11, -4.673066375276e-01, 3.005091210886e-06, 3.1782e+01, 1.5058e+00, 
 2DIAGNOSTIC,    12, -4.673067784495e-01, 2.521694919738e-06, 3.3147e+01, 1.3653e+00, 
 2DIAGNOSTIC,    13, -4.673069184055e-01, 2.350381736224e-06, 3.4950e+01, 1.8027e+00, 
 2DIAGNOSTIC,    14, -4.673068302256e-01, 2.201024601661e-06, 3.6854e+01, 1.9043e+00, 
 2DIAGNOSTIC,    15, -4.673068344293e-01, 2.079611050879e-06, 3.8335e+01, 1.4812e+00, 
 2DIAGNOSTIC,    16, -4.673067356209e-01, 1.962939953082e-06, 3.9903e+01, 1.5674e+00, 
 2DIAGNOSTIC,    17, -4.673065328460e-01, 1.848489874161e-06, 4.1470e+01, 1.5674e+00, 
 2DIAGNOSTIC,    18, -4.673065361480e-01, 1.749884053256e-06, 4.2774e+01, 1.3037e+00, 
 2DIAGNOSTIC,    19, -4.673064383602e-01, 1.651317326795e-06, 4.4224e+01, 1.4505e+00, 
 2DIAGNOSTIC,    20, -4.673065473761e-01, 1.565862853346e-06, 4.5738e+01, 1.5141e+00, 
 2DIAGNOSTIC,    21, -4.673063495295e-01, 1.479997678584e-06, 4.7351e+01, 1.6122e+00, 
 2DIAGNOSTIC,    22, -4.673064599763e-01, 1.412249642896e-06, 4.8992e+01, 1.6414e+00, 
 2DIAGNOSTIC,    23, -4.673064640387e-01, 1.357306294351e-06, 5.0673e+01, 1.6805e+00, 
 2DIAGNOSTIC,    24, -4.673063661796e-01, 1.304504142673e-06, 5.2364e+01, 1.6917e+00, 
 2DIAGNOSTIC,    25, -4.673062700251e-01, 1.255760447336e-06, 5.4132e+01, 1.7677e+00, 
 2DIAGNOSTIC,    26, -4.673060719666e-01, 1.205584899792e-06, 5.5630e+01, 1.4985e+00, 
 2DIAGNOSTIC,    27, -4.673062933894e-01, 1.161282074287e-06, 5.6966e+01, 1.3359e+00, 
 2DIAGNOSTIC,    28, -4.673067237908e-01, 1.130949082703e-06, 5.8641e+01, 1.6744e+00, 
 2DIAGNOSTIC,    29, -4.673068580486e-01, 1.103651525676e-06, 6.0886e+01, 2.2452e+00, 
 2DIAGNOSTIC,    30, -4.673067598293e-01, 1.078054141776e-06, 6.2757e+01, 1.8709e+00, 
 2DIAGNOSTIC,    31, -4.673066597160e-01, 1.046774095660e-06, 6.4558e+01, 1.8013e+00, 
 2DIAGNOSTIC,    32, -4.673065581357e-01, 1.015593518505e-06, 6.6031e+01, 1.4730e+00, 
  Elapsed time (stage 0): 6.6939e+01


Total elapsed time: 6.6941e+01
Info [verificarlo]: loaded backend libinterflop_vprec.so
Info [interflop-vprec]: load backend with: 
Info [interflop-vprec]: precision-binary32 = 19
Info [interflop-vprec]: range-binary32 = 8
Info [interflop-vprec]: precision-binary64 = 19
Info [interflop-vprec]: range-binary64 = 8
Info [interflop-vprec]: mode = ob
Info [interflop-vprec]: error-mode = rel
Info [interflop-vprec]: max-abs-error-exponent = -1022
Info [interflop-vprec]: daz = false
Info [interflop-vprec]: ftz = false
Info [interflop-vprec]: 	instrument = none
Info [interflop-vprec]: 	prec-input-file = (null)
Info [interflop-vprec]: 	prec-output-file = (null)
Info [interflop-vprec]: 	prec-log-file = (null)
All_Command_lines_OK
Using double precision for computations.
=============================================================================
The composite transform comprises the following transforms (in order): 
  1. /home/mdugre/scratch/mri-registration-rp/datasets/ds004513/derivatives/mri-registration-rp/0011/antsRegistration-r8-p19/sub-s035/rigid_Composite.h5[0] (type = Euler3DTransform)
  2. /home/mdugre/scratch/mri-registration-rp/datasets/ds004513/derivatives/mri-registration-rp/0011/antsRegistration-r8-p19/sub-s035/rigid_Composite.h5[1] (type = Euler3DTransform)
  3. /home/mdugre/scratch/mri-registration-rp/datasets/ds004513/derivatives/mri-registration-rp/0011/antsRegistration-r8-p19/sub-s035/rigid_Composite.h5[2] (type = Euler3DTransform)
=============================================================================
  number of levels = 4
  fixed image: /templateflow/tpl-MNI152NLin2009cAsym/tpl-MNI152NLin2009cAsym_res-01_desc-brain_T1w.nii.gz
  moving image: /home/mdugre/scratch/mri-registration-rp/datasets/ds004513/derivatives/mri-registration-rp/antsBrainExtraction/sub-s035/BrainExtractionBrain.nii.gz
Dimension = 3
Number of stages = 1
Use histogram matching = false
Winsorize image intensities = true
  Lower quantile = 0.005
  Upper quantile = 0.995


Stage 1 State
   Image metric = MattesMI
     Fixed image = Image (0x4e5e490)
  RTTI typeinfo:   itk::Image<double, 3u>
  Reference Count: 2
  Modified Time: 1592
  Debug: Off
  Object Name: 
  Observers: 
    none
  Source: (none)
  Source output name: (none)
  Release Data: Off
  Data Released: False
  Global Release Data: Off
  PipelineMTime: 0
  UpdateMTime: 1203
  RealTimeStamp: 0 seconds 
  LargestPossibleRegion: 
    Dimension: 3
    Index: [0, 0, 0]
    Size: [193, 229, 193]
  BufferedRegion: 
    Dimension: 3
    Index: [0, 0, 0]
    Size: [193, 229, 193]
  RequestedRegion: 
    Dimension: 3
    Index: [0, 0, 0]
    Size: [193, 229, 193]
  Spacing: [1, 1, 1]
  Origin: [96, 132, -78]
  Direction: 
-1 0 0
0 -1 0
0 0 1

  IndexToPointMatrix: 
-1 0 0
0 -1 0
0 0 1

  PointToIndexMatrix: 
-1 0 0
0 -1 0
0 0 1

  Inverse Direction: 
-1 0 0
0 -1 0
0 0 1

  PixelContainer: 
    ImportImageContainer (0x4f298c0)
      RTTI typeinfo:   itk::ImportImageContainer<unsigned long, double>
      Reference Count: 1
      Modified Time: 1200
      Debug: Off
      Object Name: 
      Observers: 
        none
      Pointer: 0x14a64b170010
      Container manages memory: true
      Size: 8530021
      Capacity: 8530021

     Moving image = Image (0x4f19b60)
  RTTI typeinfo:   itk::Image<double, 3u>
  Reference Count: 2
  Modified Time: 1593
  Debug: Off
  Object Name: 
  Observers: 
    none
  Source: (none)
  Source output name: (none)
  Release Data: Off
  Data Released: False
  Global Release Data: Off
  PipelineMTime: 0
  UpdateMTime: 1590
  RealTimeStamp: 0 seconds 
  LargestPossibleRegion: 
    Dimension: 3
    Index: [0, 0, 0]
    Size: [160, 240, 256]
  BufferedRegion: 
    Dimension: 3
    Index: [0, 0, 0]
    Size: [160, 240, 256]
  RequestedRegion: 
    Dimension: 3
    Index: [0, 0, 0]
    Size: [160, 240, 256]
  Spacing: [1, 1, 1]
  Origin: [98.6438, 87.6359, -117.989]
  Direction: 
-0.993515 -0.100993 -0.0522355
0.100854 -0.994887 0.00530255
-0.0525039 1.93537e-08 0.998621

  IndexToPointMatrix: 
-0.993515 -0.100993 -0.0522355
0.100854 -0.994887 0.00530255
-0.0525039 1.93537e-08 0.998621

  PointToIndexMatrix: 
-0.993515 0.100854 -0.0525039
-0.100993 -0.994887 -2.00048e-06
-0.0522356 0.00530149 0.998621

  Inverse Direction: 
-0.993515 0.100854 -0.0525039
-0.100993 -0.994887 -2.00048e-06
-0.0522356 0.00530149 0.998621

  PixelContainer: 
    ImportImageContainer (0x4fad1d0)
      RTTI typeinfo:   itk::ImportImageContainer<unsigned long, double>
      Reference Count: 1
      Modified Time: 1587
      Debug: Off
      Object Name: 
      Observers: 
        none
      Pointer: 0x14a64666f010
      Container manages memory: true
      Size: 9830400
      Capacity: 9830400

     Weighting = 1
     Sampling strategy = regular
     Number of bins = 32
     Radius = 4
     Sampling percentage  = 0.25
   Transform = Affine
     Gradient step = 0.1
     Update field sigma (voxel space) = 0
     Total field sigma (voxel space) = 0
     Update field time sigma = 0
     Total field time sigma  = 0
     Number of time indices = 0
     Number of time point samples = 0
Registration using 1 total stages.

Stage 0
  iterations = 1000x500x250x100
  convergence threshold = 1e-06
  convergence window size = 10
  number of levels = 4
  using the Mattes MI metric (number of bins = 32, weight = 1, use gradient filter = 0)
  preprocessing:  winsorizing the image intensities
  Shrink factors (level 1 out of 4): [8, 8, 8]
  Shrink factors (level 2 out of 4): [4, 4, 4]
  Shrink factors (level 3 out of 4): [2, 2, 2]
  Shrink factors (level 4 out of 4): [1, 1, 1]
  smoothing sigmas per level: [3, 2, 1, 0]
  regular sampling (percentage = 0.25)

*** Running AffineTransform registration ***

DIAGNOSTIC,Iteration,metricValue,convergenceValue,ITERATION_TIME_INDEX,SINCE_LAST
 2DIAGNOSTIC,     1, -6.775496460444e-01, 1.797693134862e+308, 0.0000e+00, 0.0000e+00, 
 2DIAGNOSTIC,     2, -6.798377185269e-01, 1.797693134862e+308, 0.0000e+00, 0.0000e+00, 
 2DIAGNOSTIC,     3, -6.838279627422e-01, 1.797693134862e+308, 0.0000e+00, 0.0000e+00, 
 2DIAGNOSTIC,     4, -6.911935283164e-01, 1.797693134862e+308, 0.0000e+00, 0.0000e+00, 
 2DIAGNOSTIC,     5, -7.009514830344e-01, 1.797693134862e+308, 0.0000e+00, 0.0000e+00, 
 2DIAGNOSTIC,     6, -7.131938527993e-01, 1.797693134862e+308, 0.0000e+00, 0.0000e+00, 
 2DIAGNOSTIC,     7, -7.333212168328e-01, 1.797693134862e+308, 0.0000e+00, 0.0000e+00, 
 2DIAGNOSTIC,     8, -7.368343734776e-01, 1.797693134862e+308, 0.0000e+00, 0.0000e+00, 
 2DIAGNOSTIC,     9, -7.382667953625e-01, 1.797693134862e+308, 0.0000e+00, 0.0000e+00, 
 2DIAGNOSTIC,    10, -7.427015794157e-01, 7.014728743505e-03, 0.0000e+00, 0.0000e+00, 
 2DIAGNOSTIC,    11, -7.455196574220e-01, 6.171901679092e-03, 0.0000e+00, 0.0000e+00, 
 2DIAGNOSTIC,    12, -7.465888554936e-01, 5.025926145760e-03, 0.0000e+00, 0.0000e+00, 
 2DIAGNOSTIC,    13, -7.468539355491e-01, 3.741865982306e-03, 0.0000e+00, 0.0000e+00, 
 2DIAGNOSTIC,    14, -7.473864171763e-01, 2.537269225023e-03, 0.0000e+00, 0.0000e+00, 
 2DIAGNOSTIC,    15, -7.478031158348e-01, 1.531402410736e-03, 0.0000e+00, 0.0000e+00, 
 2DIAGNOSTIC,    16, -7.478948714949e-01, 8.039946268974e-04, 0.0000e+00, 0.0000e+00, 
 2DIAGNOSTIC,    17, -7.476393517941e-01, 5.486319876947e-04, 0.0000e+00, 0.0000e+00, 
 2DIAGNOSTIC,    18, -7.476477716415e-01, 3.499733579197e-04, 0.0000e+00, 0.0000e+00, 
 2DIAGNOSTIC,    19, -7.475056975651e-01, 1.652919057319e-04, 0.0000e+00, 0.0000e+00, 
 2DIAGNOSTIC,    20, -7.474093591206e-01, 6.758591772073e-05, 0.0000e+00, 0.0000e+00, 
 2DIAGNOSTIC,    21, -7.474044192641e-01, 2.510893623095e-05, 0.0000e+00, 0.0000e+00, 
DIAGNOSTIC,Iteration,metricValue,convergenceValue,ITERATION_TIME_INDEX,SINCE_LAST
 2DIAGNOSTIC,     1, -6.105833110503e-01, 1.797693134862e+308, 0.0000e+00, 0.0000e+00, 
 2DIAGNOSTIC,     2, -6.110043854937e-01, 1.797693134862e+308, 0.0000e+00, 0.0000e+00, 
 2DIAGNOSTIC,     3, -6.114586018780e-01, 1.797693134862e+308, 0.0000e+00, 0.0000e+00, 
 2DIAGNOSTIC,     4, -6.118236612440e-01, 1.797693134862e+308, 0.0000e+00, 0.0000e+00, 
 2DIAGNOSTIC,     5, -6.124217315880e-01, 1.797693134862e+308, 0.0000e+00, 0.0000e+00, 
 2DIAGNOSTIC,     6, -6.124538646754e-01, 1.797693134862e+308, 0.0000e+00, 0.0000e+00, 
 2DIAGNOSTIC,     7, -6.124088197482e-01, 1.797693134862e+308, 0.0000e+00, 0.0000e+00, 
 2DIAGNOSTIC,     8, -6.123878168857e-01, 1.797693134862e+308, 0.0000e+00, 0.0000e+00, 
 2DIAGNOSTIC,     9, -6.124148853401e-01, 1.797693134862e+308, 0.0000e+00, 0.0000e+00, 
 2DIAGNOSTIC,    10, -6.123885801525e-01, 1.874825864126e-04, 0.0000e+00, 0.0000e+00, 
 2DIAGNOSTIC,    11, -6.123908308522e-01, 1.122659028255e-04, 0.0000e+00, 0.0000e+00, 
 2DIAGNOSTIC,    12, -6.123744053609e-01, 5.551978869293e-05, 0.0000e+00, 0.0000e+00, 
 2DIAGNOSTIC,    13, -6.123875154270e-01, 1.934776718232e-05, 0.0000e+00, 0.0000e+00, 
DIAGNOSTIC,Iteration,metricValue,convergenceValue,ITERATION_TIME_INDEX,SINCE_LAST
 2DIAGNOSTIC,     1, -5.358398918240e-01, 1.797693134862e+308, 0.0000e+00, 0.0000e+00, 
 2DIAGNOSTIC,     2, -5.361126886598e-01, 1.797693134862e+308, 0.0000e+00, 0.0000e+00, 
 2DIAGNOSTIC,     3, -5.363527601218e-01, 1.797693134862e+308, 0.0000e+00, 0.0000e+00, 
 2DIAGNOSTIC,     4, -5.364799415215e-01, 1.797693134862e+308, 0.0000e+00, 0.0000e+00, 
 2DIAGNOSTIC,     5, -5.364764135906e-01, 1.797693134862e+308, 0.0000e+00, 0.0000e+00, 
 2DIAGNOSTIC,     6, -5.364777991416e-01, 1.797693134862e+308, 0.0000e+00, 0.0000e+00, 
 2DIAGNOSTIC,     7, -5.364761728607e-01, 1.797693134862e+308, 0.0000e+00, 0.0000e+00, 
 2DIAGNOSTIC,     8, -5.364756782978e-01, 1.797693134862e+308, 0.0000e+00, 0.0000e+00, 
 2DIAGNOSTIC,     9, -5.364717923215e-01, 1.797693134862e+308, 0.0000e+00, 0.0000e+00, 
 2DIAGNOSTIC,    10, -5.364731865478e-01, 5.784542754958e-05, 0.0000e+00, 0.0000e+00, 
 2DIAGNOSTIC,    11, -5.364733839294e-01, 2.502187772774e-05, 0.0000e+00, 0.0000e+00, 
 2DIAGNOSTIC,    12, -5.364721106686e-01, 7.434172240611e-06, 0.0000e+00, 0.0000e+00, 
 2DIAGNOSTIC,    13, -5.364714282187e-01, 1.731558820273e-06, 0.0000e+00, 0.0000e+00, 
 2DIAGNOSTIC,    14, -5.364707615950e-01, 1.702420041688e-06, 0.0000e+00, 0.0000e+00, 
 2DIAGNOSTIC,    15, -5.364695715398e-01, 1.558959113426e-06, 0.0000e+00, 0.0000e+00, 
 2DIAGNOSTIC,    16, -5.364690920328e-01, 1.514095772079e-06, 0.0000e+00, 0.0000e+00, 
 2DIAGNOSTIC,    17, -5.364688683502e-01, 1.460110581421e-06, 0.0000e+00, 0.0000e+00, 
 2DIAGNOSTIC,    18, -5.364682884617e-01, 1.421926015432e-06, 0.0000e+00, 0.0000e+00, 
 2DIAGNOSTIC,    19, -5.364678655602e-01, 1.298256327872e-06, 0.0000e+00, 0.0000e+00, 
 2DIAGNOSTIC,    20, -5.364672629735e-01, 1.242317293891e-06, 0.0000e+00, 0.0000e+00, 
 2DIAGNOSTIC,    21, -5.364668600202e-01, 1.219440024659e-06, 0.0000e+00, 0.0000e+00, 
 2DIAGNOSTIC,    22, -5.364664959344e-01, 1.186373076160e-06, 0.0000e+00, 0.0000e+00, 
 2DIAGNOSTIC,    23, -5.364669386963e-01, 1.174724270921e-06, 0.0000e+00, 0.0000e+00, 
 2DIAGNOSTIC,    24, -5.364654956418e-01, 1.136964172768e-06, 0.0000e+00, 0.0000e+00, 
 2DIAGNOSTIC,    25, -5.364653790877e-01, 1.093101725184e-06, 0.0000e+00, 0.0000e+00, 
 2DIAGNOSTIC,    26, -5.364659705725e-01, 1.071385114501e-06, 0.0000e+00, 0.0000e+00, 
 2DIAGNOSTIC,    27, -5.364660511727e-01, 1.061840004556e-06, 0.0000e+00, 0.0000e+00, 
 2DIAGNOSTIC,    28, -5.364647260655e-01, 1.027638354453e-06, 0.0000e+00, 0.0000e+00, 
 2DIAGNOSTIC,    29, -5.364656852366e-01, 1.016994732914e-06, 0.0000e+00, 0.0000e+00, 
DIAGNOSTIC,Iteration,metricValue,convergenceValue,ITERATION_TIME_INDEX,SINCE_LAST
 2DIAGNOSTIC,     1, -4.924555636683e-01, 1.797693134862e+308, 0.0000e+00, 0.0000e+00, 
 2DIAGNOSTIC,     2, -4.925967014805e-01, 1.797693134862e+308, 0.0000e+00, 0.0000e+00, 
 2DIAGNOSTIC,     3, -4.926678178974e-01, 1.797693134862e+308, 0.0000e+00, 0.0000e+00, 
 2DIAGNOSTIC,     4, -4.926672240368e-01, 1.797693134862e+308, 0.0000e+00, 0.0000e+00, 
 2DIAGNOSTIC,     5, -4.926672809531e-01, 1.797693134862e+308, 0.0000e+00, 0.0000e+00, 
 2DIAGNOSTIC,     6, -4.926671852266e-01, 1.797693134862e+308, 0.0000e+00, 0.0000e+00, 
