
##########################
# Experiment information #
##########################

EXPERIMENT_NAME: antsRegistration-r7-p17
VFC_BACKENDS: libinterflop_vprec.so --range-binary32=7 --precision-binary32=17 --range-binary64=7 --precision-binary64=17

SIF_IMG: /home/mdugre/projects/rrg-glatard/mdugre/containers/ants-vprec-no_metrics.simg

SUBJECT_ID: s037
INPUT_IMG: /home/mdugre/scratch/mri-registration-rp/datasets/ds004513/derivatives/mri-registration-rp/antsBrainExtraction/sub-s037/BrainExtractionBrain.nii.gz
OUTPUT_DIR: /home/mdugre/scratch/mri-registration-rp/datasets/ds004513/derivatives/mri-registration-rp/0011/antsRegistration-r7-p17/sub-s037

FIXED_IMG: /templateflow/tpl-MNI152NLin2009cAsym/tpl-MNI152NLin2009cAsym_res-01_desc-brain_T1w.nii.gz
DATA_DIR: /home/mdugre/scratch/mri-registration-rp/datasets/ds004513
TEMPLATEFLOW_DIR: /home/mdugre/projects/rrg-glatard/mdugre/templateflow
ITK_GLOBAL_DEFAULT_NUMBER_OF_THREADS: 16
##########################

Info [verificarlo]: loaded backend libinterflop_ieee.so
Info [interflop-ieee]: load backend with:
Info [interflop-ieee]: debug = false
Info [interflop-ieee]: debug-binary = false
Info [interflop-ieee]: no-backend-name = false
Info [interflop-ieee]: print-new-line = false
Info [interflop-ieee]: print-subnormal-normalized = false
Info [interflop-ieee]: count-op = false
All_Command_lines_OK
Using double precision for computations.
=============================================================================
The composite transform comprises the following transforms (in order): 
  1. Center of mass alignment using fixed image: /templateflow/tpl-MNI152NLin2009cAsym/tpl-MNI152NLin2009cAsym_res-01_desc-brain_T1w.nii.gz and moving image: /home/mdugre/scratch/mri-registration-rp/datasets/ds004513/derivatives/mri-registration-rp/antsBrainExtraction/sub-s037/BrainExtractionBrain.nii.gz (type = Euler3DTransform)
=============================================================================
  number of levels = 1
  fixed image: /templateflow/tpl-MNI152NLin2009cAsym/tpl-MNI152NLin2009cAsym_res-01_desc-brain_T1w.nii.gz
  moving image: /home/mdugre/scratch/mri-registration-rp/datasets/ds004513/derivatives/mri-registration-rp/antsBrainExtraction/sub-s037/BrainExtractionBrain.nii.gz
Dimension = 3
Number of stages = 1
Use histogram matching = false
Winsorize image intensities = true
  Lower quantile = 0.005
  Upper quantile = 0.995


Stage 1 State
   Image metric = MattesMI
     Fixed image = Image (0x360ce70)
  RTTI typeinfo:   itk::Image<double, 3u>
  Reference Count: 2
  Modified Time: 2330
  Debug: Off
  Object Name: 
  Observers: 
    none
  Source: (none)
  Source output name: (none)
  Release Data: Off
  Data Released: False
  Global Release Data: Off
  PipelineMTime: 0
  UpdateMTime: 1941
  RealTimeStamp: 0 seconds 
  LargestPossibleRegion: 
    Dimension: 3
    Index: [0, 0, 0]
    Size: [193, 229, 193]
  BufferedRegion: 
    Dimension: 3
    Index: [0, 0, 0]
    Size: [193, 229, 193]
  RequestedRegion: 
    Dimension: 3
    Index: [0, 0, 0]
    Size: [193, 229, 193]
  Spacing: [1, 1, 1]
  Origin: [96, 132, -78]
  Direction: 
-1 0 0
0 -1 0
0 0 1

  IndexToPointMatrix: 
-1 0 0
0 -1 0
0 0 1

  PointToIndexMatrix: 
-1 0 0
0 -1 0
0 0 1

  Inverse Direction: 
-1 0 0
0 -1 0
0 0 1

  PixelContainer: 
    ImportImageContainer (0x3615c60)
      RTTI typeinfo:   itk::ImportImageContainer<unsigned long, double>
      Reference Count: 1
      Modified Time: 1938
      Debug: Off
      Object Name: 
      Observers: 
        none
      Pointer: 0x14b2ef675010
      Container manages memory: true
      Size: 8530021
      Capacity: 8530021

     Moving image = Image (0x36a9ec0)
  RTTI typeinfo:   itk::Image<double, 3u>
  Reference Count: 2
  Modified Time: 2331
  Debug: Off
  Object Name: 
  Observers: 
    none
  Source: (none)
  Source output name: (none)
  Release Data: Off
  Data Released: False
  Global Release Data: Off
  PipelineMTime: 0
  UpdateMTime: 2328
  RealTimeStamp: 0 seconds 
  LargestPossibleRegion: 
    Dimension: 3
    Index: [0, 0, 0]
    Size: [160, 240, 256]
  BufferedRegion: 
    Dimension: 3
    Index: [0, 0, 0]
    Size: [160, 240, 256]
  RequestedRegion: 
    Dimension: 3
    Index: [0, 0, 0]
    Size: [160, 240, 256]
  Spacing: [1, 1, 1]
  Origin: [87.9508, 102.562, -147.639]
  Direction: 
-0.998659 -0.0436121 -0.0279129
0.043595 -0.999049 0.00121847
-0.0279395 -2.65543e-08 0.99961

  IndexToPointMatrix: 
-0.998659 -0.0436121 -0.0279129
0.043595 -0.999049 0.00121847
-0.0279395 -2.65543e-08 0.99961

  PointToIndexMatrix: 
-0.998659 0.043595 -0.0279395
-0.0436121 -0.999049 -2.65517e-08
-0.0279129 0.00121847 0.99961

  Inverse Direction: 
-0.998659 0.043595 -0.0279395
-0.0436121 -0.999049 -2.65517e-08
-0.0279129 0.00121847 0.99961

  PixelContainer: 
    ImportImageContainer (0x3741610)
      RTTI typeinfo:   itk::ImportImageContainer<unsigned long, double>
      Reference Count: 1
      Modified Time: 2325
      Debug: Off
      Object Name: 
      Observers: 
        none
      Pointer: 0x14b2eab74010
      Container manages memory: true
      Size: 9830400
      Capacity: 9830400

     Weighting = 1
     Sampling strategy = regular
     Number of bins = 32
     Radius = 4
     Sampling percentage  = 0.25
   Transform = Rigid
     Gradient step = 0.1
     Update field sigma (voxel space) = 0
     Total field sigma (voxel space) = 0
     Update field time sigma = 0
     Total field time sigma  = 0
     Number of time indices = 0
     Number of time point samples = 0
Registration using 1 total stages.

Stage 0
  iterations = 0
  convergence threshold = 1e-06
  convergence window size = 10
  number of levels = 1
  using the Mattes MI metric (number of bins = 32, weight = 1, use gradient filter = 0)
  preprocessing:  winsorizing the image intensities
  Shrink factors (level 1 out of 1): [1, 1, 1]
  smoothing sigmas per level: [0]
  regular sampling (percentage = 0.25)

*** Running Euler3DTransform registration ***

  Elapsed time (stage 0): 1.15505


Total elapsed time: 1.15726
Info [verificarlo]: loaded backend libinterflop_ieee.so
Info [interflop-ieee]: load backend with:
Info [interflop-ieee]: debug = false
Info [interflop-ieee]: debug-binary = false
Info [interflop-ieee]: no-backend-name = false
Info [interflop-ieee]: print-new-line = false
Info [interflop-ieee]: print-subnormal-normalized = false
Info [interflop-ieee]: count-op = false
All_Command_lines_OK
Using double precision for computations.
=============================================================================
The composite transform comprises the following transforms (in order): 
  1. /home/mdugre/scratch/mri-registration-rp/datasets/ds004513/derivatives/mri-registration-rp/0011/antsRegistration-r7-p17/sub-s037/align_Composite.h5[0] (type = Euler3DTransform)
  2. /home/mdugre/scratch/mri-registration-rp/datasets/ds004513/derivatives/mri-registration-rp/0011/antsRegistration-r7-p17/sub-s037/align_Composite.h5[1] (type = Euler3DTransform)
=============================================================================
  number of levels = 4
  fixed image: /templateflow/tpl-MNI152NLin2009cAsym/tpl-MNI152NLin2009cAsym_res-01_desc-brain_T1w.nii.gz
  moving image: /home/mdugre/scratch/mri-registration-rp/datasets/ds004513/derivatives/mri-registration-rp/antsBrainExtraction/sub-s037/BrainExtractionBrain.nii.gz
Dimension = 3
Number of stages = 1
Use histogram matching = false
Winsorize image intensities = true
  Lower quantile = 0.005
  Upper quantile = 0.995


Stage 1 State
   Image metric = MattesMI
     Fixed image = Image (0x49b6530)
  RTTI typeinfo:   itk::Image<double, 3u>
  Reference Count: 2
  Modified Time: 1578
  Debug: Off
  Object Name: 
  Observers: 
    none
  Source: (none)
  Source output name: (none)
  Release Data: Off
  Data Released: False
  Global Release Data: Off
  PipelineMTime: 0
  UpdateMTime: 1189
  RealTimeStamp: 0 seconds 
  LargestPossibleRegion: 
    Dimension: 3
    Index: [0, 0, 0]
    Size: [193, 229, 193]
  BufferedRegion: 
    Dimension: 3
    Index: [0, 0, 0]
    Size: [193, 229, 193]
  RequestedRegion: 
    Dimension: 3
    Index: [0, 0, 0]
    Size: [193, 229, 193]
  Spacing: [1, 1, 1]
  Origin: [96, 132, -78]
  Direction: 
-1 0 0
0 -1 0
0 0 1

  IndexToPointMatrix: 
-1 0 0
0 -1 0
0 0 1

  PointToIndexMatrix: 
-1 0 0
0 -1 0
0 0 1

  Inverse Direction: 
-1 0 0
0 -1 0
0 0 1

  PixelContainer: 
    ImportImageContainer (0x4a74d60)
      RTTI typeinfo:   itk::ImportImageContainer<unsigned long, double>
      Reference Count: 1
      Modified Time: 1186
      Debug: Off
      Object Name: 
      Observers: 
        none
      Pointer: 0x1522e5272010
      Container manages memory: true
      Size: 8530021
      Capacity: 8530021

     Moving image = Image (0x4a66f60)
  RTTI typeinfo:   itk::Image<double, 3u>
  Reference Count: 2
  Modified Time: 1579
  Debug: Off
  Object Name: 
  Observers: 
    none
  Source: (none)
  Source output name: (none)
  Release Data: Off
  Data Released: False
  Global Release Data: Off
  PipelineMTime: 0
  UpdateMTime: 1576
  RealTimeStamp: 0 seconds 
  LargestPossibleRegion: 
    Dimension: 3
    Index: [0, 0, 0]
    Size: [160, 240, 256]
  BufferedRegion: 
    Dimension: 3
    Index: [0, 0, 0]
    Size: [160, 240, 256]
  RequestedRegion: 
    Dimension: 3
    Index: [0, 0, 0]
    Size: [160, 240, 256]
  Spacing: [1, 1, 1]
  Origin: [87.9508, 102.562, -147.639]
  Direction: 
-0.998659 -0.0436121 -0.0279129
0.043595 -0.999049 0.00121847
-0.0279395 -2.65543e-08 0.99961

  IndexToPointMatrix: 
-0.998659 -0.0436121 -0.0279129
0.043595 -0.999049 0.00121847
-0.0279395 -2.65543e-08 0.99961

  PointToIndexMatrix: 
-0.998659 0.043595 -0.0279395
-0.0436121 -0.999049 -2.65517e-08
-0.0279129 0.00121847 0.99961

  Inverse Direction: 
-0.998659 0.043595 -0.0279395
-0.0436121 -0.999049 -2.65517e-08
-0.0279129 0.00121847 0.99961

  PixelContainer: 
    ImportImageContainer (0x4a586d0)
      RTTI typeinfo:   itk::ImportImageContainer<unsigned long, double>
      Reference Count: 1
      Modified Time: 1573
      Debug: Off
      Object Name: 
      Observers: 
        none
      Pointer: 0x1522e0771010
      Container manages memory: true
      Size: 9830400
      Capacity: 9830400

     Weighting = 1
     Sampling strategy = regular
     Number of bins = 32
     Radius = 4
     Sampling percentage  = 0.25
   Transform = Rigid
     Gradient step = 0.1
     Update field sigma (voxel space) = 0
     Total field sigma (voxel space) = 0
     Update field time sigma = 0
     Total field time sigma  = 0
     Number of time indices = 0
     Number of time point samples = 0
Registration using 1 total stages.

Stage 0
  iterations = 1000x500x250x100
  convergence threshold = 1e-06
  convergence window size = 10
  number of levels = 4
  using the Mattes MI metric (number of bins = 32, weight = 1, use gradient filter = 0)
  preprocessing:  winsorizing the image intensities
  Shrink factors (level 1 out of 4): [8, 8, 8]
  Shrink factors (level 2 out of 4): [4, 4, 4]
  Shrink factors (level 3 out of 4): [2, 2, 2]
  Shrink factors (level 4 out of 4): [1, 1, 1]
  smoothing sigmas per level: [3, 2, 1, 0]
  regular sampling (percentage = 0.25)

*** Running Euler3DTransform registration ***

DIAGNOSTIC,Iteration,metricValue,convergenceValue,ITERATION_TIME_INDEX,SINCE_LAST
 2DIAGNOSTIC,     1, -4.299060189477e-01, 1.797693134862e+308, 9.6817e-01, 9.6817e-01, 
 2DIAGNOSTIC,     2, -4.311703807429e-01, 1.797693134862e+308, 9.7500e-01, 6.8281e-03, 
 2DIAGNOSTIC,     3, -4.334997061176e-01, 1.797693134862e+308, 9.8024e-01, 5.2359e-03, 
 2DIAGNOSTIC,     4, -4.389575130370e-01, 1.797693134862e+308, 9.8551e-01, 5.2760e-03, 
 2DIAGNOSTIC,     5, -4.438813134482e-01, 1.797693134862e+308, 9.9080e-01, 5.2919e-03, 
 2DIAGNOSTIC,     6, -4.461495460377e-01, 1.797693134862e+308, 9.9612e-01, 5.3201e-03, 
 2DIAGNOSTIC,     7, -4.511407144429e-01, 1.797693134862e+308, 1.0023e+00, 6.2180e-03, 
 2DIAGNOSTIC,     8, -4.667812032718e-01, 1.797693134862e+308, 1.0087e+00, 6.3610e-03, 
 2DIAGNOSTIC,     9, -4.753090114372e-01, 1.797693134862e+308, 1.0146e+00, 5.9409e-03, 
 2DIAGNOSTIC,    10, -4.802481719655e-01, 7.481707542057e-03, 1.0208e+00, 6.1450e-03, 
 2DIAGNOSTIC,    11, -4.821261368877e-01, 7.356704266140e-03, 1.0262e+00, 5.4591e-03, 
 2DIAGNOSTIC,    12, -4.837491005316e-01, 6.749992380106e-03, 1.0327e+00, 6.4311e-03, 
 2DIAGNOSTIC,    13, -5.028244927612e-01, 6.622215038749e-03, 1.0414e+00, 8.7390e-03, 
 2DIAGNOSTIC,    14, -5.042109134420e-01, 6.183615245761e-03, 1.0469e+00, 5.5010e-03, 
 2DIAGNOSTIC,    15, -5.066116081861e-01, 5.558135432409e-03, 1.0522e+00, 5.3191e-03, 
 2DIAGNOSTIC,    16, -5.083451635865e-01, 4.676295421405e-03, 1.0576e+00, 5.3730e-03, 
 2DIAGNOSTIC,    17, -5.184993492697e-01, 3.998770500770e-03, 1.0662e+00, 8.6160e-03, 
 2DIAGNOSTIC,    18, -5.256348855917e-01, 3.769024583724e-03, 1.0716e+00, 5.4009e-03, 
 2DIAGNOSTIC,    19, -5.260487277382e-01, 3.491513204391e-03, 1.0776e+00, 6.0000e-03, 
 2DIAGNOSTIC,    20, -5.292109532703e-01, 3.174906817910e-03, 1.0839e+00, 6.3050e-03, 
 2DIAGNOSTIC,    21, -5.301818277245e-01, 2.681600065450e-03, 1.0892e+00, 5.2531e-03, 
 2DIAGNOSTIC,    22, -5.312241416537e-01, 2.041188966649e-03, 1.0951e+00, 5.8649e-03, 
 2DIAGNOSTIC,    23, -5.321371400084e-01, 1.776979444170e-03, 1.1016e+00, 6.5610e-03, 
 2DIAGNOSTIC,    24, -5.330747228109e-01, 1.429098219325e-03, 1.1072e+00, 5.6012e-03, 
 2DIAGNOSTIC,    25, -5.340979441162e-01, 1.060387596989e-03, 1.1131e+00, 5.9249e-03, 
 2DIAGNOSTIC,    26, -5.353301833069e-01, 6.839348505996e-04, 1.1203e+00, 7.1149e-03, 
 2DIAGNOSTIC,    27, -5.359877886553e-01, 5.005581945799e-04, 1.1256e+00, 5.3079e-03, 
 2DIAGNOSTIC,    28, -5.363338926283e-01, 4.385713320321e-04, 1.1308e+00, 5.2321e-03, 
 2DIAGNOSTIC,    29, -5.373050851553e-01, 3.660299172725e-04, 1.1361e+00, 5.3301e-03, 
 2DIAGNOSTIC,    30, -5.398201297749e-01, 3.715999103935e-04, 1.1424e+00, 6.2881e-03, 
 2DIAGNOSTIC,    31, -5.446420463878e-01, 4.465259787114e-04, 1.1544e+00, 1.2017e-02, 
 2DIAGNOSTIC,    32, -5.446644199824e-01, 4.912609508055e-04, 1.1598e+00, 5.4150e-03, 
 2DIAGNOSTIC,    33, -5.447645668044e-01, 5.056427655659e-04, 1.1650e+00, 5.2061e-03, 
 2DIAGNOSTIC,    34, -5.449310029470e-01, 4.904069619598e-04, 1.1702e+00, 5.1980e-03, 
 2DIAGNOSTIC,    35, -5.452044733815e-01, 4.491517861403e-04, 1.1753e+00, 5.0828e-03, 
 2DIAGNOSTIC,    36, -5.456974389414e-01, 3.933085722623e-04, 1.1805e+00, 5.1930e-03, 
 2DIAGNOSTIC,    37, -5.462998676507e-01, 3.227889068357e-04, 1.1862e+00, 5.6939e-03, 
 2DIAGNOSTIC,    38, -5.470544263067e-01, 2.429353035655e-04, 1.1914e+00, 5.1429e-03, 
 2DIAGNOSTIC,    39, -5.483332531728e-01, 1.763373346381e-04, 1.1971e+00, 5.7321e-03, 
 2DIAGNOSTIC,    40, -5.485726204871e-01, 1.327657769872e-04, 1.2026e+00, 5.4772e-03, 
 2DIAGNOSTIC,    41, -5.488485098869e-01, 1.482757063144e-04, 1.2084e+00, 5.7909e-03, 
 2DIAGNOSTIC,    42, -5.491456486297e-01, 1.532238749564e-04, 1.2136e+00, 5.2319e-03, 
 2DIAGNOSTIC,    43, -5.502467083765e-01, 1.586848535064e-04, 1.2198e+00, 6.1829e-03, 
 2DIAGNOSTIC,    44, -5.634827564752e-01, 3.167374065803e-04, 1.2273e+00, 7.5130e-03, 
 2DIAGNOSTIC,    45, -5.665986418996e-01, 4.739891669336e-04, 1.2330e+00, 5.7571e-03, 
 2DIAGNOSTIC,    46, -5.687428877707e-01, 6.112013213715e-04, 1.2388e+00, 5.7991e-03, 
 2DIAGNOSTIC,    47, -5.691001938370e-01, 6.969884135944e-04, 1.2447e+00, 5.8761e-03, 
 2DIAGNOSTIC,    48, -5.694332178415e-01, 7.243501622470e-04, 1.2498e+00, 5.1179e-03, 
 2DIAGNOSTIC,    49, -5.697161835218e-01, 6.964027620125e-04, 1.2548e+00, 4.9689e-03, 
 2DIAGNOSTIC,    50, -5.705697557185e-01, 6.140019705894e-04, 1.2605e+00, 5.7130e-03, 
 2DIAGNOSTIC,    51, -5.708827910599e-01, 4.843906868556e-04, 1.2664e+00, 5.9240e-03, 
 2DIAGNOSTIC,    52, -5.723015004852e-01, 3.336210377738e-04, 1.2726e+00, 6.1588e-03, 
 2DIAGNOSTIC,    53, -5.738737178093e-01, 1.811014880272e-04, 1.2787e+00, 6.0840e-03, 
 2DIAGNOSTIC,    54, -5.756949421465e-01, 1.677421268900e-04, 1.2850e+00, 6.3210e-03, 
 2DIAGNOSTIC,    55, -5.798939977395e-01, 2.100687362779e-04, 1.2903e+00, 5.3091e-03, 
 2DIAGNOSTIC,    56, -5.839805062834e-01, 2.898495469989e-04, 1.2985e+00, 8.1658e-03, 
 2DIAGNOSTIC,    57, -5.856463874409e-01, 3.573339935482e-04, 1.3074e+00, 8.8811e-03, 
 2DIAGNOSTIC,    58, -5.856664447520e-01, 3.916457805399e-04, 1.3131e+00, 5.6899e-03, 
 2DIAGNOSTIC,    59, -5.858395128565e-01, 3.916147067452e-04, 1.3181e+00, 4.9999e-03, 
 2DIAGNOSTIC,    60, -5.861023175773e-01, 3.636819672582e-04, 1.3231e+00, 5.0111e-03, 
 2DIAGNOSTIC,    61, -5.864590611852e-01, 3.069843854319e-04, 1.3286e+00, 5.5220e-03, 
 2DIAGNOSTIC,    62, -5.868586146229e-01, 2.385054681490e-04, 1.3333e+00, 4.7588e-03, 
 2DIAGNOSTIC,    63, -5.869723103431e-01, 1.642883638292e-04, 1.3380e+00, 4.6060e-03, 
 2DIAGNOSTIC,    64, -5.870742929967e-01, 9.254285793470e-05, 1.3427e+00, 4.7600e-03, 
 2DIAGNOSTIC,    65, -5.870358542891e-01, 4.759975197095e-05, 1.3475e+00, 4.7541e-03, 
 2DIAGNOSTIC,    66, -5.870016890345e-01, 3.182079945237e-05, 1.3533e+00, 5.8119e-03, 
 2DIAGNOSTIC,    67, -5.870879493194e-01, 2.740424070753e-05, 1.3586e+00, 5.2791e-03, 
 2DIAGNOSTIC,    68, -5.871047357312e-01, 2.080350660876e-05, 1.3630e+00, 4.4661e-03, 
 2DIAGNOSTIC,    69, -5.870926251458e-01, 1.370115041416e-05, 1.3681e+00, 5.0411e-03, 
 2DIAGNOSTIC,    70, -5.872451553216e-01, 8.672341065122e-06, 1.3741e+00, 6.0461e-03, 
 2DIAGNOSTIC,    71, -5.872540352294e-01, 5.634325335860e-06, 1.3791e+00, 5.0161e-03, 
 2DIAGNOSTIC,    72, -5.872762365745e-01, 5.257450968608e-06, 1.3837e+00, 4.5409e-03, 
 2DIAGNOSTIC,    73, -5.872681791538e-01, 5.174251730123e-06, 1.3886e+00, 4.9732e-03, 
 2DIAGNOSTIC,    74, -5.875227561785e-01, 7.187940385416e-06, 1.3948e+00, 6.2001e-03, 
 2DIAGNOSTIC,    75, -5.874693784366e-01, 7.802149509720e-06, 1.3993e+00, 4.4410e-03, 
 2DIAGNOSTIC,    76, -5.874792975139e-01, 7.531859122955e-06, 1.4042e+00, 4.9572e-03, 
 2DIAGNOSTIC,    77, -5.874816081928e-01, 7.220777167187e-06, 1.4170e+00, 1.2770e-02, 
 2DIAGNOSTIC,    78, -5.874003483550e-01, 5.836719683185e-06, 1.4221e+00, 5.0449e-03, 
 2DIAGNOSTIC,    79, -5.874067114107e-01, 3.895833287953e-06, 1.4276e+00, 5.5189e-03, 
 2DIAGNOSTIC,    80, -5.874073393615e-01, 2.663903839699e-06, 1.4319e+00, 4.3628e-03, 
 2DIAGNOSTIC,    81, -5.874150456119e-01, 1.369850295948e-06, 1.4367e+00, 4.7779e-03, 
DIAGNOSTIC,Iteration,metricValue,convergenceValue,ITERATION_TIME_INDEX,SINCE_LAST
 2DIAGNOSTIC,     1, -4.735311797851e-01, 1.797693134862e+308, 2.2272e+00, 7.9053e-01, 
 2DIAGNOSTIC,     2, -4.742409036786e-01, 1.797693134862e+308, 2.2603e+00, 3.3081e-02, 
 2DIAGNOSTIC,     3, -4.753307858270e-01, 1.797693134862e+308, 2.2956e+00, 3.5277e-02, 
 2DIAGNOSTIC,     4, -4.772834959392e-01, 1.797693134862e+308, 2.3301e+00, 3.4507e-02, 
 2DIAGNOSTIC,     5, -4.804190218500e-01, 1.797693134862e+308, 2.3612e+00, 3.1063e-02, 
 2DIAGNOSTIC,     6, -4.822891387897e-01, 1.797693134862e+308, 2.3988e+00, 3.7593e-02, 
 2DIAGNOSTIC,     7, -4.833057273794e-01, 1.797693134862e+308, 2.4309e+00, 3.2112e-02, 
 2DIAGNOSTIC,     8, -4.834583856645e-01, 1.797693134862e+308, 2.4616e+00, 3.0761e-02, 
 2DIAGNOSTIC,     9, -4.839142503213e-01, 1.797693134862e+308, 2.5007e+00, 3.9065e-02, 
 2DIAGNOSTIC,    10, -4.855807326131e-01, 1.739887233758e-03, 2.5481e+00, 4.7430e-02, 
 2DIAGNOSTIC,    11, -4.861934235199e-01, 1.462751419260e-03, 2.5815e+00, 3.3373e-02, 
 2DIAGNOSTIC,    12, -4.864416388039e-01, 1.150072313727e-03, 2.6143e+00, 3.2798e-02, 
 2DIAGNOSTIC,    13, -4.868565408015e-01, 8.522055777014e-04, 2.6463e+00, 3.1969e-02, 
 2DIAGNOSTIC,    14, -4.887592220272e-01, 6.797509926241e-04, 2.6947e+00, 4.8452e-02, 
 2DIAGNOSTIC,    15, -4.898750368606e-01, 6.311054380128e-04, 2.7314e+00, 3.6632e-02, 
 2DIAGNOSTIC,    16, -4.899147981336e-01, 5.997897356497e-04, 2.7699e+00, 3.8542e-02, 
 2DIAGNOSTIC,    17, -4.899320353374e-01, 5.551764739781e-04, 2.8076e+00, 3.7730e-02, 
 2DIAGNOSTIC,    18, -4.899301079921e-01, 4.700852488087e-04, 2.8411e+00, 3.3497e-02, 
 2DIAGNOSTIC,    19, -4.899192838405e-01, 3.621811537707e-04, 2.8790e+00, 3.7912e-02, 
 2DIAGNOSTIC,    20, -4.899139206741e-01, 2.794705880278e-04, 2.9224e+00, 4.3326e-02, 
 2DIAGNOSTIC,    21, -4.899071489348e-01, 1.964436704806e-04, 2.9569e+00, 3.4538e-02, 
 2DIAGNOSTIC,    22, -4.898852561940e-01, 1.096502581442e-04, 2.9914e+00, 3.4523e-02, 
 2DIAGNOSTIC,    23, -4.898709721224e-01, 2.954752665556e-05, 3.0276e+00, 3.6210e-02, 
DIAGNOSTIC,Iteration,metricValue,convergenceValue,ITERATION_TIME_INDEX,SINCE_LAST
 2DIAGNOSTIC,     1, -4.332511868527e-01, 1.797693134862e+308, 4.1878e+00, 1.1601e+00, 
 2DIAGNOSTIC,     2, -4.333774601363e-01, 1.797693134862e+308, 4.4365e+00, 2.4875e-01, 
 2DIAGNOSTIC,     3, -4.334694166268e-01, 1.797693134862e+308, 4.6887e+00, 2.5223e-01, 
 2DIAGNOSTIC,     4, -4.336162345633e-01, 1.797693134862e+308, 4.9345e+00, 2.4582e-01, 
 2DIAGNOSTIC,     5, -4.342713499453e-01, 1.797693134862e+308, 5.2494e+00, 3.1482e-01, 
 2DIAGNOSTIC,     6, -4.343067933809e-01, 1.797693134862e+308, 5.4887e+00, 2.3930e-01, 
 2DIAGNOSTIC,     7, -4.343875225113e-01, 1.797693134862e+308, 5.7477e+00, 2.5903e-01, 
 2DIAGNOSTIC,     8, -4.347210263595e-01, 1.797693134862e+308, 6.1162e+00, 3.6854e-01, 
 2DIAGNOSTIC,     9, -4.347652645071e-01, 1.797693134862e+308, 6.5454e+00, 4.2916e-01, 
 2DIAGNOSTIC,    10, -4.347696384976e-01, 2.634691538269e-04, 6.8168e+00, 2.7137e-01, 
 2DIAGNOSTIC,    11, -4.347666231040e-01, 2.144638952042e-04, 7.1068e+00, 2.9008e-01, 
 2DIAGNOSTIC,    12, -4.347671681600e-01, 1.620187305892e-04, 7.3896e+00, 2.8278e-01, 
 2DIAGNOSTIC,    13, -4.347661886518e-01, 1.077531768634e-04, 7.6673e+00, 2.7770e-01, 
 2DIAGNOSTIC,    14, -4.347649581617e-01, 5.759849347492e-05, 8.0027e+00, 3.3540e-01, 
 2DIAGNOSTIC,    15, -4.347636580351e-01, 3.783756249140e-05, 8.3006e+00, 2.9786e-01, 
 2DIAGNOSTIC,    16, -4.347648770747e-01, 1.887445795277e-05, 8.6105e+00, 3.0995e-01, 
 2DIAGNOSTIC,    17, -4.347655814504e-01, 3.376911807941e-06, 8.8739e+00, 2.6333e-01, 
 2DIAGNOSTIC,    18, -4.347628460158e-01, 1.440509992984e-06, 9.1633e+00, 2.8944e-01, 
 2DIAGNOSTIC,    19, -4.347624839785e-01, 1.248755435980e-06, 9.4867e+00, 3.2346e-01, 
 2DIAGNOSTIC,    20, -4.347621275121e-01, 1.250143418917e-06, 9.8010e+00, 3.1428e-01, 
 2DIAGNOSTIC,    21, -4.347615019610e-01, 1.166538202105e-06, 1.0115e+01, 3.1352e-01, 
 2DIAGNOSTIC,    22, -4.347599870273e-01, 1.094126050892e-06, 1.0353e+01, 2.3846e-01, 
 2DIAGNOSTIC,    23, -4.347593071198e-01, 1.017077417315e-06, 1.0587e+01, 2.3363e-01, 
DIAGNOSTIC,Iteration,metricValue,convergenceValue,ITERATION_TIME_INDEX,SINCE_LAST
 2DIAGNOSTIC,     1, -4.013133088320e-01, 1.797693134862e+308, 1.3185e+01, 2.5988e+00, 
 2DIAGNOSTIC,     2, -4.014252357108e-01, 1.797693134862e+308, 1.4703e+01, 1.5174e+00, 
 2DIAGNOSTIC,     3, -4.015187947742e-01, 1.797693134862e+308, 1.6295e+01, 1.5917e+00, 
 2DIAGNOSTIC,     4, -4.016067752808e-01, 1.797693134862e+308, 1.7755e+01, 1.4608e+00, 
 2DIAGNOSTIC,     5, -4.016365127712e-01, 1.797693134862e+308, 1.9218e+01, 1.4625e+00, 
 2DIAGNOSTIC,     6, -4.016755296360e-01, 1.797693134862e+308, 2.1102e+01, 1.8837e+00, 
 2DIAGNOSTIC,     7, -4.016822836175e-01, 1.797693134862e+308, 2.2790e+01, 1.6885e+00, 
 2DIAGNOSTIC,     8, -4.017256037943e-01, 1.797693134862e+308, 2.4461e+01, 1.6709e+00, 
 2DIAGNOSTIC,     9, -4.017344681104e-01, 1.797693134862e+308, 2.6238e+01, 1.7771e+00, 
 2DIAGNOSTIC,    10, -4.017533237844e-01, 6.666509022536e-05, 2.8079e+01, 1.8410e+00, 
 2DIAGNOSTIC,    11, -4.017870780469e-01, 4.786547374494e-05, 2.9946e+01, 1.8666e+00, 
 2DIAGNOSTIC,    12, -4.017869873964e-01, 3.463581830812e-05, 3.2272e+01, 2.3261e+00, 
 2DIAGNOSTIC,    13, -4.017865652486e-01, 2.553683116287e-05, 3.4182e+01, 1.9107e+00, 
 2DIAGNOSTIC,    14, -4.017864547329e-01, 2.007739174520e-05, 3.5749e+01, 1.5664e+00, 
 2DIAGNOSTIC,    15, -4.017862514244e-01, 1.507551346711e-05, 3.7916e+01, 2.1674e+00, 
 2DIAGNOSTIC,    16, -4.017860104827e-01, 1.121844931121e-05, 3.9630e+01, 1.7134e+00, 
 2DIAGNOSTIC,    17, -4.017860229054e-01, 7.207700750834e-06, 4.1337e+01, 1.7074e+00, 
 2DIAGNOSTIC,    18, -4.017858558641e-01, 4.866656306064e-06, 4.2794e+01, 1.4571e+00, 
 2DIAGNOSTIC,    19, -4.017856064884e-01, 2.800889903995e-06, 4.4431e+01, 1.6364e+00, 
 2DIAGNOSTIC,    20, -4.017855272399e-01, 1.467153395190e-06, 4.6007e+01, 1.5760e+00, 
 2DIAGNOSTIC,    21, -4.017855338971e-01, 1.409338953776e-06, 4.7810e+01, 1.8038e+00, 
 2DIAGNOSTIC,    22, -4.017853655390e-01, 1.358439674942e-06, 4.9399e+01, 1.5883e+00, 
 2DIAGNOSTIC,    23, -4.017852851100e-01, 1.304844365113e-06, 5.0947e+01, 1.5485e+00, 
 2DIAGNOSTIC,    24, -4.017852090385e-01, 1.257825433913e-06, 5.2473e+01, 1.5257e+00, 
 2DIAGNOSTIC,    25, -4.017850478776e-01, 1.210766859931e-06, 5.3996e+01, 1.5234e+00, 
 2DIAGNOSTIC,    26, -4.017852329469e-01, 1.171537671797e-06, 5.5522e+01, 1.5260e+00, 
 2DIAGNOSTIC,    27, -4.017854218100e-01, 1.145271484114e-06, 5.7048e+01, 1.5254e+00, 
 2DIAGNOSTIC,    28, -4.017854391126e-01, 1.120287413614e-06, 5.8779e+01, 1.7313e+00, 
 2DIAGNOSTIC,    29, -4.017853659577e-01, 1.090826590520e-06, 6.0826e+01, 2.0469e+00, 
 2DIAGNOSTIC,    30, -4.017851970463e-01, 1.058165475278e-06, 6.2674e+01, 1.8480e+00, 
 2DIAGNOSTIC,    31, -4.017851149832e-01, 1.026193432070e-06, 6.4053e+01, 1.3791e+00, 
  Elapsed time (stage 0): 6.4997e+01


Total elapsed time: 6.5001e+01
Info [verificarlo]: loaded backend libinterflop_vprec.so
Info [interflop-vprec]: load backend with: 
Info [interflop-vprec]: precision-binary32 = 17
Info [interflop-vprec]: range-binary32 = 7
Info [interflop-vprec]: precision-binary64 = 17
Info [interflop-vprec]: range-binary64 = 7
Info [interflop-vprec]: mode = ob
Info [interflop-vprec]: error-mode = rel
Info [interflop-vprec]: max-abs-error-exponent = -1022
Info [interflop-vprec]: daz = false
Info [interflop-vprec]: ftz = false
Info [interflop-vprec]: 	instrument = none
Info [interflop-vprec]: 	prec-input-file = (null)
Info [interflop-vprec]: 	prec-output-file = (null)
Info [interflop-vprec]: 	prec-log-file = (null)
All_Command_lines_OK
Using double precision for computations.
=============================================================================
The composite transform comprises the following transforms (in order): 
  1. /home/mdugre/scratch/mri-registration-rp/datasets/ds004513/derivatives/mri-registration-rp/0011/antsRegistration-r7-p17/sub-s037/rigid_Composite.h5[0] (type = Euler3DTransform)
  2. /home/mdugre/scratch/mri-registration-rp/datasets/ds004513/derivatives/mri-registration-rp/0011/antsRegistration-r7-p17/sub-s037/rigid_Composite.h5[1] (type = Euler3DTransform)
  3. /home/mdugre/scratch/mri-registration-rp/datasets/ds004513/derivatives/mri-registration-rp/0011/antsRegistration-r7-p17/sub-s037/rigid_Composite.h5[2] (type = Euler3DTransform)
=============================================================================
  number of levels = 4
  fixed image: /templateflow/tpl-MNI152NLin2009cAsym/tpl-MNI152NLin2009cAsym_res-01_desc-brain_T1w.nii.gz
  moving image: /home/mdugre/scratch/mri-registration-rp/datasets/ds004513/derivatives/mri-registration-rp/antsBrainExtraction/sub-s037/BrainExtractionBrain.nii.gz
Dimension = 3
Number of stages = 1
Use histogram matching = false
Winsorize image intensities = true
  Lower quantile = 0.005
  Upper quantile = 0.995


Stage 1 State
   Image metric = MattesMI
     Fixed image = Image (0x3e19490)
  RTTI typeinfo:   itk::Image<double, 3u>
  Reference Count: 2
  Modified Time: 1592
  Debug: Off
  Object Name: 
  Observers: 
    none
  Source: (none)
  Source output name: (none)
  Release Data: Off
  Data Released: False
  Global Release Data: Off
  PipelineMTime: 0
  UpdateMTime: 1203
  RealTimeStamp: 0 seconds 
  LargestPossibleRegion: 
    Dimension: 3
    Index: [0, 0, 0]
    Size: [193, 229, 193]
  BufferedRegion: 
    Dimension: 3
    Index: [0, 0, 0]
    Size: [193, 229, 193]
  RequestedRegion: 
    Dimension: 3
    Index: [0, 0, 0]
    Size: [193, 229, 193]
  Spacing: [1, 1, 1]
  Origin: [96, 132, -78]
  Direction: 
-1 0 0
0 -1 0
0 0 1

  IndexToPointMatrix: 
-1 0 0
0 -1 0
0 0 1

  PointToIndexMatrix: 
-1 0 0
0 -1 0
0 0 1

  Inverse Direction: 
-1 0 0
0 -1 0
0 0 1

  PixelContainer: 
    ImportImageContainer (0x3ee48c0)
      RTTI typeinfo:   itk::ImportImageContainer<unsigned long, double>
      Reference Count: 1
      Modified Time: 1200
      Debug: Off
      Object Name: 
      Observers: 
        none
      Pointer: 0x151535294010
      Container manages memory: true
      Size: 8530021
      Capacity: 8530021

     Moving image = Image (0x3ed4b60)
  RTTI typeinfo:   itk::Image<double, 3u>
  Reference Count: 2
  Modified Time: 1593
  Debug: Off
  Object Name: 
  Observers: 
    none
  Source: (none)
  Source output name: (none)
  Release Data: Off
  Data Released: False
  Global Release Data: Off
  PipelineMTime: 0
  UpdateMTime: 1590
  RealTimeStamp: 0 seconds 
  LargestPossibleRegion: 
    Dimension: 3
    Index: [0, 0, 0]
    Size: [160, 240, 256]
  BufferedRegion: 
    Dimension: 3
    Index: [0, 0, 0]
    Size: [160, 240, 256]
  RequestedRegion: 
    Dimension: 3
    Index: [0, 0, 0]
    Size: [160, 240, 256]
  Spacing: [1, 1, 1]
  Origin: [87.9507, 102.562, -147.639]
  Direction: 
-0.998657 -0.043612 -0.027913
0.0435951 -0.99905 0.00121848
-0.0279396 -2.65543e-08 0.999611

  IndexToPointMatrix: 
-0.998657 -0.043612 -0.027913
0.0435951 -0.99905 0.00121848
-0.0279396 -2.65543e-08 0.999611

  PointToIndexMatrix: 
-0.998657 0.0435951 -0.0279396
-0.043612 -0.99905 -2.98023e-08
-0.027913 0.00121847 0.999611

  Inverse Direction: 
-0.998657 0.0435951 -0.0279396
-0.043612 -0.99905 -2.98023e-08
-0.027913 0.00121847 0.999611

  PixelContainer: 
    ImportImageContainer (0x3f681d0)
      RTTI typeinfo:   itk::ImportImageContainer<unsigned long, double>
      Reference Count: 1
      Modified Time: 1587
      Debug: Off
      Object Name: 
      Observers: 
        none
      Pointer: 0x151530793010
      Container manages memory: true
      Size: 9830400
      Capacity: 9830400

     Weighting = 1
     Sampling strategy = regular
     Number of bins = 32
     Radius = 4
     Sampling percentage  = 0.25
   Transform = Affine
     Gradient step = 0.1
     Update field sigma (voxel space) = 0
     Total field sigma (voxel space) = 0
     Update field time sigma = 0
     Total field time sigma  = 0
     Number of time indices = 0
     Number of time point samples = 0
Registration using 1 total stages.

Stage 0
  iterations = 1000x500x250x100
  convergence threshold = 1e-06
  convergence window size = 10
  number of levels = 4
  using the Mattes MI metric (number of bins = 32, weight = 1, use gradient filter = 0)
  preprocessing:  winsorizing the image intensities
  Shrink factors (level 1 out of 4): [8, 8, 8]
  Shrink factors (level 2 out of 4): [4, 4, 4]
  Shrink factors (level 3 out of 4): [2, 2, 2]
  Shrink factors (level 4 out of 4): [1, 1, 1]
  smoothing sigmas per level: [3, 2, 1, 0]
  regular sampling (percentage = 0.25)

*** Running AffineTransform registration ***

DIAGNOSTIC,Iteration,metricValue,convergenceValue,ITERATION_TIME_INDEX,SINCE_LAST
 2DIAGNOSTIC,     1, -5.847622006361e-01, 1.797693134862e+308, 0.0000e+00, 0.0000e+00, 
 2DIAGNOSTIC,     2, -5.864735452667e-01, 1.797693134862e+308, 0.0000e+00, 0.0000e+00, 
 2DIAGNOSTIC,     3, -5.892803570313e-01, 1.797693134862e+308, 0.0000e+00, 0.0000e+00, 
 2DIAGNOSTIC,     4, -5.931772449208e-01, 1.797693134862e+308, 0.0000e+00, 0.0000e+00, 
 2DIAGNOSTIC,     5, -5.991550382787e-01, 1.797693134862e+308, 0.0000e+00, 0.0000e+00, 
 2DIAGNOSTIC,     6, -6.090483813963e-01, 1.797693134862e+308, 0.0000e+00, 0.0000e+00, 
 2DIAGNOSTIC,     7, -6.205014792435e-01, 1.797693134862e+308, 0.0000e+00, 0.0000e+00, 
 2DIAGNOSTIC,     8, -6.803341104215e-01, 1.797693134862e+308, 0.0000e+00, 0.0000e+00, 
 2DIAGNOSTIC,     9, -6.971234868743e-01, 1.797693134862e+308, 0.0000e+00, 0.0000e+00, 
 2DIAGNOSTIC,    10, -7.007748239599e-01, 1.321358837803e-02, 0.0000e+00, 0.0000e+00, 
 2DIAGNOSTIC,    11, -7.022812286430e-01, 1.330867878713e-02, 0.0000e+00, 0.0000e+00, 
 2DIAGNOSTIC,    12, -7.023690039098e-01, 1.226632386287e-02, 0.0000e+00, 0.0000e+00, 
 2DIAGNOSTIC,    13, -7.025848032307e-01, 1.037128665537e-02, 0.0000e+00, 0.0000e+00, 
 2DIAGNOSTIC,    14, -7.027883082985e-01, 7.950949440180e-03, 0.0000e+00, 0.0000e+00, 
 2DIAGNOSTIC,    15, -7.049551267397e-01, 5.413060351535e-03, 0.0000e+00, 0.0000e+00, 
 2DIAGNOSTIC,    16, -7.074706201577e-01, 3.074180775656e-03, 0.0000e+00, 0.0000e+00, 
 2DIAGNOSTIC,    17, -7.117872554385e-01, 1.111399809356e-03, 0.0000e+00, 0.0000e+00, 
 2DIAGNOSTIC,    18, -7.192270992751e-01, 8.751411666186e-04, 0.0000e+00, 0.0000e+00, 
 2DIAGNOSTIC,    19, -7.194606060737e-01, 9.632834518399e-04, 0.0000e+00, 0.0000e+00, 
 2DIAGNOSTIC,    20, -7.200628883750e-01, 1.044878120934e-03, 0.0000e+00, 0.0000e+00, 
 2DIAGNOSTIC,    21, -7.199317904299e-01, 1.049965163718e-03, 0.0000e+00, 0.0000e+00, 
 2DIAGNOSTIC,    22, -7.198030625707e-01, 9.549969133019e-04, 0.0000e+00, 0.0000e+00, 
 2DIAGNOSTIC,    23, -7.199249465052e-01, 7.848153238548e-04, 0.0000e+00, 0.0000e+00, 
 2DIAGNOSTIC,    24, -7.200385863414e-01, 5.620031189612e-04, 0.0000e+00, 0.0000e+00, 
 2DIAGNOSTIC,    25, -7.199546259240e-01, 3.419855783177e-04, 0.0000e+00, 0.0000e+00, 
 2DIAGNOSTIC,    26, -7.197970978774e-01, 1.454639421139e-04, 0.0000e+00, 0.0000e+00, 
 2DIAGNOSTIC,    27, -7.198133440712e-01, 1.474006227508e-05, 0.0000e+00, 0.0000e+00, 
 2DIAGNOSTIC,    28, -7.198512048113e-01, 3.677746666056e-06, 0.0000e+00, 0.0000e+00, 
DIAGNOSTIC,Iteration,metricValue,convergenceValue,ITERATION_TIME_INDEX,SINCE_LAST
 2DIAGNOSTIC,     1, -5.929337901689e-01, 1.797693134862e+308, 0.0000e+00, 0.0000e+00, 
 2DIAGNOSTIC,     2, -5.936971001224e-01, 1.797693134862e+308, 0.0000e+00, 0.0000e+00, 
 2DIAGNOSTIC,     3, -5.947263654803e-01, 1.797693134862e+308, 0.0000e+00, 0.0000e+00, 
 2DIAGNOSTIC,     4, -5.956601819461e-01, 1.797693134862e+308, 0.0000e+00, 0.0000e+00, 
 2DIAGNOSTIC,     5, -5.965962979404e-01, 1.797693134862e+308, 0.0000e+00, 0.0000e+00, 
 2DIAGNOSTIC,     6, -5.977477652157e-01, 1.797693134862e+308, 0.0000e+00, 0.0000e+00, 
 2DIAGNOSTIC,     7, -5.983896482057e-01, 1.797693134862e+308, 0.0000e+00, 0.0000e+00, 
 2DIAGNOSTIC,     8, -5.994100732045e-01, 1.797693134862e+308, 0.0000e+00, 0.0000e+00, 
 2DIAGNOSTIC,     9, -6.000832768598e-01, 1.797693134862e+308, 0.0000e+00, 0.0000e+00, 
 2DIAGNOSTIC,    10, -6.000730961583e-01, 8.349918919888e-04, 0.0000e+00, 0.0000e+00, 
 2DIAGNOSTIC,    11, -6.000664866198e-01, 6.762744383228e-04, 0.0000e+00, 0.0000e+00, 
 2DIAGNOSTIC,    12, -6.000738502244e-01, 5.138863041971e-04, 0.0000e+00, 0.0000e+00, 
 2DIAGNOSTIC,    13, -6.000593158132e-01, 3.668489001475e-04, 0.0000e+00, 0.0000e+00, 
 2DIAGNOSTIC,    14, -6.000429021475e-01, 2.383729032806e-04, 0.0000e+00, 0.0000e+00, 
 2DIAGNOSTIC,    15, -6.000446010669e-01, 1.349166518344e-04, 0.0000e+00, 0.0000e+00, 
 2DIAGNOSTIC,    16, -6.000440565387e-01, 6.657366236935e-05, 0.0000e+00, 0.0000e+00, 
 2DIAGNOSTIC,    17, -6.000344624127e-01, 1.741675392245e-05, 0.0000e+00, 0.0000e+00, 
DIAGNOSTIC,Iteration,metricValue,convergenceValue,ITERATION_TIME_INDEX,SINCE_LAST
 2DIAGNOSTIC,     1, -5.248317676485e-01, 1.797693134862e+308, 0.0000e+00, 0.0000e+00, 
 2DIAGNOSTIC,     2, -5.251700035244e-01, 1.797693134862e+308, 0.0000e+00, 0.0000e+00, 
 2DIAGNOSTIC,     3, -5.255631765979e-01, 1.797693134862e+308, 0.0000e+00, 0.0000e+00, 
 2DIAGNOSTIC,     4, -5.260437278587e-01, 1.797693134862e+308, 0.0000e+00, 0.0000e+00, 
 2DIAGNOSTIC,     5, -5.265821693949e-01, 1.797693134862e+308, 0.0000e+00, 0.0000e+00, 
 2DIAGNOSTIC,     6, -5.270553791359e-01, 1.797693134862e+308, 0.0000e+00, 0.0000e+00, 
 2DIAGNOSTIC,     7, -5.275581018028e-01, 1.797693134862e+308, 0.0000e+00, 0.0000e+00, 
 2DIAGNOSTIC,     8, -5.277006003583e-01, 1.797693134862e+308, 0.0000e+00, 0.0000e+00, 
 2DIAGNOSTIC,     9, -5.276973433532e-01, 1.797693134862e+308, 0.0000e+00, 0.0000e+00, 
 2DIAGNOSTIC,    10, -5.277649283585e-01, 4.039905569680e-04, 0.0000e+00, 0.0000e+00, 
 2DIAGNOSTIC,    11, -5.277891367875e-01, 3.123414810040e-04, 0.0000e+00, 0.0000e+00, 
 2DIAGNOSTIC,    12, -5.278064180850e-01, 2.239014947659e-04, 0.0000e+00, 0.0000e+00, 
 2DIAGNOSTIC,    13, -5.278330335337e-01, 1.464115211164e-04, 0.0000e+00, 0.0000e+00, 
 2DIAGNOSTIC,    14, -5.278533094815e-01, 8.613466433259e-05, 0.0000e+00, 0.0000e+00, 
 2DIAGNOSTIC,    15, -5.278768863945e-01, 4.622713946972e-05, 0.0000e+00, 0.0000e+00, 
 2DIAGNOSTIC,    16, -5.278842039869e-01, 2.301050170216e-05, 0.0000e+00, 0.0000e+00, 
 2DIAGNOSTIC,    17, -5.278861051453e-01, 1.649918162273e-05, 0.0000e+00, 0.0000e+00, 
 2DIAGNOSTIC,    18, -5.278855876831e-01, 1.364618639986e-05, 0.0000e+00, 0.0000e+00, 
 2DIAGNOSTIC,    19, -5.278844135005e-01, 9.816758733100e-06, 0.0000e+00, 0.0000e+00, 
 2DIAGNOSTIC,    20, -5.278844250723e-01, 7.421444322371e-06, 0.0000e+00, 0.0000e+00, 
 2DIAGNOSTIC,    21, -5.278843834224e-01, 5.328202474057e-06, 0.0000e+00, 0.0000e+00, 
 2DIAGNOSTIC,    22, -5.278843489375e-01, 3.485625093627e-06, 0.0000e+00, 0.0000e+00, 
 2DIAGNOSTIC,    23, -5.278839055465e-01, 2.220740060052e-06, 0.0000e+00, 0.0000e+00, 
 2DIAGNOSTIC,    24, -5.278841105327e-01, 1.429886307171e-06, 0.0000e+00, 0.0000e+00, 
 2DIAGNOSTIC,    25, -5.278847652272e-01, 1.209456914120e-06, 0.0000e+00, 0.0000e+00, 
 2DIAGNOSTIC,    26, -5.278846025952e-01, 1.157041233185e-06, 0.0000e+00, 0.0000e+00, 
 2DIAGNOSTIC,    27, -5.278846266593e-01, 1.152555348022e-06, 0.0000e+00, 0.0000e+00, 
 2DIAGNOSTIC,    28, -5.278846890035e-01, 1.141981090844e-06, 0.0000e+00, 0.0000e+00, 
 2DIAGNOSTIC,    29, -5.278846815603e-01, 1.108483382473e-06, 0.0000e+00, 0.0000e+00, 
 2DIAGNOSTIC,    30, -5.278846604575e-01, 1.074732897073e-06, 0.0000e+00, 0.0000e+00, 
 2DIAGNOSTIC,    31, -5.278846545018e-01, 1.040082186196e-06, 0.0000e+00, 0.0000e+00, 
 2DIAGNOSTIC,    32, -5.278846491618e-01, 1.005162064735e-06, 0.0000e+00, 0.0000e+00, 
DIAGNOSTIC,Iteration,metricValue,convergenceValue,ITERATION_TIME_INDEX,SINCE_LAST
 2DIAGNOSTIC,     1, -4.828211083547e-01, 1.797693134862e+308, 0.0000e+00, 0.0000e+00, 
 2DIAGNOSTIC,     2, -4.831174881377e-01, 1.797693134862e+308, 0.0000e+00, 0.0000e+00, 
 2DIAGNOSTIC,     3, -4.834662957747e-01, 1.797693134862e+308, 0.0000e+00, 0.0000e+00, 
 2DIAGNOSTIC,     4, -4.841344820869e-01, 1.797693134862e+308, 0.0000e+00, 0.0000e+00, 
 2DIAGNOSTIC,     5, -4.841550735882e-01, 1.797693134862e+308, 0.0000e+00, 0.0000e+00, 
 2DIAGNOSTIC,     6, -4.841549505584e-01, 1.797693134862e+308, 0.0000e+00, 0.0000e+00, 
 2DIAGNOSTIC,     7, -4.841541025054e-01, 1.797693134862e+308, 0.0000e+00, 0.0000e+00, 
 2DIAGNOSTIC,     8, -4.841536644516e-01, 1.797693134862e+308, 0.0000e+00, 0.0000e+00, 
 2DIAGNOSTIC,     9, -4.841546475767e-01, 1.797693134862e+308, 0.0000e+00, 0.0000e+00, 
 2DIAGNOSTIC,    10, -4.841551966819e-01, 1.636245671017e-04, 0.0000e+00, 0.0000e+00, 
 2DIAGNOSTIC,    11, -4.841561799790e-01, 9.117320594232e-05, 0.0000e+00, 0.0000e+00, 
 2DIAGNOSTIC,    12, -4.841566684775e-01, 3.733761781313e-05, 0.0000e+00, 0.0000e+00, 
 2DIAGNOSTIC,    13, -4.841570705514e-01, 3.576977681066e-06, 0.0000e+00, 0.0000e+00, 
 2DIAGNOSTIC,    14, -4.841579719878e-01, 2.578813482756e-06, 0.0000e+00, 0.0000e+00, 
 2DIAGNOSTIC,    15, -4.841594726197e-01, 2.547092544866e-06, 0.0000e+00, 0.0000e+00, 
 2DIAGNOSTIC,    16, -4.841587117482e-01, 2.445570529364e-06, 0.0000e+00, 0.0000e+00, 
 2DIAGNOSTIC,    17, -4.841595986201e-01, 2.316074978061e-06, 0.0000e+00, 0.0000e+00, 
 2DIAGNOSTIC,    18, -4.841597264892e-01, 2.147223933567e-06, 0.0000e+00, 0.0000e+00, 
 2DIAGNOSTIC,    19, -4.841595227659e-01, 1.982750164407e-06, 0.0000e+00, 0.0000e+00, 
 2DIAGNOSTIC,    20, -4.841594407245e-01, 1.817719351600e-06, 0.0000e+00, 0.0000e+00, 
 2DIAGNOSTIC,    21, -4.841594609243e-01, 1.674216584188e-06, 0.0000e+00, 0.0000e+00, 
