
##########################
# Experiment information #
##########################

EXPERIMENT_NAME: antsRegistration-r8-p17
VFC_BACKENDS: libinterflop_vprec.so --range-binary32=8 --precision-binary32=17 --range-binary64=8 --precision-binary64=17

SIF_IMG: /home/mdugre/projects/rrg-glatard/mdugre/containers/ants-vprec-no_metrics.simg

SUBJECT_ID: s035
INPUT_IMG: /home/mdugre/scratch/mri-registration-rp/datasets/ds004513/derivatives/mri-registration-rp/antsBrainExtraction/sub-s035/BrainExtractionBrain.nii.gz
OUTPUT_DIR: /home/mdugre/scratch/mri-registration-rp/datasets/ds004513/derivatives/mri-registration-rp/0011/antsRegistration-r8-p17/sub-s035

FIXED_IMG: /templateflow/tpl-MNI152NLin2009cAsym/tpl-MNI152NLin2009cAsym_res-01_desc-brain_T1w.nii.gz
DATA_DIR: /home/mdugre/scratch/mri-registration-rp/datasets/ds004513
TEMPLATEFLOW_DIR: /home/mdugre/projects/rrg-glatard/mdugre/templateflow
ITK_GLOBAL_DEFAULT_NUMBER_OF_THREADS: 16
##########################

Info [verificarlo]: loaded backend libinterflop_ieee.so
Info [interflop-ieee]: load backend with:
Info [interflop-ieee]: debug = false
Info [interflop-ieee]: debug-binary = false
Info [interflop-ieee]: no-backend-name = false
Info [interflop-ieee]: print-new-line = false
Info [interflop-ieee]: print-subnormal-normalized = false
Info [interflop-ieee]: count-op = false
All_Command_lines_OK
Using double precision for computations.
=============================================================================
The composite transform comprises the following transforms (in order): 
  1. Center of mass alignment using fixed image: /templateflow/tpl-MNI152NLin2009cAsym/tpl-MNI152NLin2009cAsym_res-01_desc-brain_T1w.nii.gz and moving image: /home/mdugre/scratch/mri-registration-rp/datasets/ds004513/derivatives/mri-registration-rp/antsBrainExtraction/sub-s035/BrainExtractionBrain.nii.gz (type = Euler3DTransform)
=============================================================================
  number of levels = 1
  fixed image: /templateflow/tpl-MNI152NLin2009cAsym/tpl-MNI152NLin2009cAsym_res-01_desc-brain_T1w.nii.gz
  moving image: /home/mdugre/scratch/mri-registration-rp/datasets/ds004513/derivatives/mri-registration-rp/antsBrainExtraction/sub-s035/BrainExtractionBrain.nii.gz
Dimension = 3
Number of stages = 1
Use histogram matching = false
Winsorize image intensities = true
  Lower quantile = 0.005
  Upper quantile = 0.995


Stage 1 State
   Image metric = MattesMI
     Fixed image = Image (0x4688e70)
  RTTI typeinfo:   itk::Image<double, 3u>
  Reference Count: 2
  Modified Time: 2330
  Debug: Off
  Object Name: 
  Observers: 
    none
  Source: (none)
  Source output name: (none)
  Release Data: Off
  Data Released: False
  Global Release Data: Off
  PipelineMTime: 0
  UpdateMTime: 1941
  RealTimeStamp: 0 seconds 
  LargestPossibleRegion: 
    Dimension: 3
    Index: [0, 0, 0]
    Size: [193, 229, 193]
  BufferedRegion: 
    Dimension: 3
    Index: [0, 0, 0]
    Size: [193, 229, 193]
  RequestedRegion: 
    Dimension: 3
    Index: [0, 0, 0]
    Size: [193, 229, 193]
  Spacing: [1, 1, 1]
  Origin: [96, 132, -78]
  Direction: 
-1 0 0
0 -1 0
0 0 1

  IndexToPointMatrix: 
-1 0 0
0 -1 0
0 0 1

  PointToIndexMatrix: 
-1 0 0
0 -1 0
0 0 1

  Inverse Direction: 
-1 0 0
0 -1 0
0 0 1

  PixelContainer: 
    ImportImageContainer (0x4691c60)
      RTTI typeinfo:   itk::ImportImageContainer<unsigned long, double>
      Reference Count: 1
      Modified Time: 1938
      Debug: Off
      Object Name: 
      Observers: 
        none
      Pointer: 0x14ee18d36010
      Container manages memory: true
      Size: 8530021
      Capacity: 8530021

     Moving image = Image (0x4725ec0)
  RTTI typeinfo:   itk::Image<double, 3u>
  Reference Count: 2
  Modified Time: 2331
  Debug: Off
  Object Name: 
  Observers: 
    none
  Source: (none)
  Source output name: (none)
  Release Data: Off
  Data Released: False
  Global Release Data: Off
  PipelineMTime: 0
  UpdateMTime: 2328
  RealTimeStamp: 0 seconds 
  LargestPossibleRegion: 
    Dimension: 3
    Index: [0, 0, 0]
    Size: [160, 240, 256]
  BufferedRegion: 
    Dimension: 3
    Index: [0, 0, 0]
    Size: [160, 240, 256]
  RequestedRegion: 
    Dimension: 3
    Index: [0, 0, 0]
    Size: [160, 240, 256]
  Spacing: [1, 1, 1]
  Origin: [98.6438, 87.6358, -117.989]
  Direction: 
-0.993515 -0.100993 -0.0522355
0.100854 -0.994887 0.00530255
-0.0525039 1.93537e-08 0.998621

  IndexToPointMatrix: 
-0.993515 -0.100993 -0.0522355
0.100854 -0.994887 0.00530255
-0.0525039 1.93537e-08 0.998621

  PointToIndexMatrix: 
-0.993515 0.100854 -0.0525039
-0.100993 -0.994887 1.93006e-08
-0.0522355 0.00530255 0.998621

  Inverse Direction: 
-0.993515 0.100854 -0.0525039
-0.100993 -0.994887 1.93006e-08
-0.0522355 0.00530255 0.998621

  PixelContainer: 
    ImportImageContainer (0x47bd610)
      RTTI typeinfo:   itk::ImportImageContainer<unsigned long, double>
      Reference Count: 1
      Modified Time: 2325
      Debug: Off
      Object Name: 
      Observers: 
        none
      Pointer: 0x14ee14235010
      Container manages memory: true
      Size: 9830400
      Capacity: 9830400

     Weighting = 1
     Sampling strategy = regular
     Number of bins = 32
     Radius = 4
     Sampling percentage  = 0.25
   Transform = Rigid
     Gradient step = 0.1
     Update field sigma (voxel space) = 0
     Total field sigma (voxel space) = 0
     Update field time sigma = 0
     Total field time sigma  = 0
     Number of time indices = 0
     Number of time point samples = 0
Registration using 1 total stages.

Stage 0
  iterations = 0
  convergence threshold = 1e-06
  convergence window size = 10
  number of levels = 1
  using the Mattes MI metric (number of bins = 32, weight = 1, use gradient filter = 0)
  preprocessing:  winsorizing the image intensities
  Shrink factors (level 1 out of 1): [1, 1, 1]
  smoothing sigmas per level: [0]
  regular sampling (percentage = 0.25)

*** Running Euler3DTransform registration ***

  Elapsed time (stage 0): 1.09766


Total elapsed time: 1.09987
Info [verificarlo]: loaded backend libinterflop_ieee.so
Info [interflop-ieee]: load backend with:
Info [interflop-ieee]: debug = false
Info [interflop-ieee]: debug-binary = false
Info [interflop-ieee]: no-backend-name = false
Info [interflop-ieee]: print-new-line = false
Info [interflop-ieee]: print-subnormal-normalized = false
Info [interflop-ieee]: count-op = false
All_Command_lines_OK
Using double precision for computations.
=============================================================================
The composite transform comprises the following transforms (in order): 
  1. /home/mdugre/scratch/mri-registration-rp/datasets/ds004513/derivatives/mri-registration-rp/0011/antsRegistration-r8-p17/sub-s035/align_Composite.h5[0] (type = Euler3DTransform)
  2. /home/mdugre/scratch/mri-registration-rp/datasets/ds004513/derivatives/mri-registration-rp/0011/antsRegistration-r8-p17/sub-s035/align_Composite.h5[1] (type = Euler3DTransform)
=============================================================================
  number of levels = 4
  fixed image: /templateflow/tpl-MNI152NLin2009cAsym/tpl-MNI152NLin2009cAsym_res-01_desc-brain_T1w.nii.gz
  moving image: /home/mdugre/scratch/mri-registration-rp/datasets/ds004513/derivatives/mri-registration-rp/antsBrainExtraction/sub-s035/BrainExtractionBrain.nii.gz
Dimension = 3
Number of stages = 1
Use histogram matching = false
Winsorize image intensities = true
  Lower quantile = 0.005
  Upper quantile = 0.995


Stage 1 State
   Image metric = MattesMI
     Fixed image = Image (0x3a0e530)
  RTTI typeinfo:   itk::Image<double, 3u>
  Reference Count: 2
  Modified Time: 1578
  Debug: Off
  Object Name: 
  Observers: 
    none
  Source: (none)
  Source output name: (none)
  Release Data: Off
  Data Released: False
  Global Release Data: Off
  PipelineMTime: 0
  UpdateMTime: 1189
  RealTimeStamp: 0 seconds 
  LargestPossibleRegion: 
    Dimension: 3
    Index: [0, 0, 0]
    Size: [193, 229, 193]
  BufferedRegion: 
    Dimension: 3
    Index: [0, 0, 0]
    Size: [193, 229, 193]
  RequestedRegion: 
    Dimension: 3
    Index: [0, 0, 0]
    Size: [193, 229, 193]
  Spacing: [1, 1, 1]
  Origin: [96, 132, -78]
  Direction: 
-1 0 0
0 -1 0
0 0 1

  IndexToPointMatrix: 
-1 0 0
0 -1 0
0 0 1

  PointToIndexMatrix: 
-1 0 0
0 -1 0
0 0 1

  Inverse Direction: 
-1 0 0
0 -1 0
0 0 1

  PixelContainer: 
    ImportImageContainer (0x3accd60)
      RTTI typeinfo:   itk::ImportImageContainer<unsigned long, double>
      Reference Count: 1
      Modified Time: 1186
      Debug: Off
      Object Name: 
      Observers: 
        none
      Pointer: 0x1551476b7010
      Container manages memory: true
      Size: 8530021
      Capacity: 8530021

     Moving image = Image (0x3abef60)
  RTTI typeinfo:   itk::Image<double, 3u>
  Reference Count: 2
  Modified Time: 1579
  Debug: Off
  Object Name: 
  Observers: 
    none
  Source: (none)
  Source output name: (none)
  Release Data: Off
  Data Released: False
  Global Release Data: Off
  PipelineMTime: 0
  UpdateMTime: 1576
  RealTimeStamp: 0 seconds 
  LargestPossibleRegion: 
    Dimension: 3
    Index: [0, 0, 0]
    Size: [160, 240, 256]
  BufferedRegion: 
    Dimension: 3
    Index: [0, 0, 0]
    Size: [160, 240, 256]
  RequestedRegion: 
    Dimension: 3
    Index: [0, 0, 0]
    Size: [160, 240, 256]
  Spacing: [1, 1, 1]
  Origin: [98.6438, 87.6358, -117.989]
  Direction: 
-0.993515 -0.100993 -0.0522355
0.100854 -0.994887 0.00530255
-0.0525039 1.93537e-08 0.998621

  IndexToPointMatrix: 
-0.993515 -0.100993 -0.0522355
0.100854 -0.994887 0.00530255
-0.0525039 1.93537e-08 0.998621

  PointToIndexMatrix: 
-0.993515 0.100854 -0.0525039
-0.100993 -0.994887 1.93006e-08
-0.0522355 0.00530255 0.998621

  Inverse Direction: 
-0.993515 0.100854 -0.0525039
-0.100993 -0.994887 1.93006e-08
-0.0522355 0.00530255 0.998621

  PixelContainer: 
    ImportImageContainer (0x3ab06d0)
      RTTI typeinfo:   itk::ImportImageContainer<unsigned long, double>
      Reference Count: 1
      Modified Time: 1573
      Debug: Off
      Object Name: 
      Observers: 
        none
      Pointer: 0x155142bb6010
      Container manages memory: true
      Size: 9830400
      Capacity: 9830400

     Weighting = 1
     Sampling strategy = regular
     Number of bins = 32
     Radius = 4
     Sampling percentage  = 0.25
   Transform = Rigid
     Gradient step = 0.1
     Update field sigma (voxel space) = 0
     Total field sigma (voxel space) = 0
     Update field time sigma = 0
     Total field time sigma  = 0
     Number of time indices = 0
     Number of time point samples = 0
Registration using 1 total stages.

Stage 0
  iterations = 1000x500x250x100
  convergence threshold = 1e-06
  convergence window size = 10
  number of levels = 4
  using the Mattes MI metric (number of bins = 32, weight = 1, use gradient filter = 0)
  preprocessing:  winsorizing the image intensities
  Shrink factors (level 1 out of 4): [8, 8, 8]
  Shrink factors (level 2 out of 4): [4, 4, 4]
  Shrink factors (level 3 out of 4): [2, 2, 2]
  Shrink factors (level 4 out of 4): [1, 1, 1]
  smoothing sigmas per level: [3, 2, 1, 0]
  regular sampling (percentage = 0.25)

*** Running Euler3DTransform registration ***

DIAGNOSTIC,Iteration,metricValue,convergenceValue,ITERATION_TIME_INDEX,SINCE_LAST
 2DIAGNOSTIC,     1, -5.238630234552e-01, 1.797693134862e+308, 6.1431e-01, 6.1431e-01, 
 2DIAGNOSTIC,     2, -5.257885820767e-01, 1.797693134862e+308, 6.1802e-01, 3.7129e-03, 
 2DIAGNOSTIC,     3, -5.278597554839e-01, 1.797693134862e+308, 6.2196e-01, 3.9361e-03, 
 2DIAGNOSTIC,     4, -5.302176117225e-01, 1.797693134862e+308, 6.2618e-01, 4.2229e-03, 
 2DIAGNOSTIC,     5, -5.343462816845e-01, 1.797693134862e+308, 6.3045e-01, 4.2708e-03, 
 2DIAGNOSTIC,     6, -5.399239396740e-01, 1.797693134862e+308, 6.3447e-01, 4.0209e-03, 
 2DIAGNOSTIC,     7, -5.490554822001e-01, 1.797693134862e+308, 6.3852e-01, 4.0522e-03, 
 2DIAGNOSTIC,     8, -5.545204224448e-01, 1.797693134862e+308, 6.4362e-01, 5.0969e-03, 
 2DIAGNOSTIC,     9, -5.601437715553e-01, 1.797693134862e+308, 6.4765e-01, 4.0309e-03, 
 2DIAGNOSTIC,    10, -5.617741193774e-01, 5.067640484485e-03, 6.5202e-01, 4.3662e-03, 
 2DIAGNOSTIC,    11, -5.649562249041e-01, 4.796539612083e-03, 6.5720e-01, 5.1811e-03, 
 2DIAGNOSTIC,    12, -5.658710903081e-01, 4.260783098155e-03, 6.6183e-01, 4.6358e-03, 
 2DIAGNOSTIC,    13, -5.662828333056e-01, 3.524744036646e-03, 6.6595e-01, 4.1180e-03, 
 2DIAGNOSTIC,    14, -5.685908474577e-01, 2.751340472953e-03, 6.7068e-01, 4.7281e-03, 
 2DIAGNOSTIC,    15, -5.732745043306e-01, 2.134644679428e-03, 6.7688e-01, 6.1970e-03, 
 2DIAGNOSTIC,    16, -5.738084427846e-01, 1.591333148337e-03, 6.8199e-01, 5.1169e-03, 
 2DIAGNOSTIC,    17, -5.739093703465e-01, 1.247363567740e-03, 6.8610e-01, 4.1070e-03, 
 2DIAGNOSTIC,    18, -5.745773598458e-01, 1.002163966316e-03, 6.9021e-01, 4.1089e-03, 
 2DIAGNOSTIC,    19, -5.752045522722e-01, 8.579763081918e-04, 6.9454e-01, 4.3268e-03, 
 2DIAGNOSTIC,    20, -5.755578777726e-01, 6.955845773858e-04, 6.9875e-01, 4.2119e-03, 
 2DIAGNOSTIC,    21, -5.761681227725e-01, 5.767135182680e-04, 7.0295e-01, 4.2050e-03, 
 2DIAGNOSTIC,    22, -5.775610178280e-01, 4.707067062507e-04, 7.0718e-01, 4.2219e-03, 
 2DIAGNOSTIC,    23, -5.801876522130e-01, 3.965856196728e-04, 7.1151e-01, 4.3371e-03, 
 2DIAGNOSTIC,    24, -5.873578871739e-01, 4.881452203402e-04, 7.1740e-01, 5.8889e-03, 
 2DIAGNOSTIC,    25, -5.924052233445e-01, 7.199711434008e-04, 7.2318e-01, 5.7769e-03, 
 2DIAGNOSTIC,    26, -5.933789722491e-01, 8.944842698708e-04, 7.2842e-01, 5.2378e-03, 
 2DIAGNOSTIC,    27, -5.948140362539e-01, 1.002036484305e-03, 7.3311e-01, 4.6968e-03, 
 2DIAGNOSTIC,    28, -5.954370004508e-01, 1.029952320737e-03, 7.3728e-01, 4.1659e-03, 
 2DIAGNOSTIC,    29, -5.955619965586e-01, 9.699000561751e-04, 7.4146e-01, 4.1809e-03, 
 2DIAGNOSTIC,    30, -5.960977142403e-01, 8.366692958940e-04, 7.4562e-01, 4.1559e-03, 
 2DIAGNOSTIC,    31, -5.971105016125e-01, 6.606986234778e-04, 7.5036e-01, 4.7390e-03, 
 2DIAGNOSTIC,    32, -5.989728413276e-01, 4.853112632131e-04, 7.5665e-01, 6.2931e-03, 
 2DIAGNOSTIC,    33, -5.996340171109e-01, 3.222359246833e-04, 7.6083e-01, 4.1780e-03, 
 2DIAGNOSTIC,    34, -5.997688324772e-01, 2.443793013490e-04, 7.6500e-01, 4.1730e-03, 
 2DIAGNOSTIC,    35, -5.999328162731e-01, 2.224308787228e-04, 7.7016e-01, 5.1610e-03, 
 2DIAGNOSTIC,    36, -6.001598298515e-01, 1.965988106184e-04, 7.7431e-01, 4.1449e-03, 
 2DIAGNOSTIC,    37, -6.004938012948e-01, 1.767006117441e-04, 7.7934e-01, 5.0371e-03, 
 2DIAGNOSTIC,    38, -6.008280010186e-01, 1.536048161791e-04, 7.8356e-01, 4.2222e-03, 
 2DIAGNOSTIC,    39, -6.038559363956e-01, 1.574331428844e-04, 7.8840e-01, 4.8401e-03, 
 2DIAGNOSTIC,    40, -6.077047302612e-01, 1.993081241448e-04, 7.9283e-01, 4.4301e-03, 
 2DIAGNOSTIC,    41, -6.174632750726e-01, 3.481387705242e-04, 7.9884e-01, 6.0041e-03, 
 2DIAGNOSTIC,    42, -6.161977922888e-01, 4.608908193731e-04, 8.0770e-01, 8.8651e-03, 
 2DIAGNOSTIC,    43, -6.161564602504e-01, 5.335372649259e-04, 8.1195e-01, 4.2500e-03, 
 2DIAGNOSTIC,    44, -6.170772291576e-01, 5.644822702558e-04, 8.1622e-01, 4.2670e-03, 
 2DIAGNOSTIC,    45, -6.185357329962e-01, 5.560477551908e-04, 8.2068e-01, 4.4551e-03, 
 2DIAGNOSTIC,    46, -6.206472636184e-01, 5.180560149202e-04, 8.2483e-01, 4.1540e-03, 
 2DIAGNOSTIC,    47, -6.234100439884e-01, 4.649605565470e-04, 8.2903e-01, 4.1959e-03, 
 2DIAGNOSTIC,    48, -6.282459767433e-01, 4.232184166489e-04, 8.3322e-01, 4.1962e-03, 
 2DIAGNOSTIC,    49, -6.332856899595e-01, 4.219352941593e-04, 8.3739e-01, 4.1709e-03, 
 2DIAGNOSTIC,    50, -6.437673262971e-01, 5.158698584766e-04, 8.4164e-01, 4.2429e-03, 
 2DIAGNOSTIC,    51, -6.567709942899e-01, 7.709769351894e-04, 8.4591e-01, 4.2691e-03, 
 2DIAGNOSTIC,    52, -6.630139285536e-01, 9.856113222006e-04, 8.5066e-01, 4.7560e-03, 
 2DIAGNOSTIC,    53, -6.637658019790e-01, 1.103854693053e-03, 8.5495e-01, 4.2839e-03, 
 2DIAGNOSTIC,    54, -6.646848067840e-01, 1.129224476994e-03, 8.5916e-01, 4.2100e-03, 
 2DIAGNOSTIC,    55, -6.699954650255e-01, 1.103370089445e-03, 8.6661e-01, 7.4551e-03, 
 2DIAGNOSTIC,    56, -6.720089846455e-01, 1.005089650177e-03, 8.7319e-01, 6.5782e-03, 
 2DIAGNOSTIC,    57, -6.720481610842e-01, 8.375236443978e-04, 8.7739e-01, 4.2009e-03, 
 2DIAGNOSTIC,    58, -6.725919493847e-01, 6.425662792507e-04, 8.8157e-01, 4.1809e-03, 
 2DIAGNOSTIC,    59, -6.729036344848e-01, 4.360792877976e-04, 8.8595e-01, 4.3840e-03, 
 2DIAGNOSTIC,    60, -6.731488710383e-01, 2.773041360108e-04, 8.9005e-01, 4.0960e-03, 
 2DIAGNOSTIC,    61, -6.734259042153e-01, 1.993309625985e-04, 8.9417e-01, 4.1180e-03, 
 2DIAGNOSTIC,    62, -6.739132061765e-01, 1.568961129120e-04, 8.9831e-01, 4.1430e-03, 
 2DIAGNOSTIC,    63, -6.762842999484e-01, 1.247263560132e-04, 9.0398e-01, 5.6670e-03, 
 2DIAGNOSTIC,    64, -6.766381350287e-01, 8.969356094634e-05, 9.0814e-01, 4.1621e-03, 
 2DIAGNOSTIC,    65, -6.771215003062e-01, 8.898261169454e-05, 9.1230e-01, 4.1561e-03, 
 2DIAGNOSTIC,    66, -6.778537026333e-01, 9.953384823416e-05, 9.1694e-01, 4.6420e-03, 
 2DIAGNOSTIC,    67, -6.792268614172e-01, 1.098308162981e-04, 9.2257e-01, 5.6288e-03, 
 2DIAGNOSTIC,    68, -6.807680346145e-01, 1.231387907701e-04, 9.2661e-01, 4.0429e-03, 
 2DIAGNOSTIC,    69, -6.815198959271e-01, 1.312159552586e-04, 9.3065e-01, 4.0400e-03, 
 2DIAGNOSTIC,    70, -6.818104060326e-01, 1.303103300158e-04, 9.3621e-01, 5.5590e-03, 
 2DIAGNOSTIC,    71, -6.820509692850e-01, 1.205015722042e-04, 9.4023e-01, 4.0228e-03, 
 2DIAGNOSTIC,    72, -6.822316484641e-01, 1.032394163526e-04, 9.4428e-01, 4.0460e-03, 
 2DIAGNOSTIC,    73, -6.825798655989e-01, 9.372142757437e-05, 9.4979e-01, 5.5151e-03, 
 2DIAGNOSTIC,    74, -6.826264154390e-01, 7.797260805039e-05, 9.5383e-01, 4.0350e-03, 
 2DIAGNOSTIC,    75, -6.826914747731e-01, 5.871135118674e-05, 9.5782e-01, 3.9940e-03, 
 2DIAGNOSTIC,    76, -6.828123577188e-01, 3.951744827492e-05, 9.6184e-01, 4.0162e-03, 
 2DIAGNOSTIC,    77, -6.832345044139e-01, 2.762963525306e-05, 9.6586e-01, 4.0231e-03, 
 2DIAGNOSTIC,    78, -6.838171304546e-01, 2.580898931760e-05, 9.7183e-01, 5.9681e-03, 
 2DIAGNOSTIC,    79, -6.837375854411e-01, 2.542074826681e-05, 9.7584e-01, 4.0140e-03, 
 2DIAGNOSTIC,    80, -6.837940505303e-01, 2.471282347495e-05, 9.7986e-01, 4.0200e-03, 
 2DIAGNOSTIC,    81, -6.839726071924e-01, 2.406972257997e-05, 9.8388e-01, 4.0209e-03, 
 2DIAGNOSTIC,    82, -6.841107284929e-01, 2.280944701592e-05, 9.8793e-01, 4.0431e-03, 
 2DIAGNOSTIC,    83, -6.851044391095e-01, 2.675561194158e-05, 9.9355e-01, 5.6231e-03, 
 2DIAGNOSTIC,    84, -6.858176999923e-01, 3.208613034653e-05, 9.9856e-01, 5.0142e-03, 
 2DIAGNOSTIC,    85, -6.861554214722e-01, 3.640140451812e-05, 1.0050e+00, 6.4671e-03, 
 2DIAGNOSTIC,    86, -6.861557225436e-01, 3.779944798299e-05, 1.0091e+00, 4.0751e-03, 
 2DIAGNOSTIC,    87, -6.861667380748e-01, 3.777553712141e-05, 1.0131e+00, 4.0340e-03, 
 2DIAGNOSTIC,    88, -6.861797815770e-01, 3.717283933215e-05, 1.0171e+00, 3.9952e-03, 
 2DIAGNOSTIC,    89, -6.861874893574e-01, 3.259163292888e-05, 1.0216e+00, 4.5011e-03, 
 2DIAGNOSTIC,    90, -6.861913258725e-01, 2.533710832882e-05, 1.0256e+00, 3.9999e-03, 
 2DIAGNOSTIC,    91, -6.861983262836e-01, 1.686198033644e-05, 1.0297e+00, 4.0469e-03, 
 2DIAGNOSTIC,    92, -6.862112376970e-01, 7.666322353266e-06, 1.0337e+00, 4.0410e-03, 
 2DIAGNOSTIC,    93, -6.862266696102e-01, 2.806322643406e-06, 1.0378e+00, 4.0820e-03, 
 2DIAGNOSTIC,    94, -6.862421040502e-01, 1.278273360002e-06, 1.0424e+00, 4.5512e-03, 
 2DIAGNOSTIC,    95, -6.863403051836e-01, 1.768993616208e-06, 1.0474e+00, 5.0480e-03, 
 2DIAGNOSTIC,    96, -6.863403088457e-01, 2.102088354258e-06, 1.0518e+00, 4.4260e-03, 
 2DIAGNOSTIC,    97, -6.863405367858e-01, 2.315749118345e-06, 1.0559e+00, 4.0669e-03, 
 2DIAGNOSTIC,    98, -6.863412530554e-01, 2.403721055210e-06, 1.0605e+00, 4.5550e-03, 
 2DIAGNOSTIC,    99, -6.863463689034e-01, 2.347227373549e-06, 1.0665e+00, 6.0489e-03, 
 2DIAGNOSTIC,   100, -6.863466845841e-01, 2.109894663449e-06, 1.0716e+00, 5.0750e-03, 
 2DIAGNOSTIC,   101, -6.863466879847e-01, 1.736956978365e-06, 1.0845e+00, 1.2943e-02, 
 2DIAGNOSTIC,   102, -6.863466879845e-01, 1.299930382146e-06, 1.0931e+00, 8.6250e-03, 
DIAGNOSTIC,Iteration,metricValue,convergenceValue,ITERATION_TIME_INDEX,SINCE_LAST
 2DIAGNOSTIC,     1, -5.582162164967e-01, 1.797693134862e+308, 1.7552e+00, 6.6209e-01, 
 2DIAGNOSTIC,     2, -5.585727411941e-01, 1.797693134862e+308, 1.7851e+00, 2.9830e-02, 
 2DIAGNOSTIC,     3, -5.591160712230e-01, 1.797693134862e+308, 1.8140e+00, 2.8927e-02, 
 2DIAGNOSTIC,     4, -5.598121445414e-01, 1.797693134862e+308, 1.8424e+00, 2.8362e-02, 
 2DIAGNOSTIC,     5, -5.608456828272e-01, 1.797693134862e+308, 1.8762e+00, 3.3832e-02, 
 2DIAGNOSTIC,     6, -5.612068895850e-01, 1.797693134862e+308, 1.9037e+00, 2.7499e-02, 
 2DIAGNOSTIC,     7, -5.623887018138e-01, 1.797693134862e+308, 1.9361e+00, 3.2407e-02, 
 2DIAGNOSTIC,     8, -5.630311219016e-01, 1.797693134862e+308, 1.9802e+00, 4.4077e-02, 
 2DIAGNOSTIC,     9, -5.632061556196e-01, 1.797693134862e+308, 2.0084e+00, 2.8260e-02, 
 2DIAGNOSTIC,    10, -5.634535571441e-01, 6.768157356971e-04, 2.0377e+00, 2.9283e-02, 
 2DIAGNOSTIC,    11, -5.636076582564e-01, 5.748049507725e-04, 2.0720e+00, 3.4269e-02, 
 2DIAGNOSTIC,    12, -5.636595239721e-01, 4.552939290148e-04, 2.1022e+00, 3.0240e-02, 
 2DIAGNOSTIC,    13, -5.637177436418e-01, 3.362837452328e-04, 2.1324e+00, 3.0227e-02, 
 2DIAGNOSTIC,    14, -5.640573956701e-01, 2.410481187677e-04, 2.1749e+00, 4.2430e-02, 
 2DIAGNOSTIC,    15, -5.642325180910e-01, 1.775432856658e-04, 2.2096e+00, 3.4768e-02, 
 2DIAGNOSTIC,    16, -5.642772176728e-01, 1.178992148970e-04, 2.2398e+00, 3.0123e-02, 
 2DIAGNOSTIC,    17, -5.646316202157e-01, 1.000816790481e-04, 2.2706e+00, 3.0873e-02, 
 2DIAGNOSTIC,    18, -5.655240351292e-01, 1.180184977750e-04, 2.3012e+00, 3.0598e-02, 
 2DIAGNOSTIC,    19, -5.659264521215e-01, 1.377985379385e-04, 2.3396e+00, 3.8318e-02, 
 2DIAGNOSTIC,    20, -5.661174383420e-01, 1.539553683223e-04, 2.3749e+00, 3.5319e-02, 
 2DIAGNOSTIC,    21, -5.662362840116e-01, 1.613190590041e-04, 2.4138e+00, 3.8921e-02, 
 2DIAGNOSTIC,    22, -5.662781013575e-01, 1.552706158467e-04, 2.4481e+00, 3.4256e-02, 
 2DIAGNOSTIC,    23, -5.662726685498e-01, 1.360505813808e-04, 2.4811e+00, 3.3073e-02, 
 2DIAGNOSTIC,    24, -5.662935026262e-01, 1.132512399771e-04, 2.5145e+00, 3.3398e-02, 
 2DIAGNOSTIC,    25, -5.662996355461e-01, 8.568440877373e-05, 2.5462e+00, 3.1686e-02, 
 2DIAGNOSTIC,    26, -5.662819462135e-01, 5.291794741014e-05, 2.5750e+00, 2.8754e-02, 
 2DIAGNOSTIC,    27, -5.662782446777e-01, 2.393786555806e-05, 2.6071e+00, 3.2122e-02, 
 2DIAGNOSTIC,    28, -5.662793941443e-01, 1.084481363878e-05, 2.6435e+00, 3.6435e-02, 
 2DIAGNOSTIC,    29, -5.662702772237e-01, 4.507174813699e-06, 2.6767e+00, 3.3171e-02, 
 2DIAGNOSTIC,    30, -5.662764891616e-01, 1.535919924175e-06, 2.7072e+00, 3.0506e-02, 
DIAGNOSTIC,Iteration,metricValue,convergenceValue,ITERATION_TIME_INDEX,SINCE_LAST
 2DIAGNOSTIC,     1, -5.039837353988e-01, 1.797693134862e+308, 3.7403e+00, 1.0331e+00, 
 2DIAGNOSTIC,     2, -5.042261136429e-01, 1.797693134862e+308, 3.9395e+00, 1.9913e-01, 
 2DIAGNOSTIC,     3, -5.044404240481e-01, 1.797693134862e+308, 4.1402e+00, 2.0069e-01, 
 2DIAGNOSTIC,     4, -5.045824852164e-01, 1.797693134862e+308, 4.4527e+00, 3.1258e-01, 
 2DIAGNOSTIC,     5, -5.045877616723e-01, 1.797693134862e+308, 4.7087e+00, 2.5592e-01, 
 2DIAGNOSTIC,     6, -5.045865838482e-01, 1.797693134862e+308, 4.9360e+00, 2.2732e-01, 
 2DIAGNOSTIC,     7, -5.045837692693e-01, 1.797693134862e+308, 5.1828e+00, 2.4678e-01, 
 2DIAGNOSTIC,     8, -5.045796617674e-01, 1.797693134862e+308, 5.4035e+00, 2.2074e-01, 
 2DIAGNOSTIC,     9, -5.045818073900e-01, 1.797693134862e+308, 5.6289e+00, 2.2539e-01, 
 2DIAGNOSTIC,    10, -5.045804984722e-01, 5.983834921973e-05, 5.8661e+00, 2.3725e-01, 
 2DIAGNOSTIC,    11, -5.045740171512e-01, 2.673514984697e-05, 6.1737e+00, 3.0758e-01, 
 2DIAGNOSTIC,    12, -5.045733422153e-01, 8.168134507575e-06, 6.4236e+00, 2.4993e-01, 
 2DIAGNOSTIC,    13, -5.045726596434e-01, 1.042464344583e-06, 6.6646e+00, 2.4099e-01, 
DIAGNOSTIC,Iteration,metricValue,convergenceValue,ITERATION_TIME_INDEX,SINCE_LAST
 2DIAGNOSTIC,     1, -4.672079952837e-01, 1.797693134862e+308, 9.3921e+00, 2.7275e+00, 
 2DIAGNOSTIC,     2, -4.672283765645e-01, 1.797693134862e+308, 1.2225e+01, 2.8326e+00, 
 2DIAGNOSTIC,     3, -4.672280386503e-01, 1.797693134862e+308, 1.4038e+01, 1.8133e+00, 
 2DIAGNOSTIC,     4, -4.672280081007e-01, 1.797693134862e+308, 1.5593e+01, 1.5552e+00, 
 2DIAGNOSTIC,     5, -4.672278486218e-01, 1.797693134862e+308, 1.7042e+01, 1.4492e+00, 
 2DIAGNOSTIC,     6, -4.672275901559e-01, 1.797693134862e+308, 1.8901e+01, 1.8582e+00, 
 2DIAGNOSTIC,     7, -4.672277126298e-01, 1.797693134862e+308, 2.0406e+01, 1.5053e+00, 
 2DIAGNOSTIC,     8, -4.672275232391e-01, 1.797693134862e+308, 2.2168e+01, 1.7620e+00, 
 2DIAGNOSTIC,     9, -4.672277441469e-01, 1.797693134862e+308, 2.3662e+01, 1.4941e+00, 
 2DIAGNOSTIC,    10, -4.672277668810e-01, 4.317089404918e-06, 2.5241e+01, 1.5787e+00, 
 2DIAGNOSTIC,    11, -4.672277871133e-01, 2.828568795285e-06, 2.6847e+01, 1.6066e+00, 
 2DIAGNOSTIC,    12, -4.672275922478e-01, 2.617568075070e-06, 2.8495e+01, 1.6472e+00, 
 2DIAGNOSTIC,    13, -4.672275042396e-01, 2.422235572452e-06, 3.0192e+01, 1.6970e+00, 
 2DIAGNOSTIC,    14, -4.672275147447e-01, 2.256216447921e-06, 3.1788e+01, 1.5961e+00, 
 2DIAGNOSTIC,    15, -4.672274205369e-01, 2.103498691258e-06, 3.3278e+01, 1.4902e+00, 
 2DIAGNOSTIC,    16, -4.672273325083e-01, 1.958253047871e-06, 3.4822e+01, 1.5441e+00, 
 2DIAGNOSTIC,    17, -4.672274523413e-01, 1.842000398024e-06, 3.6423e+01, 1.6014e+00, 
 2DIAGNOSTIC,    18, -4.672273676781e-01, 1.731775076563e-06, 3.8094e+01, 1.6706e+00, 
 2DIAGNOSTIC,    19, -4.672269809874e-01, 1.631109355353e-06, 3.9883e+01, 1.7887e+00, 
 2DIAGNOSTIC,    20, -4.672268878685e-01, 1.542663751672e-06, 4.1483e+01, 1.6003e+00, 
 2DIAGNOSTIC,    21, -4.672267908802e-01, 1.464952980409e-06, 4.3070e+01, 1.5868e+00, 
 2DIAGNOSTIC,    22, -4.672266914490e-01, 1.390684435977e-06, 4.4496e+01, 1.4264e+00, 
 2DIAGNOSTIC,    23, -4.672265943726e-01, 1.323138359668e-06, 4.6129e+01, 1.6328e+00, 
 2DIAGNOSTIC,    24, -4.672266004054e-01, 1.267528767578e-06, 4.7706e+01, 1.5775e+00, 
 2DIAGNOSTIC,    25, -4.672262962968e-01, 1.212185503030e-06, 4.9164e+01, 1.4572e+00, 
 2DIAGNOSTIC,    26, -4.672262016106e-01, 1.162459291770e-06, 5.0876e+01, 1.7126e+00, 
 2DIAGNOSTIC,    27, -4.672261053903e-01, 1.122644566157e-06, 5.2264e+01, 1.3878e+00, 
 2DIAGNOSTIC,    28, -4.672263209064e-01, 1.093903814690e-06, 5.3873e+01, 1.6087e+00, 
 2DIAGNOSTIC,    29, -4.672266363607e-01, 1.069473799506e-06, 5.5517e+01, 1.6438e+00, 
 2DIAGNOSTIC,    30, -4.672267445394e-01, 1.049519035110e-06, 5.7002e+01, 1.4858e+00, 
 2DIAGNOSTIC,    31, -4.672271731876e-01, 1.038561239085e-06, 5.8577e+01, 1.5748e+00, 
 2DIAGNOSTIC,    32, -4.672270825475e-01, 1.023368733095e-06, 6.0486e+01, 1.9091e+00, 
 2DIAGNOSTIC,    33, -4.672270870735e-01, 1.004605054547e-06, 6.1989e+01, 1.5024e+00, 
  Elapsed time (stage 0): 6.2779e+01


Total elapsed time: 6.2781e+01
Info [verificarlo]: loaded backend libinterflop_vprec.so
Info [interflop-vprec]: load backend with: 
Info [interflop-vprec]: precision-binary32 = 17
Info [interflop-vprec]: range-binary32 = 8
Info [interflop-vprec]: precision-binary64 = 17
Info [interflop-vprec]: range-binary64 = 8
Info [interflop-vprec]: mode = ob
Info [interflop-vprec]: error-mode = rel
Info [interflop-vprec]: max-abs-error-exponent = -1022
Info [interflop-vprec]: daz = false
Info [interflop-vprec]: ftz = false
Info [interflop-vprec]: 	instrument = none
Info [interflop-vprec]: 	prec-input-file = (null)
Info [interflop-vprec]: 	prec-output-file = (null)
Info [interflop-vprec]: 	prec-log-file = (null)
All_Command_lines_OK
Using double precision for computations.
=============================================================================
The composite transform comprises the following transforms (in order): 
  1. /home/mdugre/scratch/mri-registration-rp/datasets/ds004513/derivatives/mri-registration-rp/0011/antsRegistration-r8-p17/sub-s035/rigid_Composite.h5[0] (type = Euler3DTransform)
  2. /home/mdugre/scratch/mri-registration-rp/datasets/ds004513/derivatives/mri-registration-rp/0011/antsRegistration-r8-p17/sub-s035/rigid_Composite.h5[1] (type = Euler3DTransform)
  3. /home/mdugre/scratch/mri-registration-rp/datasets/ds004513/derivatives/mri-registration-rp/0011/antsRegistration-r8-p17/sub-s035/rigid_Composite.h5[2] (type = Euler3DTransform)
=============================================================================
  number of levels = 4
  fixed image: /templateflow/tpl-MNI152NLin2009cAsym/tpl-MNI152NLin2009cAsym_res-01_desc-brain_T1w.nii.gz
  moving image: /home/mdugre/scratch/mri-registration-rp/datasets/ds004513/derivatives/mri-registration-rp/antsBrainExtraction/sub-s035/BrainExtractionBrain.nii.gz
Dimension = 3
Number of stages = 1
Use histogram matching = false
Winsorize image intensities = true
  Lower quantile = 0.005
  Upper quantile = 0.995


Stage 1 State
   Image metric = MattesMI
     Fixed image = Image (0x3693490)
  RTTI typeinfo:   itk::Image<double, 3u>
  Reference Count: 2
  Modified Time: 1592
  Debug: Off
  Object Name: 
  Observers: 
    none
  Source: (none)
  Source output name: (none)
  Release Data: Off
  Data Released: False
  Global Release Data: Off
  PipelineMTime: 0
  UpdateMTime: 1203
  RealTimeStamp: 0 seconds 
  LargestPossibleRegion: 
    Dimension: 3
    Index: [0, 0, 0]
    Size: [193, 229, 193]
  BufferedRegion: 
    Dimension: 3
    Index: [0, 0, 0]
    Size: [193, 229, 193]
  RequestedRegion: 
    Dimension: 3
    Index: [0, 0, 0]
    Size: [193, 229, 193]
  Spacing: [1, 1, 1]
  Origin: [96, 132, -78]
  Direction: 
-1 0 0
0 -1 0
0 0 1

  IndexToPointMatrix: 
-1 0 0
0 -1 0
0 0 1

  PointToIndexMatrix: 
-1 0 0
0 -1 0
0 0 1

  Inverse Direction: 
-1 0 0
0 -1 0
0 0 1

  PixelContainer: 
    ImportImageContainer (0x375e8c0)
      RTTI typeinfo:   itk::ImportImageContainer<unsigned long, double>
      Reference Count: 1
      Modified Time: 1200
      Debug: Off
      Object Name: 
      Observers: 
        none
      Pointer: 0x15333231b010
      Container manages memory: true
      Size: 8530021
      Capacity: 8530021

     Moving image = Image (0x374eb60)
  RTTI typeinfo:   itk::Image<double, 3u>
  Reference Count: 2
  Modified Time: 1593
  Debug: Off
  Object Name: 
  Observers: 
    none
  Source: (none)
  Source output name: (none)
  Release Data: Off
  Data Released: False
  Global Release Data: Off
  PipelineMTime: 0
  UpdateMTime: 1590
  RealTimeStamp: 0 seconds 
  LargestPossibleRegion: 
    Dimension: 3
    Index: [0, 0, 0]
    Size: [160, 240, 256]
  BufferedRegion: 
    Dimension: 3
    Index: [0, 0, 0]
    Size: [160, 240, 256]
  RequestedRegion: 
    Dimension: 3
    Index: [0, 0, 0]
    Size: [160, 240, 256]
  Spacing: [1, 1, 1]
  Origin: [98.6436, 87.6357, -117.989]
  Direction: 
-0.993515 -0.100993 -0.0522354
0.100854 -0.994888 0.00530255
-0.0525038 1.93537e-08 0.998619

  IndexToPointMatrix: 
-0.993515 -0.100993 -0.0522354
0.100854 -0.994888 0.00530255
-0.0525038 1.93537e-08 0.998619

  PointToIndexMatrix: 
-0.993515 0.100854 -0.0525038
-0.100993 -0.994888 0
-0.0522356 0.00530243 0.998623

  Inverse Direction: 
-0.993515 0.100854 -0.0525038
-0.100993 -0.994888 0
-0.0522356 0.00530243 0.998623

  PixelContainer: 
    ImportImageContainer (0x37e21d0)
      RTTI typeinfo:   itk::ImportImageContainer<unsigned long, double>
      Reference Count: 1
      Modified Time: 1587
      Debug: Off
      Object Name: 
      Observers: 
        none
      Pointer: 0x15332d81a010
      Container manages memory: true
      Size: 9830400
      Capacity: 9830400

     Weighting = 1
     Sampling strategy = regular
     Number of bins = 32
     Radius = 4
     Sampling percentage  = 0.25
   Transform = Affine
     Gradient step = 0.1
     Update field sigma (voxel space) = 0
     Total field sigma (voxel space) = 0
     Update field time sigma = 0
     Total field time sigma  = 0
     Number of time indices = 0
     Number of time point samples = 0
Registration using 1 total stages.

Stage 0
  iterations = 1000x500x250x100
  convergence threshold = 1e-06
  convergence window size = 10
  number of levels = 4
  using the Mattes MI metric (number of bins = 32, weight = 1, use gradient filter = 0)
  preprocessing:  winsorizing the image intensities
  Shrink factors (level 1 out of 4): [8, 8, 8]
  Shrink factors (level 2 out of 4): [4, 4, 4]
  Shrink factors (level 3 out of 4): [2, 2, 2]
  Shrink factors (level 4 out of 4): [1, 1, 1]
  smoothing sigmas per level: [3, 2, 1, 0]
  regular sampling (percentage = 0.25)

*** Running AffineTransform registration ***

DIAGNOSTIC,Iteration,metricValue,convergenceValue,ITERATION_TIME_INDEX,SINCE_LAST
 2DIAGNOSTIC,     1, -6.783960396045e-01, 1.797693134862e+308, 0.0000e+00, 0.0000e+00, 
 2DIAGNOSTIC,     2, -6.806445274772e-01, 1.797693134862e+308, 0.0000e+00, 0.0000e+00, 
 2DIAGNOSTIC,     3, -6.851347985980e-01, 1.797693134862e+308, 0.0000e+00, 0.0000e+00, 
 2DIAGNOSTIC,     4, -6.928859923975e-01, 1.797693134862e+308, 0.0000e+00, 0.0000e+00, 
 2DIAGNOSTIC,     5, -7.015282046317e-01, 1.797693134862e+308, 0.0000e+00, 0.0000e+00, 
 2DIAGNOSTIC,     6, -7.136603635074e-01, 1.797693134862e+308, 0.0000e+00, 0.0000e+00, 
 2DIAGNOSTIC,     7, -7.340992420052e-01, 1.797693134862e+308, 0.0000e+00, 0.0000e+00, 
 2DIAGNOSTIC,     8, -7.378278394152e-01, 1.797693134862e+308, 0.0000e+00, 0.0000e+00, 
 2DIAGNOSTIC,     9, -7.392392844249e-01, 1.797693134862e+308, 0.0000e+00, 0.0000e+00, 
 2DIAGNOSTIC,    10, -7.425432411304e-01, 6.945533614585e-03, 0.0000e+00, 0.0000e+00, 
 2DIAGNOSTIC,    11, -7.449298364203e-01, 6.059541653756e-03, 0.0000e+00, 0.0000e+00, 
 2DIAGNOSTIC,    12, -7.482353264295e-01, 4.957695645286e-03, 0.0000e+00, 0.0000e+00, 
 2DIAGNOSTIC,    13, -7.483826068966e-01, 3.724976925894e-03, 0.0000e+00, 0.0000e+00, 
 2DIAGNOSTIC,    14, -7.483149802736e-01, 2.561418200022e-03, 0.0000e+00, 0.0000e+00, 
 2DIAGNOSTIC,    15, -7.480259613118e-01, 1.542976798460e-03, 0.0000e+00, 0.0000e+00, 
 2DIAGNOSTIC,    16, -7.478442816744e-01, 7.939416427765e-04, 0.0000e+00, 0.0000e+00, 
 2DIAGNOSTIC,    17, -7.479065475411e-01, 5.328016401037e-04, 0.0000e+00, 0.0000e+00, 
 2DIAGNOSTIC,    18, -7.478868739091e-01, 3.334151331136e-04, 0.0000e+00, 0.0000e+00, 
 2DIAGNOSTIC,    19, -7.479595281981e-01, 1.551398396786e-04, 0.0000e+00, 0.0000e+00, 
 2DIAGNOSTIC,    20, -7.477828639207e-01, 4.143754828756e-05, 0.0000e+00, 0.0000e+00, 
DIAGNOSTIC,Iteration,metricValue,convergenceValue,ITERATION_TIME_INDEX,SINCE_LAST
 2DIAGNOSTIC,     1, -6.099714243846e-01, 1.797693134862e+308, 0.0000e+00, 0.0000e+00, 
 2DIAGNOSTIC,     2, -6.102101884876e-01, 1.797693134862e+308, 0.0000e+00, 0.0000e+00, 
 2DIAGNOSTIC,     3, -6.103994216637e-01, 1.797693134862e+308, 0.0000e+00, 0.0000e+00, 
 2DIAGNOSTIC,     4, -6.108439341912e-01, 1.797693134862e+308, 0.0000e+00, 0.0000e+00, 
 2DIAGNOSTIC,     5, -6.113148709541e-01, 1.797693134862e+308, 0.0000e+00, 0.0000e+00, 
 2DIAGNOSTIC,     6, -6.115684400788e-01, 1.797693134862e+308, 0.0000e+00, 0.0000e+00, 
 2DIAGNOSTIC,     7, -6.117466312561e-01, 1.797693134862e+308, 0.0000e+00, 0.0000e+00, 
 2DIAGNOSTIC,     8, -6.120067574886e-01, 1.797693134862e+308, 0.0000e+00, 0.0000e+00, 
 2DIAGNOSTIC,     9, -6.120650878902e-01, 1.797693134862e+308, 0.0000e+00, 0.0000e+00, 
 2DIAGNOSTIC,    10, -6.121012264749e-01, 2.515519706757e-04, 0.0000e+00, 0.0000e+00, 
 2DIAGNOSTIC,    11, -6.120448225955e-01, 1.943805647090e-04, 0.0000e+00, 0.0000e+00, 
 2DIAGNOSTIC,    12, -6.120315399104e-01, 1.385335849012e-04, 0.0000e+00, 0.0000e+00, 
 2DIAGNOSTIC,    13, -6.120284818833e-01, 8.539103359757e-05, 0.0000e+00, 0.0000e+00, 
 2DIAGNOSTIC,    14, -6.120350869035e-01, 4.693669404238e-05, 0.0000e+00, 0.0000e+00, 
 2DIAGNOSTIC,    15, -6.120305865434e-01, 2.392756483136e-05, 0.0000e+00, 0.0000e+00, 
 2DIAGNOSTIC,    16, -6.120171870940e-01, 8.771914613612e-06, 0.0000e+00, 0.0000e+00, 
DIAGNOSTIC,Iteration,metricValue,convergenceValue,ITERATION_TIME_INDEX,SINCE_LAST
 2DIAGNOSTIC,     1, -5.352810454037e-01, 1.797693134862e+308, 0.0000e+00, 0.0000e+00, 
 2DIAGNOSTIC,     2, -5.354778638305e-01, 1.797693134862e+308, 0.0000e+00, 0.0000e+00, 
 2DIAGNOSTIC,     3, -5.356350729296e-01, 1.797693134862e+308, 0.0000e+00, 0.0000e+00, 
 2DIAGNOSTIC,     4, -5.356754809749e-01, 1.797693134862e+308, 0.0000e+00, 0.0000e+00, 
 2DIAGNOSTIC,     5, -5.356689765104e-01, 1.797693134862e+308, 0.0000e+00, 0.0000e+00, 
 2DIAGNOSTIC,     6, -5.356774387066e-01, 1.797693134862e+308, 0.0000e+00, 0.0000e+00, 
 2DIAGNOSTIC,     7, -5.356765586581e-01, 1.797693134862e+308, 0.0000e+00, 0.0000e+00, 
 2DIAGNOSTIC,     8, -5.356748455712e-01, 1.797693134862e+308, 0.0000e+00, 0.0000e+00, 
 2DIAGNOSTIC,     9, -5.356745085701e-01, 1.797693134862e+308, 0.0000e+00, 0.0000e+00, 
 2DIAGNOSTIC,    10, -5.356738880942e-01, 3.469317416979e-05, 0.0000e+00, 0.0000e+00, 
 2DIAGNOSTIC,    11, -5.356739551757e-01, 1.405058765273e-05, 0.0000e+00, 0.0000e+00, 
 2DIAGNOSTIC,    12, -5.356748720572e-01, 4.405553763465e-06, 0.0000e+00, 0.0000e+00, 
 2DIAGNOSTIC,    13, -5.356746354786e-01, 2.445843060750e-06, 0.0000e+00, 0.0000e+00, 
 2DIAGNOSTIC,    14, -5.356751347324e-01, 2.326125174715e-06, 0.0000e+00, 0.0000e+00, 
 2DIAGNOSTIC,    15, -5.356763687243e-01, 2.019368208483e-06, 0.0000e+00, 0.0000e+00, 
 2DIAGNOSTIC,    16, -5.356763927238e-01, 2.038578730004e-06, 0.0000e+00, 0.0000e+00, 
 2DIAGNOSTIC,    17, -5.356764287013e-01, 2.024083265779e-06, 0.0000e+00, 0.0000e+00, 
 2DIAGNOSTIC,    18, -5.356754612720e-01, 1.917004962916e-06, 0.0000e+00, 0.0000e+00, 
 2DIAGNOSTIC,    19, -5.356753934151e-01, 1.795811243342e-06, 0.0000e+00, 0.0000e+00, 
 2DIAGNOSTIC,    20, -5.356764399086e-01, 1.684517038185e-06, 0.0000e+00, 0.0000e+00, 
 2DIAGNOSTIC,    21, -5.356764601149e-01, 1.573989766857e-06, 0.0000e+00, 0.0000e+00, 
 2DIAGNOSTIC,    22, -5.356766103365e-01, 1.493467557227e-06, 0.0000e+00, 0.0000e+00, 
 2DIAGNOSTIC,    23, -5.356728793928e-01, 1.323357221611e-06, 0.0000e+00, 0.0000e+00, 
 2DIAGNOSTIC,    24, -5.356728652041e-01, 1.184139445158e-06, 0.0000e+00, 0.0000e+00, 
 2DIAGNOSTIC,    25, -5.356728689794e-01, 1.092777317274e-06, 0.0000e+00, 0.0000e+00, 
 2DIAGNOSTIC,    26, -5.356728609070e-01, 1.022867460308e-06, 0.0000e+00, 0.0000e+00, 
DIAGNOSTIC,Iteration,metricValue,convergenceValue,ITERATION_TIME_INDEX,SINCE_LAST
 2DIAGNOSTIC,     1, -4.916830074394e-01, 1.797693134862e+308, 0.0000e+00, 0.0000e+00, 
 2DIAGNOSTIC,     2, -4.918593955825e-01, 1.797693134862e+308, 0.0000e+00, 0.0000e+00, 
 2DIAGNOSTIC,     3, -4.920023409293e-01, 1.797693134862e+308, 0.0000e+00, 0.0000e+00, 
 2DIAGNOSTIC,     4, -4.920794444992e-01, 1.797693134862e+308, 0.0000e+00, 0.0000e+00, 
 2DIAGNOSTIC,     5, -4.922156899701e-01, 1.797693134862e+308, 0.0000e+00, 0.0000e+00, 
 2DIAGNOSTIC,     6, -4.922296697531e-01, 1.797693134862e+308, 0.0000e+00, 0.0000e+00, 
 2DIAGNOSTIC,     7, -4.922401774503e-01, 1.797693134862e+308, 0.0000e+00, 0.0000e+00, 
 2DIAGNOSTIC,     8, -4.922601196162e-01, 1.797693134862e+308, 0.0000e+00, 0.0000e+00, 
 2DIAGNOSTIC,     9, -4.922742571866e-01, 1.797693134862e+308, 0.0000e+00, 0.0000e+00, 
 2DIAGNOSTIC,    10, -4.922966776568e-01, 7.444147747335e-05, 0.0000e+00, 0.0000e+00, 
 2DIAGNOSTIC,    11, -4.923407081240e-01, 4.999404307765e-05, 0.0000e+00, 0.0000e+00, 
 2DIAGNOSTIC,    12, -4.924612456607e-01, 3.958838887551e-05, 0.0000e+00, 0.0000e+00, 
 2DIAGNOSTIC,    13, -4.926696970130e-01, 4.290664133266e-05, 0.0000e+00, 0.0000e+00, 
 2DIAGNOSTIC,    14, -4.926803301653e-01, 4.537218221741e-05, 0.0000e+00, 0.0000e+00, 
 2DIAGNOSTIC,    15, -4.926818737802e-01, 4.901530804138e-05, 0.0000e+00, 0.0000e+00, 
 2DIAGNOSTIC,    16, -4.926830018728e-01, 4.853147420830e-05, 0.0000e+00, 0.0000e+00, 
