
##########################
# Experiment information #
##########################

EXPERIMENT_NAME: antsRegistration-r7-p21
VFC_BACKENDS: libinterflop_vprec.so --range-binary32=7 --precision-binary32=21 --range-binary64=7 --precision-binary64=21

SIF_IMG: /home/mdugre/projects/rrg-glatard/mdugre/containers/ants-vprec-no_metrics.simg

SUBJECT_ID: s017
INPUT_IMG: /home/mdugre/scratch/mri-registration-rp/datasets/ds004513/derivatives/mri-registration-rp/antsBrainExtraction/sub-s017/BrainExtractionBrain.nii.gz
OUTPUT_DIR: /home/mdugre/scratch/mri-registration-rp/datasets/ds004513/derivatives/mri-registration-rp/0011/antsRegistration-r7-p21/sub-s017

FIXED_IMG: /templateflow/tpl-MNI152NLin2009cAsym/tpl-MNI152NLin2009cAsym_res-01_desc-brain_T1w.nii.gz
DATA_DIR: /home/mdugre/scratch/mri-registration-rp/datasets/ds004513
TEMPLATEFLOW_DIR: /home/mdugre/projects/rrg-glatard/mdugre/templateflow
ITK_GLOBAL_DEFAULT_NUMBER_OF_THREADS: 16
##########################

Info [verificarlo]: loaded backend libinterflop_ieee.so
Info [interflop-ieee]: load backend with:
Info [interflop-ieee]: debug = false
Info [interflop-ieee]: debug-binary = false
Info [interflop-ieee]: no-backend-name = false
Info [interflop-ieee]: print-new-line = false
Info [interflop-ieee]: print-subnormal-normalized = false
Info [interflop-ieee]: count-op = false
All_Command_lines_OK
Using double precision for computations.
=============================================================================
The composite transform comprises the following transforms (in order): 
  1. Center of mass alignment using fixed image: /templateflow/tpl-MNI152NLin2009cAsym/tpl-MNI152NLin2009cAsym_res-01_desc-brain_T1w.nii.gz and moving image: /home/mdugre/scratch/mri-registration-rp/datasets/ds004513/derivatives/mri-registration-rp/antsBrainExtraction/sub-s017/BrainExtractionBrain.nii.gz (type = Euler3DTransform)
=============================================================================
  number of levels = 1
  fixed image: /templateflow/tpl-MNI152NLin2009cAsym/tpl-MNI152NLin2009cAsym_res-01_desc-brain_T1w.nii.gz
  moving image: /home/mdugre/scratch/mri-registration-rp/datasets/ds004513/derivatives/mri-registration-rp/antsBrainExtraction/sub-s017/BrainExtractionBrain.nii.gz
Dimension = 3
Number of stages = 1
Use histogram matching = false
Winsorize image intensities = true
  Lower quantile = 0.005
  Upper quantile = 0.995


Stage 1 State
   Image metric = MattesMI
     Fixed image = Image (0x5268e70)
  RTTI typeinfo:   itk::Image<double, 3u>
  Reference Count: 2
  Modified Time: 2334
  Debug: Off
  Object Name: 
  Observers: 
    none
  Source: (none)
  Source output name: (none)
  Release Data: Off
  Data Released: False
  Global Release Data: Off
  PipelineMTime: 0
  UpdateMTime: 1943
  RealTimeStamp: 0 seconds 
  LargestPossibleRegion: 
    Dimension: 3
    Index: [0, 0, 0]
    Size: [193, 229, 193]
  BufferedRegion: 
    Dimension: 3
    Index: [0, 0, 0]
    Size: [193, 229, 193]
  RequestedRegion: 
    Dimension: 3
    Index: [0, 0, 0]
    Size: [193, 229, 193]
  Spacing: [1, 1, 1]
  Origin: [96, 132, -78]
  Direction: 
-1 0 0
0 -1 0
0 0 1

  IndexToPointMatrix: 
-1 0 0
0 -1 0
0 0 1

  PointToIndexMatrix: 
-1 0 0
0 -1 0
0 0 1

  Inverse Direction: 
-1 0 0
0 -1 0
0 0 1

  PixelContainer: 
    ImportImageContainer (0x5271c60)
      RTTI typeinfo:   itk::ImportImageContainer<unsigned long, double>
      Reference Count: 1
      Modified Time: 1940
      Debug: Off
      Object Name: 
      Observers: 
        none
      Pointer: 0x14ffc028f010
      Container manages memory: true
      Size: 8530021
      Capacity: 8530021

     Moving image = Image (0x5274610)
  RTTI typeinfo:   itk::Image<double, 3u>
  Reference Count: 2
  Modified Time: 2335
  Debug: Off
  Object Name: 
  Observers: 
    none
  Source: (none)
  Source output name: (none)
  Release Data: Off
  Data Released: False
  Global Release Data: Off
  PipelineMTime: 0
  UpdateMTime: 2332
  RealTimeStamp: 0 seconds 
  LargestPossibleRegion: 
    Dimension: 3
    Index: [0, 0, 0]
    Size: [160, 240, 256]
  BufferedRegion: 
    Dimension: 3
    Index: [0, 0, 0]
    Size: [160, 240, 256]
  RequestedRegion: 
    Dimension: 3
    Index: [0, 0, 0]
    Size: [160, 240, 256]
  Spacing: [1, 1, 1]
  Origin: [91.3357, 102.231, -120.042]
  Direction: 
-0.997442 -5.36781e-05 -0.0714818
5.35416e-05 -1 3.82465e-06
-0.0714818 -1.23894e-08 0.997442

  IndexToPointMatrix: 
-0.997444 -5.36781e-05 -0.0714818
5.35418e-05 -1 3.82465e-06
-0.0714819 -1.23894e-08 0.997442

  PointToIndexMatrix: 
-0.99744 5.35415e-05 -0.0714816
-5.36781e-05 -1 -1.23894e-08
-0.0714818 3.82465e-06 0.997442

  Inverse Direction: 
-0.997442 5.35416e-05 -0.0714818
-5.36781e-05 -1 -1.23894e-08
-0.0714818 3.82465e-06 0.997442

  PixelContainer: 
    ImportImageContainer (0x530def0)
      RTTI typeinfo:   itk::ImportImageContainer<unsigned long, double>
      Reference Count: 1
      Modified Time: 2329
      Debug: Off
      Object Name: 
      Observers: 
        none
      Pointer: 0x14ffbb78e010
      Container manages memory: true
      Size: 9830400
      Capacity: 9830400

     Weighting = 1
     Sampling strategy = regular
     Number of bins = 32
     Radius = 4
     Sampling percentage  = 0.25
   Transform = Rigid
     Gradient step = 0.1
     Update field sigma (voxel space) = 0
     Total field sigma (voxel space) = 0
     Update field time sigma = 0
     Total field time sigma  = 0
     Number of time indices = 0
     Number of time point samples = 0
Registration using 1 total stages.

Stage 0
  iterations = 0
  convergence threshold = 1e-06
  convergence window size = 10
  number of levels = 1
  using the Mattes MI metric (number of bins = 32, weight = 1, use gradient filter = 0)
  preprocessing:  winsorizing the image intensities
  Shrink factors (level 1 out of 1): [1, 1, 1]
  smoothing sigmas per level: [0]
  regular sampling (percentage = 0.25)

*** Running Euler3DTransform registration ***

  Elapsed time (stage 0): 1.16049


Total elapsed time: 1.16276
Info [verificarlo]: loaded backend libinterflop_ieee.so
Info [interflop-ieee]: load backend with:
Info [interflop-ieee]: debug = false
Info [interflop-ieee]: debug-binary = false
Info [interflop-ieee]: no-backend-name = false
Info [interflop-ieee]: print-new-line = false
Info [interflop-ieee]: print-subnormal-normalized = false
Info [interflop-ieee]: count-op = false
All_Command_lines_OK
Using double precision for computations.
=============================================================================
The composite transform comprises the following transforms (in order): 
  1. /home/mdugre/scratch/mri-registration-rp/datasets/ds004513/derivatives/mri-registration-rp/0011/antsRegistration-r7-p21/sub-s017/align_Composite.h5[0] (type = Euler3DTransform)
  2. /home/mdugre/scratch/mri-registration-rp/datasets/ds004513/derivatives/mri-registration-rp/0011/antsRegistration-r7-p21/sub-s017/align_Composite.h5[1] (type = Euler3DTransform)
=============================================================================
  number of levels = 4
  fixed image: /templateflow/tpl-MNI152NLin2009cAsym/tpl-MNI152NLin2009cAsym_res-01_desc-brain_T1w.nii.gz
  moving image: /home/mdugre/scratch/mri-registration-rp/datasets/ds004513/derivatives/mri-registration-rp/antsBrainExtraction/sub-s017/BrainExtractionBrain.nii.gz
Dimension = 3
Number of stages = 1
Use histogram matching = false
Winsorize image intensities = true
  Lower quantile = 0.005
  Upper quantile = 0.995


Stage 1 State
   Image metric = MattesMI
     Fixed image = Image (0x4f88530)
  RTTI typeinfo:   itk::Image<double, 3u>
  Reference Count: 2
  Modified Time: 1580
  Debug: Off
  Object Name: 
  Observers: 
    none
  Source: (none)
  Source output name: (none)
  Release Data: Off
  Data Released: False
  Global Release Data: Off
  PipelineMTime: 0
  UpdateMTime: 1189
  RealTimeStamp: 0 seconds 
  LargestPossibleRegion: 
    Dimension: 3
    Index: [0, 0, 0]
    Size: [193, 229, 193]
  BufferedRegion: 
    Dimension: 3
    Index: [0, 0, 0]
    Size: [193, 229, 193]
  RequestedRegion: 
    Dimension: 3
    Index: [0, 0, 0]
    Size: [193, 229, 193]
  Spacing: [1, 1, 1]
  Origin: [96, 132, -78]
  Direction: 
-1 0 0
0 -1 0
0 0 1

  IndexToPointMatrix: 
-1 0 0
0 -1 0
0 0 1

  PointToIndexMatrix: 
-1 0 0
0 -1 0
0 0 1

  Inverse Direction: 
-1 0 0
0 -1 0
0 0 1

  PixelContainer: 
    ImportImageContainer (0x5046d60)
      RTTI typeinfo:   itk::ImportImageContainer<unsigned long, double>
      Reference Count: 1
      Modified Time: 1186
      Debug: Off
      Object Name: 
      Observers: 
        none
      Pointer: 0x149de94d4010
      Container manages memory: true
      Size: 8530021
      Capacity: 8530021

     Moving image = Image (0x5038f60)
  RTTI typeinfo:   itk::Image<double, 3u>
  Reference Count: 2
  Modified Time: 1581
  Debug: Off
  Object Name: 
  Observers: 
    none
  Source: (none)
  Source output name: (none)
  Release Data: Off
  Data Released: False
  Global Release Data: Off
  PipelineMTime: 0
  UpdateMTime: 1578
  RealTimeStamp: 0 seconds 
  LargestPossibleRegion: 
    Dimension: 3
    Index: [0, 0, 0]
    Size: [160, 240, 256]
  BufferedRegion: 
    Dimension: 3
    Index: [0, 0, 0]
    Size: [160, 240, 256]
  RequestedRegion: 
    Dimension: 3
    Index: [0, 0, 0]
    Size: [160, 240, 256]
  Spacing: [1, 1, 1]
  Origin: [91.3357, 102.231, -120.042]
  Direction: 
-0.997442 -5.36781e-05 -0.0714818
5.35416e-05 -1 3.82465e-06
-0.0714818 -1.23894e-08 0.997442

  IndexToPointMatrix: 
-0.997444 -5.36781e-05 -0.0714818
5.35418e-05 -1 3.82465e-06
-0.0714819 -1.23894e-08 0.997442

  PointToIndexMatrix: 
-0.99744 5.35415e-05 -0.0714816
-5.36781e-05 -1 -1.23894e-08
-0.0714818 3.82465e-06 0.997442

  Inverse Direction: 
-0.997442 5.35416e-05 -0.0714818
-5.36781e-05 -1 -1.23894e-08
-0.0714818 3.82465e-06 0.997442

  PixelContainer: 
    ImportImageContainer (0x502a6d0)
      RTTI typeinfo:   itk::ImportImageContainer<unsigned long, double>
      Reference Count: 1
      Modified Time: 1575
      Debug: Off
      Object Name: 
      Observers: 
        none
      Pointer: 0x149de49d3010
      Container manages memory: true
      Size: 9830400
      Capacity: 9830400

     Weighting = 1
     Sampling strategy = regular
     Number of bins = 32
     Radius = 4
     Sampling percentage  = 0.25
   Transform = Rigid
     Gradient step = 0.1
     Update field sigma (voxel space) = 0
     Total field sigma (voxel space) = 0
     Update field time sigma = 0
     Total field time sigma  = 0
     Number of time indices = 0
     Number of time point samples = 0
Registration using 1 total stages.

Stage 0
  iterations = 1000x500x250x100
  convergence threshold = 1e-06
  convergence window size = 10
  number of levels = 4
  using the Mattes MI metric (number of bins = 32, weight = 1, use gradient filter = 0)
  preprocessing:  winsorizing the image intensities
  Shrink factors (level 1 out of 4): [8, 8, 8]
  Shrink factors (level 2 out of 4): [4, 4, 4]
  Shrink factors (level 3 out of 4): [2, 2, 2]
  Shrink factors (level 4 out of 4): [1, 1, 1]
  smoothing sigmas per level: [3, 2, 1, 0]
  regular sampling (percentage = 0.25)

*** Running Euler3DTransform registration ***

DIAGNOSTIC,Iteration,metricValue,convergenceValue,ITERATION_TIME_INDEX,SINCE_LAST
 2DIAGNOSTIC,     1, -5.567767283252e-01, 1.797693134862e+308, 7.0994e-01, 7.0994e-01, 
 2DIAGNOSTIC,     2, -5.584239703569e-01, 1.797693134862e+308, 7.1482e-01, 4.8802e-03, 
 2DIAGNOSTIC,     3, -5.612715515272e-01, 1.797693134862e+308, 7.1912e-01, 4.2989e-03, 
 2DIAGNOSTIC,     4, -5.637780194106e-01, 1.797693134862e+308, 7.2340e-01, 4.2770e-03, 
 2DIAGNOSTIC,     5, -5.658229214212e-01, 1.797693134862e+308, 7.2761e-01, 4.2100e-03, 
 2DIAGNOSTIC,     6, -5.696445468689e-01, 1.797693134862e+308, 7.3199e-01, 4.3812e-03, 
 2DIAGNOSTIC,     7, -5.734118275242e-01, 1.797693134862e+308, 7.3644e-01, 4.4491e-03, 
 2DIAGNOSTIC,     8, -5.754533484979e-01, 1.797693134862e+308, 7.4264e-01, 6.2029e-03, 
 2DIAGNOSTIC,     9, -5.763021950250e-01, 1.797693134862e+308, 7.4692e-01, 4.2751e-03, 
 2DIAGNOSTIC,    10, -5.771142770255e-01, 2.558085388189e-03, 7.5247e-01, 5.5559e-03, 
 2DIAGNOSTIC,    11, -5.785125587612e-01, 2.176117873031e-03, 7.5661e-01, 4.1430e-03, 
 2DIAGNOSTIC,    12, -5.799413348090e-01, 1.786767970983e-03, 7.6140e-01, 4.7841e-03, 
 2DIAGNOSTIC,    13, -5.809477908980e-01, 1.443124036835e-03, 7.6623e-01, 4.8318e-03, 
 2DIAGNOSTIC,    14, -5.814655964876e-01, 1.127354078216e-03, 7.7046e-01, 4.2291e-03, 
 2DIAGNOSTIC,    15, -5.819093877219e-01, 8.331089413526e-04, 7.7519e-01, 4.7300e-03, 
 2DIAGNOSTIC,    16, -5.822326442998e-01, 6.258215683232e-04, 7.8012e-01, 4.9269e-03, 
 2DIAGNOSTIC,    17, -5.825793599843e-01, 5.040365830239e-04, 7.8466e-01, 4.5409e-03, 
 2DIAGNOSTIC,    18, -5.863713925916e-01, 5.095725576644e-04, 7.8943e-01, 4.7719e-03, 
 2DIAGNOSTIC,    19, -5.901617810167e-01, 5.855607354897e-04, 7.9725e-01, 7.8180e-03, 
 2DIAGNOSTIC,    20, -5.906016223816e-01, 6.286272500289e-04, 8.0254e-01, 5.2888e-03, 
 2DIAGNOSTIC,    21, -5.907365705866e-01, 6.467002963810e-04, 8.0739e-01, 4.8549e-03, 
 2DIAGNOSTIC,    22, -5.906256574994e-01, 6.330265936348e-04, 8.1234e-01, 4.9491e-03, 
 2DIAGNOSTIC,    23, -5.906307681710e-01, 5.816453055144e-04, 8.1651e-01, 4.1749e-03, 
 2DIAGNOSTIC,    24, -5.905636622010e-01, 4.878472529189e-04, 8.2067e-01, 4.1549e-03, 
 2DIAGNOSTIC,    25, -5.906024985369e-01, 3.662279783929e-04, 8.2546e-01, 4.7891e-03, 
 2DIAGNOSTIC,    26, -5.906025304324e-01, 2.276984665050e-04, 8.2963e-01, 4.1680e-03, 
 2DIAGNOSTIC,    27, -5.906211320573e-01, 8.394584288631e-05, 8.3380e-01, 4.1740e-03, 
 2DIAGNOSTIC,    28, -5.908796758313e-01, 1.198925031165e-05, 8.3820e-01, 4.4000e-03, 
 2DIAGNOSTIC,    29, -5.911411552395e-01, 1.217108543257e-05, 8.4286e-01, 4.6599e-03, 
 2DIAGNOSTIC,    30, -5.915241330961e-01, 2.456301684400e-05, 8.4929e-01, 6.4249e-03, 
 2DIAGNOSTIC,    31, -5.916229825993e-01, 3.758205306371e-05, 8.5352e-01, 4.2388e-03, 
 2DIAGNOSTIC,    32, -5.916651208817e-01, 4.532975449422e-05, 8.5774e-01, 4.2140e-03, 
 2DIAGNOSTIC,    33, -5.916874987632e-01, 4.885284294973e-05, 8.6194e-01, 4.2000e-03, 
 2DIAGNOSTIC,    34, -5.917053822200e-01, 4.682712859099e-05, 8.6661e-01, 4.6718e-03, 
 2DIAGNOSTIC,    35, -5.917390904868e-01, 4.153275817627e-05, 8.7804e-01, 1.1434e-02, 
 2DIAGNOSTIC,    36, -5.917390912695e-01, 3.272086429600e-05, 8.8221e-01, 4.1680e-03, 
 2DIAGNOSTIC,    37, -5.917391070342e-01, 2.163060314924e-05, 8.8632e-01, 4.1091e-03, 
 2DIAGNOSTIC,    38, -5.917391330930e-01, 1.245673595337e-05, 8.9042e-01, 4.1020e-03, 
 2DIAGNOSTIC,    39, -5.917391754735e-01, 5.801896388890e-06, 8.9476e-01, 4.3390e-03, 
 2DIAGNOSTIC,    40, -5.917392424311e-01, 3.643428649652e-06, 8.9907e-01, 4.3049e-03, 
 2DIAGNOSTIC,    41, -5.917393428828e-01, 2.487109297400e-06, 9.0345e-01, 4.3828e-03, 
 2DIAGNOSTIC,    42, -5.917394845334e-01, 1.715730316765e-06, 9.0777e-01, 4.3180e-03, 
 2DIAGNOSTIC,    43, -5.917396625587e-01, 1.144189314420e-06, 9.1210e-01, 4.3311e-03, 
DIAGNOSTIC,Iteration,metricValue,convergenceValue,ITERATION_TIME_INDEX,SINCE_LAST
 2DIAGNOSTIC,     1, -4.784004501417e-01, 1.797693134862e+308, 1.7133e+00, 8.0118e-01, 
 2DIAGNOSTIC,     2, -4.783999131486e-01, 1.797693134862e+308, 1.7420e+00, 2.8673e-02, 
 2DIAGNOSTIC,     3, -4.784190365423e-01, 1.797693134862e+308, 1.7756e+00, 3.3685e-02, 
 2DIAGNOSTIC,     4, -4.785028756509e-01, 1.797693134862e+308, 1.8054e+00, 2.9720e-02, 
 2DIAGNOSTIC,     5, -4.786647485429e-01, 1.797693134862e+308, 1.8360e+00, 3.0632e-02, 
 2DIAGNOSTIC,     6, -4.788099932957e-01, 1.797693134862e+308, 1.8658e+00, 2.9832e-02, 
 2DIAGNOSTIC,     7, -4.794645847213e-01, 1.797693134862e+308, 1.8960e+00, 3.0190e-02, 
 2DIAGNOSTIC,     8, -4.813619171743e-01, 1.797693134862e+308, 1.9359e+00, 3.9894e-02, 
 2DIAGNOSTIC,     9, -4.817935635326e-01, 1.797693134862e+308, 1.9693e+00, 3.3404e-02, 
 2DIAGNOSTIC,    10, -4.822647496910e-01, 5.583367505569e-04, 1.9998e+00, 3.0508e-02, 
 2DIAGNOSTIC,    11, -4.831344909908e-01, 6.366384575677e-04, 2.0327e+00, 3.2929e-02, 
 2DIAGNOSTIC,    12, -4.835768992556e-01, 6.653898034686e-04, 2.0799e+00, 4.7150e-02, 
 2DIAGNOSTIC,    13, -4.835677565318e-01, 6.290342968732e-04, 2.1167e+00, 3.6844e-02, 
 2DIAGNOSTIC,    14, -4.835733047835e-01, 5.452729207470e-04, 2.1557e+00, 3.8937e-02, 
 2DIAGNOSTIC,    15, -4.835701547245e-01, 4.305772095484e-04, 2.1883e+00, 3.2640e-02, 
 2DIAGNOSTIC,    16, -4.835566913000e-01, 2.956272803582e-04, 2.2208e+00, 3.2447e-02, 
 2DIAGNOSTIC,    17, -4.835523104083e-01, 1.703980274715e-04, 2.2570e+00, 3.6211e-02, 
 2DIAGNOSTIC,    18, -4.835483887829e-01, 1.058854945553e-04, 2.2898e+00, 3.2803e-02, 
 2DIAGNOSTIC,    19, -4.835469915471e-01, 5.203914174617e-05, 2.3232e+00, 3.3438e-02, 
 2DIAGNOSTIC,    20, -4.835401827381e-01, 1.204163313621e-05, 2.3575e+00, 3.4314e-02, 
DIAGNOSTIC,Iteration,metricValue,convergenceValue,ITERATION_TIME_INDEX,SINCE_LAST
 2DIAGNOSTIC,     1, -4.161561167875e-01, 1.797693134862e+308, 3.4662e+00, 1.1087e+00, 
 2DIAGNOSTIC,     2, -4.161756893437e-01, 1.797693134862e+308, 3.7724e+00, 3.0611e-01, 
 2DIAGNOSTIC,     3, -4.161696114507e-01, 1.797693134862e+308, 4.1323e+00, 3.5995e-01, 
 2DIAGNOSTIC,     4, -4.161681503551e-01, 1.797693134862e+308, 4.6162e+00, 4.8393e-01, 
 2DIAGNOSTIC,     5, -4.161678896600e-01, 1.797693134862e+308, 4.9231e+00, 3.0685e-01, 
 2DIAGNOSTIC,     6, -4.161669123582e-01, 1.797693134862e+308, 5.2468e+00, 3.2370e-01, 
 2DIAGNOSTIC,     7, -4.161667485640e-01, 1.797693134862e+308, 5.5752e+00, 3.2838e-01, 
 2DIAGNOSTIC,     8, -4.161656816013e-01, 1.797693134862e+308, 5.8406e+00, 2.6543e-01, 
 2DIAGNOSTIC,     9, -4.161650043535e-01, 1.797693134862e+308, 6.1286e+00, 2.8798e-01, 
 2DIAGNOSTIC,    10, -4.161655463811e-01, 2.943366560954e-06, 6.4707e+00, 3.4212e-01, 
 2DIAGNOSTIC,    11, -4.161636420993e-01, 1.720591485482e-06, 6.7192e+00, 2.4845e-01, 
 2DIAGNOSTIC,    12, -4.161624970807e-01, 1.867462474436e-06, 7.0236e+00, 3.0447e-01, 
 2DIAGNOSTIC,    13, -4.161615819742e-01, 1.698398063868e-06, 7.2806e+00, 2.5694e-01, 
 2DIAGNOSTIC,    14, -4.161624603292e-01, 1.592444847334e-06, 7.5722e+00, 2.9167e-01, 
 2DIAGNOSTIC,    15, -4.161620529810e-01, 1.530180432363e-06, 7.8785e+00, 3.0627e-01, 
 2DIAGNOSTIC,    16, -4.161603835103e-01, 1.417836912529e-06, 8.1319e+00, 2.5342e-01, 
 2DIAGNOSTIC,    17, -4.161625251478e-01, 1.455414110160e-06, 8.3814e+00, 2.4948e-01, 
 2DIAGNOSTIC,    18, -4.161617349623e-01, 1.453854853561e-06, 8.6207e+00, 2.3927e-01, 
 2DIAGNOSTIC,    19, -4.161656140592e-01, 1.594928494920e-06, 8.8895e+00, 2.6880e-01, 
 2DIAGNOSTIC,    20, -4.161678254527e-01, 1.821576316667e-06, 9.2492e+00, 3.5971e-01, 
 2DIAGNOSTIC,    21, -4.161672172257e-01, 1.924327016449e-06, 9.5135e+00, 2.6434e-01, 
 2DIAGNOSTIC,    22, -4.161665846120e-01, 1.927748305576e-06, 9.7433e+00, 2.2974e-01, 
 2DIAGNOSTIC,    23, -4.161660793963e-01, 1.843028031460e-06, 1.0007e+01, 2.6362e-01, 
 2DIAGNOSTIC,    24, -4.161655365530e-01, 1.730448863264e-06, 1.0238e+01, 2.3135e-01, 
 2DIAGNOSTIC,    25, -4.161651834944e-01, 1.568353730018e-06, 1.0473e+01, 2.3443e-01, 
 2DIAGNOSTIC,    26, -4.161660037663e-01, 1.368374529666e-06, 1.0748e+01, 2.7577e-01, 
 2DIAGNOSTIC,    27, -4.161651045494e-01, 1.203105054380e-06, 1.1017e+01, 2.6882e-01, 
 2DIAGNOSTIC,    28, -4.161679884895e-01, 1.097088646387e-06, 1.1308e+01, 2.9089e-01, 
 2DIAGNOSTIC,    29, -4.161710849646e-01, 1.162831226635e-06, 1.1572e+01, 2.6399e-01, 
 2DIAGNOSTIC,    30, -4.161703640304e-01, 1.250475701584e-06, 1.1864e+01, 2.9183e-01, 
 2DIAGNOSTIC,    31, -4.161708142908e-01, 1.313167817221e-06, 1.2148e+01, 2.8359e-01, 
 2DIAGNOSTIC,    32, -4.161710089262e-01, 1.336085272564e-06, 1.2379e+01, 2.3147e-01, 
 2DIAGNOSTIC,    33, -4.161749613445e-01, 1.395595233260e-06, 1.2648e+01, 2.6866e-01, 
 2DIAGNOSTIC,    34, -4.161777487501e-01, 1.452526294517e-06, 1.2869e+01, 2.2135e-01, 
 2DIAGNOSTIC,    35, -4.161792220171e-01, 1.478601705580e-06, 1.3130e+01, 2.6097e-01, 
 2DIAGNOSTIC,    36, -4.161806859640e-01, 1.495439406737e-06, 1.3398e+01, 2.6759e-01, 
 2DIAGNOSTIC,    37, -4.161791778418e-01, 1.407680656457e-06, 1.3646e+01, 2.4845e-01, 
 2DIAGNOSTIC,    38, -4.161838486859e-01, 1.406626861093e-06, 1.3972e+01, 3.2580e-01, 
 2DIAGNOSTIC,    39, -4.161849953091e-01, 1.422742164962e-06, 1.4311e+01, 3.3885e-01, 
 2DIAGNOSTIC,    40, -4.161860914882e-01, 1.386764626070e-06, 1.4763e+01, 4.5204e-01, 
 2DIAGNOSTIC,    41, -4.161854987568e-01, 1.295749570737e-06, 1.5073e+01, 3.0991e-01, 
 2DIAGNOSTIC,    42, -4.161840259980e-01, 1.138573337469e-06, 1.5381e+01, 3.0809e-01, 
 2DIAGNOSTIC,    43, -4.161834049852e-01, 1.004201831259e-06, 1.5640e+01, 2.5934e-01, 
DIAGNOSTIC,Iteration,metricValue,convergenceValue,ITERATION_TIME_INDEX,SINCE_LAST
 2DIAGNOSTIC,     1, -3.834265912306e-01, 1.797693134862e+308, 1.8267e+01, 2.6270e+00, 
 2DIAGNOSTIC,     2, -3.834925053338e-01, 1.797693134862e+308, 1.9886e+01, 1.6184e+00, 
 2DIAGNOSTIC,     3, -3.834978116451e-01, 1.797693134862e+308, 2.1706e+01, 1.8202e+00, 
 2DIAGNOSTIC,     4, -3.835004127707e-01, 1.797693134862e+308, 2.3208e+01, 1.5024e+00, 
 2DIAGNOSTIC,     5, -3.835019582501e-01, 1.797693134862e+308, 2.4719e+01, 1.5104e+00, 
 2DIAGNOSTIC,     6, -3.835049957403e-01, 1.797693134862e+308, 2.6543e+01, 1.8242e+00, 
 2DIAGNOSTIC,     7, -3.835058343710e-01, 1.797693134862e+308, 2.8435e+01, 1.8926e+00, 
 2DIAGNOSTIC,     8, -3.835066498245e-01, 1.797693134862e+308, 3.0356e+01, 1.9211e+00, 
 2DIAGNOSTIC,     9, -3.835062955313e-01, 1.797693134862e+308, 3.2348e+01, 1.9920e+00, 
 2DIAGNOSTIC,    10, -3.835063108988e-01, 1.066660784413e-05, 3.4189e+01, 1.8404e+00, 
 2DIAGNOSTIC,    11, -3.835061571782e-01, 4.747040964342e-06, 3.6473e+01, 2.2839e+00, 
 2DIAGNOSTIC,    12, -3.835060832640e-01, 3.706200870757e-06, 3.7823e+01, 1.3507e+00, 
 2DIAGNOSTIC,    13, -3.835060190712e-01, 3.027826224619e-06, 3.9542e+01, 1.7187e+00, 
 2DIAGNOSTIC,    14, -3.835058638469e-01, 2.523467115281e-06, 4.1032e+01, 1.4896e+00, 
 2DIAGNOSTIC,    15, -3.835058006955e-01, 2.133709312777e-06, 4.2822e+01, 1.7907e+00, 
 2DIAGNOSTIC,    16, -3.835056463962e-01, 1.924177737228e-06, 4.4839e+01, 2.0169e+00, 
 2DIAGNOSTIC,    17, -3.835054775120e-01, 1.773328563652e-06, 4.6444e+01, 1.6051e+00, 
 2DIAGNOSTIC,    18, -3.835053086113e-01, 1.675385380012e-06, 4.7877e+01, 1.4325e+00, 
 2DIAGNOSTIC,    19, -3.835051448135e-01, 1.576051819524e-06, 4.9369e+01, 1.4924e+00, 
 2DIAGNOSTIC,    20, -3.835051658757e-01, 1.497295076196e-06, 5.0867e+01, 1.4973e+00, 
 2DIAGNOSTIC,    21, -3.835053779566e-01, 1.436675314687e-06, 5.2539e+01, 1.6725e+00, 
 2DIAGNOSTIC,    22, -3.835055901405e-01, 1.393331721451e-06, 5.4215e+01, 1.6756e+00, 
 2DIAGNOSTIC,    23, -3.835055250997e-01, 1.354581542524e-06, 5.5918e+01, 1.7036e+00, 
 2DIAGNOSTIC,    24, -3.835054518276e-01, 1.314933130790e-06, 5.7566e+01, 1.6474e+00, 
 2DIAGNOSTIC,    25, -3.835053813417e-01, 1.275595341410e-06, 5.9213e+01, 1.6478e+00, 
 2DIAGNOSTIC,    26, -3.835053141611e-01, 1.232550095875e-06, 6.0777e+01, 1.5632e+00, 
 2DIAGNOSTIC,    27, -3.835053494669e-01, 1.188143194719e-06, 6.2377e+01, 1.6007e+00, 
 2DIAGNOSTIC,    28, -3.835054089347e-01, 1.143229101191e-06, 6.4147e+01, 1.7699e+00, 
 2DIAGNOSTIC,    29, -3.835055814672e-01, 1.101082731811e-06, 6.5509e+01, 1.3621e+00, 
 2DIAGNOSTIC,    30, -3.835053714635e-01, 1.056523030243e-06, 6.7672e+01, 2.1633e+00, 
 2DIAGNOSTIC,    31, -3.835053052283e-01, 1.018740043032e-06, 6.9271e+01, 1.5982e+00, 
  Elapsed time (stage 0): 7.0347e+01


Total elapsed time: 7.0352e+01
Info [verificarlo]: loaded backend libinterflop_vprec.so
Info [interflop-vprec]: load backend with: 
Info [interflop-vprec]: precision-binary32 = 21
Info [interflop-vprec]: range-binary32 = 7
Info [interflop-vprec]: precision-binary64 = 21
Info [interflop-vprec]: range-binary64 = 7
Info [interflop-vprec]: mode = ob
Info [interflop-vprec]: error-mode = rel
Info [interflop-vprec]: max-abs-error-exponent = -1022
Info [interflop-vprec]: daz = false
Info [interflop-vprec]: ftz = false
Info [interflop-vprec]: 	instrument = none
Info [interflop-vprec]: 	prec-input-file = (null)
Info [interflop-vprec]: 	prec-output-file = (null)
Info [interflop-vprec]: 	prec-log-file = (null)
All_Command_lines_OK
Using double precision for computations.
=============================================================================
The composite transform comprises the following transforms (in order): 
  1. /home/mdugre/scratch/mri-registration-rp/datasets/ds004513/derivatives/mri-registration-rp/0011/antsRegistration-r7-p21/sub-s017/rigid_Composite.h5[0] (type = Euler3DTransform)
  2. /home/mdugre/scratch/mri-registration-rp/datasets/ds004513/derivatives/mri-registration-rp/0011/antsRegistration-r7-p21/sub-s017/rigid_Composite.h5[1] (type = Euler3DTransform)
  3. /home/mdugre/scratch/mri-registration-rp/datasets/ds004513/derivatives/mri-registration-rp/0011/antsRegistration-r7-p21/sub-s017/rigid_Composite.h5[2] (type = Euler3DTransform)
=============================================================================
  number of levels = 4
  fixed image: /templateflow/tpl-MNI152NLin2009cAsym/tpl-MNI152NLin2009cAsym_res-01_desc-brain_T1w.nii.gz
  moving image: /home/mdugre/scratch/mri-registration-rp/datasets/ds004513/derivatives/mri-registration-rp/antsBrainExtraction/sub-s017/BrainExtractionBrain.nii.gz
Dimension = 3
Number of stages = 1
Use histogram matching = false
Winsorize image intensities = true
  Lower quantile = 0.005
  Upper quantile = 0.995


Stage 1 State
   Image metric = MattesMI
     Fixed image = Image (0x4488490)
  RTTI typeinfo:   itk::Image<double, 3u>
  Reference Count: 2
  Modified Time: 1594
  Debug: Off
  Object Name: 
  Observers: 
    none
  Source: (none)
  Source output name: (none)
  Release Data: Off
  Data Released: False
  Global Release Data: Off
  PipelineMTime: 0
  UpdateMTime: 1203
  RealTimeStamp: 0 seconds 
  LargestPossibleRegion: 
    Dimension: 3
    Index: [0, 0, 0]
    Size: [193, 229, 193]
  BufferedRegion: 
    Dimension: 3
    Index: [0, 0, 0]
    Size: [193, 229, 193]
  RequestedRegion: 
    Dimension: 3
    Index: [0, 0, 0]
    Size: [193, 229, 193]
  Spacing: [1, 1, 1]
  Origin: [96, 132, -78]
  Direction: 
-1 0 0
0 -1 0
0 0 1

  IndexToPointMatrix: 
-1 0 0
0 -1 0
0 0 1

  PointToIndexMatrix: 
-1 0 0
0 -1 0
0 0 1

  Inverse Direction: 
-1 0 0
0 -1 0
0 0 1

  PixelContainer: 
    ImportImageContainer (0x45538c0)
      RTTI typeinfo:   itk::ImportImageContainer<unsigned long, double>
      Reference Count: 1
      Modified Time: 1200
      Debug: Off
      Object Name: 
      Observers: 
        none
      Pointer: 0x151859cf2010
      Container manages memory: true
      Size: 8530021
      Capacity: 8530021

     Moving image = Image (0x4543b60)
  RTTI typeinfo:   itk::Image<double, 3u>
  Reference Count: 2
  Modified Time: 1595
  Debug: Off
  Object Name: 
  Observers: 
    none
  Source: (none)
  Source output name: (none)
  Release Data: Off
  Data Released: False
  Global Release Data: Off
  PipelineMTime: 0
  UpdateMTime: 1592
  RealTimeStamp: 0 seconds 
  LargestPossibleRegion: 
    Dimension: 3
    Index: [0, 0, 0]
    Size: [160, 240, 256]
  BufferedRegion: 
    Dimension: 3
    Index: [0, 0, 0]
    Size: [160, 240, 256]
  RequestedRegion: 
    Dimension: 3
    Index: [0, 0, 0]
    Size: [160, 240, 256]
  Spacing: [1, 1, 1]
  Origin: [91.3357, 102.231, -120.042]
  Direction: 
-0.997442 -5.36781e-05 -0.0714818
5.35417e-05 -1 3.82465e-06
-0.0714818 -1.23894e-08 0.997442

  IndexToPointMatrix: 
-0.997444 -5.36781e-05 -0.0714818
5.35418e-05 -1 3.82465e-06
-0.0714819 -1.23894e-08 0.997442

  PointToIndexMatrix: 
-0.99744 5.35416e-05 -0.0714816
-5.36781e-05 -1 -1.23891e-08
-0.0714818 3.82465e-06 0.997442

  Inverse Direction: 
-0.997442 5.35417e-05 -0.0714818
-5.36781e-05 -1 -1.23891e-08
-0.0714818 3.82465e-06 0.997442

  PixelContainer: 
    ImportImageContainer (0x45d71d0)
      RTTI typeinfo:   itk::ImportImageContainer<unsigned long, double>
      Reference Count: 1
      Modified Time: 1589
      Debug: Off
      Object Name: 
      Observers: 
        none
      Pointer: 0x1518551f1010
      Container manages memory: true
      Size: 9830400
      Capacity: 9830400

     Weighting = 1
     Sampling strategy = regular
     Number of bins = 32
     Radius = 4
     Sampling percentage  = 0.25
   Transform = Affine
     Gradient step = 0.1
     Update field sigma (voxel space) = 0
     Total field sigma (voxel space) = 0
     Update field time sigma = 0
     Total field time sigma  = 0
     Number of time indices = 0
     Number of time point samples = 0
Registration using 1 total stages.

Stage 0
  iterations = 1000x500x250x100
  convergence threshold = 1e-06
  convergence window size = 10
  number of levels = 4
  using the Mattes MI metric (number of bins = 32, weight = 1, use gradient filter = 0)
  preprocessing:  winsorizing the image intensities
  Shrink factors (level 1 out of 4): [8, 8, 8]
  Shrink factors (level 2 out of 4): [4, 4, 4]
  Shrink factors (level 3 out of 4): [2, 2, 2]
  Shrink factors (level 4 out of 4): [1, 1, 1]
  smoothing sigmas per level: [3, 2, 1, 0]
  regular sampling (percentage = 0.25)

*** Running AffineTransform registration ***

DIAGNOSTIC,Iteration,metricValue,convergenceValue,ITERATION_TIME_INDEX,SINCE_LAST
 2DIAGNOSTIC,     1, -5.806295790659e-01, 1.797693134862e+308, 0.0000e+00, 0.0000e+00, 
 2DIAGNOSTIC,     2, -5.832419167136e-01, 1.797693134862e+308, 0.0000e+00, 0.0000e+00, 
 2DIAGNOSTIC,     3, -5.883954944642e-01, 1.797693134862e+308, 0.0000e+00, 0.0000e+00, 
 2DIAGNOSTIC,     4, -5.973639758491e-01, 1.797693134862e+308, 0.0000e+00, 0.0000e+00, 
 2DIAGNOSTIC,     5, -6.165811895724e-01, 1.797693134862e+308, 0.0000e+00, 0.0000e+00, 
 2DIAGNOSTIC,     6, -6.406002067418e-01, 1.797693134862e+308, 0.0000e+00, 0.0000e+00, 
 2DIAGNOSTIC,     7, -7.010867022854e-01, 1.797693134862e+308, 0.0000e+00, 0.0000e+00, 
 2DIAGNOSTIC,     8, -7.633630153526e-01, 1.797693134862e+308, 0.0000e+00, 0.0000e+00, 
 2DIAGNOSTIC,     9, -8.425545895643e-01, 1.797693134862e+308, 0.0000e+00, 0.0000e+00, 
 2DIAGNOSTIC,    10, -8.571767910931e-01, 2.847531865863e-02, 0.0000e+00, 0.0000e+00, 
 2DIAGNOSTIC,    11, -8.704109823596e-01, 2.874062295941e-02, 0.0000e+00, 0.0000e+00, 
 2DIAGNOSTIC,    12, -8.814544314665e-01, 2.684987301277e-02, 0.0000e+00, 0.0000e+00, 
 2DIAGNOSTIC,    13, -8.824086886576e-01, 2.308183632813e-02, 0.0000e+00, 0.0000e+00, 
 2DIAGNOSTIC,    14, -8.836180923954e-01, 1.815942436690e-02, 0.0000e+00, 0.0000e+00, 
 2DIAGNOSTIC,    15, -8.850121643927e-01, 1.291853404705e-02, 0.0000e+00, 0.0000e+00, 
 2DIAGNOSTIC,    16, -8.869391939263e-01, 7.885983291880e-03, 0.0000e+00, 0.0000e+00, 
 2DIAGNOSTIC,    17, -8.885928019071e-01, 4.169384255711e-03, 0.0000e+00, 0.0000e+00, 
 2DIAGNOSTIC,    18, -8.889850718672e-01, 1.795819691171e-03, 0.0000e+00, 0.0000e+00, 
 2DIAGNOSTIC,    19, -8.888445163907e-01, 1.068152564953e-03, 0.0000e+00, 0.0000e+00, 
 2DIAGNOSTIC,    20, -8.887785198616e-01, 5.856921522958e-04, 0.0000e+00, 0.0000e+00, 
 2DIAGNOSTIC,    21, -8.885583438221e-01, 3.196994344667e-04, 0.0000e+00, 0.0000e+00, 
 2DIAGNOSTIC,    22, -8.885246299227e-01, 2.308897885562e-04, 0.0000e+00, 0.0000e+00, 
 2DIAGNOSTIC,    23, -8.882756798449e-01, 1.403207769723e-04, 0.0000e+00, 0.0000e+00, 
 2DIAGNOSTIC,    24, -8.881100861981e-01, 6.089124811408e-05, 0.0000e+00, 0.0000e+00, 
 2DIAGNOSTIC,    25, -8.882101463476e-01, 3.754520417745e-06, 0.0000e+00, 0.0000e+00, 
DIAGNOSTIC,Iteration,metricValue,convergenceValue,ITERATION_TIME_INDEX,SINCE_LAST
 2DIAGNOSTIC,     1, -7.468922529128e-01, 1.797693134862e+308, 0.0000e+00, 0.0000e+00, 
 2DIAGNOSTIC,     2, -7.475990844621e-01, 1.797693134862e+308, 0.0000e+00, 0.0000e+00, 
 2DIAGNOSTIC,     3, -7.481549075840e-01, 1.797693134862e+308, 0.0000e+00, 0.0000e+00, 
 2DIAGNOSTIC,     4, -7.485610849921e-01, 1.797693134862e+308, 0.0000e+00, 0.0000e+00, 
 2DIAGNOSTIC,     5, -7.488888637260e-01, 1.797693134862e+308, 0.0000e+00, 0.0000e+00, 
 2DIAGNOSTIC,     6, -7.493257060725e-01, 1.797693134862e+308, 0.0000e+00, 0.0000e+00, 
 2DIAGNOSTIC,     7, -7.496250406681e-01, 1.797693134862e+308, 0.0000e+00, 0.0000e+00, 
 2DIAGNOSTIC,     8, -7.501236056979e-01, 1.797693134862e+308, 0.0000e+00, 0.0000e+00, 
 2DIAGNOSTIC,     9, -7.503983962276e-01, 1.797693134862e+308, 0.0000e+00, 0.0000e+00, 
 2DIAGNOSTIC,    10, -7.504417031502e-01, 3.047016685459e-04, 0.0000e+00, 0.0000e+00, 
 2DIAGNOSTIC,    11, -7.504613464779e-01, 2.365948132874e-04, 0.0000e+00, 0.0000e+00, 
 2DIAGNOSTIC,    12, -7.504934721699e-01, 1.819543048482e-04, 0.0000e+00, 0.0000e+00, 
 2DIAGNOSTIC,    13, -7.504877046185e-01, 1.352700223348e-04, 0.0000e+00, 0.0000e+00, 
 2DIAGNOSTIC,    14, -7.504789961369e-01, 9.383228684587e-05, 0.0000e+00, 0.0000e+00, 
 2DIAGNOSTIC,    15, -7.504721783912e-01, 5.763468721903e-05, 0.0000e+00, 0.0000e+00, 
 2DIAGNOSTIC,    16, -7.504696590127e-01, 3.120078609524e-05, 0.0000e+00, 0.0000e+00, 
 2DIAGNOSTIC,    17, -7.504879197062e-01, 1.202891346173e-05, 0.0000e+00, 0.0000e+00, 
 2DIAGNOSTIC,    18, -7.504841879908e-01, 4.311968435623e-06, 0.0000e+00, 0.0000e+00, 
 2DIAGNOSTIC,    19, -7.504715288536e-01, 2.402938064139e-06, 0.0000e+00, 0.0000e+00, 
 2DIAGNOSTIC,    20, -7.504937648154e-01, 1.869427925079e-06, 0.0000e+00, 0.0000e+00, 
 2DIAGNOSTIC,    21, -7.505382370461e-01, 2.482612087483e-06, 0.0000e+00, 0.0000e+00, 
 2DIAGNOSTIC,    22, -7.505127529345e-01, 3.037775523948e-06, 0.0000e+00, 0.0000e+00, 
 2DIAGNOSTIC,    23, -7.505292047150e-01, 3.601622435991e-06, 0.0000e+00, 0.0000e+00, 
 2DIAGNOSTIC,    24, -7.504877362674e-01, 3.127144834497e-06, 0.0000e+00, 0.0000e+00, 
 2DIAGNOSTIC,    25, -7.504740935147e-01, 2.222256394305e-06, 0.0000e+00, 0.0000e+00, 
 2DIAGNOSTIC,    26, -7.504607515423e-01, 1.047008710953e-06, 0.0000e+00, 0.0000e+00, 
DIAGNOSTIC,Iteration,metricValue,convergenceValue,ITERATION_TIME_INDEX,SINCE_LAST
 2DIAGNOSTIC,     1, -6.292840553536e-01, 1.797693134862e+308, 0.0000e+00, 0.0000e+00, 
 2DIAGNOSTIC,     2, -6.298354113865e-01, 1.797693134862e+308, 0.0000e+00, 0.0000e+00, 
 2DIAGNOSTIC,     3, -6.304321434339e-01, 1.797693134862e+308, 0.0000e+00, 0.0000e+00, 
 2DIAGNOSTIC,     4, -6.310813316736e-01, 1.797693134862e+308, 0.0000e+00, 0.0000e+00, 
 2DIAGNOSTIC,     5, -6.320627254738e-01, 1.797693134862e+308, 0.0000e+00, 0.0000e+00, 
 2DIAGNOSTIC,     6, -6.331169627637e-01, 1.797693134862e+308, 0.0000e+00, 0.0000e+00, 
 2DIAGNOSTIC,     7, -6.331179002002e-01, 1.797693134862e+308, 0.0000e+00, 0.0000e+00, 
 2DIAGNOSTIC,     8, -6.331182836267e-01, 1.797693134862e+308, 0.0000e+00, 0.0000e+00, 
 2DIAGNOSTIC,     9, -6.331189910342e-01, 1.797693134862e+308, 0.0000e+00, 0.0000e+00, 
 2DIAGNOSTIC,    10, -6.331187776878e-01, 4.401528356160e-04, 0.0000e+00, 0.0000e+00, 
 2DIAGNOSTIC,    11, -6.331162578444e-01, 3.116439216503e-04, 0.0000e+00, 0.0000e+00, 
 2DIAGNOSTIC,    12, -6.331164970557e-01, 1.976859532774e-04, 0.0000e+00, 0.0000e+00, 
 2DIAGNOSTIC,    13, -6.331161373322e-01, 1.046645630156e-04, 0.0000e+00, 0.0000e+00, 
 2DIAGNOSTIC,    14, -6.331149053734e-01, 3.597905582907e-05, 0.0000e+00, 0.0000e+00, 
 2DIAGNOSTIC,    15, -6.331100913324e-01, 1.749367204235e-06, 0.0000e+00, 0.0000e+00, 
 2DIAGNOSTIC,    16, -6.331123056570e-01, 1.520843739625e-06, 0.0000e+00, 0.0000e+00, 
 2DIAGNOSTIC,    17, -6.331128439112e-01, 1.398013154665e-06, 0.0000e+00, 0.0000e+00, 
 2DIAGNOSTIC,    18, -6.331172654904e-01, 1.449911808879e-06, 0.0000e+00, 0.0000e+00, 
 2DIAGNOSTIC,    19, -6.331215083966e-01, 1.641701941800e-06, 0.0000e+00, 0.0000e+00, 
 2DIAGNOSTIC,    20, -6.331214150487e-01, 1.812750596103e-06, 0.0000e+00, 0.0000e+00, 
 2DIAGNOSTIC,    21, -6.331192172893e-01, 1.847753852667e-06, 0.0000e+00, 0.0000e+00, 
 2DIAGNOSTIC,    22, -6.331183851578e-01, 1.836969727415e-06, 0.0000e+00, 0.0000e+00, 
 2DIAGNOSTIC,    23, -6.331170692772e-01, 1.756472538444e-06, 0.0000e+00, 0.0000e+00, 
 2DIAGNOSTIC,    24, -6.331152905383e-01, 1.593054595100e-06, 0.0000e+00, 0.0000e+00, 
 2DIAGNOSTIC,    25, -6.331163107246e-01, 1.350219021416e-06, 0.0000e+00, 0.0000e+00, 
 2DIAGNOSTIC,    26, -6.331176493542e-01, 1.181703740152e-06, 0.0000e+00, 0.0000e+00, 
 2DIAGNOSTIC,    27, -6.331174701162e-01, 1.034076893058e-06, 0.0000e+00, 0.0000e+00, 
DIAGNOSTIC,Iteration,metricValue,convergenceValue,ITERATION_TIME_INDEX,SINCE_LAST
 2DIAGNOSTIC,     1, -5.647338769126e-01, 1.797693134862e+308, 0.0000e+00, 0.0000e+00, 
 2DIAGNOSTIC,     2, -5.649580095223e-01, 1.797693134862e+308, 0.0000e+00, 0.0000e+00, 
 2DIAGNOSTIC,     3, -5.651496005815e-01, 1.797693134862e+308, 0.0000e+00, 0.0000e+00, 
 2DIAGNOSTIC,     4, -5.653332159164e-01, 1.797693134862e+308, 0.0000e+00, 0.0000e+00, 
 2DIAGNOSTIC,     5, -5.653588216656e-01, 1.797693134862e+308, 0.0000e+00, 0.0000e+00, 
 2DIAGNOSTIC,     6, -5.653616773768e-01, 1.797693134862e+308, 0.0000e+00, 0.0000e+00, 
 2DIAGNOSTIC,     7, -5.653616306916e-01, 1.797693134862e+308, 0.0000e+00, 0.0000e+00, 
 2DIAGNOSTIC,     8, -5.653616543439e-01, 1.797693134862e+308, 0.0000e+00, 0.0000e+00, 
 2DIAGNOSTIC,     9, -5.653615123056e-01, 1.797693134862e+308, 0.0000e+00, 0.0000e+00, 
 2DIAGNOSTIC,    10, -5.653615175807e-01, 6.064589744710e-05, 0.0000e+00, 0.0000e+00, 
 2DIAGNOSTIC,    11, -5.653612515564e-01, 3.075801648313e-05, 0.0000e+00, 0.0000e+00, 
 2DIAGNOSTIC,    12, -5.653612612478e-01, 1.262561144659e-05, 0.0000e+00, 0.0000e+00, 
 2DIAGNOSTIC,    13, -5.653612556075e-01, 3.602793496649e-06, 0.0000e+00, 0.0000e+00, 
 2DIAGNOSTIC,    14, -5.653612698929e-01, 2.334014164593e-06, 0.0000e+00, 0.0000e+00, 
 2DIAGNOSTIC,    15, -5.653612695726e-01, 2.084624765308e-06, 0.0000e+00, 0.0000e+00, 
 2DIAGNOSTIC,    16, -5.653612592406e-01, 1.959523773049e-06, 0.0000e+00, 0.0000e+00, 
 2DIAGNOSTIC,    17, -5.653612551724e-01, 1.850502580329e-06, 0.0000e+00, 0.0000e+00, 
 2DIAGNOSTIC,    18, -5.653612589884e-01, 1.756507301873e-06, 0.0000e+00, 0.0000e+00, 
 2DIAGNOSTIC,    19, -5.653612568750e-01, 1.669712677996e-06, 0.0000e+00, 0.0000e+00, 
 2DIAGNOSTIC,    20, -5.653612594468e-01, 1.592620473619e-06, 0.0000e+00, 0.0000e+00, 
 2DIAGNOSTIC,    21, -5.653612587447e-01, 1.516491466215e-06, 0.0000e+00, 0.0000e+00, 
 2DIAGNOSTIC,    22, -5.653612586561e-01, 1.447544532282e-06, 0.0000e+00, 0.0000e+00, 
 2DIAGNOSTIC,    23, -5.653612589208e-01, 1.384493751339e-06, 0.0000e+00, 0.0000e+00, 
 2DIAGNOSTIC,    24, -5.653612589208e-01, 1.327032323743e-06, 5.1200e+02, 5.1200e+02, 
 2DIAGNOSTIC,    25, -5.653612589208e-01, 1.274183458480e-06, 5.1200e+02, 0.0000e+00, 
 2DIAGNOSTIC,    26, -5.653612589208e-01, 1.225196217931e-06, 5.1200e+02, 0.0000e+00, 
 2DIAGNOSTIC,    27, -5.653612589208e-01, 1.179751676808e-06, 5.1200e+02, 0.0000e+00, 
 2DIAGNOSTIC,    28, -5.653612589208e-01, 1.137620726177e-06, 5.1200e+02, 0.0000e+00, 
 2DIAGNOSTIC,    29, -5.653612589208e-01, 1.098354368602e-06, 5.1200e+02, 0.0000e+00, 
 2DIAGNOSTIC,    30, -5.653612589208e-01, 1.061749758897e-06, 5.1200e+02, 0.0000e+00, 
 2DIAGNOSTIC,    31, -5.653612589208e-01, 1.027494969517e-06, 5.1200e+02, 0.0000e+00, 
  Elapsed time (stage 0): 5.1200e+02


Total elapsed time: 5.1200e+02
Info [verificarlo]: loaded backend libinterflop_vprec.so
Info [interflop-vprec]: load backend with: 
Info [interflop-vprec]: precision-binary32 = 21
Info [interflop-vprec]: range-binary32 = 7
Info [interflop-vprec]: precision-binary64 = 21
Info [interflop-vprec]: range-binary64 = 7
Info [interflop-vprec]: mode = ob
Info [interflop-vprec]: error-mode = rel
Info [interflop-vprec]: max-abs-error-exponent = -1022
Info [interflop-vprec]: daz = false
Info [interflop-vprec]: ftz = false
Info [interflop-vprec]: 	instrument = none
Info [interflop-vprec]: 	prec-input-file = (null)
Info [interflop-vprec]: 	prec-output-file = (null)
Info [interflop-vprec]: 	prec-log-file = (null)
All_Command_lines_OK
Using double precision for computations.
