
##########################
# Experiment information #
##########################

EXPERIMENT_NAME: antsRegistration-r7-p21
VFC_BACKENDS: libinterflop_vprec.so --range-binary32=7 --precision-binary32=21 --range-binary64=7 --precision-binary64=21

SIF_IMG: /home/mdugre/projects/rrg-glatard/mdugre/containers/ants-vprec-no_metrics.simg

SUBJECT_ID: s025
INPUT_IMG: /home/mdugre/scratch/mri-registration-rp/datasets/ds004513/derivatives/mri-registration-rp/antsBrainExtraction/sub-s025/BrainExtractionBrain.nii.gz
OUTPUT_DIR: /home/mdugre/scratch/mri-registration-rp/datasets/ds004513/derivatives/mri-registration-rp/0011/antsRegistration-r7-p21/sub-s025

FIXED_IMG: /templateflow/tpl-MNI152NLin2009cAsym/tpl-MNI152NLin2009cAsym_res-01_desc-brain_T1w.nii.gz
DATA_DIR: /home/mdugre/scratch/mri-registration-rp/datasets/ds004513
TEMPLATEFLOW_DIR: /home/mdugre/projects/rrg-glatard/mdugre/templateflow
ITK_GLOBAL_DEFAULT_NUMBER_OF_THREADS: 16
##########################

Info [verificarlo]: loaded backend libinterflop_ieee.so
Info [interflop-ieee]: load backend with:
Info [interflop-ieee]: debug = false
Info [interflop-ieee]: debug-binary = false
Info [interflop-ieee]: no-backend-name = false
Info [interflop-ieee]: print-new-line = false
Info [interflop-ieee]: print-subnormal-normalized = false
Info [interflop-ieee]: count-op = false
All_Command_lines_OK
Using double precision for computations.
=============================================================================
The composite transform comprises the following transforms (in order): 
  1. Center of mass alignment using fixed image: /templateflow/tpl-MNI152NLin2009cAsym/tpl-MNI152NLin2009cAsym_res-01_desc-brain_T1w.nii.gz and moving image: /home/mdugre/scratch/mri-registration-rp/datasets/ds004513/derivatives/mri-registration-rp/antsBrainExtraction/sub-s025/BrainExtractionBrain.nii.gz (type = Euler3DTransform)
=============================================================================
  number of levels = 1
  fixed image: /templateflow/tpl-MNI152NLin2009cAsym/tpl-MNI152NLin2009cAsym_res-01_desc-brain_T1w.nii.gz
  moving image: /home/mdugre/scratch/mri-registration-rp/datasets/ds004513/derivatives/mri-registration-rp/antsBrainExtraction/sub-s025/BrainExtractionBrain.nii.gz
Dimension = 3
Number of stages = 1
Use histogram matching = false
Winsorize image intensities = true
  Lower quantile = 0.005
  Upper quantile = 0.995


Stage 1 State
   Image metric = MattesMI
     Fixed image = Image (0x4fb3e70)
  RTTI typeinfo:   itk::Image<double, 3u>
  Reference Count: 2
  Modified Time: 2334
  Debug: Off
  Object Name: 
  Observers: 
    none
  Source: (none)
  Source output name: (none)
  Release Data: Off
  Data Released: False
  Global Release Data: Off
  PipelineMTime: 0
  UpdateMTime: 1943
  RealTimeStamp: 0 seconds 
  LargestPossibleRegion: 
    Dimension: 3
    Index: [0, 0, 0]
    Size: [193, 229, 193]
  BufferedRegion: 
    Dimension: 3
    Index: [0, 0, 0]
    Size: [193, 229, 193]
  RequestedRegion: 
    Dimension: 3
    Index: [0, 0, 0]
    Size: [193, 229, 193]
  Spacing: [1, 1, 1]
  Origin: [96, 132, -78]
  Direction: 
-1 0 0
0 -1 0
0 0 1

  IndexToPointMatrix: 
-1 0 0
0 -1 0
0 0 1

  PointToIndexMatrix: 
-1 0 0
0 -1 0
0 0 1

  Inverse Direction: 
-1 0 0
0 -1 0
0 0 1

  PixelContainer: 
    ImportImageContainer (0x4fbcc60)
      RTTI typeinfo:   itk::ImportImageContainer<unsigned long, double>
      Reference Count: 1
      Modified Time: 1940
      Debug: Off
      Object Name: 
      Observers: 
        none
      Pointer: 0x1512d88b0010
      Container manages memory: true
      Size: 8530021
      Capacity: 8530021

     Moving image = Image (0x4fbf610)
  RTTI typeinfo:   itk::Image<double, 3u>
  Reference Count: 2
  Modified Time: 2335
  Debug: Off
  Object Name: 
  Observers: 
    none
  Source: (none)
  Source output name: (none)
  Release Data: Off
  Data Released: False
  Global Release Data: Off
  PipelineMTime: 0
  UpdateMTime: 2332
  RealTimeStamp: 0 seconds 
  LargestPossibleRegion: 
    Dimension: 3
    Index: [0, 0, 0]
    Size: [176, 240, 256]
  BufferedRegion: 
    Dimension: 3
    Index: [0, 0, 0]
    Size: [176, 240, 256]
  RequestedRegion: 
    Dimension: 3
    Index: [0, 0, 0]
    Size: [176, 240, 256]
  Spacing: [0.999999, 1, 1]
  Origin: [90.3778, 84.5091, -154.071]
  Direction: 
-0.999391 7.48184e-06 -0.0348969
-7.47664e-06 -1 -2.7953e-07
-0.0348969 -1.84481e-08 0.999391

  IndexToPointMatrix: 
-0.99939 7.48184e-06 -0.0348969
-7.47663e-06 -1 -2.7953e-07
-0.0348968 -1.84481e-08 0.999391

  PointToIndexMatrix: 
-0.999392 -7.47665e-06 -0.0348969
7.48184e-06 -1 -1.84481e-08
-0.0348969 -2.7953e-07 0.999391

  Inverse Direction: 
-0.999391 -7.47664e-06 -0.0348969
7.48184e-06 -1 -1.84481e-08
-0.0348969 -2.7953e-07 0.999391

  PixelContainer: 
    ImportImageContainer (0x5058ef0)
      RTTI typeinfo:   itk::ImportImageContainer<unsigned long, double>
      Reference Count: 1
      Modified Time: 2329
      Debug: Off
      Object Name: 
      Observers: 
        none
      Pointer: 0x1512d362f010
      Container manages memory: true
      Size: 10813440
      Capacity: 10813440

     Weighting = 1
     Sampling strategy = regular
     Number of bins = 32
     Radius = 4
     Sampling percentage  = 0.25
   Transform = Rigid
     Gradient step = 0.1
     Update field sigma (voxel space) = 0
     Total field sigma (voxel space) = 0
     Update field time sigma = 0
     Total field time sigma  = 0
     Number of time indices = 0
     Number of time point samples = 0
Registration using 1 total stages.

Stage 0
  iterations = 0
  convergence threshold = 1e-06
  convergence window size = 10
  number of levels = 1
  using the Mattes MI metric (number of bins = 32, weight = 1, use gradient filter = 0)
  preprocessing:  winsorizing the image intensities
  Shrink factors (level 1 out of 1): [1, 1, 1]
  smoothing sigmas per level: [0]
  regular sampling (percentage = 0.25)

*** Running Euler3DTransform registration ***

  Elapsed time (stage 0): 1.09403


Total elapsed time: 1.09629
Info [verificarlo]: loaded backend libinterflop_ieee.so
Info [interflop-ieee]: load backend with:
Info [interflop-ieee]: debug = false
Info [interflop-ieee]: debug-binary = false
Info [interflop-ieee]: no-backend-name = false
Info [interflop-ieee]: print-new-line = false
Info [interflop-ieee]: print-subnormal-normalized = false
Info [interflop-ieee]: count-op = false
All_Command_lines_OK
Using double precision for computations.
=============================================================================
The composite transform comprises the following transforms (in order): 
  1. /home/mdugre/scratch/mri-registration-rp/datasets/ds004513/derivatives/mri-registration-rp/0011/antsRegistration-r7-p21/sub-s025/align_Composite.h5[0] (type = Euler3DTransform)
  2. /home/mdugre/scratch/mri-registration-rp/datasets/ds004513/derivatives/mri-registration-rp/0011/antsRegistration-r7-p21/sub-s025/align_Composite.h5[1] (type = Euler3DTransform)
=============================================================================
  number of levels = 4
  fixed image: /templateflow/tpl-MNI152NLin2009cAsym/tpl-MNI152NLin2009cAsym_res-01_desc-brain_T1w.nii.gz
  moving image: /home/mdugre/scratch/mri-registration-rp/datasets/ds004513/derivatives/mri-registration-rp/antsBrainExtraction/sub-s025/BrainExtractionBrain.nii.gz
Dimension = 3
Number of stages = 1
Use histogram matching = false
Winsorize image intensities = true
  Lower quantile = 0.005
  Upper quantile = 0.995


Stage 1 State
   Image metric = MattesMI
     Fixed image = Image (0x3ed9530)
  RTTI typeinfo:   itk::Image<double, 3u>
  Reference Count: 2
  Modified Time: 1580
  Debug: Off
  Object Name: 
  Observers: 
    none
  Source: (none)
  Source output name: (none)
  Release Data: Off
  Data Released: False
  Global Release Data: Off
  PipelineMTime: 0
  UpdateMTime: 1189
  RealTimeStamp: 0 seconds 
  LargestPossibleRegion: 
    Dimension: 3
    Index: [0, 0, 0]
    Size: [193, 229, 193]
  BufferedRegion: 
    Dimension: 3
    Index: [0, 0, 0]
    Size: [193, 229, 193]
  RequestedRegion: 
    Dimension: 3
    Index: [0, 0, 0]
    Size: [193, 229, 193]
  Spacing: [1, 1, 1]
  Origin: [96, 132, -78]
  Direction: 
-1 0 0
0 -1 0
0 0 1

  IndexToPointMatrix: 
-1 0 0
0 -1 0
0 0 1

  PointToIndexMatrix: 
-1 0 0
0 -1 0
0 0 1

  Inverse Direction: 
-1 0 0
0 -1 0
0 0 1

  PixelContainer: 
    ImportImageContainer (0x3f97d60)
      RTTI typeinfo:   itk::ImportImageContainer<unsigned long, double>
      Reference Count: 1
      Modified Time: 1186
      Debug: Off
      Object Name: 
      Observers: 
        none
      Pointer: 0x1528c46bf010
      Container manages memory: true
      Size: 8530021
      Capacity: 8530021

     Moving image = Image (0x3f89f60)
  RTTI typeinfo:   itk::Image<double, 3u>
  Reference Count: 2
  Modified Time: 1581
  Debug: Off
  Object Name: 
  Observers: 
    none
  Source: (none)
  Source output name: (none)
  Release Data: Off
  Data Released: False
  Global Release Data: Off
  PipelineMTime: 0
  UpdateMTime: 1578
  RealTimeStamp: 0 seconds 
  LargestPossibleRegion: 
    Dimension: 3
    Index: [0, 0, 0]
    Size: [176, 240, 256]
  BufferedRegion: 
    Dimension: 3
    Index: [0, 0, 0]
    Size: [176, 240, 256]
  RequestedRegion: 
    Dimension: 3
    Index: [0, 0, 0]
    Size: [176, 240, 256]
  Spacing: [0.999999, 1, 1]
  Origin: [90.3778, 84.5091, -154.071]
  Direction: 
-0.999391 7.48184e-06 -0.0348969
-7.47664e-06 -1 -2.7953e-07
-0.0348969 -1.84481e-08 0.999391

  IndexToPointMatrix: 
-0.99939 7.48184e-06 -0.0348969
-7.47663e-06 -1 -2.7953e-07
-0.0348968 -1.84481e-08 0.999391

  PointToIndexMatrix: 
-0.999392 -7.47665e-06 -0.0348969
7.48184e-06 -1 -1.84481e-08
-0.0348969 -2.7953e-07 0.999391

  Inverse Direction: 
-0.999391 -7.47664e-06 -0.0348969
7.48184e-06 -1 -1.84481e-08
-0.0348969 -2.7953e-07 0.999391

  PixelContainer: 
    ImportImageContainer (0x3f7b6d0)
      RTTI typeinfo:   itk::ImportImageContainer<unsigned long, double>
      Reference Count: 1
      Modified Time: 1575
      Debug: Off
      Object Name: 
      Observers: 
        none
      Pointer: 0x1528bf43e010
      Container manages memory: true
      Size: 10813440
      Capacity: 10813440

     Weighting = 1
     Sampling strategy = regular
     Number of bins = 32
     Radius = 4
     Sampling percentage  = 0.25
   Transform = Rigid
     Gradient step = 0.1
     Update field sigma (voxel space) = 0
     Total field sigma (voxel space) = 0
     Update field time sigma = 0
     Total field time sigma  = 0
     Number of time indices = 0
     Number of time point samples = 0
Registration using 1 total stages.

Stage 0
  iterations = 1000x500x250x100
  convergence threshold = 1e-06
  convergence window size = 10
  number of levels = 4
  using the Mattes MI metric (number of bins = 32, weight = 1, use gradient filter = 0)
  preprocessing:  winsorizing the image intensities
  Shrink factors (level 1 out of 4): [8, 8, 8]
  Shrink factors (level 2 out of 4): [4, 4, 4]
  Shrink factors (level 3 out of 4): [2, 2, 2]
  Shrink factors (level 4 out of 4): [1, 1, 1]
  smoothing sigmas per level: [3, 2, 1, 0]
  regular sampling (percentage = 0.25)

*** Running Euler3DTransform registration ***

DIAGNOSTIC,Iteration,metricValue,convergenceValue,ITERATION_TIME_INDEX,SINCE_LAST
 2DIAGNOSTIC,     1, -5.323241903179e-01, 1.797693134862e+308, 7.3019e-01, 7.3019e-01, 
 2DIAGNOSTIC,     2, -5.346190553927e-01, 1.797693134862e+308, 7.3403e-01, 3.8440e-03, 
 2DIAGNOSTIC,     3, -5.378036555361e-01, 1.797693134862e+308, 7.3863e-01, 4.5960e-03, 
 2DIAGNOSTIC,     4, -5.422949451405e-01, 1.797693134862e+308, 7.4260e-01, 3.9730e-03, 
 2DIAGNOSTIC,     5, -5.486805952477e-01, 1.797693134862e+308, 7.4677e-01, 4.1690e-03, 
 2DIAGNOSTIC,     6, -5.542790085272e-01, 1.797693134862e+308, 7.5084e-01, 4.0679e-03, 
 2DIAGNOSTIC,     7, -5.627123115611e-01, 1.797693134862e+308, 7.5482e-01, 3.9821e-03, 
 2DIAGNOSTIC,     8, -5.766609943856e-01, 1.797693134862e+308, 7.5867e-01, 3.8471e-03, 
 2DIAGNOSTIC,     9, -5.881111419397e-01, 1.797693134862e+308, 7.6266e-01, 3.9892e-03, 
 2DIAGNOSTIC,    10, -6.012927005665e-01, 7.820055967720e-03, 7.6819e-01, 5.5361e-03, 
 2DIAGNOSTIC,    11, -6.192402913590e-01, 8.564422673934e-03, 7.7550e-01, 7.3018e-03, 
 2DIAGNOSTIC,    12, -6.197111897442e-01, 8.513711436502e-03, 7.7961e-01, 4.1130e-03, 
 2DIAGNOSTIC,    13, -6.223136777510e-01, 7.932305190647e-03, 7.8376e-01, 4.1471e-03, 
 2DIAGNOSTIC,    14, -6.239859078532e-01, 6.938967258809e-03, 7.8792e-01, 4.1621e-03, 
 2DIAGNOSTIC,    15, -6.258731029036e-01, 5.722268374540e-03, 7.9203e-01, 4.1151e-03, 
 2DIAGNOSTIC,    16, -6.290042957044e-01, 4.404898010727e-03, 7.9621e-01, 4.1749e-03, 
 2DIAGNOSTIC,    17, -6.327399548179e-01, 3.192249458042e-03, 8.0144e-01, 5.2278e-03, 
 2DIAGNOSTIC,    18, -6.361770329221e-01, 2.298162514687e-03, 8.0665e-01, 5.2140e-03, 
 2DIAGNOSTIC,    19, -6.381920795161e-01, 1.629119691916e-03, 8.1134e-01, 4.6930e-03, 
 2DIAGNOSTIC,    20, -6.414786468606e-01, 1.264281191440e-03, 8.1549e-01, 4.1440e-03, 
 2DIAGNOSTIC,    21, -6.422621311537e-01, 1.244231354666e-03, 8.1962e-01, 4.1292e-03, 
 2DIAGNOSTIC,    22, -6.443386369715e-01, 1.164065699459e-03, 8.2402e-01, 4.3991e-03, 
 2DIAGNOSTIC,    23, -6.458367311042e-01, 1.066297095756e-03, 8.2847e-01, 4.4520e-03, 
 2DIAGNOSTIC,    24, -6.528535015618e-01, 1.047817942512e-03, 8.3353e-01, 5.0640e-03, 
 2DIAGNOSTIC,    25, -6.591704565035e-01, 1.083081263576e-03, 8.3932e-01, 5.7900e-03, 
 2DIAGNOSTIC,    26, -6.605963661076e-01, 1.093549176561e-03, 8.4428e-01, 4.9548e-03, 
 2DIAGNOSTIC,    27, -6.608439806844e-01, 1.070984915386e-03, 8.4829e-01, 4.0119e-03, 
 2DIAGNOSTIC,    28, -6.615671819977e-01, 1.019502611354e-03, 8.5233e-01, 4.0410e-03, 
 2DIAGNOSTIC,    29, -6.628794599414e-01, 9.260607109923e-04, 8.5639e-01, 4.0660e-03, 
 2DIAGNOSTIC,    30, -6.728294975836e-01, 9.537369688088e-04, 8.6197e-01, 5.5790e-03, 
 2DIAGNOSTIC,    31, -6.735478426224e-01, 9.084143826053e-04, 8.6595e-01, 3.9721e-03, 
 2DIAGNOSTIC,    32, -6.743491889833e-01, 8.254118860845e-04, 8.7001e-01, 4.0681e-03, 
 2DIAGNOSTIC,    33, -6.778518378270e-01, 7.396592444279e-04, 8.7414e-01, 4.1270e-03, 
 2DIAGNOSTIC,    34, -6.872952836634e-01, 8.064170473275e-04, 8.8240e-01, 8.2612e-03, 
 2DIAGNOSTIC,    35, -6.877321535764e-01, 8.751595287585e-04, 8.8659e-01, 4.1859e-03, 
 2DIAGNOSTIC,    36, -6.893213701557e-01, 8.964229036504e-04, 8.9065e-01, 4.0629e-03, 
 2DIAGNOSTIC,    37, -6.927378199413e-01, 8.791309586789e-04, 8.9465e-01, 3.9952e-03, 
 2DIAGNOSTIC,    38, -7.010221228218e-01, 8.853132862583e-04, 8.9863e-01, 3.9830e-03, 
 2DIAGNOSTIC,    39, -7.063992241454e-01, 8.771265846754e-04, 9.0268e-01, 4.0529e-03, 
 2DIAGNOSTIC,    40, -7.084304923577e-01, 9.204414236381e-04, 9.0669e-01, 4.0059e-03, 
 2DIAGNOSTIC,    41, -7.160963373639e-01, 9.681143279718e-04, 9.1126e-01, 4.5769e-03, 
 2DIAGNOSTIC,    42, -7.193368497253e-01, 9.620367674180e-04, 9.1698e-01, 5.7170e-03, 
 2DIAGNOSTIC,    43, -7.222233588626e-01, 9.267637892789e-04, 9.2118e-01, 4.2028e-03, 
 2DIAGNOSTIC,    44, -7.286002045013e-01, 9.643595579305e-04, 9.2544e-01, 4.2551e-03, 
 2DIAGNOSTIC,    45, -7.389505963265e-01, 1.013276447548e-03, 9.2972e-01, 4.2779e-03, 
 2DIAGNOSTIC,    46, -7.435996670634e-01, 1.020518497482e-03, 9.3404e-01, 4.3252e-03, 
 2DIAGNOSTIC,    47, -7.509573162872e-01, 1.029144040835e-03, 9.4155e-01, 7.5030e-03, 
 2DIAGNOSTIC,    48, -7.533643001874e-01, 1.035808759391e-03, 9.4618e-01, 4.6320e-03, 
 2DIAGNOSTIC,    49, -7.536694519035e-01, 9.940543807261e-04, 9.5031e-01, 4.1342e-03, 
 2DIAGNOSTIC,    50, -7.545578636479e-01, 8.828257447047e-04, 9.5453e-01, 4.2169e-03, 
 2DIAGNOSTIC,    51, -7.569458149256e-01, 7.769101992779e-04, 9.5918e-01, 4.6461e-03, 
 2DIAGNOSTIC,    52, -7.587774930314e-01, 6.431864831938e-04, 9.6390e-01, 4.7212e-03, 
 2DIAGNOSTIC,    53, -7.590206464304e-01, 4.787088485625e-04, 9.7199e-01, 8.0929e-03, 
 2DIAGNOSTIC,    54, -7.588686848550e-01, 3.242779661632e-04, 9.7622e-01, 4.2341e-03, 
 2DIAGNOSTIC,    55, -7.590383626116e-01, 2.272316874155e-04, 9.8084e-01, 4.6210e-03, 
 2DIAGNOSTIC,    56, -7.592978774350e-01, 1.481103029503e-04, 9.8547e-01, 4.6229e-03, 
 2DIAGNOSTIC,    57, -7.593677235006e-01, 1.127888227235e-04, 9.9017e-01, 4.7030e-03, 
 2DIAGNOSTIC,    58, -7.594869681557e-01, 8.686029609285e-05, 9.9528e-01, 5.1100e-03, 
 2DIAGNOSTIC,    59, -7.593987259616e-01, 5.547150126557e-05, 9.9934e-01, 4.0560e-03, 
 2DIAGNOSTIC,    60, -7.593740725668e-01, 2.580573390348e-05, 1.0036e+00, 4.2698e-03, 
 2DIAGNOSTIC,    61, -7.597654199664e-01, 1.366901094580e-05, 1.0077e+00, 4.1399e-03, 
 2DIAGNOSTIC,    62, -7.600720270323e-01, 1.510220546089e-05, 1.0124e+00, 4.6051e-03, 
 2DIAGNOSTIC,    63, -7.602333232205e-01, 1.781666601933e-05, 1.0170e+00, 4.6551e-03, 
 2DIAGNOSTIC,    64, -7.602646724741e-01, 1.802663837861e-05, 1.0216e+00, 4.6401e-03, 
 2DIAGNOSTIC,    65, -7.601223961503e-01, 1.673105943750e-05, 1.0257e+00, 4.0879e-03, 
 2DIAGNOSTIC,    66, -7.601304051169e-01, 1.560172487315e-05, 1.0298e+00, 4.0591e-03, 
 2DIAGNOSTIC,    67, -7.604340740800e-01, 1.530343159917e-05, 1.0339e+00, 4.0970e-03, 
 2DIAGNOSTIC,    68, -7.613623303475e-01, 1.997312950791e-05, 1.0397e+00, 5.7669e-03, 
 2DIAGNOSTIC,    69, -7.620750077250e-01, 2.630599863625e-05, 1.0461e+00, 6.3999e-03, 
 2DIAGNOSTIC,    70, -7.619559209217e-01, 2.906108317967e-05, 1.0511e+00, 5.0292e-03, 
 2DIAGNOSTIC,    71, -7.620396720315e-01, 3.187184603775e-05, 1.0553e+00, 4.1931e-03, 
 2DIAGNOSTIC,    72, -7.619955270092e-01, 3.304079565388e-05, 1.0595e+00, 4.1909e-03, 
 2DIAGNOSTIC,    73, -7.620482795091e-01, 3.212813097878e-05, 1.0637e+00, 4.2751e-03, 
 2DIAGNOSTIC,    74, -7.620865056320e-01, 2.854487170411e-05, 1.0680e+00, 4.2341e-03, 
 2DIAGNOSTIC,    75, -7.621156990831e-01, 2.183078814894e-05, 1.0724e+00, 4.4279e-03, 
 2DIAGNOSTIC,    76, -7.621332156828e-01, 1.346546452414e-05, 1.0782e+00, 5.7850e-03, 
 2DIAGNOSTIC,    77, -7.621451169273e-01, 5.667609910514e-06, 1.0824e+00, 4.2241e-03, 
 2DIAGNOSTIC,    78, -7.620433666063e-01, 1.826312201877e-06, 1.0865e+00, 4.0751e-03, 
 2DIAGNOSTIC,    79, -7.620577325530e-01, 1.763730769799e-06, 1.0929e+00, 6.4380e-03, 
 2DIAGNOSTIC,    80, -7.621890023144e-01, 1.616151958156e-06, 1.0975e+00, 4.5750e-03, 
 2DIAGNOSTIC,    81, -7.621942768771e-01, 1.792275367658e-06, 1.1015e+00, 4.0390e-03, 
 2DIAGNOSTIC,    82, -7.621967376062e-01, 1.630637931706e-06, 1.1062e+00, 4.6520e-03, 
 2DIAGNOSTIC,    83, -7.621969927210e-01, 1.633643909510e-06, 1.1102e+00, 3.9649e-03, 
 2DIAGNOSTIC,    84, -7.621975089495e-01, 1.704029468915e-06, 1.1141e+00, 3.9001e-03, 
 2DIAGNOSTIC,    85, -7.621985690447e-01, 1.772449385738e-06, 1.1184e+00, 4.3349e-03, 
 2DIAGNOSTIC,    86, -7.621997587609e-01, 1.786678683788e-06, 1.1227e+00, 4.3511e-03, 
DIAGNOSTIC,Iteration,metricValue,convergenceValue,ITERATION_TIME_INDEX,SINCE_LAST
 2DIAGNOSTIC,     1, -6.046782421972e-01, 1.797693134862e+308, 1.8945e+00, 7.7180e-01, 
 2DIAGNOSTIC,     2, -6.055304304011e-01, 1.797693134862e+308, 1.9222e+00, 2.7696e-02, 
 2DIAGNOSTIC,     3, -6.068619453117e-01, 1.797693134862e+308, 1.9494e+00, 2.7107e-02, 
 2DIAGNOSTIC,     4, -6.081604895773e-01, 1.797693134862e+308, 1.9762e+00, 2.6828e-02, 
 2DIAGNOSTIC,     5, -6.094080896797e-01, 1.797693134862e+308, 2.0036e+00, 2.7375e-02, 
 2DIAGNOSTIC,     6, -6.106089684607e-01, 1.797693134862e+308, 2.0304e+00, 2.6855e-02, 
 2DIAGNOSTIC,     7, -6.122622872670e-01, 1.797693134862e+308, 2.0572e+00, 2.6821e-02, 
 2DIAGNOSTIC,     8, -6.139497719409e-01, 1.797693134862e+308, 2.0878e+00, 3.0601e-02, 
 2DIAGNOSTIC,     9, -6.148107530984e-01, 1.797693134862e+308, 2.1302e+00, 4.2409e-02, 
 2DIAGNOSTIC,    10, -6.149989432425e-01, 1.191858559944e-03, 2.1569e+00, 2.6704e-02, 
 2DIAGNOSTIC,    11, -6.162846689391e-01, 1.057455114068e-03, 2.1877e+00, 3.0719e-02, 
 2DIAGNOSTIC,    12, -6.189776194656e-01, 9.857978494768e-04, 2.2150e+00, 2.7312e-02, 
 2DIAGNOSTIC,    13, -6.196279642906e-01, 9.037995210821e-04, 2.2453e+00, 3.0321e-02, 
 2DIAGNOSTIC,    14, -6.200995672887e-01, 8.111019787664e-04, 2.2765e+00, 3.1228e-02, 
 2DIAGNOSTIC,    15, -6.210268530086e-01, 7.255023958756e-04, 2.3071e+00, 3.0544e-02, 
 2DIAGNOSTIC,    16, -6.212107546485e-01, 6.229095263873e-04, 2.3381e+00, 3.1035e-02, 
 2DIAGNOSTIC,    17, -6.211574910399e-01, 5.169533776647e-04, 2.3801e+00, 4.2018e-02, 
 2DIAGNOSTIC,    18, -6.211691115486e-01, 4.188642301441e-04, 2.4103e+00, 3.0141e-02, 
 2DIAGNOSTIC,    19, -6.211545389647e-01, 3.141975926296e-04, 2.4487e+00, 3.8417e-02, 
 2DIAGNOSTIC,    20, -6.211385065678e-01, 1.947702515370e-04, 2.4816e+00, 3.2958e-02, 
 2DIAGNOSTIC,    21, -6.211297785659e-01, 9.543084110678e-05, 2.5129e+00, 3.1268e-02, 
 2DIAGNOSTIC,    22, -6.211201967321e-01, 5.278577743410e-05, 2.5433e+00, 3.0397e-02, 
 2DIAGNOSTIC,    23, -6.211116679846e-01, 2.196847932122e-05, 2.5793e+00, 3.5952e-02, 
DIAGNOSTIC,Iteration,metricValue,convergenceValue,ITERATION_TIME_INDEX,SINCE_LAST
 2DIAGNOSTIC,     1, -5.349736790446e-01, 1.797693134862e+308, 3.5654e+00, 9.8612e-01, 
 2DIAGNOSTIC,     2, -5.351039221666e-01, 1.797693134862e+308, 3.8189e+00, 2.5357e-01, 
 2DIAGNOSTIC,     3, -5.351638546545e-01, 1.797693134862e+308, 4.0676e+00, 2.4871e-01, 
 2DIAGNOSTIC,     4, -5.351660638604e-01, 1.797693134862e+308, 4.2925e+00, 2.2482e-01, 
 2DIAGNOSTIC,     5, -5.351716207792e-01, 1.797693134862e+308, 4.5360e+00, 2.4349e-01, 
 2DIAGNOSTIC,     6, -5.351843043910e-01, 1.797693134862e+308, 4.7692e+00, 2.3329e-01, 
 2DIAGNOSTIC,     7, -5.351988957787e-01, 1.797693134862e+308, 4.9950e+00, 2.2576e-01, 
 2DIAGNOSTIC,     8, -5.352585853062e-01, 1.797693134862e+308, 5.1988e+00, 2.0383e-01, 
 2DIAGNOSTIC,     9, -5.354973036690e-01, 1.797693134862e+308, 5.4472e+00, 2.4837e-01, 
 2DIAGNOSTIC,    10, -5.357427064725e-01, 6.671844731153e-05, 5.7772e+00, 3.3002e-01, 
 2DIAGNOSTIC,    11, -5.358076846311e-01, 7.456977984938e-05, 6.1322e+00, 3.5493e-01, 
 2DIAGNOSTIC,    12, -5.358092848771e-01, 8.064496469053e-05, 6.4191e+00, 2.8693e-01, 
 2DIAGNOSTIC,    13, -5.358089376456e-01, 8.129837291530e-05, 6.7048e+00, 2.8574e-01, 
 2DIAGNOSTIC,    14, -5.358060598989e-01, 7.452551192294e-05, 6.9539e+00, 2.4908e-01, 
 2DIAGNOSTIC,    15, -5.358062978750e-01, 6.211017013302e-05, 7.1870e+00, 2.3315e-01, 
 2DIAGNOSTIC,    16, -5.358044655635e-01, 4.617741535337e-05, 7.4206e+00, 2.3357e-01, 
 2DIAGNOSTIC,    17, -5.358038715123e-01, 2.864263628591e-05, 7.6486e+00, 2.2803e-01, 
 2DIAGNOSTIC,    18, -5.358034560709e-01, 1.224895097520e-05, 7.8870e+00, 2.3834e-01, 
 2DIAGNOSTIC,    19, -5.358043502644e-01, 3.130451695428e-06, 8.1014e+00, 2.1437e-01, 
 2DIAGNOSTIC,    20, -5.358031621428e-01, 1.219644792855e-06, 8.3715e+00, 2.7011e-01, 
 2DIAGNOSTIC,    21, -5.358023393255e-01, 1.146152985985e-06, 8.5765e+00, 2.0507e-01, 
 2DIAGNOSTIC,    22, -5.357972149269e-01, 1.029342630153e-06, 8.7677e+00, 1.9113e-01, 
DIAGNOSTIC,Iteration,metricValue,convergenceValue,ITERATION_TIME_INDEX,SINCE_LAST
 2DIAGNOSTIC,     1, -4.894445223631e-01, 1.797693134862e+308, 1.1299e+01, 2.5315e+00, 
 2DIAGNOSTIC,     2, -4.894828274744e-01, 1.797693134862e+308, 1.2706e+01, 1.4069e+00, 
 2DIAGNOSTIC,     3, -4.895151258903e-01, 1.797693134862e+308, 1.4417e+01, 1.7108e+00, 
 2DIAGNOSTIC,     4, -4.895496103975e-01, 1.797693134862e+308, 1.6014e+01, 1.5975e+00, 
 2DIAGNOSTIC,     5, -4.895887324432e-01, 1.797693134862e+308, 1.8332e+01, 2.3181e+00, 
 2DIAGNOSTIC,     6, -4.896022369343e-01, 1.797693134862e+308, 1.9663e+01, 1.3303e+00, 
 2DIAGNOSTIC,     7, -4.896731104186e-01, 1.797693134862e+308, 2.1070e+01, 1.4076e+00, 
 2DIAGNOSTIC,     8, -4.897156925287e-01, 1.797693134862e+308, 2.2456e+01, 1.3851e+00, 
 2DIAGNOSTIC,     9, -4.897321093377e-01, 1.797693134862e+308, 2.3868e+01, 1.4129e+00, 
 2DIAGNOSTIC,    10, -4.897463132213e-01, 4.499195503245e-05, 2.5218e+01, 1.3496e+00, 
 2DIAGNOSTIC,    11, -4.898547948151e-01, 4.368504055818e-05, 2.7041e+01, 1.8234e+00, 
 2DIAGNOSTIC,    12, -4.899337670076e-01, 4.441982776909e-05, 2.9366e+01, 2.3248e+00, 
 2DIAGNOSTIC,    13, -4.899499783803e-01, 4.334392489820e-05, 3.1026e+01, 1.6602e+00, 
 2DIAGNOSTIC,    14, -4.899520494563e-01, 4.030420132140e-05, 3.2616e+01, 1.5900e+00, 
 2DIAGNOSTIC,    15, -4.899517434408e-01, 3.577245240206e-05, 3.4196e+01, 1.5800e+00, 
 2DIAGNOSTIC,    16, -4.899508981557e-01, 2.906718852526e-05, 3.5788e+01, 1.5921e+00, 
 2DIAGNOSTIC,    17, -4.899506791694e-01, 2.298361458617e-05, 3.7132e+01, 1.3432e+00, 
 2DIAGNOSTIC,    18, -4.899503015326e-01, 1.701511912957e-05, 3.9333e+01, 2.2018e+00, 
 2DIAGNOSTIC,    19, -4.899502087036e-01, 1.082460266402e-05, 4.0891e+01, 1.5570e+00, 
 2DIAGNOSTIC,    20, -4.899499749638e-01, 4.753366857520e-06, 4.2548e+01, 1.6577e+00, 
 2DIAGNOSTIC,    21, -4.899502967459e-01, 1.916640869834e-06, 4.4198e+01, 1.6493e+00, 
 2DIAGNOSTIC,    22, -4.899498992034e-01, 1.361021477152e-06, 4.5760e+01, 1.5628e+00, 
 2DIAGNOSTIC,    23, -4.899498209878e-01, 1.267279002459e-06, 4.7424e+01, 1.6631e+00, 
 2DIAGNOSTIC,    24, -4.899493952112e-01, 1.232060382717e-06, 4.9055e+01, 1.6318e+00, 
 2DIAGNOSTIC,    25, -4.899496628959e-01, 1.208113909607e-06, 5.0722e+01, 1.6668e+00, 
 2DIAGNOSTIC,    26, -4.899495777906e-01, 1.170950129650e-06, 5.2295e+01, 1.5732e+00, 
 2DIAGNOSTIC,    27, -4.899491593244e-01, 1.128042930246e-06, 5.4099e+01, 1.8038e+00, 
 2DIAGNOSTIC,    28, -4.899491866039e-01, 1.086210699899e-06, 5.5681e+01, 1.5821e+00, 
 2DIAGNOSTIC,    29, -4.899489735567e-01, 1.045947997179e-06, 5.7137e+01, 1.4558e+00, 
 2DIAGNOSTIC,    30, -4.899492411077e-01, 1.013513010378e-06, 5.8545e+01, 1.4080e+00, 
 2DIAGNOSTIC,    31, -4.899496441670e-01, 1.001113628010e-06, 6.0188e+01, 1.6434e+00, 
  Elapsed time (stage 0): 6.1070e+01


Total elapsed time: 6.1073e+01
Info [verificarlo]: loaded backend libinterflop_vprec.so
Info [interflop-vprec]: load backend with: 
Info [interflop-vprec]: precision-binary32 = 21
Info [interflop-vprec]: range-binary32 = 7
Info [interflop-vprec]: precision-binary64 = 21
Info [interflop-vprec]: range-binary64 = 7
Info [interflop-vprec]: mode = ob
Info [interflop-vprec]: error-mode = rel
Info [interflop-vprec]: max-abs-error-exponent = -1022
Info [interflop-vprec]: daz = false
Info [interflop-vprec]: ftz = false
Info [interflop-vprec]: 	instrument = none
Info [interflop-vprec]: 	prec-input-file = (null)
Info [interflop-vprec]: 	prec-output-file = (null)
Info [interflop-vprec]: 	prec-log-file = (null)
All_Command_lines_OK
Using double precision for computations.
=============================================================================
The composite transform comprises the following transforms (in order): 
  1. /home/mdugre/scratch/mri-registration-rp/datasets/ds004513/derivatives/mri-registration-rp/0011/antsRegistration-r7-p21/sub-s025/rigid_Composite.h5[0] (type = Euler3DTransform)
  2. /home/mdugre/scratch/mri-registration-rp/datasets/ds004513/derivatives/mri-registration-rp/0011/antsRegistration-r7-p21/sub-s025/rigid_Composite.h5[1] (type = Euler3DTransform)
  3. /home/mdugre/scratch/mri-registration-rp/datasets/ds004513/derivatives/mri-registration-rp/0011/antsRegistration-r7-p21/sub-s025/rigid_Composite.h5[2] (type = Euler3DTransform)
=============================================================================
  number of levels = 4
  fixed image: /templateflow/tpl-MNI152NLin2009cAsym/tpl-MNI152NLin2009cAsym_res-01_desc-brain_T1w.nii.gz
  moving image: /home/mdugre/scratch/mri-registration-rp/datasets/ds004513/derivatives/mri-registration-rp/antsBrainExtraction/sub-s025/BrainExtractionBrain.nii.gz
Dimension = 3
Number of stages = 1
Use histogram matching = false
Winsorize image intensities = true
  Lower quantile = 0.005
  Upper quantile = 0.995


Stage 1 State
   Image metric = MattesMI
     Fixed image = Image (0x3c22490)
  RTTI typeinfo:   itk::Image<double, 3u>
  Reference Count: 2
  Modified Time: 1594
  Debug: Off
  Object Name: 
  Observers: 
    none
  Source: (none)
  Source output name: (none)
  Release Data: Off
  Data Released: False
  Global Release Data: Off
  PipelineMTime: 0
  UpdateMTime: 1203
  RealTimeStamp: 0 seconds 
  LargestPossibleRegion: 
    Dimension: 3
    Index: [0, 0, 0]
    Size: [193, 229, 193]
  BufferedRegion: 
    Dimension: 3
    Index: [0, 0, 0]
    Size: [193, 229, 193]
  RequestedRegion: 
    Dimension: 3
    Index: [0, 0, 0]
    Size: [193, 229, 193]
  Spacing: [1, 1, 1]
  Origin: [96, 132, -78]
  Direction: 
-1 0 0
0 -1 0
0 0 1

  IndexToPointMatrix: 
-1 0 0
0 -1 0
0 0 1

  PointToIndexMatrix: 
-1 0 0
0 -1 0
0 0 1

  Inverse Direction: 
-1 0 0
0 -1 0
0 0 1

  PixelContainer: 
    ImportImageContainer (0x3ced8c0)
      RTTI typeinfo:   itk::ImportImageContainer<unsigned long, double>
      Reference Count: 1
      Modified Time: 1200
      Debug: Off
      Object Name: 
      Observers: 
        none
      Pointer: 0x1503a1a57010
      Container manages memory: true
      Size: 8530021
      Capacity: 8530021

     Moving image = Image (0x3cddb60)
  RTTI typeinfo:   itk::Image<double, 3u>
  Reference Count: 2
  Modified Time: 1595
  Debug: Off
  Object Name: 
  Observers: 
    none
  Source: (none)
  Source output name: (none)
  Release Data: Off
  Data Released: False
  Global Release Data: Off
  PipelineMTime: 0
  UpdateMTime: 1592
  RealTimeStamp: 0 seconds 
  LargestPossibleRegion: 
    Dimension: 3
    Index: [0, 0, 0]
    Size: [176, 240, 256]
  BufferedRegion: 
    Dimension: 3
    Index: [0, 0, 0]
    Size: [176, 240, 256]
  RequestedRegion: 
    Dimension: 3
    Index: [0, 0, 0]
    Size: [176, 240, 256]
  Spacing: [0.999999, 1, 1]
  Origin: [90.3778, 84.5091, -154.071]
  Direction: 
-0.999391 7.48184e-06 -0.0348969
-7.47664e-06 -1 -2.7953e-07
-0.0348969 -1.84481e-08 0.999391

  IndexToPointMatrix: 
-0.999389 7.48184e-06 -0.0348969
-7.47663e-06 -1 -2.7953e-07
-0.0348968 -1.84481e-08 0.999391

  PointToIndexMatrix: 
-0.999392 -7.47665e-06 -0.0348969
7.49328e-06 -1 -3.46051e-07
-0.0348969 -6.07333e-07 0.999391

  Inverse Direction: 
-0.999391 -7.47664e-06 -0.0348969
7.49328e-06 -1 -3.46051e-07
-0.0348969 -6.07333e-07 0.999391

  PixelContainer: 
    ImportImageContainer (0x3d711d0)
      RTTI typeinfo:   itk::ImportImageContainer<unsigned long, double>
      Reference Count: 1
      Modified Time: 1589
      Debug: Off
      Object Name: 
      Observers: 
        none
      Pointer: 0x15039c7d6010
      Container manages memory: true
      Size: 10813440
      Capacity: 10813440

     Weighting = 1
     Sampling strategy = regular
     Number of bins = 32
     Radius = 4
     Sampling percentage  = 0.25
   Transform = Affine
     Gradient step = 0.1
     Update field sigma (voxel space) = 0
     Total field sigma (voxel space) = 0
     Update field time sigma = 0
     Total field time sigma  = 0
     Number of time indices = 0
     Number of time point samples = 0
Registration using 1 total stages.

Stage 0
  iterations = 1000x500x250x100
  convergence threshold = 1e-06
  convergence window size = 10
  number of levels = 4
  using the Mattes MI metric (number of bins = 32, weight = 1, use gradient filter = 0)
  preprocessing:  winsorizing the image intensities
  Shrink factors (level 1 out of 4): [8, 8, 8]
  Shrink factors (level 2 out of 4): [4, 4, 4]
  Shrink factors (level 3 out of 4): [2, 2, 2]
  Shrink factors (level 4 out of 4): [1, 1, 1]
  smoothing sigmas per level: [3, 2, 1, 0]
  regular sampling (percentage = 0.25)

*** Running AffineTransform registration ***

DIAGNOSTIC,Iteration,metricValue,convergenceValue,ITERATION_TIME_INDEX,SINCE_LAST
 2DIAGNOSTIC,     1, -7.471919104326e-01, 1.797693134862e+308, 0.0000e+00, 0.0000e+00, 
 2DIAGNOSTIC,     2, -7.491704490331e-01, 1.797693134862e+308, 0.0000e+00, 0.0000e+00, 
 2DIAGNOSTIC,     3, -7.523109645581e-01, 1.797693134862e+308, 0.0000e+00, 0.0000e+00, 
 2DIAGNOSTIC,     4, -7.575901823222e-01, 1.797693134862e+308, 0.0000e+00, 0.0000e+00, 
 2DIAGNOSTIC,     5, -7.657969377356e-01, 1.797693134862e+308, 0.0000e+00, 0.0000e+00, 
 2DIAGNOSTIC,     6, -7.779199631156e-01, 1.797693134862e+308, 0.0000e+00, 0.0000e+00, 
 2DIAGNOSTIC,     7, -8.131450435264e-01, 1.797693134862e+308, 0.0000e+00, 0.0000e+00, 
 2DIAGNOSTIC,     8, -8.817351846737e-01, 1.797693134862e+308, 0.0000e+00, 0.0000e+00, 
 2DIAGNOSTIC,     9, -9.092443965656e-01, 1.797693134862e+308, 0.0000e+00, 0.0000e+00, 
 2DIAGNOSTIC,    10, -9.174405072499e-01, 1.510540642064e-02, 0.0000e+00, 0.0000e+00, 
 2DIAGNOSTIC,    11, -9.244504256284e-01, 1.535589299767e-02, 0.0000e+00, 0.0000e+00, 
 2DIAGNOSTIC,    12, -9.286258334165e-01, 1.435544723235e-02, 0.0000e+00, 0.0000e+00, 
 2DIAGNOSTIC,    13, -9.340218279125e-01, 1.242969981155e-02, 0.0000e+00, 0.0000e+00, 
 2DIAGNOSTIC,    14, -9.349841976251e-01, 9.833157998845e-03, 0.0000e+00, 0.0000e+00, 
 2DIAGNOSTIC,    15, -9.359194163978e-01, 6.953808767428e-03, 0.0000e+00, 0.0000e+00, 
 2DIAGNOSTIC,    16, -9.363441458660e-01, 4.099915842106e-03, 0.0000e+00, 0.0000e+00, 
 2DIAGNOSTIC,    17, -9.364428430288e-01, 1.893195820909e-03, 0.0000e+00, 0.0000e+00, 
 2DIAGNOSTIC,    18, -9.373044895221e-01, 1.036629874980e-03, 0.0000e+00, 0.0000e+00, 
 2DIAGNOSTIC,    19, -9.375777522083e-01, 6.588743832564e-04, 0.0000e+00, 0.0000e+00, 
 2DIAGNOSTIC,    20, -9.375951374726e-01, 3.937303638639e-04, 0.0000e+00, 0.0000e+00, 
 2DIAGNOSTIC,    21, -9.374644008787e-01, 2.253121978804e-04, 0.0000e+00, 0.0000e+00, 
 2DIAGNOSTIC,    22, -9.376489537786e-01, 1.148283446595e-04, 0.0000e+00, 0.0000e+00, 
 2DIAGNOSTIC,    23, -9.374547640704e-01, 7.666196142216e-05, 0.0000e+00, 0.0000e+00, 
 2DIAGNOSTIC,    24, -9.376425597812e-01, 4.999211745967e-05, 0.0000e+00, 0.0000e+00, 
 2DIAGNOSTIC,    25, -9.379409228169e-01, 3.686449265165e-05, 0.0000e+00, 0.0000e+00, 
 2DIAGNOSTIC,    26, -9.382764194692e-01, 3.089976657730e-05, 0.0000e+00, 0.0000e+00, 
 2DIAGNOSTIC,    27, -9.384513582218e-01, 2.555467991750e-05, 0.0000e+00, 0.0000e+00, 
 2DIAGNOSTIC,    28, -9.385899170905e-01, 2.968641005004e-05, 0.0000e+00, 0.0000e+00, 
 2DIAGNOSTIC,    29, -9.384759248406e-01, 3.259456521941e-05, 0.0000e+00, 0.0000e+00, 
 2DIAGNOSTIC,    30, -9.382097942723e-01, 2.973160540190e-05, 0.0000e+00, 0.0000e+00, 
 2DIAGNOSTIC,    31, -9.383631646360e-01, 2.455367430675e-05, 0.0000e+00, 0.0000e+00, 
 2DIAGNOSTIC,    32, -9.384126365247e-01, 1.979855071401e-05, 0.0000e+00, 0.0000e+00, 
 2DIAGNOSTIC,    33, -9.382964980379e-01, 1.056302138019e-05, 0.0000e+00, 0.0000e+00, 
 2DIAGNOSTIC,    34, -9.381937236666e-01, 1.846731480938e-06, 0.0000e+00, 0.0000e+00, 
DIAGNOSTIC,Iteration,metricValue,convergenceValue,ITERATION_TIME_INDEX,SINCE_LAST
 2DIAGNOSTIC,     1, -7.504475739024e-01, 1.797693134862e+308, 0.0000e+00, 0.0000e+00, 
 2DIAGNOSTIC,     2, -7.509375859233e-01, 1.797693134862e+308, 0.0000e+00, 0.0000e+00, 
 2DIAGNOSTIC,     3, -7.514305063868e-01, 1.797693134862e+308, 0.0000e+00, 0.0000e+00, 
 2DIAGNOSTIC,     4, -7.519758710644e-01, 1.797693134862e+308, 0.0000e+00, 0.0000e+00, 
 2DIAGNOSTIC,     5, -7.536343558355e-01, 1.797693134862e+308, 0.0000e+00, 0.0000e+00, 
 2DIAGNOSTIC,     6, -7.542476691014e-01, 1.797693134862e+308, 0.0000e+00, 0.0000e+00, 
 2DIAGNOSTIC,     7, -7.543327715620e-01, 1.797693134862e+308, 0.0000e+00, 0.0000e+00, 
 2DIAGNOSTIC,     8, -7.543288684752e-01, 1.797693134862e+308, 0.0000e+00, 0.0000e+00, 
 2DIAGNOSTIC,     9, -7.543088363341e-01, 1.797693134862e+308, 0.0000e+00, 0.0000e+00, 
 2DIAGNOSTIC,    10, -7.542911082904e-01, 3.815799622723e-04, 0.0000e+00, 0.0000e+00, 
 2DIAGNOSTIC,    11, -7.542916373148e-01, 2.715074867179e-04, 0.0000e+00, 0.0000e+00, 
 2DIAGNOSTIC,    12, -7.542840713466e-01, 1.713740947630e-04, 0.0000e+00, 0.0000e+00, 
 2DIAGNOSTIC,    13, -7.542941745676e-01, 8.644279006473e-05, 0.0000e+00, 0.0000e+00, 
 2DIAGNOSTIC,    14, -7.542865916036e-01, 1.947932744717e-05, 0.0000e+00, 0.0000e+00, 
 2DIAGNOSTIC,    15, -7.542836022235e-01, 1.113788785062e-06, 0.0000e+00, 0.0000e+00, 
DIAGNOSTIC,Iteration,metricValue,convergenceValue,ITERATION_TIME_INDEX,SINCE_LAST
 2DIAGNOSTIC,     1, -6.408465837856e-01, 1.797693134862e+308, 0.0000e+00, 0.0000e+00, 
 2DIAGNOSTIC,     2, -6.413296732899e-01, 1.797693134862e+308, 0.0000e+00, 0.0000e+00, 
 2DIAGNOSTIC,     3, -6.419049133262e-01, 1.797693134862e+308, 0.0000e+00, 0.0000e+00, 
 2DIAGNOSTIC,     4, -6.425773353433e-01, 1.797693134862e+308, 0.0000e+00, 0.0000e+00, 
 2DIAGNOSTIC,     5, -6.436676322968e-01, 1.797693134862e+308, 0.0000e+00, 0.0000e+00, 
 2DIAGNOSTIC,     6, -6.452158899396e-01, 1.797693134862e+308, 0.0000e+00, 0.0000e+00, 
 2DIAGNOSTIC,     7, -6.452747075075e-01, 1.797693134862e+308, 0.0000e+00, 0.0000e+00, 
 2DIAGNOSTIC,     8, -6.452776786243e-01, 1.797693134862e+308, 0.0000e+00, 0.0000e+00, 
 2DIAGNOSTIC,     9, -6.452719935935e-01, 1.797693134862e+308, 0.0000e+00, 0.0000e+00, 
 2DIAGNOSTIC,    10, -6.452707007844e-01, 5.220665890590e-04, 0.0000e+00, 0.0000e+00, 
 2DIAGNOSTIC,    11, -6.452762039341e-01, 3.857643703248e-04, 0.0000e+00, 0.0000e+00, 
 2DIAGNOSTIC,    12, -6.452727200916e-01, 2.556291323583e-04, 0.0000e+00, 0.0000e+00, 
 2DIAGNOSTIC,    13, -6.452732165437e-01, 1.429051649550e-04, 0.0000e+00, 0.0000e+00, 
 2DIAGNOSTIC,    14, -6.452709802604e-01, 5.431734091681e-05, 0.0000e+00, 0.0000e+00, 
 2DIAGNOSTIC,    15, -6.452688929047e-01, 3.534602564262e-06, 0.0000e+00, 0.0000e+00, 
 2DIAGNOSTIC,    16, -6.452707061358e-01, 1.668678660027e-06, 0.0000e+00, 0.0000e+00, 
 2DIAGNOSTIC,    17, -6.452688916884e-01, 1.525033833820e-06, 0.0000e+00, 0.0000e+00, 
 2DIAGNOSTIC,    18, -6.452671830259e-01, 1.467860913359e-06, 0.0000e+00, 0.0000e+00, 
 2DIAGNOSTIC,    19, -6.452674423408e-01, 1.322351967162e-06, 0.0000e+00, 0.0000e+00, 
 2DIAGNOSTIC,    20, -6.452675773552e-01, 1.194289094120e-06, 0.0000e+00, 0.0000e+00, 
 2DIAGNOSTIC,    21, -6.452657636293e-01, 1.193714266545e-06, 0.0000e+00, 0.0000e+00, 
 2DIAGNOSTIC,    22, -6.452654895397e-01, 1.148444210411e-06, 0.0000e+00, 0.0000e+00, 
 2DIAGNOSTIC,    23, -6.452644036316e-01, 1.125720287896e-06, 0.0000e+00, 0.0000e+00, 
 2DIAGNOSTIC,    24, -6.452654938338e-01, 1.109211706693e-06, 0.0000e+00, 0.0000e+00, 
 2DIAGNOSTIC,    25, -6.452651931397e-01, 1.069906070413e-06, 0.0000e+00, 0.0000e+00, 
 2DIAGNOSTIC,    26, -6.452642191486e-01, 1.068372248766e-06, 0.0000e+00, 0.0000e+00, 
 2DIAGNOSTIC,    27, -6.452653549713e-01, 1.072559332169e-06, 0.0000e+00, 0.0000e+00, 
 2DIAGNOSTIC,    28, -6.452653553921e-01, 1.058661509956e-06, 0.0000e+00, 0.0000e+00, 
 2DIAGNOSTIC,    29, -6.452645472865e-01, 1.044228453921e-06, 0.0000e+00, 0.0000e+00, 
 2DIAGNOSTIC,    30, -6.452629356410e-01, 1.015395912046e-06, 0.0000e+00, 0.0000e+00, 
DIAGNOSTIC,Iteration,metricValue,convergenceValue,ITERATION_TIME_INDEX,SINCE_LAST
 2DIAGNOSTIC,     1, -5.766085947436e-01, 1.797693134862e+308, 0.0000e+00, 0.0000e+00, 
 2DIAGNOSTIC,     2, -5.770336469365e-01, 1.797693134862e+308, 0.0000e+00, 0.0000e+00, 
 2DIAGNOSTIC,     3, -5.774985959027e-01, 1.797693134862e+308, 0.0000e+00, 0.0000e+00, 
 2DIAGNOSTIC,     4, -5.780052738355e-01, 1.797693134862e+308, 0.0000e+00, 0.0000e+00, 
 2DIAGNOSTIC,     5, -5.787104788961e-01, 1.797693134862e+308, 0.0000e+00, 0.0000e+00, 
 2DIAGNOSTIC,     6, -5.788227376066e-01, 1.797693134862e+308, 0.0000e+00, 0.0000e+00, 
 2DIAGNOSTIC,     7, -5.789092966225e-01, 1.797693134862e+308, 0.0000e+00, 0.0000e+00, 
 2DIAGNOSTIC,     8, -5.789302310227e-01, 1.797693134862e+308, 0.0000e+00, 0.0000e+00, 
 2DIAGNOSTIC,     9, -5.789287943942e-01, 1.797693134862e+308, 0.0000e+00, 0.0000e+00, 
 2DIAGNOSTIC,    10, -5.789279909684e-01, 2.696219032202e-04, 0.0000e+00, 0.0000e+00, 
 2DIAGNOSTIC,    11, -5.789273944121e-01, 1.774905877949e-04, 0.0000e+00, 0.0000e+00, 
 2DIAGNOSTIC,    12, -5.789276450396e-01, 1.025874084352e-04, 0.0000e+00, 0.0000e+00, 
 2DIAGNOSTIC,    13, -5.789263806158e-01, 4.753754108404e-05, 0.0000e+00, 0.0000e+00, 
 2DIAGNOSTIC,    14, -5.789265108143e-01, 1.343726234269e-05, 0.0000e+00, 0.0000e+00, 
