
##########################
# Experiment information #
##########################

EXPERIMENT_NAME: antsRegistration-r8-p18
VFC_BACKENDS: libinterflop_vprec.so --range-binary32=8 --precision-binary32=18 --range-binary64=8 --precision-binary64=18

SIF_IMG: /home/mdugre/projects/rrg-glatard/mdugre/containers/ants-vprec-no_metrics.simg

SUBJECT_ID: s003
INPUT_IMG: /home/mdugre/scratch/mri-registration-rp/datasets/ds004513/derivatives/mri-registration-rp/antsBrainExtraction/sub-s003/BrainExtractionBrain.nii.gz
OUTPUT_DIR: /home/mdugre/scratch/mri-registration-rp/datasets/ds004513/derivatives/mri-registration-rp/0011/antsRegistration-r8-p18/sub-s003

FIXED_IMG: /templateflow/tpl-MNI152NLin2009cAsym/tpl-MNI152NLin2009cAsym_res-01_desc-brain_T1w.nii.gz
DATA_DIR: /home/mdugre/scratch/mri-registration-rp/datasets/ds004513
TEMPLATEFLOW_DIR: /home/mdugre/projects/rrg-glatard/mdugre/templateflow
ITK_GLOBAL_DEFAULT_NUMBER_OF_THREADS: 16
##########################

Info [verificarlo]: loaded backend libinterflop_ieee.so
Info [interflop-ieee]: load backend with:
Info [interflop-ieee]: debug = false
Info [interflop-ieee]: debug-binary = false
Info [interflop-ieee]: no-backend-name = false
Info [interflop-ieee]: print-new-line = false
Info [interflop-ieee]: print-subnormal-normalized = false
Info [interflop-ieee]: count-op = false
All_Command_lines_OK
Using double precision for computations.
=============================================================================
The composite transform comprises the following transforms (in order): 
  1. Center of mass alignment using fixed image: /templateflow/tpl-MNI152NLin2009cAsym/tpl-MNI152NLin2009cAsym_res-01_desc-brain_T1w.nii.gz and moving image: /home/mdugre/scratch/mri-registration-rp/datasets/ds004513/derivatives/mri-registration-rp/antsBrainExtraction/sub-s003/BrainExtractionBrain.nii.gz (type = Euler3DTransform)
=============================================================================
  number of levels = 1
  fixed image: /templateflow/tpl-MNI152NLin2009cAsym/tpl-MNI152NLin2009cAsym_res-01_desc-brain_T1w.nii.gz
  moving image: /home/mdugre/scratch/mri-registration-rp/datasets/ds004513/derivatives/mri-registration-rp/antsBrainExtraction/sub-s003/BrainExtractionBrain.nii.gz
Dimension = 3
Number of stages = 1
Use histogram matching = false
Winsorize image intensities = true
  Lower quantile = 0.005
  Upper quantile = 0.995


Stage 1 State
   Image metric = MattesMI
     Fixed image = Image (0x362be70)
  RTTI typeinfo:   itk::Image<double, 3u>
  Reference Count: 2
  Modified Time: 2334
  Debug: Off
  Object Name: 
  Observers: 
    none
  Source: (none)
  Source output name: (none)
  Release Data: Off
  Data Released: False
  Global Release Data: Off
  PipelineMTime: 0
  UpdateMTime: 1943
  RealTimeStamp: 0 seconds 
  LargestPossibleRegion: 
    Dimension: 3
    Index: [0, 0, 0]
    Size: [193, 229, 193]
  BufferedRegion: 
    Dimension: 3
    Index: [0, 0, 0]
    Size: [193, 229, 193]
  RequestedRegion: 
    Dimension: 3
    Index: [0, 0, 0]
    Size: [193, 229, 193]
  Spacing: [1, 1, 1]
  Origin: [96, 132, -78]
  Direction: 
-1 0 0
0 -1 0
0 0 1

  IndexToPointMatrix: 
-1 0 0
0 -1 0
0 0 1

  PointToIndexMatrix: 
-1 0 0
0 -1 0
0 0 1

  Inverse Direction: 
-1 0 0
0 -1 0
0 0 1

  PixelContainer: 
    ImportImageContainer (0x3638140)
      RTTI typeinfo:   itk::ImportImageContainer<unsigned long, double>
      Reference Count: 1
      Modified Time: 1940
      Debug: Off
      Object Name: 
      Observers: 
        none
      Pointer: 0x151f9c367010
      Container manages memory: true
      Size: 8530021
      Capacity: 8530021

     Moving image = Image (0x3635310)
  RTTI typeinfo:   itk::Image<double, 3u>
  Reference Count: 2
  Modified Time: 2335
  Debug: Off
  Object Name: 
  Observers: 
    none
  Source: (none)
  Source output name: (none)
  Release Data: Off
  Data Released: False
  Global Release Data: Off
  PipelineMTime: 0
  UpdateMTime: 2332
  RealTimeStamp: 0 seconds 
  LargestPossibleRegion: 
    Dimension: 3
    Index: [0, 0, 0]
    Size: [176, 240, 256]
  BufferedRegion: 
    Dimension: 3
    Index: [0, 0, 0]
    Size: [176, 240, 256]
  RequestedRegion: 
    Dimension: 3
    Index: [0, 0, 0]
    Size: [176, 240, 256]
  Spacing: [0.999999, 1, 1]
  Origin: [93.3499, 86.9368, -128.957]
  Direction: 
-0.999513 -0.0279216 -0.0139567
0.0279189 -0.99961 0.000389866
-0.0139622 2.01492e-08 0.999903

  IndexToPointMatrix: 
-0.999512 -0.0279216 -0.0139567
0.0279189 -0.99961 0.000389866
-0.0139621 2.01492e-08 0.999903

  PointToIndexMatrix: 
-0.999514 0.0279189 -0.0139622
-0.0279216 -0.99961 2.01716e-08
-0.0139567 0.000389866 0.999903

  Inverse Direction: 
-0.999513 0.0279189 -0.0139622
-0.0279216 -0.99961 2.01716e-08
-0.0139567 0.000389866 0.999903

  PixelContainer: 
    ImportImageContainer (0x3760610)
      RTTI typeinfo:   itk::ImportImageContainer<unsigned long, double>
      Reference Count: 1
      Modified Time: 2329
      Debug: Off
      Object Name: 
      Observers: 
        none
      Pointer: 0x151f970e6010
      Container manages memory: true
      Size: 10813440
      Capacity: 10813440

     Weighting = 1
     Sampling strategy = regular
     Number of bins = 32
     Radius = 4
     Sampling percentage  = 0.25
   Transform = Rigid
     Gradient step = 0.1
     Update field sigma (voxel space) = 0
     Total field sigma (voxel space) = 0
     Update field time sigma = 0
     Total field time sigma  = 0
     Number of time indices = 0
     Number of time point samples = 0
Registration using 1 total stages.

Stage 0
  iterations = 0
  convergence threshold = 1e-06
  convergence window size = 10
  number of levels = 1
  using the Mattes MI metric (number of bins = 32, weight = 1, use gradient filter = 0)
  preprocessing:  winsorizing the image intensities
  Shrink factors (level 1 out of 1): [1, 1, 1]
  smoothing sigmas per level: [0]
  regular sampling (percentage = 0.25)

*** Running Euler3DTransform registration ***

  Elapsed time (stage 0): 1.16846


Total elapsed time: 1.17075
Info [verificarlo]: loaded backend libinterflop_ieee.so
Info [interflop-ieee]: load backend with:
Info [interflop-ieee]: debug = false
Info [interflop-ieee]: debug-binary = false
Info [interflop-ieee]: no-backend-name = false
Info [interflop-ieee]: print-new-line = false
Info [interflop-ieee]: print-subnormal-normalized = false
Info [interflop-ieee]: count-op = false
All_Command_lines_OK
Using double precision for computations.
=============================================================================
The composite transform comprises the following transforms (in order): 
  1. /home/mdugre/scratch/mri-registration-rp/datasets/ds004513/derivatives/mri-registration-rp/0011/antsRegistration-r8-p18/sub-s003/align_Composite.h5[0] (type = Euler3DTransform)
  2. /home/mdugre/scratch/mri-registration-rp/datasets/ds004513/derivatives/mri-registration-rp/0011/antsRegistration-r8-p18/sub-s003/align_Composite.h5[1] (type = Euler3DTransform)
=============================================================================
  number of levels = 4
  fixed image: /templateflow/tpl-MNI152NLin2009cAsym/tpl-MNI152NLin2009cAsym_res-01_desc-brain_T1w.nii.gz
  moving image: /home/mdugre/scratch/mri-registration-rp/datasets/ds004513/derivatives/mri-registration-rp/antsBrainExtraction/sub-s003/BrainExtractionBrain.nii.gz
Dimension = 3
Number of stages = 1
Use histogram matching = false
Winsorize image intensities = true
  Lower quantile = 0.005
  Upper quantile = 0.995


Stage 1 State
   Image metric = MattesMI
     Fixed image = Image (0x441d530)
  RTTI typeinfo:   itk::Image<double, 3u>
  Reference Count: 2
  Modified Time: 1580
  Debug: Off
  Object Name: 
  Observers: 
    none
  Source: (none)
  Source output name: (none)
  Release Data: Off
  Data Released: False
  Global Release Data: Off
  PipelineMTime: 0
  UpdateMTime: 1189
  RealTimeStamp: 0 seconds 
  LargestPossibleRegion: 
    Dimension: 3
    Index: [0, 0, 0]
    Size: [193, 229, 193]
  BufferedRegion: 
    Dimension: 3
    Index: [0, 0, 0]
    Size: [193, 229, 193]
  RequestedRegion: 
    Dimension: 3
    Index: [0, 0, 0]
    Size: [193, 229, 193]
  Spacing: [1, 1, 1]
  Origin: [96, 132, -78]
  Direction: 
-1 0 0
0 -1 0
0 0 1

  IndexToPointMatrix: 
-1 0 0
0 -1 0
0 0 1

  PointToIndexMatrix: 
-1 0 0
0 -1 0
0 0 1

  Inverse Direction: 
-1 0 0
0 -1 0
0 0 1

  PixelContainer: 
    ImportImageContainer (0x44dbd60)
      RTTI typeinfo:   itk::ImportImageContainer<unsigned long, double>
      Reference Count: 1
      Modified Time: 1186
      Debug: Off
      Object Name: 
      Observers: 
        none
      Pointer: 0x14aafc84f010
      Container manages memory: true
      Size: 8530021
      Capacity: 8530021

     Moving image = Image (0x44cdf60)
  RTTI typeinfo:   itk::Image<double, 3u>
  Reference Count: 2
  Modified Time: 1581
  Debug: Off
  Object Name: 
  Observers: 
    none
  Source: (none)
  Source output name: (none)
  Release Data: Off
  Data Released: False
  Global Release Data: Off
  PipelineMTime: 0
  UpdateMTime: 1578
  RealTimeStamp: 0 seconds 
  LargestPossibleRegion: 
    Dimension: 3
    Index: [0, 0, 0]
    Size: [176, 240, 256]
  BufferedRegion: 
    Dimension: 3
    Index: [0, 0, 0]
    Size: [176, 240, 256]
  RequestedRegion: 
    Dimension: 3
    Index: [0, 0, 0]
    Size: [176, 240, 256]
  Spacing: [0.999999, 1, 1]
  Origin: [93.3499, 86.9368, -128.957]
  Direction: 
-0.999513 -0.0279216 -0.0139567
0.0279189 -0.99961 0.000389866
-0.0139622 2.01492e-08 0.999903

  IndexToPointMatrix: 
-0.999512 -0.0279216 -0.0139567
0.0279189 -0.99961 0.000389866
-0.0139621 2.01492e-08 0.999903

  PointToIndexMatrix: 
-0.999514 0.0279189 -0.0139622
-0.0279216 -0.99961 2.01716e-08
-0.0139567 0.000389866 0.999903

  Inverse Direction: 
-0.999513 0.0279189 -0.0139622
-0.0279216 -0.99961 2.01716e-08
-0.0139567 0.000389866 0.999903

  PixelContainer: 
    ImportImageContainer (0x44bf6d0)
      RTTI typeinfo:   itk::ImportImageContainer<unsigned long, double>
      Reference Count: 1
      Modified Time: 1575
      Debug: Off
      Object Name: 
      Observers: 
        none
      Pointer: 0x14aaf75ce010
      Container manages memory: true
      Size: 10813440
      Capacity: 10813440

     Weighting = 1
     Sampling strategy = regular
     Number of bins = 32
     Radius = 4
     Sampling percentage  = 0.25
   Transform = Rigid
     Gradient step = 0.1
     Update field sigma (voxel space) = 0
     Total field sigma (voxel space) = 0
     Update field time sigma = 0
     Total field time sigma  = 0
     Number of time indices = 0
     Number of time point samples = 0
Registration using 1 total stages.

Stage 0
  iterations = 1000x500x250x100
  convergence threshold = 1e-06
  convergence window size = 10
  number of levels = 4
  using the Mattes MI metric (number of bins = 32, weight = 1, use gradient filter = 0)
  preprocessing:  winsorizing the image intensities
  Shrink factors (level 1 out of 4): [8, 8, 8]
  Shrink factors (level 2 out of 4): [4, 4, 4]
  Shrink factors (level 3 out of 4): [2, 2, 2]
  Shrink factors (level 4 out of 4): [1, 1, 1]
  smoothing sigmas per level: [3, 2, 1, 0]
  regular sampling (percentage = 0.25)

*** Running Euler3DTransform registration ***

DIAGNOSTIC,Iteration,metricValue,convergenceValue,ITERATION_TIME_INDEX,SINCE_LAST
 2DIAGNOSTIC,     1, -4.871187133941e-01, 1.797693134862e+308, 8.9684e-01, 8.9684e-01, 
 2DIAGNOSTIC,     2, -4.887966556740e-01, 1.797693134862e+308, 9.0209e-01, 5.2550e-03, 
 2DIAGNOSTIC,     3, -4.919242839642e-01, 1.797693134862e+308, 9.0735e-01, 5.2540e-03, 
 2DIAGNOSTIC,     4, -5.019092629522e-01, 1.797693134862e+308, 9.1251e-01, 5.1689e-03, 
 2DIAGNOSTIC,     5, -5.198319788477e-01, 1.797693134862e+308, 9.1767e-01, 5.1501e-03, 
 2DIAGNOSTIC,     6, -5.251449584180e-01, 1.797693134862e+308, 9.2280e-01, 5.1341e-03, 
 2DIAGNOSTIC,     7, -5.365118080768e-01, 1.797693134862e+308, 9.2801e-01, 5.2080e-03, 
 2DIAGNOSTIC,     8, -5.564319077261e-01, 1.797693134862e+308, 9.3555e-01, 7.5450e-03, 
 2DIAGNOSTIC,     9, -5.572786469687e-01, 1.797693134862e+308, 9.4036e-01, 4.8029e-03, 
 2DIAGNOSTIC,    10, -5.597886110608e-01, 1.060089541986e-02, 9.4605e-01, 5.6949e-03, 
 2DIAGNOSTIC,    11, -5.645450860914e-01, 9.471656029003e-03, 9.5122e-01, 5.1701e-03, 
 2DIAGNOSTIC,    12, -5.675342641672e-01, 7.901754414630e-03, 9.5663e-01, 5.4131e-03, 
 2DIAGNOSTIC,    13, -5.685174641935e-01, 6.033280802480e-03, 9.6213e-01, 5.4929e-03, 
 2DIAGNOSTIC,    14, -5.693412095342e-01, 4.302087948770e-03, 9.6830e-01, 6.1760e-03, 
 2DIAGNOSTIC,    15, -5.718972801998e-01, 3.155204981954e-03, 9.7386e-01, 5.5549e-03, 
 2DIAGNOSTIC,    16, -5.734788767073e-01, 2.091398053252e-03, 9.7895e-01, 5.0941e-03, 
 2DIAGNOSTIC,    17, -5.737823402463e-01, 1.310029424174e-03, 9.8371e-01, 4.7600e-03, 
 2DIAGNOSTIC,    18, -5.749452616695e-01, 1.114936190119e-03, 9.8856e-01, 4.8530e-03, 
 2DIAGNOSTIC,    19, -5.774392255368e-01, 9.301256922429e-04, 9.9602e-01, 7.4599e-03, 
 2DIAGNOSTIC,    20, -5.782944999880e-01, 7.612328990052e-04, 1.0023e+00, 6.2368e-03, 
 2DIAGNOSTIC,    21, -5.788863756156e-01, 6.687985513236e-04, 1.0074e+00, 5.1451e-03, 
 2DIAGNOSTIC,    22, -5.857337703225e-01, 7.546209635293e-04, 1.0124e+00, 5.0280e-03, 
 2DIAGNOSTIC,    23, -6.028589201482e-01, 1.162232411141e-03, 1.0185e+00, 6.0339e-03, 
 2DIAGNOSTIC,    24, -6.086613830992e-01, 1.554691233349e-03, 1.0251e+00, 6.6018e-03, 
 2DIAGNOSTIC,    25, -6.127624300924e-01, 1.904928836540e-03, 1.0304e+00, 5.3310e-03, 
 2DIAGNOSTIC,    26, -6.171330102051e-01, 2.167612403551e-03, 1.0358e+00, 5.3620e-03, 
 2DIAGNOSTIC,    27, -6.180829719412e-01, 2.226134236976e-03, 1.0402e+00, 4.4820e-03, 
 2DIAGNOSTIC,    28, -6.204355228959e-01, 2.128618118312e-03, 1.0451e+00, 4.9028e-03, 
 2DIAGNOSTIC,    29, -6.216541937878e-01, 1.901236637260e-03, 1.0496e+00, 4.4971e-03, 
 2DIAGNOSTIC,    30, -6.252686875286e-01, 1.589741126819e-03, 1.0549e+00, 5.2149e-03, 
 2DIAGNOSTIC,    31, -6.305776860634e-01, 1.244380410524e-03, 1.0596e+00, 4.6959e-03, 
 2DIAGNOSTIC,    32, -6.437125380781e-01, 1.107468868631e-03, 1.0654e+00, 5.8069e-03, 
 2DIAGNOSTIC,    33, -6.470262916006e-01, 1.176388878913e-03, 1.0699e+00, 4.5009e-03, 
 2DIAGNOSTIC,    34, -6.489217276385e-01, 1.241901716060e-03, 1.0773e+00, 7.4310e-03, 
 2DIAGNOSTIC,    35, -6.509315019140e-01, 1.271890776514e-03, 1.0825e+00, 5.2500e-03, 
 2DIAGNOSTIC,    36, -6.520043240839e-01, 1.251975146521e-03, 1.0883e+00, 5.7609e-03, 
 2DIAGNOSTIC,    37, -6.528673946899e-01, 1.135507337403e-03, 1.0932e+00, 4.8900e-03, 
 2DIAGNOSTIC,    38, -6.532437839219e-01, 9.531162673578e-04, 1.0976e+00, 4.4110e-03, 
 2DIAGNOSTIC,    39, -6.541874730750e-01, 7.192478783384e-04, 1.1053e+00, 7.7331e-03, 
 2DIAGNOSTIC,    40, -6.542305579819e-01, 4.743474944521e-04, 1.1097e+00, 4.3561e-03, 
 2DIAGNOSTIC,    41, -6.546777638189e-01, 2.615570827742e-04, 1.1146e+00, 4.9031e-03, 
 2DIAGNOSTIC,    42, -6.549645491955e-01, 1.881205020899e-04, 1.1192e+00, 4.5819e-03, 
 2DIAGNOSTIC,    43, -6.556346582237e-01, 1.447172151616e-04, 1.1249e+00, 5.7199e-03, 
 2DIAGNOSTIC,    44, -6.557381345337e-01, 1.108826883504e-04, 1.1294e+00, 4.5090e-03, 
 2DIAGNOSTIC,    45, -6.563509511536e-01, 9.589833331362e-05, 1.1351e+00, 5.6930e-03, 
 2DIAGNOSTIC,    46, -6.587330465801e-01, 1.081035802146e-04, 1.1396e+00, 4.5390e-03, 
 2DIAGNOSTIC,    47, -6.589484175021e-01, 1.197073800541e-04, 1.1452e+00, 5.5311e-03, 
 2DIAGNOSTIC,    48, -6.588508948423e-01, 1.221693002014e-04, 1.1497e+00, 4.4980e-03, 
 2DIAGNOSTIC,    49, -6.588033407076e-01, 1.220091671623e-04, 1.1541e+00, 4.4498e-03, 
 2DIAGNOSTIC,    50, -6.588317449228e-01, 1.107896644023e-04, 1.1587e+00, 4.5669e-03, 
 2DIAGNOSTIC,    51, -6.590334033100e-01, 9.509520463257e-05, 1.1637e+00, 4.9899e-03, 
 2DIAGNOSTIC,    52, -6.589975285762e-01, 7.304928207451e-05, 1.1686e+00, 4.9589e-03, 
 2DIAGNOSTIC,    53, -6.594155929580e-01, 5.504397975731e-05, 1.1752e+00, 6.5911e-03, 
 2DIAGNOSTIC,    54, -6.595056373108e-01, 3.428882754318e-05, 1.1807e+00, 5.4922e-03, 
 2DIAGNOSTIC,    55, -6.594448315525e-01, 1.525968729451e-05, 1.1857e+00, 4.9419e-03, 
 2DIAGNOSTIC,    56, -6.593721694855e-01, 1.482453835010e-05, 1.1900e+00, 4.3871e-03, 
 2DIAGNOSTIC,    57, -6.593007530624e-01, 1.425215395480e-05, 1.1950e+00, 4.9751e-03, 
 2DIAGNOSTIC,    58, -6.593070592946e-01, 1.164131692149e-05, 1.1995e+00, 4.4370e-03, 
 2DIAGNOSTIC,    59, -6.592262141871e-01, 7.020309020715e-06, 1.2039e+00, 4.3960e-03, 
 2DIAGNOSTIC,    60, -6.592353294495e-01, 2.259163694469e-06, 1.2083e+00, 4.4241e-03, 
DIAGNOSTIC,Iteration,metricValue,convergenceValue,ITERATION_TIME_INDEX,SINCE_LAST
 2DIAGNOSTIC,     1, -5.272396337006e-01, 1.797693134862e+308, 2.0457e+00, 8.3739e-01, 
 2DIAGNOSTIC,     2, -5.278797076822e-01, 1.797693134862e+308, 2.0788e+00, 3.3147e-02, 
 2DIAGNOSTIC,     3, -5.286406625491e-01, 1.797693134862e+308, 2.1102e+00, 3.1404e-02, 
 2DIAGNOSTIC,     4, -5.291524878378e-01, 1.797693134862e+308, 2.1418e+00, 3.1562e-02, 
 2DIAGNOSTIC,     5, -5.295800757826e-01, 1.797693134862e+308, 2.1729e+00, 3.1137e-02, 
 2DIAGNOSTIC,     6, -5.297820378260e-01, 1.797693134862e+308, 2.2097e+00, 3.6754e-02, 
 2DIAGNOSTIC,     7, -5.298919762313e-01, 1.797693134862e+308, 2.2568e+00, 4.7129e-02, 
 2DIAGNOSTIC,     8, -5.298992282056e-01, 1.797693134862e+308, 2.2883e+00, 3.1459e-02, 
 2DIAGNOSTIC,     9, -5.303388147966e-01, 1.797693134862e+308, 2.3226e+00, 3.4384e-02, 
 2DIAGNOSTIC,    10, -5.305392202482e-01, 3.634850967085e-04, 2.3520e+00, 2.9327e-02, 
 2DIAGNOSTIC,    11, -5.307501449527e-01, 2.727290842549e-04, 2.3820e+00, 3.0051e-02, 
 2DIAGNOSTIC,    12, -5.317250392910e-01, 2.447890236705e-04, 2.4305e+00, 4.8504e-02, 
 2DIAGNOSTIC,    13, -5.319046967115e-01, 2.368588640736e-04, 2.4602e+00, 2.9637e-02, 
 2DIAGNOSTIC,    14, -5.325384114379e-01, 2.524040938012e-04, 2.4892e+00, 2.9049e-02, 
 2DIAGNOSTIC,    15, -5.329048678516e-01, 2.710389463582e-04, 2.5188e+00, 2.9623e-02, 
 2DIAGNOSTIC,    16, -5.329400890299e-01, 2.704972453634e-04, 2.5493e+00, 3.0450e-02, 
 2DIAGNOSTIC,    17, -5.331369924309e-01, 2.551039132801e-04, 2.5858e+00, 3.6516e-02, 
 2DIAGNOSTIC,    18, -5.335244822380e-01, 2.293292368481e-04, 2.6216e+00, 3.5762e-02, 
 2DIAGNOSTIC,    19, -5.344160223815e-01, 2.224591736915e-04, 2.6577e+00, 3.6180e-02, 
 2DIAGNOSTIC,    20, -5.347196423529e-01, 2.087795428133e-04, 2.6940e+00, 3.6277e-02, 
 2DIAGNOSTIC,    21, -5.355438470014e-01, 2.032220711896e-04, 2.7242e+00, 3.0207e-02, 
 2DIAGNOSTIC,    22, -5.360741593427e-01, 2.158803477502e-04, 2.7579e+00, 3.3689e-02, 
 2DIAGNOSTIC,    23, -5.367620003085e-01, 2.269615923535e-04, 2.7902e+00, 3.2306e-02, 
 2DIAGNOSTIC,    24, -5.368549551379e-01, 2.316078003214e-04, 2.8324e+00, 4.2158e-02, 
 2DIAGNOSTIC,    25, -5.369673325062e-01, 2.247131120066e-04, 2.8700e+00, 3.7610e-02, 
 2DIAGNOSTIC,    26, -5.370043048437e-01, 1.989442556042e-04, 2.9020e+00, 3.1983e-02, 
 2DIAGNOSTIC,    27, -5.371554693841e-01, 1.631993492842e-04, 2.9370e+00, 3.5035e-02, 
 2DIAGNOSTIC,    28, -5.371501546928e-01, 1.215691823010e-04, 2.9827e+00, 4.5716e-02, 
 2DIAGNOSTIC,    29, -5.371461762706e-01, 8.793329678812e-05, 3.0183e+00, 3.5602e-02, 
 2DIAGNOSTIC,    30, -5.371291476717e-01, 5.333905848928e-05, 3.0527e+00, 3.4392e-02, 
 2DIAGNOSTIC,    31, -5.371104027866e-01, 2.978409435133e-05, 3.0850e+00, 3.2251e-02, 
 2DIAGNOSTIC,    32, -5.371150385574e-01, 1.357903969759e-05, 3.1172e+00, 3.2215e-02, 
 2DIAGNOSTIC,    33, -5.371208949384e-01, 8.342741103409e-06, 3.1513e+00, 3.4115e-02, 
 2DIAGNOSTIC,    34, -5.371286015261e-01, 4.285095281366e-06, 3.1833e+00, 3.1992e-02, 
 2DIAGNOSTIC,    35, -5.371395594037e-01, 2.035100745888e-06, 3.2114e+00, 2.8115e-02, 
DIAGNOSTIC,Iteration,metricValue,convergenceValue,ITERATION_TIME_INDEX,SINCE_LAST
 2DIAGNOSTIC,     1, -4.769878414333e-01, 1.797693134862e+308, 4.3679e+00, 1.1564e+00, 
 2DIAGNOSTIC,     2, -4.772268067288e-01, 1.797693134862e+308, 4.6106e+00, 2.4270e-01, 
 2DIAGNOSTIC,     3, -4.774865669166e-01, 1.797693134862e+308, 4.8975e+00, 2.8696e-01, 
 2DIAGNOSTIC,     4, -4.777324851267e-01, 1.797693134862e+308, 5.2153e+00, 3.1779e-01, 
 2DIAGNOSTIC,     5, -4.777557636242e-01, 1.797693134862e+308, 5.5103e+00, 2.9494e-01, 
 2DIAGNOSTIC,     6, -4.777535956726e-01, 1.797693134862e+308, 5.8136e+00, 3.0338e-01, 
 2DIAGNOSTIC,     7, -4.777611201721e-01, 1.797693134862e+308, 6.3001e+00, 4.8643e-01, 
 2DIAGNOSTIC,     8, -4.777623650855e-01, 1.797693134862e+308, 6.6456e+00, 3.4553e-01, 
 2DIAGNOSTIC,     9, -4.777612982226e-01, 1.797693134862e+308, 6.9276e+00, 2.8202e-01, 
 2DIAGNOSTIC,    10, -4.777601783148e-01, 8.922597764308e-05, 7.1930e+00, 2.6542e-01, 
 2DIAGNOSTIC,    11, -4.777607116011e-01, 4.603297450401e-05, 7.4805e+00, 2.8743e-01, 
 2DIAGNOSTIC,    12, -4.777606826614e-01, 1.780907276726e-05, 7.7710e+00, 2.9059e-01, 
 2DIAGNOSTIC,    13, -4.777594131017e-01, 4.077335621369e-06, 8.0398e+00, 2.6876e-01, 
 2DIAGNOSTIC,    14, -4.777597743278e-01, 2.605400710148e-06, 8.2659e+00, 2.2610e-01, 
 2DIAGNOSTIC,    15, -4.777580150586e-01, 2.159679376904e-06, 8.5458e+00, 2.7989e-01, 
 2DIAGNOSTIC,    16, -4.777585479068e-01, 1.698318213395e-06, 8.8070e+00, 2.6125e-01, 
 2DIAGNOSTIC,    17, -4.777582936716e-01, 1.569128778744e-06, 9.0730e+00, 2.6594e-01, 
 2DIAGNOSTIC,    18, -4.777578513528e-01, 1.509787127416e-06, 9.3544e+00, 2.8139e-01, 
 2DIAGNOSTIC,    19, -4.777565899149e-01, 1.409600186832e-06, 9.6235e+00, 2.6914e-01, 
 2DIAGNOSTIC,    20, -4.777560054520e-01, 1.293838419805e-06, 9.8631e+00, 2.3964e-01, 
 2DIAGNOSTIC,    21, -4.777555586445e-01, 1.218769471685e-06, 1.0133e+01, 2.6937e-01, 
 2DIAGNOSTIC,    22, -4.777557784049e-01, 1.183376641858e-06, 1.0366e+01, 2.3350e-01, 
 2DIAGNOSTIC,    23, -4.777545739263e-01, 1.110847368875e-06, 1.0642e+01, 2.7571e-01, 
 2DIAGNOSTIC,    24, -4.777542294901e-01, 1.072982257051e-06, 1.0888e+01, 2.4621e-01, 
 2DIAGNOSTIC,    25, -4.777557793072e-01, 1.056634294318e-06, 1.1132e+01, 2.4386e-01, 
 2DIAGNOSTIC,    26, -4.777539496050e-01, 1.030397743247e-06, 1.1517e+01, 3.8472e-01, 
 2DIAGNOSTIC,    27, -4.777544788328e-01, 1.031593005046e-06, 1.1810e+01, 2.9313e-01, 
 2DIAGNOSTIC,    28, -4.777530031103e-01, 1.006437768250e-06, 1.2190e+01, 3.8035e-01, 
 2DIAGNOSTIC,    29, -4.777549758539e-01, 1.010647059936e-06, 1.2505e+01, 3.1534e-01, 
 2DIAGNOSTIC,    30, -4.777545864123e-01, 1.001689199420e-06, 1.2800e+01, 2.9487e-01, 
DIAGNOSTIC,Iteration,metricValue,convergenceValue,ITERATION_TIME_INDEX,SINCE_LAST
 2DIAGNOSTIC,     1, -4.448125218985e-01, 1.797693134862e+308, 1.5365e+01, 2.5644e+00, 
 2DIAGNOSTIC,     2, -4.448802707138e-01, 1.797693134862e+308, 1.6848e+01, 1.4832e+00, 
 2DIAGNOSTIC,     3, -4.450193811817e-01, 1.797693134862e+308, 1.8250e+01, 1.4022e+00, 
 2DIAGNOSTIC,     4, -4.451132133716e-01, 1.797693134862e+308, 1.9776e+01, 1.5259e+00, 
 2DIAGNOSTIC,     5, -4.451300058250e-01, 1.797693134862e+308, 2.2288e+01, 2.5126e+00, 
 2DIAGNOSTIC,     6, -4.451368147060e-01, 1.797693134862e+308, 2.4034e+01, 1.7456e+00, 
 2DIAGNOSTIC,     7, -4.451501436778e-01, 1.797693134862e+308, 2.6047e+01, 2.0128e+00, 
 2DIAGNOSTIC,     8, -4.451490046651e-01, 1.797693134862e+308, 2.8192e+01, 2.1448e+00, 
 2DIAGNOSTIC,     9, -4.451490944036e-01, 1.797693134862e+308, 2.9930e+01, 1.7386e+00, 
 2DIAGNOSTIC,    10, -4.451490247281e-01, 4.665047635177e-05, 3.4431e+01, 4.5003e+00, 
 2DIAGNOSTIC,    11, -4.451490247257e-01, 2.717329171754e-05, 3.8946e+01, 4.5154e+00, 
 2DIAGNOSTIC,    12, -4.451490247257e-01, 1.222022764248e-05, 4.0459e+01, 1.5134e+00, 
 2DIAGNOSTIC,    13, -4.451490247257e-01, 5.418588978567e-06, 4.1989e+01, 1.5293e+00, 
 2DIAGNOSTIC,    14, -4.451490247257e-01, 3.590401648004e-06, 4.3616e+01, 1.6272e+00, 
 2DIAGNOSTIC,    15, -4.451490247257e-01, 2.598294748871e-06, 4.5202e+01, 1.5863e+00, 
 2DIAGNOSTIC,    16, -4.451490247257e-01, 1.942434572022e-06, 4.6805e+01, 1.6027e+00, 
 2DIAGNOSTIC,    17, -4.451490247257e-01, 1.869837303818e-06, 4.8374e+01, 1.5694e+00, 
 2DIAGNOSTIC,    18, -4.451490247257e-01, 1.764922769078e-06, 4.9895e+01, 1.5208e+00, 
 2DIAGNOSTIC,    19, -4.451490247257e-01, 1.674364916826e-06, 5.1500e+01, 1.6053e+00, 
 2DIAGNOSTIC,    20, -4.451490247257e-01, 1.590639214781e-06, 5.3219e+01, 1.7191e+00, 
 2DIAGNOSTIC,    21, -4.451490247257e-01, 1.514888001361e-06, 5.4817e+01, 1.5976e+00, 
 2DIAGNOSTIC,    22, -4.451490247257e-01, 1.446023825000e-06, 5.6331e+01, 1.5141e+00, 
 2DIAGNOSTIC,    23, -4.451490247257e-01, 1.383148306271e-06, 5.7854e+01, 1.5230e+00, 
 2DIAGNOSTIC,    24, -4.451490247257e-01, 1.325512806863e-06, 5.9416e+01, 1.5624e+00, 
 2DIAGNOSTIC,    25, -4.451490247257e-01, 1.272488479205e-06, 6.1044e+01, 1.6279e+00, 
 2DIAGNOSTIC,    26, -4.451490247257e-01, 1.223543228228e-06, 6.2978e+01, 1.9338e+00, 
 2DIAGNOSTIC,    27, -4.451490247257e-01, 1.178223792961e-06, 6.4573e+01, 1.5948e+00, 
 2DIAGNOSTIC,    28, -4.451490247257e-01, 1.136141668190e-06, 6.6663e+01, 2.0901e+00, 
 2DIAGNOSTIC,    29, -4.451490247257e-01, 1.096961938958e-06, 6.8443e+01, 1.7797e+00, 
 2DIAGNOSTIC,    30, -4.451490247257e-01, 1.060394348301e-06, 7.0089e+01, 1.6461e+00, 
 2DIAGNOSTIC,    31, -4.451490247257e-01, 1.026186093947e-06, 7.1835e+01, 1.7457e+00, 
  Elapsed time (stage 0): 7.2714e+01


Total elapsed time: 7.2717e+01
Info [verificarlo]: loaded backend libinterflop_vprec.so
Info [interflop-vprec]: load backend with: 
Info [interflop-vprec]: precision-binary32 = 18
Info [interflop-vprec]: range-binary32 = 8
Info [interflop-vprec]: precision-binary64 = 18
Info [interflop-vprec]: range-binary64 = 8
Info [interflop-vprec]: mode = ob
Info [interflop-vprec]: error-mode = rel
Info [interflop-vprec]: max-abs-error-exponent = -1022
Info [interflop-vprec]: daz = false
Info [interflop-vprec]: ftz = false
Info [interflop-vprec]: 	instrument = none
Info [interflop-vprec]: 	prec-input-file = (null)
Info [interflop-vprec]: 	prec-output-file = (null)
Info [interflop-vprec]: 	prec-log-file = (null)
All_Command_lines_OK
Using double precision for computations.
=============================================================================
The composite transform comprises the following transforms (in order): 
  1. /home/mdugre/scratch/mri-registration-rp/datasets/ds004513/derivatives/mri-registration-rp/0011/antsRegistration-r8-p18/sub-s003/rigid_Composite.h5[0] (type = Euler3DTransform)
  2. /home/mdugre/scratch/mri-registration-rp/datasets/ds004513/derivatives/mri-registration-rp/0011/antsRegistration-r8-p18/sub-s003/rigid_Composite.h5[1] (type = Euler3DTransform)
  3. /home/mdugre/scratch/mri-registration-rp/datasets/ds004513/derivatives/mri-registration-rp/0011/antsRegistration-r8-p18/sub-s003/rigid_Composite.h5[2] (type = Euler3DTransform)
=============================================================================
  number of levels = 4
  fixed image: /templateflow/tpl-MNI152NLin2009cAsym/tpl-MNI152NLin2009cAsym_res-01_desc-brain_T1w.nii.gz
  moving image: /home/mdugre/scratch/mri-registration-rp/datasets/ds004513/derivatives/mri-registration-rp/antsBrainExtraction/sub-s003/BrainExtractionBrain.nii.gz
Dimension = 3
Number of stages = 1
Use histogram matching = false
Winsorize image intensities = true
  Lower quantile = 0.005
  Upper quantile = 0.995


Stage 1 State
   Image metric = MattesMI
     Fixed image = Image (0x51f8490)
  RTTI typeinfo:   itk::Image<double, 3u>
  Reference Count: 2
  Modified Time: 1592
  Debug: Off
  Object Name: 
  Observers: 
    none
  Source: (none)
  Source output name: (none)
  Release Data: Off
  Data Released: False
  Global Release Data: Off
  PipelineMTime: 0
  UpdateMTime: 1203
  RealTimeStamp: 0 seconds 
  LargestPossibleRegion: 
    Dimension: 3
    Index: [0, 0, 0]
    Size: [193, 229, 193]
  BufferedRegion: 
    Dimension: 3
    Index: [0, 0, 0]
    Size: [193, 229, 193]
  RequestedRegion: 
    Dimension: 3
    Index: [0, 0, 0]
    Size: [193, 229, 193]
  Spacing: [1, 1, 1]
  Origin: [96, 132, -78]
  Direction: 
-1 0 0
0 -1 0
0 0 1

  IndexToPointMatrix: 
-1 0 0
0 -1 0
0 0 1

  PointToIndexMatrix: 
-1 0 0
0 -1 0
0 0 1

  Inverse Direction: 
-1 0 0
0 -1 0
0 0 1

  PixelContainer: 
    ImportImageContainer (0x52c38c0)
      RTTI typeinfo:   itk::ImportImageContainer<unsigned long, double>
      Reference Count: 1
      Modified Time: 1200
      Debug: Off
      Object Name: 
      Observers: 
        none
      Pointer: 0x147f96be5010
      Container manages memory: true
      Size: 8530021
      Capacity: 8530021

     Moving image = Image (0x52b3b60)
  RTTI typeinfo:   itk::Image<double, 3u>
  Reference Count: 2
  Modified Time: 1593
  Debug: Off
  Object Name: 
  Observers: 
    none
  Source: (none)
  Source output name: (none)
  Release Data: Off
  Data Released: False
  Global Release Data: Off
  PipelineMTime: 0
  UpdateMTime: 1590
  RealTimeStamp: 0 seconds 
  LargestPossibleRegion: 
    Dimension: 3
    Index: [0, 0, 0]
    Size: [176, 240, 256]
  BufferedRegion: 
    Dimension: 3
    Index: [0, 0, 0]
    Size: [176, 240, 256]
  RequestedRegion: 
    Dimension: 3
    Index: [0, 0, 0]
    Size: [176, 240, 256]
  Spacing: [1, 1, 1]
  Origin: [93.3499, 86.9368, -128.957]
  Direction: 
-0.999512 -0.0279216 -0.0139567
0.0279189 -0.999611 0.000389866
-0.0139621 2.01492e-08 0.999903

  IndexToPointMatrix: 
-0.999512 -0.0279216 -0.0139567
0.0279189 -0.999611 0.000389866
-0.0139621 2.01492e-08 0.999903

  PointToIndexMatrix: 
-0.999512 0.0279189 -0.0139621
-0.0279216 -0.999611 -4.20958e-07
-0.0139567 0.000389425 0.999903

  Inverse Direction: 
-0.999512 0.0279189 -0.0139621
-0.0279216 -0.999611 -4.20958e-07
-0.0139567 0.000389425 0.999903

  PixelContainer: 
    ImportImageContainer (0x53471d0)
      RTTI typeinfo:   itk::ImportImageContainer<unsigned long, double>
      Reference Count: 1
      Modified Time: 1587
      Debug: Off
      Object Name: 
      Observers: 
        none
      Pointer: 0x147f91964010
      Container manages memory: true
      Size: 10813440
      Capacity: 10813440

     Weighting = 1
     Sampling strategy = regular
     Number of bins = 32
     Radius = 4
     Sampling percentage  = 0.25
   Transform = Affine
     Gradient step = 0.1
     Update field sigma (voxel space) = 0
     Total field sigma (voxel space) = 0
     Update field time sigma = 0
     Total field time sigma  = 0
     Number of time indices = 0
     Number of time point samples = 0
Registration using 1 total stages.

Stage 0
  iterations = 1000x500x250x100
  convergence threshold = 1e-06
  convergence window size = 10
  number of levels = 4
  using the Mattes MI metric (number of bins = 32, weight = 1, use gradient filter = 0)
  preprocessing:  winsorizing the image intensities
  Shrink factors (level 1 out of 4): [8, 8, 8]
  Shrink factors (level 2 out of 4): [4, 4, 4]
  Shrink factors (level 3 out of 4): [2, 2, 2]
  Shrink factors (level 4 out of 4): [1, 1, 1]
  smoothing sigmas per level: [3, 2, 1, 0]
  regular sampling (percentage = 0.25)

*** Running AffineTransform registration ***

DIAGNOSTIC,Iteration,metricValue,convergenceValue,ITERATION_TIME_INDEX,SINCE_LAST
 2DIAGNOSTIC,     1, -6.613148977677e-01, 1.797693134862e+308, 0.0000e+00, 0.0000e+00, 
 2DIAGNOSTIC,     2, -6.640317125925e-01, 1.797693134862e+308, 0.0000e+00, 0.0000e+00, 
 2DIAGNOSTIC,     3, -6.686866892352e-01, 1.797693134862e+308, 0.0000e+00, 0.0000e+00, 
 2DIAGNOSTIC,     4, -6.761449600206e-01, 1.797693134862e+308, 0.0000e+00, 0.0000e+00, 
 2DIAGNOSTIC,     5, -6.858024548352e-01, 1.797693134862e+308, 0.0000e+00, 0.0000e+00, 
 2DIAGNOSTIC,     6, -6.971463016759e-01, 1.797693134862e+308, 0.0000e+00, 0.0000e+00, 
 2DIAGNOSTIC,     7, -7.152654458816e-01, 1.797693134862e+308, 0.0000e+00, 0.0000e+00, 
 2DIAGNOSTIC,     8, -7.227725115400e-01, 1.797693134862e+308, 0.0000e+00, 0.0000e+00, 
 2DIAGNOSTIC,     9, -7.231881123597e-01, 1.797693134862e+308, 0.0000e+00, 0.0000e+00, 
 2DIAGNOSTIC,    10, -7.232642300566e-01, 7.038788717530e-03, 0.0000e+00, 0.0000e+00, 
 2DIAGNOSTIC,    11, -7.231703448817e-01, 5.942526597045e-03, 0.0000e+00, 0.0000e+00, 
 2DIAGNOSTIC,    12, -7.231789650411e-01, 4.588355617779e-03, 0.0000e+00, 0.0000e+00, 
 2DIAGNOSTIC,    13, -7.231683485495e-01, 3.177865799472e-03, 0.0000e+00, 0.0000e+00, 
 2DIAGNOSTIC,    14, -7.231244168671e-01, 1.904953008771e-03, 0.0000e+00, 0.0000e+00, 
 2DIAGNOSTIC,    15, -7.231162500932e-01, 8.933782693238e-04, 0.0000e+00, 0.0000e+00, 
 2DIAGNOSTIC,    16, -7.231834251863e-01, 2.069301614850e-04, 0.0000e+00, 0.0000e+00, 
 2DIAGNOSTIC,    17, -7.231248160512e-01, 7.134841381803e-06, 0.0000e+00, 0.0000e+00, 
DIAGNOSTIC,Iteration,metricValue,convergenceValue,ITERATION_TIME_INDEX,SINCE_LAST
 2DIAGNOSTIC,     1, -5.935338046304e-01, 1.797693134862e+308, 0.0000e+00, 0.0000e+00, 
 2DIAGNOSTIC,     2, -5.940050399918e-01, 1.797693134862e+308, 0.0000e+00, 0.0000e+00, 
 2DIAGNOSTIC,     3, -5.945672877151e-01, 1.797693134862e+308, 0.0000e+00, 0.0000e+00, 
 2DIAGNOSTIC,     4, -5.953715396135e-01, 1.797693134862e+308, 0.0000e+00, 0.0000e+00, 
 2DIAGNOSTIC,     5, -5.954298431902e-01, 1.797693134862e+308, 0.0000e+00, 0.0000e+00, 
 2DIAGNOSTIC,     6, -5.954477404994e-01, 1.797693134862e+308, 0.0000e+00, 0.0000e+00, 
 2DIAGNOSTIC,     7, -5.954212924484e-01, 1.797693134862e+308, 0.0000e+00, 0.0000e+00, 
 2DIAGNOSTIC,     8, -5.953958986948e-01, 1.797693134862e+308, 0.0000e+00, 0.0000e+00, 
 2DIAGNOSTIC,     9, -5.954026517245e-01, 1.797693134862e+308, 0.0000e+00, 0.0000e+00, 
 2DIAGNOSTIC,    10, -5.953985555627e-01, 1.795871416620e-04, 0.0000e+00, 0.0000e+00, 
 2DIAGNOSTIC,    11, -5.953893181459e-01, 9.457320196084e-05, 0.0000e+00, 0.0000e+00, 
 2DIAGNOSTIC,    12, -5.953930304053e-01, 3.423084637501e-05, 0.0000e+00, 0.0000e+00, 
DIAGNOSTIC,Iteration,metricValue,convergenceValue,ITERATION_TIME_INDEX,SINCE_LAST
 2DIAGNOSTIC,     1, -5.223456825340e-01, 1.797693134862e+308, 0.0000e+00, 0.0000e+00, 
 2DIAGNOSTIC,     2, -5.226555528093e-01, 1.797693134862e+308, 0.0000e+00, 0.0000e+00, 
 2DIAGNOSTIC,     3, -5.229310990259e-01, 1.797693134862e+308, 0.0000e+00, 0.0000e+00, 
 2DIAGNOSTIC,     4, -5.230190691945e-01, 1.797693134862e+308, 0.0000e+00, 0.0000e+00, 
 2DIAGNOSTIC,     5, -5.230325373786e-01, 1.797693134862e+308, 0.0000e+00, 0.0000e+00, 
 2DIAGNOSTIC,     6, -5.230449411264e-01, 1.797693134862e+308, 0.0000e+00, 0.0000e+00, 
 2DIAGNOSTIC,     7, -5.230515434038e-01, 1.797693134862e+308, 0.0000e+00, 0.0000e+00, 
 2DIAGNOSTIC,     8, -5.230558534287e-01, 1.797693134862e+308, 0.0000e+00, 0.0000e+00, 
 2DIAGNOSTIC,     9, -5.230597863738e-01, 1.797693134862e+308, 0.0000e+00, 0.0000e+00, 
 2DIAGNOSTIC,    10, -5.230532399344e-01, 6.649449640132e-05, 0.0000e+00, 0.0000e+00, 
 2DIAGNOSTIC,    11, -5.230494670201e-01, 2.960249421516e-05, 0.0000e+00, 0.0000e+00, 
 2DIAGNOSTIC,    12, -5.230488692336e-01, 1.016630971629e-05, 0.0000e+00, 0.0000e+00, 
 2DIAGNOSTIC,    13, -5.230502759528e-01, 4.517571189327e-06, 0.0000e+00, 0.0000e+00, 
 2DIAGNOSTIC,    14, -5.230481010243e-01, 2.804722887564e-06, 0.0000e+00, 0.0000e+00, 
 2DIAGNOSTIC,    15, -5.230509836493e-01, 1.861100673059e-06, 0.0000e+00, 0.0000e+00, 
 2DIAGNOSTIC,    16, -5.230515631309e-01, 1.496036632589e-06, 0.0000e+00, 0.0000e+00, 
 2DIAGNOSTIC,    17, -5.230516075550e-01, 1.424146329837e-06, 0.0000e+00, 0.0000e+00, 
 2DIAGNOSTIC,    18, -5.230516626775e-01, 1.525204872892e-06, 0.0000e+00, 0.0000e+00, 
 2DIAGNOSTIC,    19, -5.230524456606e-01, 1.775969911272e-06, 0.0000e+00, 0.0000e+00, 
 2DIAGNOSTIC,    20, -5.230506514324e-01, 1.765705521919e-06, 0.0000e+00, 0.0000e+00, 
 2DIAGNOSTIC,    21, -5.230512159586e-01, 1.656658526202e-06, 0.0000e+00, 0.0000e+00, 
 2DIAGNOSTIC,    22, -5.230505456084e-01, 1.510405805288e-06, 0.0000e+00, 0.0000e+00, 
 2DIAGNOSTIC,    23, -5.230514424300e-01, 1.426297543690e-06, 0.0000e+00, 0.0000e+00, 
 2DIAGNOSTIC,    24, -5.230514517997e-01, 1.292450312225e-06, 0.0000e+00, 0.0000e+00, 
 2DIAGNOSTIC,    25, -5.230514433423e-01, 1.233884734504e-06, 0.0000e+00, 0.0000e+00, 
 2DIAGNOSTIC,    26, -5.230514427972e-01, 1.194948124020e-06, 0.0000e+00, 0.0000e+00, 
 2DIAGNOSTIC,    27, -5.230514282895e-01, 1.160752582212e-06, 0.0000e+00, 0.0000e+00, 
 2DIAGNOSTIC,    28, -5.230514466199e-01, 1.130070077626e-06, 0.0000e+00, 0.0000e+00, 
 2DIAGNOSTIC,    29, -5.230506349161e-01, 1.101299075101e-06, 0.0000e+00, 0.0000e+00, 
 2DIAGNOSTIC,    30, -5.230506643847e-01, 1.041303120161e-06, 0.0000e+00, 0.0000e+00, 
DIAGNOSTIC,Iteration,metricValue,convergenceValue,ITERATION_TIME_INDEX,SINCE_LAST
 2DIAGNOSTIC,     1, -4.768565086430e-01, 1.797693134862e+308, 0.0000e+00, 0.0000e+00, 
 2DIAGNOSTIC,     2, -4.770428989924e-01, 1.797693134862e+308, 0.0000e+00, 0.0000e+00, 
 2DIAGNOSTIC,     3, -4.772863934827e-01, 1.797693134862e+308, 0.0000e+00, 0.0000e+00, 
 2DIAGNOSTIC,     4, -4.776169203955e-01, 1.797693134862e+308, 0.0000e+00, 0.0000e+00, 
 2DIAGNOSTIC,     5, -4.779021235238e-01, 1.797693134862e+308, 0.0000e+00, 0.0000e+00, 
 2DIAGNOSTIC,     6, -4.781381825771e-01, 1.797693134862e+308, 0.0000e+00, 0.0000e+00, 
 2DIAGNOSTIC,     7, -4.788805287614e-01, 1.797693134862e+308, 0.0000e+00, 0.0000e+00, 
 2DIAGNOSTIC,     8, -4.794692924757e-01, 1.797693134862e+308, 0.0000e+00, 0.0000e+00, 
 2DIAGNOSTIC,     9, -4.803151421062e-01, 1.797693134862e+308, 0.0000e+00, 0.0000e+00, 
 2DIAGNOSTIC,    10, -4.820901474872e-01, 6.121032766884e-04, 0.0000e+00, 0.0000e+00, 
 2DIAGNOSTIC,    11, -4.827293103398e-01, 6.843006877471e-04, 0.0000e+00, 0.0000e+00, 
 2DIAGNOSTIC,    12, -4.829885226809e-01, 7.054522153830e-04, 0.0000e+00, 0.0000e+00, 
 2DIAGNOSTIC,    13, -4.835890050624e-01, 6.988203854917e-04, 0.0000e+00, 0.0000e+00, 
 2DIAGNOSTIC,    14, -4.849091082759e-01, 6.987689380325e-04, 0.0000e+00, 0.0000e+00, 
 2DIAGNOSTIC,    15, -4.851493075603e-01, 6.539115622568e-04, 0.0000e+00, 0.0000e+00, 
 2DIAGNOSTIC,    16, -4.851935716098e-01, 5.653374026763e-04, 0.0000e+00, 0.0000e+00, 
 2DIAGNOSTIC,    17, -4.853055421529e-01, 4.664002113172e-04, 0.0000e+00, 0.0000e+00, 
 2DIAGNOSTIC,    18, -4.854756258180e-01, 3.603154956929e-04, 0.0000e+00, 0.0000e+00, 
 2DIAGNOSTIC,    19, -4.857039742998e-01, 2.635665385655e-04, 0.0000e+00, 0.0000e+00, 
 2DIAGNOSTIC,    20, -4.869287345645e-01, 2.402185414532e-04, 0.0000e+00, 0.0000e+00, 
 2DIAGNOSTIC,    21, -4.870480734225e-01, 2.179092768247e-04, 0.0000e+00, 0.0000e+00, 
 2DIAGNOSTIC,    22, -4.871664649926e-01, 1.879700028686e-04, 0.0000e+00, 0.0000e+00, 
 2DIAGNOSTIC,    23, -4.877128759619e-01, 1.720640470336e-04, 0.0000e+00, 0.0000e+00, 
 2DIAGNOSTIC,    24, -4.901193762385e-01, 2.322567885737e-04, 0.0000e+00, 0.0000e+00, 
 2DIAGNOSTIC,    25, -4.911210313223e-01, 2.932253773945e-04, 0.0000e+00, 0.0000e+00, 
 2DIAGNOSTIC,    26, -4.911560366967e-01, 3.238868767279e-04, 0.0000e+00, 0.0000e+00, 
 2DIAGNOSTIC,    27, -4.915256522767e-01, 3.337241929456e-04, 0.0000e+00, 0.0000e+00, 
 2DIAGNOSTIC,    28, -4.916012876858e-01, 3.166019903579e-04, 0.0000e+00, 0.0000e+00, 
 2DIAGNOSTIC,    29, -4.916229051063e-01, 2.744365987707e-04, 0.0000e+00, 0.0000e+00, 
 2DIAGNOSTIC,    30, -4.916615567264e-01, 2.337455017319e-04, 0.0000e+00, 0.0000e+00, 
 2DIAGNOSTIC,    31, -4.916629495981e-01, 1.766872957145e-04, 0.0000e+00, 0.0000e+00, 
 2DIAGNOSTIC,    32, -4.916631017623e-01, 1.092145884789e-04, 0.0000e+00, 0.0000e+00, 
 2DIAGNOSTIC,    33, -4.916627882760e-01, 4.428276018249e-05, 0.0000e+00, 0.0000e+00, 
 2DIAGNOSTIC,    34, -4.916631754962e-01, 2.016880788128e-05, 0.0000e+00, 0.0000e+00, 
 2DIAGNOSTIC,    35, -4.916628808796e-01, 1.243779644832e-05, 0.0000e+00, 0.0000e+00, 
 2DIAGNOSTIC,    36, -4.916627908520e-01, 4.458998693935e-06, 0.0000e+00, 0.0000e+00, 
 2DIAGNOSTIC,    37, -4.916628027804e-01, 2.400502812295e-06, 0.0000e+00, 0.0000e+00, 
 2DIAGNOSTIC,    38, -4.916628017741e-01, 1.467008684822e-06, 0.0000e+00, 0.0000e+00, 
  Elapsed time (stage 0): 0.0000e+00


Total elapsed time: 0.0000e+00
Info [verificarlo]: loaded backend libinterflop_vprec.so
Info [interflop-vprec]: load backend with: 
Info [interflop-vprec]: precision-binary32 = 18
