
##########################
# Experiment information #
##########################

EXPERIMENT_NAME: antsRegistration-r8-p18
VFC_BACKENDS: libinterflop_vprec.so --range-binary32=8 --precision-binary32=18 --range-binary64=8 --precision-binary64=18

SIF_IMG: /home/mdugre/projects/rrg-glatard/mdugre/containers/ants-vprec-no_metrics.simg

SUBJECT_ID: s037
INPUT_IMG: /home/mdugre/scratch/mri-registration-rp/datasets/ds004513/derivatives/mri-registration-rp/antsBrainExtraction/sub-s037/BrainExtractionBrain.nii.gz
OUTPUT_DIR: /home/mdugre/scratch/mri-registration-rp/datasets/ds004513/derivatives/mri-registration-rp/0011/antsRegistration-r8-p18/sub-s037

FIXED_IMG: /templateflow/tpl-MNI152NLin2009cAsym/tpl-MNI152NLin2009cAsym_res-01_desc-brain_T1w.nii.gz
DATA_DIR: /home/mdugre/scratch/mri-registration-rp/datasets/ds004513
TEMPLATEFLOW_DIR: /home/mdugre/projects/rrg-glatard/mdugre/templateflow
ITK_GLOBAL_DEFAULT_NUMBER_OF_THREADS: 16
##########################

Info [verificarlo]: loaded backend libinterflop_ieee.so
Info [interflop-ieee]: load backend with:
Info [interflop-ieee]: debug = false
Info [interflop-ieee]: debug-binary = false
Info [interflop-ieee]: no-backend-name = false
Info [interflop-ieee]: print-new-line = false
Info [interflop-ieee]: print-subnormal-normalized = false
Info [interflop-ieee]: count-op = false
All_Command_lines_OK
Using double precision for computations.
=============================================================================
The composite transform comprises the following transforms (in order): 
  1. Center of mass alignment using fixed image: /templateflow/tpl-MNI152NLin2009cAsym/tpl-MNI152NLin2009cAsym_res-01_desc-brain_T1w.nii.gz and moving image: /home/mdugre/scratch/mri-registration-rp/datasets/ds004513/derivatives/mri-registration-rp/antsBrainExtraction/sub-s037/BrainExtractionBrain.nii.gz (type = Euler3DTransform)
=============================================================================
  number of levels = 1
  fixed image: /templateflow/tpl-MNI152NLin2009cAsym/tpl-MNI152NLin2009cAsym_res-01_desc-brain_T1w.nii.gz
  moving image: /home/mdugre/scratch/mri-registration-rp/datasets/ds004513/derivatives/mri-registration-rp/antsBrainExtraction/sub-s037/BrainExtractionBrain.nii.gz
Dimension = 3
Number of stages = 1
Use histogram matching = false
Winsorize image intensities = true
  Lower quantile = 0.005
  Upper quantile = 0.995


Stage 1 State
   Image metric = MattesMI
     Fixed image = Image (0x40abe70)
  RTTI typeinfo:   itk::Image<double, 3u>
  Reference Count: 2
  Modified Time: 2330
  Debug: Off
  Object Name: 
  Observers: 
    none
  Source: (none)
  Source output name: (none)
  Release Data: Off
  Data Released: False
  Global Release Data: Off
  PipelineMTime: 0
  UpdateMTime: 1941
  RealTimeStamp: 0 seconds 
  LargestPossibleRegion: 
    Dimension: 3
    Index: [0, 0, 0]
    Size: [193, 229, 193]
  BufferedRegion: 
    Dimension: 3
    Index: [0, 0, 0]
    Size: [193, 229, 193]
  RequestedRegion: 
    Dimension: 3
    Index: [0, 0, 0]
    Size: [193, 229, 193]
  Spacing: [1, 1, 1]
  Origin: [96, 132, -78]
  Direction: 
-1 0 0
0 -1 0
0 0 1

  IndexToPointMatrix: 
-1 0 0
0 -1 0
0 0 1

  PointToIndexMatrix: 
-1 0 0
0 -1 0
0 0 1

  Inverse Direction: 
-1 0 0
0 -1 0
0 0 1

  PixelContainer: 
    ImportImageContainer (0x40b4c60)
      RTTI typeinfo:   itk::ImportImageContainer<unsigned long, double>
      Reference Count: 1
      Modified Time: 1938
      Debug: Off
      Object Name: 
      Observers: 
        none
      Pointer: 0x150578cdb010
      Container manages memory: true
      Size: 8530021
      Capacity: 8530021

     Moving image = Image (0x4148ec0)
  RTTI typeinfo:   itk::Image<double, 3u>
  Reference Count: 2
  Modified Time: 2331
  Debug: Off
  Object Name: 
  Observers: 
    none
  Source: (none)
  Source output name: (none)
  Release Data: Off
  Data Released: False
  Global Release Data: Off
  PipelineMTime: 0
  UpdateMTime: 2328
  RealTimeStamp: 0 seconds 
  LargestPossibleRegion: 
    Dimension: 3
    Index: [0, 0, 0]
    Size: [160, 240, 256]
  BufferedRegion: 
    Dimension: 3
    Index: [0, 0, 0]
    Size: [160, 240, 256]
  RequestedRegion: 
    Dimension: 3
    Index: [0, 0, 0]
    Size: [160, 240, 256]
  Spacing: [1, 1, 1]
  Origin: [87.9508, 102.562, -147.639]
  Direction: 
-0.998659 -0.0436121 -0.0279129
0.043595 -0.999049 0.00121847
-0.0279395 -2.65543e-08 0.99961

  IndexToPointMatrix: 
-0.998659 -0.0436121 -0.0279129
0.043595 -0.999049 0.00121847
-0.0279395 -2.65543e-08 0.99961

  PointToIndexMatrix: 
-0.998659 0.043595 -0.0279395
-0.0436121 -0.999049 -2.65517e-08
-0.0279129 0.00121847 0.99961

  Inverse Direction: 
-0.998659 0.043595 -0.0279395
-0.0436121 -0.999049 -2.65517e-08
-0.0279129 0.00121847 0.99961

  PixelContainer: 
    ImportImageContainer (0x41e0610)
      RTTI typeinfo:   itk::ImportImageContainer<unsigned long, double>
      Reference Count: 1
      Modified Time: 2325
      Debug: Off
      Object Name: 
      Observers: 
        none
      Pointer: 0x1505741da010
      Container manages memory: true
      Size: 9830400
      Capacity: 9830400

     Weighting = 1
     Sampling strategy = regular
     Number of bins = 32
     Radius = 4
     Sampling percentage  = 0.25
   Transform = Rigid
     Gradient step = 0.1
     Update field sigma (voxel space) = 0
     Total field sigma (voxel space) = 0
     Update field time sigma = 0
     Total field time sigma  = 0
     Number of time indices = 0
     Number of time point samples = 0
Registration using 1 total stages.

Stage 0
  iterations = 0
  convergence threshold = 1e-06
  convergence window size = 10
  number of levels = 1
  using the Mattes MI metric (number of bins = 32, weight = 1, use gradient filter = 0)
  preprocessing:  winsorizing the image intensities
  Shrink factors (level 1 out of 1): [1, 1, 1]
  smoothing sigmas per level: [0]
  regular sampling (percentage = 0.25)

*** Running Euler3DTransform registration ***

  Elapsed time (stage 0): 1.11885


Total elapsed time: 1.12108
Info [verificarlo]: loaded backend libinterflop_ieee.so
Info [interflop-ieee]: load backend with:
Info [interflop-ieee]: debug = false
Info [interflop-ieee]: debug-binary = false
Info [interflop-ieee]: no-backend-name = false
Info [interflop-ieee]: print-new-line = false
Info [interflop-ieee]: print-subnormal-normalized = false
Info [interflop-ieee]: count-op = false
All_Command_lines_OK
Using double precision for computations.
=============================================================================
The composite transform comprises the following transforms (in order): 
  1. /home/mdugre/scratch/mri-registration-rp/datasets/ds004513/derivatives/mri-registration-rp/0011/antsRegistration-r8-p18/sub-s037/align_Composite.h5[0] (type = Euler3DTransform)
  2. /home/mdugre/scratch/mri-registration-rp/datasets/ds004513/derivatives/mri-registration-rp/0011/antsRegistration-r8-p18/sub-s037/align_Composite.h5[1] (type = Euler3DTransform)
=============================================================================
  number of levels = 4
  fixed image: /templateflow/tpl-MNI152NLin2009cAsym/tpl-MNI152NLin2009cAsym_res-01_desc-brain_T1w.nii.gz
  moving image: /home/mdugre/scratch/mri-registration-rp/datasets/ds004513/derivatives/mri-registration-rp/antsBrainExtraction/sub-s037/BrainExtractionBrain.nii.gz
Dimension = 3
Number of stages = 1
Use histogram matching = false
Winsorize image intensities = true
  Lower quantile = 0.005
  Upper quantile = 0.995


Stage 1 State
   Image metric = MattesMI
     Fixed image = Image (0x43f9530)
  RTTI typeinfo:   itk::Image<double, 3u>
  Reference Count: 2
  Modified Time: 1578
  Debug: Off
  Object Name: 
  Observers: 
    none
  Source: (none)
  Source output name: (none)
  Release Data: Off
  Data Released: False
  Global Release Data: Off
  PipelineMTime: 0
  UpdateMTime: 1189
  RealTimeStamp: 0 seconds 
  LargestPossibleRegion: 
    Dimension: 3
    Index: [0, 0, 0]
    Size: [193, 229, 193]
  BufferedRegion: 
    Dimension: 3
    Index: [0, 0, 0]
    Size: [193, 229, 193]
  RequestedRegion: 
    Dimension: 3
    Index: [0, 0, 0]
    Size: [193, 229, 193]
  Spacing: [1, 1, 1]
  Origin: [96, 132, -78]
  Direction: 
-1 0 0
0 -1 0
0 0 1

  IndexToPointMatrix: 
-1 0 0
0 -1 0
0 0 1

  PointToIndexMatrix: 
-1 0 0
0 -1 0
0 0 1

  Inverse Direction: 
-1 0 0
0 -1 0
0 0 1

  PixelContainer: 
    ImportImageContainer (0x44b7d60)
      RTTI typeinfo:   itk::ImportImageContainer<unsigned long, double>
      Reference Count: 1
      Modified Time: 1186
      Debug: Off
      Object Name: 
      Observers: 
        none
      Pointer: 0x1519aa65b010
      Container manages memory: true
      Size: 8530021
      Capacity: 8530021

     Moving image = Image (0x44a9f60)
  RTTI typeinfo:   itk::Image<double, 3u>
  Reference Count: 2
  Modified Time: 1579
  Debug: Off
  Object Name: 
  Observers: 
    none
  Source: (none)
  Source output name: (none)
  Release Data: Off
  Data Released: False
  Global Release Data: Off
  PipelineMTime: 0
  UpdateMTime: 1576
  RealTimeStamp: 0 seconds 
  LargestPossibleRegion: 
    Dimension: 3
    Index: [0, 0, 0]
    Size: [160, 240, 256]
  BufferedRegion: 
    Dimension: 3
    Index: [0, 0, 0]
    Size: [160, 240, 256]
  RequestedRegion: 
    Dimension: 3
    Index: [0, 0, 0]
    Size: [160, 240, 256]
  Spacing: [1, 1, 1]
  Origin: [87.9508, 102.562, -147.639]
  Direction: 
-0.998659 -0.0436121 -0.0279129
0.043595 -0.999049 0.00121847
-0.0279395 -2.65543e-08 0.99961

  IndexToPointMatrix: 
-0.998659 -0.0436121 -0.0279129
0.043595 -0.999049 0.00121847
-0.0279395 -2.65543e-08 0.99961

  PointToIndexMatrix: 
-0.998659 0.043595 -0.0279395
-0.0436121 -0.999049 -2.65517e-08
-0.0279129 0.00121847 0.99961

  Inverse Direction: 
-0.998659 0.043595 -0.0279395
-0.0436121 -0.999049 -2.65517e-08
-0.0279129 0.00121847 0.99961

  PixelContainer: 
    ImportImageContainer (0x449b6d0)
      RTTI typeinfo:   itk::ImportImageContainer<unsigned long, double>
      Reference Count: 1
      Modified Time: 1573
      Debug: Off
      Object Name: 
      Observers: 
        none
      Pointer: 0x1519a5b5a010
      Container manages memory: true
      Size: 9830400
      Capacity: 9830400

     Weighting = 1
     Sampling strategy = regular
     Number of bins = 32
     Radius = 4
     Sampling percentage  = 0.25
   Transform = Rigid
     Gradient step = 0.1
     Update field sigma (voxel space) = 0
     Total field sigma (voxel space) = 0
     Update field time sigma = 0
     Total field time sigma  = 0
     Number of time indices = 0
     Number of time point samples = 0
Registration using 1 total stages.

Stage 0
  iterations = 1000x500x250x100
  convergence threshold = 1e-06
  convergence window size = 10
  number of levels = 4
  using the Mattes MI metric (number of bins = 32, weight = 1, use gradient filter = 0)
  preprocessing:  winsorizing the image intensities
  Shrink factors (level 1 out of 4): [8, 8, 8]
  Shrink factors (level 2 out of 4): [4, 4, 4]
  Shrink factors (level 3 out of 4): [2, 2, 2]
  Shrink factors (level 4 out of 4): [1, 1, 1]
  smoothing sigmas per level: [3, 2, 1, 0]
  regular sampling (percentage = 0.25)

*** Running Euler3DTransform registration ***

DIAGNOSTIC,Iteration,metricValue,convergenceValue,ITERATION_TIME_INDEX,SINCE_LAST
 2DIAGNOSTIC,     1, -4.299060189477e-01, 1.797693134862e+308, 7.5346e-01, 7.5346e-01, 
 2DIAGNOSTIC,     2, -4.311703807429e-01, 1.797693134862e+308, 7.5853e-01, 5.0628e-03, 
 2DIAGNOSTIC,     3, -4.334997061176e-01, 1.797693134862e+308, 7.6326e-01, 4.7319e-03, 
 2DIAGNOSTIC,     4, -4.389575130370e-01, 1.797693134862e+308, 7.6789e-01, 4.6329e-03, 
 2DIAGNOSTIC,     5, -4.438813134482e-01, 1.797693134862e+308, 7.7261e-01, 4.7128e-03, 
 2DIAGNOSTIC,     6, -4.461495460377e-01, 1.797693134862e+308, 7.7760e-01, 4.9930e-03, 
 2DIAGNOSTIC,     7, -4.511407144429e-01, 1.797693134862e+308, 7.8339e-01, 5.7881e-03, 
 2DIAGNOSTIC,     8, -4.667812032718e-01, 1.797693134862e+308, 7.8887e-01, 5.4841e-03, 
 2DIAGNOSTIC,     9, -4.753090114372e-01, 1.797693134862e+308, 7.9444e-01, 5.5699e-03, 
 2DIAGNOSTIC,    10, -4.802481719655e-01, 7.481707542057e-03, 8.0030e-01, 5.8560e-03, 
 2DIAGNOSTIC,    11, -4.821261368877e-01, 7.356704266140e-03, 8.0533e-01, 5.0302e-03, 
 2DIAGNOSTIC,    12, -4.837491005316e-01, 6.749992380102e-03, 8.1097e-01, 5.6469e-03, 
 2DIAGNOSTIC,    13, -5.028244927605e-01, 6.622215038713e-03, 8.1891e-01, 7.9401e-03, 
 2DIAGNOSTIC,    14, -5.042109134427e-01, 6.183615245761e-03, 8.2391e-01, 4.9930e-03, 
 2DIAGNOSTIC,    15, -5.066116081843e-01, 5.558135432340e-03, 8.2889e-01, 4.9801e-03, 
 2DIAGNOSTIC,    16, -5.083451635797e-01, 4.676295421098e-03, 8.3388e-01, 4.9899e-03, 
 2DIAGNOSTIC,    17, -5.184993492911e-01, 3.998770501275e-03, 8.4128e-01, 7.4069e-03, 
 2DIAGNOSTIC,    18, -5.256348855835e-01, 3.769024583892e-03, 8.4598e-01, 4.6959e-03, 
 2DIAGNOSTIC,    19, -5.260487275234e-01, 3.491513197880e-03, 8.5139e-01, 5.4071e-03, 
 2DIAGNOSTIC,    20, -5.292109524613e-01, 3.174906788805e-03, 8.5666e-01, 5.2781e-03, 
 2DIAGNOSTIC,    21, -5.301818307608e-01, 2.681600126186e-03, 8.6146e-01, 4.7960e-03, 
 2DIAGNOSTIC,    22, -5.312241482999e-01, 2.041189195372e-03, 8.6662e-01, 5.1620e-03, 
 2DIAGNOSTIC,    23, -5.321371492447e-01, 1.776979867423e-03, 8.7228e-01, 5.6620e-03, 
 2DIAGNOSTIC,    24, -5.330747278727e-01, 1.429098680380e-03, 8.7715e-01, 4.8640e-03, 
 2DIAGNOSTIC,    25, -5.340979478495e-01, 1.060388023454e-03, 8.8233e-01, 5.1780e-03, 
 2DIAGNOSTIC,    26, -5.353301954455e-01, 6.839353905991e-04, 8.8881e-01, 6.4881e-03, 
 2DIAGNOSTIC,    27, -5.359878023262e-01, 5.005588122765e-04, 8.9371e-01, 4.8912e-03, 
 2DIAGNOSTIC,    28, -5.363339058057e-01, 4.385719533405e-04, 8.9855e-01, 4.8392e-03, 
 2DIAGNOSTIC,    29, -5.373051045246e-01, 3.660306084700e-04, 9.0316e-01, 4.6160e-03, 
 2DIAGNOSTIC,    30, -5.398201283372e-01, 3.716001903758e-04, 9.0877e-01, 5.6109e-03, 
 2DIAGNOSTIC,    31, -5.446419031909e-01, 4.465233273909e-04, 9.1941e-01, 1.0639e-02, 
 2DIAGNOSTIC,    32, -5.446642018284e-01, 4.912546213490e-04, 9.2400e-01, 4.5919e-03, 
 2DIAGNOSTIC,    33, -5.447643652896e-01, 5.056339346007e-04, 9.2861e-01, 4.6070e-03, 
 2DIAGNOSTIC,    34, -5.449308451281e-01, 4.903972219958e-04, 9.3333e-01, 4.7250e-03, 
 2DIAGNOSTIC,    35, -5.452043726127e-01, 4.491429861781e-04, 9.3807e-01, 4.7400e-03, 
 2DIAGNOSTIC,    36, -5.456974066466e-01, 3.933027215642e-04, 9.4253e-01, 4.4551e-03, 
 2DIAGNOSTIC,    37, -5.462998778231e-01, 3.227870704869e-04, 9.4721e-01, 4.6809e-03, 
 2DIAGNOSTIC,    38, -5.470544168577e-01, 2.429370987367e-04, 9.5227e-01, 5.0621e-03, 
 2DIAGNOSTIC,    39, -5.483331442780e-01, 1.763410398815e-04, 9.5726e-01, 4.9920e-03, 
 2DIAGNOSTIC,    40, -5.485726405101e-01, 1.327725185296e-04, 9.6197e-01, 4.7100e-03, 
 2DIAGNOSTIC,    41, -5.488484475981e-01, 1.482815951805e-04, 9.6700e-01, 5.0290e-03, 
 2DIAGNOSTIC,    42, -5.491454110479e-01, 1.532251162678e-04, 9.7164e-01, 4.6380e-03, 
 2DIAGNOSTIC,    43, -5.502450532568e-01, 1.586635993129e-04, 9.7744e-01, 5.7960e-03, 
 2DIAGNOSTIC,    44, -5.634841251458e-01, 3.167358473741e-04, 9.8469e-01, 7.2510e-03, 
 2DIAGNOSTIC,    45, -5.666578779438e-01, 4.747144846311e-04, 9.9042e-01, 5.7361e-03, 
 2DIAGNOSTIC,    46, -5.686905526029e-01, 6.111968471590e-04, 9.9611e-01, 5.6849e-03, 
 2DIAGNOSTIC,    47, -5.691000530342e-01, 6.969446444104e-04, 1.0017e+00, 5.5571e-03, 
 2DIAGNOSTIC,    48, -5.694086018624e-01, 7.239724990478e-04, 1.0067e+00, 4.9958e-03, 
 2DIAGNOSTIC,    49, -5.696080366489e-01, 6.948019894045e-04, 1.0119e+00, 5.2371e-03, 
 2DIAGNOSTIC,    50, -5.701650095560e-01, 6.081784649029e-04, 1.0174e+00, 5.5201e-03, 
 2DIAGNOSTIC,    51, -5.707999475976e-01, 4.786062537596e-04, 1.0235e+00, 6.0420e-03, 
 2DIAGNOSTIC,    52, -5.707103573063e-01, 3.125187331317e-04, 1.0387e+00, 1.5212e-02, 
 2DIAGNOSTIC,    53, -5.707103547993e-01, 1.316248320863e-04, 1.0436e+00, 4.8862e-03, 
 2DIAGNOSTIC,    54, -5.707103929876e-01, 7.786613063655e-05, 1.0485e+00, 4.9720e-03, 
 2DIAGNOSTIC,    55, -5.707104575560e-01, 4.946070862645e-05, 1.0534e+00, 4.8480e-03, 
 2DIAGNOSTIC,    56, -5.707105667185e-01, 3.693079329329e-05, 1.0582e+00, 4.8380e-03, 
 2DIAGNOSTIC,    57, -5.707107512493e-01, 2.528948398912e-05, 1.0630e+00, 4.8280e-03, 
 2DIAGNOSTIC,    58, -5.707110631124e-01, 1.469227535579e-05, 1.0679e+00, 4.8308e-03, 
 2DIAGNOSTIC,    59, -5.707115901731e-01, 4.864618274279e-06, 1.0728e+00, 4.9059e-03, 
DIAGNOSTIC,Iteration,metricValue,convergenceValue,ITERATION_TIME_INDEX,SINCE_LAST
 2DIAGNOSTIC,     1, -4.564103860784e-01, 1.797693134862e+308, 1.8651e+00, 7.9229e-01, 
 2DIAGNOSTIC,     2, -4.567139308630e-01, 1.797693134862e+308, 1.8978e+00, 3.2702e-02, 
 2DIAGNOSTIC,     3, -4.571738125451e-01, 1.797693134862e+308, 1.9313e+00, 3.3541e-02, 
 2DIAGNOSTIC,     4, -4.578709333912e-01, 1.797693134862e+308, 1.9639e+00, 3.2564e-02, 
 2DIAGNOSTIC,     5, -4.595334939737e-01, 1.797693134862e+308, 1.9972e+00, 3.3301e-02, 
 2DIAGNOSTIC,     6, -4.666202612447e-01, 1.797693134862e+308, 2.0346e+00, 3.7379e-02, 
 2DIAGNOSTIC,     7, -4.698143505221e-01, 1.797693134862e+308, 2.0743e+00, 3.9744e-02, 
 2DIAGNOSTIC,     8, -4.704753604296e-01, 1.797693134862e+308, 2.1058e+00, 3.1508e-02, 
 2DIAGNOSTIC,     9, -4.740646284662e-01, 1.797693134862e+308, 2.1426e+00, 3.6768e-02, 
 2DIAGNOSTIC,    10, -4.794210352340e-01, 3.320547231988e-03, 2.1783e+00, 3.5672e-02, 
 2DIAGNOSTIC,    11, -4.805978414102e-01, 3.345826527948e-03, 2.2140e+00, 3.5769e-02, 
 2DIAGNOSTIC,    12, -4.814447427815e-01, 3.127076548271e-03, 2.2491e+00, 3.5121e-02, 
 2DIAGNOSTIC,    13, -4.816266860434e-01, 2.698600821249e-03, 2.2804e+00, 3.1224e-02, 
 2DIAGNOSTIC,    14, -4.818278587490e-01, 2.128624228210e-03, 2.3119e+00, 3.1546e-02, 
 2DIAGNOSTIC,    15, -4.827573228266e-01, 1.536775881922e-03, 2.3435e+00, 3.1625e-02, 
 2DIAGNOSTIC,    16, -4.859024355921e-01, 1.262047186857e-03, 2.3844e+00, 4.0882e-02, 
 2DIAGNOSTIC,    17, -4.886976649716e-01, 1.117020750574e-03, 2.4321e+00, 4.7702e-02, 
 2DIAGNOSTIC,    18, -4.887753257928e-01, 9.086779506038e-04, 2.4640e+00, 3.1907e-02, 
 2DIAGNOSTIC,    19, -4.892198315386e-01, 7.646822692594e-04, 2.4952e+00, 3.1163e-02, 
 2DIAGNOSTIC,    20, -4.894064186038e-01, 7.301307029428e-04, 2.5266e+00, 3.1374e-02, 
 2DIAGNOSTIC,    21, -4.896584943506e-01, 6.694347760215e-04, 2.5619e+00, 3.5343e-02, 
 2DIAGNOSTIC,    22, -4.898083477443e-01, 5.779553866551e-04, 2.5978e+00, 3.5937e-02, 
 2DIAGNOSTIC,    23, -4.903326071836e-01, 4.602222279127e-04, 2.6334e+00, 3.5601e-02, 
 2DIAGNOSTIC,    24, -4.907109861451e-01, 3.249461250456e-04, 2.6671e+00, 3.3655e-02, 
 2DIAGNOSTIC,    25, -4.908813347887e-01, 1.950837605213e-04, 2.7038e+00, 3.6683e-02, 
 2DIAGNOSTIC,    26, -4.909171239652e-01, 1.283490225876e-04, 2.7373e+00, 3.3484e-02, 
 2DIAGNOSTIC,    27, -4.909430865008e-01, 1.168993694155e-04, 2.7675e+00, 3.0221e-02, 
 2DIAGNOSTIC,    28, -4.909410882484e-01, 9.667449551070e-05, 2.7985e+00, 3.1001e-02, 
 2DIAGNOSTIC,    29, -4.909618623613e-01, 7.820668743491e-05, 2.8296e+00, 3.1140e-02, 
 2DIAGNOSTIC,    30, -4.910308147638e-01, 5.872687010061e-05, 2.8613e+00, 3.1665e-02, 
 2DIAGNOSTIC,    31, -4.911379990438e-01, 4.203055327754e-05, 2.8923e+00, 3.0964e-02, 
 2DIAGNOSTIC,    32, -4.913105412054e-01, 2.828634605590e-05, 2.9390e+00, 4.6774e-02, 
 2DIAGNOSTIC,    33, -4.913276056159e-01, 2.230233113623e-05, 2.9749e+00, 3.5872e-02, 
 2DIAGNOSTIC,    34, -4.913286246513e-01, 2.121949201497e-05, 3.0058e+00, 3.0856e-02, 
 2DIAGNOSTIC,    35, -4.913408248173e-01, 2.136243233146e-05, 3.0364e+00, 3.0651e-02, 
 2DIAGNOSTIC,    36, -4.913839685446e-01, 2.079521935599e-05, 3.0679e+00, 3.1507e-02, 
 2DIAGNOSTIC,    37, -4.913870392703e-01, 1.878126125492e-05, 3.0984e+00, 3.0467e-02, 
 2DIAGNOSTIC,    38, -4.914843434827e-01, 1.667389969862e-05, 3.1311e+00, 3.2718e-02, 
 2DIAGNOSTIC,    39, -4.917495009684e-01, 1.748482670830e-05, 3.1735e+00, 4.2394e-02, 
 2DIAGNOSTIC,    40, -4.922503415427e-01, 2.493895164657e-05, 3.2085e+00, 3.4965e-02, 
 2DIAGNOSTIC,    41, -4.927151279793e-01, 3.770931598015e-05, 3.2835e+00, 7.5054e-02, 
 2DIAGNOSTIC,    42, -4.927183785608e-01, 4.874377252915e-05, 3.3327e+00, 4.9231e-02, 
 2DIAGNOSTIC,    43, -4.927148645623e-01, 5.502109871383e-05, 3.3719e+00, 3.9171e-02, 
 2DIAGNOSTIC,    44, -4.927181447704e-01, 5.589606537630e-05, 3.4047e+00, 3.2767e-02, 
 2DIAGNOSTIC,    45, -4.927158041618e-01, 5.144456096028e-05, 3.4366e+00, 3.1877e-02, 
 2DIAGNOSTIC,    46, -4.927168560870e-01, 4.284739716583e-05, 3.4740e+00, 3.7400e-02, 
 2DIAGNOSTIC,    47, -4.927311368774e-01, 3.089045062439e-05, 3.5102e+00, 3.6282e-02, 
 2DIAGNOSTIC,    48, -4.927617121735e-01, 1.817947782203e-05, 3.5541e+00, 4.3807e-02, 
 2DIAGNOSTIC,    49, -4.927650856015e-01, 7.419229930510e-06, 3.5937e+00, 3.9672e-02, 
 2DIAGNOSTIC,    50, -4.927449320048e-01, 1.932804750214e-06, 3.6288e+00, 3.5043e-02, 
 2DIAGNOSTIC,    51, -4.927548709097e-01, 2.006508059826e-06, 3.6676e+00, 3.8878e-02, 
 2DIAGNOSTIC,    52, -4.927662572052e-01, 2.102303604964e-06, 3.7067e+00, 3.9045e-02, 
 2DIAGNOSTIC,    53, -4.927572790831e-01, 1.900826385209e-06, 3.7413e+00, 3.4632e-02, 
 2DIAGNOSTIC,    54, -4.927568254187e-01, 1.621985323566e-06, 3.7762e+00, 3.4904e-02, 
 2DIAGNOSTIC,    55, -4.927604746955e-01, 1.279891823820e-06, 3.8146e+00, 3.8394e-02, 
 2DIAGNOSTIC,    56, -4.927785225430e-01, 1.079232726148e-06, 3.8530e+00, 3.8423e-02, 
 2DIAGNOSTIC,    57, -4.927994855435e-01, 1.180159939388e-06, 3.8879e+00, 3.4881e-02, 
 2DIAGNOSTIC,    58, -4.928006592581e-01, 1.534706661917e-06, 3.9227e+00, 3.4735e-02, 
 2DIAGNOSTIC,    59, -4.928247438018e-01, 2.069179400779e-06, 3.9686e+00, 4.5929e-02, 
 2DIAGNOSTIC,    60, -4.928039301430e-01, 2.032736584681e-06, 4.0037e+00, 3.5116e-02, 
 2DIAGNOSTIC,    61, -4.927986420161e-01, 1.898840801672e-06, 4.0379e+00, 3.4163e-02, 
 2DIAGNOSTIC,    62, -4.927937208667e-01, 1.700072334413e-06, 4.0684e+00, 3.0544e-02, 
 2DIAGNOSTIC,    63, -4.927906273370e-01, 1.281243187774e-06, 4.1020e+00, 3.3585e-02, 
DIAGNOSTIC,Iteration,metricValue,convergenceValue,ITERATION_TIME_INDEX,SINCE_LAST
 2DIAGNOSTIC,     1, -4.341533128916e-01, 1.797693134862e+308, 5.2810e+00, 1.1790e+00, 
 2DIAGNOSTIC,     2, -4.343184786889e-01, 1.797693134862e+308, 5.5392e+00, 2.5823e-01, 
 2DIAGNOSTIC,     3, -4.344724186224e-01, 1.797693134862e+308, 5.8328e+00, 2.9359e-01, 
 2DIAGNOSTIC,     4, -4.345689797214e-01, 1.797693134862e+308, 6.0973e+00, 2.6454e-01, 
 2DIAGNOSTIC,     5, -4.347080976160e-01, 1.797693134862e+308, 6.4849e+00, 3.8756e-01, 
 2DIAGNOSTIC,     6, -4.347992321492e-01, 1.797693134862e+308, 6.7633e+00, 2.7843e-01, 
 2DIAGNOSTIC,     7, -4.348076873558e-01, 1.797693134862e+308, 7.0328e+00, 2.6946e-01, 
 2DIAGNOSTIC,     8, -4.348349479031e-01, 1.797693134862e+308, 7.3443e+00, 3.1153e-01, 
 2DIAGNOSTIC,     9, -4.348766713072e-01, 1.797693134862e+308, 7.6575e+00, 3.1321e-01, 
 2DIAGNOSTIC,    10, -4.349064412614e-01, 1.092289687056e-04, 7.9218e+00, 2.6427e-01, 
 2DIAGNOSTIC,    11, -4.349060712094e-01, 7.680253688430e-05, 8.1873e+00, 2.6550e-01, 
 2DIAGNOSTIC,    12, -4.349117457958e-01, 5.243642211265e-05, 8.4754e+00, 2.8809e-01, 
 2DIAGNOSTIC,    13, -4.349140421825e-01, 3.518651798293e-05, 8.8918e+00, 4.1644e-01, 
 2DIAGNOSTIC,    14, -4.349135785879e-01, 2.174449078227e-05, 9.2098e+00, 3.1803e-01, 
 2DIAGNOSTIC,    15, -4.349115903702e-01, 1.418161334531e-05, 9.5111e+00, 3.0129e-01, 
 2DIAGNOSTIC,    16, -4.349105099550e-01, 1.016782532626e-05, 9.8040e+00, 2.9290e-01, 
 2DIAGNOSTIC,    17, -4.349095640013e-01, 6.166207973689e-06, 1.0110e+01, 3.0600e-01, 
 2DIAGNOSTIC,    18, -4.349100076380e-01, 3.185372277247e-06, 1.0430e+01, 3.2027e-01, 
 2DIAGNOSTIC,    19, -4.349079306034e-01, 1.723552948182e-06, 1.0721e+01, 2.9089e-01, 
 2DIAGNOSTIC,    20, -4.349083877809e-01, 1.398090067307e-06, 1.1031e+01, 3.0941e-01, 
 2DIAGNOSTIC,    21, -4.349087722208e-01, 1.117559195039e-06, 1.1338e+01, 3.0718e-01, 
 2DIAGNOSTIC,    22, -4.349082192152e-01, 1.048129452702e-06, 1.1636e+01, 2.9853e-01, 
 2DIAGNOSTIC,    23, -4.349084451246e-01, 1.093775584507e-06, 1.1919e+01, 2.8316e-01, 
 2DIAGNOSTIC,    24, -4.349078737662e-01, 1.136032014751e-06, 1.2211e+01, 2.9127e-01, 
 2DIAGNOSTIC,    25, -4.349072860668e-01, 1.126300652111e-06, 1.2501e+01, 2.9010e-01, 
 2DIAGNOSTIC,    26, -4.349058931099e-01, 1.069060928463e-06, 1.2807e+01, 3.0613e-01, 
DIAGNOSTIC,Iteration,metricValue,convergenceValue,ITERATION_TIME_INDEX,SINCE_LAST
 2DIAGNOSTIC,     1, -4.014883256954e-01, 1.797693134862e+308, 1.5417e+01, 2.6100e+00, 
 2DIAGNOSTIC,     2, -4.016068461571e-01, 1.797693134862e+308, 1.7199e+01, 1.7815e+00, 
 2DIAGNOSTIC,     3, -4.016853969782e-01, 1.797693134862e+308, 1.9001e+01, 1.8026e+00, 
 2DIAGNOSTIC,     4, -4.016928825241e-01, 1.797693134862e+308, 2.0404e+01, 1.4031e+00, 
 2DIAGNOSTIC,     5, -4.017123252553e-01, 1.797693134862e+308, 2.2114e+01, 1.7093e+00, 
 2DIAGNOSTIC,     6, -4.017476361164e-01, 1.797693134862e+308, 2.4259e+01, 2.1453e+00, 
 2DIAGNOSTIC,     7, -4.017713523351e-01, 1.797693134862e+308, 2.5759e+01, 1.5005e+00, 
 2DIAGNOSTIC,     8, -4.017883082814e-01, 1.797693134862e+308, 2.7329e+01, 1.5699e+00, 
 2DIAGNOSTIC,     9, -4.018133076609e-01, 1.797693134862e+308, 2.9172e+01, 1.8426e+00, 
 2DIAGNOSTIC,    10, -4.018271103442e-01, 4.802681070305e-05, 3.0965e+01, 1.7927e+00, 
 2DIAGNOSTIC,    11, -4.018368446026e-01, 3.361860221684e-05, 3.2719e+01, 1.7549e+00, 
 2DIAGNOSTIC,    12, -4.018381685105e-01, 2.579626446943e-05, 3.4481e+01, 1.7618e+00, 
 2DIAGNOSTIC,    13, -4.018432138728e-01, 2.166054254746e-05, 3.7322e+01, 2.8407e+00, 
 2DIAGNOSTIC,    14, -4.018447583357e-01, 1.681426619400e-05, 3.9185e+01, 1.8630e+00, 
 2DIAGNOSTIC,    15, -4.018448531346e-01, 1.217160246504e-05, 4.1089e+01, 1.9043e+00, 
 2DIAGNOSTIC,    16, -4.018450672148e-01, 8.749987184906e-06, 4.2954e+01, 1.8647e+00, 
 2DIAGNOSTIC,    17, -4.018447739156e-01, 6.082477521485e-06, 4.4952e+01, 1.9975e+00, 
 2DIAGNOSTIC,    18, -4.018446285874e-01, 3.964384358679e-06, 4.6767e+01, 1.8154e+00, 
 2DIAGNOSTIC,    19, -4.018445601772e-01, 2.782816840706e-06, 4.8310e+01, 1.5426e+00, 
 2DIAGNOSTIC,    20, -4.018445031365e-01, 2.095755868986e-06, 5.0077e+01, 1.7670e+00, 
 2DIAGNOSTIC,    21, -4.018448073394e-01, 1.766706382147e-06, 5.1905e+01, 1.8279e+00, 
 2DIAGNOSTIC,    22, -4.018447445606e-01, 1.480431660393e-06, 5.3355e+01, 1.4501e+00, 
 2DIAGNOSTIC,    23, -4.018446923844e-01, 1.368446531667e-06, 5.5047e+01, 1.6919e+00, 
 2DIAGNOSTIC,    24, -4.018447905789e-01, 1.315675233288e-06, 5.6969e+01, 1.9223e+00, 
 2DIAGNOSTIC,    25, -4.018446223942e-01, 1.265516643811e-06, 5.8524e+01, 1.5550e+00, 
 2DIAGNOSTIC,    26, -4.018444574922e-01, 1.221381402156e-06, 6.0253e+01, 1.7287e+00, 
 2DIAGNOSTIC,    27, -4.018444645204e-01, 1.173404860694e-06, 6.2097e+01, 1.8448e+00, 
 2DIAGNOSTIC,    28, -4.018443818214e-01, 1.123607775828e-06, 6.3568e+01, 1.4703e+00, 
 2DIAGNOSTIC,    29, -4.018443886623e-01, 1.077011493905e-06, 6.4969e+01, 1.4014e+00, 
 2DIAGNOSTIC,    30, -4.018442258240e-01, 1.030033355741e-06, 6.6685e+01, 1.7162e+00, 
  Elapsed time (stage 0): 6.7620e+01


Total elapsed time: 6.7623e+01
Info [verificarlo]: loaded backend libinterflop_vprec.so
Info [interflop-vprec]: load backend with: 
Info [interflop-vprec]: precision-binary32 = 18
Info [interflop-vprec]: range-binary32 = 8
Info [interflop-vprec]: precision-binary64 = 18
Info [interflop-vprec]: range-binary64 = 8
Info [interflop-vprec]: mode = ob
Info [interflop-vprec]: error-mode = rel
Info [interflop-vprec]: max-abs-error-exponent = -1022
Info [interflop-vprec]: daz = false
Info [interflop-vprec]: ftz = false
Info [interflop-vprec]: 	instrument = none
Info [interflop-vprec]: 	prec-input-file = (null)
Info [interflop-vprec]: 	prec-output-file = (null)
Info [interflop-vprec]: 	prec-log-file = (null)
All_Command_lines_OK
Using double precision for computations.
=============================================================================
The composite transform comprises the following transforms (in order): 
  1. /home/mdugre/scratch/mri-registration-rp/datasets/ds004513/derivatives/mri-registration-rp/0011/antsRegistration-r8-p18/sub-s037/rigid_Composite.h5[0] (type = Euler3DTransform)
  2. /home/mdugre/scratch/mri-registration-rp/datasets/ds004513/derivatives/mri-registration-rp/0011/antsRegistration-r8-p18/sub-s037/rigid_Composite.h5[1] (type = Euler3DTransform)
  3. /home/mdugre/scratch/mri-registration-rp/datasets/ds004513/derivatives/mri-registration-rp/0011/antsRegistration-r8-p18/sub-s037/rigid_Composite.h5[2] (type = Euler3DTransform)
=============================================================================
  number of levels = 4
  fixed image: /templateflow/tpl-MNI152NLin2009cAsym/tpl-MNI152NLin2009cAsym_res-01_desc-brain_T1w.nii.gz
  moving image: /home/mdugre/scratch/mri-registration-rp/datasets/ds004513/derivatives/mri-registration-rp/antsBrainExtraction/sub-s037/BrainExtractionBrain.nii.gz
Dimension = 3
Number of stages = 1
Use histogram matching = false
Winsorize image intensities = true
  Lower quantile = 0.005
  Upper quantile = 0.995


Stage 1 State
   Image metric = MattesMI
     Fixed image = Image (0x3608490)
  RTTI typeinfo:   itk::Image<double, 3u>
  Reference Count: 2
  Modified Time: 1592
  Debug: Off
  Object Name: 
  Observers: 
    none
  Source: (none)
  Source output name: (none)
  Release Data: Off
  Data Released: False
  Global Release Data: Off
  PipelineMTime: 0
  UpdateMTime: 1203
  RealTimeStamp: 0 seconds 
  LargestPossibleRegion: 
    Dimension: 3
    Index: [0, 0, 0]
    Size: [193, 229, 193]
  BufferedRegion: 
    Dimension: 3
    Index: [0, 0, 0]
    Size: [193, 229, 193]
  RequestedRegion: 
    Dimension: 3
    Index: [0, 0, 0]
    Size: [193, 229, 193]
  Spacing: [1, 1, 1]
  Origin: [96, 132, -78]
  Direction: 
-1 0 0
0 -1 0
0 0 1

  IndexToPointMatrix: 
-1 0 0
0 -1 0
0 0 1

  PointToIndexMatrix: 
-1 0 0
0 -1 0
0 0 1

  Inverse Direction: 
-1 0 0
0 -1 0
0 0 1

  PixelContainer: 
    ImportImageContainer (0x36d38c0)
      RTTI typeinfo:   itk::ImportImageContainer<unsigned long, double>
      Reference Count: 1
      Modified Time: 1200
      Debug: Off
      Object Name: 
      Observers: 
        none
      Pointer: 0x148ccdcd5010
      Container manages memory: true
      Size: 8530021
      Capacity: 8530021

     Moving image = Image (0x36c3b60)
  RTTI typeinfo:   itk::Image<double, 3u>
  Reference Count: 2
  Modified Time: 1593
  Debug: Off
  Object Name: 
  Observers: 
    none
  Source: (none)
  Source output name: (none)
  Release Data: Off
  Data Released: False
  Global Release Data: Off
  PipelineMTime: 0
  UpdateMTime: 1590
  RealTimeStamp: 0 seconds 
  LargestPossibleRegion: 
    Dimension: 3
    Index: [0, 0, 0]
    Size: [160, 240, 256]
  BufferedRegion: 
    Dimension: 3
    Index: [0, 0, 0]
    Size: [160, 240, 256]
  RequestedRegion: 
    Dimension: 3
    Index: [0, 0, 0]
    Size: [160, 240, 256]
  Spacing: [1, 1, 1]
  Origin: [87.9507, 102.562, -147.639]
  Direction: 
-0.998659 -0.043612 -0.0279129
0.0435951 -0.999048 0.00121847
-0.0279395 -2.65543e-08 0.999609

  IndexToPointMatrix: 
-0.998659 -0.043612 -0.0279129
0.0435951 -0.999048 0.00121847
-0.0279395 -2.65543e-08 0.999609

  PointToIndexMatrix: 
-0.998657 0.0435951 -0.0279395
-0.043612 -0.99905 4.76837e-07
-0.0279129 0.00121927 0.999609

  Inverse Direction: 
-0.998657 0.0435951 -0.0279395
-0.043612 -0.99905 4.76837e-07
-0.0279129 0.00121927 0.999609

  PixelContainer: 
    ImportImageContainer (0x37571d0)
      RTTI typeinfo:   itk::ImportImageContainer<unsigned long, double>
      Reference Count: 1
      Modified Time: 1587
      Debug: Off
      Object Name: 
      Observers: 
        none
      Pointer: 0x148cc91d4010
      Container manages memory: true
      Size: 9830400
      Capacity: 9830400

     Weighting = 1
     Sampling strategy = regular
     Number of bins = 32
     Radius = 4
     Sampling percentage  = 0.25
   Transform = Affine
     Gradient step = 0.1
     Update field sigma (voxel space) = 0
     Total field sigma (voxel space) = 0
     Update field time sigma = 0
     Total field time sigma  = 0
     Number of time indices = 0
     Number of time point samples = 0
Registration using 1 total stages.

Stage 0
  iterations = 1000x500x250x100
  convergence threshold = 1e-06
  convergence window size = 10
  number of levels = 4
  using the Mattes MI metric (number of bins = 32, weight = 1, use gradient filter = 0)
  preprocessing:  winsorizing the image intensities
  Shrink factors (level 1 out of 4): [8, 8, 8]
  Shrink factors (level 2 out of 4): [4, 4, 4]
  Shrink factors (level 3 out of 4): [2, 2, 2]
  Shrink factors (level 4 out of 4): [1, 1, 1]
  smoothing sigmas per level: [3, 2, 1, 0]
  regular sampling (percentage = 0.25)

*** Running AffineTransform registration ***

DIAGNOSTIC,Iteration,metricValue,convergenceValue,ITERATION_TIME_INDEX,SINCE_LAST
 2DIAGNOSTIC,     1, -5.857540766984e-01, 1.797693134862e+308, 0.0000e+00, 0.0000e+00, 
 2DIAGNOSTIC,     2, -5.871011174067e-01, 1.797693134862e+308, 0.0000e+00, 0.0000e+00, 
 2DIAGNOSTIC,     3, -5.893243077981e-01, 1.797693134862e+308, 0.0000e+00, 0.0000e+00, 
 2DIAGNOSTIC,     4, -5.937728297383e-01, 1.797693134862e+308, 0.0000e+00, 0.0000e+00, 
 2DIAGNOSTIC,     5, -6.027924928627e-01, 1.797693134862e+308, 0.0000e+00, 0.0000e+00, 
 2DIAGNOSTIC,     6, -6.140747202112e-01, 1.797693134862e+308, 0.0000e+00, 0.0000e+00, 
 2DIAGNOSTIC,     7, -6.355380684676e-01, 1.797693134862e+308, 0.0000e+00, 0.0000e+00, 
 2DIAGNOSTIC,     8, -6.662716620519e-01, 1.797693134862e+308, 0.0000e+00, 0.0000e+00, 
 2DIAGNOSTIC,     9, -6.959318660191e-01, 1.797693134862e+308, 0.0000e+00, 0.0000e+00, 
 2DIAGNOSTIC,    10, -7.026901196373e-01, 1.302373873552e-02, 0.0000e+00, 0.0000e+00, 
 2DIAGNOSTIC,    11, -7.031000383286e-01, 1.303721410542e-02, 0.0000e+00, 0.0000e+00, 
 2DIAGNOSTIC,    12, -7.029478734710e-01, 1.194076441105e-02, 0.0000e+00, 0.0000e+00, 
 2DIAGNOSTIC,    13, -7.038753638104e-01, 1.004969967021e-02, 0.0000e+00, 0.0000e+00, 
 2DIAGNOSTIC,    14, -7.052186047226e-01, 7.711348695762e-03, 0.0000e+00, 0.0000e+00, 
 2DIAGNOSTIC,    15, -7.076195495472e-01, 5.345334856754e-03, 0.0000e+00, 0.0000e+00, 
 2DIAGNOSTIC,    16, -7.114272916933e-01, 3.222416498073e-03, 0.0000e+00, 0.0000e+00, 
 2DIAGNOSTIC,    17, -7.159966343679e-01, 1.720498945730e-03, 0.0000e+00, 0.0000e+00, 
 2DIAGNOSTIC,    18, -7.183932849193e-01, 1.009425531922e-03, 0.0000e+00, 0.0000e+00, 
 2DIAGNOSTIC,    19, -7.184272895567e-01, 9.486995007851e-04, 0.0000e+00, 0.0000e+00, 
 2DIAGNOSTIC,    20, -7.185060646156e-01, 9.530182477027e-04, 0.0000e+00, 0.0000e+00, 
 2DIAGNOSTIC,    21, -7.185070027339e-01, 8.765500760533e-04, 0.0000e+00, 0.0000e+00, 
 2DIAGNOSTIC,    22, -7.187111391846e-01, 7.257069688704e-04, 0.0000e+00, 0.0000e+00, 
 2DIAGNOSTIC,    23, -7.188225220865e-01, 5.400871003833e-04, 0.0000e+00, 0.0000e+00, 
 2DIAGNOSTIC,    24, -7.190614558875e-01, 3.489065572430e-04, 0.0000e+00, 0.0000e+00, 
 2DIAGNOSTIC,    25, -7.192978773860e-01, 1.852204020280e-04, 0.0000e+00, 0.0000e+00, 
 2DIAGNOSTIC,    26, -7.198980860285e-01, 8.671124344091e-05, 0.0000e+00, 0.0000e+00, 
 2DIAGNOSTIC,    27, -7.215759768971e-01, 8.303949492611e-05, 0.0000e+00, 0.0000e+00, 
 2DIAGNOSTIC,    28, -7.234819291677e-01, 1.352309681782e-04, 0.0000e+00, 0.0000e+00, 
 2DIAGNOSTIC,    29, -7.294273205322e-01, 2.560567547604e-04, 0.0000e+00, 0.0000e+00, 
 2DIAGNOSTIC,    30, -7.551604379788e-01, 6.978641248300e-04, 0.0000e+00, 0.0000e+00, 
 2DIAGNOSTIC,    31, -7.585116055055e-01, 1.078451318897e-03, 0.0000e+00, 0.0000e+00, 
 2DIAGNOSTIC,    32, -7.624248837413e-01, 1.387351399182e-03, 0.0000e+00, 0.0000e+00, 
 2DIAGNOSTIC,    33, -7.634464220880e-01, 1.562221843723e-03, 0.0000e+00, 0.0000e+00, 
 2DIAGNOSTIC,    34, -7.669150453394e-01, 1.621058419876e-03, 0.0000e+00, 0.0000e+00, 
 2DIAGNOSTIC,    35, -7.694265967691e-01, 1.549179657227e-03, 0.0000e+00, 0.0000e+00, 
 2DIAGNOSTIC,    36, -7.715141607702e-01, 1.363820992390e-03, 0.0000e+00, 0.0000e+00, 
 2DIAGNOSTIC,    37, -7.757358920033e-01, 1.128627017849e-03, 0.0000e+00, 0.0000e+00, 
 2DIAGNOSTIC,    38, -7.806968281713e-01, 8.737131754921e-04, 0.0000e+00, 0.0000e+00, 
 2DIAGNOSTIC,    39, -7.807172867904e-01, 6.039646408634e-04, 0.0000e+00, 0.0000e+00, 
 2DIAGNOSTIC,    40, -7.807448331165e-01, 5.504514178808e-04, 0.0000e+00, 0.0000e+00, 
 2DIAGNOSTIC,    41, -7.809062056800e-01, 4.815491008301e-04, 0.0000e+00, 0.0000e+00, 
 2DIAGNOSTIC,    42, -7.808652592534e-01, 4.068114774712e-04, 0.0000e+00, 0.0000e+00, 
 2DIAGNOSTIC,    43, -7.807224418181e-01, 3.041052536569e-04, 0.0000e+00, 0.0000e+00, 
 2DIAGNOSTIC,    44, -7.807077957913e-01, 2.088555486340e-04, 0.0000e+00, 0.0000e+00, 
 2DIAGNOSTIC,    45, -7.805615768673e-01, 1.198205041862e-04, 0.0000e+00, 0.0000e+00, 
 2DIAGNOSTIC,    46, -7.805820746608e-01, 4.123798780889e-05, 0.0000e+00, 0.0000e+00, 
DIAGNOSTIC,Iteration,metricValue,convergenceValue,ITERATION_TIME_INDEX,SINCE_LAST
 2DIAGNOSTIC,     1, -6.337523934250e-01, 1.797693134862e+308, 0.0000e+00, 0.0000e+00, 
 2DIAGNOSTIC,     2, -6.344171424544e-01, 1.797693134862e+308, 0.0000e+00, 0.0000e+00, 
 2DIAGNOSTIC,     3, -6.352242783457e-01, 1.797693134862e+308, 0.0000e+00, 0.0000e+00, 
 2DIAGNOSTIC,     4, -6.360683339107e-01, 1.797693134862e+308, 0.0000e+00, 0.0000e+00, 
 2DIAGNOSTIC,     5, -6.369703821567e-01, 1.797693134862e+308, 0.0000e+00, 0.0000e+00, 
 2DIAGNOSTIC,     6, -6.384615340411e-01, 1.797693134862e+308, 0.0000e+00, 0.0000e+00, 
 2DIAGNOSTIC,     7, -6.408231026820e-01, 1.797693134862e+308, 0.0000e+00, 0.0000e+00, 
 2DIAGNOSTIC,     8, -6.438715925408e-01, 1.797693134862e+308, 0.0000e+00, 0.0000e+00, 
 2DIAGNOSTIC,     9, -6.448371181141e-01, 1.797693134862e+308, 0.0000e+00, 0.0000e+00, 
 2DIAGNOSTIC,    10, -6.453830028464e-01, 1.305094663431e-03, 0.0000e+00, 0.0000e+00, 
 2DIAGNOSTIC,    11, -6.469552065103e-01, 1.262259973073e-03, 0.0000e+00, 0.0000e+00, 
 2DIAGNOSTIC,    12, -6.470980844129e-01, 1.140797883082e-03, 0.0000e+00, 0.0000e+00, 
 2DIAGNOSTIC,    13, -6.474273162657e-01, 9.732562086999e-04, 0.0000e+00, 0.0000e+00, 
 2DIAGNOSTIC,    14, -6.481047485352e-01, 7.904575086309e-04, 0.0000e+00, 0.0000e+00, 
 2DIAGNOSTIC,    15, -6.482216669341e-01, 5.905428455123e-04, 0.0000e+00, 0.0000e+00, 
 2DIAGNOSTIC,    16, -6.482776158579e-01, 4.037676414373e-04, 0.0000e+00, 0.0000e+00, 
 2DIAGNOSTIC,    17, -6.486963836478e-01, 2.728095752390e-04, 0.0000e+00, 0.0000e+00, 
 2DIAGNOSTIC,    18, -6.487037401568e-01, 2.062276634244e-04, 0.0000e+00, 0.0000e+00, 
 2DIAGNOSTIC,    19, -6.487101003096e-01, 1.503356846069e-04, 0.0000e+00, 0.0000e+00, 
 2DIAGNOSTIC,    20, -6.487166126460e-01, 9.767223199022e-05, 0.0000e+00, 0.0000e+00, 
 2DIAGNOSTIC,    21, -6.486963223900e-01, 7.390777960480e-05, 0.0000e+00, 0.0000e+00, 
 2DIAGNOSTIC,    22, -6.486869867863e-01, 4.812268192948e-05, 0.0000e+00, 0.0000e+00, 
 2DIAGNOSTIC,    23, -6.486882780599e-01, 2.621045843854e-05, 0.0000e+00, 0.0000e+00, 
 2DIAGNOSTIC,    24, -6.486893186649e-01, 1.634229675439e-05, 0.0000e+00, 0.0000e+00, 
 2DIAGNOSTIC,    25, -6.486903078377e-01, 7.996995709393e-06, 0.0000e+00, 0.0000e+00, 
DIAGNOSTIC,Iteration,metricValue,convergenceValue,ITERATION_TIME_INDEX,SINCE_LAST
 2DIAGNOSTIC,     1, -5.470832613758e-01, 1.797693134862e+308, 0.0000e+00, 0.0000e+00, 
 2DIAGNOSTIC,     2, -5.472344863451e-01, 1.797693134862e+308, 0.0000e+00, 0.0000e+00, 
 2DIAGNOSTIC,     3, -5.473896576058e-01, 1.797693134862e+308, 0.0000e+00, 0.0000e+00, 
 2DIAGNOSTIC,     4, -5.474796231117e-01, 1.797693134862e+308, 0.0000e+00, 0.0000e+00, 
 2DIAGNOSTIC,     5, -5.474892439966e-01, 1.797693134862e+308, 0.0000e+00, 0.0000e+00, 
 2DIAGNOSTIC,     6, -5.474832688596e-01, 1.797693134862e+308, 0.0000e+00, 0.0000e+00, 
 2DIAGNOSTIC,     7, -5.474868652956e-01, 1.797693134862e+308, 0.0000e+00, 0.0000e+00, 
 2DIAGNOSTIC,     8, -5.474867146634e-01, 1.797693134862e+308, 0.0000e+00, 0.0000e+00, 
