
##########################
# Experiment information #
##########################

EXPERIMENT_NAME: antsRegistration-r7-p15
VFC_BACKENDS: libinterflop_vprec.so --range-binary32=7 --precision-binary32=15 --range-binary64=7 --precision-binary64=15

SIF_IMG: /home/mdugre/projects/rrg-glatard/mdugre/containers/ants-vprec-no_metrics.simg

SUBJECT_ID: s035
INPUT_IMG: /home/mdugre/scratch/mri-registration-rp/datasets/ds004513/derivatives/mri-registration-rp/antsBrainExtraction/sub-s035/BrainExtractionBrain.nii.gz
OUTPUT_DIR: /home/mdugre/scratch/mri-registration-rp/datasets/ds004513/derivatives/mri-registration-rp/0011/antsRegistration-r7-p15/sub-s035

FIXED_IMG: /templateflow/tpl-MNI152NLin2009cAsym/tpl-MNI152NLin2009cAsym_res-01_desc-brain_T1w.nii.gz
DATA_DIR: /home/mdugre/scratch/mri-registration-rp/datasets/ds004513
TEMPLATEFLOW_DIR: /home/mdugre/projects/rrg-glatard/mdugre/templateflow
ITK_GLOBAL_DEFAULT_NUMBER_OF_THREADS: 16
##########################

Info [verificarlo]: loaded backend libinterflop_ieee.so
Info [interflop-ieee]: load backend with:
Info [interflop-ieee]: debug = false
Info [interflop-ieee]: debug-binary = false
Info [interflop-ieee]: no-backend-name = false
Info [interflop-ieee]: print-new-line = false
Info [interflop-ieee]: print-subnormal-normalized = false
Info [interflop-ieee]: count-op = false
All_Command_lines_OK
Using double precision for computations.
=============================================================================
The composite transform comprises the following transforms (in order): 
  1. Center of mass alignment using fixed image: /templateflow/tpl-MNI152NLin2009cAsym/tpl-MNI152NLin2009cAsym_res-01_desc-brain_T1w.nii.gz and moving image: /home/mdugre/scratch/mri-registration-rp/datasets/ds004513/derivatives/mri-registration-rp/antsBrainExtraction/sub-s035/BrainExtractionBrain.nii.gz (type = Euler3DTransform)
=============================================================================
  number of levels = 1
  fixed image: /templateflow/tpl-MNI152NLin2009cAsym/tpl-MNI152NLin2009cAsym_res-01_desc-brain_T1w.nii.gz
  moving image: /home/mdugre/scratch/mri-registration-rp/datasets/ds004513/derivatives/mri-registration-rp/antsBrainExtraction/sub-s035/BrainExtractionBrain.nii.gz
Dimension = 3
Number of stages = 1
Use histogram matching = false
Winsorize image intensities = true
  Lower quantile = 0.005
  Upper quantile = 0.995


Stage 1 State
   Image metric = MattesMI
     Fixed image = Image (0x3c1be70)
  RTTI typeinfo:   itk::Image<double, 3u>
  Reference Count: 2
  Modified Time: 2330
  Debug: Off
  Object Name: 
  Observers: 
    none
  Source: (none)
  Source output name: (none)
  Release Data: Off
  Data Released: False
  Global Release Data: Off
  PipelineMTime: 0
  UpdateMTime: 1941
  RealTimeStamp: 0 seconds 
  LargestPossibleRegion: 
    Dimension: 3
    Index: [0, 0, 0]
    Size: [193, 229, 193]
  BufferedRegion: 
    Dimension: 3
    Index: [0, 0, 0]
    Size: [193, 229, 193]
  RequestedRegion: 
    Dimension: 3
    Index: [0, 0, 0]
    Size: [193, 229, 193]
  Spacing: [1, 1, 1]
  Origin: [96, 132, -78]
  Direction: 
-1 0 0
0 -1 0
0 0 1

  IndexToPointMatrix: 
-1 0 0
0 -1 0
0 0 1

  PointToIndexMatrix: 
-1 0 0
0 -1 0
0 0 1

  Inverse Direction: 
-1 0 0
0 -1 0
0 0 1

  PixelContainer: 
    ImportImageContainer (0x3c24c60)
      RTTI typeinfo:   itk::ImportImageContainer<unsigned long, double>
      Reference Count: 1
      Modified Time: 1938
      Debug: Off
      Object Name: 
      Observers: 
        none
      Pointer: 0x152b6adba010
      Container manages memory: true
      Size: 8530021
      Capacity: 8530021

     Moving image = Image (0x3cb8ec0)
  RTTI typeinfo:   itk::Image<double, 3u>
  Reference Count: 2
  Modified Time: 2331
  Debug: Off
  Object Name: 
  Observers: 
    none
  Source: (none)
  Source output name: (none)
  Release Data: Off
  Data Released: False
  Global Release Data: Off
  PipelineMTime: 0
  UpdateMTime: 2328
  RealTimeStamp: 0 seconds 
  LargestPossibleRegion: 
    Dimension: 3
    Index: [0, 0, 0]
    Size: [160, 240, 256]
  BufferedRegion: 
    Dimension: 3
    Index: [0, 0, 0]
    Size: [160, 240, 256]
  RequestedRegion: 
    Dimension: 3
    Index: [0, 0, 0]
    Size: [160, 240, 256]
  Spacing: [1, 1, 1]
  Origin: [98.6438, 87.6358, -117.989]
  Direction: 
-0.993515 -0.100993 -0.0522355
0.100854 -0.994887 0.00530255
-0.0525039 1.93537e-08 0.998621

  IndexToPointMatrix: 
-0.993515 -0.100993 -0.0522355
0.100854 -0.994887 0.00530255
-0.0525039 1.93537e-08 0.998621

  PointToIndexMatrix: 
-0.993515 0.100854 -0.0525039
-0.100993 -0.994887 1.93006e-08
-0.0522355 0.00530255 0.998621

  Inverse Direction: 
-0.993515 0.100854 -0.0525039
-0.100993 -0.994887 1.93006e-08
-0.0522355 0.00530255 0.998621

  PixelContainer: 
    ImportImageContainer (0x3d50610)
      RTTI typeinfo:   itk::ImportImageContainer<unsigned long, double>
      Reference Count: 1
      Modified Time: 2325
      Debug: Off
      Object Name: 
      Observers: 
        none
      Pointer: 0x152b662b9010
      Container manages memory: true
      Size: 9830400
      Capacity: 9830400

     Weighting = 1
     Sampling strategy = regular
     Number of bins = 32
     Radius = 4
     Sampling percentage  = 0.25
   Transform = Rigid
     Gradient step = 0.1
     Update field sigma (voxel space) = 0
     Total field sigma (voxel space) = 0
     Update field time sigma = 0
     Total field time sigma  = 0
     Number of time indices = 0
     Number of time point samples = 0
Registration using 1 total stages.

Stage 0
  iterations = 0
  convergence threshold = 1e-06
  convergence window size = 10
  number of levels = 1
  using the Mattes MI metric (number of bins = 32, weight = 1, use gradient filter = 0)
  preprocessing:  winsorizing the image intensities
  Shrink factors (level 1 out of 1): [1, 1, 1]
  smoothing sigmas per level: [0]
  regular sampling (percentage = 0.25)

*** Running Euler3DTransform registration ***

  Elapsed time (stage 0): 1.15706


Total elapsed time: 1.16713
Info [verificarlo]: loaded backend libinterflop_ieee.so
Info [interflop-ieee]: load backend with:
Info [interflop-ieee]: debug = false
Info [interflop-ieee]: debug-binary = false
Info [interflop-ieee]: no-backend-name = false
Info [interflop-ieee]: print-new-line = false
Info [interflop-ieee]: print-subnormal-normalized = false
Info [interflop-ieee]: count-op = false
All_Command_lines_OK
Using double precision for computations.
=============================================================================
The composite transform comprises the following transforms (in order): 
  1. /home/mdugre/scratch/mri-registration-rp/datasets/ds004513/derivatives/mri-registration-rp/0011/antsRegistration-r7-p15/sub-s035/align_Composite.h5[0] (type = Euler3DTransform)
  2. /home/mdugre/scratch/mri-registration-rp/datasets/ds004513/derivatives/mri-registration-rp/0011/antsRegistration-r7-p15/sub-s035/align_Composite.h5[1] (type = Euler3DTransform)
=============================================================================
  number of levels = 4
  fixed image: /templateflow/tpl-MNI152NLin2009cAsym/tpl-MNI152NLin2009cAsym_res-01_desc-brain_T1w.nii.gz
  moving image: /home/mdugre/scratch/mri-registration-rp/datasets/ds004513/derivatives/mri-registration-rp/antsBrainExtraction/sub-s035/BrainExtractionBrain.nii.gz
Dimension = 3
Number of stages = 1
Use histogram matching = false
Winsorize image intensities = true
  Lower quantile = 0.005
  Upper quantile = 0.995


Stage 1 State
   Image metric = MattesMI
     Fixed image = Image (0x353c530)
  RTTI typeinfo:   itk::Image<double, 3u>
  Reference Count: 2
  Modified Time: 1578
  Debug: Off
  Object Name: 
  Observers: 
    none
  Source: (none)
  Source output name: (none)
  Release Data: Off
  Data Released: False
  Global Release Data: Off
  PipelineMTime: 0
  UpdateMTime: 1189
  RealTimeStamp: 0 seconds 
  LargestPossibleRegion: 
    Dimension: 3
    Index: [0, 0, 0]
    Size: [193, 229, 193]
  BufferedRegion: 
    Dimension: 3
    Index: [0, 0, 0]
    Size: [193, 229, 193]
  RequestedRegion: 
    Dimension: 3
    Index: [0, 0, 0]
    Size: [193, 229, 193]
  Spacing: [1, 1, 1]
  Origin: [96, 132, -78]
  Direction: 
-1 0 0
0 -1 0
0 0 1

  IndexToPointMatrix: 
-1 0 0
0 -1 0
0 0 1

  PointToIndexMatrix: 
-1 0 0
0 -1 0
0 0 1

  Inverse Direction: 
-1 0 0
0 -1 0
0 0 1

  PixelContainer: 
    ImportImageContainer (0x35fad60)
      RTTI typeinfo:   itk::ImportImageContainer<unsigned long, double>
      Reference Count: 1
      Modified Time: 1186
      Debug: Off
      Object Name: 
      Observers: 
        none
      Pointer: 0x14937a4db010
      Container manages memory: true
      Size: 8530021
      Capacity: 8530021

     Moving image = Image (0x35ecf60)
  RTTI typeinfo:   itk::Image<double, 3u>
  Reference Count: 2
  Modified Time: 1579
  Debug: Off
  Object Name: 
  Observers: 
    none
  Source: (none)
  Source output name: (none)
  Release Data: Off
  Data Released: False
  Global Release Data: Off
  PipelineMTime: 0
  UpdateMTime: 1576
  RealTimeStamp: 0 seconds 
  LargestPossibleRegion: 
    Dimension: 3
    Index: [0, 0, 0]
    Size: [160, 240, 256]
  BufferedRegion: 
    Dimension: 3
    Index: [0, 0, 0]
    Size: [160, 240, 256]
  RequestedRegion: 
    Dimension: 3
    Index: [0, 0, 0]
    Size: [160, 240, 256]
  Spacing: [1, 1, 1]
  Origin: [98.6438, 87.6358, -117.989]
  Direction: 
-0.993515 -0.100993 -0.0522355
0.100854 -0.994887 0.00530255
-0.0525039 1.93537e-08 0.998621

  IndexToPointMatrix: 
-0.993515 -0.100993 -0.0522355
0.100854 -0.994887 0.00530255
-0.0525039 1.93537e-08 0.998621

  PointToIndexMatrix: 
-0.993515 0.100854 -0.0525039
-0.100993 -0.994887 1.93006e-08
-0.0522355 0.00530255 0.998621

  Inverse Direction: 
-0.993515 0.100854 -0.0525039
-0.100993 -0.994887 1.93006e-08
-0.0522355 0.00530255 0.998621

  PixelContainer: 
    ImportImageContainer (0x35de6d0)
      RTTI typeinfo:   itk::ImportImageContainer<unsigned long, double>
      Reference Count: 1
      Modified Time: 1573
      Debug: Off
      Object Name: 
      Observers: 
        none
      Pointer: 0x1493759da010
      Container manages memory: true
      Size: 9830400
      Capacity: 9830400

     Weighting = 1
     Sampling strategy = regular
     Number of bins = 32
     Radius = 4
     Sampling percentage  = 0.25
   Transform = Rigid
     Gradient step = 0.1
     Update field sigma (voxel space) = 0
     Total field sigma (voxel space) = 0
     Update field time sigma = 0
     Total field time sigma  = 0
     Number of time indices = 0
     Number of time point samples = 0
Registration using 1 total stages.

Stage 0
  iterations = 1000x500x250x100
  convergence threshold = 1e-06
  convergence window size = 10
  number of levels = 4
  using the Mattes MI metric (number of bins = 32, weight = 1, use gradient filter = 0)
  preprocessing:  winsorizing the image intensities
  Shrink factors (level 1 out of 4): [8, 8, 8]
  Shrink factors (level 2 out of 4): [4, 4, 4]
  Shrink factors (level 3 out of 4): [2, 2, 2]
  Shrink factors (level 4 out of 4): [1, 1, 1]
  smoothing sigmas per level: [3, 2, 1, 0]
  regular sampling (percentage = 0.25)

*** Running Euler3DTransform registration ***

DIAGNOSTIC,Iteration,metricValue,convergenceValue,ITERATION_TIME_INDEX,SINCE_LAST
 2DIAGNOSTIC,     1, -5.238630234552e-01, 1.797693134862e+308, 7.3215e-01, 7.3215e-01, 
 2DIAGNOSTIC,     2, -5.257885820767e-01, 1.797693134862e+308, 7.3702e-01, 4.8702e-03, 
 2DIAGNOSTIC,     3, -5.278597554839e-01, 1.797693134862e+308, 7.4214e-01, 5.1160e-03, 
 2DIAGNOSTIC,     4, -5.302176117225e-01, 1.797693134862e+308, 7.4657e-01, 4.4301e-03, 
 2DIAGNOSTIC,     5, -5.343462816845e-01, 1.797693134862e+308, 7.5137e-01, 4.8029e-03, 
 2DIAGNOSTIC,     6, -5.399239396740e-01, 1.797693134862e+308, 7.5597e-01, 4.5948e-03, 
 2DIAGNOSTIC,     7, -5.490554822001e-01, 1.797693134862e+308, 7.6067e-01, 4.7081e-03, 
 2DIAGNOSTIC,     8, -5.545204224448e-01, 1.797693134862e+308, 7.6659e-01, 5.9121e-03, 
 2DIAGNOSTIC,     9, -5.601437715553e-01, 1.797693134862e+308, 7.7115e-01, 4.5590e-03, 
 2DIAGNOSTIC,    10, -5.617741193774e-01, 5.067640484485e-03, 7.7599e-01, 4.8420e-03, 
 2DIAGNOSTIC,    11, -5.649562249041e-01, 4.796539612083e-03, 7.8179e-01, 5.8038e-03, 
 2DIAGNOSTIC,    12, -5.658710903081e-01, 4.260783098155e-03, 7.8697e-01, 5.1830e-03, 
 2DIAGNOSTIC,    13, -5.662828333056e-01, 3.524744036645e-03, 7.9161e-01, 4.6341e-03, 
 2DIAGNOSTIC,    14, -5.685908474577e-01, 2.751340472953e-03, 7.9703e-01, 5.4221e-03, 
 2DIAGNOSTIC,    15, -5.732745043306e-01, 2.134644679428e-03, 8.0396e-01, 6.9280e-03, 
 2DIAGNOSTIC,    16, -5.738084427846e-01, 1.591333148336e-03, 8.0977e-01, 5.8081e-03, 
 2DIAGNOSTIC,    17, -5.739093703465e-01, 1.247363567740e-03, 8.1428e-01, 4.5121e-03, 
 2DIAGNOSTIC,    18, -5.745773598458e-01, 1.002163966316e-03, 8.1877e-01, 4.4880e-03, 
 2DIAGNOSTIC,    19, -5.752045522722e-01, 8.579763081920e-04, 8.2404e-01, 5.2681e-03, 
 2DIAGNOSTIC,    20, -5.755578777726e-01, 6.955845773864e-04, 8.2896e-01, 4.9291e-03, 
 2DIAGNOSTIC,    21, -5.761681227725e-01, 5.767135182690e-04, 8.3360e-01, 4.6339e-03, 
 2DIAGNOSTIC,    22, -5.775610178280e-01, 4.707067062520e-04, 8.3828e-01, 4.6790e-03, 
 2DIAGNOSTIC,    23, -5.801876522131e-01, 3.965856196759e-04, 8.4322e-01, 4.9450e-03, 
 2DIAGNOSTIC,    24, -5.873578871747e-01, 4.881452203582e-04, 8.5000e-01, 6.7809e-03, 
 2DIAGNOSTIC,    25, -5.924052233454e-01, 7.199711434344e-04, 8.5667e-01, 6.6671e-03, 
 2DIAGNOSTIC,    26, -5.933789722498e-01, 8.944842699115e-04, 8.6248e-01, 5.8100e-03, 
 2DIAGNOSTIC,    27, -5.948140362540e-01, 1.002036484336e-03, 8.6762e-01, 5.1370e-03, 
 2DIAGNOSTIC,    28, -5.954370004516e-01, 1.029952320771e-03, 8.7227e-01, 4.6489e-03, 
 2DIAGNOSTIC,    29, -5.955619965595e-01, 9.699000562089e-04, 8.7680e-01, 4.5350e-03, 
 2DIAGNOSTIC,    30, -5.960977142412e-01, 8.366692959250e-04, 8.8138e-01, 4.5800e-03, 
 2DIAGNOSTIC,    31, -5.971105016131e-01, 6.606986234986e-04, 8.8670e-01, 5.3160e-03, 
 2DIAGNOSTIC,    32, -5.989728413268e-01, 4.853112632007e-04, 8.9368e-01, 6.9790e-03, 
 2DIAGNOSTIC,    33, -5.996340171091e-01, 3.222359246272e-04, 8.9831e-01, 4.6341e-03, 
 2DIAGNOSTIC,    34, -5.997688324755e-01, 2.443793012671e-04, 9.0311e-01, 4.7991e-03, 
 2DIAGNOSTIC,    35, -5.999328162722e-01, 2.224308786394e-04, 9.0892e-01, 5.8081e-03, 
 2DIAGNOSTIC,    36, -6.001598298503e-01, 1.965988105338e-04, 9.1352e-01, 4.6058e-03, 
 2DIAGNOSTIC,    37, -6.004938012943e-01, 1.767006116672e-04, 9.1870e-01, 5.1789e-03, 
 2DIAGNOSTIC,    38, -6.008280010115e-01, 1.536048160406e-04, 9.2341e-01, 4.7078e-03, 
 2DIAGNOSTIC,    39, -6.038559363727e-01, 1.574331425043e-04, 9.2887e-01, 5.4600e-03, 
 2DIAGNOSTIC,    40, -6.077047304363e-01, 1.993081260189e-04, 9.3383e-01, 4.9610e-03, 
 2DIAGNOSTIC,    41, -6.174632707045e-01, 3.481387197155e-04, 9.4083e-01, 7.0031e-03, 
 2DIAGNOSTIC,    42, -6.161977800120e-01, 4.608906324470e-04, 9.5013e-01, 9.3000e-03, 
 2DIAGNOSTIC,    43, -6.161564451022e-01, 5.335369357860e-04, 9.5466e-01, 4.5249e-03, 
 2DIAGNOSTIC,    44, -6.170772154766e-01, 5.644818526366e-04, 9.5924e-01, 4.5819e-03, 
 2DIAGNOSTIC,    45, -6.185357221471e-01, 5.560473219194e-04, 9.6378e-01, 4.5402e-03, 
 2DIAGNOSTIC,    46, -6.206472569866e-01, 5.180556528989e-04, 9.6841e-01, 4.6241e-03, 
 2DIAGNOSTIC,    47, -6.234100406809e-01, 4.649603327916e-04, 9.7377e-01, 5.3601e-03, 
 2DIAGNOSTIC,    48, -6.282459759071e-01, 4.232183715625e-04, 9.7848e-01, 4.7190e-03, 
 2DIAGNOSTIC,    49, -6.332856957617e-01, 4.219354883196e-04, 9.8318e-01, 4.6971e-03, 
 2DIAGNOSTIC,    50, -6.437673360259e-01, 5.158703012484e-04, 9.8795e-01, 4.7729e-03, 
 2DIAGNOSTIC,    51, -6.567709935449e-01, 7.709774322678e-04, 9.9270e-01, 4.7479e-03, 
 2DIAGNOSTIC,    52, -6.630139269813e-01, 9.856117472899e-04, 9.9805e-01, 5.3501e-03, 
 2DIAGNOSTIC,    53, -6.637658022345e-01, 1.103854998445e-03, 1.0027e+00, 4.6301e-03, 
 2DIAGNOSTIC,    54, -6.646848089330e-01, 1.129224665237e-03, 1.0074e+00, 4.7200e-03, 
 2DIAGNOSTIC,    55, -6.699954925165e-01, 1.103370391147e-03, 1.0159e+00, 8.5449e-03, 
 2DIAGNOSTIC,    56, -6.720090030570e-01, 1.005089986691e-03, 1.0229e+00, 6.9280e-03, 
 2DIAGNOSTIC,    57, -6.720481772657e-01, 8.375239974521e-04, 1.0274e+00, 4.5362e-03, 
 2DIAGNOSTIC,    58, -6.725919614639e-01, 6.425666013171e-04, 1.0319e+00, 4.5109e-03, 
 2DIAGNOSTIC,    59, -6.729036407152e-01, 4.360795521184e-04, 1.0365e+00, 4.5581e-03, 
 2DIAGNOSTIC,    60, -6.731488740772e-01, 2.773043252193e-04, 1.0415e+00, 4.9739e-03, 
 2DIAGNOSTIC,    61, -6.734259080808e-01, 1.993309870611e-04, 1.0461e+00, 4.6730e-03, 
 2DIAGNOSTIC,    62, -6.739132125184e-01, 1.568959911436e-04, 1.0508e+00, 4.6790e-03, 
 2DIAGNOSTIC,    63, -6.762843236269e-01, 1.247262490175e-04, 1.0575e+00, 6.6500e-03, 
 2DIAGNOSTIC,    64, -6.766381593004e-01, 8.969348798644e-05, 1.0621e+00, 4.6480e-03, 
 2DIAGNOSTIC,    65, -6.771215216797e-01, 8.898274422217e-05, 1.0672e+00, 5.1410e-03, 
 2DIAGNOSTIC,    66, -6.778537225343e-01, 9.953409348033e-05, 1.0736e+00, 6.3269e-03, 
 2DIAGNOSTIC,    67, -6.792268206311e-01, 1.098307066525e-04, 1.0815e+00, 7.9212e-03, 
 2DIAGNOSTIC,    68, -6.807680931150e-01, 1.231390127634e-04, 1.0868e+00, 5.3060e-03, 
 2DIAGNOSTIC,    69, -6.815199673920e-01, 1.312165010162e-04, 1.0919e+00, 5.0788e-03, 
 2DIAGNOSTIC,    70, -6.818104847774e-01, 1.303111649972e-04, 1.1005e+00, 8.5940e-03, 
 2DIAGNOSTIC,    71, -6.820510323774e-01, 1.205025228236e-04, 1.1060e+00, 5.4910e-03, 
 2DIAGNOSTIC,    72, -6.822317039246e-01, 1.032403598355e-04, 1.1110e+00, 5.0089e-03, 
 2DIAGNOSTIC,    73, -6.825798784789e-01, 9.372210389358e-05, 1.1174e+00, 6.4149e-03, 
 2DIAGNOSTIC,    74, -6.826263919527e-01, 7.797273217049e-05, 1.1220e+00, 4.5800e-03, 
 2DIAGNOSTIC,    75, -6.826914534690e-01, 5.871093054183e-05, 1.1266e+00, 4.6811e-03, 
 2DIAGNOSTIC,    76, -6.828123271205e-01, 3.951648735324e-05, 1.1312e+00, 4.5969e-03, 
 2DIAGNOSTIC,    77, -6.832344928372e-01, 2.762797765581e-05, 1.1359e+00, 4.6749e-03, 
 2DIAGNOSTIC,    78, -6.838171767224e-01, 2.580773993766e-05, 1.1429e+00, 6.9349e-03, 
 2DIAGNOSTIC,    79, -6.837376345332e-01, 2.542010023223e-05, 1.1476e+00, 4.7061e-03, 
 2DIAGNOSTIC,    80, -6.837940960146e-01, 2.471284790110e-05, 1.1521e+00, 4.5872e-03, 
 2DIAGNOSTIC,    81, -6.839726473447e-01, 2.407028155775e-05, 1.1570e+00, 4.8821e-03, 
 2DIAGNOSTIC,    82, -6.841107734098e-01, 2.281045883385e-05, 1.1618e+00, 4.7491e-03, 
 2DIAGNOSTIC,    83, -6.851046153263e-01, 2.675745324490e-05, 1.1683e+00, 6.4790e-03, 
 2DIAGNOSTIC,    84, -6.858177570994e-01, 3.208773521036e-05, 1.1742e+00, 5.9030e-03, 
 2DIAGNOSTIC,    85, -6.861555810662e-01, 3.640322090321e-05, 1.1814e+00, 7.2279e-03, 
 2DIAGNOSTIC,    86, -6.861558743533e-01, 3.780119431152e-05, 1.1859e+00, 4.4880e-03, 
 2DIAGNOSTIC,    87, -6.861668918210e-01, 3.777714183187e-05, 1.1903e+00, 4.4620e-03, 
 2DIAGNOSTIC,    88, -6.861799436308e-01, 3.717449011993e-05, 1.1948e+00, 4.4570e-03, 
 2DIAGNOSTIC,    89, -6.861876303794e-01, 3.259308095256e-05, 1.1999e+00, 5.0988e-03, 
 2DIAGNOSTIC,    90, -6.861914449545e-01, 2.533809914025e-05, 1.2043e+00, 4.4329e-03, 
 2DIAGNOSTIC,    91, -6.861984315217e-01, 1.686233247609e-05, 1.2225e+00, 1.8124e-02, 
 2DIAGNOSTIC,    92, -6.862113275095e-01, 7.665945946806e-06, 1.2296e+00, 7.1759e-03, 
 2DIAGNOSTIC,    93, -6.862267157416e-01, 2.805718323342e-06, 1.2343e+00, 4.6840e-03, 
 2DIAGNOSTIC,    94, -6.862421192823e-01, 1.276775411415e-06, 1.2394e+00, 5.1329e-03, 
 2DIAGNOSTIC,    95, -6.863402485606e-01, 1.766917550288e-06, 1.2457e+00, 6.2430e-03, 
 2DIAGNOSTIC,    96, -6.863402079869e-01, 2.099408661870e-06, 1.2502e+00, 4.5149e-03, 
 2DIAGNOSTIC,    97, -6.863403402946e-01, 2.312301202080e-06, 1.2546e+00, 4.4038e-03, 
 2DIAGNOSTIC,    98, -6.863407870759e-01, 2.398665518322e-06, 1.2596e+00, 5.0189e-03, 
 2DIAGNOSTIC,    99, -6.863418486283e-01, 2.322611031266e-06, 1.2649e+00, 5.2299e-03, 
 2DIAGNOSTIC,   100, -6.863433158535e-01, 2.074102109353e-06, 1.2817e+00, 1.6805e-02, 
 2DIAGNOSTIC,   101, -6.863433157192e-01, 1.693234815081e-06, 1.2982e+00, 1.6506e-02, 
 2DIAGNOSTIC,   102, -6.863433157192e-01, 1.252392151724e-06, 1.3064e+00, 8.2660e-03, 
DIAGNOSTIC,Iteration,metricValue,convergenceValue,ITERATION_TIME_INDEX,SINCE_LAST
 2DIAGNOSTIC,     1, -5.583136281488e-01, 1.797693134862e+308, 2.1049e+00, 7.9843e-01, 
 2DIAGNOSTIC,     2, -5.587691093146e-01, 1.797693134862e+308, 2.1349e+00, 3.0015e-02, 
 2DIAGNOSTIC,     3, -5.591104057675e-01, 1.797693134862e+308, 2.1648e+00, 2.9887e-02, 
 2DIAGNOSTIC,     4, -5.599295149273e-01, 1.797693134862e+308, 2.1943e+00, 2.9581e-02, 
 2DIAGNOSTIC,     5, -5.608880835146e-01, 1.797693134862e+308, 2.2269e+00, 3.2508e-02, 
 2DIAGNOSTIC,     6, -5.613234653535e-01, 1.797693134862e+308, 2.2562e+00, 2.9357e-02, 
 2DIAGNOSTIC,     7, -5.624614816279e-01, 1.797693134862e+308, 2.2913e+00, 3.5091e-02, 
 2DIAGNOSTIC,     8, -5.631244863022e-01, 1.797693134862e+308, 2.3295e+00, 3.8152e-02, 
 2DIAGNOSTIC,     9, -5.632667656355e-01, 1.797693134862e+308, 2.3630e+00, 3.3509e-02, 
 2DIAGNOSTIC,    10, -5.639219068506e-01, 6.925352754008e-04, 2.3925e+00, 2.9578e-02, 
 2DIAGNOSTIC,    11, -5.654848301599e-01, 6.698307590500e-04, 2.4262e+00, 3.3678e-02, 
 2DIAGNOSTIC,    12, -5.660119050371e-01, 6.307659608737e-04, 2.4554e+00, 2.9194e-02, 
 2DIAGNOSTIC,    13, -5.661372226476e-01, 5.589586896578e-04, 2.5507e+00, 9.5265e-02, 
 2DIAGNOSTIC,    14, -5.661372212052e-01, 4.771384099586e-04, 2.5798e+00, 2.9106e-02, 
 2DIAGNOSTIC,    15, -5.661372623623e-01, 3.953949539846e-04, 2.6086e+00, 2.8767e-02, 
 2DIAGNOSTIC,    16, -5.661373319300e-01, 3.000062855216e-04, 2.6375e+00, 2.8936e-02, 
 2DIAGNOSTIC,    17, -5.661374494856e-01, 2.216138195940e-04, 2.6664e+00, 2.8911e-02, 
 2DIAGNOSTIC,    18, -5.661376481298e-01, 1.509788619628e-04, 2.6955e+00, 2.9115e-02, 
 2DIAGNOSTIC,    19, -5.661379846076e-01, 7.799538111334e-05, 2.7242e+00, 2.8666e-02, 
 2DIAGNOSTIC,    20, -5.661385521614e-01, 2.086838748808e-05, 2.7553e+00, 3.1118e-02, 
 2DIAGNOSTIC,    21, -5.661395073672e-01, 4.630389921587e-06, 2.7882e+00, 3.2906e-02, 
 2DIAGNOSTIC,    22, -5.661411224280e-01, 1.615452884150e-06, 2.8207e+00, 3.2464e-02, 
 2DIAGNOSTIC,    23, -5.661348301110e-01, 1.455955018659e-06, 2.8521e+00, 3.1413e-02, 
 2DIAGNOSTIC,    24, -5.661392558040e-01, 1.400729803640e-06, 2.8847e+00, 3.2613e-02, 
 2DIAGNOSTIC,    25, -5.661462423668e-01, 1.481177336872e-06, 2.9163e+00, 3.1591e-02, 
 2DIAGNOSTIC,    26, -5.661572431454e-01, 1.745488729332e-06, 2.9532e+00, 3.6888e-02, 
 2DIAGNOSTIC,    27, -5.661424782841e-01, 1.665210820734e-06, 2.9983e+00, 4.5075e-02, 
 2DIAGNOSTIC,    28, -5.661381165421e-01, 1.484000889340e-06, 3.0366e+00, 3.8388e-02, 
 2DIAGNOSTIC,    29, -5.661477962160e-01, 1.457963934325e-06, 3.0788e+00, 4.2202e-02, 
 2DIAGNOSTIC,    30, -5.661626145547e-01, 1.643709190556e-06, 3.1153e+00, 3.6433e-02, 
 2DIAGNOSTIC,    31, -5.661535136817e-01, 1.620742837070e-06, 3.1538e+00, 3.8550e-02, 
 2DIAGNOSTIC,    32, -5.661441819697e-01, 1.440149107274e-06, 3.1867e+00, 3.2899e-02, 
 2DIAGNOSTIC,    33, -5.661558956933e-01, 1.320762354387e-06, 3.2283e+00, 4.1567e-02, 
 2DIAGNOSTIC,    34, -5.661431729684e-01, 1.035585575598e-06, 3.2597e+00, 3.1456e-02, 
DIAGNOSTIC,Iteration,metricValue,convergenceValue,ITERATION_TIME_INDEX,SINCE_LAST
 2DIAGNOSTIC,     1, -5.039541003715e-01, 1.797693134862e+308, 4.5146e+00, 1.2549e+00, 
 2DIAGNOSTIC,     2, -5.041050174295e-01, 1.797693134862e+308, 4.7687e+00, 2.5403e-01, 
 2DIAGNOSTIC,     3, -5.041898507713e-01, 1.797693134862e+308, 5.0228e+00, 2.5418e-01, 
 2DIAGNOSTIC,     4, -5.042447773057e-01, 1.797693134862e+308, 5.2866e+00, 2.6375e-01, 
 2DIAGNOSTIC,     5, -5.043461266427e-01, 1.797693134862e+308, 5.8262e+00, 5.3964e-01, 
 2DIAGNOSTIC,     6, -5.043443746877e-01, 1.797693134862e+308, 6.1165e+00, 2.9028e-01, 
 2DIAGNOSTIC,     7, -5.043448208603e-01, 1.797693134862e+308, 6.3757e+00, 2.5920e-01, 
 2DIAGNOSTIC,     8, -5.043451880878e-01, 1.797693134862e+308, 6.6472e+00, 2.7153e-01, 
 2DIAGNOSTIC,     9, -5.043441514289e-01, 1.797693134862e+308, 6.9336e+00, 2.8635e-01, 
 2DIAGNOSTIC,    10, -5.043448965606e-01, 4.574478618918e-05, 7.2227e+00, 2.8911e-01, 
 2DIAGNOSTIC,    11, -5.043445169176e-01, 2.566020307987e-05, 7.4966e+00, 2.7395e-01, 
 2DIAGNOSTIC,    12, -5.043469039875e-01, 1.407686483892e-05, 7.7361e+00, 2.3945e-01, 
 2DIAGNOSTIC,    13, -5.043502191817e-01, 7.046417005066e-06, 8.0050e+00, 2.6890e-01, 
 2DIAGNOSTIC,    14, -5.043510073701e-01, 2.725666058315e-06, 8.3037e+00, 2.9869e-01, 
 2DIAGNOSTIC,    15, -5.043498214049e-01, 2.707268432392e-06, 8.5727e+00, 2.6902e-01, 
 2DIAGNOSTIC,    16, -5.043494938102e-01, 2.566504771678e-06, 8.8392e+00, 2.6647e-01, 
 2DIAGNOSTIC,    17, -5.043474224006e-01, 2.333403129384e-06, 9.0857e+00, 2.4655e-01, 
 2DIAGNOSTIC,    18, -5.043486461557e-01, 2.133353039287e-06, 9.3655e+00, 2.7978e-01, 
 2DIAGNOSTIC,    19, -5.043482465510e-01, 1.875666848894e-06, 9.7840e+00, 4.1854e-01, 
 2DIAGNOSTIC,    20, -5.043478988524e-01, 1.639188048727e-06, 1.0057e+01, 2.7277e-01, 
 2DIAGNOSTIC,    21, -5.043476562601e-01, 1.404742951086e-06, 1.0330e+01, 2.7310e-01, 
 2DIAGNOSTIC,    22, -5.043476970087e-01, 1.262113660791e-06, 1.0557e+01, 2.2701e-01, 
 2DIAGNOSTIC,    23, -5.043493665147e-01, 1.269680103319e-06, 1.0850e+01, 2.9313e-01, 
 2DIAGNOSTIC,    24, -5.043494921145e-01, 1.307500932940e-06, 1.1216e+01, 3.6569e-01, 
 2DIAGNOSTIC,    25, -5.043489102623e-01, 1.304809788931e-06, 1.1530e+01, 3.1378e-01, 
 2DIAGNOSTIC,    26, -5.043481357568e-01, 1.277961597025e-06, 1.1799e+01, 2.6983e-01, 
 2DIAGNOSTIC,    27, -5.043473419426e-01, 1.187453599644e-06, 1.2043e+01, 2.4351e-01, 
 2DIAGNOSTIC,    28, -5.043466442688e-01, 1.112695119473e-06, 1.2290e+01, 2.4685e-01, 
 2DIAGNOSTIC,    29, -5.043470432510e-01, 1.045280400708e-06, 1.2551e+01, 2.6090e-01, 
DIAGNOSTIC,Iteration,metricValue,convergenceValue,ITERATION_TIME_INDEX,SINCE_LAST
 2DIAGNOSTIC,     1, -4.670279262796e-01, 1.797693134862e+308, 1.5309e+01, 2.7588e+00, 
 2DIAGNOSTIC,     2, -4.671061750400e-01, 1.797693134862e+308, 1.6902e+01, 1.5927e+00, 
 2DIAGNOSTIC,     3, -4.671359731321e-01, 1.797693134862e+308, 1.9007e+01, 2.1046e+00, 
 2DIAGNOSTIC,     4, -4.671468344468e-01, 1.797693134862e+308, 2.3268e+01, 4.2609e+00, 
 2DIAGNOSTIC,     5, -4.671469287798e-01, 1.797693134862e+308, 2.8321e+01, 5.0539e+00, 
 2DIAGNOSTIC,     6, -4.671469287795e-01, 1.797693134862e+308, 3.2194e+01, 3.8727e+00, 
 2DIAGNOSTIC,     7, -4.671469287795e-01, 1.797693134862e+308, 3.3890e+01, 1.6963e+00, 
 2DIAGNOSTIC,     8, -4.671469287795e-01, 1.797693134862e+308, 3.5633e+01, 1.7425e+00, 
 2DIAGNOSTIC,     9, -4.671469287795e-01, 1.797693134862e+308, 3.7373e+01, 1.7404e+00, 
 2DIAGNOSTIC,    10, -4.671469287795e-01, 1.305813458213e-05, 3.9630e+01, 2.2569e+00, 
 2DIAGNOSTIC,    11, -4.671469287795e-01, 5.678997345132e-06, 4.1328e+01, 1.6975e+00, 
 2DIAGNOSTIC,    12, -4.671469287795e-01, 3.210550460153e-06, 4.3237e+01, 1.9096e+00, 
 2DIAGNOSTIC,    13, -4.671469287795e-01, 2.451400829981e-06, 4.5059e+01, 1.8219e+00, 
 2DIAGNOSTIC,    14, -4.671469287795e-01, 2.272196681349e-06, 4.6882e+01, 1.8226e+00, 
 2DIAGNOSTIC,    15, -4.671469287795e-01, 2.120713221990e-06, 4.9017e+01, 2.1348e+00, 
 2DIAGNOSTIC,    16, -4.671469287795e-01, 1.988165616709e-06, 5.1057e+01, 2.0401e+00, 
 2DIAGNOSTIC,    17, -4.671469287795e-01, 1.871212182661e-06, 5.2946e+01, 1.8893e+00, 
 2DIAGNOSTIC,    18, -4.671469287795e-01, 1.767253838568e-06, 5.4805e+01, 1.8588e+00, 
 2DIAGNOSTIC,    19, -4.671469287795e-01, 1.674238688666e-06, 5.6610e+01, 1.8055e+00, 
 2DIAGNOSTIC,    20, -4.671469287795e-01, 1.590525223777e-06, 5.8160e+01, 1.5496e+00, 
 2DIAGNOSTIC,    21, -4.671469287795e-01, 1.514784608678e-06, 5.9765e+01, 1.6047e+00, 
 2DIAGNOSTIC,    22, -4.671469287795e-01, 1.445929618468e-06, 6.1524e+01, 1.7590e+00, 
 2DIAGNOSTIC,    23, -4.671469287795e-01, 1.383062113898e-06, 6.3102e+01, 1.5782e+00, 
 2DIAGNOSTIC,    24, -4.671469287795e-01, 1.325433647892e-06, 6.4672e+01, 1.5696e+00, 
 2DIAGNOSTIC,    25, -4.671469287795e-01, 1.272415526561e-06, 6.6217e+01, 1.5460e+00, 
 2DIAGNOSTIC,    26, -4.671469287795e-01, 1.223475779619e-06, 6.7849e+01, 1.6318e+00, 
 2DIAGNOSTIC,    27, -4.671469287795e-01, 1.178161248241e-06, 6.9487e+01, 1.6376e+00, 
 2DIAGNOSTIC,    28, -4.671469287795e-01, 1.136083511322e-06, 7.1034e+01, 1.5467e+00, 
 2DIAGNOSTIC,    29, -4.671469287795e-01, 1.096907723881e-06, 7.2608e+01, 1.5740e+00, 
 2DIAGNOSTIC,    30, -4.671469287795e-01, 1.060343687437e-06, 7.5129e+01, 2.5216e+00, 
 2DIAGNOSTIC,    31, -4.671469287795e-01, 1.026138648920e-06, 7.6772e+01, 1.6428e+00, 
  Elapsed time (stage 0): 7.7690e+01


Total elapsed time: 7.7696e+01
Info [verificarlo]: loaded backend libinterflop_vprec.so
Info [interflop-vprec]: load backend with: 
Info [interflop-vprec]: precision-binary32 = 15
Info [interflop-vprec]: range-binary32 = 7
Info [interflop-vprec]: precision-binary64 = 15
Info [interflop-vprec]: range-binary64 = 7
Info [interflop-vprec]: mode = ob
Info [interflop-vprec]: error-mode = rel
Info [interflop-vprec]: max-abs-error-exponent = -1022
Info [interflop-vprec]: daz = false
Info [interflop-vprec]: ftz = false
Info [interflop-vprec]: 	instrument = none
Info [interflop-vprec]: 	prec-input-file = (null)
Info [interflop-vprec]: 	prec-output-file = (null)
Info [interflop-vprec]: 	prec-log-file = (null)
All_Command_lines_OK
Using double precision for computations.
=============================================================================
The composite transform comprises the following transforms (in order): 
  1. /home/mdugre/scratch/mri-registration-rp/datasets/ds004513/derivatives/mri-registration-rp/0011/antsRegistration-r7-p15/sub-s035/rigid_Composite.h5[0] (type = Euler3DTransform)
  2. /home/mdugre/scratch/mri-registration-rp/datasets/ds004513/derivatives/mri-registration-rp/0011/antsRegistration-r7-p15/sub-s035/rigid_Composite.h5[1] (type = Euler3DTransform)
  3. /home/mdugre/scratch/mri-registration-rp/datasets/ds004513/derivatives/mri-registration-rp/0011/antsRegistration-r7-p15/sub-s035/rigid_Composite.h5[2] (type = Euler3DTransform)
=============================================================================
  number of levels = 4
  fixed image: /templateflow/tpl-MNI152NLin2009cAsym/tpl-MNI152NLin2009cAsym_res-01_desc-brain_T1w.nii.gz
  moving image: /home/mdugre/scratch/mri-registration-rp/datasets/ds004513/derivatives/mri-registration-rp/antsBrainExtraction/sub-s035/BrainExtractionBrain.nii.gz
Dimension = 3
Number of stages = 1
Use histogram matching = false
Winsorize image intensities = true
  Lower quantile = 0.005
  Upper quantile = 0.995


Stage 1 State
   Image metric = MattesMI
     Fixed image = Image (0x3347490)
  RTTI typeinfo:   itk::Image<double, 3u>
  Reference Count: 2
  Modified Time: 1592
  Debug: Off
  Object Name: 
  Observers: 
    none
  Source: (none)
  Source output name: (none)
  Release Data: Off
  Data Released: False
  Global Release Data: Off
  PipelineMTime: 0
  UpdateMTime: 1203
  RealTimeStamp: 0 seconds 
  LargestPossibleRegion: 
    Dimension: 3
    Index: [0, 0, 0]
    Size: [193, 229, 193]
  BufferedRegion: 
    Dimension: 3
    Index: [0, 0, 0]
    Size: [193, 229, 193]
  RequestedRegion: 
    Dimension: 3
    Index: [0, 0, 0]
    Size: [193, 229, 193]
  Spacing: [1, 1, 1]
  Origin: [96, 132, -78]
  Direction: 
-1 0 0
0 -1 0
0 0 1

  IndexToPointMatrix: 
-1 0 0
0 -1 0
0 0 1

  PointToIndexMatrix: 
-1 0 0
0 -1 0
0 0 1

  Inverse Direction: 
-1 0 0
0 -1 0
0 0 1

  PixelContainer: 
    ImportImageContainer (0x34128c0)
      RTTI typeinfo:   itk::ImportImageContainer<unsigned long, double>
      Reference Count: 1
      Modified Time: 1200
      Debug: Off
      Object Name: 
      Observers: 
        none
      Pointer: 0x14ece80ed010
      Container manages memory: true
      Size: 8530021
      Capacity: 8530021

     Moving image = Image (0x3402b60)
  RTTI typeinfo:   itk::Image<double, 3u>
  Reference Count: 2
  Modified Time: 1593
  Debug: Off
  Object Name: 
  Observers: 
    none
  Source: (none)
  Source output name: (none)
  Release Data: Off
  Data Released: False
  Global Release Data: Off
  PipelineMTime: 0
  UpdateMTime: 1590
  RealTimeStamp: 0 seconds 
  LargestPossibleRegion: 
    Dimension: 3
    Index: [0, 0, 0]
    Size: [160, 240, 256]
  BufferedRegion: 
    Dimension: 3
    Index: [0, 0, 0]
    Size: [160, 240, 256]
  RequestedRegion: 
    Dimension: 3
    Index: [0, 0, 0]
    Size: [160, 240, 256]
  Spacing: [1, 1, 1]
  Origin: [98.6445, 87.6367, -117.99]
  Direction: 
-0.993515 -0.100992 -0.0522356
0.100853 -0.994888 0.00530255
-0.0525036 1.93536e-08 0.998627

  IndexToPointMatrix: 
-0.993515 -0.100992 -0.0522356
0.100853 -0.994888 0.00530255
-0.0525036 1.93536e-08 0.998627

  PointToIndexMatrix: 
-0.99353 0.100853 -0.0525036
-0.100996 -0.994904 2.28882e-05
-0.0522366 0.00528717 0.998627

  Inverse Direction: 
-0.99353 0.100853 -0.0525036
-0.100996 -0.994904 2.28882e-05
-0.0522366 0.00528717 0.998627

  PixelContainer: 
    ImportImageContainer (0x34961d0)
      RTTI typeinfo:   itk::ImportImageContainer<unsigned long, double>
      Reference Count: 1
      Modified Time: 1587
      Debug: Off
      Object Name: 
      Observers: 
        none
      Pointer: 0x14ece35ec010
      Container manages memory: true
      Size: 9830400
      Capacity: 9830400

     Weighting = 1
     Sampling strategy = regular
     Number of bins = 32
     Radius = 4
     Sampling percentage  = 0.25
   Transform = Affine
     Gradient step = 0.1
     Update field sigma (voxel space) = 0
     Total field sigma (voxel space) = 0
     Update field time sigma = 0
     Total field time sigma  = 0
     Number of time indices = 0
     Number of time point samples = 0
Registration using 1 total stages.

Stage 0
  iterations = 1000x500x250x100
  convergence threshold = 1e-06
  convergence window size = 10
  number of levels = 4
  using the Mattes MI metric (number of bins = 32, weight = 1, use gradient filter = 0)
  preprocessing:  winsorizing the image intensities
  Shrink factors (level 1 out of 4): [8, 8, 8]
  Shrink factors (level 2 out of 4): [4, 4, 4]
  Shrink factors (level 3 out of 4): [2, 2, 2]
  Shrink factors (level 4 out of 4): [1, 1, 1]
  smoothing sigmas per level: [3, 2, 1, 0]
  regular sampling (percentage = 0.25)

*** Running AffineTransform registration ***

DIAGNOSTIC,Iteration,metricValue,convergenceValue,ITERATION_TIME_INDEX,SINCE_LAST
 2DIAGNOSTIC,     1, -6.795476609727e-01, 1.797693134862e+308, 0.0000e+00, 0.0000e+00, 
 2DIAGNOSTIC,     2, -6.815605781894e-01, 1.797693134862e+308, 0.0000e+00, 0.0000e+00, 
 2DIAGNOSTIC,     3, -6.853588092296e-01, 1.797693134862e+308, 0.0000e+00, 0.0000e+00, 
 2DIAGNOSTIC,     4, -6.930206346034e-01, 1.797693134862e+308, 0.0000e+00, 0.0000e+00, 
 2DIAGNOSTIC,     5, -7.024338188429e-01, 1.797693134862e+308, 0.0000e+00, 0.0000e+00, 
 2DIAGNOSTIC,     6, -7.142930439921e-01, 1.797693134862e+308, 0.0000e+00, 0.0000e+00, 
 2DIAGNOSTIC,     7, -7.260467639551e-01, 1.797693134862e+308, 0.0000e+00, 0.0000e+00, 
 2DIAGNOSTIC,     8, -7.371612746376e-01, 1.797693134862e+308, 0.0000e+00, 0.0000e+00, 
 2DIAGNOSTIC,     9, -7.372690798661e-01, 1.797693134862e+308, 0.0000e+00, 0.0000e+00, 
 2DIAGNOSTIC,    10, -7.377781448983e-01, 6.439087310756e-03, 0.0000e+00, 0.0000e+00, 
 2DIAGNOSTIC,    11, -7.377694341753e-01, 5.490627599622e-03, 0.0000e+00, 0.0000e+00, 
 2DIAGNOSTIC,    12, -7.377603210730e-01, 4.276748736595e-03, 0.0000e+00, 0.0000e+00, 
 2DIAGNOSTIC,    13, -7.375910023647e-01, 2.977087614676e-03, 0.0000e+00, 0.0000e+00, 
 2DIAGNOSTIC,    14, -7.375946824922e-01, 1.816265625344e-03, 0.0000e+00, 0.0000e+00, 
 2DIAGNOSTIC,    15, -7.375340072763e-01, 8.947472659562e-04, 0.0000e+00, 0.0000e+00, 
 2DIAGNOSTIC,    16, -7.375686248141e-01, 2.979084552505e-04, 0.0000e+00, 0.0000e+00, 
 2DIAGNOSTIC,    17, -7.373969609248e-01, 7.061801184371e-06, 0.0000e+00, 0.0000e+00, 
DIAGNOSTIC,Iteration,metricValue,convergenceValue,ITERATION_TIME_INDEX,SINCE_LAST
 2DIAGNOSTIC,     1, -6.072687241286e-01, 1.797693134862e+308, 0.0000e+00, 0.0000e+00, 
 2DIAGNOSTIC,     2, -6.078820158424e-01, 1.797693134862e+308, 0.0000e+00, 0.0000e+00, 
 2DIAGNOSTIC,     3, -6.085693521619e-01, 1.797693134862e+308, 0.0000e+00, 0.0000e+00, 
 2DIAGNOSTIC,     4, -6.093984574127e-01, 1.797693134862e+308, 0.0000e+00, 0.0000e+00, 
 2DIAGNOSTIC,     5, -6.098672711369e-01, 1.797693134862e+308, 0.0000e+00, 0.0000e+00, 
 2DIAGNOSTIC,     6, -6.101196607520e-01, 1.797693134862e+308, 0.0000e+00, 0.0000e+00, 
 2DIAGNOSTIC,     7, -6.101981610447e-01, 1.797693134862e+308, 0.0000e+00, 0.0000e+00, 
 2DIAGNOSTIC,     8, -6.102073190827e-01, 1.797693134862e+308, 0.0000e+00, 0.0000e+00, 
 2DIAGNOSTIC,     9, -6.101952103075e-01, 1.797693134862e+308, 0.0000e+00, 0.0000e+00, 
 2DIAGNOSTIC,    10, -6.102397683457e-01, 3.092051730198e-04, 0.0000e+00, 0.0000e+00, 
 2DIAGNOSTIC,    11, -6.102425829825e-01, 1.960206644731e-04, 0.0000e+00, 0.0000e+00, 
 2DIAGNOSTIC,    12, -6.102345536635e-01, 1.077836355223e-04, 0.0000e+00, 0.0000e+00, 
 2DIAGNOSTIC,    13, -6.102278020716e-01, 4.758806651942e-05, 0.0000e+00, 0.0000e+00, 
 2DIAGNOSTIC,    14, -6.102326549517e-01, 1.938768596983e-05, 0.0000e+00, 0.0000e+00, 
 2DIAGNOSTIC,    15, -6.102333251273e-01, 7.769259225687e-06, 0.0000e+00, 0.0000e+00, 
 2DIAGNOSTIC,    16, -6.102328029049e-01, 4.362248924153e-06, 0.0000e+00, 0.0000e+00, 
 2DIAGNOSTIC,    17, -6.102236982599e-01, 3.068974785213e-06, 0.0000e+00, 0.0000e+00, 
 2DIAGNOSTIC,    18, -6.102267768446e-01, 2.171935209759e-06, 0.0000e+00, 0.0000e+00, 
 2DIAGNOSTIC,    19, -6.102299835767e-01, 1.084642906123e-06, 0.0000e+00, 0.0000e+00, 
 2DIAGNOSTIC,    20, -6.102422514766e-01, 1.483861977673e-06, 0.0000e+00, 0.0000e+00, 
 2DIAGNOSTIC,    21, -6.102416857021e-01, 1.915305560422e-06, 0.0000e+00, 0.0000e+00, 
 2DIAGNOSTIC,    22, -6.102421905645e-01, 2.133720760703e-06, 0.0000e+00, 0.0000e+00, 
 2DIAGNOSTIC,    23, -6.102429150965e-01, 2.156227396653e-06, 0.0000e+00, 0.0000e+00, 
 2DIAGNOSTIC,    24, -6.102441439101e-01, 2.225433546652e-06, 0.0000e+00, 0.0000e+00, 
 2DIAGNOSTIC,    25, -6.102470835998e-01, 2.275280159440e-06, 0.0000e+00, 0.0000e+00, 
 2DIAGNOSTIC,    26, -6.102476864985e-01, 2.241263924105e-06, 0.0000e+00, 0.0000e+00, 
 2DIAGNOSTIC,    27, -6.102534566692e-01, 2.067425217127e-06, 0.0000e+00, 0.0000e+00, 
 2DIAGNOSTIC,    28, -6.102570237761e-01, 1.939053130673e-06, 0.0000e+00, 0.0000e+00, 
 2DIAGNOSTIC,    29, -6.102622828723e-01, 1.880597760517e-06, 0.0000e+00, 0.0000e+00, 
 2DIAGNOSTIC,    30, -6.102434232752e-01, 1.656194922983e-06, 0.0000e+00, 0.0000e+00, 
 2DIAGNOSTIC,    31, -6.102488815307e-01, 1.479846014743e-06, 0.0000e+00, 0.0000e+00, 
 2DIAGNOSTIC,    32, -6.102560453709e-01, 1.384543523449e-06, 0.0000e+00, 0.0000e+00, 
 2DIAGNOSTIC,    33, -6.102561961738e-01, 1.269256998879e-06, 0.0000e+00, 0.0000e+00, 
 2DIAGNOSTIC,    34, -6.102593618489e-01, 1.200462629275e-06, 0.0000e+00, 0.0000e+00, 
 2DIAGNOSTIC,    35, -6.102701635229e-01, 1.305037159088e-06, 0.0000e+00, 0.0000e+00, 
 2DIAGNOSTIC,    36, -6.102733760664e-01, 1.416902570089e-06, 0.0000e+00, 0.0000e+00, 
 2DIAGNOSTIC,    37, -6.102720535070e-01, 1.528757576297e-06, 0.0000e+00, 0.0000e+00, 
 2DIAGNOSTIC,    38, -6.102736307338e-01, 1.638777772379e-06, 0.0000e+00, 0.0000e+00, 
 2DIAGNOSTIC,    39, -6.102777866689e-01, 1.792141058391e-06, 0.0000e+00, 0.0000e+00, 
 2DIAGNOSTIC,    40, -6.102729471185e-01, 1.569443229248e-06, 0.0000e+00, 0.0000e+00, 
 2DIAGNOSTIC,    41, -6.102752172037e-01, 1.376475014938e-06, 0.0000e+00, 0.0000e+00, 
 2DIAGNOSTIC,    42, -6.102782933345e-01, 1.255812428286e-06, 0.0000e+00, 0.0000e+00, 
 2DIAGNOSTIC,    43, -6.102746385230e-01, 1.059256609919e-06, 0.0000e+00, 0.0000e+00, 
DIAGNOSTIC,Iteration,metricValue,convergenceValue,ITERATION_TIME_INDEX,SINCE_LAST
 2DIAGNOSTIC,     1, -5.338522054603e-01, 1.797693134862e+308, 0.0000e+00, 0.0000e+00, 
