
##########################
# Experiment information #
##########################

EXPERIMENT_NAME: antsRegistration-r8-p6
VFC_BACKENDS: libinterflop_vprec.so --range-binary32=8 --precision-binary32=6 --range-binary64=8 --precision-binary64=6

SIF_IMG: /home/mdugre/projects/rrg-glatard/mdugre/containers/ants-vprec-no_metrics.simg

SUBJECT_ID: s020
INPUT_IMG: /home/mdugre/scratch/mri-registration-rp/datasets/ds004513/derivatives/mri-registration-rp/antsBrainExtraction/sub-s020/BrainExtractionBrain.nii.gz
OUTPUT_DIR: /home/mdugre/scratch/mri-registration-rp/datasets/ds004513/derivatives/mri-registration-rp/0011/antsRegistration-r8-p6/sub-s020

FIXED_IMG: /templateflow/tpl-MNI152NLin2009cAsym/tpl-MNI152NLin2009cAsym_res-01_desc-brain_T1w.nii.gz
DATA_DIR: /home/mdugre/scratch/mri-registration-rp/datasets/ds004513
TEMPLATEFLOW_DIR: /home/mdugre/projects/rrg-glatard/mdugre/templateflow
ITK_GLOBAL_DEFAULT_NUMBER_OF_THREADS: 16
##########################

Info [verificarlo]: loaded backend libinterflop_ieee.so
Info [interflop-ieee]: load backend with:
Info [interflop-ieee]: debug = false
Info [interflop-ieee]: debug-binary = false
Info [interflop-ieee]: no-backend-name = false
Info [interflop-ieee]: print-new-line = false
Info [interflop-ieee]: print-subnormal-normalized = false
Info [interflop-ieee]: count-op = false
All_Command_lines_OK
Using double precision for computations.
=============================================================================
The composite transform comprises the following transforms (in order): 
  1. Center of mass alignment using fixed image: /templateflow/tpl-MNI152NLin2009cAsym/tpl-MNI152NLin2009cAsym_res-01_desc-brain_T1w.nii.gz and moving image: /home/mdugre/scratch/mri-registration-rp/datasets/ds004513/derivatives/mri-registration-rp/antsBrainExtraction/sub-s020/BrainExtractionBrain.nii.gz (type = Euler3DTransform)
=============================================================================
  number of levels = 1
  fixed image: /templateflow/tpl-MNI152NLin2009cAsym/tpl-MNI152NLin2009cAsym_res-01_desc-brain_T1w.nii.gz
  moving image: /home/mdugre/scratch/mri-registration-rp/datasets/ds004513/derivatives/mri-registration-rp/antsBrainExtraction/sub-s020/BrainExtractionBrain.nii.gz
Dimension = 3
Number of stages = 1
Use histogram matching = false
Winsorize image intensities = true
  Lower quantile = 0.005
  Upper quantile = 0.995


Stage 1 State
   Image metric = MattesMI
     Fixed image = Image (0x517abd0)
  RTTI typeinfo:   itk::Image<double, 3u>
  Reference Count: 2
  Modified Time: 2334
  Debug: Off
  Object Name: 
  Observers: 
    none
  Source: (none)
  Source output name: (none)
  Release Data: Off
  Data Released: False
  Global Release Data: Off
  PipelineMTime: 0
  UpdateMTime: 1943
  RealTimeStamp: 0 seconds 
  LargestPossibleRegion: 
    Dimension: 3
    Index: [0, 0, 0]
    Size: [193, 229, 193]
  BufferedRegion: 
    Dimension: 3
    Index: [0, 0, 0]
    Size: [193, 229, 193]
  RequestedRegion: 
    Dimension: 3
    Index: [0, 0, 0]
    Size: [193, 229, 193]
  Spacing: [1, 1, 1]
  Origin: [96, 132, -78]
  Direction: 
-1 0 0
0 -1 0
0 0 1

  IndexToPointMatrix: 
-1 0 0
0 -1 0
0 0 1

  PointToIndexMatrix: 
-1 0 0
0 -1 0
0 0 1

  Inverse Direction: 
-1 0 0
0 -1 0
0 0 1

  PixelContainer: 
    ImportImageContainer (0x51839e0)
      RTTI typeinfo:   itk::ImportImageContainer<unsigned long, double>
      Reference Count: 1
      Modified Time: 1940
      Debug: Off
      Object Name: 
      Observers: 
        none
      Pointer: 0x151f05166010
      Container manages memory: true
      Size: 8530021
      Capacity: 8530021

     Moving image = Image (0x5184bd0)
  RTTI typeinfo:   itk::Image<double, 3u>
  Reference Count: 2
  Modified Time: 2335
  Debug: Off
  Object Name: 
  Observers: 
    none
  Source: (none)
  Source output name: (none)
  Release Data: Off
  Data Released: False
  Global Release Data: Off
  PipelineMTime: 0
  UpdateMTime: 2332
  RealTimeStamp: 0 seconds 
  LargestPossibleRegion: 
    Dimension: 3
    Index: [0, 0, 0]
    Size: [160, 240, 256]
  BufferedRegion: 
    Dimension: 3
    Index: [0, 0, 0]
    Size: [160, 240, 256]
  RequestedRegion: 
    Dimension: 3
    Index: [0, 0, 0]
    Size: [160, 240, 256]
  Spacing: [0.999995, 1, 1]
  Origin: [87.0906, 98.7205, -152.377]
  Direction: 
-0.996975 0.0261379 -0.0731913
-0.0260677 -0.999658 -0.00191374
-0.0732163 -2.46403e-08 0.997316

  IndexToPointMatrix: 
-0.996971 0.0261379 -0.0731913
-0.0260676 -0.999658 -0.00191374
-0.0732159 -2.46403e-08 0.997316

  PointToIndexMatrix: 
-0.99698 -0.0260679 -0.0732166
0.0261379 -0.999658 -2.46993e-08
-0.0731913 -0.00191374 0.997316

  Inverse Direction: 
-0.996975 -0.0260677 -0.0732163
0.0261379 -0.999658 -2.46993e-08
-0.0731913 -0.00191374 0.997316

  PixelContainer: 
    ImportImageContainer (0x530ab50)
      RTTI typeinfo:   itk::ImportImageContainer<unsigned long, double>
      Reference Count: 1
      Modified Time: 2329
      Debug: Off
      Object Name: 
      Observers: 
        none
      Pointer: 0x151f00665010
      Container manages memory: true
      Size: 9830400
      Capacity: 9830400

     Weighting = 1
     Sampling strategy = regular
     Number of bins = 32
     Radius = 4
     Sampling percentage  = 0.25
   Transform = Rigid
     Gradient step = 0.1
     Update field sigma (voxel space) = 0
     Total field sigma (voxel space) = 0
     Update field time sigma = 0
     Total field time sigma  = 0
     Number of time indices = 0
     Number of time point samples = 0
Registration using 1 total stages.

Stage 0
  iterations = 0
  convergence threshold = 1e-06
  convergence window size = 10
  number of levels = 1
  using the Mattes MI metric (number of bins = 32, weight = 1, use gradient filter = 0)
  preprocessing:  winsorizing the image intensities
  Shrink factors (level 1 out of 1): [1, 1, 1]
  smoothing sigmas per level: [0]
  regular sampling (percentage = 0.25)

*** Running Euler3DTransform registration ***

  Elapsed time (stage 0): 1.13442


Total elapsed time: 1.14372
Info [verificarlo]: loaded backend libinterflop_ieee.so
Info [interflop-ieee]: load backend with:
Info [interflop-ieee]: debug = false
Info [interflop-ieee]: debug-binary = false
Info [interflop-ieee]: no-backend-name = false
Info [interflop-ieee]: print-new-line = false
Info [interflop-ieee]: print-subnormal-normalized = false
Info [interflop-ieee]: count-op = false
All_Command_lines_OK
Using double precision for computations.
=============================================================================
The composite transform comprises the following transforms (in order): 
  1. /home/mdugre/scratch/mri-registration-rp/datasets/ds004513/derivatives/mri-registration-rp/0011/antsRegistration-r8-p6/sub-s020/align_Composite.h5[0] (type = Euler3DTransform)
  2. /home/mdugre/scratch/mri-registration-rp/datasets/ds004513/derivatives/mri-registration-rp/0011/antsRegistration-r8-p6/sub-s020/align_Composite.h5[1] (type = Euler3DTransform)
=============================================================================
  number of levels = 4
  fixed image: /templateflow/tpl-MNI152NLin2009cAsym/tpl-MNI152NLin2009cAsym_res-01_desc-brain_T1w.nii.gz
  moving image: /home/mdugre/scratch/mri-registration-rp/datasets/ds004513/derivatives/mri-registration-rp/antsBrainExtraction/sub-s020/BrainExtractionBrain.nii.gz
Dimension = 3
Number of stages = 1
Use histogram matching = false
Winsorize image intensities = true
  Lower quantile = 0.005
  Upper quantile = 0.995


Stage 1 State
   Image metric = MattesMI
     Fixed image = Image (0x4712530)
  RTTI typeinfo:   itk::Image<double, 3u>
  Reference Count: 2
  Modified Time: 1580
  Debug: Off
  Object Name: 
  Observers: 
    none
  Source: (none)
  Source output name: (none)
  Release Data: Off
  Data Released: False
  Global Release Data: Off
  PipelineMTime: 0
  UpdateMTime: 1189
  RealTimeStamp: 0 seconds 
  LargestPossibleRegion: 
    Dimension: 3
    Index: [0, 0, 0]
    Size: [193, 229, 193]
  BufferedRegion: 
    Dimension: 3
    Index: [0, 0, 0]
    Size: [193, 229, 193]
  RequestedRegion: 
    Dimension: 3
    Index: [0, 0, 0]
    Size: [193, 229, 193]
  Spacing: [1, 1, 1]
  Origin: [96, 132, -78]
  Direction: 
-1 0 0
0 -1 0
0 0 1

  IndexToPointMatrix: 
-1 0 0
0 -1 0
0 0 1

  PointToIndexMatrix: 
-1 0 0
0 -1 0
0 0 1

  Inverse Direction: 
-1 0 0
0 -1 0
0 0 1

  PixelContainer: 
    ImportImageContainer (0x47d0d60)
      RTTI typeinfo:   itk::ImportImageContainer<unsigned long, double>
      Reference Count: 1
      Modified Time: 1186
      Debug: Off
      Object Name: 
      Observers: 
        none
      Pointer: 0x14dd61c55010
      Container manages memory: true
      Size: 8530021
      Capacity: 8530021

     Moving image = Image (0x47c2f60)
  RTTI typeinfo:   itk::Image<double, 3u>
  Reference Count: 2
  Modified Time: 1581
  Debug: Off
  Object Name: 
  Observers: 
    none
  Source: (none)
  Source output name: (none)
  Release Data: Off
  Data Released: False
  Global Release Data: Off
  PipelineMTime: 0
  UpdateMTime: 1578
  RealTimeStamp: 0 seconds 
  LargestPossibleRegion: 
    Dimension: 3
    Index: [0, 0, 0]
    Size: [160, 240, 256]
  BufferedRegion: 
    Dimension: 3
    Index: [0, 0, 0]
    Size: [160, 240, 256]
  RequestedRegion: 
    Dimension: 3
    Index: [0, 0, 0]
    Size: [160, 240, 256]
  Spacing: [0.999995, 1, 1]
  Origin: [87.0906, 98.7205, -152.377]
  Direction: 
-0.996975 0.0261379 -0.0731913
-0.0260677 -0.999658 -0.00191374
-0.0732163 -2.46403e-08 0.997316

  IndexToPointMatrix: 
-0.996971 0.0261379 -0.0731913
-0.0260676 -0.999658 -0.00191374
-0.0732159 -2.46403e-08 0.997316

  PointToIndexMatrix: 
-0.99698 -0.0260679 -0.0732166
0.0261379 -0.999658 -2.46993e-08
-0.0731913 -0.00191374 0.997316

  Inverse Direction: 
-0.996975 -0.0260677 -0.0732163
0.0261379 -0.999658 -2.46993e-08
-0.0731913 -0.00191374 0.997316

  PixelContainer: 
    ImportImageContainer (0x47b46d0)
      RTTI typeinfo:   itk::ImportImageContainer<unsigned long, double>
      Reference Count: 1
      Modified Time: 1575
      Debug: Off
      Object Name: 
      Observers: 
        none
      Pointer: 0x14dd5d154010
      Container manages memory: true
      Size: 9830400
      Capacity: 9830400

     Weighting = 1
     Sampling strategy = regular
     Number of bins = 32
     Radius = 4
     Sampling percentage  = 0.25
   Transform = Rigid
     Gradient step = 0.1
     Update field sigma (voxel space) = 0
     Total field sigma (voxel space) = 0
     Update field time sigma = 0
     Total field time sigma  = 0
     Number of time indices = 0
     Number of time point samples = 0
Registration using 1 total stages.

Stage 0
  iterations = 1000x500x250x100
  convergence threshold = 1e-06
  convergence window size = 10
  number of levels = 4
  using the Mattes MI metric (number of bins = 32, weight = 1, use gradient filter = 0)
  preprocessing:  winsorizing the image intensities
  Shrink factors (level 1 out of 4): [8, 8, 8]
  Shrink factors (level 2 out of 4): [4, 4, 4]
  Shrink factors (level 3 out of 4): [2, 2, 2]
  Shrink factors (level 4 out of 4): [1, 1, 1]
  smoothing sigmas per level: [3, 2, 1, 0]
  regular sampling (percentage = 0.25)

*** Running Euler3DTransform registration ***

DIAGNOSTIC,Iteration,metricValue,convergenceValue,ITERATION_TIME_INDEX,SINCE_LAST
 2DIAGNOSTIC,     1, -3.791273390751e-01, 1.797693134862e+308, 6.5807e-01, 6.5807e-01, 
 2DIAGNOSTIC,     2, -3.803606001643e-01, 1.797693134862e+308, 6.6273e-01, 4.6599e-03, 
 2DIAGNOSTIC,     3, -3.828962034719e-01, 1.797693134862e+308, 6.6738e-01, 4.6520e-03, 
 2DIAGNOSTIC,     4, -3.876122532015e-01, 1.797693134862e+308, 6.7219e-01, 4.8032e-03, 
 2DIAGNOSTIC,     5, -3.904935334081e-01, 1.797693134862e+308, 6.7703e-01, 4.8470e-03, 
 2DIAGNOSTIC,     6, -3.911039700181e-01, 1.797693134862e+308, 6.8166e-01, 4.6260e-03, 
 2DIAGNOSTIC,     7, -3.914905453856e-01, 1.797693134862e+308, 6.8612e-01, 4.4641e-03, 
 2DIAGNOSTIC,     8, -3.925629083064e-01, 1.797693134862e+308, 6.9031e-01, 4.1831e-03, 
 2DIAGNOSTIC,     9, -3.981570789235e-01, 1.797693134862e+308, 6.9477e-01, 4.4591e-03, 
 2DIAGNOSTIC,    10, -4.079218556696e-01, 3.866687266231e-03, 7.0164e-01, 6.8750e-03, 
 2DIAGNOSTIC,    11, -4.246779602407e-01, 4.904320352955e-03, 7.0684e-01, 5.2001e-03, 
 2DIAGNOSTIC,    12, -4.297045200929e-01, 5.673254149495e-03, 7.1142e-01, 4.5769e-03, 
 2DIAGNOSTIC,    13, -4.335692915500e-01, 6.156954111594e-03, 7.1671e-01, 5.2919e-03, 
 2DIAGNOSTIC,    14, -4.439932007394e-01, 6.764094567499e-03, 7.2121e-01, 4.4959e-03, 
 2DIAGNOSTIC,    15, -4.466217673370e-01, 6.904768045840e-03, 7.2638e-01, 5.1749e-03, 
 2DIAGNOSTIC,    16, -4.513528166467e-01, 6.619270357080e-03, 7.3088e-01, 4.5030e-03, 
 2DIAGNOSTIC,    17, -4.528511001235e-01, 5.844785637505e-03, 7.3622e-01, 5.3370e-03, 
 2DIAGNOSTIC,    18, -4.555717392131e-01, 4.777374803067e-03, 7.4296e-01, 6.7358e-03, 
 2DIAGNOSTIC,    19, -4.559551117194e-01, 3.601534612804e-03, 7.4765e-01, 4.6890e-03, 
 2DIAGNOSTIC,    20, -4.573566013466e-01, 2.586715037662e-03, 7.5439e-01, 6.7430e-03, 
 2DIAGNOSTIC,    21, -4.575247857058e-01, 1.982969964129e-03, 7.5876e-01, 4.3700e-03, 
 2DIAGNOSTIC,    22, -4.577282527278e-01, 1.415635849833e-03, 7.6377e-01, 5.0070e-03, 
 2DIAGNOSTIC,    23, -4.579446743133e-01, 8.825814153108e-04, 7.6810e-01, 4.3371e-03, 
 2DIAGNOSTIC,    24, -4.580222476569e-01, 6.077359811798e-04, 7.7247e-01, 4.3700e-03, 
 2DIAGNOSTIC,    25, -4.581756649252e-01, 3.715372150395e-04, 7.7699e-01, 4.5130e-03, 
 2DIAGNOSTIC,    26, -4.586248789286e-01, 2.524131142948e-04, 7.8143e-01, 4.4441e-03, 
 2DIAGNOSTIC,    27, -4.589296239303e-01, 1.618761501685e-04, 7.8803e-01, 6.6020e-03, 
 2DIAGNOSTIC,    28, -4.591733295847e-01, 1.333093243501e-04, 7.9242e-01, 4.3921e-03, 
 2DIAGNOSTIC,    29, -4.592818753528e-01, 1.048385508492e-04, 7.9736e-01, 4.9341e-03, 
 2DIAGNOSTIC,    30, -4.597219624226e-01, 1.090889815118e-04, 8.0339e-01, 6.0341e-03, 
 2DIAGNOSTIC,    31, -4.598058551010e-01, 1.078025717144e-04, 8.0792e-01, 4.5290e-03, 
 2DIAGNOSTIC,    32, -4.606618117315e-01, 1.181091968927e-04, 8.1281e-01, 4.8890e-03, 
 2DIAGNOSTIC,    33, -4.610351784012e-01, 1.280758189677e-04, 8.1720e-01, 4.3879e-03, 
 2DIAGNOSTIC,    34, -4.611773214920e-01, 1.296536113809e-04, 8.2155e-01, 4.3499e-03, 
 2DIAGNOSTIC,    35, -4.615412419411e-01, 1.285932845309e-04, 8.2602e-01, 4.4751e-03, 
 2DIAGNOSTIC,    36, -4.621705702680e-01, 1.347570397567e-04, 8.3151e-01, 5.4820e-03, 
 2DIAGNOSTIC,    37, -4.629097901210e-01, 1.457417097538e-04, 8.3648e-01, 4.9760e-03, 
 2DIAGNOSTIC,    38, -4.631493255777e-01, 1.503571375450e-04, 8.4137e-01, 4.8912e-03, 
 2DIAGNOSTIC,    39, -4.635657002533e-01, 1.493792106549e-04, 8.4574e-01, 4.3681e-03, 
 2DIAGNOSTIC,    40, -4.640356900479e-01, 1.491654849066e-04, 8.5041e-01, 4.6721e-03, 
 2DIAGNOSTIC,    41, -4.651064563594e-01, 1.524428801826e-04, 8.5498e-01, 4.5640e-03, 
 2DIAGNOSTIC,    42, -4.685932520974e-01, 2.072447777742e-04, 8.6179e-01, 6.8121e-03, 
 2DIAGNOSTIC,    43, -4.699212039735e-01, 2.639723611374e-04, 8.6676e-01, 4.9741e-03, 
 2DIAGNOSTIC,    44, -4.705429410635e-01, 3.043042780724e-04, 8.7167e-01, 4.9031e-03, 
 2DIAGNOSTIC,    45, -4.707406399565e-01, 3.222752039461e-04, 8.7662e-01, 4.9541e-03, 
 2DIAGNOSTIC,    46, -4.712334656898e-01, 3.240447559615e-04, 8.8174e-01, 5.1241e-03, 
 2DIAGNOSTIC,    47, -4.718491514143e-01, 3.124205567249e-04, 8.8772e-01, 5.9731e-03, 
 2DIAGNOSTIC,    48, -4.724697934287e-01, 2.824876016201e-04, 8.9212e-01, 4.4022e-03, 
 2DIAGNOSTIC,    49, -4.731987680232e-01, 2.423096785999e-04, 8.9656e-01, 4.4420e-03, 
 2DIAGNOSTIC,    50, -4.737787361795e-01, 1.943871440652e-04, 9.0106e-01, 4.4990e-03, 
 2DIAGNOSTIC,    51, -4.751924401039e-01, 1.599132685336e-04, 9.0595e-01, 4.8871e-03, 
 2DIAGNOSTIC,    52, -4.791662563622e-01, 2.021097048149e-04, 9.1091e-01, 4.9608e-03, 
 2DIAGNOSTIC,    53, -4.882359225238e-01, 3.465258934264e-04, 9.1612e-01, 5.2099e-03, 
 2DIAGNOSTIC,    54, -4.943053617888e-01, 5.281320416999e-04, 9.2051e-01, 4.3910e-03, 
 2DIAGNOSTIC,    55, -4.957025164580e-01, 6.700581314418e-04, 9.2545e-01, 4.9391e-03, 
 2DIAGNOSTIC,    56, -4.981693888948e-01, 7.771163905929e-04, 9.3139e-01, 5.9431e-03, 
 2DIAGNOSTIC,    57, -4.985236743992e-01, 8.155875929892e-04, 9.3570e-01, 4.3120e-03, 
 2DIAGNOSTIC,    58, -4.993617101361e-01, 7.886852415739e-04, 9.4269e-01, 6.9871e-03, 
 2DIAGNOSTIC,    59, -4.996113967963e-01, 6.969622596673e-04, 9.4698e-01, 4.2851e-03, 
 2DIAGNOSTIC,    60, -5.000466774904e-01, 5.534796418107e-04, 9.5178e-01, 4.8060e-03, 
 2DIAGNOSTIC,    61, -5.001672747020e-01, 3.783346927528e-04, 9.5608e-01, 4.2999e-03, 
 2DIAGNOSTIC,    62, -5.002930574343e-01, 2.126516430374e-04, 9.6028e-01, 4.2021e-03, 
 2DIAGNOSTIC,    63, -5.008147699351e-01, 1.260854001745e-04, 9.6503e-01, 4.7491e-03, 
 2DIAGNOSTIC,    64, -5.010053212470e-01, 9.111433786599e-05, 9.6937e-01, 4.3409e-03, 
 2DIAGNOSTIC,    65, -5.011595434550e-01, 6.289879982207e-05, 9.7526e-01, 5.8842e-03, 
 2DIAGNOSTIC,    66, -5.015161001648e-01, 5.625120647713e-05, 9.8107e-01, 5.8100e-03, 
 2DIAGNOSTIC,    67, -5.015893869552e-01, 4.819794416373e-05, 9.8532e-01, 4.2560e-03, 
 2DIAGNOSTIC,    68, -5.017468353735e-01, 4.483450130874e-05, 9.8962e-01, 4.2930e-03, 
 2DIAGNOSTIC,    69, -5.020348283633e-01, 4.201768918613e-05, 9.9389e-01, 4.2770e-03, 
 2DIAGNOSTIC,    70, -5.024335868537e-01, 4.262206150035e-05, 9.9821e-01, 4.3209e-03, 
 2DIAGNOSTIC,    71, -5.025634192301e-01, 4.127032406002e-05, 1.0033e+00, 5.0380e-03, 
 2DIAGNOSTIC,    72, -5.026910656252e-01, 3.813478680047e-05, 1.0081e+00, 4.8389e-03, 
 2DIAGNOSTIC,    73, -5.027735698015e-01, 3.657985706875e-05, 1.0145e+00, 6.4349e-03, 
 2DIAGNOSTIC,    74, -5.027838368358e-01, 3.322071188223e-05, 1.0189e+00, 4.3480e-03, 
 2DIAGNOSTIC,    75, -5.027707758596e-01, 2.785636980707e-05, 1.0232e+00, 4.2949e-03, 
 2DIAGNOSTIC,    76, -5.027846917939e-01, 2.301042257756e-05, 1.0276e+00, 4.4539e-03, 
 2DIAGNOSTIC,    77, -5.028007458055e-01, 1.685315664597e-05, 1.0324e+00, 4.8058e-03, 
 2DIAGNOSTIC,    78, -5.027404562932e-01, 1.001718888437e-05, 1.0373e+00, 4.8308e-03, 
 2DIAGNOSTIC,    79, -5.027666513184e-01, 4.828483993741e-06, 1.0447e+00, 7.4880e-03, 
 2DIAGNOSTIC,    80, -5.027669612223e-01, 2.387398771227e-06, 1.0491e+00, 4.3139e-03, 
DIAGNOSTIC,Iteration,metricValue,convergenceValue,ITERATION_TIME_INDEX,SINCE_LAST
 2DIAGNOSTIC,     1, -4.049600313357e-01, 1.797693134862e+308, 1.7409e+00, 6.9181e-01, 
 2DIAGNOSTIC,     2, -4.055187412125e-01, 1.797693134862e+308, 1.7691e+00, 2.8226e-02, 
 2DIAGNOSTIC,     3, -4.062674779183e-01, 1.797693134862e+308, 1.7966e+00, 2.7546e-02, 
 2DIAGNOSTIC,     4, -4.065721146418e-01, 1.797693134862e+308, 1.8287e+00, 3.2046e-02, 
 2DIAGNOSTIC,     5, -4.068703316020e-01, 1.797693134862e+308, 1.8568e+00, 2.8096e-02, 
 2DIAGNOSTIC,     6, -4.072052314687e-01, 1.797693134862e+308, 1.8854e+00, 2.8633e-02, 
 2DIAGNOSTIC,     7, -4.080429591335e-01, 1.797693134862e+308, 1.9140e+00, 2.8619e-02, 
 2DIAGNOSTIC,     8, -4.093857376338e-01, 1.797693134862e+308, 1.9643e+00, 5.0213e-02, 
 2DIAGNOSTIC,     9, -4.098345168675e-01, 1.797693134862e+308, 1.9925e+00, 2.8204e-02, 
 2DIAGNOSTIC,    10, -4.102271113790e-01, 8.379631171382e-04, 2.0208e+00, 2.8371e-02, 
 2DIAGNOSTIC,    11, -4.114913600201e-01, 8.286553471427e-04, 2.0530e+00, 3.2198e-02, 
 2DIAGNOSTIC,    12, -4.129184989935e-01, 8.585707414460e-04, 2.0807e+00, 2.7677e-02, 
 2DIAGNOSTIC,    13, -4.130421577720e-01, 8.507975645763e-04, 2.1082e+00, 2.7454e-02, 
 2DIAGNOSTIC,    14, -4.134109639553e-01, 8.019853073761e-04, 2.1365e+00, 2.8319e-02, 
 2DIAGNOSTIC,    15, -4.140625704284e-01, 7.317746636863e-04, 2.1781e+00, 4.1669e-02, 
 2DIAGNOSTIC,    16, -4.141214154431e-01, 6.188724627871e-04, 2.2063e+00, 2.8189e-02, 
 2DIAGNOSTIC,    17, -4.141334098524e-01, 4.955079379211e-04, 2.2341e+00, 2.7785e-02, 
 2DIAGNOSTIC,    18, -4.142699369113e-01, 3.979179493771e-04, 2.2621e+00, 2.7944e-02, 
 2DIAGNOSTIC,    19, -4.146573931892e-01, 3.050359221645e-04, 2.2899e+00, 2.7797e-02, 
 2DIAGNOSTIC,    20, -4.149470302303e-01, 2.156198942410e-04, 2.3283e+00, 3.8446e-02, 
 2DIAGNOSTIC,    21, -4.150678835894e-01, 1.592461779405e-04, 2.3607e+00, 3.2363e-02, 
 2DIAGNOSTIC,    22, -4.152441488072e-01, 1.442566666691e-04, 2.3969e+00, 3.6186e-02, 
 2DIAGNOSTIC,    23, -4.154778272390e-01, 1.278308221304e-04, 2.4293e+00, 3.2410e-02, 
 2DIAGNOSTIC,    24, -4.158000450940e-01, 1.200074488095e-04, 2.4559e+00, 2.6656e-02, 
 2DIAGNOSTIC,    25, -4.161690230577e-01, 1.295969175283e-04, 2.4898e+00, 3.3915e-02, 
 2DIAGNOSTIC,    26, -4.163068716272e-01, 1.316234299084e-04, 2.5222e+00, 3.2379e-02, 
 2DIAGNOSTIC,    27, -4.164410785287e-01, 1.251330039951e-04, 2.5508e+00, 2.8604e-02, 
 2DIAGNOSTIC,    28, -4.165576867354e-01, 1.134708129404e-04, 2.5810e+00, 3.0228e-02, 
 2DIAGNOSTIC,    29, -4.166363962985e-01, 1.028332233136e-04, 2.6131e+00, 3.2092e-02, 
 2DIAGNOSTIC,    30, -4.166805254510e-01, 9.086851747255e-05, 2.6482e+00, 3.5039e-02, 
 2DIAGNOSTIC,    31, -4.166735820077e-01, 7.372614810656e-05, 2.6784e+00, 3.0234e-02, 
 2DIAGNOSTIC,    32, -4.167095547487e-01, 5.539020167276e-05, 2.7090e+00, 3.0616e-02, 
 2DIAGNOSTIC,    33, -4.168120142553e-01, 3.991254161292e-05, 2.7413e+00, 3.2278e-02, 
 2DIAGNOSTIC,    34, -4.169020327541e-01, 2.977490399524e-05, 2.7898e+00, 4.8449e-02, 
 2DIAGNOSTIC,    35, -4.169594946688e-01, 2.582360334106e-05, 2.8206e+00, 3.0857e-02, 
 2DIAGNOSTIC,    36, -4.169591442339e-01, 2.234889405009e-05, 2.8614e+00, 4.0794e-02, 
 2DIAGNOSTIC,    37, -4.170110187067e-01, 2.047199779833e-05, 2.8962e+00, 3.4748e-02, 
 2DIAGNOSTIC,    38, -4.170740561757e-01, 1.999535752481e-05, 2.9336e+00, 3.7462e-02, 
 2DIAGNOSTIC,    39, -4.171423356368e-01, 2.023760739108e-05, 2.9680e+00, 3.4417e-02, 
 2DIAGNOSTIC,    40, -4.171781559746e-01, 2.000121103358e-05, 3.0003e+00, 3.2312e-02, 
 2DIAGNOSTIC,    41, -4.172504404949e-01, 1.907463757776e-05, 3.0297e+00, 2.9357e-02, 
 2DIAGNOSTIC,    42, -4.173037445138e-01, 1.786471816256e-05, 3.0662e+00, 3.6467e-02, 
 2DIAGNOSTIC,    43, -4.173112873043e-01, 1.677948081796e-05, 3.1175e+00, 5.1335e-02, 
 2DIAGNOSTIC,    44, -4.173181695468e-01, 1.571256080123e-05, 3.1560e+00, 3.8490e-02, 
 2DIAGNOSTIC,    45, -4.173181694974e-01, 1.415707593512e-05, 3.2046e+00, 4.8592e-02, 
 2DIAGNOSTIC,    46, -4.173181694995e-01, 1.136390365912e-05, 3.2473e+00, 4.2718e-02, 
 2DIAGNOSTIC,    47, -4.173181694995e-01, 8.405286812393e-06, 3.2931e+00, 4.5764e-02, 
 2DIAGNOSTIC,    48, -4.173181694995e-01, 5.722464558100e-06, 3.3255e+00, 3.2384e-02, 
 2DIAGNOSTIC,    49, -4.173181694995e-01, 3.629733172056e-06, 3.3574e+00, 3.1939e-02, 
 2DIAGNOSTIC,    50, -4.173181694995e-01, 1.809282447633e-06, 3.3894e+00, 3.1968e-02, 
DIAGNOSTIC,Iteration,metricValue,convergenceValue,ITERATION_TIME_INDEX,SINCE_LAST
 2DIAGNOSTIC,     1, -3.576819356500e-01, 1.797693134862e+308, 4.5404e+00, 1.1510e+00, 
 2DIAGNOSTIC,     2, -3.578640025838e-01, 1.797693134862e+308, 4.7860e+00, 2.4564e-01, 
 2DIAGNOSTIC,     3, -3.580811228656e-01, 1.797693134862e+308, 5.0512e+00, 2.6518e-01, 
 2DIAGNOSTIC,     4, -3.582845007737e-01, 1.797693134862e+308, 5.2934e+00, 2.4223e-01, 
 2DIAGNOSTIC,     5, -3.584094742641e-01, 1.797693134862e+308, 5.5234e+00, 2.2993e-01, 
 2DIAGNOSTIC,     6, -3.585171975803e-01, 1.797693134862e+308, 5.7898e+00, 2.6647e-01, 
 2DIAGNOSTIC,     7, -3.587940549265e-01, 1.797693134862e+308, 6.3080e+00, 5.1820e-01, 
 2DIAGNOSTIC,     8, -3.587931079268e-01, 1.797693134862e+308, 6.6197e+00, 3.1165e-01, 
 2DIAGNOSTIC,     9, -3.587946325398e-01, 1.797693134862e+308, 6.8717e+00, 2.5198e-01, 
 2DIAGNOSTIC,    10, -3.587943267573e-01, 2.157800667327e-04, 7.1313e+00, 2.5960e-01, 
 2DIAGNOSTIC,    11, -3.587960566527e-01, 1.570159524346e-04, 7.4119e+00, 2.8058e-01, 
 2DIAGNOSTIC,    12, -3.587974609323e-01, 1.059073268408e-04, 7.7005e+00, 2.8869e-01, 
 2DIAGNOSTIC,    13, -3.587981516335e-01, 6.640796919245e-05, 7.9400e+00, 2.3944e-01, 
 2DIAGNOSTIC,    14, -3.588016501501e-01, 3.858770902744e-05, 8.2417e+00, 3.0175e-01, 
 2DIAGNOSTIC,    15, -3.588034420875e-01, 1.787198391941e-05, 8.4774e+00, 2.3567e-01, 
 2DIAGNOSTIC,    16, -3.588063432376e-01, 3.389574543031e-06, 8.7527e+00, 2.7524e-01, 
 2DIAGNOSTIC,    17, -3.588080866515e-01, 3.473243520007e-06, 8.9950e+00, 2.4238e-01, 
 2DIAGNOSTIC,    18, -3.588087280713e-01, 3.384730691759e-06, 9.2334e+00, 2.3835e-01, 
 2DIAGNOSTIC,    19, -3.588139627795e-01, 3.439132183626e-06, 9.5439e+00, 3.1047e-01, 
 2DIAGNOSTIC,    20, -3.588149739315e-01, 3.344634570718e-06, 9.8120e+00, 2.6818e-01, 
 2DIAGNOSTIC,    21, -3.588143804747e-01, 3.138993481963e-06, 1.0080e+01, 2.6819e-01, 
 2DIAGNOSTIC,    22, -3.588137944172e-01, 2.834405774657e-06, 1.0340e+01, 2.6021e-01, 
 2DIAGNOSTIC,    23, -3.588126480827e-01, 2.409322546450e-06, 1.0618e+01, 2.7741e-01, 
 2DIAGNOSTIC,    24, -3.588123457921e-01, 2.026890494736e-06, 1.0947e+01, 3.2900e-01, 
 2DIAGNOSTIC,    25, -3.588113602604e-01, 1.631622315458e-06, 1.1212e+01, 2.6491e-01, 
 2DIAGNOSTIC,    26, -3.588102533362e-01, 1.289479101760e-06, 1.1443e+01, 2.3131e-01, 
 2DIAGNOSTIC,    27, -3.588099100357e-01, 1.010331292080e-06, 1.1700e+01, 2.5645e-01, 
DIAGNOSTIC,Iteration,metricValue,convergenceValue,ITERATION_TIME_INDEX,SINCE_LAST
 2DIAGNOSTIC,     1, -3.296775188145e-01, 1.797693134862e+308, 1.4280e+01, 2.5805e+00, 
 2DIAGNOSTIC,     2, -3.299207941186e-01, 1.797693134862e+308, 1.5839e+01, 1.5592e+00, 
 2DIAGNOSTIC,     3, -3.303851398144e-01, 1.797693134862e+308, 1.7186e+01, 1.3469e+00, 
 2DIAGNOSTIC,     4, -3.307223541535e-01, 1.797693134862e+308, 1.8517e+01, 1.3314e+00, 
 2DIAGNOSTIC,     5, -3.310353244458e-01, 1.797693134862e+308, 1.9972e+01, 1.4543e+00, 
 2DIAGNOSTIC,     6, -3.315392861127e-01, 1.797693134862e+308, 2.1848e+01, 1.8761e+00, 
 2DIAGNOSTIC,     7, -3.315518709154e-01, 1.797693134862e+308, 2.3726e+01, 1.8785e+00, 
 2DIAGNOSTIC,     8, -3.315612368985e-01, 1.797693134862e+308, 2.6022e+01, 2.2952e+00, 
 2DIAGNOSTIC,     9, -3.315624102351e-01, 1.797693134862e+308, 2.7516e+01, 1.4940e+00, 
 2DIAGNOSTIC,    10, -3.315619311769e-01, 3.994872467374e-04, 2.9518e+01, 2.0028e+00, 
 2DIAGNOSTIC,    11, -3.315619058843e-01, 2.766041722918e-04, 3.1160e+01, 1.6412e+00, 
 2DIAGNOSTIC,    12, -3.315620012035e-01, 1.666570422229e-04, 3.3153e+01, 1.9939e+00, 
 2DIAGNOSTIC,    13, -3.315619648882e-01, 8.964023956456e-05, 3.4629e+01, 1.4760e+00, 
 2DIAGNOSTIC,    14, -3.315619194457e-01, 3.622471085994e-05, 3.5906e+01, 1.2767e+00, 
 2DIAGNOSTIC,    15, -3.315618207910e-01, 3.932912367277e-06, 3.7371e+01, 1.4647e+00, 
 2DIAGNOSTIC,    16, -3.315617219566e-01, 2.529336522783e-06, 3.8818e+01, 1.4470e+00, 
 2DIAGNOSTIC,    17, -3.315615374451e-01, 1.854126252976e-06, 4.0290e+01, 1.4727e+00, 
 2DIAGNOSTIC,    18, -3.315614991413e-01, 1.698669782724e-06, 4.1618e+01, 1.3273e+00, 
 2DIAGNOSTIC,    19, -3.315615533739e-01, 1.622158591889e-06, 4.3077e+01, 1.4590e+00, 
 2DIAGNOSTIC,    20, -3.315615366103e-01, 1.536956754644e-06, 4.4366e+01, 1.2889e+00, 
 2DIAGNOSTIC,    21, -3.315614591711e-01, 1.460775853050e-06, 4.5679e+01, 1.3137e+00, 
 2DIAGNOSTIC,    22, -3.315614249330e-01, 1.399283138123e-06, 4.7105e+01, 1.4258e+00, 
 2DIAGNOSTIC,    23, -3.315615027149e-01, 1.349141478070e-06, 4.8721e+01, 1.6158e+00, 
 2DIAGNOSTIC,    24, -3.315614628429e-01, 1.303199675499e-06, 5.0237e+01, 1.5156e+00, 
 2DIAGNOSTIC,    25, -3.315614285616e-01, 1.258620143288e-06, 5.1698e+01, 1.4618e+00, 
 2DIAGNOSTIC,    26, -3.315614009588e-01, 1.214980886392e-06, 5.3141e+01, 1.4430e+00, 
 2DIAGNOSTIC,    27, -3.315614436491e-01, 1.171007348054e-06, 5.4560e+01, 1.4187e+00, 
 2DIAGNOSTIC,    28, -3.315614235965e-01, 1.128949247364e-06, 5.5869e+01, 1.3091e+00, 
 2DIAGNOSTIC,    29, -3.315613673038e-01, 1.090479514944e-06, 5.7616e+01, 1.7469e+00, 
 2DIAGNOSTIC,    30, -3.315613909254e-01, 1.055615069634e-06, 5.9085e+01, 1.4692e+00, 
 2DIAGNOSTIC,    31, -3.315613356001e-01, 1.019836589407e-06, 6.0529e+01, 1.4441e+00, 
  Elapsed time (stage 0): 6.1274e+01


Total elapsed time: 6.1282e+01
Info [verificarlo]: loaded backend libinterflop_vprec.so
Info [interflop-vprec]: load backend with: 
Info [interflop-vprec]: precision-binary32 = 6
Info [interflop-vprec]: range-binary32 = 8
Info [interflop-vprec]: precision-binary64 = 6
Info [interflop-vprec]: range-binary64 = 8
Info [interflop-vprec]: mode = ob
Info [interflop-vprec]: error-mode = rel
Info [interflop-vprec]: max-abs-error-exponent = -1022
Info [interflop-vprec]: daz = false
Info [interflop-vprec]: ftz = false
Info [interflop-vprec]: 	instrument = none
Info [interflop-vprec]: 	prec-input-file = (null)
Info [interflop-vprec]: 	prec-output-file = (null)
Info [interflop-vprec]: 	prec-log-file = (null)
All_Command_lines_OK
Using double precision for computations.
=============================================================================
The composite transform comprises the following transforms (in order): 
  1. /home/mdugre/scratch/mri-registration-rp/datasets/ds004513/derivatives/mri-registration-rp/0011/antsRegistration-r8-p6/sub-s020/rigid_Composite.h5[0] (type = Euler3DTransform)
  2. /home/mdugre/scratch/mri-registration-rp/datasets/ds004513/derivatives/mri-registration-rp/0011/antsRegistration-r8-p6/sub-s020/rigid_Composite.h5[1] (type = Euler3DTransform)
  3. /home/mdugre/scratch/mri-registration-rp/datasets/ds004513/derivatives/mri-registration-rp/0011/antsRegistration-r8-p6/sub-s020/rigid_Composite.h5[2] (type = Euler3DTransform)
=============================================================================
  number of levels = 4
  fixed image: /templateflow/tpl-MNI152NLin2009cAsym/tpl-MNI152NLin2009cAsym_res-01_desc-brain_T1w.nii.gz
  moving image: /home/mdugre/scratch/mri-registration-rp/datasets/ds004513/derivatives/mri-registration-rp/antsBrainExtraction/sub-s020/BrainExtractionBrain.nii.gz
Dimension = 3
Number of stages = 1
Use histogram matching = false
Winsorize image intensities = true
  Lower quantile = 0.005
  Upper quantile = 0.995


Stage 1 State
   Image metric = MattesMI
     Fixed image = Image (0x443e1e0)
  RTTI typeinfo:   itk::Image<double, 3u>
  Reference Count: 2
  Modified Time: 1592
  Debug: Off
  Object Name: 
  Observers: 
    none
  Source: (none)
  Source output name: (none)
  Release Data: Off
  Data Released: False
  Global Release Data: Off
  PipelineMTime: 0
  UpdateMTime: 1203
  RealTimeStamp: 0 seconds 
  LargestPossibleRegion: 
    Dimension: 3
    Index: [0, 0, 0]
    Size: [193, 229, 193]
  BufferedRegion: 
    Dimension: 3
    Index: [0, 0, 0]
    Size: [193, 229, 193]
  RequestedRegion: 
    Dimension: 3
    Index: [0, 0, 0]
    Size: [193, 229, 193]
  Spacing: [1, 1, 1]
  Origin: [96, 132, -78]
  Direction: 
-1 0 0
0 -1 0
0 0 1

  IndexToPointMatrix: 
-1 0 0
0 -1 0
0 0 1

  PointToIndexMatrix: 
-1 0 0
0 -1 0
0 0 1

  Inverse Direction: 
-1 0 0
0 -1 0
0 0 1

  PixelContainer: 
    ImportImageContainer (0x450b890)
      RTTI typeinfo:   itk::ImportImageContainer<unsigned long, double>
      Reference Count: 1
      Modified Time: 1200
      Debug: Off
      Object Name: 
      Observers: 
        none
      Pointer: 0x1464a2ba5010
      Container manages memory: true
      Size: 8530021
      Capacity: 8530021

     Moving image = Image (0x450ae40)
  RTTI typeinfo:   itk::Image<double, 3u>
  Reference Count: 2
  Modified Time: 1593
  Debug: Off
  Object Name: 
  Observers: 
    none
  Source: (none)
  Source output name: (none)
  Release Data: Off
  Data Released: False
  Global Release Data: Off
  PipelineMTime: 0
  UpdateMTime: 1590
  RealTimeStamp: 0 seconds 
  LargestPossibleRegion: 
    Dimension: 3
    Index: [0, 0, 0]
    Size: [160, 240, 256]
  BufferedRegion: 
    Dimension: 3
    Index: [0, 0, 0]
    Size: [160, 240, 256]
  RequestedRegion: 
    Dimension: 3
    Index: [0, 0, 0]
    Size: [160, 240, 256]
  Spacing: [1, 1, 1]
  Origin: [87, 99, -152]
  Direction: 
-1 0.026123 -0.0732422
-0.026123 -1 -0.00190735
-0.0732422 0 1

  IndexToPointMatrix: 
-1 0.026123 -0.0732422
-0.026123 -1 -0.00190735
-0.0732422 0 1

  PointToIndexMatrix: 
-1 -0.026123 -0.0732422
0.026123 -1 0
-0.0732422 -0.00190735 1

  Inverse Direction: 
-1 -0.026123 -0.0732422
0.026123 -1 0
-0.0732422 -0.00190735 1

  PixelContainer: 
    ImportImageContainer (0x45aba50)
      RTTI typeinfo:   itk::ImportImageContainer<unsigned long, double>
      Reference Count: 1
      Modified Time: 1587
      Debug: Off
      Object Name: 
      Observers: 
        none
      Pointer: 0x14649e0a4010
      Container manages memory: true
      Size: 9830400
      Capacity: 9830400

     Weighting = 1
     Sampling strategy = regular
     Number of bins = 32
     Radius = 4
     Sampling percentage  = 0.25
   Transform = Affine
     Gradient step = 0.1
     Update field sigma (voxel space) = 0
     Total field sigma (voxel space) = 0
     Update field time sigma = 0
     Total field time sigma  = 0
     Number of time indices = 0
     Number of time point samples = 0
Registration using 1 total stages.

Stage 0
  iterations = 1000x500x250x100
  convergence threshold = 1e-06
  convergence window size = 10
  number of levels = 4
  using the Mattes MI metric (number of bins = 32, weight = 1, use gradient filter = 0)
slurmstepd: error: *** JOB 42391116 ON nc30648 CANCELLED AT 2025-04-09T23:03:42 DUE TO TIME LIMIT ***
