
##########################
# Experiment information #
##########################

EXPERIMENT_NAME: antsRegistration-r8-p23
VFC_BACKENDS: libinterflop_vprec.so --range-binary32=8 --precision-binary32=23 --range-binary64=8 --precision-binary64=23

SIF_IMG: /home/mdugre/projects/rrg-glatard/mdugre/containers/ants-vprec-no_metrics.simg

SUBJECT_ID: s035
INPUT_IMG: /home/mdugre/scratch/mri-registration-rp/datasets/ds004513/derivatives/mri-registration-rp/antsBrainExtraction/sub-s035/BrainExtractionBrain.nii.gz
OUTPUT_DIR: /home/mdugre/scratch/mri-registration-rp/datasets/ds004513/derivatives/mri-registration-rp/0011/antsRegistration-r8-p23/sub-s035

FIXED_IMG: /templateflow/tpl-MNI152NLin2009cAsym/tpl-MNI152NLin2009cAsym_res-01_desc-brain_T1w.nii.gz
DATA_DIR: /home/mdugre/scratch/mri-registration-rp/datasets/ds004513
TEMPLATEFLOW_DIR: /home/mdugre/projects/rrg-glatard/mdugre/templateflow
ITK_GLOBAL_DEFAULT_NUMBER_OF_THREADS: 16
##########################

Info [verificarlo]: loaded backend libinterflop_ieee.so
Info [interflop-ieee]: load backend with:
Info [interflop-ieee]: debug = false
Info [interflop-ieee]: debug-binary = false
Info [interflop-ieee]: no-backend-name = false
Info [interflop-ieee]: print-new-line = false
Info [interflop-ieee]: print-subnormal-normalized = false
Info [interflop-ieee]: count-op = false
All_Command_lines_OK
Using double precision for computations.
=============================================================================
The composite transform comprises the following transforms (in order): 
  1. Center of mass alignment using fixed image: /templateflow/tpl-MNI152NLin2009cAsym/tpl-MNI152NLin2009cAsym_res-01_desc-brain_T1w.nii.gz and moving image: /home/mdugre/scratch/mri-registration-rp/datasets/ds004513/derivatives/mri-registration-rp/antsBrainExtraction/sub-s035/BrainExtractionBrain.nii.gz (type = Euler3DTransform)
=============================================================================
  number of levels = 1
  fixed image: /templateflow/tpl-MNI152NLin2009cAsym/tpl-MNI152NLin2009cAsym_res-01_desc-brain_T1w.nii.gz
  moving image: /home/mdugre/scratch/mri-registration-rp/datasets/ds004513/derivatives/mri-registration-rp/antsBrainExtraction/sub-s035/BrainExtractionBrain.nii.gz
Dimension = 3
Number of stages = 1
Use histogram matching = false
Winsorize image intensities = true
  Lower quantile = 0.005
  Upper quantile = 0.995


Stage 1 State
   Image metric = MattesMI
     Fixed image = Image (0x47a8e70)
  RTTI typeinfo:   itk::Image<double, 3u>
  Reference Count: 2
  Modified Time: 2330
  Debug: Off
  Object Name: 
  Observers: 
    none
  Source: (none)
  Source output name: (none)
  Release Data: Off
  Data Released: False
  Global Release Data: Off
  PipelineMTime: 0
  UpdateMTime: 1941
  RealTimeStamp: 0 seconds 
  LargestPossibleRegion: 
    Dimension: 3
    Index: [0, 0, 0]
    Size: [193, 229, 193]
  BufferedRegion: 
    Dimension: 3
    Index: [0, 0, 0]
    Size: [193, 229, 193]
  RequestedRegion: 
    Dimension: 3
    Index: [0, 0, 0]
    Size: [193, 229, 193]
  Spacing: [1, 1, 1]
  Origin: [96, 132, -78]
  Direction: 
-1 0 0
0 -1 0
0 0 1

  IndexToPointMatrix: 
-1 0 0
0 -1 0
0 0 1

  PointToIndexMatrix: 
-1 0 0
0 -1 0
0 0 1

  Inverse Direction: 
-1 0 0
0 -1 0
0 0 1

  PixelContainer: 
    ImportImageContainer (0x47b1c60)
      RTTI typeinfo:   itk::ImportImageContainer<unsigned long, double>
      Reference Count: 1
      Modified Time: 1938
      Debug: Off
      Object Name: 
      Observers: 
        none
      Pointer: 0x153ba3f5c010
      Container manages memory: true
      Size: 8530021
      Capacity: 8530021

     Moving image = Image (0x4845ec0)
  RTTI typeinfo:   itk::Image<double, 3u>
  Reference Count: 2
  Modified Time: 2331
  Debug: Off
  Object Name: 
  Observers: 
    none
  Source: (none)
  Source output name: (none)
  Release Data: Off
  Data Released: False
  Global Release Data: Off
  PipelineMTime: 0
  UpdateMTime: 2328
  RealTimeStamp: 0 seconds 
  LargestPossibleRegion: 
    Dimension: 3
    Index: [0, 0, 0]
    Size: [160, 240, 256]
  BufferedRegion: 
    Dimension: 3
    Index: [0, 0, 0]
    Size: [160, 240, 256]
  RequestedRegion: 
    Dimension: 3
    Index: [0, 0, 0]
    Size: [160, 240, 256]
  Spacing: [1, 1, 1]
  Origin: [98.6438, 87.6358, -117.989]
  Direction: 
-0.993515 -0.100993 -0.0522355
0.100854 -0.994887 0.00530255
-0.0525039 1.93537e-08 0.998621

  IndexToPointMatrix: 
-0.993515 -0.100993 -0.0522355
0.100854 -0.994887 0.00530255
-0.0525039 1.93537e-08 0.998621

  PointToIndexMatrix: 
-0.993515 0.100854 -0.0525039
-0.100993 -0.994887 1.93006e-08
-0.0522355 0.00530255 0.998621

  Inverse Direction: 
-0.993515 0.100854 -0.0525039
-0.100993 -0.994887 1.93006e-08
-0.0522355 0.00530255 0.998621

  PixelContainer: 
    ImportImageContainer (0x48dd610)
      RTTI typeinfo:   itk::ImportImageContainer<unsigned long, double>
      Reference Count: 1
      Modified Time: 2325
      Debug: Off
      Object Name: 
      Observers: 
        none
      Pointer: 0x153b9f45b010
      Container manages memory: true
      Size: 9830400
      Capacity: 9830400

     Weighting = 1
     Sampling strategy = regular
     Number of bins = 32
     Radius = 4
     Sampling percentage  = 0.25
   Transform = Rigid
     Gradient step = 0.1
     Update field sigma (voxel space) = 0
     Total field sigma (voxel space) = 0
     Update field time sigma = 0
     Total field time sigma  = 0
     Number of time indices = 0
     Number of time point samples = 0
Registration using 1 total stages.

Stage 0
  iterations = 0
  convergence threshold = 1e-06
  convergence window size = 10
  number of levels = 1
  using the Mattes MI metric (number of bins = 32, weight = 1, use gradient filter = 0)
  preprocessing:  winsorizing the image intensities
  Shrink factors (level 1 out of 1): [1, 1, 1]
  smoothing sigmas per level: [0]
  regular sampling (percentage = 0.25)

*** Running Euler3DTransform registration ***

  Elapsed time (stage 0): 1.11161


Total elapsed time: 1.11392
Info [verificarlo]: loaded backend libinterflop_ieee.so
Info [interflop-ieee]: load backend with:
Info [interflop-ieee]: debug = false
Info [interflop-ieee]: debug-binary = false
Info [interflop-ieee]: no-backend-name = false
Info [interflop-ieee]: print-new-line = false
Info [interflop-ieee]: print-subnormal-normalized = false
Info [interflop-ieee]: count-op = false
All_Command_lines_OK
Using double precision for computations.
=============================================================================
The composite transform comprises the following transforms (in order): 
  1. /home/mdugre/scratch/mri-registration-rp/datasets/ds004513/derivatives/mri-registration-rp/0011/antsRegistration-r8-p23/sub-s035/align_Composite.h5[0] (type = Euler3DTransform)
  2. /home/mdugre/scratch/mri-registration-rp/datasets/ds004513/derivatives/mri-registration-rp/0011/antsRegistration-r8-p23/sub-s035/align_Composite.h5[1] (type = Euler3DTransform)
=============================================================================
  number of levels = 4
  fixed image: /templateflow/tpl-MNI152NLin2009cAsym/tpl-MNI152NLin2009cAsym_res-01_desc-brain_T1w.nii.gz
  moving image: /home/mdugre/scratch/mri-registration-rp/datasets/ds004513/derivatives/mri-registration-rp/antsBrainExtraction/sub-s035/BrainExtractionBrain.nii.gz
Dimension = 3
Number of stages = 1
Use histogram matching = false
Winsorize image intensities = true
  Lower quantile = 0.005
  Upper quantile = 0.995


Stage 1 State
   Image metric = MattesMI
     Fixed image = Image (0x4559530)
  RTTI typeinfo:   itk::Image<double, 3u>
  Reference Count: 2
  Modified Time: 1578
  Debug: Off
  Object Name: 
  Observers: 
    none
  Source: (none)
  Source output name: (none)
  Release Data: Off
  Data Released: False
  Global Release Data: Off
  PipelineMTime: 0
  UpdateMTime: 1189
  RealTimeStamp: 0 seconds 
  LargestPossibleRegion: 
    Dimension: 3
    Index: [0, 0, 0]
    Size: [193, 229, 193]
  BufferedRegion: 
    Dimension: 3
    Index: [0, 0, 0]
    Size: [193, 229, 193]
  RequestedRegion: 
    Dimension: 3
    Index: [0, 0, 0]
    Size: [193, 229, 193]
  Spacing: [1, 1, 1]
  Origin: [96, 132, -78]
  Direction: 
-1 0 0
0 -1 0
0 0 1

  IndexToPointMatrix: 
-1 0 0
0 -1 0
0 0 1

  PointToIndexMatrix: 
-1 0 0
0 -1 0
0 0 1

  Inverse Direction: 
-1 0 0
0 -1 0
0 0 1

  PixelContainer: 
    ImportImageContainer (0x4617d60)
      RTTI typeinfo:   itk::ImportImageContainer<unsigned long, double>
      Reference Count: 1
      Modified Time: 1186
      Debug: Off
      Object Name: 
      Observers: 
        none
      Pointer: 0x155233b2f010
      Container manages memory: true
      Size: 8530021
      Capacity: 8530021

     Moving image = Image (0x4609f60)
  RTTI typeinfo:   itk::Image<double, 3u>
  Reference Count: 2
  Modified Time: 1579
  Debug: Off
  Object Name: 
  Observers: 
    none
  Source: (none)
  Source output name: (none)
  Release Data: Off
  Data Released: False
  Global Release Data: Off
  PipelineMTime: 0
  UpdateMTime: 1576
  RealTimeStamp: 0 seconds 
  LargestPossibleRegion: 
    Dimension: 3
    Index: [0, 0, 0]
    Size: [160, 240, 256]
  BufferedRegion: 
    Dimension: 3
    Index: [0, 0, 0]
    Size: [160, 240, 256]
  RequestedRegion: 
    Dimension: 3
    Index: [0, 0, 0]
    Size: [160, 240, 256]
  Spacing: [1, 1, 1]
  Origin: [98.6438, 87.6358, -117.989]
  Direction: 
-0.993515 -0.100993 -0.0522355
0.100854 -0.994887 0.00530255
-0.0525039 1.93537e-08 0.998621

  IndexToPointMatrix: 
-0.993515 -0.100993 -0.0522355
0.100854 -0.994887 0.00530255
-0.0525039 1.93537e-08 0.998621

  PointToIndexMatrix: 
-0.993515 0.100854 -0.0525039
-0.100993 -0.994887 1.93006e-08
-0.0522355 0.00530255 0.998621

  Inverse Direction: 
-0.993515 0.100854 -0.0525039
-0.100993 -0.994887 1.93006e-08
-0.0522355 0.00530255 0.998621

  PixelContainer: 
    ImportImageContainer (0x45fb6d0)
      RTTI typeinfo:   itk::ImportImageContainer<unsigned long, double>
      Reference Count: 1
      Modified Time: 1573
      Debug: Off
      Object Name: 
      Observers: 
        none
      Pointer: 0x15522f02e010
      Container manages memory: true
      Size: 9830400
      Capacity: 9830400

     Weighting = 1
     Sampling strategy = regular
     Number of bins = 32
     Radius = 4
     Sampling percentage  = 0.25
   Transform = Rigid
     Gradient step = 0.1
     Update field sigma (voxel space) = 0
     Total field sigma (voxel space) = 0
     Update field time sigma = 0
     Total field time sigma  = 0
     Number of time indices = 0
     Number of time point samples = 0
Registration using 1 total stages.

Stage 0
  iterations = 1000x500x250x100
  convergence threshold = 1e-06
  convergence window size = 10
  number of levels = 4
  using the Mattes MI metric (number of bins = 32, weight = 1, use gradient filter = 0)
  preprocessing:  winsorizing the image intensities
  Shrink factors (level 1 out of 4): [8, 8, 8]
  Shrink factors (level 2 out of 4): [4, 4, 4]
  Shrink factors (level 3 out of 4): [2, 2, 2]
  Shrink factors (level 4 out of 4): [1, 1, 1]
  smoothing sigmas per level: [3, 2, 1, 0]
  regular sampling (percentage = 0.25)

*** Running Euler3DTransform registration ***

DIAGNOSTIC,Iteration,metricValue,convergenceValue,ITERATION_TIME_INDEX,SINCE_LAST
 2DIAGNOSTIC,     1, -5.238630234552e-01, 1.797693134862e+308, 7.0040e-01, 7.0040e-01, 
 2DIAGNOSTIC,     2, -5.257885820767e-01, 1.797693134862e+308, 7.0484e-01, 4.4391e-03, 
 2DIAGNOSTIC,     3, -5.278597554839e-01, 1.797693134862e+308, 7.0910e-01, 4.2672e-03, 
 2DIAGNOSTIC,     4, -5.302176117225e-01, 1.797693134862e+308, 7.1361e-01, 4.5071e-03, 
 2DIAGNOSTIC,     5, -5.343462816845e-01, 1.797693134862e+308, 7.1795e-01, 4.3411e-03, 
 2DIAGNOSTIC,     6, -5.399239396740e-01, 1.797693134862e+308, 7.2236e-01, 4.4141e-03, 
 2DIAGNOSTIC,     7, -5.490554822001e-01, 1.797693134862e+308, 7.2680e-01, 4.4341e-03, 
 2DIAGNOSTIC,     8, -5.545204224448e-01, 1.797693134862e+308, 7.3253e-01, 5.7271e-03, 
 2DIAGNOSTIC,     9, -5.601437715553e-01, 1.797693134862e+308, 7.3702e-01, 4.4971e-03, 
 2DIAGNOSTIC,    10, -5.617741193774e-01, 5.067640484485e-03, 7.4175e-01, 4.7290e-03, 
 2DIAGNOSTIC,    11, -5.649562249041e-01, 4.796539612083e-03, 7.4744e-01, 5.6911e-03, 
 2DIAGNOSTIC,    12, -5.658710903081e-01, 4.260783098155e-03, 7.5245e-01, 5.0101e-03, 
 2DIAGNOSTIC,    13, -5.662828333056e-01, 3.524744036645e-03, 7.5694e-01, 4.4858e-03, 
 2DIAGNOSTIC,    14, -5.685908474577e-01, 2.751340472953e-03, 7.6213e-01, 5.1920e-03, 
 2DIAGNOSTIC,    15, -5.732745043306e-01, 2.134644679428e-03, 7.6892e-01, 6.7849e-03, 
 2DIAGNOSTIC,    16, -5.738084427845e-01, 1.591333148336e-03, 7.7447e-01, 5.5559e-03, 
 2DIAGNOSTIC,    17, -5.739093703464e-01, 1.247363567739e-03, 7.7926e-01, 4.7929e-03, 
 2DIAGNOSTIC,    18, -5.745773598458e-01, 1.002163966315e-03, 7.8386e-01, 4.5960e-03, 
 2DIAGNOSTIC,    19, -5.752045522723e-01, 8.579763081928e-04, 7.8834e-01, 4.4780e-03, 
 2DIAGNOSTIC,    20, -5.755578777727e-01, 6.955845773892e-04, 7.9281e-01, 4.4689e-03, 
 2DIAGNOSTIC,    21, -5.761681227726e-01, 5.767135182734e-04, 7.9734e-01, 4.5371e-03, 
 2DIAGNOSTIC,    22, -5.775610178281e-01, 4.707067062580e-04, 8.0191e-01, 4.5650e-03, 
 2DIAGNOSTIC,    23, -5.801876522136e-01, 3.965856196913e-04, 8.0667e-01, 4.7638e-03, 
 2DIAGNOSTIC,    24, -5.873578871783e-01, 4.881452204462e-04, 8.1304e-01, 6.3620e-03, 
 2DIAGNOSTIC,    25, -5.924052233514e-01, 7.199711436270e-04, 8.1901e-01, 5.9762e-03, 
 2DIAGNOSTIC,    26, -5.933789722564e-01, 8.944842701934e-04, 8.2460e-01, 5.5912e-03, 
 2DIAGNOSTIC,    27, -5.948140362564e-01, 1.002036484596e-03, 8.2967e-01, 5.0700e-03, 
 2DIAGNOSTIC,    28, -5.954370004565e-01, 1.029952321034e-03, 8.3411e-01, 4.4370e-03, 
 2DIAGNOSTIC,    29, -5.955619965648e-01, 9.699000564551e-04, 8.3850e-01, 4.3941e-03, 
 2DIAGNOSTIC,    30, -5.960977142462e-01, 8.366692961254e-04, 8.4290e-01, 4.3960e-03, 
 2DIAGNOSTIC,    31, -5.971105016197e-01, 6.606986236642e-04, 8.4796e-01, 5.0631e-03, 
 2DIAGNOSTIC,    32, -5.989728413266e-01, 4.853112632160e-04, 8.5484e-01, 6.8772e-03, 
 2DIAGNOSTIC,    33, -5.996340171422e-01, 3.222359250097e-04, 8.5939e-01, 4.5531e-03, 
 2DIAGNOSTIC,    34, -5.997688325062e-01, 2.443793019515e-04, 8.6388e-01, 4.4849e-03, 
 2DIAGNOSTIC,    35, -5.999328163007e-01, 2.224308795496e-04, 8.6939e-01, 5.5110e-03, 
 2DIAGNOSTIC,    36, -6.001598298757e-01, 1.965988115464e-04, 8.7387e-01, 4.4768e-03, 
 2DIAGNOSTIC,    37, -6.004938013166e-01, 1.767006125810e-04, 8.7883e-01, 4.9620e-03, 
 2DIAGNOSTIC,    38, -6.008280010393e-01, 1.536048168718e-04, 8.8338e-01, 4.5519e-03, 
 2DIAGNOSTIC,    39, -6.038559363564e-01, 1.574331426185e-04, 8.8864e-01, 5.2650e-03, 
 2DIAGNOSTIC,    40, -6.077047300829e-01, 1.993081213015e-04, 8.9327e-01, 4.6260e-03, 
 2DIAGNOSTIC,    41, -6.174632767308e-01, 3.481387876288e-04, 8.9928e-01, 6.0101e-03, 
 2DIAGNOSTIC,    42, -6.161977993140e-01, 4.608909158064e-04, 9.0852e-01, 9.2430e-03, 
 2DIAGNOSTIC,    43, -6.161564690234e-01, 5.335374462860e-04, 9.1298e-01, 4.4608e-03, 
 2DIAGNOSTIC,    44, -6.170772371281e-01, 5.644825066294e-04, 9.1745e-01, 4.4670e-03, 
 2DIAGNOSTIC,    45, -6.185357393874e-01, 5.560480055758e-04, 9.2178e-01, 4.3261e-03, 
 2DIAGNOSTIC,    46, -6.206472677492e-01, 5.180562308064e-04, 9.2638e-01, 4.6010e-03, 
 2DIAGNOSTIC,    47, -6.234100466275e-01, 4.649607025390e-04, 9.3075e-01, 4.3690e-03, 
 2DIAGNOSTIC,    48, -6.282459784672e-01, 4.232184722502e-04, 9.3512e-01, 4.3700e-03, 
 2DIAGNOSTIC,    49, -6.332856873761e-01, 4.219352155684e-04, 9.3952e-01, 4.3991e-03, 
 2DIAGNOSTIC,    50, -6.437673222157e-01, 5.158696446695e-04, 9.4403e-01, 4.5090e-03, 
 2DIAGNOSTIC,    51, -6.567709921476e-01, 7.709766470880e-04, 9.4858e-01, 4.5528e-03, 
 2DIAGNOSTIC,    52, -6.630139292881e-01, 9.856110653954e-04, 9.5365e-01, 5.0669e-03, 
 2DIAGNOSTIC,    53, -6.637658015451e-01, 1.103854495395e-03, 9.5814e-01, 4.4899e-03, 
 2DIAGNOSTIC,    54, -6.646848043426e-01, 1.129224331539e-03, 9.6270e-01, 4.5609e-03, 
 2DIAGNOSTIC,    55, -6.699954499291e-01, 1.103369885545e-03, 9.7092e-01, 8.2190e-03, 
 2DIAGNOSTIC,    56, -6.720089788641e-01, 1.005089471776e-03, 9.7772e-01, 6.8002e-03, 
 2DIAGNOSTIC,    57, -6.720481479446e-01, 8.375234289218e-04, 9.8223e-01, 4.5128e-03, 
 2DIAGNOSTIC,    58, -6.725919365908e-01, 6.425660462100e-04, 9.8668e-01, 4.4520e-03, 
 2DIAGNOSTIC,    59, -6.729036285701e-01, 4.360790827827e-04, 9.9092e-01, 4.2400e-03, 
 2DIAGNOSTIC,    60, -6.731488690452e-01, 2.773039954688e-04, 9.9535e-01, 4.4260e-03, 
 2DIAGNOSTIC,    61, -6.734259028752e-01, 1.993309160137e-04, 9.9977e-01, 4.4239e-03, 
 2DIAGNOSTIC,    62, -6.739132052694e-01, 1.568961868673e-04, 1.0042e+00, 4.4398e-03, 
 2DIAGNOSTIC,    63, -6.762843132853e-01, 1.247266378248e-04, 1.0104e+00, 6.1460e-03, 
 2DIAGNOSTIC,    64, -6.766381563042e-01, 8.969405865118e-05, 1.0150e+00, 4.6599e-03, 
 2DIAGNOSTIC,    65, -6.771215166911e-01, 8.898313961284e-05, 1.0195e+00, 4.4470e-03, 
 2DIAGNOSTIC,    66, -6.778537134020e-01, 9.953438631552e-05, 1.0248e+00, 5.3220e-03, 
 2DIAGNOSTIC,    67, -6.792268094286e-01, 1.098308247209e-04, 1.0310e+00, 6.2511e-03, 
 2DIAGNOSTIC,    68, -6.807680938790e-01, 1.231390614013e-04, 1.0355e+00, 4.4959e-03, 
 2DIAGNOSTIC,    69, -6.815199607371e-01, 1.312165084693e-04, 1.0400e+00, 4.4689e-03, 
 2DIAGNOSTIC,    70, -6.818104730286e-01, 1.303111471517e-04, 1.0462e+00, 6.2170e-03, 
 2DIAGNOSTIC,    71, -6.820510258198e-01, 1.205025181753e-04, 1.0506e+00, 4.3979e-03, 
 2DIAGNOSTIC,    72, -6.822316971609e-01, 1.032403527644e-04, 1.0548e+00, 4.2019e-03, 
 2DIAGNOSTIC,    73, -6.825798779006e-01, 9.372211176252e-05, 1.0608e+00, 5.9762e-03, 
 2DIAGNOSTIC,    74, -6.826264016848e-01, 7.797286405136e-05, 1.0651e+00, 4.2889e-03, 
 2DIAGNOSTIC,    75, -6.826914621752e-01, 5.871115246031e-05, 1.0694e+00, 4.3640e-03, 
 2DIAGNOSTIC,    76, -6.828123376199e-01, 3.951676267610e-05, 1.0738e+00, 4.3812e-03, 
 2DIAGNOSTIC,    77, -6.832344989729e-01, 2.762823713605e-05, 1.0783e+00, 4.4611e-03, 
 2DIAGNOSTIC,    78, -6.838171727675e-01, 2.580797142318e-05, 1.0851e+00, 6.8581e-03, 
 2DIAGNOSTIC,    79, -6.837376300729e-01, 2.542023770582e-05, 1.0896e+00, 4.4661e-03, 
 2DIAGNOSTIC,    80, -6.837940915316e-01, 2.471284987509e-05, 1.0945e+00, 4.8652e-03, 
 2DIAGNOSTIC,    81, -6.839726431543e-01, 2.407018295672e-05, 1.0990e+00, 4.5650e-03, 
 2DIAGNOSTIC,    82, -6.841107691452e-01, 2.281027041701e-05, 1.1036e+00, 4.5722e-03, 
 2DIAGNOSTIC,    83, -6.851046511372e-01, 2.675744993663e-05, 1.1099e+00, 6.2850e-03, 
 2DIAGNOSTIC,    84, -6.858177488610e-01, 3.208772303313e-05, 1.1158e+00, 5.8930e-03, 
 2DIAGNOSTIC,    85, -6.861556248458e-01, 3.640348274680e-05, 1.1231e+00, 7.3309e-03, 
 2DIAGNOSTIC,    86, -6.861559159425e-01, 3.780168849846e-05, 1.1280e+00, 4.8590e-03, 
 2DIAGNOSTIC,    87, -6.861669347266e-01, 3.777779936756e-05, 1.1325e+00, 4.5099e-03, 
 2DIAGNOSTIC,    88, -6.861799894753e-01, 3.717520798823e-05, 1.1372e+00, 4.6608e-03, 
 2DIAGNOSTIC,    89, -6.861876702995e-01, 3.259375702890e-05, 1.1424e+00, 5.2650e-03, 
 2DIAGNOSTIC,    90, -6.861914788726e-01, 2.533863961133e-05, 1.1474e+00, 5.0061e-03, 
 2DIAGNOSTIC,    91, -6.861984614556e-01, 1.686266876370e-05, 1.1520e+00, 4.5650e-03, 
 2DIAGNOSTIC,    92, -6.862113530757e-01, 7.666024067597e-06, 1.1565e+00, 4.5538e-03, 
 2DIAGNOSTIC,    93, -6.862267287184e-01, 2.805679178182e-06, 1.1611e+00, 4.5340e-03, 
 2DIAGNOSTIC,    94, -6.862421234065e-01, 1.276365781167e-06, 1.1662e+00, 5.1081e-03, 
 2DIAGNOSTIC,    95, -6.863402324854e-01, 1.766338097526e-06, 1.1723e+00, 6.1591e-03, 
 2DIAGNOSTIC,    96, -6.863401797016e-01, 2.098652927400e-06, 1.1768e+00, 4.4582e-03, 
 2DIAGNOSTIC,    97, -6.863403151316e-01, 2.311466121070e-06, 1.1816e+00, 4.8010e-03, 
 2DIAGNOSTIC,    98, -6.863407676080e-01, 2.397872032928e-06, 1.1862e+00, 4.5850e-03, 
 2DIAGNOSTIC,    99, -6.863418601216e-01, 2.322048707690e-06, 1.1908e+00, 4.6430e-03, 
 2DIAGNOSTIC,   100, -6.863433597751e-01, 2.073936857508e-06, 1.2055e+00, 1.4648e-02, 
 2DIAGNOSTIC,   101, -6.863433596305e-01, 1.693454738515e-06, 1.2199e+00, 1.4436e-02, 
 2DIAGNOSTIC,   102, -6.863433596305e-01, 1.252952064981e-06, 1.2266e+00, 6.6819e-03, 
DIAGNOSTIC,Iteration,metricValue,convergenceValue,ITERATION_TIME_INDEX,SINCE_LAST
 2DIAGNOSTIC,     1, -5.583132064744e-01, 1.797693134862e+308, 2.0186e+00, 7.9199e-01, 
 2DIAGNOSTIC,     2, -5.587687184941e-01, 1.797693134862e+308, 2.0489e+00, 3.0342e-02, 
 2DIAGNOSTIC,     3, -5.591100976780e-01, 1.797693134862e+308, 2.0793e+00, 3.0325e-02, 
 2DIAGNOSTIC,     4, -5.599293100422e-01, 1.797693134862e+308, 2.1101e+00, 3.0854e-02, 
 2DIAGNOSTIC,     5, -5.608879203120e-01, 1.797693134862e+308, 2.1446e+00, 3.4494e-02, 
 2DIAGNOSTIC,     6, -5.613232595437e-01, 1.797693134862e+308, 2.1738e+00, 2.9209e-02, 
 2DIAGNOSTIC,     7, -5.624621370567e-01, 1.797693134862e+308, 2.2067e+00, 3.2845e-02, 
 2DIAGNOSTIC,     8, -5.631240085432e-01, 1.797693134862e+308, 2.2453e+00, 3.8633e-02, 
 2DIAGNOSTIC,     9, -5.632658908902e-01, 1.797693134862e+308, 2.2821e+00, 3.6836e-02, 
 2DIAGNOSTIC,    10, -5.639236044338e-01, 6.926352304632e-04, 2.3113e+00, 2.9181e-02, 
 2DIAGNOSTIC,    11, -5.654834085287e-01, 6.698423259627e-04, 2.3455e+00, 3.4219e-02, 
 2DIAGNOSTIC,    12, -5.660096838706e-01, 6.306749609720e-04, 2.3786e+00, 3.3068e-02, 
 2DIAGNOSTIC,    13, -5.661146817376e-01, 5.580054591433e-04, 2.4253e+00, 4.6689e-02, 
 2DIAGNOSTIC,    14, -5.661321196774e-01, 4.761844927888e-04, 2.4571e+00, 3.1797e-02, 
 2DIAGNOSTIC,    15, -5.661548666781e-01, 3.952656711012e-04, 2.4899e+00, 3.2801e-02, 
 2DIAGNOSTIC,    16, -5.661430241128e-01, 3.002091269033e-04, 2.5237e+00, 3.3795e-02, 
 2DIAGNOSTIC,    17, -5.661196523803e-01, 2.214515369099e-04, 2.5565e+00, 3.2805e-02, 
 2DIAGNOSTIC,    18, -5.661122957707e-01, 1.502964001647e-04, 2.5884e+00, 3.1922e-02, 
 2DIAGNOSTIC,    19, -5.661114137764e-01, 7.684953658399e-05, 2.6172e+00, 2.8756e-02, 
 2DIAGNOSTIC,    20, -5.661229336768e-01, 1.972540969686e-05, 2.6455e+00, 2.8364e-02, 
 2DIAGNOSTIC,    21, -5.661382625838e-01, 3.862452432106e-06, 2.6770e+00, 3.1505e-02, 
DIAGNOSTIC,Iteration,metricValue,convergenceValue,ITERATION_TIME_INDEX,SINCE_LAST
 2DIAGNOSTIC,     1, -5.039597500480e-01, 1.797693134862e+308, 3.6934e+00, 1.0164e+00, 
 2DIAGNOSTIC,     2, -5.041048013355e-01, 1.797693134862e+308, 3.9279e+00, 2.3451e-01, 
 2DIAGNOSTIC,     3, -5.041913183950e-01, 1.797693134862e+308, 4.1743e+00, 2.4636e-01, 
 2DIAGNOSTIC,     4, -5.042477880068e-01, 1.797693134862e+308, 4.4334e+00, 2.5908e-01, 
 2DIAGNOSTIC,     5, -5.043304946665e-01, 1.797693134862e+308, 4.7638e+00, 3.3044e-01, 
 2DIAGNOSTIC,     6, -5.043313728859e-01, 1.797693134862e+308, 5.0499e+00, 2.8613e-01, 
 2DIAGNOSTIC,     7, -5.043259901848e-01, 1.797693134862e+308, 5.2885e+00, 2.3861e-01, 
 2DIAGNOSTIC,     8, -5.044343306883e-01, 1.797693134862e+308, 5.5315e+00, 2.4296e-01, 
 2DIAGNOSTIC,     9, -5.044984319205e-01, 1.797693134862e+308, 5.8003e+00, 2.6880e-01, 
 2DIAGNOSTIC,    10, -5.044955533222e-01, 6.444018599698e-05, 6.1292e+00, 3.2892e-01, 
 2DIAGNOSTIC,    11, -5.044950677463e-01, 4.795765581855e-05, 6.3937e+00, 2.6443e-01, 
 2DIAGNOSTIC,    12, -5.044938162295e-01, 3.694754224041e-05, 6.7706e+00, 3.7690e-01, 
 2DIAGNOSTIC,    13, -5.044934713571e-01, 2.815484690719e-05, 7.0580e+00, 2.8740e-01, 
 2DIAGNOSTIC,    14, -5.044921501038e-01, 2.034492970435e-05, 7.3273e+00, 2.6934e-01, 
 2DIAGNOSTIC,    15, -5.044908734419e-01, 1.504219634713e-05, 7.6750e+00, 3.4768e-01, 
 2DIAGNOSTIC,    16, -5.044921724172e-01, 9.383917354028e-06, 7.9429e+00, 2.6792e-01, 
 2DIAGNOSTIC,    17, -5.044907006936e-01, 3.402881006469e-06, 8.2571e+00, 3.1425e-01, 
 2DIAGNOSTIC,    18, -5.044891999744e-01, 1.232428549332e-06, 8.5146e+00, 2.5744e-01, 
 2DIAGNOSTIC,    19, -5.044869781453e-01, 1.179112504399e-06, 8.8161e+00, 3.0151e-01, 
 2DIAGNOSTIC,    20, -5.044877491376e-01, 1.118809041675e-06, 9.1024e+00, 2.8626e-01, 
 2DIAGNOSTIC,    21, -5.044885065178e-01, 1.113508257149e-06, 9.3849e+00, 2.8256e-01, 
 2DIAGNOSTIC,    22, -5.044901002732e-01, 1.153665676976e-06, 9.6627e+00, 2.7779e-01, 
 2DIAGNOSTIC,    23, -5.044906886510e-01, 1.225107225368e-06, 9.9376e+00, 2.7493e-01, 
 2DIAGNOSTIC,    24, -5.044921851190e-01, 1.311485752574e-06, 1.0217e+01, 2.7929e-01, 
 2DIAGNOSTIC,    25, -5.044919040180e-01, 1.354992937679e-06, 1.0444e+01, 2.2692e-01, 
 2DIAGNOSTIC,    26, -5.044977019783e-01, 1.541235243575e-06, 1.0707e+01, 2.6322e-01, 
 2DIAGNOSTIC,    27, -5.045097577451e-01, 1.901537043277e-06, 1.0992e+01, 2.8538e-01, 
 2DIAGNOSTIC,    28, -5.045130581361e-01, 2.199756354543e-06, 1.1271e+01, 2.7818e-01, 
 2DIAGNOSTIC,    29, -5.045121078350e-01, 2.317900512194e-06, 1.1540e+01, 2.6917e-01, 
 2DIAGNOSTIC,    30, -5.045082346151e-01, 2.259127313206e-06, 1.1768e+01, 2.2867e-01, 
 2DIAGNOSTIC,    31, -5.045077094725e-01, 2.094847933211e-06, 1.2002e+01, 2.3380e-01, 
 2DIAGNOSTIC,    32, -5.045248723304e-01, 2.164744245567e-06, 1.2270e+01, 2.6756e-01, 
 2DIAGNOSTIC,    33, -5.045359709880e-01, 2.308502246876e-06, 1.2521e+01, 2.5078e-01, 
 2DIAGNOSTIC,    34, -5.045430353810e-01, 2.460901932452e-06, 1.2809e+01, 2.8811e-01, 
 2DIAGNOSTIC,    35, -5.045441539187e-01, 2.478225586369e-06, 1.3168e+01, 3.5955e-01, 
 2DIAGNOSTIC,    36, -5.045434595459e-01, 2.423218462874e-06, 1.3439e+01, 2.7101e-01, 
 2DIAGNOSTIC,    37, -5.045428045201e-01, 2.392946771748e-06, 1.3762e+01, 3.2259e-01, 
 2DIAGNOSTIC,    38, -5.045410013253e-01, 2.236340765162e-06, 1.4023e+01, 2.6134e-01, 
 2DIAGNOSTIC,    39, -5.045410428305e-01, 1.944936356798e-06, 1.4308e+01, 2.8451e-01, 
 2DIAGNOSTIC,    40, -5.045401347417e-01, 1.497674586074e-06, 1.4573e+01, 2.6572e-01, 
DIAGNOSTIC,Iteration,metricValue,convergenceValue,ITERATION_TIME_INDEX,SINCE_LAST
 2DIAGNOSTIC,     1, -4.672482504953e-01, 1.797693134862e+308, 1.7130e+01, 2.5562e+00, 
 2DIAGNOSTIC,     2, -4.673533501934e-01, 1.797693134862e+308, 1.8806e+01, 1.6764e+00, 
 2DIAGNOSTIC,     3, -4.673652423015e-01, 1.797693134862e+308, 2.0329e+01, 1.5227e+00, 
 2DIAGNOSTIC,     4, -4.673673885940e-01, 1.797693134862e+308, 2.3341e+01, 3.0128e+00, 
 2DIAGNOSTIC,     5, -4.673671426202e-01, 1.797693134862e+308, 2.5039e+01, 1.6979e+00, 
 2DIAGNOSTIC,     6, -4.673672667658e-01, 1.797693134862e+308, 2.6558e+01, 1.5183e+00, 
 2DIAGNOSTIC,     7, -4.673670733059e-01, 1.797693134862e+308, 2.8094e+01, 1.5364e+00, 
 2DIAGNOSTIC,     8, -4.673671860457e-01, 1.797693134862e+308, 2.9589e+01, 1.4952e+00, 
 2DIAGNOSTIC,     9, -4.673671921018e-01, 1.797693134862e+308, 3.1492e+01, 1.9030e+00, 
 2DIAGNOSTIC,    10, -4.673669855645e-01, 1.121228826659e-05, 3.3367e+01, 1.8747e+00, 
 2DIAGNOSTIC,    11, -4.673669854689e-01, 3.721608660009e-06, 3.7788e+01, 4.4213e+00, 
 2DIAGNOSTIC,    12, -4.673669854689e-01, 2.714972858309e-06, 3.9830e+01, 2.0420e+00, 
 2DIAGNOSTIC,    13, -4.673669854689e-01, 2.410581824999e-06, 4.1566e+01, 1.7358e+00, 
 2DIAGNOSTIC,    14, -4.673669854689e-01, 2.246455697075e-06, 4.3463e+01, 1.8965e+00, 
 2DIAGNOSTIC,    15, -4.673669854689e-01, 2.096566051754e-06, 4.5221e+01, 1.7585e+00, 
 2DIAGNOSTIC,    16, -4.673669854689e-01, 1.972640584658e-06, 4.6926e+01, 1.7051e+00, 
 2DIAGNOSTIC,    17, -4.673669854689e-01, 1.857569199099e-06, 4.8852e+01, 1.9255e+00, 
 2DIAGNOSTIC,    18, -4.673669854689e-01, 1.760262037062e-06, 5.0536e+01, 1.6840e+00, 
 2DIAGNOSTIC,    19, -4.673669854689e-01, 1.674228441717e-06, 5.2212e+01, 1.6759e+00, 
 2DIAGNOSTIC,    20, -4.673669854689e-01, 1.590518738645e-06, 5.4337e+01, 2.1256e+00, 
 2DIAGNOSTIC,    21, -4.673669854689e-01, 1.514778726688e-06, 5.6591e+01, 2.2536e+00, 
 2DIAGNOSTIC,    22, -4.673669854689e-01, 1.445924259116e-06, 5.8255e+01, 1.6645e+00, 
 2DIAGNOSTIC,    23, -4.673669854689e-01, 1.383057210473e-06, 5.9976e+01, 1.7211e+00, 
 2DIAGNOSTIC,    24, -4.673669854689e-01, 1.325429144564e-06, 6.1450e+01, 1.4733e+00, 
 2DIAGNOSTIC,    25, -4.673669854689e-01, 1.272411376360e-06, 6.3063e+01, 1.6134e+00, 
 2DIAGNOSTIC,    26, -4.673669854689e-01, 1.223471942535e-06, 6.4675e+01, 1.6119e+00, 
 2DIAGNOSTIC,    27, -4.673669854689e-01, 1.178157690067e-06, 6.6155e+01, 1.4799e+00, 
 2DIAGNOSTIC,    28, -4.673669854689e-01, 1.136080202781e-06, 6.7644e+01, 1.4893e+00, 
 2DIAGNOSTIC,    29, -4.673669854689e-01, 1.096904639605e-06, 6.9161e+01, 1.5165e+00, 
 2DIAGNOSTIC,    30, -4.673669854689e-01, 1.060340805339e-06, 7.0667e+01, 1.5059e+00, 
 2DIAGNOSTIC,    31, -4.673669854689e-01, 1.026135949746e-06, 7.2258e+01, 1.5915e+00, 
  Elapsed time (stage 0): 7.3048e+01


Total elapsed time: 7.3051e+01
Info [verificarlo]: loaded backend libinterflop_vprec.so
Info [interflop-vprec]: load backend with: 
Info [interflop-vprec]: precision-binary32 = 23
Info [interflop-vprec]: range-binary32 = 8
Info [interflop-vprec]: precision-binary64 = 23
Info [interflop-vprec]: range-binary64 = 8
Info [interflop-vprec]: mode = ob
Info [interflop-vprec]: error-mode = rel
Info [interflop-vprec]: max-abs-error-exponent = -1022
Info [interflop-vprec]: daz = false
Info [interflop-vprec]: ftz = false
Info [interflop-vprec]: 	instrument = none
Info [interflop-vprec]: 	prec-input-file = (null)
Info [interflop-vprec]: 	prec-output-file = (null)
Info [interflop-vprec]: 	prec-log-file = (null)
All_Command_lines_OK
Using double precision for computations.
=============================================================================
The composite transform comprises the following transforms (in order): 
  1. /home/mdugre/scratch/mri-registration-rp/datasets/ds004513/derivatives/mri-registration-rp/0011/antsRegistration-r8-p23/sub-s035/rigid_Composite.h5[0] (type = Euler3DTransform)
  2. /home/mdugre/scratch/mri-registration-rp/datasets/ds004513/derivatives/mri-registration-rp/0011/antsRegistration-r8-p23/sub-s035/rigid_Composite.h5[1] (type = Euler3DTransform)
  3. /home/mdugre/scratch/mri-registration-rp/datasets/ds004513/derivatives/mri-registration-rp/0011/antsRegistration-r8-p23/sub-s035/rigid_Composite.h5[2] (type = Euler3DTransform)
=============================================================================
  number of levels = 4
  fixed image: /templateflow/tpl-MNI152NLin2009cAsym/tpl-MNI152NLin2009cAsym_res-01_desc-brain_T1w.nii.gz
  moving image: /home/mdugre/scratch/mri-registration-rp/datasets/ds004513/derivatives/mri-registration-rp/antsBrainExtraction/sub-s035/BrainExtractionBrain.nii.gz
Dimension = 3
Number of stages = 1
Use histogram matching = false
Winsorize image intensities = true
  Lower quantile = 0.005
  Upper quantile = 0.995


Stage 1 State
   Image metric = MattesMI
     Fixed image = Image (0x426d490)
  RTTI typeinfo:   itk::Image<double, 3u>
  Reference Count: 2
  Modified Time: 1592
  Debug: Off
  Object Name: 
  Observers: 
    none
  Source: (none)
  Source output name: (none)
  Release Data: Off
  Data Released: False
  Global Release Data: Off
  PipelineMTime: 0
  UpdateMTime: 1203
  RealTimeStamp: 0 seconds 
  LargestPossibleRegion: 
    Dimension: 3
    Index: [0, 0, 0]
    Size: [193, 229, 193]
  BufferedRegion: 
    Dimension: 3
    Index: [0, 0, 0]
    Size: [193, 229, 193]
  RequestedRegion: 
    Dimension: 3
    Index: [0, 0, 0]
    Size: [193, 229, 193]
  Spacing: [1, 1, 1]
  Origin: [96, 132, -78]
  Direction: 
-1 0 0
0 -1 0
0 0 1

  IndexToPointMatrix: 
-1 0 0
0 -1 0
0 0 1

  PointToIndexMatrix: 
-1 0 0
0 -1 0
0 0 1

  Inverse Direction: 
-1 0 0
0 -1 0
0 0 1

  PixelContainer: 
    ImportImageContainer (0x43388c0)
      RTTI typeinfo:   itk::ImportImageContainer<unsigned long, double>
      Reference Count: 1
      Modified Time: 1200
      Debug: Off
      Object Name: 
      Observers: 
        none
      Pointer: 0x145af7fb8010
      Container manages memory: true
      Size: 8530021
      Capacity: 8530021

     Moving image = Image (0x4328b60)
  RTTI typeinfo:   itk::Image<double, 3u>
  Reference Count: 2
  Modified Time: 1593
  Debug: Off
  Object Name: 
  Observers: 
    none
  Source: (none)
  Source output name: (none)
  Release Data: Off
  Data Released: False
  Global Release Data: Off
  PipelineMTime: 0
  UpdateMTime: 1590
  RealTimeStamp: 0 seconds 
  LargestPossibleRegion: 
    Dimension: 3
    Index: [0, 0, 0]
    Size: [160, 240, 256]
  BufferedRegion: 
    Dimension: 3
    Index: [0, 0, 0]
    Size: [160, 240, 256]
  RequestedRegion: 
    Dimension: 3
    Index: [0, 0, 0]
    Size: [160, 240, 256]
  Spacing: [1, 1, 1]
  Origin: [98.6438, 87.6358, -117.989]
  Direction: 
-0.993515 -0.100993 -0.0522355
0.100854 -0.994887 0.00530255
-0.0525039 1.93537e-08 0.998621

  IndexToPointMatrix: 
-0.993515 -0.100993 -0.0522355
0.100854 -0.994887 0.00530255
-0.0525039 1.93537e-08 0.998621

  PointToIndexMatrix: 
-0.993515 0.100854 -0.0525039
-0.100993 -0.994887 1.78814e-07
-0.0522355 0.00530246 0.998621

  Inverse Direction: 
-0.993515 0.100854 -0.0525039
-0.100993 -0.994887 1.78814e-07
-0.0522355 0.00530246 0.998621

  PixelContainer: 
    ImportImageContainer (0x43bc1d0)
      RTTI typeinfo:   itk::ImportImageContainer<unsigned long, double>
      Reference Count: 1
      Modified Time: 1587
      Debug: Off
      Object Name: 
      Observers: 
        none
      Pointer: 0x145af34b7010
      Container manages memory: true
      Size: 9830400
      Capacity: 9830400

     Weighting = 1
     Sampling strategy = regular
     Number of bins = 32
     Radius = 4
     Sampling percentage  = 0.25
   Transform = Affine
     Gradient step = 0.1
     Update field sigma (voxel space) = 0
     Total field sigma (voxel space) = 0
     Update field time sigma = 0
     Total field time sigma  = 0
     Number of time indices = 0
     Number of time point samples = 0
Registration using 1 total stages.

Stage 0
  iterations = 1000x500x250x100
  convergence threshold = 1e-06
  convergence window size = 10
  number of levels = 4
  using the Mattes MI metric (number of bins = 32, weight = 1, use gradient filter = 0)
  preprocessing:  winsorizing the image intensities
  Shrink factors (level 1 out of 4): [8, 8, 8]
  Shrink factors (level 2 out of 4): [4, 4, 4]
  Shrink factors (level 3 out of 4): [2, 2, 2]
  Shrink factors (level 4 out of 4): [1, 1, 1]
  smoothing sigmas per level: [3, 2, 1, 0]
  regular sampling (percentage = 0.25)

*** Running AffineTransform registration ***

DIAGNOSTIC,Iteration,metricValue,convergenceValue,ITERATION_TIME_INDEX,SINCE_LAST
 2DIAGNOSTIC,     1, -6.771733418636e-01, 1.797693134862e+308, 0.0000e+00, 0.0000e+00, 
 2DIAGNOSTIC,     2, -6.791896131556e-01, 1.797693134862e+308, 0.0000e+00, 0.0000e+00, 
 2DIAGNOSTIC,     3, -6.832516579042e-01, 1.797693134862e+308, 0.0000e+00, 0.0000e+00, 
 2DIAGNOSTIC,     4, -6.898257336046e-01, 1.797693134862e+308, 0.0000e+00, 0.0000e+00, 
 2DIAGNOSTIC,     5, -7.001511769339e-01, 1.797693134862e+308, 0.0000e+00, 0.0000e+00, 
 2DIAGNOSTIC,     6, -7.115685368093e-01, 1.797693134862e+308, 0.0000e+00, 0.0000e+00, 
 2DIAGNOSTIC,     7, -7.368906755449e-01, 1.797693134862e+308, 0.0000e+00, 0.0000e+00, 
 2DIAGNOSTIC,     8, -7.369684582309e-01, 1.797693134862e+308, 0.0000e+00, 0.0000e+00, 
 2DIAGNOSTIC,     9, -7.370989653572e-01, 1.797693134862e+308, 0.0000e+00, 0.0000e+00, 
 2DIAGNOSTIC,    10, -7.373269829036e-01, 6.911217786590e-03, 0.0000e+00, 0.0000e+00, 
 2DIAGNOSTIC,    11, -7.375644977624e-01, 5.819270634136e-03, 0.0000e+00, 0.0000e+00, 
 2DIAGNOSTIC,    12, -7.373700023729e-01, 4.444710688627e-03, 0.0000e+00, 0.0000e+00, 
 2DIAGNOSTIC,    13, -7.376097491898e-01, 3.020530564450e-03, 0.0000e+00, 0.0000e+00, 
 2DIAGNOSTIC,    14, -7.380126679348e-01, 1.736503143133e-03, 0.0000e+00, 0.0000e+00, 
 2DIAGNOSTIC,    15, -7.380761589128e-01, 7.432549900106e-04, 0.0000e+00, 0.0000e+00, 
 2DIAGNOSTIC,    16, -7.379791551719e-01, 7.108036921620e-05, 0.0000e+00, 0.0000e+00, 
 2DIAGNOSTIC,    17, -7.379520856133e-01, 6.053431619697e-05, 0.0000e+00, 0.0000e+00, 
 2DIAGNOSTIC,    18, -7.379721326789e-01, 4.788958793239e-05, 0.0000e+00, 0.0000e+00, 
 2DIAGNOSTIC,    19, -7.380121848342e-01, 3.551191231174e-05, 0.0000e+00, 0.0000e+00, 
 2DIAGNOSTIC,    20, -7.378462073963e-01, 2.230530643057e-05, 0.0000e+00, 0.0000e+00, 
 2DIAGNOSTIC,    21, -7.376996411554e-01, 1.056859563137e-05, 0.0000e+00, 0.0000e+00, 
DIAGNOSTIC,Iteration,metricValue,convergenceValue,ITERATION_TIME_INDEX,SINCE_LAST
 2DIAGNOSTIC,     1, -6.037105581498e-01, 1.797693134862e+308, 0.0000e+00, 0.0000e+00, 
 2DIAGNOSTIC,     2, -6.049945933692e-01, 1.797693134862e+308, 0.0000e+00, 0.0000e+00, 
 2DIAGNOSTIC,     3, -6.066738749709e-01, 1.797693134862e+308, 0.0000e+00, 0.0000e+00, 
 2DIAGNOSTIC,     4, -6.083664001574e-01, 1.797693134862e+308, 0.0000e+00, 0.0000e+00, 
 2DIAGNOSTIC,     5, -6.094746285362e-01, 1.797693134862e+308, 0.0000e+00, 0.0000e+00, 
 2DIAGNOSTIC,     6, -6.097778394074e-01, 1.797693134862e+308, 0.0000e+00, 0.0000e+00, 
 2DIAGNOSTIC,     7, -6.101300270415e-01, 1.797693134862e+308, 0.0000e+00, 0.0000e+00, 
 2DIAGNOSTIC,     8, -6.104889303263e-01, 1.797693134862e+308, 0.0000e+00, 0.0000e+00, 
 2DIAGNOSTIC,     9, -6.105577671251e-01, 1.797693134862e+308, 0.0000e+00, 0.0000e+00, 
 2DIAGNOSTIC,    10, -6.105846090059e-01, 7.171765322276e-04, 0.0000e+00, 0.0000e+00, 
 2DIAGNOSTIC,    11, -6.105868724000e-01, 4.731873630975e-04, 0.0000e+00, 0.0000e+00, 
 2DIAGNOSTIC,    12, -6.105904298051e-01, 2.772620131220e-04, 0.0000e+00, 0.0000e+00, 
 2DIAGNOSTIC,    13, -6.105991347498e-01, 1.460243908325e-04, 0.0000e+00, 0.0000e+00, 
 2DIAGNOSTIC,    14, -6.105753124676e-01, 7.532349114951e-05, 0.0000e+00, 0.0000e+00, 
 2DIAGNOSTIC,    15, -6.105807979458e-01, 4.209090589959e-05, 0.0000e+00, 0.0000e+00, 
 2DIAGNOSTIC,    16, -6.105750089416e-01, 1.787949490083e-05, 0.0000e+00, 0.0000e+00, 
 2DIAGNOSTIC,    17, -6.105700705917e-01, 4.332445689446e-06, 0.0000e+00, 0.0000e+00, 
 2DIAGNOSTIC,    18, -6.105638188561e-01, 1.164011137436e-06, 0.0000e+00, 0.0000e+00, 
DIAGNOSTIC,Iteration,metricValue,convergenceValue,ITERATION_TIME_INDEX,SINCE_LAST
 2DIAGNOSTIC,     1, -5.341824779254e-01, 1.797693134862e+308, 0.0000e+00, 0.0000e+00, 
 2DIAGNOSTIC,     2, -5.346480662259e-01, 1.797693134862e+308, 0.0000e+00, 0.0000e+00, 
 2DIAGNOSTIC,     3, -5.349491832557e-01, 1.797693134862e+308, 0.0000e+00, 0.0000e+00, 
 2DIAGNOSTIC,     4, -5.350605410666e-01, 1.797693134862e+308, 1.2800e+02, 1.2800e+02, 
 2DIAGNOSTIC,     5, -5.351928493265e-01, 1.797693134862e+308, 1.2800e+02, 0.0000e+00, 
 2DIAGNOSTIC,     6, -5.354381954233e-01, 1.797693134862e+308, 1.2800e+02, 0.0000e+00, 
 2DIAGNOSTIC,     7, -5.355407001512e-01, 1.797693134862e+308, 1.2800e+02, 0.0000e+00, 
 2DIAGNOSTIC,     8, -5.357671584069e-01, 1.797693134862e+308, 1.2800e+02, 0.0000e+00, 
 2DIAGNOSTIC,     9, -5.358775543990e-01, 1.797693134862e+308, 1.2800e+02, 0.0000e+00, 
 2DIAGNOSTIC,    10, -5.358850619734e-01, 1.951674558589e-04, 1.2800e+02, 0.0000e+00, 
 2DIAGNOSTIC,    11, -5.358896805646e-01, 1.437270919832e-04, 1.2800e+02, 0.0000e+00, 
 2DIAGNOSTIC,    12, -5.358924579038e-01, 1.086580189896e-04, 1.2800e+02, 0.0000e+00, 
 2DIAGNOSTIC,    13, -5.358938661786e-01, 8.168527807367e-05, 1.2800e+02, 0.0000e+00, 
 2DIAGNOSTIC,    14, -5.358934862198e-01, 5.551065253580e-05, 1.2800e+02, 0.0000e+00, 
 2DIAGNOSTIC,    15, -5.358968459206e-01, 3.267764839758e-05, 1.2800e+02, 0.0000e+00, 
 2DIAGNOSTIC,    16, -5.359033213976e-01, 1.829871299738e-05, 1.2800e+02, 0.0000e+00, 
 2DIAGNOSTIC,    17, -5.359063527059e-01, 7.241703092790e-06, 1.2800e+02, 0.0000e+00, 
 2DIAGNOSTIC,    18, -5.359175515847e-01, 3.836919176402e-06, 1.2800e+02, 0.0000e+00, 
 2DIAGNOSTIC,    19, -5.359284918120e-01, 3.979563324701e-06, 1.2800e+02, 0.0000e+00, 
 2DIAGNOSTIC,    20, -5.359573625473e-01, 4.851458884181e-06, 1.2800e+02, 0.0000e+00, 
 2DIAGNOSTIC,    21, -5.359884253033e-01, 6.220125525341e-06, 1.2800e+02, 0.0000e+00, 
 2DIAGNOSTIC,    22, -5.360582563077e-01, 8.764844424913e-06, 1.2800e+02, 0.0000e+00, 
 2DIAGNOSTIC,    23, -5.361236327639e-01, 1.191548916609e-05, 1.2800e+02, 0.0000e+00, 
 2DIAGNOSTIC,    24, -5.363190033281e-01, 1.810818173333e-05, 1.2800e+02, 0.0000e+00, 
