
##########################
# Experiment information #
##########################

EXPERIMENT_NAME: antsRegistration-r8-p14
VFC_BACKENDS: libinterflop_vprec.so --range-binary32=8 --precision-binary32=14 --range-binary64=8 --precision-binary64=14

SIF_IMG: /home/mdugre/projects/rrg-glatard/mdugre/containers/ants-vprec-no_metrics.simg

SUBJECT_ID: s025
INPUT_IMG: /home/mdugre/scratch/mri-registration-rp/datasets/ds004513/derivatives/mri-registration-rp/antsBrainExtraction/sub-s025/BrainExtractionBrain.nii.gz
OUTPUT_DIR: /home/mdugre/scratch/mri-registration-rp/datasets/ds004513/derivatives/mri-registration-rp/0011/antsRegistration-r8-p14/sub-s025

FIXED_IMG: /templateflow/tpl-MNI152NLin2009cAsym/tpl-MNI152NLin2009cAsym_res-01_desc-brain_T1w.nii.gz
DATA_DIR: /home/mdugre/scratch/mri-registration-rp/datasets/ds004513
TEMPLATEFLOW_DIR: /home/mdugre/projects/rrg-glatard/mdugre/templateflow
ITK_GLOBAL_DEFAULT_NUMBER_OF_THREADS: 16
##########################

Info [verificarlo]: loaded backend libinterflop_ieee.so
Info [interflop-ieee]: load backend with:
Info [interflop-ieee]: debug = false
Info [interflop-ieee]: debug-binary = false
Info [interflop-ieee]: no-backend-name = false
Info [interflop-ieee]: print-new-line = false
Info [interflop-ieee]: print-subnormal-normalized = false
Info [interflop-ieee]: count-op = false
All_Command_lines_OK
Using double precision for computations.
=============================================================================
The composite transform comprises the following transforms (in order): 
  1. Center of mass alignment using fixed image: /templateflow/tpl-MNI152NLin2009cAsym/tpl-MNI152NLin2009cAsym_res-01_desc-brain_T1w.nii.gz and moving image: /home/mdugre/scratch/mri-registration-rp/datasets/ds004513/derivatives/mri-registration-rp/antsBrainExtraction/sub-s025/BrainExtractionBrain.nii.gz (type = Euler3DTransform)
=============================================================================
  number of levels = 1
  fixed image: /templateflow/tpl-MNI152NLin2009cAsym/tpl-MNI152NLin2009cAsym_res-01_desc-brain_T1w.nii.gz
  moving image: /home/mdugre/scratch/mri-registration-rp/datasets/ds004513/derivatives/mri-registration-rp/antsBrainExtraction/sub-s025/BrainExtractionBrain.nii.gz
Dimension = 3
Number of stages = 1
Use histogram matching = false
Winsorize image intensities = true
  Lower quantile = 0.005
  Upper quantile = 0.995


Stage 1 State
   Image metric = MattesMI
     Fixed image = Image (0x50c0e70)
  RTTI typeinfo:   itk::Image<double, 3u>
  Reference Count: 2
  Modified Time: 2334
  Debug: Off
  Object Name: 
  Observers: 
    none
  Source: (none)
  Source output name: (none)
  Release Data: Off
  Data Released: False
  Global Release Data: Off
  PipelineMTime: 0
  UpdateMTime: 1943
  RealTimeStamp: 0 seconds 
  LargestPossibleRegion: 
    Dimension: 3
    Index: [0, 0, 0]
    Size: [193, 229, 193]
  BufferedRegion: 
    Dimension: 3
    Index: [0, 0, 0]
    Size: [193, 229, 193]
  RequestedRegion: 
    Dimension: 3
    Index: [0, 0, 0]
    Size: [193, 229, 193]
  Spacing: [1, 1, 1]
  Origin: [96, 132, -78]
  Direction: 
-1 0 0
0 -1 0
0 0 1

  IndexToPointMatrix: 
-1 0 0
0 -1 0
0 0 1

  PointToIndexMatrix: 
-1 0 0
0 -1 0
0 0 1

  Inverse Direction: 
-1 0 0
0 -1 0
0 0 1

  PixelContainer: 
    ImportImageContainer (0x50c9c60)
      RTTI typeinfo:   itk::ImportImageContainer<unsigned long, double>
      Reference Count: 1
      Modified Time: 1940
      Debug: Off
      Object Name: 
      Observers: 
        none
      Pointer: 0x14a8cf904010
      Container manages memory: true
      Size: 8530021
      Capacity: 8530021

     Moving image = Image (0x50cc610)
  RTTI typeinfo:   itk::Image<double, 3u>
  Reference Count: 2
  Modified Time: 2335
  Debug: Off
  Object Name: 
  Observers: 
    none
  Source: (none)
  Source output name: (none)
  Release Data: Off
  Data Released: False
  Global Release Data: Off
  PipelineMTime: 0
  UpdateMTime: 2332
  RealTimeStamp: 0 seconds 
  LargestPossibleRegion: 
    Dimension: 3
    Index: [0, 0, 0]
    Size: [176, 240, 256]
  BufferedRegion: 
    Dimension: 3
    Index: [0, 0, 0]
    Size: [176, 240, 256]
  RequestedRegion: 
    Dimension: 3
    Index: [0, 0, 0]
    Size: [176, 240, 256]
  Spacing: [0.999999, 1, 1]
  Origin: [90.3778, 84.5091, -154.071]
  Direction: 
-0.999391 7.48184e-06 -0.0348969
-7.47664e-06 -1 -2.7953e-07
-0.0348969 -1.84481e-08 0.999391

  IndexToPointMatrix: 
-0.99939 7.48184e-06 -0.0348969
-7.47663e-06 -1 -2.7953e-07
-0.0348968 -1.84481e-08 0.999391

  PointToIndexMatrix: 
-0.999392 -7.47665e-06 -0.0348969
7.48184e-06 -1 -1.84481e-08
-0.0348969 -2.7953e-07 0.999391

  Inverse Direction: 
-0.999391 -7.47664e-06 -0.0348969
7.48184e-06 -1 -1.84481e-08
-0.0348969 -2.7953e-07 0.999391

  PixelContainer: 
    ImportImageContainer (0x5165ef0)
      RTTI typeinfo:   itk::ImportImageContainer<unsigned long, double>
      Reference Count: 1
      Modified Time: 2329
      Debug: Off
      Object Name: 
      Observers: 
        none
      Pointer: 0x14a8ca683010
      Container manages memory: true
      Size: 10813440
      Capacity: 10813440

     Weighting = 1
     Sampling strategy = regular
     Number of bins = 32
     Radius = 4
     Sampling percentage  = 0.25
   Transform = Rigid
     Gradient step = 0.1
     Update field sigma (voxel space) = 0
     Total field sigma (voxel space) = 0
     Update field time sigma = 0
     Total field time sigma  = 0
     Number of time indices = 0
     Number of time point samples = 0
Registration using 1 total stages.

Stage 0
  iterations = 0
  convergence threshold = 1e-06
  convergence window size = 10
  number of levels = 1
  using the Mattes MI metric (number of bins = 32, weight = 1, use gradient filter = 0)
  preprocessing:  winsorizing the image intensities
  Shrink factors (level 1 out of 1): [1, 1, 1]
  smoothing sigmas per level: [0]
  regular sampling (percentage = 0.25)

*** Running Euler3DTransform registration ***

  Elapsed time (stage 0): 1.16386


Total elapsed time: 1.16796
Info [verificarlo]: loaded backend libinterflop_ieee.so
Info [interflop-ieee]: load backend with:
Info [interflop-ieee]: debug = false
Info [interflop-ieee]: debug-binary = false
Info [interflop-ieee]: no-backend-name = false
Info [interflop-ieee]: print-new-line = false
Info [interflop-ieee]: print-subnormal-normalized = false
Info [interflop-ieee]: count-op = false
All_Command_lines_OK
Using double precision for computations.
=============================================================================
The composite transform comprises the following transforms (in order): 
  1. /home/mdugre/scratch/mri-registration-rp/datasets/ds004513/derivatives/mri-registration-rp/0011/antsRegistration-r8-p14/sub-s025/align_Composite.h5[0] (type = Euler3DTransform)
  2. /home/mdugre/scratch/mri-registration-rp/datasets/ds004513/derivatives/mri-registration-rp/0011/antsRegistration-r8-p14/sub-s025/align_Composite.h5[1] (type = Euler3DTransform)
=============================================================================
  number of levels = 4
  fixed image: /templateflow/tpl-MNI152NLin2009cAsym/tpl-MNI152NLin2009cAsym_res-01_desc-brain_T1w.nii.gz
  moving image: /home/mdugre/scratch/mri-registration-rp/datasets/ds004513/derivatives/mri-registration-rp/antsBrainExtraction/sub-s025/BrainExtractionBrain.nii.gz
Dimension = 3
Number of stages = 1
Use histogram matching = false
Winsorize image intensities = true
  Lower quantile = 0.005
  Upper quantile = 0.995


Stage 1 State
   Image metric = MattesMI
     Fixed image = Image (0x339f530)
  RTTI typeinfo:   itk::Image<double, 3u>
  Reference Count: 2
  Modified Time: 1580
  Debug: Off
  Object Name: 
  Observers: 
    none
  Source: (none)
  Source output name: (none)
  Release Data: Off
  Data Released: False
  Global Release Data: Off
  PipelineMTime: 0
  UpdateMTime: 1189
  RealTimeStamp: 0 seconds 
  LargestPossibleRegion: 
    Dimension: 3
    Index: [0, 0, 0]
    Size: [193, 229, 193]
  BufferedRegion: 
    Dimension: 3
    Index: [0, 0, 0]
    Size: [193, 229, 193]
  RequestedRegion: 
    Dimension: 3
    Index: [0, 0, 0]
    Size: [193, 229, 193]
  Spacing: [1, 1, 1]
  Origin: [96, 132, -78]
  Direction: 
-1 0 0
0 -1 0
0 0 1

  IndexToPointMatrix: 
-1 0 0
0 -1 0
0 0 1

  PointToIndexMatrix: 
-1 0 0
0 -1 0
0 0 1

  Inverse Direction: 
-1 0 0
0 -1 0
0 0 1

  PixelContainer: 
    ImportImageContainer (0x345dd60)
      RTTI typeinfo:   itk::ImportImageContainer<unsigned long, double>
      Reference Count: 1
      Modified Time: 1186
      Debug: Off
      Object Name: 
      Observers: 
        none
      Pointer: 0x146f18c9d010
      Container manages memory: true
      Size: 8530021
      Capacity: 8530021

     Moving image = Image (0x344ff60)
  RTTI typeinfo:   itk::Image<double, 3u>
  Reference Count: 2
  Modified Time: 1581
  Debug: Off
  Object Name: 
  Observers: 
    none
  Source: (none)
  Source output name: (none)
  Release Data: Off
  Data Released: False
  Global Release Data: Off
  PipelineMTime: 0
  UpdateMTime: 1578
  RealTimeStamp: 0 seconds 
  LargestPossibleRegion: 
    Dimension: 3
    Index: [0, 0, 0]
    Size: [176, 240, 256]
  BufferedRegion: 
    Dimension: 3
    Index: [0, 0, 0]
    Size: [176, 240, 256]
  RequestedRegion: 
    Dimension: 3
    Index: [0, 0, 0]
    Size: [176, 240, 256]
  Spacing: [0.999999, 1, 1]
  Origin: [90.3778, 84.5091, -154.071]
  Direction: 
-0.999391 7.48184e-06 -0.0348969
-7.47664e-06 -1 -2.7953e-07
-0.0348969 -1.84481e-08 0.999391

  IndexToPointMatrix: 
-0.99939 7.48184e-06 -0.0348969
-7.47663e-06 -1 -2.7953e-07
-0.0348968 -1.84481e-08 0.999391

  PointToIndexMatrix: 
-0.999392 -7.47665e-06 -0.0348969
7.48184e-06 -1 -1.84481e-08
-0.0348969 -2.7953e-07 0.999391

  Inverse Direction: 
-0.999391 -7.47664e-06 -0.0348969
7.48184e-06 -1 -1.84481e-08
-0.0348969 -2.7953e-07 0.999391

  PixelContainer: 
    ImportImageContainer (0x34416d0)
      RTTI typeinfo:   itk::ImportImageContainer<unsigned long, double>
      Reference Count: 1
      Modified Time: 1575
      Debug: Off
      Object Name: 
      Observers: 
        none
      Pointer: 0x146f13a1c010
      Container manages memory: true
      Size: 10813440
      Capacity: 10813440

     Weighting = 1
     Sampling strategy = regular
     Number of bins = 32
     Radius = 4
     Sampling percentage  = 0.25
   Transform = Rigid
     Gradient step = 0.1
     Update field sigma (voxel space) = 0
     Total field sigma (voxel space) = 0
     Update field time sigma = 0
     Total field time sigma  = 0
     Number of time indices = 0
     Number of time point samples = 0
Registration using 1 total stages.

Stage 0
  iterations = 1000x500x250x100
  convergence threshold = 1e-06
  convergence window size = 10
  number of levels = 4
  using the Mattes MI metric (number of bins = 32, weight = 1, use gradient filter = 0)
  preprocessing:  winsorizing the image intensities
  Shrink factors (level 1 out of 4): [8, 8, 8]
  Shrink factors (level 2 out of 4): [4, 4, 4]
  Shrink factors (level 3 out of 4): [2, 2, 2]
  Shrink factors (level 4 out of 4): [1, 1, 1]
  smoothing sigmas per level: [3, 2, 1, 0]
  regular sampling (percentage = 0.25)

*** Running Euler3DTransform registration ***

DIAGNOSTIC,Iteration,metricValue,convergenceValue,ITERATION_TIME_INDEX,SINCE_LAST
 2DIAGNOSTIC,     1, -5.323241903179e-01, 1.797693134862e+308, 7.7741e-01, 7.7741e-01, 
 2DIAGNOSTIC,     2, -5.346190553927e-01, 1.797693134862e+308, 7.8223e-01, 4.8249e-03, 
 2DIAGNOSTIC,     3, -5.378036555361e-01, 1.797693134862e+308, 7.8657e-01, 4.3399e-03, 
 2DIAGNOSTIC,     4, -5.422949451405e-01, 1.797693134862e+308, 7.9089e-01, 4.3240e-03, 
 2DIAGNOSTIC,     5, -5.486805952477e-01, 1.797693134862e+308, 7.9520e-01, 4.3049e-03, 
 2DIAGNOSTIC,     6, -5.542790085272e-01, 1.797693134862e+308, 7.9952e-01, 4.3190e-03, 
 2DIAGNOSTIC,     7, -5.627123115611e-01, 1.797693134862e+308, 8.0379e-01, 4.2710e-03, 
 2DIAGNOSTIC,     8, -5.766609943856e-01, 1.797693134862e+308, 8.0819e-01, 4.3991e-03, 
 2DIAGNOSTIC,     9, -5.881111419397e-01, 1.797693134862e+308, 8.1243e-01, 4.2429e-03, 
 2DIAGNOSTIC,    10, -6.012927005665e-01, 7.820055967720e-03, 8.1832e-01, 5.8920e-03, 
 2DIAGNOSTIC,    11, -6.192402913589e-01, 8.564422673931e-03, 8.2616e-01, 7.8371e-03, 
 2DIAGNOSTIC,    12, -6.197111897441e-01, 8.513711436494e-03, 8.3058e-01, 4.4181e-03, 
 2DIAGNOSTIC,    13, -6.223136777510e-01, 7.932305190642e-03, 8.3490e-01, 4.3170e-03, 
 2DIAGNOSTIC,    14, -6.239859078533e-01, 6.938967258809e-03, 8.3915e-01, 4.2591e-03, 
 2DIAGNOSTIC,    15, -6.258731029037e-01, 5.722268374544e-03, 8.4354e-01, 4.3812e-03, 
 2DIAGNOSTIC,    16, -6.290042957047e-01, 4.404898010739e-03, 8.4802e-01, 4.4799e-03, 
 2DIAGNOSTIC,    17, -6.327399548191e-01, 3.192249458086e-03, 8.5391e-01, 5.8920e-03, 
 2DIAGNOSTIC,    18, -6.361770329222e-01, 2.298162514724e-03, 8.5969e-01, 5.7800e-03, 
 2DIAGNOSTIC,    19, -6.381920795080e-01, 1.629119691738e-03, 8.6479e-01, 5.1019e-03, 
 2DIAGNOSTIC,    20, -6.414786468653e-01, 1.264281191399e-03, 8.6941e-01, 4.6179e-03, 
 2DIAGNOSTIC,    21, -6.422621311588e-01, 1.244231354747e-03, 8.7387e-01, 4.4651e-03, 
 2DIAGNOSTIC,    22, -6.443386369758e-01, 1.164065699626e-03, 8.7840e-01, 4.5221e-03, 
 2DIAGNOSTIC,    23, -6.458367311071e-01, 1.066297095965e-03, 8.8301e-01, 4.6101e-03, 
 2DIAGNOSTIC,    24, -6.528535016396e-01, 1.047817944212e-03, 8.8842e-01, 5.4171e-03, 
 2DIAGNOSTIC,    25, -6.591704566212e-01, 1.083081267180e-03, 8.9456e-01, 6.1390e-03, 
 2DIAGNOSTIC,    26, -6.605963663888e-01, 1.093549184496e-03, 8.9967e-01, 5.1060e-03, 
 2DIAGNOSTIC,    27, -6.608439805430e-01, 1.070984919245e-03, 9.0402e-01, 4.3480e-03, 
 2DIAGNOSTIC,    28, -6.615671817519e-01, 1.019502609586e-03, 9.0838e-01, 4.3631e-03, 
 2DIAGNOSTIC,    29, -6.628794634192e-01, 9.260607634285e-04, 9.1288e-01, 4.4971e-03, 
 2DIAGNOSTIC,    30, -6.728294753892e-01, 9.537366703962e-04, 9.1947e-01, 6.5942e-03, 
 2DIAGNOSTIC,    31, -6.735478238485e-01, 9.084138485271e-04, 9.2389e-01, 4.4241e-03, 
 2DIAGNOSTIC,    32, -6.743491659049e-01, 8.254111163191e-04, 9.2854e-01, 4.6492e-03, 
 2DIAGNOSTIC,    33, -6.778518288296e-01, 7.396585189562e-04, 9.3347e-01, 4.9231e-03, 
 2DIAGNOSTIC,    34, -6.872952982776e-01, 8.064167454923e-04, 9.4341e-01, 9.9421e-03, 
 2DIAGNOSTIC,    35, -6.877323905072e-01, 8.751625359201e-04, 9.4821e-01, 4.8051e-03, 
 2DIAGNOSTIC,    36, -6.893216323728e-01, 8.964289788863e-04, 9.5307e-01, 4.8611e-03, 
 2DIAGNOSTIC,    37, -6.927383716491e-01, 8.791428931727e-04, 9.5769e-01, 4.6182e-03, 
 2DIAGNOSTIC,    38, -7.010242493273e-01, 8.853481925249e-04, 9.6230e-01, 4.6110e-03, 
 2DIAGNOSTIC,    39, -7.063983256622e-01, 8.771445685897e-04, 9.6695e-01, 4.6461e-03, 
 2DIAGNOSTIC,    40, -7.084289463193e-01, 9.204353712895e-04, 9.7159e-01, 4.6389e-03, 
 2DIAGNOSTIC,    41, -7.161015551095e-01, 9.681597905144e-04, 9.7691e-01, 5.3208e-03, 
 2DIAGNOSTIC,    42, -7.193470557345e-01, 9.621766354504e-04, 9.8349e-01, 6.5820e-03, 
 2DIAGNOSTIC,    43, -7.222388263251e-01, 9.270332365150e-04, 9.8803e-01, 4.5400e-03, 
 2DIAGNOSTIC,    44, -7.286076424135e-01, 9.646463029478e-04, 9.9270e-01, 4.6690e-03, 
 2DIAGNOSTIC,    45, -7.390618451080e-01, 1.014573416806e-03, 9.9753e-01, 4.8349e-03, 
 2DIAGNOSTIC,    46, -7.436917624614e-01, 1.022438349438e-03, 1.0023e+00, 4.7498e-03, 
 2DIAGNOSTIC,    47, -7.509512000851e-01, 1.030574595506e-03, 1.0104e+00, 8.1429e-03, 
 2DIAGNOSTIC,    48, -7.533255077052e-01, 1.036393926202e-03, 1.0156e+00, 5.2011e-03, 
 2DIAGNOSTIC,    49, -7.534945924047e-01, 9.925391738816e-04, 1.0203e+00, 4.7190e-03, 
 2DIAGNOSTIC,    50, -7.537362512071e-01, 8.738452039810e-04, 1.0254e+00, 5.0209e-03, 
 2DIAGNOSTIC,    51, -7.543729898807e-01, 7.470215811655e-04, 1.0297e+00, 4.3311e-03, 
 2DIAGNOSTIC,    52, -7.558555368300e-01, 5.936680569729e-04, 1.0340e+00, 4.3418e-03, 
 2DIAGNOSTIC,    53, -7.576358590175e-01, 4.274885763791e-04, 1.0390e+00, 4.9241e-03, 
 2DIAGNOSTIC,    54, -7.584156235292e-01, 2.830603738297e-04, 1.0438e+00, 4.8621e-03, 
 2DIAGNOSTIC,    55, -7.588740182311e-01, 2.026444707647e-04, 1.0481e+00, 4.2639e-03, 
 2DIAGNOSTIC,    56, -7.604570034715e-01, 1.522540056569e-04, 1.0535e+00, 5.3930e-03, 
 2DIAGNOSTIC,    57, -7.603484528452e-01, 1.418863610019e-04, 1.0577e+00, 4.2369e-03, 
 2DIAGNOSTIC,    58, -7.605537884665e-01, 1.372832138235e-04, 1.0631e+00, 5.3370e-03, 
 2DIAGNOSTIC,    59, -7.606958184212e-01, 1.221408613110e-04, 1.0689e+00, 5.8460e-03, 
 2DIAGNOSTIC,    60, -7.607492793847e-01, 9.804959032835e-05, 1.0732e+00, 4.2610e-03, 
 2DIAGNOSTIC,    61, -7.610611587867e-01, 7.183427211385e-05, 1.0779e+00, 4.7379e-03, 
 2DIAGNOSTIC,    62, -7.614114647463e-01, 5.188063997515e-05, 1.0821e+00, 4.1940e-03, 
 2DIAGNOSTIC,    63, -7.617001270850e-01, 4.152126283633e-05, 1.0863e+00, 4.2500e-03, 
 2DIAGNOSTIC,    64, -7.617259315359e-01, 3.288492073559e-05, 1.0911e+00, 4.7929e-03, 
 2DIAGNOSTIC,    65, -7.618533749839e-01, 2.497268562619e-05, 1.0958e+00, 4.6990e-03, 
 2DIAGNOSTIC,    66, -7.620755178176e-01, 2.643084840660e-05, 1.1000e+00, 4.1561e-03, 
 2DIAGNOSTIC,    67, -7.626352030680e-01, 2.806070208771e-05, 1.1063e+00, 6.2931e-03, 
 2DIAGNOSTIC,    68, -7.626867012906e-01, 2.846454232200e-05, 1.1106e+00, 4.3271e-03, 
 2DIAGNOSTIC,    69, -7.626088353863e-01, 2.664255328067e-05, 1.1159e+00, 5.2400e-03, 
 2DIAGNOSTIC,    70, -7.625377732019e-01, 2.231178409610e-05, 1.1211e+00, 5.2450e-03, 
 2DIAGNOSTIC,    71, -7.623684247467e-01, 1.678784666899e-05, 1.1258e+00, 4.7271e-03, 
 2DIAGNOSTIC,    72, -7.621850643878e-01, 1.074678597461e-05, 1.1306e+00, 4.7381e-03, 
 2DIAGNOSTIC,    73, -7.620806176310e-01, 4.965470913602e-06, 1.1349e+00, 4.3061e-03, 
DIAGNOSTIC,Iteration,metricValue,convergenceValue,ITERATION_TIME_INDEX,SINCE_LAST
 2DIAGNOSTIC,     1, -6.062765672839e-01, 1.797693134862e+308, 1.9536e+00, 8.1875e-01, 
 2DIAGNOSTIC,     2, -6.071245758617e-01, 1.797693134862e+308, 1.9862e+00, 3.2556e-02, 
 2DIAGNOSTIC,     3, -6.083533893309e-01, 1.797693134862e+308, 2.0213e+00, 3.5077e-02, 
 2DIAGNOSTIC,     4, -6.094445990408e-01, 1.797693134862e+308, 2.0567e+00, 3.5447e-02, 
 2DIAGNOSTIC,     5, -6.104893291193e-01, 1.797693134862e+308, 2.0868e+00, 3.0133e-02, 
 2DIAGNOSTIC,     6, -6.114505647002e-01, 1.797693134862e+308, 2.1168e+00, 2.9926e-02, 
 2DIAGNOSTIC,     7, -6.129437958435e-01, 1.797693134862e+308, 2.1473e+00, 3.0585e-02, 
 2DIAGNOSTIC,     8, -6.154905277526e-01, 1.797693134862e+308, 2.1865e+00, 3.9193e-02, 
 2DIAGNOSTIC,     9, -6.172859528832e-01, 1.797693134862e+308, 2.2394e+00, 5.2823e-02, 
 2DIAGNOSTIC,    10, -6.181348826739e-01, 1.282701267862e-03, 2.2723e+00, 3.2894e-02, 
 2DIAGNOSTIC,    11, -6.185911565841e-01, 1.188532825697e-03, 2.3082e+00, 3.5935e-02, 
 2DIAGNOSTIC,    12, -6.196720278871e-01, 1.077716412405e-03, 2.3520e+00, 4.3831e-02, 
 2DIAGNOSTIC,    13, -6.201839791483e-01, 9.466206905514e-04, 2.3914e+00, 3.9373e-02, 
 2DIAGNOSTIC,    14, -6.202036161630e-01, 7.844477811333e-04, 2.4278e+00, 3.6446e-02, 
 2DIAGNOSTIC,    15, -6.202098565068e-01, 6.061549701143e-04, 2.4621e+00, 3.4248e-02, 
 2DIAGNOSTIC,    16, -6.201979226029e-01, 4.227270142383e-04, 2.4963e+00, 3.4184e-02, 
 2DIAGNOSTIC,    17, -6.202006007788e-01, 2.614116904997e-04, 2.5300e+00, 3.3746e-02, 
 2DIAGNOSTIC,    18, -6.201907601825e-01, 1.580930158588e-04, 2.5609e+00, 3.0895e-02, 
 2DIAGNOSTIC,    19, -6.201876071296e-01, 9.471937428233e-05, 2.5950e+00, 3.4118e-02, 
 2DIAGNOSTIC,    20, -6.202410792500e-01, 5.009739681629e-05, 2.6331e+00, 3.8055e-02, 
 2DIAGNOSTIC,    21, -6.202264372246e-01, 1.436726674409e-05, 2.6698e+00, 3.6729e-02, 
 2DIAGNOSTIC,    22, -6.202369976512e-01, 3.309230848507e-06, 2.7000e+00, 3.0155e-02, 
 2DIAGNOSTIC,    23, -6.202212438943e-01, 2.989904994102e-06, 2.7305e+00, 3.0536e-02, 
 2DIAGNOSTIC,    24, -6.202409285917e-01, 3.301775378446e-06, 2.7656e+00, 3.5120e-02, 
 2DIAGNOSTIC,    25, -6.202460712130e-01, 3.591432963322e-06, 2.8024e+00, 3.6796e-02, 
 2DIAGNOSTIC,    26, -6.202672733353e-01, 3.798299485339e-06, 2.8329e+00, 3.0513e-02, 
 2DIAGNOSTIC,    27, -6.203224391975e-01, 4.748876456739e-06, 2.8666e+00, 3.3693e-02, 
 2DIAGNOSTIC,    28, -6.203715851870e-01, 5.931811151126e-06, 2.8971e+00, 3.0479e-02, 
 2DIAGNOSTIC,    29, -6.205297932060e-01, 9.006943125486e-06, 2.9266e+00, 2.9466e-02, 
 2DIAGNOSTIC,    30, -6.207864784122e-01, 1.584226900017e-05, 2.9566e+00, 3.0028e-02, 
 2DIAGNOSTIC,    31, -6.209508388648e-01, 2.297845227215e-05, 3.0116e+00, 5.5047e-02, 
 2DIAGNOSTIC,    32, -6.209563102922e-01, 2.782532536341e-05, 3.0446e+00, 3.2966e-02, 
 2DIAGNOSTIC,    33, -6.209599084954e-01, 2.972214471818e-05, 3.0746e+00, 3.0036e-02, 
 2DIAGNOSTIC,    34, -6.209299910601e-01, 2.863675719358e-05, 3.1126e+00, 3.7941e-02, 
 2DIAGNOSTIC,    35, -6.209332456921e-01, 2.504413997417e-05, 3.1476e+00, 3.4981e-02, 
 2DIAGNOSTIC,    36, -6.209147244310e-01, 1.935915729586e-05, 3.1828e+00, 3.5216e-02, 
 2DIAGNOSTIC,    37, -6.209186751305e-01, 1.301018683988e-05, 3.2174e+00, 3.4590e-02, 
 2DIAGNOSTIC,    38, -6.209029368613e-01, 6.256400477588e-06, 3.2573e+00, 3.9914e-02, 
DIAGNOSTIC,Iteration,metricValue,convergenceValue,ITERATION_TIME_INDEX,SINCE_LAST
 2DIAGNOSTIC,     1, -5.342003098069e-01, 1.797693134862e+308, 4.4299e+00, 1.1726e+00, 
 2DIAGNOSTIC,     2, -5.343509798841e-01, 1.797693134862e+308, 4.7183e+00, 2.8838e-01, 
 2DIAGNOSTIC,     3, -5.344064236506e-01, 1.797693134862e+308, 4.9700e+00, 2.5170e-01, 
 2DIAGNOSTIC,     4, -5.344691818991e-01, 1.797693134862e+308, 5.2235e+00, 2.5353e-01, 
 2DIAGNOSTIC,     5, -5.346492252338e-01, 1.797693134862e+308, 5.4699e+00, 2.4640e-01, 
 2DIAGNOSTIC,     6, -5.349840505396e-01, 1.797693134862e+308, 5.7162e+00, 2.4627e-01, 
 2DIAGNOSTIC,     7, -5.351592405281e-01, 1.797693134862e+308, 6.0337e+00, 3.1752e-01, 
 2DIAGNOSTIC,     8, -5.354011798187e-01, 1.797693134862e+308, 6.3883e+00, 3.5462e-01, 
 2DIAGNOSTIC,     9, -5.354578704818e-01, 1.797693134862e+308, 6.6923e+00, 3.0397e-01, 
 2DIAGNOSTIC,    10, -5.354583438436e-01, 1.785864990249e-04, 7.0033e+00, 3.1102e-01, 
 2DIAGNOSTIC,    11, -5.354588704754e-01, 1.526785835806e-04, 7.2940e+00, 2.9065e-01, 
 2DIAGNOSTIC,    12, -5.354608425888e-01, 1.243282920110e-04, 7.6557e+00, 3.6172e-01, 
 2DIAGNOSTIC,    13, -5.354594924533e-01, 9.160280591519e-05, 7.9529e+00, 2.9725e-01, 
 2DIAGNOSTIC,    14, -5.354589227910e-01, 5.781614410709e-05, 8.2468e+00, 2.9383e-01, 
 2DIAGNOSTIC,    15, -5.354573370781e-01, 2.965463158459e-05, 8.4920e+00, 2.4525e-01, 
 2DIAGNOSTIC,    16, -5.354561165052e-01, 1.352656280243e-05, 8.7375e+00, 2.4543e-01, 
 2DIAGNOSTIC,    17, -5.354577122249e-01, 3.562492330494e-06, 8.9686e+00, 2.3114e-01, 
 2DIAGNOSTIC,    18, -5.354580261222e-01, 1.648520050419e-06, 9.2043e+00, 2.3572e-01, 
 2DIAGNOSTIC,    19, -5.354585819212e-01, 1.548419743265e-06, 9.5048e+00, 3.0054e-01, 
 2DIAGNOSTIC,    20, -5.354596389269e-01, 1.511655520307e-06, 9.7891e+00, 2.8423e-01, 
 2DIAGNOSTIC,    21, -5.354578817329e-01, 1.452681865265e-06, 1.0101e+01, 3.1232e-01, 
 2DIAGNOSTIC,    22, -5.354591284809e-01, 1.483958166126e-06, 1.0432e+01, 3.3036e-01, 
 2DIAGNOSTIC,    23, -5.354581856855e-01, 1.454335946026e-06, 1.0689e+01, 2.5690e-01, 
 2DIAGNOSTIC,    24, -5.354573398967e-01, 1.390476251938e-06, 1.0978e+01, 2.8947e-01, 
 2DIAGNOSTIC,    25, -5.354576733986e-01, 1.300761239040e-06, 1.1249e+01, 2.7085e-01, 
 2DIAGNOSTIC,    26, -5.354571430642e-01, 1.178616677866e-06, 1.1474e+01, 2.2536e-01, 
 2DIAGNOSTIC,    27, -5.354580644894e-01, 1.119486722517e-06, 1.1713e+01, 2.3903e-01, 
 2DIAGNOSTIC,    28, -5.354616832873e-01, 1.143888965917e-06, 1.1967e+01, 2.5389e-01, 
 2DIAGNOSTIC,    29, -5.354629088685e-01, 1.196410840759e-06, 1.2205e+01, 2.3794e-01, 
 2DIAGNOSTIC,    30, -5.354638340051e-01, 1.272437790856e-06, 1.2464e+01, 2.5848e-01, 
 2DIAGNOSTIC,    31, -5.354640282627e-01, 1.296586944255e-06, 1.2690e+01, 2.2589e-01, 
 2DIAGNOSTIC,    32, -5.354667481500e-01, 1.359792213856e-06, 1.2948e+01, 2.5865e-01, 
 2DIAGNOSTIC,    33, -5.354750913153e-01, 1.501806079045e-06, 1.3210e+01, 2.6158e-01, 
 2DIAGNOSTIC,    34, -5.354830034622e-01, 1.691007615386e-06, 1.3471e+01, 2.6082e-01, 
 2DIAGNOSTIC,    35, -5.355064216796e-01, 2.157682003488e-06, 1.3738e+01, 2.6783e-01, 
 2DIAGNOSTIC,    36, -5.355487340646e-01, 3.089708546868e-06, 1.4010e+01, 2.7113e-01, 
 2DIAGNOSTIC,    37, -5.356365576362e-01, 5.021141269070e-06, 1.4263e+01, 2.5330e-01, 
 2DIAGNOSTIC,    38, -5.357721813471e-01, 8.374425771243e-06, 1.4567e+01, 3.0448e-01, 
 2DIAGNOSTIC,    39, -5.359985584108e-01, 1.390320699521e-05, 1.5119e+01, 5.5184e-01, 
 2DIAGNOSTIC,    40, -5.360000705209e-01, 1.788868193420e-05, 1.5409e+01, 2.8933e-01, 
 2DIAGNOSTIC,    41, -5.359949036513e-01, 2.003470634948e-05, 1.5724e+01, 3.1583e-01, 
 2DIAGNOSTIC,    42, -5.359936344024e-01, 2.028248769925e-05, 1.6026e+01, 3.0139e-01, 
 2DIAGNOSTIC,    43, -5.359930961693e-01, 1.871612402644e-05, 1.6317e+01, 2.9098e-01, 
 2DIAGNOSTIC,    44, -5.359924594862e-01, 1.555257523332e-05, 1.6578e+01, 2.6086e-01, 
 2DIAGNOSTIC,    45, -5.359909962178e-01, 1.138459109809e-05, 1.6908e+01, 3.3020e-01, 
 2DIAGNOSTIC,    46, -5.359901861846e-01, 6.888976060323e-06, 1.7319e+01, 4.1143e-01, 
 2DIAGNOSTIC,    47, -5.359891453937e-01, 2.959314722332e-06, 1.7616e+01, 2.9630e-01, 
DIAGNOSTIC,Iteration,metricValue,convergenceValue,ITERATION_TIME_INDEX,SINCE_LAST
 2DIAGNOSTIC,     1, -4.896754582210e-01, 1.797693134862e+308, 2.0656e+01, 3.0401e+00, 
 2DIAGNOSTIC,     2, -4.896817920655e-01, 1.797693134862e+308, 2.2748e+01, 2.0929e+00, 
 2DIAGNOSTIC,     3, -4.896810158882e-01, 1.797693134862e+308, 2.4325e+01, 1.5767e+00, 
 2DIAGNOSTIC,     4, -4.896804695102e-01, 1.797693134862e+308, 2.5939e+01, 1.6137e+00, 
 2DIAGNOSTIC,     5, -4.896805017073e-01, 1.797693134862e+308, 2.7626e+01, 1.6874e+00, 
 2DIAGNOSTIC,     6, -4.896804827258e-01, 1.797693134862e+308, 2.9271e+01, 1.6449e+00, 
 2DIAGNOSTIC,     7, -4.896806721520e-01, 1.797693134862e+308, 3.1028e+01, 1.7570e+00, 
 2DIAGNOSTIC,     8, -4.896804310055e-01, 1.797693134862e+308, 3.2846e+01, 1.8182e+00, 
 2DIAGNOSTIC,     9, -4.896802871232e-01, 1.797693134862e+308, 3.4522e+01, 1.6757e+00, 
 2DIAGNOSTIC,    10, -4.896801805736e-01, 3.360248244363e-06, 3.6005e+01, 1.4832e+00, 
 2DIAGNOSTIC,    11, -4.896802749117e-01, 2.766415687680e-06, 3.7553e+01, 1.5475e+00, 
 2DIAGNOSTIC,    12, -4.896811564611e-01, 2.632151679685e-06, 3.9429e+01, 1.8758e+00, 
 2DIAGNOSTIC,    13, -4.896812901134e-01, 2.491268322746e-06, 4.1284e+01, 1.8550e+00, 
 2DIAGNOSTIC,    14, -4.896812064170e-01, 2.340942815218e-06, 4.2655e+01, 1.3718e+00, 
 2DIAGNOSTIC,    15, -4.896810125192e-01, 2.198867944475e-06, 4.4287e+01, 1.6313e+00, 
 2DIAGNOSTIC,    16, -4.896808050019e-01, 2.058857415471e-06, 4.5851e+01, 1.5648e+00, 
 2DIAGNOSTIC,    17, -4.896808211915e-01, 1.935483707145e-06, 4.7234e+01, 1.3828e+00, 
 2DIAGNOSTIC,    18, -4.896807241943e-01, 1.808748493003e-06, 4.8691e+01, 1.4568e+00, 
 2DIAGNOSTIC,    19, -4.896806406366e-01, 1.685162650630e-06, 5.0322e+01, 1.6309e+00, 
 2DIAGNOSTIC,    20, -4.896806877959e-01, 1.571656846840e-06, 5.2029e+01, 1.7067e+00, 
 2DIAGNOSTIC,    21, -4.896806128459e-01, 1.470566590889e-06, 5.3719e+01, 1.6907e+00, 
 2DIAGNOSTIC,    22, -4.896803133058e-01, 1.397994821253e-06, 5.5101e+01, 1.3818e+00, 
 2DIAGNOSTIC,    23, -4.896803971418e-01, 1.341881074500e-06, 5.6465e+01, 1.3634e+00, 
 2DIAGNOSTIC,    24, -4.896805384123e-01, 1.295638065786e-06, 5.8414e+01, 1.9493e+00, 
 2DIAGNOSTIC,    25, -4.896804688506e-01, 1.249691756799e-06, 5.9962e+01, 1.5484e+00, 
 2DIAGNOSTIC,    26, -4.896804988707e-01, 1.205548391101e-06, 6.1506e+01, 1.5439e+00, 
 2DIAGNOSTIC,    27, -4.896804334733e-01, 1.165479751014e-06, 6.3276e+01, 1.7701e+00, 
 2DIAGNOSTIC,    28, -4.896803545196e-01, 1.125862545519e-06, 6.4864e+01, 1.5878e+00, 
 2DIAGNOSTIC,    29, -4.896802622030e-01, 1.086269144794e-06, 6.6266e+01, 1.4016e+00, 
 2DIAGNOSTIC,    30, -4.896800699492e-01, 1.047533424767e-06, 6.7940e+01, 1.6747e+00, 
 2DIAGNOSTIC,    31, -4.896800111228e-01, 1.010284508315e-06, 6.9705e+01, 1.7642e+00, 
  Elapsed time (stage 0): 7.0590e+01


Total elapsed time: 7.0596e+01
Info [verificarlo]: loaded backend libinterflop_vprec.so
Info [interflop-vprec]: load backend with: 
Info [interflop-vprec]: precision-binary32 = 14
Info [interflop-vprec]: range-binary32 = 8
Info [interflop-vprec]: precision-binary64 = 14
Info [interflop-vprec]: range-binary64 = 8
Info [interflop-vprec]: mode = ob
Info [interflop-vprec]: error-mode = rel
Info [interflop-vprec]: max-abs-error-exponent = -1022
Info [interflop-vprec]: daz = false
Info [interflop-vprec]: ftz = false
Info [interflop-vprec]: 	instrument = none
Info [interflop-vprec]: 	prec-input-file = (null)
Info [interflop-vprec]: 	prec-output-file = (null)
Info [interflop-vprec]: 	prec-log-file = (null)
All_Command_lines_OK
Using double precision for computations.
=============================================================================
The composite transform comprises the following transforms (in order): 
  1. /home/mdugre/scratch/mri-registration-rp/datasets/ds004513/derivatives/mri-registration-rp/0011/antsRegistration-r8-p14/sub-s025/rigid_Composite.h5[0] (type = Euler3DTransform)
  2. /home/mdugre/scratch/mri-registration-rp/datasets/ds004513/derivatives/mri-registration-rp/0011/antsRegistration-r8-p14/sub-s025/rigid_Composite.h5[1] (type = Euler3DTransform)
  3. /home/mdugre/scratch/mri-registration-rp/datasets/ds004513/derivatives/mri-registration-rp/0011/antsRegistration-r8-p14/sub-s025/rigid_Composite.h5[2] (type = Euler3DTransform)
=============================================================================
  number of levels = 4
  fixed image: /templateflow/tpl-MNI152NLin2009cAsym/tpl-MNI152NLin2009cAsym_res-01_desc-brain_T1w.nii.gz
  moving image: /home/mdugre/scratch/mri-registration-rp/datasets/ds004513/derivatives/mri-registration-rp/antsBrainExtraction/sub-s025/BrainExtractionBrain.nii.gz
Dimension = 3
Number of stages = 1
Use histogram matching = false
Winsorize image intensities = true
  Lower quantile = 0.005
  Upper quantile = 0.995


Stage 1 State
   Image metric = MattesMI
     Fixed image = Image (0x48e7490)
  RTTI typeinfo:   itk::Image<double, 3u>
  Reference Count: 2
  Modified Time: 1592
  Debug: Off
  Object Name: 
  Observers: 
    none
  Source: (none)
  Source output name: (none)
  Release Data: Off
  Data Released: False
  Global Release Data: Off
  PipelineMTime: 0
  UpdateMTime: 1203
  RealTimeStamp: 0 seconds 
  LargestPossibleRegion: 
    Dimension: 3
    Index: [0, 0, 0]
    Size: [193, 229, 193]
  BufferedRegion: 
    Dimension: 3
    Index: [0, 0, 0]
    Size: [193, 229, 193]
  RequestedRegion: 
    Dimension: 3
    Index: [0, 0, 0]
    Size: [193, 229, 193]
  Spacing: [1, 1, 1]
  Origin: [96, 132, -78]
  Direction: 
-1 0 0
0 -1 0
0 0 1

  IndexToPointMatrix: 
-1 0 0
0 -1 0
0 0 1

  PointToIndexMatrix: 
-1 0 0
0 -1 0
0 0 1

  Inverse Direction: 
-1 0 0
0 -1 0
0 0 1

  PixelContainer: 
    ImportImageContainer (0x49b28c0)
      RTTI typeinfo:   itk::ImportImageContainer<unsigned long, double>
      Reference Count: 1
      Modified Time: 1200
      Debug: Off
      Object Name: 
      Observers: 
        none
      Pointer: 0x148cc2515010
      Container manages memory: true
      Size: 8530021
      Capacity: 8530021

     Moving image = Image (0x49a2b60)
  RTTI typeinfo:   itk::Image<double, 3u>
  Reference Count: 2
  Modified Time: 1593
  Debug: Off
  Object Name: 
  Observers: 
    none
  Source: (none)
  Source output name: (none)
  Release Data: Off
  Data Released: False
  Global Release Data: Off
  PipelineMTime: 0
  UpdateMTime: 1590
  RealTimeStamp: 0 seconds 
  LargestPossibleRegion: 
    Dimension: 3
    Index: [0, 0, 0]
    Size: [176, 240, 256]
  BufferedRegion: 
    Dimension: 3
    Index: [0, 0, 0]
    Size: [176, 240, 256]
  RequestedRegion: 
    Dimension: 3
    Index: [0, 0, 0]
    Size: [176, 240, 256]
  Spacing: [1, 1, 1]
  Origin: [90.3789, 84.5078, -154.07]
  Direction: 
-0.99939 7.48178e-06 -0.0348969
-7.47666e-06 -1 -2.79528e-07
-0.0348969 -1.84482e-08 0.99939

  IndexToPointMatrix: 
-0.99939 7.48178e-06 -0.0348969
-7.47666e-06 -1 -2.79528e-07
-0.0348969 -1.84482e-08 0.99939

  PointToIndexMatrix: 
-0.99939 -7.47666e-06 -0.0348969
7.47666e-06 -1 1.3411e-07
-0.0348969 -1.30385e-07 0.99939

  Inverse Direction: 
-0.99939 -7.47666e-06 -0.0348969
7.47666e-06 -1 1.3411e-07
-0.0348969 -1.30385e-07 0.99939

  PixelContainer: 
    ImportImageContainer (0x491abd0)
      RTTI typeinfo:   itk::ImportImageContainer<unsigned long, double>
      Reference Count: 1
      Modified Time: 1587
      Debug: Off
      Object Name: 
      Observers: 
        none
      Pointer: 0x148cbd294010
      Container manages memory: true
      Size: 10813440
      Capacity: 10813440

     Weighting = 1
     Sampling strategy = regular
     Number of bins = 32
     Radius = 4
     Sampling percentage  = 0.25
   Transform = Affine
     Gradient step = 0.1
     Update field sigma (voxel space) = 0
     Total field sigma (voxel space) = 0
     Update field time sigma = 0
     Total field time sigma  = 0
     Number of time indices = 0
     Number of time point samples = 0
Registration using 1 total stages.

Stage 0
  iterations = 1000x500x250x100
  convergence threshold = 1e-06
  convergence window size = 10
  number of levels = 4
  using the Mattes MI metric (number of bins = 32, weight = 1, use gradient filter = 0)
  preprocessing:  winsorizing the image intensities
  Shrink factors (level 1 out of 4): [8, 8, 8]
  Shrink factors (level 2 out of 4): [4, 4, 4]
  Shrink factors (level 3 out of 4): [2, 2, 2]
  Shrink factors (level 4 out of 4): [1, 1, 1]
  smoothing sigmas per level: [3, 2, 1, 0]
  regular sampling (percentage = 0.25)

*** Running AffineTransform registration ***

DIAGNOSTIC,Iteration,metricValue,convergenceValue,ITERATION_TIME_INDEX,SINCE_LAST
 2DIAGNOSTIC,     1, -7.482811396936e-01, 1.797693134862e+308, 0.0000e+00, 0.0000e+00, 
 2DIAGNOSTIC,     2, -7.504663571223e-01, 1.797693134862e+308, 0.0000e+00, 0.0000e+00, 
 2DIAGNOSTIC,     3, -7.542378308136e-01, 1.797693134862e+308, 0.0000e+00, 0.0000e+00, 
 2DIAGNOSTIC,     4, -7.607590151790e-01, 1.797693134862e+308, 0.0000e+00, 0.0000e+00, 
 2DIAGNOSTIC,     5, -7.725540972427e-01, 1.797693134862e+308, 0.0000e+00, 0.0000e+00, 
 2DIAGNOSTIC,     6, -7.897292228235e-01, 1.797693134862e+308, 0.0000e+00, 0.0000e+00, 
 2DIAGNOSTIC,     7, -8.165734243194e-01, 1.797693134862e+308, 0.0000e+00, 0.0000e+00, 
 2DIAGNOSTIC,     8, -8.875068444917e-01, 1.797693134862e+308, 0.0000e+00, 0.0000e+00, 
 2DIAGNOSTIC,     9, -9.213690950369e-01, 1.797693134862e+308, 0.0000e+00, 0.0000e+00, 
 2DIAGNOSTIC,    10, -9.306202448705e-01, 1.587375188791e-02, 0.0000e+00, 0.0000e+00, 
 2DIAGNOSTIC,    11, -9.354829645646e-01, 1.598714002804e-02, 0.0000e+00, 0.0000e+00, 
 2DIAGNOSTIC,    12, -9.357445681604e-01, 1.472840144651e-02, 0.0000e+00, 0.0000e+00, 
 2DIAGNOSTIC,    13, -9.362315434768e-01, 1.245229624329e-02, 0.0000e+00, 0.0000e+00, 
 2DIAGNOSTIC,    14, -9.367065268948e-01, 9.568434216087e-03, 0.0000e+00, 0.0000e+00, 
 2DIAGNOSTIC,    15, -9.371550035811e-01, 6.525416436052e-03, 0.0000e+00, 0.0000e+00, 
 2DIAGNOSTIC,    16, -9.371469792526e-01, 3.668187250944e-03, 0.0000e+00, 0.0000e+00, 
 2DIAGNOSTIC,    17, -9.376682831298e-01, 1.340556546905e-03, 0.0000e+00, 0.0000e+00, 
 2DIAGNOSTIC,    18, -9.387794599229e-01, 4.650149220883e-04, 0.0000e+00, 0.0000e+00, 
 2DIAGNOSTIC,    19, -9.386080153707e-01, 2.198744087853e-04, 0.0000e+00, 0.0000e+00, 
 2DIAGNOSTIC,    20, -9.386514473447e-01, 1.299362955352e-04, 0.0000e+00, 0.0000e+00, 
 2DIAGNOSTIC,    21, -9.386365085966e-01, 1.122096176298e-04, 0.0000e+00, 0.0000e+00, 
 2DIAGNOSTIC,    22, -9.386374264042e-01, 8.951260553449e-05, 0.0000e+00, 0.0000e+00, 
 2DIAGNOSTIC,    23, -9.386378041897e-01, 6.711929996792e-05, 0.0000e+00, 0.0000e+00, 
 2DIAGNOSTIC,    24, -9.386376046045e-01, 4.681860545271e-05, 0.0000e+00, 0.0000e+00, 
 2DIAGNOSTIC,    25, -9.386378105711e-01, 3.002944039991e-05, 0.0000e+00, 0.0000e+00, 
 2DIAGNOSTIC,    26, -9.386376323906e-01, 1.174652188959e-05, 0.0000e+00, 0.0000e+00, 
DIAGNOSTIC,Iteration,metricValue,convergenceValue,ITERATION_TIME_INDEX,SINCE_LAST
 2DIAGNOSTIC,     1, -7.501008991141e-01, 1.797693134862e+308, 0.0000e+00, 0.0000e+00, 
 2DIAGNOSTIC,     2, -7.504888760351e-01, 1.797693134862e+308, 0.0000e+00, 0.0000e+00, 
 2DIAGNOSTIC,     3, -7.510485903990e-01, 1.797693134862e+308, 0.0000e+00, 0.0000e+00, 
 2DIAGNOSTIC,     4, -7.516947220938e-01, 1.797693134862e+308, 0.0000e+00, 0.0000e+00, 
 2DIAGNOSTIC,     5, -7.528397977005e-01, 1.797693134862e+308, 0.0000e+00, 0.0000e+00, 
 2DIAGNOSTIC,     6, -7.541213923146e-01, 1.797693134862e+308, 0.0000e+00, 0.0000e+00, 
 2DIAGNOSTIC,     7, -7.544281116197e-01, 1.797693134862e+308, 0.0000e+00, 0.0000e+00, 
 2DIAGNOSTIC,     8, -7.543774266923e-01, 1.797693134862e+308, 0.0000e+00, 0.0000e+00, 
 2DIAGNOSTIC,     9, -7.543724378392e-01, 1.797693134862e+308, 0.0000e+00, 0.0000e+00, 
 2DIAGNOSTIC,    10, -7.544263567904e-01, 4.387164009478e-04, 0.0000e+00, 0.0000e+00, 
 2DIAGNOSTIC,    11, -7.544169909147e-01, 3.295888171937e-04, 0.0000e+00, 0.0000e+00, 
 2DIAGNOSTIC,    12, -7.544064799750e-01, 2.212892132067e-04, 0.0000e+00, 0.0000e+00, 
 2DIAGNOSTIC,    13, -7.543945129067e-01, 1.263122337099e-04, 0.0000e+00, 0.0000e+00, 
 2DIAGNOSTIC,    14, -7.544227610634e-01, 5.150085513642e-05, 0.0000e+00, 0.0000e+00, 
 2DIAGNOSTIC,    15, -7.544293102552e-01, 1.023073477076e-05, 0.0000e+00, 0.0000e+00, 
 2DIAGNOSTIC,    16, -7.544261103405e-01, 3.283004623933e-06, 0.0000e+00, 0.0000e+00, 
 2DIAGNOSTIC,    17, -7.544316810729e-01, 4.018538505832e-06, 0.0000e+00, 0.0000e+00, 
 2DIAGNOSTIC,    18, -7.544295437533e-01, 3.366680004932e-06, 0.0000e+00, 0.0000e+00, 
 2DIAGNOSTIC,    19, -7.544296447057e-01, 2.480520741546e-06, 0.0000e+00, 0.0000e+00, 
 2DIAGNOSTIC,    20, -7.544296450026e-01, 2.608008449173e-06, 0.0000e+00, 0.0000e+00, 
 2DIAGNOSTIC,    21, -7.544296894254e-01, 2.459216069305e-06, 0.0000e+00, 0.0000e+00, 
 2DIAGNOSTIC,    22, -7.544297017867e-01, 2.056104581025e-06, 0.0000e+00, 0.0000e+00, 
 2DIAGNOSTIC,    23, -7.544297244175e-01, 1.411053655476e-06, 0.0000e+00, 0.0000e+00, 
 2DIAGNOSTIC,    24, -7.544297820502e-01, 1.248844605076e-06, 0.0000e+00, 0.0000e+00, 
 2DIAGNOSTIC,    25, -7.544298590031e-01, 1.198003332446e-06, 0.0000e+00, 0.0000e+00, 
 2DIAGNOSTIC,    26, -7.544298772316e-01, 1.099048669198e-06, 0.0000e+00, 0.0000e+00, 
 2DIAGNOSTIC,    27, -7.544299379684e-01, 1.088856800828e-06, 0.0000e+00, 0.0000e+00, 
 2DIAGNOSTIC,    28, -7.544299526231e-01, 1.049723711025e-06, 0.0000e+00, 0.0000e+00, 
 2DIAGNOSTIC,    29, -7.544299522428e-01, 1.013608758003e-06, 0.0000e+00, 0.0000e+00, 
DIAGNOSTIC,Iteration,metricValue,convergenceValue,ITERATION_TIME_INDEX,SINCE_LAST
 2DIAGNOSTIC,     1, -6.421471692638e-01, 1.797693134862e+308, 0.0000e+00, 0.0000e+00, 
 2DIAGNOSTIC,     2, -6.424507307926e-01, 1.797693134862e+308, 0.0000e+00, 0.0000e+00, 
 2DIAGNOSTIC,     3, -6.428767222435e-01, 1.797693134862e+308, 0.0000e+00, 0.0000e+00, 
 2DIAGNOSTIC,     4, -6.433885047253e-01, 1.797693134862e+308, 0.0000e+00, 0.0000e+00, 
 2DIAGNOSTIC,     5, -6.441320181142e-01, 1.797693134862e+308, 0.0000e+00, 0.0000e+00, 
 2DIAGNOSTIC,     6, -6.447963621026e-01, 1.797693134862e+308, 0.0000e+00, 0.0000e+00, 
 2DIAGNOSTIC,     7, -6.447884483297e-01, 1.797693134862e+308, 0.0000e+00, 0.0000e+00, 
 2DIAGNOSTIC,     8, -6.447840039743e-01, 1.797693134862e+308, 0.0000e+00, 0.0000e+00, 
 2DIAGNOSTIC,     9, -6.447929930371e-01, 1.797693134862e+308, 0.0000e+00, 0.0000e+00, 
 2DIAGNOSTIC,    10, -6.447928597339e-01, 3.028085977605e-04, 0.0000e+00, 0.0000e+00, 
 2DIAGNOSTIC,    11, -6.447934723834e-01, 2.155265634846e-04, 0.0000e+00, 0.0000e+00, 
 2DIAGNOSTIC,    12, -6.447920229210e-01, 1.349744257806e-04, 0.0000e+00, 0.0000e+00, 
