
##########################
# Experiment information #
##########################

EXPERIMENT_NAME: antsRegistration-r8-p15
VFC_BACKENDS: libinterflop_vprec.so --range-binary32=8 --precision-binary32=15 --range-binary64=8 --precision-binary64=15

SIF_IMG: /home/mdugre/projects/rrg-glatard/mdugre/containers/ants-vprec-no_metrics.simg

SUBJECT_ID: s035
INPUT_IMG: /home/mdugre/scratch/mri-registration-rp/datasets/ds004513/derivatives/mri-registration-rp/antsBrainExtraction/sub-s035/BrainExtractionBrain.nii.gz
OUTPUT_DIR: /home/mdugre/scratch/mri-registration-rp/datasets/ds004513/derivatives/mri-registration-rp/0011/antsRegistration-r8-p15/sub-s035

FIXED_IMG: /templateflow/tpl-MNI152NLin2009cAsym/tpl-MNI152NLin2009cAsym_res-01_desc-brain_T1w.nii.gz
DATA_DIR: /home/mdugre/scratch/mri-registration-rp/datasets/ds004513
TEMPLATEFLOW_DIR: /home/mdugre/projects/rrg-glatard/mdugre/templateflow
ITK_GLOBAL_DEFAULT_NUMBER_OF_THREADS: 16
##########################

Info [verificarlo]: loaded backend libinterflop_ieee.so
Info [interflop-ieee]: load backend with:
Info [interflop-ieee]: debug = false
Info [interflop-ieee]: debug-binary = false
Info [interflop-ieee]: no-backend-name = false
Info [interflop-ieee]: print-new-line = false
Info [interflop-ieee]: print-subnormal-normalized = false
Info [interflop-ieee]: count-op = false
All_Command_lines_OK
Using double precision for computations.
=============================================================================
The composite transform comprises the following transforms (in order): 
  1. Center of mass alignment using fixed image: /templateflow/tpl-MNI152NLin2009cAsym/tpl-MNI152NLin2009cAsym_res-01_desc-brain_T1w.nii.gz and moving image: /home/mdugre/scratch/mri-registration-rp/datasets/ds004513/derivatives/mri-registration-rp/antsBrainExtraction/sub-s035/BrainExtractionBrain.nii.gz (type = Euler3DTransform)
=============================================================================
  number of levels = 1
  fixed image: /templateflow/tpl-MNI152NLin2009cAsym/tpl-MNI152NLin2009cAsym_res-01_desc-brain_T1w.nii.gz
  moving image: /home/mdugre/scratch/mri-registration-rp/datasets/ds004513/derivatives/mri-registration-rp/antsBrainExtraction/sub-s035/BrainExtractionBrain.nii.gz
Dimension = 3
Number of stages = 1
Use histogram matching = false
Winsorize image intensities = true
  Lower quantile = 0.005
  Upper quantile = 0.995


Stage 1 State
   Image metric = MattesMI
     Fixed image = Image (0x4c6ce70)
  RTTI typeinfo:   itk::Image<double, 3u>
  Reference Count: 2
  Modified Time: 2330
  Debug: Off
  Object Name: 
  Observers: 
    none
  Source: (none)
  Source output name: (none)
  Release Data: Off
  Data Released: False
  Global Release Data: Off
  PipelineMTime: 0
  UpdateMTime: 1941
  RealTimeStamp: 0 seconds 
  LargestPossibleRegion: 
    Dimension: 3
    Index: [0, 0, 0]
    Size: [193, 229, 193]
  BufferedRegion: 
    Dimension: 3
    Index: [0, 0, 0]
    Size: [193, 229, 193]
  RequestedRegion: 
    Dimension: 3
    Index: [0, 0, 0]
    Size: [193, 229, 193]
  Spacing: [1, 1, 1]
  Origin: [96, 132, -78]
  Direction: 
-1 0 0
0 -1 0
0 0 1

  IndexToPointMatrix: 
-1 0 0
0 -1 0
0 0 1

  PointToIndexMatrix: 
-1 0 0
0 -1 0
0 0 1

  Inverse Direction: 
-1 0 0
0 -1 0
0 0 1

  PixelContainer: 
    ImportImageContainer (0x4c75c60)
      RTTI typeinfo:   itk::ImportImageContainer<unsigned long, double>
      Reference Count: 1
      Modified Time: 1938
      Debug: Off
      Object Name: 
      Observers: 
        none
      Pointer: 0x14c71d315010
      Container manages memory: true
      Size: 8530021
      Capacity: 8530021

     Moving image = Image (0x4d09ec0)
  RTTI typeinfo:   itk::Image<double, 3u>
  Reference Count: 2
  Modified Time: 2331
  Debug: Off
  Object Name: 
  Observers: 
    none
  Source: (none)
  Source output name: (none)
  Release Data: Off
  Data Released: False
  Global Release Data: Off
  PipelineMTime: 0
  UpdateMTime: 2328
  RealTimeStamp: 0 seconds 
  LargestPossibleRegion: 
    Dimension: 3
    Index: [0, 0, 0]
    Size: [160, 240, 256]
  BufferedRegion: 
    Dimension: 3
    Index: [0, 0, 0]
    Size: [160, 240, 256]
  RequestedRegion: 
    Dimension: 3
    Index: [0, 0, 0]
    Size: [160, 240, 256]
  Spacing: [1, 1, 1]
  Origin: [98.6438, 87.6358, -117.989]
  Direction: 
-0.993515 -0.100993 -0.0522355
0.100854 -0.994887 0.00530255
-0.0525039 1.93537e-08 0.998621

  IndexToPointMatrix: 
-0.993515 -0.100993 -0.0522355
0.100854 -0.994887 0.00530255
-0.0525039 1.93537e-08 0.998621

  PointToIndexMatrix: 
-0.993515 0.100854 -0.0525039
-0.100993 -0.994887 1.93006e-08
-0.0522355 0.00530255 0.998621

  Inverse Direction: 
-0.993515 0.100854 -0.0525039
-0.100993 -0.994887 1.93006e-08
-0.0522355 0.00530255 0.998621

  PixelContainer: 
    ImportImageContainer (0x4da1610)
      RTTI typeinfo:   itk::ImportImageContainer<unsigned long, double>
      Reference Count: 1
      Modified Time: 2325
      Debug: Off
      Object Name: 
      Observers: 
        none
      Pointer: 0x14c718814010
      Container manages memory: true
      Size: 9830400
      Capacity: 9830400

     Weighting = 1
     Sampling strategy = regular
     Number of bins = 32
     Radius = 4
     Sampling percentage  = 0.25
   Transform = Rigid
     Gradient step = 0.1
     Update field sigma (voxel space) = 0
     Total field sigma (voxel space) = 0
     Update field time sigma = 0
     Total field time sigma  = 0
     Number of time indices = 0
     Number of time point samples = 0
Registration using 1 total stages.

Stage 0
  iterations = 0
  convergence threshold = 1e-06
  convergence window size = 10
  number of levels = 1
  using the Mattes MI metric (number of bins = 32, weight = 1, use gradient filter = 0)
  preprocessing:  winsorizing the image intensities
  Shrink factors (level 1 out of 1): [1, 1, 1]
  smoothing sigmas per level: [0]
  regular sampling (percentage = 0.25)

*** Running Euler3DTransform registration ***

  Elapsed time (stage 0): 1.132


Total elapsed time: 1.1342
Info [verificarlo]: loaded backend libinterflop_ieee.so
Info [interflop-ieee]: load backend with:
Info [interflop-ieee]: debug = false
Info [interflop-ieee]: debug-binary = false
Info [interflop-ieee]: no-backend-name = false
Info [interflop-ieee]: print-new-line = false
Info [interflop-ieee]: print-subnormal-normalized = false
Info [interflop-ieee]: count-op = false
All_Command_lines_OK
Using double precision for computations.
=============================================================================
The composite transform comprises the following transforms (in order): 
  1. /home/mdugre/scratch/mri-registration-rp/datasets/ds004513/derivatives/mri-registration-rp/0011/antsRegistration-r8-p15/sub-s035/align_Composite.h5[0] (type = Euler3DTransform)
  2. /home/mdugre/scratch/mri-registration-rp/datasets/ds004513/derivatives/mri-registration-rp/0011/antsRegistration-r8-p15/sub-s035/align_Composite.h5[1] (type = Euler3DTransform)
=============================================================================
  number of levels = 4
  fixed image: /templateflow/tpl-MNI152NLin2009cAsym/tpl-MNI152NLin2009cAsym_res-01_desc-brain_T1w.nii.gz
  moving image: /home/mdugre/scratch/mri-registration-rp/datasets/ds004513/derivatives/mri-registration-rp/antsBrainExtraction/sub-s035/BrainExtractionBrain.nii.gz
Dimension = 3
Number of stages = 1
Use histogram matching = false
Winsorize image intensities = true
  Lower quantile = 0.005
  Upper quantile = 0.995


Stage 1 State
   Image metric = MattesMI
     Fixed image = Image (0x3b66530)
  RTTI typeinfo:   itk::Image<double, 3u>
  Reference Count: 2
  Modified Time: 1578
  Debug: Off
  Object Name: 
  Observers: 
    none
  Source: (none)
  Source output name: (none)
  Release Data: Off
  Data Released: False
  Global Release Data: Off
  PipelineMTime: 0
  UpdateMTime: 1189
  RealTimeStamp: 0 seconds 
  LargestPossibleRegion: 
    Dimension: 3
    Index: [0, 0, 0]
    Size: [193, 229, 193]
  BufferedRegion: 
    Dimension: 3
    Index: [0, 0, 0]
    Size: [193, 229, 193]
  RequestedRegion: 
    Dimension: 3
    Index: [0, 0, 0]
    Size: [193, 229, 193]
  Spacing: [1, 1, 1]
  Origin: [96, 132, -78]
  Direction: 
-1 0 0
0 -1 0
0 0 1

  IndexToPointMatrix: 
-1 0 0
0 -1 0
0 0 1

  PointToIndexMatrix: 
-1 0 0
0 -1 0
0 0 1

  Inverse Direction: 
-1 0 0
0 -1 0
0 0 1

  PixelContainer: 
    ImportImageContainer (0x3c24d60)
      RTTI typeinfo:   itk::ImportImageContainer<unsigned long, double>
      Reference Count: 1
      Modified Time: 1186
      Debug: Off
      Object Name: 
      Observers: 
        none
      Pointer: 0x1489aab87010
      Container manages memory: true
      Size: 8530021
      Capacity: 8530021

     Moving image = Image (0x3c16f60)
  RTTI typeinfo:   itk::Image<double, 3u>
  Reference Count: 2
  Modified Time: 1579
  Debug: Off
  Object Name: 
  Observers: 
    none
  Source: (none)
  Source output name: (none)
  Release Data: Off
  Data Released: False
  Global Release Data: Off
  PipelineMTime: 0
  UpdateMTime: 1576
  RealTimeStamp: 0 seconds 
  LargestPossibleRegion: 
    Dimension: 3
    Index: [0, 0, 0]
    Size: [160, 240, 256]
  BufferedRegion: 
    Dimension: 3
    Index: [0, 0, 0]
    Size: [160, 240, 256]
  RequestedRegion: 
    Dimension: 3
    Index: [0, 0, 0]
    Size: [160, 240, 256]
  Spacing: [1, 1, 1]
  Origin: [98.6438, 87.6358, -117.989]
  Direction: 
-0.993515 -0.100993 -0.0522355
0.100854 -0.994887 0.00530255
-0.0525039 1.93537e-08 0.998621

  IndexToPointMatrix: 
-0.993515 -0.100993 -0.0522355
0.100854 -0.994887 0.00530255
-0.0525039 1.93537e-08 0.998621

  PointToIndexMatrix: 
-0.993515 0.100854 -0.0525039
-0.100993 -0.994887 1.93006e-08
-0.0522355 0.00530255 0.998621

  Inverse Direction: 
-0.993515 0.100854 -0.0525039
-0.100993 -0.994887 1.93006e-08
-0.0522355 0.00530255 0.998621

  PixelContainer: 
    ImportImageContainer (0x3c086d0)
      RTTI typeinfo:   itk::ImportImageContainer<unsigned long, double>
      Reference Count: 1
      Modified Time: 1573
      Debug: Off
      Object Name: 
      Observers: 
        none
      Pointer: 0x1489a6086010
      Container manages memory: true
      Size: 9830400
      Capacity: 9830400

     Weighting = 1
     Sampling strategy = regular
     Number of bins = 32
     Radius = 4
     Sampling percentage  = 0.25
   Transform = Rigid
     Gradient step = 0.1
     Update field sigma (voxel space) = 0
     Total field sigma (voxel space) = 0
     Update field time sigma = 0
     Total field time sigma  = 0
     Number of time indices = 0
     Number of time point samples = 0
Registration using 1 total stages.

Stage 0
  iterations = 1000x500x250x100
  convergence threshold = 1e-06
  convergence window size = 10
  number of levels = 4
  using the Mattes MI metric (number of bins = 32, weight = 1, use gradient filter = 0)
  preprocessing:  winsorizing the image intensities
  Shrink factors (level 1 out of 4): [8, 8, 8]
  Shrink factors (level 2 out of 4): [4, 4, 4]
  Shrink factors (level 3 out of 4): [2, 2, 2]
  Shrink factors (level 4 out of 4): [1, 1, 1]
  smoothing sigmas per level: [3, 2, 1, 0]
  regular sampling (percentage = 0.25)

*** Running Euler3DTransform registration ***

DIAGNOSTIC,Iteration,metricValue,convergenceValue,ITERATION_TIME_INDEX,SINCE_LAST
 2DIAGNOSTIC,     1, -5.238630234552e-01, 1.797693134862e+308, 7.0507e-01, 7.0507e-01, 
 2DIAGNOSTIC,     2, -5.257885820767e-01, 1.797693134862e+308, 7.0950e-01, 4.4239e-03, 
 2DIAGNOSTIC,     3, -5.278597554839e-01, 1.797693134862e+308, 7.1336e-01, 3.8590e-03, 
 2DIAGNOSTIC,     4, -5.302176117225e-01, 1.797693134862e+308, 7.1763e-01, 4.2748e-03, 
 2DIAGNOSTIC,     5, -5.343462816845e-01, 1.797693134862e+308, 7.2139e-01, 3.7599e-03, 
 2DIAGNOSTIC,     6, -5.399239396740e-01, 1.797693134862e+308, 7.2550e-01, 4.1039e-03, 
 2DIAGNOSTIC,     7, -5.490554822001e-01, 1.797693134862e+308, 7.2971e-01, 4.2188e-03, 
 2DIAGNOSTIC,     8, -5.545204224448e-01, 1.797693134862e+308, 7.3503e-01, 5.3110e-03, 
 2DIAGNOSTIC,     9, -5.601437715553e-01, 1.797693134862e+308, 7.3918e-01, 4.1549e-03, 
 2DIAGNOSTIC,    10, -5.617741193774e-01, 5.067640484485e-03, 7.4357e-01, 4.3888e-03, 
 2DIAGNOSTIC,    11, -5.649562249041e-01, 4.796539612083e-03, 7.4881e-01, 5.2381e-03, 
 2DIAGNOSTIC,    12, -5.658710903081e-01, 4.260783098155e-03, 7.5346e-01, 4.6501e-03, 
 2DIAGNOSTIC,    13, -5.662828333056e-01, 3.524744036645e-03, 7.5764e-01, 4.1859e-03, 
 2DIAGNOSTIC,    14, -5.685908474577e-01, 2.751340472953e-03, 7.6244e-01, 4.7960e-03, 
 2DIAGNOSTIC,    15, -5.732745043306e-01, 2.134644679428e-03, 7.6867e-01, 6.2289e-03, 
 2DIAGNOSTIC,    16, -5.738084427845e-01, 1.591333148336e-03, 7.7376e-01, 5.0960e-03, 
 2DIAGNOSTIC,    17, -5.739093703465e-01, 1.247363567739e-03, 7.7790e-01, 4.1380e-03, 
 2DIAGNOSTIC,    18, -5.745773598458e-01, 1.002163966315e-03, 7.8198e-01, 4.0751e-03, 
 2DIAGNOSTIC,    19, -5.752045522723e-01, 8.579763081925e-04, 7.8606e-01, 4.0879e-03, 
 2DIAGNOSTIC,    20, -5.755578777727e-01, 6.955845773883e-04, 7.9018e-01, 4.1120e-03, 
 2DIAGNOSTIC,    21, -5.761681227725e-01, 5.767135182720e-04, 7.9430e-01, 4.1220e-03, 
 2DIAGNOSTIC,    22, -5.775610178281e-01, 4.707067062560e-04, 7.9844e-01, 4.1440e-03, 
 2DIAGNOSTIC,    23, -5.801876522134e-01, 3.965856196863e-04, 8.0274e-01, 4.2939e-03, 
 2DIAGNOSTIC,    24, -5.873578871771e-01, 4.881452204168e-04, 8.0854e-01, 5.7988e-03, 
 2DIAGNOSTIC,    25, -5.924052233492e-01, 7.199711435580e-04, 8.1425e-01, 5.7180e-03, 
 2DIAGNOSTIC,    26, -5.933789722537e-01, 8.944842700856e-04, 8.1970e-01, 5.4460e-03, 
 2DIAGNOSTIC,    27, -5.948140362552e-01, 1.002036484491e-03, 8.2440e-01, 4.7030e-03, 
 2DIAGNOSTIC,    28, -5.954370004547e-01, 1.029952320930e-03, 8.2862e-01, 4.2162e-03, 
 2DIAGNOSTIC,    29, -5.955619965629e-01, 9.699000563590e-04, 8.3293e-01, 4.3120e-03, 
 2DIAGNOSTIC,    30, -5.960977142444e-01, 8.366692960496e-04, 8.3734e-01, 4.4050e-03, 
 2DIAGNOSTIC,    31, -5.971105016170e-01, 6.606986235987e-04, 8.4248e-01, 5.1482e-03, 
 2DIAGNOSTIC,    32, -5.989728413262e-01, 4.853112632003e-04, 8.4875e-01, 6.2621e-03, 
 2DIAGNOSTIC,    33, -5.996340171250e-01, 3.222359247872e-04, 8.5284e-01, 4.0891e-03, 
 2DIAGNOSTIC,    34, -5.997688324902e-01, 2.443793015661e-04, 8.5690e-01, 4.0669e-03, 
 2DIAGNOSTIC,    35, -5.999328162864e-01, 2.224308790546e-04, 8.6194e-01, 5.0390e-03, 
 2DIAGNOSTIC,    36, -6.001598298626e-01, 1.965988110007e-04, 8.6601e-01, 4.0662e-03, 
 2DIAGNOSTIC,    37, -6.004938013055e-01, 1.767006120877e-04, 8.7059e-01, 4.5788e-03, 
 2DIAGNOSTIC,    38, -6.008280010209e-01, 1.536048163756e-04, 8.7473e-01, 4.1389e-03, 
 2DIAGNOSTIC,    39, -6.038559363484e-01, 1.574331423006e-04, 8.7949e-01, 4.7622e-03, 
 2DIAGNOSTIC,    40, -6.077047303741e-01, 1.993081248682e-04, 8.8382e-01, 4.3299e-03, 
 2DIAGNOSTIC,    41, -6.174632708102e-01, 3.481387198135e-04, 8.8924e-01, 5.4231e-03, 
 2DIAGNOSTIC,    42, -6.161977815347e-01, 4.608906501732e-04, 8.9758e-01, 8.3420e-03, 
 2DIAGNOSTIC,    43, -6.161564470354e-01, 5.335369729901e-04, 9.0168e-01, 4.0939e-03, 
 2DIAGNOSTIC,    44, -6.170772172469e-01, 5.644819030866e-04, 9.0571e-01, 4.0362e-03, 
 2DIAGNOSTIC,    45, -6.185357235876e-01, 5.560473769308e-04, 9.0975e-01, 4.0419e-03, 
 2DIAGNOSTIC,    46, -6.206472579833e-01, 5.180557023241e-04, 9.1376e-01, 4.0050e-03, 
 2DIAGNOSTIC,    47, -6.234100414781e-01, 4.649603698492e-04, 9.1790e-01, 4.1392e-03, 
 2DIAGNOSTIC,    48, -6.282459766562e-01, 4.232183926012e-04, 9.2194e-01, 4.0450e-03, 
 2DIAGNOSTIC,    49, -6.332856954240e-01, 4.219354810898e-04, 9.2602e-01, 4.0791e-03, 
 2DIAGNOSTIC,    50, -6.437673355893e-01, 5.158702668354e-04, 9.3021e-01, 4.1890e-03, 
 2DIAGNOSTIC,    51, -6.567709923059e-01, 7.709773687178e-04, 9.3437e-01, 4.1540e-03, 
 2DIAGNOSTIC,    52, -6.630139270907e-01, 9.856116875386e-04, 9.3898e-01, 4.6160e-03, 
 2DIAGNOSTIC,    53, -6.637658020538e-01, 1.103854948695e-03, 9.4332e-01, 4.3380e-03, 
 2DIAGNOSTIC,    54, -6.646848080383e-01, 1.129224622328e-03, 9.4762e-01, 4.3051e-03, 
 2DIAGNOSTIC,    55, -6.699954894355e-01, 1.103370337523e-03, 9.5527e-01, 7.6449e-03, 
 2DIAGNOSTIC,    56, -6.720090032370e-01, 1.005089952286e-03, 9.6161e-01, 6.3450e-03, 
 2DIAGNOSTIC,    57, -6.720481732465e-01, 8.375239466772e-04, 9.6575e-01, 4.1380e-03, 
 2DIAGNOSTIC,    58, -6.725919569163e-01, 6.425665360875e-04, 9.7016e-01, 4.4069e-03, 
 2DIAGNOSTIC,    59, -6.729036387245e-01, 4.360794914536e-04, 9.7435e-01, 4.1931e-03, 
 2DIAGNOSTIC,    60, -6.731488735687e-01, 2.773042850172e-04, 9.7837e-01, 4.0190e-03, 
 2DIAGNOSTIC,    61, -6.734259080536e-01, 1.993309671368e-04, 9.8236e-01, 3.9880e-03, 
 2DIAGNOSTIC,    62, -6.739132131428e-01, 1.568960084709e-04, 9.8639e-01, 4.0350e-03, 
 2DIAGNOSTIC,    63, -6.762843346280e-01, 1.247263766517e-04, 9.9198e-01, 5.5881e-03, 
 2DIAGNOSTIC,    64, -6.766381745163e-01, 8.969373339542e-05, 9.9603e-01, 4.0460e-03, 
 2DIAGNOSTIC,    65, -6.771215338627e-01, 8.898304076324e-05, 1.0001e+00, 4.0400e-03, 
 2DIAGNOSTIC,    66, -6.778537315519e-01, 9.953441474368e-05, 1.0047e+00, 4.6401e-03, 
 2DIAGNOSTIC,    67, -6.792267866309e-01, 1.098306920179e-04, 1.0103e+00, 5.6212e-03, 
 2DIAGNOSTIC,    68, -6.807681339487e-01, 1.231391914057e-04, 1.0144e+00, 4.0600e-03, 
 2DIAGNOSTIC,    69, -6.815200133385e-01, 1.312168821287e-04, 1.0184e+00, 4.0481e-03, 
 2DIAGNOSTIC,    70, -6.818105331177e-01, 1.303117329608e-04, 1.0239e+00, 5.4910e-03, 
 2DIAGNOSTIC,    71, -6.820510725863e-01, 1.205031775774e-04, 1.0279e+00, 4.0052e-03, 
 2DIAGNOSTIC,    72, -6.822317387519e-01, 1.032410084101e-04, 1.0319e+00, 4.0050e-03, 
 2DIAGNOSTIC,    73, -6.825798870841e-01, 9.372257554839e-05, 1.0374e+00, 5.4791e-03, 
 2DIAGNOSTIC,    74, -6.826263807561e-01, 7.797288633654e-05, 1.0414e+00, 3.9859e-03, 
 2DIAGNOSTIC,    75, -6.826914432438e-01, 5.871075473798e-05, 1.0454e+00, 3.9930e-03, 
 2DIAGNOSTIC,    76, -6.828123114044e-01, 3.951596572965e-05, 1.0494e+00, 3.9980e-03, 
 2DIAGNOSTIC,    77, -6.832344880227e-01, 2.762696633612e-05, 1.0534e+00, 4.0100e-03, 
 2DIAGNOSTIC,    78, -6.838172066175e-01, 2.580699610554e-05, 1.0594e+00, 6.0239e-03, 
 2DIAGNOSTIC,    79, -6.837376661125e-01, 2.541972314579e-05, 1.0635e+00, 4.0369e-03, 
 2DIAGNOSTIC,    80, -6.837941250901e-01, 2.471286528019e-05, 1.0675e+00, 4.0231e-03, 
 2DIAGNOSTIC,    81, -6.839726728923e-01, 2.407061624513e-05, 1.0718e+00, 4.3082e-03, 
 2DIAGNOSTIC,    82, -6.841108022077e-01, 2.281105995639e-05, 1.0759e+00, 4.1161e-03, 
 2DIAGNOSTIC,    83, -6.851047552928e-01, 2.675872175115e-05, 1.0817e+00, 5.7611e-03, 
 2DIAGNOSTIC,    84, -6.858177928988e-01, 3.208883948703e-05, 1.0868e+00, 5.1391e-03, 
 2DIAGNOSTIC,    85, -6.861557134551e-01, 3.640461027700e-05, 1.0939e+00, 7.0548e-03, 
 2DIAGNOSTIC,    86, -6.861560002974e-01, 3.780265341666e-05, 1.0979e+00, 4.0040e-03, 
 2DIAGNOSTIC,    87, -6.861670197637e-01, 3.777858587455e-05, 1.1019e+00, 3.9802e-03, 
 2DIAGNOSTIC,    88, -6.861800787574e-01, 3.717599533960e-05, 1.1058e+00, 3.9740e-03, 
 2DIAGNOSTIC,    89, -6.861877471826e-01, 3.259441950773e-05, 1.1103e+00, 4.4920e-03, 
 2DIAGNOSTIC,    90, -6.861915443142e-01, 2.533905223129e-05, 1.1143e+00, 3.9711e-03, 
 2DIAGNOSTIC,    91, -6.861985193304e-01, 1.686274061346e-05, 1.1182e+00, 3.9589e-03, 
 2DIAGNOSTIC,    92, -6.862114024394e-01, 7.665720101843e-06, 1.1222e+00, 3.9802e-03, 
 2DIAGNOSTIC,    93, -6.862267538818e-01, 2.805275872764e-06, 1.1262e+00, 3.9871e-03, 
 2DIAGNOSTIC,    94, -6.862421316106e-01, 1.275531006250e-06, 1.1307e+00, 4.4830e-03, 
 2DIAGNOSTIC,    95, -6.863402045834e-01, 1.765205132473e-06, 1.1361e+00, 5.4410e-03, 
 2DIAGNOSTIC,    96, -6.863401308596e-01, 2.097221966047e-06, 1.1401e+00, 3.9461e-03, 
 2DIAGNOSTIC,    97, -6.863402712938e-01, 2.309907224310e-06, 1.1441e+00, 4.0071e-03, 
 2DIAGNOSTIC,    98, -6.863407336887e-01, 2.396402099857e-06, 1.1481e+00, 3.9802e-03, 
 2DIAGNOSTIC,    99, -6.863418818401e-01, 2.321004578325e-06, 1.1521e+00, 3.9999e-03, 
 2DIAGNOSTIC,   100, -6.863434362722e-01, 2.073600877513e-06, 1.1647e+00, 1.2590e-02, 
 2DIAGNOSTIC,   101, -6.863434361091e-01, 1.693807887023e-06, 1.1772e+00, 1.2572e-02, 
 2DIAGNOSTIC,   102, -6.863434361091e-01, 1.253914369902e-06, 1.1836e+00, 6.4130e-03, 
DIAGNOSTIC,Iteration,metricValue,convergenceValue,ITERATION_TIME_INDEX,SINCE_LAST
 2DIAGNOSTIC,     1, -5.583125081681e-01, 1.797693134862e+308, 1.9102e+00, 7.2660e-01, 
 2DIAGNOSTIC,     2, -5.587680620493e-01, 1.797693134862e+308, 1.9396e+00, 2.9370e-02, 
 2DIAGNOSTIC,     3, -5.591007675265e-01, 1.797693134862e+308, 1.9683e+00, 2.8678e-02, 
 2DIAGNOSTIC,     4, -5.599290185128e-01, 1.797693134862e+308, 1.9974e+00, 2.9117e-02, 
 2DIAGNOSTIC,     5, -5.608876996712e-01, 1.797693134862e+308, 2.0295e+00, 3.2093e-02, 
 2DIAGNOSTIC,     6, -5.613229558364e-01, 1.797693134862e+308, 2.0588e+00, 2.9260e-02, 
 2DIAGNOSTIC,     7, -5.624636802794e-01, 1.797693134862e+308, 2.0902e+00, 3.1417e-02, 
 2DIAGNOSTIC,     8, -5.631320861192e-01, 1.797693134862e+308, 2.1257e+00, 3.5489e-02, 
 2DIAGNOSTIC,     9, -5.632642177669e-01, 1.797693134862e+308, 2.1578e+00, 3.2131e-02, 
 2DIAGNOSTIC,    10, -5.639165926891e-01, 6.929337123817e-04, 2.1866e+00, 2.8816e-02, 
 2DIAGNOSTIC,    11, -5.654725568156e-01, 6.696163122548e-04, 2.2183e+00, 3.1732e-02, 
 2DIAGNOSTIC,    12, -5.659945526229e-01, 6.298625837659e-04, 2.2503e+00, 3.1942e-02, 
 2DIAGNOSTIC,    13, -5.660935661222e-01, 5.561875797345e-04, 2.2820e+00, 3.1736e-02, 
 2DIAGNOSTIC,    14, -5.661240849176e-01, 4.744769486473e-04, 2.3188e+00, 3.6759e-02, 
 2DIAGNOSTIC,    15, -5.661571415938e-01, 3.941505219403e-04, 2.3558e+00, 3.7011e-02, 
 2DIAGNOSTIC,    16, -5.661451418534e-01, 2.996983343869e-04, 2.3880e+00, 3.2159e-02, 
 2DIAGNOSTIC,    17, -5.661222957484e-01, 2.215931326969e-04, 2.4169e+00, 2.8904e-02, 
 2DIAGNOSTIC,    18, -5.661093880490e-01, 1.510427286290e-04, 2.4484e+00, 3.1559e-02, 
 2DIAGNOSTIC,    19, -5.661025460661e-01, 7.764949575940e-05, 2.4766e+00, 2.8220e-02, 
 2DIAGNOSTIC,    20, -5.661050240389e-01, 2.013299359969e-05, 2.5080e+00, 3.1368e-02, 
 2DIAGNOSTIC,    21, -5.660975774180e-01, 3.246189427847e-06, 2.5367e+00, 2.8694e-02, 
DIAGNOSTIC,Iteration,metricValue,convergenceValue,ITERATION_TIME_INDEX,SINCE_LAST
 2DIAGNOSTIC,     1, -5.039490066125e-01, 1.797693134862e+308, 3.6199e+00, 1.0832e+00, 
 2DIAGNOSTIC,     2, -5.041267637027e-01, 1.797693134862e+308, 3.8387e+00, 2.1880e-01, 
 2DIAGNOSTIC,     3, -5.042642133485e-01, 1.797693134862e+308, 4.0609e+00, 2.2220e-01, 
 2DIAGNOSTIC,     4, -5.043238586412e-01, 1.797693134862e+308, 4.3120e+00, 2.5109e-01, 
 2DIAGNOSTIC,     5, -5.043536457016e-01, 1.797693134862e+308, 4.5698e+00, 2.5788e-01, 
 2DIAGNOSTIC,     6, -5.044406460288e-01, 1.797693134862e+308, 4.8513e+00, 2.8151e-01, 
 2DIAGNOSTIC,     7, -5.045393426692e-01, 1.797693134862e+308, 5.1081e+00, 2.5671e-01, 
 2DIAGNOSTIC,     8, -5.045678768083e-01, 1.797693134862e+308, 5.4020e+00, 2.9398e-01, 
 2DIAGNOSTIC,     9, -5.045657780545e-01, 1.797693134862e+308, 5.6792e+00, 2.7717e-01, 
 2DIAGNOSTIC,    10, -5.045667425075e-01, 7.809435559678e-05, 5.9227e+00, 2.4346e-01, 
 2DIAGNOSTIC,    11, -5.045741065638e-01, 5.400477847498e-05, 6.1631e+00, 2.4045e-01, 
 2DIAGNOSTIC,    12, -5.045799525573e-01, 3.773170651553e-05, 6.4157e+00, 2.5254e-01, 
 2DIAGNOSTIC,    13, -5.045788177920e-01, 2.666740654586e-05, 6.6386e+00, 2.2296e-01, 
 2DIAGNOSTIC,    14, -5.045824436715e-01, 1.760928852247e-05, 6.9791e+00, 3.4045e-01, 
 2DIAGNOSTIC,    15, -5.045834851326e-01, 9.483386275974e-06, 7.2251e+00, 2.4604e-01, 
 2DIAGNOSTIC,    16, -5.045807424961e-01, 4.571152335237e-06, 7.4765e+00, 2.5135e-01, 
 2DIAGNOSTIC,    17, -5.045798625666e-01, 3.214476360217e-06, 7.6698e+00, 1.9335e-01, 
 2DIAGNOSTIC,    18, -5.045790195467e-01, 2.757022471732e-06, 7.9216e+00, 2.5183e-01, 
 2DIAGNOSTIC,    19, -5.045772947005e-01, 2.144587106442e-06, 8.1741e+00, 2.5244e-01, 
 2DIAGNOSTIC,    20, -5.045774792586e-01, 1.577724966395e-06, 8.4259e+00, 2.5178e-01, 
 2DIAGNOSTIC,    21, -5.045757723407e-01, 1.214727045590e-06, 8.6338e+00, 2.0794e-01, 
 2DIAGNOSTIC,    22, -5.045769171324e-01, 1.095492626037e-06, 8.9695e+00, 3.3567e-01, 
DIAGNOSTIC,Iteration,metricValue,convergenceValue,ITERATION_TIME_INDEX,SINCE_LAST
 2DIAGNOSTIC,     1, -4.672640618171e-01, 1.797693134862e+308, 1.1592e+01, 2.6224e+00, 
 2DIAGNOSTIC,     2, -4.673645535689e-01, 1.797693134862e+308, 1.3116e+01, 1.5237e+00, 
 2DIAGNOSTIC,     3, -4.673901253035e-01, 1.797693134862e+308, 1.6567e+01, 3.4515e+00, 
 2DIAGNOSTIC,     4, -4.673902527567e-01, 1.797693134862e+308, 2.1319e+01, 4.7516e+00, 
 2DIAGNOSTIC,     5, -4.673902527541e-01, 1.797693134862e+308, 2.5894e+01, 4.5754e+00, 
 2DIAGNOSTIC,     6, -4.673902527541e-01, 1.797693134862e+308, 2.7626e+01, 1.7323e+00, 
 2DIAGNOSTIC,     7, -4.673902527541e-01, 1.797693134862e+308, 2.9210e+01, 1.5838e+00, 
 2DIAGNOSTIC,     8, -4.673902527541e-01, 1.797693134862e+308, 3.0929e+01, 1.7187e+00, 
 2DIAGNOSTIC,     9, -4.673902527541e-01, 1.797693134862e+308, 3.2478e+01, 1.5492e+00, 
 2DIAGNOSTIC,    10, -4.673902527541e-01, 1.222528600663e-05, 3.4035e+01, 1.5567e+00, 
 2DIAGNOSTIC,    11, -4.673902527541e-01, 4.318743310527e-06, 3.5758e+01, 1.7237e+00, 
 2DIAGNOSTIC,    12, -4.673902527541e-01, 2.657357162927e-06, 3.7457e+01, 1.6986e+00, 
 2DIAGNOSTIC,    13, -4.673902527541e-01, 2.446978247680e-06, 3.9093e+01, 1.6355e+00, 
 2DIAGNOSTIC,    14, -4.673902527541e-01, 2.272190138902e-06, 4.0964e+01, 1.8717e+00, 
 2DIAGNOSTIC,    15, -4.673902527541e-01, 2.120707511710e-06, 4.2521e+01, 1.5564e+00, 
 2DIAGNOSTIC,    16, -4.673902527541e-01, 1.988160597821e-06, 4.4258e+01, 1.7371e+00, 
 2DIAGNOSTIC,    17, -4.673902527541e-01, 1.871207736870e-06, 4.5802e+01, 1.5440e+00, 
 2DIAGNOSTIC,    18, -4.673902527541e-01, 1.767249873059e-06, 4.7545e+01, 1.7430e+00, 
 2DIAGNOSTIC,    19, -4.673902527541e-01, 1.674235129596e-06, 4.9157e+01, 1.6122e+00, 
 2DIAGNOSTIC,    20, -4.673902527541e-01, 1.590522011770e-06, 5.0592e+01, 1.4350e+00, 
 2DIAGNOSTIC,    21, -4.673902527541e-01, 1.514781695286e-06, 5.2346e+01, 1.7539e+00, 
 2DIAGNOSTIC,    22, -4.673902527541e-01, 1.445926963932e-06, 5.4074e+01, 1.7287e+00, 
 2DIAGNOSTIC,    23, -4.673902527541e-01, 1.383059685167e-06, 5.6143e+01, 2.0681e+00, 
 2DIAGNOSTIC,    24, -4.673902527541e-01, 1.325431417308e-06, 5.7786e+01, 1.6430e+00, 
 2DIAGNOSTIC,    25, -4.673902527541e-01, 1.272413470872e-06, 5.9427e+01, 1.6418e+00, 
 2DIAGNOSTIC,    26, -4.673902527541e-01, 1.223473879007e-06, 6.1115e+01, 1.6881e+00, 
 2DIAGNOSTIC,    27, -4.673902527541e-01, 1.178159485783e-06, 6.2699e+01, 1.5833e+00, 
 2DIAGNOSTIC,    28, -4.673902527541e-01, 1.136081872494e-06, 6.4243e+01, 1.5445e+00, 
 2DIAGNOSTIC,    29, -4.673902527541e-01, 1.096906196131e-06, 6.5785e+01, 1.5420e+00, 
 2DIAGNOSTIC,    30, -4.673902527541e-01, 1.060342259850e-06, 6.7433e+01, 1.6476e+00, 
 2DIAGNOSTIC,    31, -4.673902527541e-01, 1.026137311941e-06, 6.8972e+01, 1.5392e+00, 
  Elapsed time (stage 0): 6.9799e+01


Total elapsed time: 6.9802e+01
Info [verificarlo]: loaded backend libinterflop_vprec.so
Info [interflop-vprec]: load backend with: 
Info [interflop-vprec]: precision-binary32 = 15
Info [interflop-vprec]: range-binary32 = 8
Info [interflop-vprec]: precision-binary64 = 15
Info [interflop-vprec]: range-binary64 = 8
Info [interflop-vprec]: mode = ob
Info [interflop-vprec]: error-mode = rel
Info [interflop-vprec]: max-abs-error-exponent = -1022
Info [interflop-vprec]: daz = false
Info [interflop-vprec]: ftz = false
Info [interflop-vprec]: 	instrument = none
Info [interflop-vprec]: 	prec-input-file = (null)
Info [interflop-vprec]: 	prec-output-file = (null)
Info [interflop-vprec]: 	prec-log-file = (null)
All_Command_lines_OK
Using double precision for computations.
=============================================================================
The composite transform comprises the following transforms (in order): 
  1. /home/mdugre/scratch/mri-registration-rp/datasets/ds004513/derivatives/mri-registration-rp/0011/antsRegistration-r8-p15/sub-s035/rigid_Composite.h5[0] (type = Euler3DTransform)
  2. /home/mdugre/scratch/mri-registration-rp/datasets/ds004513/derivatives/mri-registration-rp/0011/antsRegistration-r8-p15/sub-s035/rigid_Composite.h5[1] (type = Euler3DTransform)
  3. /home/mdugre/scratch/mri-registration-rp/datasets/ds004513/derivatives/mri-registration-rp/0011/antsRegistration-r8-p15/sub-s035/rigid_Composite.h5[2] (type = Euler3DTransform)
=============================================================================
  number of levels = 4
  fixed image: /templateflow/tpl-MNI152NLin2009cAsym/tpl-MNI152NLin2009cAsym_res-01_desc-brain_T1w.nii.gz
  moving image: /home/mdugre/scratch/mri-registration-rp/datasets/ds004513/derivatives/mri-registration-rp/antsBrainExtraction/sub-s035/BrainExtractionBrain.nii.gz
Dimension = 3
Number of stages = 1
Use histogram matching = false
Winsorize image intensities = true
  Lower quantile = 0.005
  Upper quantile = 0.995


Stage 1 State
   Image metric = MattesMI
     Fixed image = Image (0x3904490)
  RTTI typeinfo:   itk::Image<double, 3u>
  Reference Count: 2
  Modified Time: 1592
  Debug: Off
  Object Name: 
  Observers: 
    none
  Source: (none)
  Source output name: (none)
  Release Data: Off
  Data Released: False
  Global Release Data: Off
  PipelineMTime: 0
  UpdateMTime: 1203
  RealTimeStamp: 0 seconds 
  LargestPossibleRegion: 
    Dimension: 3
    Index: [0, 0, 0]
    Size: [193, 229, 193]
  BufferedRegion: 
    Dimension: 3
    Index: [0, 0, 0]
    Size: [193, 229, 193]
  RequestedRegion: 
    Dimension: 3
    Index: [0, 0, 0]
    Size: [193, 229, 193]
  Spacing: [1, 1, 1]
  Origin: [96, 132, -78]
  Direction: 
-1 0 0
0 -1 0
0 0 1

  IndexToPointMatrix: 
-1 0 0
0 -1 0
0 0 1

  PointToIndexMatrix: 
-1 0 0
0 -1 0
0 0 1

  Inverse Direction: 
-1 0 0
0 -1 0
0 0 1

  PixelContainer: 
    ImportImageContainer (0x39cf8c0)
      RTTI typeinfo:   itk::ImportImageContainer<unsigned long, double>
      Reference Count: 1
      Modified Time: 1200
      Debug: Off
      Object Name: 
      Observers: 
        none
      Pointer: 0x14e081a14010
      Container manages memory: true
      Size: 8530021
      Capacity: 8530021

     Moving image = Image (0x39bfb60)
  RTTI typeinfo:   itk::Image<double, 3u>
  Reference Count: 2
  Modified Time: 1593
  Debug: Off
  Object Name: 
  Observers: 
    none
  Source: (none)
  Source output name: (none)
  Release Data: Off
  Data Released: False
  Global Release Data: Off
  PipelineMTime: 0
  UpdateMTime: 1590
  RealTimeStamp: 0 seconds 
  LargestPossibleRegion: 
    Dimension: 3
    Index: [0, 0, 0]
    Size: [160, 240, 256]
  BufferedRegion: 
    Dimension: 3
    Index: [0, 0, 0]
    Size: [160, 240, 256]
  RequestedRegion: 
    Dimension: 3
    Index: [0, 0, 0]
    Size: [160, 240, 256]
  Spacing: [1, 1, 1]
  Origin: [98.6445, 87.6367, -117.99]
  Direction: 
-0.993515 -0.100992 -0.0522356
0.100853 -0.994888 0.00530255
-0.0525036 1.93536e-08 0.998627

  IndexToPointMatrix: 
-0.993515 -0.100992 -0.0522356
0.100853 -0.994888 0.00530255
-0.0525036 1.93536e-08 0.998627

  PointToIndexMatrix: 
-0.99353 0.100853 -0.0525036
-0.100996 -0.994904 2.28882e-05
-0.0522366 0.00528717 0.998627

  Inverse Direction: 
-0.99353 0.100853 -0.0525036
-0.100996 -0.994904 2.28882e-05
-0.0522366 0.00528717 0.998627

  PixelContainer: 
    ImportImageContainer (0x3a531d0)
      RTTI typeinfo:   itk::ImportImageContainer<unsigned long, double>
      Reference Count: 1
      Modified Time: 1587
      Debug: Off
      Object Name: 
      Observers: 
        none
      Pointer: 0x14e07cf13010
      Container manages memory: true
      Size: 9830400
      Capacity: 9830400

     Weighting = 1
     Sampling strategy = regular
     Number of bins = 32
     Radius = 4
     Sampling percentage  = 0.25
   Transform = Affine
     Gradient step = 0.1
     Update field sigma (voxel space) = 0
     Total field sigma (voxel space) = 0
     Update field time sigma = 0
     Total field time sigma  = 0
     Number of time indices = 0
     Number of time point samples = 0
Registration using 1 total stages.

Stage 0
  iterations = 1000x500x250x100
  convergence threshold = 1e-06
  convergence window size = 10
  number of levels = 4
  using the Mattes MI metric (number of bins = 32, weight = 1, use gradient filter = 0)
  preprocessing:  winsorizing the image intensities
  Shrink factors (level 1 out of 4): [8, 8, 8]
  Shrink factors (level 2 out of 4): [4, 4, 4]
  Shrink factors (level 3 out of 4): [2, 2, 2]
  Shrink factors (level 4 out of 4): [1, 1, 1]
  smoothing sigmas per level: [3, 2, 1, 0]
  regular sampling (percentage = 0.25)

*** Running AffineTransform registration ***

DIAGNOSTIC,Iteration,metricValue,convergenceValue,ITERATION_TIME_INDEX,SINCE_LAST
 2DIAGNOSTIC,     1, -6.771222930918e-01, 1.797693134862e+308, 0.0000e+00, 0.0000e+00, 
 2DIAGNOSTIC,     2, -6.791208251338e-01, 1.797693134862e+308, 0.0000e+00, 0.0000e+00, 
 2DIAGNOSTIC,     3, -6.828395520448e-01, 1.797693134862e+308, 0.0000e+00, 0.0000e+00, 
 2DIAGNOSTIC,     4, -6.896722749924e-01, 1.797693134862e+308, 0.0000e+00, 0.0000e+00, 
 2DIAGNOSTIC,     5, -7.007452488391e-01, 1.797693134862e+308, 0.0000e+00, 0.0000e+00, 
 2DIAGNOSTIC,     6, -7.122839308915e-01, 1.797693134862e+308, 0.0000e+00, 0.0000e+00, 
 2DIAGNOSTIC,     7, -7.290310738091e-01, 1.797693134862e+308, 0.0000e+00, 0.0000e+00, 
 2DIAGNOSTIC,     8, -7.329878378694e-01, 1.797693134862e+308, 0.0000e+00, 0.0000e+00, 
 2DIAGNOSTIC,     9, -7.365154223749e-01, 1.797693134862e+308, 0.0000e+00, 0.0000e+00, 
 2DIAGNOSTIC,    10, -7.376197616920e-01, 6.674179309573e-03, 0.0000e+00, 0.0000e+00, 
 2DIAGNOSTIC,    11, -7.368097990344e-01, 5.685864612830e-03, 0.0000e+00, 0.0000e+00, 
 2DIAGNOSTIC,    12, -7.370289553615e-01, 4.430482632575e-03, 0.0000e+00, 0.0000e+00, 
 2DIAGNOSTIC,    13, -7.372235413418e-01, 3.094805325220e-03, 0.0000e+00, 0.0000e+00, 
 2DIAGNOSTIC,    14, -7.370608397104e-01, 1.864442296742e-03, 0.0000e+00, 0.0000e+00, 
 2DIAGNOSTIC,    15, -7.375117366351e-01, 9.350091847997e-04, 0.0000e+00, 0.0000e+00, 
 2DIAGNOSTIC,    16, -7.380544353536e-01, 3.285881411108e-04, 0.0000e+00, 0.0000e+00, 
 2DIAGNOSTIC,    17, -7.379259327002e-01, 1.496359415828e-04, 0.0000e+00, 0.0000e+00, 
 2DIAGNOSTIC,    18, -7.378489990333e-01, 6.048366936384e-05, 0.0000e+00, 0.0000e+00, 
 2DIAGNOSTIC,    19, -7.378264077089e-01, 4.755504110237e-05, 0.0000e+00, 0.0000e+00, 
 2DIAGNOSTIC,    20, -7.377171655195e-01, 5.161728134223e-05, 0.0000e+00, 0.0000e+00, 
 2DIAGNOSTIC,    21, -7.376666112279e-01, 3.425540697154e-05, 0.0000e+00, 0.0000e+00, 
 2DIAGNOSTIC,    22, -7.376220521718e-01, 1.857551049902e-05, 0.0000e+00, 0.0000e+00, 
 2DIAGNOSTIC,    23, -7.376128564122e-01, 6.191894539480e-06, 0.0000e+00, 0.0000e+00, 
DIAGNOSTIC,Iteration,metricValue,convergenceValue,ITERATION_TIME_INDEX,SINCE_LAST
 2DIAGNOSTIC,     1, -6.097290907694e-01, 1.797693134862e+308, 0.0000e+00, 0.0000e+00, 
 2DIAGNOSTIC,     2, -6.099665607847e-01, 1.797693134862e+308, 0.0000e+00, 0.0000e+00, 
 2DIAGNOSTIC,     3, -6.102142038870e-01, 1.797693134862e+308, 0.0000e+00, 0.0000e+00, 
 2DIAGNOSTIC,     4, -6.106857019512e-01, 1.797693134862e+308, 0.0000e+00, 0.0000e+00, 
 2DIAGNOSTIC,     5, -6.111097723358e-01, 1.797693134862e+308, 0.0000e+00, 0.0000e+00, 
 2DIAGNOSTIC,     6, -6.111640994630e-01, 1.797693134862e+308, 0.0000e+00, 0.0000e+00, 
 2DIAGNOSTIC,     7, -6.110720955184e-01, 1.797693134862e+308, 0.0000e+00, 0.0000e+00, 
 2DIAGNOSTIC,     8, -6.110446145796e-01, 1.797693134862e+308, 0.0000e+00, 0.0000e+00, 
 2DIAGNOSTIC,     9, -6.110524191155e-01, 1.797693134862e+308, 0.0000e+00, 0.0000e+00, 
 2DIAGNOSTIC,    10, -6.110611192625e-01, 1.454823152165e-04, 0.0000e+00, 0.0000e+00, 
 2DIAGNOSTIC,    11, -6.110615269122e-01, 8.967633582503e-05, 0.0000e+00, 0.0000e+00, 
 2DIAGNOSTIC,    12, -6.110596258439e-01, 4.482567482390e-05, 0.0000e+00, 0.0000e+00, 
 2DIAGNOSTIC,    13, -6.110565134482e-01, 1.160522393848e-05, 0.0000e+00, 0.0000e+00, 
DIAGNOSTIC,Iteration,metricValue,convergenceValue,ITERATION_TIME_INDEX,SINCE_LAST
 2DIAGNOSTIC,     1, -5.350243957595e-01, 1.797693134862e+308, 0.0000e+00, 0.0000e+00, 
 2DIAGNOSTIC,     2, -5.353838103287e-01, 1.797693134862e+308, 0.0000e+00, 0.0000e+00, 
 2DIAGNOSTIC,     3, -5.356917988593e-01, 1.797693134862e+308, 0.0000e+00, 0.0000e+00, 
 2DIAGNOSTIC,     4, -5.358351847163e-01, 1.797693134862e+308, 0.0000e+00, 0.0000e+00, 
 2DIAGNOSTIC,     5, -5.358300135238e-01, 1.797693134862e+308, 0.0000e+00, 0.0000e+00, 
 2DIAGNOSTIC,     6, -5.358114024617e-01, 1.797693134862e+308, 0.0000e+00, 0.0000e+00, 
 2DIAGNOSTIC,     7, -5.358079320526e-01, 1.797693134862e+308, 0.0000e+00, 0.0000e+00, 
 2DIAGNOSTIC,     8, -5.358012862936e-01, 1.797693134862e+308, 0.0000e+00, 0.0000e+00, 
 2DIAGNOSTIC,     9, -5.358011066020e-01, 1.797693134862e+308, 0.0000e+00, 0.0000e+00, 
 2DIAGNOSTIC,    10, -5.357994840548e-01, 6.710456897772e-05, 0.0000e+00, 0.0000e+00, 
 2DIAGNOSTIC,    11, -5.357989882016e-01, 2.582405732478e-05, 0.0000e+00, 0.0000e+00, 
 2DIAGNOSTIC,    12, -5.357970606765e-01, 4.880329751780e-06, 0.0000e+00, 0.0000e+00, 
DIAGNOSTIC,Iteration,metricValue,convergenceValue,ITERATION_TIME_INDEX,SINCE_LAST
 2DIAGNOSTIC,     1, -4.914318552997e-01, 1.797693134862e+308, 0.0000e+00, 0.0000e+00, 
 2DIAGNOSTIC,     2, -4.915901584139e-01, 1.797693134862e+308, 0.0000e+00, 0.0000e+00, 
 2DIAGNOSTIC,     3, -4.918296243625e-01, 1.797693134862e+308, 0.0000e+00, 0.0000e+00, 
 2DIAGNOSTIC,     4, -4.921197214963e-01, 1.797693134862e+308, 0.0000e+00, 0.0000e+00, 
 2DIAGNOSTIC,     5, -4.923062511981e-01, 1.797693134862e+308, 0.0000e+00, 0.0000e+00, 
 2DIAGNOSTIC,     6, -4.923282370545e-01, 1.797693134862e+308, 0.0000e+00, 0.0000e+00, 
 2DIAGNOSTIC,     7, -4.923604318951e-01, 1.797693134862e+308, 0.0000e+00, 0.0000e+00, 
 2DIAGNOSTIC,     8, -4.923540921132e-01, 1.797693134862e+308, 0.0000e+00, 0.0000e+00, 
 2DIAGNOSTIC,     9, -4.923539079012e-01, 1.797693134862e+308, 0.0000e+00, 0.0000e+00, 
 2DIAGNOSTIC,    10, -4.923498067279e-01, 1.229173322429e-04, 0.0000e+00, 0.0000e+00, 
 2DIAGNOSTIC,    11, -4.923519574165e-01, 7.702955528362e-05, 0.0000e+00, 0.0000e+00, 
 2DIAGNOSTIC,    12, -4.923539929497e-01, 3.982966954968e-05, 0.0000e+00, 0.0000e+00, 
 2DIAGNOSTIC,    13, -4.923541159260e-01, 1.539885874072e-05, 0.0000e+00, 0.0000e+00, 
 2DIAGNOSTIC,    14, -4.923517883704e-01, 4.984082266721e-06, 0.0000e+00, 0.0000e+00, 
 2DIAGNOSTIC,    15, -4.923520055197e-01, 2.907196387583e-06, 0.0000e+00, 0.0000e+00, 
 2DIAGNOSTIC,    16, -4.923503320753e-01, 1.725980128195e-06, 0.0000e+00, 0.0000e+00, 
 2DIAGNOSTIC,    17, -4.923491375435e-01, 1.776286332612e-06, 0.0000e+00, 0.0000e+00, 
 2DIAGNOSTIC,    18, -4.923493648172e-01, 1.645846813406e-06, 0.0000e+00, 0.0000e+00, 
 2DIAGNOSTIC,    19, -4.923494989613e-01, 1.555218558290e-06, 0.0000e+00, 0.0000e+00, 
 2DIAGNOSTIC,    20, -4.923484661022e-01, 1.345936431849e-06, 0.0000e+00, 0.0000e+00, 
 2DIAGNOSTIC,    21, -4.923483073394e-01, 1.243576896078e-06, 0.0000e+00, 0.0000e+00, 
 2DIAGNOSTIC,    22, -4.923507685532e-01, 1.303386683575e-06, 0.0000e+00, 0.0000e+00, 
 2DIAGNOSTIC,    23, -4.923521577089e-01, 1.417427341499e-06, 0.0000e+00, 0.0000e+00, 
 2DIAGNOSTIC,    24, -4.923534991013e-01, 1.502551354074e-06, 0.0000e+00, 0.0000e+00, 
 2DIAGNOSTIC,    25, -4.923550660914e-01, 1.615697383453e-06, 0.0000e+00, 0.0000e+00, 
 2DIAGNOSTIC,    26, -4.923565420417e-01, 1.692379744386e-06, 0.0000e+00, 0.0000e+00, 
 2DIAGNOSTIC,    27, -4.923561131691e-01, 1.690949066095e-06, 0.0000e+00, 0.0000e+00, 
 2DIAGNOSTIC,    28, -4.923577214381e-01, 1.686727967590e-06, 0.0000e+00, 0.0000e+00, 
 2DIAGNOSTIC,    29, -4.923572351571e-01, 1.631308911614e-06, 0.0000e+00, 0.0000e+00, 
 2DIAGNOSTIC,    30, -4.923582518590e-01, 1.536768781098e-06, 0.0000e+00, 0.0000e+00, 
 2DIAGNOSTIC,    31, -4.923602047665e-01, 1.442249817282e-06, 0.0000e+00, 0.0000e+00, 
 2DIAGNOSTIC,    32, -4.923608738642e-01, 1.376402320882e-06, 0.0000e+00, 0.0000e+00, 
