
##########################
# Experiment information #
##########################

EXPERIMENT_NAME: antsRegistration-r8-p6
VFC_BACKENDS: libinterflop_vprec.so --range-binary32=8 --precision-binary32=6 --range-binary64=8 --precision-binary64=6

SIF_IMG: /home/mdugre/projects/rrg-glatard/mdugre/containers/ants-vprec-no_metrics.simg

SUBJECT_ID: s032
INPUT_IMG: /home/mdugre/scratch/mri-registration-rp/datasets/ds004513/derivatives/mri-registration-rp/antsBrainExtraction/sub-s032/BrainExtractionBrain.nii.gz
OUTPUT_DIR: /home/mdugre/scratch/mri-registration-rp/datasets/ds004513/derivatives/mri-registration-rp/0011/antsRegistration-r8-p6/sub-s032

FIXED_IMG: /templateflow/tpl-MNI152NLin2009cAsym/tpl-MNI152NLin2009cAsym_res-01_desc-brain_T1w.nii.gz
DATA_DIR: /home/mdugre/scratch/mri-registration-rp/datasets/ds004513
TEMPLATEFLOW_DIR: /home/mdugre/projects/rrg-glatard/mdugre/templateflow
ITK_GLOBAL_DEFAULT_NUMBER_OF_THREADS: 16
##########################

Info [verificarlo]: loaded backend libinterflop_ieee.so
Info [interflop-ieee]: load backend with:
Info [interflop-ieee]: debug = false
Info [interflop-ieee]: debug-binary = false
Info [interflop-ieee]: no-backend-name = false
Info [interflop-ieee]: print-new-line = false
Info [interflop-ieee]: print-subnormal-normalized = false
Info [interflop-ieee]: count-op = false
All_Command_lines_OK
Using double precision for computations.
=============================================================================
The composite transform comprises the following transforms (in order): 
  1. Center of mass alignment using fixed image: /templateflow/tpl-MNI152NLin2009cAsym/tpl-MNI152NLin2009cAsym_res-01_desc-brain_T1w.nii.gz and moving image: /home/mdugre/scratch/mri-registration-rp/datasets/ds004513/derivatives/mri-registration-rp/antsBrainExtraction/sub-s032/BrainExtractionBrain.nii.gz (type = Euler3DTransform)
=============================================================================
  number of levels = 1
  fixed image: /templateflow/tpl-MNI152NLin2009cAsym/tpl-MNI152NLin2009cAsym_res-01_desc-brain_T1w.nii.gz
  moving image: /home/mdugre/scratch/mri-registration-rp/datasets/ds004513/derivatives/mri-registration-rp/antsBrainExtraction/sub-s032/BrainExtractionBrain.nii.gz
Dimension = 3
Number of stages = 1
Use histogram matching = false
Winsorize image intensities = true
  Lower quantile = 0.005
  Upper quantile = 0.995


Stage 1 State
   Image metric = MattesMI
     Fixed image = Image (0x3430bd0)
  RTTI typeinfo:   itk::Image<double, 3u>
  Reference Count: 2
  Modified Time: 2330
  Debug: Off
  Object Name: 
  Observers: 
    none
  Source: (none)
  Source output name: (none)
  Release Data: Off
  Data Released: False
  Global Release Data: Off
  PipelineMTime: 0
  UpdateMTime: 1941
  RealTimeStamp: 0 seconds 
  LargestPossibleRegion: 
    Dimension: 3
    Index: [0, 0, 0]
    Size: [193, 229, 193]
  BufferedRegion: 
    Dimension: 3
    Index: [0, 0, 0]
    Size: [193, 229, 193]
  RequestedRegion: 
    Dimension: 3
    Index: [0, 0, 0]
    Size: [193, 229, 193]
  Spacing: [1, 1, 1]
  Origin: [96, 132, -78]
  Direction: 
-1 0 0
0 -1 0
0 0 1

  IndexToPointMatrix: 
-1 0 0
0 -1 0
0 0 1

  PointToIndexMatrix: 
-1 0 0
0 -1 0
0 0 1

  Inverse Direction: 
-1 0 0
0 -1 0
0 0 1

  PixelContainer: 
    ImportImageContainer (0x34399e0)
      RTTI typeinfo:   itk::ImportImageContainer<unsigned long, double>
      Reference Count: 1
      Modified Time: 1938
      Debug: Off
      Object Name: 
      Observers: 
        none
      Pointer: 0x151554649010
      Container manages memory: true
      Size: 8530021
      Capacity: 8530021

     Moving image = Image (0x343ad40)
  RTTI typeinfo:   itk::Image<double, 3u>
  Reference Count: 2
  Modified Time: 2331
  Debug: Off
  Object Name: 
  Observers: 
    none
  Source: (none)
  Source output name: (none)
  Release Data: Off
  Data Released: False
  Global Release Data: Off
  PipelineMTime: 0
  UpdateMTime: 2328
  RealTimeStamp: 0 seconds 
  LargestPossibleRegion: 
    Dimension: 3
    Index: [0, 0, 0]
    Size: [160, 240, 256]
  BufferedRegion: 
    Dimension: 3
    Index: [0, 0, 0]
    Size: [160, 240, 256]
  RequestedRegion: 
    Dimension: 3
    Index: [0, 0, 0]
    Size: [160, 240, 256]
  Spacing: [1, 1, 1]
  Origin: [73.279, 104.707, -131.187]
  Direction: 
-0.997527 0.0645574 -0.0278053
-0.0645323 -0.997914 -0.00179875
-0.0278634 4.01097e-08 0.999612

  IndexToPointMatrix: 
-0.997527 0.0645574 -0.0278053
-0.0645323 -0.997914 -0.00179875
-0.0278634 4.01097e-08 0.999612

  PointToIndexMatrix: 
-0.997527 -0.0645323 -0.0278634
0.0645574 -0.997914 4.01049e-08
-0.0278053 -0.00179875 0.999612

  Inverse Direction: 
-0.997527 -0.0645323 -0.0278634
0.0645574 -0.997914 4.01049e-08
-0.0278053 -0.00179875 0.999612

  PixelContainer: 
    ImportImageContainer (0x3460850)
      RTTI typeinfo:   itk::ImportImageContainer<unsigned long, double>
      Reference Count: 1
      Modified Time: 2325
      Debug: Off
      Object Name: 
      Observers: 
        none
      Pointer: 0x15154fb48010
      Container manages memory: true
      Size: 9830400
      Capacity: 9830400

     Weighting = 1
     Sampling strategy = regular
     Number of bins = 32
     Radius = 4
     Sampling percentage  = 0.25
   Transform = Rigid
     Gradient step = 0.1
     Update field sigma (voxel space) = 0
     Total field sigma (voxel space) = 0
     Update field time sigma = 0
     Total field time sigma  = 0
     Number of time indices = 0
     Number of time point samples = 0
Registration using 1 total stages.

Stage 0
  iterations = 0
  convergence threshold = 1e-06
  convergence window size = 10
  number of levels = 1
  using the Mattes MI metric (number of bins = 32, weight = 1, use gradient filter = 0)
  preprocessing:  winsorizing the image intensities
  Shrink factors (level 1 out of 1): [1, 1, 1]
  smoothing sigmas per level: [0]
  regular sampling (percentage = 0.25)

*** Running Euler3DTransform registration ***

  Elapsed time (stage 0): 1.11231


Total elapsed time: 1.11459
Info [verificarlo]: loaded backend libinterflop_ieee.so
Info [interflop-ieee]: load backend with:
Info [interflop-ieee]: debug = false
Info [interflop-ieee]: debug-binary = false
Info [interflop-ieee]: no-backend-name = false
Info [interflop-ieee]: print-new-line = false
Info [interflop-ieee]: print-subnormal-normalized = false
Info [interflop-ieee]: count-op = false
All_Command_lines_OK
Using double precision for computations.
=============================================================================
The composite transform comprises the following transforms (in order): 
  1. /home/mdugre/scratch/mri-registration-rp/datasets/ds004513/derivatives/mri-registration-rp/0011/antsRegistration-r8-p6/sub-s032/align_Composite.h5[0] (type = Euler3DTransform)
  2. /home/mdugre/scratch/mri-registration-rp/datasets/ds004513/derivatives/mri-registration-rp/0011/antsRegistration-r8-p6/sub-s032/align_Composite.h5[1] (type = Euler3DTransform)
=============================================================================
  number of levels = 4
  fixed image: /templateflow/tpl-MNI152NLin2009cAsym/tpl-MNI152NLin2009cAsym_res-01_desc-brain_T1w.nii.gz
  moving image: /home/mdugre/scratch/mri-registration-rp/datasets/ds004513/derivatives/mri-registration-rp/antsBrainExtraction/sub-s032/BrainExtractionBrain.nii.gz
Dimension = 3
Number of stages = 1
Use histogram matching = false
Winsorize image intensities = true
  Lower quantile = 0.005
  Upper quantile = 0.995


Stage 1 State
   Image metric = MattesMI
     Fixed image = Image (0x4c66530)
  RTTI typeinfo:   itk::Image<double, 3u>
  Reference Count: 2
  Modified Time: 1578
  Debug: Off
  Object Name: 
  Observers: 
    none
  Source: (none)
  Source output name: (none)
  Release Data: Off
  Data Released: False
  Global Release Data: Off
  PipelineMTime: 0
  UpdateMTime: 1189
  RealTimeStamp: 0 seconds 
  LargestPossibleRegion: 
    Dimension: 3
    Index: [0, 0, 0]
    Size: [193, 229, 193]
  BufferedRegion: 
    Dimension: 3
    Index: [0, 0, 0]
    Size: [193, 229, 193]
  RequestedRegion: 
    Dimension: 3
    Index: [0, 0, 0]
    Size: [193, 229, 193]
  Spacing: [1, 1, 1]
  Origin: [96, 132, -78]
  Direction: 
-1 0 0
0 -1 0
0 0 1

  IndexToPointMatrix: 
-1 0 0
0 -1 0
0 0 1

  PointToIndexMatrix: 
-1 0 0
0 -1 0
0 0 1

  Inverse Direction: 
-1 0 0
0 -1 0
0 0 1

  PixelContainer: 
    ImportImageContainer (0x4d24d60)
      RTTI typeinfo:   itk::ImportImageContainer<unsigned long, double>
      Reference Count: 1
      Modified Time: 1186
      Debug: Off
      Object Name: 
      Observers: 
        none
      Pointer: 0x1552cd06a010
      Container manages memory: true
      Size: 8530021
      Capacity: 8530021

     Moving image = Image (0x4d16f60)
  RTTI typeinfo:   itk::Image<double, 3u>
  Reference Count: 2
  Modified Time: 1579
  Debug: Off
  Object Name: 
  Observers: 
    none
  Source: (none)
  Source output name: (none)
  Release Data: Off
  Data Released: False
  Global Release Data: Off
  PipelineMTime: 0
  UpdateMTime: 1576
  RealTimeStamp: 0 seconds 
  LargestPossibleRegion: 
    Dimension: 3
    Index: [0, 0, 0]
    Size: [160, 240, 256]
  BufferedRegion: 
    Dimension: 3
    Index: [0, 0, 0]
    Size: [160, 240, 256]
  RequestedRegion: 
    Dimension: 3
    Index: [0, 0, 0]
    Size: [160, 240, 256]
  Spacing: [1, 1, 1]
  Origin: [73.279, 104.707, -131.187]
  Direction: 
-0.997527 0.0645574 -0.0278053
-0.0645323 -0.997914 -0.00179875
-0.0278634 4.01097e-08 0.999612

  IndexToPointMatrix: 
-0.997527 0.0645574 -0.0278053
-0.0645323 -0.997914 -0.00179875
-0.0278634 4.01097e-08 0.999612

  PointToIndexMatrix: 
-0.997527 -0.0645323 -0.0278634
0.0645574 -0.997914 4.01049e-08
-0.0278053 -0.00179875 0.999612

  Inverse Direction: 
-0.997527 -0.0645323 -0.0278634
0.0645574 -0.997914 4.01049e-08
-0.0278053 -0.00179875 0.999612

  PixelContainer: 
    ImportImageContainer (0x4d086d0)
      RTTI typeinfo:   itk::ImportImageContainer<unsigned long, double>
      Reference Count: 1
      Modified Time: 1573
      Debug: Off
      Object Name: 
      Observers: 
        none
      Pointer: 0x1552c8569010
      Container manages memory: true
      Size: 9830400
      Capacity: 9830400

     Weighting = 1
     Sampling strategy = regular
     Number of bins = 32
     Radius = 4
     Sampling percentage  = 0.25
   Transform = Rigid
     Gradient step = 0.1
     Update field sigma (voxel space) = 0
     Total field sigma (voxel space) = 0
     Update field time sigma = 0
     Total field time sigma  = 0
     Number of time indices = 0
     Number of time point samples = 0
Registration using 1 total stages.

Stage 0
  iterations = 1000x500x250x100
  convergence threshold = 1e-06
  convergence window size = 10
  number of levels = 4
  using the Mattes MI metric (number of bins = 32, weight = 1, use gradient filter = 0)
  preprocessing:  winsorizing the image intensities
  Shrink factors (level 1 out of 4): [8, 8, 8]
  Shrink factors (level 2 out of 4): [4, 4, 4]
  Shrink factors (level 3 out of 4): [2, 2, 2]
  Shrink factors (level 4 out of 4): [1, 1, 1]
  smoothing sigmas per level: [3, 2, 1, 0]
  regular sampling (percentage = 0.25)

*** Running Euler3DTransform registration ***

DIAGNOSTIC,Iteration,metricValue,convergenceValue,ITERATION_TIME_INDEX,SINCE_LAST
 2DIAGNOSTIC,     1, -5.480496989617e-01, 1.797693134862e+308, 6.9325e-01, 6.9325e-01, 
 2DIAGNOSTIC,     2, -5.506811078454e-01, 1.797693134862e+308, 6.9774e-01, 4.4889e-03, 
 2DIAGNOSTIC,     3, -5.546514955662e-01, 1.797693134862e+308, 7.0216e-01, 4.4219e-03, 
 2DIAGNOSTIC,     4, -5.606863537750e-01, 1.797693134862e+308, 7.0734e-01, 5.1770e-03, 
 2DIAGNOSTIC,     5, -5.693661845193e-01, 1.797693134862e+308, 7.1246e-01, 5.1210e-03, 
 2DIAGNOSTIC,     6, -5.854078830086e-01, 1.797693134862e+308, 7.1737e-01, 4.9088e-03, 
 2DIAGNOSTIC,     7, -6.232769732918e-01, 1.797693134862e+308, 7.2189e-01, 4.5230e-03, 
 2DIAGNOSTIC,     8, -6.297683730473e-01, 1.797693134862e+308, 7.2797e-01, 6.0861e-03, 
 2DIAGNOSTIC,     9, -6.366738733405e-01, 1.797693134862e+308, 7.3750e-01, 9.5251e-03, 
 2DIAGNOSTIC,    10, -6.375630690827e-01, 1.201760866083e-02, 7.4282e-01, 5.3239e-03, 
 2DIAGNOSTIC,    11, -6.405337628679e-01, 1.087684809450e-02, 7.4761e-01, 4.7889e-03, 
 2DIAGNOSTIC,    12, -6.435528997438e-01, 9.167753354490e-03, 7.5331e-01, 5.6961e-03, 
 2DIAGNOSTIC,    13, -6.444720921444e-01, 7.089498731847e-03, 7.5790e-01, 4.5869e-03, 
 2DIAGNOSTIC,    14, -6.463616611293e-01, 4.967892496988e-03, 7.6281e-01, 4.9181e-03, 
 2DIAGNOSTIC,    15, -6.484646963404e-01, 3.033020789043e-03, 7.7049e-01, 7.6730e-03, 
 2DIAGNOSTIC,    16, -6.486009987994e-01, 1.520386367320e-03, 7.7501e-01, 4.5199e-03, 
 2DIAGNOSTIC,    17, -6.493699344760e-01, 1.108203205204e-03, 7.7967e-01, 4.6620e-03, 
 2DIAGNOSTIC,    18, -6.514578195065e-01, 8.586162135987e-04, 7.8451e-01, 4.8440e-03, 
 2DIAGNOSTIC,    19, -6.526592717406e-01, 7.533650369805e-04, 7.8917e-01, 4.6608e-03, 
 2DIAGNOSTIC,    20, -6.536191777189e-01, 6.303067369292e-04, 7.9358e-01, 4.4031e-03, 
 2DIAGNOSTIC,    21, -6.549162298979e-01, 5.534292205379e-04, 7.9794e-01, 4.3652e-03, 
 2DIAGNOSTIC,    22, -6.562385790832e-01, 5.226986103232e-04, 8.0335e-01, 5.4059e-03, 
 2DIAGNOSTIC,    23, -6.565000058113e-01, 4.680180012235e-04, 8.0828e-01, 4.9288e-03, 
 2DIAGNOSTIC,    24, -6.565387353854e-01, 4.101063704204e-04, 8.1322e-01, 4.9469e-03, 
 2DIAGNOSTIC,    25, -6.567702146893e-01, 3.618032093032e-04, 8.1826e-01, 5.0349e-03, 
 2DIAGNOSTIC,    26, -6.583507212369e-01, 3.132611037346e-04, 8.2290e-01, 4.6439e-03, 
 2DIAGNOSTIC,    27, -6.586527568469e-01, 2.554116018363e-04, 8.2724e-01, 4.3390e-03, 
 2DIAGNOSTIC,    28, -6.593310437738e-01, 2.225767143849e-04, 8.3296e-01, 5.7220e-03, 
 2DIAGNOSTIC,    29, -6.595734041655e-01, 1.939316665343e-04, 8.3782e-01, 4.8552e-03, 
 2DIAGNOSTIC,    30, -6.595955819569e-01, 1.634946778530e-04, 8.4271e-01, 4.8950e-03, 
 2DIAGNOSTIC,    31, -6.596949967568e-01, 1.392755860920e-04, 8.4708e-01, 4.3650e-03, 
 2DIAGNOSTIC,    32, -6.597157295313e-01, 1.221677497598e-04, 8.5195e-01, 4.8721e-03, 
 2DIAGNOSTIC,    33, -6.597001423846e-01, 9.820426862873e-05, 8.5892e-01, 6.9711e-03, 
 2DIAGNOSTIC,    34, -6.595254449703e-01, 6.486903006962e-05, 8.6323e-01, 4.3070e-03, 
 2DIAGNOSTIC,    35, -6.595295822811e-01, 3.010817890183e-05, 8.6755e-01, 4.3201e-03, 
 2DIAGNOSTIC,    36, -6.595351297936e-01, 1.424396566173e-05, 8.7185e-01, 4.2961e-03, 
 2DIAGNOSTIC,    37, -6.595409535781e-01, 1.474135172042e-06, 8.7609e-01, 4.2479e-03, 
DIAGNOSTIC,Iteration,metricValue,convergenceValue,ITERATION_TIME_INDEX,SINCE_LAST
 2DIAGNOSTIC,     1, -5.183739626517e-01, 1.797693134862e+308, 1.5981e+00, 7.2200e-01, 
 2DIAGNOSTIC,     2, -5.189226238273e-01, 1.797693134862e+308, 1.6272e+00, 2.9112e-02, 
 2DIAGNOSTIC,     3, -5.196899327338e-01, 1.797693134862e+308, 1.6607e+00, 3.3507e-02, 
 2DIAGNOSTIC,     4, -5.204463662987e-01, 1.797693134862e+308, 1.6924e+00, 3.1729e-02, 
 2DIAGNOSTIC,     5, -5.209979485282e-01, 1.797693134862e+308, 1.7289e+00, 3.6477e-02, 
 2DIAGNOSTIC,     6, -5.216357744165e-01, 1.797693134862e+308, 1.7577e+00, 2.8791e-02, 
 2DIAGNOSTIC,     7, -5.233753714731e-01, 1.797693134862e+308, 1.7882e+00, 3.0521e-02, 
 2DIAGNOSTIC,     8, -5.241119131249e-01, 1.797693134862e+308, 1.8234e+00, 3.5139e-02, 
 2DIAGNOSTIC,     9, -5.247293428631e-01, 1.797693134862e+308, 1.8608e+00, 3.7454e-02, 
 2DIAGNOSTIC,    10, -5.250028240974e-01, 8.899807886024e-04, 1.8957e+00, 3.4858e-02, 
 2DIAGNOSTIC,    11, -5.254483051550e-01, 7.905532183932e-04, 1.9292e+00, 3.3523e-02, 
 2DIAGNOSTIC,    12, -5.277635690340e-01, 7.650652125403e-04, 1.9632e+00, 3.4027e-02, 
 2DIAGNOSTIC,    13, -5.283161389473e-01, 7.264279614336e-04, 1.9932e+00, 2.9994e-02, 
 2DIAGNOSTIC,    14, -5.288222938895e-01, 6.775650207298e-04, 2.0234e+00, 3.0153e-02, 
 2DIAGNOSTIC,    15, -5.289976643161e-01, 6.012605311213e-04, 2.0526e+00, 2.9272e-02, 
 2DIAGNOSTIC,    16, -5.298475146928e-01, 5.287513761230e-04, 2.0955e+00, 4.2836e-02, 
 2DIAGNOSTIC,    17, -5.313522126072e-01, 5.176188895985e-04, 2.1275e+00, 3.1974e-02, 
 2DIAGNOSTIC,    18, -5.317211977345e-01, 4.916463947607e-04, 2.1602e+00, 3.2744e-02, 
 2DIAGNOSTIC,    19, -5.322490388926e-01, 4.569578761250e-04, 2.1969e+00, 3.6657e-02, 
 2DIAGNOSTIC,    20, -5.323376776658e-01, 3.940991993489e-04, 2.2294e+00, 3.2579e-02, 
 2DIAGNOSTIC,    21, -5.325910112666e-01, 3.171264193118e-04, 2.2634e+00, 3.3983e-02, 
 2DIAGNOSTIC,    22, -5.334985616482e-01, 2.960182680384e-04, 2.2975e+00, 3.4095e-02, 
 2DIAGNOSTIC,    23, -5.343210706994e-01, 2.806737473671e-04, 2.3356e+00, 3.8047e-02, 
 2DIAGNOSTIC,    24, -5.358687880451e-01, 2.868146523562e-04, 2.3761e+00, 4.0488e-02, 
 2DIAGNOSTIC,    25, -5.371446013906e-01, 2.963942952611e-04, 2.4045e+00, 2.8465e-02, 
 2DIAGNOSTIC,    26, -5.416237694478e-01, 3.868297746173e-04, 2.4325e+00, 2.7938e-02, 
 2DIAGNOSTIC,    27, -5.440680216016e-01, 5.104887840310e-04, 2.4612e+00, 2.8695e-02, 
 2DIAGNOSTIC,    28, -5.457347379871e-01, 6.155151447748e-04, 2.5187e+00, 5.7560e-02, 
 2DIAGNOSTIC,    29, -5.458522166142e-01, 6.677217666152e-04, 2.5467e+00, 2.8010e-02, 
 2DIAGNOSTIC,    30, -5.461476497149e-01, 6.607539897576e-04, 2.5744e+00, 2.7646e-02, 
 2DIAGNOSTIC,    31, -5.465790347082e-01, 6.026327046229e-04, 2.6028e+00, 2.8398e-02, 
 2DIAGNOSTIC,    32, -5.469389145522e-01, 5.115442098953e-04, 2.6306e+00, 2.7857e-02, 
 2DIAGNOSTIC,    33, -5.473861530649e-01, 3.984002649324e-04, 2.6586e+00, 2.7958e-02, 
 2DIAGNOSTIC,    34, -5.479905058754e-01, 2.889168606883e-04, 2.6863e+00, 2.7690e-02, 
 2DIAGNOSTIC,    35, -5.483688284831e-01, 1.824422427913e-04, 2.7147e+00, 2.8430e-02, 
 2DIAGNOSTIC,    36, -5.488176781786e-01, 1.369599441607e-04, 2.7425e+00, 2.7837e-02, 
 2DIAGNOSTIC,    37, -5.494663128103e-01, 1.248699196128e-04, 2.7880e+00, 4.5432e-02, 
 2DIAGNOSTIC,    38, -5.495499068718e-01, 1.259917348041e-04, 2.8278e+00, 3.9831e-02, 
 2DIAGNOSTIC,    39, -5.495760312324e-01, 1.171228533308e-04, 2.8633e+00, 3.5480e-02, 
 2DIAGNOSTIC,    40, -5.495715524720e-01, 1.014890619021e-04, 2.8985e+00, 3.5219e-02, 
 2DIAGNOSTIC,    41, -5.496376804781e-01, 8.341984377620e-05, 2.9339e+00, 3.5372e-02, 
 2DIAGNOSTIC,    42, -5.496569751660e-01, 6.296525757100e-05, 2.9722e+00, 3.8333e-02, 
 2DIAGNOSTIC,    43, -5.496609551981e-01, 4.299981584606e-05, 3.0053e+00, 3.3109e-02, 
 2DIAGNOSTIC,    44, -5.496553804171e-01, 2.720939165687e-05, 3.0386e+00, 3.3334e-02, 
 2DIAGNOSTIC,    45, -5.496541806405e-01, 1.400678711201e-05, 3.0678e+00, 2.9151e-02, 
 2DIAGNOSTIC,    46, -5.496579302449e-01, 5.120179702986e-06, 3.0973e+00, 2.9461e-02, 
 2DIAGNOSTIC,    47, -5.496803152074e-01, 3.720151129313e-06, 3.1282e+00, 3.0906e-02, 
 2DIAGNOSTIC,    48, -5.497381128489e-01, 3.642902610027e-06, 3.1617e+00, 3.3487e-02, 
 2DIAGNOSTIC,    49, -5.497451901549e-01, 3.643146655317e-06, 3.1959e+00, 3.4212e-02, 
 2DIAGNOSTIC,    50, -5.497875457495e-01, 3.750653436985e-06, 3.2279e+00, 3.2048e-02, 
 2DIAGNOSTIC,    51, -5.498171823489e-01, 4.538899815085e-06, 3.2592e+00, 3.1261e-02, 
 2DIAGNOSTIC,    52, -5.499163127769e-01, 6.113906874002e-06, 3.2927e+00, 3.3548e-02, 
 2DIAGNOSTIC,    53, -5.500596692238e-01, 8.542130282559e-06, 3.3234e+00, 3.0680e-02, 
 2DIAGNOSTIC,    54, -5.503934230407e-01, 1.329923814080e-05, 3.3531e+00, 2.9657e-02, 
 2DIAGNOSTIC,    55, -5.508799640873e-01, 2.125652302488e-05, 3.3833e+00, 3.0284e-02, 
 2DIAGNOSTIC,    56, -5.517513173562e-01, 3.509544814930e-05, 3.4170e+00, 3.3704e-02, 
 2DIAGNOSTIC,    57, -5.524245901491e-01, 5.139568404593e-05, 3.4646e+00, 4.7583e-02, 
 2DIAGNOSTIC,    58, -5.526163263404e-01, 6.446509239020e-05, 3.4947e+00, 3.0095e-02, 
 2DIAGNOSTIC,    59, -5.547111960488e-01, 8.977250970202e-05, 3.5315e+00, 3.6806e-02, 
 2DIAGNOSTIC,    60, -5.584029846506e-01, 1.378678942675e-04, 3.5617e+00, 3.0171e-02, 
 2DIAGNOSTIC,    61, -5.612549802591e-01, 1.951582494572e-04, 3.5996e+00, 3.7901e-02, 
 2DIAGNOSTIC,    62, -5.633209837437e-01, 2.500572918318e-04, 3.6367e+00, 3.7086e-02, 
 2DIAGNOSTIC,    63, -5.663157535050e-01, 3.055338632225e-04, 3.6695e+00, 3.2842e-02, 
 2DIAGNOSTIC,    64, -5.670198827602e-01, 3.378871123145e-04, 3.7030e+00, 3.3456e-02, 
 2DIAGNOSTIC,    65, -5.670435275366e-01, 3.404818989127e-04, 3.7359e+00, 3.2869e-02, 
 2DIAGNOSTIC,    66, -5.670505043340e-01, 3.172706268053e-04, 3.7686e+00, 3.2752e-02, 
 2DIAGNOSTIC,    67, -5.670560306926e-01, 2.698566286883e-04, 3.7978e+00, 2.9164e-02, 
 2DIAGNOSTIC,    68, -5.670730535214e-01, 1.993331029473e-04, 3.8268e+00, 2.8980e-02, 
 2DIAGNOSTIC,    69, -5.671540043447e-01, 1.278087983104e-04, 3.8555e+00, 2.8774e-02, 
 2DIAGNOSTIC,    70, -5.672451580164e-01, 7.428692823762e-05, 3.8884e+00, 3.2847e-02, 
 2DIAGNOSTIC,    71, -5.673715273351e-01, 3.703127462802e-05, 3.9211e+00, 3.2770e-02, 
 2DIAGNOSTIC,    72, -5.673601109428e-01, 1.165393065730e-05, 3.9564e+00, 3.5270e-02, 
 2DIAGNOSTIC,    73, -5.673328229352e-01, 7.002899100186e-06, 3.9931e+00, 3.6672e-02, 
 2DIAGNOSTIC,    74, -5.673219616894e-01, 6.738054406605e-06, 4.0285e+00, 3.5391e-02, 
 2DIAGNOSTIC,    75, -5.673070641465e-01, 5.918016426245e-06, 4.0636e+00, 3.5171e-02, 
 2DIAGNOSTIC,    76, -5.673103772903e-01, 4.654207761261e-06, 4.0988e+00, 3.5144e-02, 
 2DIAGNOSTIC,    77, -5.673134151288e-01, 3.084350730435e-06, 4.1397e+00, 4.0878e-02, 
 2DIAGNOSTIC,    78, -5.673260489280e-01, 1.505124345368e-06, 4.1759e+00, 3.6187e-02, 
DIAGNOSTIC,Iteration,metricValue,convergenceValue,ITERATION_TIME_INDEX,SINCE_LAST
 2DIAGNOSTIC,     1, -5.017748545924e-01, 1.797693134862e+308, 5.2484e+00, 1.0726e+00, 
 2DIAGNOSTIC,     2, -5.020145116373e-01, 1.797693134862e+308, 5.4758e+00, 2.2737e-01, 
 2DIAGNOSTIC,     3, -5.022633256898e-01, 1.797693134862e+308, 5.6928e+00, 2.1700e-01, 
 2DIAGNOSTIC,     4, -5.024359657000e-01, 1.797693134862e+308, 5.9412e+00, 2.4841e-01, 
 2DIAGNOSTIC,     5, -5.024384479909e-01, 1.797693134862e+308, 6.2243e+00, 2.8309e-01, 
 2DIAGNOSTIC,     6, -5.024346516539e-01, 1.797693134862e+308, 6.5029e+00, 2.7864e-01, 
 2DIAGNOSTIC,     7, -5.024359473232e-01, 1.797693134862e+308, 6.7740e+00, 2.7109e-01, 
 2DIAGNOSTIC,     8, -5.024356110605e-01, 1.797693134862e+308, 7.0102e+00, 2.3619e-01, 
 2DIAGNOSTIC,     9, -5.024353520091e-01, 1.797693134862e+308, 7.2536e+00, 2.4342e-01, 
 2DIAGNOSTIC,    10, -5.024335668889e-01, 6.806166072246e-05, 7.4931e+00, 2.3949e-01, 
 2DIAGNOSTIC,    11, -5.024345176918e-01, 3.206541063541e-05, 7.7343e+00, 2.4116e-01, 
 2DIAGNOSTIC,    12, -5.024342882614e-01, 1.050355154121e-05, 8.0452e+00, 3.1093e-01, 
 2DIAGNOSTIC,    13, -5.024337847043e-01, 2.140024514638e-06, 8.3798e+00, 3.3458e-01, 
 2DIAGNOSTIC,    14, -5.024330916778e-01, 1.945845816753e-06, 8.6663e+00, 2.8652e-01, 
 2DIAGNOSTIC,    15, -5.024316335640e-01, 1.851922229637e-06, 8.9248e+00, 2.5854e-01, 
 2DIAGNOSTIC,    16, -5.024319376185e-01, 1.669912781957e-06, 9.1487e+00, 2.2388e-01, 
 2DIAGNOSTIC,    17, -5.024316243197e-01, 1.569405737603e-06, 9.3924e+00, 2.4363e-01, 
 2DIAGNOSTIC,    18, -5.024322334733e-01, 1.516615731605e-06, 9.6406e+00, 2.4821e-01, 
 2DIAGNOSTIC,    19, -5.024314758789e-01, 1.464196129189e-06, 9.8591e+00, 2.1852e-01, 
 2DIAGNOSTIC,    20, -5.024313227695e-01, 1.382058270064e-06, 1.0094e+01, 2.3514e-01, 
 2DIAGNOSTIC,    21, -5.024322734873e-01, 1.378294555994e-06, 1.0346e+01, 2.5152e-01, 
 2DIAGNOSTIC,    22, -5.024313295482e-01, 1.355986811363e-06, 1.0582e+01, 2.3625e-01, 
 2DIAGNOSTIC,    23, -5.024288739678e-01, 1.272173157346e-06, 1.0782e+01, 2.0027e-01, 
 2DIAGNOSTIC,    24, -5.024294322322e-01, 1.205538239089e-06, 1.1021e+01, 2.3835e-01, 
 2DIAGNOSTIC,    25, -5.024278202903e-01, 1.084637922581e-06, 1.1289e+01, 2.6797e-01, 
DIAGNOSTIC,Iteration,metricValue,convergenceValue,ITERATION_TIME_INDEX,SINCE_LAST
 2DIAGNOSTIC,     1, -4.668278548139e-01, 1.797693134862e+308, 1.3724e+01, 2.4350e+00, 
 2DIAGNOSTIC,     2, -4.669048606308e-01, 1.797693134862e+308, 1.5194e+01, 1.4704e+00, 
 2DIAGNOSTIC,     3, -4.669672871102e-01, 1.797693134862e+308, 1.6968e+01, 1.7744e+00, 
 2DIAGNOSTIC,     4, -4.669670624858e-01, 1.797693134862e+308, 1.8573e+01, 1.6042e+00, 
 2DIAGNOSTIC,     5, -4.669665532842e-01, 1.797693134862e+308, 2.0031e+01, 1.4584e+00, 
 2DIAGNOSTIC,     6, -4.669663416342e-01, 1.797693134862e+308, 2.1735e+01, 1.7044e+00, 
 2DIAGNOSTIC,     7, -4.669660294053e-01, 1.797693134862e+308, 2.3543e+01, 1.8072e+00, 
 2DIAGNOSTIC,     8, -4.669659860097e-01, 1.797693134862e+308, 2.5019e+01, 1.4767e+00, 
 2DIAGNOSTIC,     9, -4.669659261821e-01, 1.797693134862e+308, 2.6469e+01, 1.4498e+00, 
 2DIAGNOSTIC,    10, -4.669656871568e-01, 1.472995220654e-05, 2.7828e+01, 1.3590e+00, 
 2DIAGNOSTIC,    11, -4.669654543715e-01, 6.105723320673e-06, 2.9351e+01, 1.5231e+00, 
 2DIAGNOSTIC,    12, -4.669653975398e-01, 2.442780236048e-06, 3.0814e+01, 1.4624e+00, 
 2DIAGNOSTIC,    13, -4.669654409457e-01, 2.286693852285e-06, 3.2298e+01, 1.4848e+00, 
 2DIAGNOSTIC,    14, -4.669651988543e-01, 2.147320025028e-06, 3.3610e+01, 1.3120e+00, 
 2DIAGNOSTIC,    15, -4.669651580338e-01, 2.016150645587e-06, 3.5085e+01, 1.4749e+00, 
 2DIAGNOSTIC,    16, -4.669652287356e-01, 1.906040728555e-06, 3.6651e+01, 1.5655e+00, 
 2DIAGNOSTIC,    17, -4.669653903018e-01, 1.810759428747e-06, 3.8007e+01, 1.3567e+00, 
 2DIAGNOSTIC,    18, -4.669651147044e-01, 1.720559952130e-06, 3.9631e+01, 1.6234e+00, 
 2DIAGNOSTIC,    19, -4.669650577370e-01, 1.641023527961e-06, 4.1124e+01, 1.4931e+00, 
 2DIAGNOSTIC,    20, -4.669649236056e-01, 1.561444997522e-06, 4.2605e+01, 1.4808e+00, 
 2DIAGNOSTIC,    21, -4.669651596660e-01, 1.492110676148e-06, 4.4273e+01, 1.6681e+00, 
 2DIAGNOSTIC,    22, -4.669650912344e-01, 1.427286689976e-06, 4.5750e+01, 1.4769e+00, 
 2DIAGNOSTIC,    23, -4.669649363428e-01, 1.367277101975e-06, 4.7436e+01, 1.6858e+00, 
 2DIAGNOSTIC,    24, -4.669647817331e-01, 1.304058637359e-06, 4.9079e+01, 1.6439e+00, 
 2DIAGNOSTIC,    25, -4.669649037761e-01, 1.249844621201e-06, 5.0721e+01, 1.6415e+00, 
 2DIAGNOSTIC,    26, -4.669649356770e-01, 1.203858030700e-06, 5.2212e+01, 1.4912e+00, 
 2DIAGNOSTIC,    27, -4.669647826161e-01, 1.163406042906e-06, 5.3692e+01, 1.4794e+00, 
 2DIAGNOSTIC,    28, -4.669646344339e-01, 1.118329532451e-06, 5.5204e+01, 1.5127e+00, 
 2DIAGNOSTIC,    29, -4.669647457420e-01, 1.079414453327e-06, 5.6712e+01, 1.5077e+00, 
 2DIAGNOSTIC,    30, -4.669646685164e-01, 1.040070775761e-06, 5.8068e+01, 1.3557e+00, 
 2DIAGNOSTIC,    31, -4.669646006999e-01, 1.008454157139e-06, 5.9715e+01, 1.6470e+00, 
  Elapsed time (stage 0): 6.0577e+01


Total elapsed time: 6.0579e+01
Info [verificarlo]: loaded backend libinterflop_vprec.so
Info [interflop-vprec]: load backend with: 
Info [interflop-vprec]: precision-binary32 = 6
Info [interflop-vprec]: range-binary32 = 8
Info [interflop-vprec]: precision-binary64 = 6
Info [interflop-vprec]: range-binary64 = 8
Info [interflop-vprec]: mode = ob
Info [interflop-vprec]: error-mode = rel
Info [interflop-vprec]: max-abs-error-exponent = -1022
Info [interflop-vprec]: daz = false
Info [interflop-vprec]: ftz = false
Info [interflop-vprec]: 	instrument = none
Info [interflop-vprec]: 	prec-input-file = (null)
Info [interflop-vprec]: 	prec-output-file = (null)
Info [interflop-vprec]: 	prec-log-file = (null)
All_Command_lines_OK
Using double precision for computations.
=============================================================================
The composite transform comprises the following transforms (in order): 
  1. /home/mdugre/scratch/mri-registration-rp/datasets/ds004513/derivatives/mri-registration-rp/0011/antsRegistration-r8-p6/sub-s032/rigid_Composite.h5[0] (type = Euler3DTransform)
  2. /home/mdugre/scratch/mri-registration-rp/datasets/ds004513/derivatives/mri-registration-rp/0011/antsRegistration-r8-p6/sub-s032/rigid_Composite.h5[1] (type = Euler3DTransform)
  3. /home/mdugre/scratch/mri-registration-rp/datasets/ds004513/derivatives/mri-registration-rp/0011/antsRegistration-r8-p6/sub-s032/rigid_Composite.h5[2] (type = Euler3DTransform)
=============================================================================
  number of levels = 4
  fixed image: /templateflow/tpl-MNI152NLin2009cAsym/tpl-MNI152NLin2009cAsym_res-01_desc-brain_T1w.nii.gz
  moving image: /home/mdugre/scratch/mri-registration-rp/datasets/ds004513/derivatives/mri-registration-rp/antsBrainExtraction/sub-s032/BrainExtractionBrain.nii.gz
Dimension = 3
Number of stages = 1
Use histogram matching = false
Winsorize image intensities = true
  Lower quantile = 0.005
  Upper quantile = 0.995


Stage 1 State
   Image metric = MattesMI
     Fixed image = Image (0x41b11e0)
  RTTI typeinfo:   itk::Image<double, 3u>
  Reference Count: 2
  Modified Time: 1592
  Debug: Off
  Object Name: 
  Observers: 
    none
  Source: (none)
  Source output name: (none)
  Release Data: Off
  Data Released: False
  Global Release Data: Off
  PipelineMTime: 0
  UpdateMTime: 1203
  RealTimeStamp: 0 seconds 
  LargestPossibleRegion: 
    Dimension: 3
    Index: [0, 0, 0]
    Size: [193, 229, 193]
  BufferedRegion: 
    Dimension: 3
    Index: [0, 0, 0]
    Size: [193, 229, 193]
  RequestedRegion: 
    Dimension: 3
    Index: [0, 0, 0]
    Size: [193, 229, 193]
  Spacing: [1, 1, 1]
  Origin: [96, 132, -78]
  Direction: 
-1 0 0
0 -1 0
0 0 1

  IndexToPointMatrix: 
-1 0 0
0 -1 0
0 0 1

  PointToIndexMatrix: 
-1 0 0
0 -1 0
0 0 1

  Inverse Direction: 
-1 0 0
0 -1 0
0 0 1

  PixelContainer: 
    ImportImageContainer (0x427e890)
      RTTI typeinfo:   itk::ImportImageContainer<unsigned long, double>
      Reference Count: 1
      Modified Time: 1200
      Debug: Off
      Object Name: 
      Observers: 
        none
      Pointer: 0x14f8f272d010
      Container manages memory: true
      Size: 8530021
      Capacity: 8530021

     Moving image = Image (0x427de40)
  RTTI typeinfo:   itk::Image<double, 3u>
  Reference Count: 2
  Modified Time: 1593
  Debug: Off
  Object Name: 
  Observers: 
    none
  Source: (none)
  Source output name: (none)
  Release Data: Off
  Data Released: False
  Global Release Data: Off
  PipelineMTime: 0
  UpdateMTime: 1590
  RealTimeStamp: 0 seconds 
  LargestPossibleRegion: 
    Dimension: 3
    Index: [0, 0, 0]
    Size: [160, 240, 256]
  BufferedRegion: 
    Dimension: 3
    Index: [0, 0, 0]
    Size: [160, 240, 256]
  RequestedRegion: 
    Dimension: 3
    Index: [0, 0, 0]
    Size: [160, 240, 256]
  Spacing: [1, 1, 1]
  Origin: [73, 105, -132]
  Direction: 
-1 0.0644531 -0.027832
-0.0644531 -1 -0.00180054
-0.027832 0 1

  IndexToPointMatrix: 
-1 0.0644531 -0.027832
-0.0644531 -1 -0.00180054
-0.027832 0 1

  PointToIndexMatrix: 
-1 -0.0644531 -0.027832
0.0644531 -1 0
-0.027832 -0.00180054 1

  Inverse Direction: 
-1 -0.0644531 -0.027832
0.0644531 -1 0
-0.027832 -0.00180054 1

  PixelContainer: 
    ImportImageContainer (0x431ea50)
      RTTI typeinfo:   itk::ImportImageContainer<unsigned long, double>
      Reference Count: 1
      Modified Time: 1587
      Debug: Off
      Object Name: 
      Observers: 
        none
      Pointer: 0x14f8edc2c010
      Container manages memory: true
      Size: 9830400
      Capacity: 9830400

     Weighting = 1
     Sampling strategy = regular
     Number of bins = 32
     Radius = 4
     Sampling percentage  = 0.25
   Transform = Affine
     Gradient step = 0.1
     Update field sigma (voxel space) = 0
     Total field sigma (voxel space) = 0
     Update field time sigma = 0
     Total field time sigma  = 0
     Number of time indices = 0
     Number of time point samples = 0
Registration using 1 total stages.

Stage 0
  iterations = 1000x500x250x100
  convergence threshold = 1e-06
  convergence window size = 10
  number of levels = 4
  using the Mattes MI metric (number of bins = 32, weight = 1, use gradient filter = 0)
slurmstepd: error: *** JOB 42388485 ON nc30411 CANCELLED AT 2025-04-10T03:17:11 DUE TO TIME LIMIT ***
