
##########################
# Experiment information #
##########################

EXPERIMENT_NAME: antsRegistration-r8-p20
VFC_BACKENDS: libinterflop_vprec.so --range-binary32=8 --precision-binary32=20 --range-binary64=8 --precision-binary64=20

SIF_IMG: /home/mdugre/projects/rrg-glatard/mdugre/containers/ants-vprec-no_metrics.simg

SUBJECT_ID: s003
INPUT_IMG: /home/mdugre/scratch/mri-registration-rp/datasets/ds004513/derivatives/mri-registration-rp/antsBrainExtraction/sub-s003/BrainExtractionBrain.nii.gz
OUTPUT_DIR: /home/mdugre/scratch/mri-registration-rp/datasets/ds004513/derivatives/mri-registration-rp/0011/antsRegistration-r8-p20/sub-s003

FIXED_IMG: /templateflow/tpl-MNI152NLin2009cAsym/tpl-MNI152NLin2009cAsym_res-01_desc-brain_T1w.nii.gz
DATA_DIR: /home/mdugre/scratch/mri-registration-rp/datasets/ds004513
TEMPLATEFLOW_DIR: /home/mdugre/projects/rrg-glatard/mdugre/templateflow
ITK_GLOBAL_DEFAULT_NUMBER_OF_THREADS: 16
##########################

Info [verificarlo]: loaded backend libinterflop_ieee.so
Info [interflop-ieee]: load backend with:
Info [interflop-ieee]: debug = false
Info [interflop-ieee]: debug-binary = false
Info [interflop-ieee]: no-backend-name = false
Info [interflop-ieee]: print-new-line = false
Info [interflop-ieee]: print-subnormal-normalized = false
Info [interflop-ieee]: count-op = false
All_Command_lines_OK
Using double precision for computations.
=============================================================================
The composite transform comprises the following transforms (in order): 
  1. Center of mass alignment using fixed image: /templateflow/tpl-MNI152NLin2009cAsym/tpl-MNI152NLin2009cAsym_res-01_desc-brain_T1w.nii.gz and moving image: /home/mdugre/scratch/mri-registration-rp/datasets/ds004513/derivatives/mri-registration-rp/antsBrainExtraction/sub-s003/BrainExtractionBrain.nii.gz (type = Euler3DTransform)
=============================================================================
  number of levels = 1
  fixed image: /templateflow/tpl-MNI152NLin2009cAsym/tpl-MNI152NLin2009cAsym_res-01_desc-brain_T1w.nii.gz
  moving image: /home/mdugre/scratch/mri-registration-rp/datasets/ds004513/derivatives/mri-registration-rp/antsBrainExtraction/sub-s003/BrainExtractionBrain.nii.gz
Dimension = 3
Number of stages = 1
Use histogram matching = false
Winsorize image intensities = true
  Lower quantile = 0.005
  Upper quantile = 0.995


Stage 1 State
   Image metric = MattesMI
     Fixed image = Image (0x4edae70)
  RTTI typeinfo:   itk::Image<double, 3u>
  Reference Count: 2
  Modified Time: 2334
  Debug: Off
  Object Name: 
  Observers: 
    none
  Source: (none)
  Source output name: (none)
  Release Data: Off
  Data Released: False
  Global Release Data: Off
  PipelineMTime: 0
  UpdateMTime: 1943
  RealTimeStamp: 0 seconds 
  LargestPossibleRegion: 
    Dimension: 3
    Index: [0, 0, 0]
    Size: [193, 229, 193]
  BufferedRegion: 
    Dimension: 3
    Index: [0, 0, 0]
    Size: [193, 229, 193]
  RequestedRegion: 
    Dimension: 3
    Index: [0, 0, 0]
    Size: [193, 229, 193]
  Spacing: [1, 1, 1]
  Origin: [96, 132, -78]
  Direction: 
-1 0 0
0 -1 0
0 0 1

  IndexToPointMatrix: 
-1 0 0
0 -1 0
0 0 1

  PointToIndexMatrix: 
-1 0 0
0 -1 0
0 0 1

  Inverse Direction: 
-1 0 0
0 -1 0
0 0 1

  PixelContainer: 
    ImportImageContainer (0x4ee7140)
      RTTI typeinfo:   itk::ImportImageContainer<unsigned long, double>
      Reference Count: 1
      Modified Time: 1940
      Debug: Off
      Object Name: 
      Observers: 
        none
      Pointer: 0x14b69320b010
      Container manages memory: true
      Size: 8530021
      Capacity: 8530021

     Moving image = Image (0x4ee4310)
  RTTI typeinfo:   itk::Image<double, 3u>
  Reference Count: 2
  Modified Time: 2335
  Debug: Off
  Object Name: 
  Observers: 
    none
  Source: (none)
  Source output name: (none)
  Release Data: Off
  Data Released: False
  Global Release Data: Off
  PipelineMTime: 0
  UpdateMTime: 2332
  RealTimeStamp: 0 seconds 
  LargestPossibleRegion: 
    Dimension: 3
    Index: [0, 0, 0]
    Size: [176, 240, 256]
  BufferedRegion: 
    Dimension: 3
    Index: [0, 0, 0]
    Size: [176, 240, 256]
  RequestedRegion: 
    Dimension: 3
    Index: [0, 0, 0]
    Size: [176, 240, 256]
  Spacing: [0.999999, 1, 1]
  Origin: [93.3499, 86.9368, -128.957]
  Direction: 
-0.999513 -0.0279216 -0.0139567
0.0279189 -0.99961 0.000389866
-0.0139622 2.01492e-08 0.999903

  IndexToPointMatrix: 
-0.999512 -0.0279216 -0.0139567
0.0279189 -0.99961 0.000389866
-0.0139621 2.01492e-08 0.999903

  PointToIndexMatrix: 
-0.999514 0.0279189 -0.0139622
-0.0279216 -0.99961 2.01716e-08
-0.0139567 0.000389866 0.999903

  Inverse Direction: 
-0.999513 0.0279189 -0.0139622
-0.0279216 -0.99961 2.01716e-08
-0.0139567 0.000389866 0.999903

  PixelContainer: 
    ImportImageContainer (0x500f610)
      RTTI typeinfo:   itk::ImportImageContainer<unsigned long, double>
      Reference Count: 1
      Modified Time: 2329
      Debug: Off
      Object Name: 
      Observers: 
        none
      Pointer: 0x14b68df8a010
      Container manages memory: true
      Size: 10813440
      Capacity: 10813440

     Weighting = 1
     Sampling strategy = regular
     Number of bins = 32
     Radius = 4
     Sampling percentage  = 0.25
   Transform = Rigid
     Gradient step = 0.1
     Update field sigma (voxel space) = 0
     Total field sigma (voxel space) = 0
     Update field time sigma = 0
     Total field time sigma  = 0
     Number of time indices = 0
     Number of time point samples = 0
Registration using 1 total stages.

Stage 0
  iterations = 0
  convergence threshold = 1e-06
  convergence window size = 10
  number of levels = 1
  using the Mattes MI metric (number of bins = 32, weight = 1, use gradient filter = 0)
  preprocessing:  winsorizing the image intensities
  Shrink factors (level 1 out of 1): [1, 1, 1]
  smoothing sigmas per level: [0]
  regular sampling (percentage = 0.25)

*** Running Euler3DTransform registration ***

  Elapsed time (stage 0): 1.17412


Total elapsed time: 1.17645
Info [verificarlo]: loaded backend libinterflop_ieee.so
Info [interflop-ieee]: load backend with:
Info [interflop-ieee]: debug = false
Info [interflop-ieee]: debug-binary = false
Info [interflop-ieee]: no-backend-name = false
Info [interflop-ieee]: print-new-line = false
Info [interflop-ieee]: print-subnormal-normalized = false
Info [interflop-ieee]: count-op = false
All_Command_lines_OK
Using double precision for computations.
=============================================================================
The composite transform comprises the following transforms (in order): 
  1. /home/mdugre/scratch/mri-registration-rp/datasets/ds004513/derivatives/mri-registration-rp/0011/antsRegistration-r8-p20/sub-s003/align_Composite.h5[0] (type = Euler3DTransform)
  2. /home/mdugre/scratch/mri-registration-rp/datasets/ds004513/derivatives/mri-registration-rp/0011/antsRegistration-r8-p20/sub-s003/align_Composite.h5[1] (type = Euler3DTransform)
=============================================================================
  number of levels = 4
  fixed image: /templateflow/tpl-MNI152NLin2009cAsym/tpl-MNI152NLin2009cAsym_res-01_desc-brain_T1w.nii.gz
  moving image: /home/mdugre/scratch/mri-registration-rp/datasets/ds004513/derivatives/mri-registration-rp/antsBrainExtraction/sub-s003/BrainExtractionBrain.nii.gz
Dimension = 3
Number of stages = 1
Use histogram matching = false
Winsorize image intensities = true
  Lower quantile = 0.005
  Upper quantile = 0.995


Stage 1 State
   Image metric = MattesMI
     Fixed image = Image (0x4d7c530)
  RTTI typeinfo:   itk::Image<double, 3u>
  Reference Count: 2
  Modified Time: 1580
  Debug: Off
  Object Name: 
  Observers: 
    none
  Source: (none)
  Source output name: (none)
  Release Data: Off
  Data Released: False
  Global Release Data: Off
  PipelineMTime: 0
  UpdateMTime: 1189
  RealTimeStamp: 0 seconds 
  LargestPossibleRegion: 
    Dimension: 3
    Index: [0, 0, 0]
    Size: [193, 229, 193]
  BufferedRegion: 
    Dimension: 3
    Index: [0, 0, 0]
    Size: [193, 229, 193]
  RequestedRegion: 
    Dimension: 3
    Index: [0, 0, 0]
    Size: [193, 229, 193]
  Spacing: [1, 1, 1]
  Origin: [96, 132, -78]
  Direction: 
-1 0 0
0 -1 0
0 0 1

  IndexToPointMatrix: 
-1 0 0
0 -1 0
0 0 1

  PointToIndexMatrix: 
-1 0 0
0 -1 0
0 0 1

  Inverse Direction: 
-1 0 0
0 -1 0
0 0 1

  PixelContainer: 
    ImportImageContainer (0x4e3ad60)
      RTTI typeinfo:   itk::ImportImageContainer<unsigned long, double>
      Reference Count: 1
      Modified Time: 1186
      Debug: Off
      Object Name: 
      Observers: 
        none
      Pointer: 0x14b00e8ae010
      Container manages memory: true
      Size: 8530021
      Capacity: 8530021

     Moving image = Image (0x4e2cf60)
  RTTI typeinfo:   itk::Image<double, 3u>
  Reference Count: 2
  Modified Time: 1581
  Debug: Off
  Object Name: 
  Observers: 
    none
  Source: (none)
  Source output name: (none)
  Release Data: Off
  Data Released: False
  Global Release Data: Off
  PipelineMTime: 0
  UpdateMTime: 1578
  RealTimeStamp: 0 seconds 
  LargestPossibleRegion: 
    Dimension: 3
    Index: [0, 0, 0]
    Size: [176, 240, 256]
  BufferedRegion: 
    Dimension: 3
    Index: [0, 0, 0]
    Size: [176, 240, 256]
  RequestedRegion: 
    Dimension: 3
    Index: [0, 0, 0]
    Size: [176, 240, 256]
  Spacing: [0.999999, 1, 1]
  Origin: [93.3499, 86.9368, -128.957]
  Direction: 
-0.999513 -0.0279216 -0.0139567
0.0279189 -0.99961 0.000389866
-0.0139622 2.01492e-08 0.999903

  IndexToPointMatrix: 
-0.999512 -0.0279216 -0.0139567
0.0279189 -0.99961 0.000389866
-0.0139621 2.01492e-08 0.999903

  PointToIndexMatrix: 
-0.999514 0.0279189 -0.0139622
-0.0279216 -0.99961 2.01716e-08
-0.0139567 0.000389866 0.999903

  Inverse Direction: 
-0.999513 0.0279189 -0.0139622
-0.0279216 -0.99961 2.01716e-08
-0.0139567 0.000389866 0.999903

  PixelContainer: 
    ImportImageContainer (0x4e1e6d0)
      RTTI typeinfo:   itk::ImportImageContainer<unsigned long, double>
      Reference Count: 1
      Modified Time: 1575
      Debug: Off
      Object Name: 
      Observers: 
        none
      Pointer: 0x14b00962d010
      Container manages memory: true
      Size: 10813440
      Capacity: 10813440

     Weighting = 1
     Sampling strategy = regular
     Number of bins = 32
     Radius = 4
     Sampling percentage  = 0.25
   Transform = Rigid
     Gradient step = 0.1
     Update field sigma (voxel space) = 0
     Total field sigma (voxel space) = 0
     Update field time sigma = 0
     Total field time sigma  = 0
     Number of time indices = 0
     Number of time point samples = 0
Registration using 1 total stages.

Stage 0
  iterations = 1000x500x250x100
  convergence threshold = 1e-06
  convergence window size = 10
  number of levels = 4
  using the Mattes MI metric (number of bins = 32, weight = 1, use gradient filter = 0)
  preprocessing:  winsorizing the image intensities
  Shrink factors (level 1 out of 4): [8, 8, 8]
  Shrink factors (level 2 out of 4): [4, 4, 4]
  Shrink factors (level 3 out of 4): [2, 2, 2]
  Shrink factors (level 4 out of 4): [1, 1, 1]
  smoothing sigmas per level: [3, 2, 1, 0]
  regular sampling (percentage = 0.25)

*** Running Euler3DTransform registration ***

DIAGNOSTIC,Iteration,metricValue,convergenceValue,ITERATION_TIME_INDEX,SINCE_LAST
 2DIAGNOSTIC,     1, -4.871187133941e-01, 1.797693134862e+308, 7.3326e-01, 7.3326e-01, 
 2DIAGNOSTIC,     2, -4.887966556740e-01, 1.797693134862e+308, 7.3765e-01, 4.3931e-03, 
 2DIAGNOSTIC,     3, -4.919242839642e-01, 1.797693134862e+308, 7.4177e-01, 4.1192e-03, 
 2DIAGNOSTIC,     4, -5.019092629522e-01, 1.797693134862e+308, 7.4605e-01, 4.2832e-03, 
 2DIAGNOSTIC,     5, -5.198319788477e-01, 1.797693134862e+308, 7.5036e-01, 4.3020e-03, 
 2DIAGNOSTIC,     6, -5.251449584180e-01, 1.797693134862e+308, 7.5472e-01, 4.3678e-03, 
 2DIAGNOSTIC,     7, -5.365118080768e-01, 1.797693134862e+308, 7.5892e-01, 4.1931e-03, 
 2DIAGNOSTIC,     8, -5.564319077261e-01, 1.797693134862e+308, 7.6499e-01, 6.0711e-03, 
 2DIAGNOSTIC,     9, -5.572786469687e-01, 1.797693134862e+308, 7.6881e-01, 3.8230e-03, 
 2DIAGNOSTIC,    10, -5.597886110608e-01, 1.060089541986e-02, 7.7346e-01, 4.6468e-03, 
 2DIAGNOSTIC,    11, -5.645450860914e-01, 9.471656029002e-03, 7.7756e-01, 4.1032e-03, 
 2DIAGNOSTIC,    12, -5.675342641672e-01, 7.901754414630e-03, 7.8232e-01, 4.7560e-03, 
 2DIAGNOSTIC,    13, -5.685174641935e-01, 6.033280802480e-03, 7.8702e-01, 4.6999e-03, 
 2DIAGNOSTIC,    14, -5.693412095342e-01, 4.302087948770e-03, 7.9248e-01, 5.4650e-03, 
 2DIAGNOSTIC,    15, -5.718972801998e-01, 3.155204981956e-03, 7.9721e-01, 4.7290e-03, 
 2DIAGNOSTIC,    16, -5.734788767073e-01, 2.091398053253e-03, 8.0131e-01, 4.0979e-03, 
 2DIAGNOSTIC,    17, -5.737823402463e-01, 1.310029424175e-03, 8.0539e-01, 4.0791e-03, 
 2DIAGNOSTIC,    18, -5.749452616696e-01, 1.114936190120e-03, 8.0953e-01, 4.1451e-03, 
 2DIAGNOSTIC,    19, -5.774392255371e-01, 9.301256922516e-04, 8.1618e-01, 6.6500e-03, 
 2DIAGNOSTIC,    20, -5.782944999902e-01, 7.612328990686e-04, 8.2115e-01, 4.9629e-03, 
 2DIAGNOSTIC,    21, -5.788863756116e-01, 6.687985512773e-04, 8.2533e-01, 4.1809e-03, 
 2DIAGNOSTIC,    22, -5.857337702692e-01, 7.546209622390e-04, 8.2950e-01, 4.1752e-03, 
 2DIAGNOSTIC,    23, -6.028589200912e-01, 1.162232408795e-03, 8.3416e-01, 4.6580e-03, 
 2DIAGNOSTIC,    24, -6.086613840270e-01, 1.554691251153e-03, 8.3988e-01, 5.7218e-03, 
 2DIAGNOSTIC,    25, -6.127624310669e-01, 1.904928871356e-03, 8.4465e-01, 4.7688e-03, 
 2DIAGNOSTIC,    26, -6.171330103035e-01, 2.167612433845e-03, 8.4912e-01, 4.4730e-03, 
 2DIAGNOSTIC,    27, -6.180829715750e-01, 2.226134252430e-03, 8.5307e-01, 3.9430e-03, 
 2DIAGNOSTIC,    28, -6.204355230177e-01, 2.128618127346e-03, 8.5750e-01, 4.4370e-03, 
 2DIAGNOSTIC,    29, -6.216541946895e-01, 1.901236652031e-03, 8.6147e-01, 3.9639e-03, 
 2DIAGNOSTIC,    30, -6.252686887774e-01, 1.589741150887e-03, 8.6608e-01, 4.6120e-03, 
 2DIAGNOSTIC,    31, -6.305777203582e-01, 1.244380970810e-03, 8.7040e-01, 4.3218e-03, 
 2DIAGNOSTIC,    32, -6.437126796035e-01, 1.107471517794e-03, 8.7570e-01, 5.3029e-03, 
 2DIAGNOSTIC,    33, -6.470257130184e-01, 1.176382429977e-03, 8.7974e-01, 4.0400e-03, 
 2DIAGNOSTIC,    34, -6.489212007665e-01, 1.241888472227e-03, 8.8630e-01, 6.5589e-03, 
 2DIAGNOSTIC,    35, -6.509315242750e-01, 1.271879987550e-03, 8.9029e-01, 3.9868e-03, 
 2DIAGNOSTIC,    36, -6.520048475639e-01, 1.251974077713e-03, 8.9421e-01, 3.9179e-03, 
 2DIAGNOSTIC,    37, -6.528674834199e-01, 1.135509711984e-03, 8.9814e-01, 3.9320e-03, 
 2DIAGNOSTIC,    38, -6.532432634897e-01, 9.531144037719e-04, 9.0205e-01, 3.9120e-03, 
 2DIAGNOSTIC,    39, -6.541852985545e-01, 7.192219709966e-04, 9.0740e-01, 5.3470e-03, 
 2DIAGNOSTIC,    40, -6.542269351624e-01, 4.742839659356e-04, 9.1149e-01, 4.0920e-03, 
 2DIAGNOSTIC,    41, -6.546746905331e-01, 2.614707144457e-04, 9.1541e-01, 3.9229e-03, 
 2DIAGNOSTIC,    42, -6.552197955396e-01, 1.909760099743e-04, 9.2106e-01, 5.6469e-03, 
 2DIAGNOSTIC,    43, -6.554115623722e-01, 1.446709340026e-04, 9.2555e-01, 4.4861e-03, 
 2DIAGNOSTIC,    44, -6.553651548421e-01, 1.066385638191e-04, 9.2966e-01, 4.1101e-03, 
 2DIAGNOSTIC,    45, -6.555144600871e-01, 8.318758940954e-05, 9.3351e-01, 3.8571e-03, 
 2DIAGNOSTIC,    46, -6.555932985509e-01, 6.474578110988e-05, 9.3784e-01, 4.3240e-03, 
 2DIAGNOSTIC,    47, -6.557586620278e-01, 5.132748373923e-05, 9.4214e-01, 4.2970e-03, 
 2DIAGNOSTIC,    48, -6.556233226228e-01, 3.580782149876e-05, 9.4704e-01, 4.9081e-03, 
 2DIAGNOSTIC,    49, -6.557494874431e-01, 2.813359568659e-05, 9.5139e-01, 4.3480e-03, 
 2DIAGNOSTIC,    50, -6.556017288331e-01, 1.708866069022e-05, 9.5524e-01, 3.8521e-03, 
 2DIAGNOSTIC,    51, -6.556139992382e-01, 9.078804237343e-06, 9.5917e-01, 3.9301e-03, 
 2DIAGNOSTIC,    52, -6.556344734943e-01, 5.663169385679e-06, 9.6305e-01, 3.8798e-03, 
 2DIAGNOSTIC,    53, -6.557643972439e-01, 4.785827964222e-06, 9.6763e-01, 4.5729e-03, 
 2DIAGNOSTIC,    54, -6.559382583916e-01, 4.611806793321e-06, 9.7201e-01, 4.3850e-03, 
 2DIAGNOSTIC,    55, -6.560804347194e-01, 6.516503862342e-06, 9.7864e-01, 6.6321e-03, 
 2DIAGNOSTIC,    56, -6.561158146780e-01, 8.704394804378e-06, 9.8251e-01, 3.8660e-03, 
 2DIAGNOSTIC,    57, -6.559662613836e-01, 1.020903103027e-05, 9.8730e-01, 4.7870e-03, 
 2DIAGNOSTIC,    58, -6.559703768428e-01, 9.670870390870e-06, 9.9162e-01, 4.3221e-03, 
 2DIAGNOSTIC,    59, -6.558861223423e-01, 8.606868127998e-06, 9.9549e-01, 3.8719e-03, 
 2DIAGNOSTIC,    60, -6.558030147736e-01, 5.010047815227e-06, 9.9936e-01, 3.8691e-03, 
 2DIAGNOSTIC,    61, -6.558089177985e-01, 1.287149749410e-06, 1.0032e+00, 3.8230e-03, 
DIAGNOSTIC,Iteration,metricValue,convergenceValue,ITERATION_TIME_INDEX,SINCE_LAST
 2DIAGNOSTIC,     1, -5.250998545234e-01, 1.797693134862e+308, 1.7674e+00, 7.6420e-01, 
 2DIAGNOSTIC,     2, -5.257441371274e-01, 1.797693134862e+308, 1.7963e+00, 2.8946e-02, 
 2DIAGNOSTIC,     3, -5.264974041131e-01, 1.797693134862e+308, 1.8255e+00, 2.9224e-02, 
 2DIAGNOSTIC,     4, -5.272798484509e-01, 1.797693134862e+308, 1.8546e+00, 2.9084e-02, 
 2DIAGNOSTIC,     5, -5.278329285937e-01, 1.797693134862e+308, 1.8832e+00, 2.8525e-02, 
 2DIAGNOSTIC,     6, -5.281511599819e-01, 1.797693134862e+308, 1.9121e+00, 2.8931e-02, 
 2DIAGNOSTIC,     7, -5.293907177853e-01, 1.797693134862e+308, 1.9428e+00, 3.0756e-02, 
 2DIAGNOSTIC,     8, -5.314397505321e-01, 1.797693134862e+308, 1.9844e+00, 4.1599e-02, 
 2DIAGNOSTIC,     9, -5.333467606262e-01, 1.797693134862e+308, 2.0242e+00, 3.9793e-02, 
 2DIAGNOSTIC,    10, -5.332886381052e-01, 1.042543128812e-03, 2.0528e+00, 2.8528e-02, 
 2DIAGNOSTIC,    11, -5.335384268779e-01, 9.732182374002e-04, 2.0824e+00, 2.9669e-02, 
 2DIAGNOSTIC,    12, -5.337260565929e-01, 8.653340736029e-04, 2.1113e+00, 2.8852e-02, 
 2DIAGNOSTIC,    13, -5.340383408691e-01, 7.377606599930e-04, 2.1401e+00, 2.8809e-02, 
 2DIAGNOSTIC,    14, -5.344135574798e-01, 6.047803639039e-04, 2.1685e+00, 2.8402e-02, 
 2DIAGNOSTIC,    15, -5.348434337630e-01, 4.707697722542e-04, 2.2010e+00, 3.2501e-02, 
 2DIAGNOSTIC,    16, -5.355268764474e-01, 3.446042240182e-04, 2.2370e+00, 3.5967e-02, 
 2DIAGNOSTIC,    17, -5.360596026152e-01, 2.560650228193e-04, 2.2670e+00, 2.9994e-02, 
 2DIAGNOSTIC,    18, -5.362473910540e-01, 2.186858453732e-04, 2.3025e+00, 3.5502e-02, 
 2DIAGNOSTIC,    19, -5.363097590405e-01, 2.208896557876e-04, 2.3490e+00, 4.6552e-02, 
 2DIAGNOSTIC,    20, -5.363118186095e-01, 2.009628658585e-04, 2.3824e+00, 3.3403e-02, 
 2DIAGNOSTIC,    21, -5.363147182416e-01, 1.706350908114e-04, 2.4143e+00, 3.1922e-02, 
 2DIAGNOSTIC,    22, -5.363054391192e-01, 1.314174884583e-04, 2.4497e+00, 3.5365e-02, 
 2DIAGNOSTIC,    23, -5.363003504665e-01, 9.061878328413e-05, 2.4821e+00, 3.2386e-02, 
 2DIAGNOSTIC,    24, -5.362865790372e-01, 5.298182195139e-05, 2.5153e+00, 3.3255e-02, 
 2DIAGNOSTIC,    25, -5.362879769406e-01, 2.251070190406e-05, 2.5449e+00, 2.9571e-02, 
 2DIAGNOSTIC,    26, -5.362825507401e-01, 6.055905825364e-06, 2.5730e+00, 2.8083e-02, 
DIAGNOSTIC,Iteration,metricValue,convergenceValue,ITERATION_TIME_INDEX,SINCE_LAST
 2DIAGNOSTIC,     1, -4.755956710879e-01, 1.797693134862e+308, 3.6831e+00, 1.1101e+00, 
 2DIAGNOSTIC,     2, -4.757855171387e-01, 1.797693134862e+308, 3.9130e+00, 2.2991e-01, 
 2DIAGNOSTIC,     3, -4.759633293801e-01, 1.797693134862e+308, 4.1565e+00, 2.4353e-01, 
 2DIAGNOSTIC,     4, -4.762138593581e-01, 1.797693134862e+308, 4.4113e+00, 2.5473e-01, 
 2DIAGNOSTIC,     5, -4.763647653931e-01, 1.797693134862e+308, 4.6465e+00, 2.3523e-01, 
 2DIAGNOSTIC,     6, -4.765160695365e-01, 1.797693134862e+308, 4.8782e+00, 2.3170e-01, 
 2DIAGNOSTIC,     7, -4.773807378039e-01, 1.797693134862e+308, 5.2333e+00, 3.5515e-01, 
 2DIAGNOSTIC,     8, -4.777032298549e-01, 1.797693134862e+308, 5.4743e+00, 2.4094e-01, 
 2DIAGNOSTIC,     9, -4.778312085548e-01, 1.797693134862e+308, 5.7372e+00, 2.6293e-01, 
 2DIAGNOSTIC,    10, -4.780468516759e-01, 3.626406940810e-04, 6.1092e+00, 3.7202e-01, 
 2DIAGNOSTIC,    11, -4.781655777782e-01, 3.335876195295e-04, 6.3871e+00, 2.7782e-01, 
 2DIAGNOSTIC,    12, -4.782077937373e-01, 2.905356690631e-04, 6.6080e+00, 2.2095e-01, 
 2DIAGNOSTIC,    13, -4.782294793364e-01, 2.368945224439e-04, 6.8438e+00, 2.3582e-01, 
 2DIAGNOSTIC,    14, -4.783516286618e-01, 1.858883778477e-04, 7.0778e+00, 2.3398e-01, 
 2DIAGNOSTIC,    15, -4.784704613524e-01, 1.358137335469e-04, 7.3460e+00, 2.6816e-01, 
 2DIAGNOSTIC,    16, -4.787152582824e-01, 9.362314277485e-05, 7.6927e+00, 3.4674e-01, 
 2DIAGNOSTIC,    17, -4.788008573754e-01, 8.093491037537e-05, 7.9261e+00, 2.3341e-01, 
 2DIAGNOSTIC,    18, -4.788271056890e-01, 7.396591352961e-05, 8.2539e+00, 3.2775e-01, 
 2DIAGNOSTIC,    19, -4.788244645378e-01, 6.489448222417e-05, 8.5577e+00, 3.0378e-01, 
 2DIAGNOSTIC,    20, -4.788232618178e-01, 5.711561077958e-05, 8.8176e+00, 2.5992e-01, 
 2DIAGNOSTIC,    21, -4.788245831229e-01, 4.821182511516e-05, 9.1303e+00, 3.1272e-01, 
 2DIAGNOSTIC,    22, -4.788249972154e-01, 3.691902407197e-05, 9.3684e+00, 2.3806e-01, 
 2DIAGNOSTIC,    23, -4.788230877089e-01, 2.383326946257e-05, 9.6279e+00, 2.5953e-01, 
 2DIAGNOSTIC,    24, -4.788221993195e-01, 1.276547917151e-05, 9.9389e+00, 3.1105e-01, 
 2DIAGNOSTIC,    25, -4.788237103364e-01, 4.242394113216e-06, 1.0273e+01, 3.3419e-01, 
 2DIAGNOSTIC,    26, -4.788231628323e-01, 1.631455776988e-06, 1.0559e+01, 2.8608e-01, 
 2DIAGNOSTIC,    27, -4.788217381042e-01, 1.012532586268e-06, 1.0843e+01, 2.8329e-01, 
 2DIAGNOSTIC,    28, -4.788219442486e-01, 1.019235689820e-06, 1.1127e+01, 2.8484e-01, 
DIAGNOSTIC,Iteration,metricValue,convergenceValue,ITERATION_TIME_INDEX,SINCE_LAST
 2DIAGNOSTIC,     1, -4.453696939456e-01, 1.797693134862e+308, 1.3792e+01, 2.6648e+00, 
 2DIAGNOSTIC,     2, -4.453858639340e-01, 1.797693134862e+308, 1.5345e+01, 1.5532e+00, 
 2DIAGNOSTIC,     3, -4.453842815446e-01, 1.797693134862e+308, 1.7665e+01, 2.3199e+00, 
 2DIAGNOSTIC,     4, -4.453848305109e-01, 1.797693134862e+308, 1.9335e+01, 1.6694e+00, 
 2DIAGNOSTIC,     5, -4.453842771994e-01, 1.797693134862e+308, 2.1249e+01, 1.9145e+00, 
 2DIAGNOSTIC,     6, -4.453842406345e-01, 1.797693134862e+308, 2.3455e+01, 2.2056e+00, 
 2DIAGNOSTIC,     7, -4.453841871642e-01, 1.797693134862e+308, 2.5032e+01, 1.5771e+00, 
 2DIAGNOSTIC,     8, -4.453841784766e-01, 1.797693134862e+308, 2.6682e+01, 1.6501e+00, 
 2DIAGNOSTIC,     9, -4.453843450762e-01, 1.797693134862e+308, 2.8463e+01, 1.7812e+00, 
 2DIAGNOSTIC,    10, -4.453843000903e-01, 4.004232120852e-06, 3.0345e+01, 1.8818e+00, 
 2DIAGNOSTIC,    11, -4.453841363148e-01, 2.769574186379e-06, 3.1929e+01, 1.5839e+00, 
 2DIAGNOSTIC,    12, -4.453840604384e-01, 2.610200270814e-06, 3.3554e+01, 1.6252e+00, 
 2DIAGNOSTIC,    13, -4.453839845545e-01, 2.396445708402e-06, 3.5045e+01, 1.4913e+00, 
 2DIAGNOSTIC,    14, -4.453839169608e-01, 2.240233752074e-06, 3.6774e+01, 1.7282e+00, 
 2DIAGNOSTIC,    15, -4.453840129374e-01, 2.088340775086e-06, 3.8516e+01, 1.7426e+00, 
 2DIAGNOSTIC,    16, -4.453839321836e-01, 1.953822159451e-06, 4.0015e+01, 1.4987e+00, 
 2DIAGNOSTIC,    17, -4.453838563320e-01, 1.833660667853e-06, 4.1480e+01, 1.4656e+00, 
 2DIAGNOSTIC,    18, -4.453838766040e-01, 1.730605702140e-06, 4.3086e+01, 1.6052e+00, 
 2DIAGNOSTIC,    19, -4.453838176155e-01, 1.645282631559e-06, 4.4702e+01, 1.6165e+00, 
 2DIAGNOSTIC,    20, -4.453837640992e-01, 1.568106523547e-06, 4.6392e+01, 1.6896e+00, 
 2DIAGNOSTIC,    21, -4.453836105103e-01, 1.490801767340e-06, 4.7934e+01, 1.5428e+00, 
 2DIAGNOSTIC,    22, -4.453836300404e-01, 1.421336598154e-06, 4.9384e+01, 1.4493e+00, 
 2DIAGNOSTIC,    23, -4.453835749617e-01, 1.356540172429e-06, 5.0961e+01, 1.5773e+00, 
 2DIAGNOSTIC,    24, -4.453835960918e-01, 1.298271538448e-06, 5.2428e+01, 1.4673e+00, 
 2DIAGNOSTIC,    25, -4.453835440225e-01, 1.248397374691e-06, 5.4164e+01, 1.7360e+00, 
 2DIAGNOSTIC,    26, -4.453835703549e-01, 1.203404461955e-06, 5.5600e+01, 1.4358e+00, 
 2DIAGNOSTIC,    27, -4.453835263382e-01, 1.160735482258e-06, 5.7073e+01, 1.4724e+00, 
 2DIAGNOSTIC,    28, -4.453836000314e-01, 1.124898839640e-06, 5.8653e+01, 1.5808e+00, 
 2DIAGNOSTIC,    29, -4.453837042169e-01, 1.093535506681e-06, 6.0199e+01, 1.5459e+00, 
 2DIAGNOSTIC,    30, -4.453836834909e-01, 1.063036185141e-06, 6.1743e+01, 1.5439e+00, 
 2DIAGNOSTIC,    31, -4.453837979154e-01, 1.033485151562e-06, 6.3528e+01, 1.7850e+00, 
 2DIAGNOSTIC,    32, -4.453836840021e-01, 1.003192350822e-06, 6.5085e+01, 1.5570e+00, 
  Elapsed time (stage 0): 6.6015e+01


Total elapsed time: 6.6018e+01
Info [verificarlo]: loaded backend libinterflop_vprec.so
Info [interflop-vprec]: load backend with: 
Info [interflop-vprec]: precision-binary32 = 20
Info [interflop-vprec]: range-binary32 = 8
Info [interflop-vprec]: precision-binary64 = 20
Info [interflop-vprec]: range-binary64 = 8
Info [interflop-vprec]: mode = ob
Info [interflop-vprec]: error-mode = rel
Info [interflop-vprec]: max-abs-error-exponent = -1022
Info [interflop-vprec]: daz = false
Info [interflop-vprec]: ftz = false
Info [interflop-vprec]: 	instrument = none
Info [interflop-vprec]: 	prec-input-file = (null)
Info [interflop-vprec]: 	prec-output-file = (null)
Info [interflop-vprec]: 	prec-log-file = (null)
All_Command_lines_OK
Using double precision for computations.
=============================================================================
The composite transform comprises the following transforms (in order): 
  1. /home/mdugre/scratch/mri-registration-rp/datasets/ds004513/derivatives/mri-registration-rp/0011/antsRegistration-r8-p20/sub-s003/rigid_Composite.h5[0] (type = Euler3DTransform)
  2. /home/mdugre/scratch/mri-registration-rp/datasets/ds004513/derivatives/mri-registration-rp/0011/antsRegistration-r8-p20/sub-s003/rigid_Composite.h5[1] (type = Euler3DTransform)
  3. /home/mdugre/scratch/mri-registration-rp/datasets/ds004513/derivatives/mri-registration-rp/0011/antsRegistration-r8-p20/sub-s003/rigid_Composite.h5[2] (type = Euler3DTransform)
=============================================================================
  number of levels = 4
  fixed image: /templateflow/tpl-MNI152NLin2009cAsym/tpl-MNI152NLin2009cAsym_res-01_desc-brain_T1w.nii.gz
  moving image: /home/mdugre/scratch/mri-registration-rp/datasets/ds004513/derivatives/mri-registration-rp/antsBrainExtraction/sub-s003/BrainExtractionBrain.nii.gz
Dimension = 3
Number of stages = 1
Use histogram matching = false
Winsorize image intensities = true
  Lower quantile = 0.005
  Upper quantile = 0.995


Stage 1 State
   Image metric = MattesMI
     Fixed image = Image (0x4be2490)
  RTTI typeinfo:   itk::Image<double, 3u>
  Reference Count: 2
  Modified Time: 1594
  Debug: Off
  Object Name: 
  Observers: 
    none
  Source: (none)
  Source output name: (none)
  Release Data: Off
  Data Released: False
  Global Release Data: Off
  PipelineMTime: 0
  UpdateMTime: 1203
  RealTimeStamp: 0 seconds 
  LargestPossibleRegion: 
    Dimension: 3
    Index: [0, 0, 0]
    Size: [193, 229, 193]
  BufferedRegion: 
    Dimension: 3
    Index: [0, 0, 0]
    Size: [193, 229, 193]
  RequestedRegion: 
    Dimension: 3
    Index: [0, 0, 0]
    Size: [193, 229, 193]
  Spacing: [1, 1, 1]
  Origin: [96, 132, -78]
  Direction: 
-1 0 0
0 -1 0
0 0 1

  IndexToPointMatrix: 
-1 0 0
0 -1 0
0 0 1

  PointToIndexMatrix: 
-1 0 0
0 -1 0
0 0 1

  Inverse Direction: 
-1 0 0
0 -1 0
0 0 1

  PixelContainer: 
    ImportImageContainer (0x4cad8c0)
      RTTI typeinfo:   itk::ImportImageContainer<unsigned long, double>
      Reference Count: 1
      Modified Time: 1200
      Debug: Off
      Object Name: 
      Observers: 
        none
      Pointer: 0x14f9d2348010
      Container manages memory: true
      Size: 8530021
      Capacity: 8530021

     Moving image = Image (0x4c9db60)
  RTTI typeinfo:   itk::Image<double, 3u>
  Reference Count: 2
  Modified Time: 1595
  Debug: Off
  Object Name: 
  Observers: 
    none
  Source: (none)
  Source output name: (none)
  Release Data: Off
  Data Released: False
  Global Release Data: Off
  PipelineMTime: 0
  UpdateMTime: 1592
  RealTimeStamp: 0 seconds 
  LargestPossibleRegion: 
    Dimension: 3
    Index: [0, 0, 0]
    Size: [176, 240, 256]
  BufferedRegion: 
    Dimension: 3
    Index: [0, 0, 0]
    Size: [176, 240, 256]
  RequestedRegion: 
    Dimension: 3
    Index: [0, 0, 0]
    Size: [176, 240, 256]
  Spacing: [0.999999, 1, 1]
  Origin: [93.3499, 86.9368, -128.957]
  Direction: 
-0.999513 -0.0279216 -0.0139567
0.0279189 -0.99961 0.000389866
-0.0139622 2.01492e-08 0.999903

  IndexToPointMatrix: 
-0.999512 -0.0279216 -0.0139567
0.0279189 -0.99961 0.000389866
-0.0139621 2.01492e-08 0.999903

  PointToIndexMatrix: 
-0.999514 0.0279189 -0.0139622
-0.0279216 -0.999611 4.76837e-07
-0.0139567 0.000389576 0.999903

  Inverse Direction: 
-0.999513 0.0279189 -0.0139622
-0.0279216 -0.999611 4.76837e-07
-0.0139567 0.000389576 0.999903

  PixelContainer: 
    ImportImageContainer (0x4d311d0)
      RTTI typeinfo:   itk::ImportImageContainer<unsigned long, double>
      Reference Count: 1
      Modified Time: 1589
      Debug: Off
      Object Name: 
      Observers: 
        none
      Pointer: 0x14f9cd0c7010
      Container manages memory: true
      Size: 10813440
      Capacity: 10813440

     Weighting = 1
     Sampling strategy = regular
     Number of bins = 32
     Radius = 4
     Sampling percentage  = 0.25
   Transform = Affine
     Gradient step = 0.1
     Update field sigma (voxel space) = 0
     Total field sigma (voxel space) = 0
     Update field time sigma = 0
     Total field time sigma  = 0
     Number of time indices = 0
     Number of time point samples = 0
Registration using 1 total stages.

Stage 0
  iterations = 1000x500x250x100
  convergence threshold = 1e-06
  convergence window size = 10
  number of levels = 4
  using the Mattes MI metric (number of bins = 32, weight = 1, use gradient filter = 0)
  preprocessing:  winsorizing the image intensities
  Shrink factors (level 1 out of 4): [8, 8, 8]
  Shrink factors (level 2 out of 4): [4, 4, 4]
  Shrink factors (level 3 out of 4): [2, 2, 2]
  Shrink factors (level 4 out of 4): [1, 1, 1]
  smoothing sigmas per level: [3, 2, 1, 0]
  regular sampling (percentage = 0.25)

*** Running AffineTransform registration ***

DIAGNOSTIC,Iteration,metricValue,convergenceValue,ITERATION_TIME_INDEX,SINCE_LAST
 2DIAGNOSTIC,     1, -6.609130418910e-01, 1.797693134862e+308, 0.0000e+00, 0.0000e+00, 
 2DIAGNOSTIC,     2, -6.633734404523e-01, 1.797693134862e+308, 0.0000e+00, 0.0000e+00, 
 2DIAGNOSTIC,     3, -6.672681320857e-01, 1.797693134862e+308, 0.0000e+00, 0.0000e+00, 
 2DIAGNOSTIC,     4, -6.731418831946e-01, 1.797693134862e+308, 0.0000e+00, 0.0000e+00, 
 2DIAGNOSTIC,     5, -6.813133304278e-01, 1.797693134862e+308, 0.0000e+00, 0.0000e+00, 
 2DIAGNOSTIC,     6, -6.941776477215e-01, 1.797693134862e+308, 0.0000e+00, 0.0000e+00, 
 2DIAGNOSTIC,     7, -7.109542027705e-01, 1.797693134862e+308, 0.0000e+00, 0.0000e+00, 
 2DIAGNOSTIC,     8, -7.185378591153e-01, 1.797693134862e+308, 0.0000e+00, 0.0000e+00, 
 2DIAGNOSTIC,     9, -7.203295044532e-01, 1.797693134862e+308, 0.0000e+00, 0.0000e+00, 
 2DIAGNOSTIC,    10, -7.200554239352e-01, 6.776253488906e-03, 0.0000e+00, 0.0000e+00, 
 2DIAGNOSTIC,    11, -7.225203251898e-01, 5.906509359351e-03, 0.0000e+00, 0.0000e+00, 
 2DIAGNOSTIC,    12, -7.241739332948e-01, 4.788052426256e-03, 0.0000e+00, 0.0000e+00, 
 2DIAGNOSTIC,    13, -7.245411023487e-01, 3.547974813063e-03, 0.0000e+00, 0.0000e+00, 
 2DIAGNOSTIC,    14, -7.254723717882e-01, 2.372387299739e-03, 0.0000e+00, 0.0000e+00, 
 2DIAGNOSTIC,    15, -7.261890761699e-01, 1.381304933167e-03, 0.0000e+00, 0.0000e+00, 
 2DIAGNOSTIC,    16, -7.263416885769e-01, 7.100781435999e-04, 0.0000e+00, 0.0000e+00, 
 2DIAGNOSTIC,    17, -7.265334980928e-01, 4.522987489594e-04, 0.0000e+00, 0.0000e+00, 
 2DIAGNOSTIC,    18, -7.264796872700e-01, 3.502951773515e-04, 0.0000e+00, 0.0000e+00, 
 2DIAGNOSTIC,    19, -7.265143089827e-01, 2.667790849960e-04, 0.0000e+00, 0.0000e+00, 
 2DIAGNOSTIC,    20, -7.265456176179e-01, 1.611687325716e-04, 0.0000e+00, 0.0000e+00, 
 2DIAGNOSTIC,    21, -7.265529952543e-01, 9.753172678609e-05, 0.0000e+00, 0.0000e+00, 
 2DIAGNOSTIC,    22, -7.265680882544e-01, 6.140233367320e-05, 0.0000e+00, 0.0000e+00, 
 2DIAGNOSTIC,    23, -7.265781365721e-01, 2.917629748042e-05, 0.0000e+00, 0.0000e+00, 
 2DIAGNOSTIC,    24, -7.265989802766e-01, 1.267667696068e-05, 0.0000e+00, 0.0000e+00, 
 2DIAGNOSTIC,    25, -7.266252149076e-01, 8.263864182671e-06, 0.0000e+00, 0.0000e+00, 
 2DIAGNOSTIC,    26, -7.267763343193e-01, 8.106943932995e-06, 0.0000e+00, 0.0000e+00, 
 2DIAGNOSTIC,    27, -7.265924236946e-01, 7.410726900643e-06, 0.0000e+00, 0.0000e+00, 
 2DIAGNOSTIC,    28, -7.267176786519e-01, 7.291471391425e-06, 0.0000e+00, 0.0000e+00, 
 2DIAGNOSTIC,    29, -7.268152482630e-01, 8.355874537493e-06, 0.0000e+00, 0.0000e+00, 
 2DIAGNOSTIC,    30, -7.268285021822e-01, 9.185500781279e-06, 0.0000e+00, 0.0000e+00, 
 2DIAGNOSTIC,    31, -7.269225096847e-01, 1.050572740272e-05, 0.0000e+00, 0.0000e+00, 
 2DIAGNOSTIC,    32, -7.269660524433e-01, 1.159286377266e-05, 0.0000e+00, 0.0000e+00, 
 2DIAGNOSTIC,    33, -7.269919809078e-01, 1.204880682847e-05, 0.0000e+00, 0.0000e+00, 
 2DIAGNOSTIC,    34, -7.270122494794e-01, 1.187466257586e-05, 0.0000e+00, 0.0000e+00, 
 2DIAGNOSTIC,    35, -7.270233768657e-01, 1.103982034204e-05, 0.0000e+00, 0.0000e+00, 
 2DIAGNOSTIC,    36, -7.270350060621e-01, 1.115986770673e-05, 0.0000e+00, 0.0000e+00, 
 2DIAGNOSTIC,    37, -7.270433120600e-01, 8.380233728428e-06, 0.0000e+00, 0.0000e+00, 
 2DIAGNOSTIC,    38, -7.270102976749e-01, 5.978541709761e-06, 0.0000e+00, 0.0000e+00, 
 2DIAGNOSTIC,    39, -7.272378789640e-01, 6.538666972238e-06, 0.0000e+00, 0.0000e+00, 
 2DIAGNOSTIC,    40, -7.276377111223e-01, 1.052850613205e-05, 0.0000e+00, 0.0000e+00, 
 2DIAGNOSTIC,    41, -7.276693953059e-01, 1.450976008384e-05, 0.0000e+00, 0.0000e+00, 
 2DIAGNOSTIC,    42, -7.277235594595e-01, 1.797790399824e-05, 0.0000e+00, 0.0000e+00, 
 2DIAGNOSTIC,    43, -7.275861508220e-01, 1.865695519439e-05, 0.0000e+00, 0.0000e+00, 
 2DIAGNOSTIC,    44, -7.277646907334e-01, 1.937909505259e-05, 0.0000e+00, 0.0000e+00, 
 2DIAGNOSTIC,    45, -7.278606528044e-01, 1.910057211663e-05, 0.0000e+00, 0.0000e+00, 
 2DIAGNOSTIC,    46, -7.278055866006e-01, 1.668513556326e-05, 0.0000e+00, 0.0000e+00, 
 2DIAGNOSTIC,    47, -7.277180468641e-01, 1.230657400100e-05, 0.0000e+00, 0.0000e+00, 
 2DIAGNOSTIC,    48, -7.277262783514e-01, 6.825870972078e-06, 0.0000e+00, 0.0000e+00, 
 2DIAGNOSTIC,    49, -7.277290260225e-01, 2.715837229890e-06, 0.0000e+00, 0.0000e+00, 
 2DIAGNOSTIC,    50, -7.277434797822e-01, 1.799918888178e-06, 0.0000e+00, 0.0000e+00, 
 2DIAGNOSTIC,    51, -7.277519600931e-01, 1.123146517790e-06, 0.0000e+00, 0.0000e+00, 
DIAGNOSTIC,Iteration,metricValue,convergenceValue,ITERATION_TIME_INDEX,SINCE_LAST
 2DIAGNOSTIC,     1, -5.973515875136e-01, 1.797693134862e+308, 0.0000e+00, 0.0000e+00, 
 2DIAGNOSTIC,     2, -5.978819928714e-01, 1.797693134862e+308, 0.0000e+00, 0.0000e+00, 
 2DIAGNOSTIC,     3, -5.987041628537e-01, 1.797693134862e+308, 0.0000e+00, 0.0000e+00, 
 2DIAGNOSTIC,     4, -5.994517511869e-01, 1.797693134862e+308, 0.0000e+00, 0.0000e+00, 
 2DIAGNOSTIC,     5, -5.998774208827e-01, 1.797693134862e+308, 0.0000e+00, 0.0000e+00, 
 2DIAGNOSTIC,     6, -6.003379997725e-01, 1.797693134862e+308, 0.0000e+00, 0.0000e+00, 
 2DIAGNOSTIC,     7, -6.007065448491e-01, 1.797693134862e+308, 0.0000e+00, 0.0000e+00, 
 2DIAGNOSTIC,     8, -6.007137724934e-01, 1.797693134862e+308, 0.0000e+00, 0.0000e+00, 
 2DIAGNOSTIC,     9, -6.007375556272e-01, 1.797693134862e+308, 0.0000e+00, 0.0000e+00, 
 2DIAGNOSTIC,    10, -6.008106701848e-01, 3.836057167676e-04, 0.0000e+00, 0.0000e+00, 
 2DIAGNOSTIC,    11, -6.009252099582e-01, 2.715990451684e-04, 0.0000e+00, 0.0000e+00, 
 2DIAGNOSTIC,    12, -6.010394913140e-01, 1.789596712093e-04, 0.0000e+00, 0.0000e+00, 
 2DIAGNOSTIC,    13, -6.011236297917e-01, 1.173013460211e-04, 0.0000e+00, 0.0000e+00, 
 2DIAGNOSTIC,    14, -6.012777988339e-01, 8.452552782176e-05, 0.0000e+00, 0.0000e+00, 
 2DIAGNOSTIC,    15, -6.017539719554e-01, 7.671093847106e-05, 0.0000e+00, 0.0000e+00, 
 2DIAGNOSTIC,    16, -6.017585106375e-01, 7.611638993252e-05, 0.0000e+00, 0.0000e+00, 
 2DIAGNOSTIC,    17, -6.017660751450e-01, 7.942938397126e-05, 0.0000e+00, 0.0000e+00, 
 2DIAGNOSTIC,    18, -6.017766383543e-01, 7.586794652789e-05, 0.0000e+00, 0.0000e+00, 
 2DIAGNOSTIC,    19, -6.017832634418e-01, 6.648192035431e-05, 0.0000e+00, 0.0000e+00, 
 2DIAGNOSTIC,    20, -6.017771834830e-01, 5.338598244120e-05, 0.0000e+00, 0.0000e+00, 
 2DIAGNOSTIC,    21, -6.017721237591e-01, 3.915472101233e-05, 0.0000e+00, 0.0000e+00, 
 2DIAGNOSTIC,    22, -6.017578086804e-01, 2.501070668404e-05, 0.0000e+00, 0.0000e+00, 
 2DIAGNOSTIC,    23, -6.017343350015e-01, 1.117130948942e-05, 0.0000e+00, 0.0000e+00, 
DIAGNOSTIC,Iteration,metricValue,convergenceValue,ITERATION_TIME_INDEX,SINCE_LAST
 2DIAGNOSTIC,     1, -5.244398101266e-01, 1.797693134862e+308, 0.0000e+00, 0.0000e+00, 
 2DIAGNOSTIC,     2, -5.247260003182e-01, 1.797693134862e+308, 0.0000e+00, 0.0000e+00, 
 2DIAGNOSTIC,     3, -5.250492527217e-01, 1.797693134862e+308, 0.0000e+00, 0.0000e+00, 
 2DIAGNOSTIC,     4, -5.253984061579e-01, 1.797693134862e+308, 0.0000e+00, 0.0000e+00, 
 2DIAGNOSTIC,     5, -5.258753367680e-01, 1.797693134862e+308, 0.0000e+00, 0.0000e+00, 
 2DIAGNOSTIC,     6, -5.265912508403e-01, 1.797693134862e+308, 0.0000e+00, 0.0000e+00, 
 2DIAGNOSTIC,     7, -5.281470621940e-01, 1.797693134862e+308, 0.0000e+00, 0.0000e+00, 
 2DIAGNOSTIC,     8, -5.303941351577e-01, 1.797693134862e+308, 0.0000e+00, 0.0000e+00, 
 2DIAGNOSTIC,     9, -5.303870611361e-01, 1.797693134862e+308, 0.0000e+00, 0.0000e+00, 
 2DIAGNOSTIC,    10, -5.303880391922e-01, 8.684267956294e-04, 0.0000e+00, 0.0000e+00, 
 2DIAGNOSTIC,    11, -5.303851765402e-01, 7.961049165941e-04, 0.0000e+00, 0.0000e+00, 
 2DIAGNOSTIC,    12, -5.303858086173e-01, 6.761265076020e-04, 0.0000e+00, 0.0000e+00, 
 2DIAGNOSTIC,    13, -5.303847093316e-01, 5.257470431967e-04, 0.0000e+00, 0.0000e+00, 
 2DIAGNOSTIC,    14, -5.303844560007e-01, 3.633050565025e-04, 0.0000e+00, 0.0000e+00, 
 2DIAGNOSTIC,    15, -5.303846101625e-01, 2.080261621339e-04, 0.0000e+00, 0.0000e+00, 
 2DIAGNOSTIC,    16, -5.303847542388e-01, 7.683647090201e-05, 0.0000e+00, 0.0000e+00, 
 2DIAGNOSTIC,    17, -5.303840133288e-01, 1.401662537148e-06, 0.0000e+00, 0.0000e+00, 
 2DIAGNOSTIC,    18, -5.303842159668e-01, 1.556629686976e-06, 0.0000e+00, 0.0000e+00, 
 2DIAGNOSTIC,    19, -5.303832998872e-01, 1.487644191202e-06, 0.0000e+00, 0.0000e+00, 
 2DIAGNOSTIC,    20, -5.303824558537e-01, 1.449353591088e-06, 0.0000e+00, 0.0000e+00, 
 2DIAGNOSTIC,    21, -5.303827473641e-01, 1.362046405037e-06, 0.0000e+00, 0.0000e+00, 
 2DIAGNOSTIC,    22, -5.303817970226e-01, 1.289827826080e-06, 0.0000e+00, 0.0000e+00, 
 2DIAGNOSTIC,    23, -5.303820612549e-01, 1.220124004192e-06, 0.0000e+00, 0.0000e+00, 
 2DIAGNOSTIC,    24, -5.303823439790e-01, 1.172284279996e-06, 0.0000e+00, 0.0000e+00, 
 2DIAGNOSTIC,    25, -5.303817540762e-01, 1.133339367757e-06, 0.0000e+00, 0.0000e+00, 
 2DIAGNOSTIC,    26, -5.303815836241e-01, 1.110965839171e-06, 0.0000e+00, 0.0000e+00, 
 2DIAGNOSTIC,    27, -5.303829277731e-01, 1.112848624557e-06, 0.0000e+00, 0.0000e+00, 
 2DIAGNOSTIC,    28, -5.303827707983e-01, 1.121299440875e-06, 0.0000e+00, 0.0000e+00, 
 2DIAGNOSTIC,    29, -5.303831916203e-01, 1.122131160096e-06, 0.0000e+00, 0.0000e+00, 
 2DIAGNOSTIC,    30, -5.303854292804e-01, 1.145731772866e-06, 0.0000e+00, 0.0000e+00, 
 2DIAGNOSTIC,    31, -5.303862660952e-01, 1.179026396798e-06, 0.0000e+00, 0.0000e+00, 
 2DIAGNOSTIC,    32, -5.303858825197e-01, 1.173148979211e-06, 0.0000e+00, 0.0000e+00, 
 2DIAGNOSTIC,    33, -5.303853924031e-01, 1.147739624563e-06, 0.0000e+00, 0.0000e+00, 
 2DIAGNOSTIC,    34, -5.303844542056e-01, 1.096921297714e-06, 0.0000e+00, 0.0000e+00, 
 2DIAGNOSTIC,    35, -5.303834348740e-01, 1.009032743353e-06, 0.0000e+00, 0.0000e+00, 
