
##########################
# Experiment information #
##########################

EXPERIMENT_NAME: antsRegistration-r7-p22
VFC_BACKENDS: libinterflop_vprec.so --range-binary32=7 --precision-binary32=22 --range-binary64=7 --precision-binary64=22

SIF_IMG: /home/mdugre/projects/rrg-glatard/mdugre/containers/ants-vprec-no_metrics.simg

SUBJECT_ID: s033
INPUT_IMG: /home/mdugre/scratch/mri-registration-rp/datasets/ds004513/derivatives/mri-registration-rp/antsBrainExtraction/sub-s033/BrainExtractionBrain.nii.gz
OUTPUT_DIR: /home/mdugre/scratch/mri-registration-rp/datasets/ds004513/derivatives/mri-registration-rp/0011/antsRegistration-r7-p22/sub-s033

FIXED_IMG: /templateflow/tpl-MNI152NLin2009cAsym/tpl-MNI152NLin2009cAsym_res-01_desc-brain_T1w.nii.gz
DATA_DIR: /home/mdugre/scratch/mri-registration-rp/datasets/ds004513
TEMPLATEFLOW_DIR: /home/mdugre/projects/rrg-glatard/mdugre/templateflow
ITK_GLOBAL_DEFAULT_NUMBER_OF_THREADS: 16
##########################

Info [verificarlo]: loaded backend libinterflop_ieee.so
Info [interflop-ieee]: load backend with:
Info [interflop-ieee]: debug = false
Info [interflop-ieee]: debug-binary = false
Info [interflop-ieee]: no-backend-name = false
Info [interflop-ieee]: print-new-line = false
Info [interflop-ieee]: print-subnormal-normalized = false
Info [interflop-ieee]: count-op = false
All_Command_lines_OK
Using double precision for computations.
=============================================================================
The composite transform comprises the following transforms (in order): 
  1. Center of mass alignment using fixed image: /templateflow/tpl-MNI152NLin2009cAsym/tpl-MNI152NLin2009cAsym_res-01_desc-brain_T1w.nii.gz and moving image: /home/mdugre/scratch/mri-registration-rp/datasets/ds004513/derivatives/mri-registration-rp/antsBrainExtraction/sub-s033/BrainExtractionBrain.nii.gz (type = Euler3DTransform)
=============================================================================
  number of levels = 1
  fixed image: /templateflow/tpl-MNI152NLin2009cAsym/tpl-MNI152NLin2009cAsym_res-01_desc-brain_T1w.nii.gz
  moving image: /home/mdugre/scratch/mri-registration-rp/datasets/ds004513/derivatives/mri-registration-rp/antsBrainExtraction/sub-s033/BrainExtractionBrain.nii.gz
Dimension = 3
Number of stages = 1
Use histogram matching = false
Winsorize image intensities = true
  Lower quantile = 0.005
  Upper quantile = 0.995


Stage 1 State
   Image metric = MattesMI
     Fixed image = Image (0x35a6e70)
  RTTI typeinfo:   itk::Image<double, 3u>
  Reference Count: 2
  Modified Time: 2330
  Debug: Off
  Object Name: 
  Observers: 
    none
  Source: (none)
  Source output name: (none)
  Release Data: Off
  Data Released: False
  Global Release Data: Off
  PipelineMTime: 0
  UpdateMTime: 1941
  RealTimeStamp: 0 seconds 
  LargestPossibleRegion: 
    Dimension: 3
    Index: [0, 0, 0]
    Size: [193, 229, 193]
  BufferedRegion: 
    Dimension: 3
    Index: [0, 0, 0]
    Size: [193, 229, 193]
  RequestedRegion: 
    Dimension: 3
    Index: [0, 0, 0]
    Size: [193, 229, 193]
  Spacing: [1, 1, 1]
  Origin: [96, 132, -78]
  Direction: 
-1 0 0
0 -1 0
0 0 1

  IndexToPointMatrix: 
-1 0 0
0 -1 0
0 0 1

  PointToIndexMatrix: 
-1 0 0
0 -1 0
0 0 1

  Inverse Direction: 
-1 0 0
0 -1 0
0 0 1

  PixelContainer: 
    ImportImageContainer (0x35afc60)
      RTTI typeinfo:   itk::ImportImageContainer<unsigned long, double>
      Reference Count: 1
      Modified Time: 1938
      Debug: Off
      Object Name: 
      Observers: 
        none
      Pointer: 0x150b6cf63010
      Container manages memory: true
      Size: 8530021
      Capacity: 8530021

     Moving image = Image (0x35a9540)
  RTTI typeinfo:   itk::Image<double, 3u>
  Reference Count: 2
  Modified Time: 2331
  Debug: Off
  Object Name: 
  Observers: 
    none
  Source: (none)
  Source output name: (none)
  Release Data: Off
  Data Released: False
  Global Release Data: Off
  PipelineMTime: 0
  UpdateMTime: 2328
  RealTimeStamp: 0 seconds 
  LargestPossibleRegion: 
    Dimension: 3
    Index: [0, 0, 0]
    Size: [160, 240, 256]
  BufferedRegion: 
    Dimension: 3
    Index: [0, 0, 0]
    Size: [160, 240, 256]
  RequestedRegion: 
    Dimension: 3
    Index: [0, 0, 0]
    Size: [160, 240, 256]
  Spacing: [1, 1, 1]
  Origin: [91.5134, 94.282, -109.927]
  Direction: 
-0.99591 -0.0698718 -0.0572835
0.0697565 -0.997556 0.00401236
-0.0574239 5.01125e-08 0.99835

  IndexToPointMatrix: 
-0.99591 -0.0698718 -0.0572835
0.0697565 -0.997556 0.00401236
-0.0574239 5.01125e-08 0.99835

  PointToIndexMatrix: 
-0.99591 0.0697565 -0.0574239
-0.0698718 -0.997556 5.01483e-08
-0.0572835 0.00401236 0.99835

  Inverse Direction: 
-0.99591 0.0697565 -0.0574239
-0.0698718 -0.997556 5.01483e-08
-0.0572835 0.00401236 0.99835

  PixelContainer: 
    ImportImageContainer (0x36bb610)
      RTTI typeinfo:   itk::ImportImageContainer<unsigned long, double>
      Reference Count: 1
      Modified Time: 2325
      Debug: Off
      Object Name: 
      Observers: 
        none
      Pointer: 0x150b68462010
      Container manages memory: true
      Size: 9830400
      Capacity: 9830400

     Weighting = 1
     Sampling strategy = regular
     Number of bins = 32
     Radius = 4
     Sampling percentage  = 0.25
   Transform = Rigid
     Gradient step = 0.1
     Update field sigma (voxel space) = 0
     Total field sigma (voxel space) = 0
     Update field time sigma = 0
     Total field time sigma  = 0
     Number of time indices = 0
     Number of time point samples = 0
Registration using 1 total stages.

Stage 0
  iterations = 0
  convergence threshold = 1e-06
  convergence window size = 10
  number of levels = 1
  using the Mattes MI metric (number of bins = 32, weight = 1, use gradient filter = 0)
  preprocessing:  winsorizing the image intensities
  Shrink factors (level 1 out of 1): [1, 1, 1]
  smoothing sigmas per level: [0]
  regular sampling (percentage = 0.25)

*** Running Euler3DTransform registration ***

  Elapsed time (stage 0): 1.0832


Total elapsed time: 1.08652
Info [verificarlo]: loaded backend libinterflop_ieee.so
Info [interflop-ieee]: load backend with:
Info [interflop-ieee]: debug = false
Info [interflop-ieee]: debug-binary = false
Info [interflop-ieee]: no-backend-name = false
Info [interflop-ieee]: print-new-line = false
Info [interflop-ieee]: print-subnormal-normalized = false
Info [interflop-ieee]: count-op = false
All_Command_lines_OK
Using double precision for computations.
=============================================================================
The composite transform comprises the following transforms (in order): 
  1. /home/mdugre/scratch/mri-registration-rp/datasets/ds004513/derivatives/mri-registration-rp/0011/antsRegistration-r7-p22/sub-s033/align_Composite.h5[0] (type = Euler3DTransform)
  2. /home/mdugre/scratch/mri-registration-rp/datasets/ds004513/derivatives/mri-registration-rp/0011/antsRegistration-r7-p22/sub-s033/align_Composite.h5[1] (type = Euler3DTransform)
=============================================================================
  number of levels = 4
  fixed image: /templateflow/tpl-MNI152NLin2009cAsym/tpl-MNI152NLin2009cAsym_res-01_desc-brain_T1w.nii.gz
  moving image: /home/mdugre/scratch/mri-registration-rp/datasets/ds004513/derivatives/mri-registration-rp/antsBrainExtraction/sub-s033/BrainExtractionBrain.nii.gz
Dimension = 3
Number of stages = 1
Use histogram matching = false
Winsorize image intensities = true
  Lower quantile = 0.005
  Upper quantile = 0.995


Stage 1 State
   Image metric = MattesMI
     Fixed image = Image (0x331f530)
  RTTI typeinfo:   itk::Image<double, 3u>
  Reference Count: 2
  Modified Time: 1578
  Debug: Off
  Object Name: 
  Observers: 
    none
  Source: (none)
  Source output name: (none)
  Release Data: Off
  Data Released: False
  Global Release Data: Off
  PipelineMTime: 0
  UpdateMTime: 1189
  RealTimeStamp: 0 seconds 
  LargestPossibleRegion: 
    Dimension: 3
    Index: [0, 0, 0]
    Size: [193, 229, 193]
  BufferedRegion: 
    Dimension: 3
    Index: [0, 0, 0]
    Size: [193, 229, 193]
  RequestedRegion: 
    Dimension: 3
    Index: [0, 0, 0]
    Size: [193, 229, 193]
  Spacing: [1, 1, 1]
  Origin: [96, 132, -78]
  Direction: 
-1 0 0
0 -1 0
0 0 1

  IndexToPointMatrix: 
-1 0 0
0 -1 0
0 0 1

  PointToIndexMatrix: 
-1 0 0
0 -1 0
0 0 1

  Inverse Direction: 
-1 0 0
0 -1 0
0 0 1

  PixelContainer: 
    ImportImageContainer (0x33ddd60)
      RTTI typeinfo:   itk::ImportImageContainer<unsigned long, double>
      Reference Count: 1
      Modified Time: 1186
      Debug: Off
      Object Name: 
      Observers: 
        none
      Pointer: 0x14cf4e275010
      Container manages memory: true
      Size: 8530021
      Capacity: 8530021

     Moving image = Image (0x33cff60)
  RTTI typeinfo:   itk::Image<double, 3u>
  Reference Count: 2
  Modified Time: 1579
  Debug: Off
  Object Name: 
  Observers: 
    none
  Source: (none)
  Source output name: (none)
  Release Data: Off
  Data Released: False
  Global Release Data: Off
  PipelineMTime: 0
  UpdateMTime: 1576
  RealTimeStamp: 0 seconds 
  LargestPossibleRegion: 
    Dimension: 3
    Index: [0, 0, 0]
    Size: [160, 240, 256]
  BufferedRegion: 
    Dimension: 3
    Index: [0, 0, 0]
    Size: [160, 240, 256]
  RequestedRegion: 
    Dimension: 3
    Index: [0, 0, 0]
    Size: [160, 240, 256]
  Spacing: [1, 1, 1]
  Origin: [91.5134, 94.282, -109.927]
  Direction: 
-0.99591 -0.0698718 -0.0572835
0.0697565 -0.997556 0.00401236
-0.0574239 5.01125e-08 0.99835

  IndexToPointMatrix: 
-0.99591 -0.0698718 -0.0572835
0.0697565 -0.997556 0.00401236
-0.0574239 5.01125e-08 0.99835

  PointToIndexMatrix: 
-0.99591 0.0697565 -0.0574239
-0.0698718 -0.997556 5.01483e-08
-0.0572835 0.00401236 0.99835

  Inverse Direction: 
-0.99591 0.0697565 -0.0574239
-0.0698718 -0.997556 5.01483e-08
-0.0572835 0.00401236 0.99835

  PixelContainer: 
    ImportImageContainer (0x33c16d0)
      RTTI typeinfo:   itk::ImportImageContainer<unsigned long, double>
      Reference Count: 1
      Modified Time: 1573
      Debug: Off
      Object Name: 
      Observers: 
        none
      Pointer: 0x14cf49774010
      Container manages memory: true
      Size: 9830400
      Capacity: 9830400

     Weighting = 1
     Sampling strategy = regular
     Number of bins = 32
     Radius = 4
     Sampling percentage  = 0.25
   Transform = Rigid
     Gradient step = 0.1
     Update field sigma (voxel space) = 0
     Total field sigma (voxel space) = 0
     Update field time sigma = 0
     Total field time sigma  = 0
     Number of time indices = 0
     Number of time point samples = 0
Registration using 1 total stages.

Stage 0
  iterations = 1000x500x250x100
  convergence threshold = 1e-06
  convergence window size = 10
  number of levels = 4
  using the Mattes MI metric (number of bins = 32, weight = 1, use gradient filter = 0)
  preprocessing:  winsorizing the image intensities
  Shrink factors (level 1 out of 4): [8, 8, 8]
  Shrink factors (level 2 out of 4): [4, 4, 4]
  Shrink factors (level 3 out of 4): [2, 2, 2]
  Shrink factors (level 4 out of 4): [1, 1, 1]
  smoothing sigmas per level: [3, 2, 1, 0]
  regular sampling (percentage = 0.25)

*** Running Euler3DTransform registration ***

DIAGNOSTIC,Iteration,metricValue,convergenceValue,ITERATION_TIME_INDEX,SINCE_LAST
 2DIAGNOSTIC,     1, -4.945365495269e-01, 1.797693134862e+308, 6.6651e-01, 6.6651e-01, 
 2DIAGNOSTIC,     2, -4.961551199262e-01, 1.797693134862e+308, 6.7076e-01, 4.2479e-03, 
 2DIAGNOSTIC,     3, -4.991207097076e-01, 1.797693134862e+308, 6.7521e-01, 4.4520e-03, 
 2DIAGNOSTIC,     4, -5.030359852117e-01, 1.797693134862e+308, 6.7982e-01, 4.6158e-03, 
 2DIAGNOSTIC,     5, -5.059125054655e-01, 1.797693134862e+308, 6.8388e-01, 4.0531e-03, 
 2DIAGNOSTIC,     6, -5.092815596254e-01, 1.797693134862e+308, 6.8807e-01, 4.1931e-03, 
 2DIAGNOSTIC,     7, -5.205915484568e-01, 1.797693134862e+308, 6.9302e-01, 4.9510e-03, 
 2DIAGNOSTIC,     8, -5.236677933913e-01, 1.797693134862e+308, 6.9717e-01, 4.1511e-03, 
 2DIAGNOSTIC,     9, -5.261653611514e-01, 1.797693134862e+308, 7.0137e-01, 4.1990e-03, 
 2DIAGNOSTIC,    10, -5.313843279548e-01, 4.956236851461e-03, 7.0590e-01, 4.5259e-03, 
 2DIAGNOSTIC,    11, -5.461121550605e-01, 5.255951709878e-03, 7.1140e-01, 5.5020e-03, 
 2DIAGNOSTIC,    12, -5.563506773259e-01, 5.544499219502e-03, 7.1582e-01, 4.4191e-03, 
 2DIAGNOSTIC,    13, -6.011783753090e-01, 7.240286203975e-03, 7.2131e-01, 5.4941e-03, 
 2DIAGNOSTIC,    14, -6.166052825028e-01, 8.701253899199e-03, 7.2565e-01, 4.3399e-03, 
 2DIAGNOSTIC,    15, -6.211428291644e-01, 9.416357351025e-03, 7.3005e-01, 4.3969e-03, 
 2DIAGNOSTIC,    16, -6.235432151590e-01, 9.368281935469e-03, 7.3492e-01, 4.8680e-03, 
 2DIAGNOSTIC,    17, -6.347577461681e-01, 9.145335028593e-03, 7.4084e-01, 5.9278e-03, 
 2DIAGNOSTIC,    18, -6.413138476748e-01, 8.359392953135e-03, 7.4554e-01, 4.6918e-03, 
 2DIAGNOSTIC,    19, -6.420802713730e-01, 6.980623460740e-03, 7.5076e-01, 5.2209e-03, 
 2DIAGNOSTIC,    20, -6.425493370197e-01, 5.272872587648e-03, 7.5489e-01, 4.1280e-03, 
 2DIAGNOSTIC,    21, -6.431795004322e-01, 3.641466670261e-03, 7.5976e-01, 4.8740e-03, 
 2DIAGNOSTIC,    22, -6.434078409972e-01, 2.049113986478e-03, 7.6398e-01, 4.2171e-03, 
 2DIAGNOSTIC,    23, -6.435083889788e-01, 1.381096893220e-03, 7.6893e-01, 4.9500e-03, 
 2DIAGNOSTIC,    24, -6.436807756625e-01, 9.688116309875e-04, 7.7422e-01, 5.2969e-03, 
 2DIAGNOSTIC,    25, -6.439989394438e-01, 6.014653683395e-04, 7.8008e-01, 5.8589e-03, 
 2DIAGNOSTIC,    26, -6.448361535643e-01, 2.655196637841e-04, 7.8433e-01, 4.2429e-03, 
 2DIAGNOSTIC,    27, -6.460796036656e-01, 1.536865446521e-04, 7.8904e-01, 4.7162e-03, 
 2DIAGNOSTIC,    28, -6.463976196593e-01, 1.550353400980e-04, 7.9353e-01, 4.4889e-03, 
 2DIAGNOSTIC,    29, -6.463935458384e-01, 1.547432185400e-04, 7.9773e-01, 4.1962e-03, 
 2DIAGNOSTIC,    30, -6.464392298349e-01, 1.482978542851e-04, 8.0252e-01, 4.7901e-03, 
 2DIAGNOSTIC,    31, -6.463723508724e-01, 1.368671552150e-04, 8.0666e-01, 4.1440e-03, 
 2DIAGNOSTIC,    32, -6.464254415976e-01, 1.173265745972e-04, 8.1188e-01, 5.2159e-03, 
 2DIAGNOSTIC,    33, -6.464354984510e-01, 8.969329162287e-05, 8.2509e-01, 1.3211e-02, 
 2DIAGNOSTIC,    34, -6.464354984181e-01, 5.811488329080e-05, 8.3831e-01, 1.3222e-02, 
 2DIAGNOSTIC,    35, -6.464354984181e-01, 2.735368227949e-05, 8.4503e-01, 6.7239e-03, 
 2DIAGNOSTIC,    36, -6.464354984181e-01, 6.561974321230e-06, 8.5019e-01, 5.1520e-03, 
 2DIAGNOSTIC,    37, -6.464354984181e-01, 2.244498467915e-06, 8.5494e-01, 4.7510e-03, 
 2DIAGNOSTIC,    38, -6.464354984181e-01, 1.990754012915e-06, 8.5983e-01, 4.8952e-03, 
 2DIAGNOSTIC,    39, -6.464354984181e-01, 1.582335629590e-06, 8.6451e-01, 4.6771e-03, 
 2DIAGNOSTIC,    40, -6.464354984181e-01, 1.698172946017e-06, 8.7019e-01, 5.6860e-03, 
DIAGNOSTIC,Iteration,metricValue,convergenceValue,ITERATION_TIME_INDEX,SINCE_LAST
 2DIAGNOSTIC,     1, -5.367244451637e-01, 1.797693134862e+308, 1.5521e+00, 6.8193e-01, 
 2DIAGNOSTIC,     2, -5.380313835313e-01, 1.797693134862e+308, 1.5806e+00, 2.8453e-02, 
 2DIAGNOSTIC,     3, -5.401731910898e-01, 1.797693134862e+308, 1.6099e+00, 2.9320e-02, 
 2DIAGNOSTIC,     4, -5.431881344527e-01, 1.797693134862e+308, 1.6391e+00, 2.9169e-02, 
 2DIAGNOSTIC,     5, -5.453557596460e-01, 1.797693134862e+308, 1.6675e+00, 2.8470e-02, 
 2DIAGNOSTIC,     6, -5.461088565259e-01, 1.797693134862e+308, 1.6973e+00, 2.9728e-02, 
 2DIAGNOSTIC,     7, -5.462086680957e-01, 1.797693134862e+308, 1.7305e+00, 3.3263e-02, 
 2DIAGNOSTIC,     8, -5.464869267479e-01, 1.797693134862e+308, 1.7668e+00, 3.6268e-02, 
 2DIAGNOSTIC,     9, -5.465850814062e-01, 1.797693134862e+308, 1.8057e+00, 3.8948e-02, 
 2DIAGNOSTIC,    10, -5.466464838151e-01, 1.224741207100e-03, 1.8335e+00, 2.7747e-02, 
 2DIAGNOSTIC,    11, -5.470487706918e-01, 8.391099594331e-04, 1.8647e+00, 3.1253e-02, 
 2DIAGNOSTIC,    12, -5.471506826600e-01, 5.042748157769e-04, 1.8956e+00, 3.0865e-02, 
 2DIAGNOSTIC,    13, -5.471747724016e-01, 2.608962786566e-04, 1.9332e+00, 3.7561e-02, 
 2DIAGNOSTIC,    14, -5.471893677878e-01, 1.401592665164e-04, 1.9643e+00, 3.1102e-02, 
 2DIAGNOSTIC,    15, -5.471839955985e-01, 9.761646941553e-05, 1.9956e+00, 3.1300e-02, 
 2DIAGNOSTIC,    16, -5.471599230424e-01, 7.527609720268e-05, 2.0263e+00, 3.0736e-02, 
 2DIAGNOSTIC,    17, -5.471662422458e-01, 5.183181165992e-05, 2.0536e+00, 2.7314e-02, 
 2DIAGNOSTIC,    18, -5.471747030220e-01, 3.478199004416e-05, 2.0845e+00, 3.0873e-02, 
 2DIAGNOSTIC,    19, -5.471813453055e-01, 1.945632328711e-05, 2.1172e+00, 3.2698e-02, 
 2DIAGNOSTIC,    20, -5.471662915787e-01, 4.969842177474e-06, 2.1466e+00, 2.9371e-02, 
 2DIAGNOSTIC,    21, -5.471844160062e-01, 1.951267221870e-06, 2.1805e+00, 3.3948e-02, 
 2DIAGNOSTIC,    22, -5.471946856589e-01, 1.794831710852e-06, 2.2097e+00, 2.9221e-02, 
 2DIAGNOSTIC,    23, -5.472309778589e-01, 2.955892291615e-06, 2.2375e+00, 2.7806e-02, 
 2DIAGNOSTIC,    24, -5.472460348147e-01, 4.500345948837e-06, 2.2705e+00, 3.2994e-02, 
 2DIAGNOSTIC,    25, -5.473225345016e-01, 7.130561912733e-06, 2.3000e+00, 2.9512e-02, 
 2DIAGNOSTIC,    26, -5.474469323302e-01, 1.098291049401e-05, 2.3295e+00, 2.9451e-02, 
 2DIAGNOSTIC,    27, -5.481013380569e-01, 2.630865628285e-05, 2.3615e+00, 3.2008e-02, 
 2DIAGNOSTIC,    28, -5.480678934648e-01, 3.738992874276e-05, 2.4000e+00, 3.8494e-02, 
 2DIAGNOSTIC,    29, -5.482084716668e-01, 4.712039611189e-05, 2.4342e+00, 3.4233e-02, 
 2DIAGNOSTIC,    30, -5.482082519118e-01, 5.166414349228e-05, 2.4654e+00, 3.1168e-02, 
 2DIAGNOSTIC,    31, -5.482014616314e-01, 5.125921202247e-05, 2.4958e+00, 3.0432e-02, 
 2DIAGNOSTIC,    32, -5.481815957448e-01, 4.582630566574e-05, 2.5238e+00, 2.7926e-02, 
 2DIAGNOSTIC,    33, -5.481718257649e-01, 3.689943044275e-05, 2.5516e+00, 2.7805e-02, 
 2DIAGNOSTIC,    34, -5.481825626930e-01, 2.560031609284e-05, 2.5795e+00, 2.7942e-02, 
 2DIAGNOSTIC,    35, -5.481838557857e-01, 1.379952422033e-05, 2.6068e+00, 2.7266e-02, 
 2DIAGNOSTIC,    36, -5.481854580019e-01, 3.009185240772e-06, 2.6342e+00, 2.7463e-02, 
 2DIAGNOSTIC,    37, -5.482631349721e-01, 2.936490945602e-06, 2.6649e+00, 3.0715e-02, 
 2DIAGNOSTIC,    38, -5.482856021625e-01, 2.436032900760e-06, 2.6959e+00, 3.0993e-02, 
 2DIAGNOSTIC,    39, -5.482706822346e-01, 3.481466413349e-06, 2.7300e+00, 3.4038e-02, 
 2DIAGNOSTIC,    40, -5.481987765403e-01, 3.305023513263e-06, 2.7612e+00, 3.1262e-02, 
 2DIAGNOSTIC,    41, -5.482804205696e-01, 3.879323704156e-06, 2.7921e+00, 3.0890e-02, 
 2DIAGNOSTIC,    42, -5.481859741301e-01, 2.660631988456e-06, 2.8287e+00, 3.6547e-02, 
 2DIAGNOSTIC,    43, -5.482756815700e-01, 2.303163628984e-06, 2.8688e+00, 4.0117e-02, 
 2DIAGNOSTIC,    44, -5.483025249054e-01, 2.248584988800e-06, 2.9016e+00, 3.2765e-02, 
 2DIAGNOSTIC,    45, -5.482811789093e-01, 1.830574182970e-06, 2.9332e+00, 3.1605e-02, 
 2DIAGNOSTIC,    46, -5.482645576979e-01, 1.147496994747e-06, 2.9634e+00, 3.0231e-02, 
 2DIAGNOSTIC,    47, -5.482548592965e-01, 1.197397339728e-06, 3.0542e+00, 9.0852e-02, 
 2DIAGNOSTIC,    48, -5.482548592954e-01, 1.431863280450e-06, 3.1424e+00, 8.8125e-02, 
 2DIAGNOSTIC,    49, -5.482548592954e-01, 1.429309045047e-06, 3.1708e+00, 2.8416e-02, 
DIAGNOSTIC,Iteration,metricValue,convergenceValue,ITERATION_TIME_INDEX,SINCE_LAST
 2DIAGNOSTIC,     1, -4.661873921264e-01, 1.797693134862e+308, 4.2183e+00, 1.0475e+00, 
 2DIAGNOSTIC,     2, -4.663634393261e-01, 1.797693134862e+308, 4.4605e+00, 2.4223e-01, 
 2DIAGNOSTIC,     3, -4.665065258144e-01, 1.797693134862e+308, 4.6813e+00, 2.2080e-01, 
 2DIAGNOSTIC,     4, -4.666272927492e-01, 1.797693134862e+308, 4.8744e+00, 1.9308e-01, 
 2DIAGNOSTIC,     5, -4.667166871734e-01, 1.797693134862e+308, 5.0570e+00, 1.8262e-01, 
 2DIAGNOSTIC,     6, -4.668667223022e-01, 1.797693134862e+308, 5.2656e+00, 2.0857e-01, 
 2DIAGNOSTIC,     7, -4.669697643835e-01, 1.797693134862e+308, 5.4907e+00, 2.2511e-01, 
 2DIAGNOSTIC,     8, -4.670258356117e-01, 1.797693134862e+308, 5.8023e+00, 3.1158e-01, 
 2DIAGNOSTIC,     9, -4.670791310772e-01, 1.797693134862e+308, 6.0113e+00, 2.0903e-01, 
 2DIAGNOSTIC,    10, -4.671177517040e-01, 1.313509228757e-04, 6.2264e+00, 2.1506e-01, 
 2DIAGNOSTIC,    11, -4.671984776699e-01, 1.051590832379e-04, 6.4314e+00, 2.0508e-01, 
 2DIAGNOSTIC,    12, -4.674361370362e-01, 9.491482079803e-05, 6.7640e+00, 3.3252e-01, 
 2DIAGNOSTIC,    13, -4.675162726526e-01, 8.805791889838e-05, 6.9713e+00, 2.0737e-01, 
 2DIAGNOSTIC,    14, -4.675732981144e-01, 8.220349298117e-05, 7.2820e+00, 3.1064e-01, 
 2DIAGNOSTIC,    15, -4.675740518064e-01, 7.348810781049e-05, 7.5650e+00, 2.8302e-01, 
 2DIAGNOSTIC,    16, -4.675763022197e-01, 6.504181368022e-05, 7.9511e+00, 3.8615e-01, 
 2DIAGNOSTIC,    17, -4.675763985635e-01, 5.533212067122e-05, 8.1500e+00, 1.9890e-01, 
 2DIAGNOSTIC,    18, -4.675746395076e-01, 4.352680787844e-05, 8.3476e+00, 1.9754e-01, 
 2DIAGNOSTIC,    19, -4.675729802324e-01, 3.083175169288e-05, 8.5675e+00, 2.1991e-01, 
 2DIAGNOSTIC,    20, -4.675713163777e-01, 1.787268901748e-05, 8.7866e+00, 2.1912e-01, 
 2DIAGNOSTIC,    21, -4.675679153934e-01, 6.728759866244e-06, 9.0048e+00, 2.1822e-01, 
 2DIAGNOSTIC,    22, -4.675676522165e-01, 2.633890978793e-06, 9.2380e+00, 2.3314e-01, 
DIAGNOSTIC,Iteration,metricValue,convergenceValue,ITERATION_TIME_INDEX,SINCE_LAST
 2DIAGNOSTIC,     1, -4.258650648406e-01, 1.797693134862e+308, 1.1676e+01, 2.4384e+00, 
 2DIAGNOSTIC,     2, -4.259686147635e-01, 1.797693134862e+308, 1.3081e+01, 1.4046e+00, 
 2DIAGNOSTIC,     3, -4.260095464573e-01, 1.797693134862e+308, 1.5053e+01, 1.9721e+00, 
 2DIAGNOSTIC,     4, -4.260079779242e-01, 1.797693134862e+308, 1.7260e+01, 2.2071e+00, 
 2DIAGNOSTIC,     5, -4.260082719284e-01, 1.797693134862e+308, 1.8781e+01, 1.5208e+00, 
 2DIAGNOSTIC,     6, -4.260081844967e-01, 1.797693134862e+308, 2.0452e+01, 1.6712e+00, 
 2DIAGNOSTIC,     7, -4.260082285326e-01, 1.797693134862e+308, 2.1908e+01, 1.4558e+00, 
 2DIAGNOSTIC,     8, -4.260082702626e-01, 1.797693134862e+308, 2.3375e+01, 1.4666e+00, 
 2DIAGNOSTIC,     9, -4.260078898723e-01, 1.797693134862e+308, 2.4975e+01, 1.6001e+00, 
 2DIAGNOSTIC,    10, -4.260080195827e-01, 1.495465406959e-05, 2.6477e+01, 1.5023e+00, 
 2DIAGNOSTIC,    11, -4.260079343374e-01, 5.192490971709e-06, 2.7928e+01, 1.4508e+00, 
 2DIAGNOSTIC,    12, -4.260077530113e-01, 2.531979048107e-06, 2.9587e+01, 1.6594e+00, 
 2DIAGNOSTIC,    13, -4.260077641460e-01, 2.395515054085e-06, 3.1035e+01, 1.4481e+00, 
 2DIAGNOSTIC,    14, -4.260076705838e-01, 2.203687271718e-06, 3.2382e+01, 1.3472e+00, 
 2DIAGNOSTIC,    15, -4.260076848652e-01, 2.057543894776e-06, 3.3659e+01, 1.2771e+00, 
 2DIAGNOSTIC,    16, -4.260078098576e-01, 1.936749469744e-06, 3.5422e+01, 1.7630e+00, 
 2DIAGNOSTIC,    17, -4.260078214502e-01, 1.836877256522e-06, 3.6852e+01, 1.4300e+00, 
 2DIAGNOSTIC,    18, -4.260076243944e-01, 1.746012210646e-06, 3.8472e+01, 1.6198e+00, 
 2DIAGNOSTIC,    19, -4.260075283000e-01, 1.650005678963e-06, 3.9775e+01, 1.3023e+00, 
 2DIAGNOSTIC,    20, -4.260074358784e-01, 1.567117722492e-06, 4.1279e+01, 1.5047e+00, 
 2DIAGNOSTIC,    21, -4.260075445199e-01, 1.495044124576e-06, 4.2824e+01, 1.5445e+00, 
 2DIAGNOSTIC,    22, -4.260073498042e-01, 1.419752883355e-06, 4.4404e+01, 1.5805e+00, 
 2DIAGNOSTIC,    23, -4.260072570412e-01, 1.351493920734e-06, 4.5899e+01, 1.4943e+00, 
 2DIAGNOSTIC,    24, -4.260070644733e-01, 1.284097857698e-06, 4.7246e+01, 1.3473e+00, 
 2DIAGNOSTIC,    25, -4.260071848437e-01, 1.229463507613e-06, 4.8573e+01, 1.3267e+00, 
 2DIAGNOSTIC,    26, -4.260079281840e-01, 1.205036630196e-06, 5.0030e+01, 1.4577e+00, 
 2DIAGNOSTIC,    27, -4.260077526128e-01, 1.179691020578e-06, 5.1867e+01, 1.8364e+00, 
 2DIAGNOSTIC,    28, -4.260076577704e-01, 1.149589798008e-06, 5.3377e+01, 1.5099e+00, 
 2DIAGNOSTIC,    29, -4.260075627415e-01, 1.116275229557e-06, 5.4831e+01, 1.4544e+00, 
 2DIAGNOSTIC,    30, -4.260075694712e-01, 1.081169787427e-06, 5.6171e+01, 1.3402e+00, 
 2DIAGNOSTIC,    31, -4.260071729885e-01, 1.039864907598e-06, 5.7524e+01, 1.3526e+00, 
  Elapsed time (stage 0): 5.8333e+01


Total elapsed time: 5.8335e+01
Info [verificarlo]: loaded backend libinterflop_vprec.so
Info [interflop-vprec]: load backend with: 
Info [interflop-vprec]: precision-binary32 = 22
Info [interflop-vprec]: range-binary32 = 7
Info [interflop-vprec]: precision-binary64 = 22
Info [interflop-vprec]: range-binary64 = 7
Info [interflop-vprec]: mode = ob
Info [interflop-vprec]: error-mode = rel
Info [interflop-vprec]: max-abs-error-exponent = -1022
Info [interflop-vprec]: daz = false
Info [interflop-vprec]: ftz = false
Info [interflop-vprec]: 	instrument = none
Info [interflop-vprec]: 	prec-input-file = (null)
Info [interflop-vprec]: 	prec-output-file = (null)
Info [interflop-vprec]: 	prec-log-file = (null)
All_Command_lines_OK
Using double precision for computations.
=============================================================================
The composite transform comprises the following transforms (in order): 
  1. /home/mdugre/scratch/mri-registration-rp/datasets/ds004513/derivatives/mri-registration-rp/0011/antsRegistration-r7-p22/sub-s033/rigid_Composite.h5[0] (type = Euler3DTransform)
  2. /home/mdugre/scratch/mri-registration-rp/datasets/ds004513/derivatives/mri-registration-rp/0011/antsRegistration-r7-p22/sub-s033/rigid_Composite.h5[1] (type = Euler3DTransform)
  3. /home/mdugre/scratch/mri-registration-rp/datasets/ds004513/derivatives/mri-registration-rp/0011/antsRegistration-r7-p22/sub-s033/rigid_Composite.h5[2] (type = Euler3DTransform)
=============================================================================
  number of levels = 4
  fixed image: /templateflow/tpl-MNI152NLin2009cAsym/tpl-MNI152NLin2009cAsym_res-01_desc-brain_T1w.nii.gz
  moving image: /home/mdugre/scratch/mri-registration-rp/datasets/ds004513/derivatives/mri-registration-rp/antsBrainExtraction/sub-s033/BrainExtractionBrain.nii.gz
Dimension = 3
Number of stages = 1
Use histogram matching = false
Winsorize image intensities = true
  Lower quantile = 0.005
  Upper quantile = 0.995


Stage 1 State
   Image metric = MattesMI
     Fixed image = Image (0x461b490)
  RTTI typeinfo:   itk::Image<double, 3u>
  Reference Count: 2
  Modified Time: 1592
  Debug: Off
  Object Name: 
  Observers: 
    none
  Source: (none)
  Source output name: (none)
  Release Data: Off
  Data Released: False
  Global Release Data: Off
  PipelineMTime: 0
  UpdateMTime: 1203
  RealTimeStamp: 0 seconds 
  LargestPossibleRegion: 
    Dimension: 3
    Index: [0, 0, 0]
    Size: [193, 229, 193]
  BufferedRegion: 
    Dimension: 3
    Index: [0, 0, 0]
    Size: [193, 229, 193]
  RequestedRegion: 
    Dimension: 3
    Index: [0, 0, 0]
    Size: [193, 229, 193]
  Spacing: [1, 1, 1]
  Origin: [96, 132, -78]
  Direction: 
-1 0 0
0 -1 0
0 0 1

  IndexToPointMatrix: 
-1 0 0
0 -1 0
0 0 1

  PointToIndexMatrix: 
-1 0 0
0 -1 0
0 0 1

  Inverse Direction: 
-1 0 0
0 -1 0
0 0 1

  PixelContainer: 
    ImportImageContainer (0x46e68c0)
      RTTI typeinfo:   itk::ImportImageContainer<unsigned long, double>
      Reference Count: 1
      Modified Time: 1200
      Debug: Off
      Object Name: 
      Observers: 
        none
      Pointer: 0x146396453010
      Container manages memory: true
      Size: 8530021
      Capacity: 8530021

     Moving image = Image (0x46d6b60)
  RTTI typeinfo:   itk::Image<double, 3u>
  Reference Count: 2
  Modified Time: 1593
  Debug: Off
  Object Name: 
  Observers: 
    none
  Source: (none)
  Source output name: (none)
  Release Data: Off
  Data Released: False
  Global Release Data: Off
  PipelineMTime: 0
  UpdateMTime: 1590
  RealTimeStamp: 0 seconds 
  LargestPossibleRegion: 
    Dimension: 3
    Index: [0, 0, 0]
    Size: [160, 240, 256]
  BufferedRegion: 
    Dimension: 3
    Index: [0, 0, 0]
    Size: [160, 240, 256]
  RequestedRegion: 
    Dimension: 3
    Index: [0, 0, 0]
    Size: [160, 240, 256]
  Spacing: [1, 1, 1]
  Origin: [91.5134, 94.282, -109.927]
  Direction: 
-0.99591 -0.0698718 -0.0572835
0.0697565 -0.997556 0.00401236
-0.0574239 5.01125e-08 0.99835

  IndexToPointMatrix: 
-0.99591 -0.0698718 -0.0572835
0.0697565 -0.997556 0.00401236
-0.0574239 5.01125e-08 0.99835

  PointToIndexMatrix: 
-0.99591 0.0697565 -0.0574239
-0.0698718 -0.997556 -1.57394e-07
-0.0572835 0.00401239 0.99835

  Inverse Direction: 
-0.99591 0.0697565 -0.0574239
-0.0698718 -0.997556 -1.57394e-07
-0.0572835 0.00401239 0.99835

  PixelContainer: 
    ImportImageContainer (0x476a1d0)
      RTTI typeinfo:   itk::ImportImageContainer<unsigned long, double>
      Reference Count: 1
      Modified Time: 1587
      Debug: Off
      Object Name: 
      Observers: 
        none
      Pointer: 0x146391952010
      Container manages memory: true
      Size: 9830400
      Capacity: 9830400

     Weighting = 1
     Sampling strategy = regular
     Number of bins = 32
     Radius = 4
     Sampling percentage  = 0.25
   Transform = Affine
     Gradient step = 0.1
     Update field sigma (voxel space) = 0
     Total field sigma (voxel space) = 0
     Update field time sigma = 0
     Total field time sigma  = 0
     Number of time indices = 0
     Number of time point samples = 0
Registration using 1 total stages.

Stage 0
  iterations = 1000x500x250x100
  convergence threshold = 1e-06
  convergence window size = 10
  number of levels = 4
  using the Mattes MI metric (number of bins = 32, weight = 1, use gradient filter = 0)
  preprocessing:  winsorizing the image intensities
  Shrink factors (level 1 out of 4): [8, 8, 8]
  Shrink factors (level 2 out of 4): [4, 4, 4]
  Shrink factors (level 3 out of 4): [2, 2, 2]
  Shrink factors (level 4 out of 4): [1, 1, 1]
  smoothing sigmas per level: [3, 2, 1, 0]
  regular sampling (percentage = 0.25)

*** Running AffineTransform registration ***

DIAGNOSTIC,Iteration,metricValue,convergenceValue,ITERATION_TIME_INDEX,SINCE_LAST
 2DIAGNOSTIC,     1, -6.382796569031e-01, 1.797693134862e+308, 0.0000e+00, 0.0000e+00, 
 2DIAGNOSTIC,     2, -6.407462567968e-01, 1.797693134862e+308, 0.0000e+00, 0.0000e+00, 
 2DIAGNOSTIC,     3, -6.451574020818e-01, 1.797693134862e+308, 0.0000e+00, 0.0000e+00, 
 2DIAGNOSTIC,     4, -6.521865464462e-01, 1.797693134862e+308, 0.0000e+00, 0.0000e+00, 
 2DIAGNOSTIC,     5, -6.630947002930e-01, 1.797693134862e+308, 0.0000e+00, 0.0000e+00, 
 2DIAGNOSTIC,     6, -6.815679643384e-01, 1.797693134862e+308, 0.0000e+00, 0.0000e+00, 
 2DIAGNOSTIC,     7, -7.248604370955e-01, 1.797693134862e+308, 0.0000e+00, 0.0000e+00, 
 2DIAGNOSTIC,     8, -8.397638387554e-01, 1.797693134862e+308, 0.0000e+00, 0.0000e+00, 
 2DIAGNOSTIC,     9, -8.682232288668e-01, 1.797693134862e+308, 0.0000e+00, 0.0000e+00, 
 2DIAGNOSTIC,    10, -8.706120520170e-01, 2.379121025279e-02, 0.0000e+00, 0.0000e+00, 
 2DIAGNOSTIC,    11, -8.867875179832e-01, 2.398039601167e-02, 0.0000e+00, 0.0000e+00, 
 2DIAGNOSTIC,    12, -8.972953707346e-01, 2.236810636510e-02, 0.0000e+00, 0.0000e+00, 
 2DIAGNOSTIC,    13, -9.044169536176e-01, 1.931679828985e-02, 0.0000e+00, 0.0000e+00, 
 2DIAGNOSTIC,    14, -9.072941068222e-01, 1.529755707889e-02, 0.0000e+00, 0.0000e+00, 
 2DIAGNOSTIC,    15, -9.076240796441e-01, 1.083633575115e-02, 0.0000e+00, 0.0000e+00, 
 2DIAGNOSTIC,    16, -9.076750596401e-01, 6.458691111015e-03, 0.0000e+00, 0.0000e+00, 
 2DIAGNOSTIC,    17, -9.074438269467e-01, 2.916667273973e-03, 0.0000e+00, 0.0000e+00, 
 2DIAGNOSTIC,    18, -9.073522204501e-01, 1.797031933490e-03, 0.0000e+00, 0.0000e+00, 
 2DIAGNOSTIC,    19, -9.074193915025e-01, 1.176503994496e-03, 0.0000e+00, 0.0000e+00, 
 2DIAGNOSTIC,    20, -9.073101984119e-01, 5.522926997643e-04, 0.0000e+00, 0.0000e+00, 
 2DIAGNOSTIC,    21, -9.070438174418e-01, 2.035733138974e-04, 0.0000e+00, 0.0000e+00, 
 2DIAGNOSTIC,    22, -9.071010111817e-01, 3.477190400724e-05, 0.0000e+00, 0.0000e+00, 
DIAGNOSTIC,Iteration,metricValue,convergenceValue,ITERATION_TIME_INDEX,SINCE_LAST
 2DIAGNOSTIC,     1, -7.433186988384e-01, 1.797693134862e+308, 0.0000e+00, 0.0000e+00, 
 2DIAGNOSTIC,     2, -7.442337083134e-01, 1.797693134862e+308, 0.0000e+00, 0.0000e+00, 
 2DIAGNOSTIC,     3, -7.451146412185e-01, 1.797693134862e+308, 0.0000e+00, 0.0000e+00, 
 2DIAGNOSTIC,     4, -7.459055166562e-01, 1.797693134862e+308, 0.0000e+00, 0.0000e+00, 
 2DIAGNOSTIC,     5, -7.467661886878e-01, 1.797693134862e+308, 0.0000e+00, 0.0000e+00, 
 2DIAGNOSTIC,     6, -7.476005669534e-01, 1.797693134862e+308, 0.0000e+00, 0.0000e+00, 
 2DIAGNOSTIC,     7, -7.484244867869e-01, 1.797693134862e+308, 0.0000e+00, 0.0000e+00, 
 2DIAGNOSTIC,     8, -7.484256511728e-01, 1.797693134862e+308, 0.0000e+00, 0.0000e+00, 
 2DIAGNOSTIC,     9, -7.484299504353e-01, 1.797693134862e+308, 0.0000e+00, 0.0000e+00, 
 2DIAGNOSTIC,    10, -7.484164029584e-01, 4.752496002257e-04, 0.0000e+00, 0.0000e+00, 
 2DIAGNOSTIC,    11, -7.484253961100e-01, 3.405293059175e-04, 0.0000e+00, 0.0000e+00, 
 2DIAGNOSTIC,    12, -7.484320998206e-01, 2.266583668551e-04, 0.0000e+00, 0.0000e+00, 
 2DIAGNOSTIC,    13, -7.484782186211e-01, 1.371813946456e-04, 0.0000e+00, 0.0000e+00, 
 2DIAGNOSTIC,    14, -7.485096235003e-01, 7.055167990248e-05, 0.0000e+00, 0.0000e+00, 
 2DIAGNOSTIC,    15, -7.485751604021e-01, 2.971649380679e-05, 0.0000e+00, 0.0000e+00, 
 2DIAGNOSTIC,    16, -7.486152937885e-01, 1.166884428787e-05, 0.0000e+00, 0.0000e+00, 
 2DIAGNOSTIC,    17, -7.486401443682e-01, 1.383340953753e-05, 0.0000e+00, 0.0000e+00, 
 2DIAGNOSTIC,    18, -7.486275055332e-01, 1.440509322740e-05, 0.0000e+00, 0.0000e+00, 
 2DIAGNOSTIC,    19, -7.486689483096e-01, 1.468010928666e-05, 0.0000e+00, 0.0000e+00, 
 2DIAGNOSTIC,    20, -7.486568813916e-01, 1.319930653654e-05, 0.0000e+00, 0.0000e+00, 
 2DIAGNOSTIC,    21, -7.486620829015e-01, 1.104424612668e-05, 0.0000e+00, 0.0000e+00, 
 2DIAGNOSTIC,    22, -7.486363660499e-01, 7.866849852621e-06, 0.0000e+00, 0.0000e+00, 
 2DIAGNOSTIC,    23, -7.486333514344e-01, 5.095950121450e-06, 0.0000e+00, 0.0000e+00, 
 2DIAGNOSTIC,    24, -7.486352784295e-01, 2.708506568527e-06, 0.0000e+00, 0.0000e+00, 
 2DIAGNOSTIC,    25, -7.486226587277e-01, 1.163382432938e-06, 0.0000e+00, 0.0000e+00, 
DIAGNOSTIC,Iteration,metricValue,convergenceValue,ITERATION_TIME_INDEX,SINCE_LAST
 2DIAGNOSTIC,     1, -6.325964995140e-01, 1.797693134862e+308, 0.0000e+00, 0.0000e+00, 
 2DIAGNOSTIC,     2, -6.331792264488e-01, 1.797693134862e+308, 0.0000e+00, 0.0000e+00, 
 2DIAGNOSTIC,     3, -6.338336483148e-01, 1.797693134862e+308, 0.0000e+00, 0.0000e+00, 
 2DIAGNOSTIC,     4, -6.347054596486e-01, 1.797693134862e+308, 0.0000e+00, 0.0000e+00, 
 2DIAGNOSTIC,     5, -6.370613153073e-01, 1.797693134862e+308, 0.0000e+00, 0.0000e+00, 
 2DIAGNOSTIC,     6, -6.370621086584e-01, 1.797693134862e+308, 0.0000e+00, 0.0000e+00, 
 2DIAGNOSTIC,     7, -6.370614689129e-01, 1.797693134862e+308, 0.0000e+00, 0.0000e+00, 
 2DIAGNOSTIC,     8, -6.370609556643e-01, 1.797693134862e+308, 0.0000e+00, 0.0000e+00, 
 2DIAGNOSTIC,     9, -6.370599995084e-01, 1.797693134862e+308, 0.0000e+00, 0.0000e+00, 
 2DIAGNOSTIC,    10, -6.370588768074e-01, 5.047632100710e-04, 0.0000e+00, 0.0000e+00, 
 2DIAGNOSTIC,    11, -6.370565823481e-01, 3.421352298922e-04, 0.0000e+00, 0.0000e+00, 
 2DIAGNOSTIC,    12, -6.370573061479e-01, 1.991045711758e-04, 0.0000e+00, 0.0000e+00, 
 2DIAGNOSTIC,    13, -6.370553507534e-01, 8.292459284487e-05, 0.0000e+00, 0.0000e+00, 
 2DIAGNOSTIC,    14, -6.370525649671e-01, 1.639871304304e-06, 0.0000e+00, 0.0000e+00, 
 2DIAGNOSTIC,    15, -6.370506963618e-01, 1.382674925179e-06, 0.0000e+00, 0.0000e+00, 
 2DIAGNOSTIC,    16, -6.370503690866e-01, 1.239005203837e-06, 0.0000e+00, 0.0000e+00, 
 2DIAGNOSTIC,    17, -6.370480018064e-01, 1.100315375951e-06, 0.0000e+00, 0.0000e+00, 
 2DIAGNOSTIC,    18, -6.370473758835e-01, 1.021180837536e-06, 0.0000e+00, 0.0000e+00, 
DIAGNOSTIC,Iteration,metricValue,convergenceValue,ITERATION_TIME_INDEX,SINCE_LAST
 2DIAGNOSTIC,     1, -5.630360490027e-01, 1.797693134862e+308, 0.0000e+00, 0.0000e+00, 
 2DIAGNOSTIC,     2, -5.631859928947e-01, 1.797693134862e+308, 0.0000e+00, 0.0000e+00, 
 2DIAGNOSTIC,     3, -5.632987577404e-01, 1.797693134862e+308, 0.0000e+00, 0.0000e+00, 
 2DIAGNOSTIC,     4, -5.635258207052e-01, 1.797693134862e+308, 0.0000e+00, 0.0000e+00, 
 2DIAGNOSTIC,     5, -5.638015876045e-01, 1.797693134862e+308, 0.0000e+00, 0.0000e+00, 
 2DIAGNOSTIC,     6, -5.638006152075e-01, 1.797693134862e+308, 0.0000e+00, 0.0000e+00, 
 2DIAGNOSTIC,     7, -5.638055095631e-01, 1.797693134862e+308, 0.0000e+00, 0.0000e+00, 
 2DIAGNOSTIC,     8, -5.638141357063e-01, 1.797693134862e+308, 2.5600e+02, 2.5600e+02, 
 2DIAGNOSTIC,     9, -5.638242754493e-01, 1.797693134862e+308, 2.5600e+02, 0.0000e+00, 
 2DIAGNOSTIC,    10, -5.638324775897e-01, 9.628199255222e-05, 2.5600e+02, 0.0000e+00, 
 2DIAGNOSTIC,    11, -5.638433198856e-01, 6.430752021996e-05, 2.5600e+02, 0.0000e+00, 
 2DIAGNOSTIC,    12, -5.638481783221e-01, 3.882356802393e-05, 2.5600e+02, 0.0000e+00, 
 2DIAGNOSTIC,    13, -5.638469531600e-01, 1.819439777366e-05, 2.5600e+02, 0.0000e+00, 
 2DIAGNOSTIC,    14, -5.638466448922e-01, 6.968235657170e-06, 2.5600e+02, 0.0000e+00, 
 2DIAGNOSTIC,    15, -5.638465186592e-01, 6.078509095966e-06, 2.5600e+02, 0.0000e+00, 
 2DIAGNOSTIC,    16, -5.638464351697e-01, 4.899680690257e-06, 2.5600e+02, 0.0000e+00, 
 2DIAGNOSTIC,    17, -5.638462331425e-01, 3.727082761952e-06, 2.5600e+02, 0.0000e+00, 
 2DIAGNOSTIC,    18, -5.638460905206e-01, 2.750495644230e-06, 2.5600e+02, 0.0000e+00, 
 2DIAGNOSTIC,    19, -5.638460172605e-01, 2.052115259131e-06, 2.5600e+02, 0.0000e+00, 
 2DIAGNOSTIC,    20, -5.638459475871e-01, 1.586410126451e-06, 2.5600e+02, 0.0000e+00, 
 2DIAGNOSTIC,    21, -5.638458803772e-01, 1.420136205008e-06, 2.5600e+02, 0.0000e+00, 
 2DIAGNOSTIC,    22, -5.638458312519e-01, 1.388591733813e-06, 2.5600e+02, 0.0000e+00, 
 2DIAGNOSTIC,    23, -5.638459229879e-01, 1.340306289808e-06, 2.5600e+02, 0.0000e+00, 
 2DIAGNOSTIC,    24, -5.638458591458e-01, 1.291983049309e-06, 2.5600e+02, 0.0000e+00, 
 2DIAGNOSTIC,    25, -5.638455620712e-01, 1.241976130543e-06, 2.5600e+02, 0.0000e+00, 
 2DIAGNOSTIC,    26, -5.638456197893e-01, 1.198266475565e-06, 2.5600e+02, 0.0000e+00, 
 2DIAGNOSTIC,    27, -5.638452798158e-01, 1.149812450446e-06, 2.5600e+02, 0.0000e+00, 
 2DIAGNOSTIC,    28, -5.638453337052e-01, 1.105812201224e-06, 2.5600e+02, 0.0000e+00, 
 2DIAGNOSTIC,    29, -5.638451319374e-01, 1.062720179842e-06, 2.5600e+02, 0.0000e+00, 
 2DIAGNOSTIC,    30, -5.638453087563e-01, 1.027524105059e-06, 2.5600e+02, 0.0000e+00, 
  Elapsed time (stage 0): 2.5600e+02


Total elapsed time: 2.5600e+02
Info [verificarlo]: loaded backend libinterflop_vprec.so
Info [interflop-vprec]: load backend with: 
Info [interflop-vprec]: precision-binary32 = 22
Info [interflop-vprec]: range-binary32 = 7
Info [interflop-vprec]: precision-binary64 = 22
Info [interflop-vprec]: range-binary64 = 7
Info [interflop-vprec]: mode = ob
Info [interflop-vprec]: error-mode = rel
Info [interflop-vprec]: max-abs-error-exponent = -1022
Info [interflop-vprec]: daz = false
Info [interflop-vprec]: ftz = false
Info [interflop-vprec]: 	instrument = none
Info [interflop-vprec]: 	prec-input-file = (null)
Info [interflop-vprec]: 	prec-output-file = (null)
Info [interflop-vprec]: 	prec-log-file = (null)
All_Command_lines_OK
Using double precision for computations.
=============================================================================
The composite transform comprises the following transforms (in order): 
  1. /home/mdugre/scratch/mri-registration-rp/datasets/ds004513/derivatives/mri-registration-rp/0011/antsRegistration-r7-p22/sub-s033/affine_Composite.h5[0] (type = Euler3DTransform)
  2. /home/mdugre/scratch/mri-registration-rp/datasets/ds004513/derivatives/mri-registration-rp/0011/antsRegistration-r7-p22/sub-s033/affine_Composite.h5[1] (type = Euler3DTransform)
  3. /home/mdugre/scratch/mri-registration-rp/datasets/ds004513/derivatives/mri-registration-rp/0011/antsRegistration-r7-p22/sub-s033/affine_Composite.h5[2] (type = Euler3DTransform)
