
##########################
# Experiment information #
##########################

EXPERIMENT_NAME: antsRegistration-r7-p23
VFC_BACKENDS: libinterflop_vprec.so --range-binary32=7 --precision-binary32=23 --range-binary64=7 --precision-binary64=23

SIF_IMG: /home/mdugre/projects/rrg-glatard/mdugre/containers/ants-vprec-no_metrics.simg

SUBJECT_ID: s025
INPUT_IMG: /home/mdugre/scratch/mri-registration-rp/datasets/ds004513/derivatives/mri-registration-rp/antsBrainExtraction/sub-s025/BrainExtractionBrain.nii.gz
OUTPUT_DIR: /home/mdugre/scratch/mri-registration-rp/datasets/ds004513/derivatives/mri-registration-rp/0011/antsRegistration-r7-p23/sub-s025

FIXED_IMG: /templateflow/tpl-MNI152NLin2009cAsym/tpl-MNI152NLin2009cAsym_res-01_desc-brain_T1w.nii.gz
DATA_DIR: /home/mdugre/scratch/mri-registration-rp/datasets/ds004513
TEMPLATEFLOW_DIR: /home/mdugre/projects/rrg-glatard/mdugre/templateflow
ITK_GLOBAL_DEFAULT_NUMBER_OF_THREADS: 16
##########################

Info [verificarlo]: loaded backend libinterflop_ieee.so
Info [interflop-ieee]: load backend with:
Info [interflop-ieee]: debug = false
Info [interflop-ieee]: debug-binary = false
Info [interflop-ieee]: no-backend-name = false
Info [interflop-ieee]: print-new-line = false
Info [interflop-ieee]: print-subnormal-normalized = false
Info [interflop-ieee]: count-op = false
All_Command_lines_OK
Using double precision for computations.
=============================================================================
The composite transform comprises the following transforms (in order): 
  1. Center of mass alignment using fixed image: /templateflow/tpl-MNI152NLin2009cAsym/tpl-MNI152NLin2009cAsym_res-01_desc-brain_T1w.nii.gz and moving image: /home/mdugre/scratch/mri-registration-rp/datasets/ds004513/derivatives/mri-registration-rp/antsBrainExtraction/sub-s025/BrainExtractionBrain.nii.gz (type = Euler3DTransform)
=============================================================================
  number of levels = 1
  fixed image: /templateflow/tpl-MNI152NLin2009cAsym/tpl-MNI152NLin2009cAsym_res-01_desc-brain_T1w.nii.gz
  moving image: /home/mdugre/scratch/mri-registration-rp/datasets/ds004513/derivatives/mri-registration-rp/antsBrainExtraction/sub-s025/BrainExtractionBrain.nii.gz
Dimension = 3
Number of stages = 1
Use histogram matching = false
Winsorize image intensities = true
  Lower quantile = 0.005
  Upper quantile = 0.995


Stage 1 State
   Image metric = MattesMI
     Fixed image = Image (0x3e1ee70)
  RTTI typeinfo:   itk::Image<double, 3u>
  Reference Count: 2
  Modified Time: 2334
  Debug: Off
  Object Name: 
  Observers: 
    none
  Source: (none)
  Source output name: (none)
  Release Data: Off
  Data Released: False
  Global Release Data: Off
  PipelineMTime: 0
  UpdateMTime: 1943
  RealTimeStamp: 0 seconds 
  LargestPossibleRegion: 
    Dimension: 3
    Index: [0, 0, 0]
    Size: [193, 229, 193]
  BufferedRegion: 
    Dimension: 3
    Index: [0, 0, 0]
    Size: [193, 229, 193]
  RequestedRegion: 
    Dimension: 3
    Index: [0, 0, 0]
    Size: [193, 229, 193]
  Spacing: [1, 1, 1]
  Origin: [96, 132, -78]
  Direction: 
-1 0 0
0 -1 0
0 0 1

  IndexToPointMatrix: 
-1 0 0
0 -1 0
0 0 1

  PointToIndexMatrix: 
-1 0 0
0 -1 0
0 0 1

  Inverse Direction: 
-1 0 0
0 -1 0
0 0 1

  PixelContainer: 
    ImportImageContainer (0x3e27c60)
      RTTI typeinfo:   itk::ImportImageContainer<unsigned long, double>
      Reference Count: 1
      Modified Time: 1940
      Debug: Off
      Object Name: 
      Observers: 
        none
      Pointer: 0x1468745d5010
      Container manages memory: true
      Size: 8530021
      Capacity: 8530021

     Moving image = Image (0x3e2a610)
  RTTI typeinfo:   itk::Image<double, 3u>
  Reference Count: 2
  Modified Time: 2335
  Debug: Off
  Object Name: 
  Observers: 
    none
  Source: (none)
  Source output name: (none)
  Release Data: Off
  Data Released: False
  Global Release Data: Off
  PipelineMTime: 0
  UpdateMTime: 2332
  RealTimeStamp: 0 seconds 
  LargestPossibleRegion: 
    Dimension: 3
    Index: [0, 0, 0]
    Size: [176, 240, 256]
  BufferedRegion: 
    Dimension: 3
    Index: [0, 0, 0]
    Size: [176, 240, 256]
  RequestedRegion: 
    Dimension: 3
    Index: [0, 0, 0]
    Size: [176, 240, 256]
  Spacing: [0.999999, 1, 1]
  Origin: [90.3778, 84.5091, -154.071]
  Direction: 
-0.999391 7.48184e-06 -0.0348969
-7.47664e-06 -1 -2.7953e-07
-0.0348969 -1.84481e-08 0.999391

  IndexToPointMatrix: 
-0.99939 7.48184e-06 -0.0348969
-7.47663e-06 -1 -2.7953e-07
-0.0348968 -1.84481e-08 0.999391

  PointToIndexMatrix: 
-0.999392 -7.47665e-06 -0.0348969
7.48184e-06 -1 -1.84481e-08
-0.0348969 -2.7953e-07 0.999391

  Inverse Direction: 
-0.999391 -7.47664e-06 -0.0348969
7.48184e-06 -1 -1.84481e-08
-0.0348969 -2.7953e-07 0.999391

  PixelContainer: 
    ImportImageContainer (0x3ec3ef0)
      RTTI typeinfo:   itk::ImportImageContainer<unsigned long, double>
      Reference Count: 1
      Modified Time: 2329
      Debug: Off
      Object Name: 
      Observers: 
        none
      Pointer: 0x14686f354010
      Container manages memory: true
      Size: 10813440
      Capacity: 10813440

     Weighting = 1
     Sampling strategy = regular
     Number of bins = 32
     Radius = 4
     Sampling percentage  = 0.25
   Transform = Rigid
     Gradient step = 0.1
     Update field sigma (voxel space) = 0
     Total field sigma (voxel space) = 0
     Update field time sigma = 0
     Total field time sigma  = 0
     Number of time indices = 0
     Number of time point samples = 0
Registration using 1 total stages.

Stage 0
  iterations = 0
  convergence threshold = 1e-06
  convergence window size = 10
  number of levels = 1
  using the Mattes MI metric (number of bins = 32, weight = 1, use gradient filter = 0)
  preprocessing:  winsorizing the image intensities
  Shrink factors (level 1 out of 1): [1, 1, 1]
  smoothing sigmas per level: [0]
  regular sampling (percentage = 0.25)

*** Running Euler3DTransform registration ***

  Elapsed time (stage 0): 1.15671


Total elapsed time: 1.15907
Info [verificarlo]: loaded backend libinterflop_ieee.so
Info [interflop-ieee]: load backend with:
Info [interflop-ieee]: debug = false
Info [interflop-ieee]: debug-binary = false
Info [interflop-ieee]: no-backend-name = false
Info [interflop-ieee]: print-new-line = false
Info [interflop-ieee]: print-subnormal-normalized = false
Info [interflop-ieee]: count-op = false
All_Command_lines_OK
Using double precision for computations.
=============================================================================
The composite transform comprises the following transforms (in order): 
  1. /home/mdugre/scratch/mri-registration-rp/datasets/ds004513/derivatives/mri-registration-rp/0011/antsRegistration-r7-p23/sub-s025/align_Composite.h5[0] (type = Euler3DTransform)
  2. /home/mdugre/scratch/mri-registration-rp/datasets/ds004513/derivatives/mri-registration-rp/0011/antsRegistration-r7-p23/sub-s025/align_Composite.h5[1] (type = Euler3DTransform)
=============================================================================
  number of levels = 4
  fixed image: /templateflow/tpl-MNI152NLin2009cAsym/tpl-MNI152NLin2009cAsym_res-01_desc-brain_T1w.nii.gz
  moving image: /home/mdugre/scratch/mri-registration-rp/datasets/ds004513/derivatives/mri-registration-rp/antsBrainExtraction/sub-s025/BrainExtractionBrain.nii.gz
Dimension = 3
Number of stages = 1
Use histogram matching = false
Winsorize image intensities = true
  Lower quantile = 0.005
  Upper quantile = 0.995


Stage 1 State
   Image metric = MattesMI
     Fixed image = Image (0x47fa530)
  RTTI typeinfo:   itk::Image<double, 3u>
  Reference Count: 2
  Modified Time: 1580
  Debug: Off
  Object Name: 
  Observers: 
    none
  Source: (none)
  Source output name: (none)
  Release Data: Off
  Data Released: False
  Global Release Data: Off
  PipelineMTime: 0
  UpdateMTime: 1189
  RealTimeStamp: 0 seconds 
  LargestPossibleRegion: 
    Dimension: 3
    Index: [0, 0, 0]
    Size: [193, 229, 193]
  BufferedRegion: 
    Dimension: 3
    Index: [0, 0, 0]
    Size: [193, 229, 193]
  RequestedRegion: 
    Dimension: 3
    Index: [0, 0, 0]
    Size: [193, 229, 193]
  Spacing: [1, 1, 1]
  Origin: [96, 132, -78]
  Direction: 
-1 0 0
0 -1 0
0 0 1

  IndexToPointMatrix: 
-1 0 0
0 -1 0
0 0 1

  PointToIndexMatrix: 
-1 0 0
0 -1 0
0 0 1

  Inverse Direction: 
-1 0 0
0 -1 0
0 0 1

  PixelContainer: 
    ImportImageContainer (0x48b8d60)
      RTTI typeinfo:   itk::ImportImageContainer<unsigned long, double>
      Reference Count: 1
      Modified Time: 1186
      Debug: Off
      Object Name: 
      Observers: 
        none
      Pointer: 0x1544fa540010
      Container manages memory: true
      Size: 8530021
      Capacity: 8530021

     Moving image = Image (0x48aaf60)
  RTTI typeinfo:   itk::Image<double, 3u>
  Reference Count: 2
  Modified Time: 1581
  Debug: Off
  Object Name: 
  Observers: 
    none
  Source: (none)
  Source output name: (none)
  Release Data: Off
  Data Released: False
  Global Release Data: Off
  PipelineMTime: 0
  UpdateMTime: 1578
  RealTimeStamp: 0 seconds 
  LargestPossibleRegion: 
    Dimension: 3
    Index: [0, 0, 0]
    Size: [176, 240, 256]
  BufferedRegion: 
    Dimension: 3
    Index: [0, 0, 0]
    Size: [176, 240, 256]
  RequestedRegion: 
    Dimension: 3
    Index: [0, 0, 0]
    Size: [176, 240, 256]
  Spacing: [0.999999, 1, 1]
  Origin: [90.3778, 84.5091, -154.071]
  Direction: 
-0.999391 7.48184e-06 -0.0348969
-7.47664e-06 -1 -2.7953e-07
-0.0348969 -1.84481e-08 0.999391

  IndexToPointMatrix: 
-0.99939 7.48184e-06 -0.0348969
-7.47663e-06 -1 -2.7953e-07
-0.0348968 -1.84481e-08 0.999391

  PointToIndexMatrix: 
-0.999392 -7.47665e-06 -0.0348969
7.48184e-06 -1 -1.84481e-08
-0.0348969 -2.7953e-07 0.999391

  Inverse Direction: 
-0.999391 -7.47664e-06 -0.0348969
7.48184e-06 -1 -1.84481e-08
-0.0348969 -2.7953e-07 0.999391

  PixelContainer: 
    ImportImageContainer (0x489c6d0)
      RTTI typeinfo:   itk::ImportImageContainer<unsigned long, double>
      Reference Count: 1
      Modified Time: 1575
      Debug: Off
      Object Name: 
      Observers: 
        none
      Pointer: 0x1544f52bf010
      Container manages memory: true
      Size: 10813440
      Capacity: 10813440

     Weighting = 1
     Sampling strategy = regular
     Number of bins = 32
     Radius = 4
     Sampling percentage  = 0.25
   Transform = Rigid
     Gradient step = 0.1
     Update field sigma (voxel space) = 0
     Total field sigma (voxel space) = 0
     Update field time sigma = 0
     Total field time sigma  = 0
     Number of time indices = 0
     Number of time point samples = 0
Registration using 1 total stages.

Stage 0
  iterations = 1000x500x250x100
  convergence threshold = 1e-06
  convergence window size = 10
  number of levels = 4
  using the Mattes MI metric (number of bins = 32, weight = 1, use gradient filter = 0)
  preprocessing:  winsorizing the image intensities
  Shrink factors (level 1 out of 4): [8, 8, 8]
  Shrink factors (level 2 out of 4): [4, 4, 4]
  Shrink factors (level 3 out of 4): [2, 2, 2]
  Shrink factors (level 4 out of 4): [1, 1, 1]
  smoothing sigmas per level: [3, 2, 1, 0]
  regular sampling (percentage = 0.25)

*** Running Euler3DTransform registration ***

DIAGNOSTIC,Iteration,metricValue,convergenceValue,ITERATION_TIME_INDEX,SINCE_LAST
 2DIAGNOSTIC,     1, -5.323241903179e-01, 1.797693134862e+308, 8.5705e-01, 8.5705e-01, 
 2DIAGNOSTIC,     2, -5.346190553927e-01, 1.797693134862e+308, 8.6262e-01, 5.5728e-03, 
 2DIAGNOSTIC,     3, -5.378036555361e-01, 1.797693134862e+308, 8.6766e-01, 5.0402e-03, 
 2DIAGNOSTIC,     4, -5.422949451405e-01, 1.797693134862e+308, 8.7260e-01, 4.9350e-03, 
 2DIAGNOSTIC,     5, -5.486805952477e-01, 1.797693134862e+308, 8.7734e-01, 4.7441e-03, 
 2DIAGNOSTIC,     6, -5.542790085272e-01, 1.797693134862e+308, 8.8205e-01, 4.7119e-03, 
 2DIAGNOSTIC,     7, -5.627123115611e-01, 1.797693134862e+308, 8.8678e-01, 4.7240e-03, 
 2DIAGNOSTIC,     8, -5.766609943856e-01, 1.797693134862e+308, 8.9186e-01, 5.0859e-03, 
 2DIAGNOSTIC,     9, -5.881111419397e-01, 1.797693134862e+308, 8.9663e-01, 4.7691e-03, 
 2DIAGNOSTIC,    10, -6.012927005665e-01, 7.820055967720e-03, 9.0319e-01, 6.5529e-03, 
 2DIAGNOSTIC,    11, -6.192402913587e-01, 8.564422673924e-03, 9.1184e-01, 8.6529e-03, 
 2DIAGNOSTIC,    12, -6.197111897438e-01, 8.513711436477e-03, 9.1652e-01, 4.6821e-03, 
 2DIAGNOSTIC,    13, -6.223136777511e-01, 7.932305190630e-03, 9.2114e-01, 4.6139e-03, 
 2DIAGNOSTIC,    14, -6.239859078535e-01, 6.938967258810e-03, 9.2579e-01, 4.6558e-03, 
 2DIAGNOSTIC,    15, -6.258731029039e-01, 5.722268374554e-03, 9.3048e-01, 4.6871e-03, 
 2DIAGNOSTIC,    16, -6.290042957051e-01, 4.404898010764e-03, 9.3547e-01, 4.9889e-03, 
 2DIAGNOSTIC,    17, -6.327399548212e-01, 3.192249458168e-03, 9.4153e-01, 6.0630e-03, 
 2DIAGNOSTIC,    18, -6.361770329223e-01, 2.298162514795e-03, 9.4753e-01, 6.0019e-03, 
 2DIAGNOSTIC,    19, -6.381920794928e-01, 1.629119691409e-03, 9.5296e-01, 5.4281e-03, 
 2DIAGNOSTIC,    20, -6.414786468741e-01, 1.264281191325e-03, 9.5770e-01, 4.7381e-03, 
 2DIAGNOSTIC,    21, -6.422621311681e-01, 1.244231354896e-03, 9.6239e-01, 4.6871e-03, 
 2DIAGNOSTIC,    22, -6.443386369839e-01, 1.164065699934e-03, 9.6757e-01, 5.1808e-03, 
 2DIAGNOSTIC,    23, -6.458367311126e-01, 1.066297096353e-03, 9.7247e-01, 4.9021e-03, 
 2DIAGNOSTIC,    24, -6.528535017854e-01, 1.047817947394e-03, 9.7815e-01, 5.6820e-03, 
 2DIAGNOSTIC,    25, -6.591704568419e-01, 1.083081273930e-03, 9.8501e-01, 6.8600e-03, 
 2DIAGNOSTIC,    26, -6.605963669155e-01, 1.093549199362e-03, 9.9036e-01, 5.3480e-03, 
 2DIAGNOSTIC,    27, -6.608439802782e-01, 1.070984926475e-03, 9.9498e-01, 4.6189e-03, 
 2DIAGNOSTIC,    28, -6.615671812913e-01, 1.019502606273e-03, 9.9967e-01, 4.6911e-03, 
 2DIAGNOSTIC,    29, -6.628794699364e-01, 9.260608616938e-04, 1.0044e+00, 4.7450e-03, 
 2DIAGNOSTIC,    30, -6.728294338046e-01, 9.537361112872e-04, 1.0109e+00, 6.4781e-03, 
 2DIAGNOSTIC,    31, -6.735477886743e-01, 9.084128478812e-04, 1.0156e+00, 4.7350e-03, 
 2DIAGNOSTIC,    32, -6.743491226657e-01, 8.254096740949e-04, 1.0203e+00, 4.6601e-03, 
 2DIAGNOSTIC,    33, -6.778518119702e-01, 7.396571596902e-04, 1.0252e+00, 4.9179e-03, 
 2DIAGNOSTIC,    34, -6.872953255553e-01, 8.064161785680e-04, 1.0350e+00, 9.8090e-03, 
 2DIAGNOSTIC,    35, -6.877328342986e-01, 8.751681673641e-04, 1.0399e+00, 4.8561e-03, 
 2DIAGNOSTIC,    36, -6.893221238416e-01, 8.964403614292e-04, 1.0447e+00, 4.8151e-03, 
 2DIAGNOSTIC,    37, -6.927394074983e-01, 8.791652803795e-04, 1.0495e+00, 4.7660e-03, 
 2DIAGNOSTIC,    38, -7.010282232330e-01, 8.854134937332e-04, 1.0543e+00, 4.8082e-03, 
 2DIAGNOSTIC,    39, -7.063966411738e-01, 8.771781655049e-04, 1.0591e+00, 4.8831e-03, 
 2DIAGNOSTIC,    40, -7.084260067946e-01, 9.204234730208e-04, 1.0639e+00, 4.8001e-03, 
 2DIAGNOSTIC,    41, -7.161114481348e-01, 9.682457794607e-04, 1.0695e+00, 5.5211e-03, 
 2DIAGNOSTIC,    42, -7.193665290502e-01, 9.624431472046e-04, 1.0762e+00, 6.7260e-03, 
 2DIAGNOSTIC,    43, -7.222683368269e-01, 9.275473487451e-04, 1.0812e+00, 5.0240e-03, 
 2DIAGNOSTIC,    44, -7.286216197443e-01, 9.651916004940e-04, 1.0862e+00, 4.9751e-03, 
 2DIAGNOSTIC,    45, -7.392777265737e-01, 1.017082107479e-03, 1.0911e+00, 4.9460e-03, 
 2DIAGNOSTIC,    46, -7.439729390695e-01, 1.027136264861e-03, 1.0961e+00, 4.9810e-03, 
 2DIAGNOSTIC,    47, -7.512606312882e-01, 1.037169720621e-03, 1.1047e+00, 8.6322e-03, 
 2DIAGNOSTIC,    48, -7.533810129943e-01, 1.041916066550e-03, 1.1097e+00, 4.9031e-03, 
 2DIAGNOSTIC,    49, -7.538709608328e-01, 9.993785461418e-04, 1.1145e+00, 4.8451e-03, 
 2DIAGNOSTIC,    50, -7.556658744953e-01, 8.945954785020e-04, 1.1199e+00, 5.4131e-03, 
 2DIAGNOSTIC,    51, -7.575308971026e-01, 7.891869006202e-04, 1.1248e+00, 4.8630e-03, 
 2DIAGNOSTIC,    52, -7.590688063668e-01, 6.527527655626e-04, 1.1303e+00, 5.5611e-03, 
 2DIAGNOSTIC,    53, -7.593196298347e-01, 4.851671636211e-04, 1.1386e+00, 8.2729e-03, 
 2DIAGNOSTIC,    54, -7.592027444371e-01, 3.270148479226e-04, 1.1435e+00, 4.9260e-03, 
 2DIAGNOSTIC,    55, -7.596794304543e-01, 2.306937429684e-04, 1.1483e+00, 4.7710e-03, 
 2DIAGNOSTIC,    56, -7.603417021106e-01, 1.553547280104e-04, 1.1530e+00, 4.6971e-03, 
 2DIAGNOSTIC,    57, -7.605240087395e-01, 1.234676384170e-04, 1.1583e+00, 5.3501e-03, 
 2DIAGNOSTIC,    58, -7.605109595283e-01, 9.677774058741e-05, 1.1639e+00, 5.5492e-03, 
 2DIAGNOSTIC,    59, -7.606323112331e-01, 6.634488335422e-05, 1.1703e+00, 6.3670e-03, 
 2DIAGNOSTIC,    60, -7.609387239708e-01, 4.527379466662e-05, 1.1750e+00, 4.7109e-03, 
 2DIAGNOSTIC,    61, -7.611535839418e-01, 3.464297023621e-05, 1.1802e+00, 5.1761e-03, 
 2DIAGNOSTIC,    62, -7.611887441256e-01, 3.176954185532e-05, 1.1853e+00, 5.1041e-03, 
 2DIAGNOSTIC,    63, -7.612205219017e-01, 2.805853990196e-05, 1.1899e+00, 4.6041e-03, 
 2DIAGNOSTIC,    64, -7.612836713094e-01, 2.146513796208e-05, 1.1946e+00, 4.7181e-03, 
 2DIAGNOSTIC,    65, -7.613194410812e-01, 1.623441011803e-05, 1.1997e+00, 5.0910e-03, 
 2DIAGNOSTIC,    66, -7.618111387238e-01, 1.692951495856e-05, 1.2048e+00, 5.1332e-03, 
 2DIAGNOSTIC,    67, -7.620605824140e-01, 1.866803092998e-05, 1.2116e+00, 6.8359e-03, 
 2DIAGNOSTIC,    68, -7.619651335426e-01, 1.795340229311e-05, 1.2162e+00, 4.5469e-03, 
 2DIAGNOSTIC,    69, -7.618521118618e-01, 1.567564653578e-05, 1.2208e+00, 4.6370e-03, 
 2DIAGNOSTIC,    70, -7.618533054841e-01, 1.382449883405e-05, 1.2253e+00, 4.4870e-03, 
 2DIAGNOSTIC,    71, -7.618556277660e-01, 1.194711047890e-05, 1.2298e+00, 4.4699e-03, 
 2DIAGNOSTIC,    72, -7.618600765081e-01, 9.211417178426e-06, 1.2352e+00, 5.3821e-03, 
 2DIAGNOSTIC,    73, -7.619776982632e-01, 6.607534721956e-06, 1.2417e+00, 6.5639e-03, 
 2DIAGNOSTIC,    74, -7.618620127729e-01, 3.242849137094e-06, 1.2477e+00, 5.9578e-03, 
DIAGNOSTIC,Iteration,metricValue,convergenceValue,ITERATION_TIME_INDEX,SINCE_LAST
 2DIAGNOSTIC,     1, -6.044677979458e-01, 1.797693134862e+308, 2.0665e+00, 8.1885e-01, 
 2DIAGNOSTIC,     2, -6.053741515460e-01, 1.797693134862e+308, 2.1054e+00, 3.8853e-02, 
 2DIAGNOSTIC,     3, -6.066407304662e-01, 1.797693134862e+308, 2.1386e+00, 3.3166e-02, 
 2DIAGNOSTIC,     4, -6.081728588503e-01, 1.797693134862e+308, 2.1725e+00, 3.3908e-02, 
 2DIAGNOSTIC,     5, -6.093424683229e-01, 1.797693134862e+308, 2.2052e+00, 3.2698e-02, 
 2DIAGNOSTIC,     6, -6.105666834216e-01, 1.797693134862e+308, 2.2379e+00, 3.2694e-02, 
 2DIAGNOSTIC,     7, -6.122171344999e-01, 1.797693134862e+308, 2.2718e+00, 3.3971e-02, 
 2DIAGNOSTIC,     8, -6.138548939876e-01, 1.797693134862e+308, 2.3106e+00, 3.8821e-02, 
 2DIAGNOSTIC,     9, -6.148393063514e-01, 1.797693134862e+308, 2.3573e+00, 4.6687e-02, 
 2DIAGNOSTIC,    10, -6.150087028213e-01, 1.212855095707e-03, 2.3883e+00, 3.0933e-02, 
 2DIAGNOSTIC,    11, -6.160329599953e-01, 1.062001119949e-03, 2.4203e+00, 3.1995e-02, 
 2DIAGNOSTIC,    12, -6.202461381393e-01, 1.037550328611e-03, 2.4595e+00, 3.9221e-02, 
 2DIAGNOSTIC,    13, -6.205181662075e-01, 9.730408192368e-04, 2.5023e+00, 4.2810e-02, 
 2DIAGNOSTIC,    14, -6.205180827693e-01, 8.820286283732e-04, 2.5401e+00, 3.7770e-02, 
 2DIAGNOSTIC,    15, -6.205142536295e-01, 7.613270828110e-04, 2.5714e+00, 3.1361e-02, 
 2DIAGNOSTIC,    16, -6.205129080569e-01, 6.205310739997e-04, 2.6044e+00, 3.3026e-02, 
 2DIAGNOSTIC,    17, -6.205080981977e-01, 4.814232179843e-04, 2.6357e+00, 3.1254e-02, 
 2DIAGNOSTIC,    18, -6.205400146198e-01, 3.557887927805e-04, 2.6685e+00, 3.2761e-02, 
 2DIAGNOSTIC,    19, -6.205596523832e-01, 2.369521717974e-04, 2.7007e+00, 3.2202e-02, 
 2DIAGNOSTIC,    20, -6.205705295726e-01, 1.130127162087e-04, 2.7324e+00, 3.1743e-02, 
 2DIAGNOSTIC,    21, -6.206103603446e-01, 1.143374489503e-05, 2.7673e+00, 3.4863e-02, 
 2DIAGNOSTIC,    22, -6.206482856828e-01, 7.278075282051e-06, 2.8133e+00, 4.6048e-02, 
 2DIAGNOSTIC,    23, -6.206353547353e-01, 8.119821287331e-06, 2.8499e+00, 3.6630e-02, 
 2DIAGNOSTIC,    24, -6.206493917261e-01, 8.548050032767e-06, 2.8828e+00, 3.2858e-02, 
 2DIAGNOSTIC,    25, -6.207047299167e-01, 9.217824132712e-06, 2.9209e+00, 3.8056e-02, 
 2DIAGNOSTIC,    26, -6.207637512163e-01, 1.008330507351e-05, 2.9534e+00, 3.2565e-02, 
 2DIAGNOSTIC,    27, -6.207516005760e-01, 9.726438105616e-06, 2.9954e+00, 4.1954e-02, 
 2DIAGNOSTIC,    28, -6.208237259638e-01, 1.033857306038e-05, 3.0354e+00, 4.0053e-02, 
 2DIAGNOSTIC,    29, -6.208726556821e-01, 1.111581311922e-05, 3.0763e+00, 4.0831e-02, 
 2DIAGNOSTIC,    30, -6.209341210015e-01, 1.196174794688e-05, 3.1122e+00, 3.5893e-02, 
 2DIAGNOSTIC,    31, -6.209284223022e-01, 1.219664115928e-05, 3.1508e+00, 3.8628e-02, 
 2DIAGNOSTIC,    32, -6.209308465661e-01, 1.198078795596e-05, 3.1849e+00, 3.4121e-02, 
 2DIAGNOSTIC,    33, -6.210049152530e-01, 1.159990383277e-05, 3.2344e+00, 4.9502e-02, 
 2DIAGNOSTIC,    34, -6.210478888856e-01, 1.094226750656e-05, 3.2715e+00, 3.7072e-02, 
 2DIAGNOSTIC,    35, -6.209743472365e-01, 9.104567411315e-06, 3.3079e+00, 3.6448e-02, 
 2DIAGNOSTIC,    36, -6.209849623955e-01, 7.553707327801e-06, 3.3397e+00, 3.1808e-02, 
 2DIAGNOSTIC,    37, -6.209933963593e-01, 5.390935777828e-06, 3.3706e+00, 3.0848e-02, 
 2DIAGNOSTIC,    38, -6.211317670062e-01, 5.417527350709e-06, 3.4009e+00, 3.0272e-02, 
 2DIAGNOSTIC,    39, -6.215737404672e-01, 1.072292933913e-05, 3.4432e+00, 4.2368e-02, 
 2DIAGNOSTIC,    40, -6.216253031133e-01, 1.602017286595e-05, 3.4889e+00, 4.5711e-02, 
 2DIAGNOSTIC,    41, -6.216244399260e-01, 1.961795384274e-05, 3.5211e+00, 3.2207e-02, 
 2DIAGNOSTIC,    42, -6.216308738607e-01, 2.138942084649e-05, 3.5530e+00, 3.1817e-02, 
 2DIAGNOSTIC,    43, -6.216252930894e-01, 2.178271763374e-05, 3.5817e+00, 2.8713e-02, 
 2DIAGNOSTIC,    44, -6.216288971234e-01, 2.057552042610e-05, 3.6099e+00, 2.8218e-02, 
 2DIAGNOSTIC,    45, -6.216265124972e-01, 1.674316186558e-05, 3.6396e+00, 2.9733e-02, 
 2DIAGNOSTIC,    46, -6.216554894105e-01, 1.202425996355e-05, 3.6707e+00, 3.1080e-02, 
 2DIAGNOSTIC,    47, -6.216667080249e-01, 6.627726156342e-06, 3.7053e+00, 3.4581e-02, 
 2DIAGNOSTIC,    48, -6.216756726074e-01, 2.182755961162e-06, 3.7354e+00, 3.0135e-02, 
 2DIAGNOSTIC,    49, -6.217084271502e-01, 2.215563472224e-06, 3.7689e+00, 3.3485e-02, 
 2DIAGNOSTIC,    50, -6.217442245675e-01, 2.893191496649e-06, 3.8144e+00, 4.5459e-02, 
 2DIAGNOSTIC,    51, -6.218587084981e-01, 4.340412104051e-06, 3.8592e+00, 4.4797e-02, 
 2DIAGNOSTIC,    52, -6.218277670337e-01, 5.137163782403e-06, 3.9109e+00, 5.1699e-02, 
 2DIAGNOSTIC,    53, -6.218277762243e-01, 5.446321733587e-06, 3.9390e+00, 2.8178e-02, 
 2DIAGNOSTIC,    54, -6.218288920078e-01, 5.330848597336e-06, 3.9672e+00, 2.8163e-02, 
 2DIAGNOSTIC,    55, -6.218305717466e-01, 4.739892111669e-06, 3.9985e+00, 3.1314e-02, 
 2DIAGNOSTIC,    56, -6.218319043101e-01, 4.005484447268e-06, 4.0270e+00, 2.8450e-02, 
 2DIAGNOSTIC,    57, -6.218115899715e-01, 2.900196784710e-06, 4.0557e+00, 2.8728e-02, 
 2DIAGNOSTIC,    58, -6.218258564161e-01, 1.808733395513e-06, 4.0900e+00, 3.4358e-02, 
DIAGNOSTIC,Iteration,metricValue,convergenceValue,ITERATION_TIME_INDEX,SINCE_LAST
 2DIAGNOSTIC,     1, -5.349406954447e-01, 1.797693134862e+308, 5.3388e+00, 1.2488e+00, 
 2DIAGNOSTIC,     2, -5.352441684682e-01, 1.797693134862e+308, 5.5889e+00, 2.5002e-01, 
 2DIAGNOSTIC,     3, -5.353792291048e-01, 1.797693134862e+308, 5.8319e+00, 2.4303e-01, 
 2DIAGNOSTIC,     4, -5.354483156179e-01, 1.797693134862e+308, 6.0681e+00, 2.3618e-01, 
 2DIAGNOSTIC,     5, -5.355154772304e-01, 1.797693134862e+308, 6.3069e+00, 2.3878e-01, 
 2DIAGNOSTIC,     6, -5.356011851056e-01, 1.797693134862e+308, 6.5403e+00, 2.3342e-01, 
 2DIAGNOSTIC,     7, -5.356753022495e-01, 1.797693134862e+308, 6.8914e+00, 3.5117e-01, 
 2DIAGNOSTIC,     8, -5.356885086440e-01, 1.797693134862e+308, 7.2042e+00, 3.1274e-01, 
 2DIAGNOSTIC,     9, -5.357065546973e-01, 1.797693134862e+308, 7.4539e+00, 2.4977e-01, 
 2DIAGNOSTIC,    10, -5.357287509703e-01, 8.434647393089e-05, 7.6877e+00, 2.3376e-01, 
 2DIAGNOSTIC,    11, -5.357754024130e-01, 5.649079984936e-05, 8.0165e+00, 3.2883e-01, 
 2DIAGNOSTIC,    12, -5.358015312796e-01, 4.285865192501e-05, 8.2906e+00, 2.7411e-01, 
 2DIAGNOSTIC,    13, -5.359085401203e-01, 3.756855401968e-05, 8.6218e+00, 3.3118e-01, 
 2DIAGNOSTIC,    14, -5.359283504371e-01, 3.313434982667e-05, 8.9583e+00, 3.3643e-01, 
 2DIAGNOSTIC,    15, -5.359255486270e-01, 2.872215991465e-05, 9.4659e+00, 5.0766e-01, 
 2DIAGNOSTIC,    16, -5.359244624540e-01, 2.520969760822e-05, 1.0399e+01, 9.3279e-01, 
 2DIAGNOSTIC,    17, -5.359244624540e-01, 2.227074365297e-05, 1.0821e+01, 4.2186e-01, 
 2DIAGNOSTIC,    18, -5.359244624540e-01, 1.811841853069e-05, 1.1148e+01, 3.2712e-01, 
 2DIAGNOSTIC,    19, -5.359244624540e-01, 1.338126281252e-05, 1.1426e+01, 2.7865e-01, 
 2DIAGNOSTIC,    20, -5.359244624540e-01, 8.637607446772e-06, 1.1705e+01, 2.7912e-01, 
 2DIAGNOSTIC,    21, -5.359244624540e-01, 4.890641020459e-06, 1.2006e+01, 3.0031e-01, 
 2DIAGNOSTIC,    22, -5.359244624540e-01, 1.730140223581e-06, 1.2304e+01, 2.9794e-01, 
 2DIAGNOSTIC,    23, -5.359244624540e-01, 1.271992056046e-06, 1.2614e+01, 3.1052e-01, 
 2DIAGNOSTIC,    24, -5.359244624540e-01, 1.301878267371e-06, 1.2981e+01, 3.6669e-01, 
 2DIAGNOSTIC,    25, -5.359244624540e-01, 1.272833861768e-06, 1.3285e+01, 3.0444e-01, 
 2DIAGNOSTIC,    26, -5.359244624540e-01, 1.223862548992e-06, 1.3591e+01, 3.0536e-01, 
 2DIAGNOSTIC,    27, -5.359244624540e-01, 1.178519893993e-06, 1.3919e+01, 3.2864e-01, 
 2DIAGNOSTIC,    28, -5.359244624540e-01, 1.136416993071e-06, 1.4206e+01, 2.8641e-01, 
 2DIAGNOSTIC,    29, -5.359244624540e-01, 1.097218600032e-06, 1.4454e+01, 2.4858e-01, 
 2DIAGNOSTIC,    30, -5.359244624540e-01, 1.060634180962e-06, 1.4790e+01, 3.3577e-01, 
 2DIAGNOSTIC,    31, -5.359244624540e-01, 1.026410700600e-06, 1.5145e+01, 3.5477e-01, 
DIAGNOSTIC,Iteration,metricValue,convergenceValue,ITERATION_TIME_INDEX,SINCE_LAST
 2DIAGNOSTIC,     1, -4.896259651895e-01, 1.797693134862e+308, 1.9131e+01, 3.9864e+00, 
 2DIAGNOSTIC,     2, -4.896271647502e-01, 1.797693134862e+308, 2.1052e+01, 1.9211e+00, 
 2DIAGNOSTIC,     3, -4.896271015764e-01, 1.797693134862e+308, 2.2981e+01, 1.9282e+00, 
 2DIAGNOSTIC,     4, -4.896268110968e-01, 1.797693134862e+308, 2.5068e+01, 2.0877e+00, 
 2DIAGNOSTIC,     5, -4.896266190883e-01, 1.797693134862e+308, 2.6615e+01, 1.5464e+00, 
 2DIAGNOSTIC,     6, -4.896261775008e-01, 1.797693134862e+308, 2.8355e+01, 1.7405e+00, 
 2DIAGNOSTIC,     7, -4.896257680248e-01, 1.797693134862e+308, 2.9973e+01, 1.6175e+00, 
 2DIAGNOSTIC,     8, -4.896255845221e-01, 1.797693134862e+308, 3.1512e+01, 1.5392e+00, 
 2DIAGNOSTIC,     9, -4.896255264063e-01, 1.797693134862e+308, 3.3247e+01, 1.7346e+00, 
 2DIAGNOSTIC,    10, -4.896256743390e-01, 2.986699269278e-06, 3.4742e+01, 1.4954e+00, 
 2DIAGNOSTIC,    11, -4.896254791985e-01, 2.660415472783e-06, 3.6265e+01, 1.5233e+00, 
 2DIAGNOSTIC,    12, -4.896254261713e-01, 2.465244878749e-06, 3.7778e+01, 1.5131e+00, 
 2DIAGNOSTIC,    13, -4.896254890454e-01, 2.317077201525e-06, 3.9599e+01, 1.8212e+00, 
 2DIAGNOSTIC,    14, -4.896253977295e-01, 2.185583362832e-06, 4.1429e+01, 1.8300e+00, 
 2DIAGNOSTIC,    15, -4.896251901203e-01, 2.064280292591e-06, 4.3141e+01, 1.7114e+00, 
 2DIAGNOSTIC,    16, -4.896251095047e-01, 1.944995723896e-06, 4.4542e+01, 1.4009e+00, 
 2DIAGNOSTIC,    17, -4.896250535215e-01, 1.828049647198e-06, 4.6210e+01, 1.6684e+00, 
 2DIAGNOSTIC,    18, -4.896249762954e-01, 1.719576284219e-06, 4.7688e+01, 1.4777e+00, 
 2DIAGNOSTIC,    19, -4.896248095464e-01, 1.619908688737e-06, 4.9113e+01, 1.4256e+00, 
 2DIAGNOSTIC,    20, -4.896250370917e-01, 1.546529395859e-06, 5.0675e+01, 1.5614e+00, 
 2DIAGNOSTIC,    21, -4.896251086111e-01, 1.480633719533e-06, 5.2147e+01, 1.4721e+00, 
 2DIAGNOSTIC,    22, -4.896251133113e-01, 1.422460675880e-06, 5.3535e+01, 1.3880e+00, 
 2DIAGNOSTIC,    23, -4.896253178347e-01, 1.378423491225e-06, 5.5055e+01, 1.5201e+00, 
 2DIAGNOSTIC,    24, -4.896255601150e-01, 1.342180477135e-06, 5.6660e+01, 1.6053e+00, 
 2DIAGNOSTIC,    25, -4.896256131508e-01, 1.303499399377e-06, 5.8383e+01, 1.7225e+00, 
 2DIAGNOSTIC,    26, -4.896257208462e-01, 1.265486532155e-06, 5.9965e+01, 1.5817e+00, 
 2DIAGNOSTIC,    27, -4.896258518220e-01, 1.228035360151e-06, 6.2414e+01, 2.4495e+00, 
 2DIAGNOSTIC,    28, -4.896257670385e-01, 1.185251622446e-06, 6.3906e+01, 1.4915e+00, 
 2DIAGNOSTIC,    29, -4.896257902408e-01, 1.137802533795e-06, 6.5325e+01, 1.4196e+00, 
 2DIAGNOSTIC,    30, -4.896255967677e-01, 1.090299948998e-06, 6.6792e+01, 1.4665e+00, 
 2DIAGNOSTIC,    31, -4.896256630086e-01, 1.045758255519e-06, 6.8495e+01, 1.7035e+00, 
  Elapsed time (stage 0): 6.9447e+01


Total elapsed time: 6.9449e+01
Info [verificarlo]: loaded backend libinterflop_vprec.so
Info [interflop-vprec]: load backend with: 
Info [interflop-vprec]: precision-binary32 = 23
Info [interflop-vprec]: range-binary32 = 7
Info [interflop-vprec]: precision-binary64 = 23
Info [interflop-vprec]: range-binary64 = 7
Info [interflop-vprec]: mode = ob
Info [interflop-vprec]: error-mode = rel
Info [interflop-vprec]: max-abs-error-exponent = -1022
Info [interflop-vprec]: daz = false
Info [interflop-vprec]: ftz = false
Info [interflop-vprec]: 	instrument = none
Info [interflop-vprec]: 	prec-input-file = (null)
Info [interflop-vprec]: 	prec-output-file = (null)
Info [interflop-vprec]: 	prec-log-file = (null)
All_Command_lines_OK
Using double precision for computations.
=============================================================================
The composite transform comprises the following transforms (in order): 
  1. /home/mdugre/scratch/mri-registration-rp/datasets/ds004513/derivatives/mri-registration-rp/0011/antsRegistration-r7-p23/sub-s025/rigid_Composite.h5[0] (type = Euler3DTransform)
  2. /home/mdugre/scratch/mri-registration-rp/datasets/ds004513/derivatives/mri-registration-rp/0011/antsRegistration-r7-p23/sub-s025/rigid_Composite.h5[1] (type = Euler3DTransform)
  3. /home/mdugre/scratch/mri-registration-rp/datasets/ds004513/derivatives/mri-registration-rp/0011/antsRegistration-r7-p23/sub-s025/rigid_Composite.h5[2] (type = Euler3DTransform)
=============================================================================
  number of levels = 4
  fixed image: /templateflow/tpl-MNI152NLin2009cAsym/tpl-MNI152NLin2009cAsym_res-01_desc-brain_T1w.nii.gz
  moving image: /home/mdugre/scratch/mri-registration-rp/datasets/ds004513/derivatives/mri-registration-rp/antsBrainExtraction/sub-s025/BrainExtractionBrain.nii.gz
Dimension = 3
Number of stages = 1
Use histogram matching = false
Winsorize image intensities = true
  Lower quantile = 0.005
  Upper quantile = 0.995


Stage 1 State
   Image metric = MattesMI
     Fixed image = Image (0x48b5490)
  RTTI typeinfo:   itk::Image<double, 3u>
  Reference Count: 2
  Modified Time: 1594
  Debug: Off
  Object Name: 
  Observers: 
    none
  Source: (none)
  Source output name: (none)
  Release Data: Off
  Data Released: False
  Global Release Data: Off
  PipelineMTime: 0
  UpdateMTime: 1203
  RealTimeStamp: 0 seconds 
  LargestPossibleRegion: 
    Dimension: 3
    Index: [0, 0, 0]
    Size: [193, 229, 193]
  BufferedRegion: 
    Dimension: 3
    Index: [0, 0, 0]
    Size: [193, 229, 193]
  RequestedRegion: 
    Dimension: 3
    Index: [0, 0, 0]
    Size: [193, 229, 193]
  Spacing: [1, 1, 1]
  Origin: [96, 132, -78]
  Direction: 
-1 0 0
0 -1 0
0 0 1

  IndexToPointMatrix: 
-1 0 0
0 -1 0
0 0 1

  PointToIndexMatrix: 
-1 0 0
0 -1 0
0 0 1

  Inverse Direction: 
-1 0 0
0 -1 0
0 0 1

  PixelContainer: 
    ImportImageContainer (0x49808c0)
      RTTI typeinfo:   itk::ImportImageContainer<unsigned long, double>
      Reference Count: 1
      Modified Time: 1200
      Debug: Off
      Object Name: 
      Observers: 
        none
      Pointer: 0x14a4be28a010
      Container manages memory: true
      Size: 8530021
      Capacity: 8530021

     Moving image = Image (0x4970b60)
  RTTI typeinfo:   itk::Image<double, 3u>
  Reference Count: 2
  Modified Time: 1595
  Debug: Off
  Object Name: 
  Observers: 
    none
  Source: (none)
  Source output name: (none)
  Release Data: Off
  Data Released: False
  Global Release Data: Off
  PipelineMTime: 0
  UpdateMTime: 1592
  RealTimeStamp: 0 seconds 
  LargestPossibleRegion: 
    Dimension: 3
    Index: [0, 0, 0]
    Size: [176, 240, 256]
  BufferedRegion: 
    Dimension: 3
    Index: [0, 0, 0]
    Size: [176, 240, 256]
  RequestedRegion: 
    Dimension: 3
    Index: [0, 0, 0]
    Size: [176, 240, 256]
  Spacing: [0.999999, 1, 1]
  Origin: [90.3778, 84.5091, -154.071]
  Direction: 
-0.999391 7.48184e-06 -0.0348969
-7.47664e-06 -1 -2.7953e-07
-0.0348969 -1.84481e-08 0.999391

  IndexToPointMatrix: 
-0.99939 7.48184e-06 -0.0348969
-7.47663e-06 -1 -2.7953e-07
-0.0348968 -1.84481e-08 0.999391

  PointToIndexMatrix: 
-0.999392 -7.47665e-06 -0.0348969
7.48496e-06 -1 -1.07778e-07
-0.0348969 -3.68914e-07 0.999391

  Inverse Direction: 
-0.999391 -7.47664e-06 -0.0348969
7.48496e-06 -1 -1.07778e-07
-0.0348969 -3.68914e-07 0.999391

  PixelContainer: 
    ImportImageContainer (0x4a041d0)
      RTTI typeinfo:   itk::ImportImageContainer<unsigned long, double>
      Reference Count: 1
      Modified Time: 1589
      Debug: Off
      Object Name: 
      Observers: 
        none
      Pointer: 0x14a4b9009010
      Container manages memory: true
      Size: 10813440
      Capacity: 10813440

     Weighting = 1
     Sampling strategy = regular
     Number of bins = 32
     Radius = 4
     Sampling percentage  = 0.25
   Transform = Affine
     Gradient step = 0.1
     Update field sigma (voxel space) = 0
     Total field sigma (voxel space) = 0
     Update field time sigma = 0
     Total field time sigma  = 0
     Number of time indices = 0
     Number of time point samples = 0
Registration using 1 total stages.

Stage 0
  iterations = 1000x500x250x100
  convergence threshold = 1e-06
  convergence window size = 10
  number of levels = 4
  using the Mattes MI metric (number of bins = 32, weight = 1, use gradient filter = 0)
  preprocessing:  winsorizing the image intensities
  Shrink factors (level 1 out of 4): [8, 8, 8]
  Shrink factors (level 2 out of 4): [4, 4, 4]
  Shrink factors (level 3 out of 4): [2, 2, 2]
  Shrink factors (level 4 out of 4): [1, 1, 1]
  smoothing sigmas per level: [3, 2, 1, 0]
  regular sampling (percentage = 0.25)

*** Running AffineTransform registration ***

DIAGNOSTIC,Iteration,metricValue,convergenceValue,ITERATION_TIME_INDEX,SINCE_LAST
 2DIAGNOSTIC,     1, -7.481828606663e-01, 1.797693134862e+308, 0.0000e+00, 0.0000e+00, 
 2DIAGNOSTIC,     2, -7.503626308867e-01, 1.797693134862e+308, 0.0000e+00, 0.0000e+00, 
 2DIAGNOSTIC,     3, -7.535092877951e-01, 1.797693134862e+308, 0.0000e+00, 0.0000e+00, 
 2DIAGNOSTIC,     4, -7.594893825930e-01, 1.797693134862e+308, 0.0000e+00, 0.0000e+00, 
 2DIAGNOSTIC,     5, -7.695122986859e-01, 1.797693134862e+308, 0.0000e+00, 0.0000e+00, 
 2DIAGNOSTIC,     6, -7.847469745803e-01, 1.797693134862e+308, 0.0000e+00, 0.0000e+00, 
 2DIAGNOSTIC,     7, -8.105453733224e-01, 1.797693134862e+308, 0.0000e+00, 0.0000e+00, 
 2DIAGNOSTIC,     8, -8.853943609839e-01, 1.797693134862e+308, 0.0000e+00, 0.0000e+00, 
 2DIAGNOSTIC,     9, -9.185491327391e-01, 1.797693134862e+308, 0.0000e+00, 0.0000e+00, 
 2DIAGNOSTIC,    10, -9.215972664331e-01, 1.541351105528e-02, 0.0000e+00, 0.0000e+00, 
 2DIAGNOSTIC,    11, -9.319498815299e-01, 1.568508094165e-02, 0.0000e+00, 0.0000e+00, 
 2DIAGNOSTIC,    12, -9.349266825106e-01, 1.464813420007e-02, 0.0000e+00, 0.0000e+00, 
 2DIAGNOSTIC,    13, -9.363893196069e-01, 1.256657353568e-02, 0.0000e+00, 0.0000e+00, 
 2DIAGNOSTIC,    14, -9.369702666058e-01, 9.830516579753e-03, 0.0000e+00, 0.0000e+00, 
 2DIAGNOSTIC,    15, -9.372813240631e-01, 6.855168357474e-03, 0.0000e+00, 0.0000e+00, 
 2DIAGNOSTIC,    16, -9.381451492104e-01, 4.006182421454e-03, 0.0000e+00, 0.0000e+00, 
 2DIAGNOSTIC,    17, -9.381374255746e-01, 1.620529611619e-03, 0.0000e+00, 0.0000e+00, 
 2DIAGNOSTIC,    18, -9.385300451205e-01, 7.304649887746e-04, 0.0000e+00, 0.0000e+00, 
 2DIAGNOSTIC,    19, -9.384286205997e-01, 4.436937800664e-04, 0.0000e+00, 0.0000e+00, 
 2DIAGNOSTIC,    20, -9.383200630784e-01, 1.907385628113e-04, 0.0000e+00, 0.0000e+00, 
 2DIAGNOSTIC,    21, -9.382083449100e-01, 1.031119156290e-04, 0.0000e+00, 0.0000e+00, 
 2DIAGNOSTIC,    22, -9.381250028748e-01, 5.653979708169e-05, 0.0000e+00, 0.0000e+00, 
 2DIAGNOSTIC,    23, -9.381645487304e-01, 3.011010094934e-05, 0.0000e+00, 0.0000e+00, 
 2DIAGNOSTIC,    24, -9.379116029124e-01, 7.706046676090e-06, 0.0000e+00, 0.0000e+00, 
DIAGNOSTIC,Iteration,metricValue,convergenceValue,ITERATION_TIME_INDEX,SINCE_LAST
 2DIAGNOSTIC,     1, -7.505965339653e-01, 1.797693134862e+308, 0.0000e+00, 0.0000e+00, 
 2DIAGNOSTIC,     2, -7.509462787647e-01, 1.797693134862e+308, 0.0000e+00, 0.0000e+00, 
 2DIAGNOSTIC,     3, -7.514052969285e-01, 1.797693134862e+308, 0.0000e+00, 0.0000e+00, 
 2DIAGNOSTIC,     4, -7.518936644719e-01, 1.797693134862e+308, 0.0000e+00, 0.0000e+00, 
 2DIAGNOSTIC,     5, -7.528954586663e-01, 1.797693134862e+308, 0.0000e+00, 0.0000e+00, 
 2DIAGNOSTIC,     6, -7.540185228510e-01, 1.797693134862e+308, 0.0000e+00, 0.0000e+00, 
 2DIAGNOSTIC,     7, -7.540049580725e-01, 1.797693134862e+308, 0.0000e+00, 0.0000e+00, 
 2DIAGNOSTIC,     8, -7.540027364490e-01, 1.797693134862e+308, 0.0000e+00, 0.0000e+00, 
 2DIAGNOSTIC,     9, -7.540153257692e-01, 1.797693134862e+308, 0.0000e+00, 0.0000e+00, 
 2DIAGNOSTIC,    10, -7.540229816455e-01, 3.468443775845e-04, 0.0000e+00, 0.0000e+00, 
 2DIAGNOSTIC,    11, -7.540372222815e-01, 2.562278740520e-04, 0.0000e+00, 0.0000e+00, 
 2DIAGNOSTIC,    12, -7.540879921160e-01, 1.707761205019e-04, 0.0000e+00, 0.0000e+00, 
 2DIAGNOSTIC,    13, -7.540880985856e-01, 9.708244273579e-05, 0.0000e+00, 0.0000e+00, 
 2DIAGNOSTIC,    14, -7.540786350444e-01, 3.784468605132e-05, 0.0000e+00, 0.0000e+00, 
 2DIAGNOSTIC,    15, -7.540943348493e-01, 8.069409090927e-06, 0.0000e+00, 0.0000e+00, 
 2DIAGNOSTIC,    16, -7.541240844123e-01, 8.649169437810e-06, 0.0000e+00, 0.0000e+00, 
 2DIAGNOSTIC,    17, -7.541755382993e-01, 9.357695156510e-06, 0.0000e+00, 0.0000e+00, 
 2DIAGNOSTIC,    18, -7.541542202905e-01, 8.780684885822e-06, 0.0000e+00, 0.0000e+00, 
 2DIAGNOSTIC,    19, -7.542178394060e-01, 9.179241946863e-06, 0.0000e+00, 0.0000e+00, 
 2DIAGNOSTIC,    20, -7.541544297476e-01, 7.763337695608e-06, 0.0000e+00, 0.0000e+00, 
 2DIAGNOSTIC,    21, -7.541440521065e-01, 5.974553842367e-06, 0.0000e+00, 0.0000e+00, 
 2DIAGNOSTIC,    22, -7.541443722981e-01, 4.804912017847e-06, 0.0000e+00, 0.0000e+00, 
 2DIAGNOSTIC,    23, -7.540582755237e-01, 2.008019996246e-06, 0.0000e+00, 0.0000e+00, 
DIAGNOSTIC,Iteration,metricValue,convergenceValue,ITERATION_TIME_INDEX,SINCE_LAST
 2DIAGNOSTIC,     1, -6.420588609258e-01, 1.797693134862e+308, 0.0000e+00, 0.0000e+00, 
 2DIAGNOSTIC,     2, -6.424531299590e-01, 1.797693134862e+308, 0.0000e+00, 0.0000e+00, 
 2DIAGNOSTIC,     3, -6.428673133853e-01, 1.797693134862e+308, 0.0000e+00, 0.0000e+00, 
 2DIAGNOSTIC,     4, -6.432792079747e-01, 1.797693134862e+308, 0.0000e+00, 0.0000e+00, 
 2DIAGNOSTIC,     5, -6.442380819100e-01, 1.797693134862e+308, 0.0000e+00, 0.0000e+00, 
 2DIAGNOSTIC,     6, -6.452285876474e-01, 1.797693134862e+308, 0.0000e+00, 0.0000e+00, 
 2DIAGNOSTIC,     7, -6.452497643431e-01, 1.797693134862e+308, 0.0000e+00, 0.0000e+00, 
 2DIAGNOSTIC,     8, -6.452485208431e-01, 1.797693134862e+308, 0.0000e+00, 0.0000e+00, 
 2DIAGNOSTIC,     9, -6.452496166560e-01, 1.797693134862e+308, 0.0000e+00, 0.0000e+00, 
 2DIAGNOSTIC,    10, -6.452483737978e-01, 3.732978688208e-04, 0.0000e+00, 0.0000e+00, 
 2DIAGNOSTIC,    11, -6.452479972252e-01, 2.729584453529e-04, 0.0000e+00, 0.0000e+00, 
 2DIAGNOSTIC,    12, -6.452459196162e-01, 1.797434986444e-04, 0.0000e+00, 0.0000e+00, 
 2DIAGNOSTIC,    13, -6.452455872365e-01, 9.948083549052e-05, 0.0000e+00, 0.0000e+00, 
 2DIAGNOSTIC,    14, -6.452460038200e-01, 3.439466287287e-05, 0.0000e+00, 0.0000e+00, 
 2DIAGNOSTIC,    15, -6.452449410883e-01, 2.394233570305e-06, 0.0000e+00, 0.0000e+00, 
