
##########################
# Experiment information #
##########################

EXPERIMENT_NAME: antsRegistration-r8-p21
VFC_BACKENDS: libinterflop_vprec.so --range-binary32=8 --precision-binary32=21 --range-binary64=8 --precision-binary64=21

SIF_IMG: /home/mdugre/projects/rrg-glatard/mdugre/containers/ants-vprec-no_metrics.simg

SUBJECT_ID: s032
INPUT_IMG: /home/mdugre/scratch/mri-registration-rp/datasets/ds004513/derivatives/mri-registration-rp/antsBrainExtraction/sub-s032/BrainExtractionBrain.nii.gz
OUTPUT_DIR: /home/mdugre/scratch/mri-registration-rp/datasets/ds004513/derivatives/mri-registration-rp/0011/antsRegistration-r8-p21/sub-s032

FIXED_IMG: /templateflow/tpl-MNI152NLin2009cAsym/tpl-MNI152NLin2009cAsym_res-01_desc-brain_T1w.nii.gz
DATA_DIR: /home/mdugre/scratch/mri-registration-rp/datasets/ds004513
TEMPLATEFLOW_DIR: /home/mdugre/projects/rrg-glatard/mdugre/templateflow
ITK_GLOBAL_DEFAULT_NUMBER_OF_THREADS: 16
##########################

Info [verificarlo]: loaded backend libinterflop_ieee.so
Info [interflop-ieee]: load backend with:
Info [interflop-ieee]: debug = false
Info [interflop-ieee]: debug-binary = false
Info [interflop-ieee]: no-backend-name = false
Info [interflop-ieee]: print-new-line = false
Info [interflop-ieee]: print-subnormal-normalized = false
Info [interflop-ieee]: count-op = false
All_Command_lines_OK
Using double precision for computations.
=============================================================================
The composite transform comprises the following transforms (in order): 
  1. Center of mass alignment using fixed image: /templateflow/tpl-MNI152NLin2009cAsym/tpl-MNI152NLin2009cAsym_res-01_desc-brain_T1w.nii.gz and moving image: /home/mdugre/scratch/mri-registration-rp/datasets/ds004513/derivatives/mri-registration-rp/antsBrainExtraction/sub-s032/BrainExtractionBrain.nii.gz (type = Euler3DTransform)
=============================================================================
  number of levels = 1
  fixed image: /templateflow/tpl-MNI152NLin2009cAsym/tpl-MNI152NLin2009cAsym_res-01_desc-brain_T1w.nii.gz
  moving image: /home/mdugre/scratch/mri-registration-rp/datasets/ds004513/derivatives/mri-registration-rp/antsBrainExtraction/sub-s032/BrainExtractionBrain.nii.gz
Dimension = 3
Number of stages = 1
Use histogram matching = false
Winsorize image intensities = true
  Lower quantile = 0.005
  Upper quantile = 0.995


Stage 1 State
   Image metric = MattesMI
     Fixed image = Image (0x5152e70)
  RTTI typeinfo:   itk::Image<double, 3u>
  Reference Count: 2
  Modified Time: 2330
  Debug: Off
  Object Name: 
  Observers: 
    none
  Source: (none)
  Source output name: (none)
  Release Data: Off
  Data Released: False
  Global Release Data: Off
  PipelineMTime: 0
  UpdateMTime: 1941
  RealTimeStamp: 0 seconds 
  LargestPossibleRegion: 
    Dimension: 3
    Index: [0, 0, 0]
    Size: [193, 229, 193]
  BufferedRegion: 
    Dimension: 3
    Index: [0, 0, 0]
    Size: [193, 229, 193]
  RequestedRegion: 
    Dimension: 3
    Index: [0, 0, 0]
    Size: [193, 229, 193]
  Spacing: [1, 1, 1]
  Origin: [96, 132, -78]
  Direction: 
-1 0 0
0 -1 0
0 0 1

  IndexToPointMatrix: 
-1 0 0
0 -1 0
0 0 1

  PointToIndexMatrix: 
-1 0 0
0 -1 0
0 0 1

  Inverse Direction: 
-1 0 0
0 -1 0
0 0 1

  PixelContainer: 
    ImportImageContainer (0x515bc60)
      RTTI typeinfo:   itk::ImportImageContainer<unsigned long, double>
      Reference Count: 1
      Modified Time: 1938
      Debug: Off
      Object Name: 
      Observers: 
        none
      Pointer: 0x14e553de3010
      Container manages memory: true
      Size: 8530021
      Capacity: 8530021

     Moving image = Image (0x51efec0)
  RTTI typeinfo:   itk::Image<double, 3u>
  Reference Count: 2
  Modified Time: 2331
  Debug: Off
  Object Name: 
  Observers: 
    none
  Source: (none)
  Source output name: (none)
  Release Data: Off
  Data Released: False
  Global Release Data: Off
  PipelineMTime: 0
  UpdateMTime: 2328
  RealTimeStamp: 0 seconds 
  LargestPossibleRegion: 
    Dimension: 3
    Index: [0, 0, 0]
    Size: [160, 240, 256]
  BufferedRegion: 
    Dimension: 3
    Index: [0, 0, 0]
    Size: [160, 240, 256]
  RequestedRegion: 
    Dimension: 3
    Index: [0, 0, 0]
    Size: [160, 240, 256]
  Spacing: [1, 1, 1]
  Origin: [73.279, 104.707, -131.187]
  Direction: 
-0.997527 0.0645574 -0.0278053
-0.0645323 -0.997914 -0.00179875
-0.0278634 4.01097e-08 0.999612

  IndexToPointMatrix: 
-0.997527 0.0645574 -0.0278053
-0.0645323 -0.997914 -0.00179875
-0.0278634 4.01097e-08 0.999612

  PointToIndexMatrix: 
-0.997527 -0.0645323 -0.0278634
0.0645574 -0.997914 4.01049e-08
-0.0278053 -0.00179875 0.999612

  Inverse Direction: 
-0.997527 -0.0645323 -0.0278634
0.0645574 -0.997914 4.01049e-08
-0.0278053 -0.00179875 0.999612

  PixelContainer: 
    ImportImageContainer (0x5287610)
      RTTI typeinfo:   itk::ImportImageContainer<unsigned long, double>
      Reference Count: 1
      Modified Time: 2325
      Debug: Off
      Object Name: 
      Observers: 
        none
      Pointer: 0x14e54f2e2010
      Container manages memory: true
      Size: 9830400
      Capacity: 9830400

     Weighting = 1
     Sampling strategy = regular
     Number of bins = 32
     Radius = 4
     Sampling percentage  = 0.25
   Transform = Rigid
     Gradient step = 0.1
     Update field sigma (voxel space) = 0
     Total field sigma (voxel space) = 0
     Update field time sigma = 0
     Total field time sigma  = 0
     Number of time indices = 0
     Number of time point samples = 0
Registration using 1 total stages.

Stage 0
  iterations = 0
  convergence threshold = 1e-06
  convergence window size = 10
  number of levels = 1
  using the Mattes MI metric (number of bins = 32, weight = 1, use gradient filter = 0)
  preprocessing:  winsorizing the image intensities
  Shrink factors (level 1 out of 1): [1, 1, 1]
  smoothing sigmas per level: [0]
  regular sampling (percentage = 0.25)

*** Running Euler3DTransform registration ***

  Elapsed time (stage 0): 1.14891


Total elapsed time: 1.15137
Info [verificarlo]: loaded backend libinterflop_ieee.so
Info [interflop-ieee]: load backend with:
Info [interflop-ieee]: debug = false
Info [interflop-ieee]: debug-binary = false
Info [interflop-ieee]: no-backend-name = false
Info [interflop-ieee]: print-new-line = false
Info [interflop-ieee]: print-subnormal-normalized = false
Info [interflop-ieee]: count-op = false
All_Command_lines_OK
Using double precision for computations.
=============================================================================
The composite transform comprises the following transforms (in order): 
  1. /home/mdugre/scratch/mri-registration-rp/datasets/ds004513/derivatives/mri-registration-rp/0011/antsRegistration-r8-p21/sub-s032/align_Composite.h5[0] (type = Euler3DTransform)
  2. /home/mdugre/scratch/mri-registration-rp/datasets/ds004513/derivatives/mri-registration-rp/0011/antsRegistration-r8-p21/sub-s032/align_Composite.h5[1] (type = Euler3DTransform)
=============================================================================
  number of levels = 4
  fixed image: /templateflow/tpl-MNI152NLin2009cAsym/tpl-MNI152NLin2009cAsym_res-01_desc-brain_T1w.nii.gz
  moving image: /home/mdugre/scratch/mri-registration-rp/datasets/ds004513/derivatives/mri-registration-rp/antsBrainExtraction/sub-s032/BrainExtractionBrain.nii.gz
Dimension = 3
Number of stages = 1
Use histogram matching = false
Winsorize image intensities = true
  Lower quantile = 0.005
  Upper quantile = 0.995


Stage 1 State
   Image metric = MattesMI
     Fixed image = Image (0x496d530)
  RTTI typeinfo:   itk::Image<double, 3u>
  Reference Count: 2
  Modified Time: 1578
  Debug: Off
  Object Name: 
  Observers: 
    none
  Source: (none)
  Source output name: (none)
  Release Data: Off
  Data Released: False
  Global Release Data: Off
  PipelineMTime: 0
  UpdateMTime: 1189
  RealTimeStamp: 0 seconds 
  LargestPossibleRegion: 
    Dimension: 3
    Index: [0, 0, 0]
    Size: [193, 229, 193]
  BufferedRegion: 
    Dimension: 3
    Index: [0, 0, 0]
    Size: [193, 229, 193]
  RequestedRegion: 
    Dimension: 3
    Index: [0, 0, 0]
    Size: [193, 229, 193]
  Spacing: [1, 1, 1]
  Origin: [96, 132, -78]
  Direction: 
-1 0 0
0 -1 0
0 0 1

  IndexToPointMatrix: 
-1 0 0
0 -1 0
0 0 1

  PointToIndexMatrix: 
-1 0 0
0 -1 0
0 0 1

  Inverse Direction: 
-1 0 0
0 -1 0
0 0 1

  PixelContainer: 
    ImportImageContainer (0x4a2bd60)
      RTTI typeinfo:   itk::ImportImageContainer<unsigned long, double>
      Reference Count: 1
      Modified Time: 1186
      Debug: Off
      Object Name: 
      Observers: 
        none
      Pointer: 0x152daae1e010
      Container manages memory: true
      Size: 8530021
      Capacity: 8530021

     Moving image = Image (0x4a1df60)
  RTTI typeinfo:   itk::Image<double, 3u>
  Reference Count: 2
  Modified Time: 1579
  Debug: Off
  Object Name: 
  Observers: 
    none
  Source: (none)
  Source output name: (none)
  Release Data: Off
  Data Released: False
  Global Release Data: Off
  PipelineMTime: 0
  UpdateMTime: 1576
  RealTimeStamp: 0 seconds 
  LargestPossibleRegion: 
    Dimension: 3
    Index: [0, 0, 0]
    Size: [160, 240, 256]
  BufferedRegion: 
    Dimension: 3
    Index: [0, 0, 0]
    Size: [160, 240, 256]
  RequestedRegion: 
    Dimension: 3
    Index: [0, 0, 0]
    Size: [160, 240, 256]
  Spacing: [1, 1, 1]
  Origin: [73.279, 104.707, -131.187]
  Direction: 
-0.997527 0.0645574 -0.0278053
-0.0645323 -0.997914 -0.00179875
-0.0278634 4.01097e-08 0.999612

  IndexToPointMatrix: 
-0.997527 0.0645574 -0.0278053
-0.0645323 -0.997914 -0.00179875
-0.0278634 4.01097e-08 0.999612

  PointToIndexMatrix: 
-0.997527 -0.0645323 -0.0278634
0.0645574 -0.997914 4.01049e-08
-0.0278053 -0.00179875 0.999612

  Inverse Direction: 
-0.997527 -0.0645323 -0.0278634
0.0645574 -0.997914 4.01049e-08
-0.0278053 -0.00179875 0.999612

  PixelContainer: 
    ImportImageContainer (0x4a0f6d0)
      RTTI typeinfo:   itk::ImportImageContainer<unsigned long, double>
      Reference Count: 1
      Modified Time: 1573
      Debug: Off
      Object Name: 
      Observers: 
        none
      Pointer: 0x152da631d010
      Container manages memory: true
      Size: 9830400
      Capacity: 9830400

     Weighting = 1
     Sampling strategy = regular
     Number of bins = 32
     Radius = 4
     Sampling percentage  = 0.25
   Transform = Rigid
     Gradient step = 0.1
     Update field sigma (voxel space) = 0
     Total field sigma (voxel space) = 0
     Update field time sigma = 0
     Total field time sigma  = 0
     Number of time indices = 0
     Number of time point samples = 0
Registration using 1 total stages.

Stage 0
  iterations = 1000x500x250x100
  convergence threshold = 1e-06
  convergence window size = 10
  number of levels = 4
  using the Mattes MI metric (number of bins = 32, weight = 1, use gradient filter = 0)
  preprocessing:  winsorizing the image intensities
  Shrink factors (level 1 out of 4): [8, 8, 8]
  Shrink factors (level 2 out of 4): [4, 4, 4]
  Shrink factors (level 3 out of 4): [2, 2, 2]
  Shrink factors (level 4 out of 4): [1, 1, 1]
  smoothing sigmas per level: [3, 2, 1, 0]
  regular sampling (percentage = 0.25)

*** Running Euler3DTransform registration ***

DIAGNOSTIC,Iteration,metricValue,convergenceValue,ITERATION_TIME_INDEX,SINCE_LAST
 2DIAGNOSTIC,     1, -5.480496989617e-01, 1.797693134862e+308, 7.6318e-01, 7.6318e-01, 
 2DIAGNOSTIC,     2, -5.506811078454e-01, 1.797693134862e+308, 7.6799e-01, 4.8170e-03, 
 2DIAGNOSTIC,     3, -5.546514955662e-01, 1.797693134862e+308, 7.7314e-01, 5.1479e-03, 
 2DIAGNOSTIC,     4, -5.606863537750e-01, 1.797693134862e+308, 7.7782e-01, 4.6759e-03, 
 2DIAGNOSTIC,     5, -5.693661845193e-01, 1.797693134862e+308, 7.8253e-01, 4.7090e-03, 
 2DIAGNOSTIC,     6, -5.854078830086e-01, 1.797693134862e+308, 7.8738e-01, 4.8578e-03, 
 2DIAGNOSTIC,     7, -6.232769732918e-01, 1.797693134862e+308, 7.9218e-01, 4.7998e-03, 
 2DIAGNOSTIC,     8, -6.297683730473e-01, 1.797693134862e+308, 7.9768e-01, 5.5010e-03, 
 2DIAGNOSTIC,     9, -6.366738733405e-01, 1.797693134862e+308, 8.0633e-01, 8.6489e-03, 
 2DIAGNOSTIC,    10, -6.375630690827e-01, 1.201760866083e-02, 8.1132e-01, 4.9899e-03, 
 2DIAGNOSTIC,    11, -6.405337628679e-01, 1.087684809450e-02, 8.1601e-01, 4.6880e-03, 
 2DIAGNOSTIC,    12, -6.435528997438e-01, 9.167753354490e-03, 8.2128e-01, 5.2660e-03, 
 2DIAGNOSTIC,    13, -6.444720921444e-01, 7.089498731847e-03, 8.2592e-01, 4.6391e-03, 
 2DIAGNOSTIC,    14, -6.463616611293e-01, 4.967892496988e-03, 8.3118e-01, 5.2669e-03, 
 2DIAGNOSTIC,    15, -6.484646963404e-01, 3.033020789043e-03, 8.3939e-01, 8.2040e-03, 
 2DIAGNOSTIC,    16, -6.486009987994e-01, 1.520386367320e-03, 8.4428e-01, 4.8921e-03, 
 2DIAGNOSTIC,    17, -6.493699344760e-01, 1.108203205204e-03, 8.4880e-01, 4.5171e-03, 
 2DIAGNOSTIC,    18, -6.514578195065e-01, 8.586162135987e-04, 8.5333e-01, 4.5369e-03, 
 2DIAGNOSTIC,    19, -6.526592717406e-01, 7.533650369805e-04, 8.5794e-01, 4.6020e-03, 
 2DIAGNOSTIC,    20, -6.536191777189e-01, 6.303067369292e-04, 8.6244e-01, 4.5090e-03, 
 2DIAGNOSTIC,    21, -6.549162298979e-01, 5.534292205378e-04, 8.6689e-01, 4.4410e-03, 
 2DIAGNOSTIC,    22, -6.562385790832e-01, 5.226986103231e-04, 8.7252e-01, 5.6379e-03, 
 2DIAGNOSTIC,    23, -6.565000058113e-01, 4.680180012233e-04, 8.7749e-01, 4.9651e-03, 
 2DIAGNOSTIC,    24, -6.565387353854e-01, 4.101063704200e-04, 8.8257e-01, 5.0850e-03, 
 2DIAGNOSTIC,    25, -6.567702146892e-01, 3.618032093013e-04, 8.8764e-01, 5.0640e-03, 
 2DIAGNOSTIC,    26, -6.583507212369e-01, 3.132611037336e-04, 8.9229e-01, 4.6539e-03, 
 2DIAGNOSTIC,    27, -6.586527568469e-01, 2.554116018357e-04, 8.9687e-01, 4.5750e-03, 
 2DIAGNOSTIC,    28, -6.593310437739e-01, 2.225767143856e-04, 9.0238e-01, 5.5141e-03, 
 2DIAGNOSTIC,    29, -6.595734041655e-01, 1.939316665350e-04, 9.0728e-01, 4.9000e-03, 
 2DIAGNOSTIC,    30, -6.595955819569e-01, 1.634946778535e-04, 9.1225e-01, 4.9720e-03, 
 2DIAGNOSTIC,    31, -6.596949967569e-01, 1.392755860938e-04, 9.1656e-01, 4.3030e-03, 
 2DIAGNOSTIC,    32, -6.597157295314e-01, 1.221677497622e-04, 9.2132e-01, 4.7650e-03, 
 2DIAGNOSTIC,    33, -6.597001423847e-01, 9.820426863297e-05, 9.2827e-01, 6.9449e-03, 
 2DIAGNOSTIC,    34, -6.595254449708e-01, 6.486903007870e-05, 9.3257e-01, 4.3080e-03, 
 2DIAGNOSTIC,    35, -6.595295822814e-01, 3.010817891144e-05, 9.3678e-01, 4.2100e-03, 
 2DIAGNOSTIC,    36, -6.595351297939e-01, 1.424396567188e-05, 9.4108e-01, 4.2951e-03, 
 2DIAGNOSTIC,    37, -6.595409535783e-01, 1.474135180760e-06, 9.4536e-01, 4.2779e-03, 
DIAGNOSTIC,Iteration,metricValue,convergenceValue,ITERATION_TIME_INDEX,SINCE_LAST
 2DIAGNOSTIC,     1, -5.183739626492e-01, 1.797693134862e+308, 1.6495e+00, 7.0413e-01, 
 2DIAGNOSTIC,     2, -5.189226238249e-01, 1.797693134862e+308, 1.6794e+00, 2.9888e-02, 
 2DIAGNOSTIC,     3, -5.196899327309e-01, 1.797693134862e+308, 1.7155e+00, 3.6147e-02, 
 2DIAGNOSTIC,     4, -5.204463662966e-01, 1.797693134862e+308, 1.7438e+00, 2.8252e-02, 
 2DIAGNOSTIC,     5, -5.209979485256e-01, 1.797693134862e+308, 1.7715e+00, 2.7775e-02, 
 2DIAGNOSTIC,     6, -5.216357744141e-01, 1.797693134862e+308, 1.7990e+00, 2.7482e-02, 
 2DIAGNOSTIC,     7, -5.233753715056e-01, 1.797693134862e+308, 1.8269e+00, 2.7829e-02, 
 2DIAGNOSTIC,     8, -5.241119131462e-01, 1.797693134862e+308, 1.8622e+00, 3.5316e-02, 
 2DIAGNOSTIC,     9, -5.247293428745e-01, 1.797693134862e+308, 1.8976e+00, 3.5433e-02, 
 2DIAGNOSTIC,    10, -5.250028240314e-01, 8.899807876141e-04, 1.9265e+00, 2.8915e-02, 
 2DIAGNOSTIC,    11, -5.255570907729e-01, 7.959217570504e-04, 1.9589e+00, 3.2398e-02, 
 2DIAGNOSTIC,    12, -5.289098581731e-01, 8.211614456091e-04, 1.9909e+00, 3.1993e-02, 
 2DIAGNOSTIC,    13, -5.295596050422e-01, 8.231569370468e-04, 2.0238e+00, 3.2922e-02, 
 2DIAGNOSTIC,    14, -5.295253604003e-01, 7.798187538080e-04, 2.0541e+00, 3.0302e-02, 
 2DIAGNOSTIC,    15, -5.301734645365e-01, 7.172062389928e-04, 2.0816e+00, 2.7480e-02, 
 2DIAGNOSTIC,    16, -5.312974274904e-01, 6.544532581356e-04, 2.1133e+00, 3.1715e-02, 
 2DIAGNOSTIC,    17, -5.330531112073e-01, 6.473143876521e-04, 2.1647e+00, 5.1322e-02, 
 2DIAGNOSTIC,    18, -5.331722429263e-01, 6.054600403950e-04, 2.1940e+00, 2.9330e-02, 
 2DIAGNOSTIC,    19, -5.334116757610e-01, 5.389608837786e-04, 2.2215e+00, 2.7565e-02, 
 2DIAGNOSTIC,    20, -5.338314135716e-01, 4.491819261279e-04, 2.2509e+00, 2.9362e-02, 
 2DIAGNOSTIC,    21, -5.361999725627e-01, 3.982387090315e-04, 2.2907e+00, 3.9794e-02, 
 2DIAGNOSTIC,    22, -5.365858492449e-01, 4.041089888450e-04, 2.3190e+00, 2.8284e-02, 
 2DIAGNOSTIC,    23, -5.369639442383e-01, 3.968594665621e-04, 2.3476e+00, 2.8610e-02, 
 2DIAGNOSTIC,    24, -5.377623762514e-01, 3.714172430609e-04, 2.3764e+00, 2.8807e-02, 
 2DIAGNOSTIC,    25, -5.385497929334e-01, 3.433648049119e-04, 2.4118e+00, 3.5428e-02, 
 2DIAGNOSTIC,    26, -5.387359967726e-01, 3.104785043263e-04, 2.4423e+00, 3.0482e-02, 
 2DIAGNOSTIC,    27, -5.391313368893e-01, 2.938716894185e-04, 2.4778e+00, 3.5489e-02, 
 2DIAGNOSTIC,    28, -5.425939306167e-01, 3.200258529361e-04, 2.5091e+00, 3.1288e-02, 
 2DIAGNOSTIC,    29, -5.538418573541e-01, 5.246054362719e-04, 2.5539e+00, 4.4780e-02, 
 2DIAGNOSTIC,    30, -5.590034021848e-01, 7.586109009024e-04, 2.5824e+00, 2.8486e-02, 
 2DIAGNOSTIC,    31, -5.605656997825e-01, 9.735207861427e-04, 2.6144e+00, 3.2043e-02, 
 2DIAGNOSTIC,    32, -5.607806588742e-01, 1.095506539831e-03, 2.6430e+00, 2.8578e-02, 
 2DIAGNOSTIC,    33, -5.611462480067e-01, 1.117793114454e-03, 2.6715e+00, 2.8499e-02, 
 2DIAGNOSTIC,    34, -5.634979656729e-01, 1.078504991009e-03, 2.6995e+00, 2.7989e-02, 
 2DIAGNOSTIC,    35, -5.647822469086e-01, 9.685726479110e-04, 2.7415e+00, 4.2074e-02, 
 2DIAGNOSTIC,    36, -5.649915012014e-01, 7.814202712238e-04, 2.7800e+00, 3.8417e-02, 
 2DIAGNOSTIC,    37, -5.650532604468e-01, 5.395090231548e-04, 2.8107e+00, 3.0701e-02, 
 2DIAGNOSTIC,    38, -5.662253450132e-01, 3.209442435070e-04, 2.8432e+00, 3.2517e-02, 
 2DIAGNOSTIC,    39, -5.664523734303e-01, 2.361361707410e-04, 2.8748e+00, 3.1668e-02, 
 2DIAGNOSTIC,    40, -5.667946147840e-01, 2.050584101735e-04, 2.9067e+00, 3.1845e-02, 
 2DIAGNOSTIC,    41, -5.668541387725e-01, 1.774271579107e-04, 2.9392e+00, 3.2465e-02, 
 2DIAGNOSTIC,    42, -5.668534981015e-01, 1.374954083896e-04, 2.9714e+00, 3.2252e-02, 
 2DIAGNOSTIC,    43, -5.669537982624e-01, 9.137757766035e-05, 3.0071e+00, 3.5660e-02, 
 2DIAGNOSTIC,    44, -5.672053724598e-01, 6.928482827529e-05, 3.0427e+00, 3.5589e-02, 
 2DIAGNOSTIC,    45, -5.671829283729e-01, 5.636827743255e-05, 3.0810e+00, 3.8370e-02, 
 2DIAGNOSTIC,    46, -5.672122267778e-01, 4.165048527899e-05, 3.1095e+00, 2.8479e-02, 
 2DIAGNOSTIC,    47, -5.672659398958e-01, 2.470099824434e-05, 3.1448e+00, 3.5287e-02, 
 2DIAGNOSTIC,    48, -5.672930417625e-01, 1.917777641110e-05, 3.1758e+00, 3.0989e-02, 
 2DIAGNOSTIC,    49, -5.672835760949e-01, 1.429469147641e-05, 3.2036e+00, 2.7865e-02, 
 2DIAGNOSTIC,    50, -5.672852659237e-01, 1.190416065803e-05, 3.2347e+00, 3.1094e-02, 
 2DIAGNOSTIC,    51, -5.672906344674e-01, 9.247778207662e-06, 3.2636e+00, 2.8819e-02, 
 2DIAGNOSTIC,    52, -5.672976703975e-01, 5.921072222345e-06, 3.2915e+00, 2.7928e-02, 
 2DIAGNOSTIC,    53, -5.673213126153e-01, 3.358266140785e-06, 3.3192e+00, 2.7704e-02, 
 2DIAGNOSTIC,    54, -5.673440865158e-01, 3.286019727801e-06, 3.3472e+00, 2.7992e-02, 
 2DIAGNOSTIC,    55, -5.673820432328e-01, 3.106131880357e-06, 3.3808e+00, 3.3670e-02, 
 2DIAGNOSTIC,    56, -5.674131695714e-01, 3.234590702093e-06, 3.4097e+00, 2.8821e-02, 
 2DIAGNOSTIC,    57, -5.674076412965e-01, 3.532306938565e-06, 3.4431e+00, 3.3402e-02, 
 2DIAGNOSTIC,    58, -5.674009129092e-01, 3.726807185172e-06, 3.4758e+00, 3.2723e-02, 
 2DIAGNOSTIC,    59, -5.673869191245e-01, 3.406180531088e-06, 3.5109e+00, 3.5112e-02, 
 2DIAGNOSTIC,    60, -5.673758190506e-01, 2.738999439540e-06, 3.5461e+00, 3.5231e-02, 
 2DIAGNOSTIC,    61, -5.673702191208e-01, 1.880486451996e-06, 3.5780e+00, 3.1816e-02, 
DIAGNOSTIC,Iteration,metricValue,convergenceValue,ITERATION_TIME_INDEX,SINCE_LAST
 2DIAGNOSTIC,     1, -5.011686370594e-01, 1.797693134862e+308, 4.7236e+00, 1.1456e+00, 
 2DIAGNOSTIC,     2, -5.014802410368e-01, 1.797693134862e+308, 4.9816e+00, 2.5803e-01, 
 2DIAGNOSTIC,     3, -5.018135851013e-01, 1.797693134862e+308, 5.2291e+00, 2.4757e-01, 
 2DIAGNOSTIC,     4, -5.019767084965e-01, 1.797693134862e+308, 5.4958e+00, 2.6662e-01, 
 2DIAGNOSTIC,     5, -5.020385163635e-01, 1.797693134862e+308, 5.7589e+00, 2.6318e-01, 
 2DIAGNOSTIC,     6, -5.021144180520e-01, 1.797693134862e+308, 6.0489e+00, 2.8999e-01, 
 2DIAGNOSTIC,     7, -5.023214817872e-01, 1.797693134862e+308, 6.5653e+00, 5.1638e-01, 
 2DIAGNOSTIC,     8, -5.023180920391e-01, 1.797693134862e+308, 6.8418e+00, 2.7650e-01, 
 2DIAGNOSTIC,     9, -5.023215750923e-01, 1.797693134862e+308, 7.1208e+00, 2.7901e-01, 
 2DIAGNOSTIC,    10, -5.023220570037e-01, 1.399744288955e-04, 7.4124e+00, 2.9153e-01, 
 2DIAGNOSTIC,    11, -5.023209969286e-01, 8.996560018482e-05, 7.7033e+00, 2.9098e-01, 
 2DIAGNOSTIC,    12, -5.023217708403e-01, 5.474209869094e-05, 7.9785e+00, 2.7520e-01, 
 2DIAGNOSTIC,    13, -5.023264083377e-01, 3.480414206718e-05, 8.2516e+00, 2.7307e-01, 
 2DIAGNOSTIC,    14, -5.023235241940e-01, 2.135035198242e-05, 8.5344e+00, 2.8278e-01, 
 2DIAGNOSTIC,    15, -5.023260517449e-01, 1.039242961212e-05, 8.9276e+00, 3.9321e-01, 
 2DIAGNOSTIC,    16, -5.023256311978e-01, 2.506503295169e-06, 9.1965e+00, 2.6890e-01, 
 2DIAGNOSTIC,    17, -5.023230198677e-01, 2.312155971136e-06, 9.6006e+00, 4.0410e-01, 
 2DIAGNOSTIC,    18, -5.023223147172e-01, 1.967753428714e-06, 9.8537e+00, 2.5310e-01, 
 2DIAGNOSTIC,    19, -5.023200477568e-01, 1.677012905432e-06, 1.0150e+01, 2.9673e-01, 
 2DIAGNOSTIC,    20, -5.023195030374e-01, 1.416173289470e-06, 1.0429e+01, 2.7847e-01, 
 2DIAGNOSTIC,    21, -5.023191475471e-01, 1.157536207781e-06, 1.0745e+01, 3.1656e-01, 
DIAGNOSTIC,Iteration,metricValue,convergenceValue,ITERATION_TIME_INDEX,SINCE_LAST
 2DIAGNOSTIC,     1, -4.667764620526e-01, 1.797693134862e+308, 1.3228e+01, 2.4828e+00, 
 2DIAGNOSTIC,     2, -4.668513948794e-01, 1.797693134862e+308, 1.4672e+01, 1.4433e+00, 
 2DIAGNOSTIC,     3, -4.669083631092e-01, 1.797693134862e+308, 1.6337e+01, 1.6650e+00, 
 2DIAGNOSTIC,     4, -4.669317330375e-01, 1.797693134862e+308, 1.7797e+01, 1.4606e+00, 
 2DIAGNOSTIC,     5, -4.670113246591e-01, 1.797693134862e+308, 1.9524e+01, 1.7270e+00, 
 2DIAGNOSTIC,     6, -4.670601907604e-01, 1.797693134862e+308, 2.2292e+01, 2.7676e+00, 
 2DIAGNOSTIC,     7, -4.670595443304e-01, 1.797693134862e+308, 2.4139e+01, 1.8470e+00, 
 2DIAGNOSTIC,     8, -4.670609725267e-01, 1.797693134862e+308, 2.5835e+01, 1.6960e+00, 
 2DIAGNOSTIC,     9, -4.670603540168e-01, 1.797693134862e+308, 2.7306e+01, 1.4711e+00, 
 2DIAGNOSTIC,    10, -4.670606579424e-01, 4.223180330540e-05, 2.8754e+01, 1.4476e+00, 
 2DIAGNOSTIC,    11, -4.670629474912e-01, 2.823109058959e-05, 3.0461e+01, 1.7077e+00, 
 2DIAGNOSTIC,    12, -4.670653936440e-01, 1.820119538283e-05, 3.2093e+01, 1.6318e+00, 
 2DIAGNOSTIC,    13, -4.670657548452e-01, 1.104264297130e-05, 3.3692e+01, 1.5995e+00, 
 2DIAGNOSTIC,    14, -4.670664165298e-01, 5.099390250715e-06, 3.5024e+01, 1.3314e+00, 
 2DIAGNOSTIC,    15, -4.670672900696e-01, 2.899542275017e-06, 3.6379e+01, 1.3550e+00, 
 2DIAGNOSTIC,    16, -4.670673466472e-01, 2.762814947960e-06, 3.8567e+01, 2.1883e+00, 
 2DIAGNOSTIC,    17, -4.670672810542e-01, 2.542704153605e-06, 4.0282e+01, 1.7146e+00, 
 2DIAGNOSTIC,    18, -4.670671995381e-01, 2.332518928859e-06, 4.1774e+01, 1.4924e+00, 
 2DIAGNOSTIC,    19, -4.670670267521e-01, 2.068204730366e-06, 4.3335e+01, 1.5615e+00, 
 2DIAGNOSTIC,    20, -4.670670408921e-01, 1.802042614830e-06, 4.4913e+01, 1.5771e+00, 
 2DIAGNOSTIC,    21, -4.670669618512e-01, 1.603776611993e-06, 4.6998e+01, 2.0857e+00, 
 2DIAGNOSTIC,    22, -4.670669654042e-01, 1.483351165663e-06, 4.8524e+01, 1.5256e+00, 
 2DIAGNOSTIC,    23, -4.670667858944e-01, 1.374553575302e-06, 5.0007e+01, 1.4835e+00, 
 2DIAGNOSTIC,    24, -4.670666965743e-01, 1.289676373736e-06, 5.1520e+01, 1.5129e+00, 
 2DIAGNOSTIC,    25, -4.670666068486e-01, 1.233972281627e-06, 5.2867e+01, 1.3470e+00, 
 2DIAGNOSTIC,    26, -4.670666088375e-01, 1.187498370345e-06, 5.4384e+01, 1.5167e+00, 
 2DIAGNOSTIC,    27, -4.670666128125e-01, 1.146447098969e-06, 5.5848e+01, 1.4639e+00, 
 2DIAGNOSTIC,    28, -4.670666196569e-01, 1.109825474493e-06, 5.7375e+01, 1.5272e+00, 
 2DIAGNOSTIC,    29, -4.670666243025e-01, 1.074710247184e-06, 5.8831e+01, 1.4561e+00, 
 2DIAGNOSTIC,    30, -4.670667216103e-01, 1.046326230734e-06, 6.0333e+01, 1.5015e+00, 
 2DIAGNOSTIC,    31, -4.670669983495e-01, 1.024867439345e-06, 6.1813e+01, 1.4804e+00, 
  Elapsed time (stage 0): 6.2682e+01


Total elapsed time: 6.2684e+01
Info [verificarlo]: loaded backend libinterflop_vprec.so
Info [interflop-vprec]: load backend with: 
Info [interflop-vprec]: precision-binary32 = 21
Info [interflop-vprec]: range-binary32 = 8
Info [interflop-vprec]: precision-binary64 = 21
Info [interflop-vprec]: range-binary64 = 8
Info [interflop-vprec]: mode = ob
Info [interflop-vprec]: error-mode = rel
Info [interflop-vprec]: max-abs-error-exponent = -1022
Info [interflop-vprec]: daz = false
Info [interflop-vprec]: ftz = false
Info [interflop-vprec]: 	instrument = none
Info [interflop-vprec]: 	prec-input-file = (null)
Info [interflop-vprec]: 	prec-output-file = (null)
Info [interflop-vprec]: 	prec-log-file = (null)
All_Command_lines_OK
Using double precision for computations.
=============================================================================
The composite transform comprises the following transforms (in order): 
  1. /home/mdugre/scratch/mri-registration-rp/datasets/ds004513/derivatives/mri-registration-rp/0011/antsRegistration-r8-p21/sub-s032/rigid_Composite.h5[0] (type = Euler3DTransform)
  2. /home/mdugre/scratch/mri-registration-rp/datasets/ds004513/derivatives/mri-registration-rp/0011/antsRegistration-r8-p21/sub-s032/rigid_Composite.h5[1] (type = Euler3DTransform)
  3. /home/mdugre/scratch/mri-registration-rp/datasets/ds004513/derivatives/mri-registration-rp/0011/antsRegistration-r8-p21/sub-s032/rigid_Composite.h5[2] (type = Euler3DTransform)
=============================================================================
  number of levels = 4
  fixed image: /templateflow/tpl-MNI152NLin2009cAsym/tpl-MNI152NLin2009cAsym_res-01_desc-brain_T1w.nii.gz
  moving image: /home/mdugre/scratch/mri-registration-rp/datasets/ds004513/derivatives/mri-registration-rp/antsBrainExtraction/sub-s032/BrainExtractionBrain.nii.gz
Dimension = 3
Number of stages = 1
Use histogram matching = false
Winsorize image intensities = true
  Lower quantile = 0.005
  Upper quantile = 0.995


Stage 1 State
   Image metric = MattesMI
     Fixed image = Image (0x3c76490)
  RTTI typeinfo:   itk::Image<double, 3u>
  Reference Count: 2
  Modified Time: 1592
  Debug: Off
  Object Name: 
  Observers: 
    none
  Source: (none)
  Source output name: (none)
  Release Data: Off
  Data Released: False
  Global Release Data: Off
  PipelineMTime: 0
  UpdateMTime: 1203
  RealTimeStamp: 0 seconds 
  LargestPossibleRegion: 
    Dimension: 3
    Index: [0, 0, 0]
    Size: [193, 229, 193]
  BufferedRegion: 
    Dimension: 3
    Index: [0, 0, 0]
    Size: [193, 229, 193]
  RequestedRegion: 
    Dimension: 3
    Index: [0, 0, 0]
    Size: [193, 229, 193]
  Spacing: [1, 1, 1]
  Origin: [96, 132, -78]
  Direction: 
-1 0 0
0 -1 0
0 0 1

  IndexToPointMatrix: 
-1 0 0
0 -1 0
0 0 1

  PointToIndexMatrix: 
-1 0 0
0 -1 0
0 0 1

  Inverse Direction: 
-1 0 0
0 -1 0
0 0 1

  PixelContainer: 
    ImportImageContainer (0x3d418c0)
      RTTI typeinfo:   itk::ImportImageContainer<unsigned long, double>
      Reference Count: 1
      Modified Time: 1200
      Debug: Off
      Object Name: 
      Observers: 
        none
      Pointer: 0x1456f814d010
      Container manages memory: true
      Size: 8530021
      Capacity: 8530021

     Moving image = Image (0x3d31b60)
  RTTI typeinfo:   itk::Image<double, 3u>
  Reference Count: 2
  Modified Time: 1593
  Debug: Off
  Object Name: 
  Observers: 
    none
  Source: (none)
  Source output name: (none)
  Release Data: Off
  Data Released: False
  Global Release Data: Off
  PipelineMTime: 0
  UpdateMTime: 1590
  RealTimeStamp: 0 seconds 
  LargestPossibleRegion: 
    Dimension: 3
    Index: [0, 0, 0]
    Size: [160, 240, 256]
  BufferedRegion: 
    Dimension: 3
    Index: [0, 0, 0]
    Size: [160, 240, 256]
  RequestedRegion: 
    Dimension: 3
    Index: [0, 0, 0]
    Size: [160, 240, 256]
  Spacing: [1, 1, 1]
  Origin: [73.279, 104.707, -131.187]
  Direction: 
-0.997526 0.0645574 -0.0278053
-0.0645323 -0.997914 -0.00179875
-0.0278634 4.01097e-08 0.999612

  IndexToPointMatrix: 
-0.997526 0.0645574 -0.0278053
-0.0645323 -0.997914 -0.00179875
-0.0278634 4.01097e-08 0.999612

  PointToIndexMatrix: 
-0.997528 -0.0645323 -0.0278634
0.0645573 -0.997913 1.19209e-07
-0.0278053 -0.00179881 0.999612

  Inverse Direction: 
-0.997528 -0.0645323 -0.0278634
0.0645573 -0.997913 1.19209e-07
-0.0278053 -0.00179881 0.999612

  PixelContainer: 
    ImportImageContainer (0x3dc51d0)
      RTTI typeinfo:   itk::ImportImageContainer<unsigned long, double>
      Reference Count: 1
      Modified Time: 1587
      Debug: Off
      Object Name: 
      Observers: 
        none
      Pointer: 0x1456f364c010
      Container manages memory: true
      Size: 9830400
      Capacity: 9830400

     Weighting = 1
     Sampling strategy = regular
     Number of bins = 32
     Radius = 4
     Sampling percentage  = 0.25
   Transform = Affine
     Gradient step = 0.1
     Update field sigma (voxel space) = 0
     Total field sigma (voxel space) = 0
     Update field time sigma = 0
     Total field time sigma  = 0
     Number of time indices = 0
     Number of time point samples = 0
Registration using 1 total stages.

Stage 0
  iterations = 1000x500x250x100
  convergence threshold = 1e-06
  convergence window size = 10
  number of levels = 4
  using the Mattes MI metric (number of bins = 32, weight = 1, use gradient filter = 0)
  preprocessing:  winsorizing the image intensities
  Shrink factors (level 1 out of 4): [8, 8, 8]
  Shrink factors (level 2 out of 4): [4, 4, 4]
  Shrink factors (level 3 out of 4): [2, 2, 2]
  Shrink factors (level 4 out of 4): [1, 1, 1]
  smoothing sigmas per level: [3, 2, 1, 0]
  regular sampling (percentage = 0.25)

*** Running AffineTransform registration ***

DIAGNOSTIC,Iteration,metricValue,convergenceValue,ITERATION_TIME_INDEX,SINCE_LAST
 2DIAGNOSTIC,     1, -6.842695496163e-01, 1.797693134862e+308, 0.0000e+00, 0.0000e+00, 
 2DIAGNOSTIC,     2, -6.861793104868e-01, 1.797693134862e+308, 0.0000e+00, 0.0000e+00, 
 2DIAGNOSTIC,     3, -6.888186494042e-01, 1.797693134862e+308, 0.0000e+00, 0.0000e+00, 
 2DIAGNOSTIC,     4, -6.927128526595e-01, 1.797693134862e+308, 0.0000e+00, 0.0000e+00, 
 2DIAGNOSTIC,     5, -7.046245895177e-01, 1.797693134862e+308, 0.0000e+00, 0.0000e+00, 
 2DIAGNOSTIC,     6, -7.211815567174e-01, 1.797693134862e+308, 0.0000e+00, 0.0000e+00, 
 2DIAGNOSTIC,     7, -7.195709942756e-01, 1.797693134862e+308, 0.0000e+00, 0.0000e+00, 
 2DIAGNOSTIC,     8, -7.201666913867e-01, 1.797693134862e+308, 0.0000e+00, 0.0000e+00, 
 2DIAGNOSTIC,     9, -7.207831302440e-01, 1.797693134862e+308, 0.0000e+00, 0.0000e+00, 
 2DIAGNOSTIC,    10, -7.214907827815e-01, 4.219599873236e-03, 0.0000e+00, 0.0000e+00, 
 2DIAGNOSTIC,    11, -7.230064674278e-01, 3.365025120104e-03, 0.0000e+00, 0.0000e+00, 
 2DIAGNOSTIC,    12, -7.251700735366e-01, 2.493747163461e-03, 0.0000e+00, 0.0000e+00, 
 2DIAGNOSTIC,    13, -7.304808664763e-01, 1.786602064251e-03, 0.0000e+00, 0.0000e+00, 
 2DIAGNOSTIC,    14, -7.362901285769e-01, 1.289133491606e-03, 0.0000e+00, 0.0000e+00, 
 2DIAGNOSTIC,    15, -7.366444699382e-01, 1.053116706249e-03, 0.0000e+00, 0.0000e+00, 
 2DIAGNOSTIC,    16, -7.367488786777e-01, 1.169223896867e-03, 0.0000e+00, 0.0000e+00, 
 2DIAGNOSTIC,    17, -7.369697625945e-01, 1.132422673345e-03, 0.0000e+00, 0.0000e+00, 
 2DIAGNOSTIC,    18, -7.370841121256e-01, 1.008881755595e-03, 0.0000e+00, 0.0000e+00, 
 2DIAGNOSTIC,    19, -7.371437893248e-01, 8.177808435959e-04, 0.0000e+00, 0.0000e+00, 
 2DIAGNOSTIC,    20, -7.372433726405e-01, 5.873202483149e-04, 0.0000e+00, 0.0000e+00, 
 2DIAGNOSTIC,    21, -7.372939757932e-01, 3.559663479357e-04, 0.0000e+00, 0.0000e+00, 
 2DIAGNOSTIC,    22, -7.375111254813e-01, 1.542433739915e-04, 0.0000e+00, 0.0000e+00, 
 2DIAGNOSTIC,    23, -7.376919789914e-01, 4.726032697664e-05, 0.0000e+00, 0.0000e+00, 
 2DIAGNOSTIC,    24, -7.377592935967e-01, 4.121978541431e-05, 0.0000e+00, 0.0000e+00, 
 2DIAGNOSTIC,    25, -7.381180970888e-01, 4.318892294495e-05, 0.0000e+00, 0.0000e+00, 
 2DIAGNOSTIC,    26, -7.383126055042e-01, 4.539043550275e-05, 0.0000e+00, 0.0000e+00, 
 2DIAGNOSTIC,    27, -7.381509277259e-01, 4.405012453214e-05, 0.0000e+00, 0.0000e+00, 
 2DIAGNOSTIC,    28, -7.385209830613e-01, 4.567560903351e-05, 0.0000e+00, 0.0000e+00, 
 2DIAGNOSTIC,    29, -7.385073876045e-01, 4.345621253640e-05, 0.0000e+00, 0.0000e+00, 
 2DIAGNOSTIC,    30, -7.386533817350e-01, 4.058186413451e-05, 0.0000e+00, 0.0000e+00, 
 2DIAGNOSTIC,    31, -7.387764765727e-01, 3.628466855622e-05, 0.0000e+00, 0.0000e+00, 
 2DIAGNOSTIC,    32, -7.387918100343e-01, 3.176547788047e-05, 0.0000e+00, 0.0000e+00, 
 2DIAGNOSTIC,    33, -7.388315763163e-01, 2.726268849979e-05, 0.0000e+00, 0.0000e+00, 
 2DIAGNOSTIC,    34, -7.389158641434e-01, 2.214777754676e-05, 0.0000e+00, 0.0000e+00, 
 2DIAGNOSTIC,    35, -7.388364646299e-01, 1.836666865148e-05, 0.0000e+00, 0.0000e+00, 
 2DIAGNOSTIC,    36, -7.388835836647e-01, 1.587053481007e-05, 0.0000e+00, 0.0000e+00, 
 2DIAGNOSTIC,    37, -7.390286288827e-01, 1.180379388819e-05, 0.0000e+00, 0.0000e+00, 
 2DIAGNOSTIC,    38, -7.389792958706e-01, 1.018757956968e-05, 0.0000e+00, 0.0000e+00, 
 2DIAGNOSTIC,    39, -7.390804165214e-01, 8.642783008758e-06, 0.0000e+00, 0.0000e+00, 
 2DIAGNOSTIC,    40, -7.391481938959e-01, 8.485304266392e-06, 0.0000e+00, 0.0000e+00, 
 2DIAGNOSTIC,    41, -7.393459529410e-01, 1.064129311866e-05, 0.0000e+00, 0.0000e+00, 
 2DIAGNOSTIC,    42, -7.394806965324e-01, 1.307901469148e-05, 0.0000e+00, 0.0000e+00, 
 2DIAGNOSTIC,    43, -7.397151537273e-01, 1.668135910748e-05, 0.0000e+00, 0.0000e+00, 
 2DIAGNOSTIC,    44, -7.398533081324e-01, 2.057719159446e-05, 0.0000e+00, 0.0000e+00, 
 2DIAGNOSTIC,    45, -7.399644031949e-01, 2.266037228993e-05, 0.0000e+00, 0.0000e+00, 
 2DIAGNOSTIC,    46, -7.398729826277e-01, 2.213669320882e-05, 0.0000e+00, 0.0000e+00, 
 2DIAGNOSTIC,    47, -7.398803543563e-01, 2.089533585481e-05, 0.0000e+00, 0.0000e+00, 
 2DIAGNOSTIC,    48, -7.398821021630e-01, 1.735872460523e-05, 0.0000e+00, 0.0000e+00, 
 2DIAGNOSTIC,    49, -7.398831377234e-01, 1.316073205762e-05, 0.0000e+00, 0.0000e+00, 
 2DIAGNOSTIC,    50, -7.398834923498e-01, 8.447201767653e-06, 0.0000e+00, 0.0000e+00, 
 2DIAGNOSTIC,    51, -7.398839477227e-01, 4.700559534436e-06, 0.0000e+00, 0.0000e+00, 
 2DIAGNOSTIC,    52, -7.398846290857e-01, 1.698495936300e-06, 0.0000e+00, 0.0000e+00, 
DIAGNOSTIC,Iteration,metricValue,convergenceValue,ITERATION_TIME_INDEX,SINCE_LAST
 2DIAGNOSTIC,     1, -5.945606558850e-01, 1.797693134862e+308, 0.0000e+00, 0.0000e+00, 
 2DIAGNOSTIC,     2, -5.948714406212e-01, 1.797693134862e+308, 0.0000e+00, 0.0000e+00, 
 2DIAGNOSTIC,     3, -5.953328214373e-01, 1.797693134862e+308, 0.0000e+00, 0.0000e+00, 
 2DIAGNOSTIC,     4, -5.961743868095e-01, 1.797693134862e+308, 0.0000e+00, 0.0000e+00, 
 2DIAGNOSTIC,     5, -5.972652607418e-01, 1.797693134862e+308, 0.0000e+00, 0.0000e+00, 
 2DIAGNOSTIC,     6, -5.986250317733e-01, 1.797693134862e+308, 0.0000e+00, 0.0000e+00, 
 2DIAGNOSTIC,     7, -6.012658362870e-01, 1.797693134862e+308, 0.0000e+00, 0.0000e+00, 
 2DIAGNOSTIC,     8, -6.014943255576e-01, 1.797693134862e+308, 0.0000e+00, 0.0000e+00, 
 2DIAGNOSTIC,     9, -6.022025406196e-01, 1.797693134862e+308, 0.0000e+00, 0.0000e+00, 
 2DIAGNOSTIC,    10, -6.030477713556e-01, 1.039339090400e-03, 0.0000e+00, 0.0000e+00, 
 2DIAGNOSTIC,    11, -6.038770041371e-01, 9.686473394064e-04, 0.0000e+00, 0.0000e+00, 
 2DIAGNOSTIC,    12, -6.039978057433e-01, 8.388397976406e-04, 0.0000e+00, 0.0000e+00, 
 2DIAGNOSTIC,    13, -6.040261914486e-01, 6.720898441017e-04, 0.0000e+00, 0.0000e+00, 
 2DIAGNOSTIC,    14, -6.040196783190e-01, 4.976722068465e-04, 0.0000e+00, 0.0000e+00, 
 2DIAGNOSTIC,    15, -6.040123972288e-01, 3.349868441933e-04, 0.0000e+00, 0.0000e+00, 
 2DIAGNOSTIC,    16, -6.040055752659e-01, 1.999404642208e-04, 0.0000e+00, 0.0000e+00, 
 2DIAGNOSTIC,    17, -6.039910500222e-01, 1.360308226627e-04, 0.0000e+00, 0.0000e+00, 
 2DIAGNOSTIC,    18, -6.039940813697e-01, 7.302390100393e-05, 0.0000e+00, 0.0000e+00, 
 2DIAGNOSTIC,    19, -6.039899517176e-01, 2.728853465992e-05, 0.0000e+00, 0.0000e+00, 
 2DIAGNOSTIC,    20, -6.039865665950e-01, 3.151792385192e-06, 0.0000e+00, 0.0000e+00, 
DIAGNOSTIC,Iteration,metricValue,convergenceValue,ITERATION_TIME_INDEX,SINCE_LAST
 2DIAGNOSTIC,     1, -5.387978885713e-01, 1.797693134862e+308, 0.0000e+00, 0.0000e+00, 
 2DIAGNOSTIC,     2, -5.391892597822e-01, 1.797693134862e+308, 0.0000e+00, 0.0000e+00, 
 2DIAGNOSTIC,     3, -5.396739347258e-01, 1.797693134862e+308, 0.0000e+00, 0.0000e+00, 
 2DIAGNOSTIC,     4, -5.402277204351e-01, 1.797693134862e+308, 0.0000e+00, 0.0000e+00, 
 2DIAGNOSTIC,     5, -5.408325036043e-01, 1.797693134862e+308, 0.0000e+00, 0.0000e+00, 
 2DIAGNOSTIC,     6, -5.416842219908e-01, 1.797693134862e+308, 0.0000e+00, 0.0000e+00, 
 2DIAGNOSTIC,     7, -5.437529272879e-01, 1.797693134862e+308, 0.0000e+00, 0.0000e+00, 
 2DIAGNOSTIC,     8, -5.437640135377e-01, 1.797693134862e+308, 0.0000e+00, 0.0000e+00, 
 2DIAGNOSTIC,     9, -5.437928166654e-01, 1.797693134862e+308, 0.0000e+00, 0.0000e+00, 
 2DIAGNOSTIC,    10, -5.438324161150e-01, 7.229177879278e-04, 0.0000e+00, 0.0000e+00, 
 2DIAGNOSTIC,    11, -5.438957548217e-01, 6.015550552623e-04, 0.0000e+00, 0.0000e+00, 
 2DIAGNOSTIC,    12, -5.439475135962e-01, 4.646058366450e-04, 0.0000e+00, 0.0000e+00, 
 2DIAGNOSTIC,    13, -5.440275644002e-01, 3.297560928057e-04, 0.0000e+00, 0.0000e+00, 
 2DIAGNOSTIC,    14, -5.440848029572e-01, 2.083368215204e-04, 0.0000e+00, 0.0000e+00, 
 2DIAGNOSTIC,    15, -5.440806204830e-01, 1.053270406988e-04, 0.0000e+00, 0.0000e+00, 
 2DIAGNOSTIC,    16, -5.440788427558e-01, 3.170076956205e-05, 0.0000e+00, 0.0000e+00, 
 2DIAGNOSTIC,    17, -5.440780643765e-01, 2.775123993764e-05, 0.0000e+00, 0.0000e+00, 
 2DIAGNOSTIC,    18, -5.440773729526e-01, 2.212113026676e-05, 0.0000e+00, 0.0000e+00, 
 2DIAGNOSTIC,    19, -5.440781552251e-01, 1.599334212702e-05, 0.0000e+00, 0.0000e+00, 
 2DIAGNOSTIC,    20, -5.440768410657e-01, 1.015045687037e-05, 0.0000e+00, 0.0000e+00, 
 2DIAGNOSTIC,    21, -5.440754610536e-01, 5.625593701472e-06, 0.0000e+00, 0.0000e+00, 
 2DIAGNOSTIC,    22, -5.440747607922e-01, 2.306177074411e-06, 0.0000e+00, 0.0000e+00, 
DIAGNOSTIC,Iteration,metricValue,convergenceValue,ITERATION_TIME_INDEX,SINCE_LAST
 2DIAGNOSTIC,     1, -4.991700131920e-01, 1.797693134862e+308, 0.0000e+00, 0.0000e+00, 
 2DIAGNOSTIC,     2, -4.993872765261e-01, 1.797693134862e+308, 0.0000e+00, 0.0000e+00, 
 2DIAGNOSTIC,     3, -4.996212238323e-01, 1.797693134862e+308, 0.0000e+00, 0.0000e+00, 
 2DIAGNOSTIC,     4, -4.999079845315e-01, 1.797693134862e+308, 0.0000e+00, 0.0000e+00, 
 2DIAGNOSTIC,     5, -5.002458960973e-01, 1.797693134862e+308, 0.0000e+00, 0.0000e+00, 
 2DIAGNOSTIC,     6, -5.007727668347e-01, 1.797693134862e+308, 0.0000e+00, 0.0000e+00, 
 2DIAGNOSTIC,     7, -5.007724175268e-01, 1.797693134862e+308, 0.0000e+00, 0.0000e+00, 
 2DIAGNOSTIC,     8, -5.007723414471e-01, 1.797693134862e+308, 0.0000e+00, 0.0000e+00, 
 2DIAGNOSTIC,     9, -5.007722050692e-01, 1.797693134862e+308, 0.0000e+00, 0.0000e+00, 
 2DIAGNOSTIC,    10, -5.007721242765e-01, 2.367513626600e-04, 0.0000e+00, 0.0000e+00, 
 2DIAGNOSTIC,    11, -5.007719982158e-01, 1.703681934796e-04, 0.0000e+00, 0.0000e+00, 
