
##########################
# Experiment information #
##########################

EXPERIMENT_NAME: antsRegistration-r8-p19
VFC_BACKENDS: libinterflop_vprec.so --range-binary32=8 --precision-binary32=19 --range-binary64=8 --precision-binary64=19

SIF_IMG: /home/mdugre/projects/rrg-glatard/mdugre/containers/ants-vprec-no_metrics.simg

SUBJECT_ID: s033
INPUT_IMG: /home/mdugre/scratch/mri-registration-rp/datasets/ds004513/derivatives/mri-registration-rp/antsBrainExtraction/sub-s033/BrainExtractionBrain.nii.gz
OUTPUT_DIR: /home/mdugre/scratch/mri-registration-rp/datasets/ds004513/derivatives/mri-registration-rp/0011/antsRegistration-r8-p19/sub-s033

FIXED_IMG: /templateflow/tpl-MNI152NLin2009cAsym/tpl-MNI152NLin2009cAsym_res-01_desc-brain_T1w.nii.gz
DATA_DIR: /home/mdugre/scratch/mri-registration-rp/datasets/ds004513
TEMPLATEFLOW_DIR: /home/mdugre/projects/rrg-glatard/mdugre/templateflow
ITK_GLOBAL_DEFAULT_NUMBER_OF_THREADS: 16
##########################

Info [verificarlo]: loaded backend libinterflop_ieee.so
Info [interflop-ieee]: load backend with:
Info [interflop-ieee]: debug = false
Info [interflop-ieee]: debug-binary = false
Info [interflop-ieee]: no-backend-name = false
Info [interflop-ieee]: print-new-line = false
Info [interflop-ieee]: print-subnormal-normalized = false
Info [interflop-ieee]: count-op = false
All_Command_lines_OK
Using double precision for computations.
=============================================================================
The composite transform comprises the following transforms (in order): 
  1. Center of mass alignment using fixed image: /templateflow/tpl-MNI152NLin2009cAsym/tpl-MNI152NLin2009cAsym_res-01_desc-brain_T1w.nii.gz and moving image: /home/mdugre/scratch/mri-registration-rp/datasets/ds004513/derivatives/mri-registration-rp/antsBrainExtraction/sub-s033/BrainExtractionBrain.nii.gz (type = Euler3DTransform)
=============================================================================
  number of levels = 1
  fixed image: /templateflow/tpl-MNI152NLin2009cAsym/tpl-MNI152NLin2009cAsym_res-01_desc-brain_T1w.nii.gz
  moving image: /home/mdugre/scratch/mri-registration-rp/datasets/ds004513/derivatives/mri-registration-rp/antsBrainExtraction/sub-s033/BrainExtractionBrain.nii.gz
Dimension = 3
Number of stages = 1
Use histogram matching = false
Winsorize image intensities = true
  Lower quantile = 0.005
  Upper quantile = 0.995


Stage 1 State
   Image metric = MattesMI
     Fixed image = Image (0x3e22e70)
  RTTI typeinfo:   itk::Image<double, 3u>
  Reference Count: 2
  Modified Time: 2330
  Debug: Off
  Object Name: 
  Observers: 
    none
  Source: (none)
  Source output name: (none)
  Release Data: Off
  Data Released: False
  Global Release Data: Off
  PipelineMTime: 0
  UpdateMTime: 1941
  RealTimeStamp: 0 seconds 
  LargestPossibleRegion: 
    Dimension: 3
    Index: [0, 0, 0]
    Size: [193, 229, 193]
  BufferedRegion: 
    Dimension: 3
    Index: [0, 0, 0]
    Size: [193, 229, 193]
  RequestedRegion: 
    Dimension: 3
    Index: [0, 0, 0]
    Size: [193, 229, 193]
  Spacing: [1, 1, 1]
  Origin: [96, 132, -78]
  Direction: 
-1 0 0
0 -1 0
0 0 1

  IndexToPointMatrix: 
-1 0 0
0 -1 0
0 0 1

  PointToIndexMatrix: 
-1 0 0
0 -1 0
0 0 1

  Inverse Direction: 
-1 0 0
0 -1 0
0 0 1

  PixelContainer: 
    ImportImageContainer (0x3e2bc60)
      RTTI typeinfo:   itk::ImportImageContainer<unsigned long, double>
      Reference Count: 1
      Modified Time: 1938
      Debug: Off
      Object Name: 
      Observers: 
        none
      Pointer: 0x1546141c9010
      Container manages memory: true
      Size: 8530021
      Capacity: 8530021

     Moving image = Image (0x3e25540)
  RTTI typeinfo:   itk::Image<double, 3u>
  Reference Count: 2
  Modified Time: 2331
  Debug: Off
  Object Name: 
  Observers: 
    none
  Source: (none)
  Source output name: (none)
  Release Data: Off
  Data Released: False
  Global Release Data: Off
  PipelineMTime: 0
  UpdateMTime: 2328
  RealTimeStamp: 0 seconds 
  LargestPossibleRegion: 
    Dimension: 3
    Index: [0, 0, 0]
    Size: [160, 240, 256]
  BufferedRegion: 
    Dimension: 3
    Index: [0, 0, 0]
    Size: [160, 240, 256]
  RequestedRegion: 
    Dimension: 3
    Index: [0, 0, 0]
    Size: [160, 240, 256]
  Spacing: [1, 1, 1]
  Origin: [91.5134, 94.282, -109.927]
  Direction: 
-0.99591 -0.0698718 -0.0572835
0.0697565 -0.997556 0.00401236
-0.0574239 5.01125e-08 0.99835

  IndexToPointMatrix: 
-0.99591 -0.0698718 -0.0572835
0.0697565 -0.997556 0.00401236
-0.0574239 5.01125e-08 0.99835

  PointToIndexMatrix: 
-0.99591 0.0697565 -0.0574239
-0.0698718 -0.997556 5.01483e-08
-0.0572835 0.00401236 0.99835

  Inverse Direction: 
-0.99591 0.0697565 -0.0574239
-0.0698718 -0.997556 5.01483e-08
-0.0572835 0.00401236 0.99835

  PixelContainer: 
    ImportImageContainer (0x3f37610)
      RTTI typeinfo:   itk::ImportImageContainer<unsigned long, double>
      Reference Count: 1
      Modified Time: 2325
      Debug: Off
      Object Name: 
      Observers: 
        none
      Pointer: 0x15460f6c8010
      Container manages memory: true
      Size: 9830400
      Capacity: 9830400

     Weighting = 1
     Sampling strategy = regular
     Number of bins = 32
     Radius = 4
     Sampling percentage  = 0.25
   Transform = Rigid
     Gradient step = 0.1
     Update field sigma (voxel space) = 0
     Total field sigma (voxel space) = 0
     Update field time sigma = 0
     Total field time sigma  = 0
     Number of time indices = 0
     Number of time point samples = 0
Registration using 1 total stages.

Stage 0
  iterations = 0
  convergence threshold = 1e-06
  convergence window size = 10
  number of levels = 1
  using the Mattes MI metric (number of bins = 32, weight = 1, use gradient filter = 0)
  preprocessing:  winsorizing the image intensities
  Shrink factors (level 1 out of 1): [1, 1, 1]
  smoothing sigmas per level: [0]
  regular sampling (percentage = 0.25)

*** Running Euler3DTransform registration ***

  Elapsed time (stage 0): 1.08147


Total elapsed time: 1.08354
Info [verificarlo]: loaded backend libinterflop_ieee.so
Info [interflop-ieee]: load backend with:
Info [interflop-ieee]: debug = false
Info [interflop-ieee]: debug-binary = false
Info [interflop-ieee]: no-backend-name = false
Info [interflop-ieee]: print-new-line = false
Info [interflop-ieee]: print-subnormal-normalized = false
Info [interflop-ieee]: count-op = false
All_Command_lines_OK
Using double precision for computations.
=============================================================================
The composite transform comprises the following transforms (in order): 
  1. /home/mdugre/scratch/mri-registration-rp/datasets/ds004513/derivatives/mri-registration-rp/0011/antsRegistration-r8-p19/sub-s033/align_Composite.h5[0] (type = Euler3DTransform)
  2. /home/mdugre/scratch/mri-registration-rp/datasets/ds004513/derivatives/mri-registration-rp/0011/antsRegistration-r8-p19/sub-s033/align_Composite.h5[1] (type = Euler3DTransform)
=============================================================================
  number of levels = 4
  fixed image: /templateflow/tpl-MNI152NLin2009cAsym/tpl-MNI152NLin2009cAsym_res-01_desc-brain_T1w.nii.gz
  moving image: /home/mdugre/scratch/mri-registration-rp/datasets/ds004513/derivatives/mri-registration-rp/antsBrainExtraction/sub-s033/BrainExtractionBrain.nii.gz
Dimension = 3
Number of stages = 1
Use histogram matching = false
Winsorize image intensities = true
  Lower quantile = 0.005
  Upper quantile = 0.995


Stage 1 State
   Image metric = MattesMI
     Fixed image = Image (0x475b530)
  RTTI typeinfo:   itk::Image<double, 3u>
  Reference Count: 2
  Modified Time: 1578
  Debug: Off
  Object Name: 
  Observers: 
    none
  Source: (none)
  Source output name: (none)
  Release Data: Off
  Data Released: False
  Global Release Data: Off
  PipelineMTime: 0
  UpdateMTime: 1189
  RealTimeStamp: 0 seconds 
  LargestPossibleRegion: 
    Dimension: 3
    Index: [0, 0, 0]
    Size: [193, 229, 193]
  BufferedRegion: 
    Dimension: 3
    Index: [0, 0, 0]
    Size: [193, 229, 193]
  RequestedRegion: 
    Dimension: 3
    Index: [0, 0, 0]
    Size: [193, 229, 193]
  Spacing: [1, 1, 1]
  Origin: [96, 132, -78]
  Direction: 
-1 0 0
0 -1 0
0 0 1

  IndexToPointMatrix: 
-1 0 0
0 -1 0
0 0 1

  PointToIndexMatrix: 
-1 0 0
0 -1 0
0 0 1

  Inverse Direction: 
-1 0 0
0 -1 0
0 0 1

  PixelContainer: 
    ImportImageContainer (0x4819d60)
      RTTI typeinfo:   itk::ImportImageContainer<unsigned long, double>
      Reference Count: 1
      Modified Time: 1186
      Debug: Off
      Object Name: 
      Observers: 
        none
      Pointer: 0x14df2e78f010
      Container manages memory: true
      Size: 8530021
      Capacity: 8530021

     Moving image = Image (0x480bf60)
  RTTI typeinfo:   itk::Image<double, 3u>
  Reference Count: 2
  Modified Time: 1579
  Debug: Off
  Object Name: 
  Observers: 
    none
  Source: (none)
  Source output name: (none)
  Release Data: Off
  Data Released: False
  Global Release Data: Off
  PipelineMTime: 0
  UpdateMTime: 1576
  RealTimeStamp: 0 seconds 
  LargestPossibleRegion: 
    Dimension: 3
    Index: [0, 0, 0]
    Size: [160, 240, 256]
  BufferedRegion: 
    Dimension: 3
    Index: [0, 0, 0]
    Size: [160, 240, 256]
  RequestedRegion: 
    Dimension: 3
    Index: [0, 0, 0]
    Size: [160, 240, 256]
  Spacing: [1, 1, 1]
  Origin: [91.5134, 94.282, -109.927]
  Direction: 
-0.99591 -0.0698718 -0.0572835
0.0697565 -0.997556 0.00401236
-0.0574239 5.01125e-08 0.99835

  IndexToPointMatrix: 
-0.99591 -0.0698718 -0.0572835
0.0697565 -0.997556 0.00401236
-0.0574239 5.01125e-08 0.99835

  PointToIndexMatrix: 
-0.99591 0.0697565 -0.0574239
-0.0698718 -0.997556 5.01483e-08
-0.0572835 0.00401236 0.99835

  Inverse Direction: 
-0.99591 0.0697565 -0.0574239
-0.0698718 -0.997556 5.01483e-08
-0.0572835 0.00401236 0.99835

  PixelContainer: 
    ImportImageContainer (0x47fd6d0)
      RTTI typeinfo:   itk::ImportImageContainer<unsigned long, double>
      Reference Count: 1
      Modified Time: 1573
      Debug: Off
      Object Name: 
      Observers: 
        none
      Pointer: 0x14df29c8e010
      Container manages memory: true
      Size: 9830400
      Capacity: 9830400

     Weighting = 1
     Sampling strategy = regular
     Number of bins = 32
     Radius = 4
     Sampling percentage  = 0.25
   Transform = Rigid
     Gradient step = 0.1
     Update field sigma (voxel space) = 0
     Total field sigma (voxel space) = 0
     Update field time sigma = 0
     Total field time sigma  = 0
     Number of time indices = 0
     Number of time point samples = 0
Registration using 1 total stages.

Stage 0
  iterations = 1000x500x250x100
  convergence threshold = 1e-06
  convergence window size = 10
  number of levels = 4
  using the Mattes MI metric (number of bins = 32, weight = 1, use gradient filter = 0)
  preprocessing:  winsorizing the image intensities
  Shrink factors (level 1 out of 4): [8, 8, 8]
  Shrink factors (level 2 out of 4): [4, 4, 4]
  Shrink factors (level 3 out of 4): [2, 2, 2]
  Shrink factors (level 4 out of 4): [1, 1, 1]
  smoothing sigmas per level: [3, 2, 1, 0]
  regular sampling (percentage = 0.25)

*** Running Euler3DTransform registration ***

DIAGNOSTIC,Iteration,metricValue,convergenceValue,ITERATION_TIME_INDEX,SINCE_LAST
 2DIAGNOSTIC,     1, -4.945365495269e-01, 1.797693134862e+308, 7.2049e-01, 7.2049e-01, 
 2DIAGNOSTIC,     2, -4.961551199262e-01, 1.797693134862e+308, 7.2491e-01, 4.4229e-03, 
 2DIAGNOSTIC,     3, -4.991207097076e-01, 1.797693134862e+308, 7.2895e-01, 4.0371e-03, 
 2DIAGNOSTIC,     4, -5.030359852117e-01, 1.797693134862e+308, 7.3300e-01, 4.0441e-03, 
 2DIAGNOSTIC,     5, -5.059125054655e-01, 1.797693134862e+308, 7.3694e-01, 3.9442e-03, 
 2DIAGNOSTIC,     6, -5.092815596254e-01, 1.797693134862e+308, 7.4099e-01, 4.0469e-03, 
 2DIAGNOSTIC,     7, -5.205915484568e-01, 1.797693134862e+308, 7.4531e-01, 4.3221e-03, 
 2DIAGNOSTIC,     8, -5.236677933913e-01, 1.797693134862e+308, 7.4932e-01, 4.0078e-03, 
 2DIAGNOSTIC,     9, -5.261653611514e-01, 1.797693134862e+308, 7.5346e-01, 4.1420e-03, 
 2DIAGNOSTIC,    10, -5.313843279548e-01, 4.956236851461e-03, 7.5788e-01, 4.4250e-03, 
 2DIAGNOSTIC,    11, -5.461121550605e-01, 5.255951709878e-03, 7.6287e-01, 4.9851e-03, 
 2DIAGNOSTIC,    12, -5.563506773259e-01, 5.544499219500e-03, 7.6744e-01, 4.5760e-03, 
 2DIAGNOSTIC,    13, -6.011783753091e-01, 7.240286203981e-03, 7.7277e-01, 5.3270e-03, 
 2DIAGNOSTIC,    14, -6.166052825031e-01, 8.701253899215e-03, 7.7704e-01, 4.2679e-03, 
 2DIAGNOSTIC,    15, -6.211428291638e-01, 9.416357351016e-03, 7.8122e-01, 4.1821e-03, 
 2DIAGNOSTIC,    16, -6.235432151437e-01, 9.368281934978e-03, 7.8600e-01, 4.7760e-03, 
 2DIAGNOSTIC,    17, -6.347577461177e-01, 9.145335026704e-03, 7.9169e-01, 5.6899e-03, 
 2DIAGNOSTIC,    18, -6.413138476557e-01, 8.359392951092e-03, 7.9632e-01, 4.6332e-03, 
 2DIAGNOSTIC,    19, -6.420802712273e-01, 6.980623455390e-03, 8.0137e-01, 5.0519e-03, 
 2DIAGNOSTIC,    20, -6.425493368677e-01, 5.272872579762e-03, 8.0530e-01, 3.9239e-03, 
 2DIAGNOSTIC,    21, -6.431795003822e-01, 3.641466663218e-03, 8.0952e-01, 4.2279e-03, 
 2DIAGNOSTIC,    22, -6.434078409575e-01, 2.049113980975e-03, 8.1320e-01, 3.6790e-03, 
 2DIAGNOSTIC,    23, -6.435083889196e-01, 1.381096889251e-03, 8.1757e-01, 4.3681e-03, 
 2DIAGNOSTIC,    24, -6.436807754778e-01, 9.688116262937e-04, 8.2268e-01, 5.1069e-03, 
 2DIAGNOSTIC,    25, -6.439989386039e-01, 6.014653506305e-04, 8.2820e-01, 5.5192e-03, 
 2DIAGNOSTIC,    26, -6.448361528272e-01, 2.655196377313e-04, 8.3222e-01, 4.0219e-03, 
 2DIAGNOSTIC,    27, -6.460796037624e-01, 1.536865275232e-04, 8.3671e-01, 4.4940e-03, 
 2DIAGNOSTIC,    28, -6.463976197322e-01, 1.550353324749e-04, 8.4068e-01, 3.9661e-03, 
 2DIAGNOSTIC,    29, -6.463935458809e-01, 1.547432181094e-04, 8.4466e-01, 3.9790e-03, 
 2DIAGNOSTIC,    30, -6.464392298581e-01, 1.482978605093e-04, 8.4919e-01, 4.5340e-03, 
 2DIAGNOSTIC,    31, -6.463723508825e-01, 1.368671683347e-04, 8.5324e-01, 4.0500e-03, 
 2DIAGNOSTIC,    32, -6.464254415646e-01, 1.173265920206e-04, 8.5822e-01, 4.9770e-03, 
 2DIAGNOSTIC,    33, -6.464354984600e-01, 8.969331167710e-05, 8.7093e-01, 1.2714e-02, 
 2DIAGNOSTIC,    34, -6.464354984271e-01, 5.811490260518e-05, 8.8352e-01, 1.2588e-02, 
 2DIAGNOSTIC,    35, -6.464354984271e-01, 2.735369026127e-05, 8.8946e-01, 5.9431e-03, 
 2DIAGNOSTIC,    36, -6.464354984271e-01, 6.561971938442e-06, 8.9390e-01, 4.4391e-03, 
 2DIAGNOSTIC,    37, -6.464354984271e-01, 2.244497231269e-06, 8.9839e-01, 4.4830e-03, 
 2DIAGNOSTIC,    38, -6.464354984271e-01, 1.990753678044e-06, 9.0282e-01, 4.4329e-03, 
 2DIAGNOSTIC,    39, -6.464354984271e-01, 1.582335803638e-06, 9.0712e-01, 4.3049e-03, 
 2DIAGNOSTIC,    40, -6.464354984271e-01, 1.698173365722e-06, 9.1158e-01, 4.4570e-03, 
DIAGNOSTIC,Iteration,metricValue,convergenceValue,ITERATION_TIME_INDEX,SINCE_LAST
 2DIAGNOSTIC,     1, -5.367244450383e-01, 1.797693134862e+308, 1.6196e+00, 7.0800e-01, 
 2DIAGNOSTIC,     2, -5.380313833859e-01, 1.797693134862e+308, 1.6470e+00, 2.7373e-02, 
 2DIAGNOSTIC,     3, -5.401731909364e-01, 1.797693134862e+308, 1.6749e+00, 2.7969e-02, 
 2DIAGNOSTIC,     4, -5.431881343272e-01, 1.797693134862e+308, 1.7030e+00, 2.8112e-02, 
 2DIAGNOSTIC,     5, -5.453557595617e-01, 1.797693134862e+308, 1.7304e+00, 2.7399e-02, 
 2DIAGNOSTIC,     6, -5.461088564831e-01, 1.797693134862e+308, 1.7575e+00, 2.7060e-02, 
 2DIAGNOSTIC,     7, -5.462086680534e-01, 1.797693134862e+308, 1.7889e+00, 3.1444e-02, 
 2DIAGNOSTIC,     8, -5.464869267035e-01, 1.797693134862e+308, 1.8235e+00, 3.4548e-02, 
 2DIAGNOSTIC,     9, -5.465850813517e-01, 1.797693134862e+308, 1.8623e+00, 3.8854e-02, 
 2DIAGNOSTIC,    10, -5.466464837115e-01, 1.224741218985e-03, 1.8921e+00, 2.9768e-02, 
 2DIAGNOSTIC,    11, -5.470487706157e-01, 8.391099681823e-04, 1.9218e+00, 2.9664e-02, 
 2DIAGNOSTIC,    12, -5.471758935663e-01, 5.053701488870e-04, 1.9544e+00, 3.2645e-02, 
 2DIAGNOSTIC,    13, -5.471428458409e-01, 2.604988595998e-04, 1.9839e+00, 2.9483e-02, 
 2DIAGNOSTIC,    14, -5.471835674965e-01, 1.395636924432e-04, 2.0239e+00, 3.9978e-02, 
 2DIAGNOSTIC,    15, -5.472405831875e-01, 9.903714328370e-05, 2.0585e+00, 3.4587e-02, 
 2DIAGNOSTIC,    16, -5.472598771012e-01, 7.966182436657e-05, 2.0927e+00, 3.4200e-02, 
 2DIAGNOSTIC,    17, -5.472729367107e-01, 5.862743328140e-05, 2.1234e+00, 3.0746e-02, 
 2DIAGNOSTIC,    18, -5.473059248538e-01, 4.386276161228e-05, 2.1549e+00, 3.1526e-02, 
 2DIAGNOSTIC,    19, -5.473435927621e-01, 3.059173257530e-05, 2.1836e+00, 2.8614e-02, 
 2DIAGNOSTIC,    20, -5.474644647916e-01, 2.039757380082e-05, 2.2127e+00, 2.9110e-02, 
 2DIAGNOSTIC,    21, -5.476672302048e-01, 2.427778208268e-05, 2.2419e+00, 2.9280e-02, 
 2DIAGNOSTIC,    22, -5.482405838521e-01, 4.222047059642e-05, 2.2895e+00, 4.7597e-02, 
 2DIAGNOSTIC,    23, -5.482883005225e-01, 5.482202691107e-05, 2.3346e+00, 4.5015e-02, 
 2DIAGNOSTIC,    24, -5.483174313699e-01, 6.301593742153e-05, 2.3716e+00, 3.7021e-02, 
 2DIAGNOSTIC,    25, -5.482954930208e-01, 6.562158462102e-05, 2.4136e+00, 4.2045e-02, 
 2DIAGNOSTIC,    26, -5.482908935461e-01, 6.219653928340e-05, 2.4521e+00, 3.8461e-02, 
 2DIAGNOSTIC,    27, -5.482929903987e-01, 5.340706810220e-05, 2.4830e+00, 3.0874e-02, 
 2DIAGNOSTIC,    28, -5.482861412793e-01, 4.081103130561e-05, 2.5166e+00, 3.3597e-02, 
 2DIAGNOSTIC,    29, -5.482735820114e-01, 2.593280802990e-05, 2.5497e+00, 3.3178e-02, 
 2DIAGNOSTIC,    30, -5.483198831820e-01, 1.264380247595e-05, 2.5943e+00, 4.4585e-02, 
 2DIAGNOSTIC,    31, -5.482930784147e-01, 1.789246334802e-06, 2.6294e+00, 3.5033e-02, 
DIAGNOSTIC,Iteration,metricValue,convergenceValue,ITERATION_TIME_INDEX,SINCE_LAST
 2DIAGNOSTIC,     1, -4.662378236417e-01, 1.797693134862e+308, 3.6806e+00, 1.0512e+00, 
 2DIAGNOSTIC,     2, -4.664224840228e-01, 1.797693134862e+308, 3.8943e+00, 2.1367e-01, 
 2DIAGNOSTIC,     3, -4.665513775280e-01, 1.797693134862e+308, 4.1046e+00, 2.1030e-01, 
 2DIAGNOSTIC,     4, -4.666538098604e-01, 1.797693134862e+308, 4.3173e+00, 2.1275e-01, 
 2DIAGNOSTIC,     5, -4.667429514690e-01, 1.797693134862e+308, 4.5287e+00, 2.1134e-01, 
 2DIAGNOSTIC,     6, -4.668835221734e-01, 1.797693134862e+308, 4.7289e+00, 2.0025e-01, 
 2DIAGNOSTIC,     7, -4.673059664783e-01, 1.797693134862e+308, 4.9461e+00, 2.1719e-01, 
 2DIAGNOSTIC,     8, -4.674348694016e-01, 1.797693134862e+308, 5.3010e+00, 3.5490e-01, 
 2DIAGNOSTIC,     9, -4.674483332807e-01, 1.797693134862e+308, 5.5427e+00, 2.4175e-01, 
 2DIAGNOSTIC,    10, -4.674386220212e-01, 1.885294298133e-04, 5.8144e+00, 2.7161e-01, 
 2DIAGNOSTIC,    11, -4.674401618439e-01, 1.546899820306e-04, 6.1194e+00, 3.0501e-01, 
 2DIAGNOSTIC,    12, -4.674394008446e-01, 1.217520786568e-04, 6.3648e+00, 2.4541e-01, 
 2DIAGNOSTIC,    13, -4.674385289604e-01, 8.896212535629e-05, 6.6028e+00, 2.3801e-01, 
 2DIAGNOSTIC,    14, -4.674376462368e-01, 5.765116760142e-05, 6.8403e+00, 2.3749e-01, 
 2DIAGNOSTIC,    15, -4.674367342104e-01, 2.917464684196e-05, 7.0540e+00, 2.1375e-01, 
 2DIAGNOSTIC,    16, -4.674358520127e-01, 6.698877700842e-06, 7.2966e+00, 2.4261e-01, 
 2DIAGNOSTIC,    17, -4.674359020575e-01, 1.424552295591e-06, 7.5075e+00, 2.1082e-01, 
 2DIAGNOSTIC,    18, -4.674350259543e-01, 1.088929549371e-06, 7.7198e+00, 2.1231e-01, 
 2DIAGNOSTIC,    19, -4.674341663689e-01, 1.265368898960e-06, 7.9618e+00, 2.4206e-01, 
 2DIAGNOSTIC,    20, -4.674333530117e-01, 1.141165185577e-06, 8.1751e+00, 2.1330e-01, 
 2DIAGNOSTIC,    21, -4.674316774226e-01, 1.067201459051e-06, 8.4123e+00, 2.3713e-01, 
 2DIAGNOSTIC,    22, -4.674309235238e-01, 1.000750770939e-06, 8.6183e+00, 2.0605e-01, 
 2DIAGNOSTIC,    23, -4.674332130419e-01, 1.019444885807e-06, 8.8023e+00, 1.8402e-01, 
 2DIAGNOSTIC,    24, -4.674357188406e-01, 1.110221711176e-06, 9.0155e+00, 2.1316e-01, 
 2DIAGNOSTIC,    25, -4.674371979878e-01, 1.227271820239e-06, 9.2583e+00, 2.4279e-01, 
 2DIAGNOSTIC,    26, -4.674369434937e-01, 1.313798447658e-06, 9.5274e+00, 2.6917e-01, 
 2DIAGNOSTIC,    27, -4.674391839776e-01, 1.438806717768e-06, 9.7662e+00, 2.3878e-01, 
 2DIAGNOSTIC,    28, -4.674365065673e-01, 1.450962204282e-06, 9.9877e+00, 2.2144e-01, 
 2DIAGNOSTIC,    29, -4.674368370696e-01, 1.422194587174e-06, 1.0242e+01, 2.5397e-01, 
 2DIAGNOSTIC,    30, -4.674361693748e-01, 1.335364843105e-06, 1.0490e+01, 2.4834e-01, 
 2DIAGNOSTIC,    31, -4.674354638277e-01, 1.182597327003e-06, 1.0725e+01, 2.3493e-01, 
 2DIAGNOSTIC,    32, -4.674357526432e-01, 1.015358951743e-06, 1.0940e+01, 2.1542e-01, 
DIAGNOSTIC,Iteration,metricValue,convergenceValue,ITERATION_TIME_INDEX,SINCE_LAST
 2DIAGNOSTIC,     1, -4.256749838928e-01, 1.797693134862e+308, 1.3504e+01, 2.5640e+00, 
 2DIAGNOSTIC,     2, -4.257695097506e-01, 1.797693134862e+308, 1.5006e+01, 1.5021e+00, 
 2DIAGNOSTIC,     3, -4.258606721807e-01, 1.797693134862e+308, 1.6538e+01, 1.5317e+00, 
 2DIAGNOSTIC,     4, -4.260323488895e-01, 1.797693134862e+308, 1.7963e+01, 1.4251e+00, 
 2DIAGNOSTIC,     5, -4.260524020398e-01, 1.797693134862e+308, 2.0509e+01, 2.5461e+00, 
 2DIAGNOSTIC,     6, -4.260611194932e-01, 1.797693134862e+308, 2.2314e+01, 1.8049e+00, 
 2DIAGNOSTIC,     7, -4.260595756450e-01, 1.797693134862e+308, 2.3795e+01, 1.4811e+00, 
 2DIAGNOSTIC,     8, -4.260583983616e-01, 1.797693134862e+308, 2.5457e+01, 1.6613e+00, 
 2DIAGNOSTIC,     9, -4.260583327077e-01, 1.797693134862e+308, 2.7198e+01, 1.7417e+00, 
 2DIAGNOSTIC,    10, -4.260579760850e-01, 5.577725568422e-05, 2.9027e+01, 1.8283e+00, 
 2DIAGNOSTIC,    11, -4.260579603234e-01, 3.210275566819e-05, 3.0591e+01, 1.5642e+00, 
 2DIAGNOSTIC,    12, -4.260578194691e-01, 1.499083337105e-05, 3.1949e+01, 1.3579e+00, 
 2DIAGNOSTIC,    13, -4.260578228324e-01, 3.844798121835e-06, 3.3459e+01, 1.5100e+00, 
 2DIAGNOSTIC,    14, -4.260577880337e-01, 2.320590925281e-06, 3.4841e+01, 1.3820e+00, 
 2DIAGNOSTIC,    15, -4.260576971836e-01, 1.870544710542e-06, 3.6354e+01, 1.5129e+00, 
 2DIAGNOSTIC,    16, -4.260577697251e-01, 1.867636131858e-06, 3.8064e+01, 1.7099e+00, 
 2DIAGNOSTIC,    17, -4.260575492425e-01, 1.807960319539e-06, 3.9584e+01, 1.5200e+00, 
 2DIAGNOSTIC,    18, -4.260576986786e-01, 1.722814970677e-06, 4.1212e+01, 1.6289e+00, 
 2DIAGNOSTIC,    19, -4.260576108299e-01, 1.645479411824e-06, 4.2911e+01, 1.6981e+00, 
 2DIAGNOSTIC,    20, -4.260576251882e-01, 1.567178381512e-06, 4.4481e+01, 1.5705e+00, 
 2DIAGNOSTIC,    21, -4.260572167143e-01, 1.485187054853e-06, 4.6153e+01, 1.6717e+00, 
 2DIAGNOSTIC,    22, -4.260572570900e-01, 1.410721080633e-06, 4.7642e+01, 1.4892e+00, 
 2DIAGNOSTIC,    23, -4.260571953668e-01, 1.344165672948e-06, 4.9060e+01, 1.4180e+00, 
 2DIAGNOSTIC,    24, -4.260570587011e-01, 1.281945100885e-06, 5.0486e+01, 1.4262e+00, 
 2DIAGNOSTIC,    25, -4.260571711353e-01, 1.229454935102e-06, 5.1872e+01, 1.3854e+00, 
 2DIAGNOSTIC,    26, -4.260573631486e-01, 1.192032017414e-06, 5.3424e+01, 1.5520e+00, 
 2DIAGNOSTIC,    27, -4.260575556415e-01, 1.159402243101e-06, 5.4971e+01, 1.5477e+00, 
 2DIAGNOSTIC,    28, -4.260574371867e-01, 1.131524527832e-06, 5.6541e+01, 1.5701e+00, 
 2DIAGNOSTIC,    29, -4.260573502294e-01, 1.102129752219e-06, 5.8225e+01, 1.6840e+00, 
 2DIAGNOSTIC,    30, -4.260574377961e-01, 1.076769040910e-06, 5.9744e+01, 1.5183e+00, 
 2DIAGNOSTIC,    31, -4.260574729892e-01, 1.043161279406e-06, 6.1331e+01, 1.5868e+00, 
 2DIAGNOSTIC,    32, -4.260573703028e-01, 1.008686397165e-06, 6.2698e+01, 1.3671e+00, 
  Elapsed time (stage 0): 6.3543e+01


Total elapsed time: 6.3546e+01
Info [verificarlo]: loaded backend libinterflop_vprec.so
Info [interflop-vprec]: load backend with: 
Info [interflop-vprec]: precision-binary32 = 19
Info [interflop-vprec]: range-binary32 = 8
Info [interflop-vprec]: precision-binary64 = 19
Info [interflop-vprec]: range-binary64 = 8
Info [interflop-vprec]: mode = ob
Info [interflop-vprec]: error-mode = rel
Info [interflop-vprec]: max-abs-error-exponent = -1022
Info [interflop-vprec]: daz = false
Info [interflop-vprec]: ftz = false
Info [interflop-vprec]: 	instrument = none
Info [interflop-vprec]: 	prec-input-file = (null)
Info [interflop-vprec]: 	prec-output-file = (null)
Info [interflop-vprec]: 	prec-log-file = (null)
All_Command_lines_OK
Using double precision for computations.
=============================================================================
The composite transform comprises the following transforms (in order): 
  1. /home/mdugre/scratch/mri-registration-rp/datasets/ds004513/derivatives/mri-registration-rp/0011/antsRegistration-r8-p19/sub-s033/rigid_Composite.h5[0] (type = Euler3DTransform)
  2. /home/mdugre/scratch/mri-registration-rp/datasets/ds004513/derivatives/mri-registration-rp/0011/antsRegistration-r8-p19/sub-s033/rigid_Composite.h5[1] (type = Euler3DTransform)
  3. /home/mdugre/scratch/mri-registration-rp/datasets/ds004513/derivatives/mri-registration-rp/0011/antsRegistration-r8-p19/sub-s033/rigid_Composite.h5[2] (type = Euler3DTransform)
=============================================================================
  number of levels = 4
  fixed image: /templateflow/tpl-MNI152NLin2009cAsym/tpl-MNI152NLin2009cAsym_res-01_desc-brain_T1w.nii.gz
  moving image: /home/mdugre/scratch/mri-registration-rp/datasets/ds004513/derivatives/mri-registration-rp/antsBrainExtraction/sub-s033/BrainExtractionBrain.nii.gz
Dimension = 3
Number of stages = 1
Use histogram matching = false
Winsorize image intensities = true
  Lower quantile = 0.005
  Upper quantile = 0.995


Stage 1 State
   Image metric = MattesMI
     Fixed image = Image (0x3a56490)
  RTTI typeinfo:   itk::Image<double, 3u>
  Reference Count: 2
  Modified Time: 1592
  Debug: Off
  Object Name: 
  Observers: 
    none
  Source: (none)
  Source output name: (none)
  Release Data: Off
  Data Released: False
  Global Release Data: Off
  PipelineMTime: 0
  UpdateMTime: 1203
  RealTimeStamp: 0 seconds 
  LargestPossibleRegion: 
    Dimension: 3
    Index: [0, 0, 0]
    Size: [193, 229, 193]
  BufferedRegion: 
    Dimension: 3
    Index: [0, 0, 0]
    Size: [193, 229, 193]
  RequestedRegion: 
    Dimension: 3
    Index: [0, 0, 0]
    Size: [193, 229, 193]
  Spacing: [1, 1, 1]
  Origin: [96, 132, -78]
  Direction: 
-1 0 0
0 -1 0
0 0 1

  IndexToPointMatrix: 
-1 0 0
0 -1 0
0 0 1

  PointToIndexMatrix: 
-1 0 0
0 -1 0
0 0 1

  Inverse Direction: 
-1 0 0
0 -1 0
0 0 1

  PixelContainer: 
    ImportImageContainer (0x3b218c0)
      RTTI typeinfo:   itk::ImportImageContainer<unsigned long, double>
      Reference Count: 1
      Modified Time: 1200
      Debug: Off
      Object Name: 
      Observers: 
        none
      Pointer: 0x15377546c010
      Container manages memory: true
      Size: 8530021
      Capacity: 8530021

     Moving image = Image (0x3b11b60)
  RTTI typeinfo:   itk::Image<double, 3u>
  Reference Count: 2
  Modified Time: 1593
  Debug: Off
  Object Name: 
  Observers: 
    none
  Source: (none)
  Source output name: (none)
  Release Data: Off
  Data Released: False
  Global Release Data: Off
  PipelineMTime: 0
  UpdateMTime: 1590
  RealTimeStamp: 0 seconds 
  LargestPossibleRegion: 
    Dimension: 3
    Index: [0, 0, 0]
    Size: [160, 240, 256]
  BufferedRegion: 
    Dimension: 3
    Index: [0, 0, 0]
    Size: [160, 240, 256]
  RequestedRegion: 
    Dimension: 3
    Index: [0, 0, 0]
    Size: [160, 240, 256]
  Spacing: [1, 1, 1]
  Origin: [91.5134, 94.282, -109.927]
  Direction: 
-0.99591 -0.0698718 -0.0572835
0.0697565 -0.997556 0.00401236
-0.0574238 5.01125e-08 0.99835

  IndexToPointMatrix: 
-0.99591 -0.0698718 -0.0572835
0.0697565 -0.997556 0.00401236
-0.0574238 5.01125e-08 0.99835

  PointToIndexMatrix: 
-0.995911 0.0697565 -0.0574238
-0.0698717 -0.997555 -9.53674e-07
-0.0572835 0.00401258 0.99835

  Inverse Direction: 
-0.995911 0.0697565 -0.0574238
-0.0698717 -0.997555 -9.53674e-07
-0.0572835 0.00401258 0.99835

  PixelContainer: 
    ImportImageContainer (0x3ba51d0)
      RTTI typeinfo:   itk::ImportImageContainer<unsigned long, double>
      Reference Count: 1
      Modified Time: 1587
      Debug: Off
      Object Name: 
      Observers: 
        none
      Pointer: 0x15377096b010
      Container manages memory: true
      Size: 9830400
      Capacity: 9830400

     Weighting = 1
     Sampling strategy = regular
     Number of bins = 32
     Radius = 4
     Sampling percentage  = 0.25
   Transform = Affine
     Gradient step = 0.1
     Update field sigma (voxel space) = 0
     Total field sigma (voxel space) = 0
     Update field time sigma = 0
     Total field time sigma  = 0
     Number of time indices = 0
     Number of time point samples = 0
Registration using 1 total stages.

Stage 0
  iterations = 1000x500x250x100
  convergence threshold = 1e-06
  convergence window size = 10
  number of levels = 4
  using the Mattes MI metric (number of bins = 32, weight = 1, use gradient filter = 0)
  preprocessing:  winsorizing the image intensities
  Shrink factors (level 1 out of 4): [8, 8, 8]
  Shrink factors (level 2 out of 4): [4, 4, 4]
  Shrink factors (level 3 out of 4): [2, 2, 2]
  Shrink factors (level 4 out of 4): [1, 1, 1]
  smoothing sigmas per level: [3, 2, 1, 0]
  regular sampling (percentage = 0.25)

*** Running AffineTransform registration ***

DIAGNOSTIC,Iteration,metricValue,convergenceValue,ITERATION_TIME_INDEX,SINCE_LAST
 2DIAGNOSTIC,     1, -6.365814436532e-01, 1.797693134862e+308, 0.0000e+00, 0.0000e+00, 
 2DIAGNOSTIC,     2, -6.391751469046e-01, 1.797693134862e+308, 0.0000e+00, 0.0000e+00, 
 2DIAGNOSTIC,     3, -6.433904321270e-01, 1.797693134862e+308, 0.0000e+00, 0.0000e+00, 
 2DIAGNOSTIC,     4, -6.509876560680e-01, 1.797693134862e+308, 0.0000e+00, 0.0000e+00, 
 2DIAGNOSTIC,     5, -6.630307279274e-01, 1.797693134862e+308, 0.0000e+00, 0.0000e+00, 
 2DIAGNOSTIC,     6, -6.851616689341e-01, 1.797693134862e+308, 0.0000e+00, 0.0000e+00, 
 2DIAGNOSTIC,     7, -7.190733890617e-01, 1.797693134862e+308, 0.0000e+00, 0.0000e+00, 
 2DIAGNOSTIC,     8, -8.312310147955e-01, 1.797693134862e+308, 0.0000e+00, 0.0000e+00, 
 2DIAGNOSTIC,     9, -8.659934268027e-01, 1.797693134862e+308, 0.0000e+00, 0.0000e+00, 
 2DIAGNOSTIC,    10, -8.890331791117e-01, 2.431543581239e-02, 0.0000e+00, 0.0000e+00, 
 2DIAGNOSTIC,    11, -8.992739701454e-01, 2.483697416041e-02, 0.0000e+00, 0.0000e+00, 
 2DIAGNOSTIC,    12, -9.058281658368e-01, 2.332745412343e-02, 0.0000e+00, 0.0000e+00, 
 2DIAGNOSTIC,    13, -9.063665629631e-01, 2.011031646714e-02, 0.0000e+00, 0.0000e+00, 
 2DIAGNOSTIC,    14, -9.073502737973e-01, 1.584200060601e-02, 0.0000e+00, 0.0000e+00, 
 2DIAGNOSTIC,    15, -9.077890299615e-01, 1.113207367928e-02, 0.0000e+00, 0.0000e+00, 
 2DIAGNOSTIC,    16, -9.074813898210e-01, 6.592350175762e-03, 0.0000e+00, 0.0000e+00, 
 2DIAGNOSTIC,    17, -9.074260332170e-01, 2.714609316696e-03, 0.0000e+00, 0.0000e+00, 
 2DIAGNOSTIC,    18, -9.073504375803e-01, 1.264022226399e-03, 0.0000e+00, 0.0000e+00, 
 2DIAGNOSTIC,    19, -9.072822331812e-01, 5.011660269633e-04, 0.0000e+00, 0.0000e+00, 
 2DIAGNOSTIC,    20, -9.073616648136e-01, 1.768485525695e-04, 0.0000e+00, 0.0000e+00, 
 2DIAGNOSTIC,    21, -9.072709474802e-01, 3.556585644578e-05, 0.0000e+00, 0.0000e+00, 
 2DIAGNOSTIC,    22, -9.071834394013e-01, 6.960292287514e-06, 0.0000e+00, 0.0000e+00, 
DIAGNOSTIC,Iteration,metricValue,convergenceValue,ITERATION_TIME_INDEX,SINCE_LAST
 2DIAGNOSTIC,     1, -7.428782113932e-01, 1.797693134862e+308, 0.0000e+00, 0.0000e+00, 
 2DIAGNOSTIC,     2, -7.439777516725e-01, 1.797693134862e+308, 0.0000e+00, 0.0000e+00, 
 2DIAGNOSTIC,     3, -7.449996580456e-01, 1.797693134862e+308, 0.0000e+00, 0.0000e+00, 
 2DIAGNOSTIC,     4, -7.459453118726e-01, 1.797693134862e+308, 0.0000e+00, 0.0000e+00, 
 2DIAGNOSTIC,     5, -7.470203250565e-01, 1.797693134862e+308, 0.0000e+00, 0.0000e+00, 
 2DIAGNOSTIC,     6, -7.484465698780e-01, 1.797693134862e+308, 0.0000e+00, 0.0000e+00, 
 2DIAGNOSTIC,     7, -7.484774968473e-01, 1.797693134862e+308, 0.0000e+00, 0.0000e+00, 
 2DIAGNOSTIC,     8, -7.484962571171e-01, 1.797693134862e+308, 0.0000e+00, 0.0000e+00, 
 2DIAGNOSTIC,     9, -7.485370177170e-01, 1.797693134862e+308, 0.0000e+00, 0.0000e+00, 
 2DIAGNOSTIC,    10, -7.485552466274e-01, 5.182413242425e-04, 0.0000e+00, 0.0000e+00, 
 2DIAGNOSTIC,    11, -7.486507128093e-01, 3.589439300441e-04, 0.0000e+00, 0.0000e+00, 
 2DIAGNOSTIC,    12, -7.486363664499e-01, 2.284796620020e-04, 0.0000e+00, 0.0000e+00, 
 2DIAGNOSTIC,    13, -7.486356258071e-01, 1.279219932419e-04, 0.0000e+00, 0.0000e+00, 
 2DIAGNOSTIC,    14, -7.486535691661e-01, 5.619678061482e-05, 0.0000e+00, 0.0000e+00, 
 2DIAGNOSTIC,    15, -7.486465813226e-01, 1.514563312677e-05, 0.0000e+00, 0.0000e+00, 
 2DIAGNOSTIC,    16, -7.486400835085e-01, 1.175103850075e-05, 0.0000e+00, 0.0000e+00, 
 2DIAGNOSTIC,    17, -7.486453816398e-01, 8.679559947565e-06, 0.0000e+00, 0.0000e+00, 
 2DIAGNOSTIC,    18, -7.486371666581e-01, 5.549043161614e-06, 0.0000e+00, 0.0000e+00, 
 2DIAGNOSTIC,    19, -7.486266285082e-01, 3.008853285788e-06, 0.0000e+00, 0.0000e+00, 
DIAGNOSTIC,Iteration,metricValue,convergenceValue,ITERATION_TIME_INDEX,SINCE_LAST
 2DIAGNOSTIC,     1, -6.326006814389e-01, 1.797693134862e+308, 0.0000e+00, 0.0000e+00, 
 2DIAGNOSTIC,     2, -6.332105443039e-01, 1.797693134862e+308, 0.0000e+00, 0.0000e+00, 
 2DIAGNOSTIC,     3, -6.338680096270e-01, 1.797693134862e+308, 0.0000e+00, 0.0000e+00, 
 2DIAGNOSTIC,     4, -6.347509386240e-01, 1.797693134862e+308, 0.0000e+00, 0.0000e+00, 
 2DIAGNOSTIC,     5, -6.369862663330e-01, 1.797693134862e+308, 0.0000e+00, 0.0000e+00, 
 2DIAGNOSTIC,     6, -6.377827900148e-01, 1.797693134862e+308, 0.0000e+00, 0.0000e+00, 
 2DIAGNOSTIC,     7, -6.378146444816e-01, 1.797693134862e+308, 0.0000e+00, 0.0000e+00, 
 2DIAGNOSTIC,     8, -6.378155420894e-01, 1.797693134862e+308, 0.0000e+00, 0.0000e+00, 
 2DIAGNOSTIC,     9, -6.378092729984e-01, 1.797693134862e+308, 0.0000e+00, 0.0000e+00, 
 2DIAGNOSTIC,    10, -6.378107851072e-01, 6.091359613363e-04, 0.0000e+00, 0.0000e+00, 
 2DIAGNOSTIC,    11, -6.378079826460e-01, 4.326280297026e-04, 0.0000e+00, 0.0000e+00, 
 2DIAGNOSTIC,    12, -6.378084467335e-01, 2.707180013875e-04, 0.0000e+00, 0.0000e+00, 
 2DIAGNOSTIC,    13, -6.378086691542e-01, 1.326600027170e-04, 0.0000e+00, 0.0000e+00, 
 2DIAGNOSTIC,    14, -6.378079304801e-01, 2.895288756750e-05, 0.0000e+00, 0.0000e+00, 
 2DIAGNOSTIC,    15, -6.378083334006e-01, 2.535954828575e-06, 0.0000e+00, 0.0000e+00, 
 2DIAGNOSTIC,    16, -6.378074226792e-01, 1.557662051038e-06, 0.0000e+00, 0.0000e+00, 
 2DIAGNOSTIC,    17, -6.378059555688e-01, 1.530473027311e-06, 0.0000e+00, 0.0000e+00, 
 2DIAGNOSTIC,    18, -6.378054695318e-01, 1.552469606474e-06, 0.0000e+00, 0.0000e+00, 
 2DIAGNOSTIC,    19, -6.378055038395e-01, 1.443611124176e-06, 0.0000e+00, 0.0000e+00, 
 2DIAGNOSTIC,    20, -6.378044100134e-01, 1.377545517385e-06, 0.0000e+00, 0.0000e+00, 
 2DIAGNOSTIC,    21, -6.378050526854e-01, 1.291990384157e-06, 0.0000e+00, 0.0000e+00, 
 2DIAGNOSTIC,    22, -6.378070389010e-01, 1.284342731521e-06, 0.0000e+00, 0.0000e+00, 
 2DIAGNOSTIC,    23, -6.378053811026e-01, 1.263645388848e-06, 0.0000e+00, 0.0000e+00, 
 2DIAGNOSTIC,    24, -6.378052205970e-01, 1.239736079330e-06, 0.0000e+00, 0.0000e+00, 
 2DIAGNOSTIC,    25, -6.378064834515e-01, 1.255933318782e-06, 0.0000e+00, 0.0000e+00, 
 2DIAGNOSTIC,    26, -6.378086661280e-01, 1.293352685748e-06, 0.0000e+00, 0.0000e+00, 
 2DIAGNOSTIC,    27, -6.378138501769e-01, 1.381276873012e-06, 0.0000e+00, 0.0000e+00, 
 2DIAGNOSTIC,    28, -6.378160247888e-01, 1.469148234699e-06, 0.0000e+00, 0.0000e+00, 
 2DIAGNOSTIC,    29, -6.378145200162e-01, 1.498433180314e-06, 0.0000e+00, 0.0000e+00, 
 2DIAGNOSTIC,    30, -6.378129836682e-01, 1.450068165779e-06, 0.0000e+00, 0.0000e+00, 
 2DIAGNOSTIC,    31, -6.378115621267e-01, 1.355426889726e-06, 0.0000e+00, 0.0000e+00, 
 2DIAGNOSTIC,    32, -6.378189234606e-01, 1.365060221720e-06, 0.0000e+00, 0.0000e+00, 
 2DIAGNOSTIC,    33, -6.378185414638e-01, 1.307849650967e-06, 0.0000e+00, 0.0000e+00, 
 2DIAGNOSTIC,    34, -6.378180097759e-01, 1.214407614660e-06, 0.0000e+00, 0.0000e+00, 
 2DIAGNOSTIC,    35, -6.378165379269e-01, 1.099587759606e-06, 0.0000e+00, 0.0000e+00, 
DIAGNOSTIC,Iteration,metricValue,convergenceValue,ITERATION_TIME_INDEX,SINCE_LAST
 2DIAGNOSTIC,     1, -5.636975246209e-01, 1.797693134862e+308, 0.0000e+00, 0.0000e+00, 
 2DIAGNOSTIC,     2, -5.638008597092e-01, 1.797693134862e+308, 0.0000e+00, 0.0000e+00, 
 2DIAGNOSTIC,     3, -5.638086701246e-01, 1.797693134862e+308, 0.0000e+00, 0.0000e+00, 
 2DIAGNOSTIC,     4, -5.638069526615e-01, 1.797693134862e+308, 0.0000e+00, 0.0000e+00, 
 2DIAGNOSTIC,     5, -5.638041723799e-01, 1.797693134862e+308, 0.0000e+00, 0.0000e+00, 
 2DIAGNOSTIC,     6, -5.638045393705e-01, 1.797693134862e+308, 0.0000e+00, 0.0000e+00, 
 2DIAGNOSTIC,     7, -5.638039886404e-01, 1.797693134862e+308, 0.0000e+00, 0.0000e+00, 
 2DIAGNOSTIC,     8, -5.638033989130e-01, 1.797693134862e+308, 0.0000e+00, 0.0000e+00, 
 2DIAGNOSTIC,     9, -5.638026286934e-01, 1.797693134862e+308, 0.0000e+00, 0.0000e+00, 
 2DIAGNOSTIC,    10, -5.638030608808e-01, 8.317729048926e-06, 0.0000e+00, 0.0000e+00, 
 2DIAGNOSTIC,    11, -5.638022406588e-01, 2.563405618106e-06, 0.0000e+00, 0.0000e+00, 
 2DIAGNOSTIC,    12, -5.638024486779e-01, 2.135553284988e-06, 0.0000e+00, 0.0000e+00, 
 2DIAGNOSTIC,    13, -5.638018545913e-01, 2.100356746373e-06, 0.0000e+00, 0.0000e+00, 
 2DIAGNOSTIC,    14, -5.638020913758e-01, 2.051206981810e-06, 0.0000e+00, 0.0000e+00, 
 2DIAGNOSTIC,    15, -5.638022793789e-01, 1.939841402926e-06, 0.0000e+00, 0.0000e+00, 
 2DIAGNOSTIC,    16, -5.638017989450e-01, 1.854767662346e-06, 0.0000e+00, 0.0000e+00, 
 2DIAGNOSTIC,    17, -5.638019452997e-01, 1.780604762469e-06, 0.0000e+00, 0.0000e+00, 
 2DIAGNOSTIC,    18, -5.638016002633e-01, 1.696865047293e-06, 0.0000e+00, 0.0000e+00, 
 2DIAGNOSTIC,    19, -5.638011053232e-01, 1.594014479793e-06, 0.0000e+00, 0.0000e+00, 
 2DIAGNOSTIC,    20, -5.638007617821e-01, 1.511410337676e-06, 0.0000e+00, 0.0000e+00, 
 2DIAGNOSTIC,    21, -5.638010310109e-01, 1.430339500445e-06, 0.0000e+00, 0.0000e+00, 
 2DIAGNOSTIC,    22, -5.638011622986e-01, 1.372023138858e-06, 0.0000e+00, 0.0000e+00, 
 2DIAGNOSTIC,    23, -5.638012218135e-01, 1.313383853188e-06, 0.0000e+00, 0.0000e+00, 
 2DIAGNOSTIC,    24, -5.638009909977e-01, 1.266093599780e-06, 0.0000e+00, 0.0000e+00, 
 2DIAGNOSTIC,    25, -5.638009093691e-01, 1.230512106848e-06, 0.0000e+00, 0.0000e+00, 
 2DIAGNOSTIC,    26, -5.638009944265e-01, 1.193258048308e-06, 0.0000e+00, 0.0000e+00, 
 2DIAGNOSTIC,    27, -5.638008516249e-01, 1.161153892329e-06, 0.0000e+00, 0.0000e+00, 
 2DIAGNOSTIC,    28, -5.638006701324e-01, 1.123502378429e-06, 0.0000e+00, 0.0000e+00, 
 2DIAGNOSTIC,    29, -5.638014248133e-01, 1.094296096953e-06, 0.0000e+00, 0.0000e+00, 
 2DIAGNOSTIC,    30, -5.638015899234e-01, 1.063529214543e-06, 0.0000e+00, 0.0000e+00, 
 2DIAGNOSTIC,    31, -5.638011094795e-01, 1.030659306851e-06, 0.0000e+00, 0.0000e+00, 
 2DIAGNOSTIC,    32, -5.638016831260e-01, 1.010666589772e-06, 0.0000e+00, 0.0000e+00, 
  Elapsed time (stage 0): 0.0000e+00


Total elapsed time: 0.0000e+00
Info [verificarlo]: loaded backend libinterflop_vprec.so
Info [interflop-vprec]: load backend with: 
Info [interflop-vprec]: precision-binary32 = 19
Info [interflop-vprec]: range-binary32 = 8
Info [interflop-vprec]: precision-binary64 = 19
Info [interflop-vprec]: range-binary64 = 8
Info [interflop-vprec]: mode = ob
Info [interflop-vprec]: error-mode = rel
Info [interflop-vprec]: max-abs-error-exponent = -1022
Info [interflop-vprec]: daz = false
Info [interflop-vprec]: ftz = false
Info [interflop-vprec]: 	instrument = none
Info [interflop-vprec]: 	prec-input-file = (null)
Info [interflop-vprec]: 	prec-output-file = (null)
Info [interflop-vprec]: 	prec-log-file = (null)
All_Command_lines_OK
Using double precision for computations.
=============================================================================
The composite transform comprises the following transforms (in order): 
