
##########################
# Experiment information #
##########################

EXPERIMENT_NAME: antsRegistration-r8-p20
VFC_BACKENDS: libinterflop_vprec.so --range-binary32=8 --precision-binary32=20 --range-binary64=8 --precision-binary64=20

SIF_IMG: /home/mdugre/projects/rrg-glatard/mdugre/containers/ants-vprec-no_metrics.simg

SUBJECT_ID: s017
INPUT_IMG: /home/mdugre/scratch/mri-registration-rp/datasets/ds004513/derivatives/mri-registration-rp/antsBrainExtraction/sub-s017/BrainExtractionBrain.nii.gz
OUTPUT_DIR: /home/mdugre/scratch/mri-registration-rp/datasets/ds004513/derivatives/mri-registration-rp/0011/antsRegistration-r8-p20/sub-s017

FIXED_IMG: /templateflow/tpl-MNI152NLin2009cAsym/tpl-MNI152NLin2009cAsym_res-01_desc-brain_T1w.nii.gz
DATA_DIR: /home/mdugre/scratch/mri-registration-rp/datasets/ds004513
TEMPLATEFLOW_DIR: /home/mdugre/projects/rrg-glatard/mdugre/templateflow
ITK_GLOBAL_DEFAULT_NUMBER_OF_THREADS: 16
##########################

Info [verificarlo]: loaded backend libinterflop_ieee.so
Info [interflop-ieee]: load backend with:
Info [interflop-ieee]: debug = false
Info [interflop-ieee]: debug-binary = false
Info [interflop-ieee]: no-backend-name = false
Info [interflop-ieee]: print-new-line = false
Info [interflop-ieee]: print-subnormal-normalized = false
Info [interflop-ieee]: count-op = false
All_Command_lines_OK
Using double precision for computations.
=============================================================================
The composite transform comprises the following transforms (in order): 
  1. Center of mass alignment using fixed image: /templateflow/tpl-MNI152NLin2009cAsym/tpl-MNI152NLin2009cAsym_res-01_desc-brain_T1w.nii.gz and moving image: /home/mdugre/scratch/mri-registration-rp/datasets/ds004513/derivatives/mri-registration-rp/antsBrainExtraction/sub-s017/BrainExtractionBrain.nii.gz (type = Euler3DTransform)
=============================================================================
  number of levels = 1
  fixed image: /templateflow/tpl-MNI152NLin2009cAsym/tpl-MNI152NLin2009cAsym_res-01_desc-brain_T1w.nii.gz
  moving image: /home/mdugre/scratch/mri-registration-rp/datasets/ds004513/derivatives/mri-registration-rp/antsBrainExtraction/sub-s017/BrainExtractionBrain.nii.gz
Dimension = 3
Number of stages = 1
Use histogram matching = false
Winsorize image intensities = true
  Lower quantile = 0.005
  Upper quantile = 0.995


Stage 1 State
   Image metric = MattesMI
     Fixed image = Image (0x3559e70)
  RTTI typeinfo:   itk::Image<double, 3u>
  Reference Count: 2
  Modified Time: 2334
  Debug: Off
  Object Name: 
  Observers: 
    none
  Source: (none)
  Source output name: (none)
  Release Data: Off
  Data Released: False
  Global Release Data: Off
  PipelineMTime: 0
  UpdateMTime: 1943
  RealTimeStamp: 0 seconds 
  LargestPossibleRegion: 
    Dimension: 3
    Index: [0, 0, 0]
    Size: [193, 229, 193]
  BufferedRegion: 
    Dimension: 3
    Index: [0, 0, 0]
    Size: [193, 229, 193]
  RequestedRegion: 
    Dimension: 3
    Index: [0, 0, 0]
    Size: [193, 229, 193]
  Spacing: [1, 1, 1]
  Origin: [96, 132, -78]
  Direction: 
-1 0 0
0 -1 0
0 0 1

  IndexToPointMatrix: 
-1 0 0
0 -1 0
0 0 1

  PointToIndexMatrix: 
-1 0 0
0 -1 0
0 0 1

  Inverse Direction: 
-1 0 0
0 -1 0
0 0 1

  PixelContainer: 
    ImportImageContainer (0x3562c60)
      RTTI typeinfo:   itk::ImportImageContainer<unsigned long, double>
      Reference Count: 1
      Modified Time: 1940
      Debug: Off
      Object Name: 
      Observers: 
        none
      Pointer: 0x149f7729b010
      Container manages memory: true
      Size: 8530021
      Capacity: 8530021

     Moving image = Image (0x3565610)
  RTTI typeinfo:   itk::Image<double, 3u>
  Reference Count: 2
  Modified Time: 2335
  Debug: Off
  Object Name: 
  Observers: 
    none
  Source: (none)
  Source output name: (none)
  Release Data: Off
  Data Released: False
  Global Release Data: Off
  PipelineMTime: 0
  UpdateMTime: 2332
  RealTimeStamp: 0 seconds 
  LargestPossibleRegion: 
    Dimension: 3
    Index: [0, 0, 0]
    Size: [160, 240, 256]
  BufferedRegion: 
    Dimension: 3
    Index: [0, 0, 0]
    Size: [160, 240, 256]
  RequestedRegion: 
    Dimension: 3
    Index: [0, 0, 0]
    Size: [160, 240, 256]
  Spacing: [1, 1, 1]
  Origin: [91.3357, 102.231, -120.042]
  Direction: 
-0.997442 -5.36781e-05 -0.0714818
5.35416e-05 -1 3.82465e-06
-0.0714818 -1.23894e-08 0.997442

  IndexToPointMatrix: 
-0.997444 -5.36781e-05 -0.0714818
5.35418e-05 -1 3.82465e-06
-0.0714819 -1.23894e-08 0.997442

  PointToIndexMatrix: 
-0.99744 5.35415e-05 -0.0714816
-5.36781e-05 -1 -1.23894e-08
-0.0714818 3.82465e-06 0.997442

  Inverse Direction: 
-0.997442 5.35416e-05 -0.0714818
-5.36781e-05 -1 -1.23894e-08
-0.0714818 3.82465e-06 0.997442

  PixelContainer: 
    ImportImageContainer (0x35feef0)
      RTTI typeinfo:   itk::ImportImageContainer<unsigned long, double>
      Reference Count: 1
      Modified Time: 2329
      Debug: Off
      Object Name: 
      Observers: 
        none
      Pointer: 0x149f7279a010
      Container manages memory: true
      Size: 9830400
      Capacity: 9830400

     Weighting = 1
     Sampling strategy = regular
     Number of bins = 32
     Radius = 4
     Sampling percentage  = 0.25
   Transform = Rigid
     Gradient step = 0.1
     Update field sigma (voxel space) = 0
     Total field sigma (voxel space) = 0
     Update field time sigma = 0
     Total field time sigma  = 0
     Number of time indices = 0
     Number of time point samples = 0
Registration using 1 total stages.

Stage 0
  iterations = 0
  convergence threshold = 1e-06
  convergence window size = 10
  number of levels = 1
  using the Mattes MI metric (number of bins = 32, weight = 1, use gradient filter = 0)
  preprocessing:  winsorizing the image intensities
  Shrink factors (level 1 out of 1): [1, 1, 1]
  smoothing sigmas per level: [0]
  regular sampling (percentage = 0.25)

*** Running Euler3DTransform registration ***

  Elapsed time (stage 0): 1.13886


Total elapsed time: 1.14112
Info [verificarlo]: loaded backend libinterflop_ieee.so
Info [interflop-ieee]: load backend with:
Info [interflop-ieee]: debug = false
Info [interflop-ieee]: debug-binary = false
Info [interflop-ieee]: no-backend-name = false
Info [interflop-ieee]: print-new-line = false
Info [interflop-ieee]: print-subnormal-normalized = false
Info [interflop-ieee]: count-op = false
All_Command_lines_OK
Using double precision for computations.
=============================================================================
The composite transform comprises the following transforms (in order): 
  1. /home/mdugre/scratch/mri-registration-rp/datasets/ds004513/derivatives/mri-registration-rp/0011/antsRegistration-r8-p20/sub-s017/align_Composite.h5[0] (type = Euler3DTransform)
  2. /home/mdugre/scratch/mri-registration-rp/datasets/ds004513/derivatives/mri-registration-rp/0011/antsRegistration-r8-p20/sub-s017/align_Composite.h5[1] (type = Euler3DTransform)
=============================================================================
  number of levels = 4
  fixed image: /templateflow/tpl-MNI152NLin2009cAsym/tpl-MNI152NLin2009cAsym_res-01_desc-brain_T1w.nii.gz
  moving image: /home/mdugre/scratch/mri-registration-rp/datasets/ds004513/derivatives/mri-registration-rp/antsBrainExtraction/sub-s017/BrainExtractionBrain.nii.gz
Dimension = 3
Number of stages = 1
Use histogram matching = false
Winsorize image intensities = true
  Lower quantile = 0.005
  Upper quantile = 0.995


Stage 1 State
   Image metric = MattesMI
     Fixed image = Image (0x38dd530)
  RTTI typeinfo:   itk::Image<double, 3u>
  Reference Count: 2
  Modified Time: 1580
  Debug: Off
  Object Name: 
  Observers: 
    none
  Source: (none)
  Source output name: (none)
  Release Data: Off
  Data Released: False
  Global Release Data: Off
  PipelineMTime: 0
  UpdateMTime: 1189
  RealTimeStamp: 0 seconds 
  LargestPossibleRegion: 
    Dimension: 3
    Index: [0, 0, 0]
    Size: [193, 229, 193]
  BufferedRegion: 
    Dimension: 3
    Index: [0, 0, 0]
    Size: [193, 229, 193]
  RequestedRegion: 
    Dimension: 3
    Index: [0, 0, 0]
    Size: [193, 229, 193]
  Spacing: [1, 1, 1]
  Origin: [96, 132, -78]
  Direction: 
-1 0 0
0 -1 0
0 0 1

  IndexToPointMatrix: 
-1 0 0
0 -1 0
0 0 1

  PointToIndexMatrix: 
-1 0 0
0 -1 0
0 0 1

  Inverse Direction: 
-1 0 0
0 -1 0
0 0 1

  PixelContainer: 
    ImportImageContainer (0x399bd60)
      RTTI typeinfo:   itk::ImportImageContainer<unsigned long, double>
      Reference Count: 1
      Modified Time: 1186
      Debug: Off
      Object Name: 
      Observers: 
        none
      Pointer: 0x14c979502010
      Container manages memory: true
      Size: 8530021
      Capacity: 8530021

     Moving image = Image (0x398df60)
  RTTI typeinfo:   itk::Image<double, 3u>
  Reference Count: 2
  Modified Time: 1581
  Debug: Off
  Object Name: 
  Observers: 
    none
  Source: (none)
  Source output name: (none)
  Release Data: Off
  Data Released: False
  Global Release Data: Off
  PipelineMTime: 0
  UpdateMTime: 1578
  RealTimeStamp: 0 seconds 
  LargestPossibleRegion: 
    Dimension: 3
    Index: [0, 0, 0]
    Size: [160, 240, 256]
  BufferedRegion: 
    Dimension: 3
    Index: [0, 0, 0]
    Size: [160, 240, 256]
  RequestedRegion: 
    Dimension: 3
    Index: [0, 0, 0]
    Size: [160, 240, 256]
  Spacing: [1, 1, 1]
  Origin: [91.3357, 102.231, -120.042]
  Direction: 
-0.997442 -5.36781e-05 -0.0714818
5.35416e-05 -1 3.82465e-06
-0.0714818 -1.23894e-08 0.997442

  IndexToPointMatrix: 
-0.997444 -5.36781e-05 -0.0714818
5.35418e-05 -1 3.82465e-06
-0.0714819 -1.23894e-08 0.997442

  PointToIndexMatrix: 
-0.99744 5.35415e-05 -0.0714816
-5.36781e-05 -1 -1.23894e-08
-0.0714818 3.82465e-06 0.997442

  Inverse Direction: 
-0.997442 5.35416e-05 -0.0714818
-5.36781e-05 -1 -1.23894e-08
-0.0714818 3.82465e-06 0.997442

  PixelContainer: 
    ImportImageContainer (0x397f6d0)
      RTTI typeinfo:   itk::ImportImageContainer<unsigned long, double>
      Reference Count: 1
      Modified Time: 1575
      Debug: Off
      Object Name: 
      Observers: 
        none
      Pointer: 0x14c974a01010
      Container manages memory: true
      Size: 9830400
      Capacity: 9830400

     Weighting = 1
     Sampling strategy = regular
     Number of bins = 32
     Radius = 4
     Sampling percentage  = 0.25
   Transform = Rigid
     Gradient step = 0.1
     Update field sigma (voxel space) = 0
     Total field sigma (voxel space) = 0
     Update field time sigma = 0
     Total field time sigma  = 0
     Number of time indices = 0
     Number of time point samples = 0
Registration using 1 total stages.

Stage 0
  iterations = 1000x500x250x100
  convergence threshold = 1e-06
  convergence window size = 10
  number of levels = 4
  using the Mattes MI metric (number of bins = 32, weight = 1, use gradient filter = 0)
  preprocessing:  winsorizing the image intensities
  Shrink factors (level 1 out of 4): [8, 8, 8]
  Shrink factors (level 2 out of 4): [4, 4, 4]
  Shrink factors (level 3 out of 4): [2, 2, 2]
  Shrink factors (level 4 out of 4): [1, 1, 1]
  smoothing sigmas per level: [3, 2, 1, 0]
  regular sampling (percentage = 0.25)

*** Running Euler3DTransform registration ***

DIAGNOSTIC,Iteration,metricValue,convergenceValue,ITERATION_TIME_INDEX,SINCE_LAST
 2DIAGNOSTIC,     1, -5.567767283252e-01, 1.797693134862e+308, 8.0941e-01, 8.0941e-01, 
 2DIAGNOSTIC,     2, -5.584239703569e-01, 1.797693134862e+308, 8.1450e-01, 5.0929e-03, 
 2DIAGNOSTIC,     3, -5.612715515272e-01, 1.797693134862e+308, 8.1909e-01, 4.5819e-03, 
 2DIAGNOSTIC,     4, -5.637780194106e-01, 1.797693134862e+308, 8.2365e-01, 4.5640e-03, 
 2DIAGNOSTIC,     5, -5.658229214212e-01, 1.797693134862e+308, 8.2842e-01, 4.7722e-03, 
 2DIAGNOSTIC,     6, -5.696445468689e-01, 1.797693134862e+308, 8.3306e-01, 4.6329e-03, 
 2DIAGNOSTIC,     7, -5.734118275242e-01, 1.797693134862e+308, 8.3774e-01, 4.6828e-03, 
 2DIAGNOSTIC,     8, -5.754533484979e-01, 1.797693134862e+308, 8.4414e-01, 6.3989e-03, 
 2DIAGNOSTIC,     9, -5.763021950250e-01, 1.797693134862e+308, 8.4868e-01, 4.5440e-03, 
 2DIAGNOSTIC,    10, -5.771142770255e-01, 2.558085388189e-03, 8.5471e-01, 6.0301e-03, 
 2DIAGNOSTIC,    11, -5.785125587612e-01, 2.176117873031e-03, 8.5933e-01, 4.6170e-03, 
 2DIAGNOSTIC,    12, -5.799413348090e-01, 1.786767970983e-03, 8.6467e-01, 5.3470e-03, 
 2DIAGNOSTIC,    13, -5.809477908980e-01, 1.443124036835e-03, 8.6994e-01, 5.2681e-03, 
 2DIAGNOSTIC,    14, -5.814655964876e-01, 1.127354078216e-03, 8.7485e-01, 4.9028e-03, 
 2DIAGNOSTIC,    15, -5.819093877219e-01, 8.331089413527e-04, 8.8002e-01, 5.1739e-03, 
 2DIAGNOSTIC,    16, -5.822326442998e-01, 6.258215683233e-04, 8.8526e-01, 5.2440e-03, 
 2DIAGNOSTIC,    17, -5.825793599843e-01, 5.040365830242e-04, 8.9091e-01, 5.6469e-03, 
 2DIAGNOSTIC,    18, -5.863713925916e-01, 5.095725576650e-04, 8.9590e-01, 4.9930e-03, 
 2DIAGNOSTIC,    19, -5.901617810167e-01, 5.855607354898e-04, 9.0438e-01, 8.4801e-03, 
 2DIAGNOSTIC,    20, -5.906016223816e-01, 6.286272500286e-04, 9.1016e-01, 5.7800e-03, 
 2DIAGNOSTIC,    21, -5.907365705866e-01, 6.467002963804e-04, 9.1543e-01, 5.2650e-03, 
 2DIAGNOSTIC,    22, -5.906256574994e-01, 6.330265936341e-04, 9.2079e-01, 5.3611e-03, 
 2DIAGNOSTIC,    23, -5.906307681710e-01, 5.816453055136e-04, 9.2546e-01, 4.6690e-03, 
 2DIAGNOSTIC,    24, -5.905636622010e-01, 4.878472529181e-04, 9.3028e-01, 4.8180e-03, 
 2DIAGNOSTIC,    25, -5.906024985369e-01, 3.662279783925e-04, 9.3553e-01, 5.2528e-03, 
 2DIAGNOSTIC,    26, -5.906025304324e-01, 2.276984665048e-04, 9.4013e-01, 4.5972e-03, 
 2DIAGNOSTIC,    27, -5.906211320573e-01, 8.394584288655e-05, 9.4476e-01, 4.6370e-03, 
 2DIAGNOSTIC,    28, -5.908796758313e-01, 1.198925031234e-05, 9.4941e-01, 4.6470e-03, 
 2DIAGNOSTIC,    29, -5.911411552395e-01, 1.217108543317e-05, 9.5468e-01, 5.2722e-03, 
 2DIAGNOSTIC,    30, -5.915241330961e-01, 2.456301684449e-05, 9.6161e-01, 6.9258e-03, 
 2DIAGNOSTIC,    31, -5.916229825993e-01, 3.758205306406e-05, 9.6662e-01, 5.0120e-03, 
 2DIAGNOSTIC,    32, -5.916651208817e-01, 4.532975449443e-05, 9.7122e-01, 4.6029e-03, 
 2DIAGNOSTIC,    33, -5.916874987632e-01, 4.885284294981e-05, 9.7580e-01, 4.5741e-03, 
 2DIAGNOSTIC,    34, -5.917053822200e-01, 4.682712859101e-05, 9.8098e-01, 5.1842e-03, 
 2DIAGNOSTIC,    35, -5.917390904868e-01, 4.153275817625e-05, 9.9363e-01, 1.2645e-02, 
 2DIAGNOSTIC,    36, -5.917390912695e-01, 3.272086429595e-05, 9.9828e-01, 4.6551e-03, 
 2DIAGNOSTIC,    37, -5.917391070342e-01, 2.163060314918e-05, 1.0026e+00, 4.3020e-03, 
 2DIAGNOSTIC,    38, -5.917391330930e-01, 1.245673595330e-05, 1.0068e+00, 4.2651e-03, 
 2DIAGNOSTIC,    39, -5.917391754735e-01, 5.801896388841e-06, 1.0112e+00, 4.3430e-03, 
 2DIAGNOSTIC,    40, -5.917392424311e-01, 3.643428649593e-06, 1.0155e+00, 4.3032e-03, 
 2DIAGNOSTIC,    41, -5.917393428828e-01, 2.487109297351e-06, 1.0198e+00, 4.2760e-03, 
 2DIAGNOSTIC,    42, -5.917394845334e-01, 1.715730316720e-06, 1.0240e+00, 4.2160e-03, 
 2DIAGNOSTIC,    43, -5.917396625587e-01, 1.144189314371e-06, 1.0282e+00, 4.2601e-03, 
DIAGNOSTIC,Iteration,metricValue,convergenceValue,ITERATION_TIME_INDEX,SINCE_LAST
 2DIAGNOSTIC,     1, -4.784004501416e-01, 1.797693134862e+308, 1.7404e+00, 7.1216e-01, 
 2DIAGNOSTIC,     2, -4.783999131486e-01, 1.797693134862e+308, 1.7685e+00, 2.8044e-02, 
 2DIAGNOSTIC,     3, -4.784190365423e-01, 1.797693134862e+308, 1.8011e+00, 3.2684e-02, 
 2DIAGNOSTIC,     4, -4.785028756509e-01, 1.797693134862e+308, 1.8333e+00, 3.2133e-02, 
 2DIAGNOSTIC,     5, -4.786647485429e-01, 1.797693134862e+308, 1.8637e+00, 3.0420e-02, 
 2DIAGNOSTIC,     6, -4.788099932957e-01, 1.797693134862e+308, 1.8945e+00, 3.0836e-02, 
 2DIAGNOSTIC,     7, -4.794645847213e-01, 1.797693134862e+308, 1.9256e+00, 3.1083e-02, 
 2DIAGNOSTIC,     8, -4.813619171743e-01, 1.797693134862e+308, 1.9668e+00, 4.1167e-02, 
 2DIAGNOSTIC,     9, -4.817935635326e-01, 1.797693134862e+308, 2.0019e+00, 3.5080e-02, 
 2DIAGNOSTIC,    10, -4.822647496911e-01, 5.583367505588e-04, 2.0302e+00, 2.8303e-02, 
 2DIAGNOSTIC,    11, -4.831344909908e-01, 6.366384575698e-04, 2.0619e+00, 3.1724e-02, 
 2DIAGNOSTIC,    12, -4.835768992556e-01, 6.653898034694e-04, 2.1076e+00, 4.5736e-02, 
 2DIAGNOSTIC,    13, -4.835677565318e-01, 6.290342968740e-04, 2.1418e+00, 3.4170e-02, 
 2DIAGNOSTIC,    14, -4.835733047835e-01, 5.452729207476e-04, 2.1824e+00, 4.0661e-02, 
 2DIAGNOSTIC,    15, -4.835701547245e-01, 4.305772095488e-04, 2.2190e+00, 3.6542e-02, 
 2DIAGNOSTIC,    16, -4.835566913000e-01, 2.956272803583e-04, 2.2550e+00, 3.5987e-02, 
 2DIAGNOSTIC,    17, -4.835523104083e-01, 1.703980274714e-04, 2.2853e+00, 3.0308e-02, 
 2DIAGNOSTIC,    18, -4.835483887829e-01, 1.058854945551e-04, 2.3155e+00, 3.0215e-02, 
 2DIAGNOSTIC,    19, -4.835469915471e-01, 5.203914174604e-05, 2.3476e+00, 3.2089e-02, 
 2DIAGNOSTIC,    20, -4.835401827381e-01, 1.204163313701e-05, 2.3812e+00, 3.3658e-02, 
DIAGNOSTIC,Iteration,metricValue,convergenceValue,ITERATION_TIME_INDEX,SINCE_LAST
 2DIAGNOSTIC,     1, -4.161561167875e-01, 1.797693134862e+308, 3.6115e+00, 1.2303e+00, 
 2DIAGNOSTIC,     2, -4.161756893437e-01, 1.797693134862e+308, 3.9595e+00, 3.4794e-01, 
 2DIAGNOSTIC,     3, -4.161696114507e-01, 1.797693134862e+308, 4.2733e+00, 3.1379e-01, 
 2DIAGNOSTIC,     4, -4.161681503551e-01, 1.797693134862e+308, 4.7518e+00, 4.7855e-01, 
 2DIAGNOSTIC,     5, -4.161678896600e-01, 1.797693134862e+308, 5.0514e+00, 2.9961e-01, 
 2DIAGNOSTIC,     6, -4.161669123582e-01, 1.797693134862e+308, 5.3312e+00, 2.7972e-01, 
 2DIAGNOSTIC,     7, -4.161667485640e-01, 1.797693134862e+308, 5.6255e+00, 2.9433e-01, 
 2DIAGNOSTIC,     8, -4.161656816013e-01, 1.797693134862e+308, 5.8697e+00, 2.4422e-01, 
 2DIAGNOSTIC,     9, -4.161650043535e-01, 1.797693134862e+308, 6.1295e+00, 2.5981e-01, 
 2DIAGNOSTIC,    10, -4.161655463811e-01, 2.943366560260e-06, 6.4229e+00, 2.9335e-01, 
 2DIAGNOSTIC,    11, -4.161636420993e-01, 1.720591485357e-06, 6.6832e+00, 2.6034e-01, 
 2DIAGNOSTIC,    12, -4.161624970807e-01, 1.867462474339e-06, 6.9478e+00, 2.6460e-01, 
 2DIAGNOSTIC,    13, -4.161615819742e-01, 1.698398063812e-06, 7.2102e+00, 2.6241e-01, 
 2DIAGNOSTIC,    14, -4.161624603292e-01, 1.592444847279e-06, 7.4718e+00, 2.6159e-01, 
 2DIAGNOSTIC,    15, -4.161620529810e-01, 1.530180432308e-06, 7.7334e+00, 2.6160e-01, 
 2DIAGNOSTIC,    16, -4.161603835103e-01, 1.417836912446e-06, 7.9811e+00, 2.4768e-01, 
 2DIAGNOSTIC,    17, -4.161625251478e-01, 1.455414110091e-06, 8.2707e+00, 2.8959e-01, 
 2DIAGNOSTIC,    18, -4.161617349623e-01, 1.453854853492e-06, 8.5185e+00, 2.4785e-01, 
 2DIAGNOSTIC,    19, -4.161656140592e-01, 1.594928494858e-06, 8.7806e+00, 2.6205e-01, 
 2DIAGNOSTIC,    20, -4.161678254527e-01, 1.821576316591e-06, 9.1424e+00, 3.6181e-01, 
 2DIAGNOSTIC,    21, -4.161672172257e-01, 1.924327016338e-06, 9.4073e+00, 2.6494e-01, 
 2DIAGNOSTIC,    22, -4.161665846120e-01, 1.927748305472e-06, 9.6339e+00, 2.2663e-01, 
 2DIAGNOSTIC,    23, -4.161660793963e-01, 1.843028031384e-06, 9.9346e+00, 3.0067e-01, 
 2DIAGNOSTIC,    24, -4.161655365530e-01, 1.730448863188e-06, 1.0184e+01, 2.4917e-01, 
 2DIAGNOSTIC,    25, -4.161651834944e-01, 1.568353729962e-06, 1.0461e+01, 2.7750e-01, 
 2DIAGNOSTIC,    26, -4.161660037663e-01, 1.368374529638e-06, 1.0780e+01, 3.1832e-01, 
 2DIAGNOSTIC,    27, -4.161651045494e-01, 1.203105054415e-06, 1.1057e+01, 2.7786e-01, 
 2DIAGNOSTIC,    28, -4.161679884895e-01, 1.097088646429e-06, 1.1354e+01, 2.9701e-01, 
 2DIAGNOSTIC,    29, -4.161710849646e-01, 1.162831226732e-06, 1.1620e+01, 2.6582e-01, 
 2DIAGNOSTIC,    30, -4.161703640304e-01, 1.250475701722e-06, 1.1917e+01, 2.9693e-01, 
 2DIAGNOSTIC,    31, -4.161708142908e-01, 1.313167817346e-06, 1.2207e+01, 2.8992e-01, 
 2DIAGNOSTIC,    32, -4.161710089262e-01, 1.336085272682e-06, 1.2452e+01, 2.4478e-01, 
 2DIAGNOSTIC,    33, -4.161749613445e-01, 1.395595233315e-06, 1.2741e+01, 2.8935e-01, 
 2DIAGNOSTIC,    34, -4.161777487501e-01, 1.452526294524e-06, 1.2999e+01, 2.5749e-01, 
 2DIAGNOSTIC,    35, -4.161792220171e-01, 1.478601705469e-06, 1.3275e+01, 2.7579e-01, 
 2DIAGNOSTIC,    36, -4.161806859640e-01, 1.495439406540e-06, 1.3570e+01, 2.9549e-01, 
 2DIAGNOSTIC,    37, -4.161791778418e-01, 1.407680656207e-06, 1.3834e+01, 2.6367e-01, 
 2DIAGNOSTIC,    38, -4.161838486859e-01, 1.406626860791e-06, 1.4183e+01, 3.4961e-01, 
 2DIAGNOSTIC,    39, -4.161849953091e-01, 1.422742164640e-06, 1.4528e+01, 3.4507e-01, 
 2DIAGNOSTIC,    40, -4.161860914882e-01, 1.386764625796e-06, 1.4973e+01, 4.4491e-01, 
 2DIAGNOSTIC,    41, -4.161854987568e-01, 1.295749570487e-06, 1.5297e+01, 3.2391e-01, 
 2DIAGNOSTIC,    42, -4.161840259980e-01, 1.138573337292e-06, 1.5596e+01, 2.9845e-01, 
 2DIAGNOSTIC,    43, -4.161834049852e-01, 1.004201831131e-06, 1.5860e+01, 2.6413e-01, 
DIAGNOSTIC,Iteration,metricValue,convergenceValue,ITERATION_TIME_INDEX,SINCE_LAST
 2DIAGNOSTIC,     1, -3.834265912305e-01, 1.797693134862e+308, 1.8473e+01, 2.6127e+00, 
 2DIAGNOSTIC,     2, -3.834925053338e-01, 1.797693134862e+308, 2.0233e+01, 1.7605e+00, 
 2DIAGNOSTIC,     3, -3.834978116450e-01, 1.797693134862e+308, 2.1845e+01, 1.6119e+00, 
 2DIAGNOSTIC,     4, -3.835004127707e-01, 1.797693134862e+308, 2.3503e+01, 1.6579e+00, 
 2DIAGNOSTIC,     5, -3.835019582501e-01, 1.797693134862e+308, 2.5126e+01, 1.6234e+00, 
 2DIAGNOSTIC,     6, -3.835049957402e-01, 1.797693134862e+308, 2.6847e+01, 1.7210e+00, 
 2DIAGNOSTIC,     7, -3.835058343710e-01, 1.797693134862e+308, 2.8557e+01, 1.7102e+00, 
 2DIAGNOSTIC,     8, -3.835066498245e-01, 1.797693134862e+308, 3.0396e+01, 1.8385e+00, 
 2DIAGNOSTIC,     9, -3.835062955313e-01, 1.797693134862e+308, 3.2193e+01, 1.7969e+00, 
 2DIAGNOSTIC,    10, -3.835063108988e-01, 1.066660784997e-05, 3.4083e+01, 1.8905e+00, 
 2DIAGNOSTIC,    11, -3.835061571782e-01, 4.747040968436e-06, 3.6450e+01, 2.3670e+00, 
 2DIAGNOSTIC,    12, -3.835060832640e-01, 3.706200874115e-06, 3.7875e+01, 1.4243e+00, 
 2DIAGNOSTIC,    13, -3.835060190712e-01, 3.027826226479e-06, 3.9558e+01, 1.6839e+00, 
 2DIAGNOSTIC,    14, -3.835058638469e-01, 2.523467116142e-06, 4.1051e+01, 1.4924e+00, 
 2DIAGNOSTIC,    15, -3.835058006955e-01, 2.133709313470e-06, 4.2617e+01, 1.5660e+00, 
 2DIAGNOSTIC,    16, -3.835056463962e-01, 1.924177737436e-06, 4.4527e+01, 1.9102e+00, 
 2DIAGNOSTIC,    17, -3.835054775120e-01, 1.773328563721e-06, 4.6312e+01, 1.7852e+00, 
 2DIAGNOSTIC,    18, -3.835053086113e-01, 1.675385380040e-06, 4.7837e+01, 1.5244e+00, 
 2DIAGNOSTIC,    19, -3.835051448135e-01, 1.576051819538e-06, 4.9217e+01, 1.3806e+00, 
 2DIAGNOSTIC,    20, -3.835051658757e-01, 1.497295076210e-06, 5.0571e+01, 1.3534e+00, 
 2DIAGNOSTIC,    21, -3.835053779566e-01, 1.436675314694e-06, 5.2216e+01, 1.6450e+00, 
 2DIAGNOSTIC,    22, -3.835055901405e-01, 1.393331721458e-06, 5.3992e+01, 1.7760e+00, 
 2DIAGNOSTIC,    23, -3.835055250997e-01, 1.354581542573e-06, 5.5717e+01, 1.7258e+00, 
 2DIAGNOSTIC,    24, -3.835054518276e-01, 1.314933130825e-06, 5.7257e+01, 1.5399e+00, 
 2DIAGNOSTIC,    25, -3.835053813416e-01, 1.275595341431e-06, 5.8783e+01, 1.5256e+00, 
 2DIAGNOSTIC,    26, -3.835053141610e-01, 1.232550095917e-06, 6.0160e+01, 1.3771e+00, 
 2DIAGNOSTIC,    27, -3.835053494669e-01, 1.188143194782e-06, 6.1530e+01, 1.3696e+00, 
 2DIAGNOSTIC,    28, -3.835054089347e-01, 1.143229101282e-06, 6.3081e+01, 1.5512e+00, 
 2DIAGNOSTIC,    29, -3.835055814672e-01, 1.101082731852e-06, 6.4461e+01, 1.3804e+00, 
 2DIAGNOSTIC,    30, -3.835053714635e-01, 1.056523030327e-06, 6.6444e+01, 1.9829e+00, 
 2DIAGNOSTIC,    31, -3.835053052282e-01, 1.018740043088e-06, 6.8224e+01, 1.7803e+00, 
  Elapsed time (stage 0): 6.9097e+01


Total elapsed time: 6.9099e+01
Info [verificarlo]: loaded backend libinterflop_vprec.so
Info [interflop-vprec]: load backend with: 
Info [interflop-vprec]: precision-binary32 = 20
Info [interflop-vprec]: range-binary32 = 8
Info [interflop-vprec]: precision-binary64 = 20
Info [interflop-vprec]: range-binary64 = 8
Info [interflop-vprec]: mode = ob
Info [interflop-vprec]: error-mode = rel
Info [interflop-vprec]: max-abs-error-exponent = -1022
Info [interflop-vprec]: daz = false
Info [interflop-vprec]: ftz = false
Info [interflop-vprec]: 	instrument = none
Info [interflop-vprec]: 	prec-input-file = (null)
Info [interflop-vprec]: 	prec-output-file = (null)
Info [interflop-vprec]: 	prec-log-file = (null)
All_Command_lines_OK
Using double precision for computations.
=============================================================================
The composite transform comprises the following transforms (in order): 
  1. /home/mdugre/scratch/mri-registration-rp/datasets/ds004513/derivatives/mri-registration-rp/0011/antsRegistration-r8-p20/sub-s017/rigid_Composite.h5[0] (type = Euler3DTransform)
  2. /home/mdugre/scratch/mri-registration-rp/datasets/ds004513/derivatives/mri-registration-rp/0011/antsRegistration-r8-p20/sub-s017/rigid_Composite.h5[1] (type = Euler3DTransform)
  3. /home/mdugre/scratch/mri-registration-rp/datasets/ds004513/derivatives/mri-registration-rp/0011/antsRegistration-r8-p20/sub-s017/rigid_Composite.h5[2] (type = Euler3DTransform)
=============================================================================
  number of levels = 4
  fixed image: /templateflow/tpl-MNI152NLin2009cAsym/tpl-MNI152NLin2009cAsym_res-01_desc-brain_T1w.nii.gz
  moving image: /home/mdugre/scratch/mri-registration-rp/datasets/ds004513/derivatives/mri-registration-rp/antsBrainExtraction/sub-s017/BrainExtractionBrain.nii.gz
Dimension = 3
Number of stages = 1
Use histogram matching = false
Winsorize image intensities = true
  Lower quantile = 0.005
  Upper quantile = 0.995


Stage 1 State
   Image metric = MattesMI
     Fixed image = Image (0x4ad3490)
  RTTI typeinfo:   itk::Image<double, 3u>
  Reference Count: 2
  Modified Time: 1594
  Debug: Off
  Object Name: 
  Observers: 
    none
  Source: (none)
  Source output name: (none)
  Release Data: Off
  Data Released: False
  Global Release Data: Off
  PipelineMTime: 0
  UpdateMTime: 1203
  RealTimeStamp: 0 seconds 
  LargestPossibleRegion: 
    Dimension: 3
    Index: [0, 0, 0]
    Size: [193, 229, 193]
  BufferedRegion: 
    Dimension: 3
    Index: [0, 0, 0]
    Size: [193, 229, 193]
  RequestedRegion: 
    Dimension: 3
    Index: [0, 0, 0]
    Size: [193, 229, 193]
  Spacing: [1, 1, 1]
  Origin: [96, 132, -78]
  Direction: 
-1 0 0
0 -1 0
0 0 1

  IndexToPointMatrix: 
-1 0 0
0 -1 0
0 0 1

  PointToIndexMatrix: 
-1 0 0
0 -1 0
0 0 1

  Inverse Direction: 
-1 0 0
0 -1 0
0 0 1

  PixelContainer: 
    ImportImageContainer (0x4b9e8c0)
      RTTI typeinfo:   itk::ImportImageContainer<unsigned long, double>
      Reference Count: 1
      Modified Time: 1200
      Debug: Off
      Object Name: 
      Observers: 
        none
      Pointer: 0x14e5c07cc010
      Container manages memory: true
      Size: 8530021
      Capacity: 8530021

     Moving image = Image (0x4b8eb60)
  RTTI typeinfo:   itk::Image<double, 3u>
  Reference Count: 2
  Modified Time: 1595
  Debug: Off
  Object Name: 
  Observers: 
    none
  Source: (none)
  Source output name: (none)
  Release Data: Off
  Data Released: False
  Global Release Data: Off
  PipelineMTime: 0
  UpdateMTime: 1592
  RealTimeStamp: 0 seconds 
  LargestPossibleRegion: 
    Dimension: 3
    Index: [0, 0, 0]
    Size: [160, 240, 256]
  BufferedRegion: 
    Dimension: 3
    Index: [0, 0, 0]
    Size: [160, 240, 256]
  RequestedRegion: 
    Dimension: 3
    Index: [0, 0, 0]
    Size: [160, 240, 256]
  Spacing: [1, 1, 1]
  Origin: [91.3357, 102.231, -120.042]
  Direction: 
-0.997442 -5.36781e-05 -0.0714818
5.35416e-05 -1 3.82465e-06
-0.0714818 -1.23894e-08 0.997442

  IndexToPointMatrix: 
-0.997444 -5.36781e-05 -0.0714818
5.35418e-05 -1 3.82465e-06
-0.0714819 -1.23894e-08 0.997442

  PointToIndexMatrix: 
-0.99744 5.35415e-05 -0.0714816
-5.36781e-05 -1 -1.2391e-08
-0.0714818 3.82464e-06 0.997442

  Inverse Direction: 
-0.997443 5.35418e-05 -0.0714819
-5.3678e-05 -1 -1.39698e-08
-0.0714818 3.82215e-06 0.997442

  PixelContainer: 
    ImportImageContainer (0x4c221d0)
      RTTI typeinfo:   itk::ImportImageContainer<unsigned long, double>
      Reference Count: 1
      Modified Time: 1589
      Debug: Off
      Object Name: 
      Observers: 
        none
      Pointer: 0x14e5bbccb010
      Container manages memory: true
      Size: 9830400
      Capacity: 9830400

     Weighting = 1
     Sampling strategy = regular
     Number of bins = 32
     Radius = 4
     Sampling percentage  = 0.25
   Transform = Affine
     Gradient step = 0.1
     Update field sigma (voxel space) = 0
     Total field sigma (voxel space) = 0
     Update field time sigma = 0
     Total field time sigma  = 0
     Number of time indices = 0
     Number of time point samples = 0
Registration using 1 total stages.

Stage 0
  iterations = 1000x500x250x100
  convergence threshold = 1e-06
  convergence window size = 10
  number of levels = 4
  using the Mattes MI metric (number of bins = 32, weight = 1, use gradient filter = 0)
  preprocessing:  winsorizing the image intensities
  Shrink factors (level 1 out of 4): [8, 8, 8]
  Shrink factors (level 2 out of 4): [4, 4, 4]
  Shrink factors (level 3 out of 4): [2, 2, 2]
  Shrink factors (level 4 out of 4): [1, 1, 1]
  smoothing sigmas per level: [3, 2, 1, 0]
  regular sampling (percentage = 0.25)

*** Running AffineTransform registration ***

DIAGNOSTIC,Iteration,metricValue,convergenceValue,ITERATION_TIME_INDEX,SINCE_LAST
 2DIAGNOSTIC,     1, -5.806289467205e-01, 1.797693134862e+308, 0.0000e+00, 0.0000e+00, 
 2DIAGNOSTIC,     2, -5.832428987156e-01, 1.797693134862e+308, 0.0000e+00, 0.0000e+00, 
 2DIAGNOSTIC,     3, -5.884019962871e-01, 1.797693134862e+308, 0.0000e+00, 0.0000e+00, 
 2DIAGNOSTIC,     4, -5.973702735985e-01, 1.797693134862e+308, 0.0000e+00, 0.0000e+00, 
 2DIAGNOSTIC,     5, -6.165631617981e-01, 1.797693134862e+308, 0.0000e+00, 0.0000e+00, 
 2DIAGNOSTIC,     6, -6.405951789820e-01, 1.797693134862e+308, 0.0000e+00, 0.0000e+00, 
 2DIAGNOSTIC,     7, -7.012677534317e-01, 1.797693134862e+308, 0.0000e+00, 0.0000e+00, 
 2DIAGNOSTIC,     8, -7.637490052310e-01, 1.797693134862e+308, 0.0000e+00, 0.0000e+00, 
 2DIAGNOSTIC,     9, -8.427201672097e-01, 1.797693134862e+308, 0.0000e+00, 0.0000e+00, 
 2DIAGNOSTIC,    10, -8.574486678116e-01, 2.850330543199e-02, 0.0000e+00, 0.0000e+00, 
 2DIAGNOSTIC,    11, -8.706270137048e-01, 2.876500287143e-02, 0.0000e+00, 0.0000e+00, 
 2DIAGNOSTIC,    12, -8.813502808852e-01, 2.685937937730e-02, 0.0000e+00, 0.0000e+00, 
 2DIAGNOSTIC,    13, -8.821298752766e-01, 2.307378782549e-02, 0.0000e+00, 0.0000e+00, 
 2DIAGNOSTIC,    14, -8.836015321121e-01, 1.814418931413e-02, 0.0000e+00, 0.0000e+00, 
 2DIAGNOSTIC,    15, -8.855144728755e-01, 1.291021682364e-02, 0.0000e+00, 0.0000e+00, 
 2DIAGNOSTIC,    16, -8.877318716661e-01, 7.891093239212e-03, 0.0000e+00, 0.0000e+00, 
 2DIAGNOSTIC,    17, -8.890319916415e-01, 4.182287181687e-03, 0.0000e+00, 0.0000e+00, 
 2DIAGNOSTIC,    18, -8.891753969356e-01, 1.813990467340e-03, 0.0000e+00, 0.0000e+00, 
 2DIAGNOSTIC,    19, -8.890705287874e-01, 1.085283913608e-03, 0.0000e+00, 0.0000e+00, 
 2DIAGNOSTIC,    20, -8.890934117822e-01, 6.033533123165e-04, 0.0000e+00, 0.0000e+00, 
 2DIAGNOSTIC,    21, -8.889617215802e-01, 3.367133398910e-04, 0.0000e+00, 0.0000e+00, 
 2DIAGNOSTIC,    22, -8.888406192466e-01, 2.394027272975e-04, 0.0000e+00, 0.0000e+00, 
 2DIAGNOSTIC,    23, -8.887188107900e-01, 1.398413899050e-04, 0.0000e+00, 0.0000e+00, 
 2DIAGNOSTIC,    24, -8.886131104067e-01, 5.676831368159e-05, 0.0000e+00, 0.0000e+00, 
 2DIAGNOSTIC,    25, -8.886683678937e-01, 3.121728654645e-06, 0.0000e+00, 0.0000e+00, 
DIAGNOSTIC,Iteration,metricValue,convergenceValue,ITERATION_TIME_INDEX,SINCE_LAST
 2DIAGNOSTIC,     1, -7.472594051251e-01, 1.797693134862e+308, 0.0000e+00, 0.0000e+00, 
 2DIAGNOSTIC,     2, -7.478444898373e-01, 1.797693134862e+308, 0.0000e+00, 0.0000e+00, 
 2DIAGNOSTIC,     3, -7.482896233199e-01, 1.797693134862e+308, 0.0000e+00, 0.0000e+00, 
 2DIAGNOSTIC,     4, -7.486206923531e-01, 1.797693134862e+308, 0.0000e+00, 0.0000e+00, 
 2DIAGNOSTIC,     5, -7.489589042547e-01, 1.797693134862e+308, 0.0000e+00, 0.0000e+00, 
 2DIAGNOSTIC,     6, -7.494638047646e-01, 1.797693134862e+308, 0.0000e+00, 0.0000e+00, 
 2DIAGNOSTIC,     7, -7.496734016327e-01, 1.797693134862e+308, 0.0000e+00, 0.0000e+00, 
 2DIAGNOSTIC,     8, -7.496612938454e-01, 1.797693134862e+308, 0.0000e+00, 0.0000e+00, 
 2DIAGNOSTIC,     9, -7.496784200098e-01, 1.797693134862e+308, 0.0000e+00, 0.0000e+00, 
 2DIAGNOSTIC,    10, -7.496993790650e-01, 2.149423159093e-04, 0.0000e+00, 0.0000e+00, 
 2DIAGNOSTIC,    11, -7.497443534317e-01, 1.490401648894e-04, 0.0000e+00, 0.0000e+00, 
 2DIAGNOSTIC,    12, -7.497815760689e-01, 1.004079437539e-04, 0.0000e+00, 0.0000e+00, 
 2DIAGNOSTIC,    13, -7.498151974388e-01, 6.446853064067e-05, 0.0000e+00, 0.0000e+00, 
 2DIAGNOSTIC,    14, -7.499040290884e-01, 3.940501255517e-05, 0.0000e+00, 0.0000e+00, 
 2DIAGNOSTIC,    15, -7.500353173035e-01, 2.580892278052e-05, 0.0000e+00, 0.0000e+00, 
 2DIAGNOSTIC,    16, -7.502708835912e-01, 2.908241760170e-05, 0.0000e+00, 0.0000e+00, 
 2DIAGNOSTIC,    17, -7.505370448734e-01, 4.000628265749e-05, 0.0000e+00, 0.0000e+00, 
 2DIAGNOSTIC,    18, -7.505711130246e-01, 4.658767988172e-05, 0.0000e+00, 0.0000e+00, 
 2DIAGNOSTIC,    19, -7.505855334795e-01, 4.904184775333e-05, 0.0000e+00, 0.0000e+00, 
 2DIAGNOSTIC,    20, -7.505729749029e-01, 4.702003175269e-05, 0.0000e+00, 0.0000e+00, 
 2DIAGNOSTIC,    21, -7.505468684625e-01, 4.123526995334e-05, 0.0000e+00, 0.0000e+00, 
 2DIAGNOSTIC,    22, -7.505357010417e-01, 3.267605082877e-05, 0.0000e+00, 0.0000e+00, 
 2DIAGNOSTIC,    23, -7.505384154370e-01, 2.255652503941e-05, 0.0000e+00, 0.0000e+00, 
 2DIAGNOSTIC,    24, -7.505266588033e-01, 1.255291892879e-05, 0.0000e+00, 0.0000e+00, 
 2DIAGNOSTIC,    25, -7.505281611715e-01, 4.271209377550e-06, 0.0000e+00, 0.0000e+00, 
DIAGNOSTIC,Iteration,metricValue,convergenceValue,ITERATION_TIME_INDEX,SINCE_LAST
 2DIAGNOSTIC,     1, -6.293654352133e-01, 1.797693134862e+308, 0.0000e+00, 0.0000e+00, 
 2DIAGNOSTIC,     2, -6.298895730135e-01, 1.797693134862e+308, 0.0000e+00, 0.0000e+00, 
 2DIAGNOSTIC,     3, -6.304744257098e-01, 1.797693134862e+308, 0.0000e+00, 0.0000e+00, 
 2DIAGNOSTIC,     4, -6.311100120020e-01, 1.797693134862e+308, 0.0000e+00, 0.0000e+00, 
 2DIAGNOSTIC,     5, -6.320711297302e-01, 1.797693134862e+308, 0.0000e+00, 0.0000e+00, 
 2DIAGNOSTIC,     6, -6.331173395861e-01, 1.797693134862e+308, 0.0000e+00, 0.0000e+00, 
 2DIAGNOSTIC,     7, -6.331188961660e-01, 1.797693134862e+308, 0.0000e+00, 0.0000e+00, 
 2DIAGNOSTIC,     8, -6.331206167306e-01, 1.797693134862e+308, 0.0000e+00, 0.0000e+00, 
 2DIAGNOSTIC,     9, -6.331181353011e-01, 1.797693134862e+308, 0.0000e+00, 0.0000e+00, 
 2DIAGNOSTIC,    10, -6.331170708547e-01, 4.323324712065e-04, 0.0000e+00, 0.0000e+00, 
 2DIAGNOSTIC,    11, -6.331152065571e-01, 3.068430685351e-04, 0.0000e+00, 0.0000e+00, 
 2DIAGNOSTIC,    12, -6.331156725772e-01, 1.948096399463e-04, 0.0000e+00, 0.0000e+00, 
 2DIAGNOSTIC,    13, -6.331145989192e-01, 1.032386811667e-04, 0.0000e+00, 0.0000e+00, 
 2DIAGNOSTIC,    14, -6.331137303449e-01, 3.551803891831e-05, 0.0000e+00, 0.0000e+00, 
 2DIAGNOSTIC,    15, -6.331148405662e-01, 1.743334439391e-06, 0.0000e+00, 0.0000e+00, 
 2DIAGNOSTIC,    16, -6.331127292530e-01, 1.558748370004e-06, 0.0000e+00, 0.0000e+00, 
 2DIAGNOSTIC,    17, -6.331118159015e-01, 1.451794220980e-06, 0.0000e+00, 0.0000e+00, 
 2DIAGNOSTIC,    18, -6.331102522592e-01, 1.401279068038e-06, 0.0000e+00, 0.0000e+00, 
 2DIAGNOSTIC,    19, -6.331121338868e-01, 1.376706689420e-06, 0.0000e+00, 0.0000e+00, 
 2DIAGNOSTIC,    20, -6.331138375027e-01, 1.395579554628e-06, 0.0000e+00, 0.0000e+00, 
 2DIAGNOSTIC,    21, -6.331132924048e-01, 1.378201828765e-06, 0.0000e+00, 0.0000e+00, 
 2DIAGNOSTIC,    22, -6.331130207511e-01, 1.382023758136e-06, 0.0000e+00, 0.0000e+00, 
 2DIAGNOSTIC,    23, -6.331109949672e-01, 1.332170651708e-06, 0.0000e+00, 0.0000e+00, 
 2DIAGNOSTIC,    24, -6.331106487693e-01, 1.267534259233e-06, 0.0000e+00, 0.0000e+00, 
 2DIAGNOSTIC,    25, -6.331117209653e-01, 1.252331610462e-06, 0.0000e+00, 0.0000e+00, 
 2DIAGNOSTIC,    26, -6.331103469576e-01, 1.179626526349e-06, 0.0000e+00, 0.0000e+00, 
 2DIAGNOSTIC,    27, -6.331109692712e-01, 1.114298165544e-06, 0.0000e+00, 0.0000e+00, 
 2DIAGNOSTIC,    28, -6.331097901906e-01, 1.015390829334e-06, 0.0000e+00, 0.0000e+00, 
DIAGNOSTIC,Iteration,metricValue,convergenceValue,ITERATION_TIME_INDEX,SINCE_LAST
 2DIAGNOSTIC,     1, -5.647193858935e-01, 1.797693134862e+308, 0.0000e+00, 0.0000e+00, 
 2DIAGNOSTIC,     2, -5.649445426201e-01, 1.797693134862e+308, 0.0000e+00, 0.0000e+00, 
 2DIAGNOSTIC,     3, -5.651414469122e-01, 1.797693134862e+308, 0.0000e+00, 0.0000e+00, 
 2DIAGNOSTIC,     4, -5.653416146842e-01, 1.797693134862e+308, 0.0000e+00, 0.0000e+00, 
 2DIAGNOSTIC,     5, -5.653623974474e-01, 1.797693134862e+308, 0.0000e+00, 0.0000e+00, 
 2DIAGNOSTIC,     6, -5.653633369431e-01, 1.797693134862e+308, 0.0000e+00, 0.0000e+00, 
 2DIAGNOSTIC,     7, -5.653628541941e-01, 1.797693134862e+308, 0.0000e+00, 0.0000e+00, 
 2DIAGNOSTIC,     8, -5.653630153530e-01, 1.797693134862e+308, 0.0000e+00, 0.0000e+00, 
 2DIAGNOSTIC,     9, -5.653630390067e-01, 1.797693134862e+308, 0.0000e+00, 0.0000e+00, 
 2DIAGNOSTIC,    10, -5.653628933957e-01, 6.225058787590e-05, 0.0000e+00, 0.0000e+00, 
 2DIAGNOSTIC,    11, -5.653628475858e-01, 3.155272685865e-05, 0.0000e+00, 0.0000e+00, 
 2DIAGNOSTIC,    12, -5.653630019527e-01, 1.272187968364e-05, 0.0000e+00, 0.0000e+00, 
 2DIAGNOSTIC,    13, -5.653628941832e-01, 3.278683319397e-06, 0.0000e+00, 0.0000e+00, 
 2DIAGNOSTIC,    14, -5.653627428836e-01, 2.271382517655e-06, 0.0000e+00, 0.0000e+00, 
 2DIAGNOSTIC,    15, -5.653627374532e-01, 2.094232043046e-06, 0.0000e+00, 0.0000e+00, 
 2DIAGNOSTIC,    16, -5.653627353636e-01, 1.971588578384e-06, 0.0000e+00, 0.0000e+00, 
 2DIAGNOSTIC,    17, -5.653627207200e-01, 1.849906638617e-06, 0.0000e+00, 0.0000e+00, 
 2DIAGNOSTIC,    18, -5.653626899376e-01, 1.747369448454e-06, 0.0000e+00, 0.0000e+00, 
 2DIAGNOSTIC,    19, -5.653626927914e-01, 1.658469509572e-06, 0.0000e+00, 0.0000e+00, 
 2DIAGNOSTIC,    20, -5.653626908922e-01, 1.576289492093e-06, 0.0000e+00, 0.0000e+00, 
 2DIAGNOSTIC,    21, -5.653626887073e-01, 1.501944830597e-06, 0.0000e+00, 0.0000e+00, 
 2DIAGNOSTIC,    22, -5.653626888069e-01, 1.439157566480e-06, 0.0000e+00, 0.0000e+00, 
 2DIAGNOSTIC,    23, -5.653626885940e-01, 1.380237491015e-06, 0.0000e+00, 0.0000e+00, 
 2DIAGNOSTIC,    24, -5.653626887485e-01, 1.323353411242e-06, 0.0000e+00, 0.0000e+00, 
 2DIAGNOSTIC,    25, -5.653626885677e-01, 1.271117679072e-06, 0.0000e+00, 0.0000e+00, 
 2DIAGNOSTIC,    26, -5.653626882930e-01, 1.223004791176e-06, 0.0000e+00, 0.0000e+00, 
 2DIAGNOSTIC,    27, -5.653626881460e-01, 1.178265848348e-06, 0.0000e+00, 0.0000e+00, 
 2DIAGNOSTIC,    28, -5.653626880926e-01, 1.136179576068e-06, 0.0000e+00, 0.0000e+00, 
 2DIAGNOSTIC,    29, -5.653626877352e-01, 1.097052404260e-06, 0.0000e+00, 0.0000e+00, 
 2DIAGNOSTIC,    30, -5.653626881733e-01, 1.060517708762e-06, 1.0240e+03, 1.0240e+03, 
 2DIAGNOSTIC,    31, -5.653626880160e-01, 1.026305452879e-06, 1.0240e+03, 0.0000e+00, 
  Elapsed time (stage 0): 1.0240e+03


Total elapsed time: 1.0240e+03
Info [verificarlo]: loaded backend libinterflop_vprec.so
Info [interflop-vprec]: load backend with: 
Info [interflop-vprec]: precision-binary32 = 20
Info [interflop-vprec]: range-binary32 = 8
Info [interflop-vprec]: precision-binary64 = 20
Info [interflop-vprec]: range-binary64 = 8
Info [interflop-vprec]: mode = ob
Info [interflop-vprec]: error-mode = rel
Info [interflop-vprec]: max-abs-error-exponent = -1022
Info [interflop-vprec]: daz = false
Info [interflop-vprec]: ftz = false
Info [interflop-vprec]: 	instrument = none
Info [interflop-vprec]: 	prec-input-file = (null)
Info [interflop-vprec]: 	prec-output-file = (null)
Info [interflop-vprec]: 	prec-log-file = (null)
All_Command_lines_OK
Using double precision for computations.
