
##########################
# Experiment information #
##########################

EXPERIMENT_NAME: antsRegistration-r8-p23
VFC_BACKENDS: libinterflop_vprec.so --range-binary32=8 --precision-binary32=23 --range-binary64=8 --precision-binary64=23

SIF_IMG: /home/mdugre/projects/rrg-glatard/mdugre/containers/ants-vprec-no_metrics.simg

SUBJECT_ID: s033
INPUT_IMG: /home/mdugre/scratch/mri-registration-rp/datasets/ds004513/derivatives/mri-registration-rp/antsBrainExtraction/sub-s033/BrainExtractionBrain.nii.gz
OUTPUT_DIR: /home/mdugre/scratch/mri-registration-rp/datasets/ds004513/derivatives/mri-registration-rp/0011/antsRegistration-r8-p23/sub-s033

FIXED_IMG: /templateflow/tpl-MNI152NLin2009cAsym/tpl-MNI152NLin2009cAsym_res-01_desc-brain_T1w.nii.gz
DATA_DIR: /home/mdugre/scratch/mri-registration-rp/datasets/ds004513
TEMPLATEFLOW_DIR: /home/mdugre/projects/rrg-glatard/mdugre/templateflow
ITK_GLOBAL_DEFAULT_NUMBER_OF_THREADS: 16
##########################

Info [verificarlo]: loaded backend libinterflop_ieee.so
Info [interflop-ieee]: load backend with:
Info [interflop-ieee]: debug = false
Info [interflop-ieee]: debug-binary = false
Info [interflop-ieee]: no-backend-name = false
Info [interflop-ieee]: print-new-line = false
Info [interflop-ieee]: print-subnormal-normalized = false
Info [interflop-ieee]: count-op = false
All_Command_lines_OK
Using double precision for computations.
=============================================================================
The composite transform comprises the following transforms (in order): 
  1. Center of mass alignment using fixed image: /templateflow/tpl-MNI152NLin2009cAsym/tpl-MNI152NLin2009cAsym_res-01_desc-brain_T1w.nii.gz and moving image: /home/mdugre/scratch/mri-registration-rp/datasets/ds004513/derivatives/mri-registration-rp/antsBrainExtraction/sub-s033/BrainExtractionBrain.nii.gz (type = Euler3DTransform)
=============================================================================
  number of levels = 1
  fixed image: /templateflow/tpl-MNI152NLin2009cAsym/tpl-MNI152NLin2009cAsym_res-01_desc-brain_T1w.nii.gz
  moving image: /home/mdugre/scratch/mri-registration-rp/datasets/ds004513/derivatives/mri-registration-rp/antsBrainExtraction/sub-s033/BrainExtractionBrain.nii.gz
Dimension = 3
Number of stages = 1
Use histogram matching = false
Winsorize image intensities = true
  Lower quantile = 0.005
  Upper quantile = 0.995


Stage 1 State
   Image metric = MattesMI
     Fixed image = Image (0x485ce70)
  RTTI typeinfo:   itk::Image<double, 3u>
  Reference Count: 2
  Modified Time: 2330
  Debug: Off
  Object Name: 
  Observers: 
    none
  Source: (none)
  Source output name: (none)
  Release Data: Off
  Data Released: False
  Global Release Data: Off
  PipelineMTime: 0
  UpdateMTime: 1941
  RealTimeStamp: 0 seconds 
  LargestPossibleRegion: 
    Dimension: 3
    Index: [0, 0, 0]
    Size: [193, 229, 193]
  BufferedRegion: 
    Dimension: 3
    Index: [0, 0, 0]
    Size: [193, 229, 193]
  RequestedRegion: 
    Dimension: 3
    Index: [0, 0, 0]
    Size: [193, 229, 193]
  Spacing: [1, 1, 1]
  Origin: [96, 132, -78]
  Direction: 
-1 0 0
0 -1 0
0 0 1

  IndexToPointMatrix: 
-1 0 0
0 -1 0
0 0 1

  PointToIndexMatrix: 
-1 0 0
0 -1 0
0 0 1

  Inverse Direction: 
-1 0 0
0 -1 0
0 0 1

  PixelContainer: 
    ImportImageContainer (0x4865c60)
      RTTI typeinfo:   itk::ImportImageContainer<unsigned long, double>
      Reference Count: 1
      Modified Time: 1938
      Debug: Off
      Object Name: 
      Observers: 
        none
      Pointer: 0x14a3fd9a8010
      Container manages memory: true
      Size: 8530021
      Capacity: 8530021

     Moving image = Image (0x485f540)
  RTTI typeinfo:   itk::Image<double, 3u>
  Reference Count: 2
  Modified Time: 2331
  Debug: Off
  Object Name: 
  Observers: 
    none
  Source: (none)
  Source output name: (none)
  Release Data: Off
  Data Released: False
  Global Release Data: Off
  PipelineMTime: 0
  UpdateMTime: 2328
  RealTimeStamp: 0 seconds 
  LargestPossibleRegion: 
    Dimension: 3
    Index: [0, 0, 0]
    Size: [160, 240, 256]
  BufferedRegion: 
    Dimension: 3
    Index: [0, 0, 0]
    Size: [160, 240, 256]
  RequestedRegion: 
    Dimension: 3
    Index: [0, 0, 0]
    Size: [160, 240, 256]
  Spacing: [1, 1, 1]
  Origin: [91.5134, 94.282, -109.927]
  Direction: 
-0.99591 -0.0698718 -0.0572835
0.0697565 -0.997556 0.00401236
-0.0574239 5.01125e-08 0.99835

  IndexToPointMatrix: 
-0.99591 -0.0698718 -0.0572835
0.0697565 -0.997556 0.00401236
-0.0574239 5.01125e-08 0.99835

  PointToIndexMatrix: 
-0.99591 0.0697565 -0.0574239
-0.0698718 -0.997556 5.01483e-08
-0.0572835 0.00401236 0.99835

  Inverse Direction: 
-0.99591 0.0697565 -0.0574239
-0.0698718 -0.997556 5.01483e-08
-0.0572835 0.00401236 0.99835

  PixelContainer: 
    ImportImageContainer (0x4971610)
      RTTI typeinfo:   itk::ImportImageContainer<unsigned long, double>
      Reference Count: 1
      Modified Time: 2325
      Debug: Off
      Object Name: 
      Observers: 
        none
      Pointer: 0x14a3f8ea7010
      Container manages memory: true
      Size: 9830400
      Capacity: 9830400

     Weighting = 1
     Sampling strategy = regular
     Number of bins = 32
     Radius = 4
     Sampling percentage  = 0.25
   Transform = Rigid
     Gradient step = 0.1
     Update field sigma (voxel space) = 0
     Total field sigma (voxel space) = 0
     Update field time sigma = 0
     Total field time sigma  = 0
     Number of time indices = 0
     Number of time point samples = 0
Registration using 1 total stages.

Stage 0
  iterations = 0
  convergence threshold = 1e-06
  convergence window size = 10
  number of levels = 1
  using the Mattes MI metric (number of bins = 32, weight = 1, use gradient filter = 0)
  preprocessing:  winsorizing the image intensities
  Shrink factors (level 1 out of 1): [1, 1, 1]
  smoothing sigmas per level: [0]
  regular sampling (percentage = 0.25)

*** Running Euler3DTransform registration ***

  Elapsed time (stage 0): 1.12833


Total elapsed time: 1.13055
Info [verificarlo]: loaded backend libinterflop_ieee.so
Info [interflop-ieee]: load backend with:
Info [interflop-ieee]: debug = false
Info [interflop-ieee]: debug-binary = false
Info [interflop-ieee]: no-backend-name = false
Info [interflop-ieee]: print-new-line = false
Info [interflop-ieee]: print-subnormal-normalized = false
Info [interflop-ieee]: count-op = false
All_Command_lines_OK
Using double precision for computations.
=============================================================================
The composite transform comprises the following transforms (in order): 
  1. /home/mdugre/scratch/mri-registration-rp/datasets/ds004513/derivatives/mri-registration-rp/0011/antsRegistration-r8-p23/sub-s033/align_Composite.h5[0] (type = Euler3DTransform)
  2. /home/mdugre/scratch/mri-registration-rp/datasets/ds004513/derivatives/mri-registration-rp/0011/antsRegistration-r8-p23/sub-s033/align_Composite.h5[1] (type = Euler3DTransform)
=============================================================================
  number of levels = 4
  fixed image: /templateflow/tpl-MNI152NLin2009cAsym/tpl-MNI152NLin2009cAsym_res-01_desc-brain_T1w.nii.gz
  moving image: /home/mdugre/scratch/mri-registration-rp/datasets/ds004513/derivatives/mri-registration-rp/antsBrainExtraction/sub-s033/BrainExtractionBrain.nii.gz
Dimension = 3
Number of stages = 1
Use histogram matching = false
Winsorize image intensities = true
  Lower quantile = 0.005
  Upper quantile = 0.995


Stage 1 State
   Image metric = MattesMI
     Fixed image = Image (0x4977530)
  RTTI typeinfo:   itk::Image<double, 3u>
  Reference Count: 2
  Modified Time: 1578
  Debug: Off
  Object Name: 
  Observers: 
    none
  Source: (none)
  Source output name: (none)
  Release Data: Off
  Data Released: False
  Global Release Data: Off
  PipelineMTime: 0
  UpdateMTime: 1189
  RealTimeStamp: 0 seconds 
  LargestPossibleRegion: 
    Dimension: 3
    Index: [0, 0, 0]
    Size: [193, 229, 193]
  BufferedRegion: 
    Dimension: 3
    Index: [0, 0, 0]
    Size: [193, 229, 193]
  RequestedRegion: 
    Dimension: 3
    Index: [0, 0, 0]
    Size: [193, 229, 193]
  Spacing: [1, 1, 1]
  Origin: [96, 132, -78]
  Direction: 
-1 0 0
0 -1 0
0 0 1

  IndexToPointMatrix: 
-1 0 0
0 -1 0
0 0 1

  PointToIndexMatrix: 
-1 0 0
0 -1 0
0 0 1

  Inverse Direction: 
-1 0 0
0 -1 0
0 0 1

  PixelContainer: 
    ImportImageContainer (0x4a35d60)
      RTTI typeinfo:   itk::ImportImageContainer<unsigned long, double>
      Reference Count: 1
      Modified Time: 1186
      Debug: Off
      Object Name: 
      Observers: 
        none
      Pointer: 0x14d3f5863010
      Container manages memory: true
      Size: 8530021
      Capacity: 8530021

     Moving image = Image (0x4a27f60)
  RTTI typeinfo:   itk::Image<double, 3u>
  Reference Count: 2
  Modified Time: 1579
  Debug: Off
  Object Name: 
  Observers: 
    none
  Source: (none)
  Source output name: (none)
  Release Data: Off
  Data Released: False
  Global Release Data: Off
  PipelineMTime: 0
  UpdateMTime: 1576
  RealTimeStamp: 0 seconds 
  LargestPossibleRegion: 
    Dimension: 3
    Index: [0, 0, 0]
    Size: [160, 240, 256]
  BufferedRegion: 
    Dimension: 3
    Index: [0, 0, 0]
    Size: [160, 240, 256]
  RequestedRegion: 
    Dimension: 3
    Index: [0, 0, 0]
    Size: [160, 240, 256]
  Spacing: [1, 1, 1]
  Origin: [91.5134, 94.282, -109.927]
  Direction: 
-0.99591 -0.0698718 -0.0572835
0.0697565 -0.997556 0.00401236
-0.0574239 5.01125e-08 0.99835

  IndexToPointMatrix: 
-0.99591 -0.0698718 -0.0572835
0.0697565 -0.997556 0.00401236
-0.0574239 5.01125e-08 0.99835

  PointToIndexMatrix: 
-0.99591 0.0697565 -0.0574239
-0.0698718 -0.997556 5.01483e-08
-0.0572835 0.00401236 0.99835

  Inverse Direction: 
-0.99591 0.0697565 -0.0574239
-0.0698718 -0.997556 5.01483e-08
-0.0572835 0.00401236 0.99835

  PixelContainer: 
    ImportImageContainer (0x4a196d0)
      RTTI typeinfo:   itk::ImportImageContainer<unsigned long, double>
      Reference Count: 1
      Modified Time: 1573
      Debug: Off
      Object Name: 
      Observers: 
        none
      Pointer: 0x14d3f0d62010
      Container manages memory: true
      Size: 9830400
      Capacity: 9830400

     Weighting = 1
     Sampling strategy = regular
     Number of bins = 32
     Radius = 4
     Sampling percentage  = 0.25
   Transform = Rigid
     Gradient step = 0.1
     Update field sigma (voxel space) = 0
     Total field sigma (voxel space) = 0
     Update field time sigma = 0
     Total field time sigma  = 0
     Number of time indices = 0
     Number of time point samples = 0
Registration using 1 total stages.

Stage 0
  iterations = 1000x500x250x100
  convergence threshold = 1e-06
  convergence window size = 10
  number of levels = 4
  using the Mattes MI metric (number of bins = 32, weight = 1, use gradient filter = 0)
  preprocessing:  winsorizing the image intensities
  Shrink factors (level 1 out of 4): [8, 8, 8]
  Shrink factors (level 2 out of 4): [4, 4, 4]
  Shrink factors (level 3 out of 4): [2, 2, 2]
  Shrink factors (level 4 out of 4): [1, 1, 1]
  smoothing sigmas per level: [3, 2, 1, 0]
  regular sampling (percentage = 0.25)

*** Running Euler3DTransform registration ***

DIAGNOSTIC,Iteration,metricValue,convergenceValue,ITERATION_TIME_INDEX,SINCE_LAST
 2DIAGNOSTIC,     1, -4.945365495269e-01, 1.797693134862e+308, 1.0406e+00, 1.0406e+00, 
 2DIAGNOSTIC,     2, -4.961551199262e-01, 1.797693134862e+308, 1.0463e+00, 5.6140e-03, 
 2DIAGNOSTIC,     3, -4.991207097076e-01, 1.797693134862e+308, 1.0519e+00, 5.5969e-03, 
 2DIAGNOSTIC,     4, -5.030359852117e-01, 1.797693134862e+308, 1.0572e+00, 5.3599e-03, 
 2DIAGNOSTIC,     5, -5.059125054655e-01, 1.797693134862e+308, 1.0626e+00, 5.3570e-03, 
 2DIAGNOSTIC,     6, -5.092815596254e-01, 1.797693134862e+308, 1.0687e+00, 6.1631e-03, 
 2DIAGNOSTIC,     7, -5.205915484568e-01, 1.797693134862e+308, 1.0760e+00, 7.3140e-03, 
 2DIAGNOSTIC,     8, -5.236677933913e-01, 1.797693134862e+308, 1.0818e+00, 5.7859e-03, 
 2DIAGNOSTIC,     9, -5.261653611514e-01, 1.797693134862e+308, 1.0876e+00, 5.7580e-03, 
 2DIAGNOSTIC,    10, -5.313843279548e-01, 4.956236851461e-03, 1.0938e+00, 6.2430e-03, 
 2DIAGNOSTIC,    11, -5.461121550606e-01, 5.255951709882e-03, 1.1015e+00, 7.6332e-03, 
 2DIAGNOSTIC,    12, -5.563506773265e-01, 5.544499219532e-03, 1.1074e+00, 5.8980e-03, 
 2DIAGNOSTIC,    13, -6.011783753038e-01, 7.240286203789e-03, 1.1149e+00, 7.5781e-03, 
 2DIAGNOSTIC,    14, -6.166052824955e-01, 8.701253898779e-03, 1.1214e+00, 6.4220e-03, 
 2DIAGNOSTIC,    15, -6.211428291801e-01, 9.416357351234e-03, 1.1274e+00, 6.0611e-03, 
 2DIAGNOSTIC,    16, -6.235432155451e-01, 9.368281947905e-03, 1.1342e+00, 6.7351e-03, 
 2DIAGNOSTIC,    17, -6.347577474297e-01, 9.145335075985e-03, 1.1414e+00, 7.2732e-03, 
 2DIAGNOSTIC,    18, -6.413138481395e-01, 8.359393004044e-03, 1.1472e+00, 5.7290e-03, 
 2DIAGNOSTIC,    19, -6.420802749470e-01, 6.980623592533e-03, 1.1535e+00, 6.3519e-03, 
 2DIAGNOSTIC,    20, -6.425493407308e-01, 5.272872780944e-03, 1.1585e+00, 4.9570e-03, 
 2DIAGNOSTIC,    21, -6.431795016760e-01, 3.641466843072e-03, 1.1641e+00, 5.6489e-03, 
 2DIAGNOSTIC,    22, -6.434078419787e-01, 2.049114121460e-03, 1.1691e+00, 5.0058e-03, 
 2DIAGNOSTIC,    23, -6.435083904259e-01, 1.381096990237e-03, 1.1748e+00, 5.6570e-03, 
 2DIAGNOSTIC,    24, -6.436807802207e-01, 9.688117462155e-04, 1.1812e+00, 6.3961e-03, 
 2DIAGNOSTIC,    25, -6.439989604016e-01, 6.014658096279e-04, 1.1886e+00, 7.4332e-03, 
 2DIAGNOSTIC,    26, -6.448361720044e-01, 2.655203154383e-04, 1.1939e+00, 5.2559e-03, 
 2DIAGNOSTIC,    27, -6.460796011959e-01, 1.536869735578e-04, 1.1995e+00, 5.6331e-03, 
 2DIAGNOSTIC,    28, -6.463976177813e-01, 1.550355314494e-04, 1.2046e+00, 5.1122e-03, 
 2DIAGNOSTIC,    29, -6.463935447345e-01, 1.547432293527e-04, 1.2098e+00, 5.1820e-03, 
 2DIAGNOSTIC,    30, -6.464392292346e-01, 1.482976980132e-04, 1.2153e+00, 5.4789e-03, 
 2DIAGNOSTIC,    31, -6.463723506115e-01, 1.368668273510e-04, 1.2202e+00, 4.8778e-03, 
 2DIAGNOSTIC,    32, -6.464254424191e-01, 1.173261399643e-04, 1.2262e+00, 5.9979e-03, 
 2DIAGNOSTIC,    33, -6.464354982248e-01, 8.969279159522e-05, 1.2412e+00, 1.5061e-02, 
 2DIAGNOSTIC,    34, -6.464354981919e-01, 5.811440163683e-05, 1.2565e+00, 1.5263e-02, 
 2DIAGNOSTIC,    35, -6.464354981919e-01, 2.735348393153e-05, 1.2621e+00, 5.6062e-03, 
 2DIAGNOSTIC,    36, -6.464354981919e-01, 6.562035680759e-06, 1.2674e+00, 5.3489e-03, 
 2DIAGNOSTIC,    37, -6.464354981919e-01, 2.244530765399e-06, 1.2730e+00, 5.6050e-03, 
 2DIAGNOSTIC,    38, -6.464354981919e-01, 1.990763209427e-06, 1.2783e+00, 5.3029e-03, 
 2DIAGNOSTIC,    39, -6.464354981919e-01, 1.582331618104e-06, 1.2837e+00, 5.3592e-03, 
 2DIAGNOSTIC,    40, -6.464354981919e-01, 1.698162579000e-06, 1.2898e+00, 6.1131e-03, 
DIAGNOSTIC,Iteration,metricValue,convergenceValue,ITERATION_TIME_INDEX,SINCE_LAST
 2DIAGNOSTIC,     1, -5.367244483458e-01, 1.797693134862e+308, 2.1899e+00, 9.0006e-01, 
 2DIAGNOSTIC,     2, -5.380313872228e-01, 1.797693134862e+308, 2.2309e+00, 4.1015e-02, 
 2DIAGNOSTIC,     3, -5.401731949956e-01, 1.797693134862e+308, 2.2681e+00, 3.7191e-02, 
 2DIAGNOSTIC,     4, -5.431881376571e-01, 1.797693134862e+308, 2.3028e+00, 3.4725e-02, 
 2DIAGNOSTIC,     5, -5.453557618055e-01, 1.797693134862e+308, 2.3351e+00, 3.2258e-02, 
 2DIAGNOSTIC,     6, -5.461088576219e-01, 1.797693134862e+308, 2.3659e+00, 3.0788e-02, 
 2DIAGNOSTIC,     7, -5.462086691788e-01, 1.797693134862e+308, 2.3990e+00, 3.3178e-02, 
 2DIAGNOSTIC,     8, -5.464869278901e-01, 1.797693134862e+308, 2.4384e+00, 3.9373e-02, 
 2DIAGNOSTIC,     9, -5.465850828284e-01, 1.797693134862e+308, 2.4796e+00, 4.1175e-02, 
 2DIAGNOSTIC,    10, -5.466464865187e-01, 1.224740910681e-03, 2.5104e+00, 3.0825e-02, 
 2DIAGNOSTIC,    11, -5.470487726723e-01, 8.391097425658e-04, 2.5457e+00, 3.5275e-02, 
 2DIAGNOSTIC,    12, -5.471506821787e-01, 5.042746000550e-04, 2.5796e+00, 3.3881e-02, 
 2DIAGNOSTIC,    13, -5.471747715448e-01, 2.608960792103e-04, 2.6204e+00, 4.0826e-02, 
 2DIAGNOSTIC,    14, -5.471893668914e-01, 1.401590701096e-04, 2.6519e+00, 3.1557e-02, 
 2DIAGNOSTIC,    15, -5.471839946355e-01, 9.761625350840e-05, 2.6847e+00, 3.2807e-02, 
 2DIAGNOSTIC,    16, -5.471599220374e-01, 7.527584848871e-05, 2.7163e+00, 3.1562e-02, 
 2DIAGNOSTIC,    17, -5.471662412163e-01, 5.183155782708e-05, 2.7448e+00, 2.8502e-02, 
 2DIAGNOSTIC,    18, -5.471747019388e-01, 3.478175553788e-05, 2.7762e+00, 3.1366e-02, 
 2DIAGNOSTIC,    19, -5.471813441949e-01, 1.945613243761e-05, 2.8090e+00, 3.2813e-02, 
 2DIAGNOSTIC,    20, -5.471662904423e-01, 4.969740684535e-06, 2.8368e+00, 2.7783e-02, 
 2DIAGNOSTIC,    21, -5.471844148533e-01, 1.951239269070e-06, 2.8683e+00, 3.1536e-02, 
 2DIAGNOSTIC,    22, -5.471946845696e-01, 1.794816634738e-06, 2.8969e+00, 2.8577e-02, 
 2DIAGNOSTIC,    23, -5.472309768155e-01, 2.955882872795e-06, 2.9253e+00, 2.8435e-02, 
 2DIAGNOSTIC,    24, -5.472460338817e-01, 4.500344153953e-06, 2.9576e+00, 3.2306e-02, 
 2DIAGNOSTIC,    25, -5.473225335825e-01, 7.130566181339e-06, 2.9857e+00, 2.8028e-02, 
 2DIAGNOSTIC,    26, -5.474469312552e-01, 1.098291601912e-05, 3.0150e+00, 2.9313e-02, 
 2DIAGNOSTIC,    27, -5.481013376404e-01, 2.630867478350e-05, 3.0472e+00, 3.2181e-02, 
 2DIAGNOSTIC,    28, -5.480678960279e-01, 3.739001152883e-05, 3.0862e+00, 3.9080e-02, 
 2DIAGNOSTIC,    29, -5.482084715060e-01, 4.712048009867e-05, 3.1222e+00, 3.5993e-02, 
 2DIAGNOSTIC,    30, -5.482082515384e-01, 5.166421871898e-05, 3.1545e+00, 3.2266e-02, 
 2DIAGNOSTIC,    31, -5.482014612109e-01, 5.125927124533e-05, 3.1858e+00, 3.1310e-02, 
 2DIAGNOSTIC,    32, -5.481815953940e-01, 4.582634535223e-05, 3.2138e+00, 2.7979e-02, 
 2DIAGNOSTIC,    33, -5.481718253995e-01, 3.689944765920e-05, 3.2430e+00, 2.9193e-02, 
 2DIAGNOSTIC,    34, -5.481825622643e-01, 2.560031193108e-05, 3.2723e+00, 2.9344e-02, 
 2DIAGNOSTIC,    35, -5.481838554358e-01, 1.379950283174e-05, 3.3004e+00, 2.8113e-02, 
 2DIAGNOSTIC,    36, -5.481854578343e-01, 3.009149575437e-06, 3.3380e+00, 3.7612e-02, 
 2DIAGNOSTIC,    37, -5.482631349790e-01, 2.936455074209e-06, 3.3717e+00, 3.3643e-02, 
 2DIAGNOSTIC,    38, -5.482856020919e-01, 2.436040970253e-06, 3.4046e+00, 3.2883e-02, 
 2DIAGNOSTIC,    39, -5.482706775397e-01, 3.481417626201e-06, 3.4412e+00, 3.6587e-02, 
 2DIAGNOSTIC,    40, -5.481987470638e-01, 3.304602257767e-06, 3.4749e+00, 3.3780e-02, 
 2DIAGNOSTIC,    41, -5.482802680251e-01, 3.877035535928e-06, 3.5087e+00, 3.3777e-02, 
 2DIAGNOSTIC,    42, -5.481854470692e-01, 2.652188935255e-06, 3.5472e+00, 3.8457e-02, 
 2DIAGNOSTIC,    43, -5.482756683664e-01, 2.295977730118e-06, 3.5871e+00, 3.9961e-02, 
 2DIAGNOSTIC,    44, -5.483025110369e-01, 2.243028705676e-06, 3.6205e+00, 3.3374e-02, 
 2DIAGNOSTIC,    45, -5.482811768383e-01, 1.827254940689e-06, 3.6523e+00, 3.1761e-02, 
 2DIAGNOSTIC,    46, -5.482645580075e-01, 1.146794067042e-06, 3.6844e+00, 3.2103e-02, 
 2DIAGNOSTIC,    47, -5.482548595151e-01, 1.199316525143e-06, 3.7731e+00, 8.8708e-02, 
 2DIAGNOSTIC,    48, -5.482548595139e-01, 1.436010767727e-06, 3.8566e+00, 8.3480e-02, 
 2DIAGNOSTIC,    49, -5.482548595139e-01, 1.435053802876e-06, 3.8882e+00, 3.1694e-02, 
DIAGNOSTIC,Iteration,metricValue,convergenceValue,ITERATION_TIME_INDEX,SINCE_LAST
 2DIAGNOSTIC,     1, -4.661874101727e-01, 1.797693134862e+308, 4.9756e+00, 1.0874e+00, 
 2DIAGNOSTIC,     2, -4.663634510457e-01, 1.797693134862e+308, 5.1969e+00, 2.2131e-01, 
 2DIAGNOSTIC,     3, -4.665065342055e-01, 1.797693134862e+308, 5.4190e+00, 2.2207e-01, 
 2DIAGNOSTIC,     4, -4.666273016109e-01, 1.797693134862e+308, 5.6533e+00, 2.3429e-01, 
 2DIAGNOSTIC,     5, -4.667166963323e-01, 1.797693134862e+308, 5.8868e+00, 2.3349e-01, 
 2DIAGNOSTIC,     6, -4.668676964149e-01, 1.797693134862e+308, 6.1273e+00, 2.4047e-01, 
 2DIAGNOSTIC,     7, -4.669697733729e-01, 1.797693134862e+308, 6.4104e+00, 2.8312e-01, 
 2DIAGNOSTIC,     8, -4.670258220464e-01, 1.797693134862e+308, 6.7275e+00, 3.1716e-01, 
 2DIAGNOSTIC,     9, -4.670791406425e-01, 1.797693134862e+308, 6.9518e+00, 2.2427e-01, 
 2DIAGNOSTIC,    10, -4.671177585548e-01, 1.313588764228e-04, 7.1843e+00, 2.3251e-01, 
 2DIAGNOSTIC,    11, -4.671984864153e-01, 1.051494324201e-04, 7.4232e+00, 2.3889e-01, 
 2DIAGNOSTIC,    12, -4.674369349734e-01, 9.493173136396e-05, 7.7932e+00, 3.7003e-01, 
 2DIAGNOSTIC,    13, -4.675172241014e-01, 8.810266327614e-05, 8.0163e+00, 2.2304e-01, 
 2DIAGNOSTIC,    14, -4.675742666720e-01, 8.226881978264e-05, 8.3366e+00, 3.2027e-01, 
 2DIAGNOSTIC,    15, -4.675740568230e-01, 7.352519972718e-05, 8.6466e+00, 3.0999e-01, 
 2DIAGNOSTIC,    16, -4.675758188925e-01, 6.507102640124e-05, 8.8959e+00, 2.4936e-01, 
 2DIAGNOSTIC,    17, -4.675763659918e-01, 5.533290280907e-05, 9.2919e+00, 3.9601e-01, 
 2DIAGNOSTIC,    18, -4.675754897342e-01, 4.352994435266e-05, 9.5806e+00, 2.8862e-01, 
 2DIAGNOSTIC,    19, -4.675746282053e-01, 3.086260267988e-05, 9.8387e+00, 2.5814e-01, 
 2DIAGNOSTIC,    20, -4.675738041854e-01, 1.795184533770e-05, 1.0089e+01, 2.5058e-01, 
 2DIAGNOSTIC,    21, -4.675730335287e-01, 6.920199303685e-06, 1.0382e+01, 2.9275e-01, 
 2DIAGNOSTIC,    22, -4.675685079901e-01, 2.811242197233e-06, 1.0641e+01, 2.5946e-01, 
 2DIAGNOSTIC,    23, -4.675680081256e-01, 1.003315371187e-06, 1.0910e+01, 2.6900e-01, 
DIAGNOSTIC,Iteration,metricValue,convergenceValue,ITERATION_TIME_INDEX,SINCE_LAST
 2DIAGNOSTIC,     1, -4.258656184111e-01, 1.797693134862e+308, 1.3612e+01, 2.7013e+00, 
 2DIAGNOSTIC,     2, -4.259687516891e-01, 1.797693134862e+308, 1.5242e+01, 1.6302e+00, 
 2DIAGNOSTIC,     3, -4.260094188162e-01, 1.797693134862e+308, 1.7333e+01, 2.0907e+00, 
 2DIAGNOSTIC,     4, -4.260083581027e-01, 1.797693134862e+308, 1.9688e+01, 2.3549e+00, 
 2DIAGNOSTIC,     5, -4.260082764903e-01, 1.797693134862e+308, 2.1309e+01, 1.6213e+00, 
 2DIAGNOSTIC,     6, -4.260080783161e-01, 1.797693134862e+308, 2.3192e+01, 1.8834e+00, 
 2DIAGNOSTIC,     7, -4.260079106044e-01, 1.797693134862e+308, 2.4846e+01, 1.6533e+00, 
 2DIAGNOSTIC,     8, -4.260079362425e-01, 1.797693134862e+308, 2.6350e+01, 1.5045e+00, 
 2DIAGNOSTIC,     9, -4.260078621810e-01, 1.797693134862e+308, 2.7951e+01, 1.6013e+00, 
 2DIAGNOSTIC,    10, -4.260077769842e-01, 1.485931422311e-05, 2.9486e+01, 1.5349e+00, 
 2DIAGNOSTIC,    11, -4.260076990051e-01, 5.134741186893e-06, 3.0935e+01, 1.4488e+00, 
 2DIAGNOSTIC,    12, -4.260077364923e-01, 2.500501195796e-06, 3.2447e+01, 1.5116e+00, 
 2DIAGNOSTIC,    13, -4.260076751691e-01, 2.370239783042e-06, 3.3927e+01, 1.4800e+00, 
 2DIAGNOSTIC,    14, -4.260075969840e-01, 2.211267413357e-06, 3.5443e+01, 1.5161e+00, 
 2DIAGNOSTIC,    15, -4.260075084682e-01, 2.071852993821e-06, 3.6969e+01, 1.5261e+00, 
 2DIAGNOSTIC,    16, -4.260074145834e-01, 1.942418941969e-06, 3.9113e+01, 2.1444e+00, 
 2DIAGNOSTIC,    17, -4.260073204258e-01, 1.822038753437e-06, 4.1108e+01, 1.9951e+00, 
 2DIAGNOSTIC,    18, -4.260071255710e-01, 1.713347887795e-06, 4.2709e+01, 1.6010e+00, 
 2DIAGNOSTIC,    19, -4.260070314898e-01, 1.615432519989e-06, 4.4248e+01, 1.5381e+00, 
 2DIAGNOSTIC,    20, -4.260069429251e-01, 1.527065438489e-06, 4.5932e+01, 1.6845e+00, 
 2DIAGNOSTIC,    21, -4.260073666573e-01, 1.463927709763e-06, 4.7374e+01, 1.4421e+00, 
 2DIAGNOSTIC,    22, -4.260075974661e-01, 1.419030214778e-06, 4.8893e+01, 1.5188e+00, 
 2DIAGNOSTIC,    23, -4.260077148146e-01, 1.382199135390e-06, 5.0522e+01, 1.6290e+00, 
 2DIAGNOSTIC,    24, -4.260077204345e-01, 1.346747462619e-06, 5.2129e+01, 1.6066e+00, 
 2DIAGNOSTIC,    25, -4.260076249392e-01, 1.307317601645e-06, 5.3810e+01, 1.6810e+00, 
 2DIAGNOSTIC,    26, -4.260075271225e-01, 1.262612921993e-06, 5.5380e+01, 1.5703e+00, 
 2DIAGNOSTIC,    27, -4.260075340277e-01, 1.215348429465e-06, 5.6929e+01, 1.5495e+00, 
 2DIAGNOSTIC,    28, -4.260074389665e-01, 1.161110245423e-06, 5.8235e+01, 1.3056e+00, 
 2DIAGNOSTIC,    29, -4.260071442470e-01, 1.099591362887e-06, 5.9537e+01, 1.3016e+00, 
 2DIAGNOSTIC,    30, -4.260076745109e-01, 1.051784602212e-06, 6.1030e+01, 1.4934e+00, 
 2DIAGNOSTIC,    31, -4.260074847711e-01, 1.012405093981e-06, 6.2728e+01, 1.6977e+00, 
  Elapsed time (stage 0): 6.3642e+01


Total elapsed time: 6.3645e+01
Info [verificarlo]: loaded backend libinterflop_vprec.so
Info [interflop-vprec]: load backend with: 
Info [interflop-vprec]: precision-binary32 = 23
Info [interflop-vprec]: range-binary32 = 8
Info [interflop-vprec]: precision-binary64 = 23
Info [interflop-vprec]: range-binary64 = 8
Info [interflop-vprec]: mode = ob
Info [interflop-vprec]: error-mode = rel
Info [interflop-vprec]: max-abs-error-exponent = -1022
Info [interflop-vprec]: daz = false
Info [interflop-vprec]: ftz = false
Info [interflop-vprec]: 	instrument = none
Info [interflop-vprec]: 	prec-input-file = (null)
Info [interflop-vprec]: 	prec-output-file = (null)
Info [interflop-vprec]: 	prec-log-file = (null)
All_Command_lines_OK
Using double precision for computations.
=============================================================================
The composite transform comprises the following transforms (in order): 
  1. /home/mdugre/scratch/mri-registration-rp/datasets/ds004513/derivatives/mri-registration-rp/0011/antsRegistration-r8-p23/sub-s033/rigid_Composite.h5[0] (type = Euler3DTransform)
  2. /home/mdugre/scratch/mri-registration-rp/datasets/ds004513/derivatives/mri-registration-rp/0011/antsRegistration-r8-p23/sub-s033/rigid_Composite.h5[1] (type = Euler3DTransform)
  3. /home/mdugre/scratch/mri-registration-rp/datasets/ds004513/derivatives/mri-registration-rp/0011/antsRegistration-r8-p23/sub-s033/rigid_Composite.h5[2] (type = Euler3DTransform)
=============================================================================
  number of levels = 4
  fixed image: /templateflow/tpl-MNI152NLin2009cAsym/tpl-MNI152NLin2009cAsym_res-01_desc-brain_T1w.nii.gz
  moving image: /home/mdugre/scratch/mri-registration-rp/datasets/ds004513/derivatives/mri-registration-rp/antsBrainExtraction/sub-s033/BrainExtractionBrain.nii.gz
Dimension = 3
Number of stages = 1
Use histogram matching = false
Winsorize image intensities = true
  Lower quantile = 0.005
  Upper quantile = 0.995


Stage 1 State
   Image metric = MattesMI
     Fixed image = Image (0x477d490)
  RTTI typeinfo:   itk::Image<double, 3u>
  Reference Count: 2
  Modified Time: 1592
  Debug: Off
  Object Name: 
  Observers: 
    none
  Source: (none)
  Source output name: (none)
  Release Data: Off
  Data Released: False
  Global Release Data: Off
  PipelineMTime: 0
  UpdateMTime: 1203
  RealTimeStamp: 0 seconds 
  LargestPossibleRegion: 
    Dimension: 3
    Index: [0, 0, 0]
    Size: [193, 229, 193]
  BufferedRegion: 
    Dimension: 3
    Index: [0, 0, 0]
    Size: [193, 229, 193]
  RequestedRegion: 
    Dimension: 3
    Index: [0, 0, 0]
    Size: [193, 229, 193]
  Spacing: [1, 1, 1]
  Origin: [96, 132, -78]
  Direction: 
-1 0 0
0 -1 0
0 0 1

  IndexToPointMatrix: 
-1 0 0
0 -1 0
0 0 1

  PointToIndexMatrix: 
-1 0 0
0 -1 0
0 0 1

  Inverse Direction: 
-1 0 0
0 -1 0
0 0 1

  PixelContainer: 
    ImportImageContainer (0x48488c0)
      RTTI typeinfo:   itk::ImportImageContainer<unsigned long, double>
      Reference Count: 1
      Modified Time: 1200
      Debug: Off
      Object Name: 
      Observers: 
        none
      Pointer: 0x146e5d2ac010
      Container manages memory: true
      Size: 8530021
      Capacity: 8530021

     Moving image = Image (0x4838b60)
  RTTI typeinfo:   itk::Image<double, 3u>
  Reference Count: 2
  Modified Time: 1593
  Debug: Off
  Object Name: 
  Observers: 
    none
  Source: (none)
  Source output name: (none)
  Release Data: Off
  Data Released: False
  Global Release Data: Off
  PipelineMTime: 0
  UpdateMTime: 1590
  RealTimeStamp: 0 seconds 
  LargestPossibleRegion: 
    Dimension: 3
    Index: [0, 0, 0]
    Size: [160, 240, 256]
  BufferedRegion: 
    Dimension: 3
    Index: [0, 0, 0]
    Size: [160, 240, 256]
  RequestedRegion: 
    Dimension: 3
    Index: [0, 0, 0]
    Size: [160, 240, 256]
  Spacing: [1, 1, 1]
  Origin: [91.5134, 94.282, -109.927]
  Direction: 
-0.99591 -0.0698718 -0.0572835
0.0697565 -0.997556 0.00401236
-0.0574239 5.01125e-08 0.99835

  IndexToPointMatrix: 
-0.99591 -0.0698718 -0.0572835
0.0697565 -0.997556 0.00401236
-0.0574239 5.01125e-08 0.99835

  PointToIndexMatrix: 
-0.99591 0.0697565 -0.0574239
-0.0698718 -0.997556 -8.9407e-08
-0.0572835 0.00401232 0.99835

  Inverse Direction: 
-0.99591 0.0697565 -0.0574239
-0.0698718 -0.997556 -8.9407e-08
-0.0572835 0.00401232 0.99835

  PixelContainer: 
    ImportImageContainer (0x48cc1d0)
      RTTI typeinfo:   itk::ImportImageContainer<unsigned long, double>
      Reference Count: 1
      Modified Time: 1587
      Debug: Off
      Object Name: 
      Observers: 
        none
      Pointer: 0x146e587ab010
      Container manages memory: true
      Size: 9830400
      Capacity: 9830400

     Weighting = 1
     Sampling strategy = regular
     Number of bins = 32
     Radius = 4
     Sampling percentage  = 0.25
   Transform = Affine
     Gradient step = 0.1
     Update field sigma (voxel space) = 0
     Total field sigma (voxel space) = 0
     Update field time sigma = 0
     Total field time sigma  = 0
     Number of time indices = 0
     Number of time point samples = 0
Registration using 1 total stages.

Stage 0
  iterations = 1000x500x250x100
  convergence threshold = 1e-06
  convergence window size = 10
  number of levels = 4
  using the Mattes MI metric (number of bins = 32, weight = 1, use gradient filter = 0)
  preprocessing:  winsorizing the image intensities
  Shrink factors (level 1 out of 4): [8, 8, 8]
  Shrink factors (level 2 out of 4): [4, 4, 4]
  Shrink factors (level 3 out of 4): [2, 2, 2]
  Shrink factors (level 4 out of 4): [1, 1, 1]
  smoothing sigmas per level: [3, 2, 1, 0]
  regular sampling (percentage = 0.25)

*** Running AffineTransform registration ***

DIAGNOSTIC,Iteration,metricValue,convergenceValue,ITERATION_TIME_INDEX,SINCE_LAST
 2DIAGNOSTIC,     1, -6.382796338980e-01, 1.797693134862e+308, 0.0000e+00, 0.0000e+00, 
 2DIAGNOSTIC,     2, -6.407452144667e-01, 1.797693134862e+308, 0.0000e+00, 0.0000e+00, 
 2DIAGNOSTIC,     3, -6.451549277786e-01, 1.797693134862e+308, 0.0000e+00, 0.0000e+00, 
 2DIAGNOSTIC,     4, -6.521817841089e-01, 1.797693134862e+308, 0.0000e+00, 0.0000e+00, 
 2DIAGNOSTIC,     5, -6.630863658522e-01, 1.797693134862e+308, 0.0000e+00, 0.0000e+00, 
 2DIAGNOSTIC,     6, -6.815539328549e-01, 1.797693134862e+308, 0.0000e+00, 0.0000e+00, 
 2DIAGNOSTIC,     7, -7.248196957979e-01, 1.797693134862e+308, 0.0000e+00, 0.0000e+00, 
 2DIAGNOSTIC,     8, -8.396338919347e-01, 1.797693134862e+308, 0.0000e+00, 0.0000e+00, 
 2DIAGNOSTIC,     9, -8.684160184117e-01, 1.797693134862e+308, 0.0000e+00, 0.0000e+00, 
 2DIAGNOSTIC,    10, -8.708331632748e-01, 2.380165494912e-02, 0.0000e+00, 0.0000e+00, 
 2DIAGNOSTIC,    11, -8.868470543076e-01, 2.399127944793e-02, 0.0000e+00, 0.0000e+00, 
 2DIAGNOSTIC,    12, -8.970808938413e-01, 2.237071470707e-02, 0.0000e+00, 0.0000e+00, 
 2DIAGNOSTIC,    13, -9.039380169046e-01, 1.930537987309e-02, 0.0000e+00, 0.0000e+00, 
 2DIAGNOSTIC,    14, -9.074714787467e-01, 1.529135612974e-02, 0.0000e+00, 0.0000e+00, 
 2DIAGNOSTIC,    15, -9.076885216415e-01, 1.083183054655e-02, 0.0000e+00, 0.0000e+00, 
 2DIAGNOSTIC,    16, -9.077271833102e-01, 6.456056816289e-03, 0.0000e+00, 0.0000e+00, 
 2DIAGNOSTIC,    17, -9.075334164728e-01, 2.916634710142e-03, 0.0000e+00, 0.0000e+00, 
 2DIAGNOSTIC,    18, -9.074222707746e-01, 1.796949115065e-03, 0.0000e+00, 0.0000e+00, 
 2DIAGNOSTIC,    19, -9.073054166314e-01, 1.178675158239e-03, 0.0000e+00, 0.0000e+00, 
 2DIAGNOSTIC,    20, -9.071935398746e-01, 5.567434266373e-04, 0.0000e+00, 0.0000e+00, 
 2DIAGNOSTIC,    21, -9.071060352623e-01, 2.101538900604e-04, 0.0000e+00, 0.0000e+00, 
 2DIAGNOSTIC,    22, -9.072073322972e-01, 3.912491198035e-05, 0.0000e+00, 0.0000e+00, 
DIAGNOSTIC,Iteration,metricValue,convergenceValue,ITERATION_TIME_INDEX,SINCE_LAST
 2DIAGNOSTIC,     1, -7.434330835341e-01, 1.797693134862e+308, 0.0000e+00, 0.0000e+00, 
 2DIAGNOSTIC,     2, -7.442454864293e-01, 1.797693134862e+308, 0.0000e+00, 0.0000e+00, 
 2DIAGNOSTIC,     3, -7.451198576974e-01, 1.797693134862e+308, 0.0000e+00, 0.0000e+00, 
 2DIAGNOSTIC,     4, -7.459022284127e-01, 1.797693134862e+308, 0.0000e+00, 0.0000e+00, 
 2DIAGNOSTIC,     5, -7.467903485446e-01, 1.797693134862e+308, 0.0000e+00, 0.0000e+00, 
 2DIAGNOSTIC,     6, -7.476283500813e-01, 1.797693134862e+308, 0.0000e+00, 0.0000e+00, 
 2DIAGNOSTIC,     7, -7.483919297920e-01, 1.797693134862e+308, 0.0000e+00, 0.0000e+00, 
 2DIAGNOSTIC,     8, -7.484266815870e-01, 1.797693134862e+308, 0.0000e+00, 0.0000e+00, 
 2DIAGNOSTIC,     9, -7.485254133214e-01, 1.797693134862e+308, 0.0000e+00, 0.0000e+00, 
 2DIAGNOSTIC,    10, -7.486212615607e-01, 4.808430172225e-04, 0.0000e+00, 0.0000e+00, 
 2DIAGNOSTIC,    11, -7.486981953394e-01, 3.572471705785e-04, 0.0000e+00, 0.0000e+00, 
 2DIAGNOSTIC,    12, -7.486750904625e-01, 2.470239411915e-04, 0.0000e+00, 0.0000e+00, 
 2DIAGNOSTIC,    13, -7.486797235325e-01, 1.574887704376e-04, 0.0000e+00, 0.0000e+00, 
 2DIAGNOSTIC,    14, -7.486694645807e-01, 8.754953810645e-05, 0.0000e+00, 0.0000e+00, 
 2DIAGNOSTIC,    15, -7.486462776941e-01, 4.067596883343e-05, 0.0000e+00, 0.0000e+00, 
 2DIAGNOSTIC,    16, -7.486505781448e-01, 1.565868477621e-05, 0.0000e+00, 0.0000e+00, 
 2DIAGNOSTIC,    17, -7.486383577459e-01, 9.163650839632e-06, 0.0000e+00, 0.0000e+00, 
 2DIAGNOSTIC,    18, -7.486270497576e-01, 3.205711734504e-06, 0.0000e+00, 0.0000e+00, 
DIAGNOSTIC,Iteration,metricValue,convergenceValue,ITERATION_TIME_INDEX,SINCE_LAST
 2DIAGNOSTIC,     1, -6.324385354921e-01, 1.797693134862e+308, 0.0000e+00, 0.0000e+00, 
 2DIAGNOSTIC,     2, -6.330193872087e-01, 1.797693134862e+308, 0.0000e+00, 0.0000e+00, 
 2DIAGNOSTIC,     3, -6.336650288716e-01, 1.797693134862e+308, 0.0000e+00, 0.0000e+00, 
 2DIAGNOSTIC,     4, -6.344952765162e-01, 1.797693134862e+308, 0.0000e+00, 0.0000e+00, 
 2DIAGNOSTIC,     5, -6.367269597916e-01, 1.797693134862e+308, 0.0000e+00, 0.0000e+00, 
 2DIAGNOSTIC,     6, -6.367134221603e-01, 1.797693134862e+308, 0.0000e+00, 0.0000e+00, 
 2DIAGNOSTIC,     7, -6.367025726025e-01, 1.797693134862e+308, 0.0000e+00, 0.0000e+00, 
 2DIAGNOSTIC,     8, -6.367008768075e-01, 1.797693134862e+308, 0.0000e+00, 0.0000e+00, 
 2DIAGNOSTIC,     9, -6.366979028371e-01, 1.797693134862e+308, 0.0000e+00, 0.0000e+00, 
 2DIAGNOSTIC,    10, -6.366961701878e-01, 4.787053250677e-04, 0.0000e+00, 0.0000e+00, 
 2DIAGNOSTIC,    11, -6.366955566435e-01, 3.223277102993e-04, 0.0000e+00, 0.0000e+00, 
 2DIAGNOSTIC,    12, -6.366936827665e-01, 1.860415459992e-04, 0.0000e+00, 0.0000e+00, 
 2DIAGNOSTIC,    13, -6.366917921009e-01, 7.644176517822e-05, 0.0000e+00, 0.0000e+00, 
DIAGNOSTIC,Iteration,metricValue,convergenceValue,ITERATION_TIME_INDEX,SINCE_LAST
 2DIAGNOSTIC,     1, -5.627061511677e-01, 1.797693134862e+308, 0.0000e+00, 0.0000e+00, 
 2DIAGNOSTIC,     2, -5.629154831968e-01, 1.797693134862e+308, 0.0000e+00, 0.0000e+00, 
 2DIAGNOSTIC,     3, -5.631426347049e-01, 1.797693134862e+308, 0.0000e+00, 0.0000e+00, 
 2DIAGNOSTIC,     4, -5.635144143866e-01, 1.797693134862e+308, 0.0000e+00, 0.0000e+00, 
 2DIAGNOSTIC,     5, -5.640835729638e-01, 1.797693134862e+308, 1.2800e+02, 1.2800e+02, 
 2DIAGNOSTIC,     6, -5.640823287785e-01, 1.797693134862e+308, 1.2800e+02, 0.0000e+00, 
 2DIAGNOSTIC,     7, -5.640824391637e-01, 1.797693134862e+308, 1.2800e+02, 0.0000e+00, 
 2DIAGNOSTIC,     8, -5.640823985651e-01, 1.797693134862e+308, 1.2800e+02, 0.0000e+00, 
 2DIAGNOSTIC,     9, -5.640822814828e-01, 1.797693134862e+308, 1.2800e+02, 0.0000e+00, 
 2DIAGNOSTIC,    10, -5.640822595125e-01, 1.705894859998e-04, 1.2800e+02, 0.0000e+00, 
 2DIAGNOSTIC,    11, -5.640820686329e-01, 1.122372167340e-04, 1.2800e+02, 0.0000e+00, 
 2DIAGNOSTIC,    12, -5.640819545943e-01, 6.290715443183e-05, 1.2800e+02, 0.0000e+00, 
 2DIAGNOSTIC,    13, -5.640818624865e-01, 2.438731415738e-05, 1.2800e+02, 0.0000e+00, 
 2DIAGNOSTIC,    14, -5.640818102221e-01, 2.177235873896e-06, 1.2800e+02, 0.0000e+00, 
 2DIAGNOSTIC,    15, -5.640818807292e-01, 2.069317246500e-06, 1.2800e+02, 0.0000e+00, 
 2DIAGNOSTIC,    16, -5.640820104425e-01, 1.944396198605e-06, 1.2800e+02, 0.0000e+00, 
 2DIAGNOSTIC,    17, -5.640820859132e-01, 1.843756384824e-06, 1.2800e+02, 0.0000e+00, 
 2DIAGNOSTIC,    18, -5.640819779707e-01, 1.752825371668e-06, 2.5600e+02, 1.2800e+02, 
 2DIAGNOSTIC,    19, -5.640818927210e-01, 1.667595152577e-06, 2.5600e+02, 0.0000e+00, 
 2DIAGNOSTIC,    20, -5.640818627564e-01, 1.590343102334e-06, 2.5600e+02, 0.0000e+00, 
 2DIAGNOSTIC,    21, -5.640817442166e-01, 1.513011497818e-06, 2.5600e+02, 0.0000e+00, 
 2DIAGNOSTIC,    22, -5.640816758041e-01, 1.438822883733e-06, 2.5600e+02, 0.0000e+00, 
 2DIAGNOSTIC,    23, -5.640814707454e-01, 1.365421988954e-06, 2.5600e+02, 0.0000e+00, 
 2DIAGNOSTIC,    24, -5.640816127241e-01, 1.301837961612e-06, 2.5600e+02, 0.0000e+00, 
 2DIAGNOSTIC,    25, -5.640814410262e-01, 1.243332616169e-06, 2.5600e+02, 0.0000e+00, 
 2DIAGNOSTIC,    26, -5.640814796177e-01, 1.195374462234e-06, 2.5600e+02, 0.0000e+00, 
 2DIAGNOSTIC,    27, -5.640815596270e-01, 1.156606573578e-06, 2.5600e+02, 0.0000e+00, 
 2DIAGNOSTIC,    28, -5.640811177671e-01, 1.112750714759e-06, 2.5600e+02, 0.0000e+00, 
 2DIAGNOSTIC,    29, -5.640812317292e-01, 1.074849607104e-06, 2.5600e+02, 0.0000e+00, 
 2DIAGNOSTIC,    30, -5.640813002741e-01, 1.042135890764e-06, 2.5600e+02, 0.0000e+00, 
 2DIAGNOSTIC,    31, -5.640812649497e-01, 1.010675855985e-06, 3.8400e+02, 1.2800e+02, 
  Elapsed time (stage 0): 3.8400e+02


Total elapsed time: 3.8400e+02
Info [verificarlo]: loaded backend libinterflop_vprec.so
Info [interflop-vprec]: load backend with: 
Info [interflop-vprec]: precision-binary32 = 23
Info [interflop-vprec]: range-binary32 = 8
Info [interflop-vprec]: precision-binary64 = 23
Info [interflop-vprec]: range-binary64 = 8
Info [interflop-vprec]: mode = ob
Info [interflop-vprec]: error-mode = rel
Info [interflop-vprec]: max-abs-error-exponent = -1022
Info [interflop-vprec]: daz = false
Info [interflop-vprec]: ftz = false
Info [interflop-vprec]: 	instrument = none
Info [interflop-vprec]: 	prec-input-file = (null)
Info [interflop-vprec]: 	prec-output-file = (null)
Info [interflop-vprec]: 	prec-log-file = (null)
All_Command_lines_OK
Using double precision for computations.
=============================================================================
The composite transform comprises the following transforms (in order): 
  1. /home/mdugre/scratch/mri-registration-rp/datasets/ds004513/derivatives/mri-registration-rp/0011/antsRegistration-r8-p23/sub-s033/affine_Composite.h5[0] (type = Euler3DTransform)
  2. /home/mdugre/scratch/mri-registration-rp/datasets/ds004513/derivatives/mri-registration-rp/0011/antsRegistration-r8-p23/sub-s033/affine_Composite.h5[1] (type = Euler3DTransform)
  3. /home/mdugre/scratch/mri-registration-rp/datasets/ds004513/derivatives/mri-registration-rp/0011/antsRegistration-r8-p23/sub-s033/affine_Composite.h5[2] (type = Euler3DTransform)
  4. /home/mdugre/scratch/mri-registration-rp/datasets/ds004513/derivatives/mri-registration-rp/0011/antsRegistration-r8-p23/sub-s033/affine_Composite.h5[3] (type = AffineTransform)
=============================================================================
  number of levels = 4
  fixed image: /templateflow/tpl-MNI152NLin2009cAsym/tpl-MNI152NLin2009cAsym_res-01_desc-brain_T1w.nii.gz
  moving image: /home/mdugre/scratch/mri-registration-rp/datasets/ds004513/derivatives/mri-registration-rp/antsBrainExtraction/sub-s033/BrainExtractionBrain.nii.gz
Dimension = 3
Number of stages = 1
Use histogram matching = false
Winsorize image intensities = true
  Lower quantile = 0.005
  Upper quantile = 0.995


Stage 1 State
   Image metric = CC
     Fixed image = Image (0x4b1c6f0)
  RTTI typeinfo:   itk::Image<double, 3u>
  Reference Count: 2
  Modified Time: 1606
  Debug: Off
  Object Name: 
  Observers: 
    none
  Source: (none)
  Source output name: (none)
  Release Data: Off
  Data Released: False
