
##########################
# Experiment information #
##########################

EXPERIMENT_NAME: antsRegistration-r8-p18
VFC_BACKENDS: libinterflop_vprec.so --range-binary32=8 --precision-binary32=18 --range-binary64=8 --precision-binary64=18

SIF_IMG: /home/mdugre/projects/rrg-glatard/mdugre/containers/ants-vprec-no_metrics.simg

SUBJECT_ID: s035
INPUT_IMG: /home/mdugre/scratch/mri-registration-rp/datasets/ds004513/derivatives/mri-registration-rp/antsBrainExtraction/sub-s035/BrainExtractionBrain.nii.gz
OUTPUT_DIR: /home/mdugre/scratch/mri-registration-rp/datasets/ds004513/derivatives/mri-registration-rp/0011/antsRegistration-r8-p18/sub-s035

FIXED_IMG: /templateflow/tpl-MNI152NLin2009cAsym/tpl-MNI152NLin2009cAsym_res-01_desc-brain_T1w.nii.gz
DATA_DIR: /home/mdugre/scratch/mri-registration-rp/datasets/ds004513
TEMPLATEFLOW_DIR: /home/mdugre/projects/rrg-glatard/mdugre/templateflow
ITK_GLOBAL_DEFAULT_NUMBER_OF_THREADS: 16
##########################

Info [verificarlo]: loaded backend libinterflop_ieee.so
Info [interflop-ieee]: load backend with:
Info [interflop-ieee]: debug = false
Info [interflop-ieee]: debug-binary = false
Info [interflop-ieee]: no-backend-name = false
Info [interflop-ieee]: print-new-line = false
Info [interflop-ieee]: print-subnormal-normalized = false
Info [interflop-ieee]: count-op = false
All_Command_lines_OK
Using double precision for computations.
=============================================================================
The composite transform comprises the following transforms (in order): 
  1. Center of mass alignment using fixed image: /templateflow/tpl-MNI152NLin2009cAsym/tpl-MNI152NLin2009cAsym_res-01_desc-brain_T1w.nii.gz and moving image: /home/mdugre/scratch/mri-registration-rp/datasets/ds004513/derivatives/mri-registration-rp/antsBrainExtraction/sub-s035/BrainExtractionBrain.nii.gz (type = Euler3DTransform)
=============================================================================
  number of levels = 1
  fixed image: /templateflow/tpl-MNI152NLin2009cAsym/tpl-MNI152NLin2009cAsym_res-01_desc-brain_T1w.nii.gz
  moving image: /home/mdugre/scratch/mri-registration-rp/datasets/ds004513/derivatives/mri-registration-rp/antsBrainExtraction/sub-s035/BrainExtractionBrain.nii.gz
Dimension = 3
Number of stages = 1
Use histogram matching = false
Winsorize image intensities = true
  Lower quantile = 0.005
  Upper quantile = 0.995


Stage 1 State
   Image metric = MattesMI
     Fixed image = Image (0x33afe70)
  RTTI typeinfo:   itk::Image<double, 3u>
  Reference Count: 2
  Modified Time: 2330
  Debug: Off
  Object Name: 
  Observers: 
    none
  Source: (none)
  Source output name: (none)
  Release Data: Off
  Data Released: False
  Global Release Data: Off
  PipelineMTime: 0
  UpdateMTime: 1941
  RealTimeStamp: 0 seconds 
  LargestPossibleRegion: 
    Dimension: 3
    Index: [0, 0, 0]
    Size: [193, 229, 193]
  BufferedRegion: 
    Dimension: 3
    Index: [0, 0, 0]
    Size: [193, 229, 193]
  RequestedRegion: 
    Dimension: 3
    Index: [0, 0, 0]
    Size: [193, 229, 193]
  Spacing: [1, 1, 1]
  Origin: [96, 132, -78]
  Direction: 
-1 0 0
0 -1 0
0 0 1

  IndexToPointMatrix: 
-1 0 0
0 -1 0
0 0 1

  PointToIndexMatrix: 
-1 0 0
0 -1 0
0 0 1

  Inverse Direction: 
-1 0 0
0 -1 0
0 0 1

  PixelContainer: 
    ImportImageContainer (0x33b8c60)
      RTTI typeinfo:   itk::ImportImageContainer<unsigned long, double>
      Reference Count: 1
      Modified Time: 1938
      Debug: Off
      Object Name: 
      Observers: 
        none
      Pointer: 0x145b0cf2f010
      Container manages memory: true
      Size: 8530021
      Capacity: 8530021

     Moving image = Image (0x344cec0)
  RTTI typeinfo:   itk::Image<double, 3u>
  Reference Count: 2
  Modified Time: 2331
  Debug: Off
  Object Name: 
  Observers: 
    none
  Source: (none)
  Source output name: (none)
  Release Data: Off
  Data Released: False
  Global Release Data: Off
  PipelineMTime: 0
  UpdateMTime: 2328
  RealTimeStamp: 0 seconds 
  LargestPossibleRegion: 
    Dimension: 3
    Index: [0, 0, 0]
    Size: [160, 240, 256]
  BufferedRegion: 
    Dimension: 3
    Index: [0, 0, 0]
    Size: [160, 240, 256]
  RequestedRegion: 
    Dimension: 3
    Index: [0, 0, 0]
    Size: [160, 240, 256]
  Spacing: [1, 1, 1]
  Origin: [98.6438, 87.6358, -117.989]
  Direction: 
-0.993515 -0.100993 -0.0522355
0.100854 -0.994887 0.00530255
-0.0525039 1.93537e-08 0.998621

  IndexToPointMatrix: 
-0.993515 -0.100993 -0.0522355
0.100854 -0.994887 0.00530255
-0.0525039 1.93537e-08 0.998621

  PointToIndexMatrix: 
-0.993515 0.100854 -0.0525039
-0.100993 -0.994887 1.93006e-08
-0.0522355 0.00530255 0.998621

  Inverse Direction: 
-0.993515 0.100854 -0.0525039
-0.100993 -0.994887 1.93006e-08
-0.0522355 0.00530255 0.998621

  PixelContainer: 
    ImportImageContainer (0x34e4610)
      RTTI typeinfo:   itk::ImportImageContainer<unsigned long, double>
      Reference Count: 1
      Modified Time: 2325
      Debug: Off
      Object Name: 
      Observers: 
        none
      Pointer: 0x145b0842e010
      Container manages memory: true
      Size: 9830400
      Capacity: 9830400

     Weighting = 1
     Sampling strategy = regular
     Number of bins = 32
     Radius = 4
     Sampling percentage  = 0.25
   Transform = Rigid
     Gradient step = 0.1
     Update field sigma (voxel space) = 0
     Total field sigma (voxel space) = 0
     Update field time sigma = 0
     Total field time sigma  = 0
     Number of time indices = 0
     Number of time point samples = 0
Registration using 1 total stages.

Stage 0
  iterations = 0
  convergence threshold = 1e-06
  convergence window size = 10
  number of levels = 1
  using the Mattes MI metric (number of bins = 32, weight = 1, use gradient filter = 0)
  preprocessing:  winsorizing the image intensities
  Shrink factors (level 1 out of 1): [1, 1, 1]
  smoothing sigmas per level: [0]
  regular sampling (percentage = 0.25)

*** Running Euler3DTransform registration ***

  Elapsed time (stage 0): 1.10679


Total elapsed time: 1.10907
Info [verificarlo]: loaded backend libinterflop_ieee.so
Info [interflop-ieee]: load backend with:
Info [interflop-ieee]: debug = false
Info [interflop-ieee]: debug-binary = false
Info [interflop-ieee]: no-backend-name = false
Info [interflop-ieee]: print-new-line = false
Info [interflop-ieee]: print-subnormal-normalized = false
Info [interflop-ieee]: count-op = false
All_Command_lines_OK
Using double precision for computations.
=============================================================================
The composite transform comprises the following transforms (in order): 
  1. /home/mdugre/scratch/mri-registration-rp/datasets/ds004513/derivatives/mri-registration-rp/0011/antsRegistration-r8-p18/sub-s035/align_Composite.h5[0] (type = Euler3DTransform)
  2. /home/mdugre/scratch/mri-registration-rp/datasets/ds004513/derivatives/mri-registration-rp/0011/antsRegistration-r8-p18/sub-s035/align_Composite.h5[1] (type = Euler3DTransform)
=============================================================================
  number of levels = 4
  fixed image: /templateflow/tpl-MNI152NLin2009cAsym/tpl-MNI152NLin2009cAsym_res-01_desc-brain_T1w.nii.gz
  moving image: /home/mdugre/scratch/mri-registration-rp/datasets/ds004513/derivatives/mri-registration-rp/antsBrainExtraction/sub-s035/BrainExtractionBrain.nii.gz
Dimension = 3
Number of stages = 1
Use histogram matching = false
Winsorize image intensities = true
  Lower quantile = 0.005
  Upper quantile = 0.995


Stage 1 State
   Image metric = MattesMI
     Fixed image = Image (0x46cd530)
  RTTI typeinfo:   itk::Image<double, 3u>
  Reference Count: 2
  Modified Time: 1578
  Debug: Off
  Object Name: 
  Observers: 
    none
  Source: (none)
  Source output name: (none)
  Release Data: Off
  Data Released: False
  Global Release Data: Off
  PipelineMTime: 0
  UpdateMTime: 1189
  RealTimeStamp: 0 seconds 
  LargestPossibleRegion: 
    Dimension: 3
    Index: [0, 0, 0]
    Size: [193, 229, 193]
  BufferedRegion: 
    Dimension: 3
    Index: [0, 0, 0]
    Size: [193, 229, 193]
  RequestedRegion: 
    Dimension: 3
    Index: [0, 0, 0]
    Size: [193, 229, 193]
  Spacing: [1, 1, 1]
  Origin: [96, 132, -78]
  Direction: 
-1 0 0
0 -1 0
0 0 1

  IndexToPointMatrix: 
-1 0 0
0 -1 0
0 0 1

  PointToIndexMatrix: 
-1 0 0
0 -1 0
0 0 1

  Inverse Direction: 
-1 0 0
0 -1 0
0 0 1

  PixelContainer: 
    ImportImageContainer (0x478bd60)
      RTTI typeinfo:   itk::ImportImageContainer<unsigned long, double>
      Reference Count: 1
      Modified Time: 1186
      Debug: Off
      Object Name: 
      Observers: 
        none
      Pointer: 0x1486a7fa7010
      Container manages memory: true
      Size: 8530021
      Capacity: 8530021

     Moving image = Image (0x477df60)
  RTTI typeinfo:   itk::Image<double, 3u>
  Reference Count: 2
  Modified Time: 1579
  Debug: Off
  Object Name: 
  Observers: 
    none
  Source: (none)
  Source output name: (none)
  Release Data: Off
  Data Released: False
  Global Release Data: Off
  PipelineMTime: 0
  UpdateMTime: 1576
  RealTimeStamp: 0 seconds 
  LargestPossibleRegion: 
    Dimension: 3
    Index: [0, 0, 0]
    Size: [160, 240, 256]
  BufferedRegion: 
    Dimension: 3
    Index: [0, 0, 0]
    Size: [160, 240, 256]
  RequestedRegion: 
    Dimension: 3
    Index: [0, 0, 0]
    Size: [160, 240, 256]
  Spacing: [1, 1, 1]
  Origin: [98.6438, 87.6358, -117.989]
  Direction: 
-0.993515 -0.100993 -0.0522355
0.100854 -0.994887 0.00530255
-0.0525039 1.93537e-08 0.998621

  IndexToPointMatrix: 
-0.993515 -0.100993 -0.0522355
0.100854 -0.994887 0.00530255
-0.0525039 1.93537e-08 0.998621

  PointToIndexMatrix: 
-0.993515 0.100854 -0.0525039
-0.100993 -0.994887 1.93006e-08
-0.0522355 0.00530255 0.998621

  Inverse Direction: 
-0.993515 0.100854 -0.0525039
-0.100993 -0.994887 1.93006e-08
-0.0522355 0.00530255 0.998621

  PixelContainer: 
    ImportImageContainer (0x476f6d0)
      RTTI typeinfo:   itk::ImportImageContainer<unsigned long, double>
      Reference Count: 1
      Modified Time: 1573
      Debug: Off
      Object Name: 
      Observers: 
        none
      Pointer: 0x1486a34a6010
      Container manages memory: true
      Size: 9830400
      Capacity: 9830400

     Weighting = 1
     Sampling strategy = regular
     Number of bins = 32
     Radius = 4
     Sampling percentage  = 0.25
   Transform = Rigid
     Gradient step = 0.1
     Update field sigma (voxel space) = 0
     Total field sigma (voxel space) = 0
     Update field time sigma = 0
     Total field time sigma  = 0
     Number of time indices = 0
     Number of time point samples = 0
Registration using 1 total stages.

Stage 0
  iterations = 1000x500x250x100
  convergence threshold = 1e-06
  convergence window size = 10
  number of levels = 4
  using the Mattes MI metric (number of bins = 32, weight = 1, use gradient filter = 0)
  preprocessing:  winsorizing the image intensities
  Shrink factors (level 1 out of 4): [8, 8, 8]
  Shrink factors (level 2 out of 4): [4, 4, 4]
  Shrink factors (level 3 out of 4): [2, 2, 2]
  Shrink factors (level 4 out of 4): [1, 1, 1]
  smoothing sigmas per level: [3, 2, 1, 0]
  regular sampling (percentage = 0.25)

*** Running Euler3DTransform registration ***

DIAGNOSTIC,Iteration,metricValue,convergenceValue,ITERATION_TIME_INDEX,SINCE_LAST
 2DIAGNOSTIC,     1, -5.238630234552e-01, 1.797693134862e+308, 7.0724e-01, 7.0724e-01, 
 2DIAGNOSTIC,     2, -5.257885820767e-01, 1.797693134862e+308, 7.1209e-01, 4.8470e-03, 
 2DIAGNOSTIC,     3, -5.278597554839e-01, 1.797693134862e+308, 7.1668e-01, 4.5850e-03, 
 2DIAGNOSTIC,     4, -5.302176117225e-01, 1.797693134862e+308, 7.2125e-01, 4.5700e-03, 
 2DIAGNOSTIC,     5, -5.343462816845e-01, 1.797693134862e+308, 7.2586e-01, 4.6129e-03, 
 2DIAGNOSTIC,     6, -5.399239396740e-01, 1.797693134862e+308, 7.3048e-01, 4.6229e-03, 
 2DIAGNOSTIC,     7, -5.490554822001e-01, 1.797693134862e+308, 7.3515e-01, 4.6680e-03, 
 2DIAGNOSTIC,     8, -5.545204224448e-01, 1.797693134862e+308, 7.4118e-01, 6.0320e-03, 
 2DIAGNOSTIC,     9, -5.601437715553e-01, 1.797693134862e+308, 7.4583e-01, 4.6499e-03, 
 2DIAGNOSTIC,    10, -5.617741193774e-01, 5.067640484485e-03, 7.5067e-01, 4.8382e-03, 
 2DIAGNOSTIC,    11, -5.649562249041e-01, 4.796539612083e-03, 7.5659e-01, 5.9240e-03, 
 2DIAGNOSTIC,    12, -5.658710903081e-01, 4.260783098155e-03, 7.6182e-01, 5.2221e-03, 
 2DIAGNOSTIC,    13, -5.662828333056e-01, 3.524744036645e-03, 7.6648e-01, 4.6620e-03, 
 2DIAGNOSTIC,    14, -5.685908474577e-01, 2.751340472953e-03, 7.7180e-01, 5.3170e-03, 
 2DIAGNOSTIC,    15, -5.732745043306e-01, 2.134644679428e-03, 7.7872e-01, 6.9211e-03, 
 2DIAGNOSTIC,    16, -5.738084427845e-01, 1.591333148336e-03, 7.8440e-01, 5.6889e-03, 
 2DIAGNOSTIC,    17, -5.739093703465e-01, 1.247363567740e-03, 7.8939e-01, 4.9810e-03, 
 2DIAGNOSTIC,    18, -5.745773598458e-01, 1.002163966316e-03, 7.9409e-01, 4.7059e-03, 
 2DIAGNOSTIC,    19, -5.752045522722e-01, 8.579763081919e-04, 7.9919e-01, 5.1000e-03, 
 2DIAGNOSTIC,    20, -5.755578777726e-01, 6.955845773865e-04, 8.0426e-01, 5.0719e-03, 
 2DIAGNOSTIC,    21, -5.761681227725e-01, 5.767135182693e-04, 8.0903e-01, 4.7688e-03, 
 2DIAGNOSTIC,    22, -5.775610178280e-01, 4.707067062525e-04, 8.1389e-01, 4.8611e-03, 
 2DIAGNOSTIC,    23, -5.801876522131e-01, 3.965856196772e-04, 8.1917e-01, 5.2791e-03, 
 2DIAGNOSTIC,    24, -5.873578871749e-01, 4.881452203646e-04, 8.2603e-01, 6.8541e-03, 
 2DIAGNOSTIC,    25, -5.924052233459e-01, 7.199711434491e-04, 8.3298e-01, 6.9501e-03, 
 2DIAGNOSTIC,    26, -5.933789722504e-01, 8.944842699343e-04, 8.3933e-01, 6.3491e-03, 
 2DIAGNOSTIC,    27, -5.948140362542e-01, 1.002036484358e-03, 8.4488e-01, 5.5540e-03, 
 2DIAGNOSTIC,    28, -5.954370004520e-01, 1.029952320793e-03, 8.5009e-01, 5.2140e-03, 
 2DIAGNOSTIC,    29, -5.955619965599e-01, 9.699000562288e-04, 8.5503e-01, 4.9400e-03, 
 2DIAGNOSTIC,    30, -5.960977142416e-01, 8.366692959405e-04, 8.5971e-01, 4.6790e-03, 
 2DIAGNOSTIC,    31, -5.971105016137e-01, 6.606986235126e-04, 8.6509e-01, 5.3761e-03, 
 2DIAGNOSTIC,    32, -5.989728413269e-01, 4.853112632050e-04, 8.7208e-01, 6.9869e-03, 
 2DIAGNOSTIC,    33, -5.996340171131e-01, 3.222359246811e-04, 8.7671e-01, 4.6299e-03, 
 2DIAGNOSTIC,    34, -5.997688324792e-01, 2.443793013598e-04, 8.8135e-01, 4.6439e-03, 
 2DIAGNOSTIC,    35, -5.999328162755e-01, 2.224308787573e-04, 8.8714e-01, 5.7931e-03, 
 2DIAGNOSTIC,    36, -6.001598298534e-01, 1.965988106630e-04, 8.9176e-01, 4.6210e-03, 
 2DIAGNOSTIC,    37, -6.004938012969e-01, 1.767006117837e-04, 8.9695e-01, 5.1830e-03, 
 2DIAGNOSTIC,    38, -6.008280010160e-01, 1.536048161605e-04, 9.0174e-01, 4.7979e-03, 
 2DIAGNOSTIC,    39, -6.038559363756e-01, 1.574331425943e-04, 9.0726e-01, 5.5158e-03, 
 2DIAGNOSTIC,    40, -6.077047303616e-01, 1.993081251158e-04, 9.1257e-01, 5.3089e-03, 
 2DIAGNOSTIC,    41, -6.174632722607e-01, 3.481387375750e-04, 9.1912e-01, 6.5479e-03, 
 2DIAGNOSTIC,    42, -6.161977846466e-01, 4.608907018508e-04, 9.2866e-01, 9.5441e-03, 
 2DIAGNOSTIC,    43, -6.161564508323e-01, 5.335370592684e-04, 9.3329e-01, 4.6299e-03, 
 2DIAGNOSTIC,    44, -6.170772206570e-01, 5.644820100045e-04, 9.3780e-01, 4.5071e-03, 
 2DIAGNOSTIC,    45, -6.185357262629e-01, 5.560474857542e-04, 9.4232e-01, 4.5252e-03, 
 2DIAGNOSTIC,    46, -6.206472595273e-01, 5.180557905285e-04, 9.4682e-01, 4.4940e-03, 
 2DIAGNOSTIC,    47, -6.234100420119e-01, 4.649604192429e-04, 9.5125e-01, 4.4341e-03, 
 2DIAGNOSTIC,    48, -6.282459763602e-01, 4.232183918728e-04, 9.5580e-01, 4.5440e-03, 
 2DIAGNOSTIC,    49, -6.332856936527e-01, 4.219354186115e-04, 9.6034e-01, 4.5450e-03, 
 2DIAGNOSTIC,    50, -6.437673325172e-01, 5.158701384652e-04, 9.6495e-01, 4.6089e-03, 
 2DIAGNOSTIC,    51, -6.567709935426e-01, 7.709772442126e-04, 9.6963e-01, 4.6790e-03, 
 2DIAGNOSTIC,    52, -6.630139275566e-01, 9.856115853186e-04, 9.7493e-01, 5.3010e-03, 
 2DIAGNOSTIC,    53, -6.637658021063e-01, 1.103854880629e-03, 9.7949e-01, 4.5640e-03, 
 2DIAGNOSTIC,    54, -6.646848079879e-01, 1.129224590008e-03, 9.8413e-01, 4.6401e-03, 
 2DIAGNOSTIC,    55, -6.699954822084e-01, 1.103370273801e-03, 9.9229e-01, 8.1542e-03, 
 2DIAGNOSTIC,    56, -6.720089966310e-01, 1.005089861215e-03, 9.9908e-01, 6.7930e-03, 
 2DIAGNOSTIC,    57, -6.720481707283e-01, 8.375238626810e-04, 1.0036e+00, 4.5040e-03, 
 2DIAGNOSTIC,    58, -6.725919562545e-01, 6.425664743474e-04, 1.0080e+00, 4.4179e-03, 
 2DIAGNOSTIC,    59, -6.729036381039e-01, 4.360794463962e-04, 1.0124e+00, 4.3988e-03, 
 2DIAGNOSTIC,    60, -6.731488729020e-01, 2.773042502277e-04, 1.0168e+00, 4.4160e-03, 
 2DIAGNOSTIC,    61, -6.734259067179e-01, 1.993309742303e-04, 1.0212e+00, 4.3850e-03, 
 2DIAGNOSTIC,    62, -6.739132104249e-01, 1.568960375886e-04, 1.0257e+00, 4.5080e-03, 
 2DIAGNOSTIC,    63, -6.762843176566e-01, 1.247263137695e-04, 1.0318e+00, 6.1202e-03, 
 2DIAGNOSTIC,    64, -6.766381540213e-01, 8.969356588526e-05, 1.0361e+00, 4.2930e-03, 
 2DIAGNOSTIC,    65, -6.771215167707e-01, 8.898276086557e-05, 1.0406e+00, 4.4749e-03, 
 2DIAGNOSTIC,    66, -6.778537174679e-01, 9.953407581117e-05, 1.0457e+00, 5.0912e-03, 
 2DIAGNOSTIC,    67, -6.792268277131e-01, 1.098307420638e-04, 1.0519e+00, 6.2420e-03, 
 2DIAGNOSTIC,    68, -6.807680812667e-01, 1.231389728531e-04, 1.0565e+00, 4.5450e-03, 
 2DIAGNOSTIC,    69, -6.815199520808e-01, 1.312163905123e-04, 1.0610e+00, 4.4920e-03, 
 2DIAGNOSTIC,    70, -6.818104674181e-01, 1.303109926940e-04, 1.0671e+00, 6.1581e-03, 
 2DIAGNOSTIC,    71, -6.820510187849e-01, 1.205023283869e-04, 1.0717e+00, 4.6151e-03, 
 2DIAGNOSTIC,    72, -6.822316918657e-01, 1.032401665847e-04, 1.0763e+00, 4.5931e-03, 
 2DIAGNOSTIC,    73, -6.825798757881e-01, 9.372196679083e-05, 1.0826e+00, 6.2449e-03, 
 2DIAGNOSTIC,    74, -6.826263978205e-01, 7.797272142250e-05, 1.0871e+00, 4.4959e-03, 
 2DIAGNOSTIC,    75, -6.826914587799e-01, 5.871104088172e-05, 1.0916e+00, 4.5159e-03, 
 2DIAGNOSTIC,    76, -6.828123345238e-01, 3.951671380749e-05, 1.0961e+00, 4.4889e-03, 
 2DIAGNOSTIC,    77, -6.832344958736e-01, 2.762834443337e-05, 1.1007e+00, 4.6580e-03, 
 2DIAGNOSTIC,    78, -6.838171668559e-01, 2.580802038801e-05, 1.1077e+00, 6.9160e-03, 
 2DIAGNOSTIC,    79, -6.837376240367e-01, 2.542024768033e-05, 1.1123e+00, 4.6191e-03, 
 2DIAGNOSTIC,    80, -6.837940862511e-01, 2.471284324479e-05, 1.1170e+00, 4.6809e-03, 
 2DIAGNOSTIC,    81, -6.839726386997e-01, 2.407015677006e-05, 1.1216e+00, 4.6940e-03, 
 2DIAGNOSTIC,    82, -6.841107637861e-01, 2.281023176506e-05, 1.1263e+00, 4.6852e-03, 
 2DIAGNOSTIC,    83, -6.851045834517e-01, 2.675707799399e-05, 1.1330e+00, 6.6690e-03, 
 2DIAGNOSTIC,    84, -6.858177444770e-01, 3.208740671915e-05, 1.1388e+00, 5.8448e-03, 
 2DIAGNOSTIC,    85, -6.861555535276e-01, 3.640288038506e-05, 1.1464e+00, 7.5579e-03, 
 2DIAGNOSTIC,    86, -6.861558481479e-01, 3.780089436147e-05, 1.1511e+00, 4.7250e-03, 
 2DIAGNOSTIC,    87, -6.861668653698e-01, 3.777688924070e-05, 1.1558e+00, 4.6251e-03, 
 2DIAGNOSTIC,    88, -6.861799158344e-01, 3.717423520515e-05, 1.1605e+00, 4.6949e-03, 
 2DIAGNOSTIC,    89, -6.861876064273e-01, 3.259286401691e-05, 1.1657e+00, 5.2261e-03, 
 2DIAGNOSTIC,    90, -6.861914245638e-01, 2.533796002852e-05, 1.1704e+00, 4.6790e-03, 
 2DIAGNOSTIC,    91, -6.861984134959e-01, 1.686230025642e-05, 1.1750e+00, 4.6589e-03, 
 2DIAGNOSTIC,    92, -6.862113121282e-01, 7.666032679189e-06, 1.1796e+00, 4.5981e-03, 
 2DIAGNOSTIC,    93, -6.862267078559e-01, 2.805837759483e-06, 1.1845e+00, 4.8862e-03, 
 2DIAGNOSTIC,    94, -6.862421166781e-01, 1.277034234585e-06, 1.1897e+00, 5.2280e-03, 
 2DIAGNOSTIC,    95, -6.863402580692e-01, 1.767273448387e-06, 1.1954e+00, 5.6820e-03, 
 2DIAGNOSTIC,    96, -6.863402242550e-01, 2.099862220909e-06, 1.2000e+00, 4.6220e-03, 
 2DIAGNOSTIC,    97, -6.863404717994e-01, 2.313340808783e-06, 1.2046e+00, 4.6041e-03, 
 2DIAGNOSTIC,    98, -6.863412443122e-01, 2.401652548471e-06, 1.2098e+00, 5.1389e-03, 
 2DIAGNOSTIC,    99, -6.863465000869e-01, 2.346244190357e-06, 1.2165e+00, 6.7589e-03, 
 2DIAGNOSTIC,   100, -6.863468012878e-01, 2.109910990023e-06, 1.2221e+00, 5.5802e-03, 
 2DIAGNOSTIC,   101, -6.863468089999e-01, 1.737932640678e-06, 1.2364e+00, 1.4251e-02, 
 2DIAGNOSTIC,   102, -6.863468089997e-01, 1.301700259516e-06, 1.2473e+00, 1.0928e-02, 
DIAGNOSTIC,Iteration,metricValue,convergenceValue,ITERATION_TIME_INDEX,SINCE_LAST
 2DIAGNOSTIC,     1, -5.582102888364e-01, 1.797693134862e+308, 1.9935e+00, 7.4625e-01, 
 2DIAGNOSTIC,     2, -5.585582344647e-01, 1.797693134862e+308, 2.0221e+00, 2.8593e-02, 
 2DIAGNOSTIC,     3, -5.591015610082e-01, 1.797693134862e+308, 2.0523e+00, 3.0202e-02, 
 2DIAGNOSTIC,     4, -5.597965084375e-01, 1.797693134862e+308, 2.0815e+00, 2.9122e-02, 
 2DIAGNOSTIC,     5, -5.608399798044e-01, 1.797693134862e+308, 2.1145e+00, 3.3025e-02, 
 2DIAGNOSTIC,     6, -5.612100551512e-01, 1.797693134862e+308, 2.1447e+00, 3.0178e-02, 
 2DIAGNOSTIC,     7, -5.624328760446e-01, 1.797693134862e+308, 2.1822e+00, 3.7586e-02, 
 2DIAGNOSTIC,     8, -5.635112862554e-01, 1.797693134862e+308, 2.2113e+00, 2.9045e-02, 
 2DIAGNOSTIC,     9, -5.652561961773e-01, 1.797693134862e+308, 2.2444e+00, 3.3084e-02, 
 2DIAGNOSTIC,    10, -5.660054310430e-01, 9.160273618567e-04, 2.2844e+00, 4.0051e-02, 
 2DIAGNOSTIC,    11, -5.660062699099e-01, 8.656002366798e-04, 2.3135e+00, 2.9070e-02, 
 2DIAGNOSTIC,    12, -5.662000676859e-01, 7.700190093890e-04, 2.3556e+00, 4.2117e-02, 
 2DIAGNOSTIC,    13, -5.662084035187e-01, 6.404956162008e-04, 2.3891e+00, 3.3451e-02, 
 2DIAGNOSTIC,    14, -5.661986025077e-01, 4.949430110207e-04, 2.4182e+00, 2.9144e-02, 
 2DIAGNOSTIC,    15, -5.661904586544e-01, 3.589916632906e-04, 2.4510e+00, 3.2795e-02, 
 2DIAGNOSTIC,    16, -5.662090916334e-01, 2.197653911960e-04, 2.4894e+00, 3.8372e-02, 
 2DIAGNOSTIC,    17, -5.661944073940e-01, 1.127547819346e-04, 2.5232e+00, 3.3799e-02, 
 2DIAGNOSTIC,    18, -5.661892427051e-01, 3.636088398509e-05, 2.5517e+00, 2.8509e-02, 
 2DIAGNOSTIC,    19, -5.661773859982e-01, 1.035300002949e-05, 2.5846e+00, 3.2884e-02, 
 2DIAGNOSTIC,    20, -5.661745167356e-01, 5.027342657553e-06, 2.6135e+00, 2.8932e-02, 
DIAGNOSTIC,Iteration,metricValue,convergenceValue,ITERATION_TIME_INDEX,SINCE_LAST
 2DIAGNOSTIC,     1, -5.037800509958e-01, 1.797693134862e+308, 3.7154e+00, 1.1019e+00, 
 2DIAGNOSTIC,     2, -5.039641044458e-01, 1.797693134862e+308, 3.9589e+00, 2.4353e-01, 
 2DIAGNOSTIC,     3, -5.041154808363e-01, 1.797693134862e+308, 4.2072e+00, 2.4830e-01, 
 2DIAGNOSTIC,     4, -5.042290010082e-01, 1.797693134862e+308, 4.4541e+00, 2.4687e-01, 
 2DIAGNOSTIC,     5, -5.042822225109e-01, 1.797693134862e+308, 4.7619e+00, 3.0780e-01, 
 2DIAGNOSTIC,     6, -5.043278682672e-01, 1.797693134862e+308, 5.1485e+00, 3.8662e-01, 
 2DIAGNOSTIC,     7, -5.043295828588e-01, 1.797693134862e+308, 5.4566e+00, 3.0812e-01, 
 2DIAGNOSTIC,     8, -5.043304306137e-01, 1.797693134862e+308, 5.7147e+00, 2.5807e-01, 
 2DIAGNOSTIC,     9, -5.043356904744e-01, 1.797693134862e+308, 5.9565e+00, 2.4183e-01, 
 2DIAGNOSTIC,    10, -5.043432386631e-01, 6.480421165642e-05, 6.1912e+00, 2.3469e-01, 
 2DIAGNOSTIC,    11, -5.043642937943e-01, 3.860041467849e-05, 6.4294e+00, 2.3823e-01, 
 2DIAGNOSTIC,    12, -5.043798284816e-01, 2.280979758515e-05, 6.6566e+00, 2.2715e-01, 
 2DIAGNOSTIC,    13, -5.044561402090e-01, 1.741481831553e-05, 7.0430e+00, 3.8642e-01, 
 2DIAGNOSTIC,    14, -5.044577714157e-01, 1.595770460473e-05, 7.4214e+00, 3.7838e-01, 
 2DIAGNOSTIC,    15, -5.044563709028e-01, 1.537861524263e-05, 7.6811e+00, 2.5970e-01, 
 2DIAGNOSTIC,    16, -5.044567804627e-01, 1.531050705962e-05, 7.9287e+00, 2.4761e-01, 
 2DIAGNOSTIC,    17, -5.044553541014e-01, 1.401804941360e-05, 8.1757e+00, 2.4701e-01, 
 2DIAGNOSTIC,    18, -5.044538314515e-01, 1.169332888501e-05, 8.4331e+00, 2.5734e-01, 
 2DIAGNOSTIC,    19, -5.044541170309e-01, 8.858538003857e-06, 8.6715e+00, 2.3849e-01, 
 2DIAGNOSTIC,    20, -5.044527512032e-01, 5.836342144863e-06, 8.9289e+00, 2.5740e-01, 
 2DIAGNOSTIC,    21, -5.044525088100e-01, 3.279102574853e-06, 9.1970e+00, 2.6810e-01, 
 2DIAGNOSTIC,    22, -5.044533733178e-01, 1.154220355501e-06, 9.4794e+00, 2.8238e-01, 
 2DIAGNOSTIC,    23, -5.044538000546e-01, 1.119786955966e-06, 9.9169e+00, 4.3743e-01, 
 2DIAGNOSTIC,    24, -5.044512234047e-01, 1.091254011681e-06, 1.0225e+01, 3.0861e-01, 
 2DIAGNOSTIC,    25, -5.044505916712e-01, 1.042608854786e-06, 1.0529e+01, 3.0307e-01, 
 2DIAGNOSTIC,    26, -5.044498250986e-01, 1.012194890099e-06, 1.0779e+01, 2.5049e-01, 
DIAGNOSTIC,Iteration,metricValue,convergenceValue,ITERATION_TIME_INDEX,SINCE_LAST
 2DIAGNOSTIC,     1, -4.671041982947e-01, 1.797693134862e+308, 1.3385e+01, 2.6063e+00, 
 2DIAGNOSTIC,     2, -4.672538332903e-01, 1.797693134862e+308, 1.4755e+01, 1.3698e+00, 
 2DIAGNOSTIC,     3, -4.672744866365e-01, 1.797693134862e+308, 1.6910e+01, 2.1546e+00, 
 2DIAGNOSTIC,     4, -4.672762517911e-01, 1.797693134862e+308, 1.8584e+01, 1.6742e+00, 
 2DIAGNOSTIC,     5, -4.672753525750e-01, 1.797693134862e+308, 2.0491e+01, 1.9069e+00, 
 2DIAGNOSTIC,     6, -4.672750145514e-01, 1.797693134862e+308, 2.1993e+01, 1.5017e+00, 
 2DIAGNOSTIC,     7, -4.672749857425e-01, 1.797693134862e+308, 2.3599e+01, 1.6068e+00, 
 2DIAGNOSTIC,     8, -4.672747579441e-01, 1.797693134862e+308, 2.5153e+01, 1.5535e+00, 
 2DIAGNOSTIC,     9, -4.672751307346e-01, 1.797693134862e+308, 2.6786e+01, 1.6327e+00, 
 2DIAGNOSTIC,    10, -4.672750046450e-01, 1.467431117110e-05, 2.8514e+01, 1.7289e+00, 
 2DIAGNOSTIC,    11, -4.672745739182e-01, 4.004663883977e-06, 3.0245e+01, 1.7302e+00, 
 2DIAGNOSTIC,    12, -4.672754069078e-01, 2.611726157578e-06, 3.2019e+01, 1.7745e+00, 
 2DIAGNOSTIC,    13, -4.672757231433e-01, 2.413295522669e-06, 3.4036e+01, 2.0169e+00, 
 2DIAGNOSTIC,    14, -4.672755181442e-01, 2.314502914297e-06, 3.5535e+01, 1.4993e+00, 
 2DIAGNOSTIC,    15, -4.672753138658e-01, 2.181541750634e-06, 3.7040e+01, 1.5052e+00, 
 2DIAGNOSTIC,    16, -4.672752140100e-01, 2.043634969057e-06, 3.8585e+01, 1.5447e+00, 
 2DIAGNOSTIC,    17, -4.672750119201e-01, 1.908314263506e-06, 4.0109e+01, 1.5234e+00, 
 2DIAGNOSTIC,    18, -4.672748086176e-01, 1.769167465311e-06, 4.1749e+01, 1.6408e+00, 
 2DIAGNOSTIC,    19, -4.672747105153e-01, 1.653822513582e-06, 4.3477e+01, 1.7272e+00, 
 2DIAGNOSTIC,    20, -4.672748196682e-01, 1.552282863783e-06, 4.5162e+01, 1.6850e+00, 
 2DIAGNOSTIC,    21, -4.672748271282e-01, 1.450911296150e-06, 4.6857e+01, 1.6950e+00, 
 2DIAGNOSTIC,    22, -4.672746257879e-01, 1.381883981161e-06, 4.8520e+01, 1.6630e+00, 
 2DIAGNOSTIC,    23, -4.672746292884e-01, 1.333676567385e-06, 4.9999e+01, 1.4795e+00, 
 2DIAGNOSTIC,    24, -4.672744265527e-01, 1.283807321180e-06, 5.1722e+01, 1.7232e+00, 
 2DIAGNOSTIC,    25, -4.672743254835e-01, 1.234363200715e-06, 5.3522e+01, 1.8001e+00, 
 2DIAGNOSTIC,    26, -4.672742248523e-01, 1.187669336711e-06, 5.5086e+01, 1.5631e+00, 
 2DIAGNOSTIC,    27, -4.672741240167e-01, 1.141166396892e-06, 5.6441e+01, 1.3551e+00, 
 2DIAGNOSTIC,    28, -4.672741282543e-01, 1.097274971315e-06, 5.7975e+01, 1.5342e+00, 
 2DIAGNOSTIC,    29, -4.672743374871e-01, 1.062290718987e-06, 5.9498e+01, 1.5233e+00, 
 2DIAGNOSTIC,    30, -4.672740313055e-01, 1.028769311996e-06, 6.1028e+01, 1.5302e+00, 
  Elapsed time (stage 0): 6.1833e+01


Total elapsed time: 6.1835e+01
Info [verificarlo]: loaded backend libinterflop_vprec.so
Info [interflop-vprec]: load backend with: 
Info [interflop-vprec]: precision-binary32 = 18
Info [interflop-vprec]: range-binary32 = 8
Info [interflop-vprec]: precision-binary64 = 18
Info [interflop-vprec]: range-binary64 = 8
Info [interflop-vprec]: mode = ob
Info [interflop-vprec]: error-mode = rel
Info [interflop-vprec]: max-abs-error-exponent = -1022
Info [interflop-vprec]: daz = false
Info [interflop-vprec]: ftz = false
Info [interflop-vprec]: 	instrument = none
Info [interflop-vprec]: 	prec-input-file = (null)
Info [interflop-vprec]: 	prec-output-file = (null)
Info [interflop-vprec]: 	prec-log-file = (null)
All_Command_lines_OK
Using double precision for computations.
=============================================================================
The composite transform comprises the following transforms (in order): 
  1. /home/mdugre/scratch/mri-registration-rp/datasets/ds004513/derivatives/mri-registration-rp/0011/antsRegistration-r8-p18/sub-s035/rigid_Composite.h5[0] (type = Euler3DTransform)
  2. /home/mdugre/scratch/mri-registration-rp/datasets/ds004513/derivatives/mri-registration-rp/0011/antsRegistration-r8-p18/sub-s035/rigid_Composite.h5[1] (type = Euler3DTransform)
  3. /home/mdugre/scratch/mri-registration-rp/datasets/ds004513/derivatives/mri-registration-rp/0011/antsRegistration-r8-p18/sub-s035/rigid_Composite.h5[2] (type = Euler3DTransform)
=============================================================================
  number of levels = 4
  fixed image: /templateflow/tpl-MNI152NLin2009cAsym/tpl-MNI152NLin2009cAsym_res-01_desc-brain_T1w.nii.gz
  moving image: /home/mdugre/scratch/mri-registration-rp/datasets/ds004513/derivatives/mri-registration-rp/antsBrainExtraction/sub-s035/BrainExtractionBrain.nii.gz
Dimension = 3
Number of stages = 1
Use histogram matching = false
Winsorize image intensities = true
  Lower quantile = 0.005
  Upper quantile = 0.995


Stage 1 State
   Image metric = MattesMI
     Fixed image = Image (0x465c490)
  RTTI typeinfo:   itk::Image<double, 3u>
  Reference Count: 2
  Modified Time: 1592
  Debug: Off
  Object Name: 
  Observers: 
    none
  Source: (none)
  Source output name: (none)
  Release Data: Off
  Data Released: False
  Global Release Data: Off
  PipelineMTime: 0
  UpdateMTime: 1203
  RealTimeStamp: 0 seconds 
  LargestPossibleRegion: 
    Dimension: 3
    Index: [0, 0, 0]
    Size: [193, 229, 193]
  BufferedRegion: 
    Dimension: 3
    Index: [0, 0, 0]
    Size: [193, 229, 193]
  RequestedRegion: 
    Dimension: 3
    Index: [0, 0, 0]
    Size: [193, 229, 193]
  Spacing: [1, 1, 1]
  Origin: [96, 132, -78]
  Direction: 
-1 0 0
0 -1 0
0 0 1

  IndexToPointMatrix: 
-1 0 0
0 -1 0
0 0 1

  PointToIndexMatrix: 
-1 0 0
0 -1 0
0 0 1

  Inverse Direction: 
-1 0 0
0 -1 0
0 0 1

  PixelContainer: 
    ImportImageContainer (0x47278c0)
      RTTI typeinfo:   itk::ImportImageContainer<unsigned long, double>
      Reference Count: 1
      Modified Time: 1200
      Debug: Off
      Object Name: 
      Observers: 
        none
      Pointer: 0x154bdca27010
      Container manages memory: true
      Size: 8530021
      Capacity: 8530021

     Moving image = Image (0x4717b60)
  RTTI typeinfo:   itk::Image<double, 3u>
  Reference Count: 2
  Modified Time: 1593
  Debug: Off
  Object Name: 
  Observers: 
    none
  Source: (none)
  Source output name: (none)
  Release Data: Off
  Data Released: False
  Global Release Data: Off
  PipelineMTime: 0
  UpdateMTime: 1590
  RealTimeStamp: 0 seconds 
  LargestPossibleRegion: 
    Dimension: 3
    Index: [0, 0, 0]
    Size: [160, 240, 256]
  BufferedRegion: 
    Dimension: 3
    Index: [0, 0, 0]
    Size: [160, 240, 256]
  RequestedRegion: 
    Dimension: 3
    Index: [0, 0, 0]
    Size: [160, 240, 256]
  Spacing: [1, 1, 1]
  Origin: [98.6438, 87.6357, -117.99]
  Direction: 
-0.993515 -0.100993 -0.0522355
0.100854 -0.994886 0.00530255
-0.0525039 1.93537e-08 0.998621

  IndexToPointMatrix: 
-0.993515 -0.100993 -0.0522355
0.100854 -0.994886 0.00530255
-0.0525039 1.93537e-08 0.998621

  PointToIndexMatrix: 
-0.993515 0.100854 -0.0525039
-0.100993 -0.994888 1.90735e-06
-0.0522356 0.00530243 0.998623

  Inverse Direction: 
-0.993515 0.100854 -0.0525039
-0.100993 -0.994888 1.90735e-06
-0.0522356 0.00530243 0.998623

  PixelContainer: 
    ImportImageContainer (0x47ab1d0)
      RTTI typeinfo:   itk::ImportImageContainer<unsigned long, double>
      Reference Count: 1
      Modified Time: 1587
      Debug: Off
      Object Name: 
      Observers: 
        none
      Pointer: 0x154bd7f26010
      Container manages memory: true
      Size: 9830400
      Capacity: 9830400

     Weighting = 1
     Sampling strategy = regular
     Number of bins = 32
     Radius = 4
     Sampling percentage  = 0.25
   Transform = Affine
     Gradient step = 0.1
     Update field sigma (voxel space) = 0
     Total field sigma (voxel space) = 0
     Update field time sigma = 0
     Total field time sigma  = 0
     Number of time indices = 0
     Number of time point samples = 0
Registration using 1 total stages.

Stage 0
  iterations = 1000x500x250x100
  convergence threshold = 1e-06
  convergence window size = 10
  number of levels = 4
  using the Mattes MI metric (number of bins = 32, weight = 1, use gradient filter = 0)
  preprocessing:  winsorizing the image intensities
  Shrink factors (level 1 out of 4): [8, 8, 8]
  Shrink factors (level 2 out of 4): [4, 4, 4]
  Shrink factors (level 3 out of 4): [2, 2, 2]
  Shrink factors (level 4 out of 4): [1, 1, 1]
  smoothing sigmas per level: [3, 2, 1, 0]
  regular sampling (percentage = 0.25)

*** Running AffineTransform registration ***

DIAGNOSTIC,Iteration,metricValue,convergenceValue,ITERATION_TIME_INDEX,SINCE_LAST
 2DIAGNOSTIC,     1, -6.778087736913e-01, 1.797693134862e+308, 0.0000e+00, 0.0000e+00, 
 2DIAGNOSTIC,     2, -6.798734116327e-01, 1.797693134862e+308, 0.0000e+00, 0.0000e+00, 
 2DIAGNOSTIC,     3, -6.836946448923e-01, 1.797693134862e+308, 0.0000e+00, 0.0000e+00, 
 2DIAGNOSTIC,     4, -6.902519679211e-01, 1.797693134862e+308, 0.0000e+00, 0.0000e+00, 
 2DIAGNOSTIC,     5, -7.010173196812e-01, 1.797693134862e+308, 0.0000e+00, 0.0000e+00, 
 2DIAGNOSTIC,     6, -7.130691694829e-01, 1.797693134862e+308, 0.0000e+00, 0.0000e+00, 
 2DIAGNOSTIC,     7, -7.260933324347e-01, 1.797693134862e+308, 0.0000e+00, 0.0000e+00, 
 2DIAGNOSTIC,     8, -7.313524264763e-01, 1.797693134862e+308, 0.0000e+00, 0.0000e+00, 
 2DIAGNOSTIC,     9, -7.352584942646e-01, 1.797693134862e+308, 0.0000e+00, 0.0000e+00, 
 2DIAGNOSTIC,    10, -7.355081251453e-01, 6.361942822372e-03, 0.0000e+00, 0.0000e+00, 
 2DIAGNOSTIC,    11, -7.355424904056e-01, 5.419907712684e-03, 0.0000e+00, 0.0000e+00, 
 2DIAGNOSTIC,    12, -7.354612798865e-01, 4.219348561057e-03, 0.0000e+00, 0.0000e+00, 
 2DIAGNOSTIC,    13, -7.352887455593e-01, 2.940883668246e-03, 0.0000e+00, 0.0000e+00, 
 2DIAGNOSTIC,    14, -7.351650330880e-01, 1.765467983066e-03, 0.0000e+00, 0.0000e+00, 
 2DIAGNOSTIC,    15, -7.353828895175e-01, 8.772671453196e-04, 0.0000e+00, 0.0000e+00, 
 2DIAGNOSTIC,    16, -7.355495115960e-01, 3.186169667972e-04, 0.0000e+00, 0.0000e+00, 
 2DIAGNOSTIC,    17, -7.355395447591e-01, 9.837014920190e-05, 0.0000e+00, 0.0000e+00, 
 2DIAGNOSTIC,    18, -7.355087268352e-01, 6.735591007979e-06, 0.0000e+00, 0.0000e+00, 
 2DIAGNOSTIC,    19, -7.353745549259e-01, 2.721645671624e-06, 0.0000e+00, 0.0000e+00, 
 2DIAGNOSTIC,    20, -7.352887570180e-01, 2.143963601250e-06, 0.0000e+00, 0.0000e+00, 
 2DIAGNOSTIC,    21, -7.353704822544e-01, 3.653828354620e-06, 0.0000e+00, 0.0000e+00, 
DIAGNOSTIC,Iteration,metricValue,convergenceValue,ITERATION_TIME_INDEX,SINCE_LAST
 2DIAGNOSTIC,     1, -6.087860082712e-01, 1.797693134862e+308, 0.0000e+00, 0.0000e+00, 
 2DIAGNOSTIC,     2, -6.089784747019e-01, 1.797693134862e+308, 0.0000e+00, 0.0000e+00, 
 2DIAGNOSTIC,     3, -6.090628300777e-01, 1.797693134862e+308, 0.0000e+00, 0.0000e+00, 
 2DIAGNOSTIC,     4, -6.091318979846e-01, 1.797693134862e+308, 0.0000e+00, 0.0000e+00, 
 2DIAGNOSTIC,     5, -6.094479769969e-01, 1.797693134862e+308, 0.0000e+00, 0.0000e+00, 
 2DIAGNOSTIC,     6, -6.096996744320e-01, 1.797693134862e+308, 0.0000e+00, 0.0000e+00, 
 2DIAGNOSTIC,     7, -6.098658908674e-01, 1.797693134862e+308, 0.0000e+00, 0.0000e+00, 
 2DIAGNOSTIC,     8, -6.103173638324e-01, 1.797693134862e+308, 0.0000e+00, 0.0000e+00, 
 2DIAGNOSTIC,     9, -6.103694219091e-01, 1.797693134862e+308, 0.0000e+00, 0.0000e+00, 
 2DIAGNOSTIC,    10, -6.104183958431e-01, 1.948882275113e-04, 0.0000e+00, 0.0000e+00, 
 2DIAGNOSTIC,    11, -6.104866779400e-01, 1.721489357390e-04, 0.0000e+00, 0.0000e+00, 
 2DIAGNOSTIC,    12, -6.105418833861e-01, 1.475530736526e-04, 0.0000e+00, 0.0000e+00, 
 2DIAGNOSTIC,    13, -6.105337611201e-01, 1.163065999692e-04, 0.0000e+00, 0.0000e+00, 
 2DIAGNOSTIC,    14, -6.105016329964e-01, 8.028051644898e-05, 0.0000e+00, 0.0000e+00, 
 2DIAGNOSTIC,    15, -6.105076166734e-01, 5.202513717260e-05, 0.0000e+00, 0.0000e+00, 
 2DIAGNOSTIC,    16, -6.104956216823e-01, 2.968731535538e-05, 0.0000e+00, 0.0000e+00, 
 2DIAGNOSTIC,    17, -6.105201730907e-01, 1.230619835692e-05, 0.0000e+00, 0.0000e+00, 
 2DIAGNOSTIC,    18, -6.105306720301e-01, 7.837450904581e-06, 0.0000e+00, 0.0000e+00, 
 2DIAGNOSTIC,    19, -6.105153105824e-01, 4.191766695305e-06, 0.0000e+00, 0.0000e+00, 
 2DIAGNOSTIC,    20, -6.105330621781e-01, 2.220662022878e-06, 0.0000e+00, 0.0000e+00, 
 2DIAGNOSTIC,    21, -6.105674184621e-01, 2.595664265130e-06, 0.0000e+00, 0.0000e+00, 
 2DIAGNOSTIC,    22, -6.105819234670e-01, 4.278976540026e-06, 0.0000e+00, 0.0000e+00, 
 2DIAGNOSTIC,    23, -6.105825096929e-01, 5.414607587274e-06, 0.0000e+00, 0.0000e+00, 
 2DIAGNOSTIC,    24, -6.105777563306e-01, 5.379170665544e-06, 0.0000e+00, 0.0000e+00, 
 2DIAGNOSTIC,    25, -6.105515244498e-01, 4.602832609828e-06, 0.0000e+00, 0.0000e+00, 
 2DIAGNOSTIC,    26, -6.105548986631e-01, 3.402678962615e-06, 0.0000e+00, 0.0000e+00, 
 2DIAGNOSTIC,    27, -6.105498102901e-01, 2.402583776380e-06, 0.0000e+00, 0.0000e+00, 
 2DIAGNOSTIC,    28, -6.105427043411e-01, 1.429319374635e-06, 0.0000e+00, 0.0000e+00, 
DIAGNOSTIC,Iteration,metricValue,convergenceValue,ITERATION_TIME_INDEX,SINCE_LAST
 2DIAGNOSTIC,     1, -5.344785951115e-01, 1.797693134862e+308, 0.0000e+00, 0.0000e+00, 
 2DIAGNOSTIC,     2, -5.348147010053e-01, 1.797693134862e+308, 0.0000e+00, 0.0000e+00, 
 2DIAGNOSTIC,     3, -5.351004965166e-01, 1.797693134862e+308, 0.0000e+00, 0.0000e+00, 
 2DIAGNOSTIC,     4, -5.352873293237e-01, 1.797693134862e+308, 0.0000e+00, 0.0000e+00, 
 2DIAGNOSTIC,     5, -5.353694479689e-01, 1.797693134862e+308, 0.0000e+00, 0.0000e+00, 
 2DIAGNOSTIC,     6, -5.353999975194e-01, 1.797693134862e+308, 0.0000e+00, 0.0000e+00, 
 2DIAGNOSTIC,     7, -5.354362318617e-01, 1.797693134862e+308, 0.0000e+00, 0.0000e+00, 
 2DIAGNOSTIC,     8, -5.354268514769e-01, 1.797693134862e+308, 0.0000e+00, 0.0000e+00, 
 2DIAGNOSTIC,     9, -5.354320615970e-01, 1.797693134862e+308, 0.0000e+00, 0.0000e+00, 
 2DIAGNOSTIC,    10, -5.354383209522e-01, 9.887923829767e-05, 0.0000e+00, 0.0000e+00, 
 2DIAGNOSTIC,    11, -5.354411514552e-01, 5.383861866005e-05, 0.0000e+00, 0.0000e+00, 
 2DIAGNOSTIC,    12, -5.354540552740e-01, 2.694924383380e-05, 0.0000e+00, 0.0000e+00, 
 2DIAGNOSTIC,    13, -5.354726032099e-01, 1.426486028094e-05, 0.0000e+00, 0.0000e+00, 
 2DIAGNOSTIC,    14, -5.354992056627e-01, 1.034382306488e-05, 0.0000e+00, 0.0000e+00, 
 2DIAGNOSTIC,    15, -5.355375623765e-01, 1.043378251571e-05, 0.0000e+00, 0.0000e+00, 
 2DIAGNOSTIC,    16, -5.355682499497e-01, 1.172512312954e-05, 0.0000e+00, 0.0000e+00, 
 2DIAGNOSTIC,    17, -5.355748382377e-01, 1.330848672439e-05, 0.0000e+00, 0.0000e+00, 
 2DIAGNOSTIC,    18, -5.355827690698e-01, 1.362423400820e-05, 0.0000e+00, 0.0000e+00, 
 2DIAGNOSTIC,    19, -5.355869818963e-01, 1.306288861620e-05, 0.0000e+00, 0.0000e+00, 
 2DIAGNOSTIC,    20, -5.356050485694e-01, 1.213292167104e-05, 0.0000e+00, 0.0000e+00, 
 2DIAGNOSTIC,    21, -5.356543444776e-01, 1.160706410241e-05, 0.0000e+00, 0.0000e+00, 
 2DIAGNOSTIC,    22, -5.357086472198e-01, 1.178364000767e-05, 0.0000e+00, 0.0000e+00, 
 2DIAGNOSTIC,    23, -5.358618036292e-01, 1.492410410023e-05, 0.0000e+00, 0.0000e+00, 
 2DIAGNOSTIC,    24, -5.360098945530e-01, 2.031327297829e-05, 0.0000e+00, 0.0000e+00, 
 2DIAGNOSTIC,    25, -5.360365234015e-01, 2.480947372266e-05, 0.0000e+00, 0.0000e+00, 
 2DIAGNOSTIC,    26, -5.361366039322e-01, 2.946264123238e-05, 0.0000e+00, 0.0000e+00, 
 2DIAGNOSTIC,    27, -5.363169798171e-01, 3.475116818886e-05, 0.0000e+00, 0.0000e+00, 
 2DIAGNOSTIC,    28, -5.363193148679e-01, 3.657550038675e-05, 0.0000e+00, 0.0000e+00, 
 2DIAGNOSTIC,    29, -5.363224619998e-01, 3.508868858978e-05, 0.0000e+00, 0.0000e+00, 
 2DIAGNOSTIC,    30, -5.363191136695e-01, 3.080385341389e-05, 0.0000e+00, 0.0000e+00, 
