
##########################
# Experiment information #
##########################

EXPERIMENT_NAME: antsRegistration-r8-p10
VFC_BACKENDS: libinterflop_vprec.so --range-binary32=8 --precision-binary32=10 --range-binary64=8 --precision-binary64=10

SIF_IMG: /home/mdugre/projects/rrg-glatard/mdugre/containers/ants-vprec-no_metrics.simg

SUBJECT_ID: s033
INPUT_IMG: /home/mdugre/scratch/mri-registration-rp/datasets/ds004513/derivatives/mri-registration-rp/antsBrainExtraction/sub-s033/BrainExtractionBrain.nii.gz
OUTPUT_DIR: /home/mdugre/scratch/mri-registration-rp/datasets/ds004513/derivatives/mri-registration-rp/0011/antsRegistration-r8-p10/sub-s033

FIXED_IMG: /templateflow/tpl-MNI152NLin2009cAsym/tpl-MNI152NLin2009cAsym_res-01_desc-brain_T1w.nii.gz
DATA_DIR: /home/mdugre/scratch/mri-registration-rp/datasets/ds004513
TEMPLATEFLOW_DIR: /home/mdugre/projects/rrg-glatard/mdugre/templateflow
ITK_GLOBAL_DEFAULT_NUMBER_OF_THREADS: 16
##########################

Info [verificarlo]: loaded backend libinterflop_ieee.so
Info [interflop-ieee]: load backend with:
Info [interflop-ieee]: debug = false
Info [interflop-ieee]: debug-binary = false
Info [interflop-ieee]: no-backend-name = false
Info [interflop-ieee]: print-new-line = false
Info [interflop-ieee]: print-subnormal-normalized = false
Info [interflop-ieee]: count-op = false
All_Command_lines_OK
Using double precision for computations.
=============================================================================
The composite transform comprises the following transforms (in order): 
  1. Center of mass alignment using fixed image: /templateflow/tpl-MNI152NLin2009cAsym/tpl-MNI152NLin2009cAsym_res-01_desc-brain_T1w.nii.gz and moving image: /home/mdugre/scratch/mri-registration-rp/datasets/ds004513/derivatives/mri-registration-rp/antsBrainExtraction/sub-s033/BrainExtractionBrain.nii.gz (type = Euler3DTransform)
=============================================================================
  number of levels = 1
  fixed image: /templateflow/tpl-MNI152NLin2009cAsym/tpl-MNI152NLin2009cAsym_res-01_desc-brain_T1w.nii.gz
  moving image: /home/mdugre/scratch/mri-registration-rp/datasets/ds004513/derivatives/mri-registration-rp/antsBrainExtraction/sub-s033/BrainExtractionBrain.nii.gz
Dimension = 3
Number of stages = 1
Use histogram matching = false
Winsorize image intensities = true
  Lower quantile = 0.005
  Upper quantile = 0.995


Stage 1 State
   Image metric = MattesMI
     Fixed image = Image (0x4554e70)
  RTTI typeinfo:   itk::Image<double, 3u>
  Reference Count: 2
  Modified Time: 2330
  Debug: Off
  Object Name: 
  Observers: 
    none
  Source: (none)
  Source output name: (none)
  Release Data: Off
  Data Released: False
  Global Release Data: Off
  PipelineMTime: 0
  UpdateMTime: 1941
  RealTimeStamp: 0 seconds 
  LargestPossibleRegion: 
    Dimension: 3
    Index: [0, 0, 0]
    Size: [193, 229, 193]
  BufferedRegion: 
    Dimension: 3
    Index: [0, 0, 0]
    Size: [193, 229, 193]
  RequestedRegion: 
    Dimension: 3
    Index: [0, 0, 0]
    Size: [193, 229, 193]
  Spacing: [1, 1, 1]
  Origin: [96, 132, -78]
  Direction: 
-1 0 0
0 -1 0
0 0 1

  IndexToPointMatrix: 
-1 0 0
0 -1 0
0 0 1

  PointToIndexMatrix: 
-1 0 0
0 -1 0
0 0 1

  Inverse Direction: 
-1 0 0
0 -1 0
0 0 1

  PixelContainer: 
    ImportImageContainer (0x455dc60)
      RTTI typeinfo:   itk::ImportImageContainer<unsigned long, double>
      Reference Count: 1
      Modified Time: 1938
      Debug: Off
      Object Name: 
      Observers: 
        none
      Pointer: 0x14f1d1ea9010
      Container manages memory: true
      Size: 8530021
      Capacity: 8530021

     Moving image = Image (0x4557540)
  RTTI typeinfo:   itk::Image<double, 3u>
  Reference Count: 2
  Modified Time: 2331
  Debug: Off
  Object Name: 
  Observers: 
    none
  Source: (none)
  Source output name: (none)
  Release Data: Off
  Data Released: False
  Global Release Data: Off
  PipelineMTime: 0
  UpdateMTime: 2328
  RealTimeStamp: 0 seconds 
  LargestPossibleRegion: 
    Dimension: 3
    Index: [0, 0, 0]
    Size: [160, 240, 256]
  BufferedRegion: 
    Dimension: 3
    Index: [0, 0, 0]
    Size: [160, 240, 256]
  RequestedRegion: 
    Dimension: 3
    Index: [0, 0, 0]
    Size: [160, 240, 256]
  Spacing: [1, 1, 1]
  Origin: [91.5134, 94.282, -109.927]
  Direction: 
-0.99591 -0.0698718 -0.0572835
0.0697565 -0.997556 0.00401236
-0.0574239 5.01125e-08 0.99835

  IndexToPointMatrix: 
-0.99591 -0.0698718 -0.0572835
0.0697565 -0.997556 0.00401236
-0.0574239 5.01125e-08 0.99835

  PointToIndexMatrix: 
-0.99591 0.0697565 -0.0574239
-0.0698718 -0.997556 5.01483e-08
-0.0572835 0.00401236 0.99835

  Inverse Direction: 
-0.99591 0.0697565 -0.0574239
-0.0698718 -0.997556 5.01483e-08
-0.0572835 0.00401236 0.99835

  PixelContainer: 
    ImportImageContainer (0x4669610)
      RTTI typeinfo:   itk::ImportImageContainer<unsigned long, double>
      Reference Count: 1
      Modified Time: 2325
      Debug: Off
      Object Name: 
      Observers: 
        none
      Pointer: 0x14f1cd3a8010
      Container manages memory: true
      Size: 9830400
      Capacity: 9830400

     Weighting = 1
     Sampling strategy = regular
     Number of bins = 32
     Radius = 4
     Sampling percentage  = 0.25
   Transform = Rigid
     Gradient step = 0.1
     Update field sigma (voxel space) = 0
     Total field sigma (voxel space) = 0
     Update field time sigma = 0
     Total field time sigma  = 0
     Number of time indices = 0
     Number of time point samples = 0
Registration using 1 total stages.

Stage 0
  iterations = 0
  convergence threshold = 1e-06
  convergence window size = 10
  number of levels = 1
  using the Mattes MI metric (number of bins = 32, weight = 1, use gradient filter = 0)
  preprocessing:  winsorizing the image intensities
  Shrink factors (level 1 out of 1): [1, 1, 1]
  smoothing sigmas per level: [0]
  regular sampling (percentage = 0.25)

*** Running Euler3DTransform registration ***

  Elapsed time (stage 0): 1.12947


Total elapsed time: 1.13176
Info [verificarlo]: loaded backend libinterflop_ieee.so
Info [interflop-ieee]: load backend with:
Info [interflop-ieee]: debug = false
Info [interflop-ieee]: debug-binary = false
Info [interflop-ieee]: no-backend-name = false
Info [interflop-ieee]: print-new-line = false
Info [interflop-ieee]: print-subnormal-normalized = false
Info [interflop-ieee]: count-op = false
All_Command_lines_OK
Using double precision for computations.
=============================================================================
The composite transform comprises the following transforms (in order): 
  1. /home/mdugre/scratch/mri-registration-rp/datasets/ds004513/derivatives/mri-registration-rp/0011/antsRegistration-r8-p10/sub-s033/align_Composite.h5[0] (type = Euler3DTransform)
  2. /home/mdugre/scratch/mri-registration-rp/datasets/ds004513/derivatives/mri-registration-rp/0011/antsRegistration-r8-p10/sub-s033/align_Composite.h5[1] (type = Euler3DTransform)
=============================================================================
  number of levels = 4
  fixed image: /templateflow/tpl-MNI152NLin2009cAsym/tpl-MNI152NLin2009cAsym_res-01_desc-brain_T1w.nii.gz
  moving image: /home/mdugre/scratch/mri-registration-rp/datasets/ds004513/derivatives/mri-registration-rp/antsBrainExtraction/sub-s033/BrainExtractionBrain.nii.gz
Dimension = 3
Number of stages = 1
Use histogram matching = false
Winsorize image intensities = true
  Lower quantile = 0.005
  Upper quantile = 0.995


Stage 1 State
   Image metric = MattesMI
     Fixed image = Image (0x353b530)
  RTTI typeinfo:   itk::Image<double, 3u>
  Reference Count: 2
  Modified Time: 1578
  Debug: Off
  Object Name: 
  Observers: 
    none
  Source: (none)
  Source output name: (none)
  Release Data: Off
  Data Released: False
  Global Release Data: Off
  PipelineMTime: 0
  UpdateMTime: 1189
  RealTimeStamp: 0 seconds 
  LargestPossibleRegion: 
    Dimension: 3
    Index: [0, 0, 0]
    Size: [193, 229, 193]
  BufferedRegion: 
    Dimension: 3
    Index: [0, 0, 0]
    Size: [193, 229, 193]
  RequestedRegion: 
    Dimension: 3
    Index: [0, 0, 0]
    Size: [193, 229, 193]
  Spacing: [1, 1, 1]
  Origin: [96, 132, -78]
  Direction: 
-1 0 0
0 -1 0
0 0 1

  IndexToPointMatrix: 
-1 0 0
0 -1 0
0 0 1

  PointToIndexMatrix: 
-1 0 0
0 -1 0
0 0 1

  Inverse Direction: 
-1 0 0
0 -1 0
0 0 1

  PixelContainer: 
    ImportImageContainer (0x35f9d60)
      RTTI typeinfo:   itk::ImportImageContainer<unsigned long, double>
      Reference Count: 1
      Modified Time: 1186
      Debug: Off
      Object Name: 
      Observers: 
        none
      Pointer: 0x14a8e77b8010
      Container manages memory: true
      Size: 8530021
      Capacity: 8530021

     Moving image = Image (0x35ebf60)
  RTTI typeinfo:   itk::Image<double, 3u>
  Reference Count: 2
  Modified Time: 1579
  Debug: Off
  Object Name: 
  Observers: 
    none
  Source: (none)
  Source output name: (none)
  Release Data: Off
  Data Released: False
  Global Release Data: Off
  PipelineMTime: 0
  UpdateMTime: 1576
  RealTimeStamp: 0 seconds 
  LargestPossibleRegion: 
    Dimension: 3
    Index: [0, 0, 0]
    Size: [160, 240, 256]
  BufferedRegion: 
    Dimension: 3
    Index: [0, 0, 0]
    Size: [160, 240, 256]
  RequestedRegion: 
    Dimension: 3
    Index: [0, 0, 0]
    Size: [160, 240, 256]
  Spacing: [1, 1, 1]
  Origin: [91.5134, 94.282, -109.927]
  Direction: 
-0.99591 -0.0698718 -0.0572835
0.0697565 -0.997556 0.00401236
-0.0574239 5.01125e-08 0.99835

  IndexToPointMatrix: 
-0.99591 -0.0698718 -0.0572835
0.0697565 -0.997556 0.00401236
-0.0574239 5.01125e-08 0.99835

  PointToIndexMatrix: 
-0.99591 0.0697565 -0.0574239
-0.0698718 -0.997556 5.01483e-08
-0.0572835 0.00401236 0.99835

  Inverse Direction: 
-0.99591 0.0697565 -0.0574239
-0.0698718 -0.997556 5.01483e-08
-0.0572835 0.00401236 0.99835

  PixelContainer: 
    ImportImageContainer (0x35dd6d0)
      RTTI typeinfo:   itk::ImportImageContainer<unsigned long, double>
      Reference Count: 1
      Modified Time: 1573
      Debug: Off
      Object Name: 
      Observers: 
        none
      Pointer: 0x14a8e2cb7010
      Container manages memory: true
      Size: 9830400
      Capacity: 9830400

     Weighting = 1
     Sampling strategy = regular
     Number of bins = 32
     Radius = 4
     Sampling percentage  = 0.25
   Transform = Rigid
     Gradient step = 0.1
     Update field sigma (voxel space) = 0
     Total field sigma (voxel space) = 0
     Update field time sigma = 0
     Total field time sigma  = 0
     Number of time indices = 0
     Number of time point samples = 0
Registration using 1 total stages.

Stage 0
  iterations = 1000x500x250x100
  convergence threshold = 1e-06
  convergence window size = 10
  number of levels = 4
  using the Mattes MI metric (number of bins = 32, weight = 1, use gradient filter = 0)
  preprocessing:  winsorizing the image intensities
  Shrink factors (level 1 out of 4): [8, 8, 8]
  Shrink factors (level 2 out of 4): [4, 4, 4]
  Shrink factors (level 3 out of 4): [2, 2, 2]
  Shrink factors (level 4 out of 4): [1, 1, 1]
  smoothing sigmas per level: [3, 2, 1, 0]
  regular sampling (percentage = 0.25)

*** Running Euler3DTransform registration ***

DIAGNOSTIC,Iteration,metricValue,convergenceValue,ITERATION_TIME_INDEX,SINCE_LAST
 2DIAGNOSTIC,     1, -4.945365495269e-01, 1.797693134862e+308, 8.5892e-01, 8.5892e-01, 
 2DIAGNOSTIC,     2, -4.961551199262e-01, 1.797693134862e+308, 8.6372e-01, 4.8039e-03, 
 2DIAGNOSTIC,     3, -4.991207097076e-01, 1.797693134862e+308, 8.6823e-01, 4.5140e-03, 
 2DIAGNOSTIC,     4, -5.030359852117e-01, 1.797693134862e+308, 8.7282e-01, 4.5910e-03, 
 2DIAGNOSTIC,     5, -5.059125054655e-01, 1.797693134862e+308, 8.7728e-01, 4.4520e-03, 
 2DIAGNOSTIC,     6, -5.092815596254e-01, 1.797693134862e+308, 8.8191e-01, 4.6380e-03, 
 2DIAGNOSTIC,     7, -5.205915484568e-01, 1.797693134862e+308, 8.8703e-01, 5.1119e-03, 
 2DIAGNOSTIC,     8, -5.236677933913e-01, 1.797693134862e+308, 8.9148e-01, 4.4522e-03, 
 2DIAGNOSTIC,     9, -5.261653611514e-01, 1.797693134862e+308, 8.9606e-01, 4.5769e-03, 
 2DIAGNOSTIC,    10, -5.313843279548e-01, 4.956236851461e-03, 9.0107e-01, 5.0170e-03, 
 2DIAGNOSTIC,    11, -5.461121550605e-01, 5.255951709880e-03, 9.0709e-01, 6.0220e-03, 
 2DIAGNOSTIC,    12, -5.563506773264e-01, 5.544499219522e-03, 9.1185e-01, 4.7600e-03, 
 2DIAGNOSTIC,    13, -6.011783753048e-01, 7.240286203824e-03, 9.1769e-01, 5.8370e-03, 
 2DIAGNOSTIC,    14, -6.166052824970e-01, 8.701253898865e-03, 9.2232e-01, 4.6289e-03, 
 2DIAGNOSTIC,    15, -6.211428291766e-01, 9.416357351183e-03, 9.2693e-01, 4.6139e-03, 
 2DIAGNOSTIC,    16, -6.235432154599e-01, 9.368281945157e-03, 9.3221e-01, 5.2760e-03, 
 2DIAGNOSTIC,    17, -6.347577471477e-01, 9.145335065420e-03, 9.3894e-01, 6.7308e-03, 
 2DIAGNOSTIC,    18, -6.413138480329e-01, 8.359392992613e-03, 9.4393e-01, 4.9911e-03, 
 2DIAGNOSTIC,    19, -6.420802741314e-01, 6.980623562590e-03, 9.4963e-01, 5.6942e-03, 
 2DIAGNOSTIC,    20, -6.425493398792e-01, 5.272872736788e-03, 9.5435e-01, 4.7190e-03, 
 2DIAGNOSTIC,    21, -6.431795013963e-01, 3.641466803643e-03, 9.5931e-01, 4.9598e-03, 
 2DIAGNOSTIC,    22, -6.434078417570e-01, 2.049114090661e-03, 9.6380e-01, 4.4990e-03, 
 2DIAGNOSTIC,    23, -6.435083900938e-01, 1.381096968011e-03, 9.6870e-01, 4.8990e-03, 
 2DIAGNOSTIC,    24, -6.436807791874e-01, 9.688117199487e-04, 9.7455e-01, 5.8479e-03, 
 2DIAGNOSTIC,    25, -6.439989557090e-01, 6.014657106816e-04, 9.8082e-01, 6.2680e-03, 
 2DIAGNOSTIC,    26, -6.448361678875e-01, 2.655201699302e-04, 9.8521e-01, 4.3941e-03, 
 2DIAGNOSTIC,    27, -6.460796017352e-01, 1.536868779016e-04, 9.9007e-01, 4.8561e-03, 
 2DIAGNOSTIC,    28, -6.463976181876e-01, 1.550354888960e-04, 9.9444e-01, 4.3671e-03, 
 2DIAGNOSTIC,    29, -6.463935449704e-01, 1.547432269549e-04, 9.9890e-01, 4.4661e-03, 
 2DIAGNOSTIC,    30, -6.464392293639e-01, 1.482977327664e-04, 1.0038e+00, 4.9262e-03, 
 2DIAGNOSTIC,    31, -6.463723506674e-01, 1.368669006412e-04, 1.0081e+00, 4.3209e-03, 
 2DIAGNOSTIC,    32, -6.464254422347e-01, 1.173262373128e-04, 1.0136e+00, 5.4309e-03, 
 2DIAGNOSTIC,    33, -6.464354982752e-01, 8.969290364724e-05, 1.0277e+00, 1.4098e-02, 
 2DIAGNOSTIC,    34, -6.464354982423e-01, 5.811450955092e-05, 1.0417e+00, 1.4057e-02, 
 2DIAGNOSTIC,    35, -6.464354982423e-01, 2.735352854455e-05, 1.0475e+00, 5.7590e-03, 
 2DIAGNOSTIC,    36, -6.464354982423e-01, 6.562022415987e-06, 1.0528e+00, 5.3141e-03, 
 2DIAGNOSTIC,    37, -6.464354982423e-01, 2.244523893719e-06, 1.0578e+00, 4.9591e-03, 
 2DIAGNOSTIC,    38, -6.464354982423e-01, 1.990761361589e-06, 1.0627e+00, 4.9520e-03, 
 2DIAGNOSTIC,    39, -6.464354982423e-01, 1.582332601075e-06, 1.0676e+00, 4.8959e-03, 
 2DIAGNOSTIC,    40, -6.464354982423e-01, 1.698164928822e-06, 1.0725e+00, 4.8521e-03, 
DIAGNOSTIC,Iteration,metricValue,convergenceValue,ITERATION_TIME_INDEX,SINCE_LAST
 2DIAGNOSTIC,     1, -5.367244476465e-01, 1.797693134862e+308, 1.8436e+00, 7.7116e-01, 
 2DIAGNOSTIC,     2, -5.380313864121e-01, 1.797693134862e+308, 1.8750e+00, 3.1417e-02, 
 2DIAGNOSTIC,     3, -5.401731941404e-01, 1.797693134862e+308, 1.9146e+00, 3.9566e-02, 
 2DIAGNOSTIC,     4, -5.431881369575e-01, 1.797693134862e+308, 1.9460e+00, 3.1364e-02, 
 2DIAGNOSTIC,     5, -5.453557613356e-01, 1.797693134862e+308, 1.9771e+00, 3.1077e-02, 
 2DIAGNOSTIC,     6, -5.461088573834e-01, 1.797693134862e+308, 2.0074e+00, 3.0392e-02, 
 2DIAGNOSTIC,     7, -5.462086689436e-01, 1.797693134862e+308, 2.0417e+00, 3.4261e-02, 
 2DIAGNOSTIC,     8, -5.464869276428e-01, 1.797693134862e+308, 2.0804e+00, 3.8710e-02, 
 2DIAGNOSTIC,     9, -5.465850825248e-01, 1.797693134862e+308, 2.1240e+00, 4.3536e-02, 
 2DIAGNOSTIC,    10, -5.466464859421e-01, 1.224740977068e-03, 2.1543e+00, 3.0322e-02, 
 2DIAGNOSTIC,    11, -5.470487722487e-01, 8.391097914674e-04, 2.1853e+00, 3.1005e-02, 
 2DIAGNOSTIC,    12, -5.471758928231e-01, 5.053699574702e-04, 2.2205e+00, 3.5253e-02, 
 2DIAGNOSTIC,    13, -5.471428449225e-01, 2.604986754189e-04, 2.2515e+00, 3.0928e-02, 
 2DIAGNOSTIC,    14, -5.471835665658e-01, 1.395635078872e-04, 2.2895e+00, 3.8045e-02, 
 2DIAGNOSTIC,    15, -5.472405823358e-01, 9.903694689077e-05, 2.3233e+00, 3.3749e-02, 
 2DIAGNOSTIC,    16, -5.472598762644e-01, 7.966160804029e-05, 2.3631e+00, 3.9875e-02, 
 2DIAGNOSTIC,    17, -5.472729358363e-01, 5.862721970828e-05, 2.3960e+00, 3.2896e-02, 
 2DIAGNOSTIC,    18, -5.473059239587e-01, 4.386257132385e-05, 2.4369e+00, 4.0889e-02, 
 2DIAGNOSTIC,    19, -5.473435917685e-01, 3.059158237788e-05, 2.4696e+00, 3.2729e-02, 
 2DIAGNOSTIC,    20, -5.474644640457e-01, 2.039750726571e-05, 2.5028e+00, 3.3154e-02, 
 2DIAGNOSTIC,    21, -5.476672298825e-01, 2.427779448082e-05, 2.5351e+00, 3.2268e-02, 
 2DIAGNOSTIC,    22, -5.482405904292e-01, 4.222066051659e-05, 2.5877e+00, 5.2669e-02, 
 2DIAGNOSTIC,    23, -5.482883054448e-01, 5.482231543123e-05, 2.6283e+00, 4.0546e-02, 
 2DIAGNOSTIC,    24, -5.483174327127e-01, 6.301621427576e-05, 2.6621e+00, 3.3834e-02, 
 2DIAGNOSTIC,    25, -5.482954950928e-01, 6.562184549824e-05, 2.7061e+00, 4.3944e-02, 
 2DIAGNOSTIC,    26, -5.482908966374e-01, 6.219677906467e-05, 2.7475e+00, 4.1409e-02, 
 2DIAGNOSTIC,    27, -5.482929937889e-01, 5.340726720721e-05, 2.7822e+00, 3.4720e-02, 
 2DIAGNOSTIC,    28, -5.482861454528e-01, 4.081118885874e-05, 2.8176e+00, 3.5385e-02, 
 2DIAGNOSTIC,    29, -5.482735819474e-01, 2.593283734452e-05, 2.8528e+00, 3.5259e-02, 
 2DIAGNOSTIC,    30, -5.483198905464e-01, 1.264384551036e-05, 2.9036e+00, 5.0770e-02, 
 2DIAGNOSTIC,    31, -5.482930792756e-01, 1.789186926011e-06, 2.9396e+00, 3.5965e-02, 
DIAGNOSTIC,Iteration,metricValue,convergenceValue,ITERATION_TIME_INDEX,SINCE_LAST
 2DIAGNOSTIC,     1, -4.662378161372e-01, 1.797693134862e+308, 4.0525e+00, 1.1129e+00, 
 2DIAGNOSTIC,     2, -4.664224804496e-01, 1.797693134862e+308, 4.3361e+00, 2.8364e-01, 
 2DIAGNOSTIC,     3, -4.665513811219e-01, 1.797693134862e+308, 4.6003e+00, 2.6413e-01, 
 2DIAGNOSTIC,     4, -4.666538148112e-01, 1.797693134862e+308, 4.8490e+00, 2.4878e-01, 
 2DIAGNOSTIC,     5, -4.667429549140e-01, 1.797693134862e+308, 5.0853e+00, 2.3624e-01, 
 2DIAGNOSTIC,     6, -4.668835240959e-01, 1.797693134862e+308, 5.3163e+00, 2.3102e-01, 
 2DIAGNOSTIC,     7, -4.673059620435e-01, 1.797693134862e+308, 5.5739e+00, 2.5757e-01, 
 2DIAGNOSTIC,     8, -4.674358101334e-01, 1.797693134862e+308, 5.9927e+00, 4.1879e-01, 
 2DIAGNOSTIC,     9, -4.674483272337e-01, 1.797693134862e+308, 6.2693e+00, 2.7659e-01, 
 2DIAGNOSTIC,    10, -4.674386178547e-01, 1.885692465814e-04, 6.5538e+00, 2.8453e-01, 
 2DIAGNOSTIC,    11, -4.674401592979e-01, 1.547133537058e-04, 6.8949e+00, 3.4116e-01, 
 2DIAGNOSTIC,    12, -4.674393975765e-01, 1.217588438347e-04, 7.1935e+00, 2.9858e-01, 
 2DIAGNOSTIC,    13, -4.674385254917e-01, 8.895397606200e-05, 7.4564e+00, 2.6293e-01, 
 2DIAGNOSTIC,    14, -4.674376303342e-01, 5.763103028605e-05, 7.7351e+00, 2.7869e-01, 
 2DIAGNOSTIC,    15, -4.674367255107e-01, 2.914697003641e-05, 7.9870e+00, 2.5185e-01, 
 2DIAGNOSTIC,    16, -4.674358541839e-01, 6.667334962421e-06, 8.2064e+00, 2.1945e-01, 
 2DIAGNOSTIC,    17, -4.674340835202e-01, 1.325721238982e-06, 8.4681e+00, 2.6163e-01, 
DIAGNOSTIC,Iteration,metricValue,convergenceValue,ITERATION_TIME_INDEX,SINCE_LAST
 2DIAGNOSTIC,     1, -4.256749770390e-01, 1.797693134862e+308, 1.1031e+01, 2.5634e+00, 
 2DIAGNOSTIC,     2, -4.257694969001e-01, 1.797693134862e+308, 1.2496e+01, 1.4647e+00, 
 2DIAGNOSTIC,     3, -4.258606681381e-01, 1.797693134862e+308, 1.4097e+01, 1.6011e+00, 
 2DIAGNOSTIC,     4, -4.260324400029e-01, 1.797693134862e+308, 1.5590e+01, 1.4924e+00, 
 2DIAGNOSTIC,     5, -4.260521626125e-01, 1.797693134862e+308, 1.8399e+01, 2.8098e+00, 
 2DIAGNOSTIC,     6, -4.260611620926e-01, 1.797693134862e+308, 2.0304e+01, 1.9046e+00, 
 2DIAGNOSTIC,     7, -4.260598329525e-01, 1.797693134862e+308, 2.2045e+01, 1.7405e+00, 
 2DIAGNOSTIC,     8, -4.260583554134e-01, 1.797693134862e+308, 2.3982e+01, 1.9371e+00, 
 2DIAGNOSTIC,     9, -4.260583198838e-01, 1.797693134862e+308, 2.5849e+01, 1.8676e+00, 
 2DIAGNOSTIC,    10, -4.260576853677e-01, 5.576478388537e-05, 2.7578e+01, 1.7283e+00, 
 2DIAGNOSTIC,    11, -4.260575277538e-01, 3.206540098093e-05, 2.9267e+01, 1.6896e+00, 
 2DIAGNOSTIC,    12, -4.260575117370e-01, 1.494231673792e-05, 3.0857e+01, 1.5902e+00, 
 2DIAGNOSTIC,    13, -4.260572917725e-01, 3.779809053930e-06, 3.2469e+01, 1.6115e+00, 
 2DIAGNOSTIC,    14, -4.260573625883e-01, 2.258080439937e-06, 3.4037e+01, 1.5677e+00, 
 2DIAGNOSTIC,    15, -4.260575926287e-01, 1.815060472574e-06, 3.5969e+01, 1.9321e+00, 
 2DIAGNOSTIC,    16, -4.260575572413e-01, 1.829902485068e-06, 3.7531e+01, 1.5624e+00, 
 2DIAGNOSTIC,    17, -4.260572935400e-01, 1.796578484668e-06, 3.9112e+01, 1.5810e+00, 
 2DIAGNOSTIC,    18, -4.260573158808e-01, 1.720125950164e-06, 4.0874e+01, 1.7616e+00, 
 2DIAGNOSTIC,    19, -4.260571673717e-01, 1.650008452321e-06, 4.2421e+01, 1.5472e+00, 
 2DIAGNOSTIC,    20, -4.260571204402e-01, 1.566336154411e-06, 4.3811e+01, 1.3903e+00, 
 2DIAGNOSTIC,    21, -4.260572138325e-01, 1.490846586141e-06, 4.5366e+01, 1.5544e+00, 
 2DIAGNOSTIC,    22, -4.260571191161e-01, 1.421404970607e-06, 4.6779e+01, 1.4129e+00, 
 2DIAGNOSTIC,    23, -4.260574001794e-01, 1.362207087817e-06, 4.8550e+01, 1.7717e+00, 
 2DIAGNOSTIC,    24, -4.260575015589e-01, 1.314238344333e-06, 5.0262e+01, 1.7122e+00, 
 2DIAGNOSTIC,    25, -4.260575263880e-01, 1.277919142208e-06, 5.1877e+01, 1.6145e+00, 
 2DIAGNOSTIC,    26, -4.260575352476e-01, 1.243446641187e-06, 5.3503e+01, 1.6260e+00, 
 2DIAGNOSTIC,    27, -4.260575030364e-01, 1.202310557821e-06, 5.4935e+01, 1.4318e+00, 
 2DIAGNOSTIC,    28, -4.260575160827e-01, 1.162730286212e-06, 5.6674e+01, 1.7394e+00, 
 2DIAGNOSTIC,    29, -4.260575600277e-01, 1.120905833624e-06, 5.8178e+01, 1.5042e+00, 
 2DIAGNOSTIC,    30, -4.260572241825e-01, 1.071057709912e-06, 5.9568e+01, 1.3896e+00, 
 2DIAGNOSTIC,    31, -4.260571439550e-01, 1.024087774637e-06, 6.1316e+01, 1.7480e+00, 
  Elapsed time (stage 0): 6.2221e+01


Total elapsed time: 6.2224e+01
Info [verificarlo]: loaded backend libinterflop_vprec.so
Info [interflop-vprec]: load backend with: 
Info [interflop-vprec]: precision-binary32 = 10
Info [interflop-vprec]: range-binary32 = 8
Info [interflop-vprec]: precision-binary64 = 10
Info [interflop-vprec]: range-binary64 = 8
Info [interflop-vprec]: mode = ob
Info [interflop-vprec]: error-mode = rel
Info [interflop-vprec]: max-abs-error-exponent = -1022
Info [interflop-vprec]: daz = false
Info [interflop-vprec]: ftz = false
Info [interflop-vprec]: 	instrument = none
Info [interflop-vprec]: 	prec-input-file = (null)
Info [interflop-vprec]: 	prec-output-file = (null)
Info [interflop-vprec]: 	prec-log-file = (null)
All_Command_lines_OK
Using double precision for computations.
=============================================================================
The composite transform comprises the following transforms (in order): 
  1. /home/mdugre/scratch/mri-registration-rp/datasets/ds004513/derivatives/mri-registration-rp/0011/antsRegistration-r8-p10/sub-s033/rigid_Composite.h5[0] (type = Euler3DTransform)
  2. /home/mdugre/scratch/mri-registration-rp/datasets/ds004513/derivatives/mri-registration-rp/0011/antsRegistration-r8-p10/sub-s033/rigid_Composite.h5[1] (type = Euler3DTransform)
  3. /home/mdugre/scratch/mri-registration-rp/datasets/ds004513/derivatives/mri-registration-rp/0011/antsRegistration-r8-p10/sub-s033/rigid_Composite.h5[2] (type = Euler3DTransform)
=============================================================================
  number of levels = 4
  fixed image: /templateflow/tpl-MNI152NLin2009cAsym/tpl-MNI152NLin2009cAsym_res-01_desc-brain_T1w.nii.gz
  moving image: /home/mdugre/scratch/mri-registration-rp/datasets/ds004513/derivatives/mri-registration-rp/antsBrainExtraction/sub-s033/BrainExtractionBrain.nii.gz
Dimension = 3
Number of stages = 1
Use histogram matching = false
Winsorize image intensities = true
  Lower quantile = 0.005
  Upper quantile = 0.995


Stage 1 State
   Image metric = MattesMI
     Fixed image = Image (0x42ff490)
  RTTI typeinfo:   itk::Image<double, 3u>
  Reference Count: 2
  Modified Time: 1592
  Debug: Off
  Object Name: 
  Observers: 
    none
  Source: (none)
  Source output name: (none)
  Release Data: Off
  Data Released: False
  Global Release Data: Off
  PipelineMTime: 0
  UpdateMTime: 1203
  RealTimeStamp: 0 seconds 
  LargestPossibleRegion: 
    Dimension: 3
    Index: [0, 0, 0]
    Size: [193, 229, 193]
  BufferedRegion: 
    Dimension: 3
    Index: [0, 0, 0]
    Size: [193, 229, 193]
  RequestedRegion: 
    Dimension: 3
    Index: [0, 0, 0]
    Size: [193, 229, 193]
  Spacing: [1, 1, 1]
  Origin: [96, 132, -78]
  Direction: 
-1 0 0
0 -1 0
0 0 1

  IndexToPointMatrix: 
-1 0 0
0 -1 0
0 0 1

  PointToIndexMatrix: 
-1 0 0
0 -1 0
0 0 1

  Inverse Direction: 
-1 0 0
0 -1 0
0 0 1

  PixelContainer: 
    ImportImageContainer (0x43ca8c0)
      RTTI typeinfo:   itk::ImportImageContainer<unsigned long, double>
      Reference Count: 1
      Modified Time: 1200
      Debug: Off
      Object Name: 
      Observers: 
        none
      Pointer: 0x15197dd6f010
      Container manages memory: true
      Size: 8530021
      Capacity: 8530021

     Moving image = Image (0x43bab60)
  RTTI typeinfo:   itk::Image<double, 3u>
  Reference Count: 2
  Modified Time: 1593
  Debug: Off
  Object Name: 
  Observers: 
    none
  Source: (none)
  Source output name: (none)
  Release Data: Off
  Data Released: False
  Global Release Data: Off
  PipelineMTime: 0
  UpdateMTime: 1590
  RealTimeStamp: 0 seconds 
  LargestPossibleRegion: 
    Dimension: 3
    Index: [0, 0, 0]
    Size: [160, 240, 256]
  BufferedRegion: 
    Dimension: 3
    Index: [0, 0, 0]
    Size: [160, 240, 256]
  RequestedRegion: 
    Dimension: 3
    Index: [0, 0, 0]
    Size: [160, 240, 256]
  Spacing: [1, 1, 1]
  Origin: [91.5, 94.3125, -109.938]
  Direction: 
-0.996094 -0.0698242 -0.0572815
0.0697632 -0.997559 0.00401306
-0.0574036 0 0.998047

  IndexToPointMatrix: 
-0.996094 -0.0698242 -0.0572815
0.0697632 -0.997559 0.00401306
-0.0574036 0 0.998047

  PointToIndexMatrix: 
-0.996094 0.0697632 -0.0574036
-0.0698853 -0.997559 -5.53131e-05
-0.0572815 0.00395584 0.998535

  Inverse Direction: 
-0.996094 0.0697632 -0.0574036
-0.0698853 -0.997559 -5.53131e-05
-0.0572815 0.00395584 0.998535

  PixelContainer: 
    ImportImageContainer (0x4332bd0)
      RTTI typeinfo:   itk::ImportImageContainer<unsigned long, double>
      Reference Count: 1
      Modified Time: 1587
      Debug: Off
      Object Name: 
      Observers: 
        none
      Pointer: 0x15197926e010
      Container manages memory: true
      Size: 9830400
      Capacity: 9830400

     Weighting = 1
     Sampling strategy = regular
     Number of bins = 32
     Radius = 4
     Sampling percentage  = 0.25
   Transform = Affine
     Gradient step = 0.1
     Update field sigma (voxel space) = 0
     Total field sigma (voxel space) = 0
     Update field time sigma = 0
     Total field time sigma  = 0
     Number of time indices = 0
     Number of time point samples = 0
Registration using 1 total stages.

Stage 0
  iterations = 1000x500x250x100
  convergence threshold = 1e-06
  convergence window size = 10
  number of levels = 4
  using the Mattes MI metric (number of bins = 32, weight = 1, use gradient filter = 0)
  preprocessing:  winsorizing the image intensities
  Shrink factors (level 1 out of 4): [8, 8, 8]
  Shrink factors (level 2 out of 4): [4, 4, 4]
  Shrink factors (level 3 out of 4): [2, 2, 2]
  Shrink factors (level 4 out of 4): [1, 1, 1]
  smoothing sigmas per level: [3, 2, 1, 0]
  regular sampling (percentage = 0.25)

*** Running AffineTransform registration ***

DIAGNOSTIC,Iteration,metricValue,convergenceValue,ITERATION_TIME_INDEX,SINCE_LAST
 2DIAGNOSTIC,     1, -6.339115397092e-01, 1.797693134862e+308, 0.0000e+00, 0.0000e+00, 
 2DIAGNOSTIC,     2, -6.378922064796e-01, 1.797693134862e+308, 0.0000e+00, 0.0000e+00, 
 2DIAGNOSTIC,     3, -6.430190121300e-01, 1.797693134862e+308, 0.0000e+00, 0.0000e+00, 
 2DIAGNOSTIC,     4, -6.507370231751e-01, 1.797693134862e+308, 0.0000e+00, 0.0000e+00, 
 2DIAGNOSTIC,     5, -6.653786130791e-01, 1.797693134862e+308, 0.0000e+00, 0.0000e+00, 
 2DIAGNOSTIC,     6, -6.890791328868e-01, 1.797693134862e+308, 0.0000e+00, 0.0000e+00, 
 2DIAGNOSTIC,     7, -7.310106506859e-01, 1.797693134862e+308, 0.0000e+00, 0.0000e+00, 
 2DIAGNOSTIC,     8, -7.973015369899e-01, 1.797693134862e+308, 0.0000e+00, 0.0000e+00, 
 2DIAGNOSTIC,     9, -8.707799199930e-01, 1.797693134862e+308, 0.0000e+00, 0.0000e+00, 
 2DIAGNOSTIC,    10, -9.021920738736e-01, 2.446081606722e-02, 0.0000e+00, 0.0000e+00, 
 2DIAGNOSTIC,    11, -9.012432595680e-01, 2.494302135146e-02, 0.0000e+00, 0.0000e+00, 
 2DIAGNOSTIC,    12, -9.018166505966e-01, 2.329826337646e-02, 0.0000e+00, 0.0000e+00, 
 2DIAGNOSTIC,    13, -9.017550497530e-01, 2.000480191225e-02, 0.0000e+00, 0.0000e+00, 
 2DIAGNOSTIC,    14, -9.015515070730e-01, 1.563548365059e-02, 0.0000e+00, 0.0000e+00, 
 2DIAGNOSTIC,    15, -9.015196675835e-01, 1.088307696714e-02, 0.0000e+00, 0.0000e+00, 
 2DIAGNOSTIC,    16, -9.015267415586e-01, 6.369743623418e-03, 0.0000e+00, 0.0000e+00, 
 2DIAGNOSTIC,    17, -9.014260045364e-01, 2.744160703177e-03, 0.0000e+00, 0.0000e+00, 
 2DIAGNOSTIC,    18, -9.016421372460e-01, 5.951460272673e-04, 0.0000e+00, 0.0000e+00, 
DIAGNOSTIC,Iteration,metricValue,convergenceValue,ITERATION_TIME_INDEX,SINCE_LAST
 2DIAGNOSTIC,     1, -7.460150148594e-01, 1.797693134862e+308, 0.0000e+00, 0.0000e+00, 
 2DIAGNOSTIC,     2, -7.464991986008e-01, 1.797693134862e+308, 0.0000e+00, 0.0000e+00, 
 2DIAGNOSTIC,     3, -7.472211577008e-01, 1.797693134862e+308, 0.0000e+00, 0.0000e+00, 
 2DIAGNOSTIC,     4, -7.476275692741e-01, 1.797693134862e+308, 0.0000e+00, 0.0000e+00, 
 2DIAGNOSTIC,     5, -7.482149843336e-01, 1.797693134862e+308, 0.0000e+00, 0.0000e+00, 
 2DIAGNOSTIC,     6, -7.485997990597e-01, 1.797693134862e+308, 0.0000e+00, 0.0000e+00, 
 2DIAGNOSTIC,     7, -7.487314973398e-01, 1.797693134862e+308, 0.0000e+00, 0.0000e+00, 
 2DIAGNOSTIC,     8, -7.486863228019e-01, 1.797693134862e+308, 0.0000e+00, 0.0000e+00, 
 2DIAGNOSTIC,     9, -7.487617475078e-01, 1.797693134862e+308, 0.0000e+00, 0.0000e+00, 
 2DIAGNOSTIC,    10, -7.487260666356e-01, 2.392402411095e-04, 0.0000e+00, 0.0000e+00, 
 2DIAGNOSTIC,    11, -7.487085228191e-01, 1.576005145865e-04, 0.0000e+00, 0.0000e+00, 
 2DIAGNOSTIC,    12, -7.486807732696e-01, 8.963244227542e-05, 0.0000e+00, 0.0000e+00, 
 2DIAGNOSTIC,    13, -7.486917070670e-01, 4.551093847704e-05, 0.0000e+00, 0.0000e+00, 
 2DIAGNOSTIC,    14, -7.486522449121e-01, 1.319409232269e-05, 0.0000e+00, 0.0000e+00, 
DIAGNOSTIC,Iteration,metricValue,convergenceValue,ITERATION_TIME_INDEX,SINCE_LAST
 2DIAGNOSTIC,     1, -6.327548020693e-01, 1.797693134862e+308, 0.0000e+00, 0.0000e+00, 
 2DIAGNOSTIC,     2, -6.334669307473e-01, 1.797693134862e+308, 0.0000e+00, 0.0000e+00, 
 2DIAGNOSTIC,     3, -6.341695367691e-01, 1.797693134862e+308, 0.0000e+00, 0.0000e+00, 
 2DIAGNOSTIC,     4, -6.345226356038e-01, 1.797693134862e+308, 0.0000e+00, 0.0000e+00, 
 2DIAGNOSTIC,     5, -6.350094912377e-01, 1.797693134862e+308, 0.0000e+00, 0.0000e+00, 
 2DIAGNOSTIC,     6, -6.356373087097e-01, 1.797693134862e+308, 0.0000e+00, 0.0000e+00, 
 2DIAGNOSTIC,     7, -6.360144151195e-01, 1.797693134862e+308, 0.0000e+00, 0.0000e+00, 
 2DIAGNOSTIC,     8, -6.363259266208e-01, 1.797693134862e+308, 0.0000e+00, 0.0000e+00, 
 2DIAGNOSTIC,     9, -6.363743125327e-01, 1.797693134862e+308, 0.0000e+00, 0.0000e+00, 
 2DIAGNOSTIC,    10, -6.363618497836e-01, 3.786962521434e-04, 0.0000e+00, 0.0000e+00, 
 2DIAGNOSTIC,    11, -6.363256026111e-01, 2.746293217482e-04, 0.0000e+00, 0.0000e+00, 
 2DIAGNOSTIC,    12, -6.363243263212e-01, 1.892177779427e-04, 0.0000e+00, 0.0000e+00, 
 2DIAGNOSTIC,    13, -6.363162971924e-01, 1.237337666621e-04, 0.0000e+00, 0.0000e+00, 
 2DIAGNOSTIC,    14, -6.363100618275e-01, 6.738496922071e-05, 0.0000e+00, 0.0000e+00, 
 2DIAGNOSTIC,    15, -6.363034150266e-01, 2.648204719782e-05, 0.0000e+00, 0.0000e+00, 
 2DIAGNOSTIC,    16, -6.363019466617e-01, 5.622173047740e-06, 0.0000e+00, 0.0000e+00, 
DIAGNOSTIC,Iteration,metricValue,convergenceValue,ITERATION_TIME_INDEX,SINCE_LAST
 2DIAGNOSTIC,     1, -5.618766476095e-01, 1.797693134862e+308, 0.0000e+00, 0.0000e+00, 
 2DIAGNOSTIC,     2, -5.622913196023e-01, 1.797693134862e+308, 0.0000e+00, 0.0000e+00, 
 2DIAGNOSTIC,     3, -5.628008341147e-01, 1.797693134862e+308, 0.0000e+00, 0.0000e+00, 
 2DIAGNOSTIC,     4, -5.631842907150e-01, 1.797693134862e+308, 0.0000e+00, 0.0000e+00, 
 2DIAGNOSTIC,     5, -5.632887031356e-01, 1.797693134862e+308, 0.0000e+00, 0.0000e+00, 
 2DIAGNOSTIC,     6, -5.633233841944e-01, 1.797693134862e+308, 0.0000e+00, 0.0000e+00, 
 2DIAGNOSTIC,     7, -5.632595401435e-01, 1.797693134862e+308, 0.0000e+00, 0.0000e+00, 
 2DIAGNOSTIC,     8, -5.632561820130e-01, 1.797693134862e+308, 0.0000e+00, 0.0000e+00, 
 2DIAGNOSTIC,     9, -5.632540296118e-01, 1.797693134862e+308, 0.0000e+00, 0.0000e+00, 
 2DIAGNOSTIC,    10, -5.632328686327e-01, 1.291326079030e-04, 0.0000e+00, 0.0000e+00, 
 2DIAGNOSTIC,    11, -5.632323487234e-01, 6.157070476111e-05, 0.0000e+00, 0.0000e+00, 
 2DIAGNOSTIC,    12, -5.632286022003e-01, 1.672257962475e-05, 0.0000e+00, 0.0000e+00, 
  Elapsed time (stage 0): 0.0000e+00


Total elapsed time: 0.0000e+00
Info [verificarlo]: loaded backend libinterflop_vprec.so
Info [interflop-vprec]: load backend with: 
Info [interflop-vprec]: precision-binary32 = 10
Info [interflop-vprec]: range-binary32 = 8
Info [interflop-vprec]: precision-binary64 = 10
Info [interflop-vprec]: range-binary64 = 8
Info [interflop-vprec]: mode = ob
Info [interflop-vprec]: error-mode = rel
Info [interflop-vprec]: max-abs-error-exponent = -1022
Info [interflop-vprec]: daz = false
Info [interflop-vprec]: ftz = false
Info [interflop-vprec]: 	instrument = none
Info [interflop-vprec]: 	prec-input-file = (null)
Info [interflop-vprec]: 	prec-output-file = (null)
Info [interflop-vprec]: 	prec-log-file = (null)
All_Command_lines_OK
Using double precision for computations.
=============================================================================
The composite transform comprises the following transforms (in order): 
  1. /home/mdugre/scratch/mri-registration-rp/datasets/ds004513/derivatives/mri-registration-rp/0011/antsRegistration-r8-p10/sub-s033/affine_Composite.h5[0] (type = Euler3DTransform)
  2. /home/mdugre/scratch/mri-registration-rp/datasets/ds004513/derivatives/mri-registration-rp/0011/antsRegistration-r8-p10/sub-s033/affine_Composite.h5[1] (type = Euler3DTransform)
  3. /home/mdugre/scratch/mri-registration-rp/datasets/ds004513/derivatives/mri-registration-rp/0011/antsRegistration-r8-p10/sub-s033/affine_Composite.h5[2] (type = Euler3DTransform)
  4. /home/mdugre/scratch/mri-registration-rp/datasets/ds004513/derivatives/mri-registration-rp/0011/antsRegistration-r8-p10/sub-s033/affine_Composite.h5[3] (type = AffineTransform)
=============================================================================
  number of levels = 4
  fixed image: /templateflow/tpl-MNI152NLin2009cAsym/tpl-MNI152NLin2009cAsym_res-01_desc-brain_T1w.nii.gz
  moving image: /home/mdugre/scratch/mri-registration-rp/datasets/ds004513/derivatives/mri-registration-rp/antsBrainExtraction/sub-s033/BrainExtractionBrain.nii.gz
Dimension = 3
Number of stages = 1
Use histogram matching = false
Winsorize image intensities = true
  Lower quantile = 0.005
  Upper quantile = 0.995


Stage 1 State
   Image metric = CC
     Fixed image = Image (0x4fc46f0)
  RTTI typeinfo:   itk::Image<double, 3u>
  Reference Count: 2
  Modified Time: 1606
  Debug: Off
  Object Name: 
  Observers: 
    none
  Source: (none)
  Source output name: (none)
  Release Data: Off
  Data Released: False
  Global Release Data: Off
  PipelineMTime: 0
  UpdateMTime: 1217
  RealTimeStamp: 0 seconds 
  LargestPossibleRegion: 
    Dimension: 3
    Index: [0, 0, 0]
    Size: [193, 229, 193]
  BufferedRegion: 
    Dimension: 3
    Index: [0, 0, 0]
    Size: [193, 229, 193]
  RequestedRegion: 
    Dimension: 3
    Index: [0, 0, 0]
    Size: [193, 229, 193]
  Spacing: [1, 1, 1]
  Origin: [96, 132, -78]
  Direction: 
-1 0 0
0 -1 0
0 0 1

  IndexToPointMatrix: 
-1 0 0
0 -1 0
0 0 1

  PointToIndexMatrix: 
-1 0 0
0 -1 0
0 0 1

  Inverse Direction: 
-1 0 0
0 -1 0
0 0 1

  PixelContainer: 
    ImportImageContainer (0x50928b0)
      RTTI typeinfo:   itk::ImportImageContainer<unsigned long, double>
      Reference Count: 1
      Modified Time: 1214
      Debug: Off
      Object Name: 
      Observers: 
        none
      Pointer: 0x146ebad76010
      Container manages memory: true
      Size: 8530021
      Capacity: 8530021

     Moving image = Image (0x5080240)
  RTTI typeinfo:   itk::Image<double, 3u>
  Reference Count: 2
  Modified Time: 1607
  Debug: Off
  Object Name: 
  Observers: 
    none
  Source: (none)
  Source output name: (none)
  Release Data: Off
  Data Released: False
  Global Release Data: Off
  PipelineMTime: 0
  UpdateMTime: 1604
  RealTimeStamp: 0 seconds 
  LargestPossibleRegion: 
    Dimension: 3
    Index: [0, 0, 0]
    Size: [160, 240, 256]
  BufferedRegion: 
    Dimension: 3
    Index: [0, 0, 0]
    Size: [160, 240, 256]
  RequestedRegion: 
    Dimension: 3
    Index: [0, 0, 0]
    Size: [160, 240, 256]
  Spacing: [1, 1, 1]
  Origin: [91.5, 94.3125, -109.938]
  Direction: 
-0.996094 -0.0698242 -0.0572815
0.0697632 -0.997559 0.00401306
-0.0574036 0 0.998047

  IndexToPointMatrix: 
-0.996094 -0.0698242 -0.0572815
0.0697632 -0.997559 0.00401306
-0.0574036 0 0.998047

  PointToIndexMatrix: 
-0.996094 0.0697632 -0.0574036
-0.0698853 -0.997559 -5.53131e-05
-0.0572815 0.00395584 0.998535

  Inverse Direction: 
-0.996094 0.0697632 -0.0574036
-0.0698853 -0.997559 -5.53131e-05
-0.0572815 0.00395584 0.998535

  PixelContainer: 
    ImportImageContainer (0x50be690)
      RTTI typeinfo:   itk::ImportImageContainer<unsigned long, double>
      Reference Count: 1
      Modified Time: 1601
      Debug: Off
      Object Name: 
      Observers: 
        none
      Pointer: 0x146eb6275010
      Container manages memory: true
      Size: 9830400
      Capacity: 9830400

     Weighting = 1
     Sampling strategy = none
     Number of bins = 32
     Radius = 4
     Sampling percentage  = 1
   Transform = SyN
     Gradient step = 0.1
     Update field sigma (voxel space) = 3
     Total field sigma (voxel space) = 0
     Update field time sigma = 0
     Total field time sigma  = 0
     Number of time indices = 0
     Number of time point samples = 0
Registration using 1 total stages.

Stage 0
  iterations = 100x70x50x20
  convergence threshold = 1e-06
  convergence window size = 10
  number of levels = 4
  using the CC metric (radius = 4, weight = 1, use gradient filter = 0)
  preprocessing:  winsorizing the image intensities
  Shrink factors (level 1 out of 4): [8, 8, 8]
  Shrink factors (level 2 out of 4): [4, 4, 4]
  Shrink factors (level 3 out of 4): [2, 2, 2]
  Shrink factors (level 4 out of 4): [1, 1, 1]
  smoothing sigmas per level: [3, 2, 1, 0]
  Using default NONE metricSamplingStrategy 

*** Running SyN registration (varianceForUpdateField = 3, varianceForTotalField = 0) ***

XXDIAGNOSTIC,Iteration,metricValue,convergenceValue,ITERATION_TIME_INDEX,SINCE_LAST
 1DIAGNOSTIC,     1, -9.287109375000e-01, 1.797693134862e+308, 0.0000e+00, 0.0000e+00, 
 1DIAGNOSTIC,     2, -9.379882812500e-01, 1.797693134862e+308, 0.0000e+00, 0.0000e+00, 
 1DIAGNOSTIC,     3, -9.448242187500e-01, 1.797693134862e+308, 0.0000e+00, 0.0000e+00, 
 1DIAGNOSTIC,     4, -9.497070312500e-01, 1.797693134862e+308, 0.0000e+00, 0.0000e+00, 
 1DIAGNOSTIC,     5, -9.531250000000e-01, 1.797693134862e+308, 0.0000e+00, 0.0000e+00, 
 1DIAGNOSTIC,     6, -9.555664062500e-01, 1.797693134862e+308, 0.0000e+00, 0.0000e+00, 
 1DIAGNOSTIC,     7, -9.589843750000e-01, 1.797693134862e+308, 0.0000e+00, 0.0000e+00, 
