
##########################
# Experiment information #
##########################

EXPERIMENT_NAME: antsRegistration-r8-p16
VFC_BACKENDS: libinterflop_vprec.so --range-binary32=8 --precision-binary32=16 --range-binary64=8 --precision-binary64=16

SIF_IMG: /home/mdugre/projects/rrg-glatard/mdugre/containers/ants-vprec-no_metrics.simg

SUBJECT_ID: s035
INPUT_IMG: /home/mdugre/scratch/mri-registration-rp/datasets/ds004513/derivatives/mri-registration-rp/antsBrainExtraction/sub-s035/BrainExtractionBrain.nii.gz
OUTPUT_DIR: /home/mdugre/scratch/mri-registration-rp/datasets/ds004513/derivatives/mri-registration-rp/0011/antsRegistration-r8-p16/sub-s035

FIXED_IMG: /templateflow/tpl-MNI152NLin2009cAsym/tpl-MNI152NLin2009cAsym_res-01_desc-brain_T1w.nii.gz
DATA_DIR: /home/mdugre/scratch/mri-registration-rp/datasets/ds004513
TEMPLATEFLOW_DIR: /home/mdugre/projects/rrg-glatard/mdugre/templateflow
ITK_GLOBAL_DEFAULT_NUMBER_OF_THREADS: 16
##########################

Info [verificarlo]: loaded backend libinterflop_ieee.so
Info [interflop-ieee]: load backend with:
Info [interflop-ieee]: debug = false
Info [interflop-ieee]: debug-binary = false
Info [interflop-ieee]: no-backend-name = false
Info [interflop-ieee]: print-new-line = false
Info [interflop-ieee]: print-subnormal-normalized = false
Info [interflop-ieee]: count-op = false
All_Command_lines_OK
Using double precision for computations.
=============================================================================
The composite transform comprises the following transforms (in order): 
  1. Center of mass alignment using fixed image: /templateflow/tpl-MNI152NLin2009cAsym/tpl-MNI152NLin2009cAsym_res-01_desc-brain_T1w.nii.gz and moving image: /home/mdugre/scratch/mri-registration-rp/datasets/ds004513/derivatives/mri-registration-rp/antsBrainExtraction/sub-s035/BrainExtractionBrain.nii.gz (type = Euler3DTransform)
=============================================================================
  number of levels = 1
  fixed image: /templateflow/tpl-MNI152NLin2009cAsym/tpl-MNI152NLin2009cAsym_res-01_desc-brain_T1w.nii.gz
  moving image: /home/mdugre/scratch/mri-registration-rp/datasets/ds004513/derivatives/mri-registration-rp/antsBrainExtraction/sub-s035/BrainExtractionBrain.nii.gz
Dimension = 3
Number of stages = 1
Use histogram matching = false
Winsorize image intensities = true
  Lower quantile = 0.005
  Upper quantile = 0.995


Stage 1 State
   Image metric = MattesMI
     Fixed image = Image (0x4960e70)
  RTTI typeinfo:   itk::Image<double, 3u>
  Reference Count: 2
  Modified Time: 2330
  Debug: Off
  Object Name: 
  Observers: 
    none
  Source: (none)
  Source output name: (none)
  Release Data: Off
  Data Released: False
  Global Release Data: Off
  PipelineMTime: 0
  UpdateMTime: 1941
  RealTimeStamp: 0 seconds 
  LargestPossibleRegion: 
    Dimension: 3
    Index: [0, 0, 0]
    Size: [193, 229, 193]
  BufferedRegion: 
    Dimension: 3
    Index: [0, 0, 0]
    Size: [193, 229, 193]
  RequestedRegion: 
    Dimension: 3
    Index: [0, 0, 0]
    Size: [193, 229, 193]
  Spacing: [1, 1, 1]
  Origin: [96, 132, -78]
  Direction: 
-1 0 0
0 -1 0
0 0 1

  IndexToPointMatrix: 
-1 0 0
0 -1 0
0 0 1

  PointToIndexMatrix: 
-1 0 0
0 -1 0
0 0 1

  Inverse Direction: 
-1 0 0
0 -1 0
0 0 1

  PixelContainer: 
    ImportImageContainer (0x4969c60)
      RTTI typeinfo:   itk::ImportImageContainer<unsigned long, double>
      Reference Count: 1
      Modified Time: 1938
      Debug: Off
      Object Name: 
      Observers: 
        none
      Pointer: 0x14c01553e010
      Container manages memory: true
      Size: 8530021
      Capacity: 8530021

     Moving image = Image (0x49fdec0)
  RTTI typeinfo:   itk::Image<double, 3u>
  Reference Count: 2
  Modified Time: 2331
  Debug: Off
  Object Name: 
  Observers: 
    none
  Source: (none)
  Source output name: (none)
  Release Data: Off
  Data Released: False
  Global Release Data: Off
  PipelineMTime: 0
  UpdateMTime: 2328
  RealTimeStamp: 0 seconds 
  LargestPossibleRegion: 
    Dimension: 3
    Index: [0, 0, 0]
    Size: [160, 240, 256]
  BufferedRegion: 
    Dimension: 3
    Index: [0, 0, 0]
    Size: [160, 240, 256]
  RequestedRegion: 
    Dimension: 3
    Index: [0, 0, 0]
    Size: [160, 240, 256]
  Spacing: [1, 1, 1]
  Origin: [98.6438, 87.6358, -117.989]
  Direction: 
-0.993515 -0.100993 -0.0522355
0.100854 -0.994887 0.00530255
-0.0525039 1.93537e-08 0.998621

  IndexToPointMatrix: 
-0.993515 -0.100993 -0.0522355
0.100854 -0.994887 0.00530255
-0.0525039 1.93537e-08 0.998621

  PointToIndexMatrix: 
-0.993515 0.100854 -0.0525039
-0.100993 -0.994887 1.93006e-08
-0.0522355 0.00530255 0.998621

  Inverse Direction: 
-0.993515 0.100854 -0.0525039
-0.100993 -0.994887 1.93006e-08
-0.0522355 0.00530255 0.998621

  PixelContainer: 
    ImportImageContainer (0x4a95610)
      RTTI typeinfo:   itk::ImportImageContainer<unsigned long, double>
      Reference Count: 1
      Modified Time: 2325
      Debug: Off
      Object Name: 
      Observers: 
        none
      Pointer: 0x14c010a3d010
      Container manages memory: true
      Size: 9830400
      Capacity: 9830400

     Weighting = 1
     Sampling strategy = regular
     Number of bins = 32
     Radius = 4
     Sampling percentage  = 0.25
   Transform = Rigid
     Gradient step = 0.1
     Update field sigma (voxel space) = 0
     Total field sigma (voxel space) = 0
     Update field time sigma = 0
     Total field time sigma  = 0
     Number of time indices = 0
     Number of time point samples = 0
Registration using 1 total stages.

Stage 0
  iterations = 0
  convergence threshold = 1e-06
  convergence window size = 10
  number of levels = 1
  using the Mattes MI metric (number of bins = 32, weight = 1, use gradient filter = 0)
  preprocessing:  winsorizing the image intensities
  Shrink factors (level 1 out of 1): [1, 1, 1]
  smoothing sigmas per level: [0]
  regular sampling (percentage = 0.25)

*** Running Euler3DTransform registration ***

  Elapsed time (stage 0): 1.12179


Total elapsed time: 1.12468
Info [verificarlo]: loaded backend libinterflop_ieee.so
Info [interflop-ieee]: load backend with:
Info [interflop-ieee]: debug = false
Info [interflop-ieee]: debug-binary = false
Info [interflop-ieee]: no-backend-name = false
Info [interflop-ieee]: print-new-line = false
Info [interflop-ieee]: print-subnormal-normalized = false
Info [interflop-ieee]: count-op = false
All_Command_lines_OK
Using double precision for computations.
=============================================================================
The composite transform comprises the following transforms (in order): 
  1. /home/mdugre/scratch/mri-registration-rp/datasets/ds004513/derivatives/mri-registration-rp/0011/antsRegistration-r8-p16/sub-s035/align_Composite.h5[0] (type = Euler3DTransform)
  2. /home/mdugre/scratch/mri-registration-rp/datasets/ds004513/derivatives/mri-registration-rp/0011/antsRegistration-r8-p16/sub-s035/align_Composite.h5[1] (type = Euler3DTransform)
=============================================================================
  number of levels = 4
  fixed image: /templateflow/tpl-MNI152NLin2009cAsym/tpl-MNI152NLin2009cAsym_res-01_desc-brain_T1w.nii.gz
  moving image: /home/mdugre/scratch/mri-registration-rp/datasets/ds004513/derivatives/mri-registration-rp/antsBrainExtraction/sub-s035/BrainExtractionBrain.nii.gz
Dimension = 3
Number of stages = 1
Use histogram matching = false
Winsorize image intensities = true
  Lower quantile = 0.005
  Upper quantile = 0.995


Stage 1 State
   Image metric = MattesMI
     Fixed image = Image (0x4d4a530)
  RTTI typeinfo:   itk::Image<double, 3u>
  Reference Count: 2
  Modified Time: 1578
  Debug: Off
  Object Name: 
  Observers: 
    none
  Source: (none)
  Source output name: (none)
  Release Data: Off
  Data Released: False
  Global Release Data: Off
  PipelineMTime: 0
  UpdateMTime: 1189
  RealTimeStamp: 0 seconds 
  LargestPossibleRegion: 
    Dimension: 3
    Index: [0, 0, 0]
    Size: [193, 229, 193]
  BufferedRegion: 
    Dimension: 3
    Index: [0, 0, 0]
    Size: [193, 229, 193]
  RequestedRegion: 
    Dimension: 3
    Index: [0, 0, 0]
    Size: [193, 229, 193]
  Spacing: [1, 1, 1]
  Origin: [96, 132, -78]
  Direction: 
-1 0 0
0 -1 0
0 0 1

  IndexToPointMatrix: 
-1 0 0
0 -1 0
0 0 1

  PointToIndexMatrix: 
-1 0 0
0 -1 0
0 0 1

  Inverse Direction: 
-1 0 0
0 -1 0
0 0 1

  PixelContainer: 
    ImportImageContainer (0x4e08d60)
      RTTI typeinfo:   itk::ImportImageContainer<unsigned long, double>
      Reference Count: 1
      Modified Time: 1186
      Debug: Off
      Object Name: 
      Observers: 
        none
      Pointer: 0x14fc02c32010
      Container manages memory: true
      Size: 8530021
      Capacity: 8530021

     Moving image = Image (0x4dfaf60)
  RTTI typeinfo:   itk::Image<double, 3u>
  Reference Count: 2
  Modified Time: 1579
  Debug: Off
  Object Name: 
  Observers: 
    none
  Source: (none)
  Source output name: (none)
  Release Data: Off
  Data Released: False
  Global Release Data: Off
  PipelineMTime: 0
  UpdateMTime: 1576
  RealTimeStamp: 0 seconds 
  LargestPossibleRegion: 
    Dimension: 3
    Index: [0, 0, 0]
    Size: [160, 240, 256]
  BufferedRegion: 
    Dimension: 3
    Index: [0, 0, 0]
    Size: [160, 240, 256]
  RequestedRegion: 
    Dimension: 3
    Index: [0, 0, 0]
    Size: [160, 240, 256]
  Spacing: [1, 1, 1]
  Origin: [98.6438, 87.6358, -117.989]
  Direction: 
-0.993515 -0.100993 -0.0522355
0.100854 -0.994887 0.00530255
-0.0525039 1.93537e-08 0.998621

  IndexToPointMatrix: 
-0.993515 -0.100993 -0.0522355
0.100854 -0.994887 0.00530255
-0.0525039 1.93537e-08 0.998621

  PointToIndexMatrix: 
-0.993515 0.100854 -0.0525039
-0.100993 -0.994887 1.93006e-08
-0.0522355 0.00530255 0.998621

  Inverse Direction: 
-0.993515 0.100854 -0.0525039
-0.100993 -0.994887 1.93006e-08
-0.0522355 0.00530255 0.998621

  PixelContainer: 
    ImportImageContainer (0x4dec6d0)
      RTTI typeinfo:   itk::ImportImageContainer<unsigned long, double>
      Reference Count: 1
      Modified Time: 1573
      Debug: Off
      Object Name: 
      Observers: 
        none
      Pointer: 0x14fbfe131010
      Container manages memory: true
      Size: 9830400
      Capacity: 9830400

     Weighting = 1
     Sampling strategy = regular
     Number of bins = 32
     Radius = 4
     Sampling percentage  = 0.25
   Transform = Rigid
     Gradient step = 0.1
     Update field sigma (voxel space) = 0
     Total field sigma (voxel space) = 0
     Update field time sigma = 0
     Total field time sigma  = 0
     Number of time indices = 0
     Number of time point samples = 0
Registration using 1 total stages.

Stage 0
  iterations = 1000x500x250x100
  convergence threshold = 1e-06
  convergence window size = 10
  number of levels = 4
  using the Mattes MI metric (number of bins = 32, weight = 1, use gradient filter = 0)
  preprocessing:  winsorizing the image intensities
  Shrink factors (level 1 out of 4): [8, 8, 8]
  Shrink factors (level 2 out of 4): [4, 4, 4]
  Shrink factors (level 3 out of 4): [2, 2, 2]
  Shrink factors (level 4 out of 4): [1, 1, 1]
  smoothing sigmas per level: [3, 2, 1, 0]
  regular sampling (percentage = 0.25)

*** Running Euler3DTransform registration ***

DIAGNOSTIC,Iteration,metricValue,convergenceValue,ITERATION_TIME_INDEX,SINCE_LAST
 2DIAGNOSTIC,     1, -5.238630234552e-01, 1.797693134862e+308, 8.7035e-01, 8.7035e-01, 
 2DIAGNOSTIC,     2, -5.257885820767e-01, 1.797693134862e+308, 8.7568e-01, 5.3329e-03, 
 2DIAGNOSTIC,     3, -5.278597554839e-01, 1.797693134862e+308, 8.8115e-01, 5.4672e-03, 
 2DIAGNOSTIC,     4, -5.302176117225e-01, 1.797693134862e+308, 8.8651e-01, 5.3639e-03, 
 2DIAGNOSTIC,     5, -5.343462816845e-01, 1.797693134862e+308, 8.9172e-01, 5.2071e-03, 
 2DIAGNOSTIC,     6, -5.399239396740e-01, 1.797693134862e+308, 8.9701e-01, 5.2860e-03, 
 2DIAGNOSTIC,     7, -5.490554822001e-01, 1.797693134862e+308, 9.0282e-01, 5.8150e-03, 
 2DIAGNOSTIC,     8, -5.545204224448e-01, 1.797693134862e+308, 9.0961e-01, 6.7840e-03, 
 2DIAGNOSTIC,     9, -5.601437715553e-01, 1.797693134862e+308, 9.1484e-01, 5.2321e-03, 
 2DIAGNOSTIC,    10, -5.617741193774e-01, 5.067640484485e-03, 9.2042e-01, 5.5811e-03, 
 2DIAGNOSTIC,    11, -5.649562249041e-01, 4.796539612083e-03, 9.2707e-01, 6.6471e-03, 
 2DIAGNOSTIC,    12, -5.658710903081e-01, 4.260783098155e-03, 9.3310e-01, 6.0380e-03, 
 2DIAGNOSTIC,    13, -5.662828333056e-01, 3.524744036645e-03, 9.3844e-01, 5.3370e-03, 
 2DIAGNOSTIC,    14, -5.685908474577e-01, 2.751340472953e-03, 9.4428e-01, 5.8429e-03, 
 2DIAGNOSTIC,    15, -5.732745043306e-01, 2.134644679428e-03, 9.5196e-01, 7.6730e-03, 
 2DIAGNOSTIC,    16, -5.738084427846e-01, 1.591333148336e-03, 9.5845e-01, 6.4900e-03, 
 2DIAGNOSTIC,    17, -5.739093703465e-01, 1.247363567740e-03, 9.6404e-01, 5.5890e-03, 
 2DIAGNOSTIC,    18, -5.745773598458e-01, 1.002163966316e-03, 9.6942e-01, 5.3799e-03, 
 2DIAGNOSTIC,    19, -5.752045522722e-01, 8.579763081920e-04, 9.7477e-01, 5.3592e-03, 
 2DIAGNOSTIC,    20, -5.755578777726e-01, 6.955845773864e-04, 9.8006e-01, 5.2819e-03, 
 2DIAGNOSTIC,    21, -5.761681227725e-01, 5.767135182690e-04, 9.8537e-01, 5.3132e-03, 
 2DIAGNOSTIC,    22, -5.775610178280e-01, 4.707067062521e-04, 9.9080e-01, 5.4331e-03, 
 2DIAGNOSTIC,    23, -5.801876522131e-01, 3.965856196761e-04, 9.9652e-01, 5.7149e-03, 
 2DIAGNOSTIC,    24, -5.873578871747e-01, 4.881452203593e-04, 1.0041e+00, 7.6230e-03, 
 2DIAGNOSTIC,    25, -5.924052233455e-01, 7.199711434370e-04, 1.0116e+00, 7.5049e-03, 
 2DIAGNOSTIC,    26, -5.933789722499e-01, 8.944842699152e-04, 1.0185e+00, 6.8099e-03, 
 2DIAGNOSTIC,    27, -5.948140362540e-01, 1.002036484339e-03, 1.0245e+00, 6.0518e-03, 
 2DIAGNOSTIC,    28, -5.954370004517e-01, 1.029952320775e-03, 1.0301e+00, 5.6410e-03, 
 2DIAGNOSTIC,    29, -5.955619965596e-01, 9.699000562120e-04, 1.0357e+00, 5.5621e-03, 
 2DIAGNOSTIC,    30, -5.960977142413e-01, 8.366692959274e-04, 1.0408e+00, 5.1219e-03, 
 2DIAGNOSTIC,    31, -5.971105016132e-01, 6.606986235010e-04, 1.0467e+00, 5.8570e-03, 
 2DIAGNOSTIC,    32, -5.989728413268e-01, 4.853112632014e-04, 1.0545e+00, 7.7629e-03, 
 2DIAGNOSTIC,    33, -5.996340171098e-01, 3.222359246362e-04, 1.0595e+00, 5.0769e-03, 
 2DIAGNOSTIC,    34, -5.997688324761e-01, 2.443793012826e-04, 1.0647e+00, 5.1839e-03, 
 2DIAGNOSTIC,    35, -5.999328162728e-01, 2.224308786591e-04, 1.0711e+00, 6.3751e-03, 
 2DIAGNOSTIC,    36, -6.001598298508e-01, 1.965988105553e-04, 1.0762e+00, 5.1391e-03, 
 2DIAGNOSTIC,    37, -6.004938012947e-01, 1.767006116864e-04, 1.0821e+00, 5.8420e-03, 
 2DIAGNOSTIC,    38, -6.008280010122e-01, 1.536048160604e-04, 1.0874e+00, 5.2838e-03, 
 2DIAGNOSTIC,    39, -6.038559363732e-01, 1.574331425191e-04, 1.0935e+00, 6.1600e-03, 
 2DIAGNOSTIC,    40, -6.077047304239e-01, 1.993081258694e-04, 1.0991e+00, 5.5981e-03, 
 2DIAGNOSTIC,    41, -6.174632709620e-01, 3.481387226703e-04, 1.1059e+00, 6.7511e-03, 
 2DIAGNOSTIC,    42, -6.161977807787e-01, 4.608906439291e-04, 1.1162e+00, 1.0377e-02, 
 2DIAGNOSTIC,    43, -6.161564460502e-01, 5.335369562147e-04, 1.1217e+00, 5.4359e-03, 
 2DIAGNOSTIC,    44, -6.170772163336e-01, 5.644818786712e-04, 1.1269e+00, 5.2161e-03, 
 2DIAGNOSTIC,    45, -6.185357228280e-01, 5.560473490239e-04, 1.1320e+00, 5.1301e-03, 
 2DIAGNOSTIC,    46, -6.206472574069e-01, 5.180556756679e-04, 1.1373e+00, 5.2729e-03, 
 2DIAGNOSTIC,    47, -6.234100409011e-01, 4.649603470937e-04, 1.1424e+00, 5.1122e-03, 
 2DIAGNOSTIC,    48, -6.282459759820e-01, 4.232183749222e-04, 1.1475e+00, 5.1351e-03, 
 2DIAGNOSTIC,    49, -6.332856954128e-01, 4.219354767868e-04, 1.1527e+00, 5.1990e-03, 
 2DIAGNOSTIC,    50, -6.437673354454e-01, 5.158702743173e-04, 1.1585e+00, 5.7199e-03, 
 2DIAGNOSTIC,    51, -6.567709935445e-01, 7.709774011561e-04, 1.1640e+00, 5.5361e-03, 
 2DIAGNOSTIC,    52, -6.630139270765e-01, 9.856117204937e-04, 1.1701e+00, 6.0911e-03, 
 2DIAGNOSTIC,    53, -6.637658022133e-01, 1.103854978954e-03, 1.1755e+00, 5.3890e-03, 
 2DIAGNOSTIC,    54, -6.646848087766e-01, 1.129224652792e-03, 1.1809e+00, 5.4090e-03, 
 2DIAGNOSTIC,    55, -6.699954908111e-01, 1.103370371734e-03, 1.1904e+00, 9.5432e-03, 
 2DIAGNOSTIC,    56, -6.720090019938e-01, 1.005089965932e-03, 1.1980e+00, 7.5951e-03, 
 2DIAGNOSTIC,    57, -6.720481761841e-01, 8.375239751559e-04, 1.2032e+00, 5.1281e-03, 
 2DIAGNOSTIC,    58, -6.725919606021e-01, 6.425665803118e-04, 1.2083e+00, 5.1329e-03, 
 2DIAGNOSTIC,    59, -6.729036402832e-01, 4.360795346283e-04, 1.2133e+00, 5.0530e-03, 
 2DIAGNOSTIC,    60, -6.731488738828e-01, 2.773043128130e-04, 1.2185e+00, 5.2068e-03, 
 2DIAGNOSTIC,    61, -6.734259078554e-01, 1.993309849386e-04, 1.2236e+00, 5.0399e-03, 
 2DIAGNOSTIC,    62, -6.739132121720e-01, 1.568959988275e-04, 1.2287e+00, 5.1048e-03, 
 2DIAGNOSTIC,    63, -6.762843226390e-01, 1.247262597286e-04, 1.2358e+00, 7.1330e-03, 
 2DIAGNOSTIC,    64, -6.766381584268e-01, 8.969350087089e-05, 1.2409e+00, 5.1250e-03, 
 2DIAGNOSTIC,    65, -6.771215208674e-01, 8.898274697153e-05, 1.2464e+00, 5.4650e-03, 
 2DIAGNOSTIC,    66, -6.778537216959e-01, 9.953409055243e-05, 1.2523e+00, 5.9202e-03, 
 2DIAGNOSTIC,    67, -6.792268218034e-01, 1.098307125119e-04, 1.2598e+00, 7.5090e-03, 
 2DIAGNOSTIC,    68, -6.807680911541e-01, 1.231390061578e-04, 1.2650e+00, 5.1901e-03, 
 2DIAGNOSTIC,    69, -6.815199648581e-01, 1.312164827278e-04, 1.2702e+00, 5.1482e-03, 
 2DIAGNOSTIC,    70, -6.818104819046e-01, 1.303111364811e-04, 1.2771e+00, 6.9480e-03, 
 2DIAGNOSTIC,    71, -6.820510301280e-01, 1.205024906441e-04, 1.2822e+00, 5.0409e-03, 
 2DIAGNOSTIC,    72, -6.822317019290e-01, 1.032403278522e-04, 1.2873e+00, 5.0869e-03, 
 2DIAGNOSTIC,    73, -6.825798780336e-01, 9.372208120257e-05, 1.2943e+00, 7.0162e-03, 
 2DIAGNOSTIC,    74, -6.826263929238e-01, 7.797273038970e-05, 1.2994e+00, 5.0972e-03, 
 2DIAGNOSTIC,    75, -6.826914543479e-01, 5.871094880004e-05, 1.3044e+00, 5.0359e-03, 
 2DIAGNOSTIC,    76, -6.828123283456e-01, 3.951652482792e-05, 1.3091e+00, 4.7340e-03, 
 2DIAGNOSTIC,    77, -6.832344933397e-01, 2.762803835463e-05, 1.3142e+00, 5.1031e-03, 
 2DIAGNOSTIC,    78, -6.838171750897e-01, 2.580778635017e-05, 1.3218e+00, 7.5359e-03, 
 2DIAGNOSTIC,    79, -6.837376327962e-01, 2.542012463452e-05, 1.3269e+00, 5.1038e-03, 
 2DIAGNOSTIC,    80, -6.837940943989e-01, 2.471284713213e-05, 1.3320e+00, 5.1100e-03, 
 2DIAGNOSTIC,    81, -6.839726459141e-01, 2.407026090837e-05, 1.3371e+00, 5.1041e-03, 
 2DIAGNOSTIC,    82, -6.841107718173e-01, 2.281042125802e-05, 1.3422e+00, 5.0731e-03, 
 2DIAGNOSTIC,    83, -6.851046100510e-01, 2.675739114390e-05, 1.3493e+00, 7.1342e-03, 
 2DIAGNOSTIC,    84, -6.858177550121e-01, 3.208768085545e-05, 1.3557e+00, 6.4039e-03, 
 2DIAGNOSTIC,    85, -6.861555765083e-01, 3.640316455350e-05, 1.3640e+00, 8.2979e-03, 
 2DIAGNOSTIC,    86, -6.861558700161e-01, 3.780114467151e-05, 1.3690e+00, 5.0421e-03, 
 2DIAGNOSTIC,    87, -6.861668874430e-01, 3.777710002531e-05, 1.3743e+00, 5.2662e-03, 
 2DIAGNOSTIC,    88, -6.861799390300e-01, 3.717444792512e-05, 1.3793e+00, 4.9839e-03, 
 2DIAGNOSTIC,    89, -6.861876264150e-01, 3.259304504055e-05, 1.3849e+00, 5.5799e-03, 
 2DIAGNOSTIC,    90, -6.861914415796e-01, 2.533807610683e-05, 1.3898e+00, 4.9071e-03, 
 2DIAGNOSTIC,    91, -6.861984285378e-01, 1.686232713133e-05, 1.3947e+00, 4.9419e-03, 
 2DIAGNOSTIC,    92, -6.862113249640e-01, 7.665960291527e-06, 1.3997e+00, 5.0180e-03, 
 2DIAGNOSTIC,    93, -6.862267144407e-01, 2.805738102466e-06, 1.4047e+00, 4.9441e-03, 
 2DIAGNOSTIC,    94, -6.862421188560e-01, 1.276818289986e-06, 1.4102e+00, 5.5280e-03, 
 2DIAGNOSTIC,    95, -6.863402500528e-01, 1.766976102520e-06, 1.4170e+00, 6.8021e-03, 
 2DIAGNOSTIC,    96, -6.863402106215e-01, 2.099483150395e-06, 1.4221e+00, 5.1029e-03, 
 2DIAGNOSTIC,    97, -6.863403426390e-01, 2.312382597170e-06, 1.4271e+00, 4.9770e-03, 
 2DIAGNOSTIC,    98, -6.863407888912e-01, 2.398742445111e-06, 1.4403e+00, 1.3195e-02, 
 2DIAGNOSTIC,    99, -6.863418476087e-01, 2.322666153937e-06, 1.4465e+00, 6.2389e-03, 
 2DIAGNOSTIC,   100, -6.863433117644e-01, 2.074119625781e-06, 1.4631e+00, 1.6590e-02, 
 2DIAGNOSTIC,   101, -6.863433116310e-01, 1.693215741094e-06, 1.4791e+00, 1.5963e-02, 
 2DIAGNOSTIC,   102, -6.863433116310e-01, 1.252340710581e-06, 1.4856e+00, 6.4762e-03, 
DIAGNOSTIC,Iteration,metricValue,convergenceValue,ITERATION_TIME_INDEX,SINCE_LAST
 2DIAGNOSTIC,     1, -5.583136678836e-01, 1.797693134862e+308, 2.3372e+00, 8.5163e-01, 
 2DIAGNOSTIC,     2, -5.587691459447e-01, 1.797693134862e+308, 2.3690e+00, 3.1788e-02, 
 2DIAGNOSTIC,     3, -5.591104349680e-01, 1.797693134862e+308, 2.4007e+00, 3.1725e-02, 
 2DIAGNOSTIC,     4, -5.599295354561e-01, 1.797693134862e+308, 2.4333e+00, 3.2564e-02, 
 2DIAGNOSTIC,     5, -5.608880997268e-01, 1.797693134862e+308, 2.4668e+00, 3.3526e-02, 
 2DIAGNOSTIC,     6, -5.613234854227e-01, 1.797693134862e+308, 2.4996e+00, 3.2826e-02, 
 2DIAGNOSTIC,     7, -5.624614283044e-01, 1.797693134862e+308, 2.5366e+00, 3.6959e-02, 
 2DIAGNOSTIC,     8, -5.631245292536e-01, 1.797693134862e+308, 2.5760e+00, 3.9377e-02, 
 2DIAGNOSTIC,     9, -5.632668420241e-01, 1.797693134862e+308, 2.6121e+00, 3.6144e-02, 
 2DIAGNOSTIC,    10, -5.639217364610e-01, 6.925251606167e-04, 2.6453e+00, 3.3215e-02, 
 2DIAGNOSTIC,    11, -5.654849703509e-01, 6.698293011585e-04, 2.6799e+00, 3.4548e-02, 
 2DIAGNOSTIC,    12, -5.659976850676e-01, 6.301673348943e-04, 2.7136e+00, 3.3784e-02, 
 2DIAGNOSTIC,    13, -5.660893435858e-01, 5.566186200435e-04, 2.7479e+00, 3.4273e-02, 
 2DIAGNOSTIC,    14, -5.661595690800e-01, 4.760776715529e-04, 2.7925e+00, 4.4586e-02, 
 2DIAGNOSTIC,    15, -5.661530179201e-01, 3.952285543657e-04, 2.8256e+00, 3.3114e-02, 
 2DIAGNOSTIC,    16, -5.661555596764e-01, 3.007324859671e-04, 2.8593e+00, 3.3699e-02, 
 2DIAGNOSTIC,    17, -5.661540209073e-01, 2.230495187952e-04, 2.8939e+00, 3.4605e-02, 
 2DIAGNOSTIC,    18, -5.661304704735e-01, 1.522590341265e-04, 2.9283e+00, 3.4361e-02, 
 2DIAGNOSTIC,    19, -5.661243686426e-01, 7.883301557338e-05, 2.9640e+00, 3.5708e-02, 
 2DIAGNOSTIC,    20, -5.661072727804e-01, 2.075266066835e-05, 2.9967e+00, 3.2665e-02, 
 2DIAGNOSTIC,    21, -5.660987956369e-01, 3.472586201404e-06, 3.0250e+00, 2.8363e-02, 
DIAGNOSTIC,Iteration,metricValue,convergenceValue,ITERATION_TIME_INDEX,SINCE_LAST
 2DIAGNOSTIC,     1, -5.040132928223e-01, 1.797693134862e+308, 4.1547e+00, 1.1297e+00, 
 2DIAGNOSTIC,     2, -5.041725491866e-01, 1.797693134862e+308, 4.4409e+00, 2.8617e-01, 
 2DIAGNOSTIC,     3, -5.042633482211e-01, 1.797693134862e+308, 4.6923e+00, 2.5146e-01, 
 2DIAGNOSTIC,     4, -5.043238152796e-01, 1.797693134862e+308, 4.9770e+00, 2.8466e-01, 
 2DIAGNOSTIC,     5, -5.043577788770e-01, 1.797693134862e+308, 5.2795e+00, 3.0254e-01, 
 2DIAGNOSTIC,     6, -5.045404352533e-01, 1.797693134862e+308, 5.7410e+00, 4.6147e-01, 
 2DIAGNOSTIC,     7, -5.045580090731e-01, 1.797693134862e+308, 6.0411e+00, 3.0008e-01, 
 2DIAGNOSTIC,     8, -5.045633096979e-01, 1.797693134862e+308, 6.4409e+00, 3.9983e-01, 
 2DIAGNOSTIC,     9, -5.045656459343e-01, 1.797693134862e+308, 6.7398e+00, 2.9893e-01, 
 2DIAGNOSTIC,    10, -5.045632539285e-01, 7.324858140334e-05, 7.0308e+00, 2.9098e-01, 
 2DIAGNOSTIC,    11, -5.045626485993e-01, 5.005512771017e-05, 7.3488e+00, 3.1795e-01, 
 2DIAGNOSTIC,    12, -5.045621531387e-01, 3.384614256648e-05, 7.8062e+00, 4.5740e-01, 
 2DIAGNOSTIC,    13, -5.045603853650e-01, 2.123684168355e-05, 8.1242e+00, 3.1800e-01, 
 2DIAGNOSTIC,    14, -5.045586846618e-01, 1.114807629468e-05, 8.4363e+00, 3.1211e-01, 
 2DIAGNOSTIC,    15, -5.045579449380e-01, 2.658856664603e-06, 8.7757e+00, 3.3945e-01, 
 2DIAGNOSTIC,    16, -5.045591546273e-01, 1.641685404105e-06, 9.1045e+00, 3.2875e-01, 
 2DIAGNOSTIC,    17, -5.045584906808e-01, 1.329358621086e-06, 9.4133e+00, 3.0887e-01, 
 2DIAGNOSTIC,    18, -5.045568286433e-01, 1.214270989057e-06, 9.7179e+00, 3.0459e-01, 
 2DIAGNOSTIC,    19, -5.045561340263e-01, 1.215712060104e-06, 9.9959e+00, 2.7800e-01, 
 2DIAGNOSTIC,    20, -5.045564619908e-01, 1.201100770412e-06, 1.0303e+01, 3.0730e-01, 
 2DIAGNOSTIC,    21, -5.045556764458e-01, 1.184324319788e-06, 1.0581e+01, 2.7826e-01, 
 2DIAGNOSTIC,    22, -5.045539551177e-01, 1.144363309717e-06, 1.0822e+01, 2.4074e-01, 
 2DIAGNOSTIC,    23, -5.045541922905e-01, 1.101995057977e-06, 1.1108e+01, 2.8601e-01, 
 2DIAGNOSTIC,    24, -5.045535545540e-01, 1.034662446622e-06, 1.1390e+01, 2.8184e-01, 
DIAGNOSTIC,Iteration,metricValue,convergenceValue,ITERATION_TIME_INDEX,SINCE_LAST
 2DIAGNOSTIC,     1, -4.672747986278e-01, 1.797693134862e+308, 1.4166e+01, 2.7757e+00, 
 2DIAGNOSTIC,     2, -4.673606514746e-01, 1.797693134862e+308, 1.5928e+01, 1.7626e+00, 
 2DIAGNOSTIC,     3, -4.673627579833e-01, 1.797693134862e+308, 1.7699e+01, 1.7703e+00, 
 2DIAGNOSTIC,     4, -4.673636563292e-01, 1.797693134862e+308, 1.9415e+01, 1.7164e+00, 
 2DIAGNOSTIC,     5, -4.673658313256e-01, 1.797693134862e+308, 2.1000e+01, 1.5850e+00, 
 2DIAGNOSTIC,     6, -4.673649555843e-01, 1.797693134862e+308, 2.3580e+01, 2.5799e+00, 
 2DIAGNOSTIC,     7, -4.673648143137e-01, 1.797693134862e+308, 2.6784e+01, 3.2042e+00, 
 2DIAGNOSTIC,     8, -4.673649170169e-01, 1.797693134862e+308, 3.1413e+01, 4.6285e+00, 
 2DIAGNOSTIC,     9, -4.673649170169e-01, 1.797693134862e+308, 3.5491e+01, 4.0783e+00, 
 2DIAGNOSTIC,    10, -4.673649170169e-01, 9.004240059882e-06, 3.7233e+01, 1.7423e+00, 
 2DIAGNOSTIC,    11, -4.673649170169e-01, 3.256011869929e-06, 3.8890e+01, 1.6567e+00, 
 2DIAGNOSTIC,    12, -4.673649170169e-01, 2.783499587225e-06, 4.0596e+01, 1.7055e+00, 
 2DIAGNOSTIC,    13, -4.673649170169e-01, 2.469544523917e-06, 4.2182e+01, 1.5864e+00, 
 2DIAGNOSTIC,    14, -4.673649170169e-01, 2.234125690365e-06, 4.3726e+01, 1.5439e+00, 
 2DIAGNOSTIC,    15, -4.673649170169e-01, 2.122764318851e-06, 4.5285e+01, 1.5594e+00, 
 2DIAGNOSTIC,    16, -4.673649170169e-01, 1.992049454530e-06, 4.7084e+01, 1.7992e+00, 
 2DIAGNOSTIC,    17, -4.673649170169e-01, 1.871194769597e-06, 4.8693e+01, 1.6083e+00, 
 2DIAGNOSTIC,    18, -4.673649170169e-01, 1.767238307228e-06, 5.0199e+01, 1.5065e+00, 
 2DIAGNOSTIC,    19, -4.673649170169e-01, 1.674224749192e-06, 5.1870e+01, 1.6708e+00, 
 2DIAGNOSTIC,    20, -4.673649170169e-01, 1.590512643458e-06, 5.3886e+01, 2.0159e+00, 
 2DIAGNOSTIC,    21, -4.673649170169e-01, 1.514773197993e-06, 5.5805e+01, 1.9188e+00, 
 2DIAGNOSTIC,    22, -4.673649170169e-01, 1.445919221549e-06, 5.7697e+01, 1.8918e+00, 
 2DIAGNOSTIC,    23, -4.673649170169e-01, 1.383052601417e-06, 5.9440e+01, 1.7431e+00, 
 2DIAGNOSTIC,    24, -4.673649170169e-01, 1.325424911568e-06, 6.1152e+01, 1.7127e+00, 
 2DIAGNOSTIC,    25, -4.673649170169e-01, 1.272407475141e-06, 6.2593e+01, 1.4406e+00, 
 2DIAGNOSTIC,    26, -4.673649170169e-01, 1.223468335615e-06, 6.4452e+01, 1.8585e+00, 
 2DIAGNOSTIC,    27, -4.673649170169e-01, 1.178154345402e-06, 6.6138e+01, 1.6868e+00, 
 2DIAGNOSTIC,    28, -4.673649170169e-01, 1.136077092755e-06, 6.7887e+01, 1.7489e+00, 
 2DIAGNOSTIC,    29, -4.673649170169e-01, 1.096901740369e-06, 6.9515e+01, 1.6280e+00, 
 2DIAGNOSTIC,    30, -4.673649170169e-01, 1.060338096194e-06, 7.1047e+01, 1.5321e+00, 
 2DIAGNOSTIC,    31, -4.673649170169e-01, 1.026133412595e-06, 7.2899e+01, 1.8516e+00, 
  Elapsed time (stage 0): 7.3840e+01


Total elapsed time: 7.3843e+01
Info [verificarlo]: loaded backend libinterflop_vprec.so
Info [interflop-vprec]: load backend with: 
Info [interflop-vprec]: precision-binary32 = 16
Info [interflop-vprec]: range-binary32 = 8
Info [interflop-vprec]: precision-binary64 = 16
Info [interflop-vprec]: range-binary64 = 8
Info [interflop-vprec]: mode = ob
Info [interflop-vprec]: error-mode = rel
Info [interflop-vprec]: max-abs-error-exponent = -1022
Info [interflop-vprec]: daz = false
Info [interflop-vprec]: ftz = false
Info [interflop-vprec]: 	instrument = none
Info [interflop-vprec]: 	prec-input-file = (null)
Info [interflop-vprec]: 	prec-output-file = (null)
Info [interflop-vprec]: 	prec-log-file = (null)
All_Command_lines_OK
Using double precision for computations.
=============================================================================
The composite transform comprises the following transforms (in order): 
  1. /home/mdugre/scratch/mri-registration-rp/datasets/ds004513/derivatives/mri-registration-rp/0011/antsRegistration-r8-p16/sub-s035/rigid_Composite.h5[0] (type = Euler3DTransform)
  2. /home/mdugre/scratch/mri-registration-rp/datasets/ds004513/derivatives/mri-registration-rp/0011/antsRegistration-r8-p16/sub-s035/rigid_Composite.h5[1] (type = Euler3DTransform)
  3. /home/mdugre/scratch/mri-registration-rp/datasets/ds004513/derivatives/mri-registration-rp/0011/antsRegistration-r8-p16/sub-s035/rigid_Composite.h5[2] (type = Euler3DTransform)
=============================================================================
  number of levels = 4
  fixed image: /templateflow/tpl-MNI152NLin2009cAsym/tpl-MNI152NLin2009cAsym_res-01_desc-brain_T1w.nii.gz
  moving image: /home/mdugre/scratch/mri-registration-rp/datasets/ds004513/derivatives/mri-registration-rp/antsBrainExtraction/sub-s035/BrainExtractionBrain.nii.gz
Dimension = 3
Number of stages = 1
Use histogram matching = false
Winsorize image intensities = true
  Lower quantile = 0.005
  Upper quantile = 0.995


Stage 1 State
   Image metric = MattesMI
     Fixed image = Image (0x4039490)
  RTTI typeinfo:   itk::Image<double, 3u>
  Reference Count: 2
  Modified Time: 1592
  Debug: Off
  Object Name: 
  Observers: 
    none
  Source: (none)
  Source output name: (none)
  Release Data: Off
  Data Released: False
  Global Release Data: Off
  PipelineMTime: 0
  UpdateMTime: 1203
  RealTimeStamp: 0 seconds 
  LargestPossibleRegion: 
    Dimension: 3
    Index: [0, 0, 0]
    Size: [193, 229, 193]
  BufferedRegion: 
    Dimension: 3
    Index: [0, 0, 0]
    Size: [193, 229, 193]
  RequestedRegion: 
    Dimension: 3
    Index: [0, 0, 0]
    Size: [193, 229, 193]
  Spacing: [1, 1, 1]
  Origin: [96, 132, -78]
  Direction: 
-1 0 0
0 -1 0
0 0 1

  IndexToPointMatrix: 
-1 0 0
0 -1 0
0 0 1

  PointToIndexMatrix: 
-1 0 0
0 -1 0
0 0 1

  Inverse Direction: 
-1 0 0
0 -1 0
0 0 1

  PixelContainer: 
    ImportImageContainer (0x41048c0)
      RTTI typeinfo:   itk::ImportImageContainer<unsigned long, double>
      Reference Count: 1
      Modified Time: 1200
      Debug: Off
      Object Name: 
      Observers: 
        none
      Pointer: 0x145ba2f75010
      Container manages memory: true
      Size: 8530021
      Capacity: 8530021

     Moving image = Image (0x40f4b60)
  RTTI typeinfo:   itk::Image<double, 3u>
  Reference Count: 2
  Modified Time: 1593
  Debug: Off
  Object Name: 
  Observers: 
    none
  Source: (none)
  Source output name: (none)
  Release Data: Off
  Data Released: False
  Global Release Data: Off
  PipelineMTime: 0
  UpdateMTime: 1590
  RealTimeStamp: 0 seconds 
  LargestPossibleRegion: 
    Dimension: 3
    Index: [0, 0, 0]
    Size: [160, 240, 256]
  BufferedRegion: 
    Dimension: 3
    Index: [0, 0, 0]
    Size: [160, 240, 256]
  RequestedRegion: 
    Dimension: 3
    Index: [0, 0, 0]
    Size: [160, 240, 256]
  Spacing: [1, 1, 1]
  Origin: [98.6436, 87.6357, -117.989]
  Direction: 
-0.993515 -0.100993 -0.0522356
0.100854 -0.994888 0.00530255
-0.0525041 1.93538e-08 0.998619

  IndexToPointMatrix: 
-0.993515 -0.100993 -0.0522356
0.100854 -0.994888 0.00530255
-0.0525041 1.93538e-08 0.998619

  PointToIndexMatrix: 
-0.993515 0.100854 -0.0525041
-0.100992 -0.994881 -1.14441e-05
-0.0522356 0.00530243 0.998611

  Inverse Direction: 
-0.993515 0.100854 -0.0525041
-0.100992 -0.994881 -1.14441e-05
-0.0522356 0.00530243 0.998611

  PixelContainer: 
    ImportImageContainer (0x41881d0)
      RTTI typeinfo:   itk::ImportImageContainer<unsigned long, double>
      Reference Count: 1
      Modified Time: 1587
      Debug: Off
      Object Name: 
      Observers: 
        none
      Pointer: 0x145b9e474010
      Container manages memory: true
      Size: 9830400
      Capacity: 9830400

     Weighting = 1
     Sampling strategy = regular
     Number of bins = 32
     Radius = 4
     Sampling percentage  = 0.25
   Transform = Affine
     Gradient step = 0.1
     Update field sigma (voxel space) = 0
     Total field sigma (voxel space) = 0
     Update field time sigma = 0
     Total field time sigma  = 0
     Number of time indices = 0
     Number of time point samples = 0
Registration using 1 total stages.

Stage 0
  iterations = 1000x500x250x100
  convergence threshold = 1e-06
  convergence window size = 10
  number of levels = 4
  using the Mattes MI metric (number of bins = 32, weight = 1, use gradient filter = 0)
  preprocessing:  winsorizing the image intensities
  Shrink factors (level 1 out of 4): [8, 8, 8]
  Shrink factors (level 2 out of 4): [4, 4, 4]
  Shrink factors (level 3 out of 4): [2, 2, 2]
  Shrink factors (level 4 out of 4): [1, 1, 1]
  smoothing sigmas per level: [3, 2, 1, 0]
  regular sampling (percentage = 0.25)

*** Running AffineTransform registration ***

DIAGNOSTIC,Iteration,metricValue,convergenceValue,ITERATION_TIME_INDEX,SINCE_LAST
 2DIAGNOSTIC,     1, -6.771094580673e-01, 1.797693134862e+308, 0.0000e+00, 0.0000e+00, 
 2DIAGNOSTIC,     2, -6.790809998207e-01, 1.797693134862e+308, 0.0000e+00, 0.0000e+00, 
 2DIAGNOSTIC,     3, -6.831076235755e-01, 1.797693134862e+308, 0.0000e+00, 0.0000e+00, 
 2DIAGNOSTIC,     4, -6.895593012151e-01, 1.797693134862e+308, 0.0000e+00, 0.0000e+00, 
 2DIAGNOSTIC,     5, -6.995022739860e-01, 1.797693134862e+308, 0.0000e+00, 0.0000e+00, 
 2DIAGNOSTIC,     6, -7.107285972545e-01, 1.797693134862e+308, 0.0000e+00, 0.0000e+00, 
 2DIAGNOSTIC,     7, -7.235989768125e-01, 1.797693134862e+308, 0.0000e+00, 0.0000e+00, 
 2DIAGNOSTIC,     8, -7.338360996699e-01, 1.797693134862e+308, 0.0000e+00, 0.0000e+00, 
 2DIAGNOSTIC,     9, -7.359721949922e-01, 1.797693134862e+308, 0.0000e+00, 0.0000e+00, 
 2DIAGNOSTIC,    10, -7.367837797731e-01, 6.545848621497e-03, 0.0000e+00, 0.0000e+00, 
 2DIAGNOSTIC,    11, -7.368452463988e-01, 5.660746884800e-03, 0.0000e+00, 0.0000e+00, 
 2DIAGNOSTIC,    12, -7.367978597167e-01, 4.482341198027e-03, 0.0000e+00, 0.0000e+00, 
 2DIAGNOSTIC,    13, -7.367566483125e-01, 3.206820360569e-03, 0.0000e+00, 0.0000e+00, 
 2DIAGNOSTIC,    14, -7.367133575654e-01, 2.009959004556e-03, 0.0000e+00, 0.0000e+00, 
 2DIAGNOSTIC,    15, -7.364808078722e-01, 1.050271718295e-03, 0.0000e+00, 0.0000e+00, 
 2DIAGNOSTIC,    16, -7.366264780049e-01, 3.937947970876e-04, 0.0000e+00, 0.0000e+00, 
 2DIAGNOSTIC,    17, -7.367452534258e-01, 7.627828509654e-05, 0.0000e+00, 0.0000e+00, 
 2DIAGNOSTIC,    18, -7.370284247081e-01, 1.744373520569e-05, 0.0000e+00, 0.0000e+00, 
 2DIAGNOSTIC,    19, -7.372283690241e-01, 1.141537009464e-05, 0.0000e+00, 0.0000e+00, 
 2DIAGNOSTIC,    20, -7.374234644180e-01, 2.492017684615e-05, 0.0000e+00, 0.0000e+00, 
 2DIAGNOSTIC,    21, -7.375189500298e-01, 3.787445528065e-05, 0.0000e+00, 0.0000e+00, 
 2DIAGNOSTIC,    22, -7.374796076793e-01, 4.462003434358e-05, 0.0000e+00, 0.0000e+00, 
 2DIAGNOSTIC,    23, -7.373152012951e-01, 4.322937657244e-05, 0.0000e+00, 0.0000e+00, 
 2DIAGNOSTIC,    24, -7.375601604010e-01, 4.151352883072e-05, 0.0000e+00, 0.0000e+00, 
 2DIAGNOSTIC,    25, -7.376158793034e-01, 3.320401723601e-05, 0.0000e+00, 0.0000e+00, 
 2DIAGNOSTIC,    26, -7.376053135810e-01, 2.457618128957e-05, 0.0000e+00, 0.0000e+00, 
 2DIAGNOSTIC,    27, -7.378152608347e-01, 1.921534656757e-05, 0.0000e+00, 0.0000e+00, 
 2DIAGNOSTIC,    28, -7.380504147664e-01, 1.971622588193e-05, 0.0000e+00, 0.0000e+00, 
 2DIAGNOSTIC,    29, -7.382203251005e-01, 2.323840188730e-05, 0.0000e+00, 0.0000e+00, 
 2DIAGNOSTIC,    30, -7.381110310159e-01, 2.546619642585e-05, 0.0000e+00, 0.0000e+00, 
 2DIAGNOSTIC,    31, -7.380663919939e-01, 2.602330739714e-05, 0.0000e+00, 0.0000e+00, 
 2DIAGNOSTIC,    32, -7.380423417092e-01, 2.348909589125e-05, 0.0000e+00, 0.0000e+00, 
 2DIAGNOSTIC,    33, -7.380080771474e-01, 1.646831589976e-05, 0.0000e+00, 0.0000e+00, 
 2DIAGNOSTIC,    34, -7.379482288485e-01, 1.050010254219e-05, 0.0000e+00, 0.0000e+00, 
 2DIAGNOSTIC,    35, -7.377968480822e-01, 3.003102814574e-06, 0.0000e+00, 0.0000e+00, 
DIAGNOSTIC,Iteration,metricValue,convergenceValue,ITERATION_TIME_INDEX,SINCE_LAST
 2DIAGNOSTIC,     1, -6.070377768965e-01, 1.797693134862e+308, 0.0000e+00, 0.0000e+00, 
 2DIAGNOSTIC,     2, -6.076809044676e-01, 1.797693134862e+308, 0.0000e+00, 0.0000e+00, 
 2DIAGNOSTIC,     3, -6.084940521553e-01, 1.797693134862e+308, 0.0000e+00, 0.0000e+00, 
 2DIAGNOSTIC,     4, -6.093966696974e-01, 1.797693134862e+308, 0.0000e+00, 0.0000e+00, 
 2DIAGNOSTIC,     5, -6.102225434142e-01, 1.797693134862e+308, 0.0000e+00, 0.0000e+00, 
 2DIAGNOSTIC,     6, -6.107240656218e-01, 1.797693134862e+308, 0.0000e+00, 0.0000e+00, 
 2DIAGNOSTIC,     7, -6.110392153664e-01, 1.797693134862e+308, 0.0000e+00, 0.0000e+00, 
 2DIAGNOSTIC,     8, -6.110562771753e-01, 1.797693134862e+308, 0.0000e+00, 0.0000e+00, 
 2DIAGNOSTIC,     9, -6.110482207272e-01, 1.797693134862e+308, 0.0000e+00, 0.0000e+00, 
 2DIAGNOSTIC,    10, -6.110441207712e-01, 4.504526598280e-04, 0.0000e+00, 0.0000e+00, 
 2DIAGNOSTIC,    11, -6.110408835499e-01, 3.074106261848e-04, 0.0000e+00, 0.0000e+00, 
 2DIAGNOSTIC,    12, -6.110364918047e-01, 1.855039125878e-04, 0.0000e+00, 0.0000e+00, 
 2DIAGNOSTIC,    13, -6.110489962393e-01, 9.513209110960e-05, 0.0000e+00, 0.0000e+00, 
 2DIAGNOSTIC,    14, -6.110442105291e-01, 3.871576213020e-05, 0.0000e+00, 0.0000e+00, 
 2DIAGNOSTIC,    15, -6.110146455015e-01, 1.092068709727e-05, 0.0000e+00, 0.0000e+00, 
DIAGNOSTIC,Iteration,metricValue,convergenceValue,ITERATION_TIME_INDEX,SINCE_LAST
 2DIAGNOSTIC,     1, -5.344339419593e-01, 1.797693134862e+308, 0.0000e+00, 0.0000e+00, 
 2DIAGNOSTIC,     2, -5.347956702954e-01, 1.797693134862e+308, 0.0000e+00, 0.0000e+00, 
 2DIAGNOSTIC,     3, -5.350669430903e-01, 1.797693134862e+308, 0.0000e+00, 0.0000e+00, 
 2DIAGNOSTIC,     4, -5.352077839567e-01, 1.797693134862e+308, 0.0000e+00, 0.0000e+00, 
 2DIAGNOSTIC,     5, -5.352709738897e-01, 1.797693134862e+308, 0.0000e+00, 0.0000e+00, 
 2DIAGNOSTIC,     6, -5.353702819197e-01, 1.797693134862e+308, 0.0000e+00, 0.0000e+00, 
 2DIAGNOSTIC,     7, -5.355512930638e-01, 1.797693134862e+308, 0.0000e+00, 0.0000e+00, 
 2DIAGNOSTIC,     8, -5.356329585256e-01, 1.797693134862e+308, 0.0000e+00, 0.0000e+00, 
 2DIAGNOSTIC,     9, -5.356308445146e-01, 1.797693134862e+308, 0.0000e+00, 0.0000e+00, 
 2DIAGNOSTIC,    10, -5.357258995204e-01, 1.409830692590e-04, 0.0000e+00, 0.0000e+00, 
 2DIAGNOSTIC,    11, -5.358532240505e-01, 1.056335096226e-04, 0.0000e+00, 0.0000e+00, 
 2DIAGNOSTIC,    12, -5.360295659679e-01, 9.026812801857e-05, 0.0000e+00, 0.0000e+00, 
 2DIAGNOSTIC,    13, -5.360307002014e-01, 8.024870734678e-05, 0.0000e+00, 0.0000e+00, 
 2DIAGNOSTIC,    14, -5.360282056977e-01, 7.006236655614e-05, 0.0000e+00, 0.0000e+00, 
 2DIAGNOSTIC,    15, -5.360311841244e-01, 5.744172483468e-05, 0.0000e+00, 0.0000e+00, 
 2DIAGNOSTIC,    16, -5.360313561400e-01, 4.437670582529e-05, 0.0000e+00, 0.0000e+00, 
 2DIAGNOSTIC,    17, -5.360284685582e-01, 3.437322512548e-05, 0.0000e+00, 0.0000e+00, 
 2DIAGNOSTIC,    18, -5.360297976397e-01, 2.500616412453e-05, 0.0000e+00, 0.0000e+00, 
 2DIAGNOSTIC,    19, -5.360306428079e-01, 1.448177849590e-05, 0.0000e+00, 0.0000e+00, 
 2DIAGNOSTIC,    20, -5.360304591923e-01, 6.293860103840e-06, 0.0000e+00, 0.0000e+00, 
 2DIAGNOSTIC,    21, -5.360311150530e-01, 1.553040616456e-06, 0.0000e+00, 0.0000e+00, 
 2DIAGNOSTIC,    22, -5.360330006445e-01, 1.537716355839e-06, 0.0000e+00, 0.0000e+00, 
 2DIAGNOSTIC,    23, -5.360357805733e-01, 1.605564566985e-06, 0.0000e+00, 0.0000e+00, 
 2DIAGNOSTIC,    24, -5.360359307118e-01, 1.589864726641e-06, 0.0000e+00, 0.0000e+00, 
 2DIAGNOSTIC,    25, -5.360350955919e-01, 1.596045045328e-06, 0.0000e+00, 0.0000e+00, 
 2DIAGNOSTIC,    26, -5.360372147449e-01, 1.620616502433e-06, 0.0000e+00, 0.0000e+00, 
 2DIAGNOSTIC,    27, -5.360357919119e-01, 1.517637773035e-06, 0.0000e+00, 0.0000e+00, 
 2DIAGNOSTIC,    28, -5.360341379678e-01, 1.382731999594e-06, 0.0000e+00, 0.0000e+00, 
 2DIAGNOSTIC,    29, -5.360341365865e-01, 1.250329384306e-06, 0.0000e+00, 0.0000e+00, 
