
##########################
# Experiment information #
##########################

EXPERIMENT_NAME: antsRegistration-r7-p7
VFC_BACKENDS: libinterflop_vprec.so --range-binary32=7 --precision-binary32=7 --range-binary64=7 --precision-binary64=7

SIF_IMG: /home/mdugre/projects/rrg-glatard/mdugre/containers/ants-vprec-no_metrics.simg

SUBJECT_ID: s017
INPUT_IMG: /home/mdugre/scratch/mri-registration-rp/datasets/ds004513/derivatives/mri-registration-rp/antsBrainExtraction/sub-s017/BrainExtractionBrain.nii.gz
OUTPUT_DIR: /home/mdugre/scratch/mri-registration-rp/datasets/ds004513/derivatives/mri-registration-rp/0011/antsRegistration-r7-p7/sub-s017

FIXED_IMG: /templateflow/tpl-MNI152NLin2009cAsym/tpl-MNI152NLin2009cAsym_res-01_desc-brain_T1w.nii.gz
DATA_DIR: /home/mdugre/scratch/mri-registration-rp/datasets/ds004513
TEMPLATEFLOW_DIR: /home/mdugre/projects/rrg-glatard/mdugre/templateflow
ITK_GLOBAL_DEFAULT_NUMBER_OF_THREADS: 16
##########################

Info [verificarlo]: loaded backend libinterflop_ieee.so
Info [interflop-ieee]: load backend with:
Info [interflop-ieee]: debug = false
Info [interflop-ieee]: debug-binary = false
Info [interflop-ieee]: no-backend-name = false
Info [interflop-ieee]: print-new-line = false
Info [interflop-ieee]: print-subnormal-normalized = false
Info [interflop-ieee]: count-op = false
All_Command_lines_OK
Using double precision for computations.
=============================================================================
The composite transform comprises the following transforms (in order): 
  1. Center of mass alignment using fixed image: /templateflow/tpl-MNI152NLin2009cAsym/tpl-MNI152NLin2009cAsym_res-01_desc-brain_T1w.nii.gz and moving image: /home/mdugre/scratch/mri-registration-rp/datasets/ds004513/derivatives/mri-registration-rp/antsBrainExtraction/sub-s017/BrainExtractionBrain.nii.gz (type = Euler3DTransform)
=============================================================================
  number of levels = 1
  fixed image: /templateflow/tpl-MNI152NLin2009cAsym/tpl-MNI152NLin2009cAsym_res-01_desc-brain_T1w.nii.gz
  moving image: /home/mdugre/scratch/mri-registration-rp/datasets/ds004513/derivatives/mri-registration-rp/antsBrainExtraction/sub-s017/BrainExtractionBrain.nii.gz
Dimension = 3
Number of stages = 1
Use histogram matching = false
Winsorize image intensities = true
  Lower quantile = 0.005
  Upper quantile = 0.995


Stage 1 State
   Image metric = MattesMI
     Fixed image = Image (0x3529bd0)
  RTTI typeinfo:   itk::Image<double, 3u>
  Reference Count: 2
  Modified Time: 2334
  Debug: Off
  Object Name: 
  Observers: 
    none
  Source: (none)
  Source output name: (none)
  Release Data: Off
  Data Released: False
  Global Release Data: Off
  PipelineMTime: 0
  UpdateMTime: 1943
  RealTimeStamp: 0 seconds 
  LargestPossibleRegion: 
    Dimension: 3
    Index: [0, 0, 0]
    Size: [193, 229, 193]
  BufferedRegion: 
    Dimension: 3
    Index: [0, 0, 0]
    Size: [193, 229, 193]
  RequestedRegion: 
    Dimension: 3
    Index: [0, 0, 0]
    Size: [193, 229, 193]
  Spacing: [1, 1, 1]
  Origin: [96, 132, -78]
  Direction: 
-1 0 0
0 -1 0
0 0 1

  IndexToPointMatrix: 
-1 0 0
0 -1 0
0 0 1

  PointToIndexMatrix: 
-1 0 0
0 -1 0
0 0 1

  Inverse Direction: 
-1 0 0
0 -1 0
0 0 1

  PixelContainer: 
    ImportImageContainer (0x35329e0)
      RTTI typeinfo:   itk::ImportImageContainer<unsigned long, double>
      Reference Count: 1
      Modified Time: 1940
      Debug: Off
      Object Name: 
      Observers: 
        none
      Pointer: 0x14fcd4923010
      Container manages memory: true
      Size: 8530021
      Capacity: 8530021

     Moving image = Image (0x3533bd0)
  RTTI typeinfo:   itk::Image<double, 3u>
  Reference Count: 2
  Modified Time: 2335
  Debug: Off
  Object Name: 
  Observers: 
    none
  Source: (none)
  Source output name: (none)
  Release Data: Off
  Data Released: False
  Global Release Data: Off
  PipelineMTime: 0
  UpdateMTime: 2332
  RealTimeStamp: 0 seconds 
  LargestPossibleRegion: 
    Dimension: 3
    Index: [0, 0, 0]
    Size: [160, 240, 256]
  BufferedRegion: 
    Dimension: 3
    Index: [0, 0, 0]
    Size: [160, 240, 256]
  RequestedRegion: 
    Dimension: 3
    Index: [0, 0, 0]
    Size: [160, 240, 256]
  Spacing: [1, 1, 1]
  Origin: [91.3357, 102.231, -120.042]
  Direction: 
-0.997442 -5.36781e-05 -0.0714818
5.35416e-05 -1 3.82465e-06
-0.0714818 -1.23894e-08 0.997442

  IndexToPointMatrix: 
-0.997444 -5.36781e-05 -0.0714818
5.35418e-05 -1 3.82465e-06
-0.0714819 -1.23894e-08 0.997442

  PointToIndexMatrix: 
-0.99744 5.35415e-05 -0.0714816
-5.36781e-05 -1 -1.23894e-08
-0.0714818 3.82465e-06 0.997442

  Inverse Direction: 
-0.997442 5.35416e-05 -0.0714818
-5.36781e-05 -1 -1.23894e-08
-0.0714818 3.82465e-06 0.997442

  PixelContainer: 
    ImportImageContainer (0x36b9b50)
      RTTI typeinfo:   itk::ImportImageContainer<unsigned long, double>
      Reference Count: 1
      Modified Time: 2329
      Debug: Off
      Object Name: 
      Observers: 
        none
      Pointer: 0x14fccfe22010
      Container manages memory: true
      Size: 9830400
      Capacity: 9830400

     Weighting = 1
     Sampling strategy = regular
     Number of bins = 32
     Radius = 4
     Sampling percentage  = 0.25
   Transform = Rigid
     Gradient step = 0.1
     Update field sigma (voxel space) = 0
     Total field sigma (voxel space) = 0
     Update field time sigma = 0
     Total field time sigma  = 0
     Number of time indices = 0
     Number of time point samples = 0
Registration using 1 total stages.

Stage 0
  iterations = 0
  convergence threshold = 1e-06
  convergence window size = 10
  number of levels = 1
  using the Mattes MI metric (number of bins = 32, weight = 1, use gradient filter = 0)
  preprocessing:  winsorizing the image intensities
  Shrink factors (level 1 out of 1): [1, 1, 1]
  smoothing sigmas per level: [0]
  regular sampling (percentage = 0.25)

*** Running Euler3DTransform registration ***

  Elapsed time (stage 0): 1.19308


Total elapsed time: 1.19531
Info [verificarlo]: loaded backend libinterflop_ieee.so
Info [interflop-ieee]: load backend with:
Info [interflop-ieee]: debug = false
Info [interflop-ieee]: debug-binary = false
Info [interflop-ieee]: no-backend-name = false
Info [interflop-ieee]: print-new-line = false
Info [interflop-ieee]: print-subnormal-normalized = false
Info [interflop-ieee]: count-op = false
All_Command_lines_OK
Using double precision for computations.
=============================================================================
The composite transform comprises the following transforms (in order): 
  1. /home/mdugre/scratch/mri-registration-rp/datasets/ds004513/derivatives/mri-registration-rp/0011/antsRegistration-r7-p7/sub-s017/align_Composite.h5[0] (type = Euler3DTransform)
  2. /home/mdugre/scratch/mri-registration-rp/datasets/ds004513/derivatives/mri-registration-rp/0011/antsRegistration-r7-p7/sub-s017/align_Composite.h5[1] (type = Euler3DTransform)
=============================================================================
  number of levels = 4
  fixed image: /templateflow/tpl-MNI152NLin2009cAsym/tpl-MNI152NLin2009cAsym_res-01_desc-brain_T1w.nii.gz
  moving image: /home/mdugre/scratch/mri-registration-rp/datasets/ds004513/derivatives/mri-registration-rp/antsBrainExtraction/sub-s017/BrainExtractionBrain.nii.gz
Dimension = 3
Number of stages = 1
Use histogram matching = false
Winsorize image intensities = true
  Lower quantile = 0.005
  Upper quantile = 0.995


Stage 1 State
   Image metric = MattesMI
     Fixed image = Image (0x43d6530)
  RTTI typeinfo:   itk::Image<double, 3u>
  Reference Count: 2
  Modified Time: 1580
  Debug: Off
  Object Name: 
  Observers: 
    none
  Source: (none)
  Source output name: (none)
  Release Data: Off
  Data Released: False
  Global Release Data: Off
  PipelineMTime: 0
  UpdateMTime: 1189
  RealTimeStamp: 0 seconds 
  LargestPossibleRegion: 
    Dimension: 3
    Index: [0, 0, 0]
    Size: [193, 229, 193]
  BufferedRegion: 
    Dimension: 3
    Index: [0, 0, 0]
    Size: [193, 229, 193]
  RequestedRegion: 
    Dimension: 3
    Index: [0, 0, 0]
    Size: [193, 229, 193]
  Spacing: [1, 1, 1]
  Origin: [96, 132, -78]
  Direction: 
-1 0 0
0 -1 0
0 0 1

  IndexToPointMatrix: 
-1 0 0
0 -1 0
0 0 1

  PointToIndexMatrix: 
-1 0 0
0 -1 0
0 0 1

  Inverse Direction: 
-1 0 0
0 -1 0
0 0 1

  PixelContainer: 
    ImportImageContainer (0x4494d60)
      RTTI typeinfo:   itk::ImportImageContainer<unsigned long, double>
      Reference Count: 1
      Modified Time: 1186
      Debug: Off
      Object Name: 
      Observers: 
        none
      Pointer: 0x14589946e010
      Container manages memory: true
      Size: 8530021
      Capacity: 8530021

     Moving image = Image (0x4486f60)
  RTTI typeinfo:   itk::Image<double, 3u>
  Reference Count: 2
  Modified Time: 1581
  Debug: Off
  Object Name: 
  Observers: 
    none
  Source: (none)
  Source output name: (none)
  Release Data: Off
  Data Released: False
  Global Release Data: Off
  PipelineMTime: 0
  UpdateMTime: 1578
  RealTimeStamp: 0 seconds 
  LargestPossibleRegion: 
    Dimension: 3
    Index: [0, 0, 0]
    Size: [160, 240, 256]
  BufferedRegion: 
    Dimension: 3
    Index: [0, 0, 0]
    Size: [160, 240, 256]
  RequestedRegion: 
    Dimension: 3
    Index: [0, 0, 0]
    Size: [160, 240, 256]
  Spacing: [1, 1, 1]
  Origin: [91.3357, 102.231, -120.042]
  Direction: 
-0.997442 -5.36781e-05 -0.0714818
5.35416e-05 -1 3.82465e-06
-0.0714818 -1.23894e-08 0.997442

  IndexToPointMatrix: 
-0.997444 -5.36781e-05 -0.0714818
5.35418e-05 -1 3.82465e-06
-0.0714819 -1.23894e-08 0.997442

  PointToIndexMatrix: 
-0.99744 5.35415e-05 -0.0714816
-5.36781e-05 -1 -1.23894e-08
-0.0714818 3.82465e-06 0.997442

  Inverse Direction: 
-0.997442 5.35416e-05 -0.0714818
-5.36781e-05 -1 -1.23894e-08
-0.0714818 3.82465e-06 0.997442

  PixelContainer: 
    ImportImageContainer (0x44786d0)
      RTTI typeinfo:   itk::ImportImageContainer<unsigned long, double>
      Reference Count: 1
      Modified Time: 1575
      Debug: Off
      Object Name: 
      Observers: 
        none
      Pointer: 0x14589496d010
      Container manages memory: true
      Size: 9830400
      Capacity: 9830400

     Weighting = 1
     Sampling strategy = regular
     Number of bins = 32
     Radius = 4
     Sampling percentage  = 0.25
   Transform = Rigid
     Gradient step = 0.1
     Update field sigma (voxel space) = 0
     Total field sigma (voxel space) = 0
     Update field time sigma = 0
     Total field time sigma  = 0
     Number of time indices = 0
     Number of time point samples = 0
Registration using 1 total stages.

Stage 0
  iterations = 1000x500x250x100
  convergence threshold = 1e-06
  convergence window size = 10
  number of levels = 4
  using the Mattes MI metric (number of bins = 32, weight = 1, use gradient filter = 0)
  preprocessing:  winsorizing the image intensities
  Shrink factors (level 1 out of 4): [8, 8, 8]
  Shrink factors (level 2 out of 4): [4, 4, 4]
  Shrink factors (level 3 out of 4): [2, 2, 2]
  Shrink factors (level 4 out of 4): [1, 1, 1]
  smoothing sigmas per level: [3, 2, 1, 0]
  regular sampling (percentage = 0.25)

*** Running Euler3DTransform registration ***

DIAGNOSTIC,Iteration,metricValue,convergenceValue,ITERATION_TIME_INDEX,SINCE_LAST
 2DIAGNOSTIC,     1, -5.567767283252e-01, 1.797693134862e+308, 7.7034e-01, 7.7034e-01, 
 2DIAGNOSTIC,     2, -5.584239703569e-01, 1.797693134862e+308, 7.7502e-01, 4.6749e-03, 
 2DIAGNOSTIC,     3, -5.612715515272e-01, 1.797693134862e+308, 7.7906e-01, 4.0421e-03, 
 2DIAGNOSTIC,     4, -5.637780194106e-01, 1.797693134862e+308, 7.8321e-01, 4.1552e-03, 
 2DIAGNOSTIC,     5, -5.658229214212e-01, 1.797693134862e+308, 7.8744e-01, 4.2281e-03, 
 2DIAGNOSTIC,     6, -5.696445468689e-01, 1.797693134862e+308, 7.9175e-01, 4.3080e-03, 
 2DIAGNOSTIC,     7, -5.734118275242e-01, 1.797693134862e+308, 7.9613e-01, 4.3840e-03, 
 2DIAGNOSTIC,     8, -5.754533484979e-01, 1.797693134862e+308, 8.0214e-01, 6.0070e-03, 
 2DIAGNOSTIC,     9, -5.763021950250e-01, 1.797693134862e+308, 8.0625e-01, 4.1060e-03, 
 2DIAGNOSTIC,    10, -5.771142770255e-01, 2.558085388189e-03, 8.1179e-01, 5.5430e-03, 
 2DIAGNOSTIC,    11, -5.785125587612e-01, 2.176117873031e-03, 8.1624e-01, 4.4539e-03, 
 2DIAGNOSTIC,    12, -5.799413348090e-01, 1.786767970983e-03, 8.2120e-01, 4.9531e-03, 
 2DIAGNOSTIC,    13, -5.809477908980e-01, 1.443124036835e-03, 8.2605e-01, 4.8552e-03, 
 2DIAGNOSTIC,    14, -5.814655964876e-01, 1.127354078216e-03, 8.3058e-01, 4.5261e-03, 
 2DIAGNOSTIC,    15, -5.819093877219e-01, 8.331089413526e-04, 8.3539e-01, 4.8110e-03, 
 2DIAGNOSTIC,    16, -5.822326442998e-01, 6.258215683232e-04, 8.4004e-01, 4.6561e-03, 
 2DIAGNOSTIC,    17, -5.825793599843e-01, 5.040365830238e-04, 8.4427e-01, 4.2272e-03, 
 2DIAGNOSTIC,    18, -5.863713925916e-01, 5.095725576644e-04, 8.4855e-01, 4.2770e-03, 
 2DIAGNOSTIC,    19, -5.901617810168e-01, 5.855607354904e-04, 8.5640e-01, 7.8518e-03, 
 2DIAGNOSTIC,    20, -5.906016223816e-01, 6.286272500304e-04, 8.6176e-01, 5.3549e-03, 
 2DIAGNOSTIC,    21, -5.907365705866e-01, 6.467002963830e-04, 8.6693e-01, 5.1720e-03, 
 2DIAGNOSTIC,    22, -5.906256574994e-01, 6.330265936372e-04, 8.7179e-01, 4.8649e-03, 
 2DIAGNOSTIC,    23, -5.906307681710e-01, 5.816453055169e-04, 8.7603e-01, 4.2410e-03, 
 2DIAGNOSTIC,    24, -5.905636622010e-01, 4.878472529212e-04, 8.8048e-01, 4.4501e-03, 
 2DIAGNOSTIC,    25, -5.906024985370e-01, 3.662279783949e-04, 8.8537e-01, 4.8811e-03, 
 2DIAGNOSTIC,    26, -5.906025304324e-01, 2.276984665064e-04, 8.8964e-01, 4.2760e-03, 
 2DIAGNOSTIC,    27, -5.906211320574e-01, 8.394584288698e-05, 8.9388e-01, 4.2350e-03, 
 2DIAGNOSTIC,    28, -5.908796758313e-01, 1.198925031153e-05, 8.9816e-01, 4.2851e-03, 
 2DIAGNOSTIC,    29, -5.911411552395e-01, 1.217108543233e-05, 9.0291e-01, 4.7510e-03, 
 2DIAGNOSTIC,    30, -5.915241330962e-01, 2.456301684415e-05, 9.0926e-01, 6.3510e-03, 
 2DIAGNOSTIC,    31, -5.916229825993e-01, 3.758205306256e-05, 9.1350e-01, 4.2391e-03, 
 2DIAGNOSTIC,    32, -5.916651208817e-01, 4.532975449222e-05, 9.1773e-01, 4.2279e-03, 
 2DIAGNOSTIC,    33, -5.916874987632e-01, 4.885284294732e-05, 9.2215e-01, 4.4200e-03, 
 2DIAGNOSTIC,    34, -5.917053822200e-01, 4.682712858867e-05, 9.2716e-01, 5.0111e-03, 
 2DIAGNOSTIC,    35, -5.917390904868e-01, 4.153275817437e-05, 9.3866e-01, 1.1496e-02, 
 2DIAGNOSTIC,    36, -5.917390912695e-01, 3.272086429470e-05, 9.4290e-01, 4.2381e-03, 
 2DIAGNOSTIC,    37, -5.917391070342e-01, 2.163060314858e-05, 9.4718e-01, 4.2851e-03, 
 2DIAGNOSTIC,    38, -5.917391330930e-01, 1.245673595331e-05, 9.5142e-01, 4.2441e-03, 
 2DIAGNOSTIC,    39, -5.917391754735e-01, 5.801896389469e-06, 9.5570e-01, 4.2729e-03, 
 2DIAGNOSTIC,    40, -5.917392424311e-01, 3.643428651140e-06, 9.5987e-01, 4.1730e-03, 
 2DIAGNOSTIC,    41, -5.917393428829e-01, 2.487109298399e-06, 9.6412e-01, 4.2489e-03, 
 2DIAGNOSTIC,    42, -5.917394845334e-01, 1.715730317348e-06, 9.6839e-01, 4.2748e-03, 
 2DIAGNOSTIC,    43, -5.917396625587e-01, 1.144189314732e-06, 9.7266e-01, 4.2639e-03, 
DIAGNOSTIC,Iteration,metricValue,convergenceValue,ITERATION_TIME_INDEX,SINCE_LAST
 2DIAGNOSTIC,     1, -4.784004501420e-01, 1.797693134862e+308, 1.6648e+00, 6.9216e-01, 
 2DIAGNOSTIC,     2, -4.783999131489e-01, 1.797693134862e+308, 1.6979e+00, 3.3114e-02, 
 2DIAGNOSTIC,     3, -4.784190365427e-01, 1.797693134862e+308, 1.7298e+00, 3.1838e-02, 
 2DIAGNOSTIC,     4, -4.785028756513e-01, 1.797693134862e+308, 1.7577e+00, 2.7976e-02, 
 2DIAGNOSTIC,     5, -4.786647485432e-01, 1.797693134862e+308, 1.7864e+00, 2.8616e-02, 
 2DIAGNOSTIC,     6, -4.788099932961e-01, 1.797693134862e+308, 1.8173e+00, 3.0969e-02, 
 2DIAGNOSTIC,     7, -4.794645847218e-01, 1.797693134862e+308, 1.8452e+00, 2.7843e-02, 
 2DIAGNOSTIC,     8, -4.813619171750e-01, 1.797693134862e+308, 1.8841e+00, 3.8912e-02, 
 2DIAGNOSTIC,     9, -4.817935635328e-01, 1.797693134862e+308, 1.9165e+00, 3.2411e-02, 
 2DIAGNOSTIC,    10, -4.822647496899e-01, 5.583367504741e-04, 1.9442e+00, 2.7755e-02, 
 2DIAGNOSTIC,    11, -4.831344909908e-01, 6.366384574830e-04, 1.9756e+00, 3.1378e-02, 
 2DIAGNOSTIC,    12, -4.835768992575e-01, 6.653898034778e-04, 2.0197e+00, 4.4083e-02, 
 2DIAGNOSTIC,    13, -4.835677565323e-01, 6.290342968937e-04, 2.0538e+00, 3.4044e-02, 
 2DIAGNOSTIC,    14, -4.835733047840e-01, 5.452729207785e-04, 2.0902e+00, 3.6453e-02, 
 2DIAGNOSTIC,    15, -4.835701547250e-01, 4.305772095897e-04, 2.1204e+00, 3.0190e-02, 
 2DIAGNOSTIC,    16, -4.835566913005e-01, 2.956272804020e-04, 2.1509e+00, 3.0468e-02, 
 2DIAGNOSTIC,    17, -4.835523104087e-01, 1.703980275133e-04, 2.1824e+00, 3.1556e-02, 
 2DIAGNOSTIC,    18, -4.835483887832e-01, 1.058854945939e-04, 2.2100e+00, 2.7549e-02, 
 2DIAGNOSTIC,    19, -4.835469915472e-01, 5.203914176242e-05, 2.2371e+00, 2.7152e-02, 
 2DIAGNOSTIC,    20, -4.835401827381e-01, 1.204163308481e-05, 2.2672e+00, 3.0058e-02, 
DIAGNOSTIC,Iteration,metricValue,convergenceValue,ITERATION_TIME_INDEX,SINCE_LAST
 2DIAGNOSTIC,     1, -4.161561167873e-01, 1.797693134862e+308, 3.3768e+00, 1.1096e+00, 
 2DIAGNOSTIC,     2, -4.161756893438e-01, 1.797693134862e+308, 3.6604e+00, 2.8363e-01, 
 2DIAGNOSTIC,     3, -4.161696114508e-01, 1.797693134862e+308, 3.9110e+00, 2.5062e-01, 
 2DIAGNOSTIC,     4, -4.161681503552e-01, 1.797693134862e+308, 4.2813e+00, 3.7030e-01, 
 2DIAGNOSTIC,     5, -4.161678896601e-01, 1.797693134862e+308, 4.5474e+00, 2.6607e-01, 
 2DIAGNOSTIC,     6, -4.161669123584e-01, 1.797693134862e+308, 4.7936e+00, 2.4621e-01, 
 2DIAGNOSTIC,     7, -4.161667485642e-01, 1.797693134862e+308, 5.0505e+00, 2.5689e-01, 
 2DIAGNOSTIC,     8, -4.161656816014e-01, 1.797693134862e+308, 5.2674e+00, 2.1696e-01, 
 2DIAGNOSTIC,     9, -4.161650043537e-01, 1.797693134862e+308, 5.5230e+00, 2.5553e-01, 
 2DIAGNOSTIC,    10, -4.161655463813e-01, 2.943366594413e-06, 5.8091e+00, 2.8608e-01, 
 2DIAGNOSTIC,    11, -4.161636420994e-01, 1.720591491616e-06, 6.0668e+00, 2.5775e-01, 
 2DIAGNOSTIC,    12, -4.161624970808e-01, 1.867462473978e-06, 6.3242e+00, 2.5742e-01, 
 2DIAGNOSTIC,    13, -4.161615819743e-01, 1.698398061953e-06, 6.5484e+00, 2.2418e-01, 
 2DIAGNOSTIC,    14, -4.161624603293e-01, 1.592444846890e-06, 6.7984e+00, 2.5000e-01, 
 2DIAGNOSTIC,    15, -4.161620529812e-01, 1.530180434764e-06, 7.0492e+00, 2.5081e-01, 
 2DIAGNOSTIC,    16, -4.161603835105e-01, 1.417836915679e-06, 7.2798e+00, 2.3058e-01, 
 2DIAGNOSTIC,    17, -4.161625251480e-01, 1.455414114934e-06, 7.5361e+00, 2.5627e-01, 
 2DIAGNOSTIC,    18, -4.161617349624e-01, 1.453854858419e-06, 7.7624e+00, 2.2633e-01, 
 2DIAGNOSTIC,    19, -4.161656140593e-01, 1.594928499500e-06, 8.0194e+00, 2.5702e-01, 
 2DIAGNOSTIC,    20, -4.161678254529e-01, 1.821576322197e-06, 8.3536e+00, 3.3422e-01, 
 2DIAGNOSTIC,    21, -4.161672172258e-01, 1.924327021091e-06, 8.6236e+00, 2.7000e-01, 
 2DIAGNOSTIC,    22, -4.161665846122e-01, 1.927748308407e-06, 8.8417e+00, 2.1810e-01, 
 2DIAGNOSTIC,    23, -4.161660793965e-01, 1.843028033383e-06, 9.0953e+00, 2.5356e-01, 
 2DIAGNOSTIC,    24, -4.161655365532e-01, 1.730448865610e-06, 9.3193e+00, 2.2401e-01, 
 2DIAGNOSTIC,    25, -4.161651834946e-01, 1.568353731836e-06, 9.5393e+00, 2.2000e-01, 
 2DIAGNOSTIC,    26, -4.161660037664e-01, 1.368374529624e-06, 9.7871e+00, 2.4781e-01, 
 2DIAGNOSTIC,    27, -4.161651045495e-01, 1.203105052375e-06, 1.0001e+01, 2.1393e-01, 
 2DIAGNOSTIC,    28, -4.161679884897e-01, 1.097088643293e-06, 1.0220e+01, 2.1899e-01, 
 2DIAGNOSTIC,    29, -4.161710849647e-01, 1.162831221431e-06, 1.0491e+01, 2.7121e-01, 
 2DIAGNOSTIC,    30, -4.161703640305e-01, 1.250475695991e-06, 1.0734e+01, 2.4264e-01, 
 2DIAGNOSTIC,    31, -4.161708142910e-01, 1.313167812281e-06, 1.0985e+01, 2.5147e-01, 
 2DIAGNOSTIC,    32, -4.161710089263e-01, 1.336085269192e-06, 1.1226e+01, 2.4054e-01, 
 2DIAGNOSTIC,    33, -4.161749613447e-01, 1.395595231928e-06, 1.1476e+01, 2.5042e-01, 
 2DIAGNOSTIC,    34, -4.161777487503e-01, 1.452526296655e-06, 1.1691e+01, 2.1480e-01, 
 2DIAGNOSTIC,    35, -4.161792220174e-01, 1.478601712613e-06, 1.1946e+01, 2.5493e-01, 
 2DIAGNOSTIC,    36, -4.161806859644e-01, 1.495439418048e-06, 1.2210e+01, 2.6445e-01, 
 2DIAGNOSTIC,    37, -4.161791778422e-01, 1.407680669745e-06, 1.2429e+01, 2.1848e-01, 
 2DIAGNOSTIC,    38, -4.161838486863e-01, 1.406626876317e-06, 1.2727e+01, 2.9836e-01, 
 2DIAGNOSTIC,    39, -4.161849953096e-01, 1.422742181015e-06, 1.3008e+01, 2.8088e-01, 
 2DIAGNOSTIC,    40, -4.161860914886e-01, 1.386764640822e-06, 1.3347e+01, 3.3908e-01, 
 2DIAGNOSTIC,    41, -4.161854987572e-01, 1.295749583331e-06, 1.3593e+01, 2.4585e-01, 
 2DIAGNOSTIC,    42, -4.161840259984e-01, 1.138573346996e-06, 1.3864e+01, 2.7116e-01, 
 2DIAGNOSTIC,    43, -4.161834049856e-01, 1.004201837244e-06, 1.4083e+01, 2.1903e-01, 
DIAGNOSTIC,Iteration,metricValue,convergenceValue,ITERATION_TIME_INDEX,SINCE_LAST
 2DIAGNOSTIC,     1, -3.834265912330e-01, 1.797693134862e+308, 1.6584e+01, 2.5004e+00, 
 2DIAGNOSTIC,     2, -3.834925053352e-01, 1.797693134862e+308, 1.8150e+01, 1.5666e+00, 
 2DIAGNOSTIC,     3, -3.834978116471e-01, 1.797693134862e+308, 1.9658e+01, 1.5074e+00, 
 2DIAGNOSTIC,     4, -3.835004127722e-01, 1.797693134862e+308, 2.1346e+01, 1.6885e+00, 
 2DIAGNOSTIC,     5, -3.835019582508e-01, 1.797693134862e+308, 2.2986e+01, 1.6397e+00, 
 2DIAGNOSTIC,     6, -3.835049957412e-01, 1.797693134862e+308, 2.4695e+01, 1.7088e+00, 
 2DIAGNOSTIC,     7, -3.835058343716e-01, 1.797693134862e+308, 2.6430e+01, 1.7355e+00, 
 2DIAGNOSTIC,     8, -3.835066498250e-01, 1.797693134862e+308, 2.8249e+01, 1.8183e+00, 
 2DIAGNOSTIC,     9, -3.835062955318e-01, 1.797693134862e+308, 2.9982e+01, 1.7339e+00, 
 2DIAGNOSTIC,    10, -3.835063108992e-01, 1.066660753203e-05, 3.1647e+01, 1.6645e+00, 
 2DIAGNOSTIC,    11, -3.835061571787e-01, 4.747040746322e-06, 3.3837e+01, 2.1902e+00, 
 2DIAGNOSTIC,    12, -3.835060832645e-01, 3.706200691928e-06, 3.5156e+01, 1.3190e+00, 
 2DIAGNOSTIC,    13, -3.835060190716e-01, 3.027826127155e-06, 3.6674e+01, 1.5178e+00, 
 2DIAGNOSTIC,    14, -3.835058638474e-01, 2.523467072232e-06, 3.8169e+01, 1.4951e+00, 
 2DIAGNOSTIC,    15, -3.835058006959e-01, 2.133709280233e-06, 3.9734e+01, 1.5647e+00, 
 2DIAGNOSTIC,    16, -3.835056463967e-01, 1.924177727583e-06, 4.1809e+01, 2.0758e+00, 
 2DIAGNOSTIC,    17, -3.835054775124e-01, 1.773328559988e-06, 4.3403e+01, 1.5936e+00, 
 2DIAGNOSTIC,    18, -3.835053086117e-01, 1.675385378146e-06, 4.4824e+01, 1.4211e+00, 
 2DIAGNOSTIC,    19, -3.835051448140e-01, 1.576051818136e-06, 4.6268e+01, 1.4436e+00, 
 2DIAGNOSTIC,    20, -3.835051658762e-01, 1.497295074683e-06, 4.7601e+01, 1.3336e+00, 
 2DIAGNOSTIC,    21, -3.835053779571e-01, 1.436675313743e-06, 4.9133e+01, 1.5319e+00, 
 2DIAGNOSTIC,    22, -3.835055901410e-01, 1.393331721007e-06, 5.0638e+01, 1.5048e+00, 
 2DIAGNOSTIC,    23, -3.835055251001e-01, 1.354581542275e-06, 5.2209e+01, 1.5707e+00, 
 2DIAGNOSTIC,    24, -3.835054518280e-01, 1.314933130575e-06, 5.3725e+01, 1.5157e+00, 
 2DIAGNOSTIC,    25, -3.835053813421e-01, 1.275595341133e-06, 5.5087e+01, 1.3622e+00, 
 2DIAGNOSTIC,    26, -3.835053141615e-01, 1.232550095348e-06, 5.6384e+01, 1.2971e+00, 
 2DIAGNOSTIC,    27, -3.835053494673e-01, 1.188143193866e-06, 5.7745e+01, 1.3613e+00, 
 2DIAGNOSTIC,    28, -3.835054089352e-01, 1.143229099901e-06, 5.9241e+01, 1.4954e+00, 
 2DIAGNOSTIC,    29, -3.835055814677e-01, 1.101082730048e-06, 6.0594e+01, 1.3532e+00, 
 2DIAGNOSTIC,    30, -3.835053714640e-01, 1.056523028349e-06, 6.2615e+01, 2.0212e+00, 
 2DIAGNOSTIC,    31, -3.835053052287e-01, 1.018740041422e-06, 6.4104e+01, 1.4893e+00, 
  Elapsed time (stage 0): 6.4976e+01


Total elapsed time: 6.4978e+01
Info [verificarlo]: loaded backend libinterflop_vprec.so
Info [interflop-vprec]: load backend with: 
Info [interflop-vprec]: precision-binary32 = 7
Info [interflop-vprec]: range-binary32 = 7
Info [interflop-vprec]: precision-binary64 = 7
Info [interflop-vprec]: range-binary64 = 7
Info [interflop-vprec]: mode = ob
Info [interflop-vprec]: error-mode = rel
Info [interflop-vprec]: max-abs-error-exponent = -1022
Info [interflop-vprec]: daz = false
Info [interflop-vprec]: ftz = false
Info [interflop-vprec]: 	instrument = none
Info [interflop-vprec]: 	prec-input-file = (null)
Info [interflop-vprec]: 	prec-output-file = (null)
Info [interflop-vprec]: 	prec-log-file = (null)
All_Command_lines_OK
Using double precision for computations.
=============================================================================
The composite transform comprises the following transforms (in order): 
  1. /home/mdugre/scratch/mri-registration-rp/datasets/ds004513/derivatives/mri-registration-rp/0011/antsRegistration-r7-p7/sub-s017/rigid_Composite.h5[0] (type = Euler3DTransform)
  2. /home/mdugre/scratch/mri-registration-rp/datasets/ds004513/derivatives/mri-registration-rp/0011/antsRegistration-r7-p7/sub-s017/rigid_Composite.h5[1] (type = Euler3DTransform)
  3. /home/mdugre/scratch/mri-registration-rp/datasets/ds004513/derivatives/mri-registration-rp/0011/antsRegistration-r7-p7/sub-s017/rigid_Composite.h5[2] (type = Euler3DTransform)
=============================================================================
  number of levels = 4
  fixed image: /templateflow/tpl-MNI152NLin2009cAsym/tpl-MNI152NLin2009cAsym_res-01_desc-brain_T1w.nii.gz
  moving image: /home/mdugre/scratch/mri-registration-rp/datasets/ds004513/derivatives/mri-registration-rp/antsBrainExtraction/sub-s017/BrainExtractionBrain.nii.gz
Dimension = 3
Number of stages = 1
Use histogram matching = false
Winsorize image intensities = true
  Lower quantile = 0.005
  Upper quantile = 0.995


Stage 1 State
   Image metric = MattesMI
     Fixed image = Image (0x3e041e0)
  RTTI typeinfo:   itk::Image<double, 3u>
  Reference Count: 2
  Modified Time: 1592
  Debug: Off
  Object Name: 
  Observers: 
    none
  Source: (none)
  Source output name: (none)
  Release Data: Off
  Data Released: False
  Global Release Data: Off
  PipelineMTime: 0
  UpdateMTime: 1203
  RealTimeStamp: 0 seconds 
  LargestPossibleRegion: 
    Dimension: 3
    Index: [0, 0, 0]
    Size: [193, 229, 193]
  BufferedRegion: 
    Dimension: 3
    Index: [0, 0, 0]
    Size: [193, 229, 193]
  RequestedRegion: 
    Dimension: 3
    Index: [0, 0, 0]
    Size: [193, 229, 193]
  Spacing: [1, 1, 1]
  Origin: [96, 132, -78]
  Direction: 
-1 0 0
0 -1 0
0 0 1

  IndexToPointMatrix: 
-1 0 0
0 -1 0
0 0 1

  PointToIndexMatrix: 
-1 0 0
0 -1 0
0 0 1

  Inverse Direction: 
-1 0 0
0 -1 0
0 0 1

  PixelContainer: 
    ImportImageContainer (0x3ed1890)
      RTTI typeinfo:   itk::ImportImageContainer<unsigned long, double>
      Reference Count: 1
      Modified Time: 1200
      Debug: Off
      Object Name: 
      Observers: 
        none
      Pointer: 0x14aadedf0010
      Container manages memory: true
      Size: 8530021
      Capacity: 8530021

     Moving image = Image (0x3ed0e40)
  RTTI typeinfo:   itk::Image<double, 3u>
  Reference Count: 2
  Modified Time: 1593
  Debug: Off
  Object Name: 
  Observers: 
    none
  Source: (none)
  Source output name: (none)
  Release Data: Off
  Data Released: False
  Global Release Data: Off
  PipelineMTime: 0
  UpdateMTime: 1590
  RealTimeStamp: 0 seconds 
  LargestPossibleRegion: 
    Dimension: 3
    Index: [0, 0, 0]
    Size: [160, 240, 256]
  BufferedRegion: 
    Dimension: 3
    Index: [0, 0, 0]
    Size: [160, 240, 256]
  RequestedRegion: 
    Dimension: 3
    Index: [0, 0, 0]
    Size: [160, 240, 256]
  Spacing: [1, 1, 1]
  Origin: [91.5, 102, -120]
  Direction: 
-0.996094 -5.36442e-05 -0.0708008
5.34058e-05 -1 3.7998e-06
-0.0708008 -1.49012e-08 0.996094

  IndexToPointMatrix: 
-0.996094 -5.36442e-05 -0.0708008
5.34058e-05 -1 3.7998e-06
-0.0708008 -1.49012e-08 0.996094

  PointToIndexMatrix: 
-1 5.34058e-05 -0.0708008
-5.34058e-05 -1 -1.89245e-06
-0.0708008 1.89245e-06 0.996094

  Inverse Direction: 
-1 5.34058e-05 -0.0708008
-5.34058e-05 -1 -1.89245e-06
-0.0708008 1.89245e-06 0.996094

  PixelContainer: 
    ImportImageContainer (0x3f71a50)
      RTTI typeinfo:   itk::ImportImageContainer<unsigned long, double>
      Reference Count: 1
      Modified Time: 1587
      Debug: Off
      Object Name: 
      Observers: 
        none
      Pointer: 0x14aada2ef010
      Container manages memory: true
      Size: 9830400
      Capacity: 9830400

     Weighting = 1
     Sampling strategy = regular
     Number of bins = 32
     Radius = 4
     Sampling percentage  = 0.25
   Transform = Affine
     Gradient step = 0.1
     Update field sigma (voxel space) = 0
     Total field sigma (voxel space) = 0
     Update field time sigma = 0
     Total field time sigma  = 0
     Number of time indices = 0
     Number of time point samples = 0
Registration using 1 total stages.

Stage 0
  iterations = 1000x500x250x100
  convergence threshold = 1e-06
  convergence window size = 10
  number of levels = 4
  using the Mattes MI metric (number of bins = 32, weight = 1, use gradient filter = 0)
  preprocessing:  winsorizing the image intensities
  Shrink factors (level 1 out of 4): [8, 8, 8]
  Shrink factors (level 2 out of 4): [4, 4, 4]
  Shrink factors (level 3 out of 4): [2, 2, 2]
  Shrink factors (level 4 out of 4): [1, 1, 1]
  smoothing sigmas per level: [3, 2, 1, 0]
  regular sampling (percentage = 0.25)

*** Running AffineTransform registration ***

DIAGNOSTIC,Iteration,metricValue,convergenceValue,ITERATION_TIME_INDEX,SINCE_LAST
 2DIAGNOSTIC,     1, -6.001576824937e-01, 1.797693134862e+308, 0.0000e+00, 0.0000e+00, 
 2DIAGNOSTIC,     2, -6.001576824937e-01, 1.797693134862e+308, 0.0000e+00, 0.0000e+00, 
 2DIAGNOSTIC,     3, -6.001576824937e-01, 1.797693134862e+308, 0.0000e+00, 0.0000e+00, 
 2DIAGNOSTIC,     4, -6.001576824937e-01, 1.797693134862e+308, 0.0000e+00, 0.0000e+00, 
 2DIAGNOSTIC,     5, -6.001576824937e-01, 1.797693134862e+308, 0.0000e+00, 0.0000e+00, 
 2DIAGNOSTIC,     6, -6.001576824937e-01, 1.797693134862e+308, 0.0000e+00, 0.0000e+00, 
 2DIAGNOSTIC,     7, -6.001576824937e-01, 1.797693134862e+308, 0.0000e+00, 0.0000e+00, 
 2DIAGNOSTIC,     8, -6.001576824937e-01, 1.797693134862e+308, 0.0000e+00, 0.0000e+00, 
 2DIAGNOSTIC,     9, -6.001576824937e-01, 1.797693134862e+308, 0.0000e+00, 0.0000e+00, 
DIAGNOSTIC,Iteration,metricValue,convergenceValue,ITERATION_TIME_INDEX,SINCE_LAST
 2DIAGNOSTIC,     1, -4.841408750110e-01, 1.797693134862e+308, 0.0000e+00, 0.0000e+00, 
 2DIAGNOSTIC,     2, -4.841408750110e-01, 1.797693134862e+308, 0.0000e+00, 0.0000e+00, 
 2DIAGNOSTIC,     3, -4.841408750110e-01, 1.797693134862e+308, 0.0000e+00, 0.0000e+00, 
 2DIAGNOSTIC,     4, -4.841447491311e-01, 1.797693134862e+308, 0.0000e+00, 0.0000e+00, 
 2DIAGNOSTIC,     5, -4.841447491311e-01, 1.797693134862e+308, 0.0000e+00, 0.0000e+00, 
 2DIAGNOSTIC,     6, -4.841447491311e-01, 1.797693134862e+308, 0.0000e+00, 0.0000e+00, 
 2DIAGNOSTIC,     7, -4.841447491311e-01, 1.797693134862e+308, 0.0000e+00, 0.0000e+00, 
 2DIAGNOSTIC,     8, -4.841447491311e-01, 1.797693134862e+308, 0.0000e+00, 0.0000e+00, 
 2DIAGNOSTIC,     9, -4.841447491311e-01, 1.797693134862e+308, 0.0000e+00, 0.0000e+00, 
DIAGNOSTIC,Iteration,metricValue,convergenceValue,ITERATION_TIME_INDEX,SINCE_LAST
 2DIAGNOSTIC,     1, -4.128270576426e-01, 1.797693134862e+308, 0.0000e+00, 0.0000e+00, 
 2DIAGNOSTIC,     2, -4.128270576426e-01, 1.797693134862e+308, 0.0000e+00, 0.0000e+00, 
 2DIAGNOSTIC,     3, -4.128270576426e-01, 1.797693134862e+308, 0.0000e+00, 0.0000e+00, 
 2DIAGNOSTIC,     4, -4.128270576426e-01, 1.797693134862e+308, 0.0000e+00, 0.0000e+00, 
 2DIAGNOSTIC,     5, -4.128265481238e-01, 1.797693134862e+308, 0.0000e+00, 0.0000e+00, 
 2DIAGNOSTIC,     6, -4.128265481238e-01, 1.797693134862e+308, 0.0000e+00, 0.0000e+00, 
 2DIAGNOSTIC,     7, -4.128265481238e-01, 1.797693134862e+308, 0.0000e+00, 0.0000e+00, 
 2DIAGNOSTIC,     8, -4.128265481238e-01, 1.797693134862e+308, 0.0000e+00, 0.0000e+00, 
 2DIAGNOSTIC,     9, -4.128265481238e-01, 1.797693134862e+308, 0.0000e+00, 0.0000e+00, 
DIAGNOSTIC,Iteration,metricValue,convergenceValue,ITERATION_TIME_INDEX,SINCE_LAST
 2DIAGNOSTIC,     1, -3.784967521032e-01, 1.797693134862e+308, 0.0000e+00, 0.0000e+00, 
 2DIAGNOSTIC,     2, -3.784969171322e-01, 1.797693134862e+308, 0.0000e+00, 0.0000e+00, 
 2DIAGNOSTIC,     3, -3.784973143152e-01, 1.797693134862e+308, 0.0000e+00, 0.0000e+00, 
 2DIAGNOSTIC,     4, -3.785007309984e-01, 1.797693134862e+308, 0.0000e+00, 0.0000e+00, 
 2DIAGNOSTIC,     5, -3.803186610043e-01, 1.797693134862e+308, 0.0000e+00, 0.0000e+00, 
 2DIAGNOSTIC,     6, -3.862412260768e-01, 1.797693134862e+308, 0.0000e+00, 0.0000e+00, 
 2DIAGNOSTIC,     7, -3.917697090894e-01, 1.797693134862e+308, 0.0000e+00, 0.0000e+00, 
 2DIAGNOSTIC,     8, -3.984044147508e-01, 1.797693134862e+308, 0.0000e+00, 0.0000e+00, 
 2DIAGNOSTIC,     9, -4.047167667298e-01, 1.797693134862e+308, 0.0000e+00, 0.0000e+00, 
 2DIAGNOSTIC,    10, -4.147729635860e-01, 5.863025231751e-03, 0.0000e+00, 0.0000e+00, 
 2DIAGNOSTIC,    11, -4.346253068486e-01, 7.588373090183e-03, 0.0000e+00, 0.0000e+00, 
 2DIAGNOSTIC,    12, -4.717183626502e-01, 1.042847111914e-02, 0.0000e+00, 0.0000e+00, 
 2DIAGNOSTIC,    13, -5.167790104497e-01, 1.410267074505e-02, 0.0000e+00, 0.0000e+00, 
 2DIAGNOSTIC,    14, -5.307015804270e-01, 1.647879861598e-02, 0.0000e+00, 0.0000e+00, 
 2DIAGNOSTIC,    15, -5.367812317908e-01, 1.733656323735e-02, 0.0000e+00, 0.0000e+00, 
 2DIAGNOSTIC,    16, -5.366871890202e-01, 1.674667063414e-02, 0.0000e+00, 0.0000e+00, 
 2DIAGNOSTIC,    17, -5.367443071627e-01, 1.491445934747e-02, 0.0000e+00, 0.0000e+00, 
 2DIAGNOSTIC,    18, -5.367866274694e-01, 1.218694199011e-02, 0.0000e+00, 0.0000e+00, 
 2DIAGNOSTIC,    19, -5.368046200493e-01, 8.898662850515e-03, 0.0000e+00, 0.0000e+00, 
 2DIAGNOSTIC,    20, -5.367944596715e-01, 5.510349563999e-03, 0.0000e+00, 0.0000e+00, 
 2DIAGNOSTIC,    21, -5.368072241442e-01, 2.568919466940e-03, 0.0000e+00, 0.0000e+00, 
 2DIAGNOSTIC,    22, -5.367994356898e-01, 7.121000513814e-04, 0.0000e+00, 0.0000e+00, 
 2DIAGNOSTIC,    23, -5.367903979030e-01, 1.652583840184e-04, 0.0000e+00, 0.0000e+00, 
 2DIAGNOSTIC,    24, -5.367890754651e-01, 3.666331173768e-06, 0.0000e+00, 0.0000e+00, 
 2DIAGNOSTIC,    25, -5.367838028497e-01, 3.336237836611e-06, 0.0000e+00, 0.0000e+00, 
  Elapsed time (stage 0): 0.0000e+00


Total elapsed time: 0.0000e+00
Info [verificarlo]: loaded backend libinterflop_vprec.so
Info [interflop-vprec]: load backend with: 
Info [interflop-vprec]: precision-binary32 = 7
Info [interflop-vprec]: range-binary32 = 7
Info [interflop-vprec]: precision-binary64 = 7
Info [interflop-vprec]: range-binary64 = 7
Info [interflop-vprec]: mode = ob
Info [interflop-vprec]: error-mode = rel
Info [interflop-vprec]: max-abs-error-exponent = -1022
Info [interflop-vprec]: daz = false
Info [interflop-vprec]: ftz = false
Info [interflop-vprec]: 	instrument = none
Info [interflop-vprec]: 	prec-input-file = (null)
Info [interflop-vprec]: 	prec-output-file = (null)
Info [interflop-vprec]: 	prec-log-file = (null)
All_Command_lines_OK
Using double precision for computations.
=============================================================================
The composite transform comprises the following transforms (in order): 
  1. /home/mdugre/scratch/mri-registration-rp/datasets/ds004513/derivatives/mri-registration-rp/0011/antsRegistration-r7-p7/sub-s017/affine_Composite.h5[0] (type = Euler3DTransform)
  2. /home/mdugre/scratch/mri-registration-rp/datasets/ds004513/derivatives/mri-registration-rp/0011/antsRegistration-r7-p7/sub-s017/affine_Composite.h5[1] (type = Euler3DTransform)
  3. /home/mdugre/scratch/mri-registration-rp/datasets/ds004513/derivatives/mri-registration-rp/0011/antsRegistration-r7-p7/sub-s017/affine_Composite.h5[2] (type = Euler3DTransform)
  4. /home/mdugre/scratch/mri-registration-rp/datasets/ds004513/derivatives/mri-registration-rp/0011/antsRegistration-r7-p7/sub-s017/affine_Composite.h5[3] (type = AffineTransform)
=============================================================================
  number of levels = 4
  fixed image: /templateflow/tpl-MNI152NLin2009cAsym/tpl-MNI152NLin2009cAsym_res-01_desc-brain_T1w.nii.gz
  moving image: /home/mdugre/scratch/mri-registration-rp/datasets/ds004513/derivatives/mri-registration-rp/antsBrainExtraction/sub-s017/BrainExtractionBrain.nii.gz
Dimension = 3
Number of stages = 1
Use histogram matching = false
Winsorize image intensities = true
  Lower quantile = 0.005
  Upper quantile = 0.995


Stage 1 State
   Image metric = CC
     Fixed image = Image (0x48dc6f0)
  RTTI typeinfo:   itk::Image<double, 3u>
  Reference Count: 2
  Modified Time: 1606
  Debug: Off
  Object Name: 
  Observers: 
    none
  Source: (none)
  Source output name: (none)
  Release Data: Off
  Data Released: False
  Global Release Data: Off
  PipelineMTime: 0
  UpdateMTime: 1217
  RealTimeStamp: 0 seconds 
  LargestPossibleRegion: 
    Dimension: 3
    Index: [0, 0, 0]
    Size: [193, 229, 193]
  BufferedRegion: 
    Dimension: 3
    Index: [0, 0, 0]
    Size: [193, 229, 193]
  RequestedRegion: 
    Dimension: 3
    Index: [0, 0, 0]
    Size: [193, 229, 193]
  Spacing: [1, 1, 1]
  Origin: [96, 132, -78]
  Direction: 
-1 0 0
0 -1 0
0 0 1

  IndexToPointMatrix: 
-1 0 0
0 -1 0
0 0 1

  PointToIndexMatrix: 
-1 0 0
0 -1 0
0 0 1

  Inverse Direction: 
-1 0 0
0 -1 0
0 0 1

  PixelContainer: 
    ImportImageContainer (0x49aa8b0)
      RTTI typeinfo:   itk::ImportImageContainer<unsigned long, double>
      Reference Count: 1
      Modified Time: 1214
      Debug: Off
      Object Name: 
      Observers: 
        none
      Pointer: 0x147eaf2cb010
      Container manages memory: true
      Size: 8530021
      Capacity: 8530021

     Moving image = Image (0x4998240)
  RTTI typeinfo:   itk::Image<double, 3u>
  Reference Count: 2
  Modified Time: 1607
  Debug: Off
  Object Name: 
  Observers: 
    none
  Source: (none)
  Source output name: (none)
  Release Data: Off
  Data Released: False
  Global Release Data: Off
  PipelineMTime: 0
  UpdateMTime: 1604
  RealTimeStamp: 0 seconds 
  LargestPossibleRegion: 
    Dimension: 3
    Index: [0, 0, 0]
    Size: [160, 240, 256]
  BufferedRegion: 
    Dimension: 3
    Index: [0, 0, 0]
    Size: [160, 240, 256]
  RequestedRegion: 
    Dimension: 3
    Index: [0, 0, 0]
    Size: [160, 240, 256]
  Spacing: [1, 1, 1]
  Origin: [91.5, 102, -120]
  Direction: 
-0.996094 -5.36442e-05 -0.0708008
5.34058e-05 -1 3.7998e-06
-0.0708008 -1.49012e-08 0.996094

  IndexToPointMatrix: 
-0.996094 -5.36442e-05 -0.0708008
5.34058e-05 -1 3.7998e-06
-0.0708008 -1.49012e-08 0.996094

  PointToIndexMatrix: 
-1 5.34058e-05 -0.0708008
-5.34058e-05 -1 -1.89245e-06
-0.0708008 1.89245e-06 0.996094

  Inverse Direction: 
-1 5.34058e-05 -0.0708008
-5.34058e-05 -1 -1.89245e-06
-0.0708008 1.89245e-06 0.996094

  PixelContainer: 
    ImportImageContainer (0x49d6690)
      RTTI typeinfo:   itk::ImportImageContainer<unsigned long, double>
      Reference Count: 1
      Modified Time: 1601
      Debug: Off
      Object Name: 
      Observers: 
        none
      Pointer: 0x147eaa7ca010
      Container manages memory: true
      Size: 9830400
      Capacity: 9830400

     Weighting = 1
     Sampling strategy = none
     Number of bins = 32
     Radius = 4
     Sampling percentage  = 1
   Transform = SyN
     Gradient step = 0.1
     Update field sigma (voxel space) = 3
     Total field sigma (voxel space) = 0
     Update field time sigma = 0
     Total field time sigma  = 0
     Number of time indices = 0
     Number of time point samples = 0
Registration using 1 total stages.

Stage 0
  iterations = 100x70x50x20
  convergence threshold = 1e-06
  convergence window size = 10
  number of levels = 4
  using the CC metric (radius = 4, weight = 1, use gradient filter = 0)
  preprocessing:  winsorizing the image intensities
  Shrink factors (level 1 out of 4): [8, 8, 8]
  Shrink factors (level 2 out of 4): [4, 4, 4]
  Shrink factors (level 3 out of 4): [2, 2, 2]
  Shrink factors (level 4 out of 4): [1, 1, 1]
  smoothing sigmas per level: [3, 2, 1, 0]
  Using default NONE metricSamplingStrategy 

