
##########################
# Experiment information #
##########################

EXPERIMENT_NAME: antsRegistration-r7-p21
VFC_BACKENDS: libinterflop_vprec.so --range-binary32=7 --precision-binary32=21 --range-binary64=7 --precision-binary64=21

SIF_IMG: /home/mdugre/projects/rrg-glatard/mdugre/containers/ants-vprec-no_metrics.simg

SUBJECT_ID: s014
INPUT_IMG: /home/mdugre/scratch/mri-registration-rp/datasets/ds004513/derivatives/mri-registration-rp/antsBrainExtraction/sub-s014/BrainExtractionBrain.nii.gz
OUTPUT_DIR: /home/mdugre/scratch/mri-registration-rp/datasets/ds004513/derivatives/mri-registration-rp/0011/antsRegistration-r7-p21/sub-s014

FIXED_IMG: /templateflow/tpl-MNI152NLin2009cAsym/tpl-MNI152NLin2009cAsym_res-01_desc-brain_T1w.nii.gz
DATA_DIR: /home/mdugre/scratch/mri-registration-rp/datasets/ds004513
TEMPLATEFLOW_DIR: /home/mdugre/projects/rrg-glatard/mdugre/templateflow
ITK_GLOBAL_DEFAULT_NUMBER_OF_THREADS: 16
##########################

Info [verificarlo]: loaded backend libinterflop_ieee.so
Info [interflop-ieee]: load backend with:
Info [interflop-ieee]: debug = false
Info [interflop-ieee]: debug-binary = false
Info [interflop-ieee]: no-backend-name = false
Info [interflop-ieee]: print-new-line = false
Info [interflop-ieee]: print-subnormal-normalized = false
Info [interflop-ieee]: count-op = false
All_Command_lines_OK
Using double precision for computations.
=============================================================================
The composite transform comprises the following transforms (in order): 
  1. Center of mass alignment using fixed image: /templateflow/tpl-MNI152NLin2009cAsym/tpl-MNI152NLin2009cAsym_res-01_desc-brain_T1w.nii.gz and moving image: /home/mdugre/scratch/mri-registration-rp/datasets/ds004513/derivatives/mri-registration-rp/antsBrainExtraction/sub-s014/BrainExtractionBrain.nii.gz (type = Euler3DTransform)
=============================================================================
  number of levels = 1
  fixed image: /templateflow/tpl-MNI152NLin2009cAsym/tpl-MNI152NLin2009cAsym_res-01_desc-brain_T1w.nii.gz
  moving image: /home/mdugre/scratch/mri-registration-rp/datasets/ds004513/derivatives/mri-registration-rp/antsBrainExtraction/sub-s014/BrainExtractionBrain.nii.gz
Dimension = 3
Number of stages = 1
Use histogram matching = false
Winsorize image intensities = true
  Lower quantile = 0.005
  Upper quantile = 0.995


Stage 1 State
   Image metric = MattesMI
     Fixed image = Image (0x4ed4e70)
  RTTI typeinfo:   itk::Image<double, 3u>
  Reference Count: 2
  Modified Time: 2334
  Debug: Off
  Object Name: 
  Observers: 
    none
  Source: (none)
  Source output name: (none)
  Release Data: Off
  Data Released: False
  Global Release Data: Off
  PipelineMTime: 0
  UpdateMTime: 1943
  RealTimeStamp: 0 seconds 
  LargestPossibleRegion: 
    Dimension: 3
    Index: [0, 0, 0]
    Size: [193, 229, 193]
  BufferedRegion: 
    Dimension: 3
    Index: [0, 0, 0]
    Size: [193, 229, 193]
  RequestedRegion: 
    Dimension: 3
    Index: [0, 0, 0]
    Size: [193, 229, 193]
  Spacing: [1, 1, 1]
  Origin: [96, 132, -78]
  Direction: 
-1 0 0
0 -1 0
0 0 1

  IndexToPointMatrix: 
-1 0 0
0 -1 0
0 0 1

  PointToIndexMatrix: 
-1 0 0
0 -1 0
0 0 1

  Inverse Direction: 
-1 0 0
0 -1 0
0 0 1

  PixelContainer: 
    ImportImageContainer (0x4ee1140)
      RTTI typeinfo:   itk::ImportImageContainer<unsigned long, double>
      Reference Count: 1
      Modified Time: 1940
      Debug: Off
      Object Name: 
      Observers: 
        none
      Pointer: 0x150adb307010
      Container manages memory: true
      Size: 8530021
      Capacity: 8530021

     Moving image = Image (0x4ede310)
  RTTI typeinfo:   itk::Image<double, 3u>
  Reference Count: 2
  Modified Time: 2335
  Debug: Off
  Object Name: 
  Observers: 
    none
  Source: (none)
  Source output name: (none)
  Release Data: Off
  Data Released: False
  Global Release Data: Off
  PipelineMTime: 0
  UpdateMTime: 2332
  RealTimeStamp: 0 seconds 
  LargestPossibleRegion: 
    Dimension: 3
    Index: [0, 0, 0]
    Size: [160, 240, 256]
  BufferedRegion: 
    Dimension: 3
    Index: [0, 0, 0]
    Size: [160, 240, 256]
  RequestedRegion: 
    Dimension: 3
    Index: [0, 0, 0]
    Size: [160, 240, 256]
  Spacing: [0.999999, 1, 1]
  Origin: [84.1637, 106.709, -120.531]
  Direction: 
-0.999619 -0.0226874 -0.0157033
0.0226846 -0.999743 0.00035635
-0.0157073 -7.8229e-09 0.999877

  IndexToPointMatrix: 
-0.999619 -0.0226874 -0.0157033
0.0226845 -0.999743 0.00035635
-0.0157073 -7.8229e-09 0.999877

  PointToIndexMatrix: 
-0.99962 0.0226846 -0.0157073
-0.0226874 -0.999743 -7.83127e-09
-0.0157033 0.00035635 0.999877

  Inverse Direction: 
-0.999619 0.0226846 -0.0157073
-0.0226874 -0.999743 -7.83127e-09
-0.0157033 0.00035635 0.999877

  PixelContainer: 
    ImportImageContainer (0x5009610)
      RTTI typeinfo:   itk::ImportImageContainer<unsigned long, double>
      Reference Count: 1
      Modified Time: 2329
      Debug: Off
      Object Name: 
      Observers: 
        none
      Pointer: 0x150ad6806010
      Container manages memory: true
      Size: 9830400
      Capacity: 9830400

     Weighting = 1
     Sampling strategy = regular
     Number of bins = 32
     Radius = 4
     Sampling percentage  = 0.25
   Transform = Rigid
     Gradient step = 0.1
     Update field sigma (voxel space) = 0
     Total field sigma (voxel space) = 0
     Update field time sigma = 0
     Total field time sigma  = 0
     Number of time indices = 0
     Number of time point samples = 0
Registration using 1 total stages.

Stage 0
  iterations = 0
  convergence threshold = 1e-06
  convergence window size = 10
  number of levels = 1
  using the Mattes MI metric (number of bins = 32, weight = 1, use gradient filter = 0)
  preprocessing:  winsorizing the image intensities
  Shrink factors (level 1 out of 1): [1, 1, 1]
  smoothing sigmas per level: [0]
  regular sampling (percentage = 0.25)

*** Running Euler3DTransform registration ***

  Elapsed time (stage 0): 1.15819


Total elapsed time: 1.16065
Info [verificarlo]: loaded backend libinterflop_ieee.so
Info [interflop-ieee]: load backend with:
Info [interflop-ieee]: debug = false
Info [interflop-ieee]: debug-binary = false
Info [interflop-ieee]: no-backend-name = false
Info [interflop-ieee]: print-new-line = false
Info [interflop-ieee]: print-subnormal-normalized = false
Info [interflop-ieee]: count-op = false
All_Command_lines_OK
Using double precision for computations.
=============================================================================
The composite transform comprises the following transforms (in order): 
  1. /home/mdugre/scratch/mri-registration-rp/datasets/ds004513/derivatives/mri-registration-rp/0011/antsRegistration-r7-p21/sub-s014/align_Composite.h5[0] (type = Euler3DTransform)
  2. /home/mdugre/scratch/mri-registration-rp/datasets/ds004513/derivatives/mri-registration-rp/0011/antsRegistration-r7-p21/sub-s014/align_Composite.h5[1] (type = Euler3DTransform)
=============================================================================
  number of levels = 4
  fixed image: /templateflow/tpl-MNI152NLin2009cAsym/tpl-MNI152NLin2009cAsym_res-01_desc-brain_T1w.nii.gz
  moving image: /home/mdugre/scratch/mri-registration-rp/datasets/ds004513/derivatives/mri-registration-rp/antsBrainExtraction/sub-s014/BrainExtractionBrain.nii.gz
Dimension = 3
Number of stages = 1
Use histogram matching = false
Winsorize image intensities = true
  Lower quantile = 0.005
  Upper quantile = 0.995


Stage 1 State
   Image metric = MattesMI
     Fixed image = Image (0x4e7b530)
  RTTI typeinfo:   itk::Image<double, 3u>
  Reference Count: 2
  Modified Time: 1580
  Debug: Off
  Object Name: 
  Observers: 
    none
  Source: (none)
  Source output name: (none)
  Release Data: Off
  Data Released: False
  Global Release Data: Off
  PipelineMTime: 0
  UpdateMTime: 1189
  RealTimeStamp: 0 seconds 
  LargestPossibleRegion: 
    Dimension: 3
    Index: [0, 0, 0]
    Size: [193, 229, 193]
  BufferedRegion: 
    Dimension: 3
    Index: [0, 0, 0]
    Size: [193, 229, 193]
  RequestedRegion: 
    Dimension: 3
    Index: [0, 0, 0]
    Size: [193, 229, 193]
  Spacing: [1, 1, 1]
  Origin: [96, 132, -78]
  Direction: 
-1 0 0
0 -1 0
0 0 1

  IndexToPointMatrix: 
-1 0 0
0 -1 0
0 0 1

  PointToIndexMatrix: 
-1 0 0
0 -1 0
0 0 1

  Inverse Direction: 
-1 0 0
0 -1 0
0 0 1

  PixelContainer: 
    ImportImageContainer (0x4f39d60)
      RTTI typeinfo:   itk::ImportImageContainer<unsigned long, double>
      Reference Count: 1
      Modified Time: 1186
      Debug: Off
      Object Name: 
      Observers: 
        none
      Pointer: 0x15442a338010
      Container manages memory: true
      Size: 8530021
      Capacity: 8530021

     Moving image = Image (0x4f2bf60)
  RTTI typeinfo:   itk::Image<double, 3u>
  Reference Count: 2
  Modified Time: 1581
  Debug: Off
  Object Name: 
  Observers: 
    none
  Source: (none)
  Source output name: (none)
  Release Data: Off
  Data Released: False
  Global Release Data: Off
  PipelineMTime: 0
  UpdateMTime: 1578
  RealTimeStamp: 0 seconds 
  LargestPossibleRegion: 
    Dimension: 3
    Index: [0, 0, 0]
    Size: [160, 240, 256]
  BufferedRegion: 
    Dimension: 3
    Index: [0, 0, 0]
    Size: [160, 240, 256]
  RequestedRegion: 
    Dimension: 3
    Index: [0, 0, 0]
    Size: [160, 240, 256]
  Spacing: [0.999999, 1, 1]
  Origin: [84.1637, 106.709, -120.531]
  Direction: 
-0.999619 -0.0226874 -0.0157033
0.0226846 -0.999743 0.00035635
-0.0157073 -7.8229e-09 0.999877

  IndexToPointMatrix: 
-0.999619 -0.0226874 -0.0157033
0.0226845 -0.999743 0.00035635
-0.0157073 -7.8229e-09 0.999877

  PointToIndexMatrix: 
-0.99962 0.0226846 -0.0157073
-0.0226874 -0.999743 -7.83127e-09
-0.0157033 0.00035635 0.999877

  Inverse Direction: 
-0.999619 0.0226846 -0.0157073
-0.0226874 -0.999743 -7.83127e-09
-0.0157033 0.00035635 0.999877

  PixelContainer: 
    ImportImageContainer (0x4f1d6d0)
      RTTI typeinfo:   itk::ImportImageContainer<unsigned long, double>
      Reference Count: 1
      Modified Time: 1575
      Debug: Off
      Object Name: 
      Observers: 
        none
      Pointer: 0x154425837010
      Container manages memory: true
      Size: 9830400
      Capacity: 9830400

     Weighting = 1
     Sampling strategy = regular
     Number of bins = 32
     Radius = 4
     Sampling percentage  = 0.25
   Transform = Rigid
     Gradient step = 0.1
     Update field sigma (voxel space) = 0
     Total field sigma (voxel space) = 0
     Update field time sigma = 0
     Total field time sigma  = 0
     Number of time indices = 0
     Number of time point samples = 0
Registration using 1 total stages.

Stage 0
  iterations = 1000x500x250x100
  convergence threshold = 1e-06
  convergence window size = 10
  number of levels = 4
  using the Mattes MI metric (number of bins = 32, weight = 1, use gradient filter = 0)
  preprocessing:  winsorizing the image intensities
  Shrink factors (level 1 out of 4): [8, 8, 8]
  Shrink factors (level 2 out of 4): [4, 4, 4]
  Shrink factors (level 3 out of 4): [2, 2, 2]
  Shrink factors (level 4 out of 4): [1, 1, 1]
  smoothing sigmas per level: [3, 2, 1, 0]
  regular sampling (percentage = 0.25)

*** Running Euler3DTransform registration ***

DIAGNOSTIC,Iteration,metricValue,convergenceValue,ITERATION_TIME_INDEX,SINCE_LAST
 2DIAGNOSTIC,     1, -4.770821406565e-01, 1.797693134862e+308, 7.2668e-01, 7.2668e-01, 
 2DIAGNOSTIC,     2, -4.784216133942e-01, 1.797693134862e+308, 7.3133e-01, 4.6561e-03, 
 2DIAGNOSTIC,     3, -4.807043200681e-01, 1.797693134862e+308, 7.3608e-01, 4.7491e-03, 
 2DIAGNOSTIC,     4, -4.840264478065e-01, 1.797693134862e+308, 7.4076e-01, 4.6821e-03, 
 2DIAGNOSTIC,     5, -4.883050305770e-01, 1.797693134862e+308, 7.4545e-01, 4.6849e-03, 
 2DIAGNOSTIC,     6, -4.953560426371e-01, 1.797693134862e+308, 7.5082e-01, 5.3661e-03, 
 2DIAGNOSTIC,     7, -5.007350570384e-01, 1.797693134862e+308, 7.5545e-01, 4.6360e-03, 
 2DIAGNOSTIC,     8, -5.013278569503e-01, 1.797693134862e+308, 7.6018e-01, 4.7321e-03, 
 2DIAGNOSTIC,     9, -5.085255256006e-01, 1.797693134862e+308, 7.6578e-01, 5.5959e-03, 
 2DIAGNOSTIC,    10, -5.161992633656e-01, 5.125196520979e-03, 7.7271e-01, 6.9289e-03, 
 2DIAGNOSTIC,    11, -5.167072941437e-01, 4.879252931146e-03, 7.7765e-01, 4.9410e-03, 
 2DIAGNOSTIC,    12, -5.203629876260e-01, 4.481282734469e-03, 7.8255e-01, 4.8990e-03, 
 2DIAGNOSTIC,    13, -5.229718709777e-01, 3.958672533580e-03, 7.8738e-01, 4.8311e-03, 
 2DIAGNOSTIC,    14, -5.250338110830e-01, 3.368007801724e-03, 7.9290e-01, 5.5230e-03, 
 2DIAGNOSTIC,    15, -5.272078697648e-01, 2.786121483396e-03, 8.0014e-01, 7.2348e-03, 
 2DIAGNOSTIC,    16, -5.275715603978e-01, 2.284098302171e-03, 8.0478e-01, 4.6470e-03, 
 2DIAGNOSTIC,    17, -5.282507656512e-01, 1.839921123749e-03, 8.0989e-01, 5.1098e-03, 
 2DIAGNOSTIC,    18, -5.289722876066e-01, 1.313912041904e-03, 8.1536e-01, 5.4669e-03, 
 2DIAGNOSTIC,    19, -5.292207410111e-01, 9.370568707387e-04, 8.2070e-01, 5.3351e-03, 
 2DIAGNOSTIC,    20, -5.294476960672e-01, 7.341365573350e-04, 8.2621e-01, 5.5110e-03, 
 2DIAGNOSTIC,    21, -5.294955840903e-01, 4.966190831854e-04, 8.3096e-01, 4.7529e-03, 
 2DIAGNOSTIC,    22, -5.295366245031e-01, 3.281311959290e-04, 8.3645e-01, 5.4901e-03, 
 2DIAGNOSTIC,    23, -5.295376311909e-01, 2.063244245609e-04, 8.4164e-01, 5.1861e-03, 
 2DIAGNOSTIC,    24, -5.295911249027e-01, 1.234508389493e-04, 8.4685e-01, 5.2118e-03, 
 2DIAGNOSTIC,    25, -5.296271130650e-01, 8.499150549877e-05, 8.5220e-01, 5.3501e-03, 
 2DIAGNOSTIC,    26, -5.296539599384e-01, 4.983583932699e-05, 8.5689e-01, 4.6959e-03, 
 2DIAGNOSTIC,    27, -5.297704229809e-01, 2.877322815903e-05, 8.6160e-01, 4.7100e-03, 
 2DIAGNOSTIC,    28, -5.299884954865e-01, 2.504887531869e-05, 8.6801e-01, 6.4070e-03, 
 2DIAGNOSTIC,    29, -5.300854192462e-01, 2.569611952369e-05, 8.7331e-01, 5.2979e-03, 
 2DIAGNOSTIC,    30, -5.300410324622e-01, 2.732899344447e-05, 8.7803e-01, 4.7240e-03, 
 2DIAGNOSTIC,    31, -5.300376932141e-01, 2.724560548512e-05, 8.8268e-01, 4.6432e-03, 
 2DIAGNOSTIC,    32, -5.301686264233e-01, 2.763232919206e-05, 8.8733e-01, 4.6520e-03, 
 2DIAGNOSTIC,    33, -5.303926738420e-01, 2.905769097090e-05, 8.9342e-01, 6.0949e-03, 
 2DIAGNOSTIC,    34, -5.304519664601e-01, 2.945835348898e-05, 8.9918e-01, 5.7611e-03, 
 2DIAGNOSTIC,    35, -5.305073139183e-01, 2.868169329587e-05, 9.0390e-01, 4.7150e-03, 
 2DIAGNOSTIC,    36, -5.305686017148e-01, 2.670517374386e-05, 9.0853e-01, 4.6279e-03, 
 2DIAGNOSTIC,    37, -5.306602858942e-01, 2.533264913443e-05, 9.1479e-01, 6.2661e-03, 
 2DIAGNOSTIC,    38, -5.306881156231e-01, 2.512162425360e-05, 9.1953e-01, 4.7328e-03, 
 2DIAGNOSTIC,    39, -5.307317416635e-01, 2.461885298925e-05, 9.2419e-01, 4.6611e-03, 
 2DIAGNOSTIC,    40, -5.308225091354e-01, 2.257034276457e-05, 9.3050e-01, 6.3090e-03, 
 2DIAGNOSTIC,    41, -5.308460424125e-01, 1.877385526052e-05, 9.3508e-01, 4.5841e-03, 
 2DIAGNOSTIC,    42, -5.308561837321e-01, 1.520831957190e-05, 9.3980e-01, 4.7162e-03, 
 2DIAGNOSTIC,    43, -5.308777649273e-01, 1.355835177099e-05, 9.4458e-01, 4.7860e-03, 
 2DIAGNOSTIC,    44, -5.309114036110e-01, 1.190613944240e-05, 9.4922e-01, 4.6389e-03, 
 2DIAGNOSTIC,    45, -5.310262965518e-01, 1.129423566475e-05, 9.5655e-01, 7.3240e-03, 
 2DIAGNOSTIC,    46, -5.310374074445e-01, 1.049838941873e-05, 9.6133e-01, 4.7841e-03, 
 2DIAGNOSTIC,    47, -5.310434720121e-01, 9.962263449178e-06, 9.6599e-01, 4.6589e-03, 
 2DIAGNOSTIC,    48, -5.310518853633e-01, 8.989886105988e-06, 9.7067e-01, 4.6840e-03, 
 2DIAGNOSTIC,    49, -5.310584329536e-01, 7.783359500996e-06, 9.7638e-01, 5.7049e-03, 
 2DIAGNOSTIC,    50, -5.310645817646e-01, 6.973833583609e-06, 9.8254e-01, 6.1669e-03, 
 2DIAGNOSTIC,    51, -5.310656430618e-01, 5.851695600204e-06, 9.8716e-01, 4.6201e-03, 
 2DIAGNOSTIC,    52, -5.310738190002e-01, 4.481863509789e-06, 9.9269e-01, 5.5251e-03, 
 2DIAGNOSTIC,    53, -5.310768127969e-01, 3.049471521389e-06, 9.9737e-01, 4.6768e-03, 
 2DIAGNOSTIC,    54, -5.310775506016e-01, 1.750844720094e-06, 1.0021e+00, 4.7271e-03, 
 2DIAGNOSTIC,    55, -5.310817434211e-01, 1.565716413094e-06, 1.0067e+00, 4.6489e-03, 
 2DIAGNOSTIC,    56, -5.310870994121e-01, 1.452195857437e-06, 1.0120e+00, 5.2581e-03, 
 2DIAGNOSTIC,    57, -5.310885232962e-01, 1.327089154807e-06, 1.0172e+00, 5.1930e-03, 
 2DIAGNOSTIC,    58, -5.310914487850e-01, 1.238639651135e-06, 1.0224e+00, 5.1689e-03, 
 2DIAGNOSTIC,    59, -5.311015678587e-01, 1.240623596681e-06, 1.0283e+00, 5.9440e-03, 
 2DIAGNOSTIC,    60, -5.311021904297e-01, 1.235244579026e-06, 1.0330e+00, 4.7181e-03, 
 2DIAGNOSTIC,    61, -5.311059901820e-01, 1.204917779152e-06, 1.0477e+00, 1.4671e-02, 
 2DIAGNOSTIC,    62, -5.311059901659e-01, 1.182103197363e-06, 1.0624e+00, 1.4701e-02, 
 2DIAGNOSTIC,    63, -5.311059901659e-01, 1.122797857616e-06, 1.0686e+00, 6.1932e-03, 
 2DIAGNOSTIC,    64, -5.311059901659e-01, 1.011506956212e-06, 1.0743e+00, 5.7011e-03, 
DIAGNOSTIC,Iteration,metricValue,convergenceValue,ITERATION_TIME_INDEX,SINCE_LAST
 2DIAGNOSTIC,     1, -4.295258231625e-01, 1.797693134862e+308, 1.8320e+00, 7.5771e-01, 
 2DIAGNOSTIC,     2, -4.302859640432e-01, 1.797693134862e+308, 1.8653e+00, 3.3317e-02, 
 2DIAGNOSTIC,     3, -4.309651196675e-01, 1.797693134862e+308, 1.9012e+00, 3.5889e-02, 
 2DIAGNOSTIC,     4, -4.317164347764e-01, 1.797693134862e+308, 1.9340e+00, 3.2793e-02, 
 2DIAGNOSTIC,     5, -4.325561938345e-01, 1.797693134862e+308, 1.9669e+00, 3.2950e-02, 
 2DIAGNOSTIC,     6, -4.341819580779e-01, 1.797693134862e+308, 2.0001e+00, 3.3202e-02, 
 2DIAGNOSTIC,     7, -4.354327949460e-01, 1.797693134862e+308, 2.0330e+00, 3.2890e-02, 
 2DIAGNOSTIC,     8, -4.367134834400e-01, 1.797693134862e+308, 2.0700e+00, 3.6973e-02, 
 2DIAGNOSTIC,     9, -4.377076816053e-01, 1.797693134862e+308, 2.1172e+00, 4.7227e-02, 
 2DIAGNOSTIC,    10, -4.379510214291e-01, 1.375954781893e-03, 2.1490e+00, 3.1729e-02, 
 2DIAGNOSTIC,    11, -4.381306699704e-01, 1.211218579658e-03, 2.1811e+00, 3.2166e-02, 
 2DIAGNOSTIC,    12, -4.403708091237e-01, 1.128184042346e-03, 2.2176e+00, 3.6510e-02, 
 2DIAGNOSTIC,    13, -4.435986505848e-01, 1.148562288512e-03, 2.2561e+00, 3.8431e-02, 
 2DIAGNOSTIC,    14, -4.436199448063e-01, 1.094787362301e-03, 2.2883e+00, 3.2180e-02, 
 2DIAGNOSTIC,    15, -4.445052016102e-01, 1.025845787536e-03, 2.3240e+00, 3.5706e-02, 
 2DIAGNOSTIC,    16, -4.479362667113e-01, 1.077370587065e-03, 2.3662e+00, 4.2266e-02, 
 2DIAGNOSTIC,    17, -4.481475950940e-01, 1.073587586995e-03, 2.3958e+00, 2.9611e-02, 
 2DIAGNOSTIC,    18, -4.482020490314e-01, 1.018146300777e-03, 2.4295e+00, 3.3617e-02, 
 2DIAGNOSTIC,    19, -4.481966708582e-01, 9.107728219418e-04, 2.4849e+00, 5.5492e-02, 
 2DIAGNOSTIC,    20, -4.481953335812e-01, 7.394369049223e-04, 2.5148e+00, 2.9818e-02, 
 2DIAGNOSTIC,    21, -4.481954334234e-01, 5.189437706839e-04, 2.5525e+00, 3.7750e-02, 
 2DIAGNOSTIC,    22, -4.482018533922e-01, 3.337448831141e-04, 2.5862e+00, 3.3651e-02, 
 2DIAGNOSTIC,    23, -4.481921491804e-01, 2.259319921375e-04, 2.6150e+00, 2.8881e-02, 
 2DIAGNOSTIC,    24, -4.482074312936e-01, 1.077320651300e-04, 2.6482e+00, 3.3178e-02, 
 2DIAGNOSTIC,    25, -4.482144439083e-01, 9.691656932459e-06, 2.6819e+00, 3.3688e-02, 
 2DIAGNOSTIC,    26, -4.482116710114e-01, 3.273680427331e-06, 2.7155e+00, 3.3572e-02, 
 2DIAGNOSTIC,    27, -4.482088353650e-01, 2.084627668417e-06, 2.7479e+00, 3.2416e-02, 
 2DIAGNOSTIC,    28, -4.482139220046e-01, 2.274305430823e-06, 2.7776e+00, 2.9654e-02, 
 2DIAGNOSTIC,    29, -4.482420866462e-01, 2.842587297859e-06, 2.8139e+00, 3.6364e-02, 
 2DIAGNOSTIC,    30, -4.482455732788e-01, 3.232687573927e-06, 2.8524e+00, 3.8445e-02, 
 2DIAGNOSTIC,    31, -4.482405886548e-01, 3.298139185932e-06, 2.8880e+00, 3.5625e-02, 
 2DIAGNOSTIC,    32, -4.482290914972e-01, 3.068922297372e-06, 2.9228e+00, 3.4762e-02, 
 2DIAGNOSTIC,    33, -4.482261087492e-01, 2.406544564570e-06, 2.9592e+00, 3.6434e-02, 
 2DIAGNOSTIC,    34, -4.482147421316e-01, 1.704268104329e-06, 2.9950e+00, 3.5790e-02, 
 2DIAGNOSTIC,    35, -4.482170221686e-01, 1.142411446789e-06, 3.0268e+00, 3.1836e-02, 
DIAGNOSTIC,Iteration,metricValue,convergenceValue,ITERATION_TIME_INDEX,SINCE_LAST
 2DIAGNOSTIC,     1, -3.932184618896e-01, 1.797693134862e+308, 4.1936e+00, 1.1668e+00, 
 2DIAGNOSTIC,     2, -3.933350080783e-01, 1.797693134862e+308, 4.4386e+00, 2.4498e-01, 
 2DIAGNOSTIC,     3, -3.934316047562e-01, 1.797693134862e+308, 4.6780e+00, 2.3939e-01, 
 2DIAGNOSTIC,     4, -3.934445201656e-01, 1.797693134862e+308, 4.9744e+00, 2.9637e-01, 
 2DIAGNOSTIC,     5, -3.934561041381e-01, 1.797693134862e+308, 5.2743e+00, 2.9992e-01, 
 2DIAGNOSTIC,     6, -3.934557400449e-01, 1.797693134862e+308, 5.5866e+00, 3.1233e-01, 
 2DIAGNOSTIC,     7, -3.934568947900e-01, 1.797693134862e+308, 6.0025e+00, 4.1585e-01, 
 2DIAGNOSTIC,     8, -3.934560026713e-01, 1.797693134862e+308, 6.2646e+00, 2.6210e-01, 
 2DIAGNOSTIC,     9, -3.934553707428e-01, 1.797693134862e+308, 6.6050e+00, 3.4037e-01, 
 2DIAGNOSTIC,    10, -3.934548435809e-01, 2.950388571098e-05, 6.8701e+00, 2.6513e-01, 
 2DIAGNOSTIC,    11, -3.934535150844e-01, 1.251787995984e-05, 7.1341e+00, 2.6407e-01, 
 2DIAGNOSTIC,    12, -3.934529103763e-01, 4.334109067042e-06, 7.4107e+00, 2.7657e-01, 
 2DIAGNOSTIC,    13, -3.934523312326e-01, 2.580302731939e-06, 7.6498e+00, 2.3909e-01, 
 2DIAGNOSTIC,    14, -3.934518640881e-01, 1.691075622576e-06, 7.9444e+00, 2.9462e-01, 
 2DIAGNOSTIC,    15, -3.934519734412e-01, 1.537715181452e-06, 8.2201e+00, 2.7562e-01, 
 2DIAGNOSTIC,    16, -3.934513609524e-01, 1.410839913396e-06, 8.4578e+00, 2.3774e-01, 
 2DIAGNOSTIC,    17, -3.934508380235e-01, 1.380509442449e-06, 8.7250e+00, 2.6717e-01, 
 2DIAGNOSTIC,    18, -3.934502559719e-01, 1.340256747785e-06, 8.9760e+00, 2.5105e-01, 
 2DIAGNOSTIC,    19, -3.934497851717e-01, 1.301860300576e-06, 9.2712e+00, 2.9522e-01, 
 2DIAGNOSTIC,    20, -3.934499621591e-01, 1.290039231425e-06, 9.5123e+00, 2.4103e-01, 
 2DIAGNOSTIC,    21, -3.934502604889e-01, 1.271710158735e-06, 9.7972e+00, 2.8497e-01, 
 2DIAGNOSTIC,    22, -3.934498715557e-01, 1.245514093945e-06, 1.0083e+01, 2.8595e-01, 
 2DIAGNOSTIC,    23, -3.934501307190e-01, 1.231426816059e-06, 1.0369e+01, 2.8537e-01, 
 2DIAGNOSTIC,    24, -3.934495535659e-01, 1.200792287860e-06, 1.0626e+01, 2.5723e-01, 
 2DIAGNOSTIC,    25, -3.934490927575e-01, 1.174527712561e-06, 1.0877e+01, 2.5102e-01, 
 2DIAGNOSTIC,    26, -3.934495816258e-01, 1.156238070878e-06, 1.1161e+01, 2.8465e-01, 
 2DIAGNOSTIC,    27, -3.934510332856e-01, 1.170201610334e-06, 1.1469e+01, 3.0755e-01, 
 2DIAGNOSTIC,    28, -3.934498670225e-01, 1.138213986882e-06, 1.1736e+01, 2.6731e-01, 
 2DIAGNOSTIC,    29, -3.934494067891e-01, 1.086573247169e-06, 1.2013e+01, 2.7651e-01, 
 2DIAGNOSTIC,    30, -3.934490070991e-01, 1.034518284926e-06, 1.2306e+01, 2.9283e-01, 
 2DIAGNOSTIC,    31, -3.934493552208e-01, 1.002859717367e-06, 1.2554e+01, 2.4850e-01, 
 2DIAGNOSTIC,    32, -3.934514388975e-01, 1.012150039441e-06, 1.2866e+01, 3.1162e-01, 
 2DIAGNOSTIC,    33, -3.934519791668e-01, 1.036072081774e-06, 1.3108e+01, 2.4246e-01, 
 2DIAGNOSTIC,    34, -3.934514162045e-01, 1.029043070557e-06, 1.3374e+01, 2.6585e-01, 
 2DIAGNOSTIC,    35, -3.934525148436e-01, 1.027695573284e-06, 1.3640e+01, 2.6567e-01, 
 2DIAGNOSTIC,    36, -3.934539684027e-01, 1.051995721073e-06, 1.3947e+01, 3.0744e-01, 
 2DIAGNOSTIC,    37, -3.934536117470e-01, 1.079271548327e-06, 1.4221e+01, 2.7425e-01, 
 2DIAGNOSTIC,    38, -3.934525130861e-01, 1.042002434785e-06, 1.4506e+01, 2.8415e-01, 
DIAGNOSTIC,Iteration,metricValue,convergenceValue,ITERATION_TIME_INDEX,SINCE_LAST
 2DIAGNOSTIC,     1, -3.660000232056e-01, 1.797693134862e+308, 1.7106e+01, 2.6002e+00, 
 2DIAGNOSTIC,     2, -3.661006044953e-01, 1.797693134862e+308, 1.8715e+01, 1.6096e+00, 
 2DIAGNOSTIC,     3, -3.661940053530e-01, 1.797693134862e+308, 2.0305e+01, 1.5893e+00, 
 2DIAGNOSTIC,     4, -3.662025643957e-01, 1.797693134862e+308, 2.2985e+01, 2.6799e+00, 
 2DIAGNOSTIC,     5, -3.662022977380e-01, 1.797693134862e+308, 2.5065e+01, 2.0805e+00, 
 2DIAGNOSTIC,     6, -3.662022733245e-01, 1.797693134862e+308, 2.6758e+01, 1.6929e+00, 
 2DIAGNOSTIC,     7, -3.662021510403e-01, 1.797693134862e+308, 2.8408e+01, 1.6496e+00, 
 2DIAGNOSTIC,     8, -3.662021104757e-01, 1.797693134862e+308, 3.0049e+01, 1.6416e+00, 
 2DIAGNOSTIC,     9, -3.662019867598e-01, 1.797693134862e+308, 3.1713e+01, 1.6638e+00, 
 2DIAGNOSTIC,    10, -3.662019340654e-01, 2.615307012593e-05, 3.3165e+01, 1.4522e+00, 
 2DIAGNOSTIC,    11, -3.662019021378e-01, 1.049208967276e-05, 3.4792e+01, 1.6268e+00, 
 2DIAGNOSTIC,    12, -3.662017877827e-01, 3.091361245794e-06, 3.6369e+01, 1.5767e+00, 
 2DIAGNOSTIC,    13, -3.662019075676e-01, 2.358435162053e-06, 3.7918e+01, 1.5497e+00, 
 2DIAGNOSTIC,    14, -3.662018587101e-01, 2.210206140302e-06, 3.9488e+01, 1.5697e+00, 
 2DIAGNOSTIC,    15, -3.662018920124e-01, 2.075386376948e-06, 4.1051e+01, 1.5632e+00, 
 2DIAGNOSTIC,    16, -3.662018421363e-01, 1.958104230093e-06, 4.2567e+01, 1.5160e+00, 
 2DIAGNOSTIC,    17, -3.662017315645e-01, 1.846828478917e-06, 4.3957e+01, 1.3895e+00, 
 2DIAGNOSTIC,    18, -3.662016584530e-01, 1.745449630344e-06, 4.5532e+01, 1.5749e+00, 
 2DIAGNOSTIC,    19, -3.662015876317e-01, 1.648798695006e-06, 4.7161e+01, 1.6294e+00, 
 2DIAGNOSTIC,    20, -3.662013732927e-01, 1.553843738074e-06, 4.8771e+01, 1.6102e+00, 
 2DIAGNOSTIC,    21, -3.662013254930e-01, 1.468744465376e-06, 5.0685e+01, 1.9141e+00, 
 2DIAGNOSTIC,    22, -3.662011170356e-01, 1.384171223022e-06, 5.2294e+01, 1.6084e+00, 
 2DIAGNOSTIC,    23, -3.662008967272e-01, 1.309503522715e-06, 5.3705e+01, 1.4118e+00, 
 2DIAGNOSTIC,    24, -3.662008589285e-01, 1.245216179127e-06, 5.5395e+01, 1.6894e+00, 
 2DIAGNOSTIC,    25, -3.662009022530e-01, 1.195923451006e-06, 5.7045e+01, 1.6499e+00, 
 2DIAGNOSTIC,    26, -3.662008588635e-01, 1.154782602639e-06, 5.8501e+01, 1.4563e+00, 
 2DIAGNOSTIC,    27, -3.662010886956e-01, 1.126687724652e-06, 6.0264e+01, 1.7626e+00, 
 2DIAGNOSTIC,    28, -3.662011545009e-01, 1.105168538303e-06, 6.1803e+01, 1.5392e+00, 
 2DIAGNOSTIC,    29, -3.662007271248e-01, 1.074819865554e-06, 6.3585e+01, 1.7822e+00, 
 2DIAGNOSTIC,    30, -3.662006710299e-01, 1.041888306220e-06, 6.5309e+01, 1.7242e+00, 
 2DIAGNOSTIC,    31, -3.662006079457e-01, 1.010052199379e-06, 6.6977e+01, 1.6675e+00, 
  Elapsed time (stage 0): 6.7862e+01


Total elapsed time: 6.7864e+01
Info [verificarlo]: loaded backend libinterflop_vprec.so
Info [interflop-vprec]: load backend with: 
Info [interflop-vprec]: precision-binary32 = 21
Info [interflop-vprec]: range-binary32 = 7
Info [interflop-vprec]: precision-binary64 = 21
Info [interflop-vprec]: range-binary64 = 7
Info [interflop-vprec]: mode = ob
Info [interflop-vprec]: error-mode = rel
Info [interflop-vprec]: max-abs-error-exponent = -1022
Info [interflop-vprec]: daz = false
Info [interflop-vprec]: ftz = false
Info [interflop-vprec]: 	instrument = none
Info [interflop-vprec]: 	prec-input-file = (null)
Info [interflop-vprec]: 	prec-output-file = (null)
Info [interflop-vprec]: 	prec-log-file = (null)
All_Command_lines_OK
Using double precision for computations.
=============================================================================
The composite transform comprises the following transforms (in order): 
  1. /home/mdugre/scratch/mri-registration-rp/datasets/ds004513/derivatives/mri-registration-rp/0011/antsRegistration-r7-p21/sub-s014/rigid_Composite.h5[0] (type = Euler3DTransform)
  2. /home/mdugre/scratch/mri-registration-rp/datasets/ds004513/derivatives/mri-registration-rp/0011/antsRegistration-r7-p21/sub-s014/rigid_Composite.h5[1] (type = Euler3DTransform)
  3. /home/mdugre/scratch/mri-registration-rp/datasets/ds004513/derivatives/mri-registration-rp/0011/antsRegistration-r7-p21/sub-s014/rigid_Composite.h5[2] (type = Euler3DTransform)
=============================================================================
  number of levels = 4
  fixed image: /templateflow/tpl-MNI152NLin2009cAsym/tpl-MNI152NLin2009cAsym_res-01_desc-brain_T1w.nii.gz
  moving image: /home/mdugre/scratch/mri-registration-rp/datasets/ds004513/derivatives/mri-registration-rp/antsBrainExtraction/sub-s014/BrainExtractionBrain.nii.gz
Dimension = 3
Number of stages = 1
Use histogram matching = false
Winsorize image intensities = true
  Lower quantile = 0.005
  Upper quantile = 0.995


Stage 1 State
   Image metric = MattesMI
     Fixed image = Image (0x3cf5490)
  RTTI typeinfo:   itk::Image<double, 3u>
  Reference Count: 2
  Modified Time: 1594
  Debug: Off
  Object Name: 
  Observers: 
    none
  Source: (none)
  Source output name: (none)
  Release Data: Off
  Data Released: False
  Global Release Data: Off
  PipelineMTime: 0
  UpdateMTime: 1203
  RealTimeStamp: 0 seconds 
  LargestPossibleRegion: 
    Dimension: 3
    Index: [0, 0, 0]
    Size: [193, 229, 193]
  BufferedRegion: 
    Dimension: 3
    Index: [0, 0, 0]
    Size: [193, 229, 193]
  RequestedRegion: 
    Dimension: 3
    Index: [0, 0, 0]
    Size: [193, 229, 193]
  Spacing: [1, 1, 1]
  Origin: [96, 132, -78]
  Direction: 
-1 0 0
0 -1 0
0 0 1

  IndexToPointMatrix: 
-1 0 0
0 -1 0
0 0 1

  PointToIndexMatrix: 
-1 0 0
0 -1 0
0 0 1

  Inverse Direction: 
-1 0 0
0 -1 0
0 0 1

  PixelContainer: 
    ImportImageContainer (0x3dc08c0)
      RTTI typeinfo:   itk::ImportImageContainer<unsigned long, double>
      Reference Count: 1
      Modified Time: 1200
      Debug: Off
      Object Name: 
      Observers: 
        none
      Pointer: 0x153b3ffd9010
      Container manages memory: true
      Size: 8530021
      Capacity: 8530021

     Moving image = Image (0x3db0b60)
  RTTI typeinfo:   itk::Image<double, 3u>
  Reference Count: 2
  Modified Time: 1595
  Debug: Off
  Object Name: 
  Observers: 
    none
  Source: (none)
  Source output name: (none)
  Release Data: Off
  Data Released: False
  Global Release Data: Off
  PipelineMTime: 0
  UpdateMTime: 1592
  RealTimeStamp: 0 seconds 
  LargestPossibleRegion: 
    Dimension: 3
    Index: [0, 0, 0]
    Size: [160, 240, 256]
  BufferedRegion: 
    Dimension: 3
    Index: [0, 0, 0]
    Size: [160, 240, 256]
  RequestedRegion: 
    Dimension: 3
    Index: [0, 0, 0]
    Size: [160, 240, 256]
  Spacing: [1, 1, 1]
  Origin: [84.1637, 106.709, -120.531]
  Direction: 
-0.999619 -0.0226874 -0.0157033
0.0226846 -0.999743 0.00035635
-0.0157073 -7.8229e-09 0.999876

  IndexToPointMatrix: 
-0.999619 -0.0226874 -0.0157033
0.0226845 -0.999743 0.00035635
-0.0157073 -7.8229e-09 0.999876

  PointToIndexMatrix: 
-0.99962 0.0226846 -0.0157073
-0.0226874 -0.999743 -7.567e-09
-0.0157033 0.00035635 0.999877

  Inverse Direction: 
-0.999619 0.0226846 -0.0157073
-0.0226874 -0.999743 -7.567e-09
-0.0157033 0.00035635 0.999877

  PixelContainer: 
    ImportImageContainer (0x3e441d0)
      RTTI typeinfo:   itk::ImportImageContainer<unsigned long, double>
      Reference Count: 1
      Modified Time: 1589
      Debug: Off
      Object Name: 
      Observers: 
        none
      Pointer: 0x153b3b4d8010
      Container manages memory: true
      Size: 9830400
      Capacity: 9830400

     Weighting = 1
     Sampling strategy = regular
     Number of bins = 32
     Radius = 4
     Sampling percentage  = 0.25
   Transform = Affine
     Gradient step = 0.1
     Update field sigma (voxel space) = 0
     Total field sigma (voxel space) = 0
     Update field time sigma = 0
     Total field time sigma  = 0
     Number of time indices = 0
     Number of time point samples = 0
Registration using 1 total stages.

Stage 0
  iterations = 1000x500x250x100
  convergence threshold = 1e-06
  convergence window size = 10
  number of levels = 4
  using the Mattes MI metric (number of bins = 32, weight = 1, use gradient filter = 0)
  preprocessing:  winsorizing the image intensities
  Shrink factors (level 1 out of 4): [8, 8, 8]
  Shrink factors (level 2 out of 4): [4, 4, 4]
  Shrink factors (level 3 out of 4): [2, 2, 2]
  Shrink factors (level 4 out of 4): [1, 1, 1]
  smoothing sigmas per level: [3, 2, 1, 0]
  regular sampling (percentage = 0.25)

*** Running AffineTransform registration ***

DIAGNOSTIC,Iteration,metricValue,convergenceValue,ITERATION_TIME_INDEX,SINCE_LAST
 2DIAGNOSTIC,     1, -5.239749593791e-01, 1.797693134862e+308, 0.0000e+00, 0.0000e+00, 
 2DIAGNOSTIC,     2, -5.258629984017e-01, 1.797693134862e+308, 0.0000e+00, 0.0000e+00, 
 2DIAGNOSTIC,     3, -5.291059268531e-01, 1.797693134862e+308, 0.0000e+00, 0.0000e+00, 
 2DIAGNOSTIC,     4, -5.347654423009e-01, 1.797693134862e+308, 0.0000e+00, 0.0000e+00, 
 2DIAGNOSTIC,     5, -5.449277343618e-01, 1.797693134862e+308, 0.0000e+00, 0.0000e+00, 
 2DIAGNOSTIC,     6, -6.211101435136e-01, 1.797693134862e+308, 0.0000e+00, 0.0000e+00, 
 2DIAGNOSTIC,     7, -6.629509145709e-01, 1.797693134862e+308, 0.0000e+00, 0.0000e+00, 
 2DIAGNOSTIC,     8, -7.296082087423e-01, 1.797693134862e+308, 0.0000e+00, 0.0000e+00, 
 2DIAGNOSTIC,     9, -7.419351378184e-01, 1.797693134862e+308, 0.0000e+00, 0.0000e+00, 
 2DIAGNOSTIC,    10, -7.539431003331e-01, 2.912104103965e-02, 0.0000e+00, 0.0000e+00, 
 2DIAGNOSTIC,    11, -7.642766641478e-01, 2.761095205082e-02, 0.0000e+00, 0.0000e+00, 
 2DIAGNOSTIC,    12, -7.728185657336e-01, 2.428779027503e-02, 0.0000e+00, 0.0000e+00, 
 2DIAGNOSTIC,    13, -7.742753076339e-01, 1.956412926047e-02, 0.0000e+00, 0.0000e+00, 
 2DIAGNOSTIC,    14, -7.758964631407e-01, 1.413057363937e-02, 0.0000e+00, 0.0000e+00, 
 2DIAGNOSTIC,    15, -7.804563198418e-01, 8.653861495317e-03, 0.0000e+00, 0.0000e+00, 
 2DIAGNOSTIC,    16, -7.874235904730e-01, 5.349673048425e-03, 0.0000e+00, 0.0000e+00, 
 2DIAGNOSTIC,    17, -7.973919839115e-01, 3.225627095669e-03, 0.0000e+00, 0.0000e+00, 
 2DIAGNOSTIC,    18, -8.001485283631e-01, 2.662106678627e-03, 0.0000e+00, 0.0000e+00, 
 2DIAGNOSTIC,    19, -8.004611154616e-01, 2.194528362113e-03, 0.0000e+00, 0.0000e+00, 
 2DIAGNOSTIC,    20, -8.030123554369e-01, 1.871001735827e-03, 0.0000e+00, 0.0000e+00, 
 2DIAGNOSTIC,    21, -8.060359391482e-01, 1.657655856792e-03, 0.0000e+00, 0.0000e+00, 
 2DIAGNOSTIC,    22, -8.106049635823e-01, 1.546837560139e-03, 0.0000e+00, 0.0000e+00, 
 2DIAGNOSTIC,    23, -8.169674013750e-01, 1.437492471763e-03, 0.0000e+00, 0.0000e+00, 
 2DIAGNOSTIC,    24, -8.244340430439e-01, 1.353813791067e-03, 0.0000e+00, 0.0000e+00, 
 2DIAGNOSTIC,    25, -8.285317324878e-01, 1.284703286300e-03, 0.0000e+00, 0.0000e+00, 
 2DIAGNOSTIC,    26, -8.314496845205e-01, 1.246019667451e-03, 0.0000e+00, 0.0000e+00, 
 2DIAGNOSTIC,    27, -8.386193572620e-01, 1.338960940061e-03, 0.0000e+00, 0.0000e+00, 
 2DIAGNOSTIC,    28, -8.427007935712e-01, 1.390253295191e-03, 0.0000e+00, 0.0000e+00, 
 2DIAGNOSTIC,    29, -8.427020832195e-01, 1.309686048591e-03, 0.0000e+00, 0.0000e+00, 
 2DIAGNOSTIC,    30, -8.427200655374e-01, 1.146440332880e-03, 0.0000e+00, 0.0000e+00, 
 2DIAGNOSTIC,    31, -8.427501233428e-01, 9.251335087630e-04, 0.0000e+00, 0.0000e+00, 
 2DIAGNOSTIC,    32, -8.427993429045e-01, 6.848135545717e-04, 0.0000e+00, 0.0000e+00, 
 2DIAGNOSTIC,    33, -8.428344900926e-01, 4.669569345531e-04, 0.0000e+00, 0.0000e+00, 
 2DIAGNOSTIC,    34, -8.427620555534e-01, 3.013737330912e-04, 0.0000e+00, 0.0000e+00, 
 2DIAGNOSTIC,    35, -8.428546550196e-01, 1.635447218898e-04, 0.0000e+00, 0.0000e+00, 
 2DIAGNOSTIC,    36, -8.429778277633e-01, 4.871801067670e-05, 0.0000e+00, 0.0000e+00, 
 2DIAGNOSTIC,    37, -8.429575539300e-01, 7.032231164425e-06, 0.0000e+00, 0.0000e+00, 
 2DIAGNOSTIC,    38, -8.429143777239e-01, 6.730171330342e-06, 0.0000e+00, 0.0000e+00, 
 2DIAGNOSTIC,    39, -8.427863753252e-01, 4.730368281327e-06, 0.0000e+00, 0.0000e+00, 
 2DIAGNOSTIC,    40, -8.428720684241e-01, 3.446808391396e-06, 0.0000e+00, 0.0000e+00, 
 2DIAGNOSTIC,    41, -8.428691266521e-01, 2.147871453157e-06, 0.0000e+00, 0.0000e+00, 
DIAGNOSTIC,Iteration,metricValue,convergenceValue,ITERATION_TIME_INDEX,SINCE_LAST
 2DIAGNOSTIC,     1, -6.904547085917e-01, 1.797693134862e+308, 0.0000e+00, 0.0000e+00, 
 2DIAGNOSTIC,     2, -6.907117060543e-01, 1.797693134862e+308, 0.0000e+00, 0.0000e+00, 
 2DIAGNOSTIC,     3, -6.910748405385e-01, 1.797693134862e+308, 0.0000e+00, 0.0000e+00, 
 2DIAGNOSTIC,     4, -6.913917286494e-01, 1.797693134862e+308, 0.0000e+00, 0.0000e+00, 
 2DIAGNOSTIC,     5, -6.920811361041e-01, 1.797693134862e+308, 0.0000e+00, 0.0000e+00, 
 2DIAGNOSTIC,     6, -6.927006177643e-01, 1.797693134862e+308, 0.0000e+00, 0.0000e+00, 
 2DIAGNOSTIC,     7, -6.927164609129e-01, 1.797693134862e+308, 0.0000e+00, 0.0000e+00, 
 2DIAGNOSTIC,     8, -6.927334852619e-01, 1.797693134862e+308, 0.0000e+00, 0.0000e+00, 
 2DIAGNOSTIC,     9, -6.927583378459e-01, 1.797693134862e+308, 0.0000e+00, 0.0000e+00, 
 2DIAGNOSTIC,    10, -6.927856272778e-01, 2.498049418702e-04, 0.0000e+00, 0.0000e+00, 
 2DIAGNOSTIC,    11, -6.928473695263e-01, 1.857272965843e-04, 0.0000e+00, 0.0000e+00, 
 2DIAGNOSTIC,    12, -6.929148200519e-01, 1.270840607238e-04, 0.0000e+00, 0.0000e+00, 
 2DIAGNOSTIC,    13, -6.930569661621e-01, 8.245456900070e-05, 0.0000e+00, 0.0000e+00, 
 2DIAGNOSTIC,    14, -6.932006298180e-01, 5.001164293722e-05, 0.0000e+00, 0.0000e+00, 
 2DIAGNOSTIC,    15, -6.933959969824e-01, 4.122598049276e-05, 0.0000e+00, 0.0000e+00, 
 2DIAGNOSTIC,    16, -6.935802160671e-01, 5.050139040068e-05, 0.0000e+00, 0.0000e+00, 
 2DIAGNOSTIC,    17, -6.937472118830e-01, 5.857817823518e-05, 0.0000e+00, 0.0000e+00, 
 2DIAGNOSTIC,    18, -6.937136075888e-01, 6.009628687013e-05, 0.0000e+00, 0.0000e+00, 
 2DIAGNOSTIC,    19, -6.936744650623e-01, 5.581388392540e-05, 0.0000e+00, 0.0000e+00, 
 2DIAGNOSTIC,    20, -6.936672600625e-01, 4.734785809739e-05, 0.0000e+00, 0.0000e+00, 
 2DIAGNOSTIC,    21, -6.936590037662e-01, 3.641055695612e-05, 0.0000e+00, 0.0000e+00, 
 2DIAGNOSTIC,    22, -6.936479439969e-01, 2.420638582962e-05, 0.0000e+00, 0.0000e+00, 
 2DIAGNOSTIC,    23, -6.936366527958e-01, 1.329515409058e-05, 0.0000e+00, 0.0000e+00, 
 2DIAGNOSTIC,    24, -6.936255380438e-01, 4.447207610850e-06, 0.0000e+00, 0.0000e+00, 
DIAGNOSTIC,Iteration,metricValue,convergenceValue,ITERATION_TIME_INDEX,SINCE_LAST
 2DIAGNOSTIC,     1, -5.887711343043e-01, 1.797693134862e+308, 0.0000e+00, 0.0000e+00, 
 2DIAGNOSTIC,     2, -5.893686452054e-01, 1.797693134862e+308, 0.0000e+00, 0.0000e+00, 
 2DIAGNOSTIC,     3, -5.900851859125e-01, 1.797693134862e+308, 0.0000e+00, 0.0000e+00, 
 2DIAGNOSTIC,     4, -5.908698870297e-01, 1.797693134862e+308, 0.0000e+00, 0.0000e+00, 
 2DIAGNOSTIC,     5, -5.919117918365e-01, 1.797693134862e+308, 0.0000e+00, 0.0000e+00, 
 2DIAGNOSTIC,     6, -5.938039081691e-01, 1.797693134862e+308, 0.0000e+00, 0.0000e+00, 
 2DIAGNOSTIC,     7, -5.938009443554e-01, 1.797693134862e+308, 0.0000e+00, 0.0000e+00, 
 2DIAGNOSTIC,     8, -5.937974587044e-01, 1.797693134862e+308, 0.0000e+00, 0.0000e+00, 
 2DIAGNOSTIC,     9, -5.937995789499e-01, 1.797693134862e+308, 0.0000e+00, 0.0000e+00, 
 2DIAGNOSTIC,    10, -5.938042429335e-01, 6.364874206177e-04, 0.0000e+00, 0.0000e+00, 
 2DIAGNOSTIC,    11, -5.938024976085e-01, 4.662522897143e-04, 0.0000e+00, 0.0000e+00, 
 2DIAGNOSTIC,    12, -5.937970095851e-01, 3.065585346300e-04, 0.0000e+00, 0.0000e+00, 
 2DIAGNOSTIC,    13, -5.937963614179e-01, 1.712576797045e-04, 0.0000e+00, 0.0000e+00, 
 2DIAGNOSTIC,    14, -5.937936032343e-01, 6.654106955736e-05, 0.0000e+00, 0.0000e+00, 
 2DIAGNOSTIC,    15, -5.937937584536e-01, 1.525870371902e-06, 0.0000e+00, 0.0000e+00, 
 2DIAGNOSTIC,    16, -5.937935166426e-01, 1.411688328415e-06, 0.0000e+00, 0.0000e+00, 
 2DIAGNOSTIC,    17, -5.937935189306e-01, 1.288601380676e-06, 0.0000e+00, 0.0000e+00, 
 2DIAGNOSTIC,    18, -5.937939985624e-01, 1.153710157839e-06, 0.0000e+00, 0.0000e+00, 
 2DIAGNOSTIC,    19, -5.937927089518e-01, 1.105938931906e-06, 0.0000e+00, 0.0000e+00, 
 2DIAGNOSTIC,    20, -5.937920901984e-01, 1.213744513825e-06, 0.0000e+00, 0.0000e+00, 
 2DIAGNOSTIC,    21, -5.937889750245e-01, 1.238530386118e-06, 0.0000e+00, 0.0000e+00, 
 2DIAGNOSTIC,    22, -5.937889236746e-01, 1.167585011758e-06, 0.0000e+00, 0.0000e+00, 
 2DIAGNOSTIC,    23, -5.937890006148e-01, 1.117884276904e-06, 0.0000e+00, 0.0000e+00, 
