
##########################
# Experiment information #
##########################

EXPERIMENT_NAME: antsRegistration-r7-p20
VFC_BACKENDS: libinterflop_vprec.so --range-binary32=7 --precision-binary32=20 --range-binary64=7 --precision-binary64=20

SIF_IMG: /home/mdugre/projects/rrg-glatard/mdugre/containers/ants-vprec-no_metrics.simg

SUBJECT_ID: s035
INPUT_IMG: /home/mdugre/scratch/mri-registration-rp/datasets/ds004513/derivatives/mri-registration-rp/antsBrainExtraction/sub-s035/BrainExtractionBrain.nii.gz
OUTPUT_DIR: /home/mdugre/scratch/mri-registration-rp/datasets/ds004513/derivatives/mri-registration-rp/0011/antsRegistration-r7-p20/sub-s035

FIXED_IMG: /templateflow/tpl-MNI152NLin2009cAsym/tpl-MNI152NLin2009cAsym_res-01_desc-brain_T1w.nii.gz
DATA_DIR: /home/mdugre/scratch/mri-registration-rp/datasets/ds004513
TEMPLATEFLOW_DIR: /home/mdugre/projects/rrg-glatard/mdugre/templateflow
ITK_GLOBAL_DEFAULT_NUMBER_OF_THREADS: 16
##########################

Info [verificarlo]: loaded backend libinterflop_ieee.so
Info [interflop-ieee]: load backend with:
Info [interflop-ieee]: debug = false
Info [interflop-ieee]: debug-binary = false
Info [interflop-ieee]: no-backend-name = false
Info [interflop-ieee]: print-new-line = false
Info [interflop-ieee]: print-subnormal-normalized = false
Info [interflop-ieee]: count-op = false
All_Command_lines_OK
Using double precision for computations.
=============================================================================
The composite transform comprises the following transforms (in order): 
  1. Center of mass alignment using fixed image: /templateflow/tpl-MNI152NLin2009cAsym/tpl-MNI152NLin2009cAsym_res-01_desc-brain_T1w.nii.gz and moving image: /home/mdugre/scratch/mri-registration-rp/datasets/ds004513/derivatives/mri-registration-rp/antsBrainExtraction/sub-s035/BrainExtractionBrain.nii.gz (type = Euler3DTransform)
=============================================================================
  number of levels = 1
  fixed image: /templateflow/tpl-MNI152NLin2009cAsym/tpl-MNI152NLin2009cAsym_res-01_desc-brain_T1w.nii.gz
  moving image: /home/mdugre/scratch/mri-registration-rp/datasets/ds004513/derivatives/mri-registration-rp/antsBrainExtraction/sub-s035/BrainExtractionBrain.nii.gz
Dimension = 3
Number of stages = 1
Use histogram matching = false
Winsorize image intensities = true
  Lower quantile = 0.005
  Upper quantile = 0.995


Stage 1 State
   Image metric = MattesMI
     Fixed image = Image (0x3842e70)
  RTTI typeinfo:   itk::Image<double, 3u>
  Reference Count: 2
  Modified Time: 2330
  Debug: Off
  Object Name: 
  Observers: 
    none
  Source: (none)
  Source output name: (none)
  Release Data: Off
  Data Released: False
  Global Release Data: Off
  PipelineMTime: 0
  UpdateMTime: 1941
  RealTimeStamp: 0 seconds 
  LargestPossibleRegion: 
    Dimension: 3
    Index: [0, 0, 0]
    Size: [193, 229, 193]
  BufferedRegion: 
    Dimension: 3
    Index: [0, 0, 0]
    Size: [193, 229, 193]
  RequestedRegion: 
    Dimension: 3
    Index: [0, 0, 0]
    Size: [193, 229, 193]
  Spacing: [1, 1, 1]
  Origin: [96, 132, -78]
  Direction: 
-1 0 0
0 -1 0
0 0 1

  IndexToPointMatrix: 
-1 0 0
0 -1 0
0 0 1

  PointToIndexMatrix: 
-1 0 0
0 -1 0
0 0 1

  Inverse Direction: 
-1 0 0
0 -1 0
0 0 1

  PixelContainer: 
    ImportImageContainer (0x384bc60)
      RTTI typeinfo:   itk::ImportImageContainer<unsigned long, double>
      Reference Count: 1
      Modified Time: 1938
      Debug: Off
      Object Name: 
      Observers: 
        none
      Pointer: 0x154359e0b010
      Container manages memory: true
      Size: 8530021
      Capacity: 8530021

     Moving image = Image (0x38dfec0)
  RTTI typeinfo:   itk::Image<double, 3u>
  Reference Count: 2
  Modified Time: 2331
  Debug: Off
  Object Name: 
  Observers: 
    none
  Source: (none)
  Source output name: (none)
  Release Data: Off
  Data Released: False
  Global Release Data: Off
  PipelineMTime: 0
  UpdateMTime: 2328
  RealTimeStamp: 0 seconds 
  LargestPossibleRegion: 
    Dimension: 3
    Index: [0, 0, 0]
    Size: [160, 240, 256]
  BufferedRegion: 
    Dimension: 3
    Index: [0, 0, 0]
    Size: [160, 240, 256]
  RequestedRegion: 
    Dimension: 3
    Index: [0, 0, 0]
    Size: [160, 240, 256]
  Spacing: [1, 1, 1]
  Origin: [98.6438, 87.6358, -117.989]
  Direction: 
-0.993515 -0.100993 -0.0522355
0.100854 -0.994887 0.00530255
-0.0525039 1.93537e-08 0.998621

  IndexToPointMatrix: 
-0.993515 -0.100993 -0.0522355
0.100854 -0.994887 0.00530255
-0.0525039 1.93537e-08 0.998621

  PointToIndexMatrix: 
-0.993515 0.100854 -0.0525039
-0.100993 -0.994887 1.93006e-08
-0.0522355 0.00530255 0.998621

  Inverse Direction: 
-0.993515 0.100854 -0.0525039
-0.100993 -0.994887 1.93006e-08
-0.0522355 0.00530255 0.998621

  PixelContainer: 
    ImportImageContainer (0x3977610)
      RTTI typeinfo:   itk::ImportImageContainer<unsigned long, double>
      Reference Count: 1
      Modified Time: 2325
      Debug: Off
      Object Name: 
      Observers: 
        none
      Pointer: 0x15435530a010
      Container manages memory: true
      Size: 9830400
      Capacity: 9830400

     Weighting = 1
     Sampling strategy = regular
     Number of bins = 32
     Radius = 4
     Sampling percentage  = 0.25
   Transform = Rigid
     Gradient step = 0.1
     Update field sigma (voxel space) = 0
     Total field sigma (voxel space) = 0
     Update field time sigma = 0
     Total field time sigma  = 0
     Number of time indices = 0
     Number of time point samples = 0
Registration using 1 total stages.

Stage 0
  iterations = 0
  convergence threshold = 1e-06
  convergence window size = 10
  number of levels = 1
  using the Mattes MI metric (number of bins = 32, weight = 1, use gradient filter = 0)
  preprocessing:  winsorizing the image intensities
  Shrink factors (level 1 out of 1): [1, 1, 1]
  smoothing sigmas per level: [0]
  regular sampling (percentage = 0.25)

*** Running Euler3DTransform registration ***

  Elapsed time (stage 0): 1.17846


Total elapsed time: 1.18081
Info [verificarlo]: loaded backend libinterflop_ieee.so
Info [interflop-ieee]: load backend with:
Info [interflop-ieee]: debug = false
Info [interflop-ieee]: debug-binary = false
Info [interflop-ieee]: no-backend-name = false
Info [interflop-ieee]: print-new-line = false
Info [interflop-ieee]: print-subnormal-normalized = false
Info [interflop-ieee]: count-op = false
All_Command_lines_OK
Using double precision for computations.
=============================================================================
The composite transform comprises the following transforms (in order): 
  1. /home/mdugre/scratch/mri-registration-rp/datasets/ds004513/derivatives/mri-registration-rp/0011/antsRegistration-r7-p20/sub-s035/align_Composite.h5[0] (type = Euler3DTransform)
  2. /home/mdugre/scratch/mri-registration-rp/datasets/ds004513/derivatives/mri-registration-rp/0011/antsRegistration-r7-p20/sub-s035/align_Composite.h5[1] (type = Euler3DTransform)
=============================================================================
  number of levels = 4
  fixed image: /templateflow/tpl-MNI152NLin2009cAsym/tpl-MNI152NLin2009cAsym_res-01_desc-brain_T1w.nii.gz
  moving image: /home/mdugre/scratch/mri-registration-rp/datasets/ds004513/derivatives/mri-registration-rp/antsBrainExtraction/sub-s035/BrainExtractionBrain.nii.gz
Dimension = 3
Number of stages = 1
Use histogram matching = false
Winsorize image intensities = true
  Lower quantile = 0.005
  Upper quantile = 0.995


Stage 1 State
   Image metric = MattesMI
     Fixed image = Image (0x4731530)
  RTTI typeinfo:   itk::Image<double, 3u>
  Reference Count: 2
  Modified Time: 1578
  Debug: Off
  Object Name: 
  Observers: 
    none
  Source: (none)
  Source output name: (none)
  Release Data: Off
  Data Released: False
  Global Release Data: Off
  PipelineMTime: 0
  UpdateMTime: 1189
  RealTimeStamp: 0 seconds 
  LargestPossibleRegion: 
    Dimension: 3
    Index: [0, 0, 0]
    Size: [193, 229, 193]
  BufferedRegion: 
    Dimension: 3
    Index: [0, 0, 0]
    Size: [193, 229, 193]
  RequestedRegion: 
    Dimension: 3
    Index: [0, 0, 0]
    Size: [193, 229, 193]
  Spacing: [1, 1, 1]
  Origin: [96, 132, -78]
  Direction: 
-1 0 0
0 -1 0
0 0 1

  IndexToPointMatrix: 
-1 0 0
0 -1 0
0 0 1

  PointToIndexMatrix: 
-1 0 0
0 -1 0
0 0 1

  Inverse Direction: 
-1 0 0
0 -1 0
0 0 1

  PixelContainer: 
    ImportImageContainer (0x47efd60)
      RTTI typeinfo:   itk::ImportImageContainer<unsigned long, double>
      Reference Count: 1
      Modified Time: 1186
      Debug: Off
      Object Name: 
      Observers: 
        none
      Pointer: 0x14ea2ad8f010
      Container manages memory: true
      Size: 8530021
      Capacity: 8530021

     Moving image = Image (0x47e1f60)
  RTTI typeinfo:   itk::Image<double, 3u>
  Reference Count: 2
  Modified Time: 1579
  Debug: Off
  Object Name: 
  Observers: 
    none
  Source: (none)
  Source output name: (none)
  Release Data: Off
  Data Released: False
  Global Release Data: Off
  PipelineMTime: 0
  UpdateMTime: 1576
  RealTimeStamp: 0 seconds 
  LargestPossibleRegion: 
    Dimension: 3
    Index: [0, 0, 0]
    Size: [160, 240, 256]
  BufferedRegion: 
    Dimension: 3
    Index: [0, 0, 0]
    Size: [160, 240, 256]
  RequestedRegion: 
    Dimension: 3
    Index: [0, 0, 0]
    Size: [160, 240, 256]
  Spacing: [1, 1, 1]
  Origin: [98.6438, 87.6358, -117.989]
  Direction: 
-0.993515 -0.100993 -0.0522355
0.100854 -0.994887 0.00530255
-0.0525039 1.93537e-08 0.998621

  IndexToPointMatrix: 
-0.993515 -0.100993 -0.0522355
0.100854 -0.994887 0.00530255
-0.0525039 1.93537e-08 0.998621

  PointToIndexMatrix: 
-0.993515 0.100854 -0.0525039
-0.100993 -0.994887 1.93006e-08
-0.0522355 0.00530255 0.998621

  Inverse Direction: 
-0.993515 0.100854 -0.0525039
-0.100993 -0.994887 1.93006e-08
-0.0522355 0.00530255 0.998621

  PixelContainer: 
    ImportImageContainer (0x47d36d0)
      RTTI typeinfo:   itk::ImportImageContainer<unsigned long, double>
      Reference Count: 1
      Modified Time: 1573
      Debug: Off
      Object Name: 
      Observers: 
        none
      Pointer: 0x14ea2628e010
      Container manages memory: true
      Size: 9830400
      Capacity: 9830400

     Weighting = 1
     Sampling strategy = regular
     Number of bins = 32
     Radius = 4
     Sampling percentage  = 0.25
   Transform = Rigid
     Gradient step = 0.1
     Update field sigma (voxel space) = 0
     Total field sigma (voxel space) = 0
     Update field time sigma = 0
     Total field time sigma  = 0
     Number of time indices = 0
     Number of time point samples = 0
Registration using 1 total stages.

Stage 0
  iterations = 1000x500x250x100
  convergence threshold = 1e-06
  convergence window size = 10
  number of levels = 4
  using the Mattes MI metric (number of bins = 32, weight = 1, use gradient filter = 0)
  preprocessing:  winsorizing the image intensities
  Shrink factors (level 1 out of 4): [8, 8, 8]
  Shrink factors (level 2 out of 4): [4, 4, 4]
  Shrink factors (level 3 out of 4): [2, 2, 2]
  Shrink factors (level 4 out of 4): [1, 1, 1]
  smoothing sigmas per level: [3, 2, 1, 0]
  regular sampling (percentage = 0.25)

*** Running Euler3DTransform registration ***

DIAGNOSTIC,Iteration,metricValue,convergenceValue,ITERATION_TIME_INDEX,SINCE_LAST
 2DIAGNOSTIC,     1, -5.238630234552e-01, 1.797693134862e+308, 7.7726e-01, 7.7726e-01, 
 2DIAGNOSTIC,     2, -5.257885820767e-01, 1.797693134862e+308, 7.8206e-01, 4.7951e-03, 
 2DIAGNOSTIC,     3, -5.278597554839e-01, 1.797693134862e+308, 7.8759e-01, 5.5261e-03, 
 2DIAGNOSTIC,     4, -5.302176117225e-01, 1.797693134862e+308, 7.9299e-01, 5.4030e-03, 
 2DIAGNOSTIC,     5, -5.343462816845e-01, 1.797693134862e+308, 7.9780e-01, 4.8110e-03, 
 2DIAGNOSTIC,     6, -5.399239396740e-01, 1.797693134862e+308, 8.0272e-01, 4.9241e-03, 
 2DIAGNOSTIC,     7, -5.490554822001e-01, 1.797693134862e+308, 8.0788e-01, 5.1579e-03, 
 2DIAGNOSTIC,     8, -5.545204224448e-01, 1.797693134862e+308, 8.1386e-01, 5.9769e-03, 
 2DIAGNOSTIC,     9, -5.601437715553e-01, 1.797693134862e+308, 8.1846e-01, 4.6048e-03, 
 2DIAGNOSTIC,    10, -5.617741193774e-01, 5.067640484485e-03, 8.2332e-01, 4.8580e-03, 
 2DIAGNOSTIC,    11, -5.649562249041e-01, 4.796539612083e-03, 8.2917e-01, 5.8470e-03, 
 2DIAGNOSTIC,    12, -5.658710903081e-01, 4.260783098155e-03, 8.3437e-01, 5.2040e-03, 
 2DIAGNOSTIC,    13, -5.662828333056e-01, 3.524744036645e-03, 8.3897e-01, 4.5981e-03, 
 2DIAGNOSTIC,    14, -5.685908474577e-01, 2.751340472953e-03, 8.4431e-01, 5.3389e-03, 
 2DIAGNOSTIC,    15, -5.732745043306e-01, 2.134644679428e-03, 8.5124e-01, 6.9349e-03, 
 2DIAGNOSTIC,    16, -5.738084427845e-01, 1.591333148336e-03, 8.5724e-01, 5.9929e-03, 
 2DIAGNOSTIC,    17, -5.739093703465e-01, 1.247363567739e-03, 8.6196e-01, 4.7190e-03, 
 2DIAGNOSTIC,    18, -5.745773598458e-01, 1.002163966315e-03, 8.6665e-01, 4.6971e-03, 
 2DIAGNOSTIC,    19, -5.752045522723e-01, 8.579763081926e-04, 8.7155e-01, 4.8990e-03, 
 2DIAGNOSTIC,    20, -5.755578777727e-01, 6.955845773883e-04, 8.7615e-01, 4.6031e-03, 
 2DIAGNOSTIC,    21, -5.761681227725e-01, 5.767135182720e-04, 8.8078e-01, 4.6270e-03, 
 2DIAGNOSTIC,    22, -5.775610178281e-01, 4.707067062561e-04, 8.8549e-01, 4.7100e-03, 
 2DIAGNOSTIC,    23, -5.801876522134e-01, 3.965856196866e-04, 8.9038e-01, 4.8928e-03, 
 2DIAGNOSTIC,    24, -5.873578871772e-01, 4.881452204199e-04, 8.9704e-01, 6.6540e-03, 
 2DIAGNOSTIC,    25, -5.924052233495e-01, 7.199711435672e-04, 9.0351e-01, 6.4721e-03, 
 2DIAGNOSTIC,    26, -5.933789722542e-01, 8.944842701027e-04, 9.0965e-01, 6.1440e-03, 
 2DIAGNOSTIC,    27, -5.948140362555e-01, 1.002036484510e-03, 9.1586e-01, 6.2070e-03, 
 2DIAGNOSTIC,    28, -5.954370004550e-01, 1.029952320948e-03, 9.2098e-01, 5.1160e-03, 
 2DIAGNOSTIC,    29, -5.955619965632e-01, 9.699000563752e-04, 9.2580e-01, 4.8270e-03, 
 2DIAGNOSTIC,    30, -5.960977142447e-01, 8.366692960616e-04, 9.3062e-01, 4.8161e-03, 
 2DIAGNOSTIC,    31, -5.971105016174e-01, 6.606986236098e-04, 9.3591e-01, 5.2881e-03, 
 2DIAGNOSTIC,    32, -5.989728413264e-01, 4.853112632056e-04, 9.4289e-01, 6.9821e-03, 
 2DIAGNOSTIC,    33, -5.996340171291e-01, 3.222359248449e-04, 9.4754e-01, 4.6480e-03, 
 2DIAGNOSTIC,    34, -5.997688324940e-01, 2.443793016636e-04, 9.5209e-01, 4.5550e-03, 
 2DIAGNOSTIC,    35, -5.999328162897e-01, 2.224308791764e-04, 9.5785e-01, 5.7600e-03, 
 2DIAGNOSTIC,    36, -6.001598298657e-01, 1.965988111342e-04, 9.6267e-01, 4.8161e-03, 
 2DIAGNOSTIC,    37, -6.004938013080e-01, 1.767006122088e-04, 9.6780e-01, 5.1260e-03, 
 2DIAGNOSTIC,    38, -6.008280010262e-01, 1.536048165076e-04, 9.7337e-01, 5.5749e-03, 
 2DIAGNOSTIC,    39, -6.038559363539e-01, 1.574331424332e-04, 9.8008e-01, 6.7050e-03, 
 2DIAGNOSTIC,    40, -6.077047302813e-01, 1.993081237763e-04, 9.8569e-01, 5.6150e-03, 
 2DIAGNOSTIC,    41, -6.174632728301e-01, 3.481387430765e-04, 9.9201e-01, 6.3210e-03, 
 2DIAGNOSTIC,    42, -6.161977874617e-01, 4.608907393035e-04, 1.0015e+00, 9.5279e-03, 
 2DIAGNOSTIC,    43, -6.161564543597e-01, 5.335371311541e-04, 1.0062e+00, 4.6730e-03, 
 2DIAGNOSTIC,    44, -6.170772238669e-01, 5.644821044307e-04, 1.0107e+00, 4.5331e-03, 
 2DIAGNOSTIC,    45, -6.185357288447e-01, 5.560475863664e-04, 1.0156e+00, 4.8409e-03, 
 2DIAGNOSTIC,    46, -6.206472612205e-01, 5.180558780252e-04, 1.0202e+00, 4.5950e-03, 
 2DIAGNOSTIC,    47, -6.234100431539e-01, 4.649604797744e-04, 1.0250e+00, 4.7941e-03, 
 2DIAGNOSTIC,    48, -6.282459771918e-01, 4.232184175221e-04, 1.0295e+00, 4.5381e-03, 
 2DIAGNOSTIC,    49, -6.332856927008e-01, 4.219353907937e-04, 1.0344e+00, 4.8511e-03, 
 2DIAGNOSTIC,    50, -6.437673310497e-01, 5.158700572600e-04, 1.0394e+00, 5.0080e-03, 
 2DIAGNOSTIC,    51, -6.567709923938e-01, 7.709771283506e-04, 1.0446e+00, 5.1868e-03, 
 2DIAGNOSTIC,    52, -6.630139278323e-01, 9.856114808787e-04, 1.0502e+00, 5.6450e-03, 
 2DIAGNOSTIC,    53, -6.637658018999e-01, 1.103854798834e-03, 1.0550e+00, 4.8070e-03, 
 2DIAGNOSTIC,    54, -6.646848068726e-01, 1.129224527454e-03, 1.0599e+00, 4.8599e-03, 
 2DIAGNOSTIC,    55, -6.699954762304e-01, 1.103370188557e-03, 1.0686e+00, 8.7001e-03, 
 2DIAGNOSTIC,    56, -6.720089948512e-01, 1.005089791319e-03, 1.0756e+00, 7.0090e-03, 
 2DIAGNOSTIC,    57, -6.720481650235e-01, 8.375237748014e-04, 1.0804e+00, 4.8280e-03, 
 2DIAGNOSTIC,    58, -6.725919504622e-01, 6.425663754371e-04, 1.0853e+00, 4.8721e-03, 
 2DIAGNOSTIC,    59, -6.729036354680e-01, 4.360793581526e-04, 1.0899e+00, 4.6170e-03, 
 2DIAGNOSTIC,    60, -6.731488720747e-01, 2.773041902557e-04, 1.0945e+00, 4.5528e-03, 
 2DIAGNOSTIC,    61, -6.734259062797e-01, 1.993309518802e-04, 1.0993e+00, 4.8389e-03, 
 2DIAGNOSTIC,    62, -6.739132103693e-01, 1.568960677153e-04, 1.1041e+00, 4.7641e-03, 
 2DIAGNOSTIC,    63, -6.762843260419e-01, 1.247264516567e-04, 1.1106e+00, 6.5019e-03, 
 2DIAGNOSTIC,    64, -6.766381665213e-01, 8.969381688881e-05, 1.1153e+00, 4.6949e-03, 
 2DIAGNOSTIC,    65, -6.771215265726e-01, 8.898304069171e-05, 1.1199e+00, 4.6482e-03, 
 2DIAGNOSTIC,    66, -6.778537242891e-01, 9.953436815241e-05, 1.1255e+00, 5.6500e-03, 
 2DIAGNOSTIC,    67, -6.792267983560e-01, 1.098307392541e-04, 1.1326e+00, 7.0491e-03, 
 2DIAGNOSTIC,    68, -6.807681155134e-01, 1.231391263065e-04, 1.1375e+00, 4.8931e-03, 
 2DIAGNOSTIC,    69, -6.815199900163e-01, 1.312167101826e-04, 1.1421e+00, 4.6279e-03, 
 2DIAGNOSTIC,    70, -6.818105069506e-01, 1.303114667672e-04, 1.1485e+00, 6.3820e-03, 
 2DIAGNOSTIC,    71, -6.820510519249e-01, 1.205028761709e-04, 1.1531e+00, 4.5609e-03, 
 2DIAGNOSTIC,    72, -6.822317204838e-01, 1.032407089994e-04, 1.1576e+00, 4.5850e-03, 
 2DIAGNOSTIC,    73, -6.825798829450e-01, 9.372236227025e-05, 1.1639e+00, 6.2990e-03, 
 2DIAGNOSTIC,    74, -6.826263892243e-01, 7.797286100293e-05, 1.1685e+00, 4.5712e-03, 
 2DIAGNOSTIC,    75, -6.826914509149e-01, 5.871091140233e-05, 1.1732e+00, 4.6649e-03, 
 2DIAGNOSTIC,    76, -6.828123222055e-01, 3.951629907814e-05, 1.1777e+00, 4.5190e-03, 
 2DIAGNOSTIC,    77, -6.832344923347e-01, 2.762751848906e-05, 1.1824e+00, 4.6680e-03, 
 2DIAGNOSTIC,    78, -6.838171915750e-01, 2.580741618354e-05, 1.1893e+00, 6.8960e-03, 
 2DIAGNOSTIC,    79, -6.837376501251e-01, 2.541994303883e-05, 1.1939e+00, 4.6279e-03, 
 2DIAGNOSTIC,    80, -6.837941102411e-01, 2.471285804683e-05, 1.1985e+00, 4.5850e-03, 
 2DIAGNOSTIC,    81, -6.839726597587e-01, 2.407042919920e-05, 1.2031e+00, 4.6070e-03, 
 2DIAGNOSTIC,    82, -6.841107875606e-01, 2.281072008132e-05, 1.2077e+00, 4.6170e-03, 
 2DIAGNOSTIC,    83, -6.851047035136e-01, 2.675813989609e-05, 1.2142e+00, 6.5320e-03, 
 2DIAGNOSTIC,    84, -6.858177734740e-01, 3.208832863702e-05, 1.2201e+00, 5.9061e-03, 
 2DIAGNOSTIC,    85, -6.861556678769e-01, 3.640406313023e-05, 1.2272e+00, 7.0870e-03, 
 2DIAGNOSTIC,    86, -6.861559569031e-01, 3.780215423219e-05, 1.2316e+00, 4.3762e-03, 
 2DIAGNOSTIC,    87, -6.861669759126e-01, 3.777814989346e-05, 1.2361e+00, 4.4920e-03, 
 2DIAGNOSTIC,    88, -6.861800326289e-01, 3.717555237969e-05, 1.2406e+00, 4.5061e-03, 
 2DIAGNOSTIC,    89, -6.861877074114e-01, 3.259403886306e-05, 1.2456e+00, 5.0249e-03, 
 2DIAGNOSTIC,    90, -6.861915104701e-01, 2.533880184519e-05, 1.2500e+00, 4.3752e-03, 
 2DIAGNOSTIC,    91, -6.861984894066e-01, 1.686266989059e-05, 1.2543e+00, 4.3139e-03, 
 2DIAGNOSTIC,    92, -6.862113769122e-01, 7.665851199639e-06, 1.2587e+00, 4.3352e-03, 
 2DIAGNOSTIC,    93, -6.862267408787e-01, 2.805466068852e-06, 1.2630e+00, 4.3399e-03, 
 2DIAGNOSTIC,    94, -6.862421273855e-01, 1.275960191572e-06, 1.2680e+00, 4.9798e-03, 
 2DIAGNOSTIC,    95, -6.863402192073e-01, 1.765790347021e-06, 1.2739e+00, 5.9671e-03, 
 2DIAGNOSTIC,    96, -6.863401562412e-01, 2.097962706242e-06, 1.2783e+00, 4.3311e-03, 
 2DIAGNOSTIC,    97, -6.863402942480e-01, 2.310715732380e-06, 1.2828e+00, 4.4990e-03, 
 2DIAGNOSTIC,    98, -6.863407514476e-01, 2.397165261759e-06, 1.2871e+00, 4.3480e-03, 
 2DIAGNOSTIC,    99, -6.863418701355e-01, 2.321544516301e-06, 1.2915e+00, 4.3421e-03, 
 2DIAGNOSTIC,   100, -6.863433960839e-01, 2.073771078562e-06, 1.3134e+00, 2.1942e-02, 
 2DIAGNOSTIC,   101, -6.863433959307e-01, 1.693618618775e-06, 1.3273e+00, 1.3870e-02, 
 2DIAGNOSTIC,   102, -6.863433959306e-01, 1.253407620987e-06, 1.3318e+00, 4.4849e-03, 
DIAGNOSTIC,Iteration,metricValue,convergenceValue,ITERATION_TIME_INDEX,SINCE_LAST
 2DIAGNOSTIC,     1, -5.583128688186e-01, 1.797693134862e+308, 2.0447e+00, 7.1297e-01, 
 2DIAGNOSTIC,     2, -5.587684025882e-01, 1.797693134862e+308, 2.0757e+00, 3.0984e-02, 
 2DIAGNOSTIC,     3, -5.591010235121e-01, 1.797693134862e+308, 2.1050e+00, 2.9336e-02, 
 2DIAGNOSTIC,     4, -5.599291489716e-01, 1.797693134862e+308, 2.1335e+00, 2.8441e-02, 
 2DIAGNOSTIC,     5, -5.608878066029e-01, 1.797693134862e+308, 2.1652e+00, 3.1700e-02, 
 2DIAGNOSTIC,     6, -5.613231049032e-01, 1.797693134862e+308, 2.1947e+00, 2.9511e-02, 
 2DIAGNOSTIC,     7, -5.624628095359e-01, 1.797693134862e+308, 2.2267e+00, 3.2041e-02, 
 2DIAGNOSTIC,     8, -5.631236263957e-01, 1.797693134862e+308, 2.2629e+00, 3.6125e-02, 
 2DIAGNOSTIC,     9, -5.632651607402e-01, 1.797693134862e+308, 2.2953e+00, 3.2489e-02, 
 2DIAGNOSTIC,    10, -5.639243630888e-01, 6.930022029417e-04, 2.3241e+00, 2.8707e-02, 
 2DIAGNOSTIC,    11, -5.654827785080e-01, 6.702063626113e-04, 2.3564e+00, 3.2370e-02, 
 2DIAGNOSTIC,    12, -5.659955375694e-01, 6.304533781555e-04, 2.3892e+00, 3.2819e-02, 
 2DIAGNOSTIC,    13, -5.660994571689e-01, 5.569324167143e-04, 2.4255e+00, 3.6268e-02, 
 2DIAGNOSTIC,    14, -5.661245127206e-01, 4.750708898964e-04, 2.4646e+00, 3.9040e-02, 
 2DIAGNOSTIC,    15, -5.661515294673e-01, 3.943478244904e-04, 2.4961e+00, 3.1581e-02, 
 2DIAGNOSTIC,    16, -5.661476405896e-01, 2.997953657179e-04, 2.5384e+00, 4.2313e-02, 
 2DIAGNOSTIC,    17, -5.661332950641e-01, 2.218199241770e-04, 2.5706e+00, 3.2160e-02, 
 2DIAGNOSTIC,    18, -5.661381145102e-01, 1.516360891087e-04, 2.5990e+00, 2.8365e-02, 
 2DIAGNOSTIC,    19, -5.661266265840e-01, 7.862925265848e-05, 2.6304e+00, 3.1451e-02, 
 2DIAGNOSTIC,    20, -5.661225848774e-01, 2.138918959283e-05, 2.6589e+00, 2.8451e-02, 
 2DIAGNOSTIC,    21, -5.661194757257e-01, 4.810341818373e-06, 2.6906e+00, 3.1684e-02, 
DIAGNOSTIC,Iteration,metricValue,convergenceValue,ITERATION_TIME_INDEX,SINCE_LAST
 2DIAGNOSTIC,     1, -5.039788546411e-01, 1.797693134862e+308, 3.7659e+00, 1.0753e+00, 
 2DIAGNOSTIC,     2, -5.041449341303e-01, 1.797693134862e+308, 3.9965e+00, 2.3060e-01, 
 2DIAGNOSTIC,     3, -5.042464873771e-01, 1.797693134862e+308, 4.2176e+00, 2.2109e-01, 
 2DIAGNOSTIC,     4, -5.043033076101e-01, 1.797693134862e+308, 4.4973e+00, 2.7969e-01, 
 2DIAGNOSTIC,     5, -5.043352435709e-01, 1.797693134862e+308, 4.7339e+00, 2.3666e-01, 
 2DIAGNOSTIC,     6, -5.044316270383e-01, 1.797693134862e+308, 4.9912e+00, 2.5726e-01, 
 2DIAGNOSTIC,     7, -5.045707410115e-01, 1.797693134862e+308, 5.2832e+00, 2.9200e-01, 
 2DIAGNOSTIC,     8, -5.045854557316e-01, 1.797693134862e+308, 5.5020e+00, 2.1878e-01, 
 2DIAGNOSTIC,     9, -5.045777153996e-01, 1.797693134862e+308, 5.7580e+00, 2.5601e-01, 
 2DIAGNOSTIC,    10, -5.045865325967e-01, 8.007051872698e-05, 6.0571e+00, 2.9907e-01, 
 2DIAGNOSTIC,    11, -5.045902610295e-01, 5.795061718913e-05, 6.2801e+00, 2.2298e-01, 
 2DIAGNOSTIC,    12, -5.045887976920e-01, 4.209570595376e-05, 6.4991e+00, 2.1902e-01, 
 2DIAGNOSTIC,    13, -5.046005816716e-01, 3.002356911279e-05, 6.7632e+00, 2.6412e-01, 
 2DIAGNOSTIC,    14, -5.046388630217e-01, 2.109017121628e-05, 7.0808e+00, 3.1762e-01, 
 2DIAGNOSTIC,    15, -5.046368715490e-01, 1.268168121432e-05, 7.3298e+00, 2.4897e-01, 
 2DIAGNOSTIC,    16, -5.046346058706e-01, 7.553422308446e-06, 7.6164e+00, 2.8662e-01, 
 2DIAGNOSTIC,    17, -5.046331199404e-01, 7.085978270933e-06, 7.8392e+00, 2.2281e-01, 
 2DIAGNOSTIC,    18, -5.046288755552e-01, 6.517589641764e-06, 8.0861e+00, 2.4687e-01, 
 2DIAGNOSTIC,    19, -5.046291783549e-01, 5.323239688743e-06, 8.3639e+00, 2.7785e-01, 
 2DIAGNOSTIC,    20, -5.046295950338e-01, 4.166084579135e-06, 8.6422e+00, 2.7826e-01, 
 2DIAGNOSTIC,    21, -5.046309057753e-01, 3.035433826633e-06, 8.8864e+00, 2.4419e-01, 
 2DIAGNOSTIC,    22, -5.046324662561e-01, 1.871030702573e-06, 9.1928e+00, 3.0645e-01, 
 2DIAGNOSTIC,    23, -5.046355024112e-01, 1.104079988226e-06, 9.4864e+00, 2.9359e-01, 
 2DIAGNOSTIC,    24, -5.046346602718e-01, 1.305261934467e-06, 9.7462e+00, 2.5979e-01, 
 2DIAGNOSTIC,    25, -5.046329194643e-01, 1.409313666517e-06, 1.0019e+01, 2.7254e-01, 
 2DIAGNOSTIC,    26, -5.046302651722e-01, 1.387126637969e-06, 1.0289e+01, 2.7036e-01, 
 2DIAGNOSTIC,    27, -5.046322461412e-01, 1.364243916294e-06, 1.0596e+01, 3.0680e-01, 
 2DIAGNOSTIC,    28, -5.046313432426e-01, 1.218830071432e-06, 1.0836e+01, 2.4039e-01, 
 2DIAGNOSTIC,    29, -5.046295282791e-01, 1.047154864292e-06, 1.1114e+01, 2.7793e-01, 
DIAGNOSTIC,Iteration,metricValue,convergenceValue,ITERATION_TIME_INDEX,SINCE_LAST
 2DIAGNOSTIC,     1, -4.673875560216e-01, 1.797693134862e+308, 1.3833e+01, 2.7186e+00, 
 2DIAGNOSTIC,     2, -4.674248165552e-01, 1.797693134862e+308, 1.5675e+01, 1.8418e+00, 
 2DIAGNOSTIC,     3, -4.674239333710e-01, 1.797693134862e+308, 1.8417e+01, 2.7420e+00, 
 2DIAGNOSTIC,     4, -4.674238800588e-01, 1.797693134862e+308, 2.0977e+01, 2.5600e+00, 
 2DIAGNOSTIC,     5, -4.674239815117e-01, 1.797693134862e+308, 2.5441e+01, 4.4646e+00, 
 2DIAGNOSTIC,     6, -4.674239815116e-01, 1.797693134862e+308, 2.8431e+01, 2.9897e+00, 
 2DIAGNOSTIC,     7, -4.674239815116e-01, 1.797693134862e+308, 2.9956e+01, 1.5251e+00, 
 2DIAGNOSTIC,     8, -4.674239815116e-01, 1.797693134862e+308, 3.2073e+01, 2.1169e+00, 
 2DIAGNOSTIC,     9, -4.674239815116e-01, 1.797693134862e+308, 3.3954e+01, 1.8810e+00, 
 2DIAGNOSTIC,    10, -4.674239815116e-01, 5.356417025690e-06, 3.5569e+01, 1.6146e+00, 
 2DIAGNOSTIC,    11, -4.674239815116e-01, 2.851936012196e-06, 3.7119e+01, 1.5503e+00, 
 2DIAGNOSTIC,    12, -4.674239815116e-01, 2.657773429948e-06, 3.8748e+01, 1.6286e+00, 
 2DIAGNOSTIC,    13, -4.674239815116e-01, 2.451676715892e-06, 4.0296e+01, 1.5489e+00, 
 2DIAGNOSTIC,    14, -4.674239815116e-01, 2.272149758203e-06, 4.1903e+01, 1.6068e+00, 
 2DIAGNOSTIC,    15, -4.674239815116e-01, 2.120672338110e-06, 4.3659e+01, 1.7561e+00, 
 2DIAGNOSTIC,    16, -4.674239815116e-01, 1.988129683619e-06, 4.5476e+01, 1.8167e+00, 
 2DIAGNOSTIC,    17, -4.674239815116e-01, 1.871180352692e-06, 4.7454e+01, 1.9777e+00, 
 2DIAGNOSTIC,    18, -4.674239815116e-01, 1.767225447077e-06, 4.9465e+01, 2.0118e+00, 
 2DIAGNOSTIC,    19, -4.674239815116e-01, 1.674213207140e-06, 5.1020e+01, 1.5542e+00, 
 2DIAGNOSTIC,    20, -4.674239815116e-01, 1.590502226721e-06, 5.2587e+01, 1.5672e+00, 
 2DIAGNOSTIC,    21, -4.674239815116e-01, 1.514763749697e-06, 5.4171e+01, 1.5840e+00, 
 2DIAGNOSTIC,    22, -4.674239815116e-01, 1.445910612664e-06, 5.5743e+01, 1.5723e+00, 
 2DIAGNOSTIC,    23, -4.674239815116e-01, 1.383044724870e-06, 5.7310e+01, 1.5670e+00, 
 2DIAGNOSTIC,    24, -4.674239815116e-01, 1.325417677750e-06, 5.8860e+01, 1.5501e+00, 
 2DIAGNOSTIC,    25, -4.674239815116e-01, 1.272400808480e-06, 6.0653e+01, 1.7931e+00, 
 2DIAGNOSTIC,    26, -4.674239815116e-01, 1.223462171913e-06, 6.2557e+01, 1.9039e+00, 
 2DIAGNOSTIC,    27, -4.674239815116e-01, 1.178148629828e-06, 6.4287e+01, 1.7303e+00, 
 2DIAGNOSTIC,    28, -4.674239815116e-01, 1.136071778124e-06, 6.5956e+01, 1.6686e+00, 
 2DIAGNOSTIC,    29, -4.674239815116e-01, 1.096896785950e-06, 6.7619e+01, 1.6626e+00, 
 2DIAGNOSTIC,    30, -4.674239815116e-01, 1.060333466571e-06, 6.9148e+01, 1.5289e+00, 
 2DIAGNOSTIC,    31, -4.674239815116e-01, 1.026129076827e-06, 7.0715e+01, 1.5677e+00, 
  Elapsed time (stage 0): 7.1643e+01


Total elapsed time: 7.1646e+01
Info [verificarlo]: loaded backend libinterflop_vprec.so
Info [interflop-vprec]: load backend with: 
Info [interflop-vprec]: precision-binary32 = 20
Info [interflop-vprec]: range-binary32 = 7
Info [interflop-vprec]: precision-binary64 = 20
Info [interflop-vprec]: range-binary64 = 7
Info [interflop-vprec]: mode = ob
Info [interflop-vprec]: error-mode = rel
Info [interflop-vprec]: max-abs-error-exponent = -1022
Info [interflop-vprec]: daz = false
Info [interflop-vprec]: ftz = false
Info [interflop-vprec]: 	instrument = none
Info [interflop-vprec]: 	prec-input-file = (null)
Info [interflop-vprec]: 	prec-output-file = (null)
Info [interflop-vprec]: 	prec-log-file = (null)
All_Command_lines_OK
Using double precision for computations.
=============================================================================
The composite transform comprises the following transforms (in order): 
  1. /home/mdugre/scratch/mri-registration-rp/datasets/ds004513/derivatives/mri-registration-rp/0011/antsRegistration-r7-p20/sub-s035/rigid_Composite.h5[0] (type = Euler3DTransform)
  2. /home/mdugre/scratch/mri-registration-rp/datasets/ds004513/derivatives/mri-registration-rp/0011/antsRegistration-r7-p20/sub-s035/rigid_Composite.h5[1] (type = Euler3DTransform)
  3. /home/mdugre/scratch/mri-registration-rp/datasets/ds004513/derivatives/mri-registration-rp/0011/antsRegistration-r7-p20/sub-s035/rigid_Composite.h5[2] (type = Euler3DTransform)
=============================================================================
  number of levels = 4
  fixed image: /templateflow/tpl-MNI152NLin2009cAsym/tpl-MNI152NLin2009cAsym_res-01_desc-brain_T1w.nii.gz
  moving image: /home/mdugre/scratch/mri-registration-rp/datasets/ds004513/derivatives/mri-registration-rp/antsBrainExtraction/sub-s035/BrainExtractionBrain.nii.gz
Dimension = 3
Number of stages = 1
Use histogram matching = false
Winsorize image intensities = true
  Lower quantile = 0.005
  Upper quantile = 0.995


Stage 1 State
   Image metric = MattesMI
     Fixed image = Image (0x4a48490)
  RTTI typeinfo:   itk::Image<double, 3u>
  Reference Count: 2
  Modified Time: 1592
  Debug: Off
  Object Name: 
  Observers: 
    none
  Source: (none)
  Source output name: (none)
  Release Data: Off
  Data Released: False
  Global Release Data: Off
  PipelineMTime: 0
  UpdateMTime: 1203
  RealTimeStamp: 0 seconds 
  LargestPossibleRegion: 
    Dimension: 3
    Index: [0, 0, 0]
    Size: [193, 229, 193]
  BufferedRegion: 
    Dimension: 3
    Index: [0, 0, 0]
    Size: [193, 229, 193]
  RequestedRegion: 
    Dimension: 3
    Index: [0, 0, 0]
    Size: [193, 229, 193]
  Spacing: [1, 1, 1]
  Origin: [96, 132, -78]
  Direction: 
-1 0 0
0 -1 0
0 0 1

  IndexToPointMatrix: 
-1 0 0
0 -1 0
0 0 1

  PointToIndexMatrix: 
-1 0 0
0 -1 0
0 0 1

  Inverse Direction: 
-1 0 0
0 -1 0
0 0 1

  PixelContainer: 
    ImportImageContainer (0x4b138c0)
      RTTI typeinfo:   itk::ImportImageContainer<unsigned long, double>
      Reference Count: 1
      Modified Time: 1200
      Debug: Off
      Object Name: 
      Observers: 
        none
      Pointer: 0x14932e7ed010
      Container manages memory: true
      Size: 8530021
      Capacity: 8530021

     Moving image = Image (0x4b03b60)
  RTTI typeinfo:   itk::Image<double, 3u>
  Reference Count: 2
  Modified Time: 1593
  Debug: Off
  Object Name: 
  Observers: 
    none
  Source: (none)
  Source output name: (none)
  Release Data: Off
  Data Released: False
  Global Release Data: Off
  PipelineMTime: 0
  UpdateMTime: 1590
  RealTimeStamp: 0 seconds 
  LargestPossibleRegion: 
    Dimension: 3
    Index: [0, 0, 0]
    Size: [160, 240, 256]
  BufferedRegion: 
    Dimension: 3
    Index: [0, 0, 0]
    Size: [160, 240, 256]
  RequestedRegion: 
    Dimension: 3
    Index: [0, 0, 0]
    Size: [160, 240, 256]
  Spacing: [1, 1, 1]
  Origin: [98.6437, 87.6359, -117.989]
  Direction: 
-0.993515 -0.100993 -0.0522355
0.100854 -0.994887 0.00530255
-0.0525039 1.93537e-08 0.998621

  IndexToPointMatrix: 
-0.993515 -0.100993 -0.0522355
0.100854 -0.994887 0.00530255
-0.0525039 1.93537e-08 0.998621

  PointToIndexMatrix: 
-0.993515 0.100854 -0.0525039
-0.100993 -0.994887 -5.69969e-07
-0.0522355 0.00530244 0.998621

  Inverse Direction: 
-0.993515 0.100854 -0.0525039
-0.100993 -0.994887 -5.69969e-07
-0.0522355 0.00530244 0.998621

  PixelContainer: 
    ImportImageContainer (0x4b971d0)
      RTTI typeinfo:   itk::ImportImageContainer<unsigned long, double>
      Reference Count: 1
      Modified Time: 1587
      Debug: Off
      Object Name: 
      Observers: 
        none
      Pointer: 0x149329cec010
      Container manages memory: true
      Size: 9830400
      Capacity: 9830400

     Weighting = 1
     Sampling strategy = regular
     Number of bins = 32
     Radius = 4
     Sampling percentage  = 0.25
   Transform = Affine
     Gradient step = 0.1
     Update field sigma (voxel space) = 0
     Total field sigma (voxel space) = 0
     Update field time sigma = 0
     Total field time sigma  = 0
     Number of time indices = 0
     Number of time point samples = 0
Registration using 1 total stages.

Stage 0
  iterations = 1000x500x250x100
  convergence threshold = 1e-06
  convergence window size = 10
  number of levels = 4
  using the Mattes MI metric (number of bins = 32, weight = 1, use gradient filter = 0)
  preprocessing:  winsorizing the image intensities
  Shrink factors (level 1 out of 4): [8, 8, 8]
  Shrink factors (level 2 out of 4): [4, 4, 4]
  Shrink factors (level 3 out of 4): [2, 2, 2]
  Shrink factors (level 4 out of 4): [1, 1, 1]
  smoothing sigmas per level: [3, 2, 1, 0]
  regular sampling (percentage = 0.25)

*** Running AffineTransform registration ***

DIAGNOSTIC,Iteration,metricValue,convergenceValue,ITERATION_TIME_INDEX,SINCE_LAST
 2DIAGNOSTIC,     1, -6.761111630630e-01, 1.797693134862e+308, 0.0000e+00, 0.0000e+00, 
 2DIAGNOSTIC,     2, -6.784769332670e-01, 1.797693134862e+308, 0.0000e+00, 0.0000e+00, 
 2DIAGNOSTIC,     3, -6.823315434141e-01, 1.797693134862e+308, 0.0000e+00, 0.0000e+00, 
 2DIAGNOSTIC,     4, -6.888821038069e-01, 1.797693134862e+308, 0.0000e+00, 0.0000e+00, 
 2DIAGNOSTIC,     5, -7.004273929065e-01, 1.797693134862e+308, 0.0000e+00, 0.0000e+00, 
 2DIAGNOSTIC,     6, -7.129158369252e-01, 1.797693134862e+308, 0.0000e+00, 0.0000e+00, 
 2DIAGNOSTIC,     7, -7.299570489863e-01, 1.797693134862e+308, 0.0000e+00, 0.0000e+00, 
 2DIAGNOSTIC,     8, -7.334828169168e-01, 1.797693134862e+308, 0.0000e+00, 0.0000e+00, 
 2DIAGNOSTIC,     9, -7.364123701995e-01, 1.797693134862e+308, 0.0000e+00, 0.0000e+00, 
 2DIAGNOSTIC,    10, -7.400521737057e-01, 6.896862384184e-03, 0.0000e+00, 0.0000e+00, 
 2DIAGNOSTIC,    11, -7.401484507075e-01, 5.953634346145e-03, 0.0000e+00, 0.0000e+00, 
 2DIAGNOSTIC,    12, -7.418170614028e-01, 4.771442627073e-03, 0.0000e+00, 0.0000e+00, 
 2DIAGNOSTIC,    13, -7.421311088600e-01, 3.476787368351e-03, 0.0000e+00, 0.0000e+00, 
 2DIAGNOSTIC,    14, -7.418609351920e-01, 2.237403837108e-03, 0.0000e+00, 0.0000e+00, 
 2DIAGNOSTIC,    15, -7.419278642851e-01, 1.267453113462e-03, 0.0000e+00, 0.0000e+00, 
 2DIAGNOSTIC,    16, -7.418851408284e-01, 6.030039849818e-04, 0.0000e+00, 0.0000e+00, 
 2DIAGNOSTIC,    17, -7.419412781726e-01, 3.587819714859e-04, 0.0000e+00, 0.0000e+00, 
 2DIAGNOSTIC,    18, -7.419225020092e-01, 1.849948128901e-04, 0.0000e+00, 0.0000e+00, 
 2DIAGNOSTIC,    19, -7.419847277650e-01, 7.332747162669e-05, 0.0000e+00, 0.0000e+00, 
 2DIAGNOSTIC,    20, -7.419780558091e-01, 3.809376685474e-05, 0.0000e+00, 0.0000e+00, 
 2DIAGNOSTIC,    21, -7.420162475164e-01, 4.518351230873e-06, 0.0000e+00, 0.0000e+00, 
 2DIAGNOSTIC,    22, -7.419249831220e-01, 1.622299719964e-06, 0.0000e+00, 0.0000e+00, 
 2DIAGNOSTIC,    23, -7.418384648974e-01, 3.018448078040e-06, 0.0000e+00, 0.0000e+00, 
DIAGNOSTIC,Iteration,metricValue,convergenceValue,ITERATION_TIME_INDEX,SINCE_LAST
 2DIAGNOSTIC,     1, -6.095442359600e-01, 1.797693134862e+308, 0.0000e+00, 0.0000e+00, 
 2DIAGNOSTIC,     2, -6.099364397450e-01, 1.797693134862e+308, 0.0000e+00, 0.0000e+00, 
 2DIAGNOSTIC,     3, -6.106660936615e-01, 1.797693134862e+308, 0.0000e+00, 0.0000e+00, 
 2DIAGNOSTIC,     4, -6.114466560421e-01, 1.797693134862e+308, 0.0000e+00, 0.0000e+00, 
 2DIAGNOSTIC,     5, -6.120559539118e-01, 1.797693134862e+308, 0.0000e+00, 0.0000e+00, 
 2DIAGNOSTIC,     6, -6.120232891145e-01, 1.797693134862e+308, 0.0000e+00, 0.0000e+00, 
 2DIAGNOSTIC,     7, -6.120187781797e-01, 1.797693134862e+308, 0.0000e+00, 0.0000e+00, 
 2DIAGNOSTIC,     8, -6.120454164445e-01, 1.797693134862e+308, 0.0000e+00, 0.0000e+00, 
 2DIAGNOSTIC,     9, -6.120444886392e-01, 1.797693134862e+308, 0.0000e+00, 0.0000e+00, 
 2DIAGNOSTIC,    10, -6.120424335664e-01, 2.621093607882e-04, 0.0000e+00, 0.0000e+00, 
 2DIAGNOSTIC,    11, -6.120271738901e-01, 1.595469198246e-04, 0.0000e+00, 0.0000e+00, 
 2DIAGNOSTIC,    12, -6.120201366194e-01, 7.492478552804e-05, 0.0000e+00, 0.0000e+00, 
 2DIAGNOSTIC,    13, -6.120148569622e-01, 2.213081758351e-05, 0.0000e+00, 0.0000e+00, 
DIAGNOSTIC,Iteration,metricValue,convergenceValue,ITERATION_TIME_INDEX,SINCE_LAST
 2DIAGNOSTIC,     1, -5.358439826911e-01, 1.797693134862e+308, 0.0000e+00, 0.0000e+00, 
 2DIAGNOSTIC,     2, -5.360536014846e-01, 1.797693134862e+308, 0.0000e+00, 0.0000e+00, 
 2DIAGNOSTIC,     3, -5.362770242241e-01, 1.797693134862e+308, 0.0000e+00, 0.0000e+00, 
 2DIAGNOSTIC,     4, -5.363513157050e-01, 1.797693134862e+308, 0.0000e+00, 0.0000e+00, 
 2DIAGNOSTIC,     5, -5.363434547674e-01, 1.797693134862e+308, 0.0000e+00, 0.0000e+00, 
 2DIAGNOSTIC,     6, -5.363465124068e-01, 1.797693134862e+308, 0.0000e+00, 0.0000e+00, 
 2DIAGNOSTIC,     7, -5.363459544605e-01, 1.797693134862e+308, 0.0000e+00, 0.0000e+00, 
 2DIAGNOSTIC,     8, -5.363454227222e-01, 1.797693134862e+308, 0.0000e+00, 0.0000e+00, 
 2DIAGNOSTIC,     9, -5.363453098819e-01, 1.797693134862e+308, 0.0000e+00, 0.0000e+00, 
 2DIAGNOSTIC,    10, -5.363424096153e-01, 4.554250688577e-05, 0.0000e+00, 0.0000e+00, 
 2DIAGNOSTIC,    11, -5.363430425335e-01, 1.942622999404e-05, 0.0000e+00, 0.0000e+00, 
 2DIAGNOSTIC,    12, -5.363398653637e-01, 5.046638540743e-06, 0.0000e+00, 0.0000e+00, 
 2DIAGNOSTIC,    13, -5.363384648120e-01, 1.628290883723e-06, 0.0000e+00, 0.0000e+00, 
 2DIAGNOSTIC,    14, -5.363391418472e-01, 1.621245877950e-06, 0.0000e+00, 0.0000e+00, 
 2DIAGNOSTIC,    15, -5.363379530976e-01, 1.349789179567e-06, 0.0000e+00, 0.0000e+00, 
 2DIAGNOSTIC,    16, -5.363383083591e-01, 1.297346283347e-06, 0.0000e+00, 0.0000e+00, 
 2DIAGNOSTIC,    17, -5.363371906359e-01, 1.262772598751e-06, 0.0000e+00, 0.0000e+00, 
 2DIAGNOSTIC,    18, -5.363394854981e-01, 1.341027277474e-06, 0.0000e+00, 0.0000e+00, 
 2DIAGNOSTIC,    19, -5.363397403776e-01, 1.453530856413e-06, 0.0000e+00, 0.0000e+00, 
 2DIAGNOSTIC,    20, -5.363385619084e-01, 1.465631155613e-06, 0.0000e+00, 0.0000e+00, 
 2DIAGNOSTIC,    21, -5.363373973687e-01, 1.478919170843e-06, 0.0000e+00, 0.0000e+00, 
 2DIAGNOSTIC,    22, -5.363376374569e-01, 1.425095310530e-06, 0.0000e+00, 0.0000e+00, 
 2DIAGNOSTIC,    23, -5.363334515624e-01, 1.246828442540e-06, 0.0000e+00, 0.0000e+00, 
 2DIAGNOSTIC,    24, -5.363346510160e-01, 1.140189951704e-06, 0.0000e+00, 0.0000e+00, 
 2DIAGNOSTIC,    25, -5.363339812919e-01, 1.019177910760e-06, 0.0000e+00, 0.0000e+00, 
DIAGNOSTIC,Iteration,metricValue,convergenceValue,ITERATION_TIME_INDEX,SINCE_LAST
 2DIAGNOSTIC,     1, -4.917799489814e-01, 1.797693134862e+308, 0.0000e+00, 0.0000e+00, 
 2DIAGNOSTIC,     2, -4.919385252836e-01, 1.797693134862e+308, 0.0000e+00, 0.0000e+00, 
 2DIAGNOSTIC,     3, -4.921095697022e-01, 1.797693134862e+308, 0.0000e+00, 0.0000e+00, 
 2DIAGNOSTIC,     4, -4.921738356556e-01, 1.797693134862e+308, 0.0000e+00, 0.0000e+00, 
 2DIAGNOSTIC,     5, -4.922030087377e-01, 1.797693134862e+308, 0.0000e+00, 0.0000e+00, 
 2DIAGNOSTIC,     6, -4.923326666866e-01, 1.797693134862e+308, 0.0000e+00, 0.0000e+00, 
 2DIAGNOSTIC,     7, -4.923419406839e-01, 1.797693134862e+308, 0.0000e+00, 0.0000e+00, 
 2DIAGNOSTIC,     8, -4.923416192365e-01, 1.797693134862e+308, 0.0000e+00, 0.0000e+00, 
 2DIAGNOSTIC,     9, -4.923422902696e-01, 1.797693134862e+308, 0.0000e+00, 0.0000e+00, 
 2DIAGNOSTIC,    10, -4.923422691951e-01, 7.119681015419e-05, 0.0000e+00, 0.0000e+00, 
 2DIAGNOSTIC,    11, -4.923419577745e-01, 4.442660714511e-05, 0.0000e+00, 0.0000e+00, 
 2DIAGNOSTIC,    12, -4.923421699578e-01, 2.582992644697e-05, 0.0000e+00, 0.0000e+00, 
