
##########################
# Experiment information #
##########################

EXPERIMENT_NAME: antsRegistration-r7-p19
VFC_BACKENDS: libinterflop_vprec.so --range-binary32=7 --precision-binary32=19 --range-binary64=7 --precision-binary64=19

SIF_IMG: /home/mdugre/projects/rrg-glatard/mdugre/containers/ants-vprec-no_metrics.simg

SUBJECT_ID: s020
INPUT_IMG: /home/mdugre/scratch/mri-registration-rp/datasets/ds004513/derivatives/mri-registration-rp/antsBrainExtraction/sub-s020/BrainExtractionBrain.nii.gz
OUTPUT_DIR: /home/mdugre/scratch/mri-registration-rp/datasets/ds004513/derivatives/mri-registration-rp/0011/antsRegistration-r7-p19/sub-s020

FIXED_IMG: /templateflow/tpl-MNI152NLin2009cAsym/tpl-MNI152NLin2009cAsym_res-01_desc-brain_T1w.nii.gz
DATA_DIR: /home/mdugre/scratch/mri-registration-rp/datasets/ds004513
TEMPLATEFLOW_DIR: /home/mdugre/projects/rrg-glatard/mdugre/templateflow
ITK_GLOBAL_DEFAULT_NUMBER_OF_THREADS: 16
##########################

Info [verificarlo]: loaded backend libinterflop_ieee.so
Info [interflop-ieee]: load backend with:
Info [interflop-ieee]: debug = false
Info [interflop-ieee]: debug-binary = false
Info [interflop-ieee]: no-backend-name = false
Info [interflop-ieee]: print-new-line = false
Info [interflop-ieee]: print-subnormal-normalized = false
Info [interflop-ieee]: count-op = false
All_Command_lines_OK
Using double precision for computations.
=============================================================================
The composite transform comprises the following transforms (in order): 
  1. Center of mass alignment using fixed image: /templateflow/tpl-MNI152NLin2009cAsym/tpl-MNI152NLin2009cAsym_res-01_desc-brain_T1w.nii.gz and moving image: /home/mdugre/scratch/mri-registration-rp/datasets/ds004513/derivatives/mri-registration-rp/antsBrainExtraction/sub-s020/BrainExtractionBrain.nii.gz (type = Euler3DTransform)
=============================================================================
  number of levels = 1
  fixed image: /templateflow/tpl-MNI152NLin2009cAsym/tpl-MNI152NLin2009cAsym_res-01_desc-brain_T1w.nii.gz
  moving image: /home/mdugre/scratch/mri-registration-rp/datasets/ds004513/derivatives/mri-registration-rp/antsBrainExtraction/sub-s020/BrainExtractionBrain.nii.gz
Dimension = 3
Number of stages = 1
Use histogram matching = false
Winsorize image intensities = true
  Lower quantile = 0.005
  Upper quantile = 0.995


Stage 1 State
   Image metric = MattesMI
     Fixed image = Image (0x399ce70)
  RTTI typeinfo:   itk::Image<double, 3u>
  Reference Count: 2
  Modified Time: 2334
  Debug: Off
  Object Name: 
  Observers: 
    none
  Source: (none)
  Source output name: (none)
  Release Data: Off
  Data Released: False
  Global Release Data: Off
  PipelineMTime: 0
  UpdateMTime: 1943
  RealTimeStamp: 0 seconds 
  LargestPossibleRegion: 
    Dimension: 3
    Index: [0, 0, 0]
    Size: [193, 229, 193]
  BufferedRegion: 
    Dimension: 3
    Index: [0, 0, 0]
    Size: [193, 229, 193]
  RequestedRegion: 
    Dimension: 3
    Index: [0, 0, 0]
    Size: [193, 229, 193]
  Spacing: [1, 1, 1]
  Origin: [96, 132, -78]
  Direction: 
-1 0 0
0 -1 0
0 0 1

  IndexToPointMatrix: 
-1 0 0
0 -1 0
0 0 1

  PointToIndexMatrix: 
-1 0 0
0 -1 0
0 0 1

  Inverse Direction: 
-1 0 0
0 -1 0
0 0 1

  PixelContainer: 
    ImportImageContainer (0x39a5c60)
      RTTI typeinfo:   itk::ImportImageContainer<unsigned long, double>
      Reference Count: 1
      Modified Time: 1940
      Debug: Off
      Object Name: 
      Observers: 
        none
      Pointer: 0x146aa3f9e010
      Container manages memory: true
      Size: 8530021
      Capacity: 8530021

     Moving image = Image (0x39a8610)
  RTTI typeinfo:   itk::Image<double, 3u>
  Reference Count: 2
  Modified Time: 2335
  Debug: Off
  Object Name: 
  Observers: 
    none
  Source: (none)
  Source output name: (none)
  Release Data: Off
  Data Released: False
  Global Release Data: Off
  PipelineMTime: 0
  UpdateMTime: 2332
  RealTimeStamp: 0 seconds 
  LargestPossibleRegion: 
    Dimension: 3
    Index: [0, 0, 0]
    Size: [160, 240, 256]
  BufferedRegion: 
    Dimension: 3
    Index: [0, 0, 0]
    Size: [160, 240, 256]
  RequestedRegion: 
    Dimension: 3
    Index: [0, 0, 0]
    Size: [160, 240, 256]
  Spacing: [0.999995, 1, 1]
  Origin: [87.0906, 98.7205, -152.377]
  Direction: 
-0.996975 0.0261379 -0.0731913
-0.0260677 -0.999658 -0.00191374
-0.0732163 -2.46403e-08 0.997316

  IndexToPointMatrix: 
-0.996971 0.0261379 -0.0731913
-0.0260676 -0.999658 -0.00191374
-0.0732159 -2.46403e-08 0.997316

  PointToIndexMatrix: 
-0.99698 -0.0260679 -0.0732166
0.0261379 -0.999658 -2.46993e-08
-0.0731913 -0.00191374 0.997316

  Inverse Direction: 
-0.996975 -0.0260677 -0.0732163
0.0261379 -0.999658 -2.46993e-08
-0.0731913 -0.00191374 0.997316

  PixelContainer: 
    ImportImageContainer (0x3a41ef0)
      RTTI typeinfo:   itk::ImportImageContainer<unsigned long, double>
      Reference Count: 1
      Modified Time: 2329
      Debug: Off
      Object Name: 
      Observers: 
        none
      Pointer: 0x146a9f49d010
      Container manages memory: true
      Size: 9830400
      Capacity: 9830400

     Weighting = 1
     Sampling strategy = regular
     Number of bins = 32
     Radius = 4
     Sampling percentage  = 0.25
   Transform = Rigid
     Gradient step = 0.1
     Update field sigma (voxel space) = 0
     Total field sigma (voxel space) = 0
     Update field time sigma = 0
     Total field time sigma  = 0
     Number of time indices = 0
     Number of time point samples = 0
Registration using 1 total stages.

Stage 0
  iterations = 0
  convergence threshold = 1e-06
  convergence window size = 10
  number of levels = 1
  using the Mattes MI metric (number of bins = 32, weight = 1, use gradient filter = 0)
  preprocessing:  winsorizing the image intensities
  Shrink factors (level 1 out of 1): [1, 1, 1]
  smoothing sigmas per level: [0]
  regular sampling (percentage = 0.25)

*** Running Euler3DTransform registration ***

  Elapsed time (stage 0): 1.13078


Total elapsed time: 1.1331
Info [verificarlo]: loaded backend libinterflop_ieee.so
Info [interflop-ieee]: load backend with:
Info [interflop-ieee]: debug = false
Info [interflop-ieee]: debug-binary = false
Info [interflop-ieee]: no-backend-name = false
Info [interflop-ieee]: print-new-line = false
Info [interflop-ieee]: print-subnormal-normalized = false
Info [interflop-ieee]: count-op = false
All_Command_lines_OK
Using double precision for computations.
=============================================================================
The composite transform comprises the following transforms (in order): 
  1. /home/mdugre/scratch/mri-registration-rp/datasets/ds004513/derivatives/mri-registration-rp/0011/antsRegistration-r7-p19/sub-s020/align_Composite.h5[0] (type = Euler3DTransform)
  2. /home/mdugre/scratch/mri-registration-rp/datasets/ds004513/derivatives/mri-registration-rp/0011/antsRegistration-r7-p19/sub-s020/align_Composite.h5[1] (type = Euler3DTransform)
=============================================================================
  number of levels = 4
  fixed image: /templateflow/tpl-MNI152NLin2009cAsym/tpl-MNI152NLin2009cAsym_res-01_desc-brain_T1w.nii.gz
  moving image: /home/mdugre/scratch/mri-registration-rp/datasets/ds004513/derivatives/mri-registration-rp/antsBrainExtraction/sub-s020/BrainExtractionBrain.nii.gz
Dimension = 3
Number of stages = 1
Use histogram matching = false
Winsorize image intensities = true
  Lower quantile = 0.005
  Upper quantile = 0.995


Stage 1 State
   Image metric = MattesMI
     Fixed image = Image (0x345e530)
  RTTI typeinfo:   itk::Image<double, 3u>
  Reference Count: 2
  Modified Time: 1580
  Debug: Off
  Object Name: 
  Observers: 
    none
  Source: (none)
  Source output name: (none)
  Release Data: Off
  Data Released: False
  Global Release Data: Off
  PipelineMTime: 0
  UpdateMTime: 1189
  RealTimeStamp: 0 seconds 
  LargestPossibleRegion: 
    Dimension: 3
    Index: [0, 0, 0]
    Size: [193, 229, 193]
  BufferedRegion: 
    Dimension: 3
    Index: [0, 0, 0]
    Size: [193, 229, 193]
  RequestedRegion: 
    Dimension: 3
    Index: [0, 0, 0]
    Size: [193, 229, 193]
  Spacing: [1, 1, 1]
  Origin: [96, 132, -78]
  Direction: 
-1 0 0
0 -1 0
0 0 1

  IndexToPointMatrix: 
-1 0 0
0 -1 0
0 0 1

  PointToIndexMatrix: 
-1 0 0
0 -1 0
0 0 1

  Inverse Direction: 
-1 0 0
0 -1 0
0 0 1

  PixelContainer: 
    ImportImageContainer (0x351cd60)
      RTTI typeinfo:   itk::ImportImageContainer<unsigned long, double>
      Reference Count: 1
      Modified Time: 1186
      Debug: Off
      Object Name: 
      Observers: 
        none
      Pointer: 0x147b83d37010
      Container manages memory: true
      Size: 8530021
      Capacity: 8530021

     Moving image = Image (0x350ef60)
  RTTI typeinfo:   itk::Image<double, 3u>
  Reference Count: 2
  Modified Time: 1581
  Debug: Off
  Object Name: 
  Observers: 
    none
  Source: (none)
  Source output name: (none)
  Release Data: Off
  Data Released: False
  Global Release Data: Off
  PipelineMTime: 0
  UpdateMTime: 1578
  RealTimeStamp: 0 seconds 
  LargestPossibleRegion: 
    Dimension: 3
    Index: [0, 0, 0]
    Size: [160, 240, 256]
  BufferedRegion: 
    Dimension: 3
    Index: [0, 0, 0]
    Size: [160, 240, 256]
  RequestedRegion: 
    Dimension: 3
    Index: [0, 0, 0]
    Size: [160, 240, 256]
  Spacing: [0.999995, 1, 1]
  Origin: [87.0906, 98.7205, -152.377]
  Direction: 
-0.996975 0.0261379 -0.0731913
-0.0260677 -0.999658 -0.00191374
-0.0732163 -2.46403e-08 0.997316

  IndexToPointMatrix: 
-0.996971 0.0261379 -0.0731913
-0.0260676 -0.999658 -0.00191374
-0.0732159 -2.46403e-08 0.997316

  PointToIndexMatrix: 
-0.99698 -0.0260679 -0.0732166
0.0261379 -0.999658 -2.46993e-08
-0.0731913 -0.00191374 0.997316

  Inverse Direction: 
-0.996975 -0.0260677 -0.0732163
0.0261379 -0.999658 -2.46993e-08
-0.0731913 -0.00191374 0.997316

  PixelContainer: 
    ImportImageContainer (0x35006d0)
      RTTI typeinfo:   itk::ImportImageContainer<unsigned long, double>
      Reference Count: 1
      Modified Time: 1575
      Debug: Off
      Object Name: 
      Observers: 
        none
      Pointer: 0x147b7f236010
      Container manages memory: true
      Size: 9830400
      Capacity: 9830400

     Weighting = 1
     Sampling strategy = regular
     Number of bins = 32
     Radius = 4
     Sampling percentage  = 0.25
   Transform = Rigid
     Gradient step = 0.1
     Update field sigma (voxel space) = 0
     Total field sigma (voxel space) = 0
     Update field time sigma = 0
     Total field time sigma  = 0
     Number of time indices = 0
     Number of time point samples = 0
Registration using 1 total stages.

Stage 0
  iterations = 1000x500x250x100
  convergence threshold = 1e-06
  convergence window size = 10
  number of levels = 4
  using the Mattes MI metric (number of bins = 32, weight = 1, use gradient filter = 0)
  preprocessing:  winsorizing the image intensities
  Shrink factors (level 1 out of 4): [8, 8, 8]
  Shrink factors (level 2 out of 4): [4, 4, 4]
  Shrink factors (level 3 out of 4): [2, 2, 2]
  Shrink factors (level 4 out of 4): [1, 1, 1]
  smoothing sigmas per level: [3, 2, 1, 0]
  regular sampling (percentage = 0.25)

*** Running Euler3DTransform registration ***

DIAGNOSTIC,Iteration,metricValue,convergenceValue,ITERATION_TIME_INDEX,SINCE_LAST
 2DIAGNOSTIC,     1, -3.791273390751e-01, 1.797693134862e+308, 7.6228e-01, 7.6228e-01, 
 2DIAGNOSTIC,     2, -3.803606001643e-01, 1.797693134862e+308, 7.6629e-01, 4.0081e-03, 
 2DIAGNOSTIC,     3, -3.828962034719e-01, 1.797693134862e+308, 7.7065e-01, 4.3600e-03, 
 2DIAGNOSTIC,     4, -3.876122532015e-01, 1.797693134862e+308, 7.7477e-01, 4.1189e-03, 
 2DIAGNOSTIC,     5, -3.904935334081e-01, 1.797693134862e+308, 7.7946e-01, 4.6930e-03, 
 2DIAGNOSTIC,     6, -3.911039700181e-01, 1.797693134862e+308, 7.8339e-01, 3.9270e-03, 
 2DIAGNOSTIC,     7, -3.914905453856e-01, 1.797693134862e+308, 7.8735e-01, 3.9639e-03, 
 2DIAGNOSTIC,     8, -3.925629083064e-01, 1.797693134862e+308, 7.9133e-01, 3.9792e-03, 
 2DIAGNOSTIC,     9, -3.981570789235e-01, 1.797693134862e+308, 7.9541e-01, 4.0739e-03, 
 2DIAGNOSTIC,    10, -4.079218556696e-01, 3.866687266231e-03, 8.0082e-01, 5.4128e-03, 
 2DIAGNOSTIC,    11, -4.246779602407e-01, 4.904320352955e-03, 8.0563e-01, 4.8091e-03, 
 2DIAGNOSTIC,    12, -4.297045200929e-01, 5.673254149495e-03, 8.0993e-01, 4.2980e-03, 
 2DIAGNOSTIC,    13, -4.335692915502e-01, 6.156954111607e-03, 8.1480e-01, 4.8721e-03, 
 2DIAGNOSTIC,    14, -4.439932007392e-01, 6.764094567498e-03, 8.1916e-01, 4.3671e-03, 
 2DIAGNOSTIC,    15, -4.466217673523e-01, 6.904768046540e-03, 8.2415e-01, 4.9801e-03, 
 2DIAGNOSTIC,    16, -4.513528166467e-01, 6.619270357649e-03, 8.2839e-01, 4.2419e-03, 
 2DIAGNOSTIC,    17, -4.528511000277e-01, 5.844785634110e-03, 8.3304e-01, 4.6501e-03, 
 2DIAGNOSTIC,    18, -4.555717392206e-01, 4.777374800477e-03, 8.3910e-01, 6.0670e-03, 
 2DIAGNOSTIC,    19, -4.559551115015e-01, 3.601534602999e-03, 8.4345e-01, 4.3449e-03, 
 2DIAGNOSTIC,    20, -4.573566115578e-01, 2.586715374087e-03, 8.4972e-01, 6.2699e-03, 
 2DIAGNOSTIC,    21, -4.575248176486e-01, 1.982971267196e-03, 8.5383e-01, 4.1060e-03, 
 2DIAGNOSTIC,    22, -4.577282761523e-01, 1.415637630732e-03, 8.5837e-01, 4.5421e-03, 
 2DIAGNOSTIC,    23, -4.579446673240e-01, 8.825825983486e-04, 8.6245e-01, 4.0841e-03, 
 2DIAGNOSTIC,    24, -4.580222376310e-01, 6.077364527399e-04, 8.6658e-01, 4.1320e-03, 
 2DIAGNOSTIC,    25, -4.581756494521e-01, 3.715368284385e-04, 8.7067e-01, 4.0848e-03, 
 2DIAGNOSTIC,    26, -4.586248416729e-01, 2.524113989905e-04, 8.7477e-01, 4.1060e-03, 
 2DIAGNOSTIC,    27, -4.589294857334e-01, 1.618709105193e-04, 8.8083e-01, 6.0570e-03, 
 2DIAGNOSTIC,    28, -4.591730701763e-01, 1.332985445304e-04, 8.8496e-01, 4.1289e-03, 
 2DIAGNOSTIC,    29, -4.592816688706e-01, 1.048248967294e-04, 8.8969e-01, 4.7290e-03, 
 2DIAGNOSTIC,    30, -4.597218327711e-01, 1.090757392534e-04, 8.9531e-01, 5.6159e-03, 
 2DIAGNOSTIC,    31, -4.598057783667e-01, 1.077924849168e-04, 8.9943e-01, 4.1251e-03, 
 2DIAGNOSTIC,    32, -4.606603232702e-01, 1.180739665142e-04, 9.0409e-01, 4.6561e-03, 
 2DIAGNOSTIC,    33, -4.610364687953e-01, 1.280758007515e-04, 9.0834e-01, 4.2529e-03, 
 2DIAGNOSTIC,    34, -4.611791612127e-01, 1.296952221946e-04, 9.1254e-01, 4.2050e-03, 
 2DIAGNOSTIC,    35, -4.615441194378e-01, 1.286891174202e-04, 9.1666e-01, 4.1180e-03, 
 2DIAGNOSTIC,    36, -4.621708034273e-01, 1.348470933463e-04, 9.2193e-01, 5.2688e-03, 
 2DIAGNOSTIC,    37, -4.629063116468e-01, 1.457527973030e-04, 9.2656e-01, 4.6251e-03, 
 2DIAGNOSTIC,    38, -4.631394128520e-01, 1.501814572428e-04, 9.3125e-01, 4.6890e-03, 
 2DIAGNOSTIC,    39, -4.635674644484e-01, 1.492393219550e-04, 9.3536e-01, 4.1158e-03, 
 2DIAGNOSTIC,    40, -4.640391770945e-01, 1.490945830980e-04, 9.3951e-01, 4.1509e-03, 
 2DIAGNOSTIC,    41, -4.650861731000e-01, 1.520723536895e-04, 9.4387e-01, 4.3569e-03, 
 2DIAGNOSTIC,    42, -4.684413725911e-01, 2.045969322100e-04, 9.5033e-01, 6.4628e-03, 
 2DIAGNOSTIC,    43, -4.698850465017e-01, 2.612412345301e-04, 9.5501e-01, 4.6742e-03, 
 2DIAGNOSTIC,    44, -4.704914865350e-01, 3.014578399174e-04, 9.5980e-01, 4.7989e-03, 
 2DIAGNOSTIC,    45, -4.707349341575e-01, 3.202530499007e-04, 9.6410e-01, 4.2930e-03, 
 2DIAGNOSTIC,    46, -4.711026459304e-01, 3.212431198723e-04, 9.6875e-01, 4.6482e-03, 
 2DIAGNOSTIC,    47, -4.715099749341e-01, 3.063380213993e-04, 9.7296e-01, 4.2100e-03, 
 2DIAGNOSTIC,    48, -4.732381914749e-01, 2.885571394449e-04, 9.7743e-01, 4.4761e-03, 
 2DIAGNOSTIC,    49, -4.800298256338e-01, 3.380354598586e-04, 9.8185e-01, 4.4172e-03, 
 2DIAGNOSTIC,    50, -4.843908786986e-01, 4.128698800860e-04, 9.8684e-01, 4.9911e-03, 
 2DIAGNOSTIC,    51, -4.891889507424e-01, 5.167596199709e-04, 9.9425e-01, 7.4120e-03, 
 2DIAGNOSTIC,    52, -4.897089974257e-01, 6.139632639331e-04, 9.9833e-01, 4.0770e-03, 
 2DIAGNOSTIC,    53, -4.908842464601e-01, 6.802982330871e-04, 1.0024e+00, 4.0672e-03, 
 2DIAGNOSTIC,    54, -4.918202974969e-01, 6.959013433949e-04, 1.0065e+00, 4.0970e-03, 
 2DIAGNOSTIC,    55, -4.922444492960e-01, 6.507536842030e-04, 1.0106e+00, 4.0810e-03, 
 2DIAGNOSTIC,    56, -4.926064201591e-01, 5.536672874471e-04, 1.0146e+00, 4.0429e-03, 
 2DIAGNOSTIC,    57, -4.933317138882e-01, 4.206498705293e-04, 1.0188e+00, 4.2009e-03, 
 2DIAGNOSTIC,    58, -4.939796740520e-01, 2.770079132983e-04, 1.0250e+00, 6.1369e-03, 
 2DIAGNOSTIC,    59, -4.941748019045e-01, 1.855818900480e-04, 1.0290e+00, 4.0710e-03, 
 2DIAGNOSTIC,    60, -4.946120363412e-01, 1.286842498148e-04, 1.0346e+00, 5.5962e-03, 
 2DIAGNOSTIC,    61, -4.951705572289e-01, 1.165140872956e-04, 1.0388e+00, 4.1652e-03, 
 2DIAGNOSTIC,    62, -4.960867537693e-01, 1.077085199196e-04, 1.0435e+00, 4.7619e-03, 
 2DIAGNOSTIC,    63, -4.969686650789e-01, 1.088588049302e-04, 1.0477e+00, 4.1730e-03, 
 2DIAGNOSTIC,    64, -4.973674285164e-01, 1.124682542995e-04, 1.0529e+00, 5.2209e-03, 
 2DIAGNOSTIC,    65, -4.979460693193e-01, 1.149124217511e-04, 1.0571e+00, 4.1699e-03, 
 2DIAGNOSTIC,    66, -4.979808098314e-01, 1.098030460085e-04, 1.0618e+00, 4.7169e-03, 
 2DIAGNOSTIC,    67, -4.982650862556e-01, 1.035313935564e-04, 1.0660e+00, 4.1859e-03, 
 2DIAGNOSTIC,    68, -4.987076014601e-01, 9.739681988023e-05, 1.0707e+00, 4.6911e-03, 
 2DIAGNOSTIC,    69, -4.989715181354e-01, 8.613897654249e-05, 1.0775e+00, 6.7830e-03, 
 2DIAGNOSTIC,    70, -4.990950252121e-01, 7.193897439460e-05, 1.0816e+00, 4.1220e-03, 
 2DIAGNOSTIC,    71, -4.991420293947e-01, 5.650349575572e-05, 1.0862e+00, 4.6039e-03, 
 2DIAGNOSTIC,    72, -4.992018970417e-01, 4.438279925695e-05, 1.0909e+00, 4.6721e-03, 
 2DIAGNOSTIC,    73, -4.991449174264e-01, 3.524591735431e-05, 1.0955e+00, 4.6010e-03, 
 2DIAGNOSTIC,    74, -4.991554456201e-01, 2.630271288341e-05, 1.0995e+00, 4.0572e-03, 
 2DIAGNOSTIC,    75, -4.990968654892e-01, 1.944057706992e-05, 1.1037e+00, 4.1070e-03, 
 2DIAGNOSTIC,    76, -4.991204043017e-01, 1.142064208777e-05, 1.1077e+00, 4.0591e-03, 
 2DIAGNOSTIC,    77, -4.991497780979e-01, 4.988713440254e-06, 1.1124e+00, 4.6809e-03, 
 2DIAGNOSTIC,    78, -4.992032130247e-01, 2.144176524757e-06, 1.1190e+00, 6.6268e-03, 
 2DIAGNOSTIC,    79, -4.991744282443e-01, 1.015074698111e-06, 1.1233e+00, 4.2388e-03, 
DIAGNOSTIC,Iteration,metricValue,convergenceValue,ITERATION_TIME_INDEX,SINCE_LAST
 2DIAGNOSTIC,     1, -4.018318860318e-01, 1.797693134862e+308, 1.8341e+00, 7.1085e-01, 
 2DIAGNOSTIC,     2, -4.024195699929e-01, 1.797693134862e+308, 1.8623e+00, 2.8156e-02, 
 2DIAGNOSTIC,     3, -4.033669009889e-01, 1.797693134862e+308, 1.8910e+00, 2.8764e-02, 
 2DIAGNOSTIC,     4, -4.044920095379e-01, 1.797693134862e+308, 1.9190e+00, 2.8011e-02, 
 2DIAGNOSTIC,     5, -4.056584040769e-01, 1.797693134862e+308, 1.9473e+00, 2.8210e-02, 
 2DIAGNOSTIC,     6, -4.064962254076e-01, 1.797693134862e+308, 1.9808e+00, 3.3561e-02, 
 2DIAGNOSTIC,     7, -4.075324156354e-01, 1.797693134862e+308, 2.0114e+00, 3.0573e-02, 
 2DIAGNOSTIC,     8, -4.083436575584e-01, 1.797693134862e+308, 2.0457e+00, 3.4311e-02, 
 2DIAGNOSTIC,     9, -4.092708896296e-01, 1.797693134862e+308, 2.0782e+00, 3.2507e-02, 
 2DIAGNOSTIC,    10, -4.103013925624e-01, 1.368807394134e-03, 2.1078e+00, 2.9559e-02, 
 2DIAGNOSTIC,    11, -4.120735353623e-01, 1.305292224793e-03, 2.1431e+00, 3.5307e-02, 
 2DIAGNOSTIC,    12, -4.159630967664e-01, 1.392870985769e-03, 2.1747e+00, 3.1670e-02, 
 2DIAGNOSTIC,    13, -4.178671438752e-01, 1.488365417279e-03, 2.2054e+00, 3.0696e-02, 
 2DIAGNOSTIC,    14, -4.199743446679e-01, 1.594716306539e-03, 2.2333e+00, 2.7857e-02, 
 2DIAGNOSTIC,    15, -4.208325735002e-01, 1.634827198479e-03, 2.2650e+00, 3.1746e-02, 
 2DIAGNOSTIC,    16, -4.221464770850e-01, 1.612202802201e-03, 2.3031e+00, 3.8073e-02, 
 2DIAGNOSTIC,    17, -4.225812930714e-01, 1.501284823105e-03, 2.3358e+00, 3.2718e-02, 
 2DIAGNOSTIC,    18, -4.226842564450e-01, 1.298873793883e-03, 2.3711e+00, 3.5305e-02, 
 2DIAGNOSTIC,    19, -4.226798475634e-01, 1.032935800429e-03, 2.4018e+00, 3.0620e-02, 
 2DIAGNOSTIC,    20, -4.226673128951e-01, 7.338249105457e-04, 2.4322e+00, 3.0480e-02, 
 2DIAGNOSTIC,    21, -4.226653688145e-01, 4.510593791548e-04, 2.4623e+00, 3.0040e-02, 
 2DIAGNOSTIC,    22, -4.226951612361e-01, 2.740924363971e-04, 2.4944e+00, 3.2105e-02, 
 2DIAGNOSTIC,    23, -4.227531958907e-01, 1.448890891599e-04, 2.5233e+00, 2.8939e-02, 
 2DIAGNOSTIC,    24, -4.227842529262e-01, 7.420952785579e-05, 2.5558e+00, 3.2458e-02, 
 2DIAGNOSTIC,    25, -4.228753800925e-01, 2.763861459548e-05, 2.5839e+00, 2.8147e-02, 
 2DIAGNOSTIC,    26, -4.228928041900e-01, 1.695656468265e-05, 2.6147e+00, 3.0756e-02, 
 2DIAGNOSTIC,    27, -4.229418344811e-01, 1.778702049920e-05, 2.6423e+00, 2.7604e-02, 
 2DIAGNOSTIC,    28, -4.230573422295e-01, 2.230303016040e-05, 2.6690e+00, 2.6727e-02, 
 2DIAGNOSTIC,    29, -4.232973825612e-01, 2.999280041008e-05, 2.6998e+00, 3.0834e-02, 
 2DIAGNOSTIC,    30, -4.236552059124e-01, 4.217435521371e-05, 2.7407e+00, 4.0864e-02, 
 2DIAGNOSTIC,    31, -4.237226965716e-01, 5.098053299737e-05, 2.7712e+00, 3.0499e-02, 
 2DIAGNOSTIC,    32, -4.237537743185e-01, 5.590473681309e-05, 2.8048e+00, 3.3636e-02, 
 2DIAGNOSTIC,    33, -4.238078045160e-01, 5.770225310422e-05, 2.8431e+00, 3.8270e-02, 
 2DIAGNOSTIC,    34, -4.238378282843e-01, 5.508317253099e-05, 2.8817e+00, 3.8634e-02, 
 2DIAGNOSTIC,    35, -4.238909938944e-01, 5.018618552758e-05, 2.9176e+00, 3.5807e-02, 
 2DIAGNOSTIC,    36, -4.239343958800e-01, 4.205182381387e-05, 2.9551e+00, 3.7555e-02, 
 2DIAGNOSTIC,    37, -4.240223250391e-01, 3.304633470646e-05, 2.9901e+00, 3.4976e-02, 
 2DIAGNOSTIC,    38, -4.240001272757e-01, 2.306194422371e-05, 3.0420e+00, 5.1931e-02, 
 2DIAGNOSTIC,    39, -4.239996830444e-01, 1.552744387085e-05, 3.0724e+00, 3.0356e-02, 
 2DIAGNOSTIC,    40, -4.240113730479e-01, 1.324012704134e-05, 3.1066e+00, 3.4195e-02, 
 2DIAGNOSTIC,    41, -4.240159059525e-01, 1.104478114857e-05, 3.1386e+00, 3.1988e-02, 
 2DIAGNOSTIC,    42, -4.240180989598e-01, 8.483761259781e-06, 3.1693e+00, 3.0749e-02, 
 2DIAGNOSTIC,    43, -4.240233664888e-01, 6.253986485547e-06, 3.2092e+00, 3.9911e-02, 
 2DIAGNOSTIC,    44, -4.240195659060e-01, 4.011952332489e-06, 3.2497e+00, 4.0509e-02, 
 2DIAGNOSTIC,    45, -4.240154366159e-01, 2.288311466023e-06, 3.2907e+00, 4.0975e-02, 
 2DIAGNOSTIC,    46, -4.240172623284e-01, 1.116248765157e-06, 3.3349e+00, 4.4225e-02, 
 2DIAGNOSTIC,    47, -4.240177222679e-01, 1.238678124921e-06, 3.3702e+00, 3.5262e-02, 
DIAGNOSTIC,Iteration,metricValue,convergenceValue,ITERATION_TIME_INDEX,SINCE_LAST
 2DIAGNOSTIC,     1, -3.614950709618e-01, 1.797693134862e+308, 4.5379e+00, 1.1677e+00, 
 2DIAGNOSTIC,     2, -3.615754541077e-01, 1.797693134862e+308, 4.7730e+00, 2.3517e-01, 
 2DIAGNOSTIC,     3, -3.616634809532e-01, 1.797693134862e+308, 5.0380e+00, 2.6493e-01, 
 2DIAGNOSTIC,     4, -3.617108064354e-01, 1.797693134862e+308, 5.2794e+00, 2.4141e-01, 
 2DIAGNOSTIC,     5, -3.617271356233e-01, 1.797693134862e+308, 5.5612e+00, 2.8183e-01, 
 2DIAGNOSTIC,     6, -3.618743037251e-01, 1.797693134862e+308, 5.8433e+00, 2.8207e-01, 
 2DIAGNOSTIC,     7, -3.618740585908e-01, 1.797693134862e+308, 6.3998e+00, 5.5654e-01, 
 2DIAGNOSTIC,     8, -3.618736211695e-01, 1.797693134862e+308, 6.6648e+00, 2.6502e-01, 
 2DIAGNOSTIC,     9, -3.618795975721e-01, 1.797693134862e+308, 6.9308e+00, 2.6600e-01, 
 2DIAGNOSTIC,    10, -3.618935976421e-01, 7.485518226547e-05, 7.1555e+00, 2.2464e-01, 
 2DIAGNOSTIC,    11, -3.619089459549e-01, 5.441159004374e-05, 7.3745e+00, 2.1898e-01, 
 2DIAGNOSTIC,    12, -3.619270659613e-01, 3.904790581533e-05, 7.5885e+00, 2.1409e-01, 
 2DIAGNOSTIC,    13, -3.619621579766e-01, 3.026975411818e-05, 7.8029e+00, 2.1437e-01, 
 2DIAGNOSTIC,    14, -3.619730654682e-01, 2.352105441066e-05, 8.0472e+00, 2.4430e-01, 
 2DIAGNOSTIC,    15, -3.619695260204e-01, 1.618570503763e-05, 8.2625e+00, 2.1527e-01, 
 2DIAGNOSTIC,    16, -3.619779489448e-01, 1.614199587682e-05, 8.4829e+00, 2.2042e-01, 
 2DIAGNOSTIC,    17, -3.620168840529e-01, 1.657462188844e-05, 8.7766e+00, 2.9368e-01, 
 2DIAGNOSTIC,    18, -3.620412180172e-01, 1.657711593372e-05, 9.0290e+00, 2.5243e-01, 
 2DIAGNOSTIC,    19, -3.620422437763e-01, 1.548357062074e-05, 9.3104e+00, 2.8141e-01, 
 2DIAGNOSTIC,    20, -3.620809894222e-01, 1.533599378028e-05, 9.6573e+00, 3.4692e-01, 
 2DIAGNOSTIC,    21, -3.620827350657e-01, 1.452797285083e-05, 1.0073e+01, 4.1557e-01, 
 2DIAGNOSTIC,    22, -3.620843392732e-01, 1.323695385085e-05, 1.0508e+01, 4.3482e-01, 
 2DIAGNOSTIC,    23, -3.620828527941e-01, 1.209672688811e-05, 1.0812e+01, 3.0398e-01, 
 2DIAGNOSTIC,    24, -3.620824916543e-01, 1.041448619298e-05, 1.1129e+01, 3.1701e-01, 
 2DIAGNOSTIC,    25, -3.620811205941e-01, 7.858588785520e-06, 1.1414e+01, 2.8547e-01, 
 2DIAGNOSTIC,    26, -3.620808767725e-01, 5.097523740366e-06, 1.1678e+01, 2.6429e-01, 
 2DIAGNOSTIC,    27, -3.620808711574e-01, 3.305623711529e-06, 1.1968e+01, 2.8970e-01, 
 2DIAGNOSTIC,    28, -3.620806722727e-01, 2.130961334827e-06, 1.2230e+01, 2.6189e-01, 
DIAGNOSTIC,Iteration,metricValue,convergenceValue,ITERATION_TIME_INDEX,SINCE_LAST
 2DIAGNOSTIC,     1, -3.317082016903e-01, 1.797693134862e+308, 1.4815e+01, 2.5846e+00, 
 2DIAGNOSTIC,     2, -3.317395804105e-01, 1.797693134862e+308, 1.6278e+01, 1.4630e+00, 
 2DIAGNOSTIC,     3, -3.321953496203e-01, 1.797693134862e+308, 1.7904e+01, 1.6259e+00, 
 2DIAGNOSTIC,     4, -3.322529138784e-01, 1.797693134862e+308, 1.9357e+01, 1.4536e+00, 
 2DIAGNOSTIC,     5, -3.325548178364e-01, 1.797693134862e+308, 2.0914e+01, 1.5569e+00, 
 2DIAGNOSTIC,     6, -3.326507655509e-01, 1.797693134862e+308, 2.2337e+01, 1.4229e+00, 
 2DIAGNOSTIC,     7, -3.326809923370e-01, 1.797693134862e+308, 2.4190e+01, 1.8533e+00, 
 2DIAGNOSTIC,     8, -3.327197150180e-01, 1.797693134862e+308, 2.5650e+01, 1.4593e+00, 
 2DIAGNOSTIC,     9, -3.327444436769e-01, 1.797693134862e+308, 2.7097e+01, 1.4470e+00, 
 2DIAGNOSTIC,    10, -3.327902092973e-01, 2.206700198379e-04, 2.8877e+01, 1.7800e+00, 
 2DIAGNOSTIC,    11, -3.327932875451e-01, 1.583718294553e-04, 3.0474e+01, 1.5975e+00, 
 2DIAGNOSTIC,    12, -3.327925023619e-01, 9.416512016210e-05, 3.2886e+01, 2.4114e+00, 
 2DIAGNOSTIC,    13, -3.327925206473e-01, 6.178258193970e-05, 3.4588e+01, 1.7029e+00, 
 2DIAGNOSTIC,    14, -3.327925154141e-01, 3.168493876765e-05, 3.6017e+01, 1.4290e+00, 
 2DIAGNOSTIC,    15, -3.327924149377e-01, 1.996427913444e-05, 3.8000e+01, 1.9822e+00, 
 2DIAGNOSTIC,    16, -3.327924512207e-01, 1.318924077606e-05, 3.9622e+01, 1.6227e+00, 
 2DIAGNOSTIC,    17, -3.327924045860e-01, 7.694631837779e-06, 4.1066e+01, 1.4436e+00, 
 2DIAGNOSTIC,    18, -3.327923738420e-01, 4.105084836746e-06, 4.2534e+01, 1.4678e+00, 
 2DIAGNOSTIC,    19, -3.327924394023e-01, 1.734348024252e-06, 4.4374e+01, 1.8402e+00, 
 2DIAGNOSTIC,    20, -3.327924689015e-01, 1.547739628925e-06, 4.6233e+01, 1.8592e+00, 
 2DIAGNOSTIC,    21, -3.327923408690e-01, 1.503924624904e-06, 4.7783e+01, 1.5496e+00, 
 2DIAGNOSTIC,    22, -3.327922849283e-01, 1.432657066605e-06, 4.9158e+01, 1.3755e+00, 
 2DIAGNOSTIC,    23, -3.327922388510e-01, 1.367887951437e-06, 5.0583e+01, 1.4252e+00, 
 2DIAGNOSTIC,    24, -3.327922671060e-01, 1.310825107341e-06, 5.2265e+01, 1.6816e+00, 
 2DIAGNOSTIC,    25, -3.327922253614e-01, 1.254740645884e-06, 5.3936e+01, 1.6710e+00, 
 2DIAGNOSTIC,    26, -3.327921835157e-01, 1.204672919489e-06, 5.5400e+01, 1.4643e+00, 
 2DIAGNOSTIC,    27, -3.327921608682e-01, 1.158099606435e-06, 5.6877e+01, 1.4769e+00, 
 2DIAGNOSTIC,    28, -3.327921699909e-01, 1.116033590473e-06, 5.8689e+01, 1.8122e+00, 
 2DIAGNOSTIC,    29, -3.327922012044e-01, 1.081520264290e-06, 6.0325e+01, 1.6354e+00, 
 2DIAGNOSTIC,    30, -3.327919658627e-01, 1.044995004827e-06, 6.1770e+01, 1.4448e+00, 
 2DIAGNOSTIC,    31, -3.327920399543e-01, 1.011098759753e-06, 6.3621e+01, 1.8518e+00, 
  Elapsed time (stage 0): 6.4468e+01


Total elapsed time: 6.4471e+01
Info [verificarlo]: loaded backend libinterflop_vprec.so
Info [interflop-vprec]: load backend with: 
Info [interflop-vprec]: precision-binary32 = 19
Info [interflop-vprec]: range-binary32 = 7
Info [interflop-vprec]: precision-binary64 = 19
Info [interflop-vprec]: range-binary64 = 7
Info [interflop-vprec]: mode = ob
Info [interflop-vprec]: error-mode = rel
Info [interflop-vprec]: max-abs-error-exponent = -1022
Info [interflop-vprec]: daz = false
Info [interflop-vprec]: ftz = false
Info [interflop-vprec]: 	instrument = none
Info [interflop-vprec]: 	prec-input-file = (null)
Info [interflop-vprec]: 	prec-output-file = (null)
Info [interflop-vprec]: 	prec-log-file = (null)
All_Command_lines_OK
Using double precision for computations.
=============================================================================
The composite transform comprises the following transforms (in order): 
  1. /home/mdugre/scratch/mri-registration-rp/datasets/ds004513/derivatives/mri-registration-rp/0011/antsRegistration-r7-p19/sub-s020/rigid_Composite.h5[0] (type = Euler3DTransform)
  2. /home/mdugre/scratch/mri-registration-rp/datasets/ds004513/derivatives/mri-registration-rp/0011/antsRegistration-r7-p19/sub-s020/rigid_Composite.h5[1] (type = Euler3DTransform)
  3. /home/mdugre/scratch/mri-registration-rp/datasets/ds004513/derivatives/mri-registration-rp/0011/antsRegistration-r7-p19/sub-s020/rigid_Composite.h5[2] (type = Euler3DTransform)
=============================================================================
  number of levels = 4
  fixed image: /templateflow/tpl-MNI152NLin2009cAsym/tpl-MNI152NLin2009cAsym_res-01_desc-brain_T1w.nii.gz
  moving image: /home/mdugre/scratch/mri-registration-rp/datasets/ds004513/derivatives/mri-registration-rp/antsBrainExtraction/sub-s020/BrainExtractionBrain.nii.gz
Dimension = 3
Number of stages = 1
Use histogram matching = false
Winsorize image intensities = true
  Lower quantile = 0.005
  Upper quantile = 0.995


Stage 1 State
   Image metric = MattesMI
     Fixed image = Image (0x4921490)
  RTTI typeinfo:   itk::Image<double, 3u>
  Reference Count: 2
  Modified Time: 1594
  Debug: Off
  Object Name: 
  Observers: 
    none
  Source: (none)
  Source output name: (none)
  Release Data: Off
  Data Released: False
  Global Release Data: Off
  PipelineMTime: 0
  UpdateMTime: 1203
  RealTimeStamp: 0 seconds 
  LargestPossibleRegion: 
    Dimension: 3
    Index: [0, 0, 0]
    Size: [193, 229, 193]
  BufferedRegion: 
    Dimension: 3
    Index: [0, 0, 0]
    Size: [193, 229, 193]
  RequestedRegion: 
    Dimension: 3
    Index: [0, 0, 0]
    Size: [193, 229, 193]
  Spacing: [1, 1, 1]
  Origin: [96, 132, -78]
  Direction: 
-1 0 0
0 -1 0
0 0 1

  IndexToPointMatrix: 
-1 0 0
0 -1 0
0 0 1

  PointToIndexMatrix: 
-1 0 0
0 -1 0
0 0 1

  Inverse Direction: 
-1 0 0
0 -1 0
0 0 1

  PixelContainer: 
    ImportImageContainer (0x49ec8c0)
      RTTI typeinfo:   itk::ImportImageContainer<unsigned long, double>
      Reference Count: 1
      Modified Time: 1200
      Debug: Off
      Object Name: 
      Observers: 
        none
      Pointer: 0x14581d9c2010
      Container manages memory: true
      Size: 8530021
      Capacity: 8530021

     Moving image = Image (0x49dcb60)
  RTTI typeinfo:   itk::Image<double, 3u>
  Reference Count: 2
  Modified Time: 1595
  Debug: Off
  Object Name: 
  Observers: 
    none
  Source: (none)
  Source output name: (none)
  Release Data: Off
  Data Released: False
  Global Release Data: Off
  PipelineMTime: 0
  UpdateMTime: 1592
  RealTimeStamp: 0 seconds 
  LargestPossibleRegion: 
    Dimension: 3
    Index: [0, 0, 0]
    Size: [160, 240, 256]
  BufferedRegion: 
    Dimension: 3
    Index: [0, 0, 0]
    Size: [160, 240, 256]
  RequestedRegion: 
    Dimension: 3
    Index: [0, 0, 0]
    Size: [160, 240, 256]
  Spacing: [0.999995, 1, 1]
  Origin: [87.0906, 98.7205, -152.377]
  Direction: 
-0.996975 0.0261379 -0.0731913
-0.0260677 -0.999659 -0.00191374
-0.0732162 -2.46403e-08 0.997316

  IndexToPointMatrix: 
-0.99697 0.0261379 -0.0731913
-0.0260676 -0.999659 -0.00191374
-0.0732158 -2.46403e-08 0.997316

  PointToIndexMatrix: 
-0.996981 -0.0260679 -0.0732168
0.0261377 -0.999657 1.54972e-06
-0.073191 -0.00191462 0.997313

  Inverse Direction: 
-0.996975 -0.0260677 -0.0732162
0.0261379 -0.999659 -1.3411e-07
-0.0731913 -0.00191481 0.997318

  PixelContainer: 
    ImportImageContainer (0x4a701d0)
      RTTI typeinfo:   itk::ImportImageContainer<unsigned long, double>
      Reference Count: 1
      Modified Time: 1589
      Debug: Off
      Object Name: 
      Observers: 
        none
      Pointer: 0x145818ec1010
      Container manages memory: true
      Size: 9830400
      Capacity: 9830400

     Weighting = 1
     Sampling strategy = regular
     Number of bins = 32
     Radius = 4
     Sampling percentage  = 0.25
   Transform = Affine
     Gradient step = 0.1
     Update field sigma (voxel space) = 0
     Total field sigma (voxel space) = 0
     Update field time sigma = 0
     Total field time sigma  = 0
     Number of time indices = 0
     Number of time point samples = 0
Registration using 1 total stages.

Stage 0
  iterations = 1000x500x250x100
  convergence threshold = 1e-06
  convergence window size = 10
  number of levels = 4
  using the Mattes MI metric (number of bins = 32, weight = 1, use gradient filter = 0)
  preprocessing:  winsorizing the image intensities
  Shrink factors (level 1 out of 4): [8, 8, 8]
  Shrink factors (level 2 out of 4): [4, 4, 4]
  Shrink factors (level 3 out of 4): [2, 2, 2]
  Shrink factors (level 4 out of 4): [1, 1, 1]
  smoothing sigmas per level: [3, 2, 1, 0]
  regular sampling (percentage = 0.25)

*** Running AffineTransform registration ***

DIAGNOSTIC,Iteration,metricValue,convergenceValue,ITERATION_TIME_INDEX,SINCE_LAST
 2DIAGNOSTIC,     1, -5.142326779200e-01, 1.797693134862e+308, 0.0000e+00, 0.0000e+00, 
 2DIAGNOSTIC,     2, -5.159487126272e-01, 1.797693134862e+308, 0.0000e+00, 0.0000e+00, 
 2DIAGNOSTIC,     3, -5.190501487493e-01, 1.797693134862e+308, 0.0000e+00, 0.0000e+00, 
 2DIAGNOSTIC,     4, -5.238056299001e-01, 1.797693134862e+308, 0.0000e+00, 0.0000e+00, 
 2DIAGNOSTIC,     5, -5.309754703461e-01, 1.797693134862e+308, 0.0000e+00, 0.0000e+00, 
 2DIAGNOSTIC,     6, -5.535442251291e-01, 1.797693134862e+308, 0.0000e+00, 0.0000e+00, 
 2DIAGNOSTIC,     7, -5.946576530224e-01, 1.797693134862e+308, 0.0000e+00, 0.0000e+00, 
 2DIAGNOSTIC,     8, -7.029708770293e-01, 1.797693134862e+308, 0.0000e+00, 0.0000e+00, 
 2DIAGNOSTIC,     9, -7.281896265289e-01, 1.797693134862e+308, 0.0000e+00, 0.0000e+00, 
 2DIAGNOSTIC,    10, -7.514833040692e-01, 2.819074634127e-02, 0.0000e+00, 0.0000e+00, 
 2DIAGNOSTIC,    11, -7.733382493049e-01, 2.928013302169e-02, 0.0000e+00, 0.0000e+00, 
 2DIAGNOSTIC,    12, -7.856083781445e-01, 2.802265301878e-02, 0.0000e+00, 0.0000e+00, 
 2DIAGNOSTIC,    13, -7.937922240943e-01, 2.483565548096e-02, 0.0000e+00, 0.0000e+00, 
 2DIAGNOSTIC,    14, -8.182262034151e-01, 2.084919609405e-02, 0.0000e+00, 0.0000e+00, 
 2DIAGNOSTIC,    15, -8.364604560188e-01, 1.636503659762e-02, 0.0000e+00, 0.0000e+00, 
 2DIAGNOSTIC,    16, -8.379536581832e-01, 1.173185426067e-02, 0.0000e+00, 0.0000e+00, 
 2DIAGNOSTIC,    17, -8.484310086943e-01, 7.904321728448e-03, 0.0000e+00, 0.0000e+00, 
 2DIAGNOSTIC,    18, -8.497297975412e-01, 6.365192012290e-03, 0.0000e+00, 0.0000e+00, 
 2DIAGNOSTIC,    19, -8.507851830062e-01, 4.986621737040e-03, 0.0000e+00, 0.0000e+00, 
 2DIAGNOSTIC,    20, -8.526909946698e-01, 3.807814909207e-03, 0.0000e+00, 0.0000e+00, 
 2DIAGNOSTIC,    21, -8.562083976616e-01, 2.890351646284e-03, 0.0000e+00, 0.0000e+00, 
 2DIAGNOSTIC,    22, -8.585730265887e-01, 2.067750769238e-03, 0.0000e+00, 0.0000e+00, 
 2DIAGNOSTIC,    23, -8.585581665060e-01, 1.267532760647e-03, 0.0000e+00, 0.0000e+00, 
 2DIAGNOSTIC,    24, -8.585609295336e-01, 8.173591800876e-04, 0.0000e+00, 0.0000e+00, 
 2DIAGNOSTIC,    25, -8.584907550547e-01, 6.138523967377e-04, 0.0000e+00, 0.0000e+00, 
 2DIAGNOSTIC,    26, -8.585451390814e-01, 3.889172234658e-04, 0.0000e+00, 0.0000e+00, 
 2DIAGNOSTIC,    27, -8.583606504469e-01, 2.910306315204e-04, 0.0000e+00, 0.0000e+00, 
 2DIAGNOSTIC,    28, -8.584973982979e-01, 1.939555475077e-04, 0.0000e+00, 0.0000e+00, 
 2DIAGNOSTIC,    29, -8.588433102597e-01, 1.048380698184e-04, 0.0000e+00, 0.0000e+00, 
 2DIAGNOSTIC,    30, -8.588899631380e-01, 3.603408727727e-05, 0.0000e+00, 0.0000e+00, 
 2DIAGNOSTIC,    31, -8.588065769372e-01, 9.505969826136e-06, 0.0000e+00, 0.0000e+00, 
 2DIAGNOSTIC,    32, -8.587040852728e-01, 1.043010332408e-05, 0.0000e+00, 0.0000e+00, 
 2DIAGNOSTIC,    33, -8.586059832069e-01, 9.141329951334e-06, 0.0000e+00, 0.0000e+00, 
 2DIAGNOSTIC,    34, -8.585138911548e-01, 6.132779689666e-06, 0.0000e+00, 0.0000e+00, 
 2DIAGNOSTIC,    35, -8.584512355024e-01, 1.400379191670e-06, 0.0000e+00, 0.0000e+00, 
DIAGNOSTIC,Iteration,metricValue,convergenceValue,ITERATION_TIME_INDEX,SINCE_LAST
 2DIAGNOSTIC,     1, -7.187315710498e-01, 1.797693134862e+308, 0.0000e+00, 0.0000e+00, 
 2DIAGNOSTIC,     2, -7.193975254744e-01, 1.797693134862e+308, 0.0000e+00, 0.0000e+00, 
 2DIAGNOSTIC,     3, -7.198222584767e-01, 1.797693134862e+308, 0.0000e+00, 0.0000e+00, 
 2DIAGNOSTIC,     4, -7.197703650252e-01, 1.797693134862e+308, 0.0000e+00, 0.0000e+00, 
 2DIAGNOSTIC,     5, -7.196492138568e-01, 1.797693134862e+308, 0.0000e+00, 0.0000e+00, 
 2DIAGNOSTIC,     6, -7.195095316874e-01, 1.797693134862e+308, 0.0000e+00, 0.0000e+00, 
 2DIAGNOSTIC,     7, -7.194837434427e-01, 1.797693134862e+308, 0.0000e+00, 0.0000e+00, 
 2DIAGNOSTIC,     8, -7.194515362589e-01, 1.797693134862e+308, 0.0000e+00, 0.0000e+00, 
 2DIAGNOSTIC,     9, -7.194303547352e-01, 1.797693134862e+308, 0.0000e+00, 0.0000e+00, 
 2DIAGNOSTIC,    10, -7.194105351250e-01, 1.464607795998e-05, 0.0000e+00, 0.0000e+00, 
DIAGNOSTIC,Iteration,metricValue,convergenceValue,ITERATION_TIME_INDEX,SINCE_LAST
 2DIAGNOSTIC,     1, -5.960619159246e-01, 1.797693134862e+308, 0.0000e+00, 0.0000e+00, 
 2DIAGNOSTIC,     2, -5.963517529822e-01, 1.797693134862e+308, 0.0000e+00, 0.0000e+00, 
 2DIAGNOSTIC,     3, -5.965425767365e-01, 1.797693134862e+308, 0.0000e+00, 0.0000e+00, 
 2DIAGNOSTIC,     4, -5.967115457117e-01, 1.797693134862e+308, 0.0000e+00, 0.0000e+00, 
 2DIAGNOSTIC,     5, -5.969860251959e-01, 1.797693134862e+308, 0.0000e+00, 0.0000e+00, 
 2DIAGNOSTIC,     6, -5.971208008940e-01, 1.797693134862e+308, 0.0000e+00, 0.0000e+00, 
 2DIAGNOSTIC,     7, -5.972162563344e-01, 1.797693134862e+308, 0.0000e+00, 0.0000e+00, 
 2DIAGNOSTIC,     8, -5.972338585893e-01, 1.797693134862e+308, 0.0000e+00, 0.0000e+00, 
 2DIAGNOSTIC,     9, -5.972325740719e-01, 1.797693134862e+308, 0.0000e+00, 0.0000e+00, 
 2DIAGNOSTIC,    10, -5.972312812525e-01, 1.308863587968e-04, 0.0000e+00, 0.0000e+00, 
 2DIAGNOSTIC,    11, -5.972264471018e-01, 8.831632971266e-05, 0.0000e+00, 0.0000e+00, 
 2DIAGNOSTIC,    12, -5.972287534210e-01, 5.673522453942e-05, 0.0000e+00, 0.0000e+00, 
 2DIAGNOSTIC,    13, -5.972276812575e-01, 3.207579020835e-05, 0.0000e+00, 0.0000e+00, 
 2DIAGNOSTIC,    14, -5.972286145478e-01, 1.386533154299e-05, 0.0000e+00, 0.0000e+00, 
 2DIAGNOSTIC,    15, -5.972265552564e-01, 5.595575045536e-06, 0.0000e+00, 0.0000e+00, 
 2DIAGNOSTIC,    16, -5.972259022720e-01, 1.959645041516e-06, 0.0000e+00, 0.0000e+00, 
 2DIAGNOSTIC,    17, -5.972250327318e-01, 1.387167011140e-06, 0.0000e+00, 0.0000e+00, 
 2DIAGNOSTIC,    18, -5.972260043362e-01, 1.412065744368e-06, 0.0000e+00, 0.0000e+00, 
 2DIAGNOSTIC,    19, -5.972287373432e-01, 1.502267820509e-06, 0.0000e+00, 0.0000e+00, 
 2DIAGNOSTIC,    20, -5.972291621390e-01, 1.580846851625e-06, 0.0000e+00, 0.0000e+00, 
 2DIAGNOSTIC,    21, -5.972280213057e-01, 1.516953183935e-06, 0.0000e+00, 0.0000e+00, 
 2DIAGNOSTIC,    22, -5.972282952447e-01, 1.516429575202e-06, 0.0000e+00, 0.0000e+00, 
 2DIAGNOSTIC,    23, -5.972290801367e-01, 1.501025763004e-06, 0.0000e+00, 0.0000e+00, 
 2DIAGNOSTIC,    24, -5.972307805951e-01, 1.526753846445e-06, 0.0000e+00, 0.0000e+00, 
 2DIAGNOSTIC,    25, -5.972311515476e-01, 1.498634994351e-06, 0.0000e+00, 0.0000e+00, 
 2DIAGNOSTIC,    26, -5.972315693995e-01, 1.449028895366e-06, 0.0000e+00, 0.0000e+00, 
