
##########################
# Experiment information #
##########################

EXPERIMENT_NAME: antsRegistration-r7-p19
VFC_BACKENDS: libinterflop_vprec.so --range-binary32=7 --precision-binary32=19 --range-binary64=7 --precision-binary64=19

SIF_IMG: /home/mdugre/projects/rrg-glatard/mdugre/containers/ants-vprec-no_metrics.simg

SUBJECT_ID: s035
INPUT_IMG: /home/mdugre/scratch/mri-registration-rp/datasets/ds004513/derivatives/mri-registration-rp/antsBrainExtraction/sub-s035/BrainExtractionBrain.nii.gz
OUTPUT_DIR: /home/mdugre/scratch/mri-registration-rp/datasets/ds004513/derivatives/mri-registration-rp/0011/antsRegistration-r7-p19/sub-s035

FIXED_IMG: /templateflow/tpl-MNI152NLin2009cAsym/tpl-MNI152NLin2009cAsym_res-01_desc-brain_T1w.nii.gz
DATA_DIR: /home/mdugre/scratch/mri-registration-rp/datasets/ds004513
TEMPLATEFLOW_DIR: /home/mdugre/projects/rrg-glatard/mdugre/templateflow
ITK_GLOBAL_DEFAULT_NUMBER_OF_THREADS: 16
##########################

Info [verificarlo]: loaded backend libinterflop_ieee.so
Info [interflop-ieee]: load backend with:
Info [interflop-ieee]: debug = false
Info [interflop-ieee]: debug-binary = false
Info [interflop-ieee]: no-backend-name = false
Info [interflop-ieee]: print-new-line = false
Info [interflop-ieee]: print-subnormal-normalized = false
Info [interflop-ieee]: count-op = false
All_Command_lines_OK
Using double precision for computations.
=============================================================================
The composite transform comprises the following transforms (in order): 
  1. Center of mass alignment using fixed image: /templateflow/tpl-MNI152NLin2009cAsym/tpl-MNI152NLin2009cAsym_res-01_desc-brain_T1w.nii.gz and moving image: /home/mdugre/scratch/mri-registration-rp/datasets/ds004513/derivatives/mri-registration-rp/antsBrainExtraction/sub-s035/BrainExtractionBrain.nii.gz (type = Euler3DTransform)
=============================================================================
  number of levels = 1
  fixed image: /templateflow/tpl-MNI152NLin2009cAsym/tpl-MNI152NLin2009cAsym_res-01_desc-brain_T1w.nii.gz
  moving image: /home/mdugre/scratch/mri-registration-rp/datasets/ds004513/derivatives/mri-registration-rp/antsBrainExtraction/sub-s035/BrainExtractionBrain.nii.gz
Dimension = 3
Number of stages = 1
Use histogram matching = false
Winsorize image intensities = true
  Lower quantile = 0.005
  Upper quantile = 0.995


Stage 1 State
   Image metric = MattesMI
     Fixed image = Image (0x4605e70)
  RTTI typeinfo:   itk::Image<double, 3u>
  Reference Count: 2
  Modified Time: 2330
  Debug: Off
  Object Name: 
  Observers: 
    none
  Source: (none)
  Source output name: (none)
  Release Data: Off
  Data Released: False
  Global Release Data: Off
  PipelineMTime: 0
  UpdateMTime: 1941
  RealTimeStamp: 0 seconds 
  LargestPossibleRegion: 
    Dimension: 3
    Index: [0, 0, 0]
    Size: [193, 229, 193]
  BufferedRegion: 
    Dimension: 3
    Index: [0, 0, 0]
    Size: [193, 229, 193]
  RequestedRegion: 
    Dimension: 3
    Index: [0, 0, 0]
    Size: [193, 229, 193]
  Spacing: [1, 1, 1]
  Origin: [96, 132, -78]
  Direction: 
-1 0 0
0 -1 0
0 0 1

  IndexToPointMatrix: 
-1 0 0
0 -1 0
0 0 1

  PointToIndexMatrix: 
-1 0 0
0 -1 0
0 0 1

  Inverse Direction: 
-1 0 0
0 -1 0
0 0 1

  PixelContainer: 
    ImportImageContainer (0x460ec60)
      RTTI typeinfo:   itk::ImportImageContainer<unsigned long, double>
      Reference Count: 1
      Modified Time: 1938
      Debug: Off
      Object Name: 
      Observers: 
        none
      Pointer: 0x14eee1139010
      Container manages memory: true
      Size: 8530021
      Capacity: 8530021

     Moving image = Image (0x46a2ec0)
  RTTI typeinfo:   itk::Image<double, 3u>
  Reference Count: 2
  Modified Time: 2331
  Debug: Off
  Object Name: 
  Observers: 
    none
  Source: (none)
  Source output name: (none)
  Release Data: Off
  Data Released: False
  Global Release Data: Off
  PipelineMTime: 0
  UpdateMTime: 2328
  RealTimeStamp: 0 seconds 
  LargestPossibleRegion: 
    Dimension: 3
    Index: [0, 0, 0]
    Size: [160, 240, 256]
  BufferedRegion: 
    Dimension: 3
    Index: [0, 0, 0]
    Size: [160, 240, 256]
  RequestedRegion: 
    Dimension: 3
    Index: [0, 0, 0]
    Size: [160, 240, 256]
  Spacing: [1, 1, 1]
  Origin: [98.6438, 87.6358, -117.989]
  Direction: 
-0.993515 -0.100993 -0.0522355
0.100854 -0.994887 0.00530255
-0.0525039 1.93537e-08 0.998621

  IndexToPointMatrix: 
-0.993515 -0.100993 -0.0522355
0.100854 -0.994887 0.00530255
-0.0525039 1.93537e-08 0.998621

  PointToIndexMatrix: 
-0.993515 0.100854 -0.0525039
-0.100993 -0.994887 1.93006e-08
-0.0522355 0.00530255 0.998621

  Inverse Direction: 
-0.993515 0.100854 -0.0525039
-0.100993 -0.994887 1.93006e-08
-0.0522355 0.00530255 0.998621

  PixelContainer: 
    ImportImageContainer (0x473a610)
      RTTI typeinfo:   itk::ImportImageContainer<unsigned long, double>
      Reference Count: 1
      Modified Time: 2325
      Debug: Off
      Object Name: 
      Observers: 
        none
      Pointer: 0x14eedc638010
      Container manages memory: true
      Size: 9830400
      Capacity: 9830400

     Weighting = 1
     Sampling strategy = regular
     Number of bins = 32
     Radius = 4
     Sampling percentage  = 0.25
   Transform = Rigid
     Gradient step = 0.1
     Update field sigma (voxel space) = 0
     Total field sigma (voxel space) = 0
     Update field time sigma = 0
     Total field time sigma  = 0
     Number of time indices = 0
     Number of time point samples = 0
Registration using 1 total stages.

Stage 0
  iterations = 0
  convergence threshold = 1e-06
  convergence window size = 10
  number of levels = 1
  using the Mattes MI metric (number of bins = 32, weight = 1, use gradient filter = 0)
  preprocessing:  winsorizing the image intensities
  Shrink factors (level 1 out of 1): [1, 1, 1]
  smoothing sigmas per level: [0]
  regular sampling (percentage = 0.25)

*** Running Euler3DTransform registration ***

  Elapsed time (stage 0): 1.10514


Total elapsed time: 1.10746
Info [verificarlo]: loaded backend libinterflop_ieee.so
Info [interflop-ieee]: load backend with:
Info [interflop-ieee]: debug = false
Info [interflop-ieee]: debug-binary = false
Info [interflop-ieee]: no-backend-name = false
Info [interflop-ieee]: print-new-line = false
Info [interflop-ieee]: print-subnormal-normalized = false
Info [interflop-ieee]: count-op = false
All_Command_lines_OK
Using double precision for computations.
=============================================================================
The composite transform comprises the following transforms (in order): 
  1. /home/mdugre/scratch/mri-registration-rp/datasets/ds004513/derivatives/mri-registration-rp/0011/antsRegistration-r7-p19/sub-s035/align_Composite.h5[0] (type = Euler3DTransform)
  2. /home/mdugre/scratch/mri-registration-rp/datasets/ds004513/derivatives/mri-registration-rp/0011/antsRegistration-r7-p19/sub-s035/align_Composite.h5[1] (type = Euler3DTransform)
=============================================================================
  number of levels = 4
  fixed image: /templateflow/tpl-MNI152NLin2009cAsym/tpl-MNI152NLin2009cAsym_res-01_desc-brain_T1w.nii.gz
  moving image: /home/mdugre/scratch/mri-registration-rp/datasets/ds004513/derivatives/mri-registration-rp/antsBrainExtraction/sub-s035/BrainExtractionBrain.nii.gz
Dimension = 3
Number of stages = 1
Use histogram matching = false
Winsorize image intensities = true
  Lower quantile = 0.005
  Upper quantile = 0.995


Stage 1 State
   Image metric = MattesMI
     Fixed image = Image (0x4053530)
  RTTI typeinfo:   itk::Image<double, 3u>
  Reference Count: 2
  Modified Time: 1578
  Debug: Off
  Object Name: 
  Observers: 
    none
  Source: (none)
  Source output name: (none)
  Release Data: Off
  Data Released: False
  Global Release Data: Off
  PipelineMTime: 0
  UpdateMTime: 1189
  RealTimeStamp: 0 seconds 
  LargestPossibleRegion: 
    Dimension: 3
    Index: [0, 0, 0]
    Size: [193, 229, 193]
  BufferedRegion: 
    Dimension: 3
    Index: [0, 0, 0]
    Size: [193, 229, 193]
  RequestedRegion: 
    Dimension: 3
    Index: [0, 0, 0]
    Size: [193, 229, 193]
  Spacing: [1, 1, 1]
  Origin: [96, 132, -78]
  Direction: 
-1 0 0
0 -1 0
0 0 1

  IndexToPointMatrix: 
-1 0 0
0 -1 0
0 0 1

  PointToIndexMatrix: 
-1 0 0
0 -1 0
0 0 1

  Inverse Direction: 
-1 0 0
0 -1 0
0 0 1

  PixelContainer: 
    ImportImageContainer (0x4111d60)
      RTTI typeinfo:   itk::ImportImageContainer<unsigned long, double>
      Reference Count: 1
      Modified Time: 1186
      Debug: Off
      Object Name: 
      Observers: 
        none
      Pointer: 0x14ac759f9010
      Container manages memory: true
      Size: 8530021
      Capacity: 8530021

     Moving image = Image (0x4103f60)
  RTTI typeinfo:   itk::Image<double, 3u>
  Reference Count: 2
  Modified Time: 1579
  Debug: Off
  Object Name: 
  Observers: 
    none
  Source: (none)
  Source output name: (none)
  Release Data: Off
  Data Released: False
  Global Release Data: Off
  PipelineMTime: 0
  UpdateMTime: 1576
  RealTimeStamp: 0 seconds 
  LargestPossibleRegion: 
    Dimension: 3
    Index: [0, 0, 0]
    Size: [160, 240, 256]
  BufferedRegion: 
    Dimension: 3
    Index: [0, 0, 0]
    Size: [160, 240, 256]
  RequestedRegion: 
    Dimension: 3
    Index: [0, 0, 0]
    Size: [160, 240, 256]
  Spacing: [1, 1, 1]
  Origin: [98.6438, 87.6358, -117.989]
  Direction: 
-0.993515 -0.100993 -0.0522355
0.100854 -0.994887 0.00530255
-0.0525039 1.93537e-08 0.998621

  IndexToPointMatrix: 
-0.993515 -0.100993 -0.0522355
0.100854 -0.994887 0.00530255
-0.0525039 1.93537e-08 0.998621

  PointToIndexMatrix: 
-0.993515 0.100854 -0.0525039
-0.100993 -0.994887 1.93006e-08
-0.0522355 0.00530255 0.998621

  Inverse Direction: 
-0.993515 0.100854 -0.0525039
-0.100993 -0.994887 1.93006e-08
-0.0522355 0.00530255 0.998621

  PixelContainer: 
    ImportImageContainer (0x40f56d0)
      RTTI typeinfo:   itk::ImportImageContainer<unsigned long, double>
      Reference Count: 1
      Modified Time: 1573
      Debug: Off
      Object Name: 
      Observers: 
        none
      Pointer: 0x14ac70ef8010
      Container manages memory: true
      Size: 9830400
      Capacity: 9830400

     Weighting = 1
     Sampling strategy = regular
     Number of bins = 32
     Radius = 4
     Sampling percentage  = 0.25
   Transform = Rigid
     Gradient step = 0.1
     Update field sigma (voxel space) = 0
     Total field sigma (voxel space) = 0
     Update field time sigma = 0
     Total field time sigma  = 0
     Number of time indices = 0
     Number of time point samples = 0
Registration using 1 total stages.

Stage 0
  iterations = 1000x500x250x100
  convergence threshold = 1e-06
  convergence window size = 10
  number of levels = 4
  using the Mattes MI metric (number of bins = 32, weight = 1, use gradient filter = 0)
  preprocessing:  winsorizing the image intensities
  Shrink factors (level 1 out of 4): [8, 8, 8]
  Shrink factors (level 2 out of 4): [4, 4, 4]
  Shrink factors (level 3 out of 4): [2, 2, 2]
  Shrink factors (level 4 out of 4): [1, 1, 1]
  smoothing sigmas per level: [3, 2, 1, 0]
  regular sampling (percentage = 0.25)

*** Running Euler3DTransform registration ***

DIAGNOSTIC,Iteration,metricValue,convergenceValue,ITERATION_TIME_INDEX,SINCE_LAST
 2DIAGNOSTIC,     1, -5.238630234552e-01, 1.797693134862e+308, 7.6762e-01, 7.6762e-01, 
 2DIAGNOSTIC,     2, -5.257885820767e-01, 1.797693134862e+308, 7.7226e-01, 4.6389e-03, 
 2DIAGNOSTIC,     3, -5.278597554839e-01, 1.797693134862e+308, 7.7652e-01, 4.2591e-03, 
 2DIAGNOSTIC,     4, -5.302176117225e-01, 1.797693134862e+308, 7.8099e-01, 4.4751e-03, 
 2DIAGNOSTIC,     5, -5.343462816845e-01, 1.797693134862e+308, 7.8515e-01, 4.1599e-03, 
 2DIAGNOSTIC,     6, -5.399239396740e-01, 1.797693134862e+308, 7.8933e-01, 4.1790e-03, 
 2DIAGNOSTIC,     7, -5.490554822001e-01, 1.797693134862e+308, 7.9357e-01, 4.2360e-03, 
 2DIAGNOSTIC,     8, -5.545204224448e-01, 1.797693134862e+308, 7.9889e-01, 5.3198e-03, 
 2DIAGNOSTIC,     9, -5.601437715553e-01, 1.797693134862e+308, 8.0303e-01, 4.1420e-03, 
 2DIAGNOSTIC,    10, -5.617741193774e-01, 5.067640484485e-03, 8.0754e-01, 4.5090e-03, 
 2DIAGNOSTIC,    11, -5.649562249041e-01, 4.796539612083e-03, 8.1294e-01, 5.4049e-03, 
 2DIAGNOSTIC,    12, -5.658710903081e-01, 4.260783098155e-03, 8.1765e-01, 4.7040e-03, 
 2DIAGNOSTIC,    13, -5.662828333056e-01, 3.524744036645e-03, 8.2189e-01, 4.2391e-03, 
 2DIAGNOSTIC,    14, -5.685908474577e-01, 2.751340472953e-03, 8.2676e-01, 4.8711e-03, 
 2DIAGNOSTIC,    15, -5.732745043306e-01, 2.134644679428e-03, 8.3306e-01, 6.2981e-03, 
 2DIAGNOSTIC,    16, -5.738084427846e-01, 1.591333148336e-03, 8.3825e-01, 5.1889e-03, 
 2DIAGNOSTIC,    17, -5.739093703465e-01, 1.247363567740e-03, 8.4278e-01, 4.5381e-03, 
 2DIAGNOSTIC,    18, -5.745773598458e-01, 1.002163966316e-03, 8.4694e-01, 4.1561e-03, 
 2DIAGNOSTIC,    19, -5.752045522723e-01, 8.579763081922e-04, 8.5110e-01, 4.1621e-03, 
 2DIAGNOSTIC,    20, -5.755578777726e-01, 6.955845773870e-04, 8.5527e-01, 4.1661e-03, 
 2DIAGNOSTIC,    21, -5.761681227725e-01, 5.767135182700e-04, 8.5947e-01, 4.2028e-03, 
 2DIAGNOSTIC,    22, -5.775610178281e-01, 4.707067062533e-04, 8.6374e-01, 4.2701e-03, 
 2DIAGNOSTIC,    23, -5.801876522132e-01, 3.965856196794e-04, 8.6813e-01, 4.3862e-03, 
 2DIAGNOSTIC,    24, -5.873578871755e-01, 4.881452203785e-04, 8.7444e-01, 6.3119e-03, 
 2DIAGNOSTIC,    25, -5.924052233470e-01, 7.199711434836e-04, 8.8055e-01, 6.1162e-03, 
 2DIAGNOSTIC,    26, -5.933789722518e-01, 8.944842699904e-04, 8.8581e-01, 5.2519e-03, 
 2DIAGNOSTIC,    27, -5.948140362549e-01, 1.002036484414e-03, 8.9048e-01, 4.6730e-03, 
 2DIAGNOSTIC,    28, -5.954370004529e-01, 1.029952320848e-03, 8.9460e-01, 4.1211e-03, 
 2DIAGNOSTIC,    29, -5.955619965609e-01, 9.699000562795e-04, 8.9874e-01, 4.1368e-03, 
 2DIAGNOSTIC,    30, -5.960977142424e-01, 8.366692959797e-04, 9.0288e-01, 4.1380e-03, 
 2DIAGNOSTIC,    31, -5.971105016152e-01, 6.606986235474e-04, 9.0757e-01, 4.6921e-03, 
 2DIAGNOSTIC,    32, -5.989728413273e-01, 4.853112632161e-04, 9.1382e-01, 6.2521e-03, 
 2DIAGNOSTIC,    33, -5.996340171234e-01, 3.222359248195e-04, 9.1793e-01, 4.1130e-03, 
 2DIAGNOSTIC,    34, -5.997688324888e-01, 2.443793015970e-04, 9.2207e-01, 4.1392e-03, 
 2DIAGNOSTIC,    35, -5.999328162840e-01, 2.224308790586e-04, 9.2730e-01, 5.2269e-03, 
 2DIAGNOSTIC,    36, -6.001598298612e-01, 1.965988109941e-04, 9.3141e-01, 4.1089e-03, 
 2DIAGNOSTIC,    37, -6.004938013034e-01, 1.767006120832e-04, 9.3599e-01, 4.5850e-03, 
 2DIAGNOSTIC,    38, -6.008280010278e-01, 1.536048164717e-04, 9.4020e-01, 4.2109e-03, 
 2DIAGNOSTIC,    39, -6.038559363839e-01, 1.574331428409e-04, 9.4570e-01, 5.5010e-03, 
 2DIAGNOSTIC,    40, -6.077047301638e-01, 1.993081227371e-04, 9.5014e-01, 4.4391e-03, 
 2DIAGNOSTIC,    41, -6.174632764128e-01, 3.481387852594e-04, 9.5570e-01, 5.5602e-03, 
 2DIAGNOSTIC,    42, -6.161977969792e-01, 4.608908866742e-04, 9.6418e-01, 8.4729e-03, 
 2DIAGNOSTIC,    43, -6.161564660787e-01, 5.335373879463e-04, 9.6824e-01, 4.0641e-03, 
 2DIAGNOSTIC,    44, -6.170772344399e-01, 5.644824287923e-04, 9.7235e-01, 4.1051e-03, 
 2DIAGNOSTIC,    45, -6.185357372126e-01, 5.560479216820e-04, 9.7642e-01, 4.0760e-03, 
 2DIAGNOSTIC,    46, -6.206472662833e-01, 5.180561566406e-04, 9.8047e-01, 4.0481e-03, 
 2DIAGNOSTIC,    47, -6.234100455436e-01, 4.649606490468e-04, 9.8451e-01, 4.0390e-03, 
 2DIAGNOSTIC,    48, -6.282459775493e-01, 4.232184455168e-04, 9.8862e-01, 4.1070e-03, 
 2DIAGNOSTIC,    49, -6.332856880306e-01, 4.219352326818e-04, 9.9282e-01, 4.2009e-03, 
 2DIAGNOSTIC,    50, -6.437673231606e-01, 5.158697047692e-04, 9.9697e-01, 4.1559e-03, 
 2DIAGNOSTIC,    51, -6.567709935711e-01, 7.709767438499e-04, 1.0013e+00, 4.2830e-03, 
 2DIAGNOSTIC,    52, -6.630139290898e-01, 9.856111544980e-04, 1.0060e+00, 4.7801e-03, 
 2DIAGNOSTIC,    53, -6.637658017690e-01, 1.103854567430e-03, 1.0103e+00, 4.2970e-03, 
 2DIAGNOSTIC,    54, -6.646848054896e-01, 1.129224390333e-03, 1.0146e+00, 4.2520e-03, 
 2DIAGNOSTIC,    55, -6.699954547705e-01, 1.103369961969e-03, 1.0221e+00, 7.4959e-03, 
 2DIAGNOSTIC,    56, -6.720089794688e-01, 1.005089527146e-03, 1.0281e+00, 6.0592e-03, 
 2DIAGNOSTIC,    57, -6.720481533865e-01, 8.375235042630e-04, 1.0322e+00, 4.0741e-03, 
 2DIAGNOSTIC,    58, -6.725919424721e-01, 6.425661371663e-04, 1.0363e+00, 4.0369e-03, 
 2DIAGNOSTIC,    59, -6.729036311865e-01, 4.360791658133e-04, 1.0403e+00, 4.0791e-03, 
 2DIAGNOSTIC,    60, -6.731488697779e-01, 2.773040511171e-04, 1.0447e+00, 4.3871e-03, 
 2DIAGNOSTIC,    61, -6.734259030790e-01, 1.993309405210e-04, 1.0487e+00, 4.0240e-03, 
 2DIAGNOSTIC,    62, -6.739132048168e-01, 1.568961611007e-04, 1.0529e+00, 4.1561e-03, 
 2DIAGNOSTIC,    63, -6.762843014049e-01, 1.247264830566e-04, 1.0585e+00, 5.5549e-03, 
 2DIAGNOSTIC,    64, -6.766381394930e-01, 8.969376693603e-05, 1.0625e+00, 4.0472e-03, 
 2DIAGNOSTIC,    65, -6.771215033189e-01, 8.898279691433e-05, 1.0666e+00, 4.0820e-03, 
 2DIAGNOSTIC,    66, -6.778537036854e-01, 9.953401955793e-05, 1.0713e+00, 4.6980e-03, 
 2DIAGNOSTIC,    67, -6.792268475735e-01, 1.098308369718e-04, 1.0769e+00, 5.6481e-03, 
 2DIAGNOSTIC,    68, -6.807680484908e-01, 1.231388612917e-04, 1.0810e+00, 4.0829e-03, 
 2DIAGNOSTIC,    69, -6.815199099146e-01, 1.312160848349e-04, 1.0852e+00, 4.1559e-03, 
 2DIAGNOSTIC,    70, -6.818104197175e-01, 1.303105168191e-04, 1.0907e+00, 5.5208e-03, 
 2DIAGNOSTIC,    71, -6.820509813677e-01, 1.205017910063e-04, 1.0947e+00, 4.0150e-03, 
 2DIAGNOSTIC,    72, -6.822316586940e-01, 1.032396325507e-04, 1.0987e+00, 4.0059e-03, 
 2DIAGNOSTIC,    73, -6.825798683623e-01, 9.372158760555e-05, 1.1042e+00, 5.5320e-03, 
 2DIAGNOSTIC,    74, -6.826264137956e-01, 7.797268841029e-05, 1.1083e+00, 4.0181e-03, 
 2DIAGNOSTIC,    75, -6.826914732360e-01, 5.871134032287e-05, 1.1123e+00, 4.0710e-03, 
 2DIAGNOSTIC,    76, -6.828123547245e-01, 3.951733290639e-05, 1.1164e+00, 4.0550e-03, 
 2DIAGNOSTIC,    77, -6.832345041242e-01, 2.762935197421e-05, 1.1205e+00, 4.0910e-03, 
 2DIAGNOSTIC,    78, -6.838171396465e-01, 2.580878981244e-05, 1.1265e+00, 6.0511e-03, 
 2DIAGNOSTIC,    79, -6.837375950977e-01, 2.542065160860e-05, 1.1305e+00, 4.0078e-03, 
 2DIAGNOSTIC,    80, -6.837940593415e-01, 2.471282994621e-05, 1.1346e+00, 4.1142e-03, 
 2DIAGNOSTIC,    81, -6.839726148781e-01, 2.406981381693e-05, 1.1387e+00, 4.0591e-03, 
 2DIAGNOSTIC,    82, -6.841107372581e-01, 2.280960826644e-05, 1.1428e+00, 4.1139e-03, 
 2DIAGNOSTIC,    83, -6.851044943730e-01, 2.675604004999e-05, 1.1487e+00, 5.9099e-03, 
 2DIAGNOSTIC,    84, -6.858177097724e-01, 3.208649843385e-05, 1.1546e+00, 5.8341e-03, 
 2DIAGNOSTIC,    85, -6.861554762039e-01, 3.640193172557e-05, 1.1610e+00, 6.4120e-03, 
 2DIAGNOSTIC,    86, -6.861557745724e-01, 3.780005192430e-05, 1.1650e+00, 4.0030e-03, 
 2DIAGNOSTIC,    87, -6.861667910741e-01, 3.777617364509e-05, 1.1690e+00, 4.0431e-03, 
 2DIAGNOSTIC,    88, -6.861798377397e-01, 3.717351150763e-05, 1.1731e+00, 4.0450e-03, 
 2DIAGNOSTIC,    89, -6.861875390780e-01, 3.259224613492e-05, 1.1776e+00, 4.5230e-03, 
 2DIAGNOSTIC,    90, -6.861913672588e-01, 2.533756084753e-05, 1.1854e+00, 7.7989e-03, 
 2DIAGNOSTIC,    91, -6.861983628404e-01, 1.686220202391e-05, 1.1929e+00, 7.5328e-03, 
 2DIAGNOSTIC,    92, -6.862112689015e-01, 7.666270181138e-06, 1.1972e+00, 4.2920e-03, 
 2DIAGNOSTIC,    93, -6.862266856680e-01, 2.806168889100e-06, 1.2014e+00, 4.1699e-03, 
 2DIAGNOSTIC,    94, -6.862421093328e-01, 1.277760596750e-06, 1.2060e+00, 4.6222e-03, 
 2DIAGNOSTIC,    95, -6.863402850812e-01, 1.768274320576e-06, 1.2112e+00, 5.1448e-03, 
 2DIAGNOSTIC,    96, -6.863402726300e-01, 2.101150223333e-06, 1.2152e+00, 4.0939e-03, 
 2DIAGNOSTIC,    97, -6.863405090303e-01, 2.314730846376e-06, 1.2193e+00, 4.0481e-03, 
 2DIAGNOSTIC,    98, -6.863412493385e-01, 2.402845407753e-06, 1.2239e+00, 4.6351e-03, 
 2DIAGNOSTIC,    99, -6.863464288218e-01, 2.346833781964e-06, 1.2298e+00, 5.9152e-03, 
 2DIAGNOSTIC,   100, -6.863467363285e-01, 2.109931929173e-06, 1.2354e+00, 5.5680e-03, 
 2DIAGNOSTIC,   101, -6.863467407472e-01, 1.737402073451e-06, 1.2481e+00, 1.2641e-02, 
 2DIAGNOSTIC,   102, -6.863467407471e-01, 1.300710795550e-06, 1.2572e+00, 9.1221e-03, 
DIAGNOSTIC,Iteration,metricValue,convergenceValue,ITERATION_TIME_INDEX,SINCE_LAST
 2DIAGNOSTIC,     1, -5.582133363241e-01, 1.797693134862e+308, 2.0043e+00, 7.4710e-01, 
 2DIAGNOSTIC,     2, -5.585611671685e-01, 1.797693134862e+308, 2.0334e+00, 2.9094e-02, 
 2DIAGNOSTIC,     3, -5.591044024347e-01, 1.797693134862e+308, 2.0630e+00, 2.9613e-02, 
 2DIAGNOSTIC,     4, -5.598085326851e-01, 1.797693134862e+308, 2.0918e+00, 2.8841e-02, 
 2DIAGNOSTIC,     5, -5.608427257558e-01, 1.797693134862e+308, 2.1253e+00, 3.3480e-02, 
 2DIAGNOSTIC,     6, -5.612132462257e-01, 1.797693134862e+308, 2.1559e+00, 3.0558e-02, 
 2DIAGNOSTIC,     7, -5.624401943198e-01, 1.797693134862e+308, 2.1946e+00, 3.8776e-02, 
 2DIAGNOSTIC,     8, -5.635136859625e-01, 1.797693134862e+308, 2.2294e+00, 3.4748e-02, 
 2DIAGNOSTIC,     9, -5.652773822280e-01, 1.797693134862e+308, 2.2636e+00, 3.4236e-02, 
 2DIAGNOSTIC,    10, -5.660090859115e-01, 9.167320767374e-04, 2.3091e+00, 4.5438e-02, 
 2DIAGNOSTIC,    11, -5.659933295871e-01, 8.652161562730e-04, 2.3422e+00, 3.3163e-02, 
 2DIAGNOSTIC,    12, -5.661200547591e-01, 7.659604751840e-04, 2.3823e+00, 4.0087e-02, 
 2DIAGNOSTIC,    13, -5.661012838008e-01, 6.326821164482e-04, 2.4142e+00, 3.1876e-02, 
 2DIAGNOSTIC,    14, -5.661004275197e-01, 4.852667356635e-04, 2.4533e+00, 3.9145e-02, 
 2DIAGNOSTIC,    15, -5.660961797735e-01, 3.483542419558e-04, 2.4863e+00, 3.2982e-02, 
 2DIAGNOSTIC,    16, -5.660833785723e-01, 2.082933047303e-04, 2.5151e+00, 2.8811e-02, 
 2DIAGNOSTIC,    17, -5.660735866669e-01, 1.019426519369e-04, 2.5435e+00, 2.8379e-02, 
 2DIAGNOSTIC,    18, -5.660775155956e-01, 2.722829366287e-05, 2.5733e+00, 2.9835e-02, 
 2DIAGNOSTIC,    19, -5.661126798751e-01, 5.275529748168e-06, 2.6032e+00, 2.9815e-02, 
 2DIAGNOSTIC,    20, -5.661446386713e-01, 4.458523309221e-06, 2.6374e+00, 3.4205e-02, 
 2DIAGNOSTIC,    21, -5.661279252240e-01, 2.577082051418e-06, 2.6750e+00, 3.7635e-02, 
 2DIAGNOSTIC,    22, -5.661334912136e-01, 3.846797928635e-06, 2.7115e+00, 3.6516e-02, 
 2DIAGNOSTIC,    23, -5.661188627219e-01, 4.044807820687e-06, 2.7419e+00, 3.0396e-02, 
 2DIAGNOSTIC,    24, -5.661336631566e-01, 4.255067529962e-06, 2.7720e+00, 3.0093e-02, 
 2DIAGNOSTIC,    25, -5.661430822625e-01, 4.261800944254e-06, 2.8050e+00, 3.3035e-02, 
 2DIAGNOSTIC,    26, -5.661398747847e-01, 3.691009502683e-06, 2.8342e+00, 2.9174e-02, 
 2DIAGNOSTIC,    27, -5.661400986386e-01, 2.776455578619e-06, 2.8644e+00, 3.0146e-02, 
 2DIAGNOSTIC,    28, -5.661537773984e-01, 2.082539049278e-06, 2.8974e+00, 3.3047e-02, 
 2DIAGNOSTIC,    29, -5.661647704563e-01, 2.119381867081e-06, 2.9301e+00, 3.2683e-02, 
 2DIAGNOSTIC,    30, -5.661708198923e-01, 2.694488118127e-06, 2.9619e+00, 3.1818e-02, 
 2DIAGNOSTIC,    31, -5.661708410998e-01, 2.808671803765e-06, 2.9909e+00, 2.8988e-02, 
 2DIAGNOSTIC,    32, -5.661671282529e-01, 2.791315179981e-06, 3.0225e+00, 3.1628e-02, 
 2DIAGNOSTIC,    33, -5.661687291720e-01, 2.399547192243e-06, 3.0586e+00, 3.6112e-02, 
 2DIAGNOSTIC,    34, -5.661542611217e-01, 1.890068445254e-06, 3.0877e+00, 2.9034e-02, 
 2DIAGNOSTIC,    35, -5.661498860087e-01, 1.399687498373e-06, 3.1159e+00, 2.8258e-02, 
DIAGNOSTIC,Iteration,metricValue,convergenceValue,ITERATION_TIME_INDEX,SINCE_LAST
 2DIAGNOSTIC,     1, -5.037004080063e-01, 1.797693134862e+308, 4.2760e+00, 1.1601e+00, 
 2DIAGNOSTIC,     2, -5.038811742291e-01, 1.797693134862e+308, 4.5243e+00, 2.4829e-01, 
 2DIAGNOSTIC,     3, -5.040533098567e-01, 1.797693134862e+308, 4.7407e+00, 2.1642e-01, 
 2DIAGNOSTIC,     4, -5.041797379120e-01, 1.797693134862e+308, 4.9941e+00, 2.5341e-01, 
 2DIAGNOSTIC,     5, -5.042611042229e-01, 1.797693134862e+308, 5.2736e+00, 2.7946e-01, 
 2DIAGNOSTIC,     6, -5.043350989308e-01, 1.797693134862e+308, 5.6223e+00, 3.4871e-01, 
 2DIAGNOSTIC,     7, -5.043691668561e-01, 1.797693134862e+308, 5.8582e+00, 2.3592e-01, 
 2DIAGNOSTIC,     8, -5.045484268724e-01, 1.797693134862e+308, 6.1299e+00, 2.7165e-01, 
 2DIAGNOSTIC,     9, -5.046034051131e-01, 1.797693134862e+308, 6.4198e+00, 2.8989e-01, 
 2DIAGNOSTIC,    10, -5.046037266294e-01, 1.149235834072e-04, 6.7957e+00, 3.7590e-01, 
 2DIAGNOSTIC,    11, -5.046042972516e-01, 8.697948642068e-05, 7.1056e+00, 3.0996e-01, 
 2DIAGNOSTIC,    12, -5.046026942783e-01, 6.444228638626e-05, 7.3388e+00, 2.3316e-01, 
 2DIAGNOSTIC,    13, -5.046031350658e-01, 4.707096472058e-05, 7.6333e+00, 2.9455e-01, 
 2DIAGNOSTIC,    14, -5.046033760042e-01, 3.312712357503e-05, 7.9131e+00, 2.7973e-01, 
 2DIAGNOSTIC,    15, -5.046007800861e-01, 2.122222230841e-05, 8.1796e+00, 2.6655e-01, 
 2DIAGNOSTIC,    16, -5.045999968090e-01, 1.170898679874e-05, 8.4000e+00, 2.2033e-01, 
 2DIAGNOSTIC,    17, -5.046011849279e-01, 3.441496849652e-06, 8.7107e+00, 3.1076e-01, 
 2DIAGNOSTIC,    18, -5.046022154848e-01, 1.539896775954e-06, 8.9770e+00, 2.6628e-01, 
 2DIAGNOSTIC,    19, -5.046004271921e-01, 1.435454056842e-06, 9.2196e+00, 2.4260e-01, 
 2DIAGNOSTIC,    20, -5.046005189047e-01, 1.378165861383e-06, 9.4919e+00, 2.7233e-01, 
 2DIAGNOSTIC,    21, -5.045987402449e-01, 1.315537353844e-06, 9.7729e+00, 2.8100e-01, 
 2DIAGNOSTIC,    22, -5.045969286393e-01, 1.188520212435e-06, 1.0017e+01, 2.4429e-01, 
 2DIAGNOSTIC,    23, -5.045970227030e-01, 1.108937594044e-06, 1.0236e+01, 2.1864e-01, 
 2DIAGNOSTIC,    24, -5.045943892074e-01, 1.006892253790e-06, 1.0475e+01, 2.3898e-01, 
DIAGNOSTIC,Iteration,metricValue,convergenceValue,ITERATION_TIME_INDEX,SINCE_LAST
 2DIAGNOSTIC,     1, -4.672442723192e-01, 1.797693134862e+308, 1.2967e+01, 2.4918e+00, 
 2DIAGNOSTIC,     2, -4.673966232907e-01, 1.797693134862e+308, 1.4916e+01, 1.9493e+00, 
 2DIAGNOSTIC,     3, -4.673990171412e-01, 1.797693134862e+308, 1.6528e+01, 1.6122e+00, 
 2DIAGNOSTIC,     4, -4.673981238248e-01, 1.797693134862e+308, 1.8748e+01, 2.2203e+00, 
 2DIAGNOSTIC,     5, -4.673988936423e-01, 1.797693134862e+308, 2.1143e+01, 2.3948e+00, 
 2DIAGNOSTIC,     6, -4.673989938664e-01, 1.797693134862e+308, 2.5837e+01, 4.6938e+00, 
 2DIAGNOSTIC,     7, -4.673989938663e-01, 1.797693134862e+308, 2.9606e+01, 3.7687e+00, 
 2DIAGNOSTIC,     8, -4.673989938663e-01, 1.797693134862e+308, 3.1306e+01, 1.7005e+00, 
 2DIAGNOSTIC,     9, -4.673989938663e-01, 1.797693134862e+308, 3.2876e+01, 1.5693e+00, 
 2DIAGNOSTIC,    10, -4.673989938663e-01, 1.274016573471e-05, 3.4528e+01, 1.6522e+00, 
 2DIAGNOSTIC,    11, -4.673989938663e-01, 3.058187016167e-06, 3.6142e+01, 1.6143e+00, 
 2DIAGNOSTIC,    12, -4.673989938663e-01, 2.691800308541e-06, 3.7865e+01, 1.7229e+00, 
 2DIAGNOSTIC,    13, -4.673989938663e-01, 2.491772623667e-06, 3.9412e+01, 1.5466e+00, 
 2DIAGNOSTIC,    14, -4.673989938663e-01, 2.276545404384e-06, 4.1096e+01, 1.6843e+00, 
 2DIAGNOSTIC,    15, -4.673989938663e-01, 2.120709328216e-06, 4.3017e+01, 1.9212e+00, 
 2DIAGNOSTIC,    16, -4.673989938663e-01, 1.988162198027e-06, 4.4912e+01, 1.8952e+00, 
 2DIAGNOSTIC,    17, -4.673989938663e-01, 1.871209154326e-06, 4.6353e+01, 1.4409e+00, 
 2DIAGNOSTIC,    18, -4.673989938663e-01, 1.767251137388e-06, 4.7959e+01, 1.6056e+00, 
 2DIAGNOSTIC,    19, -4.673989938663e-01, 1.674236264307e-06, 4.9514e+01, 1.5549e+00, 
 2DIAGNOSTIC,    20, -4.673989938663e-01, 1.590523035805e-06, 5.1047e+01, 1.5336e+00, 
 2DIAGNOSTIC,    21, -4.673989938663e-01, 1.514782624119e-06, 5.2640e+01, 1.5930e+00, 
 2DIAGNOSTIC,    22, -4.673989938663e-01, 1.445927810241e-06, 5.4277e+01, 1.6368e+00, 
 2DIAGNOSTIC,    23, -4.673989938663e-01, 1.383060459499e-06, 5.5848e+01, 1.5711e+00, 
 2DIAGNOSTIC,    24, -4.673989938663e-01, 1.325432128489e-06, 5.7259e+01, 1.4109e+00, 
 2DIAGNOSTIC,    25, -4.673989938663e-01, 1.272414126278e-06, 5.9003e+01, 1.7443e+00, 
 2DIAGNOSTIC,    26, -4.673989938663e-01, 1.223474484974e-06, 6.0622e+01, 1.6186e+00, 
 2DIAGNOSTIC,    27, -4.673989938663e-01, 1.178160047667e-06, 6.2494e+01, 1.8720e+00, 
 2DIAGNOSTIC,    28, -4.673989938663e-01, 1.136082394958e-06, 6.3914e+01, 1.4201e+00, 
 2DIAGNOSTIC,    29, -4.673989938663e-01, 1.096906683179e-06, 6.5473e+01, 1.5584e+00, 
 2DIAGNOSTIC,    30, -4.673989938663e-01, 1.060342714965e-06, 6.7059e+01, 1.5862e+00, 
 2DIAGNOSTIC,    31, -4.673989938663e-01, 1.026137738176e-06, 6.8653e+01, 1.5946e+00, 
  Elapsed time (stage 0): 6.9487e+01


Total elapsed time: 6.9490e+01
Info [verificarlo]: loaded backend libinterflop_vprec.so
Info [interflop-vprec]: load backend with: 
Info [interflop-vprec]: precision-binary32 = 19
Info [interflop-vprec]: range-binary32 = 7
Info [interflop-vprec]: precision-binary64 = 19
Info [interflop-vprec]: range-binary64 = 7
Info [interflop-vprec]: mode = ob
Info [interflop-vprec]: error-mode = rel
Info [interflop-vprec]: max-abs-error-exponent = -1022
Info [interflop-vprec]: daz = false
Info [interflop-vprec]: ftz = false
Info [interflop-vprec]: 	instrument = none
Info [interflop-vprec]: 	prec-input-file = (null)
Info [interflop-vprec]: 	prec-output-file = (null)
Info [interflop-vprec]: 	prec-log-file = (null)
All_Command_lines_OK
Using double precision for computations.
=============================================================================
The composite transform comprises the following transforms (in order): 
  1. /home/mdugre/scratch/mri-registration-rp/datasets/ds004513/derivatives/mri-registration-rp/0011/antsRegistration-r7-p19/sub-s035/rigid_Composite.h5[0] (type = Euler3DTransform)
  2. /home/mdugre/scratch/mri-registration-rp/datasets/ds004513/derivatives/mri-registration-rp/0011/antsRegistration-r7-p19/sub-s035/rigid_Composite.h5[1] (type = Euler3DTransform)
  3. /home/mdugre/scratch/mri-registration-rp/datasets/ds004513/derivatives/mri-registration-rp/0011/antsRegistration-r7-p19/sub-s035/rigid_Composite.h5[2] (type = Euler3DTransform)
=============================================================================
  number of levels = 4
  fixed image: /templateflow/tpl-MNI152NLin2009cAsym/tpl-MNI152NLin2009cAsym_res-01_desc-brain_T1w.nii.gz
  moving image: /home/mdugre/scratch/mri-registration-rp/datasets/ds004513/derivatives/mri-registration-rp/antsBrainExtraction/sub-s035/BrainExtractionBrain.nii.gz
Dimension = 3
Number of stages = 1
Use histogram matching = false
Winsorize image intensities = true
  Lower quantile = 0.005
  Upper quantile = 0.995


Stage 1 State
   Image metric = MattesMI
     Fixed image = Image (0x3ed2490)
  RTTI typeinfo:   itk::Image<double, 3u>
  Reference Count: 2
  Modified Time: 1592
  Debug: Off
  Object Name: 
  Observers: 
    none
  Source: (none)
  Source output name: (none)
  Release Data: Off
  Data Released: False
  Global Release Data: Off
  PipelineMTime: 0
  UpdateMTime: 1203
  RealTimeStamp: 0 seconds 
  LargestPossibleRegion: 
    Dimension: 3
    Index: [0, 0, 0]
    Size: [193, 229, 193]
  BufferedRegion: 
    Dimension: 3
    Index: [0, 0, 0]
    Size: [193, 229, 193]
  RequestedRegion: 
    Dimension: 3
    Index: [0, 0, 0]
    Size: [193, 229, 193]
  Spacing: [1, 1, 1]
  Origin: [96, 132, -78]
  Direction: 
-1 0 0
0 -1 0
0 0 1

  IndexToPointMatrix: 
-1 0 0
0 -1 0
0 0 1

  PointToIndexMatrix: 
-1 0 0
0 -1 0
0 0 1

  Inverse Direction: 
-1 0 0
0 -1 0
0 0 1

  PixelContainer: 
    ImportImageContainer (0x3f9d8c0)
      RTTI typeinfo:   itk::ImportImageContainer<unsigned long, double>
      Reference Count: 1
      Modified Time: 1200
      Debug: Off
      Object Name: 
      Observers: 
        none
      Pointer: 0x14c11fd96010
      Container manages memory: true
      Size: 8530021
      Capacity: 8530021

     Moving image = Image (0x3f8db60)
  RTTI typeinfo:   itk::Image<double, 3u>
  Reference Count: 2
  Modified Time: 1593
  Debug: Off
  Object Name: 
  Observers: 
    none
  Source: (none)
  Source output name: (none)
  Release Data: Off
  Data Released: False
  Global Release Data: Off
  PipelineMTime: 0
  UpdateMTime: 1590
  RealTimeStamp: 0 seconds 
  LargestPossibleRegion: 
    Dimension: 3
    Index: [0, 0, 0]
    Size: [160, 240, 256]
  BufferedRegion: 
    Dimension: 3
    Index: [0, 0, 0]
    Size: [160, 240, 256]
  RequestedRegion: 
    Dimension: 3
    Index: [0, 0, 0]
    Size: [160, 240, 256]
  Spacing: [1, 1, 1]
  Origin: [98.6438, 87.6359, -117.989]
  Direction: 
-0.993515 -0.100993 -0.0522355
0.100854 -0.994887 0.00530255
-0.0525039 1.93537e-08 0.998621

  IndexToPointMatrix: 
-0.993515 -0.100993 -0.0522355
0.100854 -0.994887 0.00530255
-0.0525039 1.93537e-08 0.998621

  PointToIndexMatrix: 
-0.993515 0.100854 -0.0525039
-0.100993 -0.994887 -2.00048e-06
-0.0522356 0.00530149 0.998621

  Inverse Direction: 
-0.993515 0.100854 -0.0525039
-0.100993 -0.994887 -2.00048e-06
-0.0522356 0.00530149 0.998621

  PixelContainer: 
    ImportImageContainer (0x40211d0)
      RTTI typeinfo:   itk::ImportImageContainer<unsigned long, double>
      Reference Count: 1
      Modified Time: 1587
      Debug: Off
      Object Name: 
      Observers: 
        none
      Pointer: 0x14c11b295010
      Container manages memory: true
      Size: 9830400
      Capacity: 9830400

     Weighting = 1
     Sampling strategy = regular
     Number of bins = 32
     Radius = 4
     Sampling percentage  = 0.25
   Transform = Affine
     Gradient step = 0.1
     Update field sigma (voxel space) = 0
     Total field sigma (voxel space) = 0
     Update field time sigma = 0
     Total field time sigma  = 0
     Number of time indices = 0
     Number of time point samples = 0
Registration using 1 total stages.

Stage 0
  iterations = 1000x500x250x100
  convergence threshold = 1e-06
  convergence window size = 10
  number of levels = 4
  using the Mattes MI metric (number of bins = 32, weight = 1, use gradient filter = 0)
  preprocessing:  winsorizing the image intensities
  Shrink factors (level 1 out of 4): [8, 8, 8]
  Shrink factors (level 2 out of 4): [4, 4, 4]
  Shrink factors (level 3 out of 4): [2, 2, 2]
  Shrink factors (level 4 out of 4): [1, 1, 1]
  smoothing sigmas per level: [3, 2, 1, 0]
  regular sampling (percentage = 0.25)

*** Running AffineTransform registration ***

DIAGNOSTIC,Iteration,metricValue,convergenceValue,ITERATION_TIME_INDEX,SINCE_LAST
 2DIAGNOSTIC,     1, -6.758661025952e-01, 1.797693134862e+308, 0.0000e+00, 0.0000e+00, 
 2DIAGNOSTIC,     2, -6.780558240115e-01, 1.797693134862e+308, 0.0000e+00, 0.0000e+00, 
 2DIAGNOSTIC,     3, -6.815512644785e-01, 1.797693134862e+308, 0.0000e+00, 0.0000e+00, 
 2DIAGNOSTIC,     4, -6.869639291509e-01, 1.797693134862e+308, 0.0000e+00, 0.0000e+00, 
 2DIAGNOSTIC,     5, -6.975874661424e-01, 1.797693134862e+308, 0.0000e+00, 0.0000e+00, 
 2DIAGNOSTIC,     6, -7.096852142079e-01, 1.797693134862e+308, 0.0000e+00, 0.0000e+00, 
 2DIAGNOSTIC,     7, -7.243477271427e-01, 1.797693134862e+308, 0.0000e+00, 0.0000e+00, 
 2DIAGNOSTIC,     8, -7.343161814096e-01, 1.797693134862e+308, 0.0000e+00, 0.0000e+00, 
 2DIAGNOSTIC,     9, -7.366813215825e-01, 1.797693134862e+308, 0.0000e+00, 0.0000e+00, 
 2DIAGNOSTIC,    10, -7.385417088521e-01, 6.858963616112e-03, 0.0000e+00, 0.0000e+00, 
 2DIAGNOSTIC,    11, -7.397789351458e-01, 6.048395272267e-03, 0.0000e+00, 0.0000e+00, 
 2DIAGNOSTIC,    12, -7.399958118266e-01, 4.912479214730e-03, 0.0000e+00, 0.0000e+00, 
 2DIAGNOSTIC,    13, -7.396875663076e-01, 3.612683868788e-03, 0.0000e+00, 0.0000e+00, 
 2DIAGNOSTIC,    14, -7.398724406691e-01, 2.337138371239e-03, 0.0000e+00, 0.0000e+00, 
 2DIAGNOSTIC,    15, -7.402356917330e-01, 1.312834384712e-03, 0.0000e+00, 0.0000e+00, 
 2DIAGNOSTIC,    16, -7.402312390821e-01, 5.916884616456e-04, 0.0000e+00, 0.0000e+00, 
 2DIAGNOSTIC,    17, -7.403804580007e-01, 2.421107866554e-04, 0.0000e+00, 0.0000e+00, 
 2DIAGNOSTIC,    18, -7.406866238807e-01, 1.347069382855e-04, 0.0000e+00, 0.0000e+00, 
 2DIAGNOSTIC,    19, -7.407007219593e-01, 7.492771171422e-05, 0.0000e+00, 0.0000e+00, 
 2DIAGNOSTIC,    20, -7.411076512085e-01, 5.825335359726e-05, 0.0000e+00, 0.0000e+00, 
 2DIAGNOSTIC,    21, -7.423364283535e-01, 8.372929979974e-05, 0.0000e+00, 0.0000e+00, 
 2DIAGNOSTIC,    22, -7.421581477584e-01, 9.956142804694e-05, 0.0000e+00, 0.0000e+00, 
 2DIAGNOSTIC,    23, -7.422080521156e-01, 1.007556216658e-04, 0.0000e+00, 0.0000e+00, 
 2DIAGNOSTIC,    24, -7.421906474079e-01, 9.536390606766e-05, 0.0000e+00, 0.0000e+00, 
 2DIAGNOSTIC,    25, -7.421938307222e-01, 8.722078751370e-05, 0.0000e+00, 0.0000e+00, 
 2DIAGNOSTIC,    26, -7.421446155540e-01, 7.051365596535e-05, 0.0000e+00, 0.0000e+00, 
 2DIAGNOSTIC,    27, -7.421845334154e-01, 5.124400809701e-05, 0.0000e+00, 0.0000e+00, 
 2DIAGNOSTIC,    28, -7.420814392888e-01, 3.180484804304e-05, 0.0000e+00, 0.0000e+00, 
 2DIAGNOSTIC,    29, -7.418457642060e-01, 7.899042389799e-06, 0.0000e+00, 0.0000e+00, 
DIAGNOSTIC,Iteration,metricValue,convergenceValue,ITERATION_TIME_INDEX,SINCE_LAST
 2DIAGNOSTIC,     1, -6.120641387510e-01, 1.797693134862e+308, 0.0000e+00, 0.0000e+00, 
 2DIAGNOSTIC,     2, -6.123819268653e-01, 1.797693134862e+308, 0.0000e+00, 0.0000e+00, 
 2DIAGNOSTIC,     3, -6.126412430744e-01, 1.797693134862e+308, 0.0000e+00, 0.0000e+00, 
 2DIAGNOSTIC,     4, -6.129601635633e-01, 1.797693134862e+308, 0.0000e+00, 0.0000e+00, 
 2DIAGNOSTIC,     5, -6.129977871934e-01, 1.797693134862e+308, 0.0000e+00, 0.0000e+00, 
 2DIAGNOSTIC,     6, -6.129502424808e-01, 1.797693134862e+308, 0.0000e+00, 0.0000e+00, 
 2DIAGNOSTIC,     7, -6.128908357680e-01, 1.797693134862e+308, 0.0000e+00, 0.0000e+00, 
 2DIAGNOSTIC,     8, -6.128667290208e-01, 1.797693134862e+308, 0.0000e+00, 0.0000e+00, 
 2DIAGNOSTIC,     9, -6.128099058378e-01, 1.797693134862e+308, 0.0000e+00, 0.0000e+00, 
 2DIAGNOSTIC,    10, -6.128046585415e-01, 6.034220121026e-05, 0.0000e+00, 0.0000e+00, 
 2DIAGNOSTIC,    11, -6.127980608361e-01, 1.900833771581e-05, 0.0000e+00, 0.0000e+00, 
DIAGNOSTIC,Iteration,metricValue,convergenceValue,ITERATION_TIME_INDEX,SINCE_LAST
 2DIAGNOSTIC,     1, -5.362648448762e-01, 1.797693134862e+308, 0.0000e+00, 0.0000e+00, 
 2DIAGNOSTIC,     2, -5.365329721621e-01, 1.797693134862e+308, 0.0000e+00, 0.0000e+00, 
 2DIAGNOSTIC,     3, -5.367107065689e-01, 1.797693134862e+308, 0.0000e+00, 0.0000e+00, 
 2DIAGNOSTIC,     4, -5.367349524594e-01, 1.797693134862e+308, 0.0000e+00, 0.0000e+00, 
 2DIAGNOSTIC,     5, -5.367324353844e-01, 1.797693134862e+308, 0.0000e+00, 0.0000e+00, 
 2DIAGNOSTIC,     6, -5.367276975685e-01, 1.797693134862e+308, 0.0000e+00, 0.0000e+00, 
 2DIAGNOSTIC,     7, -5.367262589776e-01, 1.797693134862e+308, 0.0000e+00, 0.0000e+00, 
 2DIAGNOSTIC,     8, -5.367236844072e-01, 1.797693134862e+308, 0.0000e+00, 0.0000e+00, 
 2DIAGNOSTIC,     9, -5.367235179564e-01, 1.797693134862e+308, 0.0000e+00, 0.0000e+00, 
 2DIAGNOSTIC,    10, -5.367231930917e-01, 3.648807154927e-05, 0.0000e+00, 0.0000e+00, 
 2DIAGNOSTIC,    11, -5.367229548441e-01, 1.196179335110e-05, 0.0000e+00, 0.0000e+00, 
 2DIAGNOSTIC,    12, -5.367208606809e-01, 2.238689904080e-06, 0.0000e+00, 0.0000e+00, 
 2DIAGNOSTIC,    13, -5.367208617295e-01, 1.259975347334e-06, 0.0000e+00, 0.0000e+00, 
 2DIAGNOSTIC,    14, -5.367193463928e-01, 1.387276886783e-06, 0.0000e+00, 0.0000e+00, 
 2DIAGNOSTIC,    15, -5.367192841393e-01, 1.490089842043e-06, 0.0000e+00, 0.0000e+00, 
 2DIAGNOSTIC,    16, -5.367193265131e-01, 1.482125194005e-06, 0.0000e+00, 0.0000e+00, 
 2DIAGNOSTIC,    17, -5.367184709608e-01, 1.452135830103e-06, 0.0000e+00, 0.0000e+00, 
 2DIAGNOSTIC,    18, -5.367192743510e-01, 1.412668636430e-06, 0.0000e+00, 0.0000e+00, 
 2DIAGNOSTIC,    19, -5.367148581472e-01, 1.281123762575e-06, 0.0000e+00, 0.0000e+00, 
 2DIAGNOSTIC,    20, -5.367150871444e-01, 1.199255024557e-06, 0.0000e+00, 0.0000e+00, 
 2DIAGNOSTIC,    21, -5.367140414395e-01, 1.128671342512e-06, 0.0000e+00, 0.0000e+00, 
DIAGNOSTIC,Iteration,metricValue,convergenceValue,ITERATION_TIME_INDEX,SINCE_LAST
 2DIAGNOSTIC,     1, -4.920009476992e-01, 1.797693134862e+308, 0.0000e+00, 0.0000e+00, 
 2DIAGNOSTIC,     2, -4.921814384902e-01, 1.797693134862e+308, 0.0000e+00, 0.0000e+00, 
 2DIAGNOSTIC,     3, -4.923653733948e-01, 1.797693134862e+308, 0.0000e+00, 0.0000e+00, 
