
##########################
# Experiment information #
##########################

EXPERIMENT_NAME: antsRegistration-r7-p17
VFC_BACKENDS: libinterflop_vprec.so --range-binary32=7 --precision-binary32=17 --range-binary64=7 --precision-binary64=17

SIF_IMG: /home/mdugre/projects/rrg-glatard/mdugre/containers/ants-vprec-no_metrics.simg

SUBJECT_ID: s025
INPUT_IMG: /home/mdugre/scratch/mri-registration-rp/datasets/ds004513/derivatives/mri-registration-rp/antsBrainExtraction/sub-s025/BrainExtractionBrain.nii.gz
OUTPUT_DIR: /home/mdugre/scratch/mri-registration-rp/datasets/ds004513/derivatives/mri-registration-rp/0011/antsRegistration-r7-p17/sub-s025

FIXED_IMG: /templateflow/tpl-MNI152NLin2009cAsym/tpl-MNI152NLin2009cAsym_res-01_desc-brain_T1w.nii.gz
DATA_DIR: /home/mdugre/scratch/mri-registration-rp/datasets/ds004513
TEMPLATEFLOW_DIR: /home/mdugre/projects/rrg-glatard/mdugre/templateflow
ITK_GLOBAL_DEFAULT_NUMBER_OF_THREADS: 16
##########################

Info [verificarlo]: loaded backend libinterflop_ieee.so
Info [interflop-ieee]: load backend with:
Info [interflop-ieee]: debug = false
Info [interflop-ieee]: debug-binary = false
Info [interflop-ieee]: no-backend-name = false
Info [interflop-ieee]: print-new-line = false
Info [interflop-ieee]: print-subnormal-normalized = false
Info [interflop-ieee]: count-op = false
All_Command_lines_OK
Using double precision for computations.
=============================================================================
The composite transform comprises the following transforms (in order): 
  1. Center of mass alignment using fixed image: /templateflow/tpl-MNI152NLin2009cAsym/tpl-MNI152NLin2009cAsym_res-01_desc-brain_T1w.nii.gz and moving image: /home/mdugre/scratch/mri-registration-rp/datasets/ds004513/derivatives/mri-registration-rp/antsBrainExtraction/sub-s025/BrainExtractionBrain.nii.gz (type = Euler3DTransform)
=============================================================================
  number of levels = 1
  fixed image: /templateflow/tpl-MNI152NLin2009cAsym/tpl-MNI152NLin2009cAsym_res-01_desc-brain_T1w.nii.gz
  moving image: /home/mdugre/scratch/mri-registration-rp/datasets/ds004513/derivatives/mri-registration-rp/antsBrainExtraction/sub-s025/BrainExtractionBrain.nii.gz
Dimension = 3
Number of stages = 1
Use histogram matching = false
Winsorize image intensities = true
  Lower quantile = 0.005
  Upper quantile = 0.995


Stage 1 State
   Image metric = MattesMI
     Fixed image = Image (0x504ae70)
  RTTI typeinfo:   itk::Image<double, 3u>
  Reference Count: 2
  Modified Time: 2334
  Debug: Off
  Object Name: 
  Observers: 
    none
  Source: (none)
  Source output name: (none)
  Release Data: Off
  Data Released: False
  Global Release Data: Off
  PipelineMTime: 0
  UpdateMTime: 1943
  RealTimeStamp: 0 seconds 
  LargestPossibleRegion: 
    Dimension: 3
    Index: [0, 0, 0]
    Size: [193, 229, 193]
  BufferedRegion: 
    Dimension: 3
    Index: [0, 0, 0]
    Size: [193, 229, 193]
  RequestedRegion: 
    Dimension: 3
    Index: [0, 0, 0]
    Size: [193, 229, 193]
  Spacing: [1, 1, 1]
  Origin: [96, 132, -78]
  Direction: 
-1 0 0
0 -1 0
0 0 1

  IndexToPointMatrix: 
-1 0 0
0 -1 0
0 0 1

  PointToIndexMatrix: 
-1 0 0
0 -1 0
0 0 1

  Inverse Direction: 
-1 0 0
0 -1 0
0 0 1

  PixelContainer: 
    ImportImageContainer (0x5053c60)
      RTTI typeinfo:   itk::ImportImageContainer<unsigned long, double>
      Reference Count: 1
      Modified Time: 1940
      Debug: Off
      Object Name: 
      Observers: 
        none
      Pointer: 0x14e6011d9010
      Container manages memory: true
      Size: 8530021
      Capacity: 8530021

     Moving image = Image (0x5056610)
  RTTI typeinfo:   itk::Image<double, 3u>
  Reference Count: 2
  Modified Time: 2335
  Debug: Off
  Object Name: 
  Observers: 
    none
  Source: (none)
  Source output name: (none)
  Release Data: Off
  Data Released: False
  Global Release Data: Off
  PipelineMTime: 0
  UpdateMTime: 2332
  RealTimeStamp: 0 seconds 
  LargestPossibleRegion: 
    Dimension: 3
    Index: [0, 0, 0]
    Size: [176, 240, 256]
  BufferedRegion: 
    Dimension: 3
    Index: [0, 0, 0]
    Size: [176, 240, 256]
  RequestedRegion: 
    Dimension: 3
    Index: [0, 0, 0]
    Size: [176, 240, 256]
  Spacing: [0.999999, 1, 1]
  Origin: [90.3778, 84.5091, -154.071]
  Direction: 
-0.999391 7.48184e-06 -0.0348969
-7.47664e-06 -1 -2.7953e-07
-0.0348969 -1.84481e-08 0.999391

  IndexToPointMatrix: 
-0.99939 7.48184e-06 -0.0348969
-7.47663e-06 -1 -2.7953e-07
-0.0348968 -1.84481e-08 0.999391

  PointToIndexMatrix: 
-0.999392 -7.47665e-06 -0.0348969
7.48184e-06 -1 -1.84481e-08
-0.0348969 -2.7953e-07 0.999391

  Inverse Direction: 
-0.999391 -7.47664e-06 -0.0348969
7.48184e-06 -1 -1.84481e-08
-0.0348969 -2.7953e-07 0.999391

  PixelContainer: 
    ImportImageContainer (0x50efef0)
      RTTI typeinfo:   itk::ImportImageContainer<unsigned long, double>
      Reference Count: 1
      Modified Time: 2329
      Debug: Off
      Object Name: 
      Observers: 
        none
      Pointer: 0x14e5fbf58010
      Container manages memory: true
      Size: 10813440
      Capacity: 10813440

     Weighting = 1
     Sampling strategy = regular
     Number of bins = 32
     Radius = 4
     Sampling percentage  = 0.25
   Transform = Rigid
     Gradient step = 0.1
     Update field sigma (voxel space) = 0
     Total field sigma (voxel space) = 0
     Update field time sigma = 0
     Total field time sigma  = 0
     Number of time indices = 0
     Number of time point samples = 0
Registration using 1 total stages.

Stage 0
  iterations = 0
  convergence threshold = 1e-06
  convergence window size = 10
  number of levels = 1
  using the Mattes MI metric (number of bins = 32, weight = 1, use gradient filter = 0)
  preprocessing:  winsorizing the image intensities
  Shrink factors (level 1 out of 1): [1, 1, 1]
  smoothing sigmas per level: [0]
  regular sampling (percentage = 0.25)

*** Running Euler3DTransform registration ***

  Elapsed time (stage 0): 1.12119


Total elapsed time: 1.12336
Info [verificarlo]: loaded backend libinterflop_ieee.so
Info [interflop-ieee]: load backend with:
Info [interflop-ieee]: debug = false
Info [interflop-ieee]: debug-binary = false
Info [interflop-ieee]: no-backend-name = false
Info [interflop-ieee]: print-new-line = false
Info [interflop-ieee]: print-subnormal-normalized = false
Info [interflop-ieee]: count-op = false
All_Command_lines_OK
Using double precision for computations.
=============================================================================
The composite transform comprises the following transforms (in order): 
  1. /home/mdugre/scratch/mri-registration-rp/datasets/ds004513/derivatives/mri-registration-rp/0011/antsRegistration-r7-p17/sub-s025/align_Composite.h5[0] (type = Euler3DTransform)
  2. /home/mdugre/scratch/mri-registration-rp/datasets/ds004513/derivatives/mri-registration-rp/0011/antsRegistration-r7-p17/sub-s025/align_Composite.h5[1] (type = Euler3DTransform)
=============================================================================
  number of levels = 4
  fixed image: /templateflow/tpl-MNI152NLin2009cAsym/tpl-MNI152NLin2009cAsym_res-01_desc-brain_T1w.nii.gz
  moving image: /home/mdugre/scratch/mri-registration-rp/datasets/ds004513/derivatives/mri-registration-rp/antsBrainExtraction/sub-s025/BrainExtractionBrain.nii.gz
Dimension = 3
Number of stages = 1
Use histogram matching = false
Winsorize image intensities = true
  Lower quantile = 0.005
  Upper quantile = 0.995


Stage 1 State
   Image metric = MattesMI
     Fixed image = Image (0x410b530)
  RTTI typeinfo:   itk::Image<double, 3u>
  Reference Count: 2
  Modified Time: 1580
  Debug: Off
  Object Name: 
  Observers: 
    none
  Source: (none)
  Source output name: (none)
  Release Data: Off
  Data Released: False
  Global Release Data: Off
  PipelineMTime: 0
  UpdateMTime: 1189
  RealTimeStamp: 0 seconds 
  LargestPossibleRegion: 
    Dimension: 3
    Index: [0, 0, 0]
    Size: [193, 229, 193]
  BufferedRegion: 
    Dimension: 3
    Index: [0, 0, 0]
    Size: [193, 229, 193]
  RequestedRegion: 
    Dimension: 3
    Index: [0, 0, 0]
    Size: [193, 229, 193]
  Spacing: [1, 1, 1]
  Origin: [96, 132, -78]
  Direction: 
-1 0 0
0 -1 0
0 0 1

  IndexToPointMatrix: 
-1 0 0
0 -1 0
0 0 1

  PointToIndexMatrix: 
-1 0 0
0 -1 0
0 0 1

  Inverse Direction: 
-1 0 0
0 -1 0
0 0 1

  PixelContainer: 
    ImportImageContainer (0x41c9d60)
      RTTI typeinfo:   itk::ImportImageContainer<unsigned long, double>
      Reference Count: 1
      Modified Time: 1186
      Debug: Off
      Object Name: 
      Observers: 
        none
      Pointer: 0x1502afbd9010
      Container manages memory: true
      Size: 8530021
      Capacity: 8530021

     Moving image = Image (0x41bbf60)
  RTTI typeinfo:   itk::Image<double, 3u>
  Reference Count: 2
  Modified Time: 1581
  Debug: Off
  Object Name: 
  Observers: 
    none
  Source: (none)
  Source output name: (none)
  Release Data: Off
  Data Released: False
  Global Release Data: Off
  PipelineMTime: 0
  UpdateMTime: 1578
  RealTimeStamp: 0 seconds 
  LargestPossibleRegion: 
    Dimension: 3
    Index: [0, 0, 0]
    Size: [176, 240, 256]
  BufferedRegion: 
    Dimension: 3
    Index: [0, 0, 0]
    Size: [176, 240, 256]
  RequestedRegion: 
    Dimension: 3
    Index: [0, 0, 0]
    Size: [176, 240, 256]
  Spacing: [0.999999, 1, 1]
  Origin: [90.3778, 84.5091, -154.071]
  Direction: 
-0.999391 7.48184e-06 -0.0348969
-7.47664e-06 -1 -2.7953e-07
-0.0348969 -1.84481e-08 0.999391

  IndexToPointMatrix: 
-0.99939 7.48184e-06 -0.0348969
-7.47663e-06 -1 -2.7953e-07
-0.0348968 -1.84481e-08 0.999391

  PointToIndexMatrix: 
-0.999392 -7.47665e-06 -0.0348969
7.48184e-06 -1 -1.84481e-08
-0.0348969 -2.7953e-07 0.999391

  Inverse Direction: 
-0.999391 -7.47664e-06 -0.0348969
7.48184e-06 -1 -1.84481e-08
-0.0348969 -2.7953e-07 0.999391

  PixelContainer: 
    ImportImageContainer (0x41ad6d0)
      RTTI typeinfo:   itk::ImportImageContainer<unsigned long, double>
      Reference Count: 1
      Modified Time: 1575
      Debug: Off
      Object Name: 
      Observers: 
        none
      Pointer: 0x1502aa958010
      Container manages memory: true
      Size: 10813440
      Capacity: 10813440

     Weighting = 1
     Sampling strategy = regular
     Number of bins = 32
     Radius = 4
     Sampling percentage  = 0.25
   Transform = Rigid
     Gradient step = 0.1
     Update field sigma (voxel space) = 0
     Total field sigma (voxel space) = 0
     Update field time sigma = 0
     Total field time sigma  = 0
     Number of time indices = 0
     Number of time point samples = 0
Registration using 1 total stages.

Stage 0
  iterations = 1000x500x250x100
  convergence threshold = 1e-06
  convergence window size = 10
  number of levels = 4
  using the Mattes MI metric (number of bins = 32, weight = 1, use gradient filter = 0)
  preprocessing:  winsorizing the image intensities
  Shrink factors (level 1 out of 4): [8, 8, 8]
  Shrink factors (level 2 out of 4): [4, 4, 4]
  Shrink factors (level 3 out of 4): [2, 2, 2]
  Shrink factors (level 4 out of 4): [1, 1, 1]
  smoothing sigmas per level: [3, 2, 1, 0]
  regular sampling (percentage = 0.25)

*** Running Euler3DTransform registration ***

DIAGNOSTIC,Iteration,metricValue,convergenceValue,ITERATION_TIME_INDEX,SINCE_LAST
 2DIAGNOSTIC,     1, -5.323241903179e-01, 1.797693134862e+308, 8.5824e-01, 8.5824e-01, 
 2DIAGNOSTIC,     2, -5.346190553927e-01, 1.797693134862e+308, 8.6330e-01, 5.0631e-03, 
 2DIAGNOSTIC,     3, -5.378036555361e-01, 1.797693134862e+308, 8.6809e-01, 4.7851e-03, 
 2DIAGNOSTIC,     4, -5.422949451405e-01, 1.797693134862e+308, 8.7292e-01, 4.8292e-03, 
 2DIAGNOSTIC,     5, -5.486805952477e-01, 1.797693134862e+308, 8.7834e-01, 5.4271e-03, 
 2DIAGNOSTIC,     6, -5.542790085272e-01, 1.797693134862e+308, 8.8361e-01, 5.2700e-03, 
 2DIAGNOSTIC,     7, -5.627123115611e-01, 1.797693134862e+308, 8.8897e-01, 5.3580e-03, 
 2DIAGNOSTIC,     8, -5.766609943856e-01, 1.797693134862e+308, 8.9376e-01, 4.7870e-03, 
 2DIAGNOSTIC,     9, -5.881111419397e-01, 1.797693134862e+308, 8.9955e-01, 5.7921e-03, 
 2DIAGNOSTIC,    10, -6.012927005665e-01, 7.820055967720e-03, 9.0647e-01, 6.9211e-03, 
 2DIAGNOSTIC,    11, -6.192402913588e-01, 8.564422673928e-03, 9.1566e-01, 9.1879e-03, 
 2DIAGNOSTIC,    12, -6.197111897440e-01, 8.513711436488e-03, 9.2027e-01, 4.6070e-03, 
 2DIAGNOSTIC,    13, -6.223136777511e-01, 7.932305190637e-03, 9.2491e-01, 4.6432e-03, 
 2DIAGNOSTIC,    14, -6.239859078534e-01, 6.938967258809e-03, 9.2955e-01, 4.6380e-03, 
 2DIAGNOSTIC,    15, -6.258731029038e-01, 5.722268374548e-03, 9.3411e-01, 4.5650e-03, 
 2DIAGNOSTIC,    16, -6.290042957049e-01, 4.404898010749e-03, 9.3899e-01, 4.8790e-03, 
 2DIAGNOSTIC,    17, -6.327399548200e-01, 3.192249458120e-03, 9.4491e-01, 5.9171e-03, 
 2DIAGNOSTIC,    18, -6.361770329222e-01, 2.298162514753e-03, 9.5074e-01, 5.8351e-03, 
 2DIAGNOSTIC,    19, -6.381920795016e-01, 1.629119691598e-03, 9.5599e-01, 5.2459e-03, 
 2DIAGNOSTIC,    20, -6.414786468691e-01, 1.264281191368e-03, 9.6057e-01, 4.5800e-03, 
 2DIAGNOSTIC,    21, -6.422621311627e-01, 1.244231354810e-03, 9.6549e-01, 4.9241e-03, 
 2DIAGNOSTIC,    22, -6.443386369793e-01, 1.164065699757e-03, 9.7012e-01, 4.6232e-03, 
 2DIAGNOSTIC,    23, -6.458367311095e-01, 1.066297096131e-03, 9.7491e-01, 4.7979e-03, 
 2DIAGNOSTIC,    24, -6.528535017010e-01, 1.047817945554e-03, 9.8037e-01, 5.4541e-03, 
 2DIAGNOSTIC,    25, -6.591704567142e-01, 1.083081270025e-03, 9.8675e-01, 6.3860e-03, 
 2DIAGNOSTIC,    26, -6.605963666108e-01, 1.093549190762e-03, 9.9195e-01, 5.1930e-03, 
 2DIAGNOSTIC,    27, -6.608439804314e-01, 1.070984922292e-03, 9.9649e-01, 4.5459e-03, 
 2DIAGNOSTIC,    28, -6.615671815578e-01, 1.019502608189e-03, 1.0011e+00, 4.5950e-03, 
 2DIAGNOSTIC,    29, -6.628794661658e-01, 9.260608048405e-04, 1.0059e+00, 4.7781e-03, 
 2DIAGNOSTIC,    30, -6.728294578629e-01, 9.537364347511e-04, 1.0123e+00, 6.4139e-03, 
 2DIAGNOSTIC,    31, -6.735478090237e-01, 9.084134267884e-04, 1.0169e+00, 4.6549e-03, 
 2DIAGNOSTIC,    32, -6.743491476809e-01, 8.254105084694e-04, 1.0216e+00, 4.7069e-03, 
 2DIAGNOSTIC,    33, -6.778518217243e-01, 7.396579460756e-04, 1.0265e+00, 4.8308e-03, 
 2DIAGNOSTIC,    34, -6.872953097901e-01, 8.064165067692e-04, 1.0364e+00, 9.8929e-03, 
 2DIAGNOSTIC,    35, -6.877325775696e-01, 8.751649098170e-04, 1.0411e+00, 4.7021e-03, 
 2DIAGNOSTIC,    36, -6.893218394818e-01, 8.964337762392e-04, 1.0457e+00, 4.6749e-03, 
 2DIAGNOSTIC,    37, -6.927388078768e-01, 8.791523243333e-04, 1.0504e+00, 4.6129e-03, 
 2DIAGNOSTIC,    38, -7.010259245841e-01, 8.853757157028e-04, 1.0550e+00, 4.5991e-03, 
 2DIAGNOSTIC,    39, -7.063976152820e-01, 8.771587246211e-04, 1.0596e+00, 4.6201e-03, 
 2DIAGNOSTIC,    40, -7.084277233594e-01, 9.204305318805e-04, 1.0642e+00, 4.6360e-03, 
 2DIAGNOSTIC,    41, -7.161055720090e-01, 9.681945210800e-04, 1.0695e+00, 5.3101e-03, 
 2DIAGNOSTIC,    42, -7.193549917688e-01, 9.622847967915e-04, 1.0760e+00, 6.4738e-03, 
 2DIAGNOSTIC,    43, -7.222509330659e-01, 9.272430387715e-04, 1.0806e+00, 4.6470e-03, 
 2DIAGNOSTIC,    44, -7.286133875988e-01, 9.648691684896e-04, 1.0853e+00, 4.6389e-03, 
 2DIAGNOSTIC,    45, -7.391506126237e-01, 1.015604032431e-03, 1.0900e+00, 4.6859e-03, 
 2DIAGNOSTIC,    46, -7.438765486014e-01, 1.025029194433e-03, 1.0947e+00, 4.7429e-03, 
 2DIAGNOSTIC,    47, -7.510300755674e-01, 1.033398534030e-03, 1.1028e+00, 8.0669e-03, 
 2DIAGNOSTIC,    48, -7.533555652795e-01, 1.038788226971e-03, 1.1078e+00, 5.0468e-03, 
 2DIAGNOSTIC,    49, -7.535119285212e-01, 9.941751087710e-04, 1.1123e+00, 4.5061e-03, 
 2DIAGNOSTIC,    50, -7.537535864431e-01, 8.745643601487e-04, 1.1174e+00, 5.0271e-03, 
 2DIAGNOSTIC,    51, -7.543904659294e-01, 7.468188110904e-04, 1.1221e+00, 4.7779e-03, 
 2DIAGNOSTIC,    52, -7.558780100931e-01, 5.926981524919e-04, 1.1268e+00, 4.6759e-03, 
 2DIAGNOSTIC,    53, -7.576506367695e-01, 4.258801404790e-04, 1.1321e+00, 5.2550e-03, 
 2DIAGNOSTIC,    54, -7.585437948080e-01, 2.818259848825e-04, 1.1378e+00, 5.7559e-03, 
 2DIAGNOSTIC,    55, -7.589415502437e-01, 2.019981337809e-04, 1.1425e+00, 4.6971e-03, 
 2DIAGNOSTIC,    56, -7.598191204995e-01, 1.476268639552e-04, 1.1476e+00, 5.1270e-03, 
 2DIAGNOSTIC,    57, -7.598684393825e-01, 1.344358752563e-04, 1.1522e+00, 4.5640e-03, 
 2DIAGNOSTIC,    58, -7.601927594815e-01, 1.282462130265e-04, 1.1579e+00, 5.7070e-03, 
 2DIAGNOSTIC,    59, -7.598279746989e-01, 1.086072412806e-04, 1.1630e+00, 5.1031e-03, 
 2DIAGNOSTIC,    60, -7.600077303944e-01, 8.253043621036e-05, 1.1683e+00, 5.2440e-03, 
 2DIAGNOSTIC,    61, -7.608489728610e-01, 5.959433527510e-05, 1.1731e+00, 4.8199e-03, 
 2DIAGNOSTIC,    62, -7.613659189323e-01, 4.499525044748e-05, 1.1790e+00, 5.8830e-03, 
 2DIAGNOSTIC,    63, -7.615698611429e-01, 3.976097929194e-05, 1.1842e+00, 5.1899e-03, 
 2DIAGNOSTIC,    64, -7.617103149577e-01, 3.784248468352e-05, 1.1892e+00, 5.0490e-03, 
 2DIAGNOSTIC,    65, -7.618553819733e-01, 3.579313161061e-05, 1.1938e+00, 4.6051e-03, 
 2DIAGNOSTIC,    66, -7.618568180955e-01, 3.587002721581e-05, 1.1984e+00, 4.5960e-03, 
 2DIAGNOSTIC,    67, -7.618611296635e-01, 3.275933153313e-05, 1.2035e+00, 5.0611e-03, 
 2DIAGNOSTIC,    68, -7.619832245182e-01, 2.952420311134e-05, 1.2179e+00, 1.4448e-02, 
 2DIAGNOSTIC,    69, -7.619832244195e-01, 2.144195357423e-05, 1.2325e+00, 1.4552e-02, 
 2DIAGNOSTIC,    70, -7.619832244195e-01, 1.257360321950e-05, 1.2393e+00, 6.7980e-03, 
 2DIAGNOSTIC,    71, -7.619832244195e-01, 7.682368215464e-06, 1.2442e+00, 4.9751e-03, 
 2DIAGNOSTIC,    72, -7.619832244195e-01, 5.208546835667e-06, 1.2523e+00, 8.0318e-03, 
 2DIAGNOSTIC,    73, -7.619832244195e-01, 3.485464473488e-06, 1.2640e+00, 1.1732e-02, 
 2DIAGNOSTIC,    74, -7.619832244195e-01, 2.282647782528e-06, 1.2695e+00, 5.4491e-03, 
 2DIAGNOSTIC,    75, -7.619832244195e-01, 1.749255950020e-06, 1.2747e+00, 5.2021e-03, 
 2DIAGNOSTIC,    76, -7.619832244195e-01, 1.122985421599e-06, 1.2797e+00, 5.0941e-03, 
DIAGNOSTIC,Iteration,metricValue,convergenceValue,ITERATION_TIME_INDEX,SINCE_LAST
 2DIAGNOSTIC,     1, -6.045204044851e-01, 1.797693134862e+308, 2.1366e+00, 8.5687e-01, 
 2DIAGNOSTIC,     2, -6.054056444272e-01, 1.797693134862e+308, 2.1695e+00, 3.2833e-02, 
 2DIAGNOSTIC,     3, -6.067076530948e-01, 1.797693134862e+308, 2.2020e+00, 3.2596e-02, 
 2DIAGNOSTIC,     4, -6.081369269273e-01, 1.797693134862e+308, 2.2346e+00, 3.2529e-02, 
 2DIAGNOSTIC,     5, -6.093957123361e-01, 1.797693134862e+308, 2.2674e+00, 3.2815e-02, 
 2DIAGNOSTIC,     6, -6.106355100809e-01, 1.797693134862e+308, 2.3013e+00, 3.3882e-02, 
 2DIAGNOSTIC,     7, -6.123024546974e-01, 1.797693134862e+308, 2.3343e+00, 3.3051e-02, 
 2DIAGNOSTIC,     8, -6.139977883646e-01, 1.797693134862e+308, 2.3702e+00, 3.5896e-02, 
 2DIAGNOSTIC,     9, -6.148614144260e-01, 1.797693134862e+308, 2.4145e+00, 4.4324e-02, 
 2DIAGNOSTIC,    10, -6.151312437007e-01, 1.220851400240e-03, 2.4531e+00, 3.8585e-02, 
 2DIAGNOSTIC,    11, -6.158219011820e-01, 1.057342010645e-03, 2.4859e+00, 3.2772e-02, 
 2DIAGNOSTIC,    12, -6.195868782944e-01, 1.004939816081e-03, 2.5235e+00, 3.7578e-02, 
 2DIAGNOSTIC,    13, -6.199789773068e-01, 9.258156441240e-04, 2.5566e+00, 3.3088e-02, 
 2DIAGNOSTIC,    14, -6.204603625282e-01, 8.385878597744e-04, 2.5900e+00, 3.3480e-02, 
 2DIAGNOSTIC,    15, -6.210394462336e-01, 7.452621960082e-04, 2.6473e+00, 5.7240e-02, 
 2DIAGNOSTIC,    16, -6.210747367220e-01, 6.312681630894e-04, 2.6861e+00, 3.8798e-02, 
 2DIAGNOSTIC,    17, -6.210704083290e-01, 5.158253381390e-04, 2.7180e+00, 3.1943e-02, 
 2DIAGNOSTIC,    18, -6.210623625132e-01, 4.086655439301e-04, 2.7496e+00, 3.1582e-02, 
 2DIAGNOSTIC,    19, -6.210772492332e-01, 2.978290449682e-04, 2.7837e+00, 3.4074e-02, 
 2DIAGNOSTIC,    20, -6.210516084118e-01, 1.767740553637e-04, 2.8182e+00, 3.4565e-02, 
 2DIAGNOSTIC,    21, -6.210557430240e-01, 6.417962958112e-05, 2.8514e+00, 3.3142e-02, 
 2DIAGNOSTIC,    22, -6.210135822765e-01, 3.425472612232e-05, 2.8932e+00, 4.1808e-02, 
 2DIAGNOSTIC,    23, -6.210031442642e-01, 1.143650464929e-05, 2.9278e+00, 3.4572e-02, 
DIAGNOSTIC,Iteration,metricValue,convergenceValue,ITERATION_TIME_INDEX,SINCE_LAST
 2DIAGNOSTIC,     1, -5.342730527214e-01, 1.797693134862e+308, 4.1240e+00, 1.1962e+00, 
 2DIAGNOSTIC,     2, -5.344435293058e-01, 1.797693134862e+308, 4.3759e+00, 2.5191e-01, 
 2DIAGNOSTIC,     3, -5.345124596097e-01, 1.797693134862e+308, 4.6743e+00, 2.9840e-01, 
 2DIAGNOSTIC,     4, -5.345447683007e-01, 1.797693134862e+308, 4.9468e+00, 2.7256e-01, 
 2DIAGNOSTIC,     5, -5.346123883188e-01, 1.797693134862e+308, 5.2119e+00, 2.6508e-01, 
 2DIAGNOSTIC,     6, -5.348559708670e-01, 1.797693134862e+308, 5.4783e+00, 2.6633e-01, 
 2DIAGNOSTIC,     7, -5.351411247943e-01, 1.797693134862e+308, 5.7329e+00, 2.5467e-01, 
 2DIAGNOSTIC,     8, -5.358671039060e-01, 1.797693134862e+308, 6.2706e+00, 5.3767e-01, 
 2DIAGNOSTIC,     9, -5.358684204205e-01, 1.797693134862e+308, 6.6103e+00, 3.3967e-01, 
 2DIAGNOSTIC,    10, -5.358682907569e-01, 2.215117847233e-04, 6.9078e+00, 2.9758e-01, 
 2DIAGNOSTIC,    11, -5.358690733112e-01, 2.043553906290e-04, 7.2216e+00, 3.1377e-01, 
 2DIAGNOSTIC,    12, -5.358667135533e-01, 1.790453770623e-04, 7.4822e+00, 2.6060e-01, 
 2DIAGNOSTIC,    13, -5.358656709641e-01, 1.440990740571e-04, 7.7734e+00, 2.9120e-01, 
 2DIAGNOSTIC,    14, -5.358640643250e-01, 1.025611515171e-04, 8.0259e+00, 2.5244e-01, 
 2DIAGNOSTIC,    15, -5.358648899113e-01, 6.012864237775e-05, 8.3185e+00, 2.9269e-01, 
 2DIAGNOSTIC,    16, -5.358664635800e-01, 2.583917379499e-05, 8.6089e+00, 2.9032e-01, 
 2DIAGNOSTIC,    17, -5.358659721761e-01, 1.631265882804e-06, 8.8655e+00, 2.5663e-01, 
 2DIAGNOSTIC,    18, -5.358655057947e-01, 1.536135107720e-06, 9.1579e+00, 2.9240e-01, 
 2DIAGNOSTIC,    19, -5.358651423993e-01, 1.500211319304e-06, 9.4538e+00, 2.9594e-01, 
 2DIAGNOSTIC,    20, -5.358634164255e-01, 1.432681518747e-06, 9.7263e+00, 2.7244e-01, 
 2DIAGNOSTIC,    21, -5.358641531725e-01, 1.425781785393e-06, 1.0020e+01, 2.9348e-01, 
 2DIAGNOSTIC,    22, -5.358646733599e-01, 1.383069935357e-06, 1.0287e+01, 2.6715e-01, 
 2DIAGNOSTIC,    23, -5.358655332594e-01, 1.347189621664e-06, 1.0584e+01, 2.9710e-01, 
 2DIAGNOSTIC,    24, -5.358649947789e-01, 1.270213684013e-06, 1.0841e+01, 2.5687e-01, 
 2DIAGNOSTIC,    25, -5.358659073664e-01, 1.241634583454e-06, 1.1160e+01, 3.1878e-01, 
 2DIAGNOSTIC,    26, -5.358640839970e-01, 1.212642655624e-06, 1.1462e+01, 3.0228e-01, 
 2DIAGNOSTIC,    27, -5.358645739945e-01, 1.187263088717e-06, 1.1714e+01, 2.5186e-01, 
 2DIAGNOSTIC,    28, -5.358675474077e-01, 1.209774442172e-06, 1.2001e+01, 2.8730e-01, 
 2DIAGNOSTIC,    29, -5.358684462855e-01, 1.232907701994e-06, 1.2254e+01, 2.5267e-01, 
 2DIAGNOSTIC,    30, -5.358709622438e-01, 1.255857717410e-06, 1.2547e+01, 2.9284e-01, 
 2DIAGNOSTIC,    31, -5.358696359523e-01, 1.248773191631e-06, 1.2812e+01, 2.6562e-01, 
 2DIAGNOSTIC,    32, -5.358688150548e-01, 1.216995249909e-06, 1.3125e+01, 3.1267e-01, 
 2DIAGNOSTIC,    33, -5.358693044081e-01, 1.187579279444e-06, 1.3406e+01, 2.8104e-01, 
 2DIAGNOSTIC,    34, -5.358689129168e-01, 1.122298502132e-06, 1.3695e+01, 2.8914e-01, 
 2DIAGNOSTIC,    35, -5.358706611471e-01, 1.084444886650e-06, 1.3935e+01, 2.3946e-01, 
 2DIAGNOSTIC,    36, -5.358760602251e-01, 1.084821732451e-06, 1.4168e+01, 2.3343e-01, 
 2DIAGNOSTIC,    37, -5.358783470832e-01, 1.103648937965e-06, 1.4446e+01, 2.7763e-01, 
 2DIAGNOSTIC,    38, -5.358796452970e-01, 1.158038154293e-06, 1.4718e+01, 2.7243e-01, 
 2DIAGNOSTIC,    39, -5.358799767103e-01, 1.195483810775e-06, 1.5022e+01, 3.0410e-01, 
 2DIAGNOSTIC,    40, -5.358805120464e-01, 1.235753021089e-06, 1.5317e+01, 2.9483e-01, 
 2DIAGNOSTIC,    41, -5.358788544041e-01, 1.192489395129e-06, 1.5563e+01, 2.4569e-01, 
 2DIAGNOSTIC,    42, -5.358785905688e-01, 1.097898047406e-06, 1.5824e+01, 2.6110e-01, 
 2DIAGNOSTIC,    43, -5.358818219784e-01, 1.022160668881e-06, 1.6058e+01, 2.3437e-01, 
DIAGNOSTIC,Iteration,metricValue,convergenceValue,ITERATION_TIME_INDEX,SINCE_LAST
 2DIAGNOSTIC,     1, -4.895324467189e-01, 1.797693134862e+308, 1.9041e+01, 2.9831e+00, 
 2DIAGNOSTIC,     2, -4.895363893208e-01, 1.797693134862e+308, 2.0761e+01, 1.7202e+00, 
 2DIAGNOSTIC,     3, -4.895363682850e-01, 1.797693134862e+308, 2.2631e+01, 1.8692e+00, 
 2DIAGNOSTIC,     4, -4.895366847149e-01, 1.797693134862e+308, 2.4307e+01, 1.6760e+00, 
 2DIAGNOSTIC,     5, -4.895363698347e-01, 1.797693134862e+308, 2.6612e+01, 2.3050e+00, 
 2DIAGNOSTIC,     6, -4.895360762432e-01, 1.797693134862e+308, 2.8324e+01, 1.7124e+00, 
 2DIAGNOSTIC,     7, -4.895358975588e-01, 1.797693134862e+308, 3.0481e+01, 2.1575e+00, 
 2DIAGNOSTIC,     8, -4.895358068038e-01, 1.797693134862e+308, 3.2184e+01, 1.7026e+00, 
 2DIAGNOSTIC,     9, -4.895357129728e-01, 1.797693134862e+308, 3.3572e+01, 1.3884e+00, 
 2DIAGNOSTIC,    10, -4.895355182333e-01, 3.277979708491e-06, 3.4976e+01, 1.4040e+00, 
 2DIAGNOSTIC,    11, -4.895354657739e-01, 2.752431667419e-06, 3.6482e+01, 1.5058e+00, 
 2DIAGNOSTIC,    12, -4.895354135243e-01, 2.515257505553e-06, 3.8198e+01, 1.7159e+00, 
 2DIAGNOSTIC,    13, -4.895351558613e-01, 2.313588526537e-06, 3.9905e+01, 1.7065e+00, 
 2DIAGNOSTIC,    14, -4.895350029821e-01, 2.160082980318e-06, 4.1315e+01, 1.4103e+00, 
 2DIAGNOSTIC,    15, -4.895352529625e-01, 2.035111921081e-06, 4.2945e+01, 1.6302e+00, 
 2DIAGNOSTIC,    16, -4.895353509618e-01, 1.926187697232e-06, 4.4754e+01, 1.8090e+00, 
 2DIAGNOSTIC,    17, -4.895350556753e-01, 1.819527123158e-06, 4.6195e+01, 1.4411e+00, 
 2DIAGNOSTIC,    18, -4.895350297623e-01, 1.726315991261e-06, 4.7587e+01, 1.3917e+00, 
 2DIAGNOSTIC,    19, -4.895349507246e-01, 1.641592231566e-06, 4.9222e+01, 1.6348e+00, 
 2DIAGNOSTIC,    20, -4.895349870159e-01, 1.563475612351e-06, 5.0612e+01, 1.3900e+00, 
 2DIAGNOSTIC,    21, -4.895351269154e-01, 1.497511893878e-06, 5.2185e+01, 1.5727e+00, 
 2DIAGNOSTIC,    22, -4.895353149919e-01, 1.442989414929e-06, 5.3685e+01, 1.5007e+00, 
 2DIAGNOSTIC,    23, -4.895353613363e-01, 1.388341971865e-06, 5.5109e+01, 1.4238e+00, 
 2DIAGNOSTIC,    24, -4.895358448884e-01, 1.345597849312e-06, 5.6818e+01, 1.7085e+00, 
 2DIAGNOSTIC,    25, -4.895361662262e-01, 1.317230905074e-06, 5.8740e+01, 1.9219e+00, 
 2DIAGNOSTIC,    26, -4.895359623293e-01, 1.284488409851e-06, 6.0629e+01, 1.8894e+00, 
 2DIAGNOSTIC,    27, -4.895359036138e-01, 1.241113918783e-06, 6.2677e+01, 2.0485e+00, 
 2DIAGNOSTIC,    28, -4.895359124084e-01, 1.194670669363e-06, 6.4240e+01, 1.5630e+00, 
 2DIAGNOSTIC,    29, -4.895356923683e-01, 1.139706389319e-06, 6.5795e+01, 1.5543e+00, 
 2DIAGNOSTIC,    30, -4.895355910215e-01, 1.083060427988e-06, 6.7368e+01, 1.5731e+00, 
 2DIAGNOSTIC,    31, -4.895354960037e-01, 1.028868525980e-06, 6.8881e+01, 1.5129e+00, 
  Elapsed time (stage 0): 6.9727e+01


Total elapsed time: 6.9730e+01
Info [verificarlo]: loaded backend libinterflop_vprec.so
Info [interflop-vprec]: load backend with: 
Info [interflop-vprec]: precision-binary32 = 17
Info [interflop-vprec]: range-binary32 = 7
Info [interflop-vprec]: precision-binary64 = 17
Info [interflop-vprec]: range-binary64 = 7
Info [interflop-vprec]: mode = ob
Info [interflop-vprec]: error-mode = rel
Info [interflop-vprec]: max-abs-error-exponent = -1022
Info [interflop-vprec]: daz = false
Info [interflop-vprec]: ftz = false
Info [interflop-vprec]: 	instrument = none
Info [interflop-vprec]: 	prec-input-file = (null)
Info [interflop-vprec]: 	prec-output-file = (null)
Info [interflop-vprec]: 	prec-log-file = (null)
All_Command_lines_OK
Using double precision for computations.
=============================================================================
The composite transform comprises the following transforms (in order): 
  1. /home/mdugre/scratch/mri-registration-rp/datasets/ds004513/derivatives/mri-registration-rp/0011/antsRegistration-r7-p17/sub-s025/rigid_Composite.h5[0] (type = Euler3DTransform)
  2. /home/mdugre/scratch/mri-registration-rp/datasets/ds004513/derivatives/mri-registration-rp/0011/antsRegistration-r7-p17/sub-s025/rigid_Composite.h5[1] (type = Euler3DTransform)
  3. /home/mdugre/scratch/mri-registration-rp/datasets/ds004513/derivatives/mri-registration-rp/0011/antsRegistration-r7-p17/sub-s025/rigid_Composite.h5[2] (type = Euler3DTransform)
=============================================================================
  number of levels = 4
  fixed image: /templateflow/tpl-MNI152NLin2009cAsym/tpl-MNI152NLin2009cAsym_res-01_desc-brain_T1w.nii.gz
  moving image: /home/mdugre/scratch/mri-registration-rp/datasets/ds004513/derivatives/mri-registration-rp/antsBrainExtraction/sub-s025/BrainExtractionBrain.nii.gz
Dimension = 3
Number of stages = 1
Use histogram matching = false
Winsorize image intensities = true
  Lower quantile = 0.005
  Upper quantile = 0.995


Stage 1 State
   Image metric = MattesMI
     Fixed image = Image (0x4dc4490)
  RTTI typeinfo:   itk::Image<double, 3u>
  Reference Count: 2
  Modified Time: 1592
  Debug: Off
  Object Name: 
  Observers: 
    none
  Source: (none)
  Source output name: (none)
  Release Data: Off
  Data Released: False
  Global Release Data: Off
  PipelineMTime: 0
  UpdateMTime: 1203
  RealTimeStamp: 0 seconds 
  LargestPossibleRegion: 
    Dimension: 3
    Index: [0, 0, 0]
    Size: [193, 229, 193]
  BufferedRegion: 
    Dimension: 3
    Index: [0, 0, 0]
    Size: [193, 229, 193]
  RequestedRegion: 
    Dimension: 3
    Index: [0, 0, 0]
    Size: [193, 229, 193]
  Spacing: [1, 1, 1]
  Origin: [96, 132, -78]
  Direction: 
-1 0 0
0 -1 0
0 0 1

  IndexToPointMatrix: 
-1 0 0
0 -1 0
0 0 1

  PointToIndexMatrix: 
-1 0 0
0 -1 0
0 0 1

  Inverse Direction: 
-1 0 0
0 -1 0
0 0 1

  PixelContainer: 
    ImportImageContainer (0x4e8f8c0)
      RTTI typeinfo:   itk::ImportImageContainer<unsigned long, double>
      Reference Count: 1
      Modified Time: 1200
      Debug: Off
      Object Name: 
      Observers: 
        none
      Pointer: 0x14b5ab65c010
      Container manages memory: true
      Size: 8530021
      Capacity: 8530021

     Moving image = Image (0x4e7fb60)
  RTTI typeinfo:   itk::Image<double, 3u>
  Reference Count: 2
  Modified Time: 1593
  Debug: Off
  Object Name: 
  Observers: 
    none
  Source: (none)
  Source output name: (none)
  Release Data: Off
  Data Released: False
  Global Release Data: Off
  PipelineMTime: 0
  UpdateMTime: 1590
  RealTimeStamp: 0 seconds 
  LargestPossibleRegion: 
    Dimension: 3
    Index: [0, 0, 0]
    Size: [176, 240, 256]
  BufferedRegion: 
    Dimension: 3
    Index: [0, 0, 0]
    Size: [176, 240, 256]
  RequestedRegion: 
    Dimension: 3
    Index: [0, 0, 0]
    Size: [176, 240, 256]
  Spacing: [1, 1, 1]
  Origin: [90.3779, 84.5093, -154.071]
  Direction: 
-0.99939 7.48184e-06 -0.0348969
-7.47663e-06 -1 -2.7953e-07
-0.0348969 -1.84481e-08 0.99939

  IndexToPointMatrix: 
-0.99939 7.48184e-06 -0.0348969
-7.47663e-06 -1 -2.7953e-07
-0.0348969 -1.84481e-08 0.99939

  PointToIndexMatrix: 
-0.99939 -7.47663e-06 -0.0348969
7.47666e-06 -1 1.30385e-07
-0.0348969 -1.30385e-07 0.99939

  Inverse Direction: 
-0.99939 -7.47663e-06 -0.0348969
7.47666e-06 -1 1.30385e-07
-0.0348969 -1.30385e-07 0.99939

  PixelContainer: 
    ImportImageContainer (0x4f131d0)
      RTTI typeinfo:   itk::ImportImageContainer<unsigned long, double>
      Reference Count: 1
      Modified Time: 1587
      Debug: Off
      Object Name: 
      Observers: 
        none
      Pointer: 0x14b5a63db010
      Container manages memory: true
      Size: 10813440
      Capacity: 10813440

     Weighting = 1
     Sampling strategy = regular
     Number of bins = 32
     Radius = 4
     Sampling percentage  = 0.25
   Transform = Affine
     Gradient step = 0.1
     Update field sigma (voxel space) = 0
     Total field sigma (voxel space) = 0
     Update field time sigma = 0
     Total field time sigma  = 0
     Number of time indices = 0
     Number of time point samples = 0
Registration using 1 total stages.

Stage 0
  iterations = 1000x500x250x100
  convergence threshold = 1e-06
  convergence window size = 10
  number of levels = 4
  using the Mattes MI metric (number of bins = 32, weight = 1, use gradient filter = 0)
  preprocessing:  winsorizing the image intensities
  Shrink factors (level 1 out of 4): [8, 8, 8]
  Shrink factors (level 2 out of 4): [4, 4, 4]
  Shrink factors (level 3 out of 4): [2, 2, 2]
  Shrink factors (level 4 out of 4): [1, 1, 1]
  smoothing sigmas per level: [3, 2, 1, 0]
  regular sampling (percentage = 0.25)

*** Running AffineTransform registration ***

DIAGNOSTIC,Iteration,metricValue,convergenceValue,ITERATION_TIME_INDEX,SINCE_LAST
 2DIAGNOSTIC,     1, -7.478638637810e-01, 1.797693134862e+308, 0.0000e+00, 0.0000e+00, 
 2DIAGNOSTIC,     2, -7.498975204090e-01, 1.797693134862e+308, 0.0000e+00, 0.0000e+00, 
 2DIAGNOSTIC,     3, -7.534145743596e-01, 1.797693134862e+308, 0.0000e+00, 0.0000e+00, 
 2DIAGNOSTIC,     4, -7.599232997668e-01, 1.797693134862e+308, 0.0000e+00, 0.0000e+00, 
 2DIAGNOSTIC,     5, -7.700009711377e-01, 1.797693134862e+308, 0.0000e+00, 0.0000e+00, 
 2DIAGNOSTIC,     6, -7.852153837895e-01, 1.797693134862e+308, 0.0000e+00, 0.0000e+00, 
 2DIAGNOSTIC,     7, -8.126427234299e-01, 1.797693134862e+308, 0.0000e+00, 0.0000e+00, 
 2DIAGNOSTIC,     8, -8.865695449063e-01, 1.797693134862e+308, 0.0000e+00, 0.0000e+00, 
 2DIAGNOSTIC,     9, -9.178227892329e-01, 1.797693134862e+308, 0.0000e+00, 0.0000e+00, 
 2DIAGNOSTIC,    10, -9.254513789009e-01, 1.559693544150e-02, 0.0000e+00, 0.0000e+00, 
 2DIAGNOSTIC,    11, -9.314506507422e-01, 1.577420298234e-02, 0.0000e+00, 0.0000e+00, 
 2DIAGNOSTIC,    12, -9.336408494671e-01, 1.463051963598e-02, 0.0000e+00, 0.0000e+00, 
 2DIAGNOSTIC,    13, -9.348559102073e-01, 1.246622107356e-02, 0.0000e+00, 0.0000e+00, 
 2DIAGNOSTIC,    14, -9.362257460063e-01, 9.698976917400e-03, 0.0000e+00, 0.0000e+00, 
 2DIAGNOSTIC,    15, -9.364066211434e-01, 6.704902707015e-03, 0.0000e+00, 0.0000e+00, 
 2DIAGNOSTIC,    16, -9.375614073811e-01, 3.858064838450e-03, 0.0000e+00, 0.0000e+00, 
 2DIAGNOSTIC,    17, -9.376148949528e-01, 1.522490282633e-03, 0.0000e+00, 0.0000e+00, 
 2DIAGNOSTIC,    18, -9.377258240983e-01, 6.641377762064e-04, 0.0000e+00, 0.0000e+00, 
 2DIAGNOSTIC,    19, -9.383344187674e-01, 3.876838666514e-04, 0.0000e+00, 0.0000e+00, 
 2DIAGNOSTIC,    20, -9.383122064228e-01, 2.264456654532e-04, 0.0000e+00, 0.0000e+00, 
 2DIAGNOSTIC,    21, -9.382180293417e-01, 1.513843478183e-04, 0.0000e+00, 0.0000e+00, 
 2DIAGNOSTIC,    22, -9.381313510656e-01, 1.004359351093e-04, 0.0000e+00, 0.0000e+00, 
 2DIAGNOSTIC,    23, -9.380803270124e-01, 6.097820318401e-05, 0.0000e+00, 0.0000e+00, 
 2DIAGNOSTIC,    24, -9.382417763957e-01, 3.992108892579e-05, 0.0000e+00, 0.0000e+00, 
 2DIAGNOSTIC,    25, -9.383429160902e-01, 2.015581477698e-05, 0.0000e+00, 0.0000e+00, 
 2DIAGNOSTIC,    26, -9.382569077360e-01, 1.350198117377e-05, 0.0000e+00, 0.0000e+00, 
 2DIAGNOSTIC,    27, -9.382086157172e-01, 6.423343827847e-06, 0.0000e+00, 0.0000e+00, 
 2DIAGNOSTIC,    28, -9.383763250171e-01, 2.368203711564e-06, 0.0000e+00, 0.0000e+00, 
 2DIAGNOSTIC,    29, -9.386147238900e-01, 7.656508876776e-06, 0.0000e+00, 0.0000e+00, 
 2DIAGNOSTIC,    30, -9.386817211016e-01, 1.236253755438e-05, 0.0000e+00, 0.0000e+00, 
 2DIAGNOSTIC,    31, -9.386106137290e-01, 1.409277146619e-05, 0.0000e+00, 0.0000e+00, 
 2DIAGNOSTIC,    32, -9.385108463249e-01, 1.275451253071e-05, 0.0000e+00, 0.0000e+00, 
 2DIAGNOSTIC,    33, -9.384329053787e-01, 9.104457670266e-06, 0.0000e+00, 0.0000e+00, 
 2DIAGNOSTIC,    34, -9.384979213441e-01, 6.921598272314e-06, 0.0000e+00, 0.0000e+00, 
 2DIAGNOSTIC,    35, -9.384590960697e-01, 4.850726235774e-06, 0.0000e+00, 0.0000e+00, 
 2DIAGNOSTIC,    36, -9.385602842848e-01, 2.741367011699e-06, 0.0000e+00, 0.0000e+00, 
DIAGNOSTIC,Iteration,metricValue,convergenceValue,ITERATION_TIME_INDEX,SINCE_LAST
 2DIAGNOSTIC,     1, -7.505787008332e-01, 1.797693134862e+308, 0.0000e+00, 0.0000e+00, 
 2DIAGNOSTIC,     2, -7.510442964119e-01, 1.797693134862e+308, 0.0000e+00, 0.0000e+00, 
 2DIAGNOSTIC,     3, -7.515342352081e-01, 1.797693134862e+308, 0.0000e+00, 0.0000e+00, 
 2DIAGNOSTIC,     4, -7.520883018487e-01, 1.797693134862e+308, 0.0000e+00, 0.0000e+00, 
 2DIAGNOSTIC,     5, -7.532928700113e-01, 1.797693134862e+308, 0.0000e+00, 0.0000e+00, 
 2DIAGNOSTIC,     6, -7.541126348626e-01, 1.797693134862e+308, 0.0000e+00, 0.0000e+00, 
 2DIAGNOSTIC,     7, -7.541389670506e-01, 1.797693134862e+308, 0.0000e+00, 0.0000e+00, 
 2DIAGNOSTIC,     8, -7.541520435807e-01, 1.797693134862e+308, 0.0000e+00, 0.0000e+00, 
 2DIAGNOSTIC,     9, -7.541486884725e-01, 1.797693134862e+308, 0.0000e+00, 0.0000e+00, 
 2DIAGNOSTIC,    10, -7.541529019281e-01, 3.510691581492e-04, 0.0000e+00, 0.0000e+00, 
 2DIAGNOSTIC,    11, -7.541691440028e-01, 2.521209455459e-04, 0.0000e+00, 0.0000e+00, 
 2DIAGNOSTIC,    12, -7.541805468407e-01, 1.625997520191e-04, 0.0000e+00, 0.0000e+00, 
 2DIAGNOSTIC,    13, -7.542073784847e-01, 8.776328595476e-05, 0.0000e+00, 0.0000e+00, 
 2DIAGNOSTIC,    14, -7.542074209991e-01, 3.015036002910e-05, 0.0000e+00, 0.0000e+00, 
 2DIAGNOSTIC,    15, -7.542521645029e-01, 8.534185245795e-06, 0.0000e+00, 0.0000e+00, 
 2DIAGNOSTIC,    16, -7.542740388650e-01, 8.833568718711e-06, 0.0000e+00, 0.0000e+00, 
 2DIAGNOSTIC,    17, -7.542880489190e-01, 9.343590913848e-06, 0.0000e+00, 0.0000e+00, 
 2DIAGNOSTIC,    18, -7.543359957276e-01, 1.039440302700e-05, 0.0000e+00, 0.0000e+00, 
 2DIAGNOSTIC,    19, -7.543707499547e-01, 1.113990530265e-05, 0.0000e+00, 0.0000e+00, 
 2DIAGNOSTIC,    20, -7.543778182608e-01, 1.112532435868e-05, 0.0000e+00, 0.0000e+00, 
 2DIAGNOSTIC,    21, -7.543424336115e-01, 9.886195701851e-06, 0.0000e+00, 0.0000e+00, 
 2DIAGNOSTIC,    22, -7.543357062254e-01, 8.076401777551e-06, 0.0000e+00, 0.0000e+00, 
 2DIAGNOSTIC,    23, -7.543236181378e-01, 6.040769788204e-06, 0.0000e+00, 0.0000e+00, 
 2DIAGNOSTIC,    24, -7.543124156558e-01, 3.532029399768e-06, 0.0000e+00, 0.0000e+00, 
 2DIAGNOSTIC,    25, -7.543040767232e-01, 1.569007433366e-06, 0.0000e+00, 0.0000e+00, 
DIAGNOSTIC,Iteration,metricValue,convergenceValue,ITERATION_TIME_INDEX,SINCE_LAST
 2DIAGNOSTIC,     1, -6.417066469640e-01, 1.797693134862e+308, 0.0000e+00, 0.0000e+00, 
 2DIAGNOSTIC,     2, -6.421593085019e-01, 1.797693134862e+308, 0.0000e+00, 0.0000e+00, 
 2DIAGNOSTIC,     3, -6.426400258303e-01, 1.797693134862e+308, 0.0000e+00, 0.0000e+00, 
 2DIAGNOSTIC,     4, -6.431343044213e-01, 1.797693134862e+308, 0.0000e+00, 0.0000e+00, 
 2DIAGNOSTIC,     5, -6.438295642012e-01, 1.797693134862e+308, 0.0000e+00, 0.0000e+00, 
 2DIAGNOSTIC,     6, -6.449443544195e-01, 1.797693134862e+308, 0.0000e+00, 0.0000e+00, 
 2DIAGNOSTIC,     7, -6.450154278787e-01, 1.797693134862e+308, 0.0000e+00, 0.0000e+00, 
 2DIAGNOSTIC,     8, -6.449975461031e-01, 1.797693134862e+308, 0.0000e+00, 0.0000e+00, 
 2DIAGNOSTIC,     9, -6.449992125378e-01, 1.797693134862e+308, 0.0000e+00, 0.0000e+00, 
 2DIAGNOSTIC,    10, -6.449915140423e-01, 3.776353764725e-04, 0.0000e+00, 0.0000e+00, 
 2DIAGNOSTIC,    11, -6.449918864943e-01, 2.738271991946e-04, 0.0000e+00, 0.0000e+00, 
 2DIAGNOSTIC,    12, -6.449917725459e-01, 1.796271696893e-04, 0.0000e+00, 0.0000e+00, 
 2DIAGNOSTIC,    13, -6.449903517550e-01, 1.006456999378e-04, 0.0000e+00, 0.0000e+00, 
 2DIAGNOSTIC,    14, -6.449941577691e-01, 3.957364875649e-05, 0.0000e+00, 0.0000e+00, 
 2DIAGNOSTIC,    15, -6.449942396177e-01, 2.774202085692e-06, 0.0000e+00, 0.0000e+00, 
 2DIAGNOSTIC,    16, -6.449937608422e-01, 1.180477281773e-06, 0.0000e+00, 0.0000e+00, 
 2DIAGNOSTIC,    17, -6.449940589089e-01, 1.711812872757e-06, 0.0000e+00, 0.0000e+00, 
 2DIAGNOSTIC,    18, -6.449929000645e-01, 1.727315404230e-06, 0.0000e+00, 0.0000e+00, 
 2DIAGNOSTIC,    19, -6.449923053730e-01, 1.772802436836e-06, 0.0000e+00, 0.0000e+00, 
 2DIAGNOSTIC,    20, -6.449915024337e-01, 1.614816520577e-06, 0.0000e+00, 0.0000e+00, 
 2DIAGNOSTIC,    21, -6.449921903296e-01, 1.491657801840e-06, 0.0000e+00, 0.0000e+00, 
 2DIAGNOSTIC,    22, -6.449944655429e-01, 1.424919378351e-06, 0.0000e+00, 0.0000e+00, 
