
##########################
# Experiment information #
##########################

EXPERIMENT_NAME: antsRegistration-r8-p13
VFC_BACKENDS: libinterflop_vprec.so --range-binary32=8 --precision-binary32=13 --range-binary64=8 --precision-binary64=13

SIF_IMG: /home/mdugre/projects/rrg-glatard/mdugre/containers/ants-vprec-no_metrics.simg

SUBJECT_ID: s025
INPUT_IMG: /home/mdugre/scratch/mri-registration-rp/datasets/ds004513/derivatives/mri-registration-rp/antsBrainExtraction/sub-s025/BrainExtractionBrain.nii.gz
OUTPUT_DIR: /home/mdugre/scratch/mri-registration-rp/datasets/ds004513/derivatives/mri-registration-rp/0011/antsRegistration-r8-p13/sub-s025

FIXED_IMG: /templateflow/tpl-MNI152NLin2009cAsym/tpl-MNI152NLin2009cAsym_res-01_desc-brain_T1w.nii.gz
DATA_DIR: /home/mdugre/scratch/mri-registration-rp/datasets/ds004513
TEMPLATEFLOW_DIR: /home/mdugre/projects/rrg-glatard/mdugre/templateflow
ITK_GLOBAL_DEFAULT_NUMBER_OF_THREADS: 16
##########################

Info [verificarlo]: loaded backend libinterflop_ieee.so
Info [interflop-ieee]: load backend with:
Info [interflop-ieee]: debug = false
Info [interflop-ieee]: debug-binary = false
Info [interflop-ieee]: no-backend-name = false
Info [interflop-ieee]: print-new-line = false
Info [interflop-ieee]: print-subnormal-normalized = false
Info [interflop-ieee]: count-op = false
All_Command_lines_OK
Using double precision for computations.
=============================================================================
The composite transform comprises the following transforms (in order): 
  1. Center of mass alignment using fixed image: /templateflow/tpl-MNI152NLin2009cAsym/tpl-MNI152NLin2009cAsym_res-01_desc-brain_T1w.nii.gz and moving image: /home/mdugre/scratch/mri-registration-rp/datasets/ds004513/derivatives/mri-registration-rp/antsBrainExtraction/sub-s025/BrainExtractionBrain.nii.gz (type = Euler3DTransform)
=============================================================================
  number of levels = 1
  fixed image: /templateflow/tpl-MNI152NLin2009cAsym/tpl-MNI152NLin2009cAsym_res-01_desc-brain_T1w.nii.gz
  moving image: /home/mdugre/scratch/mri-registration-rp/datasets/ds004513/derivatives/mri-registration-rp/antsBrainExtraction/sub-s025/BrainExtractionBrain.nii.gz
Dimension = 3
Number of stages = 1
Use histogram matching = false
Winsorize image intensities = true
  Lower quantile = 0.005
  Upper quantile = 0.995


Stage 1 State
   Image metric = MattesMI
     Fixed image = Image (0x4b21e70)
  RTTI typeinfo:   itk::Image<double, 3u>
  Reference Count: 2
  Modified Time: 2334
  Debug: Off
  Object Name: 
  Observers: 
    none
  Source: (none)
  Source output name: (none)
  Release Data: Off
  Data Released: False
  Global Release Data: Off
  PipelineMTime: 0
  UpdateMTime: 1943
  RealTimeStamp: 0 seconds 
  LargestPossibleRegion: 
    Dimension: 3
    Index: [0, 0, 0]
    Size: [193, 229, 193]
  BufferedRegion: 
    Dimension: 3
    Index: [0, 0, 0]
    Size: [193, 229, 193]
  RequestedRegion: 
    Dimension: 3
    Index: [0, 0, 0]
    Size: [193, 229, 193]
  Spacing: [1, 1, 1]
  Origin: [96, 132, -78]
  Direction: 
-1 0 0
0 -1 0
0 0 1

  IndexToPointMatrix: 
-1 0 0
0 -1 0
0 0 1

  PointToIndexMatrix: 
-1 0 0
0 -1 0
0 0 1

  Inverse Direction: 
-1 0 0
0 -1 0
0 0 1

  PixelContainer: 
    ImportImageContainer (0x4b2ac60)
      RTTI typeinfo:   itk::ImportImageContainer<unsigned long, double>
      Reference Count: 1
      Modified Time: 1940
      Debug: Off
      Object Name: 
      Observers: 
        none
      Pointer: 0x14ccef7ea010
      Container manages memory: true
      Size: 8530021
      Capacity: 8530021

     Moving image = Image (0x4b2d610)
  RTTI typeinfo:   itk::Image<double, 3u>
  Reference Count: 2
  Modified Time: 2335
  Debug: Off
  Object Name: 
  Observers: 
    none
  Source: (none)
  Source output name: (none)
  Release Data: Off
  Data Released: False
  Global Release Data: Off
  PipelineMTime: 0
  UpdateMTime: 2332
  RealTimeStamp: 0 seconds 
  LargestPossibleRegion: 
    Dimension: 3
    Index: [0, 0, 0]
    Size: [176, 240, 256]
  BufferedRegion: 
    Dimension: 3
    Index: [0, 0, 0]
    Size: [176, 240, 256]
  RequestedRegion: 
    Dimension: 3
    Index: [0, 0, 0]
    Size: [176, 240, 256]
  Spacing: [0.999999, 1, 1]
  Origin: [90.3778, 84.5091, -154.071]
  Direction: 
-0.999391 7.48184e-06 -0.0348969
-7.47664e-06 -1 -2.7953e-07
-0.0348969 -1.84481e-08 0.999391

  IndexToPointMatrix: 
-0.99939 7.48184e-06 -0.0348969
-7.47663e-06 -1 -2.7953e-07
-0.0348968 -1.84481e-08 0.999391

  PointToIndexMatrix: 
-0.999392 -7.47665e-06 -0.0348969
7.48184e-06 -1 -1.84481e-08
-0.0348969 -2.7953e-07 0.999391

  Inverse Direction: 
-0.999391 -7.47664e-06 -0.0348969
7.48184e-06 -1 -1.84481e-08
-0.0348969 -2.7953e-07 0.999391

  PixelContainer: 
    ImportImageContainer (0x4bc6ef0)
      RTTI typeinfo:   itk::ImportImageContainer<unsigned long, double>
      Reference Count: 1
      Modified Time: 2329
      Debug: Off
      Object Name: 
      Observers: 
        none
      Pointer: 0x14ccea569010
      Container manages memory: true
      Size: 10813440
      Capacity: 10813440

     Weighting = 1
     Sampling strategy = regular
     Number of bins = 32
     Radius = 4
     Sampling percentage  = 0.25
   Transform = Rigid
     Gradient step = 0.1
     Update field sigma (voxel space) = 0
     Total field sigma (voxel space) = 0
     Update field time sigma = 0
     Total field time sigma  = 0
     Number of time indices = 0
     Number of time point samples = 0
Registration using 1 total stages.

Stage 0
  iterations = 0
  convergence threshold = 1e-06
  convergence window size = 10
  number of levels = 1
  using the Mattes MI metric (number of bins = 32, weight = 1, use gradient filter = 0)
  preprocessing:  winsorizing the image intensities
  Shrink factors (level 1 out of 1): [1, 1, 1]
  smoothing sigmas per level: [0]
  regular sampling (percentage = 0.25)

*** Running Euler3DTransform registration ***

  Elapsed time (stage 0): 1.12595


Total elapsed time: 1.12837
Info [verificarlo]: loaded backend libinterflop_ieee.so
Info [interflop-ieee]: load backend with:
Info [interflop-ieee]: debug = false
Info [interflop-ieee]: debug-binary = false
Info [interflop-ieee]: no-backend-name = false
Info [interflop-ieee]: print-new-line = false
Info [interflop-ieee]: print-subnormal-normalized = false
Info [interflop-ieee]: count-op = false
All_Command_lines_OK
Using double precision for computations.
=============================================================================
The composite transform comprises the following transforms (in order): 
  1. /home/mdugre/scratch/mri-registration-rp/datasets/ds004513/derivatives/mri-registration-rp/0011/antsRegistration-r8-p13/sub-s025/align_Composite.h5[0] (type = Euler3DTransform)
  2. /home/mdugre/scratch/mri-registration-rp/datasets/ds004513/derivatives/mri-registration-rp/0011/antsRegistration-r8-p13/sub-s025/align_Composite.h5[1] (type = Euler3DTransform)
=============================================================================
  number of levels = 4
  fixed image: /templateflow/tpl-MNI152NLin2009cAsym/tpl-MNI152NLin2009cAsym_res-01_desc-brain_T1w.nii.gz
  moving image: /home/mdugre/scratch/mri-registration-rp/datasets/ds004513/derivatives/mri-registration-rp/antsBrainExtraction/sub-s025/BrainExtractionBrain.nii.gz
Dimension = 3
Number of stages = 1
Use histogram matching = false
Winsorize image intensities = true
  Lower quantile = 0.005
  Upper quantile = 0.995


Stage 1 State
   Image metric = MattesMI
     Fixed image = Image (0x3ae8530)
  RTTI typeinfo:   itk::Image<double, 3u>
  Reference Count: 2
  Modified Time: 1580
  Debug: Off
  Object Name: 
  Observers: 
    none
  Source: (none)
  Source output name: (none)
  Release Data: Off
  Data Released: False
  Global Release Data: Off
  PipelineMTime: 0
  UpdateMTime: 1189
  RealTimeStamp: 0 seconds 
  LargestPossibleRegion: 
    Dimension: 3
    Index: [0, 0, 0]
    Size: [193, 229, 193]
  BufferedRegion: 
    Dimension: 3
    Index: [0, 0, 0]
    Size: [193, 229, 193]
  RequestedRegion: 
    Dimension: 3
    Index: [0, 0, 0]
    Size: [193, 229, 193]
  Spacing: [1, 1, 1]
  Origin: [96, 132, -78]
  Direction: 
-1 0 0
0 -1 0
0 0 1

  IndexToPointMatrix: 
-1 0 0
0 -1 0
0 0 1

  PointToIndexMatrix: 
-1 0 0
0 -1 0
0 0 1

  Inverse Direction: 
-1 0 0
0 -1 0
0 0 1

  PixelContainer: 
    ImportImageContainer (0x3ba6d60)
      RTTI typeinfo:   itk::ImportImageContainer<unsigned long, double>
      Reference Count: 1
      Modified Time: 1186
      Debug: Off
      Object Name: 
      Observers: 
        none
      Pointer: 0x14b95bac6010
      Container manages memory: true
      Size: 8530021
      Capacity: 8530021

     Moving image = Image (0x3b98f60)
  RTTI typeinfo:   itk::Image<double, 3u>
  Reference Count: 2
  Modified Time: 1581
  Debug: Off
  Object Name: 
  Observers: 
    none
  Source: (none)
  Source output name: (none)
  Release Data: Off
  Data Released: False
  Global Release Data: Off
  PipelineMTime: 0
  UpdateMTime: 1578
  RealTimeStamp: 0 seconds 
  LargestPossibleRegion: 
    Dimension: 3
    Index: [0, 0, 0]
    Size: [176, 240, 256]
  BufferedRegion: 
    Dimension: 3
    Index: [0, 0, 0]
    Size: [176, 240, 256]
  RequestedRegion: 
    Dimension: 3
    Index: [0, 0, 0]
    Size: [176, 240, 256]
  Spacing: [0.999999, 1, 1]
  Origin: [90.3778, 84.5091, -154.071]
  Direction: 
-0.999391 7.48184e-06 -0.0348969
-7.47664e-06 -1 -2.7953e-07
-0.0348969 -1.84481e-08 0.999391

  IndexToPointMatrix: 
-0.99939 7.48184e-06 -0.0348969
-7.47663e-06 -1 -2.7953e-07
-0.0348968 -1.84481e-08 0.999391

  PointToIndexMatrix: 
-0.999392 -7.47665e-06 -0.0348969
7.48184e-06 -1 -1.84481e-08
-0.0348969 -2.7953e-07 0.999391

  Inverse Direction: 
-0.999391 -7.47664e-06 -0.0348969
7.48184e-06 -1 -1.84481e-08
-0.0348969 -2.7953e-07 0.999391

  PixelContainer: 
    ImportImageContainer (0x3b8a6d0)
      RTTI typeinfo:   itk::ImportImageContainer<unsigned long, double>
      Reference Count: 1
      Modified Time: 1575
      Debug: Off
      Object Name: 
      Observers: 
        none
      Pointer: 0x14b956845010
      Container manages memory: true
      Size: 10813440
      Capacity: 10813440

     Weighting = 1
     Sampling strategy = regular
     Number of bins = 32
     Radius = 4
     Sampling percentage  = 0.25
   Transform = Rigid
     Gradient step = 0.1
     Update field sigma (voxel space) = 0
     Total field sigma (voxel space) = 0
     Update field time sigma = 0
     Total field time sigma  = 0
     Number of time indices = 0
     Number of time point samples = 0
Registration using 1 total stages.

Stage 0
  iterations = 1000x500x250x100
  convergence threshold = 1e-06
  convergence window size = 10
  number of levels = 4
  using the Mattes MI metric (number of bins = 32, weight = 1, use gradient filter = 0)
  preprocessing:  winsorizing the image intensities
  Shrink factors (level 1 out of 4): [8, 8, 8]
  Shrink factors (level 2 out of 4): [4, 4, 4]
  Shrink factors (level 3 out of 4): [2, 2, 2]
  Shrink factors (level 4 out of 4): [1, 1, 1]
  smoothing sigmas per level: [3, 2, 1, 0]
  regular sampling (percentage = 0.25)

*** Running Euler3DTransform registration ***

DIAGNOSTIC,Iteration,metricValue,convergenceValue,ITERATION_TIME_INDEX,SINCE_LAST
 2DIAGNOSTIC,     1, -5.323241903179e-01, 1.797693134862e+308, 6.5609e-01, 6.5609e-01, 
 2DIAGNOSTIC,     2, -5.346190553927e-01, 1.797693134862e+308, 6.6058e-01, 4.4861e-03, 
 2DIAGNOSTIC,     3, -5.378036555361e-01, 1.797693134862e+308, 6.6477e-01, 4.1871e-03, 
 2DIAGNOSTIC,     4, -5.422949451405e-01, 1.797693134862e+308, 6.6875e-01, 3.9821e-03, 
 2DIAGNOSTIC,     5, -5.486805952477e-01, 1.797693134862e+308, 6.7280e-01, 4.0491e-03, 
 2DIAGNOSTIC,     6, -5.542790085272e-01, 1.797693134862e+308, 6.7690e-01, 4.1041e-03, 
 2DIAGNOSTIC,     7, -5.627123115611e-01, 1.797693134862e+308, 6.8103e-01, 4.1258e-03, 
 2DIAGNOSTIC,     8, -5.766609943856e-01, 1.797693134862e+308, 6.8511e-01, 4.0820e-03, 
 2DIAGNOSTIC,     9, -5.881111419397e-01, 1.797693134862e+308, 6.8925e-01, 4.1411e-03, 
 2DIAGNOSTIC,    10, -6.012927005665e-01, 7.820055967720e-03, 6.9479e-01, 5.5339e-03, 
 2DIAGNOSTIC,    11, -6.192402913588e-01, 8.564422673926e-03, 7.0219e-01, 7.4079e-03, 
 2DIAGNOSTIC,    12, -6.197111897439e-01, 8.513711436482e-03, 7.0629e-01, 4.0970e-03, 
 2DIAGNOSTIC,    13, -6.223136777511e-01, 7.932305190634e-03, 7.1038e-01, 4.0889e-03, 
 2DIAGNOSTIC,    14, -6.239859078534e-01, 6.938967258809e-03, 7.1458e-01, 4.2009e-03, 
 2DIAGNOSTIC,    15, -6.258731029039e-01, 5.722268374551e-03, 7.1873e-01, 4.1480e-03, 
 2DIAGNOSTIC,    16, -6.290042957050e-01, 4.404898010756e-03, 7.2300e-01, 4.2729e-03, 
 2DIAGNOSTIC,    17, -6.327399548206e-01, 3.192249458143e-03, 7.2837e-01, 5.3651e-03, 
 2DIAGNOSTIC,    18, -6.361770329222e-01, 2.298162514773e-03, 7.3388e-01, 5.5091e-03, 
 2DIAGNOSTIC,    19, -6.381920794973e-01, 1.629119691507e-03, 7.3884e-01, 4.9620e-03, 
 2DIAGNOSTIC,    20, -6.414786468715e-01, 1.264281191347e-03, 7.4321e-01, 4.3750e-03, 
 2DIAGNOSTIC,    21, -6.422621311653e-01, 1.244231354852e-03, 7.4756e-01, 4.3490e-03, 
 2DIAGNOSTIC,    22, -6.443386369815e-01, 1.164065699843e-03, 7.5172e-01, 4.1540e-03, 
 2DIAGNOSTIC,    23, -6.458367311110e-01, 1.066297096238e-03, 7.5614e-01, 4.4200e-03, 
 2DIAGNOSTIC,    24, -6.528535017415e-01, 1.047817946437e-03, 7.6100e-01, 4.8611e-03, 
 2DIAGNOSTIC,    25, -6.591704567754e-01, 1.083081271899e-03, 7.6689e-01, 5.8980e-03, 
 2DIAGNOSTIC,    26, -6.605963667569e-01, 1.093549194887e-03, 7.7170e-01, 4.8020e-03, 
 2DIAGNOSTIC,    27, -6.608439803579e-01, 1.070984924299e-03, 7.7595e-01, 4.2560e-03, 
 2DIAGNOSTIC,    28, -6.615671814300e-01, 1.019502607270e-03, 7.8016e-01, 4.2050e-03, 
 2DIAGNOSTIC,    29, -6.628794679740e-01, 9.260608321041e-04, 7.8447e-01, 4.3159e-03, 
 2DIAGNOSTIC,    30, -6.728294463255e-01, 9.537362796293e-04, 7.9014e-01, 5.6641e-03, 
 2DIAGNOSTIC,    31, -6.735477992649e-01, 9.084131491654e-04, 7.9440e-01, 4.2582e-03, 
 2DIAGNOSTIC,    32, -6.743491356845e-01, 8.254101083336e-04, 7.9862e-01, 4.2250e-03, 
 2DIAGNOSTIC,    33, -6.778518170467e-01, 7.396575689556e-04, 8.0303e-01, 4.4110e-03, 
 2DIAGNOSTIC,    34, -6.872953173553e-01, 8.064163494416e-04, 8.1174e-01, 8.7080e-03, 
 2DIAGNOSTIC,    35, -6.877327006939e-01, 8.751664721559e-04, 8.1594e-01, 4.1959e-03, 
 2DIAGNOSTIC,    36, -6.893219758406e-01, 8.964369342469e-04, 8.2021e-01, 4.2710e-03, 
 2DIAGNOSTIC,    37, -6.927390953065e-01, 8.791585360100e-04, 8.2429e-01, 4.0839e-03, 
 2DIAGNOSTIC,    38, -7.010270274877e-01, 8.853938379000e-04, 8.2851e-01, 4.2238e-03, 
 2DIAGNOSTIC,    39, -7.063971483079e-01, 8.771680542531e-04, 8.3287e-01, 4.3590e-03, 
 2DIAGNOSTIC,    40, -7.084269009503e-01, 9.204271609016e-04, 8.3712e-01, 4.2491e-03, 
 2DIAGNOSTIC,    41, -7.161083881301e-01, 9.682190939413e-04, 8.4188e-01, 4.7541e-03, 
 2DIAGNOSTIC,    42, -7.193605031545e-01, 9.623604993923e-04, 8.4759e-01, 5.7170e-03, 
 2DIAGNOSTIC,    43, -7.222592417726e-01, 9.273883854115e-04, 8.5176e-01, 4.1711e-03, 
 2DIAGNOSTIC,    44, -7.286173527927e-01, 9.650234802289e-04, 8.5596e-01, 4.2000e-03, 
 2DIAGNOSTIC,    45, -7.392111014717e-01, 1.016308050928e-03, 8.6018e-01, 4.2162e-03, 
 2DIAGNOSTIC,    46, -7.439232284879e-01, 1.026040002761e-03, 8.6439e-01, 4.2090e-03, 
 2DIAGNOSTIC,    47, -7.510860381090e-01, 1.034699969549e-03, 8.7164e-01, 7.2510e-03, 
 2DIAGNOSTIC,    48, -7.533730944807e-01, 1.039905011700e-03, 8.7573e-01, 4.0879e-03, 
 2DIAGNOSTIC,    49, -7.538717662206e-01, 9.980368468130e-04, 8.7973e-01, 4.0021e-03, 
 2DIAGNOSTIC,    50, -7.556791775515e-01, 8.941387252172e-04, 8.8449e-01, 4.7579e-03, 
 2DIAGNOSTIC,    51, -7.575245720362e-01, 7.894454470323e-04, 8.8853e-01, 4.0429e-03, 
 2DIAGNOSTIC,    52, -7.588263030165e-01, 6.517011022081e-04, 8.9365e-01, 5.1160e-03, 
 2DIAGNOSTIC,    53, -7.592926099288e-01, 4.847138853314e-04, 8.9923e-01, 5.5809e-03, 
 2DIAGNOSTIC,    54, -7.594310097259e-01, 3.291631593864e-04, 9.0388e-01, 4.6480e-03, 
 2DIAGNOSTIC,    55, -7.594640997405e-01, 2.311339840581e-04, 9.0822e-01, 4.3409e-03, 
 2DIAGNOSTIC,    56, -7.595453496428e-01, 1.500141960424e-04, 9.1213e-01, 3.9160e-03, 
 2DIAGNOSTIC,    57, -7.596621725150e-01, 1.117726999352e-04, 9.1603e-01, 3.8970e-03, 
 2DIAGNOSTIC,    58, -7.601344642703e-01, 8.475421234768e-05, 9.2041e-01, 4.3819e-03, 
 2DIAGNOSTIC,    59, -7.601650510162e-01, 5.433907322486e-05, 9.2494e-01, 4.5290e-03, 
 2DIAGNOSTIC,    60, -7.600489789630e-01, 3.166957552360e-05, 9.2908e-01, 4.1420e-03, 
 2DIAGNOSTIC,    61, -7.600967958176e-01, 1.982012963517e-05, 9.3316e-01, 4.0810e-03, 
 2DIAGNOSTIC,    62, -7.606079145524e-01, 1.875330784054e-05, 9.3781e-01, 4.6449e-03, 
 2DIAGNOSTIC,    63, -7.607334424762e-01, 1.974986964680e-05, 9.4241e-01, 4.5972e-03, 
 2DIAGNOSTIC,    64, -7.610026449010e-01, 2.156273151781e-05, 9.4947e-01, 7.0610e-03, 
 2DIAGNOSTIC,    65, -7.610686771354e-01, 2.200075853686e-05, 9.5402e-01, 4.5509e-03, 
 2DIAGNOSTIC,    66, -7.611364346407e-01, 2.132992538626e-05, 9.5801e-01, 3.9940e-03, 
 2DIAGNOSTIC,    67, -7.609606528882e-01, 1.818328312193e-05, 9.6210e-01, 4.0860e-03, 
 2DIAGNOSTIC,    68, -7.610000990459e-01, 1.657865845940e-05, 9.6611e-01, 4.0081e-03, 
 2DIAGNOSTIC,    69, -7.610248639463e-01, 1.384334827192e-05, 9.7012e-01, 4.0171e-03, 
 2DIAGNOSTIC,    70, -7.610872994969e-01, 9.601653770456e-06, 9.7466e-01, 4.5321e-03, 
 2DIAGNOSTIC,    71, -7.613486904974e-01, 6.361728439402e-06, 9.7875e-01, 4.0929e-03, 
 2DIAGNOSTIC,    72, -7.616352853128e-01, 7.225128159555e-06, 9.8333e-01, 4.5848e-03, 
 2DIAGNOSTIC,    73, -7.620725651382e-01, 1.054335646637e-05, 9.8899e-01, 5.6610e-03, 
 2DIAGNOSTIC,    74, -7.620765767578e-01, 1.426344474193e-05, 9.9306e-01, 4.0619e-03, 
 2DIAGNOSTIC,    75, -7.620928265523e-01, 1.702069589341e-05, 9.9714e-01, 4.0870e-03, 
 2DIAGNOSTIC,    76, -7.620968816306e-01, 1.852860692844e-05, 1.0018e+00, 4.6740e-03, 
 2DIAGNOSTIC,    77, -7.620974199373e-01, 1.727803136342e-05, 1.0078e+00, 5.9330e-03, 
 2DIAGNOSTIC,    78, -7.620974429505e-01, 1.462780583196e-05, 1.0123e+00, 4.5359e-03, 
 2DIAGNOSTIC,    79, -7.620974498780e-01, 1.083473493523e-05, 1.0169e+00, 4.6332e-03, 
 2DIAGNOSTIC,    80, -7.620974541277e-01, 6.477059499362e-06, 1.0214e+00, 4.5290e-03, 
 2DIAGNOSTIC,    81, -7.620974576385e-01, 2.958912704819e-06, 1.0261e+00, 4.6232e-03, 
DIAGNOSTIC,Iteration,metricValue,convergenceValue,ITERATION_TIME_INDEX,SINCE_LAST
 2DIAGNOSTIC,     1, -6.047530972826e-01, 1.797693134862e+308, 1.7996e+00, 7.7348e-01, 
 2DIAGNOSTIC,     2, -6.056111872517e-01, 1.797693134862e+308, 1.8281e+00, 2.8580e-02, 
 2DIAGNOSTIC,     3, -6.069156346462e-01, 1.797693134862e+308, 1.8580e+00, 2.9882e-02, 
 2DIAGNOSTIC,     4, -6.083938936782e-01, 1.797693134862e+308, 1.8858e+00, 2.7754e-02, 
 2DIAGNOSTIC,     5, -6.095547011139e-01, 1.797693134862e+308, 1.9170e+00, 3.1217e-02, 
 2DIAGNOSTIC,     6, -6.107385815631e-01, 1.797693134862e+308, 1.9456e+00, 2.8651e-02, 
 2DIAGNOSTIC,     7, -6.124496652525e-01, 1.797693134862e+308, 1.9750e+00, 2.9379e-02, 
 2DIAGNOSTIC,     8, -6.200558839865e-01, 1.797693134862e+308, 2.0140e+00, 3.9028e-02, 
 2DIAGNOSTIC,     9, -6.203846194178e-01, 1.797693134862e+308, 2.0422e+00, 2.8120e-02, 
 2DIAGNOSTIC,    10, -6.205734675627e-01, 1.862900572615e-03, 2.0740e+00, 3.1877e-02, 
 2DIAGNOSTIC,    11, -6.207834477093e-01, 1.719382215682e-03, 2.1023e+00, 2.8301e-02, 
 2DIAGNOSTIC,    12, -6.208982626774e-01, 1.481520539493e-03, 2.1389e+00, 3.6577e-02, 
 2DIAGNOSTIC,    13, -6.210003516164e-01, 1.192248214115e-03, 2.1793e+00, 4.0366e-02, 
 2DIAGNOSTIC,    14, -6.209967265058e-01, 8.846800949616e-04, 2.2081e+00, 2.8792e-02, 
 2DIAGNOSTIC,    15, -6.212422966000e-01, 5.846923675464e-04, 2.2365e+00, 2.8424e-02, 
 2DIAGNOSTIC,    16, -6.218102628744e-01, 3.208209173092e-04, 2.2787e+00, 4.2209e-02, 
 2DIAGNOSTIC,    17, -6.218174063769e-01, 9.943789648531e-05, 2.3108e+00, 3.2101e-02, 
 2DIAGNOSTIC,    18, -6.218410915813e-01, 8.953661735330e-05, 2.3497e+00, 3.8866e-02, 
 2DIAGNOSTIC,    19, -6.218473061178e-01, 8.084266808257e-05, 2.3780e+00, 2.8332e-02, 
 2DIAGNOSTIC,    20, -6.217980533535e-01, 6.868267733907e-05, 2.4090e+00, 3.0989e-02, 
 2DIAGNOSTIC,    21, -6.217913718542e-01, 5.566699547560e-05, 2.4405e+00, 3.1540e-02, 
 2DIAGNOSTIC,    22, -6.217516487933e-01, 4.032857494785e-05, 2.4726e+00, 3.2029e-02, 
 2DIAGNOSTIC,    23, -6.217550406187e-01, 2.505191166557e-05, 2.5009e+00, 2.8335e-02, 
 2DIAGNOSTIC,    24, -6.217491527182e-01, 8.642716232646e-06, 2.5337e+00, 3.2782e-02, 
DIAGNOSTIC,Iteration,metricValue,convergenceValue,ITERATION_TIME_INDEX,SINCE_LAST
 2DIAGNOSTIC,     1, -5.352064000662e-01, 1.797693134862e+308, 3.7699e+00, 1.2362e+00, 
 2DIAGNOSTIC,     2, -5.354590081584e-01, 1.797693134862e+308, 3.9903e+00, 2.2048e-01, 
 2DIAGNOSTIC,     3, -5.355556428703e-01, 1.797693134862e+308, 4.1941e+00, 2.0381e-01, 
 2DIAGNOSTIC,     4, -5.356138787748e-01, 1.797693134862e+308, 4.4048e+00, 2.1069e-01, 
 2DIAGNOSTIC,     5, -5.356956789336e-01, 1.797693134862e+308, 4.6177e+00, 2.1285e-01, 
 2DIAGNOSTIC,     6, -5.357872961793e-01, 1.797693134862e+308, 4.8930e+00, 2.7535e-01, 
 2DIAGNOSTIC,     7, -5.358097644457e-01, 1.797693134862e+308, 5.2322e+00, 3.3917e-01, 
 2DIAGNOSTIC,     8, -5.358378429071e-01, 1.797693134862e+308, 5.5633e+00, 3.3108e-01, 
 2DIAGNOSTIC,     9, -5.358449792932e-01, 1.797693134862e+308, 5.8205e+00, 2.5726e-01, 
 2DIAGNOSTIC,    10, -5.358524248452e-01, 7.151552448428e-05, 6.0784e+00, 2.5788e-01, 
 2DIAGNOSTIC,    11, -5.358543989472e-01, 4.567436066232e-05, 6.3349e+00, 2.5652e-01, 
 2DIAGNOSTIC,    12, -5.358544608876e-01, 3.141391767122e-05, 6.5932e+00, 2.5829e-01, 
 2DIAGNOSTIC,    13, -5.358549479432e-01, 2.072966208157e-05, 6.8896e+00, 2.9642e-01, 
 2DIAGNOSTIC,    14, -5.358511058653e-01, 1.193078425188e-05, 7.1769e+00, 2.8726e-01, 
 2DIAGNOSTIC,    15, -5.358523794934e-01, 6.293076072611e-06, 7.4664e+00, 2.8955e-01, 
 2DIAGNOSTIC,    16, -5.358515084192e-01, 3.975696928837e-06, 7.7516e+00, 2.8518e-01, 
 2DIAGNOSTIC,    17, -5.358473447402e-01, 2.299608793492e-06, 7.9907e+00, 2.3904e-01, 
 2DIAGNOSTIC,    18, -5.358465503048e-01, 1.575905070245e-06, 8.2545e+00, 2.6384e-01, 
 2DIAGNOSTIC,    19, -5.358491617679e-01, 1.213505111106e-06, 8.4949e+00, 2.4039e-01, 
 2DIAGNOSTIC,    20, -5.358476269815e-01, 1.081563389571e-06, 8.7653e+00, 2.7037e-01, 
 2DIAGNOSTIC,    21, -5.358505651284e-01, 1.134451809576e-06, 8.9938e+00, 2.2855e-01, 
 2DIAGNOSTIC,    22, -5.358527003475e-01, 1.270485109235e-06, 9.2402e+00, 2.4637e-01, 
 2DIAGNOSTIC,    23, -5.358538469875e-01, 1.450641607947e-06, 9.4959e+00, 2.5567e-01, 
 2DIAGNOSTIC,    24, -5.358512296994e-01, 1.464280385270e-06, 9.7440e+00, 2.4815e-01, 
 2DIAGNOSTIC,    25, -5.358507933487e-01, 1.483487596987e-06, 1.0001e+01, 2.5656e-01, 
 2DIAGNOSTIC,    26, -5.358516971663e-01, 1.484092727995e-06, 1.0304e+01, 3.0324e-01, 
 2DIAGNOSTIC,    27, -5.358512709977e-01, 1.368060160462e-06, 1.0563e+01, 2.5913e-01, 
 2DIAGNOSTIC,    28, -5.358501809850e-01, 1.205827344197e-06, 1.0861e+01, 2.9776e-01, 
 2DIAGNOSTIC,    29, -5.358522930338e-01, 1.138202206541e-06, 1.1104e+01, 2.4294e-01, 
 2DIAGNOSTIC,    30, -5.358528352708e-01, 1.051759028904e-06, 1.1345e+01, 2.4177e-01, 
 2DIAGNOSTIC,    31, -5.358573755630e-01, 1.097797452117e-06, 1.1626e+01, 2.8019e-01, 
 2DIAGNOSTIC,    32, -5.358628587849e-01, 1.257931965690e-06, 1.1894e+01, 2.6887e-01, 
 2DIAGNOSTIC,    33, -5.358646728806e-01, 1.430985593798e-06, 1.2206e+01, 3.1127e-01, 
 2DIAGNOSTIC,    34, -5.358623081467e-01, 1.472913374403e-06, 1.2452e+01, 2.4653e-01, 
 2DIAGNOSTIC,    35, -5.358627889569e-01, 1.463524077202e-06, 1.2727e+01, 2.7469e-01, 
 2DIAGNOSTIC,    36, -5.358709463451e-01, 1.534269499379e-06, 1.3012e+01, 2.8529e-01, 
 2DIAGNOSTIC,    37, -5.358783538331e-01, 1.634814274176e-06, 1.3258e+01, 2.4545e-01, 
 2DIAGNOSTIC,    38, -5.358859842807e-01, 1.745761358488e-06, 1.3564e+01, 3.0592e-01, 
 2DIAGNOSTIC,    39, -5.358940815311e-01, 1.905505500454e-06, 1.3870e+01, 3.0632e-01, 
 2DIAGNOSTIC,    40, -5.358929587018e-01, 1.944528257303e-06, 1.4753e+01, 8.8302e-01, 
 2DIAGNOSTIC,    41, -5.358929587007e-01, 1.929593867633e-06, 1.5468e+01, 7.1457e-01, 
 2DIAGNOSTIC,    42, -5.358929587007e-01, 1.872713943894e-06, 1.5826e+01, 3.5851e-01, 
 2DIAGNOSTIC,    43, -5.358929587007e-01, 1.734325387238e-06, 1.6121e+01, 2.9543e-01, 
 2DIAGNOSTIC,    44, -5.358929587007e-01, 1.479194392563e-06, 1.6471e+01, 3.4933e-01, 
 2DIAGNOSTIC,    45, -5.358929587007e-01, 1.168379668296e-06, 1.6767e+01, 2.9627e-01, 
DIAGNOSTIC,Iteration,metricValue,convergenceValue,ITERATION_TIME_INDEX,SINCE_LAST
 2DIAGNOSTIC,     1, -4.895675596916e-01, 1.797693134862e+308, 2.0031e+01, 3.2635e+00, 
 2DIAGNOSTIC,     2, -4.895689930598e-01, 1.797693134862e+308, 2.1919e+01, 1.8885e+00, 
 2DIAGNOSTIC,     3, -4.895681188692e-01, 1.797693134862e+308, 2.4637e+01, 2.7176e+00, 
 2DIAGNOSTIC,     4, -4.895681311113e-01, 1.797693134862e+308, 2.6350e+01, 1.7133e+00, 
 2DIAGNOSTIC,     5, -4.895680977766e-01, 1.797693134862e+308, 2.8092e+01, 1.7416e+00, 
 2DIAGNOSTIC,     6, -4.895679189524e-01, 1.797693134862e+308, 2.9807e+01, 1.7156e+00, 
 2DIAGNOSTIC,     7, -4.895677628775e-01, 1.797693134862e+308, 3.1517e+01, 1.7096e+00, 
 2DIAGNOSTIC,     8, -4.895673734199e-01, 1.797693134862e+308, 3.3268e+01, 1.7517e+00, 
 2DIAGNOSTIC,     9, -4.895671321628e-01, 1.797693134862e+308, 3.5765e+01, 2.4970e+00, 
 2DIAGNOSTIC,    10, -4.895672854672e-01, 3.028620214104e-06, 3.7994e+01, 2.2283e+00, 
 2DIAGNOSTIC,    11, -4.895670899794e-01, 2.696725916657e-06, 3.9738e+01, 1.7446e+00, 
 2DIAGNOSTIC,    12, -4.895671893611e-01, 2.513384084246e-06, 4.1255e+01, 1.5169e+00, 
 2DIAGNOSTIC,    13, -4.895671230838e-01, 2.328736199458e-06, 4.3210e+01, 1.9545e+00, 
 2DIAGNOSTIC,    14, -4.895671890287e-01, 2.184488782614e-06, 4.4839e+01, 1.6294e+00, 
 2DIAGNOSTIC,    15, -4.895668826851e-01, 2.054132417509e-06, 4.6569e+01, 1.7301e+00, 
 2DIAGNOSTIC,    16, -4.895668270919e-01, 1.937907669516e-06, 4.8282e+01, 1.7124e+00, 
 2DIAGNOSTIC,    17, -4.895667971027e-01, 1.833933845764e-06, 4.9796e+01, 1.5145e+00, 
 2DIAGNOSTIC,    18, -4.895669420759e-01, 1.737108167123e-06, 5.1543e+01, 1.7470e+00, 
 2DIAGNOSTIC,    19, -4.895668533938e-01, 1.642870357060e-06, 5.4259e+01, 2.7156e+00, 
 2DIAGNOSTIC,    20, -4.895667619636e-01, 1.563189252866e-06, 5.6589e+01, 2.3299e+00, 
 2DIAGNOSTIC,    21, -4.895665589045e-01, 1.482720940311e-06, 5.8376e+01, 1.7875e+00, 
 2DIAGNOSTIC,    22, -4.895666089408e-01, 1.416531553340e-06, 6.0298e+01, 1.9221e+00, 
 2DIAGNOSTIC,    23, -4.895664202710e-01, 1.352061338299e-06, 6.2128e+01, 1.8297e+00, 
 2DIAGNOSTIC,    24, -4.895662314903e-01, 1.293177153042e-06, 6.3825e+01, 1.6972e+00, 
 2DIAGNOSTIC,    25, -4.895661890029e-01, 1.234166654589e-06, 6.5426e+01, 1.6011e+00, 
 2DIAGNOSTIC,    26, -4.895661963726e-01, 1.182227685873e-06, 6.7258e+01, 1.8317e+00, 
 2DIAGNOSTIC,    27, -4.895662876979e-01, 1.139125588294e-06, 6.8867e+01, 1.6096e+00, 
 2DIAGNOSTIC,    28, -4.895664415138e-01, 1.108948528263e-06, 7.0391e+01, 1.5237e+00, 
 2DIAGNOSTIC,    29, -4.895667000905e-01, 1.086851862647e-06, 7.1967e+01, 1.5762e+00, 
 2DIAGNOSTIC,    30, -4.895667844460e-01, 1.067054171133e-06, 7.3885e+01, 1.9178e+00, 
 2DIAGNOSTIC,    31, -4.895667212760e-01, 1.042838795116e-06, 7.5638e+01, 1.7531e+00, 
 2DIAGNOSTIC,    32, -4.895668041509e-01, 1.021097340272e-06, 7.7369e+01, 1.7311e+00, 
  Elapsed time (stage 0): 7.8315e+01


Total elapsed time: 7.8318e+01
Info [verificarlo]: loaded backend libinterflop_vprec.so
Info [interflop-vprec]: load backend with: 
Info [interflop-vprec]: precision-binary32 = 13
Info [interflop-vprec]: range-binary32 = 8
Info [interflop-vprec]: precision-binary64 = 13
Info [interflop-vprec]: range-binary64 = 8
Info [interflop-vprec]: mode = ob
Info [interflop-vprec]: error-mode = rel
Info [interflop-vprec]: max-abs-error-exponent = -1022
Info [interflop-vprec]: daz = false
Info [interflop-vprec]: ftz = false
Info [interflop-vprec]: 	instrument = none
Info [interflop-vprec]: 	prec-input-file = (null)
Info [interflop-vprec]: 	prec-output-file = (null)
Info [interflop-vprec]: 	prec-log-file = (null)
All_Command_lines_OK
Using double precision for computations.
=============================================================================
The composite transform comprises the following transforms (in order): 
  1. /home/mdugre/scratch/mri-registration-rp/datasets/ds004513/derivatives/mri-registration-rp/0011/antsRegistration-r8-p13/sub-s025/rigid_Composite.h5[0] (type = Euler3DTransform)
  2. /home/mdugre/scratch/mri-registration-rp/datasets/ds004513/derivatives/mri-registration-rp/0011/antsRegistration-r8-p13/sub-s025/rigid_Composite.h5[1] (type = Euler3DTransform)
  3. /home/mdugre/scratch/mri-registration-rp/datasets/ds004513/derivatives/mri-registration-rp/0011/antsRegistration-r8-p13/sub-s025/rigid_Composite.h5[2] (type = Euler3DTransform)
=============================================================================
  number of levels = 4
  fixed image: /templateflow/tpl-MNI152NLin2009cAsym/tpl-MNI152NLin2009cAsym_res-01_desc-brain_T1w.nii.gz
  moving image: /home/mdugre/scratch/mri-registration-rp/datasets/ds004513/derivatives/mri-registration-rp/antsBrainExtraction/sub-s025/BrainExtractionBrain.nii.gz
Dimension = 3
Number of stages = 1
Use histogram matching = false
Winsorize image intensities = true
  Lower quantile = 0.005
  Upper quantile = 0.995


Stage 1 State
   Image metric = MattesMI
     Fixed image = Image (0x3d89490)
  RTTI typeinfo:   itk::Image<double, 3u>
  Reference Count: 2
  Modified Time: 1592
  Debug: Off
  Object Name: 
  Observers: 
    none
  Source: (none)
  Source output name: (none)
  Release Data: Off
  Data Released: False
  Global Release Data: Off
  PipelineMTime: 0
  UpdateMTime: 1203
  RealTimeStamp: 0 seconds 
  LargestPossibleRegion: 
    Dimension: 3
    Index: [0, 0, 0]
    Size: [193, 229, 193]
  BufferedRegion: 
    Dimension: 3
    Index: [0, 0, 0]
    Size: [193, 229, 193]
  RequestedRegion: 
    Dimension: 3
    Index: [0, 0, 0]
    Size: [193, 229, 193]
  Spacing: [1, 1, 1]
  Origin: [96, 132, -78]
  Direction: 
-1 0 0
0 -1 0
0 0 1

  IndexToPointMatrix: 
-1 0 0
0 -1 0
0 0 1

  PointToIndexMatrix: 
-1 0 0
0 -1 0
0 0 1

  Inverse Direction: 
-1 0 0
0 -1 0
0 0 1

  PixelContainer: 
    ImportImageContainer (0x3e548c0)
      RTTI typeinfo:   itk::ImportImageContainer<unsigned long, double>
      Reference Count: 1
      Modified Time: 1200
      Debug: Off
      Object Name: 
      Observers: 
        none
      Pointer: 0x14d8cb1ff010
      Container manages memory: true
      Size: 8530021
      Capacity: 8530021

     Moving image = Image (0x3e44b60)
  RTTI typeinfo:   itk::Image<double, 3u>
  Reference Count: 2
  Modified Time: 1593
  Debug: Off
  Object Name: 
  Observers: 
    none
  Source: (none)
  Source output name: (none)
  Release Data: Off
  Data Released: False
  Global Release Data: Off
  PipelineMTime: 0
  UpdateMTime: 1590
  RealTimeStamp: 0 seconds 
  LargestPossibleRegion: 
    Dimension: 3
    Index: [0, 0, 0]
    Size: [176, 240, 256]
  BufferedRegion: 
    Dimension: 3
    Index: [0, 0, 0]
    Size: [176, 240, 256]
  RequestedRegion: 
    Dimension: 3
    Index: [0, 0, 0]
    Size: [176, 240, 256]
  Spacing: [1, 1, 1]
  Origin: [90.375, 84.5078, -154.078]
  Direction: 
-0.99939 7.48178e-06 -0.0348969
-7.47666e-06 -1 -2.79542e-07
-0.0348969 -1.84482e-08 0.99939

  IndexToPointMatrix: 
-0.99939 7.48178e-06 -0.0348969
-7.47666e-06 -1 -2.79542e-07
-0.0348969 -1.84482e-08 0.99939

  PointToIndexMatrix: 
-0.99939 -7.47666e-06 -0.0348969
7.48178e-06 -1 -1.84518e-08
-0.0348969 -2.79542e-07 0.99939

  Inverse Direction: 
-0.99939 -7.47666e-06 -0.0348969
7.48178e-06 -1 -1.84518e-08
-0.0348969 -2.79542e-07 0.99939

  PixelContainer: 
    ImportImageContainer (0x3dbcbd0)
      RTTI typeinfo:   itk::ImportImageContainer<unsigned long, double>
      Reference Count: 1
      Modified Time: 1587
      Debug: Off
      Object Name: 
      Observers: 
        none
      Pointer: 0x14d8c5f7e010
      Container manages memory: true
      Size: 10813440
      Capacity: 10813440

     Weighting = 1
     Sampling strategy = regular
     Number of bins = 32
     Radius = 4
     Sampling percentage  = 0.25
   Transform = Affine
     Gradient step = 0.1
     Update field sigma (voxel space) = 0
     Total field sigma (voxel space) = 0
     Update field time sigma = 0
     Total field time sigma  = 0
     Number of time indices = 0
     Number of time point samples = 0
Registration using 1 total stages.

Stage 0
  iterations = 1000x500x250x100
  convergence threshold = 1e-06
  convergence window size = 10
  number of levels = 4
  using the Mattes MI metric (number of bins = 32, weight = 1, use gradient filter = 0)
  preprocessing:  winsorizing the image intensities
  Shrink factors (level 1 out of 4): [8, 8, 8]
  Shrink factors (level 2 out of 4): [4, 4, 4]
  Shrink factors (level 3 out of 4): [2, 2, 2]
  Shrink factors (level 4 out of 4): [1, 1, 1]
  smoothing sigmas per level: [3, 2, 1, 0]
  regular sampling (percentage = 0.25)

*** Running AffineTransform registration ***

DIAGNOSTIC,Iteration,metricValue,convergenceValue,ITERATION_TIME_INDEX,SINCE_LAST
 2DIAGNOSTIC,     1, -7.478166083044e-01, 1.797693134862e+308, 0.0000e+00, 0.0000e+00, 
 2DIAGNOSTIC,     2, -7.496406704954e-01, 1.797693134862e+308, 0.0000e+00, 0.0000e+00, 
 2DIAGNOSTIC,     3, -7.528138713128e-01, 1.797693134862e+308, 0.0000e+00, 0.0000e+00, 
 2DIAGNOSTIC,     4, -7.596151953374e-01, 1.797693134862e+308, 0.0000e+00, 0.0000e+00, 
 2DIAGNOSTIC,     5, -7.708917589545e-01, 1.797693134862e+308, 0.0000e+00, 0.0000e+00, 
 2DIAGNOSTIC,     6, -7.908406583197e-01, 1.797693134862e+308, 0.0000e+00, 0.0000e+00, 
 2DIAGNOSTIC,     7, -8.181877610352e-01, 1.797693134862e+308, 0.0000e+00, 0.0000e+00, 
 2DIAGNOSTIC,     8, -8.917011963373e-01, 1.797693134862e+308, 0.0000e+00, 0.0000e+00, 
 2DIAGNOSTIC,     9, -9.201924313123e-01, 1.797693134862e+308, 0.0000e+00, 0.0000e+00, 
 2DIAGNOSTIC,    10, -9.238716982622e-01, 1.585569410604e-02, 0.0000e+00, 0.0000e+00, 
 2DIAGNOSTIC,    11, -9.305769703985e-01, 1.582154337690e-02, 0.0000e+00, 0.0000e+00, 
 2DIAGNOSTIC,    12, -9.342705051306e-01, 1.453316448028e-02, 0.0000e+00, 0.0000e+00, 
 2DIAGNOSTIC,    13, -9.358737174019e-01, 1.225813044764e-02, 0.0000e+00, 0.0000e+00, 
 2DIAGNOSTIC,    14, -9.360961217729e-01, 9.398830503570e-03, 0.0000e+00, 0.0000e+00, 
 2DIAGNOSTIC,    15, -9.364527976941e-01, 6.382667507218e-03, 0.0000e+00, 0.0000e+00, 
 2DIAGNOSTIC,    16, -9.364291202215e-01, 3.617750751062e-03, 0.0000e+00, 0.0000e+00, 
 2DIAGNOSTIC,    17, -9.364074107013e-01, 1.369402983665e-03, 0.0000e+00, 0.0000e+00, 
 2DIAGNOSTIC,    18, -9.364168953546e-01, 5.911995662284e-04, 0.0000e+00, 0.0000e+00, 
 2DIAGNOSTIC,    19, -9.364919732632e-01, 3.378659761753e-04, 0.0000e+00, 0.0000e+00, 
 2DIAGNOSTIC,    20, -9.362923081188e-01, 1.350490729394e-04, 0.0000e+00, 0.0000e+00, 
 2DIAGNOSTIC,    21, -9.363280362610e-01, 4.334321595553e-05, 0.0000e+00, 0.0000e+00, 
 2DIAGNOSTIC,    22, -9.363609967085e-01, 1.080742089236e-05, 0.0000e+00, 0.0000e+00, 
 2DIAGNOSTIC,    23, -9.364353493337e-01, 3.846855314543e-06, 0.0000e+00, 0.0000e+00, 
DIAGNOSTIC,Iteration,metricValue,convergenceValue,ITERATION_TIME_INDEX,SINCE_LAST
 2DIAGNOSTIC,     1, -7.517319646269e-01, 1.797693134862e+308, 0.0000e+00, 0.0000e+00, 
 2DIAGNOSTIC,     2, -7.520418397149e-01, 1.797693134862e+308, 0.0000e+00, 0.0000e+00, 
 2DIAGNOSTIC,     3, -7.524033757076e-01, 1.797693134862e+308, 0.0000e+00, 0.0000e+00, 
 2DIAGNOSTIC,     4, -7.529172631436e-01, 1.797693134862e+308, 0.0000e+00, 0.0000e+00, 
 2DIAGNOSTIC,     5, -7.531746218828e-01, 1.797693134862e+308, 0.0000e+00, 0.0000e+00, 
 2DIAGNOSTIC,     6, -7.537365815094e-01, 1.797693134862e+308, 0.0000e+00, 0.0000e+00, 
 2DIAGNOSTIC,     7, -7.539780775430e-01, 1.797693134862e+308, 0.0000e+00, 0.0000e+00, 
 2DIAGNOSTIC,     8, -7.539476904829e-01, 1.797693134862e+308, 0.0000e+00, 0.0000e+00, 
 2DIAGNOSTIC,     9, -7.541571740317e-01, 1.797693134862e+308, 0.0000e+00, 0.0000e+00, 
 2DIAGNOSTIC,    10, -7.541113137017e-01, 2.264909629896e-04, 0.0000e+00, 0.0000e+00, 
 2DIAGNOSTIC,    11, -7.541043617460e-01, 1.690526901989e-04, 0.0000e+00, 0.0000e+00, 
 2DIAGNOSTIC,    12, -7.540985863660e-01, 1.158230870599e-04, 0.0000e+00, 0.0000e+00, 
 2DIAGNOSTIC,    13, -7.540931003615e-01, 7.083122812719e-05, 0.0000e+00, 0.0000e+00, 
 2DIAGNOSTIC,    14, -7.540891550602e-01, 3.985159936770e-05, 0.0000e+00, 0.0000e+00, 
 2DIAGNOSTIC,    15, -7.540775593203e-01, 1.545516668720e-05, 0.0000e+00, 0.0000e+00, 
 2DIAGNOSTIC,    16, -7.540799899643e-01, 6.155613579154e-06, 0.0000e+00, 0.0000e+00, 
 2DIAGNOSTIC,    17, -7.540806531471e-01, 3.035649202864e-06, 0.0000e+00, 0.0000e+00, 
DIAGNOSTIC,Iteration,metricValue,convergenceValue,ITERATION_TIME_INDEX,SINCE_LAST
 2DIAGNOSTIC,     1, -6.420034935328e-01, 1.797693134862e+308, 0.0000e+00, 0.0000e+00, 
 2DIAGNOSTIC,     2, -6.423600790872e-01, 1.797693134862e+308, 0.0000e+00, 0.0000e+00, 
 2DIAGNOSTIC,     3, -6.428131950550e-01, 1.797693134862e+308, 0.0000e+00, 0.0000e+00, 
 2DIAGNOSTIC,     4, -6.434071533214e-01, 1.797693134862e+308, 0.0000e+00, 0.0000e+00, 
 2DIAGNOSTIC,     5, -6.439445930854e-01, 1.797693134862e+308, 0.0000e+00, 0.0000e+00, 
 2DIAGNOSTIC,     6, -6.444091979323e-01, 1.797693134862e+308, 0.0000e+00, 0.0000e+00, 
 2DIAGNOSTIC,     7, -6.448535262001e-01, 1.797693134862e+308, 0.0000e+00, 0.0000e+00, 
 2DIAGNOSTIC,     8, -6.448730946982e-01, 1.797693134862e+308, 0.0000e+00, 0.0000e+00, 
 2DIAGNOSTIC,     9, -6.448383185444e-01, 1.797693134862e+308, 0.0000e+00, 0.0000e+00, 
 2DIAGNOSTIC,    10, -6.447991838453e-01, 3.199028874358e-04, 0.0000e+00, 0.0000e+00, 
 2DIAGNOSTIC,    11, -6.448073742956e-01, 2.320000584209e-04, 0.0000e+00, 0.0000e+00, 
 2DIAGNOSTIC,    12, -6.447766093329e-01, 1.499856232657e-04, 0.0000e+00, 0.0000e+00, 
 2DIAGNOSTIC,    13, -6.447880994214e-01, 8.297157486624e-05, 0.0000e+00, 0.0000e+00, 
 2DIAGNOSTIC,    14, -6.448141522667e-01, 3.774038993973e-05, 0.0000e+00, 0.0000e+00, 
 2DIAGNOSTIC,    15, -6.447995392989e-01, 1.049738745451e-05, 0.0000e+00, 0.0000e+00, 
DIAGNOSTIC,Iteration,metricValue,convergenceValue,ITERATION_TIME_INDEX,SINCE_LAST
 2DIAGNOSTIC,     1, -5.760874778833e-01, 1.797693134862e+308, 0.0000e+00, 0.0000e+00, 
 2DIAGNOSTIC,     2, -5.765538353060e-01, 1.797693134862e+308, 0.0000e+00, 0.0000e+00, 
 2DIAGNOSTIC,     3, -5.772235378216e-01, 1.797693134862e+308, 0.0000e+00, 0.0000e+00, 
 2DIAGNOSTIC,     4, -5.779953142609e-01, 1.797693134862e+308, 0.0000e+00, 0.0000e+00, 
 2DIAGNOSTIC,     5, -5.786669072209e-01, 1.797693134862e+308, 0.0000e+00, 0.0000e+00, 
 2DIAGNOSTIC,     6, -5.789096882734e-01, 1.797693134862e+308, 0.0000e+00, 0.0000e+00, 
 2DIAGNOSTIC,     7, -5.791341094381e-01, 1.797693134862e+308, 0.0000e+00, 0.0000e+00, 
 2DIAGNOSTIC,     8, -5.791450921982e-01, 1.797693134862e+308, 0.0000e+00, 0.0000e+00, 
 2DIAGNOSTIC,     9, -5.791462899419e-01, 1.797693134862e+308, 0.0000e+00, 0.0000e+00, 
 2DIAGNOSTIC,    10, -5.791461476680e-01, 3.599702174703e-04, 0.0000e+00, 0.0000e+00, 
 2DIAGNOSTIC,    11, -5.791452835348e-01, 2.420923039686e-04, 0.0000e+00, 0.0000e+00, 
 2DIAGNOSTIC,    12, -5.791452835348e-01, 1.414486268086e-04, 0.0000e+00, 0.0000e+00, 
 2DIAGNOSTIC,    13, -5.791452835348e-01, 6.872163024110e-05, 0.0000e+00, 0.0000e+00, 
 2DIAGNOSTIC,    14, -5.791452835348e-01, 2.706370972080e-05, 0.0000e+00, 0.0000e+00, 
 2DIAGNOSTIC,    15, -5.791452431737e-01, 1.060955182532e-05, 0.0000e+00, 0.0000e+00, 
 2DIAGNOSTIC,    16, -5.791452431737e-01, 2.740567779547e-06, 0.0000e+00, 0.0000e+00, 
 2DIAGNOSTIC,    17, -5.791452431737e-01, 2.245353493122e-06, 0.0000e+00, 0.0000e+00, 
 2DIAGNOSTIC,    18, -5.791452431737e-01, 2.107252430036e-06, 0.0000e+00, 0.0000e+00, 
