
##########################
# Experiment information #
##########################

EXPERIMENT_NAME: antsRegistration-r7-p9
VFC_BACKENDS: libinterflop_vprec.so --range-binary32=7 --precision-binary32=9 --range-binary64=7 --precision-binary64=9

SIF_IMG: /home/mdugre/projects/rrg-glatard/mdugre/containers/ants-vprec-no_metrics.simg

SUBJECT_ID: s033
INPUT_IMG: /home/mdugre/scratch/mri-registration-rp/datasets/ds004513/derivatives/mri-registration-rp/antsBrainExtraction/sub-s033/BrainExtractionBrain.nii.gz
OUTPUT_DIR: /home/mdugre/scratch/mri-registration-rp/datasets/ds004513/derivatives/mri-registration-rp/0011/antsRegistration-r7-p9/sub-s033

FIXED_IMG: /templateflow/tpl-MNI152NLin2009cAsym/tpl-MNI152NLin2009cAsym_res-01_desc-brain_T1w.nii.gz
DATA_DIR: /home/mdugre/scratch/mri-registration-rp/datasets/ds004513
TEMPLATEFLOW_DIR: /home/mdugre/projects/rrg-glatard/mdugre/templateflow
ITK_GLOBAL_DEFAULT_NUMBER_OF_THREADS: 16
##########################

Info [verificarlo]: loaded backend libinterflop_ieee.so
Info [interflop-ieee]: load backend with:
Info [interflop-ieee]: debug = false
Info [interflop-ieee]: debug-binary = false
Info [interflop-ieee]: no-backend-name = false
Info [interflop-ieee]: print-new-line = false
Info [interflop-ieee]: print-subnormal-normalized = false
Info [interflop-ieee]: count-op = false
All_Command_lines_OK
Using double precision for computations.
=============================================================================
The composite transform comprises the following transforms (in order): 
  1. Center of mass alignment using fixed image: /templateflow/tpl-MNI152NLin2009cAsym/tpl-MNI152NLin2009cAsym_res-01_desc-brain_T1w.nii.gz and moving image: /home/mdugre/scratch/mri-registration-rp/datasets/ds004513/derivatives/mri-registration-rp/antsBrainExtraction/sub-s033/BrainExtractionBrain.nii.gz (type = Euler3DTransform)
=============================================================================
  number of levels = 1
  fixed image: /templateflow/tpl-MNI152NLin2009cAsym/tpl-MNI152NLin2009cAsym_res-01_desc-brain_T1w.nii.gz
  moving image: /home/mdugre/scratch/mri-registration-rp/datasets/ds004513/derivatives/mri-registration-rp/antsBrainExtraction/sub-s033/BrainExtractionBrain.nii.gz
Dimension = 3
Number of stages = 1
Use histogram matching = false
Winsorize image intensities = true
  Lower quantile = 0.005
  Upper quantile = 0.995


Stage 1 State
   Image metric = MattesMI
     Fixed image = Image (0x46babd0)
  RTTI typeinfo:   itk::Image<double, 3u>
  Reference Count: 2
  Modified Time: 2330
  Debug: Off
  Object Name: 
  Observers: 
    none
  Source: (none)
  Source output name: (none)
  Release Data: Off
  Data Released: False
  Global Release Data: Off
  PipelineMTime: 0
  UpdateMTime: 1941
  RealTimeStamp: 0 seconds 
  LargestPossibleRegion: 
    Dimension: 3
    Index: [0, 0, 0]
    Size: [193, 229, 193]
  BufferedRegion: 
    Dimension: 3
    Index: [0, 0, 0]
    Size: [193, 229, 193]
  RequestedRegion: 
    Dimension: 3
    Index: [0, 0, 0]
    Size: [193, 229, 193]
  Spacing: [1, 1, 1]
  Origin: [96, 132, -78]
  Direction: 
-1 0 0
0 -1 0
0 0 1

  IndexToPointMatrix: 
-1 0 0
0 -1 0
0 0 1

  PointToIndexMatrix: 
-1 0 0
0 -1 0
0 0 1

  Inverse Direction: 
-1 0 0
0 -1 0
0 0 1

  PixelContainer: 
    ImportImageContainer (0x46c39e0)
      RTTI typeinfo:   itk::ImportImageContainer<unsigned long, double>
      Reference Count: 1
      Modified Time: 1938
      Debug: Off
      Object Name: 
      Observers: 
        none
      Pointer: 0x14ee2b1bb010
      Container manages memory: true
      Size: 8530021
      Capacity: 8530021

     Moving image = Image (0x46c4910)
  RTTI typeinfo:   itk::Image<double, 3u>
  Reference Count: 2
  Modified Time: 2331
  Debug: Off
  Object Name: 
  Observers: 
    none
  Source: (none)
  Source output name: (none)
  Release Data: Off
  Data Released: False
  Global Release Data: Off
  PipelineMTime: 0
  UpdateMTime: 2328
  RealTimeStamp: 0 seconds 
  LargestPossibleRegion: 
    Dimension: 3
    Index: [0, 0, 0]
    Size: [160, 240, 256]
  BufferedRegion: 
    Dimension: 3
    Index: [0, 0, 0]
    Size: [160, 240, 256]
  RequestedRegion: 
    Dimension: 3
    Index: [0, 0, 0]
    Size: [160, 240, 256]
  Spacing: [1, 1, 1]
  Origin: [91.5134, 94.282, -109.927]
  Direction: 
-0.99591 -0.0698718 -0.0572835
0.0697565 -0.997556 0.00401236
-0.0574239 5.01125e-08 0.99835

  IndexToPointMatrix: 
-0.99591 -0.0698718 -0.0572835
0.0697565 -0.997556 0.00401236
-0.0574239 5.01125e-08 0.99835

  PointToIndexMatrix: 
-0.99591 0.0697565 -0.0574239
-0.0698718 -0.997556 5.01483e-08
-0.0572835 0.00401236 0.99835

  Inverse Direction: 
-0.99591 0.0697565 -0.0574239
-0.0698718 -0.997556 5.01483e-08
-0.0572835 0.00401236 0.99835

  PixelContainer: 
    ImportImageContainer (0x47aaa50)
      RTTI typeinfo:   itk::ImportImageContainer<unsigned long, double>
      Reference Count: 1
      Modified Time: 2325
      Debug: Off
      Object Name: 
      Observers: 
        none
      Pointer: 0x14ee266ba010
      Container manages memory: true
      Size: 9830400
      Capacity: 9830400

     Weighting = 1
     Sampling strategy = regular
     Number of bins = 32
     Radius = 4
     Sampling percentage  = 0.25
   Transform = Rigid
     Gradient step = 0.1
     Update field sigma (voxel space) = 0
     Total field sigma (voxel space) = 0
     Update field time sigma = 0
     Total field time sigma  = 0
     Number of time indices = 0
     Number of time point samples = 0
Registration using 1 total stages.

Stage 0
  iterations = 0
  convergence threshold = 1e-06
  convergence window size = 10
  number of levels = 1
  using the Mattes MI metric (number of bins = 32, weight = 1, use gradient filter = 0)
  preprocessing:  winsorizing the image intensities
  Shrink factors (level 1 out of 1): [1, 1, 1]
  smoothing sigmas per level: [0]
  regular sampling (percentage = 0.25)

*** Running Euler3DTransform registration ***

  Elapsed time (stage 0): 1.10412


Total elapsed time: 1.10624
Info [verificarlo]: loaded backend libinterflop_ieee.so
Info [interflop-ieee]: load backend with:
Info [interflop-ieee]: debug = false
Info [interflop-ieee]: debug-binary = false
Info [interflop-ieee]: no-backend-name = false
Info [interflop-ieee]: print-new-line = false
Info [interflop-ieee]: print-subnormal-normalized = false
Info [interflop-ieee]: count-op = false
All_Command_lines_OK
Using double precision for computations.
=============================================================================
The composite transform comprises the following transforms (in order): 
  1. /home/mdugre/scratch/mri-registration-rp/datasets/ds004513/derivatives/mri-registration-rp/0011/antsRegistration-r7-p9/sub-s033/align_Composite.h5[0] (type = Euler3DTransform)
  2. /home/mdugre/scratch/mri-registration-rp/datasets/ds004513/derivatives/mri-registration-rp/0011/antsRegistration-r7-p9/sub-s033/align_Composite.h5[1] (type = Euler3DTransform)
=============================================================================
  number of levels = 4
  fixed image: /templateflow/tpl-MNI152NLin2009cAsym/tpl-MNI152NLin2009cAsym_res-01_desc-brain_T1w.nii.gz
  moving image: /home/mdugre/scratch/mri-registration-rp/datasets/ds004513/derivatives/mri-registration-rp/antsBrainExtraction/sub-s033/BrainExtractionBrain.nii.gz
Dimension = 3
Number of stages = 1
Use histogram matching = false
Winsorize image intensities = true
  Lower quantile = 0.005
  Upper quantile = 0.995


Stage 1 State
   Image metric = MattesMI
     Fixed image = Image (0x36c9530)
  RTTI typeinfo:   itk::Image<double, 3u>
  Reference Count: 2
  Modified Time: 1578
  Debug: Off
  Object Name: 
  Observers: 
    none
  Source: (none)
  Source output name: (none)
  Release Data: Off
  Data Released: False
  Global Release Data: Off
  PipelineMTime: 0
  UpdateMTime: 1189
  RealTimeStamp: 0 seconds 
  LargestPossibleRegion: 
    Dimension: 3
    Index: [0, 0, 0]
    Size: [193, 229, 193]
  BufferedRegion: 
    Dimension: 3
    Index: [0, 0, 0]
    Size: [193, 229, 193]
  RequestedRegion: 
    Dimension: 3
    Index: [0, 0, 0]
    Size: [193, 229, 193]
  Spacing: [1, 1, 1]
  Origin: [96, 132, -78]
  Direction: 
-1 0 0
0 -1 0
0 0 1

  IndexToPointMatrix: 
-1 0 0
0 -1 0
0 0 1

  PointToIndexMatrix: 
-1 0 0
0 -1 0
0 0 1

  Inverse Direction: 
-1 0 0
0 -1 0
0 0 1

  PixelContainer: 
    ImportImageContainer (0x3787d60)
      RTTI typeinfo:   itk::ImportImageContainer<unsigned long, double>
      Reference Count: 1
      Modified Time: 1186
      Debug: Off
      Object Name: 
      Observers: 
        none
      Pointer: 0x14f7d714d010
      Container manages memory: true
      Size: 8530021
      Capacity: 8530021

     Moving image = Image (0x3779f60)
  RTTI typeinfo:   itk::Image<double, 3u>
  Reference Count: 2
  Modified Time: 1579
  Debug: Off
  Object Name: 
  Observers: 
    none
  Source: (none)
  Source output name: (none)
  Release Data: Off
  Data Released: False
  Global Release Data: Off
  PipelineMTime: 0
  UpdateMTime: 1576
  RealTimeStamp: 0 seconds 
  LargestPossibleRegion: 
    Dimension: 3
    Index: [0, 0, 0]
    Size: [160, 240, 256]
  BufferedRegion: 
    Dimension: 3
    Index: [0, 0, 0]
    Size: [160, 240, 256]
  RequestedRegion: 
    Dimension: 3
    Index: [0, 0, 0]
    Size: [160, 240, 256]
  Spacing: [1, 1, 1]
  Origin: [91.5134, 94.282, -109.927]
  Direction: 
-0.99591 -0.0698718 -0.0572835
0.0697565 -0.997556 0.00401236
-0.0574239 5.01125e-08 0.99835

  IndexToPointMatrix: 
-0.99591 -0.0698718 -0.0572835
0.0697565 -0.997556 0.00401236
-0.0574239 5.01125e-08 0.99835

  PointToIndexMatrix: 
-0.99591 0.0697565 -0.0574239
-0.0698718 -0.997556 5.01483e-08
-0.0572835 0.00401236 0.99835

  Inverse Direction: 
-0.99591 0.0697565 -0.0574239
-0.0698718 -0.997556 5.01483e-08
-0.0572835 0.00401236 0.99835

  PixelContainer: 
    ImportImageContainer (0x376b6d0)
      RTTI typeinfo:   itk::ImportImageContainer<unsigned long, double>
      Reference Count: 1
      Modified Time: 1573
      Debug: Off
      Object Name: 
      Observers: 
        none
      Pointer: 0x14f7d264c010
      Container manages memory: true
      Size: 9830400
      Capacity: 9830400

     Weighting = 1
     Sampling strategy = regular
     Number of bins = 32
     Radius = 4
     Sampling percentage  = 0.25
   Transform = Rigid
     Gradient step = 0.1
     Update field sigma (voxel space) = 0
     Total field sigma (voxel space) = 0
     Update field time sigma = 0
     Total field time sigma  = 0
     Number of time indices = 0
     Number of time point samples = 0
Registration using 1 total stages.

Stage 0
  iterations = 1000x500x250x100
  convergence threshold = 1e-06
  convergence window size = 10
  number of levels = 4
  using the Mattes MI metric (number of bins = 32, weight = 1, use gradient filter = 0)
  preprocessing:  winsorizing the image intensities
  Shrink factors (level 1 out of 4): [8, 8, 8]
  Shrink factors (level 2 out of 4): [4, 4, 4]
  Shrink factors (level 3 out of 4): [2, 2, 2]
  Shrink factors (level 4 out of 4): [1, 1, 1]
  smoothing sigmas per level: [3, 2, 1, 0]
  regular sampling (percentage = 0.25)

*** Running Euler3DTransform registration ***

DIAGNOSTIC,Iteration,metricValue,convergenceValue,ITERATION_TIME_INDEX,SINCE_LAST
 2DIAGNOSTIC,     1, -4.945365495269e-01, 1.797693134862e+308, 7.3009e-01, 7.3009e-01, 
 2DIAGNOSTIC,     2, -4.961551199262e-01, 1.797693134862e+308, 7.3520e-01, 5.1060e-03, 
 2DIAGNOSTIC,     3, -4.991207097076e-01, 1.797693134862e+308, 7.4043e-01, 5.2350e-03, 
 2DIAGNOSTIC,     4, -5.030359852117e-01, 1.797693134862e+308, 7.4533e-01, 4.8990e-03, 
 2DIAGNOSTIC,     5, -5.059125054655e-01, 1.797693134862e+308, 7.5091e-01, 5.5771e-03, 
 2DIAGNOSTIC,     6, -5.092815596254e-01, 1.797693134862e+308, 7.5560e-01, 4.6899e-03, 
 2DIAGNOSTIC,     7, -5.205915484568e-01, 1.797693134862e+308, 7.6086e-01, 5.2638e-03, 
 2DIAGNOSTIC,     8, -5.236677933913e-01, 1.797693134862e+308, 7.6552e-01, 4.6580e-03, 
 2DIAGNOSTIC,     9, -5.261653611514e-01, 1.797693134862e+308, 7.7028e-01, 4.7600e-03, 
 2DIAGNOSTIC,    10, -5.313843279548e-01, 4.956236851461e-03, 7.7542e-01, 5.1360e-03, 
 2DIAGNOSTIC,    11, -5.461121550605e-01, 5.255951709878e-03, 7.8166e-01, 6.2451e-03, 
 2DIAGNOSTIC,    12, -5.563506773259e-01, 5.544499219498e-03, 7.8659e-01, 4.9281e-03, 
 2DIAGNOSTIC,    13, -6.011783753092e-01, 7.240286203983e-03, 7.9278e-01, 6.1879e-03, 
 2DIAGNOSTIC,    14, -6.166052825032e-01, 8.701253899222e-03, 7.9766e-01, 4.8790e-03, 
 2DIAGNOSTIC,    15, -6.211428291634e-01, 9.416357351009e-03, 8.0275e-01, 5.0941e-03, 
 2DIAGNOSTIC,    16, -6.235432151341e-01, 9.368281934665e-03, 8.0863e-01, 5.8751e-03, 
 2DIAGNOSTIC,    17, -6.347577460842e-01, 9.145335025461e-03, 8.1542e-01, 6.7961e-03, 
 2DIAGNOSTIC,    18, -6.413138476420e-01, 8.359392949713e-03, 8.2105e-01, 5.6260e-03, 
 2DIAGNOSTIC,    19, -6.420802711236e-01, 6.980623451638e-03, 8.2672e-01, 5.6710e-03, 
 2DIAGNOSTIC,    20, -6.425493367576e-01, 5.272872574132e-03, 8.3126e-01, 4.5381e-03, 
 2DIAGNOSTIC,    21, -6.431795003483e-01, 3.641466658209e-03, 8.3653e-01, 5.2662e-03, 
 2DIAGNOSTIC,    22, -6.434078409303e-01, 2.049113977063e-03, 8.4125e-01, 4.7200e-03, 
 2DIAGNOSTIC,    23, -6.435083888766e-01, 1.381096886392e-03, 8.4638e-01, 5.1310e-03, 
 2DIAGNOSTIC,    24, -6.436807753492e-01, 9.688116229665e-04, 8.5218e-01, 5.8081e-03, 
 2DIAGNOSTIC,    25, -6.439989380432e-01, 6.014653387516e-04, 8.5868e-01, 6.4971e-03, 
 2DIAGNOSTIC,    26, -6.448361523401e-01, 2.655196205071e-04, 8.6325e-01, 4.5719e-03, 
 2DIAGNOSTIC,    27, -6.460796038213e-01, 1.536865162463e-04, 8.6837e-01, 5.1148e-03, 
 2DIAGNOSTIC,    28, -6.463976197750e-01, 1.550353275077e-04, 8.7281e-01, 4.4429e-03, 
 2DIAGNOSTIC,    29, -6.463935459045e-01, 1.547432178319e-04, 8.7727e-01, 4.4630e-03, 
 2DIAGNOSTIC,    30, -6.464392298715e-01, 1.482978645656e-04, 8.8216e-01, 4.8869e-03, 
 2DIAGNOSTIC,    31, -6.463723508882e-01, 1.368671770428e-04, 8.8663e-01, 4.4668e-03, 
 2DIAGNOSTIC,    32, -6.464254415424e-01, 1.173266036653e-04, 8.9211e-01, 5.4870e-03, 
 2DIAGNOSTIC,    33, -6.464354984660e-01, 8.969332510327e-05, 9.0602e-01, 1.3910e-02, 
 2DIAGNOSTIC,    34, -6.464354984330e-01, 5.811491552728e-05, 9.2042e-01, 1.4393e-02, 
 2DIAGNOSTIC,    35, -6.464354984330e-01, 2.735369567355e-05, 9.2545e-01, 5.0280e-03, 
 2DIAGNOSTIC,    36, -6.464354984330e-01, 6.561970544931e-06, 9.3112e-01, 5.6751e-03, 
 2DIAGNOSTIC,    37, -6.464354984330e-01, 2.244496555379e-06, 9.3610e-01, 4.9751e-03, 
 2DIAGNOSTIC,    38, -6.464354984330e-01, 1.990753542257e-06, 9.4207e-01, 5.9781e-03, 
 2DIAGNOSTIC,    39, -6.464354984330e-01, 1.582335954885e-06, 9.4709e-01, 5.0151e-03, 
 2DIAGNOSTIC,    40, -6.464354984330e-01, 1.698173657576e-06, 9.5210e-01, 5.0070e-03, 
DIAGNOSTIC,Iteration,metricValue,convergenceValue,ITERATION_TIME_INDEX,SINCE_LAST
 2DIAGNOSTIC,     1, -5.367244449601e-01, 1.797693134862e+308, 1.6438e+00, 6.9173e-01, 
 2DIAGNOSTIC,     2, -5.380313832954e-01, 1.797693134862e+308, 1.6720e+00, 2.8213e-02, 
 2DIAGNOSTIC,     3, -5.401731908422e-01, 1.797693134862e+308, 1.7010e+00, 2.8986e-02, 
 2DIAGNOSTIC,     4, -5.431881342509e-01, 1.797693134862e+308, 1.7299e+00, 2.8925e-02, 
 2DIAGNOSTIC,     5, -5.453557595111e-01, 1.797693134862e+308, 1.7594e+00, 2.9459e-02, 
 2DIAGNOSTIC,     6, -5.461088564574e-01, 1.797693134862e+308, 1.7868e+00, 2.7381e-02, 
 2DIAGNOSTIC,     7, -5.462086680283e-01, 1.797693134862e+308, 1.8189e+00, 3.2136e-02, 
 2DIAGNOSTIC,     8, -5.464869266773e-01, 1.797693134862e+308, 1.8547e+00, 3.5802e-02, 
 2DIAGNOSTIC,     9, -5.465850813214e-01, 1.797693134862e+308, 1.8942e+00, 3.9508e-02, 
 2DIAGNOSTIC,    10, -5.466464836542e-01, 1.224741226914e-03, 1.9222e+00, 2.8013e-02, 
 2DIAGNOSTIC,    11, -5.470487705730e-01, 8.391099741524e-04, 1.9510e+00, 2.8724e-02, 
 2DIAGNOSTIC,    12, -5.471758935879e-01, 5.053701549469e-04, 1.9845e+00, 3.3538e-02, 
 2DIAGNOSTIC,    13, -5.471428458672e-01, 2.604988651628e-04, 2.0142e+00, 2.9699e-02, 
 2DIAGNOSTIC,    14, -5.471835675232e-01, 1.395636977931e-04, 2.0457e+00, 3.1470e-02, 
 2DIAGNOSTIC,    15, -5.472405832119e-01, 9.903714881040e-05, 2.0768e+00, 3.1113e-02, 
 2DIAGNOSTIC,    16, -5.472598771251e-01, 7.966183032992e-05, 2.1098e+00, 3.3001e-02, 
 2DIAGNOSTIC,    17, -5.472729367357e-01, 5.862743908150e-05, 2.1389e+00, 2.9072e-02, 
 2DIAGNOSTIC,    18, -5.473059248794e-01, 4.386276671050e-05, 2.1701e+00, 3.1254e-02, 
 2DIAGNOSTIC,    19, -5.473435927906e-01, 3.059173659137e-05, 2.1993e+00, 2.9217e-02, 
 2DIAGNOSTIC,    20, -5.474644648129e-01, 2.039757559111e-05, 2.2288e+00, 2.9513e-02, 
 2DIAGNOSTIC,    21, -5.476672302137e-01, 2.427778171178e-05, 2.2569e+00, 2.8065e-02, 
 2DIAGNOSTIC,    22, -5.482405836687e-01, 4.222046526909e-05, 2.2991e+00, 4.2187e-02, 
 2DIAGNOSTIC,    23, -5.482883003853e-01, 5.482201882637e-05, 2.3325e+00, 3.3448e-02, 
 2DIAGNOSTIC,    24, -5.483174313326e-01, 6.301592966325e-05, 2.3658e+00, 3.3223e-02, 
 2DIAGNOSTIC,    25, -5.482954929630e-01, 6.562157730865e-05, 2.4006e+00, 3.4790e-02, 
 2DIAGNOSTIC,    26, -5.482908934599e-01, 6.219653256214e-05, 2.4332e+00, 3.2645e-02, 
 2DIAGNOSTIC,    27, -5.482929903041e-01, 5.340706252065e-05, 2.4619e+00, 2.8661e-02, 
 2DIAGNOSTIC,    28, -5.482861411628e-01, 4.081102688991e-05, 2.4943e+00, 3.2450e-02, 
 2DIAGNOSTIC,    29, -5.482735820131e-01, 2.593280720183e-05, 2.5257e+00, 3.1380e-02, 
 2DIAGNOSTIC,    30, -5.483198829777e-01, 1.264380129107e-05, 2.5671e+00, 4.1373e-02, 
 2DIAGNOSTIC,    31, -5.482930783907e-01, 1.789248001115e-06, 2.5989e+00, 3.1834e-02, 
DIAGNOSTIC,Iteration,metricValue,convergenceValue,ITERATION_TIME_INDEX,SINCE_LAST
 2DIAGNOSTIC,     1, -4.662378238509e-01, 1.797693134862e+308, 3.6804e+00, 1.0815e+00, 
 2DIAGNOSTIC,     2, -4.664224841222e-01, 1.797693134862e+308, 3.9101e+00, 2.2968e-01, 
 2DIAGNOSTIC,     3, -4.665513774273e-01, 1.797693134862e+308, 4.1545e+00, 2.4443e-01, 
 2DIAGNOSTIC,     4, -4.666538097219e-01, 1.797693134862e+308, 4.4052e+00, 2.5068e-01, 
 2DIAGNOSTIC,     5, -4.667429513725e-01, 1.797693134862e+308, 4.6463e+00, 2.4106e-01, 
 2DIAGNOSTIC,     6, -4.668835221196e-01, 1.797693134862e+308, 4.8649e+00, 2.1861e-01, 
 2DIAGNOSTIC,     7, -4.673059666021e-01, 1.797693134862e+308, 5.1340e+00, 2.6914e-01, 
 2DIAGNOSTIC,     8, -4.674348699191e-01, 1.797693134862e+308, 5.5218e+00, 3.8775e-01, 
 2DIAGNOSTIC,     9, -4.674483334507e-01, 1.797693134862e+308, 5.7716e+00, 2.4985e-01, 
 2DIAGNOSTIC,    10, -4.674386221373e-01, 1.885294621716e-04, 6.0738e+00, 3.0223e-01, 
 2DIAGNOSTIC,    11, -4.674401619150e-01, 1.546900203862e-04, 6.4331e+00, 3.5930e-01, 
 2DIAGNOSTIC,    12, -4.674394009357e-01, 1.217521138199e-04, 6.7323e+00, 2.9914e-01, 
 2DIAGNOSTIC,    13, -4.674385290570e-01, 8.896214526896e-05, 6.9917e+00, 2.5937e-01, 
 2DIAGNOSTIC,    14, -4.674376463319e-01, 5.765117119172e-05, 7.2698e+00, 2.7817e-01, 
 2DIAGNOSTIC,    15, -4.674367343023e-01, 2.917463794795e-05, 7.5053e+00, 2.3542e-01, 
 2DIAGNOSTIC,    16, -4.674358521035e-01, 6.698860086682e-06, 7.7634e+00, 2.5818e-01, 
 2DIAGNOSTIC,    17, -4.674359021498e-01, 1.424534422256e-06, 7.9797e+00, 2.1630e-01, 
 2DIAGNOSTIC,    18, -4.674350260467e-01, 1.088926688556e-06, 8.2359e+00, 2.5616e-01, 
 2DIAGNOSTIC,    19, -4.674341664518e-01, 1.265368349462e-06, 8.4866e+00, 2.5068e-01, 
 2DIAGNOSTIC,    20, -4.674333530920e-01, 1.141165107604e-06, 8.7282e+00, 2.4158e-01, 
 2DIAGNOSTIC,    21, -4.674316775005e-01, 1.067200428390e-06, 9.0057e+00, 2.7758e-01, 
 2DIAGNOSTIC,    22, -4.674309236016e-01, 1.000749508477e-06, 9.2322e+00, 2.2645e-01, 
 2DIAGNOSTIC,    23, -4.674332131178e-01, 1.019443623386e-06, 9.4500e+00, 2.1785e-01, 
 2DIAGNOSTIC,    24, -4.674357189057e-01, 1.110220263570e-06, 9.7208e+00, 2.7073e-01, 
 2DIAGNOSTIC,    25, -4.674371980379e-01, 1.227269902732e-06, 9.9786e+00, 2.5783e-01, 
 2DIAGNOSTIC,    26, -4.674369435596e-01, 1.313796622618e-06, 1.0289e+01, 3.1088e-01, 
 2DIAGNOSTIC,    27, -4.674391840397e-01, 1.438805079489e-06, 1.0554e+01, 2.6500e-01, 
 2DIAGNOSTIC,    28, -4.674365066287e-01, 1.450960888535e-06, 1.0776e+01, 2.2178e-01, 
 2DIAGNOSTIC,    29, -4.674368371384e-01, 1.422193661581e-06, 1.1040e+01, 2.6387e-01, 
 2DIAGNOSTIC,    30, -4.674361694399e-01, 1.335364241607e-06, 1.1336e+01, 2.9635e-01, 
 2DIAGNOSTIC,    31, -4.674354638894e-01, 1.182596968345e-06, 1.1616e+01, 2.7965e-01, 
 2DIAGNOSTIC,    32, -4.674357527028e-01, 1.015358810481e-06, 1.1838e+01, 2.2161e-01, 
DIAGNOSTIC,Iteration,metricValue,convergenceValue,ITERATION_TIME_INDEX,SINCE_LAST
 2DIAGNOSTIC,     1, -4.256749840868e-01, 1.797693134862e+308, 1.4286e+01, 2.4485e+00, 
 2DIAGNOSTIC,     2, -4.257695101122e-01, 1.797693134862e+308, 1.5628e+01, 1.3422e+00, 
 2DIAGNOSTIC,     3, -4.258606722942e-01, 1.797693134862e+308, 1.6992e+01, 1.3638e+00, 
 2DIAGNOSTIC,     4, -4.260323491913e-01, 1.797693134862e+308, 1.8365e+01, 1.3726e+00, 
 2DIAGNOSTIC,     5, -4.260524059092e-01, 1.797693134862e+308, 2.0910e+01, 2.5455e+00, 
 2DIAGNOSTIC,     6, -4.260611211508e-01, 1.797693134862e+308, 2.2729e+01, 1.8186e+00, 
 2DIAGNOSTIC,     7, -4.260595769932e-01, 1.797693134862e+308, 2.4223e+01, 1.4943e+00, 
 2DIAGNOSTIC,     8, -4.260583995741e-01, 1.797693134862e+308, 2.5892e+01, 1.6690e+00, 
 2DIAGNOSTIC,     9, -4.260583338619e-01, 1.797693134862e+308, 2.7595e+01, 1.7023e+00, 
 2DIAGNOSTIC,    10, -4.260579771932e-01, 5.577742242061e-05, 2.9429e+01, 1.8342e+00, 
 2DIAGNOSTIC,    11, -4.260579614186e-01, 3.210281079478e-05, 3.0945e+01, 1.5160e+00, 
 2DIAGNOSTIC,    12, -4.260578205550e-01, 1.499080380599e-05, 3.2324e+01, 1.3798e+00, 
 2DIAGNOSTIC,    13, -4.260578238953e-01, 3.844685876109e-06, 3.3898e+01, 1.5735e+00, 
 2DIAGNOSTIC,    14, -4.260576871017e-01, 2.315560353433e-06, 3.5242e+01, 1.3443e+00, 
 2DIAGNOSTIC,    15, -4.260576982242e-01, 1.866537161263e-06, 3.6791e+01, 1.5490e+00, 
 2DIAGNOSTIC,    16, -4.260576687654e-01, 1.860373500501e-06, 3.8270e+01, 1.4786e+00, 
 2DIAGNOSTIC,    17, -4.260576382140e-01, 1.806032915108e-06, 3.9631e+01, 1.3611e+00, 
 2DIAGNOSTIC,    18, -4.260576606140e-01, 1.720923801088e-06, 4.1151e+01, 1.5202e+00, 
 2DIAGNOSTIC,    19, -4.260576719691e-01, 1.647473457815e-06, 4.2646e+01, 1.4951e+00, 
 2DIAGNOSTIC,    20, -4.260577044418e-01, 1.573012322058e-06, 4.4125e+01, 1.4785e+00, 
 2DIAGNOSTIC,    21, -4.260576324658e-01, 1.504563371967e-06, 4.5885e+01, 1.7604e+00, 
 2DIAGNOSTIC,    22, -4.260573087236e-01, 1.429264129368e-06, 4.7598e+01, 1.7126e+00, 
 2DIAGNOSTIC,    23, -4.260572609905e-01, 1.361149108134e-06, 4.9187e+01, 1.5892e+00, 
 2DIAGNOSTIC,    24, -4.260571939337e-01, 1.294961539541e-06, 5.0568e+01, 1.3814e+00, 
 2DIAGNOSTIC,    25, -4.260570484269e-01, 1.233262772390e-06, 5.1900e+01, 1.3316e+00, 
 2DIAGNOSTIC,    26, -4.260572478675e-01, 1.184521823600e-06, 5.3389e+01, 1.4889e+00, 
 2DIAGNOSTIC,    27, -4.260573112500e-01, 1.143814817736e-06, 5.4773e+01, 1.3837e+00, 
 2DIAGNOSTIC,    28, -4.260573163278e-01, 1.109902312349e-06, 5.6284e+01, 1.5117e+00, 
 2DIAGNOSTIC,    29, -4.260575268132e-01, 1.085879813102e-06, 5.7752e+01, 1.4675e+00, 
 2DIAGNOSTIC,    30, -4.260575527922e-01, 1.065683295817e-06, 5.9495e+01, 1.7436e+00, 
 2DIAGNOSTIC,    31, -4.260575081458e-01, 1.043919013601e-06, 6.1187e+01, 1.6917e+00, 
 2DIAGNOSTIC,    32, -4.260574629980e-01, 1.014173867928e-06, 6.2818e+01, 1.6306e+00, 
  Elapsed time (stage 0): 6.3674e+01


Total elapsed time: 6.3676e+01
Info [verificarlo]: loaded backend libinterflop_vprec.so
Info [interflop-vprec]: load backend with: 
Info [interflop-vprec]: precision-binary32 = 9
Info [interflop-vprec]: range-binary32 = 7
Info [interflop-vprec]: precision-binary64 = 9
Info [interflop-vprec]: range-binary64 = 7
Info [interflop-vprec]: mode = ob
Info [interflop-vprec]: error-mode = rel
Info [interflop-vprec]: max-abs-error-exponent = -1022
Info [interflop-vprec]: daz = false
Info [interflop-vprec]: ftz = false
Info [interflop-vprec]: 	instrument = none
Info [interflop-vprec]: 	prec-input-file = (null)
Info [interflop-vprec]: 	prec-output-file = (null)
Info [interflop-vprec]: 	prec-log-file = (null)
All_Command_lines_OK
Using double precision for computations.
=============================================================================
The composite transform comprises the following transforms (in order): 
  1. /home/mdugre/scratch/mri-registration-rp/datasets/ds004513/derivatives/mri-registration-rp/0011/antsRegistration-r7-p9/sub-s033/rigid_Composite.h5[0] (type = Euler3DTransform)
  2. /home/mdugre/scratch/mri-registration-rp/datasets/ds004513/derivatives/mri-registration-rp/0011/antsRegistration-r7-p9/sub-s033/rigid_Composite.h5[1] (type = Euler3DTransform)
  3. /home/mdugre/scratch/mri-registration-rp/datasets/ds004513/derivatives/mri-registration-rp/0011/antsRegistration-r7-p9/sub-s033/rigid_Composite.h5[2] (type = Euler3DTransform)
=============================================================================
  number of levels = 4
  fixed image: /templateflow/tpl-MNI152NLin2009cAsym/tpl-MNI152NLin2009cAsym_res-01_desc-brain_T1w.nii.gz
  moving image: /home/mdugre/scratch/mri-registration-rp/datasets/ds004513/derivatives/mri-registration-rp/antsBrainExtraction/sub-s033/BrainExtractionBrain.nii.gz
Dimension = 3
Number of stages = 1
Use histogram matching = false
Winsorize image intensities = true
  Lower quantile = 0.005
  Upper quantile = 0.995


Stage 1 State
   Image metric = MattesMI
     Fixed image = Image (0x50dd1e0)
  RTTI typeinfo:   itk::Image<double, 3u>
  Reference Count: 2
  Modified Time: 1592
  Debug: Off
  Object Name: 
  Observers: 
    none
  Source: (none)
  Source output name: (none)
  Release Data: Off
  Data Released: False
  Global Release Data: Off
  PipelineMTime: 0
  UpdateMTime: 1203
  RealTimeStamp: 0 seconds 
  LargestPossibleRegion: 
    Dimension: 3
    Index: [0, 0, 0]
    Size: [193, 229, 193]
  BufferedRegion: 
    Dimension: 3
    Index: [0, 0, 0]
    Size: [193, 229, 193]
  RequestedRegion: 
    Dimension: 3
    Index: [0, 0, 0]
    Size: [193, 229, 193]
  Spacing: [1, 1, 1]
  Origin: [96, 132, -78]
  Direction: 
-1 0 0
0 -1 0
0 0 1

  IndexToPointMatrix: 
-1 0 0
0 -1 0
0 0 1

  PointToIndexMatrix: 
-1 0 0
0 -1 0
0 0 1

  Inverse Direction: 
-1 0 0
0 -1 0
0 0 1

  PixelContainer: 
    ImportImageContainer (0x51aa890)
      RTTI typeinfo:   itk::ImportImageContainer<unsigned long, double>
      Reference Count: 1
      Modified Time: 1200
      Debug: Off
      Object Name: 
      Observers: 
        none
      Pointer: 0x15225dc68010
      Container manages memory: true
      Size: 8530021
      Capacity: 8530021

     Moving image = Image (0x51a9e40)
  RTTI typeinfo:   itk::Image<double, 3u>
  Reference Count: 2
  Modified Time: 1593
  Debug: Off
  Object Name: 
  Observers: 
    none
  Source: (none)
  Source output name: (none)
  Release Data: Off
  Data Released: False
  Global Release Data: Off
  PipelineMTime: 0
  UpdateMTime: 1590
  RealTimeStamp: 0 seconds 
  LargestPossibleRegion: 
    Dimension: 3
    Index: [0, 0, 0]
    Size: [160, 240, 256]
  BufferedRegion: 
    Dimension: 3
    Index: [0, 0, 0]
    Size: [160, 240, 256]
  RequestedRegion: 
    Dimension: 3
    Index: [0, 0, 0]
    Size: [160, 240, 256]
  Spacing: [1, 1, 1]
  Origin: [91.5, 94.25, -109.875]
  Direction: 
-0.996094 -0.0698242 -0.057312
0.0698242 -0.998047 0.00401306
-0.0574341 0 0.998047

  IndexToPointMatrix: 
-0.996094 -0.0698242 -0.057312
0.0698242 -0.998047 0.00401306
-0.0574341 0 0.998047

  PointToIndexMatrix: 
-0.996094 0.0698242 -0.0574341
-0.0699463 -0.99707 -3.8147e-06
-0.057312 0.00401306 0.998047

  Inverse Direction: 
-0.996094 0.0698242 -0.0574341
-0.0699463 -0.99707 -3.8147e-06
-0.057312 0.00401306 0.998047

  PixelContainer: 
    ImportImageContainer (0x524aa50)
      RTTI typeinfo:   itk::ImportImageContainer<unsigned long, double>
      Reference Count: 1
      Modified Time: 1587
      Debug: Off
      Object Name: 
      Observers: 
        none
      Pointer: 0x152259167010
      Container manages memory: true
      Size: 9830400
      Capacity: 9830400

     Weighting = 1
     Sampling strategy = regular
     Number of bins = 32
     Radius = 4
     Sampling percentage  = 0.25
   Transform = Affine
     Gradient step = 0.1
     Update field sigma (voxel space) = 0
     Total field sigma (voxel space) = 0
     Update field time sigma = 0
     Total field time sigma  = 0
     Number of time indices = 0
     Number of time point samples = 0
Registration using 1 total stages.

Stage 0
  iterations = 1000x500x250x100
  convergence threshold = 1e-06
  convergence window size = 10
  number of levels = 4
  using the Mattes MI metric (number of bins = 32, weight = 1, use gradient filter = 0)
  preprocessing:  winsorizing the image intensities
  Shrink factors (level 1 out of 4): [8, 8, 8]
  Shrink factors (level 2 out of 4): [4, 4, 4]
  Shrink factors (level 3 out of 4): [2, 2, 2]
  Shrink factors (level 4 out of 4): [1, 1, 1]
  smoothing sigmas per level: [3, 2, 1, 0]
  regular sampling (percentage = 0.25)

*** Running AffineTransform registration ***

DIAGNOSTIC,Iteration,metricValue,convergenceValue,ITERATION_TIME_INDEX,SINCE_LAST
 2DIAGNOSTIC,     1, -6.312624643857e-01, 1.797693134862e+308, 0.0000e+00, 0.0000e+00, 
 2DIAGNOSTIC,     2, -6.345429893940e-01, 1.797693134862e+308, 0.0000e+00, 0.0000e+00, 
 2DIAGNOSTIC,     3, -6.374435904746e-01, 1.797693134862e+308, 0.0000e+00, 0.0000e+00, 
 2DIAGNOSTIC,     4, -6.419481382593e-01, 1.797693134862e+308, 0.0000e+00, 0.0000e+00, 
 2DIAGNOSTIC,     5, -6.512120490347e-01, 1.797693134862e+308, 0.0000e+00, 0.0000e+00, 
 2DIAGNOSTIC,     6, -6.641888370364e-01, 1.797693134862e+308, 0.0000e+00, 0.0000e+00, 
 2DIAGNOSTIC,     7, -6.871334282646e-01, 1.797693134862e+308, 0.0000e+00, 0.0000e+00, 
 2DIAGNOSTIC,     8, -7.274951871478e-01, 1.797693134862e+308, 0.0000e+00, 0.0000e+00, 
 2DIAGNOSTIC,     9, -7.961037251282e-01, 1.797693134862e+308, 0.0000e+00, 0.0000e+00, 
 2DIAGNOSTIC,    10, -8.620005441465e-01, 1.878848396165e-02, 0.0000e+00, 0.0000e+00, 
 2DIAGNOSTIC,    11, -8.953767985691e-01, 2.195064087232e-02, 0.0000e+00, 0.0000e+00, 
 2DIAGNOSTIC,    12, -8.972093761883e-01, 2.271514320544e-02, 0.0000e+00, 0.0000e+00, 
 2DIAGNOSTIC,    13, -8.972458593769e-01, 2.142703441059e-02, 0.0000e+00, 0.0000e+00, 
 2DIAGNOSTIC,    14, -8.974327160692e-01, 1.854806249975e-02, 0.0000e+00, 0.0000e+00, 
 2DIAGNOSTIC,    15, -8.974593355247e-01, 1.465816647438e-02, 0.0000e+00, 0.0000e+00, 
 2DIAGNOSTIC,    16, -8.974520440836e-01, 1.030851271642e-02, 0.0000e+00, 0.0000e+00, 
 2DIAGNOSTIC,    17, -8.974520440836e-01, 6.116557661983e-03, 0.0000e+00, 0.0000e+00, 
 2DIAGNOSTIC,    18, -8.974540621337e-01, 2.697684381481e-03, 0.0000e+00, 0.0000e+00, 
 2DIAGNOSTIC,    19, -8.974540621325e-01, 7.109901619114e-04, 0.0000e+00, 0.0000e+00, 
 2DIAGNOSTIC,    20, -8.974529163543e-01, 4.367356052712e-05, 0.0000e+00, 0.0000e+00, 
 2DIAGNOSTIC,    21, -8.974426330928e-01, 7.216769132491e-06, 0.0000e+00, 0.0000e+00, 
 2DIAGNOSTIC,    22, -8.974426331374e-01, 3.247274782313e-06, 0.0000e+00, 0.0000e+00, 
DIAGNOSTIC,Iteration,metricValue,convergenceValue,ITERATION_TIME_INDEX,SINCE_LAST
 2DIAGNOSTIC,     1, -7.439123528565e-01, 1.797693134862e+308, 0.0000e+00, 0.0000e+00, 
 2DIAGNOSTIC,     2, -7.444031660954e-01, 1.797693134862e+308, 0.0000e+00, 0.0000e+00, 
 2DIAGNOSTIC,     3, -7.451392372139e-01, 1.797693134862e+308, 0.0000e+00, 0.0000e+00, 
 2DIAGNOSTIC,     4, -7.460264994164e-01, 1.797693134862e+308, 0.0000e+00, 0.0000e+00, 
 2DIAGNOSTIC,     5, -7.461452478058e-01, 1.797693134862e+308, 0.0000e+00, 0.0000e+00, 
 2DIAGNOSTIC,     6, -7.465482355186e-01, 1.797693134862e+308, 0.0000e+00, 0.0000e+00, 
 2DIAGNOSTIC,     7, -7.466518324245e-01, 1.797693134862e+308, 0.0000e+00, 0.0000e+00, 
 2DIAGNOSTIC,     8, -7.465481156353e-01, 1.797693134862e+308, 0.0000e+00, 0.0000e+00, 
 2DIAGNOSTIC,     9, -7.465323138538e-01, 1.797693134862e+308, 0.0000e+00, 0.0000e+00, 
 2DIAGNOSTIC,    10, -7.465334315551e-01, 2.221141507542e-04, 0.0000e+00, 0.0000e+00, 
 2DIAGNOSTIC,    11, -7.465295164033e-01, 1.352555513719e-04, 0.0000e+00, 0.0000e+00, 
 2DIAGNOSTIC,    12, -7.465376524356e-01, 6.622566338185e-05, 0.0000e+00, 0.0000e+00, 
 2DIAGNOSTIC,    13, -7.465135124894e-01, 2.223663484492e-05, 0.0000e+00, 0.0000e+00, 
 2DIAGNOSTIC,    14, -7.465294246672e-01, 7.217961610240e-06, 0.0000e+00, 0.0000e+00, 
DIAGNOSTIC,Iteration,metricValue,convergenceValue,ITERATION_TIME_INDEX,SINCE_LAST
 2DIAGNOSTIC,     1, -6.315176952780e-01, 1.797693134862e+308, 0.0000e+00, 0.0000e+00, 
 2DIAGNOSTIC,     2, -6.315603464055e-01, 1.797693134862e+308, 0.0000e+00, 0.0000e+00, 
 2DIAGNOSTIC,     3, -6.319867336406e-01, 1.797693134862e+308, 0.0000e+00, 0.0000e+00, 
 2DIAGNOSTIC,     4, -6.324342919152e-01, 1.797693134862e+308, 0.0000e+00, 0.0000e+00, 
 2DIAGNOSTIC,     5, -6.326195444814e-01, 1.797693134862e+308, 0.0000e+00, 0.0000e+00, 
 2DIAGNOSTIC,     6, -6.325581368813e-01, 1.797693134862e+308, 0.0000e+00, 0.0000e+00, 
 2DIAGNOSTIC,     7, -6.324662042992e-01, 1.797693134862e+308, 0.0000e+00, 0.0000e+00, 
 2DIAGNOSTIC,     8, -6.324868988887e-01, 1.797693134862e+308, 0.0000e+00, 0.0000e+00, 
 2DIAGNOSTIC,     9, -6.325209818250e-01, 1.797693134862e+308, 0.0000e+00, 0.0000e+00, 
 2DIAGNOSTIC,    10, -6.325807075545e-01, 1.015002469018e-04, 0.0000e+00, 0.0000e+00, 
 2DIAGNOSTIC,    11, -6.326290488431e-01, 6.420802111594e-05, 0.0000e+00, 0.0000e+00, 
 2DIAGNOSTIC,    12, -6.326271865180e-01, 2.882070267662e-05, 0.0000e+00, 0.0000e+00, 
 2DIAGNOSTIC,    13, -6.326251152429e-01, 1.059381106620e-05, 0.0000e+00, 0.0000e+00, 
 2DIAGNOSTIC,    14, -6.326287493217e-01, 8.249806153521e-06, 0.0000e+00, 0.0000e+00, 
 2DIAGNOSTIC,    15, -6.326298461778e-01, 1.103527272436e-05, 0.0000e+00, 0.0000e+00, 
 2DIAGNOSTIC,    16, -6.326296496862e-01, 1.079712611715e-05, 0.0000e+00, 0.0000e+00, 
 2DIAGNOSTIC,    17, -6.326314541400e-01, 7.230094284695e-06, 0.0000e+00, 0.0000e+00, 
 2DIAGNOSTIC,    18, -6.326313339605e-01, 3.918647715602e-06, 0.0000e+00, 0.0000e+00, 
 2DIAGNOSTIC,    19, -6.326301381056e-01, 1.341740159352e-06, 0.0000e+00, 0.0000e+00, 
DIAGNOSTIC,Iteration,metricValue,convergenceValue,ITERATION_TIME_INDEX,SINCE_LAST
 2DIAGNOSTIC,     1, -5.581999269769e-01, 1.797693134862e+308, 0.0000e+00, 0.0000e+00, 
 2DIAGNOSTIC,     2, -5.587430398559e-01, 1.797693134862e+308, 0.0000e+00, 0.0000e+00, 
 2DIAGNOSTIC,     3, -5.592999233089e-01, 1.797693134862e+308, 0.0000e+00, 0.0000e+00, 
 2DIAGNOSTIC,     4, -5.593119457248e-01, 1.797693134862e+308, 0.0000e+00, 0.0000e+00, 
 2DIAGNOSTIC,     5, -5.593179766359e-01, 1.797693134862e+308, 0.0000e+00, 0.0000e+00, 
 2DIAGNOSTIC,     6, -5.593194470361e-01, 1.797693134862e+308, 0.0000e+00, 0.0000e+00, 
 2DIAGNOSTIC,     7, -5.593193658606e-01, 1.797693134862e+308, 0.0000e+00, 0.0000e+00, 
 2DIAGNOSTIC,     8, -5.593195568803e-01, 1.797693134862e+308, 0.0000e+00, 0.0000e+00, 
 2DIAGNOSTIC,     9, -5.593164801836e-01, 1.797693134862e+308, 0.0000e+00, 0.0000e+00, 
 2DIAGNOSTIC,    10, -5.593164033570e-01, 8.310540454641e-05, 0.0000e+00, 0.0000e+00, 
 2DIAGNOSTIC,    11, -5.593163195615e-01, 2.733927756801e-05, 0.0000e+00, 0.0000e+00, 
  Elapsed time (stage 0): 0.0000e+00


Total elapsed time: 0.0000e+00
Info [verificarlo]: loaded backend libinterflop_vprec.so
Info [interflop-vprec]: load backend with: 
Info [interflop-vprec]: precision-binary32 = 9
Info [interflop-vprec]: range-binary32 = 7
Info [interflop-vprec]: precision-binary64 = 9
Info [interflop-vprec]: range-binary64 = 7
Info [interflop-vprec]: mode = ob
Info [interflop-vprec]: error-mode = rel
Info [interflop-vprec]: max-abs-error-exponent = -1022
Info [interflop-vprec]: daz = false
Info [interflop-vprec]: ftz = false
Info [interflop-vprec]: 	instrument = none
Info [interflop-vprec]: 	prec-input-file = (null)
Info [interflop-vprec]: 	prec-output-file = (null)
Info [interflop-vprec]: 	prec-log-file = (null)
All_Command_lines_OK
Using double precision for computations.
=============================================================================
The composite transform comprises the following transforms (in order): 
  1. /home/mdugre/scratch/mri-registration-rp/datasets/ds004513/derivatives/mri-registration-rp/0011/antsRegistration-r7-p9/sub-s033/affine_Composite.h5[0] (type = Euler3DTransform)
  2. /home/mdugre/scratch/mri-registration-rp/datasets/ds004513/derivatives/mri-registration-rp/0011/antsRegistration-r7-p9/sub-s033/affine_Composite.h5[1] (type = Euler3DTransform)
  3. /home/mdugre/scratch/mri-registration-rp/datasets/ds004513/derivatives/mri-registration-rp/0011/antsRegistration-r7-p9/sub-s033/affine_Composite.h5[2] (type = Euler3DTransform)
  4. /home/mdugre/scratch/mri-registration-rp/datasets/ds004513/derivatives/mri-registration-rp/0011/antsRegistration-r7-p9/sub-s033/affine_Composite.h5[3] (type = AffineTransform)
=============================================================================
  number of levels = 4
  fixed image: /templateflow/tpl-MNI152NLin2009cAsym/tpl-MNI152NLin2009cAsym_res-01_desc-brain_T1w.nii.gz
  moving image: /home/mdugre/scratch/mri-registration-rp/datasets/ds004513/derivatives/mri-registration-rp/antsBrainExtraction/sub-s033/BrainExtractionBrain.nii.gz
Dimension = 3
Number of stages = 1
Use histogram matching = false
Winsorize image intensities = true
  Lower quantile = 0.005
  Upper quantile = 0.995


Stage 1 State
   Image metric = CC
     Fixed image = Image (0x445a6f0)
  RTTI typeinfo:   itk::Image<double, 3u>
  Reference Count: 2
  Modified Time: 1606
  Debug: Off
  Object Name: 
  Observers: 
    none
  Source: (none)
  Source output name: (none)
  Release Data: Off
  Data Released: False
  Global Release Data: Off
  PipelineMTime: 0
  UpdateMTime: 1217
  RealTimeStamp: 0 seconds 
  LargestPossibleRegion: 
    Dimension: 3
    Index: [0, 0, 0]
    Size: [193, 229, 193]
  BufferedRegion: 
    Dimension: 3
    Index: [0, 0, 0]
    Size: [193, 229, 193]
  RequestedRegion: 
    Dimension: 3
    Index: [0, 0, 0]
    Size: [193, 229, 193]
  Spacing: [1, 1, 1]
  Origin: [96, 132, -78]
  Direction: 
-1 0 0
0 -1 0
0 0 1

  IndexToPointMatrix: 
-1 0 0
0 -1 0
0 0 1

  PointToIndexMatrix: 
-1 0 0
0 -1 0
0 0 1

  Inverse Direction: 
-1 0 0
0 -1 0
0 0 1

  PixelContainer: 
    ImportImageContainer (0x45288b0)
      RTTI typeinfo:   itk::ImportImageContainer<unsigned long, double>
      Reference Count: 1
      Modified Time: 1214
      Debug: Off
      Object Name: 
      Observers: 
        none
      Pointer: 0x14fe0dfb3010
      Container manages memory: true
      Size: 8530021
      Capacity: 8530021

     Moving image = Image (0x4516240)
  RTTI typeinfo:   itk::Image<double, 3u>
  Reference Count: 2
  Modified Time: 1607
  Debug: Off
  Object Name: 
  Observers: 
    none
  Source: (none)
  Source output name: (none)
  Release Data: Off
  Data Released: False
  Global Release Data: Off
  PipelineMTime: 0
  UpdateMTime: 1604
  RealTimeStamp: 0 seconds 
  LargestPossibleRegion: 
    Dimension: 3
    Index: [0, 0, 0]
    Size: [160, 240, 256]
  BufferedRegion: 
    Dimension: 3
    Index: [0, 0, 0]
    Size: [160, 240, 256]
  RequestedRegion: 
    Dimension: 3
    Index: [0, 0, 0]
    Size: [160, 240, 256]
  Spacing: [1, 1, 1]
  Origin: [91.5, 94.25, -109.875]
  Direction: 
-0.996094 -0.0698242 -0.057312
0.0698242 -0.998047 0.00401306
-0.0574341 0 0.998047

  IndexToPointMatrix: 
-0.996094 -0.0698242 -0.057312
0.0698242 -0.998047 0.00401306
-0.0574341 0 0.998047

  PointToIndexMatrix: 
-0.996094 0.0698242 -0.0574341
-0.0699463 -0.99707 -3.8147e-06
-0.057312 0.00401306 0.998047

  Inverse Direction: 
-0.996094 0.0698242 -0.0574341
-0.0699463 -0.99707 -3.8147e-06
-0.057312 0.00401306 0.998047

  PixelContainer: 
    ImportImageContainer (0x4554690)
      RTTI typeinfo:   itk::ImportImageContainer<unsigned long, double>
      Reference Count: 1
      Modified Time: 1601
      Debug: Off
      Object Name: 
      Observers: 
        none
      Pointer: 0x14fe094b2010
