
##########################
# Experiment information #
##########################

EXPERIMENT_NAME: antsRegistration-r8-p21
VFC_BACKENDS: libinterflop_vprec.so --range-binary32=8 --precision-binary32=21 --range-binary64=8 --precision-binary64=21

SIF_IMG: /home/mdugre/projects/rrg-glatard/mdugre/containers/ants-vprec-no_metrics.simg

SUBJECT_ID: s025
INPUT_IMG: /home/mdugre/scratch/mri-registration-rp/datasets/ds004513/derivatives/mri-registration-rp/antsBrainExtraction/sub-s025/BrainExtractionBrain.nii.gz
OUTPUT_DIR: /home/mdugre/scratch/mri-registration-rp/datasets/ds004513/derivatives/mri-registration-rp/0011/antsRegistration-r8-p21/sub-s025

FIXED_IMG: /templateflow/tpl-MNI152NLin2009cAsym/tpl-MNI152NLin2009cAsym_res-01_desc-brain_T1w.nii.gz
DATA_DIR: /home/mdugre/scratch/mri-registration-rp/datasets/ds004513
TEMPLATEFLOW_DIR: /home/mdugre/projects/rrg-glatard/mdugre/templateflow
ITK_GLOBAL_DEFAULT_NUMBER_OF_THREADS: 16
##########################

Info [verificarlo]: loaded backend libinterflop_ieee.so
Info [interflop-ieee]: load backend with:
Info [interflop-ieee]: debug = false
Info [interflop-ieee]: debug-binary = false
Info [interflop-ieee]: no-backend-name = false
Info [interflop-ieee]: print-new-line = false
Info [interflop-ieee]: print-subnormal-normalized = false
Info [interflop-ieee]: count-op = false
All_Command_lines_OK
Using double precision for computations.
=============================================================================
The composite transform comprises the following transforms (in order): 
  1. Center of mass alignment using fixed image: /templateflow/tpl-MNI152NLin2009cAsym/tpl-MNI152NLin2009cAsym_res-01_desc-brain_T1w.nii.gz and moving image: /home/mdugre/scratch/mri-registration-rp/datasets/ds004513/derivatives/mri-registration-rp/antsBrainExtraction/sub-s025/BrainExtractionBrain.nii.gz (type = Euler3DTransform)
=============================================================================
  number of levels = 1
  fixed image: /templateflow/tpl-MNI152NLin2009cAsym/tpl-MNI152NLin2009cAsym_res-01_desc-brain_T1w.nii.gz
  moving image: /home/mdugre/scratch/mri-registration-rp/datasets/ds004513/derivatives/mri-registration-rp/antsBrainExtraction/sub-s025/BrainExtractionBrain.nii.gz
Dimension = 3
Number of stages = 1
Use histogram matching = false
Winsorize image intensities = true
  Lower quantile = 0.005
  Upper quantile = 0.995


Stage 1 State
   Image metric = MattesMI
     Fixed image = Image (0x3951e70)
  RTTI typeinfo:   itk::Image<double, 3u>
  Reference Count: 2
  Modified Time: 2334
  Debug: Off
  Object Name: 
  Observers: 
    none
  Source: (none)
  Source output name: (none)
  Release Data: Off
  Data Released: False
  Global Release Data: Off
  PipelineMTime: 0
  UpdateMTime: 1943
  RealTimeStamp: 0 seconds 
  LargestPossibleRegion: 
    Dimension: 3
    Index: [0, 0, 0]
    Size: [193, 229, 193]
  BufferedRegion: 
    Dimension: 3
    Index: [0, 0, 0]
    Size: [193, 229, 193]
  RequestedRegion: 
    Dimension: 3
    Index: [0, 0, 0]
    Size: [193, 229, 193]
  Spacing: [1, 1, 1]
  Origin: [96, 132, -78]
  Direction: 
-1 0 0
0 -1 0
0 0 1

  IndexToPointMatrix: 
-1 0 0
0 -1 0
0 0 1

  PointToIndexMatrix: 
-1 0 0
0 -1 0
0 0 1

  Inverse Direction: 
-1 0 0
0 -1 0
0 0 1

  PixelContainer: 
    ImportImageContainer (0x395ac60)
      RTTI typeinfo:   itk::ImportImageContainer<unsigned long, double>
      Reference Count: 1
      Modified Time: 1940
      Debug: Off
      Object Name: 
      Observers: 
        none
      Pointer: 0x14ad7c64d010
      Container manages memory: true
      Size: 8530021
      Capacity: 8530021

     Moving image = Image (0x395d610)
  RTTI typeinfo:   itk::Image<double, 3u>
  Reference Count: 2
  Modified Time: 2335
  Debug: Off
  Object Name: 
  Observers: 
    none
  Source: (none)
  Source output name: (none)
  Release Data: Off
  Data Released: False
  Global Release Data: Off
  PipelineMTime: 0
  UpdateMTime: 2332
  RealTimeStamp: 0 seconds 
  LargestPossibleRegion: 
    Dimension: 3
    Index: [0, 0, 0]
    Size: [176, 240, 256]
  BufferedRegion: 
    Dimension: 3
    Index: [0, 0, 0]
    Size: [176, 240, 256]
  RequestedRegion: 
    Dimension: 3
    Index: [0, 0, 0]
    Size: [176, 240, 256]
  Spacing: [0.999999, 1, 1]
  Origin: [90.3778, 84.5091, -154.071]
  Direction: 
-0.999391 7.48184e-06 -0.0348969
-7.47664e-06 -1 -2.7953e-07
-0.0348969 -1.84481e-08 0.999391

  IndexToPointMatrix: 
-0.99939 7.48184e-06 -0.0348969
-7.47663e-06 -1 -2.7953e-07
-0.0348968 -1.84481e-08 0.999391

  PointToIndexMatrix: 
-0.999392 -7.47665e-06 -0.0348969
7.48184e-06 -1 -1.84481e-08
-0.0348969 -2.7953e-07 0.999391

  Inverse Direction: 
-0.999391 -7.47664e-06 -0.0348969
7.48184e-06 -1 -1.84481e-08
-0.0348969 -2.7953e-07 0.999391

  PixelContainer: 
    ImportImageContainer (0x39f6ef0)
      RTTI typeinfo:   itk::ImportImageContainer<unsigned long, double>
      Reference Count: 1
      Modified Time: 2329
      Debug: Off
      Object Name: 
      Observers: 
        none
      Pointer: 0x14ad773cc010
      Container manages memory: true
      Size: 10813440
      Capacity: 10813440

     Weighting = 1
     Sampling strategy = regular
     Number of bins = 32
     Radius = 4
     Sampling percentage  = 0.25
   Transform = Rigid
     Gradient step = 0.1
     Update field sigma (voxel space) = 0
     Total field sigma (voxel space) = 0
     Update field time sigma = 0
     Total field time sigma  = 0
     Number of time indices = 0
     Number of time point samples = 0
Registration using 1 total stages.

Stage 0
  iterations = 0
  convergence threshold = 1e-06
  convergence window size = 10
  number of levels = 1
  using the Mattes MI metric (number of bins = 32, weight = 1, use gradient filter = 0)
  preprocessing:  winsorizing the image intensities
  Shrink factors (level 1 out of 1): [1, 1, 1]
  smoothing sigmas per level: [0]
  regular sampling (percentage = 0.25)

*** Running Euler3DTransform registration ***

  Elapsed time (stage 0): 1.10117


Total elapsed time: 1.10347
Info [verificarlo]: loaded backend libinterflop_ieee.so
Info [interflop-ieee]: load backend with:
Info [interflop-ieee]: debug = false
Info [interflop-ieee]: debug-binary = false
Info [interflop-ieee]: no-backend-name = false
Info [interflop-ieee]: print-new-line = false
Info [interflop-ieee]: print-subnormal-normalized = false
Info [interflop-ieee]: count-op = false
All_Command_lines_OK
Using double precision for computations.
=============================================================================
The composite transform comprises the following transforms (in order): 
  1. /home/mdugre/scratch/mri-registration-rp/datasets/ds004513/derivatives/mri-registration-rp/0011/antsRegistration-r8-p21/sub-s025/align_Composite.h5[0] (type = Euler3DTransform)
  2. /home/mdugre/scratch/mri-registration-rp/datasets/ds004513/derivatives/mri-registration-rp/0011/antsRegistration-r8-p21/sub-s025/align_Composite.h5[1] (type = Euler3DTransform)
=============================================================================
  number of levels = 4
  fixed image: /templateflow/tpl-MNI152NLin2009cAsym/tpl-MNI152NLin2009cAsym_res-01_desc-brain_T1w.nii.gz
  moving image: /home/mdugre/scratch/mri-registration-rp/datasets/ds004513/derivatives/mri-registration-rp/antsBrainExtraction/sub-s025/BrainExtractionBrain.nii.gz
Dimension = 3
Number of stages = 1
Use histogram matching = false
Winsorize image intensities = true
  Lower quantile = 0.005
  Upper quantile = 0.995


Stage 1 State
   Image metric = MattesMI
     Fixed image = Image (0x3654530)
  RTTI typeinfo:   itk::Image<double, 3u>
  Reference Count: 2
  Modified Time: 1580
  Debug: Off
  Object Name: 
  Observers: 
    none
  Source: (none)
  Source output name: (none)
  Release Data: Off
  Data Released: False
  Global Release Data: Off
  PipelineMTime: 0
  UpdateMTime: 1189
  RealTimeStamp: 0 seconds 
  LargestPossibleRegion: 
    Dimension: 3
    Index: [0, 0, 0]
    Size: [193, 229, 193]
  BufferedRegion: 
    Dimension: 3
    Index: [0, 0, 0]
    Size: [193, 229, 193]
  RequestedRegion: 
    Dimension: 3
    Index: [0, 0, 0]
    Size: [193, 229, 193]
  Spacing: [1, 1, 1]
  Origin: [96, 132, -78]
  Direction: 
-1 0 0
0 -1 0
0 0 1

  IndexToPointMatrix: 
-1 0 0
0 -1 0
0 0 1

  PointToIndexMatrix: 
-1 0 0
0 -1 0
0 0 1

  Inverse Direction: 
-1 0 0
0 -1 0
0 0 1

  PixelContainer: 
    ImportImageContainer (0x3712d60)
      RTTI typeinfo:   itk::ImportImageContainer<unsigned long, double>
      Reference Count: 1
      Modified Time: 1186
      Debug: Off
      Object Name: 
      Observers: 
        none
      Pointer: 0x14e99d1dd010
      Container manages memory: true
      Size: 8530021
      Capacity: 8530021

     Moving image = Image (0x3704f60)
  RTTI typeinfo:   itk::Image<double, 3u>
  Reference Count: 2
  Modified Time: 1581
  Debug: Off
  Object Name: 
  Observers: 
    none
  Source: (none)
  Source output name: (none)
  Release Data: Off
  Data Released: False
  Global Release Data: Off
  PipelineMTime: 0
  UpdateMTime: 1578
  RealTimeStamp: 0 seconds 
  LargestPossibleRegion: 
    Dimension: 3
    Index: [0, 0, 0]
    Size: [176, 240, 256]
  BufferedRegion: 
    Dimension: 3
    Index: [0, 0, 0]
    Size: [176, 240, 256]
  RequestedRegion: 
    Dimension: 3
    Index: [0, 0, 0]
    Size: [176, 240, 256]
  Spacing: [0.999999, 1, 1]
  Origin: [90.3778, 84.5091, -154.071]
  Direction: 
-0.999391 7.48184e-06 -0.0348969
-7.47664e-06 -1 -2.7953e-07
-0.0348969 -1.84481e-08 0.999391

  IndexToPointMatrix: 
-0.99939 7.48184e-06 -0.0348969
-7.47663e-06 -1 -2.7953e-07
-0.0348968 -1.84481e-08 0.999391

  PointToIndexMatrix: 
-0.999392 -7.47665e-06 -0.0348969
7.48184e-06 -1 -1.84481e-08
-0.0348969 -2.7953e-07 0.999391

  Inverse Direction: 
-0.999391 -7.47664e-06 -0.0348969
7.48184e-06 -1 -1.84481e-08
-0.0348969 -2.7953e-07 0.999391

  PixelContainer: 
    ImportImageContainer (0x36f66d0)
      RTTI typeinfo:   itk::ImportImageContainer<unsigned long, double>
      Reference Count: 1
      Modified Time: 1575
      Debug: Off
      Object Name: 
      Observers: 
        none
      Pointer: 0x14e997f5c010
      Container manages memory: true
      Size: 10813440
      Capacity: 10813440

     Weighting = 1
     Sampling strategy = regular
     Number of bins = 32
     Radius = 4
     Sampling percentage  = 0.25
   Transform = Rigid
     Gradient step = 0.1
     Update field sigma (voxel space) = 0
     Total field sigma (voxel space) = 0
     Update field time sigma = 0
     Total field time sigma  = 0
     Number of time indices = 0
     Number of time point samples = 0
Registration using 1 total stages.

Stage 0
  iterations = 1000x500x250x100
  convergence threshold = 1e-06
  convergence window size = 10
  number of levels = 4
  using the Mattes MI metric (number of bins = 32, weight = 1, use gradient filter = 0)
  preprocessing:  winsorizing the image intensities
  Shrink factors (level 1 out of 4): [8, 8, 8]
  Shrink factors (level 2 out of 4): [4, 4, 4]
  Shrink factors (level 3 out of 4): [2, 2, 2]
  Shrink factors (level 4 out of 4): [1, 1, 1]
  smoothing sigmas per level: [3, 2, 1, 0]
  regular sampling (percentage = 0.25)

*** Running Euler3DTransform registration ***

DIAGNOSTIC,Iteration,metricValue,convergenceValue,ITERATION_TIME_INDEX,SINCE_LAST
 2DIAGNOSTIC,     1, -5.323241903179e-01, 1.797693134862e+308, 6.9928e-01, 6.9928e-01, 
 2DIAGNOSTIC,     2, -5.346190553927e-01, 1.797693134862e+308, 7.0334e-01, 4.0600e-03, 
 2DIAGNOSTIC,     3, -5.378036555361e-01, 1.797693134862e+308, 7.0706e-01, 3.7160e-03, 
 2DIAGNOSTIC,     4, -5.422949451405e-01, 1.797693134862e+308, 7.1066e-01, 3.5999e-03, 
 2DIAGNOSTIC,     5, -5.486805952477e-01, 1.797693134862e+308, 7.1447e-01, 3.8111e-03, 
 2DIAGNOSTIC,     6, -5.542790085272e-01, 1.797693134862e+308, 7.1846e-01, 3.9940e-03, 
 2DIAGNOSTIC,     7, -5.627123115611e-01, 1.797693134862e+308, 7.2223e-01, 3.7708e-03, 
 2DIAGNOSTIC,     8, -5.766609943856e-01, 1.797693134862e+308, 7.2616e-01, 3.9251e-03, 
 2DIAGNOSTIC,     9, -5.881111419397e-01, 1.797693134862e+308, 7.2999e-01, 3.8371e-03, 
 2DIAGNOSTIC,    10, -6.012927005665e-01, 7.820055967720e-03, 7.3520e-01, 5.2049e-03, 
 2DIAGNOSTIC,    11, -6.192402913588e-01, 8.564422673928e-03, 7.4216e-01, 6.9640e-03, 
 2DIAGNOSTIC,    12, -6.197111897440e-01, 8.513711436486e-03, 7.4618e-01, 4.0140e-03, 
 2DIAGNOSTIC,    13, -6.223136777511e-01, 7.932305190637e-03, 7.5017e-01, 3.9961e-03, 
 2DIAGNOSTIC,    14, -6.239859078534e-01, 6.938967258809e-03, 7.5422e-01, 4.0481e-03, 
 2DIAGNOSTIC,    15, -6.258731029038e-01, 5.722268374549e-03, 7.5862e-01, 4.3950e-03, 
 2DIAGNOSTIC,    16, -6.290042957049e-01, 4.404898010750e-03, 7.6282e-01, 4.2059e-03, 
 2DIAGNOSTIC,    17, -6.327399548201e-01, 3.192249458124e-03, 7.6846e-01, 5.6388e-03, 
 2DIAGNOSTIC,    18, -6.361770329222e-01, 2.298162514757e-03, 7.7373e-01, 5.2650e-03, 
 2DIAGNOSTIC,    19, -6.381920795008e-01, 1.629119691582e-03, 7.7838e-01, 4.6549e-03, 
 2DIAGNOSTIC,    20, -6.414786468695e-01, 1.264281191364e-03, 7.8256e-01, 4.1800e-03, 
 2DIAGNOSTIC,    21, -6.422621311632e-01, 1.244231354818e-03, 7.8742e-01, 4.8571e-03, 
 2DIAGNOSTIC,    22, -6.443386369797e-01, 1.164065699773e-03, 7.9190e-01, 4.4801e-03, 
 2DIAGNOSTIC,    23, -6.458367311097e-01, 1.066297096150e-03, 7.9620e-01, 4.3049e-03, 
 2DIAGNOSTIC,    24, -6.528535017082e-01, 1.047817945711e-03, 8.0103e-01, 4.8292e-03, 
 2DIAGNOSTIC,    25, -6.591704567251e-01, 1.083081270357e-03, 8.0703e-01, 6.0019e-03, 
 2DIAGNOSTIC,    26, -6.605963666366e-01, 1.093549191492e-03, 8.1184e-01, 4.8089e-03, 
 2DIAGNOSTIC,    27, -6.608439804184e-01, 1.070984922648e-03, 8.1644e-01, 4.5989e-03, 
 2DIAGNOSTIC,    28, -6.615671815352e-01, 1.019502608027e-03, 8.2052e-01, 4.0789e-03, 
 2DIAGNOSTIC,    29, -6.628794664857e-01, 9.260608096634e-04, 8.2450e-01, 3.9749e-03, 
 2DIAGNOSTIC,    30, -6.728294558219e-01, 9.537364073093e-04, 8.2991e-01, 5.4100e-03, 
 2DIAGNOSTIC,    31, -6.735478072973e-01, 9.084133776759e-04, 8.3381e-01, 3.9001e-03, 
 2DIAGNOSTIC,    32, -6.743491455587e-01, 8.254104376842e-04, 8.3777e-01, 3.9601e-03, 
 2DIAGNOSTIC,    33, -6.778518208968e-01, 7.396578793622e-04, 8.4185e-01, 4.0882e-03, 
 2DIAGNOSTIC,    34, -6.872953111288e-01, 8.064164789432e-04, 8.5039e-01, 8.5320e-03, 
 2DIAGNOSTIC,    35, -6.877325993514e-01, 8.751651862140e-04, 8.5460e-01, 4.2150e-03, 
 2DIAGNOSTIC,    36, -6.893218636023e-01, 8.964343348898e-04, 8.5880e-01, 4.1952e-03, 
 2DIAGNOSTIC,    37, -6.927388587065e-01, 8.791534229739e-04, 8.6289e-01, 4.0979e-03, 
 2DIAGNOSTIC,    38, -7.010261197427e-01, 8.853789219950e-04, 8.6701e-01, 4.1161e-03, 
 2DIAGNOSTIC,    39, -7.063975326370e-01, 8.771603750171e-04, 8.7116e-01, 4.1471e-03, 
 2DIAGNOSTIC,    40, -7.084275788286e-01, 9.204299461908e-04, 8.7530e-01, 4.1389e-03, 
 2DIAGNOSTIC,    41, -7.161060613923e-01, 9.681987814597e-04, 8.8010e-01, 4.8029e-03, 
 2DIAGNOSTIC,    42, -7.193559506584e-01, 9.622979442819e-04, 8.8593e-01, 5.8341e-03, 
 2DIAGNOSTIC,    43, -7.222523831115e-01, 9.272683432298e-04, 8.9010e-01, 4.1621e-03, 
 2DIAGNOSTIC,    44, -7.286140827213e-01, 9.648960768662e-04, 8.9430e-01, 4.2050e-03, 
 2DIAGNOSTIC,    45, -7.391611246783e-01, 1.015726452598e-03, 8.9852e-01, 4.2181e-03, 
 2DIAGNOSTIC,    46, -7.438847883037e-01, 1.025206122201e-03, 9.0276e-01, 4.2400e-03, 
 2DIAGNOSTIC,    47, -7.510396611678e-01, 1.033624463065e-03, 9.1012e-01, 7.3628e-03, 
 2DIAGNOSTIC,    48, -7.533653197739e-01, 1.039042907349e-03, 9.1421e-01, 4.0920e-03, 
 2DIAGNOSTIC,    49, -7.538687072890e-01, 9.975053635080e-04, 9.1824e-01, 4.0281e-03, 
 2DIAGNOSTIC,    50, -7.556843749513e-01, 8.940559176705e-04, 9.2298e-01, 4.7340e-03, 
 2DIAGNOSTIC,    51, -7.575800504820e-01, 7.902043475993e-04, 9.2753e-01, 4.5550e-03, 
 2DIAGNOSTIC,    52, -7.582533070330e-01, 6.479512940213e-04, 9.3309e-01, 5.5618e-03, 
 2DIAGNOSTIC,    53, -7.587560657640e-01, 4.774251915127e-04, 9.3710e-01, 4.0040e-03, 
 2DIAGNOSTIC,    54, -7.593166636586e-01, 3.225089180978e-04, 9.4192e-01, 4.8201e-03, 
 2DIAGNOSTIC,    55, -7.601515552241e-01, 2.314294577800e-04, 9.4839e-01, 6.4740e-03, 
 2DIAGNOSTIC,    56, -7.600638190683e-01, 1.556372117265e-04, 9.5291e-01, 4.5180e-03, 
 2DIAGNOSTIC,    57, -7.601531817994e-01, 1.219382585918e-04, 9.5691e-01, 4.0040e-03, 
 2DIAGNOSTIC,    58, -7.601137494677e-01, 9.493807254615e-05, 9.6100e-01, 4.0829e-03, 
 2DIAGNOSTIC,    59, -7.601731485810e-01, 6.374249380938e-05, 9.6502e-01, 4.0221e-03, 
 2DIAGNOSTIC,    60, -7.602436899920e-01, 4.057939463261e-05, 9.6908e-01, 4.0591e-03, 
 2DIAGNOSTIC,    61, -7.603489070528e-01, 2.822713425846e-05, 9.7371e-01, 4.6380e-03, 
 2DIAGNOSTIC,    62, -7.603115737673e-01, 1.801599606157e-05, 9.7767e-01, 3.9532e-03, 
 2DIAGNOSTIC,    63, -7.603721750906e-01, 1.022800935495e-05, 9.8213e-01, 4.4611e-03, 
 2DIAGNOSTIC,    64, -7.605030736609e-01, 6.153764786857e-06, 9.8659e-01, 4.4611e-03, 
 2DIAGNOSTIC,    65, -7.608076962250e-01, 9.008185135290e-06, 9.9207e-01, 5.4781e-03, 
 2DIAGNOSTIC,    66, -7.607759356719e-01, 1.013140564838e-05, 9.9605e-01, 3.9790e-03, 
 2DIAGNOSTIC,    67, -7.607014522477e-01, 1.044777047764e-05, 1.0000e+00, 4.0019e-03, 
 2DIAGNOSTIC,    68, -7.612891539317e-01, 1.319610357308e-05, 1.0040e+00, 3.9890e-03, 
 2DIAGNOSTIC,    69, -7.615570245497e-01, 1.646871787821e-05, 1.0086e+00, 4.5159e-03, 
 2DIAGNOSTIC,    70, -7.623425769702e-01, 2.312071905365e-05, 1.0140e+00, 5.4832e-03, 
 2DIAGNOSTIC,    71, -7.619563447990e-01, 2.571118463891e-05, 1.0187e+00, 4.6160e-03, 
 2DIAGNOSTIC,    72, -7.621170626520e-01, 2.666851666686e-05, 1.0232e+00, 4.5102e-03, 
 2DIAGNOSTIC,    73, -7.621412166205e-01, 2.551133206980e-05, 1.0277e+00, 4.5199e-03, 
 2DIAGNOSTIC,    74, -7.620434906850e-01, 2.202244108455e-05, 1.0322e+00, 4.4689e-03, 
 2DIAGNOSTIC,    75, -7.620560240234e-01, 1.831614487039e-05, 1.0367e+00, 4.5209e-03, 
 2DIAGNOSTIC,    76, -7.620780567500e-01, 1.302777889896e-05, 1.0414e+00, 4.7290e-03, 
 2DIAGNOSTIC,    77, -7.619878349108e-01, 5.777601584706e-06, 1.0494e+00, 8.0068e-03, 
 2DIAGNOSTIC,    78, -7.619878393835e-01, 1.300104068293e-06, 1.0535e+00, 4.1170e-03, 
DIAGNOSTIC,Iteration,metricValue,convergenceValue,ITERATION_TIME_INDEX,SINCE_LAST
 2DIAGNOSTIC,     1, -6.052579522916e-01, 1.797693134862e+308, 1.7973e+00, 7.4374e-01, 
 2DIAGNOSTIC,     2, -6.060572202089e-01, 1.797693134862e+308, 1.8250e+00, 2.7780e-02, 
 2DIAGNOSTIC,     3, -6.073592026414e-01, 1.797693134862e+308, 1.8526e+00, 2.7559e-02, 
 2DIAGNOSTIC,     4, -6.085890104401e-01, 1.797693134862e+308, 1.8811e+00, 2.8519e-02, 
 2DIAGNOSTIC,     5, -6.098048972131e-01, 1.797693134862e+308, 1.9078e+00, 2.6692e-02, 
 2DIAGNOSTIC,     6, -6.108943412859e-01, 1.797693134862e+308, 1.9349e+00, 2.7128e-02, 
 2DIAGNOSTIC,     7, -6.125537001795e-01, 1.797693134862e+308, 1.9620e+00, 2.7024e-02, 
 2DIAGNOSTIC,     8, -6.171229860969e-01, 1.797693134862e+308, 1.9930e+00, 3.1062e-02, 
 2DIAGNOSTIC,     9, -6.181259109064e-01, 1.797693134862e+308, 2.0275e+00, 3.4521e-02, 
 2DIAGNOSTIC,    10, -6.184982071109e-01, 1.521787753186e-03, 2.0550e+00, 2.7447e-02, 
 2DIAGNOSTIC,    11, -6.200739036655e-01, 1.443465684910e-03, 2.0864e+00, 3.1362e-02, 
 2DIAGNOSTIC,    12, -6.208505725107e-01, 1.307141594180e-03, 2.1241e+00, 3.7773e-02, 
 2DIAGNOSTIC,    13, -6.208551737765e-01, 1.117830117759e-03, 2.1633e+00, 3.9198e-02, 
 2DIAGNOSTIC,    14, -6.208615338892e-01, 8.956655058421e-04, 2.1986e+00, 3.5270e-02, 
 2DIAGNOSTIC,    15, -6.208704183823e-01, 6.615369189722e-04, 2.2298e+00, 3.1217e-02, 
 2DIAGNOSTIC,    16, -6.208690087523e-01, 4.277533591323e-04, 2.2792e+00, 4.9414e-02, 
 2DIAGNOSTIC,    17, -6.208475036245e-01, 2.234788644843e-04, 2.3219e+00, 4.2707e-02, 
 2DIAGNOSTIC,    18, -6.208388871190e-01, 1.385948196533e-04, 2.3547e+00, 3.2813e-02, 
 2DIAGNOSTIC,    19, -6.208199187262e-01, 7.445067103739e-05, 2.3874e+00, 3.2623e-02, 
 2DIAGNOSTIC,    20, -6.208011698730e-01, 1.733962962457e-05, 2.4150e+00, 2.7642e-02, 
DIAGNOSTIC,Iteration,metricValue,convergenceValue,ITERATION_TIME_INDEX,SINCE_LAST
 2DIAGNOSTIC,     1, -5.340608614692e-01, 1.797693134862e+308, 3.4850e+00, 1.0700e+00, 
 2DIAGNOSTIC,     2, -5.341784162371e-01, 1.797693134862e+308, 3.7240e+00, 2.3897e-01, 
 2DIAGNOSTIC,     3, -5.342542925993e-01, 1.797693134862e+308, 3.9369e+00, 2.1290e-01, 
 2DIAGNOSTIC,     4, -5.342998036904e-01, 1.797693134862e+308, 4.1416e+00, 2.0471e-01, 
 2DIAGNOSTIC,     5, -5.343941198045e-01, 1.797693134862e+308, 4.3311e+00, 1.8953e-01, 
 2DIAGNOSTIC,     6, -5.347144299674e-01, 1.797693134862e+308, 4.5308e+00, 1.9969e-01, 
 2DIAGNOSTIC,     7, -5.350182811084e-01, 1.797693134862e+308, 4.8568e+00, 3.2597e-01, 
 2DIAGNOSTIC,     8, -5.351258655332e-01, 1.797693134862e+308, 5.0710e+00, 2.1424e-01, 
 2DIAGNOSTIC,     9, -5.351780868688e-01, 1.797693134862e+308, 5.2741e+00, 2.0309e-01, 
 2DIAGNOSTIC,    10, -5.352993574366e-01, 1.686134727309e-04, 5.4885e+00, 2.1433e-01, 
 2DIAGNOSTIC,    11, -5.355712644216e-01, 1.630307670218e-04, 5.7608e+00, 2.7236e-01, 
 2DIAGNOSTIC,    12, -5.357391959278e-01, 1.561177270121e-04, 6.1083e+00, 3.4750e-01, 
 2DIAGNOSTIC,    13, -5.357335335793e-01, 1.393814721617e-04, 6.4237e+00, 3.1538e-01, 
 2DIAGNOSTIC,    14, -5.357308550326e-01, 1.146462242273e-04, 6.6869e+00, 2.6319e-01, 
 2DIAGNOSTIC,    15, -5.357349722898e-01, 8.628982287802e-05, 6.9633e+00, 2.7642e-01, 
 2DIAGNOSTIC,    16, -5.357368663438e-01, 6.404748984666e-05, 7.1820e+00, 2.1865e-01, 
 2DIAGNOSTIC,    17, -5.357321508575e-01, 4.792246800561e-05, 7.4113e+00, 2.2929e-01, 
 2DIAGNOSTIC,    18, -5.357267439343e-01, 3.247319933412e-05, 7.6387e+00, 2.2744e-01, 
 2DIAGNOSTIC,    19, -5.357267441690e-01, 1.734251368617e-05, 7.9078e+00, 2.6907e-01, 
 2DIAGNOSTIC,    20, -5.357239240935e-01, 5.254589277921e-06, 8.1444e+00, 2.3667e-01, 
DIAGNOSTIC,Iteration,metricValue,convergenceValue,ITERATION_TIME_INDEX,SINCE_LAST
 2DIAGNOSTIC,     1, -4.896249842699e-01, 1.797693134862e+308, 1.1106e+01, 2.9616e+00, 
 2DIAGNOSTIC,     2, -4.896244802513e-01, 1.797693134862e+308, 1.2965e+01, 1.8588e+00, 
 2DIAGNOSTIC,     3, -4.896250590014e-01, 1.797693134862e+308, 1.4638e+01, 1.6732e+00, 
 2DIAGNOSTIC,     4, -4.896247645239e-01, 1.797693134862e+308, 1.6323e+01, 1.6849e+00, 
 2DIAGNOSTIC,     5, -4.896239396988e-01, 1.797693134862e+308, 1.7734e+01, 1.4111e+00, 
 2DIAGNOSTIC,     6, -4.896240624468e-01, 1.797693134862e+308, 1.9298e+01, 1.5644e+00, 
 2DIAGNOSTIC,     7, -4.896241737195e-01, 1.797693134862e+308, 2.1025e+01, 1.7265e+00, 
 2DIAGNOSTIC,     8, -4.896236572709e-01, 1.797693134862e+308, 2.2641e+01, 1.6159e+00, 
 2DIAGNOSTIC,     9, -4.896231405757e-01, 1.797693134862e+308, 2.4472e+01, 1.8307e+00, 
 2DIAGNOSTIC,    10, -4.896231873033e-01, 2.936785993141e-06, 2.6732e+01, 2.2604e+00, 
 2DIAGNOSTIC,    11, -4.896231049295e-01, 2.666789492789e-06, 2.8359e+01, 1.6269e+00, 
 2DIAGNOSTIC,    12, -4.896228942225e-01, 2.425485245330e-06, 2.9972e+01, 1.6135e+00, 
 2DIAGNOSTIC,    13, -4.896229103128e-01, 2.268949206852e-06, 3.1439e+01, 1.4666e+00, 
 2DIAGNOSTIC,    14, -4.896228212285e-01, 2.136408542075e-06, 3.3082e+01, 1.6430e+00, 
 2DIAGNOSTIC,    15, -4.896228601178e-01, 2.003136340106e-06, 3.4653e+01, 1.5705e+00, 
 2DIAGNOSTIC,    16, -4.896227905898e-01, 1.898586578467e-06, 3.6000e+01, 1.3477e+00, 
 2DIAGNOSTIC,    17, -4.896228695621e-01, 1.821558031502e-06, 3.7631e+01, 1.6311e+00, 
 2DIAGNOSTIC,    18, -4.896226144156e-01, 1.733190143356e-06, 3.9322e+01, 1.6906e+00, 
 2DIAGNOSTIC,    19, -4.896225915057e-01, 1.640872327457e-06, 4.0719e+01, 1.3970e+00, 
 2DIAGNOSTIC,    20, -4.896224699687e-01, 1.558680439204e-06, 4.2243e+01, 1.5237e+00, 
 2DIAGNOSTIC,    21, -4.896225119995e-01, 1.486290620398e-06, 4.3798e+01, 1.5553e+00, 
 2DIAGNOSTIC,    22, -4.896226209673e-01, 1.420348068597e-06, 4.5609e+01, 1.8107e+00, 
 2DIAGNOSTIC,    23, -4.896225102883e-01, 1.360178677447e-06, 4.7305e+01, 1.6968e+00, 
 2DIAGNOSTIC,    24, -4.896223568331e-01, 1.301452670209e-06, 4.9053e+01, 1.7479e+00, 
 2DIAGNOSTIC,    25, -4.896223196231e-01, 1.249843403731e-06, 5.0459e+01, 1.4057e+00, 
 2DIAGNOSTIC,    26, -4.896223368609e-01, 1.202957494284e-06, 5.1964e+01, 1.5056e+00, 
 2DIAGNOSTIC,    27, -4.896223341655e-01, 1.163116140221e-06, 5.3822e+01, 1.8572e+00, 
 2DIAGNOSTIC,    28, -4.896221930758e-01, 1.119356709156e-06, 5.5415e+01, 1.5933e+00, 
 2DIAGNOSTIC,    29, -4.896221678883e-01, 1.079494745926e-06, 5.6862e+01, 1.4467e+00, 
 2DIAGNOSTIC,    30, -4.896224376108e-01, 1.046771638161e-06, 5.8203e+01, 1.3409e+00, 
 2DIAGNOSTIC,    31, -4.896226973955e-01, 1.022768061014e-06, 5.9767e+01, 1.5646e+00, 
 2DIAGNOSTIC,    32, -4.896228660503e-01, 1.005557675064e-06, 6.1576e+01, 1.8089e+00, 
  Elapsed time (stage 0): 6.2398e+01


Total elapsed time: 6.2400e+01
Info [verificarlo]: loaded backend libinterflop_vprec.so
Info [interflop-vprec]: load backend with: 
Info [interflop-vprec]: precision-binary32 = 21
Info [interflop-vprec]: range-binary32 = 8
Info [interflop-vprec]: precision-binary64 = 21
Info [interflop-vprec]: range-binary64 = 8
Info [interflop-vprec]: mode = ob
Info [interflop-vprec]: error-mode = rel
Info [interflop-vprec]: max-abs-error-exponent = -1022
Info [interflop-vprec]: daz = false
Info [interflop-vprec]: ftz = false
Info [interflop-vprec]: 	instrument = none
Info [interflop-vprec]: 	prec-input-file = (null)
Info [interflop-vprec]: 	prec-output-file = (null)
Info [interflop-vprec]: 	prec-log-file = (null)
All_Command_lines_OK
Using double precision for computations.
=============================================================================
The composite transform comprises the following transforms (in order): 
  1. /home/mdugre/scratch/mri-registration-rp/datasets/ds004513/derivatives/mri-registration-rp/0011/antsRegistration-r8-p21/sub-s025/rigid_Composite.h5[0] (type = Euler3DTransform)
  2. /home/mdugre/scratch/mri-registration-rp/datasets/ds004513/derivatives/mri-registration-rp/0011/antsRegistration-r8-p21/sub-s025/rigid_Composite.h5[1] (type = Euler3DTransform)
  3. /home/mdugre/scratch/mri-registration-rp/datasets/ds004513/derivatives/mri-registration-rp/0011/antsRegistration-r8-p21/sub-s025/rigid_Composite.h5[2] (type = Euler3DTransform)
=============================================================================
  number of levels = 4
  fixed image: /templateflow/tpl-MNI152NLin2009cAsym/tpl-MNI152NLin2009cAsym_res-01_desc-brain_T1w.nii.gz
  moving image: /home/mdugre/scratch/mri-registration-rp/datasets/ds004513/derivatives/mri-registration-rp/antsBrainExtraction/sub-s025/BrainExtractionBrain.nii.gz
Dimension = 3
Number of stages = 1
Use histogram matching = false
Winsorize image intensities = true
  Lower quantile = 0.005
  Upper quantile = 0.995


Stage 1 State
   Image metric = MattesMI
     Fixed image = Image (0x33c9490)
  RTTI typeinfo:   itk::Image<double, 3u>
  Reference Count: 2
  Modified Time: 1594
  Debug: Off
  Object Name: 
  Observers: 
    none
  Source: (none)
  Source output name: (none)
  Release Data: Off
  Data Released: False
  Global Release Data: Off
  PipelineMTime: 0
  UpdateMTime: 1203
  RealTimeStamp: 0 seconds 
  LargestPossibleRegion: 
    Dimension: 3
    Index: [0, 0, 0]
    Size: [193, 229, 193]
  BufferedRegion: 
    Dimension: 3
    Index: [0, 0, 0]
    Size: [193, 229, 193]
  RequestedRegion: 
    Dimension: 3
    Index: [0, 0, 0]
    Size: [193, 229, 193]
  Spacing: [1, 1, 1]
  Origin: [96, 132, -78]
  Direction: 
-1 0 0
0 -1 0
0 0 1

  IndexToPointMatrix: 
-1 0 0
0 -1 0
0 0 1

  PointToIndexMatrix: 
-1 0 0
0 -1 0
0 0 1

  Inverse Direction: 
-1 0 0
0 -1 0
0 0 1

  PixelContainer: 
    ImportImageContainer (0x34948c0)
      RTTI typeinfo:   itk::ImportImageContainer<unsigned long, double>
      Reference Count: 1
      Modified Time: 1200
      Debug: Off
      Object Name: 
      Observers: 
        none
      Pointer: 0x148de86ca010
      Container manages memory: true
      Size: 8530021
      Capacity: 8530021

     Moving image = Image (0x3484b60)
  RTTI typeinfo:   itk::Image<double, 3u>
  Reference Count: 2
  Modified Time: 1595
  Debug: Off
  Object Name: 
  Observers: 
    none
  Source: (none)
  Source output name: (none)
  Release Data: Off
  Data Released: False
  Global Release Data: Off
  PipelineMTime: 0
  UpdateMTime: 1592
  RealTimeStamp: 0 seconds 
  LargestPossibleRegion: 
    Dimension: 3
    Index: [0, 0, 0]
    Size: [176, 240, 256]
  BufferedRegion: 
    Dimension: 3
    Index: [0, 0, 0]
    Size: [176, 240, 256]
  RequestedRegion: 
    Dimension: 3
    Index: [0, 0, 0]
    Size: [176, 240, 256]
  Spacing: [0.999999, 1, 1]
  Origin: [90.3778, 84.5091, -154.071]
  Direction: 
-0.999391 7.48184e-06 -0.0348969
-7.47664e-06 -1 -2.7953e-07
-0.0348969 -1.84481e-08 0.999391

  IndexToPointMatrix: 
-0.999389 7.48184e-06 -0.0348969
-7.47663e-06 -1 -2.7953e-07
-0.0348968 -1.84481e-08 0.999391

  PointToIndexMatrix: 
-0.999392 -7.47665e-06 -0.0348969
7.49328e-06 -1 -3.46051e-07
-0.0348969 -6.07333e-07 0.999391

  Inverse Direction: 
-0.999391 -7.47664e-06 -0.0348969
7.49328e-06 -1 -3.46051e-07
-0.0348969 -6.07333e-07 0.999391

  PixelContainer: 
    ImportImageContainer (0x35181d0)
      RTTI typeinfo:   itk::ImportImageContainer<unsigned long, double>
      Reference Count: 1
      Modified Time: 1589
      Debug: Off
      Object Name: 
      Observers: 
        none
      Pointer: 0x148de3449010
      Container manages memory: true
      Size: 10813440
      Capacity: 10813440

     Weighting = 1
     Sampling strategy = regular
     Number of bins = 32
     Radius = 4
     Sampling percentage  = 0.25
   Transform = Affine
     Gradient step = 0.1
     Update field sigma (voxel space) = 0
     Total field sigma (voxel space) = 0
     Update field time sigma = 0
     Total field time sigma  = 0
     Number of time indices = 0
     Number of time point samples = 0
Registration using 1 total stages.

Stage 0
  iterations = 1000x500x250x100
  convergence threshold = 1e-06
  convergence window size = 10
  number of levels = 4
  using the Mattes MI metric (number of bins = 32, weight = 1, use gradient filter = 0)
  preprocessing:  winsorizing the image intensities
  Shrink factors (level 1 out of 4): [8, 8, 8]
  Shrink factors (level 2 out of 4): [4, 4, 4]
  Shrink factors (level 3 out of 4): [2, 2, 2]
  Shrink factors (level 4 out of 4): [1, 1, 1]
  smoothing sigmas per level: [3, 2, 1, 0]
  regular sampling (percentage = 0.25)

*** Running AffineTransform registration ***

DIAGNOSTIC,Iteration,metricValue,convergenceValue,ITERATION_TIME_INDEX,SINCE_LAST
 2DIAGNOSTIC,     1, -7.482470962378e-01, 1.797693134862e+308, 0.0000e+00, 0.0000e+00, 
 2DIAGNOSTIC,     2, -7.502999595720e-01, 1.797693134862e+308, 0.0000e+00, 0.0000e+00, 
 2DIAGNOSTIC,     3, -7.534875364661e-01, 1.797693134862e+308, 0.0000e+00, 0.0000e+00, 
 2DIAGNOSTIC,     4, -7.588645141030e-01, 1.797693134862e+308, 0.0000e+00, 0.0000e+00, 
 2DIAGNOSTIC,     5, -7.695263532598e-01, 1.797693134862e+308, 0.0000e+00, 0.0000e+00, 
 2DIAGNOSTIC,     6, -7.842447594973e-01, 1.797693134862e+308, 0.0000e+00, 0.0000e+00, 
 2DIAGNOSTIC,     7, -8.387841943043e-01, 1.797693134862e+308, 0.0000e+00, 0.0000e+00, 
 2DIAGNOSTIC,     8, -8.735626862276e-01, 1.797693134862e+308, 0.0000e+00, 0.0000e+00, 
 2DIAGNOSTIC,     9, -8.947670019422e-01, 1.797693134862e+308, 0.0000e+00, 0.0000e+00, 
 2DIAGNOSTIC,    10, -8.980432138722e-01, 1.409251974623e-02, 0.0000e+00, 0.0000e+00, 
 2DIAGNOSTIC,    11, -9.111610205725e-01, 1.393170730438e-02, 0.0000e+00, 0.0000e+00, 
 2DIAGNOSTIC,    12, -9.227622409353e-01, 1.291346293641e-02, 0.0000e+00, 0.0000e+00, 
 2DIAGNOSTIC,    13, -9.263923955456e-01, 1.106842924758e-02, 0.0000e+00, 0.0000e+00, 
 2DIAGNOSTIC,    14, -9.292047417443e-01, 8.725279804391e-03, 0.0000e+00, 0.0000e+00, 
 2DIAGNOSTIC,    15, -9.319705450937e-01, 6.251242531482e-03, 0.0000e+00, 0.0000e+00, 
 2DIAGNOSTIC,    16, -9.339931024596e-01, 3.872792803993e-03, 0.0000e+00, 0.0000e+00, 
 2DIAGNOSTIC,    17, -9.348679092925e-01, 2.508698766504e-03, 0.0000e+00, 0.0000e+00, 
 2DIAGNOSTIC,    18, -9.346517307993e-01, 1.704967679803e-03, 0.0000e+00, 0.0000e+00, 
 2DIAGNOSTIC,    19, -9.348542734675e-01, 1.209880714885e-03, 0.0000e+00, 0.0000e+00, 
 2DIAGNOSTIC,    20, -9.350503157868e-01, 7.092548568813e-04, 0.0000e+00, 0.0000e+00, 
 2DIAGNOSTIC,    21, -9.352873254200e-01, 3.969014430443e-04, 0.0000e+00, 0.0000e+00, 
 2DIAGNOSTIC,    22, -9.356359055539e-01, 2.539930209632e-04, 0.0000e+00, 0.0000e+00, 
 2DIAGNOSTIC,    23, -9.359341288675e-01, 1.558796087918e-04, 0.0000e+00, 0.0000e+00, 
 2DIAGNOSTIC,    24, -9.362930498423e-01, 9.413401337017e-05, 0.0000e+00, 0.0000e+00, 
 2DIAGNOSTIC,    25, -9.370015799999e-01, 7.300609596316e-05, 0.0000e+00, 0.0000e+00, 
 2DIAGNOSTIC,    26, -9.375022689261e-01, 7.756685441408e-05, 0.0000e+00, 0.0000e+00, 
 2DIAGNOSTIC,    27, -9.377347705909e-01, 8.780575970636e-05, 0.0000e+00, 0.0000e+00, 
 2DIAGNOSTIC,    28, -9.380615631873e-01, 9.043006359010e-05, 0.0000e+00, 0.0000e+00, 
 2DIAGNOSTIC,    29, -9.385121984533e-01, 9.158907734776e-05, 0.0000e+00, 0.0000e+00, 
 2DIAGNOSTIC,    30, -9.385093185052e-01, 8.599299042981e-05, 0.0000e+00, 0.0000e+00, 
 2DIAGNOSTIC,    31, -9.382879120921e-01, 7.289944936984e-05, 0.0000e+00, 0.0000e+00, 
 2DIAGNOSTIC,    32, -9.383153463980e-01, 5.774347904670e-05, 0.0000e+00, 0.0000e+00, 
 2DIAGNOSTIC,    33, -9.381957890315e-01, 3.984902610112e-05, 0.0000e+00, 0.0000e+00, 
 2DIAGNOSTIC,    34, -9.382589642446e-01, 2.312988086170e-05, 0.0000e+00, 0.0000e+00, 
 2DIAGNOSTIC,    35, -9.384642134473e-01, 1.348193118914e-05, 0.0000e+00, 0.0000e+00, 
 2DIAGNOSTIC,    36, -9.384590475429e-01, 7.565276618205e-06, 0.0000e+00, 0.0000e+00, 
 2DIAGNOSTIC,    37, -9.386058882811e-01, 4.592040110045e-06, 0.0000e+00, 0.0000e+00, 
DIAGNOSTIC,Iteration,metricValue,convergenceValue,ITERATION_TIME_INDEX,SINCE_LAST
 2DIAGNOSTIC,     1, -7.506351592368e-01, 1.797693134862e+308, 0.0000e+00, 0.0000e+00, 
 2DIAGNOSTIC,     2, -7.510580947089e-01, 1.797693134862e+308, 0.0000e+00, 0.0000e+00, 
 2DIAGNOSTIC,     3, -7.515411128141e-01, 1.797693134862e+308, 0.0000e+00, 0.0000e+00, 
 2DIAGNOSTIC,     4, -7.521822440396e-01, 1.797693134862e+308, 0.0000e+00, 0.0000e+00, 
 2DIAGNOSTIC,     5, -7.536667991243e-01, 1.797693134862e+308, 0.0000e+00, 0.0000e+00, 
 2DIAGNOSTIC,     6, -7.542852414379e-01, 1.797693134862e+308, 0.0000e+00, 0.0000e+00, 
 2DIAGNOSTIC,     7, -7.544068839701e-01, 1.797693134862e+308, 0.0000e+00, 0.0000e+00, 
 2DIAGNOSTIC,     8, -7.543713462322e-01, 1.797693134862e+308, 0.0000e+00, 0.0000e+00, 
 2DIAGNOSTIC,     9, -7.543786323130e-01, 1.797693134862e+308, 0.0000e+00, 0.0000e+00, 
 2DIAGNOSTIC,    10, -7.544057828581e-01, 3.730032824861e-04, 0.0000e+00, 0.0000e+00, 
 2DIAGNOSTIC,    11, -7.544636080328e-01, 2.704341081769e-04, 0.0000e+00, 0.0000e+00, 
 2DIAGNOSTIC,    12, -7.546773041149e-01, 1.814092287913e-04, 0.0000e+00, 0.0000e+00, 
 2DIAGNOSTIC,    13, -7.547200371352e-01, 1.053581775059e-04, 0.0000e+00, 0.0000e+00, 
 2DIAGNOSTIC,    14, -7.547238301269e-01, 4.738437619918e-05, 0.0000e+00, 0.0000e+00, 
 2DIAGNOSTIC,    15, -7.547418828224e-01, 3.046916349092e-05, 0.0000e+00, 0.0000e+00, 
 2DIAGNOSTIC,    16, -7.547443563594e-01, 2.757784947965e-05, 0.0000e+00, 0.0000e+00, 
 2DIAGNOSTIC,    17, -7.547479374227e-01, 2.540013303668e-05, 0.0000e+00, 0.0000e+00, 
 2DIAGNOSTIC,    18, -7.547528416977e-01, 2.064464177163e-05, 0.0000e+00, 0.0000e+00, 
 2DIAGNOSTIC,    19, -7.547411005352e-01, 1.461377012300e-05, 0.0000e+00, 0.0000e+00, 
 2DIAGNOSTIC,    20, -7.547145893833e-01, 8.029602555776e-06, 0.0000e+00, 0.0000e+00, 
 2DIAGNOSTIC,    21, -7.547024165940e-01, 2.203825011773e-06, 0.0000e+00, 0.0000e+00, 
DIAGNOSTIC,Iteration,metricValue,convergenceValue,ITERATION_TIME_INDEX,SINCE_LAST
 2DIAGNOSTIC,     1, -6.418908293911e-01, 1.797693134862e+308, 0.0000e+00, 0.0000e+00, 
 2DIAGNOSTIC,     2, -6.423404584443e-01, 1.797693134862e+308, 0.0000e+00, 0.0000e+00, 
 2DIAGNOSTIC,     3, -6.428135741518e-01, 1.797693134862e+308, 0.0000e+00, 0.0000e+00, 
 2DIAGNOSTIC,     4, -6.432677824724e-01, 1.797693134862e+308, 0.0000e+00, 0.0000e+00, 
 2DIAGNOSTIC,     5, -6.440145286546e-01, 1.797693134862e+308, 0.0000e+00, 0.0000e+00, 
 2DIAGNOSTIC,     6, -6.448487767259e-01, 1.797693134862e+308, 0.0000e+00, 0.0000e+00, 
 2DIAGNOSTIC,     7, -6.448298378191e-01, 1.797693134862e+308, 0.0000e+00, 0.0000e+00, 
 2DIAGNOSTIC,     8, -6.448339693585e-01, 1.797693134862e+308, 0.0000e+00, 0.0000e+00, 
 2DIAGNOSTIC,     9, -6.448386617760e-01, 1.797693134862e+308, 0.0000e+00, 0.0000e+00, 
 2DIAGNOSTIC,    10, -6.448417933408e-01, 3.306785013764e-04, 0.0000e+00, 0.0000e+00, 
 2DIAGNOSTIC,    11, -6.448527093861e-01, 2.342689505812e-04, 0.0000e+00, 0.0000e+00, 
 2DIAGNOSTIC,    12, -6.448529726419e-01, 1.497893277908e-04, 0.0000e+00, 0.0000e+00, 
 2DIAGNOSTIC,    13, -6.448541511892e-01, 8.146863276008e-05, 0.0000e+00, 0.0000e+00, 
 2DIAGNOSTIC,    14, -6.448595195141e-01, 2.986029059369e-05, 0.0000e+00, 0.0000e+00, 
 2DIAGNOSTIC,    15, -6.448590678513e-01, 3.857202682173e-06, 0.0000e+00, 0.0000e+00, 
 2DIAGNOSTIC,    16, -6.448621124044e-01, 4.051057393775e-06, 0.0000e+00, 0.0000e+00, 
 2DIAGNOSTIC,    17, -6.448699855907e-01, 3.743721916846e-06, 0.0000e+00, 0.0000e+00, 
 2DIAGNOSTIC,    18, -6.448696047707e-01, 3.386065189570e-06, 0.0000e+00, 0.0000e+00, 
 2DIAGNOSTIC,    19, -6.448694361757e-01, 3.023965760816e-06, 0.0000e+00, 0.0000e+00, 
 2DIAGNOSTIC,    20, -6.448666674668e-01, 2.576910179901e-06, 0.0000e+00, 0.0000e+00, 
 2DIAGNOSTIC,    21, -6.448672618327e-01, 2.324432808017e-06, 0.0000e+00, 0.0000e+00, 
 2DIAGNOSTIC,    22, -6.448641400783e-01, 1.958856195701e-06, 0.0000e+00, 0.0000e+00, 
 2DIAGNOSTIC,    23, -6.448647560965e-01, 1.610223967045e-06, 0.0000e+00, 0.0000e+00, 
 2DIAGNOSTIC,    24, -6.448625596110e-01, 1.330613132719e-06, 0.0000e+00, 0.0000e+00, 
 2DIAGNOSTIC,    25, -6.448621340324e-01, 1.058822057851e-06, 0.0000e+00, 0.0000e+00, 
DIAGNOSTIC,Iteration,metricValue,convergenceValue,ITERATION_TIME_INDEX,SINCE_LAST
 2DIAGNOSTIC,     1, -5.762108262191e-01, 1.797693134862e+308, 0.0000e+00, 0.0000e+00, 
 2DIAGNOSTIC,     2, -5.766644352525e-01, 1.797693134862e+308, 0.0000e+00, 0.0000e+00, 
 2DIAGNOSTIC,     3, -5.772186911087e-01, 1.797693134862e+308, 0.0000e+00, 0.0000e+00, 
 2DIAGNOSTIC,     4, -5.778219886174e-01, 1.797693134862e+308, 0.0000e+00, 0.0000e+00, 
 2DIAGNOSTIC,     5, -5.791887966978e-01, 1.797693134862e+308, 0.0000e+00, 0.0000e+00, 
 2DIAGNOSTIC,     6, -5.800302586258e-01, 1.797693134862e+308, 0.0000e+00, 0.0000e+00, 
 2DIAGNOSTIC,     7, -5.800277370763e-01, 1.797693134862e+308, 0.0000e+00, 0.0000e+00, 
 2DIAGNOSTIC,     8, -5.800282812314e-01, 1.797693134862e+308, 0.0000e+00, 0.0000e+00, 
 2DIAGNOSTIC,     9, -5.800282995469e-01, 1.797693134862e+308, 0.0000e+00, 0.0000e+00, 
 2DIAGNOSTIC,    10, -5.800289228148e-01, 4.892843649463e-04, 0.0000e+00, 0.0000e+00, 
 2DIAGNOSTIC,    11, -5.800311424327e-01, 3.493801447794e-04, 0.0000e+00, 0.0000e+00, 
 2DIAGNOSTIC,    12, -5.800344070835e-01, 2.208953729322e-04, 0.0000e+00, 0.0000e+00, 
 2DIAGNOSTIC,    13, -5.800384442410e-01, 1.140744913932e-04, 0.0000e+00, 0.0000e+00, 
 2DIAGNOSTIC,    14, -5.800453795522e-01, 3.277204754012e-05, 0.0000e+00, 0.0000e+00, 
 2DIAGNOSTIC,    15, -5.800520798617e-01, 3.683315107264e-06, 0.0000e+00, 0.0000e+00, 
 2DIAGNOSTIC,    16, -5.800611386301e-01, 4.175970172368e-06, 0.0000e+00, 0.0000e+00, 
 2DIAGNOSTIC,    17, -5.800696651130e-01, 4.578669854940e-06, 0.0000e+00, 0.0000e+00, 
 2DIAGNOSTIC,    18, -5.800776175906e-01, 4.916063822233e-06, 0.0000e+00, 0.0000e+00, 
 2DIAGNOSTIC,    19, -5.800819897877e-01, 5.038028664132e-06, 0.0000e+00, 0.0000e+00, 
 2DIAGNOSTIC,    20, -5.800813541793e-01, 4.834770142972e-06, 0.0000e+00, 0.0000e+00, 
 2DIAGNOSTIC,    21, -5.800815410907e-01, 4.406619964273e-06, 0.0000e+00, 0.0000e+00, 
 2DIAGNOSTIC,    22, -5.800812947922e-01, 3.813454579234e-06, 0.0000e+00, 0.0000e+00, 
