
##########################
# Experiment information #
##########################

EXPERIMENT_NAME: antsRegistration-r8-p23
VFC_BACKENDS: libinterflop_vprec.so --range-binary32=8 --precision-binary32=23 --range-binary64=8 --precision-binary64=23

SIF_IMG: /home/mdugre/projects/rrg-glatard/mdugre/containers/ants-vprec-no_metrics.simg

SUBJECT_ID: s020
INPUT_IMG: /home/mdugre/scratch/mri-registration-rp/datasets/ds004513/derivatives/mri-registration-rp/antsBrainExtraction/sub-s020/BrainExtractionBrain.nii.gz
OUTPUT_DIR: /home/mdugre/scratch/mri-registration-rp/datasets/ds004513/derivatives/mri-registration-rp/0011/antsRegistration-r8-p23/sub-s020

FIXED_IMG: /templateflow/tpl-MNI152NLin2009cAsym/tpl-MNI152NLin2009cAsym_res-01_desc-brain_T1w.nii.gz
DATA_DIR: /home/mdugre/scratch/mri-registration-rp/datasets/ds004513
TEMPLATEFLOW_DIR: /home/mdugre/projects/rrg-glatard/mdugre/templateflow
ITK_GLOBAL_DEFAULT_NUMBER_OF_THREADS: 16
##########################

Info [verificarlo]: loaded backend libinterflop_ieee.so
Info [interflop-ieee]: load backend with:
Info [interflop-ieee]: debug = false
Info [interflop-ieee]: debug-binary = false
Info [interflop-ieee]: no-backend-name = false
Info [interflop-ieee]: print-new-line = false
Info [interflop-ieee]: print-subnormal-normalized = false
Info [interflop-ieee]: count-op = false
All_Command_lines_OK
Using double precision for computations.
=============================================================================
The composite transform comprises the following transforms (in order): 
  1. Center of mass alignment using fixed image: /templateflow/tpl-MNI152NLin2009cAsym/tpl-MNI152NLin2009cAsym_res-01_desc-brain_T1w.nii.gz and moving image: /home/mdugre/scratch/mri-registration-rp/datasets/ds004513/derivatives/mri-registration-rp/antsBrainExtraction/sub-s020/BrainExtractionBrain.nii.gz (type = Euler3DTransform)
=============================================================================
  number of levels = 1
  fixed image: /templateflow/tpl-MNI152NLin2009cAsym/tpl-MNI152NLin2009cAsym_res-01_desc-brain_T1w.nii.gz
  moving image: /home/mdugre/scratch/mri-registration-rp/datasets/ds004513/derivatives/mri-registration-rp/antsBrainExtraction/sub-s020/BrainExtractionBrain.nii.gz
Dimension = 3
Number of stages = 1
Use histogram matching = false
Winsorize image intensities = true
  Lower quantile = 0.005
  Upper quantile = 0.995


Stage 1 State
   Image metric = MattesMI
     Fixed image = Image (0x3ab5e70)
  RTTI typeinfo:   itk::Image<double, 3u>
  Reference Count: 2
  Modified Time: 2334
  Debug: Off
  Object Name: 
  Observers: 
    none
  Source: (none)
  Source output name: (none)
  Release Data: Off
  Data Released: False
  Global Release Data: Off
  PipelineMTime: 0
  UpdateMTime: 1943
  RealTimeStamp: 0 seconds 
  LargestPossibleRegion: 
    Dimension: 3
    Index: [0, 0, 0]
    Size: [193, 229, 193]
  BufferedRegion: 
    Dimension: 3
    Index: [0, 0, 0]
    Size: [193, 229, 193]
  RequestedRegion: 
    Dimension: 3
    Index: [0, 0, 0]
    Size: [193, 229, 193]
  Spacing: [1, 1, 1]
  Origin: [96, 132, -78]
  Direction: 
-1 0 0
0 -1 0
0 0 1

  IndexToPointMatrix: 
-1 0 0
0 -1 0
0 0 1

  PointToIndexMatrix: 
-1 0 0
0 -1 0
0 0 1

  Inverse Direction: 
-1 0 0
0 -1 0
0 0 1

  PixelContainer: 
    ImportImageContainer (0x3abec60)
      RTTI typeinfo:   itk::ImportImageContainer<unsigned long, double>
      Reference Count: 1
      Modified Time: 1940
      Debug: Off
      Object Name: 
      Observers: 
        none
      Pointer: 0x14e5f5a45010
      Container manages memory: true
      Size: 8530021
      Capacity: 8530021

     Moving image = Image (0x3ac1610)
  RTTI typeinfo:   itk::Image<double, 3u>
  Reference Count: 2
  Modified Time: 2335
  Debug: Off
  Object Name: 
  Observers: 
    none
  Source: (none)
  Source output name: (none)
  Release Data: Off
  Data Released: False
  Global Release Data: Off
  PipelineMTime: 0
  UpdateMTime: 2332
  RealTimeStamp: 0 seconds 
  LargestPossibleRegion: 
    Dimension: 3
    Index: [0, 0, 0]
    Size: [160, 240, 256]
  BufferedRegion: 
    Dimension: 3
    Index: [0, 0, 0]
    Size: [160, 240, 256]
  RequestedRegion: 
    Dimension: 3
    Index: [0, 0, 0]
    Size: [160, 240, 256]
  Spacing: [0.999995, 1, 1]
  Origin: [87.0906, 98.7205, -152.377]
  Direction: 
-0.996975 0.0261379 -0.0731913
-0.0260677 -0.999658 -0.00191374
-0.0732163 -2.46403e-08 0.997316

  IndexToPointMatrix: 
-0.996971 0.0261379 -0.0731913
-0.0260676 -0.999658 -0.00191374
-0.0732159 -2.46403e-08 0.997316

  PointToIndexMatrix: 
-0.99698 -0.0260679 -0.0732166
0.0261379 -0.999658 -2.46993e-08
-0.0731913 -0.00191374 0.997316

  Inverse Direction: 
-0.996975 -0.0260677 -0.0732163
0.0261379 -0.999658 -2.46993e-08
-0.0731913 -0.00191374 0.997316

  PixelContainer: 
    ImportImageContainer (0x3b5aef0)
      RTTI typeinfo:   itk::ImportImageContainer<unsigned long, double>
      Reference Count: 1
      Modified Time: 2329
      Debug: Off
      Object Name: 
      Observers: 
        none
      Pointer: 0x14e5f0f44010
      Container manages memory: true
      Size: 9830400
      Capacity: 9830400

     Weighting = 1
     Sampling strategy = regular
     Number of bins = 32
     Radius = 4
     Sampling percentage  = 0.25
   Transform = Rigid
     Gradient step = 0.1
     Update field sigma (voxel space) = 0
     Total field sigma (voxel space) = 0
     Update field time sigma = 0
     Total field time sigma  = 0
     Number of time indices = 0
     Number of time point samples = 0
Registration using 1 total stages.

Stage 0
  iterations = 0
  convergence threshold = 1e-06
  convergence window size = 10
  number of levels = 1
  using the Mattes MI metric (number of bins = 32, weight = 1, use gradient filter = 0)
  preprocessing:  winsorizing the image intensities
  Shrink factors (level 1 out of 1): [1, 1, 1]
  smoothing sigmas per level: [0]
  regular sampling (percentage = 0.25)

*** Running Euler3DTransform registration ***

  Elapsed time (stage 0): 1.15337


Total elapsed time: 1.15539
Info [verificarlo]: loaded backend libinterflop_ieee.so
Info [interflop-ieee]: load backend with:
Info [interflop-ieee]: debug = false
Info [interflop-ieee]: debug-binary = false
Info [interflop-ieee]: no-backend-name = false
Info [interflop-ieee]: print-new-line = false
Info [interflop-ieee]: print-subnormal-normalized = false
Info [interflop-ieee]: count-op = false
All_Command_lines_OK
Using double precision for computations.
=============================================================================
The composite transform comprises the following transforms (in order): 
  1. /home/mdugre/scratch/mri-registration-rp/datasets/ds004513/derivatives/mri-registration-rp/0011/antsRegistration-r8-p23/sub-s020/align_Composite.h5[0] (type = Euler3DTransform)
  2. /home/mdugre/scratch/mri-registration-rp/datasets/ds004513/derivatives/mri-registration-rp/0011/antsRegistration-r8-p23/sub-s020/align_Composite.h5[1] (type = Euler3DTransform)
=============================================================================
  number of levels = 4
  fixed image: /templateflow/tpl-MNI152NLin2009cAsym/tpl-MNI152NLin2009cAsym_res-01_desc-brain_T1w.nii.gz
  moving image: /home/mdugre/scratch/mri-registration-rp/datasets/ds004513/derivatives/mri-registration-rp/antsBrainExtraction/sub-s020/BrainExtractionBrain.nii.gz
Dimension = 3
Number of stages = 1
Use histogram matching = false
Winsorize image intensities = true
  Lower quantile = 0.005
  Upper quantile = 0.995


Stage 1 State
   Image metric = MattesMI
     Fixed image = Image (0x3fa7530)
  RTTI typeinfo:   itk::Image<double, 3u>
  Reference Count: 2
  Modified Time: 1580
  Debug: Off
  Object Name: 
  Observers: 
    none
  Source: (none)
  Source output name: (none)
  Release Data: Off
  Data Released: False
  Global Release Data: Off
  PipelineMTime: 0
  UpdateMTime: 1189
  RealTimeStamp: 0 seconds 
  LargestPossibleRegion: 
    Dimension: 3
    Index: [0, 0, 0]
    Size: [193, 229, 193]
  BufferedRegion: 
    Dimension: 3
    Index: [0, 0, 0]
    Size: [193, 229, 193]
  RequestedRegion: 
    Dimension: 3
    Index: [0, 0, 0]
    Size: [193, 229, 193]
  Spacing: [1, 1, 1]
  Origin: [96, 132, -78]
  Direction: 
-1 0 0
0 -1 0
0 0 1

  IndexToPointMatrix: 
-1 0 0
0 -1 0
0 0 1

  PointToIndexMatrix: 
-1 0 0
0 -1 0
0 0 1

  Inverse Direction: 
-1 0 0
0 -1 0
0 0 1

  PixelContainer: 
    ImportImageContainer (0x4065d60)
      RTTI typeinfo:   itk::ImportImageContainer<unsigned long, double>
      Reference Count: 1
      Modified Time: 1186
      Debug: Off
      Object Name: 
      Observers: 
        none
      Pointer: 0x150366177010
      Container manages memory: true
      Size: 8530021
      Capacity: 8530021

     Moving image = Image (0x4057f60)
  RTTI typeinfo:   itk::Image<double, 3u>
  Reference Count: 2
  Modified Time: 1581
  Debug: Off
  Object Name: 
  Observers: 
    none
  Source: (none)
  Source output name: (none)
  Release Data: Off
  Data Released: False
  Global Release Data: Off
  PipelineMTime: 0
  UpdateMTime: 1578
  RealTimeStamp: 0 seconds 
  LargestPossibleRegion: 
    Dimension: 3
    Index: [0, 0, 0]
    Size: [160, 240, 256]
  BufferedRegion: 
    Dimension: 3
    Index: [0, 0, 0]
    Size: [160, 240, 256]
  RequestedRegion: 
    Dimension: 3
    Index: [0, 0, 0]
    Size: [160, 240, 256]
  Spacing: [0.999995, 1, 1]
  Origin: [87.0906, 98.7205, -152.377]
  Direction: 
-0.996975 0.0261379 -0.0731913
-0.0260677 -0.999658 -0.00191374
-0.0732163 -2.46403e-08 0.997316

  IndexToPointMatrix: 
-0.996971 0.0261379 -0.0731913
-0.0260676 -0.999658 -0.00191374
-0.0732159 -2.46403e-08 0.997316

  PointToIndexMatrix: 
-0.99698 -0.0260679 -0.0732166
0.0261379 -0.999658 -2.46993e-08
-0.0731913 -0.00191374 0.997316

  Inverse Direction: 
-0.996975 -0.0260677 -0.0732163
0.0261379 -0.999658 -2.46993e-08
-0.0731913 -0.00191374 0.997316

  PixelContainer: 
    ImportImageContainer (0x40496d0)
      RTTI typeinfo:   itk::ImportImageContainer<unsigned long, double>
      Reference Count: 1
      Modified Time: 1575
      Debug: Off
      Object Name: 
      Observers: 
        none
      Pointer: 0x150361676010
      Container manages memory: true
      Size: 9830400
      Capacity: 9830400

     Weighting = 1
     Sampling strategy = regular
     Number of bins = 32
     Radius = 4
     Sampling percentage  = 0.25
   Transform = Rigid
     Gradient step = 0.1
     Update field sigma (voxel space) = 0
     Total field sigma (voxel space) = 0
     Update field time sigma = 0
     Total field time sigma  = 0
     Number of time indices = 0
     Number of time point samples = 0
Registration using 1 total stages.

Stage 0
  iterations = 1000x500x250x100
  convergence threshold = 1e-06
  convergence window size = 10
  number of levels = 4
  using the Mattes MI metric (number of bins = 32, weight = 1, use gradient filter = 0)
  preprocessing:  winsorizing the image intensities
  Shrink factors (level 1 out of 4): [8, 8, 8]
  Shrink factors (level 2 out of 4): [4, 4, 4]
  Shrink factors (level 3 out of 4): [2, 2, 2]
  Shrink factors (level 4 out of 4): [1, 1, 1]
  smoothing sigmas per level: [3, 2, 1, 0]
  regular sampling (percentage = 0.25)

*** Running Euler3DTransform registration ***

DIAGNOSTIC,Iteration,metricValue,convergenceValue,ITERATION_TIME_INDEX,SINCE_LAST
 2DIAGNOSTIC,     1, -3.791273390751e-01, 1.797693134862e+308, 1.6461e+00, 1.6461e+00, 
 2DIAGNOSTIC,     2, -3.803606001643e-01, 1.797693134862e+308, 1.6525e+00, 6.4030e-03, 
 2DIAGNOSTIC,     3, -3.828962034719e-01, 1.797693134862e+308, 1.6588e+00, 6.2990e-03, 
 2DIAGNOSTIC,     4, -3.876122532015e-01, 1.797693134862e+308, 1.6653e+00, 6.4521e-03, 
 2DIAGNOSTIC,     5, -3.904935334081e-01, 1.797693134862e+308, 1.6729e+00, 7.6039e-03, 
 2DIAGNOSTIC,     6, -3.911039700181e-01, 1.797693134862e+308, 1.6792e+00, 6.3040e-03, 
 2DIAGNOSTIC,     7, -3.914905453856e-01, 1.797693134862e+308, 1.6855e+00, 6.2819e-03, 
 2DIAGNOSTIC,     8, -3.925629083064e-01, 1.797693134862e+308, 1.6920e+00, 6.5160e-03, 
 2DIAGNOSTIC,     9, -3.981570789235e-01, 1.797693134862e+308, 1.6988e+00, 6.8409e-03, 
 2DIAGNOSTIC,    10, -4.079218556696e-01, 3.866687266231e-03, 1.7079e+00, 9.1269e-03, 
 2DIAGNOSTIC,    11, -4.246779602407e-01, 4.904320352957e-03, 1.7159e+00, 7.9420e-03, 
 2DIAGNOSTIC,    12, -4.297045200929e-01, 5.673254149498e-03, 1.7230e+00, 7.1371e-03, 
 2DIAGNOSTIC,    13, -4.335692915518e-01, 6.156954111695e-03, 1.7317e+00, 8.7161e-03, 
 2DIAGNOSTIC,    14, -4.439932007372e-01, 6.764094567471e-03, 1.7387e+00, 6.9680e-03, 
 2DIAGNOSTIC,    15, -4.466217674703e-01, 6.904768051893e-03, 1.7471e+00, 8.3790e-03, 
 2DIAGNOSTIC,    16, -4.513528166462e-01, 6.619270361963e-03, 1.7542e+00, 7.0729e-03, 
 2DIAGNOSTIC,    17, -4.528510993215e-01, 5.844785609193e-03, 1.7622e+00, 7.9870e-03, 
 2DIAGNOSTIC,    18, -4.555717392159e-01, 4.777374779176e-03, 1.7714e+00, 9.2828e-03, 
 2DIAGNOSTIC,    19, -4.559551097711e-01, 3.601534524451e-03, 1.7772e+00, 5.7650e-03, 
 2DIAGNOSTIC,    20, -4.573566863661e-01, 2.586717833333e-03, 1.7858e+00, 8.6300e-03, 
 2DIAGNOSTIC,    21, -4.575250519552e-01, 1.982980818903e-03, 1.7915e+00, 5.6450e-03, 
 2DIAGNOSTIC,    22, -4.577284480285e-01, 1.415650691357e-03, 1.7978e+00, 6.3241e-03, 
 2DIAGNOSTIC,    23, -4.579446160047e-01, 8.825912743442e-04, 1.8035e+00, 5.6942e-03, 
 2DIAGNOSTIC,    24, -4.580221640404e-01, 6.077399110557e-04, 1.8092e+00, 5.6851e-03, 
 2DIAGNOSTIC,    25, -4.581755358254e-01, 3.715339910680e-04, 1.8149e+00, 5.6949e-03, 
 2DIAGNOSTIC,    26, -4.586245674558e-01, 2.523987936632e-04, 1.8207e+00, 5.7960e-03, 
 2DIAGNOSTIC,    27, -4.589284689153e-01, 1.618323826703e-04, 1.8290e+00, 8.3711e-03, 
 2DIAGNOSTIC,    28, -4.591711694485e-01, 1.332194448091e-04, 1.8348e+00, 5.7859e-03, 
 2DIAGNOSTIC,    29, -4.592801538148e-01, 1.047247135451e-04, 1.8406e+00, 5.7790e-03, 
 2DIAGNOSTIC,    30, -4.596801386454e-01, 1.080839984200e-04, 1.8488e+00, 8.1580e-03, 
 2DIAGNOSTIC,    31, -4.599400693662e-01, 1.098232083907e-04, 1.8538e+00, 5.0080e-03, 
 2DIAGNOSTIC,    32, -4.599350640417e-01, 1.050006317616e-04, 1.8589e+00, 5.1100e-03, 
 2DIAGNOSTIC,    33, -4.600736570188e-01, 9.790806030038e-05, 1.8639e+00, 5.0340e-03, 
 2DIAGNOSTIC,    34, -4.601771075965e-01, 8.559241079328e-05, 1.8698e+00, 5.8520e-03, 
 2DIAGNOSTIC,    35, -4.602316297173e-01, 6.959682976819e-05, 1.8767e+00, 6.9361e-03, 
 2DIAGNOSTIC,    36, -4.602528461380e-01, 5.639171266146e-05, 1.8819e+00, 5.1651e-03, 
 2DIAGNOSTIC,    37, -4.604055469270e-01, 4.671981306939e-05, 1.8869e+00, 5.0321e-03, 
 2DIAGNOSTIC,    38, -4.610442210006e-01, 4.829648538787e-05, 1.8926e+00, 5.6541e-03, 
 2DIAGNOSTIC,    39, -4.612221475553e-01, 4.959970475224e-05, 1.8977e+00, 5.1851e-03, 
 2DIAGNOSTIC,    40, -4.612071798304e-01, 5.240462092442e-05, 1.9040e+00, 6.3040e-03, 
 2DIAGNOSTIC,    41, -4.615215747925e-01, 5.945802983916e-05, 1.9092e+00, 5.1579e-03, 
 2DIAGNOSTIC,    42, -4.616711194693e-01, 6.258734209767e-05, 1.9149e+00, 5.6620e-03, 
 2DIAGNOSTIC,    43, -4.620584418769e-01, 6.734152138816e-05, 1.9207e+00, 5.8081e-03, 
 2DIAGNOSTIC,    44, -4.631191528364e-01, 8.244967824700e-05, 1.9271e+00, 6.4280e-03, 
 2DIAGNOSTIC,    45, -4.648482089072e-01, 1.143804398518e-04, 1.9326e+00, 5.4560e-03, 
 2DIAGNOSTIC,    46, -4.649565131956e-01, 1.353810158202e-04, 1.9377e+00, 5.1649e-03, 
 2DIAGNOSTIC,    47, -4.651802423396e-01, 1.478943974781e-04, 1.9430e+00, 5.2600e-03, 
 2DIAGNOSTIC,    48, -4.675043940458e-01, 1.855389430547e-04, 1.9499e+00, 6.9158e-03, 
 2DIAGNOSTIC,    49, -4.680857518234e-01, 2.127381515159e-04, 1.9548e+00, 4.9210e-03, 
 2DIAGNOSTIC,    50, -4.682301342554e-01, 2.198923204907e-04, 1.9604e+00, 5.5749e-03, 
 2DIAGNOSTIC,    51, -4.687415445939e-01, 2.167217697302e-04, 1.9665e+00, 6.0890e-03, 
 2DIAGNOSTIC,    52, -4.691402784503e-01, 1.998740511669e-04, 1.9715e+00, 5.0459e-03, 
 2DIAGNOSTIC,    53, -4.700182458959e-01, 1.791909790640e-04, 1.9766e+00, 5.1019e-03, 
 2DIAGNOSTIC,    54, -4.710437737877e-01, 1.659252834173e-04, 1.9843e+00, 7.6618e-03, 
 2DIAGNOSTIC,    55, -4.713063459412e-01, 1.605906556367e-04, 1.9895e+00, 5.1920e-03, 
 2DIAGNOSTIC,    56, -4.722562765821e-01, 1.525716686363e-04, 1.9945e+00, 5.0459e-03, 
 2DIAGNOSTIC,    57, -4.725716219300e-01, 1.354166102277e-04, 1.9996e+00, 5.0609e-03, 
 2DIAGNOSTIC,    58, -4.733698635596e-01, 1.399007428776e-04, 2.0047e+00, 5.1169e-03, 
 2DIAGNOSTIC,    59, -4.741229044363e-01, 1.450057311838e-04, 2.0100e+00, 5.2769e-03, 
 2DIAGNOSTIC,    60, -4.755879871131e-01, 1.528932999022e-04, 2.0172e+00, 7.1812e-03, 
 2DIAGNOSTIC,    61, -4.759140959463e-01, 1.543259421708e-04, 2.0332e+00, 1.6034e-02, 
 2DIAGNOSTIC,    62, -4.759140688214e-01, 1.449941402890e-04, 2.0384e+00, 5.1539e-03, 
 2DIAGNOSTIC,    63, -4.759141238306e-01, 1.308858463885e-04, 2.0438e+00, 5.4860e-03, 
 2DIAGNOSTIC,    64, -4.759142168335e-01, 1.147534390618e-04, 2.0490e+00, 5.1289e-03, 
 2DIAGNOSTIC,    65, -4.759143740203e-01, 9.032285473001e-05, 2.0541e+00, 5.1260e-03, 
 2DIAGNOSTIC,    66, -4.759146395932e-01, 6.712060826166e-05, 2.0592e+00, 5.0991e-03, 
 2DIAGNOSTIC,    67, -4.759150880228e-01, 4.128677892910e-05, 2.0643e+00, 5.1310e-03, 
 2DIAGNOSTIC,    68, -4.759158444550e-01, 1.973167848650e-05, 2.0693e+00, 4.9741e-03, 
 2DIAGNOSTIC,    69, -4.759171182810e-01, 3.507192254906e-06, 2.0743e+00, 4.9770e-03, 
DIAGNOSTIC,Iteration,metricValue,convergenceValue,ITERATION_TIME_INDEX,SINCE_LAST
 2DIAGNOSTIC,     1, -3.882367813546e-01, 1.797693134862e+308, 2.8693e+00, 7.9506e-01, 
 2DIAGNOSTIC,     2, -3.885562099915e-01, 1.797693134862e+308, 2.9062e+00, 3.6882e-02, 
 2DIAGNOSTIC,     3, -3.890049640447e-01, 1.797693134862e+308, 2.9387e+00, 3.2498e-02, 
 2DIAGNOSTIC,     4, -3.896577798426e-01, 1.797693134862e+308, 2.9716e+00, 3.2866e-02, 
 2DIAGNOSTIC,     5, -3.906293864235e-01, 1.797693134862e+308, 3.0074e+00, 3.5790e-02, 
 2DIAGNOSTIC,     6, -3.917488047121e-01, 1.797693134862e+308, 3.0465e+00, 3.9133e-02, 
 2DIAGNOSTIC,     7, -3.927174331223e-01, 1.797693134862e+308, 3.0870e+00, 4.0467e-02, 
 2DIAGNOSTIC,     8, -3.932921176723e-01, 1.797693134862e+308, 3.1191e+00, 3.2099e-02, 
 2DIAGNOSTIC,     9, -3.940662588325e-01, 1.797693134862e+308, 3.1511e+00, 3.2061e-02, 
 2DIAGNOSTIC,    10, -3.950321887538e-01, 1.182192030239e-03, 3.1848e+00, 3.3680e-02, 
 2DIAGNOSTIC,    11, -3.973893735891e-01, 1.229114438788e-03, 3.2229e+00, 3.8069e-02, 
 2DIAGNOSTIC,    12, -3.987794835496e-01, 1.257809418995e-03, 3.2578e+00, 3.4891e-02, 
 2DIAGNOSTIC,    13, -4.004459178793e-01, 1.286072301023e-03, 3.2911e+00, 3.3304e-02, 
 2DIAGNOSTIC,    14, -4.062764662946e-01, 1.526075169453e-03, 3.3327e+00, 4.1664e-02, 
 2DIAGNOSTIC,    15, -4.108235542693e-01, 1.849917424901e-03, 3.3734e+00, 4.0715e-02, 
 2DIAGNOSTIC,    16, -4.143562102894e-01, 2.166152159848e-03, 3.4055e+00, 3.2074e-02, 
 2DIAGNOSTIC,    17, -4.155365024811e-01, 2.335684752659e-03, 3.4674e+00, 6.1883e-02, 
 2DIAGNOSTIC,    18, -4.157200773029e-01, 2.302710670035e-03, 3.5050e+00, 3.7601e-02, 
 2DIAGNOSTIC,    19, -4.157723069838e-01, 2.090366438689e-03, 3.5404e+00, 3.5411e-02, 
 2DIAGNOSTIC,    20, -4.159154437834e-01, 1.741641783560e-03, 3.5751e+00, 3.4641e-02, 
 2DIAGNOSTIC,    21, -4.164976754261e-01, 1.364491156857e-03, 3.6132e+00, 3.8141e-02, 
 2DIAGNOSTIC,    22, -4.175919977523e-01, 9.772086070904e-04, 3.6562e+00, 4.3007e-02, 
 2DIAGNOSTIC,    23, -4.177111922004e-01, 5.859692515585e-04, 3.6951e+00, 3.8886e-02, 
 2DIAGNOSTIC,    24, -4.176944394307e-01, 3.431124554571e-04, 3.7349e+00, 3.9786e-02, 
 2DIAGNOSTIC,    25, -4.177073897661e-01, 2.147994400186e-04, 3.7696e+00, 3.4687e-02, 
 2DIAGNOSTIC,    26, -4.177065313165e-01, 1.709646730885e-04, 3.8146e+00, 4.4992e-02, 
 2DIAGNOSTIC,    27, -4.177041819813e-01, 1.445452184955e-04, 3.8561e+00, 4.1508e-02, 
 2DIAGNOSTIC,    28, -4.177173010830e-01, 1.115939076093e-04, 3.8974e+00, 4.1333e-02, 
 2DIAGNOSTIC,    29, -4.177158020328e-01, 7.227796150969e-05, 3.9434e+00, 4.5956e-02, 
 2DIAGNOSTIC,    30, -4.177066209926e-01, 3.202779155127e-05, 3.9891e+00, 4.5713e-02, 
 2DIAGNOSTIC,    31, -4.177024612942e-01, 3.890935173827e-06, 4.0357e+00, 4.6599e-02, 
 2DIAGNOSTIC,    32, -4.176977626886e-01, 1.010718070571e-06, 4.0757e+00, 4.0049e-02, 
DIAGNOSTIC,Iteration,metricValue,convergenceValue,ITERATION_TIME_INDEX,SINCE_LAST
 2DIAGNOSTIC,     1, -3.572377649412e-01, 1.797693134862e+308, 5.2543e+00, 1.1786e+00, 
 2DIAGNOSTIC,     2, -3.573729832280e-01, 1.797693134862e+308, 5.4978e+00, 2.4347e-01, 
 2DIAGNOSTIC,     3, -3.576163202124e-01, 1.797693134862e+308, 5.7436e+00, 2.4577e-01, 
 2DIAGNOSTIC,     4, -3.580174214836e-01, 1.797693134862e+308, 5.9899e+00, 2.4632e-01, 
 2DIAGNOSTIC,     5, -3.586352238885e-01, 1.797693134862e+308, 6.2388e+00, 2.4889e-01, 
 2DIAGNOSTIC,     6, -3.587369541863e-01, 1.797693134862e+308, 6.4943e+00, 2.5549e-01, 
 2DIAGNOSTIC,     7, -3.591030119712e-01, 1.797693134862e+308, 6.8000e+00, 3.0577e-01, 
 2DIAGNOSTIC,     8, -3.593736868176e-01, 1.797693134862e+308, 7.1066e+00, 3.0657e-01, 
 2DIAGNOSTIC,     9, -3.599245683651e-01, 1.797693134862e+308, 7.6179e+00, 5.1126e-01, 
 2DIAGNOSTIC,    10, -3.599379590576e-01, 5.331462636450e-04, 7.8847e+00, 2.6688e-01, 
 2DIAGNOSTIC,    11, -3.600250488488e-01, 4.656283306614e-04, 8.1577e+00, 2.7298e-01, 
 2DIAGNOSTIC,    12, -3.600806236852e-01, 3.809737780334e-04, 8.4197e+00, 2.6199e-01, 
 2DIAGNOSTIC,    13, -3.602630114488e-01, 3.004998009701e-04, 8.7248e+00, 3.0508e-01, 
 2DIAGNOSTIC,    14, -3.605331451479e-01, 2.410789489644e-04, 9.2752e+00, 5.5038e-01, 
 2DIAGNOSTIC,    15, -3.605336406326e-01, 2.003637873342e-04, 9.5660e+00, 2.9079e-01, 
 2DIAGNOSTIC,    16, -3.605347596964e-01, 1.519757282343e-04, 9.8527e+00, 2.8679e-01, 
 2DIAGNOSTIC,    17, -3.605379980561e-01, 1.127482441632e-04, 1.0133e+01, 2.8046e-01, 
 2DIAGNOSTIC,    18, -3.605401316218e-01, 7.882166529630e-05, 1.0379e+01, 2.4562e-01, 
 2DIAGNOSTIC,    19, -3.605433771431e-01, 6.424542930348e-05, 1.0650e+01, 2.7130e-01, 
 2DIAGNOSTIC,    20, -3.605423170102e-01, 4.580952790363e-05, 1.0949e+01, 2.9874e-01, 
 2DIAGNOSTIC,    21, -3.605422862812e-01, 2.848419361590e-05, 1.1285e+01, 3.3638e-01, 
 2DIAGNOSTIC,    22, -3.605422824398e-01, 1.214547103109e-05, 1.1547e+01, 2.6190e-01, 
 2DIAGNOSTIC,    23, -3.605420436772e-01, 2.220932500727e-06, 1.1820e+01, 2.7300e-01, 
 2DIAGNOSTIC,    24, -3.605419632027e-01, 1.938500946305e-06, 1.2044e+01, 2.2370e-01, 
 2DIAGNOSTIC,    25, -3.605422752534e-01, 1.648453678262e-06, 1.2287e+01, 2.4319e-01, 
 2DIAGNOSTIC,    26, -3.605419698702e-01, 1.369688754915e-06, 1.2539e+01, 2.5173e-01, 
 2DIAGNOSTIC,    27, -3.605413820310e-01, 1.174857827642e-06, 1.2778e+01, 2.3924e-01, 
 2DIAGNOSTIC,    28, -3.605424222452e-01, 1.081689541778e-06, 1.3019e+01, 2.4118e-01, 
 2DIAGNOSTIC,    29, -3.605427595529e-01, 1.097605669416e-06, 1.3254e+01, 2.3528e-01, 
 2DIAGNOSTIC,    30, -3.605419689004e-01, 1.063516353809e-06, 1.3468e+01, 2.1368e-01, 
 2DIAGNOSTIC,    31, -3.605431107539e-01, 1.060992572174e-06, 1.3702e+01, 2.3346e-01, 
 2DIAGNOSTIC,    32, -3.605435015195e-01, 1.064594098689e-06, 1.3943e+01, 2.4099e-01, 
 2DIAGNOSTIC,    33, -3.605436214304e-01, 1.057995156442e-06, 1.4198e+01, 2.5507e-01, 
 2DIAGNOSTIC,    34, -3.605448747969e-01, 1.070046136475e-06, 1.4443e+01, 2.4512e-01, 
 2DIAGNOSTIC,    35, -3.605466467746e-01, 1.115758776787e-06, 1.4707e+01, 2.6371e-01, 
 2DIAGNOSTIC,    36, -3.605457484024e-01, 1.112634497376e-06, 1.4952e+01, 2.4578e-01, 
 2DIAGNOSTIC,    37, -3.605471140065e-01, 1.104986265758e-06, 1.5238e+01, 2.8583e-01, 
 2DIAGNOSTIC,    38, -3.605469933401e-01, 1.092997445100e-06, 1.5484e+01, 2.4606e-01, 
 2DIAGNOSTIC,    39, -3.605467332004e-01, 1.059321939945e-06, 1.5709e+01, 2.2510e-01, 
DIAGNOSTIC,Iteration,metricValue,convergenceValue,ITERATION_TIME_INDEX,SINCE_LAST
 2DIAGNOSTIC,     1, -3.315721061852e-01, 1.797693134862e+308, 1.8465e+01, 2.7553e+00, 
 2DIAGNOSTIC,     2, -3.316068318106e-01, 1.797693134862e+308, 1.9805e+01, 1.3408e+00, 
 2DIAGNOSTIC,     3, -3.316216076384e-01, 1.797693134862e+308, 2.1115e+01, 1.3094e+00, 
 2DIAGNOSTIC,     4, -3.316404733057e-01, 1.797693134862e+308, 2.2562e+01, 1.4469e+00, 
 2DIAGNOSTIC,     5, -3.316725896209e-01, 1.797693134862e+308, 2.4089e+01, 1.5273e+00, 
 2DIAGNOSTIC,     6, -3.316785267444e-01, 1.797693134862e+308, 2.6645e+01, 2.5559e+00, 
 2DIAGNOSTIC,     7, -3.316807576241e-01, 1.797693134862e+308, 2.8130e+01, 1.4846e+00, 
 2DIAGNOSTIC,     8, -3.316832259780e-01, 1.797693134862e+308, 2.9707e+01, 1.5777e+00, 
 2DIAGNOSTIC,     9, -3.316847491062e-01, 1.797693134862e+308, 3.1540e+01, 1.8325e+00, 
 2DIAGNOSTIC,    10, -3.316861874465e-01, 2.419354517653e-05, 3.3352e+01, 1.8124e+00, 
 2DIAGNOSTIC,    11, -3.316864527013e-01, 1.632731002159e-05, 3.5090e+01, 1.7375e+00, 
 2DIAGNOSTIC,    12, -3.316867261955e-01, 1.108782897342e-05, 3.7070e+01, 1.9800e+00, 
 2DIAGNOSTIC,    13, -3.316864745731e-01, 6.843940664414e-06, 3.8787e+01, 1.7175e+00, 
 2DIAGNOSTIC,    14, -3.316861646141e-01, 3.891453391802e-06, 4.0742e+01, 1.9552e+00, 
 2DIAGNOSTIC,    15, -3.316861203646e-01, 3.009985935637e-06, 4.2754e+01, 2.0118e+00, 
 2DIAGNOSTIC,    16, -3.316859008290e-01, 2.461951441213e-06, 4.5750e+01, 2.9964e+00, 
 2DIAGNOSTIC,    17, -3.316859007530e-01, 2.045573061063e-06, 4.9073e+01, 3.3225e+00, 
 2DIAGNOSTIC,    18, -3.316859712951e-01, 1.779228226716e-06, 5.3100e+01, 4.0266e+00, 
 2DIAGNOSTIC,    19, -3.316859712951e-01, 1.607029741960e-06, 5.4613e+01, 1.5129e+00, 
 2DIAGNOSTIC,    20, -3.316859712951e-01, 1.519722017507e-06, 5.6393e+01, 1.7809e+00, 
 2DIAGNOSTIC,    21, -3.316859712951e-01, 1.457708556210e-06, 5.8256e+01, 1.8626e+00, 
 2DIAGNOSTIC,    22, -3.316859712951e-01, 1.417448235133e-06, 6.0118e+01, 1.8620e+00, 
 2DIAGNOSTIC,    23, -3.316859712951e-01, 1.374116618519e-06, 6.2172e+01, 2.0539e+00, 
 2DIAGNOSTIC,    24, -3.316859712951e-01, 1.324112653869e-06, 6.3789e+01, 1.6172e+00, 
 2DIAGNOSTIC,    25, -3.316859712951e-01, 1.276975011483e-06, 6.5778e+01, 1.9894e+00, 
 2DIAGNOSTIC,    26, -3.316859712951e-01, 1.225830397369e-06, 6.7378e+01, 1.6000e+00, 
 2DIAGNOSTIC,    27, -3.316859712951e-01, 1.178188802423e-06, 6.9012e+01, 1.6332e+00, 
 2DIAGNOSTIC,    28, -3.316859712951e-01, 1.136109132500e-06, 7.0835e+01, 1.8231e+00, 
 2DIAGNOSTIC,    29, -3.316859712951e-01, 1.096931608519e-06, 7.2504e+01, 1.6697e+00, 
 2DIAGNOSTIC,    30, -3.316859712951e-01, 1.060366006285e-06, 7.4334e+01, 1.8294e+00, 
 2DIAGNOSTIC,    31, -3.316859712951e-01, 1.026159551026e-06, 7.5842e+01, 1.5082e+00, 
  Elapsed time (stage 0): 7.6664e+01


Total elapsed time: 7.6666e+01
Info [verificarlo]: loaded backend libinterflop_vprec.so
Info [interflop-vprec]: load backend with: 
Info [interflop-vprec]: precision-binary32 = 23
Info [interflop-vprec]: range-binary32 = 8
Info [interflop-vprec]: precision-binary64 = 23
Info [interflop-vprec]: range-binary64 = 8
Info [interflop-vprec]: mode = ob
Info [interflop-vprec]: error-mode = rel
Info [interflop-vprec]: max-abs-error-exponent = -1022
Info [interflop-vprec]: daz = false
Info [interflop-vprec]: ftz = false
Info [interflop-vprec]: 	instrument = none
Info [interflop-vprec]: 	prec-input-file = (null)
Info [interflop-vprec]: 	prec-output-file = (null)
Info [interflop-vprec]: 	prec-log-file = (null)
All_Command_lines_OK
Using double precision for computations.
=============================================================================
The composite transform comprises the following transforms (in order): 
  1. /home/mdugre/scratch/mri-registration-rp/datasets/ds004513/derivatives/mri-registration-rp/0011/antsRegistration-r8-p23/sub-s020/rigid_Composite.h5[0] (type = Euler3DTransform)
  2. /home/mdugre/scratch/mri-registration-rp/datasets/ds004513/derivatives/mri-registration-rp/0011/antsRegistration-r8-p23/sub-s020/rigid_Composite.h5[1] (type = Euler3DTransform)
  3. /home/mdugre/scratch/mri-registration-rp/datasets/ds004513/derivatives/mri-registration-rp/0011/antsRegistration-r8-p23/sub-s020/rigid_Composite.h5[2] (type = Euler3DTransform)
=============================================================================
  number of levels = 4
  fixed image: /templateflow/tpl-MNI152NLin2009cAsym/tpl-MNI152NLin2009cAsym_res-01_desc-brain_T1w.nii.gz
  moving image: /home/mdugre/scratch/mri-registration-rp/datasets/ds004513/derivatives/mri-registration-rp/antsBrainExtraction/sub-s020/BrainExtractionBrain.nii.gz
Dimension = 3
Number of stages = 1
Use histogram matching = false
Winsorize image intensities = true
  Lower quantile = 0.005
  Upper quantile = 0.995


Stage 1 State
   Image metric = MattesMI
     Fixed image = Image (0x476f490)
  RTTI typeinfo:   itk::Image<double, 3u>
  Reference Count: 2
  Modified Time: 1594
  Debug: Off
  Object Name: 
  Observers: 
    none
  Source: (none)
  Source output name: (none)
  Release Data: Off
  Data Released: False
  Global Release Data: Off
  PipelineMTime: 0
  UpdateMTime: 1203
  RealTimeStamp: 0 seconds 
  LargestPossibleRegion: 
    Dimension: 3
    Index: [0, 0, 0]
    Size: [193, 229, 193]
  BufferedRegion: 
    Dimension: 3
    Index: [0, 0, 0]
    Size: [193, 229, 193]
  RequestedRegion: 
    Dimension: 3
    Index: [0, 0, 0]
    Size: [193, 229, 193]
  Spacing: [1, 1, 1]
  Origin: [96, 132, -78]
  Direction: 
-1 0 0
0 -1 0
0 0 1

  IndexToPointMatrix: 
-1 0 0
0 -1 0
0 0 1

  PointToIndexMatrix: 
-1 0 0
0 -1 0
0 0 1

  Inverse Direction: 
-1 0 0
0 -1 0
0 0 1

  PixelContainer: 
    ImportImageContainer (0x483a8c0)
      RTTI typeinfo:   itk::ImportImageContainer<unsigned long, double>
      Reference Count: 1
      Modified Time: 1200
      Debug: Off
      Object Name: 
      Observers: 
        none
      Pointer: 0x147a6b6b7010
      Container manages memory: true
      Size: 8530021
      Capacity: 8530021

     Moving image = Image (0x482ab60)
  RTTI typeinfo:   itk::Image<double, 3u>
  Reference Count: 2
  Modified Time: 1595
  Debug: Off
  Object Name: 
  Observers: 
    none
  Source: (none)
  Source output name: (none)
  Release Data: Off
  Data Released: False
  Global Release Data: Off
  PipelineMTime: 0
  UpdateMTime: 1592
  RealTimeStamp: 0 seconds 
  LargestPossibleRegion: 
    Dimension: 3
    Index: [0, 0, 0]
    Size: [160, 240, 256]
  BufferedRegion: 
    Dimension: 3
    Index: [0, 0, 0]
    Size: [160, 240, 256]
  RequestedRegion: 
    Dimension: 3
    Index: [0, 0, 0]
    Size: [160, 240, 256]
  Spacing: [0.999995, 1, 1]
  Origin: [87.0906, 98.7205, -152.377]
  Direction: 
-0.996975 0.0261379 -0.0731912
-0.0260677 -0.999658 -0.00191374
-0.0732163 -2.46403e-08 0.997316

  IndexToPointMatrix: 
-0.996971 0.0261379 -0.0731912
-0.0260676 -0.999658 -0.00191374
-0.0732159 -2.46403e-08 0.997316

  PointToIndexMatrix: 
-0.99698 -0.0260679 -0.0732166
0.0261379 -0.999658 -8.19564e-08
-0.0731913 -0.00191373 0.997316

  Inverse Direction: 
-0.996975 -0.0260677 -0.0732163
0.0261379 -0.999659 8.9407e-08
-0.0731913 -0.00191379 0.997316

  PixelContainer: 
    ImportImageContainer (0x48be1d0)
      RTTI typeinfo:   itk::ImportImageContainer<unsigned long, double>
      Reference Count: 1
      Modified Time: 1589
      Debug: Off
      Object Name: 
      Observers: 
        none
      Pointer: 0x147a66bb6010
      Container manages memory: true
      Size: 9830400
      Capacity: 9830400

     Weighting = 1
     Sampling strategy = regular
     Number of bins = 32
     Radius = 4
     Sampling percentage  = 0.25
   Transform = Affine
     Gradient step = 0.1
     Update field sigma (voxel space) = 0
     Total field sigma (voxel space) = 0
     Update field time sigma = 0
     Total field time sigma  = 0
     Number of time indices = 0
     Number of time point samples = 0
Registration using 1 total stages.

Stage 0
  iterations = 1000x500x250x100
  convergence threshold = 1e-06
  convergence window size = 10
  number of levels = 4
  using the Mattes MI metric (number of bins = 32, weight = 1, use gradient filter = 0)
  preprocessing:  winsorizing the image intensities
  Shrink factors (level 1 out of 4): [8, 8, 8]
  Shrink factors (level 2 out of 4): [4, 4, 4]
  Shrink factors (level 3 out of 4): [2, 2, 2]
  Shrink factors (level 4 out of 4): [1, 1, 1]
  smoothing sigmas per level: [3, 2, 1, 0]
  regular sampling (percentage = 0.25)

*** Running AffineTransform registration ***

DIAGNOSTIC,Iteration,metricValue,convergenceValue,ITERATION_TIME_INDEX,SINCE_LAST
 2DIAGNOSTIC,     1, -5.012093437903e-01, 1.797693134862e+308, 0.0000e+00, 0.0000e+00, 
 2DIAGNOSTIC,     2, -5.031721765432e-01, 1.797693134862e+308, 0.0000e+00, 0.0000e+00, 
 2DIAGNOSTIC,     3, -5.073671275445e-01, 1.797693134862e+308, 0.0000e+00, 0.0000e+00, 
 2DIAGNOSTIC,     4, -5.138696378297e-01, 1.797693134862e+308, 0.0000e+00, 0.0000e+00, 
 2DIAGNOSTIC,     5, -5.222301369262e-01, 1.797693134862e+308, 0.0000e+00, 0.0000e+00, 
 2DIAGNOSTIC,     6, -5.365302592036e-01, 1.797693134862e+308, 0.0000e+00, 0.0000e+00, 
 2DIAGNOSTIC,     7, -5.661746557587e-01, 1.797693134862e+308, 0.0000e+00, 0.0000e+00, 
 2DIAGNOSTIC,     8, -6.429828523484e-01, 1.797693134862e+308, 0.0000e+00, 0.0000e+00, 
 2DIAGNOSTIC,     9, -6.821927052148e-01, 1.797693134862e+308, 0.0000e+00, 0.0000e+00, 
 2DIAGNOSTIC,    10, -7.260124961535e-01, 2.508559352275e-02, 0.0000e+00, 0.0000e+00, 
 2DIAGNOSTIC,    11, -7.585131833198e-01, 2.753409396236e-02, 0.0000e+00, 0.0000e+00, 
 2DIAGNOSTIC,    12, -7.624314239522e-01, 2.725470574657e-02, 0.0000e+00, 0.0000e+00, 
 2DIAGNOSTIC,    13, -7.804963547295e-01, 2.533780351843e-02, 0.0000e+00, 0.0000e+00, 
 2DIAGNOSTIC,    14, -7.972058001697e-01, 2.219179283452e-02, 0.0000e+00, 0.0000e+00, 
 2DIAGNOSTIC,    15, -8.224379143887e-01, 1.852416132498e-02, 0.0000e+00, 0.0000e+00, 
 2DIAGNOSTIC,    16, -8.397899434603e-01, 1.459555109510e-02, 0.0000e+00, 0.0000e+00, 
 2DIAGNOSTIC,    17, -8.437294262849e-01, 1.074016971609e-02, 0.0000e+00, 0.0000e+00, 
 2DIAGNOSTIC,    18, -8.443551792341e-01, 8.255122990074e-03, 0.0000e+00, 0.0000e+00, 
 2DIAGNOSTIC,    19, -8.461292153383e-01, 6.213279653158e-03, 0.0000e+00, 0.0000e+00, 
 2DIAGNOSTIC,    20, -8.472547942428e-01, 4.749962568483e-03, 0.0000e+00, 0.0000e+00, 
 2DIAGNOSTIC,    21, -8.472155579815e-01, 3.645288520220e-03, 0.0000e+00, 0.0000e+00, 
 2DIAGNOSTIC,    22, -8.472918112920e-01, 2.397254223002e-03, 0.0000e+00, 0.0000e+00, 
 2DIAGNOSTIC,    23, -8.473963715725e-01, 1.372814521535e-03, 0.0000e+00, 0.0000e+00, 
 2DIAGNOSTIC,    24, -8.476907416861e-01, 5.939385846065e-04, 0.0000e+00, 0.0000e+00, 
 2DIAGNOSTIC,    25, -8.479265950252e-01, 2.257701814214e-04, 0.0000e+00, 0.0000e+00, 
 2DIAGNOSTIC,    26, -8.479342434655e-01, 1.290413520988e-04, 0.0000e+00, 0.0000e+00, 
 2DIAGNOSTIC,    27, -8.480627969222e-01, 8.751577041657e-05, 0.0000e+00, 0.0000e+00, 
 2DIAGNOSTIC,    28, -8.481312166501e-01, 5.032677538663e-05, 0.0000e+00, 0.0000e+00, 
 2DIAGNOSTIC,    29, -8.478598301242e-01, 3.085489369640e-05, 0.0000e+00, 0.0000e+00, 
 2DIAGNOSTIC,    30, -8.482315424492e-01, 2.925939344126e-05, 0.0000e+00, 0.0000e+00, 
 2DIAGNOSTIC,    31, -8.484722017495e-01, 2.747999445071e-05, 0.0000e+00, 0.0000e+00, 
 2DIAGNOSTIC,    32, -8.488774615733e-01, 2.898235899079e-05, 0.0000e+00, 0.0000e+00, 
 2DIAGNOSTIC,    33, -8.494416737244e-01, 3.529265923807e-05, 0.0000e+00, 0.0000e+00, 
 2DIAGNOSTIC,    34, -8.491056883174e-01, 3.739211412277e-05, 0.0000e+00, 0.0000e+00, 
 2DIAGNOSTIC,    35, -8.490271312463e-01, 3.780555692751e-05, 0.0000e+00, 0.0000e+00, 
 2DIAGNOSTIC,    36, -8.495862270266e-01, 4.050921514097e-05, 0.0000e+00, 0.0000e+00, 
 2DIAGNOSTIC,    37, -8.497773955206e-01, 4.219871481278e-05, 0.0000e+00, 0.0000e+00, 
 2DIAGNOSTIC,    38, -8.510891116806e-01, 5.340472855622e-05, 0.0000e+00, 0.0000e+00, 
 2DIAGNOSTIC,    39, -8.511435951018e-01, 5.670794926754e-05, 0.0000e+00, 0.0000e+00, 
 2DIAGNOSTIC,    40, -8.510405807357e-01, 5.722975998802e-05, 0.0000e+00, 0.0000e+00, 
 2DIAGNOSTIC,    41, -8.510918212431e-01, 5.502233569497e-05, 0.0000e+00, 0.0000e+00, 
 2DIAGNOSTIC,    42, -8.511870789520e-01, 5.185094798201e-05, 0.0000e+00, 0.0000e+00, 
 2DIAGNOSTIC,    43, -8.515001548272e-01, 5.137198093525e-05, 0.0000e+00, 0.0000e+00, 
 2DIAGNOSTIC,    44, -8.517986919028e-01, 4.578014373005e-05, 0.0000e+00, 0.0000e+00, 
 2DIAGNOSTIC,    45, -8.531120007891e-01, 4.621551229061e-05, 0.0000e+00, 0.0000e+00, 
 2DIAGNOSTIC,    46, -8.531386385045e-01, 4.677768044942e-05, 0.0000e+00, 0.0000e+00, 
 2DIAGNOSTIC,    47, -8.532644777066e-01, 4.519789818698e-05, 0.0000e+00, 0.0000e+00, 
 2DIAGNOSTIC,    48, -8.535893567302e-01, 5.186811482638e-05, 0.0000e+00, 0.0000e+00, 
 2DIAGNOSTIC,    49, -8.545398539396e-01, 6.067039602248e-05, 0.0000e+00, 0.0000e+00, 
 2DIAGNOSTIC,    50, -8.543909087386e-01, 6.124510075680e-05, 0.0000e+00, 0.0000e+00, 
 2DIAGNOSTIC,    51, -8.550792384104e-01, 6.137418418074e-05, 0.0000e+00, 0.0000e+00, 
 2DIAGNOSTIC,    52, -8.549589885744e-01, 5.555730349879e-05, 0.0000e+00, 0.0000e+00, 
 2DIAGNOSTIC,    53, -8.549716157241e-01, 4.697701124087e-05, 0.0000e+00, 0.0000e+00, 
 2DIAGNOSTIC,    54, -8.547162483887e-01, 3.430302320983e-05, 0.0000e+00, 0.0000e+00, 
 2DIAGNOSTIC,    55, -8.547268565561e-01, 2.757429548317e-05, 0.0000e+00, 0.0000e+00, 
 2DIAGNOSTIC,    56, -8.546061065597e-01, 1.793038826532e-05, 0.0000e+00, 0.0000e+00, 
 2DIAGNOSTIC,    57, -8.544874408780e-01, 7.023750886820e-06, 0.0000e+00, 0.0000e+00, 
DIAGNOSTIC,Iteration,metricValue,convergenceValue,ITERATION_TIME_INDEX,SINCE_LAST
 2DIAGNOSTIC,     1, -7.139360734961e-01, 1.797693134862e+308, 0.0000e+00, 0.0000e+00, 
 2DIAGNOSTIC,     2, -7.151381352285e-01, 1.797693134862e+308, 0.0000e+00, 0.0000e+00, 
 2DIAGNOSTIC,     3, -7.158614352808e-01, 1.797693134862e+308, 0.0000e+00, 0.0000e+00, 
 2DIAGNOSTIC,     4, -7.159065499765e-01, 1.797693134862e+308, 0.0000e+00, 0.0000e+00, 
 2DIAGNOSTIC,     5, -7.159003252885e-01, 1.797693134862e+308, 0.0000e+00, 0.0000e+00, 
 2DIAGNOSTIC,     6, -7.158866740682e-01, 1.797693134862e+308, 0.0000e+00, 0.0000e+00, 
 2DIAGNOSTIC,     7, -7.158814229175e-01, 1.797693134862e+308, 0.0000e+00, 0.0000e+00, 
 2DIAGNOSTIC,     8, -7.158583861422e-01, 1.797693134862e+308, 0.0000e+00, 0.0000e+00, 
 2DIAGNOSTIC,     9, -7.158508252102e-01, 1.797693134862e+308, 0.0000e+00, 0.0000e+00, 
 2DIAGNOSTIC,    10, -7.158596507664e-01, 1.036631652959e-04, 0.0000e+00, 0.0000e+00, 
 2DIAGNOSTIC,    11, -7.158655662606e-01, 2.694887386827e-05, 0.0000e+00, 0.0000e+00, 
DIAGNOSTIC,Iteration,metricValue,convergenceValue,ITERATION_TIME_INDEX,SINCE_LAST
 2DIAGNOSTIC,     1, -5.946807356906e-01, 1.797693134862e+308, 0.0000e+00, 0.0000e+00, 
 2DIAGNOSTIC,     2, -5.950860207984e-01, 1.797693134862e+308, 0.0000e+00, 0.0000e+00, 
 2DIAGNOSTIC,     3, -5.954358480144e-01, 1.797693134862e+308, 0.0000e+00, 0.0000e+00, 
 2DIAGNOSTIC,     4, -5.958963284023e-01, 1.797693134862e+308, 0.0000e+00, 0.0000e+00, 
 2DIAGNOSTIC,     5, -5.965267314282e-01, 1.797693134862e+308, 0.0000e+00, 0.0000e+00, 
 2DIAGNOSTIC,     6, -5.967724896262e-01, 1.797693134862e+308, 0.0000e+00, 0.0000e+00, 
 2DIAGNOSTIC,     7, -5.968208526762e-01, 1.797693134862e+308, 0.0000e+00, 0.0000e+00, 
 2DIAGNOSTIC,     8, -5.968924451072e-01, 1.797693134862e+308, 0.0000e+00, 0.0000e+00, 
 2DIAGNOSTIC,     9, -5.970977898648e-01, 1.797693134862e+308, 0.0000e+00, 0.0000e+00, 
 2DIAGNOSTIC,    10, -5.971318149094e-01, 2.750520758658e-04, 0.0000e+00, 0.0000e+00, 
 2DIAGNOSTIC,    11, -5.971286872732e-01, 1.998892704592e-04, 0.0000e+00, 0.0000e+00, 
 2DIAGNOSTIC,    12, -5.971290477330e-01, 1.360207939069e-04, 0.0000e+00, 0.0000e+00, 
 2DIAGNOSTIC,    13, -5.971274735658e-01, 8.259481135453e-05, 0.0000e+00, 0.0000e+00, 
 2DIAGNOSTIC,    14, -5.971267712544e-01, 4.455930663771e-05, 0.0000e+00, 0.0000e+00, 
 2DIAGNOSTIC,    15, -5.971258445650e-01, 2.752352956159e-05, 0.0000e+00, 0.0000e+00, 
 2DIAGNOSTIC,    16, -5.971235368234e-01, 1.762056180279e-05, 0.0000e+00, 0.0000e+00, 
 2DIAGNOSTIC,    17, -5.971226202292e-01, 8.803284577343e-06, 0.0000e+00, 0.0000e+00, 
