
##########################
# Experiment information #
##########################

EXPERIMENT_NAME: antsRegistration-r8-p22
VFC_BACKENDS: libinterflop_vprec.so --range-binary32=8 --precision-binary32=22 --range-binary64=8 --precision-binary64=22

SIF_IMG: /home/mdugre/projects/rrg-glatard/mdugre/containers/ants-vprec-no_metrics.simg

SUBJECT_ID: s020
INPUT_IMG: /home/mdugre/scratch/mri-registration-rp/datasets/ds004513/derivatives/mri-registration-rp/antsBrainExtraction/sub-s020/BrainExtractionBrain.nii.gz
OUTPUT_DIR: /home/mdugre/scratch/mri-registration-rp/datasets/ds004513/derivatives/mri-registration-rp/0011/antsRegistration-r8-p22/sub-s020

FIXED_IMG: /templateflow/tpl-MNI152NLin2009cAsym/tpl-MNI152NLin2009cAsym_res-01_desc-brain_T1w.nii.gz
DATA_DIR: /home/mdugre/scratch/mri-registration-rp/datasets/ds004513
TEMPLATEFLOW_DIR: /home/mdugre/projects/rrg-glatard/mdugre/templateflow
ITK_GLOBAL_DEFAULT_NUMBER_OF_THREADS: 16
##########################

Info [verificarlo]: loaded backend libinterflop_ieee.so
Info [interflop-ieee]: load backend with:
Info [interflop-ieee]: debug = false
Info [interflop-ieee]: debug-binary = false
Info [interflop-ieee]: no-backend-name = false
Info [interflop-ieee]: print-new-line = false
Info [interflop-ieee]: print-subnormal-normalized = false
Info [interflop-ieee]: count-op = false
All_Command_lines_OK
Using double precision for computations.
=============================================================================
The composite transform comprises the following transforms (in order): 
  1. Center of mass alignment using fixed image: /templateflow/tpl-MNI152NLin2009cAsym/tpl-MNI152NLin2009cAsym_res-01_desc-brain_T1w.nii.gz and moving image: /home/mdugre/scratch/mri-registration-rp/datasets/ds004513/derivatives/mri-registration-rp/antsBrainExtraction/sub-s020/BrainExtractionBrain.nii.gz (type = Euler3DTransform)
=============================================================================
  number of levels = 1
  fixed image: /templateflow/tpl-MNI152NLin2009cAsym/tpl-MNI152NLin2009cAsym_res-01_desc-brain_T1w.nii.gz
  moving image: /home/mdugre/scratch/mri-registration-rp/datasets/ds004513/derivatives/mri-registration-rp/antsBrainExtraction/sub-s020/BrainExtractionBrain.nii.gz
Dimension = 3
Number of stages = 1
Use histogram matching = false
Winsorize image intensities = true
  Lower quantile = 0.005
  Upper quantile = 0.995


Stage 1 State
   Image metric = MattesMI
     Fixed image = Image (0x3d5ee70)
  RTTI typeinfo:   itk::Image<double, 3u>
  Reference Count: 2
  Modified Time: 2334
  Debug: Off
  Object Name: 
  Observers: 
    none
  Source: (none)
  Source output name: (none)
  Release Data: Off
  Data Released: False
  Global Release Data: Off
  PipelineMTime: 0
  UpdateMTime: 1943
  RealTimeStamp: 0 seconds 
  LargestPossibleRegion: 
    Dimension: 3
    Index: [0, 0, 0]
    Size: [193, 229, 193]
  BufferedRegion: 
    Dimension: 3
    Index: [0, 0, 0]
    Size: [193, 229, 193]
  RequestedRegion: 
    Dimension: 3
    Index: [0, 0, 0]
    Size: [193, 229, 193]
  Spacing: [1, 1, 1]
  Origin: [96, 132, -78]
  Direction: 
-1 0 0
0 -1 0
0 0 1

  IndexToPointMatrix: 
-1 0 0
0 -1 0
0 0 1

  PointToIndexMatrix: 
-1 0 0
0 -1 0
0 0 1

  Inverse Direction: 
-1 0 0
0 -1 0
0 0 1

  PixelContainer: 
    ImportImageContainer (0x3d67c60)
      RTTI typeinfo:   itk::ImportImageContainer<unsigned long, double>
      Reference Count: 1
      Modified Time: 1940
      Debug: Off
      Object Name: 
      Observers: 
        none
      Pointer: 0x14ddb41db010
      Container manages memory: true
      Size: 8530021
      Capacity: 8530021

     Moving image = Image (0x3d6a610)
  RTTI typeinfo:   itk::Image<double, 3u>
  Reference Count: 2
  Modified Time: 2335
  Debug: Off
  Object Name: 
  Observers: 
    none
  Source: (none)
  Source output name: (none)
  Release Data: Off
  Data Released: False
  Global Release Data: Off
  PipelineMTime: 0
  UpdateMTime: 2332
  RealTimeStamp: 0 seconds 
  LargestPossibleRegion: 
    Dimension: 3
    Index: [0, 0, 0]
    Size: [160, 240, 256]
  BufferedRegion: 
    Dimension: 3
    Index: [0, 0, 0]
    Size: [160, 240, 256]
  RequestedRegion: 
    Dimension: 3
    Index: [0, 0, 0]
    Size: [160, 240, 256]
  Spacing: [0.999995, 1, 1]
  Origin: [87.0906, 98.7205, -152.377]
  Direction: 
-0.996975 0.0261379 -0.0731913
-0.0260677 -0.999658 -0.00191374
-0.0732163 -2.46403e-08 0.997316

  IndexToPointMatrix: 
-0.996971 0.0261379 -0.0731913
-0.0260676 -0.999658 -0.00191374
-0.0732159 -2.46403e-08 0.997316

  PointToIndexMatrix: 
-0.99698 -0.0260679 -0.0732166
0.0261379 -0.999658 -2.46993e-08
-0.0731913 -0.00191374 0.997316

  Inverse Direction: 
-0.996975 -0.0260677 -0.0732163
0.0261379 -0.999658 -2.46993e-08
-0.0731913 -0.00191374 0.997316

  PixelContainer: 
    ImportImageContainer (0x3e03ef0)
      RTTI typeinfo:   itk::ImportImageContainer<unsigned long, double>
      Reference Count: 1
      Modified Time: 2329
      Debug: Off
      Object Name: 
      Observers: 
        none
      Pointer: 0x14ddaf6da010
      Container manages memory: true
      Size: 9830400
      Capacity: 9830400

     Weighting = 1
     Sampling strategy = regular
     Number of bins = 32
     Radius = 4
     Sampling percentage  = 0.25
   Transform = Rigid
     Gradient step = 0.1
     Update field sigma (voxel space) = 0
     Total field sigma (voxel space) = 0
     Update field time sigma = 0
     Total field time sigma  = 0
     Number of time indices = 0
     Number of time point samples = 0
Registration using 1 total stages.

Stage 0
  iterations = 0
  convergence threshold = 1e-06
  convergence window size = 10
  number of levels = 1
  using the Mattes MI metric (number of bins = 32, weight = 1, use gradient filter = 0)
  preprocessing:  winsorizing the image intensities
  Shrink factors (level 1 out of 1): [1, 1, 1]
  smoothing sigmas per level: [0]
  regular sampling (percentage = 0.25)

*** Running Euler3DTransform registration ***

  Elapsed time (stage 0): 1.15232


Total elapsed time: 1.15454
Info [verificarlo]: loaded backend libinterflop_ieee.so
Info [interflop-ieee]: load backend with:
Info [interflop-ieee]: debug = false
Info [interflop-ieee]: debug-binary = false
Info [interflop-ieee]: no-backend-name = false
Info [interflop-ieee]: print-new-line = false
Info [interflop-ieee]: print-subnormal-normalized = false
Info [interflop-ieee]: count-op = false
All_Command_lines_OK
Using double precision for computations.
=============================================================================
The composite transform comprises the following transforms (in order): 
  1. /home/mdugre/scratch/mri-registration-rp/datasets/ds004513/derivatives/mri-registration-rp/0011/antsRegistration-r8-p22/sub-s020/align_Composite.h5[0] (type = Euler3DTransform)
  2. /home/mdugre/scratch/mri-registration-rp/datasets/ds004513/derivatives/mri-registration-rp/0011/antsRegistration-r8-p22/sub-s020/align_Composite.h5[1] (type = Euler3DTransform)
=============================================================================
  number of levels = 4
  fixed image: /templateflow/tpl-MNI152NLin2009cAsym/tpl-MNI152NLin2009cAsym_res-01_desc-brain_T1w.nii.gz
  moving image: /home/mdugre/scratch/mri-registration-rp/datasets/ds004513/derivatives/mri-registration-rp/antsBrainExtraction/sub-s020/BrainExtractionBrain.nii.gz
Dimension = 3
Number of stages = 1
Use histogram matching = false
Winsorize image intensities = true
  Lower quantile = 0.005
  Upper quantile = 0.995


Stage 1 State
   Image metric = MattesMI
     Fixed image = Image (0x4534530)
  RTTI typeinfo:   itk::Image<double, 3u>
  Reference Count: 2
  Modified Time: 1580
  Debug: Off
  Object Name: 
  Observers: 
    none
  Source: (none)
  Source output name: (none)
  Release Data: Off
  Data Released: False
  Global Release Data: Off
  PipelineMTime: 0
  UpdateMTime: 1189
  RealTimeStamp: 0 seconds 
  LargestPossibleRegion: 
    Dimension: 3
    Index: [0, 0, 0]
    Size: [193, 229, 193]
  BufferedRegion: 
    Dimension: 3
    Index: [0, 0, 0]
    Size: [193, 229, 193]
  RequestedRegion: 
    Dimension: 3
    Index: [0, 0, 0]
    Size: [193, 229, 193]
  Spacing: [1, 1, 1]
  Origin: [96, 132, -78]
  Direction: 
-1 0 0
0 -1 0
0 0 1

  IndexToPointMatrix: 
-1 0 0
0 -1 0
0 0 1

  PointToIndexMatrix: 
-1 0 0
0 -1 0
0 0 1

  Inverse Direction: 
-1 0 0
0 -1 0
0 0 1

  PixelContainer: 
    ImportImageContainer (0x45f2d60)
      RTTI typeinfo:   itk::ImportImageContainer<unsigned long, double>
      Reference Count: 1
      Modified Time: 1186
      Debug: Off
      Object Name: 
      Observers: 
        none
      Pointer: 0x14e71141d010
      Container manages memory: true
      Size: 8530021
      Capacity: 8530021

     Moving image = Image (0x45e4f60)
  RTTI typeinfo:   itk::Image<double, 3u>
  Reference Count: 2
  Modified Time: 1581
  Debug: Off
  Object Name: 
  Observers: 
    none
  Source: (none)
  Source output name: (none)
  Release Data: Off
  Data Released: False
  Global Release Data: Off
  PipelineMTime: 0
  UpdateMTime: 1578
  RealTimeStamp: 0 seconds 
  LargestPossibleRegion: 
    Dimension: 3
    Index: [0, 0, 0]
    Size: [160, 240, 256]
  BufferedRegion: 
    Dimension: 3
    Index: [0, 0, 0]
    Size: [160, 240, 256]
  RequestedRegion: 
    Dimension: 3
    Index: [0, 0, 0]
    Size: [160, 240, 256]
  Spacing: [0.999995, 1, 1]
  Origin: [87.0906, 98.7205, -152.377]
  Direction: 
-0.996975 0.0261379 -0.0731913
-0.0260677 -0.999658 -0.00191374
-0.0732163 -2.46403e-08 0.997316

  IndexToPointMatrix: 
-0.996971 0.0261379 -0.0731913
-0.0260676 -0.999658 -0.00191374
-0.0732159 -2.46403e-08 0.997316

  PointToIndexMatrix: 
-0.99698 -0.0260679 -0.0732166
0.0261379 -0.999658 -2.46993e-08
-0.0731913 -0.00191374 0.997316

  Inverse Direction: 
-0.996975 -0.0260677 -0.0732163
0.0261379 -0.999658 -2.46993e-08
-0.0731913 -0.00191374 0.997316

  PixelContainer: 
    ImportImageContainer (0x45d66d0)
      RTTI typeinfo:   itk::ImportImageContainer<unsigned long, double>
      Reference Count: 1
      Modified Time: 1575
      Debug: Off
      Object Name: 
      Observers: 
        none
      Pointer: 0x14e70c91c010
      Container manages memory: true
      Size: 9830400
      Capacity: 9830400

     Weighting = 1
     Sampling strategy = regular
     Number of bins = 32
     Radius = 4
     Sampling percentage  = 0.25
   Transform = Rigid
     Gradient step = 0.1
     Update field sigma (voxel space) = 0
     Total field sigma (voxel space) = 0
     Update field time sigma = 0
     Total field time sigma  = 0
     Number of time indices = 0
     Number of time point samples = 0
Registration using 1 total stages.

Stage 0
  iterations = 1000x500x250x100
  convergence threshold = 1e-06
  convergence window size = 10
  number of levels = 4
  using the Mattes MI metric (number of bins = 32, weight = 1, use gradient filter = 0)
  preprocessing:  winsorizing the image intensities
  Shrink factors (level 1 out of 4): [8, 8, 8]
  Shrink factors (level 2 out of 4): [4, 4, 4]
  Shrink factors (level 3 out of 4): [2, 2, 2]
  Shrink factors (level 4 out of 4): [1, 1, 1]
  smoothing sigmas per level: [3, 2, 1, 0]
  regular sampling (percentage = 0.25)

*** Running Euler3DTransform registration ***

DIAGNOSTIC,Iteration,metricValue,convergenceValue,ITERATION_TIME_INDEX,SINCE_LAST
 2DIAGNOSTIC,     1, -3.791273390751e-01, 1.797693134862e+308, 7.1886e-01, 7.1886e-01, 
 2DIAGNOSTIC,     2, -3.803606001643e-01, 1.797693134862e+308, 7.2340e-01, 4.5362e-03, 
 2DIAGNOSTIC,     3, -3.828962034719e-01, 1.797693134862e+308, 7.2816e-01, 4.7688e-03, 
 2DIAGNOSTIC,     4, -3.876122532015e-01, 1.797693134862e+308, 7.3288e-01, 4.7171e-03, 
 2DIAGNOSTIC,     5, -3.904935334081e-01, 1.797693134862e+308, 7.3795e-01, 5.0671e-03, 
 2DIAGNOSTIC,     6, -3.911039700181e-01, 1.797693134862e+308, 7.4284e-01, 4.8921e-03, 
 2DIAGNOSTIC,     7, -3.914905453856e-01, 1.797693134862e+308, 7.4720e-01, 4.3559e-03, 
 2DIAGNOSTIC,     8, -3.925629083064e-01, 1.797693134862e+308, 7.5167e-01, 4.4699e-03, 
 2DIAGNOSTIC,     9, -3.981570789235e-01, 1.797693134862e+308, 7.5637e-01, 4.7009e-03, 
 2DIAGNOSTIC,    10, -4.079218556696e-01, 3.866687266231e-03, 7.6252e-01, 6.1569e-03, 
 2DIAGNOSTIC,    11, -4.246779602407e-01, 4.904320352955e-03, 7.6793e-01, 5.4100e-03, 
 2DIAGNOSTIC,    12, -4.297045200929e-01, 5.673254149495e-03, 7.7267e-01, 4.7309e-03, 
 2DIAGNOSTIC,    13, -4.335692915501e-01, 6.156954111603e-03, 7.7806e-01, 5.3940e-03, 
 2DIAGNOSTIC,    14, -4.439932007392e-01, 6.764094567496e-03, 7.8274e-01, 4.6799e-03, 
 2DIAGNOSTIC,    15, -4.466217673491e-01, 6.904768046389e-03, 7.8812e-01, 5.3761e-03, 
 2DIAGNOSTIC,    16, -4.513528166466e-01, 6.619270357521e-03, 7.9269e-01, 4.5710e-03, 
 2DIAGNOSTIC,    17, -4.528511000530e-01, 5.844785635024e-03, 7.9819e-01, 5.4998e-03, 
 2DIAGNOSTIC,    18, -4.555717392081e-01, 4.777374800777e-03, 8.0535e-01, 7.1650e-03, 
 2DIAGNOSTIC,    19, -4.559551115371e-01, 3.601534604484e-03, 8.0997e-01, 4.6139e-03, 
 2DIAGNOSTIC,    20, -4.573566087916e-01, 2.586715281998e-03, 8.1679e-01, 6.8259e-03, 
 2DIAGNOSTIC,    21, -4.575248090542e-01, 1.982970915384e-03, 8.2138e-01, 4.5869e-03, 
 2DIAGNOSTIC,    22, -4.577282698734e-01, 1.415637151493e-03, 8.2649e-01, 5.1129e-03, 
 2DIAGNOSTIC,    23, -4.579446692001e-01, 8.825822801904e-04, 8.3095e-01, 4.4558e-03, 
 2DIAGNOSTIC,    24, -4.580222403216e-01, 6.077363261717e-04, 8.3581e-01, 4.8649e-03, 
 2DIAGNOSTIC,    25, -4.581756535957e-01, 3.715369325689e-04, 8.4027e-01, 4.4580e-03, 
 2DIAGNOSTIC,    26, -4.586248516445e-01, 2.524118595431e-04, 8.4471e-01, 4.4429e-03, 
 2DIAGNOSTIC,    27, -4.589295227051e-01, 1.618723145258e-04, 8.5138e-01, 6.6719e-03, 
 2DIAGNOSTIC,    28, -4.591731395604e-01, 1.333014304155e-04, 8.5593e-01, 4.5459e-03, 
 2DIAGNOSTIC,    29, -4.592817240993e-01, 1.048285509632e-04, 8.6096e-01, 5.0290e-03, 
 2DIAGNOSTIC,    30, -4.597218674751e-01, 1.090792830233e-04, 8.6709e-01, 6.1309e-03, 
 2DIAGNOSTIC,    31, -4.598057988884e-01, 1.077951832641e-04, 8.7153e-01, 4.4389e-03, 
 2DIAGNOSTIC,    32, -4.606607057679e-01, 1.180830692610e-04, 8.7660e-01, 5.0659e-03, 
 2DIAGNOSTIC,    33, -4.610361237608e-01, 1.280755368316e-04, 8.8106e-01, 4.4632e-03, 
 2DIAGNOSTIC,    34, -4.611786677023e-01, 1.296838555842e-04, 8.8550e-01, 4.4448e-03, 
 2DIAGNOSTIC,    35, -4.615433486064e-01, 1.286633046684e-04, 8.8994e-01, 4.4398e-03, 
 2DIAGNOSTIC,    36, -4.621707458347e-01, 1.348230098739e-04, 8.9561e-01, 5.6620e-03, 
 2DIAGNOSTIC,    37, -4.629071848672e-01, 1.457489196328e-04, 9.0091e-01, 5.3072e-03, 
 2DIAGNOSTIC,    38, -4.631420767092e-01, 1.502279748162e-04, 9.0615e-01, 5.2369e-03, 
 2DIAGNOSTIC,    39, -4.635669935725e-01, 1.492764878945e-04, 9.1088e-01, 4.7309e-03, 
 2DIAGNOSTIC,    40, -4.640382380501e-01, 1.491134155578e-04, 9.1551e-01, 4.6339e-03, 
 2DIAGNOSTIC,    41, -4.650916083851e-01, 1.521717419555e-04, 9.2046e-01, 4.9450e-03, 
 2DIAGNOSTIC,    42, -4.684847558222e-01, 2.053477916195e-04, 9.2738e-01, 6.9220e-03, 
 2DIAGNOSTIC,    43, -4.698954438251e-01, 2.620191306414e-04, 9.3238e-01, 4.9951e-03, 
 2DIAGNOSTIC,    44, -4.704871922659e-01, 3.019934731614e-04, 9.3684e-01, 4.4651e-03, 
 2DIAGNOSTIC,    45, -4.707585935195e-01, 3.209108284184e-04, 9.4185e-01, 5.0061e-03, 
 2DIAGNOSTIC,    46, -4.709896327695e-01, 3.200347656035e-04, 9.4719e-01, 5.3430e-03, 
 2DIAGNOSTIC,    47, -4.719355914730e-01, 3.108573620272e-04, 9.5181e-01, 4.6151e-03, 
 2DIAGNOSTIC,    48, -4.742434096018e-01, 3.056470371025e-04, 9.5753e-01, 5.7251e-03, 
 2DIAGNOSTIC,    49, -4.752912495670e-01, 2.905107853865e-04, 9.6203e-01, 4.5040e-03, 
 2DIAGNOSTIC,    50, -4.754814069898e-01, 2.572163662961e-04, 9.6660e-01, 4.5700e-03, 
 2DIAGNOSTIC,    51, -4.758385296437e-01, 2.179358891408e-04, 9.7128e-01, 4.6740e-03, 
 2DIAGNOSTIC,    52, -4.777578239447e-01, 2.238904197684e-04, 9.7793e-01, 6.6521e-03, 
 2DIAGNOSTIC,    53, -4.785576597063e-01, 2.334613187379e-04, 9.8409e-01, 6.1550e-03, 
 2DIAGNOSTIC,    54, -4.788100317787e-01, 2.301248665886e-04, 9.8937e-01, 5.2810e-03, 
 2DIAGNOSTIC,    55, -4.791661400218e-01, 2.129136193560e-04, 9.9395e-01, 4.5860e-03, 
 2DIAGNOSTIC,    56, -4.792085018186e-01, 1.791886624938e-04, 9.9845e-01, 4.5011e-03, 
 2DIAGNOSTIC,    57, -4.792906506782e-01, 1.401013867149e-04, 1.0029e+00, 4.4279e-03, 
 2DIAGNOSTIC,    58, -4.793602104316e-01, 1.145114273214e-04, 1.0090e+00, 6.1371e-03, 
 2DIAGNOSTIC,    59, -4.794374885379e-01, 9.115968093285e-05, 1.0138e+00, 4.8020e-03, 
 2DIAGNOSTIC,    60, -4.796590321875e-01, 6.445301043202e-05, 1.0190e+00, 5.1401e-03, 
 2DIAGNOSTIC,    61, -4.806301136686e-01, 4.574756678982e-05, 1.0245e+00, 5.5101e-03, 
 2DIAGNOSTIC,    62, -4.822624412547e-01, 5.895701578293e-05, 1.0298e+00, 5.3430e-03, 
 2DIAGNOSTIC,    63, -4.818788761628e-01, 6.990146588979e-05, 1.0352e+00, 5.3771e-03, 
 2DIAGNOSTIC,    64, -4.822973411145e-01, 8.073643454196e-05, 1.0401e+00, 4.9081e-03, 
 2DIAGNOSTIC,    65, -4.835349024618e-01, 9.889689271557e-05, 1.0460e+00, 5.9471e-03, 
 2DIAGNOSTIC,    66, -4.890368458886e-01, 1.590092272874e-04, 1.0506e+00, 4.5760e-03, 
 2DIAGNOSTIC,    67, -4.930131599964e-01, 2.382682362763e-04, 1.0559e+00, 5.3160e-03, 
 2DIAGNOSTIC,    68, -4.973186129490e-01, 3.321387449810e-04, 1.0610e+00, 5.0521e-03, 
 2DIAGNOSTIC,    69, -4.977544381666e-01, 3.960729661735e-04, 1.0660e+00, 5.0561e-03, 
 2DIAGNOSTIC,    70, -4.983178439487e-01, 4.273153715643e-04, 1.0707e+00, 4.6511e-03, 
 2DIAGNOSTIC,    71, -4.984792636302e-01, 4.255526083938e-04, 1.0757e+00, 4.9541e-03, 
 2DIAGNOSTIC,    72, -4.985434236892e-01, 3.970262991956e-04, 1.0800e+00, 4.3890e-03, 
 2DIAGNOSTIC,    73, -4.987391767462e-01, 3.296508437212e-04, 1.0856e+00, 5.5461e-03, 
 2DIAGNOSTIC,    74, -4.988911537304e-01, 2.378743131714e-04, 1.0900e+00, 4.4000e-03, 
 2DIAGNOSTIC,    75, -4.990006746729e-01, 1.365562865619e-04, 1.0950e+00, 5.0039e-03, 
 2DIAGNOSTIC,    76, -4.990322892615e-01, 6.955196725829e-05, 1.0999e+00, 4.9472e-03, 
 2DIAGNOSTIC,    77, -4.990849171631e-01, 2.921398686929e-05, 1.1054e+00, 5.4381e-03, 
 2DIAGNOSTIC,    78, -4.991070092983e-01, 2.139658490081e-05, 1.1098e+00, 4.4520e-03, 
 2DIAGNOSTIC,    79, -4.991355073982e-01, 1.526610982019e-05, 1.1142e+00, 4.3900e-03, 
 2DIAGNOSTIC,    80, -4.991553084689e-01, 1.233593041106e-05, 1.1191e+00, 4.8530e-03, 
 2DIAGNOSTIC,    81, -4.991738934055e-01, 9.716654324933e-06, 1.1242e+00, 5.1708e-03, 
 2DIAGNOSTIC,    82, -4.991835642475e-01, 6.800686804821e-06, 1.1288e+00, 4.5991e-03, 
 2DIAGNOSTIC,    83, -4.992034241659e-01, 4.917164905452e-06, 1.1348e+00, 5.9240e-03, 
 2DIAGNOSTIC,    84, -4.992394877086e-01, 4.000187883855e-06, 1.1392e+00, 4.4100e-03, 
 2DIAGNOSTIC,    85, -4.992519374284e-01, 3.631045410016e-06, 1.1441e+00, 4.8840e-03, 
 2DIAGNOSTIC,    86, -4.992578867792e-01, 3.220983820527e-06, 1.1489e+00, 4.8420e-03, 
 2DIAGNOSTIC,    87, -4.991905655142e-01, 2.447091355160e-06, 1.1543e+00, 5.3961e-03, 
 2DIAGNOSTIC,    88, -4.991510242255e-01, 1.382269420517e-06, 1.1589e+00, 4.5950e-03, 
DIAGNOSTIC,Iteration,metricValue,convergenceValue,ITERATION_TIME_INDEX,SINCE_LAST
 2DIAGNOSTIC,     1, -4.086309216060e-01, 1.797693134862e+308, 1.8730e+00, 7.1407e-01, 
 2DIAGNOSTIC,     2, -4.093060267558e-01, 1.797693134862e+308, 1.9006e+00, 2.7655e-02, 
 2DIAGNOSTIC,     3, -4.106856200082e-01, 1.797693134862e+308, 1.9289e+00, 2.8278e-02, 
 2DIAGNOSTIC,     4, -4.128121667268e-01, 1.797693134862e+308, 1.9564e+00, 2.7475e-02, 
 2DIAGNOSTIC,     5, -4.145254140424e-01, 1.797693134862e+308, 1.9840e+00, 2.7592e-02, 
 2DIAGNOSTIC,     6, -4.170395383929e-01, 1.797693134862e+308, 2.0151e+00, 3.1123e-02, 
 2DIAGNOSTIC,     7, -4.177609732412e-01, 1.797693134862e+308, 2.0470e+00, 3.1890e-02, 
 2DIAGNOSTIC,     8, -4.178832180956e-01, 1.797693134862e+308, 2.0781e+00, 3.1112e-02, 
 2DIAGNOSTIC,     9, -4.178903295580e-01, 1.797693134862e+308, 2.1083e+00, 3.0179e-02, 
 2DIAGNOSTIC,    10, -4.180467181249e-01, 1.696581362360e-03, 2.1392e+00, 3.0947e-02, 
 2DIAGNOSTIC,    11, -4.183507229058e-01, 1.293948948660e-03, 2.1670e+00, 2.7769e-02, 
 2DIAGNOSTIC,    12, -4.188820475703e-01, 9.111626065208e-04, 2.2092e+00, 4.2224e-02, 
 2DIAGNOSTIC,    13, -4.189294945529e-01, 5.801854391106e-04, 2.2398e+00, 3.0558e-02, 
 2DIAGNOSTIC,    14, -4.189765096190e-01, 3.506493527565e-04, 2.2670e+00, 2.7282e-02, 
 2DIAGNOSTIC,    15, -4.190951652210e-01, 2.009952272937e-04, 2.2966e+00, 2.9585e-02, 
 2DIAGNOSTIC,    16, -4.193297233689e-01, 1.680505979370e-04, 2.3237e+00, 2.7106e-02, 
 2DIAGNOSTIC,    17, -4.194980879327e-01, 1.588287332021e-04, 2.3583e+00, 3.4537e-02, 
 2DIAGNOSTIC,    18, -4.195290088999e-01, 1.420889049456e-04, 2.4017e+00, 4.3468e-02, 
 2DIAGNOSTIC,    19, -4.195271895352e-01, 1.147252605173e-04, 2.4294e+00, 2.7623e-02, 
 2DIAGNOSTIC,    20, -4.195393343538e-01, 8.531219248365e-05, 2.4666e+00, 3.7220e-02, 
 2DIAGNOSTIC,    21, -4.195459126396e-01, 6.039304000466e-05, 2.4981e+00, 3.1526e-02, 
 2DIAGNOSTIC,    22, -4.195361372044e-01, 4.832737555475e-05, 2.5248e+00, 2.6682e-02, 
 2DIAGNOSTIC,    23, -4.195286636183e-01, 3.421480096970e-05, 2.5554e+00, 3.0588e-02, 
 2DIAGNOSTIC,    24, -4.195294116007e-01, 1.962766690757e-05, 2.5884e+00, 3.3028e-02, 
 2DIAGNOSTIC,    25, -4.195412531963e-01, 7.922957556090e-06, 2.6211e+00, 3.2714e-02, 
 2DIAGNOSTIC,    26, -4.195302792418e-01, 2.220794410625e-06, 2.6499e+00, 2.8828e-02, 
 2DIAGNOSTIC,    27, -4.195275461074e-01, 1.023689352508e-06, 2.6821e+00, 3.2135e-02, 
DIAGNOSTIC,Iteration,metricValue,convergenceValue,ITERATION_TIME_INDEX,SINCE_LAST
 2DIAGNOSTIC,     1, -3.598858533785e-01, 1.797693134862e+308, 3.7761e+00, 1.0940e+00, 
 2DIAGNOSTIC,     2, -3.600580994647e-01, 1.797693134862e+308, 4.0336e+00, 2.5754e-01, 
 2DIAGNOSTIC,     3, -3.601762582405e-01, 1.797693134862e+308, 4.2720e+00, 2.3840e-01, 
 2DIAGNOSTIC,     4, -3.602613822241e-01, 1.797693134862e+308, 4.5050e+00, 2.3303e-01, 
 2DIAGNOSTIC,     5, -3.604344488141e-01, 1.797693134862e+308, 4.7337e+00, 2.2870e-01, 
 2DIAGNOSTIC,     6, -3.608631909361e-01, 1.797693134862e+308, 5.1034e+00, 3.6964e-01, 
 2DIAGNOSTIC,     7, -3.609262861264e-01, 1.797693134862e+308, 5.3225e+00, 2.1909e-01, 
 2DIAGNOSTIC,     8, -3.610148869232e-01, 1.797693134862e+308, 5.5799e+00, 2.5744e-01, 
 2DIAGNOSTIC,     9, -3.610984624888e-01, 1.797693134862e+308, 5.8882e+00, 3.0832e-01, 
 2DIAGNOSTIC,    10, -3.611227729019e-01, 2.487708229006e-04, 6.2519e+00, 3.6368e-01, 
 2DIAGNOSTIC,    11, -3.611239280967e-01, 2.007620819096e-04, 6.5474e+00, 2.9552e-01, 
 2DIAGNOSTIC,    12, -3.611243650588e-01, 1.543038346318e-04, 6.8181e+00, 2.7068e-01, 
 2DIAGNOSTIC,    13, -3.611246859831e-01, 1.087933686179e-04, 7.0732e+00, 2.5511e-01, 
 2DIAGNOSTIC,    14, -3.611245296059e-01, 6.488186640785e-05, 7.3471e+00, 2.7384e-01, 
 2DIAGNOSTIC,    15, -3.611244425399e-01, 2.963328728720e-05, 7.6569e+00, 3.0985e-01, 
 2DIAGNOSTIC,    16, -3.611250505648e-01, 1.743650740441e-05, 7.9169e+00, 2.5998e-01, 
 2DIAGNOSTIC,    17, -3.611234784149e-01, 8.050436632809e-06, 8.2144e+00, 2.9753e-01, 
 2DIAGNOSTIC,    18, -3.611230318439e-01, 2.905747182758e-06, 8.4596e+00, 2.4519e-01, 
 2DIAGNOSTIC,    19, -3.611220200887e-01, 1.592508838896e-06, 8.7050e+00, 2.4536e-01, 
 2DIAGNOSTIC,    20, -3.611216339608e-01, 1.359569046067e-06, 8.9431e+00, 2.3812e-01, 
 2DIAGNOSTIC,    21, -3.611218966039e-01, 1.222738891062e-06, 9.1740e+00, 2.3094e-01, 
 2DIAGNOSTIC,    22, -3.611210265837e-01, 1.109673909913e-06, 9.4780e+00, 3.0397e-01, 
 2DIAGNOSTIC,    23, -3.611211990869e-01, 1.056683538142e-06, 9.7472e+00, 2.6920e-01, 
 2DIAGNOSTIC,    24, -3.611206993850e-01, 1.017038524946e-06, 9.9784e+00, 2.3123e-01, 
DIAGNOSTIC,Iteration,metricValue,convergenceValue,ITERATION_TIME_INDEX,SINCE_LAST
 2DIAGNOSTIC,     1, -3.316937126907e-01, 1.797693134862e+308, 1.2434e+01, 2.4553e+00, 
 2DIAGNOSTIC,     2, -3.317495131804e-01, 1.797693134862e+308, 1.3814e+01, 1.3804e+00, 
 2DIAGNOSTIC,     3, -3.321549863194e-01, 1.797693134862e+308, 1.5317e+01, 1.5028e+00, 
 2DIAGNOSTIC,     4, -3.322748275989e-01, 1.797693134862e+308, 1.7360e+01, 2.0426e+00, 
 2DIAGNOSTIC,     5, -3.322825684570e-01, 1.797693134862e+308, 1.8643e+01, 1.2838e+00, 
 2DIAGNOSTIC,     6, -3.323029859930e-01, 1.797693134862e+308, 2.0141e+01, 1.4978e+00, 
 2DIAGNOSTIC,     7, -3.323098663601e-01, 1.797693134862e+308, 2.1454e+01, 1.3127e+00, 
 2DIAGNOSTIC,     8, -3.323115397445e-01, 1.797693134862e+308, 2.2732e+01, 1.2777e+00, 
 2DIAGNOSTIC,     9, -3.323157345678e-01, 1.797693134862e+308, 2.4051e+01, 1.3190e+00, 
 2DIAGNOSTIC,    10, -3.323219407206e-01, 1.103477803421e-04, 2.5877e+01, 1.8262e+00, 
 2DIAGNOSTIC,    11, -3.323230475620e-01, 6.221993041458e-05, 2.7191e+01, 1.3139e+00, 
 2DIAGNOSTIC,    12, -3.323250140980e-01, 2.019231833070e-05, 2.8568e+01, 1.3774e+00, 
 2DIAGNOSTIC,    13, -3.323443946093e-01, 1.080945471801e-05, 3.1068e+01, 2.4998e+00, 
 2DIAGNOSTIC,    14, -3.323444411230e-01, 9.304886728581e-06, 3.2974e+01, 1.9058e+00, 
 2DIAGNOSTIC,    15, -3.323443478810e-01, 7.776044439578e-06, 3.4504e+01, 1.5305e+00, 
 2DIAGNOSTIC,    16, -3.323441490054e-01, 7.009454463774e-06, 3.6862e+01, 2.3577e+00, 
 2DIAGNOSTIC,    17, -3.323442449669e-01, 6.221863742759e-06, 3.8432e+01, 1.5706e+00, 
 2DIAGNOSTIC,    18, -3.323442005962e-01, 5.179853542016e-06, 4.0361e+01, 1.9281e+00, 
 2DIAGNOSTIC,    19, -3.323441406198e-01, 4.108224338661e-06, 4.1978e+01, 1.6169e+00, 
 2DIAGNOSTIC,    20, -3.323440825112e-01, 3.193989984496e-06, 4.3386e+01, 1.4081e+00, 
 2DIAGNOSTIC,    21, -3.323440326776e-01, 2.267963836976e-06, 4.5024e+01, 1.6385e+00, 
 2DIAGNOSTIC,    22, -3.323440565915e-01, 1.411556538690e-06, 4.6471e+01, 1.4465e+00, 
 2DIAGNOSTIC,    23, -3.323440266672e-01, 1.352256331473e-06, 4.8100e+01, 1.6295e+00, 
 2DIAGNOSTIC,    24, -3.323438632852e-01, 1.296776751002e-06, 4.9573e+01, 1.4734e+00, 
 2DIAGNOSTIC,    25, -3.323438972294e-01, 1.246842606217e-06, 5.1034e+01, 1.4601e+00, 
 2DIAGNOSTIC,    26, -3.323438836396e-01, 1.195968312107e-06, 5.2356e+01, 1.3221e+00, 
 2DIAGNOSTIC,    27, -3.323439064109e-01, 1.155162365318e-06, 5.3862e+01, 1.5063e+00, 
 2DIAGNOSTIC,    28, -3.323442066318e-01, 1.127306189987e-06, 5.5193e+01, 1.3315e+00, 
 2DIAGNOSTIC,    29, -3.323443100760e-01, 1.103373320155e-06, 5.7037e+01, 1.8437e+00, 
 2DIAGNOSTIC,    30, -3.323442238450e-01, 1.076394529134e-06, 5.8595e+01, 1.5577e+00, 
 2DIAGNOSTIC,    31, -3.323441303778e-01, 1.045835572200e-06, 6.0158e+01, 1.5634e+00, 
 2DIAGNOSTIC,    32, -3.323440358351e-01, 1.013482953283e-06, 6.1966e+01, 1.8079e+00, 
  Elapsed time (stage 0): 6.2789e+01


Total elapsed time: 6.2791e+01
Info [verificarlo]: loaded backend libinterflop_vprec.so
Info [interflop-vprec]: load backend with: 
Info [interflop-vprec]: precision-binary32 = 22
Info [interflop-vprec]: range-binary32 = 8
Info [interflop-vprec]: precision-binary64 = 22
Info [interflop-vprec]: range-binary64 = 8
Info [interflop-vprec]: mode = ob
Info [interflop-vprec]: error-mode = rel
Info [interflop-vprec]: max-abs-error-exponent = -1022
Info [interflop-vprec]: daz = false
Info [interflop-vprec]: ftz = false
Info [interflop-vprec]: 	instrument = none
Info [interflop-vprec]: 	prec-input-file = (null)
Info [interflop-vprec]: 	prec-output-file = (null)
Info [interflop-vprec]: 	prec-log-file = (null)
All_Command_lines_OK
Using double precision for computations.
=============================================================================
The composite transform comprises the following transforms (in order): 
  1. /home/mdugre/scratch/mri-registration-rp/datasets/ds004513/derivatives/mri-registration-rp/0011/antsRegistration-r8-p22/sub-s020/rigid_Composite.h5[0] (type = Euler3DTransform)
  2. /home/mdugre/scratch/mri-registration-rp/datasets/ds004513/derivatives/mri-registration-rp/0011/antsRegistration-r8-p22/sub-s020/rigid_Composite.h5[1] (type = Euler3DTransform)
  3. /home/mdugre/scratch/mri-registration-rp/datasets/ds004513/derivatives/mri-registration-rp/0011/antsRegistration-r8-p22/sub-s020/rigid_Composite.h5[2] (type = Euler3DTransform)
=============================================================================
  number of levels = 4
  fixed image: /templateflow/tpl-MNI152NLin2009cAsym/tpl-MNI152NLin2009cAsym_res-01_desc-brain_T1w.nii.gz
  moving image: /home/mdugre/scratch/mri-registration-rp/datasets/ds004513/derivatives/mri-registration-rp/antsBrainExtraction/sub-s020/BrainExtractionBrain.nii.gz
Dimension = 3
Number of stages = 1
Use histogram matching = false
Winsorize image intensities = true
  Lower quantile = 0.005
  Upper quantile = 0.995


Stage 1 State
   Image metric = MattesMI
     Fixed image = Image (0x46df490)
  RTTI typeinfo:   itk::Image<double, 3u>
  Reference Count: 2
  Modified Time: 1594
  Debug: Off
  Object Name: 
  Observers: 
    none
  Source: (none)
  Source output name: (none)
  Release Data: Off
  Data Released: False
  Global Release Data: Off
  PipelineMTime: 0
  UpdateMTime: 1203
  RealTimeStamp: 0 seconds 
  LargestPossibleRegion: 
    Dimension: 3
    Index: [0, 0, 0]
    Size: [193, 229, 193]
  BufferedRegion: 
    Dimension: 3
    Index: [0, 0, 0]
    Size: [193, 229, 193]
  RequestedRegion: 
    Dimension: 3
    Index: [0, 0, 0]
    Size: [193, 229, 193]
  Spacing: [1, 1, 1]
  Origin: [96, 132, -78]
  Direction: 
-1 0 0
0 -1 0
0 0 1

  IndexToPointMatrix: 
-1 0 0
0 -1 0
0 0 1

  PointToIndexMatrix: 
-1 0 0
0 -1 0
0 0 1

  Inverse Direction: 
-1 0 0
0 -1 0
0 0 1

  PixelContainer: 
    ImportImageContainer (0x47aa8c0)
      RTTI typeinfo:   itk::ImportImageContainer<unsigned long, double>
      Reference Count: 1
      Modified Time: 1200
      Debug: Off
      Object Name: 
      Observers: 
        none
      Pointer: 0x14e4aa0c2010
      Container manages memory: true
      Size: 8530021
      Capacity: 8530021

     Moving image = Image (0x479ab60)
  RTTI typeinfo:   itk::Image<double, 3u>
  Reference Count: 2
  Modified Time: 1595
  Debug: Off
  Object Name: 
  Observers: 
    none
  Source: (none)
  Source output name: (none)
  Release Data: Off
  Data Released: False
  Global Release Data: Off
  PipelineMTime: 0
  UpdateMTime: 1592
  RealTimeStamp: 0 seconds 
  LargestPossibleRegion: 
    Dimension: 3
    Index: [0, 0, 0]
    Size: [160, 240, 256]
  BufferedRegion: 
    Dimension: 3
    Index: [0, 0, 0]
    Size: [160, 240, 256]
  RequestedRegion: 
    Dimension: 3
    Index: [0, 0, 0]
    Size: [160, 240, 256]
  Spacing: [0.999995, 1, 1]
  Origin: [87.0906, 98.7205, -152.377]
  Direction: 
-0.996975 0.0261379 -0.0731913
-0.0260677 -0.999658 -0.00191374
-0.0732163 -2.46403e-08 0.997316

  IndexToPointMatrix: 
-0.996971 0.0261379 -0.0731913
-0.0260676 -0.999658 -0.00191374
-0.0732159 -2.46403e-08 0.997316

  PointToIndexMatrix: 
-0.99698 -0.0260679 -0.0732167
0.0261379 -0.999659 -3.57628e-07
-0.0731913 -0.00191373 0.997316

  Inverse Direction: 
-0.996976 -0.0260677 -0.0732163
0.0261379 -0.999659 -3.57628e-07
-0.0731913 -0.00191367 0.997316

  PixelContainer: 
    ImportImageContainer (0x482e1d0)
      RTTI typeinfo:   itk::ImportImageContainer<unsigned long, double>
      Reference Count: 1
      Modified Time: 1589
      Debug: Off
      Object Name: 
      Observers: 
        none
      Pointer: 0x14e4a55c1010
      Container manages memory: true
      Size: 9830400
      Capacity: 9830400

     Weighting = 1
     Sampling strategy = regular
     Number of bins = 32
     Radius = 4
     Sampling percentage  = 0.25
   Transform = Affine
     Gradient step = 0.1
     Update field sigma (voxel space) = 0
     Total field sigma (voxel space) = 0
     Update field time sigma = 0
     Total field time sigma  = 0
     Number of time indices = 0
     Number of time point samples = 0
Registration using 1 total stages.

Stage 0
  iterations = 1000x500x250x100
  convergence threshold = 1e-06
  convergence window size = 10
  number of levels = 4
  using the Mattes MI metric (number of bins = 32, weight = 1, use gradient filter = 0)
  preprocessing:  winsorizing the image intensities
  Shrink factors (level 1 out of 4): [8, 8, 8]
  Shrink factors (level 2 out of 4): [4, 4, 4]
  Shrink factors (level 3 out of 4): [2, 2, 2]
  Shrink factors (level 4 out of 4): [1, 1, 1]
  smoothing sigmas per level: [3, 2, 1, 0]
  regular sampling (percentage = 0.25)

*** Running AffineTransform registration ***

DIAGNOSTIC,Iteration,metricValue,convergenceValue,ITERATION_TIME_INDEX,SINCE_LAST
 2DIAGNOSTIC,     1, -5.099865635829e-01, 1.797693134862e+308, 0.0000e+00, 0.0000e+00, 
 2DIAGNOSTIC,     2, -5.116739071127e-01, 1.797693134862e+308, 0.0000e+00, 0.0000e+00, 
 2DIAGNOSTIC,     3, -5.144548747814e-01, 1.797693134862e+308, 0.0000e+00, 0.0000e+00, 
 2DIAGNOSTIC,     4, -5.191631748789e-01, 1.797693134862e+308, 0.0000e+00, 0.0000e+00, 
 2DIAGNOSTIC,     5, -5.265932639870e-01, 1.797693134862e+308, 0.0000e+00, 0.0000e+00, 
 2DIAGNOSTIC,     6, -5.441786877614e-01, 1.797693134862e+308, 0.0000e+00, 0.0000e+00, 
 2DIAGNOSTIC,     7, -6.184411302332e-01, 1.797693134862e+308, 0.0000e+00, 0.0000e+00, 
 2DIAGNOSTIC,     8, -6.800083036551e-01, 1.797693134862e+308, 0.0000e+00, 0.0000e+00, 
 2DIAGNOSTIC,     9, -7.240080925169e-01, 1.797693134862e+308, 0.0000e+00, 0.0000e+00, 
 2DIAGNOSTIC,    10, -7.566451622536e-01, 2.876720756728e-02, 0.0000e+00, 0.0000e+00, 
 2DIAGNOSTIC,    11, -7.648326228655e-01, 2.950859984004e-02, 0.0000e+00, 0.0000e+00, 
 2DIAGNOSTIC,    12, -7.687835506935e-01, 2.768709047720e-02, 0.0000e+00, 0.0000e+00, 
 2DIAGNOSTIC,    13, -7.829713603084e-01, 2.427308463060e-02, 0.0000e+00, 0.0000e+00, 
 2DIAGNOSTIC,    14, -7.964903809927e-01, 1.982722842935e-02, 0.0000e+00, 0.0000e+00, 
 2DIAGNOSTIC,    15, -8.113564274267e-01, 1.495855550891e-02, 0.0000e+00, 0.0000e+00, 
 2DIAGNOSTIC,    16, -8.298141570601e-01, 1.039950203949e-02, 0.0000e+00, 0.0000e+00, 
 2DIAGNOSTIC,    17, -8.422957488100e-01, 7.668627565699e-03, 0.0000e+00, 0.0000e+00, 
 2DIAGNOSTIC,    18, -8.427383074027e-01, 6.017764320500e-03, 0.0000e+00, 0.0000e+00, 
 2DIAGNOSTIC,    19, -8.496052169973e-01, 5.106224245972e-03, 0.0000e+00, 0.0000e+00, 
 2DIAGNOSTIC,    20, -8.537960906365e-01, 4.573491350087e-03, 0.0000e+00, 0.0000e+00, 
 2DIAGNOSTIC,    21, -8.538428799671e-01, 3.834127889705e-03, 0.0000e+00, 0.0000e+00, 
 2DIAGNOSTIC,    22, -8.538151877732e-01, 2.888933665831e-03, 0.0000e+00, 0.0000e+00, 
 2DIAGNOSTIC,    23, -8.537823775643e-01, 2.016640746153e-03, 0.0000e+00, 0.0000e+00, 
 2DIAGNOSTIC,    24, -8.537615846667e-01, 1.259714351727e-03, 0.0000e+00, 0.0000e+00, 
 2DIAGNOSTIC,    25, -8.537198303781e-01, 6.787691592071e-04, 0.0000e+00, 0.0000e+00, 
 2DIAGNOSTIC,    26, -8.536486452970e-01, 3.550520462931e-04, 0.0000e+00, 0.0000e+00, 
 2DIAGNOSTIC,    27, -8.534514613345e-01, 2.021677672579e-04, 0.0000e+00, 0.0000e+00, 
 2DIAGNOSTIC,    28, -8.532969829744e-01, 4.494866423339e-05, 0.0000e+00, 0.0000e+00, 
DIAGNOSTIC,Iteration,metricValue,convergenceValue,ITERATION_TIME_INDEX,SINCE_LAST
 2DIAGNOSTIC,     1, -7.135326610501e-01, 1.797693134862e+308, 0.0000e+00, 0.0000e+00, 
 2DIAGNOSTIC,     2, -7.150634549312e-01, 1.797693134862e+308, 0.0000e+00, 0.0000e+00, 
 2DIAGNOSTIC,     3, -7.166206677299e-01, 1.797693134862e+308, 0.0000e+00, 0.0000e+00, 
 2DIAGNOSTIC,     4, -7.176808415806e-01, 1.797693134862e+308, 0.0000e+00, 0.0000e+00, 
 2DIAGNOSTIC,     5, -7.179841125298e-01, 1.797693134862e+308, 0.0000e+00, 0.0000e+00, 
 2DIAGNOSTIC,     6, -7.180541982814e-01, 1.797693134862e+308, 0.0000e+00, 0.0000e+00, 
 2DIAGNOSTIC,     7, -7.180218972070e-01, 1.797693134862e+308, 0.0000e+00, 0.0000e+00, 
 2DIAGNOSTIC,     8, -7.180167309987e-01, 1.797693134862e+308, 0.0000e+00, 0.0000e+00, 
 2DIAGNOSTIC,     9, -7.179810946433e-01, 1.797693134862e+308, 0.0000e+00, 0.0000e+00, 
 2DIAGNOSTIC,    10, -7.179785266711e-01, 3.260216687874e-04, 0.0000e+00, 0.0000e+00, 
 2DIAGNOSTIC,    11, -7.179597044457e-01, 1.579166237906e-04, 0.0000e+00, 0.0000e+00, 
 2DIAGNOSTIC,    12, -7.179422659432e-01, 5.304975024896e-05, 0.0000e+00, 0.0000e+00, 
 2DIAGNOSTIC,    13, -7.179395549034e-01, 6.397297285285e-06, 0.0000e+00, 0.0000e+00, 
DIAGNOSTIC,Iteration,metricValue,convergenceValue,ITERATION_TIME_INDEX,SINCE_LAST
 2DIAGNOSTIC,     1, -5.958320511588e-01, 1.797693134862e+308, 0.0000e+00, 0.0000e+00, 
 2DIAGNOSTIC,     2, -5.961781522343e-01, 1.797693134862e+308, 0.0000e+00, 0.0000e+00, 
 2DIAGNOSTIC,     3, -5.963506179330e-01, 1.797693134862e+308, 0.0000e+00, 0.0000e+00, 
 2DIAGNOSTIC,     4, -5.965181727799e-01, 1.797693134862e+308, 0.0000e+00, 0.0000e+00, 
 2DIAGNOSTIC,     5, -5.968046623027e-01, 1.797693134862e+308, 0.0000e+00, 0.0000e+00, 
 2DIAGNOSTIC,     6, -5.968319415056e-01, 1.797693134862e+308, 0.0000e+00, 0.0000e+00, 
 2DIAGNOSTIC,     7, -5.968619543341e-01, 1.797693134862e+308, 0.0000e+00, 0.0000e+00, 
 2DIAGNOSTIC,     8, -5.969004963167e-01, 1.797693134862e+308, 0.0000e+00, 0.0000e+00, 
 2DIAGNOSTIC,     9, -5.969318757317e-01, 1.797693134862e+308, 0.0000e+00, 0.0000e+00, 
 2DIAGNOSTIC,    10, -5.969538718718e-01, 1.142344429739e-04, 0.0000e+00, 0.0000e+00, 
 2DIAGNOSTIC,    11, -5.969959198339e-01, 7.585274954504e-05, 0.0000e+00, 0.0000e+00, 
 2DIAGNOSTIC,    12, -5.970443026085e-01, 5.300989411428e-05, 0.0000e+00, 0.0000e+00, 
 2DIAGNOSTIC,    13, -5.970522541613e-01, 3.566186578713e-05, 0.0000e+00, 0.0000e+00, 
 2DIAGNOSTIC,    14, -5.970720749287e-01, 2.390877836855e-05, 0.0000e+00, 0.0000e+00, 
 2DIAGNOSTIC,    15, -5.970833472019e-01, 2.119827778567e-05, 0.0000e+00, 0.0000e+00, 
 2DIAGNOSTIC,    16, -5.970838348793e-01, 1.787944513588e-05, 0.0000e+00, 0.0000e+00, 
 2DIAGNOSTIC,    17, -5.970837938961e-01, 1.430173292495e-05, 0.0000e+00, 0.0000e+00, 
 2DIAGNOSTIC,    18, -5.970838786071e-01, 1.099117970583e-05, 0.0000e+00, 0.0000e+00, 
 2DIAGNOSTIC,    19, -5.970839799107e-01, 7.969937883587e-06, 0.0000e+00, 0.0000e+00, 
 2DIAGNOSTIC,    20, -5.970852708958e-01, 5.202051050986e-06, 0.0000e+00, 0.0000e+00, 
 2DIAGNOSTIC,    21, -5.970853746285e-01, 3.293173577966e-06, 0.0000e+00, 0.0000e+00, 
 2DIAGNOSTIC,    22, -5.970867049653e-01, 2.472163183026e-06, 0.0000e+00, 0.0000e+00, 
 2DIAGNOSTIC,    23, -5.970868823848e-01, 1.785521112817e-06, 0.0000e+00, 0.0000e+00, 
 2DIAGNOSTIC,    24, -5.970870312012e-01, 1.508220708095e-06, 0.0000e+00, 0.0000e+00, 
 2DIAGNOSTIC,    25, -5.970861328347e-01, 1.433058989947e-06, 0.0000e+00, 0.0000e+00, 
 2DIAGNOSTIC,    26, -5.970854736469e-01, 1.345684867649e-06, 0.0000e+00, 0.0000e+00, 
 2DIAGNOSTIC,    27, -5.970838306764e-01, 1.223542887313e-06, 0.0000e+00, 0.0000e+00, 
 2DIAGNOSTIC,    28, -5.970841363264e-01, 1.112846693345e-06, 0.0000e+00, 0.0000e+00, 
DIAGNOSTIC,Iteration,metricValue,convergenceValue,ITERATION_TIME_INDEX,SINCE_LAST
 2DIAGNOSTIC,     1, -5.296179918227e-01, 1.797693134862e+308, 0.0000e+00, 0.0000e+00, 
 2DIAGNOSTIC,     2, -5.299551951169e-01, 1.797693134862e+308, 0.0000e+00, 0.0000e+00, 
 2DIAGNOSTIC,     3, -5.302261443040e-01, 1.797693134862e+308, 0.0000e+00, 0.0000e+00, 
 2DIAGNOSTIC,     4, -5.304934769810e-01, 1.797693134862e+308, 0.0000e+00, 0.0000e+00, 
 2DIAGNOSTIC,     5, -5.306647472430e-01, 1.797693134862e+308, 0.0000e+00, 0.0000e+00, 
 2DIAGNOSTIC,     6, -5.311376413840e-01, 1.797693134862e+308, 0.0000e+00, 0.0000e+00, 
 2DIAGNOSTIC,     7, -5.311371439125e-01, 1.797693134862e+308, 0.0000e+00, 0.0000e+00, 
 2DIAGNOSTIC,     8, -5.311373319726e-01, 1.797693134862e+308, 0.0000e+00, 0.0000e+00, 
 2DIAGNOSTIC,     9, -5.311373557186e-01, 1.797693134862e+308, 0.0000e+00, 0.0000e+00, 
 2DIAGNOSTIC,    10, -5.311374425451e-01, 1.944082711532e-04, 0.0000e+00, 0.0000e+00, 
 2DIAGNOSTIC,    11, -5.311374203291e-01, 1.319477233364e-04, 0.0000e+00, 0.0000e+00, 
 2DIAGNOSTIC,    12, -5.311373605978e-01, 8.322160474758e-05, 0.0000e+00, 0.0000e+00, 
 2DIAGNOSTIC,    13, -5.311373339979e-01, 4.596854877167e-05, 0.0000e+00, 0.0000e+00, 
 2DIAGNOSTIC,    14, -5.311373064267e-01, 2.034081016500e-05, 0.0000e+00, 0.0000e+00, 
 2DIAGNOSTIC,    15, -5.311373451405e-01, 2.112900860815e-06, 0.0000e+00, 0.0000e+00, 
