
##########################
# Experiment information #
##########################

EXPERIMENT_NAME: antsRegistration-r8-p23
VFC_BACKENDS: libinterflop_vprec.so --range-binary32=8 --precision-binary32=23 --range-binary64=8 --precision-binary64=23

SIF_IMG: /home/mdugre/projects/rrg-glatard/mdugre/containers/ants-vprec-no_metrics.simg

SUBJECT_ID: s032
INPUT_IMG: /home/mdugre/scratch/mri-registration-rp/datasets/ds004513/derivatives/mri-registration-rp/antsBrainExtraction/sub-s032/BrainExtractionBrain.nii.gz
OUTPUT_DIR: /home/mdugre/scratch/mri-registration-rp/datasets/ds004513/derivatives/mri-registration-rp/0011/antsRegistration-r8-p23/sub-s032

FIXED_IMG: /templateflow/tpl-MNI152NLin2009cAsym/tpl-MNI152NLin2009cAsym_res-01_desc-brain_T1w.nii.gz
DATA_DIR: /home/mdugre/scratch/mri-registration-rp/datasets/ds004513
TEMPLATEFLOW_DIR: /home/mdugre/projects/rrg-glatard/mdugre/templateflow
ITK_GLOBAL_DEFAULT_NUMBER_OF_THREADS: 16
##########################

Info [verificarlo]: loaded backend libinterflop_ieee.so
Info [interflop-ieee]: load backend with:
Info [interflop-ieee]: debug = false
Info [interflop-ieee]: debug-binary = false
Info [interflop-ieee]: no-backend-name = false
Info [interflop-ieee]: print-new-line = false
Info [interflop-ieee]: print-subnormal-normalized = false
Info [interflop-ieee]: count-op = false
All_Command_lines_OK
Using double precision for computations.
=============================================================================
The composite transform comprises the following transforms (in order): 
  1. Center of mass alignment using fixed image: /templateflow/tpl-MNI152NLin2009cAsym/tpl-MNI152NLin2009cAsym_res-01_desc-brain_T1w.nii.gz and moving image: /home/mdugre/scratch/mri-registration-rp/datasets/ds004513/derivatives/mri-registration-rp/antsBrainExtraction/sub-s032/BrainExtractionBrain.nii.gz (type = Euler3DTransform)
=============================================================================
  number of levels = 1
  fixed image: /templateflow/tpl-MNI152NLin2009cAsym/tpl-MNI152NLin2009cAsym_res-01_desc-brain_T1w.nii.gz
  moving image: /home/mdugre/scratch/mri-registration-rp/datasets/ds004513/derivatives/mri-registration-rp/antsBrainExtraction/sub-s032/BrainExtractionBrain.nii.gz
Dimension = 3
Number of stages = 1
Use histogram matching = false
Winsorize image intensities = true
  Lower quantile = 0.005
  Upper quantile = 0.995


Stage 1 State
   Image metric = MattesMI
     Fixed image = Image (0x3a92e70)
  RTTI typeinfo:   itk::Image<double, 3u>
  Reference Count: 2
  Modified Time: 2330
  Debug: Off
  Object Name: 
  Observers: 
    none
  Source: (none)
  Source output name: (none)
  Release Data: Off
  Data Released: False
  Global Release Data: Off
  PipelineMTime: 0
  UpdateMTime: 1941
  RealTimeStamp: 0 seconds 
  LargestPossibleRegion: 
    Dimension: 3
    Index: [0, 0, 0]
    Size: [193, 229, 193]
  BufferedRegion: 
    Dimension: 3
    Index: [0, 0, 0]
    Size: [193, 229, 193]
  RequestedRegion: 
    Dimension: 3
    Index: [0, 0, 0]
    Size: [193, 229, 193]
  Spacing: [1, 1, 1]
  Origin: [96, 132, -78]
  Direction: 
-1 0 0
0 -1 0
0 0 1

  IndexToPointMatrix: 
-1 0 0
0 -1 0
0 0 1

  PointToIndexMatrix: 
-1 0 0
0 -1 0
0 0 1

  Inverse Direction: 
-1 0 0
0 -1 0
0 0 1

  PixelContainer: 
    ImportImageContainer (0x3a9bc60)
      RTTI typeinfo:   itk::ImportImageContainer<unsigned long, double>
      Reference Count: 1
      Modified Time: 1938
      Debug: Off
      Object Name: 
      Observers: 
        none
      Pointer: 0x14c044cf2010
      Container manages memory: true
      Size: 8530021
      Capacity: 8530021

     Moving image = Image (0x3b2fec0)
  RTTI typeinfo:   itk::Image<double, 3u>
  Reference Count: 2
  Modified Time: 2331
  Debug: Off
  Object Name: 
  Observers: 
    none
  Source: (none)
  Source output name: (none)
  Release Data: Off
  Data Released: False
  Global Release Data: Off
  PipelineMTime: 0
  UpdateMTime: 2328
  RealTimeStamp: 0 seconds 
  LargestPossibleRegion: 
    Dimension: 3
    Index: [0, 0, 0]
    Size: [160, 240, 256]
  BufferedRegion: 
    Dimension: 3
    Index: [0, 0, 0]
    Size: [160, 240, 256]
  RequestedRegion: 
    Dimension: 3
    Index: [0, 0, 0]
    Size: [160, 240, 256]
  Spacing: [1, 1, 1]
  Origin: [73.279, 104.707, -131.187]
  Direction: 
-0.997527 0.0645574 -0.0278053
-0.0645323 -0.997914 -0.00179875
-0.0278634 4.01097e-08 0.999612

  IndexToPointMatrix: 
-0.997527 0.0645574 -0.0278053
-0.0645323 -0.997914 -0.00179875
-0.0278634 4.01097e-08 0.999612

  PointToIndexMatrix: 
-0.997527 -0.0645323 -0.0278634
0.0645574 -0.997914 4.01049e-08
-0.0278053 -0.00179875 0.999612

  Inverse Direction: 
-0.997527 -0.0645323 -0.0278634
0.0645574 -0.997914 4.01049e-08
-0.0278053 -0.00179875 0.999612

  PixelContainer: 
    ImportImageContainer (0x3bc7610)
      RTTI typeinfo:   itk::ImportImageContainer<unsigned long, double>
      Reference Count: 1
      Modified Time: 2325
      Debug: Off
      Object Name: 
      Observers: 
        none
      Pointer: 0x14c0401f1010
      Container manages memory: true
      Size: 9830400
      Capacity: 9830400

     Weighting = 1
     Sampling strategy = regular
     Number of bins = 32
     Radius = 4
     Sampling percentage  = 0.25
   Transform = Rigid
     Gradient step = 0.1
     Update field sigma (voxel space) = 0
     Total field sigma (voxel space) = 0
     Update field time sigma = 0
     Total field time sigma  = 0
     Number of time indices = 0
     Number of time point samples = 0
Registration using 1 total stages.

Stage 0
  iterations = 0
  convergence threshold = 1e-06
  convergence window size = 10
  number of levels = 1
  using the Mattes MI metric (number of bins = 32, weight = 1, use gradient filter = 0)
  preprocessing:  winsorizing the image intensities
  Shrink factors (level 1 out of 1): [1, 1, 1]
  smoothing sigmas per level: [0]
  regular sampling (percentage = 0.25)

*** Running Euler3DTransform registration ***

  Elapsed time (stage 0): 1.14981


Total elapsed time: 1.15194
Info [verificarlo]: loaded backend libinterflop_ieee.so
Info [interflop-ieee]: load backend with:
Info [interflop-ieee]: debug = false
Info [interflop-ieee]: debug-binary = false
Info [interflop-ieee]: no-backend-name = false
Info [interflop-ieee]: print-new-line = false
Info [interflop-ieee]: print-subnormal-normalized = false
Info [interflop-ieee]: count-op = false
All_Command_lines_OK
Using double precision for computations.
=============================================================================
The composite transform comprises the following transforms (in order): 
  1. /home/mdugre/scratch/mri-registration-rp/datasets/ds004513/derivatives/mri-registration-rp/0011/antsRegistration-r8-p23/sub-s032/align_Composite.h5[0] (type = Euler3DTransform)
  2. /home/mdugre/scratch/mri-registration-rp/datasets/ds004513/derivatives/mri-registration-rp/0011/antsRegistration-r8-p23/sub-s032/align_Composite.h5[1] (type = Euler3DTransform)
=============================================================================
  number of levels = 4
  fixed image: /templateflow/tpl-MNI152NLin2009cAsym/tpl-MNI152NLin2009cAsym_res-01_desc-brain_T1w.nii.gz
  moving image: /home/mdugre/scratch/mri-registration-rp/datasets/ds004513/derivatives/mri-registration-rp/antsBrainExtraction/sub-s032/BrainExtractionBrain.nii.gz
Dimension = 3
Number of stages = 1
Use histogram matching = false
Winsorize image intensities = true
  Lower quantile = 0.005
  Upper quantile = 0.995


Stage 1 State
   Image metric = MattesMI
     Fixed image = Image (0x3e2b530)
  RTTI typeinfo:   itk::Image<double, 3u>
  Reference Count: 2
  Modified Time: 1578
  Debug: Off
  Object Name: 
  Observers: 
    none
  Source: (none)
  Source output name: (none)
  Release Data: Off
  Data Released: False
  Global Release Data: Off
  PipelineMTime: 0
  UpdateMTime: 1189
  RealTimeStamp: 0 seconds 
  LargestPossibleRegion: 
    Dimension: 3
    Index: [0, 0, 0]
    Size: [193, 229, 193]
  BufferedRegion: 
    Dimension: 3
    Index: [0, 0, 0]
    Size: [193, 229, 193]
  RequestedRegion: 
    Dimension: 3
    Index: [0, 0, 0]
    Size: [193, 229, 193]
  Spacing: [1, 1, 1]
  Origin: [96, 132, -78]
  Direction: 
-1 0 0
0 -1 0
0 0 1

  IndexToPointMatrix: 
-1 0 0
0 -1 0
0 0 1

  PointToIndexMatrix: 
-1 0 0
0 -1 0
0 0 1

  Inverse Direction: 
-1 0 0
0 -1 0
0 0 1

  PixelContainer: 
    ImportImageContainer (0x3ee9d60)
      RTTI typeinfo:   itk::ImportImageContainer<unsigned long, double>
      Reference Count: 1
      Modified Time: 1186
      Debug: Off
      Object Name: 
      Observers: 
        none
      Pointer: 0x1457da54c010
      Container manages memory: true
      Size: 8530021
      Capacity: 8530021

     Moving image = Image (0x3edbf60)
  RTTI typeinfo:   itk::Image<double, 3u>
  Reference Count: 2
  Modified Time: 1579
  Debug: Off
  Object Name: 
  Observers: 
    none
  Source: (none)
  Source output name: (none)
  Release Data: Off
  Data Released: False
  Global Release Data: Off
  PipelineMTime: 0
  UpdateMTime: 1576
  RealTimeStamp: 0 seconds 
  LargestPossibleRegion: 
    Dimension: 3
    Index: [0, 0, 0]
    Size: [160, 240, 256]
  BufferedRegion: 
    Dimension: 3
    Index: [0, 0, 0]
    Size: [160, 240, 256]
  RequestedRegion: 
    Dimension: 3
    Index: [0, 0, 0]
    Size: [160, 240, 256]
  Spacing: [1, 1, 1]
  Origin: [73.279, 104.707, -131.187]
  Direction: 
-0.997527 0.0645574 -0.0278053
-0.0645323 -0.997914 -0.00179875
-0.0278634 4.01097e-08 0.999612

  IndexToPointMatrix: 
-0.997527 0.0645574 -0.0278053
-0.0645323 -0.997914 -0.00179875
-0.0278634 4.01097e-08 0.999612

  PointToIndexMatrix: 
-0.997527 -0.0645323 -0.0278634
0.0645574 -0.997914 4.01049e-08
-0.0278053 -0.00179875 0.999612

  Inverse Direction: 
-0.997527 -0.0645323 -0.0278634
0.0645574 -0.997914 4.01049e-08
-0.0278053 -0.00179875 0.999612

  PixelContainer: 
    ImportImageContainer (0x3ecd6d0)
      RTTI typeinfo:   itk::ImportImageContainer<unsigned long, double>
      Reference Count: 1
      Modified Time: 1573
      Debug: Off
      Object Name: 
      Observers: 
        none
      Pointer: 0x1457d5a4b010
      Container manages memory: true
      Size: 9830400
      Capacity: 9830400

     Weighting = 1
     Sampling strategy = regular
     Number of bins = 32
     Radius = 4
     Sampling percentage  = 0.25
   Transform = Rigid
     Gradient step = 0.1
     Update field sigma (voxel space) = 0
     Total field sigma (voxel space) = 0
     Update field time sigma = 0
     Total field time sigma  = 0
     Number of time indices = 0
     Number of time point samples = 0
Registration using 1 total stages.

Stage 0
  iterations = 1000x500x250x100
  convergence threshold = 1e-06
  convergence window size = 10
  number of levels = 4
  using the Mattes MI metric (number of bins = 32, weight = 1, use gradient filter = 0)
  preprocessing:  winsorizing the image intensities
  Shrink factors (level 1 out of 4): [8, 8, 8]
  Shrink factors (level 2 out of 4): [4, 4, 4]
  Shrink factors (level 3 out of 4): [2, 2, 2]
  Shrink factors (level 4 out of 4): [1, 1, 1]
  smoothing sigmas per level: [3, 2, 1, 0]
  regular sampling (percentage = 0.25)

*** Running Euler3DTransform registration ***

DIAGNOSTIC,Iteration,metricValue,convergenceValue,ITERATION_TIME_INDEX,SINCE_LAST
 2DIAGNOSTIC,     1, -5.480496989617e-01, 1.797693134862e+308, 8.2112e-01, 8.2112e-01, 
 2DIAGNOSTIC,     2, -5.506811078454e-01, 1.797693134862e+308, 8.2656e-01, 5.4450e-03, 
 2DIAGNOSTIC,     3, -5.546514955662e-01, 1.797693134862e+308, 8.3186e-01, 5.2989e-03, 
 2DIAGNOSTIC,     4, -5.606863537750e-01, 1.797693134862e+308, 8.3697e-01, 5.1069e-03, 
 2DIAGNOSTIC,     5, -5.693661845193e-01, 1.797693134862e+308, 8.4144e-01, 4.4761e-03, 
 2DIAGNOSTIC,     6, -5.854078830086e-01, 1.797693134862e+308, 8.4612e-01, 4.6761e-03, 
 2DIAGNOSTIC,     7, -6.232769732918e-01, 1.797693134862e+308, 8.5080e-01, 4.6799e-03, 
 2DIAGNOSTIC,     8, -6.297683730473e-01, 1.797693134862e+308, 8.5602e-01, 5.2230e-03, 
 2DIAGNOSTIC,     9, -6.366738733405e-01, 1.797693134862e+308, 8.6404e-01, 8.0211e-03, 
 2DIAGNOSTIC,    10, -6.375630690827e-01, 1.201760866083e-02, 8.6884e-01, 4.7932e-03, 
 2DIAGNOSTIC,    11, -6.405337628679e-01, 1.087684809450e-02, 8.7342e-01, 4.5841e-03, 
 2DIAGNOSTIC,    12, -6.435528997438e-01, 9.167753354490e-03, 8.7849e-01, 5.0752e-03, 
 2DIAGNOSTIC,    13, -6.444720921444e-01, 7.089498731847e-03, 8.8307e-01, 4.5710e-03, 
 2DIAGNOSTIC,    14, -6.463616611293e-01, 4.967892496988e-03, 8.8816e-01, 5.0979e-03, 
 2DIAGNOSTIC,    15, -6.484646963404e-01, 3.033020789043e-03, 8.9618e-01, 8.0180e-03, 
 2DIAGNOSTIC,    16, -6.486009987994e-01, 1.520386367320e-03, 9.0086e-01, 4.6759e-03, 
 2DIAGNOSTIC,    17, -6.493699344760e-01, 1.108203205204e-03, 9.0596e-01, 5.1069e-03, 
 2DIAGNOSTIC,    18, -6.514578195065e-01, 8.586162135984e-04, 9.1062e-01, 4.6601e-03, 
 2DIAGNOSTIC,    19, -6.526592717406e-01, 7.533650369804e-04, 9.1521e-01, 4.5860e-03, 
 2DIAGNOSTIC,    20, -6.536191777189e-01, 6.303067369293e-04, 9.1983e-01, 4.6191e-03, 
 2DIAGNOSTIC,    21, -6.549162298979e-01, 5.534292205379e-04, 9.2448e-01, 4.6520e-03, 
 2DIAGNOSTIC,    22, -6.562385790832e-01, 5.226986103233e-04, 9.3025e-01, 5.7652e-03, 
 2DIAGNOSTIC,    23, -6.565000058113e-01, 4.680180012237e-04, 9.3539e-01, 5.1420e-03, 
 2DIAGNOSTIC,    24, -6.565387353854e-01, 4.101063704208e-04, 9.4069e-01, 5.2969e-03, 
 2DIAGNOSTIC,    25, -6.567702146893e-01, 3.618032093040e-04, 9.4629e-01, 5.6090e-03, 
 2DIAGNOSTIC,    26, -6.583507212369e-01, 3.132611037346e-04, 9.5085e-01, 4.5571e-03, 
 2DIAGNOSTIC,    27, -6.586527568469e-01, 2.554116018357e-04, 9.5540e-01, 4.5459e-03, 
 2DIAGNOSTIC,    28, -6.593310437738e-01, 2.225767143840e-04, 9.6098e-01, 5.5850e-03, 
 2DIAGNOSTIC,    29, -6.595734041655e-01, 1.939316665336e-04, 9.6596e-01, 4.9739e-03, 
 2DIAGNOSTIC,    30, -6.595955819569e-01, 1.634946778527e-04, 9.7104e-01, 5.0800e-03, 
 2DIAGNOSTIC,    31, -6.596949967568e-01, 1.392755860916e-04, 9.7560e-01, 4.5650e-03, 
 2DIAGNOSTIC,    32, -6.597157295313e-01, 1.221677497594e-04, 9.8084e-01, 5.2419e-03, 
 2DIAGNOSTIC,    33, -6.597001423845e-01, 9.820426862796e-05, 9.8836e-01, 7.5212e-03, 
 2DIAGNOSTIC,    34, -6.595254449702e-01, 6.486903006747e-05, 9.9282e-01, 4.4539e-03, 
 2DIAGNOSTIC,    35, -6.595295822810e-01, 3.010817889953e-05, 9.9741e-01, 4.5929e-03, 
 2DIAGNOSTIC,    36, -6.595351297936e-01, 1.424396565889e-05, 1.0018e+00, 4.4191e-03, 
 2DIAGNOSTIC,    37, -6.595409535781e-01, 1.474135169433e-06, 1.0062e+00, 4.3771e-03, 
DIAGNOSTIC,Iteration,metricValue,convergenceValue,ITERATION_TIME_INDEX,SINCE_LAST
 2DIAGNOSTIC,     1, -5.183739626526e-01, 1.797693134862e+308, 1.7312e+00, 7.2503e-01, 
 2DIAGNOSTIC,     2, -5.189226238282e-01, 1.797693134862e+308, 1.7597e+00, 2.8426e-02, 
 2DIAGNOSTIC,     3, -5.196899327348e-01, 1.797693134862e+308, 1.7875e+00, 2.7835e-02, 
 2DIAGNOSTIC,     4, -5.204463662994e-01, 1.797693134862e+308, 1.8154e+00, 2.7936e-02, 
 2DIAGNOSTIC,     5, -5.209979485291e-01, 1.797693134862e+308, 1.8429e+00, 2.7441e-02, 
 2DIAGNOSTIC,     6, -5.216357744174e-01, 1.797693134862e+308, 1.8700e+00, 2.7159e-02, 
 2DIAGNOSTIC,     7, -5.233753714627e-01, 1.797693134862e+308, 1.8977e+00, 2.7635e-02, 
 2DIAGNOSTIC,     8, -5.241119131181e-01, 1.797693134862e+308, 1.9322e+00, 3.4559e-02, 
 2DIAGNOSTIC,     9, -5.247293428594e-01, 1.797693134862e+308, 1.9679e+00, 3.5694e-02, 
 2DIAGNOSTIC,    10, -5.250028241183e-01, 8.899807888993e-04, 1.9993e+00, 3.1370e-02, 
 2DIAGNOSTIC,    11, -5.254483052798e-01, 7.905532249526e-04, 2.0356e+00, 3.6313e-02, 
 2DIAGNOSTIC,    12, -5.277635688722e-01, 7.650652106514e-04, 2.0718e+00, 3.6213e-02, 
 2DIAGNOSTIC,    13, -5.283161387129e-01, 7.264279499661e-04, 2.1024e+00, 3.0561e-02, 
 2DIAGNOSTIC,    14, -5.288222937522e-01, 6.775650058526e-04, 2.1322e+00, 2.9854e-02, 
 2DIAGNOSTIC,    15, -5.289976642657e-01, 6.012605174593e-04, 2.1632e+00, 3.0956e-02, 
 2DIAGNOSTIC,    16, -5.298475142554e-01, 5.287513515921e-04, 2.2014e+00, 3.8231e-02, 
 2DIAGNOSTIC,    17, -5.313522140024e-01, 5.176189162946e-04, 2.2375e+00, 3.6081e-02, 
 2DIAGNOSTIC,    18, -5.317212061342e-01, 4.916466733070e-04, 2.2714e+00, 3.3903e-02, 
 2DIAGNOSTIC,    19, -5.322490397461e-01, 4.569581340491e-04, 2.3137e+00, 4.2342e-02, 
 2DIAGNOSTIC,    20, -5.323376810673e-01, 3.940994929244e-04, 2.3419e+00, 2.8106e-02, 
 2DIAGNOSTIC,    21, -5.325910135031e-01, 3.171266894484e-04, 2.3753e+00, 3.3464e-02, 
 2DIAGNOSTIC,    22, -5.334985538864e-01, 2.960182367131e-04, 2.4115e+00, 3.6215e-02, 
 2DIAGNOSTIC,    23, -5.343136403231e-01, 2.804994901545e-04, 2.4533e+00, 4.1774e-02, 
 2DIAGNOSTIC,    24, -5.358635970745e-01, 2.865523040377e-04, 2.4970e+00, 4.3703e-02, 
 2DIAGNOSTIC,    25, -5.371515315626e-01, 2.963333394652e-04, 2.5305e+00, 3.3458e-02, 
 2DIAGNOSTIC,    26, -5.415937357231e-01, 3.861868746868e-04, 2.5611e+00, 3.0641e-02, 
 2DIAGNOSTIC,    27, -5.440312446113e-01, 5.092606738532e-04, 2.5954e+00, 3.4268e-02, 
 2DIAGNOSTIC,    28, -5.457060244298e-01, 6.140170518922e-04, 2.6464e+00, 5.1012e-02, 
 2DIAGNOSTIC,    29, -5.460839422514e-01, 6.709023903985e-04, 2.6796e+00, 3.3170e-02, 
 2DIAGNOSTIC,    30, -5.471616654681e-01, 6.817934555271e-04, 2.7080e+00, 2.8417e-02, 
 2DIAGNOSTIC,    31, -5.478787172668e-01, 6.429571810939e-04, 2.7372e+00, 2.9189e-02, 
 2DIAGNOSTIC,    32, -5.483993064591e-01, 5.688833217421e-04, 2.7689e+00, 3.1693e-02, 
 2DIAGNOSTIC,    33, -5.487585874184e-01, 4.648868728665e-04, 2.8018e+00, 3.2937e-02, 
 2DIAGNOSTIC,    34, -5.504612690052e-01, 3.749572940488e-04, 2.8357e+00, 3.3944e-02, 
 2DIAGNOSTIC,    35, -5.559795177467e-01, 3.564346168505e-04, 2.8842e+00, 4.8417e-02, 
 2DIAGNOSTIC,    36, -5.565304673266e-01, 3.761866945694e-04, 2.9155e+00, 3.1379e-02, 
 2DIAGNOSTIC,    37, -5.568993102737e-01, 4.000462966013e-04, 2.9455e+00, 2.9958e-02, 
 2DIAGNOSTIC,    38, -5.573140886423e-01, 4.150167460607e-04, 2.9755e+00, 2.9992e-02, 
 2DIAGNOSTIC,    39, -5.586117575952e-01, 4.116697086137e-04, 3.0041e+00, 2.8605e-02, 
 2DIAGNOSTIC,    40, -5.592148826566e-01, 3.898142937673e-04, 3.0437e+00, 3.9590e-02, 
 2DIAGNOSTIC,    41, -5.600001047650e-01, 3.512538627366e-04, 3.0715e+00, 2.7775e-02, 
 2DIAGNOSTIC,    42, -5.603808412261e-01, 2.937348647014e-04, 3.1031e+00, 3.1687e-02, 
 2DIAGNOSTIC,    43, -5.607803749397e-01, 2.206289778802e-04, 3.1308e+00, 2.7622e-02, 
 2DIAGNOSTIC,    44, -5.620469203275e-01, 1.636098884093e-04, 3.1699e+00, 3.9166e-02, 
 2DIAGNOSTIC,    45, -5.629025287734e-01, 1.677847486447e-04, 3.1982e+00, 2.8267e-02, 
 2DIAGNOSTIC,    46, -5.632212539806e-01, 1.657102885648e-04, 3.2263e+00, 2.8153e-02, 
 2DIAGNOSTIC,    47, -5.638082037979e-01, 1.589194805282e-04, 3.2584e+00, 3.2061e-02, 
 2DIAGNOSTIC,    48, -5.650838315610e-01, 1.554718914285e-04, 3.2974e+00, 3.8983e-02, 
 2DIAGNOSTIC,    49, -5.663175085036e-01, 1.639219466947e-04, 3.3295e+00, 3.2147e-02, 
 2DIAGNOSTIC,    50, -5.666404105494e-01, 1.656580194386e-04, 3.3608e+00, 3.1224e-02, 
 2DIAGNOSTIC,    51, -5.668627506784e-01, 1.621800770753e-04, 3.3915e+00, 3.0712e-02, 
 2DIAGNOSTIC,    52, -5.669785030852e-01, 1.485559023898e-04, 3.4225e+00, 3.1070e-02, 
 2DIAGNOSTIC,    53, -5.670538250184e-01, 1.255333533926e-04, 3.4540e+00, 3.1503e-02, 
 2DIAGNOSTIC,    54, -5.671731901376e-01, 1.044983531242e-04, 3.4848e+00, 3.0755e-02, 
 2DIAGNOSTIC,    55, -5.671964276176e-01, 8.270898409428e-05, 3.5123e+00, 2.7504e-02, 
 2DIAGNOSTIC,    56, -5.672134942024e-01, 5.712143036837e-05, 3.5470e+00, 3.4730e-02, 
 2DIAGNOSTIC,    57, -5.672188777855e-01, 3.229874764230e-05, 3.5785e+00, 3.1486e-02, 
 2DIAGNOSTIC,    58, -5.672147304858e-01, 1.648223417093e-05, 3.6137e+00, 3.5167e-02, 
 2DIAGNOSTIC,    59, -5.672085300971e-01, 1.047422166336e-05, 3.6416e+00, 2.7914e-02, 
 2DIAGNOSTIC,    60, -5.671953498625e-01, 6.370272013181e-06, 3.6756e+00, 3.4028e-02, 
 2DIAGNOSTIC,    61, -5.671969517533e-01, 3.751216688358e-06, 3.7076e+00, 3.1988e-02, 
 2DIAGNOSTIC,    62, -5.671736590005e-01, 1.679945985808e-06, 3.7355e+00, 2.7930e-02, 
DIAGNOSTIC,Iteration,metricValue,convergenceValue,ITERATION_TIME_INDEX,SINCE_LAST
 2DIAGNOSTIC,     1, -5.016399919783e-01, 1.797693134862e+308, 4.8742e+00, 1.1386e+00, 
 2DIAGNOSTIC,     2, -5.018473455451e-01, 1.797693134862e+308, 5.1158e+00, 2.4160e-01, 
 2DIAGNOSTIC,     3, -5.020822111545e-01, 1.797693134862e+308, 5.3590e+00, 2.4327e-01, 
 2DIAGNOSTIC,     4, -5.022771420910e-01, 1.797693134862e+308, 5.5908e+00, 2.3178e-01, 
 2DIAGNOSTIC,     5, -5.023413689287e-01, 1.797693134862e+308, 5.8587e+00, 2.6789e-01, 
 2DIAGNOSTIC,     6, -5.023523971651e-01, 1.797693134862e+308, 6.1511e+00, 2.9242e-01, 
 2DIAGNOSTIC,     7, -5.023321452094e-01, 1.797693134862e+308, 6.3840e+00, 2.3290e-01, 
 2DIAGNOSTIC,     8, -5.023685617421e-01, 1.797693134862e+308, 6.6467e+00, 2.6269e-01, 
 2DIAGNOSTIC,     9, -5.023803791011e-01, 1.797693134862e+308, 6.8902e+00, 2.4348e-01, 
 2DIAGNOSTIC,    10, -5.024392087172e-01, 8.769803556506e-05, 7.2889e+00, 3.9871e-01, 
 2DIAGNOSTIC,    11, -5.024305377746e-01, 5.314863400219e-05, 7.5504e+00, 2.6151e-01, 
 2DIAGNOSTIC,    12, -5.024316296898e-01, 2.958771216661e-05, 7.8187e+00, 2.6831e-01, 
 2DIAGNOSTIC,    13, -5.024323730645e-01, 1.728507623210e-05, 8.0537e+00, 2.3495e-01, 
 2DIAGNOSTIC,    14, -5.024347239179e-01, 1.325560952736e-05, 8.3219e+00, 2.6824e-01, 
 2DIAGNOSTIC,    15, -5.024335413637e-01, 1.110099661752e-05, 8.5868e+00, 2.6485e-01, 
 2DIAGNOSTIC,    16, -5.024344220777e-01, 8.856211061420e-06, 8.8475e+00, 2.6078e-01, 
 2DIAGNOSTIC,    17, -5.024366416026e-01, 5.645439045535e-06, 9.1226e+00, 2.7510e-01, 
 2DIAGNOSTIC,    18, -5.024399028166e-01, 3.694242708588e-06, 9.3864e+00, 2.6379e-01, 
 2DIAGNOSTIC,    19, -5.024397968174e-01, 2.063199933226e-06, 9.6281e+00, 2.4164e-01, 
 2DIAGNOSTIC,    20, -5.024404158903e-01, 2.251170778643e-06, 9.8750e+00, 2.4695e-01, 
 2DIAGNOSTIC,    21, -5.024381377921e-01, 2.065581147744e-06, 1.0151e+01, 2.7642e-01, 
 2DIAGNOSTIC,    22, -5.024377185308e-01, 1.862912313369e-06, 1.0400e+01, 2.4866e-01, 
 2DIAGNOSTIC,    23, -5.024355977248e-01, 1.601666491303e-06, 1.0657e+01, 2.5692e-01, 
 2DIAGNOSTIC,    24, -5.024350312673e-01, 1.385830153314e-06, 1.0869e+01, 2.1194e-01, 
 2DIAGNOSTIC,    25, -5.024346514619e-01, 1.147096255649e-06, 1.1099e+01, 2.2973e-01, 
DIAGNOSTIC,Iteration,metricValue,convergenceValue,ITERATION_TIME_INDEX,SINCE_LAST
 2DIAGNOSTIC,     1, -4.669142665680e-01, 1.797693134862e+308, 1.3540e+01, 2.4412e+00, 
 2DIAGNOSTIC,     2, -4.669731183452e-01, 1.797693134862e+308, 1.5828e+01, 2.2886e+00, 
 2DIAGNOSTIC,     3, -4.669725826442e-01, 1.797693134862e+308, 1.7490e+01, 1.6614e+00, 
 2DIAGNOSTIC,     4, -4.669723614457e-01, 1.797693134862e+308, 1.9170e+01, 1.6801e+00, 
 2DIAGNOSTIC,     5, -4.669722933355e-01, 1.797693134862e+308, 2.0893e+01, 1.7226e+00, 
 2DIAGNOSTIC,     6, -4.669720313087e-01, 1.797693134862e+308, 2.2389e+01, 1.4962e+00, 
 2DIAGNOSTIC,     7, -4.669718632492e-01, 1.797693134862e+308, 2.4003e+01, 1.6142e+00, 
 2DIAGNOSTIC,     8, -4.669719694973e-01, 1.797693134862e+308, 2.5696e+01, 1.6933e+00, 
 2DIAGNOSTIC,     9, -4.669718873999e-01, 1.797693134862e+308, 2.7167e+01, 1.4703e+00, 
 2DIAGNOSTIC,    10, -4.669717154033e-01, 6.569111180771e-06, 2.8693e+01, 1.5260e+00, 
 2DIAGNOSTIC,    11, -4.669716332836e-01, 2.739439605312e-06, 3.0149e+01, 1.4563e+00, 
 2DIAGNOSTIC,    12, -4.669716478835e-01, 2.548080765968e-06, 3.1463e+01, 1.3141e+00, 
 2DIAGNOSTIC,    13, -4.669716735375e-01, 2.371383586247e-06, 3.2944e+01, 1.4810e+00, 
 2DIAGNOSTIC,    14, -4.669717041647e-01, 2.218323659653e-06, 3.4594e+01, 1.6499e+00, 
 2DIAGNOSTIC,    15, -4.669717270152e-01, 2.089172399994e-06, 3.6092e+01, 1.4978e+00, 
 2DIAGNOSTIC,    16, -4.669716567391e-01, 1.966675219511e-06, 3.7619e+01, 1.5277e+00, 
 2DIAGNOSTIC,    17, -4.669715838746e-01, 1.851793231249e-06, 3.9234e+01, 1.6148e+00, 
 2DIAGNOSTIC,    18, -4.669715050777e-01, 1.752393918704e-06, 4.0779e+01, 1.5447e+00, 
 2DIAGNOSTIC,    19, -4.669712437808e-01, 1.653951796708e-06, 4.2339e+01, 1.5604e+00, 
 2DIAGNOSTIC,    20, -4.669710760004e-01, 1.557142255824e-06, 4.3704e+01, 1.3644e+00, 
 2DIAGNOSTIC,    21, -4.669713682256e-01, 1.478811279307e-06, 4.5095e+01, 1.3914e+00, 
 2DIAGNOSTIC,    22, -4.669715849732e-01, 1.417003039406e-06, 4.6695e+01, 1.6003e+00, 
 2DIAGNOSTIC,    23, -4.669713361476e-01, 1.357247946740e-06, 4.8300e+01, 1.6043e+00, 
 2DIAGNOSTIC,    24, -4.669711738850e-01, 1.301987258139e-06, 4.9824e+01, 1.5242e+00, 
 2DIAGNOSTIC,    25, -4.669710170560e-01, 1.250274593606e-06, 5.1619e+01, 1.7946e+00, 
 2DIAGNOSTIC,    26, -4.669709434478e-01, 1.201024392793e-06, 5.3176e+01, 1.5577e+00, 
 2DIAGNOSTIC,    27, -4.669708675602e-01, 1.153960287804e-06, 5.4722e+01, 1.5458e+00, 
 2DIAGNOSTIC,    28, -4.669707977910e-01, 1.109591809663e-06, 5.6064e+01, 1.3423e+00, 
 2DIAGNOSTIC,    29, -4.669707451810e-01, 1.064532229471e-06, 5.7596e+01, 1.5317e+00, 
 2DIAGNOSTIC,    30, -4.669708890699e-01, 1.024912694658e-06, 5.9102e+01, 1.5057e+00, 
 2DIAGNOSTIC,    31, -4.669710827042e-01, 1.000434054384e-06, 6.0835e+01, 1.7328e+00, 
  Elapsed time (stage 0): 6.1703e+01


Total elapsed time: 6.1705e+01
Info [verificarlo]: loaded backend libinterflop_vprec.so
Info [interflop-vprec]: load backend with: 
Info [interflop-vprec]: precision-binary32 = 23
Info [interflop-vprec]: range-binary32 = 8
Info [interflop-vprec]: precision-binary64 = 23
Info [interflop-vprec]: range-binary64 = 8
Info [interflop-vprec]: mode = ob
Info [interflop-vprec]: error-mode = rel
Info [interflop-vprec]: max-abs-error-exponent = -1022
Info [interflop-vprec]: daz = false
Info [interflop-vprec]: ftz = false
Info [interflop-vprec]: 	instrument = none
Info [interflop-vprec]: 	prec-input-file = (null)
Info [interflop-vprec]: 	prec-output-file = (null)
Info [interflop-vprec]: 	prec-log-file = (null)
All_Command_lines_OK
Using double precision for computations.
=============================================================================
The composite transform comprises the following transforms (in order): 
  1. /home/mdugre/scratch/mri-registration-rp/datasets/ds004513/derivatives/mri-registration-rp/0011/antsRegistration-r8-p23/sub-s032/rigid_Composite.h5[0] (type = Euler3DTransform)
  2. /home/mdugre/scratch/mri-registration-rp/datasets/ds004513/derivatives/mri-registration-rp/0011/antsRegistration-r8-p23/sub-s032/rigid_Composite.h5[1] (type = Euler3DTransform)
  3. /home/mdugre/scratch/mri-registration-rp/datasets/ds004513/derivatives/mri-registration-rp/0011/antsRegistration-r8-p23/sub-s032/rigid_Composite.h5[2] (type = Euler3DTransform)
=============================================================================
  number of levels = 4
  fixed image: /templateflow/tpl-MNI152NLin2009cAsym/tpl-MNI152NLin2009cAsym_res-01_desc-brain_T1w.nii.gz
  moving image: /home/mdugre/scratch/mri-registration-rp/datasets/ds004513/derivatives/mri-registration-rp/antsBrainExtraction/sub-s032/BrainExtractionBrain.nii.gz
Dimension = 3
Number of stages = 1
Use histogram matching = false
Winsorize image intensities = true
  Lower quantile = 0.005
  Upper quantile = 0.995


Stage 1 State
   Image metric = MattesMI
     Fixed image = Image (0x50ab490)
  RTTI typeinfo:   itk::Image<double, 3u>
  Reference Count: 2
  Modified Time: 1592
  Debug: Off
  Object Name: 
  Observers: 
    none
  Source: (none)
  Source output name: (none)
  Release Data: Off
  Data Released: False
  Global Release Data: Off
  PipelineMTime: 0
  UpdateMTime: 1203
  RealTimeStamp: 0 seconds 
  LargestPossibleRegion: 
    Dimension: 3
    Index: [0, 0, 0]
    Size: [193, 229, 193]
  BufferedRegion: 
    Dimension: 3
    Index: [0, 0, 0]
    Size: [193, 229, 193]
  RequestedRegion: 
    Dimension: 3
    Index: [0, 0, 0]
    Size: [193, 229, 193]
  Spacing: [1, 1, 1]
  Origin: [96, 132, -78]
  Direction: 
-1 0 0
0 -1 0
0 0 1

  IndexToPointMatrix: 
-1 0 0
0 -1 0
0 0 1

  PointToIndexMatrix: 
-1 0 0
0 -1 0
0 0 1

  Inverse Direction: 
-1 0 0
0 -1 0
0 0 1

  PixelContainer: 
    ImportImageContainer (0x51768c0)
      RTTI typeinfo:   itk::ImportImageContainer<unsigned long, double>
      Reference Count: 1
      Modified Time: 1200
      Debug: Off
      Object Name: 
      Observers: 
        none
      Pointer: 0x1521ab38b010
      Container manages memory: true
      Size: 8530021
      Capacity: 8530021

     Moving image = Image (0x5166b60)
  RTTI typeinfo:   itk::Image<double, 3u>
  Reference Count: 2
  Modified Time: 1593
  Debug: Off
  Object Name: 
  Observers: 
    none
  Source: (none)
  Source output name: (none)
  Release Data: Off
  Data Released: False
  Global Release Data: Off
  PipelineMTime: 0
  UpdateMTime: 1590
  RealTimeStamp: 0 seconds 
  LargestPossibleRegion: 
    Dimension: 3
    Index: [0, 0, 0]
    Size: [160, 240, 256]
  BufferedRegion: 
    Dimension: 3
    Index: [0, 0, 0]
    Size: [160, 240, 256]
  RequestedRegion: 
    Dimension: 3
    Index: [0, 0, 0]
    Size: [160, 240, 256]
  Spacing: [1, 1, 1]
  Origin: [73.279, 104.707, -131.187]
  Direction: 
-0.997527 0.0645574 -0.0278053
-0.0645323 -0.997914 -0.00179875
-0.0278634 4.01097e-08 0.999612

  IndexToPointMatrix: 
-0.997527 0.0645574 -0.0278053
-0.0645323 -0.997914 -0.00179875
-0.0278634 4.01097e-08 0.999612

  PointToIndexMatrix: 
-0.997527 -0.0645323 -0.0278634
0.0645574 -0.997914 9.8953e-10
-0.0278053 -0.00179879 0.999612

  Inverse Direction: 
-0.997527 -0.0645323 -0.0278634
0.0645574 -0.997914 9.8953e-10
-0.0278053 -0.00179879 0.999612

  PixelContainer: 
    ImportImageContainer (0x51fa1d0)
      RTTI typeinfo:   itk::ImportImageContainer<unsigned long, double>
      Reference Count: 1
      Modified Time: 1587
      Debug: Off
      Object Name: 
      Observers: 
        none
      Pointer: 0x1521a688a010
      Container manages memory: true
      Size: 9830400
      Capacity: 9830400

     Weighting = 1
     Sampling strategy = regular
     Number of bins = 32
     Radius = 4
     Sampling percentage  = 0.25
   Transform = Affine
     Gradient step = 0.1
     Update field sigma (voxel space) = 0
     Total field sigma (voxel space) = 0
     Update field time sigma = 0
     Total field time sigma  = 0
     Number of time indices = 0
     Number of time point samples = 0
Registration using 1 total stages.

Stage 0
  iterations = 1000x500x250x100
  convergence threshold = 1e-06
  convergence window size = 10
  number of levels = 4
  using the Mattes MI metric (number of bins = 32, weight = 1, use gradient filter = 0)
  preprocessing:  winsorizing the image intensities
  Shrink factors (level 1 out of 4): [8, 8, 8]
  Shrink factors (level 2 out of 4): [4, 4, 4]
  Shrink factors (level 3 out of 4): [2, 2, 2]
  Shrink factors (level 4 out of 4): [1, 1, 1]
  smoothing sigmas per level: [3, 2, 1, 0]
  regular sampling (percentage = 0.25)

*** Running AffineTransform registration ***

DIAGNOSTIC,Iteration,metricValue,convergenceValue,ITERATION_TIME_INDEX,SINCE_LAST
 2DIAGNOSTIC,     1, -6.844144874503e-01, 1.797693134862e+308, 0.0000e+00, 0.0000e+00, 
 2DIAGNOSTIC,     2, -6.864792533355e-01, 1.797693134862e+308, 0.0000e+00, 0.0000e+00, 
 2DIAGNOSTIC,     3, -6.894852943922e-01, 1.797693134862e+308, 0.0000e+00, 0.0000e+00, 
 2DIAGNOSTIC,     4, -6.943073074128e-01, 1.797693134862e+308, 0.0000e+00, 0.0000e+00, 
 2DIAGNOSTIC,     5, -7.194434800106e-01, 1.797693134862e+308, 0.0000e+00, 0.0000e+00, 
 2DIAGNOSTIC,     6, -7.227844465080e-01, 1.797693134862e+308, 0.0000e+00, 0.0000e+00, 
 2DIAGNOSTIC,     7, -7.227833017673e-01, 1.797693134862e+308, 0.0000e+00, 0.0000e+00, 
 2DIAGNOSTIC,     8, -7.227836872702e-01, 1.797693134862e+308, 0.0000e+00, 0.0000e+00, 
 2DIAGNOSTIC,     9, -7.227842835281e-01, 1.797693134862e+308, 0.0000e+00, 0.0000e+00, 
 2DIAGNOSTIC,    10, -7.227852430727e-01, 4.306064925920e-03, 0.0000e+00, 0.0000e+00, 
 2DIAGNOSTIC,    11, -7.227871062368e-01, 3.166896724744e-03, 0.0000e+00, 0.0000e+00, 
 2DIAGNOSTIC,    12, -7.227899315749e-01, 2.018591680658e-03, 0.0000e+00, 0.0000e+00, 
 2DIAGNOSTIC,    13, -7.227951073862e-01, 9.670180317495e-04, 0.0000e+00, 0.0000e+00, 
 2DIAGNOSTIC,    14, -7.228035085564e-01, 9.844608341847e-05, 0.0000e+00, 0.0000e+00, 
 2DIAGNOSTIC,    15, -7.228179106548e-01, 3.796964358690e-06, 0.0000e+00, 0.0000e+00, 
 2DIAGNOSTIC,    16, -7.228420404524e-01, 4.679319100392e-06, 0.0000e+00, 0.0000e+00, 
 2DIAGNOSTIC,    17, -7.228827908928e-01, 6.127554328175e-06, 0.0000e+00, 0.0000e+00, 
 2DIAGNOSTIC,    18, -7.229513252567e-01, 8.527491720242e-06, 0.0000e+00, 0.0000e+00, 
 2DIAGNOSTIC,    19, -7.230662527518e-01, 1.243683884112e-05, 0.0000e+00, 0.0000e+00, 
 2DIAGNOSTIC,    20, -7.232577541762e-01, 1.873194114912e-05, 0.0000e+00, 0.0000e+00, 
 2DIAGNOSTIC,    21, -7.232851500862e-01, 2.331427524457e-05, 0.0000e+00, 0.0000e+00, 
 2DIAGNOSTIC,    22, -7.234875447031e-01, 2.918841587623e-05, 0.0000e+00, 0.0000e+00, 
 2DIAGNOSTIC,    23, -7.238197360796e-01, 3.770363817869e-05, 0.0000e+00, 0.0000e+00, 
 2DIAGNOSTIC,    24, -7.241542751506e-01, 4.761387084377e-05, 0.0000e+00, 0.0000e+00, 
 2DIAGNOSTIC,    25, -7.248107160564e-01, 6.292639305134e-05, 0.0000e+00, 0.0000e+00, 
 2DIAGNOSTIC,    26, -7.254935273168e-01, 8.186890931305e-05, 0.0000e+00, 0.0000e+00, 
 2DIAGNOSTIC,    27, -7.260882853027e-01, 1.009913967722e-04, 0.0000e+00, 0.0000e+00, 
 2DIAGNOSTIC,    28, -7.269183179361e-01, 1.219263531643e-04, 0.0000e+00, 0.0000e+00, 
 2DIAGNOSTIC,    29, -7.275814106472e-01, 1.403763397286e-04, 0.0000e+00, 0.0000e+00, 
 2DIAGNOSTIC,    30, -7.289272623011e-01, 1.645703505474e-04, 0.0000e+00, 0.0000e+00, 
 2DIAGNOSTIC,    31, -7.292532535949e-01, 1.758375040451e-04, 0.0000e+00, 0.0000e+00, 
 2DIAGNOSTIC,    32, -7.296606241260e-01, 1.774448524061e-04, 0.0000e+00, 0.0000e+00, 
 2DIAGNOSTIC,    33, -7.330376058557e-01, 2.066208712699e-04, 0.0000e+00, 0.0000e+00, 
 2DIAGNOSTIC,    34, -7.333996532506e-01, 2.213790927206e-04, 0.0000e+00, 0.0000e+00, 
 2DIAGNOSTIC,    35, -7.335611096783e-01, 2.236880099498e-04, 0.0000e+00, 0.0000e+00, 
 2DIAGNOSTIC,    36, -7.340305704128e-01, 2.178098390394e-04, 0.0000e+00, 0.0000e+00, 
 2DIAGNOSTIC,    37, -7.343407852256e-01, 2.010364385352e-04, 0.0000e+00, 0.0000e+00, 
 2DIAGNOSTIC,    38, -7.348159636285e-01, 1.790251393825e-04, 0.0000e+00, 0.0000e+00, 
 2DIAGNOSTIC,    39, -7.352284531798e-01, 1.515377827185e-04, 0.0000e+00, 0.0000e+00, 
 2DIAGNOSTIC,    40, -7.361653087733e-01, 1.339534586242e-04, 0.0000e+00, 0.0000e+00, 
 2DIAGNOSTIC,    41, -7.366956279702e-01, 1.128579707860e-04, 0.0000e+00, 0.0000e+00, 
 2DIAGNOSTIC,    42, -7.368544834665e-01, 8.649011383979e-05, 0.0000e+00, 0.0000e+00, 
 2DIAGNOSTIC,    43, -7.370030607891e-01, 8.543834939499e-05, 0.0000e+00, 0.0000e+00, 
 2DIAGNOSTIC,    44, -7.374973160583e-01, 8.398353744638e-05, 0.0000e+00, 0.0000e+00, 
 2DIAGNOSTIC,    45, -7.381646989046e-01, 8.159102298248e-05, 0.0000e+00, 0.0000e+00, 
 2DIAGNOSTIC,    46, -7.381237669419e-01, 7.505117704657e-05, 0.0000e+00, 0.0000e+00, 
 2DIAGNOSTIC,    47, -7.382261012633e-01, 6.527715016928e-05, 0.0000e+00, 0.0000e+00, 
 2DIAGNOSTIC,    48, -7.383795929593e-01, 5.495383308637e-05, 0.0000e+00, 0.0000e+00, 
 2DIAGNOSTIC,    49, -7.384932312132e-01, 4.380228547716e-05, 0.0000e+00, 0.0000e+00, 
 2DIAGNOSTIC,    50, -7.385377775757e-01, 3.647351987317e-05, 0.0000e+00, 0.0000e+00, 
 2DIAGNOSTIC,    51, -7.386928381437e-01, 3.130778891616e-05, 0.0000e+00, 0.0000e+00, 
 2DIAGNOSTIC,    52, -7.388307309696e-01, 2.569908141807e-05, 0.0000e+00, 0.0000e+00, 
 2DIAGNOSTIC,    53, -7.388787857248e-01, 1.926611974145e-05, 0.0000e+00, 0.0000e+00, 
 2DIAGNOSTIC,    54, -7.387178597767e-01, 1.357042777891e-05, 0.0000e+00, 0.0000e+00, 
 2DIAGNOSTIC,    55, -7.388630767596e-01, 1.269203945914e-05, 0.0000e+00, 0.0000e+00, 
 2DIAGNOSTIC,    56, -7.390203981163e-01, 1.144066242416e-05, 0.0000e+00, 0.0000e+00, 
 2DIAGNOSTIC,    57, -7.390384537257e-01, 9.941785405268e-06, 0.0000e+00, 0.0000e+00, 
 2DIAGNOSTIC,    58, -7.390522569882e-01, 8.740398127132e-06, 0.0000e+00, 0.0000e+00, 
 2DIAGNOSTIC,    59, -7.393947786615e-01, 9.860982237108e-06, 0.0000e+00, 0.0000e+00, 
 2DIAGNOSTIC,    60, -7.397771561338e-01, 1.273651409273e-05, 0.0000e+00, 0.0000e+00, 
 2DIAGNOSTIC,    61, -7.400977577061e-01, 1.728520795154e-05, 0.0000e+00, 0.0000e+00, 
 2DIAGNOSTIC,    62, -7.403384531920e-01, 2.244995922435e-05, 0.0000e+00, 0.0000e+00, 
 2DIAGNOSTIC,    63, -7.406183852300e-01, 2.743396755960e-05, 0.0000e+00, 0.0000e+00, 
 2DIAGNOSTIC,    64, -7.405724533768e-01, 2.835199699546e-05, 0.0000e+00, 0.0000e+00, 
 2DIAGNOSTIC,    65, -7.407522507990e-01, 2.848325807142e-05, 0.0000e+00, 0.0000e+00, 
 2DIAGNOSTIC,    66, -7.410493676793e-01, 2.857760272536e-05, 0.0000e+00, 0.0000e+00, 
 2DIAGNOSTIC,    67, -7.411799927131e-01, 2.680818060001e-05, 0.0000e+00, 0.0000e+00, 
 2DIAGNOSTIC,    68, -7.412082066520e-01, 2.278054740096e-05, 0.0000e+00, 0.0000e+00, 
 2DIAGNOSTIC,    69, -7.412013751072e-01, 1.862543305986e-05, 0.0000e+00, 0.0000e+00, 
 2DIAGNOSTIC,    70, -7.410617362681e-01, 1.417434477028e-05, 0.0000e+00, 0.0000e+00, 
 2DIAGNOSTIC,    71, -7.411658853415e-01, 1.082446064481e-05, 0.0000e+00, 0.0000e+00, 
 2DIAGNOSTIC,    72, -7.412388575438e-01, 8.190138317654e-06, 0.0000e+00, 0.0000e+00, 
 2DIAGNOSTIC,    73, -7.413441378904e-01, 6.959021015803e-06, 0.0000e+00, 0.0000e+00, 
 2DIAGNOSTIC,    74, -7.412632932302e-01, 4.469803503764e-06, 0.0000e+00, 0.0000e+00, 
 2DIAGNOSTIC,    75, -7.411788778751e-01, 2.154962585347e-06, 0.0000e+00, 0.0000e+00, 
 2DIAGNOSTIC,    76, -7.412096078884e-01, 1.403914638968e-06, 0.0000e+00, 0.0000e+00, 
 2DIAGNOSTIC,    77, -7.413535354661e-01, 1.922373629787e-06, 0.0000e+00, 0.0000e+00, 
 2DIAGNOSTIC,    78, -7.414389671763e-01, 2.815549516724e-06, 0.0000e+00, 0.0000e+00, 
 2DIAGNOSTIC,    79, -7.415718943031e-01, 4.111405115423e-06, 0.0000e+00, 0.0000e+00, 
 2DIAGNOSTIC,    80, -7.415725720688e-01, 4.345473278182e-06, 0.0000e+00, 0.0000e+00, 
 2DIAGNOSTIC,    81, -7.414872742213e-01, 4.283794143857e-06, 0.0000e+00, 0.0000e+00, 
 2DIAGNOSTIC,    82, -7.415023782764e-01, 4.248458771002e-06, 0.0000e+00, 0.0000e+00, 
 2DIAGNOSTIC,    83, -7.415141565250e-01, 4.379446657540e-06, 0.0000e+00, 0.0000e+00, 
 2DIAGNOSTIC,    84, -7.414301701413e-01, 3.364161718821e-06, 0.0000e+00, 0.0000e+00, 
 2DIAGNOSTIC,    85, -7.414588582637e-01, 1.852543471584e-06, 0.0000e+00, 0.0000e+00, 
DIAGNOSTIC,Iteration,metricValue,convergenceValue,ITERATION_TIME_INDEX,SINCE_LAST
 2DIAGNOSTIC,     1, -5.973495264599e-01, 1.797693134862e+308, 0.0000e+00, 0.0000e+00, 
 2DIAGNOSTIC,     2, -5.980064395592e-01, 1.797693134862e+308, 0.0000e+00, 0.0000e+00, 
 2DIAGNOSTIC,     3, -5.988437456787e-01, 1.797693134862e+308, 0.0000e+00, 0.0000e+00, 
 2DIAGNOSTIC,     4, -5.996032283621e-01, 1.797693134862e+308, 0.0000e+00, 0.0000e+00, 
 2DIAGNOSTIC,     5, -6.005202455308e-01, 1.797693134862e+308, 0.0000e+00, 0.0000e+00, 
 2DIAGNOSTIC,     6, -6.015136475808e-01, 1.797693134862e+308, 0.0000e+00, 0.0000e+00, 
 2DIAGNOSTIC,     7, -6.027859183185e-01, 1.797693134862e+308, 0.0000e+00, 0.0000e+00, 
 2DIAGNOSTIC,     8, -6.033181729476e-01, 1.797693134862e+308, 0.0000e+00, 0.0000e+00, 
 2DIAGNOSTIC,     9, -6.033414444357e-01, 1.797693134862e+308, 0.0000e+00, 0.0000e+00, 
 2DIAGNOSTIC,    10, -6.036528355566e-01, 7.483850287860e-04, 0.0000e+00, 0.0000e+00, 
 2DIAGNOSTIC,    11, -6.037957304017e-01, 6.102597847613e-04, 0.0000e+00, 0.0000e+00, 
 2DIAGNOSTIC,    12, -6.039598513980e-01, 4.720685212348e-04, 0.0000e+00, 0.0000e+00, 
 2DIAGNOSTIC,    13, -6.041884108114e-01, 3.513482324286e-04, 0.0000e+00, 0.0000e+00, 
 2DIAGNOSTIC,    14, -6.043665659351e-01, 2.479088617327e-04, 0.0000e+00, 0.0000e+00, 
 2DIAGNOSTIC,    15, -6.046569500174e-01, 1.735804801506e-04, 0.0000e+00, 0.0000e+00, 
 2DIAGNOSTIC,    16, -6.048026167274e-01, 1.253914801188e-04, 0.0000e+00, 0.0000e+00, 
 2DIAGNOSTIC,    17, -6.050152375118e-01, 1.124219934641e-04, 0.0000e+00, 0.0000e+00, 
