
##########################
# Experiment information #
##########################

EXPERIMENT_NAME: antsRegistration-r8-p20
VFC_BACKENDS: libinterflop_vprec.so --range-binary32=8 --precision-binary32=20 --range-binary64=8 --precision-binary64=20

SIF_IMG: /home/mdugre/projects/rrg-glatard/mdugre/containers/ants-vprec-no_metrics.simg

SUBJECT_ID: s033
INPUT_IMG: /home/mdugre/scratch/mri-registration-rp/datasets/ds004513/derivatives/mri-registration-rp/antsBrainExtraction/sub-s033/BrainExtractionBrain.nii.gz
OUTPUT_DIR: /home/mdugre/scratch/mri-registration-rp/datasets/ds004513/derivatives/mri-registration-rp/0011/antsRegistration-r8-p20/sub-s033

FIXED_IMG: /templateflow/tpl-MNI152NLin2009cAsym/tpl-MNI152NLin2009cAsym_res-01_desc-brain_T1w.nii.gz
DATA_DIR: /home/mdugre/scratch/mri-registration-rp/datasets/ds004513
TEMPLATEFLOW_DIR: /home/mdugre/projects/rrg-glatard/mdugre/templateflow
ITK_GLOBAL_DEFAULT_NUMBER_OF_THREADS: 16
##########################

Info [verificarlo]: loaded backend libinterflop_ieee.so
Info [interflop-ieee]: load backend with:
Info [interflop-ieee]: debug = false
Info [interflop-ieee]: debug-binary = false
Info [interflop-ieee]: no-backend-name = false
Info [interflop-ieee]: print-new-line = false
Info [interflop-ieee]: print-subnormal-normalized = false
Info [interflop-ieee]: count-op = false
All_Command_lines_OK
Using double precision for computations.
=============================================================================
The composite transform comprises the following transforms (in order): 
  1. Center of mass alignment using fixed image: /templateflow/tpl-MNI152NLin2009cAsym/tpl-MNI152NLin2009cAsym_res-01_desc-brain_T1w.nii.gz and moving image: /home/mdugre/scratch/mri-registration-rp/datasets/ds004513/derivatives/mri-registration-rp/antsBrainExtraction/sub-s033/BrainExtractionBrain.nii.gz (type = Euler3DTransform)
=============================================================================
  number of levels = 1
  fixed image: /templateflow/tpl-MNI152NLin2009cAsym/tpl-MNI152NLin2009cAsym_res-01_desc-brain_T1w.nii.gz
  moving image: /home/mdugre/scratch/mri-registration-rp/datasets/ds004513/derivatives/mri-registration-rp/antsBrainExtraction/sub-s033/BrainExtractionBrain.nii.gz
Dimension = 3
Number of stages = 1
Use histogram matching = false
Winsorize image intensities = true
  Lower quantile = 0.005
  Upper quantile = 0.995


Stage 1 State
   Image metric = MattesMI
     Fixed image = Image (0x3b93e70)
  RTTI typeinfo:   itk::Image<double, 3u>
  Reference Count: 2
  Modified Time: 2330
  Debug: Off
  Object Name: 
  Observers: 
    none
  Source: (none)
  Source output name: (none)
  Release Data: Off
  Data Released: False
  Global Release Data: Off
  PipelineMTime: 0
  UpdateMTime: 1941
  RealTimeStamp: 0 seconds 
  LargestPossibleRegion: 
    Dimension: 3
    Index: [0, 0, 0]
    Size: [193, 229, 193]
  BufferedRegion: 
    Dimension: 3
    Index: [0, 0, 0]
    Size: [193, 229, 193]
  RequestedRegion: 
    Dimension: 3
    Index: [0, 0, 0]
    Size: [193, 229, 193]
  Spacing: [1, 1, 1]
  Origin: [96, 132, -78]
  Direction: 
-1 0 0
0 -1 0
0 0 1

  IndexToPointMatrix: 
-1 0 0
0 -1 0
0 0 1

  PointToIndexMatrix: 
-1 0 0
0 -1 0
0 0 1

  Inverse Direction: 
-1 0 0
0 -1 0
0 0 1

  PixelContainer: 
    ImportImageContainer (0x3b9cc60)
      RTTI typeinfo:   itk::ImportImageContainer<unsigned long, double>
      Reference Count: 1
      Modified Time: 1938
      Debug: Off
      Object Name: 
      Observers: 
        none
      Pointer: 0x14e1e2ae7010
      Container manages memory: true
      Size: 8530021
      Capacity: 8530021

     Moving image = Image (0x3b96540)
  RTTI typeinfo:   itk::Image<double, 3u>
  Reference Count: 2
  Modified Time: 2331
  Debug: Off
  Object Name: 
  Observers: 
    none
  Source: (none)
  Source output name: (none)
  Release Data: Off
  Data Released: False
  Global Release Data: Off
  PipelineMTime: 0
  UpdateMTime: 2328
  RealTimeStamp: 0 seconds 
  LargestPossibleRegion: 
    Dimension: 3
    Index: [0, 0, 0]
    Size: [160, 240, 256]
  BufferedRegion: 
    Dimension: 3
    Index: [0, 0, 0]
    Size: [160, 240, 256]
  RequestedRegion: 
    Dimension: 3
    Index: [0, 0, 0]
    Size: [160, 240, 256]
  Spacing: [1, 1, 1]
  Origin: [91.5134, 94.282, -109.927]
  Direction: 
-0.99591 -0.0698718 -0.0572835
0.0697565 -0.997556 0.00401236
-0.0574239 5.01125e-08 0.99835

  IndexToPointMatrix: 
-0.99591 -0.0698718 -0.0572835
0.0697565 -0.997556 0.00401236
-0.0574239 5.01125e-08 0.99835

  PointToIndexMatrix: 
-0.99591 0.0697565 -0.0574239
-0.0698718 -0.997556 5.01483e-08
-0.0572835 0.00401236 0.99835

  Inverse Direction: 
-0.99591 0.0697565 -0.0574239
-0.0698718 -0.997556 5.01483e-08
-0.0572835 0.00401236 0.99835

  PixelContainer: 
    ImportImageContainer (0x3ca8610)
      RTTI typeinfo:   itk::ImportImageContainer<unsigned long, double>
      Reference Count: 1
      Modified Time: 2325
      Debug: Off
      Object Name: 
      Observers: 
        none
      Pointer: 0x14e1ddfe6010
      Container manages memory: true
      Size: 9830400
      Capacity: 9830400

     Weighting = 1
     Sampling strategy = regular
     Number of bins = 32
     Radius = 4
     Sampling percentage  = 0.25
   Transform = Rigid
     Gradient step = 0.1
     Update field sigma (voxel space) = 0
     Total field sigma (voxel space) = 0
     Update field time sigma = 0
     Total field time sigma  = 0
     Number of time indices = 0
     Number of time point samples = 0
Registration using 1 total stages.

Stage 0
  iterations = 0
  convergence threshold = 1e-06
  convergence window size = 10
  number of levels = 1
  using the Mattes MI metric (number of bins = 32, weight = 1, use gradient filter = 0)
  preprocessing:  winsorizing the image intensities
  Shrink factors (level 1 out of 1): [1, 1, 1]
  smoothing sigmas per level: [0]
  regular sampling (percentage = 0.25)

*** Running Euler3DTransform registration ***

  Elapsed time (stage 0): 1.10986


Total elapsed time: 1.11203
Info [verificarlo]: loaded backend libinterflop_ieee.so
Info [interflop-ieee]: load backend with:
Info [interflop-ieee]: debug = false
Info [interflop-ieee]: debug-binary = false
Info [interflop-ieee]: no-backend-name = false
Info [interflop-ieee]: print-new-line = false
Info [interflop-ieee]: print-subnormal-normalized = false
Info [interflop-ieee]: count-op = false
All_Command_lines_OK
Using double precision for computations.
=============================================================================
The composite transform comprises the following transforms (in order): 
  1. /home/mdugre/scratch/mri-registration-rp/datasets/ds004513/derivatives/mri-registration-rp/0011/antsRegistration-r8-p20/sub-s033/align_Composite.h5[0] (type = Euler3DTransform)
  2. /home/mdugre/scratch/mri-registration-rp/datasets/ds004513/derivatives/mri-registration-rp/0011/antsRegistration-r8-p20/sub-s033/align_Composite.h5[1] (type = Euler3DTransform)
=============================================================================
  number of levels = 4
  fixed image: /templateflow/tpl-MNI152NLin2009cAsym/tpl-MNI152NLin2009cAsym_res-01_desc-brain_T1w.nii.gz
  moving image: /home/mdugre/scratch/mri-registration-rp/datasets/ds004513/derivatives/mri-registration-rp/antsBrainExtraction/sub-s033/BrainExtractionBrain.nii.gz
Dimension = 3
Number of stages = 1
Use histogram matching = false
Winsorize image intensities = true
  Lower quantile = 0.005
  Upper quantile = 0.995


Stage 1 State
   Image metric = MattesMI
     Fixed image = Image (0x4a9f530)
  RTTI typeinfo:   itk::Image<double, 3u>
  Reference Count: 2
  Modified Time: 1578
  Debug: Off
  Object Name: 
  Observers: 
    none
  Source: (none)
  Source output name: (none)
  Release Data: Off
  Data Released: False
  Global Release Data: Off
  PipelineMTime: 0
  UpdateMTime: 1189
  RealTimeStamp: 0 seconds 
  LargestPossibleRegion: 
    Dimension: 3
    Index: [0, 0, 0]
    Size: [193, 229, 193]
  BufferedRegion: 
    Dimension: 3
    Index: [0, 0, 0]
    Size: [193, 229, 193]
  RequestedRegion: 
    Dimension: 3
    Index: [0, 0, 0]
    Size: [193, 229, 193]
  Spacing: [1, 1, 1]
  Origin: [96, 132, -78]
  Direction: 
-1 0 0
0 -1 0
0 0 1

  IndexToPointMatrix: 
-1 0 0
0 -1 0
0 0 1

  PointToIndexMatrix: 
-1 0 0
0 -1 0
0 0 1

  Inverse Direction: 
-1 0 0
0 -1 0
0 0 1

  PixelContainer: 
    ImportImageContainer (0x4b5dd60)
      RTTI typeinfo:   itk::ImportImageContainer<unsigned long, double>
      Reference Count: 1
      Modified Time: 1186
      Debug: Off
      Object Name: 
      Observers: 
        none
      Pointer: 0x14addeccc010
      Container manages memory: true
      Size: 8530021
      Capacity: 8530021

     Moving image = Image (0x4b4ff60)
  RTTI typeinfo:   itk::Image<double, 3u>
  Reference Count: 2
  Modified Time: 1579
  Debug: Off
  Object Name: 
  Observers: 
    none
  Source: (none)
  Source output name: (none)
  Release Data: Off
  Data Released: False
  Global Release Data: Off
  PipelineMTime: 0
  UpdateMTime: 1576
  RealTimeStamp: 0 seconds 
  LargestPossibleRegion: 
    Dimension: 3
    Index: [0, 0, 0]
    Size: [160, 240, 256]
  BufferedRegion: 
    Dimension: 3
    Index: [0, 0, 0]
    Size: [160, 240, 256]
  RequestedRegion: 
    Dimension: 3
    Index: [0, 0, 0]
    Size: [160, 240, 256]
  Spacing: [1, 1, 1]
  Origin: [91.5134, 94.282, -109.927]
  Direction: 
-0.99591 -0.0698718 -0.0572835
0.0697565 -0.997556 0.00401236
-0.0574239 5.01125e-08 0.99835

  IndexToPointMatrix: 
-0.99591 -0.0698718 -0.0572835
0.0697565 -0.997556 0.00401236
-0.0574239 5.01125e-08 0.99835

  PointToIndexMatrix: 
-0.99591 0.0697565 -0.0574239
-0.0698718 -0.997556 5.01483e-08
-0.0572835 0.00401236 0.99835

  Inverse Direction: 
-0.99591 0.0697565 -0.0574239
-0.0698718 -0.997556 5.01483e-08
-0.0572835 0.00401236 0.99835

  PixelContainer: 
    ImportImageContainer (0x4b416d0)
      RTTI typeinfo:   itk::ImportImageContainer<unsigned long, double>
      Reference Count: 1
      Modified Time: 1573
      Debug: Off
      Object Name: 
      Observers: 
        none
      Pointer: 0x14adda1cb010
      Container manages memory: true
      Size: 9830400
      Capacity: 9830400

     Weighting = 1
     Sampling strategy = regular
     Number of bins = 32
     Radius = 4
     Sampling percentage  = 0.25
   Transform = Rigid
     Gradient step = 0.1
     Update field sigma (voxel space) = 0
     Total field sigma (voxel space) = 0
     Update field time sigma = 0
     Total field time sigma  = 0
     Number of time indices = 0
     Number of time point samples = 0
Registration using 1 total stages.

Stage 0
  iterations = 1000x500x250x100
  convergence threshold = 1e-06
  convergence window size = 10
  number of levels = 4
  using the Mattes MI metric (number of bins = 32, weight = 1, use gradient filter = 0)
  preprocessing:  winsorizing the image intensities
  Shrink factors (level 1 out of 4): [8, 8, 8]
  Shrink factors (level 2 out of 4): [4, 4, 4]
  Shrink factors (level 3 out of 4): [2, 2, 2]
  Shrink factors (level 4 out of 4): [1, 1, 1]
  smoothing sigmas per level: [3, 2, 1, 0]
  regular sampling (percentage = 0.25)

*** Running Euler3DTransform registration ***

DIAGNOSTIC,Iteration,metricValue,convergenceValue,ITERATION_TIME_INDEX,SINCE_LAST
 2DIAGNOSTIC,     1, -4.945365495269e-01, 1.797693134862e+308, 7.4085e-01, 7.4085e-01, 
 2DIAGNOSTIC,     2, -4.961551199262e-01, 1.797693134862e+308, 7.4546e-01, 4.6079e-03, 
 2DIAGNOSTIC,     3, -4.991207097076e-01, 1.797693134862e+308, 7.4995e-01, 4.4920e-03, 
 2DIAGNOSTIC,     4, -5.030359852117e-01, 1.797693134862e+308, 7.5434e-01, 4.3890e-03, 
 2DIAGNOSTIC,     5, -5.059125054655e-01, 1.797693134862e+308, 7.5875e-01, 4.4088e-03, 
 2DIAGNOSTIC,     6, -5.092815596254e-01, 1.797693134862e+308, 7.6326e-01, 4.5052e-03, 
 2DIAGNOSTIC,     7, -5.205915484568e-01, 1.797693134862e+308, 7.6835e-01, 5.0900e-03, 
 2DIAGNOSTIC,     8, -5.236677933913e-01, 1.797693134862e+308, 7.7284e-01, 4.4961e-03, 
 2DIAGNOSTIC,     9, -5.261653611514e-01, 1.797693134862e+308, 7.7734e-01, 4.4999e-03, 
 2DIAGNOSTIC,    10, -5.313843279548e-01, 4.956236851461e-03, 7.8223e-01, 4.8881e-03, 
 2DIAGNOSTIC,    11, -5.461121550605e-01, 5.255951709878e-03, 7.8809e-01, 5.8610e-03, 
 2DIAGNOSTIC,    12, -5.563506773260e-01, 5.544499219506e-03, 7.9278e-01, 4.6909e-03, 
 2DIAGNOSTIC,    13, -6.011783753077e-01, 7.240286203927e-03, 7.9875e-01, 5.9700e-03, 
 2DIAGNOSTIC,    14, -6.166052825010e-01, 8.701253899097e-03, 8.0344e-01, 4.6911e-03, 
 2DIAGNOSTIC,    15, -6.211428291680e-01, 9.416357351069e-03, 8.0811e-01, 4.6709e-03, 
 2DIAGNOSTIC,    16, -6.235432152484e-01, 9.368281938346e-03, 8.1341e-01, 5.3000e-03, 
 2DIAGNOSTIC,    17, -6.347577464578e-01, 9.145335039495e-03, 8.1969e-01, 6.2740e-03, 
 2DIAGNOSTIC,    18, -6.413138477797e-01, 8.359392964791e-03, 8.2480e-01, 5.1141e-03, 
 2DIAGNOSTIC,    19, -6.420802721824e-01, 6.980623490677e-03, 8.3052e-01, 5.7161e-03, 
 2DIAGNOSTIC,    20, -6.425493378569e-01, 5.272872631392e-03, 8.3504e-01, 4.5230e-03, 
 2DIAGNOSTIC,    21, -6.431795007168e-01, 3.641466709403e-03, 8.4017e-01, 5.1310e-03, 
 2DIAGNOSTIC,    22, -6.434078412210e-01, 2.049114017051e-03, 8.4491e-01, 4.7419e-03, 
 2DIAGNOSTIC,    23, -6.435083893052e-01, 1.381096915134e-03, 8.4991e-01, 4.9980e-03, 
 2DIAGNOSTIC,    24, -6.436807766995e-01, 9.688116571041e-04, 8.5549e-01, 5.5790e-03, 
 2DIAGNOSTIC,    25, -6.439989442520e-01, 6.014654694864e-04, 8.6161e-01, 6.1240e-03, 
 2DIAGNOSTIC,    26, -6.448361578031e-01, 2.655198135637e-04, 8.6605e-01, 4.4370e-03, 
 2DIAGNOSTIC,    27, -6.460796030897e-01, 1.536866433123e-04, 8.7097e-01, 4.9229e-03, 
 2DIAGNOSTIC,    28, -6.463976192187e-01, 1.550353841989e-04, 8.7539e-01, 4.4150e-03, 
 2DIAGNOSTIC,    29, -6.463935455774e-01, 1.547432210376e-04, 8.7979e-01, 4.4019e-03, 
 2DIAGNOSTIC,    30, -6.464392296937e-01, 1.482978182710e-04, 8.8475e-01, 4.9541e-03, 
 2DIAGNOSTIC,    31, -6.463723508108e-01, 1.368670799139e-04, 8.8917e-01, 4.4200e-03, 
 2DIAGNOSTIC,    32, -6.464254417858e-01, 1.173264749050e-04, 8.9463e-01, 5.4650e-03, 
 2DIAGNOSTIC,    33, -6.464354983990e-01, 8.969317696948e-05, 9.0862e-01, 1.3988e-02, 
 2DIAGNOSTIC,    34, -6.464354983660e-01, 5.811477283588e-05, 9.2261e-01, 1.3990e-02, 
 2DIAGNOSTIC,    35, -6.464354983660e-01, 2.735363691229e-05, 9.2979e-01, 7.1800e-03, 
 2DIAGNOSTIC,    36, -6.464354983660e-01, 6.561988723258e-06, 9.3485e-01, 5.0631e-03, 
 2DIAGNOSTIC,    37, -6.464354983660e-01, 2.244506124498e-06, 9.3989e-01, 5.0340e-03, 
 2DIAGNOSTIC,    38, -6.464354983660e-01, 1.990756267896e-06, 9.4505e-01, 5.1610e-03, 
 2DIAGNOSTIC,    39, -6.464354983660e-01, 1.582334767686e-06, 9.5000e-01, 4.9510e-03, 
 2DIAGNOSTIC,    40, -6.464354983660e-01, 1.698170587497e-06, 9.5517e-01, 5.1730e-03, 
DIAGNOSTIC,Iteration,metricValue,convergenceValue,ITERATION_TIME_INDEX,SINCE_LAST
 2DIAGNOSTIC,     1, -5.367244459028e-01, 1.797693134862e+308, 1.7000e+00, 7.4481e-01, 
 2DIAGNOSTIC,     2, -5.380313843891e-01, 1.797693134862e+308, 1.7306e+00, 3.0596e-02, 
 2DIAGNOSTIC,     3, -5.401731919992e-01, 1.797693134862e+308, 1.7601e+00, 2.9482e-02, 
 2DIAGNOSTIC,     4, -5.431881352001e-01, 1.797693134862e+308, 1.7891e+00, 2.9081e-02, 
 2DIAGNOSTIC,     5, -5.453557601508e-01, 1.797693134862e+308, 1.8182e+00, 2.9063e-02, 
 2DIAGNOSTIC,     6, -5.461088567821e-01, 1.797693134862e+308, 1.8462e+00, 2.8041e-02, 
 2DIAGNOSTIC,     7, -5.462086683492e-01, 1.797693134862e+308, 1.8777e+00, 3.1491e-02, 
 2DIAGNOSTIC,     8, -5.464869270157e-01, 1.797693134862e+308, 1.9136e+00, 3.5866e-02, 
 2DIAGNOSTIC,     9, -5.465850817427e-01, 1.797693134862e+308, 1.9534e+00, 3.9838e-02, 
 2DIAGNOSTIC,    10, -5.466464844552e-01, 1.224741139110e-03, 1.9824e+00, 2.9010e-02, 
 2DIAGNOSTIC,    11, -5.470487711598e-01, 8.391099099181e-04, 2.0150e+00, 3.2534e-02, 
 2DIAGNOSTIC,    12, -5.471506825486e-01, 5.042747661441e-04, 2.0480e+00, 3.3042e-02, 
 2DIAGNOSTIC,    13, -5.471747722018e-01, 2.608962324675e-04, 2.0868e+00, 3.8816e-02, 
 2DIAGNOSTIC,    14, -5.471893675786e-01, 1.401592207542e-04, 2.1191e+00, 3.2216e-02, 
 2DIAGNOSTIC,    15, -5.471839953736e-01, 9.761641888438e-05, 2.1515e+00, 3.2474e-02, 
 2DIAGNOSTIC,    16, -5.471599228077e-01, 7.527603882565e-05, 2.1804e+00, 2.8911e-02, 
 2DIAGNOSTIC,    17, -5.471662420053e-01, 5.183175196641e-05, 2.2092e+00, 2.8744e-02, 
 2DIAGNOSTIC,    18, -5.471747027689e-01, 3.478193480511e-05, 2.2418e+00, 3.2640e-02, 
 2DIAGNOSTIC,    19, -5.471813450459e-01, 1.945627831661e-05, 2.2742e+00, 3.2334e-02, 
 2DIAGNOSTIC,    20, -5.471662913131e-01, 4.969818290672e-06, 2.3031e+00, 2.8968e-02, 
 2DIAGNOSTIC,    21, -5.471844157367e-01, 1.951260645457e-06, 2.3365e+00, 3.3398e-02, 
 2DIAGNOSTIC,    22, -5.471946854043e-01, 1.794828164078e-06, 2.3659e+00, 2.9339e-02, 
 2DIAGNOSTIC,    23, -5.472309776151e-01, 2.955890073625e-06, 2.3951e+00, 2.9286e-02, 
 2DIAGNOSTIC,    24, -5.472460345967e-01, 4.500345519159e-06, 2.4279e+00, 3.2790e-02, 
 2DIAGNOSTIC,    25, -5.473225342869e-01, 7.130562905903e-06, 2.4564e+00, 2.8419e-02, 
 2DIAGNOSTIC,    26, -5.474469320790e-01, 1.098291178486e-05, 2.4845e+00, 2.8192e-02, 
 2DIAGNOSTIC,    27, -5.481013379589e-01, 2.630866059473e-05, 2.5174e+00, 3.2815e-02, 
 2DIAGNOSTIC,    28, -5.480678940648e-01, 3.738994809836e-05, 2.5596e+00, 4.2282e-02, 
 2DIAGNOSTIC,    29, -5.482084716288e-01, 4.712041573943e-05, 2.5976e+00, 3.7999e-02, 
 2DIAGNOSTIC,    30, -5.482082518241e-01, 5.166416106629e-05, 2.6311e+00, 3.3473e-02, 
 2DIAGNOSTIC,    31, -5.482014615327e-01, 5.125922584936e-05, 2.6641e+00, 3.2988e-02, 
 2DIAGNOSTIC,    32, -5.481815956624e-01, 4.582631492278e-05, 2.6936e+00, 2.9535e-02, 
 2DIAGNOSTIC,    33, -5.481718256791e-01, 3.689943444602e-05, 2.7225e+00, 2.8835e-02, 
 2DIAGNOSTIC,    34, -5.481825625923e-01, 2.560031509911e-05, 2.7519e+00, 2.9376e-02, 
 2DIAGNOSTIC,    35, -5.481838557036e-01, 1.379951920415e-05, 2.7806e+00, 2.8772e-02, 
 2DIAGNOSTIC,    36, -5.481854579626e-01, 3.009176895712e-06, 2.8103e+00, 2.9701e-02, 
 2DIAGNOSTIC,    37, -5.482631349738e-01, 2.936482552209e-06, 2.8452e+00, 3.4898e-02, 
 2DIAGNOSTIC,    38, -5.482856021460e-01, 2.436034799613e-06, 2.8790e+00, 3.3765e-02, 
 2DIAGNOSTIC,    39, -5.482706811325e-01, 3.481454962651e-06, 2.9119e+00, 3.2870e-02, 
 2DIAGNOSTIC,    40, -5.481987695282e-01, 3.304923424177e-06, 2.9441e+00, 3.2266e-02, 
 2DIAGNOSTIC,    41, -5.482803846899e-01, 3.878784648140e-06, 2.9768e+00, 3.2706e-02, 
 2DIAGNOSTIC,    42, -5.481858502414e-01, 2.658646428455e-06, 3.0145e+00, 3.7641e-02, 
 2DIAGNOSTIC,    43, -5.482756784446e-01, 2.301473609877e-06, 3.0573e+00, 4.2813e-02, 
 2DIAGNOSTIC,    44, -5.483025216146e-01, 2.247278065692e-06, 3.0918e+00, 3.4541e-02, 
 2DIAGNOSTIC,    45, -5.482811784132e-01, 1.829793485026e-06, 3.1267e+00, 3.4903e-02, 
 2DIAGNOSTIC,    46, -5.482645577691e-01, 1.147331768394e-06, 3.1621e+00, 3.5401e-02, 
 2DIAGNOSTIC,    47, -5.482548593477e-01, 1.197848919211e-06, 3.2669e+00, 1.0476e-01, 
 2DIAGNOSTIC,    48, -5.482548593465e-01, 1.432839041849e-06, 3.3650e+00, 9.8162e-02, 
 2DIAGNOSTIC,    49, -5.482548593465e-01, 1.430660616624e-06, 3.3995e+00, 3.4483e-02, 
DIAGNOSTIC,Iteration,metricValue,convergenceValue,ITERATION_TIME_INDEX,SINCE_LAST
 2DIAGNOSTIC,     1, -4.661873963946e-01, 1.797693134862e+308, 4.5983e+00, 1.1987e+00, 
 2DIAGNOSTIC,     2, -4.663634420964e-01, 1.797693134862e+308, 4.8177e+00, 2.1946e-01, 
 2DIAGNOSTIC,     3, -4.665065277890e-01, 1.797693134862e+308, 5.0265e+00, 2.0873e-01, 
 2DIAGNOSTIC,     4, -4.666272948343e-01, 1.797693134862e+308, 5.2425e+00, 2.1602e-01, 
 2DIAGNOSTIC,     5, -4.667166893292e-01, 1.797693134862e+308, 5.4603e+00, 2.1782e-01, 
 2DIAGNOSTIC,     6, -4.668667262343e-01, 1.797693134862e+308, 5.6718e+00, 2.1149e-01, 
 2DIAGNOSTIC,     7, -4.669697663199e-01, 1.797693134862e+308, 5.9160e+00, 2.4423e-01, 
 2DIAGNOSTIC,     8, -4.670258315044e-01, 1.797693134862e+308, 6.2217e+00, 3.0569e-01, 
 2DIAGNOSTIC,     9, -4.670791332580e-01, 1.797693134862e+308, 6.4327e+00, 2.1097e-01, 
 2DIAGNOSTIC,    10, -4.671177532401e-01, 1.313504782032e-04, 6.6336e+00, 2.0094e-01, 
 2DIAGNOSTIC,    11, -4.671984796338e-01, 1.051588406588e-04, 6.8560e+00, 2.2238e-01, 
 2DIAGNOSTIC,    12, -4.674360929212e-01, 9.491236344164e-05, 7.2014e+00, 3.4537e-01, 
 2DIAGNOSTIC,    13, -4.675162703757e-01, 8.805579756399e-05, 7.4234e+00, 2.2204e-01, 
 2DIAGNOSTIC,    14, -4.675733003857e-01, 8.220197484865e-05, 7.7279e+00, 3.0449e-01, 
 2DIAGNOSTIC,    15, -4.675740531005e-01, 7.348719125817e-05, 8.0044e+00, 2.7647e-01, 
 2DIAGNOSTIC,    16, -4.675763045725e-01, 6.504165411972e-05, 8.3935e+00, 3.8912e-01, 
 2DIAGNOSTIC,    17, -4.675764009252e-01, 5.533260433647e-05, 8.6118e+00, 2.1832e-01, 
 2DIAGNOSTIC,    18, -4.675746417899e-01, 4.352758676361e-05, 8.8197e+00, 2.0785e-01, 
 2DIAGNOSTIC,    19, -4.675729823829e-01, 3.083288961599e-05, 9.0359e+00, 2.1625e-01, 
 2DIAGNOSTIC,    20, -4.675704094492e-01, 1.784637613479e-05, 9.2631e+00, 2.2714e-01, 
 2DIAGNOSTIC,    21, -4.675680466861e-01, 6.710958293014e-06, 9.4756e+00, 2.1251e-01, 
 2DIAGNOSTIC,    22, -4.675679043409e-01, 2.626400015825e-06, 9.7875e+00, 3.1192e-01, 
DIAGNOSTIC,Iteration,metricValue,convergenceValue,ITERATION_TIME_INDEX,SINCE_LAST
 2DIAGNOSTIC,     1, -4.258650778558e-01, 1.797693134862e+308, 1.2380e+01, 2.5921e+00, 
 2DIAGNOSTIC,     2, -4.259686314396e-01, 1.797693134862e+308, 1.3882e+01, 1.5028e+00, 
 2DIAGNOSTIC,     3, -4.260095530488e-01, 1.797693134862e+308, 1.5991e+01, 2.1083e+00, 
 2DIAGNOSTIC,     4, -4.260080873671e-01, 1.797693134862e+308, 1.8277e+01, 2.2865e+00, 
 2DIAGNOSTIC,     5, -4.260079743722e-01, 1.797693134862e+308, 2.0159e+01, 1.8815e+00, 
 2DIAGNOSTIC,     6, -4.260081367007e-01, 1.797693134862e+308, 2.1825e+01, 1.6658e+00, 
 2DIAGNOSTIC,     7, -4.260081785153e-01, 1.797693134862e+308, 2.3622e+01, 1.7973e+00, 
 2DIAGNOSTIC,     8, -4.260080353324e-01, 1.797693134862e+308, 2.5191e+01, 1.5692e+00, 
 2DIAGNOSTIC,     9, -4.260079287411e-01, 1.797693134862e+308, 2.7074e+01, 1.8836e+00, 
 2DIAGNOSTIC,    10, -4.260075519054e-01, 1.491035352542e-05, 2.8713e+01, 1.6382e+00, 
 2DIAGNOSTIC,    11, -4.260072643335e-01, 5.124461293068e-06, 3.0175e+01, 1.4624e+00, 
 2DIAGNOSTIC,    12, -4.260071936554e-01, 2.456565630776e-06, 3.1929e+01, 1.7536e+00, 
 2DIAGNOSTIC,    13, -4.260078391029e-01, 2.351899936567e-06, 3.3942e+01, 2.0131e+00, 
 2DIAGNOSTIC,    14, -4.260078501491e-01, 2.200819417333e-06, 3.5598e+01, 1.6563e+00, 
 2DIAGNOSTIC,    15, -4.260076537491e-01, 2.062980468134e-06, 3.7209e+01, 1.6106e+00, 
 2DIAGNOSTIC,    16, -4.260076642537e-01, 1.955629769956e-06, 3.9002e+01, 1.7931e+00, 
 2DIAGNOSTIC,    17, -4.260074677951e-01, 1.857601873261e-06, 4.0687e+01, 1.6852e+00, 
 2DIAGNOSTIC,    18, -4.260074749790e-01, 1.766153464033e-06, 4.2173e+01, 1.4865e+00, 
 2DIAGNOSTIC,    19, -4.260072832242e-01, 1.674025249129e-06, 4.3632e+01, 1.4581e+00, 
 2DIAGNOSTIC,    20, -4.260075091461e-01, 1.586880314500e-06, 4.5190e+01, 1.5581e+00, 
 2DIAGNOSTIC,    21, -4.260076525650e-01, 1.503878874189e-06, 4.6956e+01, 1.7659e+00, 
 2DIAGNOSTIC,    22, -4.260075776234e-01, 1.424333178089e-06, 4.8494e+01, 1.5384e+00, 
 2DIAGNOSTIC,    23, -4.260078310694e-01, 1.379984429423e-06, 5.0577e+01, 2.0826e+00, 
 2DIAGNOSTIC,    24, -4.260078467319e-01, 1.340337645477e-06, 5.2036e+01, 1.4589e+00, 
 2DIAGNOSTIC,    25, -4.260075592422e-01, 1.289422462671e-06, 5.3754e+01, 1.7189e+00, 
 2DIAGNOSTIC,    26, -4.260073791334e-01, 1.236784505032e-06, 5.5497e+01, 1.7425e+00, 
 2DIAGNOSTIC,    27, -4.260069864066e-01, 1.172305421855e-06, 5.7003e+01, 1.5059e+00, 
 2DIAGNOSTIC,    28, -4.260068075935e-01, 1.109154716759e-06, 5.8483e+01, 1.4803e+00, 
 2DIAGNOSTIC,    29, -4.260068499547e-01, 1.049266471882e-06, 6.0171e+01, 1.6874e+00, 
 2DIAGNOSTIC,    30, -4.260067869091e-01, 1.001382559422e-06, 6.1791e+01, 1.6203e+00, 
  Elapsed time (stage 0): 6.2709e+01


Total elapsed time: 6.2712e+01
Info [verificarlo]: loaded backend libinterflop_vprec.so
Info [interflop-vprec]: load backend with: 
Info [interflop-vprec]: precision-binary32 = 20
Info [interflop-vprec]: range-binary32 = 8
Info [interflop-vprec]: precision-binary64 = 20
Info [interflop-vprec]: range-binary64 = 8
Info [interflop-vprec]: mode = ob
Info [interflop-vprec]: error-mode = rel
Info [interflop-vprec]: max-abs-error-exponent = -1022
Info [interflop-vprec]: daz = false
Info [interflop-vprec]: ftz = false
Info [interflop-vprec]: 	instrument = none
Info [interflop-vprec]: 	prec-input-file = (null)
Info [interflop-vprec]: 	prec-output-file = (null)
Info [interflop-vprec]: 	prec-log-file = (null)
All_Command_lines_OK
Using double precision for computations.
=============================================================================
The composite transform comprises the following transforms (in order): 
  1. /home/mdugre/scratch/mri-registration-rp/datasets/ds004513/derivatives/mri-registration-rp/0011/antsRegistration-r8-p20/sub-s033/rigid_Composite.h5[0] (type = Euler3DTransform)
  2. /home/mdugre/scratch/mri-registration-rp/datasets/ds004513/derivatives/mri-registration-rp/0011/antsRegistration-r8-p20/sub-s033/rigid_Composite.h5[1] (type = Euler3DTransform)
  3. /home/mdugre/scratch/mri-registration-rp/datasets/ds004513/derivatives/mri-registration-rp/0011/antsRegistration-r8-p20/sub-s033/rigid_Composite.h5[2] (type = Euler3DTransform)
=============================================================================
  number of levels = 4
  fixed image: /templateflow/tpl-MNI152NLin2009cAsym/tpl-MNI152NLin2009cAsym_res-01_desc-brain_T1w.nii.gz
  moving image: /home/mdugre/scratch/mri-registration-rp/datasets/ds004513/derivatives/mri-registration-rp/antsBrainExtraction/sub-s033/BrainExtractionBrain.nii.gz
Dimension = 3
Number of stages = 1
Use histogram matching = false
Winsorize image intensities = true
  Lower quantile = 0.005
  Upper quantile = 0.995


Stage 1 State
   Image metric = MattesMI
     Fixed image = Image (0x3fdb490)
  RTTI typeinfo:   itk::Image<double, 3u>
  Reference Count: 2
  Modified Time: 1592
  Debug: Off
  Object Name: 
  Observers: 
    none
  Source: (none)
  Source output name: (none)
  Release Data: Off
  Data Released: False
  Global Release Data: Off
  PipelineMTime: 0
  UpdateMTime: 1203
  RealTimeStamp: 0 seconds 
  LargestPossibleRegion: 
    Dimension: 3
    Index: [0, 0, 0]
    Size: [193, 229, 193]
  BufferedRegion: 
    Dimension: 3
    Index: [0, 0, 0]
    Size: [193, 229, 193]
  RequestedRegion: 
    Dimension: 3
    Index: [0, 0, 0]
    Size: [193, 229, 193]
  Spacing: [1, 1, 1]
  Origin: [96, 132, -78]
  Direction: 
-1 0 0
0 -1 0
0 0 1

  IndexToPointMatrix: 
-1 0 0
0 -1 0
0 0 1

  PointToIndexMatrix: 
-1 0 0
0 -1 0
0 0 1

  Inverse Direction: 
-1 0 0
0 -1 0
0 0 1

  PixelContainer: 
    ImportImageContainer (0x40a68c0)
      RTTI typeinfo:   itk::ImportImageContainer<unsigned long, double>
      Reference Count: 1
      Modified Time: 1200
      Debug: Off
      Object Name: 
      Observers: 
        none
      Pointer: 0x14b835edf010
      Container manages memory: true
      Size: 8530021
      Capacity: 8530021

     Moving image = Image (0x4096b60)
  RTTI typeinfo:   itk::Image<double, 3u>
  Reference Count: 2
  Modified Time: 1593
  Debug: Off
  Object Name: 
  Observers: 
    none
  Source: (none)
  Source output name: (none)
  Release Data: Off
  Data Released: False
  Global Release Data: Off
  PipelineMTime: 0
  UpdateMTime: 1590
  RealTimeStamp: 0 seconds 
  LargestPossibleRegion: 
    Dimension: 3
    Index: [0, 0, 0]
    Size: [160, 240, 256]
  BufferedRegion: 
    Dimension: 3
    Index: [0, 0, 0]
    Size: [160, 240, 256]
  RequestedRegion: 
    Dimension: 3
    Index: [0, 0, 0]
    Size: [160, 240, 256]
  Spacing: [1, 1, 1]
  Origin: [91.5134, 94.282, -109.927]
  Direction: 
-0.99591 -0.0698718 -0.0572835
0.0697565 -0.997556 0.00401236
-0.0574239 5.01125e-08 0.99835

  IndexToPointMatrix: 
-0.99591 -0.0698718 -0.0572835
0.0697565 -0.997556 0.00401236
-0.0574239 5.01125e-08 0.99835

  PointToIndexMatrix: 
-0.995912 0.0697566 -0.057424
-0.069872 -0.997557 5.02915e-08
-0.0572836 0.00401236 0.99835

  Inverse Direction: 
-0.995912 0.0697566 -0.057424
-0.069872 -0.997557 5.02915e-08
-0.0572836 0.00401236 0.99835

  PixelContainer: 
    ImportImageContainer (0x412a1d0)
      RTTI typeinfo:   itk::ImportImageContainer<unsigned long, double>
      Reference Count: 1
      Modified Time: 1587
      Debug: Off
      Object Name: 
      Observers: 
        none
      Pointer: 0x14b8313de010
      Container manages memory: true
      Size: 9830400
      Capacity: 9830400

     Weighting = 1
     Sampling strategy = regular
     Number of bins = 32
     Radius = 4
     Sampling percentage  = 0.25
   Transform = Affine
     Gradient step = 0.1
     Update field sigma (voxel space) = 0
     Total field sigma (voxel space) = 0
     Update field time sigma = 0
     Total field time sigma  = 0
     Number of time indices = 0
     Number of time point samples = 0
Registration using 1 total stages.

Stage 0
  iterations = 1000x500x250x100
  convergence threshold = 1e-06
  convergence window size = 10
  number of levels = 4
  using the Mattes MI metric (number of bins = 32, weight = 1, use gradient filter = 0)
  preprocessing:  winsorizing the image intensities
  Shrink factors (level 1 out of 4): [8, 8, 8]
  Shrink factors (level 2 out of 4): [4, 4, 4]
  Shrink factors (level 3 out of 4): [2, 2, 2]
  Shrink factors (level 4 out of 4): [1, 1, 1]
  smoothing sigmas per level: [3, 2, 1, 0]
  regular sampling (percentage = 0.25)

*** Running AffineTransform registration ***

DIAGNOSTIC,Iteration,metricValue,convergenceValue,ITERATION_TIME_INDEX,SINCE_LAST
 2DIAGNOSTIC,     1, -6.382765033886e-01, 1.797693134862e+308, 0.0000e+00, 0.0000e+00, 
 2DIAGNOSTIC,     2, -6.407531675510e-01, 1.797693134862e+308, 0.0000e+00, 0.0000e+00, 
 2DIAGNOSTIC,     3, -6.451767794982e-01, 1.797693134862e+308, 0.0000e+00, 0.0000e+00, 
 2DIAGNOSTIC,     4, -6.522338170545e-01, 1.797693134862e+308, 0.0000e+00, 0.0000e+00, 
 2DIAGNOSTIC,     5, -6.632038718176e-01, 1.797693134862e+308, 0.0000e+00, 0.0000e+00, 
 2DIAGNOSTIC,     6, -6.818030003242e-01, 1.797693134862e+308, 0.0000e+00, 0.0000e+00, 
 2DIAGNOSTIC,     7, -7.252286206602e-01, 1.797693134862e+308, 0.0000e+00, 0.0000e+00, 
 2DIAGNOSTIC,     8, -8.393770168302e-01, 1.797693134862e+308, 0.0000e+00, 0.0000e+00, 
 2DIAGNOSTIC,     9, -8.694320977020e-01, 1.797693134862e+308, 0.0000e+00, 0.0000e+00, 
 2DIAGNOSTIC,    10, -8.725880934834e-01, 2.389402531011e-02, 0.0000e+00, 0.0000e+00, 
 2DIAGNOSTIC,    11, -8.889271959730e-01, 2.411925593668e-02, 0.0000e+00, 0.0000e+00, 
 2DIAGNOSTIC,    12, -8.988411017880e-01, 2.250754315373e-02, 0.0000e+00, 0.0000e+00, 
 2DIAGNOSTIC,    13, -9.046181072370e-01, 1.941000407620e-02, 0.0000e+00, 0.0000e+00, 
 2DIAGNOSTIC,    14, -9.067737060225e-01, 1.532643672035e-02, 0.0000e+00, 0.0000e+00, 
 2DIAGNOSTIC,    15, -9.069645340017e-01, 1.080453495766e-02, 0.0000e+00, 0.0000e+00, 
 2DIAGNOSTIC,    16, -9.068825270830e-01, 6.376301599496e-03, 0.0000e+00, 0.0000e+00, 
 2DIAGNOSTIC,    17, -9.066885081867e-01, 2.801709096461e-03, 0.0000e+00, 0.0000e+00, 
 2DIAGNOSTIC,    18, -9.063786048904e-01, 1.643666542235e-03, 0.0000e+00, 0.0000e+00, 
 2DIAGNOSTIC,    19, -9.064929313297e-01, 1.033361349254e-03, 0.0000e+00, 0.0000e+00, 
 2DIAGNOSTIC,    20, -9.063656622986e-01, 4.439000887362e-04, 0.0000e+00, 0.0000e+00, 
 2DIAGNOSTIC,    21, -9.065048142220e-01, 1.454520397459e-04, 0.0000e+00, 0.0000e+00, 
 2DIAGNOSTIC,    22, -9.061777831108e-01, 1.214592287375e-05, 0.0000e+00, 0.0000e+00, 
DIAGNOSTIC,Iteration,metricValue,convergenceValue,ITERATION_TIME_INDEX,SINCE_LAST
 2DIAGNOSTIC,     1, -7.424078878131e-01, 1.797693134862e+308, 0.0000e+00, 0.0000e+00, 
 2DIAGNOSTIC,     2, -7.432271496490e-01, 1.797693134862e+308, 0.0000e+00, 0.0000e+00, 
 2DIAGNOSTIC,     3, -7.441443182025e-01, 1.797693134862e+308, 0.0000e+00, 0.0000e+00, 
 2DIAGNOSTIC,     4, -7.452488908495e-01, 1.797693134862e+308, 0.0000e+00, 0.0000e+00, 
 2DIAGNOSTIC,     5, -7.463720224145e-01, 1.797693134862e+308, 0.0000e+00, 0.0000e+00, 
 2DIAGNOSTIC,     6, -7.474608929060e-01, 1.797693134862e+308, 0.0000e+00, 0.0000e+00, 
 2DIAGNOSTIC,     7, -7.481675864376e-01, 1.797693134862e+308, 0.0000e+00, 0.0000e+00, 
 2DIAGNOSTIC,     8, -7.481706579027e-01, 1.797693134862e+308, 0.0000e+00, 0.0000e+00, 
 2DIAGNOSTIC,     9, -7.482049247229e-01, 1.797693134862e+308, 0.0000e+00, 0.0000e+00, 
 2DIAGNOSTIC,    10, -7.482817336656e-01, 5.589774274954e-04, 0.0000e+00, 0.0000e+00, 
 2DIAGNOSTIC,    11, -7.483748020717e-01, 4.111731809542e-04, 0.0000e+00, 0.0000e+00, 
 2DIAGNOSTIC,    12, -7.484321213247e-01, 2.788959729329e-04, 0.0000e+00, 0.0000e+00, 
 2DIAGNOSTIC,    13, -7.485357862582e-01, 1.718942222708e-04, 0.0000e+00, 0.0000e+00, 
 2DIAGNOSTIC,    14, -7.487000488577e-01, 9.906483616719e-05, 0.0000e+00, 0.0000e+00, 
 2DIAGNOSTIC,    15, -7.487087966240e-01, 5.516154910096e-05, 0.0000e+00, 0.0000e+00, 
 2DIAGNOSTIC,    16, -7.487016487355e-01, 3.717982198474e-05, 0.0000e+00, 0.0000e+00, 
 2DIAGNOSTIC,    17, -7.486936688243e-01, 3.377704086883e-05, 0.0000e+00, 0.0000e+00, 
 2DIAGNOSTIC,    18, -7.486886847026e-01, 2.774821148070e-05, 0.0000e+00, 0.0000e+00, 
 2DIAGNOSTIC,    19, -7.486723152920e-01, 2.023819527029e-05, 0.0000e+00, 0.0000e+00, 
 2DIAGNOSTIC,    20, -7.486433630736e-01, 1.265163220783e-05, 0.0000e+00, 0.0000e+00, 
 2DIAGNOSTIC,    21, -7.486479402561e-01, 6.580169002728e-06, 0.0000e+00, 0.0000e+00, 
 2DIAGNOSTIC,    22, -7.486381026281e-01, 1.384960615518e-06, 0.0000e+00, 0.0000e+00, 
DIAGNOSTIC,Iteration,metricValue,convergenceValue,ITERATION_TIME_INDEX,SINCE_LAST
 2DIAGNOSTIC,     1, -6.325224952216e-01, 1.797693134862e+308, 0.0000e+00, 0.0000e+00, 
 2DIAGNOSTIC,     2, -6.330765950660e-01, 1.797693134862e+308, 0.0000e+00, 0.0000e+00, 
 2DIAGNOSTIC,     3, -6.337243981199e-01, 1.797693134862e+308, 0.0000e+00, 0.0000e+00, 
 2DIAGNOSTIC,     4, -6.346663013353e-01, 1.797693134862e+308, 0.0000e+00, 0.0000e+00, 
 2DIAGNOSTIC,     5, -6.370121640538e-01, 1.797693134862e+308, 0.0000e+00, 0.0000e+00, 
 2DIAGNOSTIC,     6, -6.378039996274e-01, 1.797693134862e+308, 0.0000e+00, 0.0000e+00, 
 2DIAGNOSTIC,     7, -6.378179152168e-01, 1.797693134862e+308, 0.0000e+00, 0.0000e+00, 
 2DIAGNOSTIC,     8, -6.378251275144e-01, 1.797693134862e+308, 0.0000e+00, 0.0000e+00, 
 2DIAGNOSTIC,     9, -6.378266326894e-01, 1.797693134862e+308, 0.0000e+00, 0.0000e+00, 
 2DIAGNOSTIC,    10, -6.378261167110e-01, 6.258695417364e-04, 0.0000e+00, 0.0000e+00, 
 2DIAGNOSTIC,    11, -6.378242847052e-01, 4.468770126173e-04, 0.0000e+00, 0.0000e+00, 
 2DIAGNOSTIC,    12, -6.378247662364e-01, 2.796667827066e-04, 0.0000e+00, 0.0000e+00, 
 2DIAGNOSTIC,    13, -6.378245688536e-01, 1.359567379738e-04, 0.0000e+00, 0.0000e+00, 
 2DIAGNOSTIC,    14, -6.378238911092e-01, 2.887663924747e-05, 0.0000e+00, 0.0000e+00, 
 2DIAGNOSTIC,    15, -6.378237648899e-01, 2.821988655671e-06, 0.0000e+00, 0.0000e+00, 
 2DIAGNOSTIC,    16, -6.378248199349e-01, 2.079704739158e-06, 0.0000e+00, 0.0000e+00, 
 2DIAGNOSTIC,    17, -6.378247004882e-01, 1.772726782388e-06, 0.0000e+00, 0.0000e+00, 
 2DIAGNOSTIC,    18, -6.378234454661e-01, 1.655510639721e-06, 0.0000e+00, 0.0000e+00, 
 2DIAGNOSTIC,    19, -6.378238939080e-01, 1.608691532047e-06, 0.0000e+00, 0.0000e+00, 
 2DIAGNOSTIC,    20, -6.378227101725e-01, 1.535559584882e-06, 0.0000e+00, 0.0000e+00, 
 2DIAGNOSTIC,    21, -6.378188914520e-01, 1.354152020544e-06, 0.0000e+00, 0.0000e+00, 
 2DIAGNOSTIC,    22, -6.378190908958e-01, 1.220309881624e-06, 0.0000e+00, 0.0000e+00, 
 2DIAGNOSTIC,    23, -6.378205840302e-01, 1.144243086990e-06, 0.0000e+00, 0.0000e+00, 
 2DIAGNOSTIC,    24, -6.378208288330e-01, 1.087427158285e-06, 0.0000e+00, 0.0000e+00, 
 2DIAGNOSTIC,    25, -6.378211568166e-01, 1.061177795962e-06, 0.0000e+00, 0.0000e+00, 
 2DIAGNOSTIC,    26, -6.378214432991e-01, 1.081383088040e-06, 0.0000e+00, 0.0000e+00, 
 2DIAGNOSTIC,    27, -6.378216167326e-01, 1.114954583700e-06, 0.0000e+00, 0.0000e+00, 
 2DIAGNOSTIC,    28, -6.378220080881e-01, 1.136667538475e-06, 0.0000e+00, 0.0000e+00, 
 2DIAGNOSTIC,    29, -6.378224734052e-01, 1.170628785054e-06, 0.0000e+00, 0.0000e+00, 
 2DIAGNOSTIC,    30, -6.378228843966e-01, 1.185807120371e-06, 0.0000e+00, 0.0000e+00, 
 2DIAGNOSTIC,    31, -6.378230449133e-01, 1.135745976551e-06, 0.0000e+00, 0.0000e+00, 
 2DIAGNOSTIC,    32, -6.378205982297e-01, 1.046766140544e-06, 0.0000e+00, 0.0000e+00, 
DIAGNOSTIC,Iteration,metricValue,convergenceValue,ITERATION_TIME_INDEX,SINCE_LAST
 2DIAGNOSTIC,     1, -5.636090392926e-01, 1.797693134862e+308, 0.0000e+00, 0.0000e+00, 
 2DIAGNOSTIC,     2, -5.637587890046e-01, 1.797693134862e+308, 0.0000e+00, 0.0000e+00, 
 2DIAGNOSTIC,     3, -5.638040027085e-01, 1.797693134862e+308, 0.0000e+00, 0.0000e+00, 
 2DIAGNOSTIC,     4, -5.638048958786e-01, 1.797693134862e+308, 0.0000e+00, 0.0000e+00, 
 2DIAGNOSTIC,     5, -5.638056873973e-01, 1.797693134862e+308, 0.0000e+00, 0.0000e+00, 
 2DIAGNOSTIC,     6, -5.638056452799e-01, 1.797693134862e+308, 0.0000e+00, 0.0000e+00, 
 2DIAGNOSTIC,     7, -5.638053558958e-01, 1.797693134862e+308, 0.0000e+00, 0.0000e+00, 
 2DIAGNOSTIC,     8, -5.638057499778e-01, 1.797693134862e+308, 0.0000e+00, 0.0000e+00, 
 2DIAGNOSTIC,     9, -5.638057497172e-01, 1.797693134862e+308, 0.0000e+00, 0.0000e+00, 
 2DIAGNOSTIC,    10, -5.638056289534e-01, 1.523217047776e-05, 0.0000e+00, 0.0000e+00, 
 2DIAGNOSTIC,    11, -5.638056351597e-01, 5.130927832317e-06, 0.0000e+00, 0.0000e+00, 
 2DIAGNOSTIC,    12, -5.638055645051e-01, 2.747075434198e-06, 0.0000e+00, 0.0000e+00, 
 2DIAGNOSTIC,    13, -5.638054258709e-01, 2.468379581205e-06, 0.0000e+00, 0.0000e+00, 
 2DIAGNOSTIC,    14, -5.638054987237e-01, 2.261443819943e-06, 0.0000e+00, 0.0000e+00, 
 2DIAGNOSTIC,    15, -5.638055117056e-01, 2.110189860058e-06, 0.0000e+00, 0.0000e+00, 
 2DIAGNOSTIC,    16, -5.638058047219e-01, 1.987114777932e-06, 0.0000e+00, 0.0000e+00, 
 2DIAGNOSTIC,    17, -5.638058637760e-01, 1.871259197525e-06, 0.0000e+00, 0.0000e+00, 
 2DIAGNOSTIC,    18, -5.638059264075e-01, 1.781171775052e-06, 0.0000e+00, 0.0000e+00, 
 2DIAGNOSTIC,    19, -5.638058226146e-01, 1.696680999988e-06, 0.0000e+00, 0.0000e+00, 
 2DIAGNOSTIC,    20, -5.638058261643e-01, 1.615615913955e-06, 0.0000e+00, 0.0000e+00, 
 2DIAGNOSTIC,    21, -5.638058161869e-01, 1.539767910633e-06, 0.0000e+00, 0.0000e+00, 
 2DIAGNOSTIC,    22, -5.638058389261e-01, 1.467435469478e-06, 0.0000e+00, 0.0000e+00, 
 2DIAGNOSTIC,    23, -5.638058377212e-01, 1.396361722986e-06, 0.0000e+00, 0.0000e+00, 
 2DIAGNOSTIC,    24, -5.638058290781e-01, 1.331451844500e-06, 0.0000e+00, 0.0000e+00, 
 2DIAGNOSTIC,    25, -5.638058262291e-01, 1.271276151030e-06, 0.0000e+00, 0.0000e+00, 
 2DIAGNOSTIC,    26, -5.638058263796e-01, 1.221486516545e-06, 0.0000e+00, 0.0000e+00, 
 2DIAGNOSTIC,    27, -5.638058263796e-01, 1.176625177790e-06, 0.0000e+00, 0.0000e+00, 
 2DIAGNOSTIC,    28, -5.638058263796e-01, 1.136305942596e-06, 0.0000e+00, 0.0000e+00, 
 2DIAGNOSTIC,    29, -5.638058263796e-01, 1.096962215799e-06, 0.0000e+00, 0.0000e+00, 
 2DIAGNOSTIC,    30, -5.638058263796e-01, 1.060320487939e-06, 0.0000e+00, 0.0000e+00, 
 2DIAGNOSTIC,    31, -5.638058263796e-01, 1.025883382834e-06, 0.0000e+00, 0.0000e+00, 
  Elapsed time (stage 0): 0.0000e+00


Total elapsed time: 0.0000e+00
Info [verificarlo]: loaded backend libinterflop_vprec.so
Info [interflop-vprec]: load backend with: 
Info [interflop-vprec]: precision-binary32 = 20
Info [interflop-vprec]: range-binary32 = 8
Info [interflop-vprec]: precision-binary64 = 20
Info [interflop-vprec]: range-binary64 = 8
Info [interflop-vprec]: mode = ob
Info [interflop-vprec]: error-mode = rel
Info [interflop-vprec]: max-abs-error-exponent = -1022
Info [interflop-vprec]: daz = false
Info [interflop-vprec]: ftz = false
Info [interflop-vprec]: 	instrument = none
Info [interflop-vprec]: 	prec-input-file = (null)
Info [interflop-vprec]: 	prec-output-file = (null)
