
##########################
# Experiment information #
##########################

EXPERIMENT_NAME: antsRegistration-r7-p23
VFC_BACKENDS: libinterflop_vprec.so --range-binary32=7 --precision-binary32=23 --range-binary64=7 --precision-binary64=23

SIF_IMG: /home/mdugre/projects/rrg-glatard/mdugre/containers/ants-vprec-no_metrics.simg

SUBJECT_ID: s017
INPUT_IMG: /home/mdugre/scratch/mri-registration-rp/datasets/ds004513/derivatives/mri-registration-rp/antsBrainExtraction/sub-s017/BrainExtractionBrain.nii.gz
OUTPUT_DIR: /home/mdugre/scratch/mri-registration-rp/datasets/ds004513/derivatives/mri-registration-rp/0011/antsRegistration-r7-p23/sub-s017

FIXED_IMG: /templateflow/tpl-MNI152NLin2009cAsym/tpl-MNI152NLin2009cAsym_res-01_desc-brain_T1w.nii.gz
DATA_DIR: /home/mdugre/scratch/mri-registration-rp/datasets/ds004513
TEMPLATEFLOW_DIR: /home/mdugre/projects/rrg-glatard/mdugre/templateflow
ITK_GLOBAL_DEFAULT_NUMBER_OF_THREADS: 16
##########################

Info [verificarlo]: loaded backend libinterflop_ieee.so
Info [interflop-ieee]: load backend with:
Info [interflop-ieee]: debug = false
Info [interflop-ieee]: debug-binary = false
Info [interflop-ieee]: no-backend-name = false
Info [interflop-ieee]: print-new-line = false
Info [interflop-ieee]: print-subnormal-normalized = false
Info [interflop-ieee]: count-op = false
All_Command_lines_OK
Using double precision for computations.
=============================================================================
The composite transform comprises the following transforms (in order): 
  1. Center of mass alignment using fixed image: /templateflow/tpl-MNI152NLin2009cAsym/tpl-MNI152NLin2009cAsym_res-01_desc-brain_T1w.nii.gz and moving image: /home/mdugre/scratch/mri-registration-rp/datasets/ds004513/derivatives/mri-registration-rp/antsBrainExtraction/sub-s017/BrainExtractionBrain.nii.gz (type = Euler3DTransform)
=============================================================================
  number of levels = 1
  fixed image: /templateflow/tpl-MNI152NLin2009cAsym/tpl-MNI152NLin2009cAsym_res-01_desc-brain_T1w.nii.gz
  moving image: /home/mdugre/scratch/mri-registration-rp/datasets/ds004513/derivatives/mri-registration-rp/antsBrainExtraction/sub-s017/BrainExtractionBrain.nii.gz
Dimension = 3
Number of stages = 1
Use histogram matching = false
Winsorize image intensities = true
  Lower quantile = 0.005
  Upper quantile = 0.995


Stage 1 State
   Image metric = MattesMI
     Fixed image = Image (0x4a68e70)
  RTTI typeinfo:   itk::Image<double, 3u>
  Reference Count: 2
  Modified Time: 2334
  Debug: Off
  Object Name: 
  Observers: 
    none
  Source: (none)
  Source output name: (none)
  Release Data: Off
  Data Released: False
  Global Release Data: Off
  PipelineMTime: 0
  UpdateMTime: 1943
  RealTimeStamp: 0 seconds 
  LargestPossibleRegion: 
    Dimension: 3
    Index: [0, 0, 0]
    Size: [193, 229, 193]
  BufferedRegion: 
    Dimension: 3
    Index: [0, 0, 0]
    Size: [193, 229, 193]
  RequestedRegion: 
    Dimension: 3
    Index: [0, 0, 0]
    Size: [193, 229, 193]
  Spacing: [1, 1, 1]
  Origin: [96, 132, -78]
  Direction: 
-1 0 0
0 -1 0
0 0 1

  IndexToPointMatrix: 
-1 0 0
0 -1 0
0 0 1

  PointToIndexMatrix: 
-1 0 0
0 -1 0
0 0 1

  Inverse Direction: 
-1 0 0
0 -1 0
0 0 1

  PixelContainer: 
    ImportImageContainer (0x4a71c60)
      RTTI typeinfo:   itk::ImportImageContainer<unsigned long, double>
      Reference Count: 1
      Modified Time: 1940
      Debug: Off
      Object Name: 
      Observers: 
        none
      Pointer: 0x14a2fc8de010
      Container manages memory: true
      Size: 8530021
      Capacity: 8530021

     Moving image = Image (0x4a74610)
  RTTI typeinfo:   itk::Image<double, 3u>
  Reference Count: 2
  Modified Time: 2335
  Debug: Off
  Object Name: 
  Observers: 
    none
  Source: (none)
  Source output name: (none)
  Release Data: Off
  Data Released: False
  Global Release Data: Off
  PipelineMTime: 0
  UpdateMTime: 2332
  RealTimeStamp: 0 seconds 
  LargestPossibleRegion: 
    Dimension: 3
    Index: [0, 0, 0]
    Size: [160, 240, 256]
  BufferedRegion: 
    Dimension: 3
    Index: [0, 0, 0]
    Size: [160, 240, 256]
  RequestedRegion: 
    Dimension: 3
    Index: [0, 0, 0]
    Size: [160, 240, 256]
  Spacing: [1, 1, 1]
  Origin: [91.3357, 102.231, -120.042]
  Direction: 
-0.997442 -5.36781e-05 -0.0714818
5.35416e-05 -1 3.82465e-06
-0.0714818 -1.23894e-08 0.997442

  IndexToPointMatrix: 
-0.997444 -5.36781e-05 -0.0714818
5.35418e-05 -1 3.82465e-06
-0.0714819 -1.23894e-08 0.997442

  PointToIndexMatrix: 
-0.99744 5.35415e-05 -0.0714816
-5.36781e-05 -1 -1.23894e-08
-0.0714818 3.82465e-06 0.997442

  Inverse Direction: 
-0.997442 5.35416e-05 -0.0714818
-5.36781e-05 -1 -1.23894e-08
-0.0714818 3.82465e-06 0.997442

  PixelContainer: 
    ImportImageContainer (0x4b0def0)
      RTTI typeinfo:   itk::ImportImageContainer<unsigned long, double>
      Reference Count: 1
      Modified Time: 2329
      Debug: Off
      Object Name: 
      Observers: 
        none
      Pointer: 0x14a2f7ddd010
      Container manages memory: true
      Size: 9830400
      Capacity: 9830400

     Weighting = 1
     Sampling strategy = regular
     Number of bins = 32
     Radius = 4
     Sampling percentage  = 0.25
   Transform = Rigid
     Gradient step = 0.1
     Update field sigma (voxel space) = 0
     Total field sigma (voxel space) = 0
     Update field time sigma = 0
     Total field time sigma  = 0
     Number of time indices = 0
     Number of time point samples = 0
Registration using 1 total stages.

Stage 0
  iterations = 0
  convergence threshold = 1e-06
  convergence window size = 10
  number of levels = 1
  using the Mattes MI metric (number of bins = 32, weight = 1, use gradient filter = 0)
  preprocessing:  winsorizing the image intensities
  Shrink factors (level 1 out of 1): [1, 1, 1]
  smoothing sigmas per level: [0]
  regular sampling (percentage = 0.25)

*** Running Euler3DTransform registration ***

  Elapsed time (stage 0): 1.10046


Total elapsed time: 1.10261
Info [verificarlo]: loaded backend libinterflop_ieee.so
Info [interflop-ieee]: load backend with:
Info [interflop-ieee]: debug = false
Info [interflop-ieee]: debug-binary = false
Info [interflop-ieee]: no-backend-name = false
Info [interflop-ieee]: print-new-line = false
Info [interflop-ieee]: print-subnormal-normalized = false
Info [interflop-ieee]: count-op = false
All_Command_lines_OK
Using double precision for computations.
=============================================================================
The composite transform comprises the following transforms (in order): 
  1. /home/mdugre/scratch/mri-registration-rp/datasets/ds004513/derivatives/mri-registration-rp/0011/antsRegistration-r7-p23/sub-s017/align_Composite.h5[0] (type = Euler3DTransform)
  2. /home/mdugre/scratch/mri-registration-rp/datasets/ds004513/derivatives/mri-registration-rp/0011/antsRegistration-r7-p23/sub-s017/align_Composite.h5[1] (type = Euler3DTransform)
=============================================================================
  number of levels = 4
  fixed image: /templateflow/tpl-MNI152NLin2009cAsym/tpl-MNI152NLin2009cAsym_res-01_desc-brain_T1w.nii.gz
  moving image: /home/mdugre/scratch/mri-registration-rp/datasets/ds004513/derivatives/mri-registration-rp/antsBrainExtraction/sub-s017/BrainExtractionBrain.nii.gz
Dimension = 3
Number of stages = 1
Use histogram matching = false
Winsorize image intensities = true
  Lower quantile = 0.005
  Upper quantile = 0.995


Stage 1 State
   Image metric = MattesMI
     Fixed image = Image (0x4ed3530)
  RTTI typeinfo:   itk::Image<double, 3u>
  Reference Count: 2
  Modified Time: 1580
  Debug: Off
  Object Name: 
  Observers: 
    none
  Source: (none)
  Source output name: (none)
  Release Data: Off
  Data Released: False
  Global Release Data: Off
  PipelineMTime: 0
  UpdateMTime: 1189
  RealTimeStamp: 0 seconds 
  LargestPossibleRegion: 
    Dimension: 3
    Index: [0, 0, 0]
    Size: [193, 229, 193]
  BufferedRegion: 
    Dimension: 3
    Index: [0, 0, 0]
    Size: [193, 229, 193]
  RequestedRegion: 
    Dimension: 3
    Index: [0, 0, 0]
    Size: [193, 229, 193]
  Spacing: [1, 1, 1]
  Origin: [96, 132, -78]
  Direction: 
-1 0 0
0 -1 0
0 0 1

  IndexToPointMatrix: 
-1 0 0
0 -1 0
0 0 1

  PointToIndexMatrix: 
-1 0 0
0 -1 0
0 0 1

  Inverse Direction: 
-1 0 0
0 -1 0
0 0 1

  PixelContainer: 
    ImportImageContainer (0x4f91d60)
      RTTI typeinfo:   itk::ImportImageContainer<unsigned long, double>
      Reference Count: 1
      Modified Time: 1186
      Debug: Off
      Object Name: 
      Observers: 
        none
      Pointer: 0x145a29f2a010
      Container manages memory: true
      Size: 8530021
      Capacity: 8530021

     Moving image = Image (0x4f83f60)
  RTTI typeinfo:   itk::Image<double, 3u>
  Reference Count: 2
  Modified Time: 1581
  Debug: Off
  Object Name: 
  Observers: 
    none
  Source: (none)
  Source output name: (none)
  Release Data: Off
  Data Released: False
  Global Release Data: Off
  PipelineMTime: 0
  UpdateMTime: 1578
  RealTimeStamp: 0 seconds 
  LargestPossibleRegion: 
    Dimension: 3
    Index: [0, 0, 0]
    Size: [160, 240, 256]
  BufferedRegion: 
    Dimension: 3
    Index: [0, 0, 0]
    Size: [160, 240, 256]
  RequestedRegion: 
    Dimension: 3
    Index: [0, 0, 0]
    Size: [160, 240, 256]
  Spacing: [1, 1, 1]
  Origin: [91.3357, 102.231, -120.042]
  Direction: 
-0.997442 -5.36781e-05 -0.0714818
5.35416e-05 -1 3.82465e-06
-0.0714818 -1.23894e-08 0.997442

  IndexToPointMatrix: 
-0.997444 -5.36781e-05 -0.0714818
5.35418e-05 -1 3.82465e-06
-0.0714819 -1.23894e-08 0.997442

  PointToIndexMatrix: 
-0.99744 5.35415e-05 -0.0714816
-5.36781e-05 -1 -1.23894e-08
-0.0714818 3.82465e-06 0.997442

  Inverse Direction: 
-0.997442 5.35416e-05 -0.0714818
-5.36781e-05 -1 -1.23894e-08
-0.0714818 3.82465e-06 0.997442

  PixelContainer: 
    ImportImageContainer (0x4f756d0)
      RTTI typeinfo:   itk::ImportImageContainer<unsigned long, double>
      Reference Count: 1
      Modified Time: 1575
      Debug: Off
      Object Name: 
      Observers: 
        none
      Pointer: 0x145a25429010
      Container manages memory: true
      Size: 9830400
      Capacity: 9830400

     Weighting = 1
     Sampling strategy = regular
     Number of bins = 32
     Radius = 4
     Sampling percentage  = 0.25
   Transform = Rigid
     Gradient step = 0.1
     Update field sigma (voxel space) = 0
     Total field sigma (voxel space) = 0
     Update field time sigma = 0
     Total field time sigma  = 0
     Number of time indices = 0
     Number of time point samples = 0
Registration using 1 total stages.

Stage 0
  iterations = 1000x500x250x100
  convergence threshold = 1e-06
  convergence window size = 10
  number of levels = 4
  using the Mattes MI metric (number of bins = 32, weight = 1, use gradient filter = 0)
  preprocessing:  winsorizing the image intensities
  Shrink factors (level 1 out of 4): [8, 8, 8]
  Shrink factors (level 2 out of 4): [4, 4, 4]
  Shrink factors (level 3 out of 4): [2, 2, 2]
  Shrink factors (level 4 out of 4): [1, 1, 1]
  smoothing sigmas per level: [3, 2, 1, 0]
  regular sampling (percentage = 0.25)

*** Running Euler3DTransform registration ***

DIAGNOSTIC,Iteration,metricValue,convergenceValue,ITERATION_TIME_INDEX,SINCE_LAST
 2DIAGNOSTIC,     1, -5.567767283252e-01, 1.797693134862e+308, 7.4120e-01, 7.4120e-01, 
 2DIAGNOSTIC,     2, -5.584239703569e-01, 1.797693134862e+308, 7.4588e-01, 4.6849e-03, 
 2DIAGNOSTIC,     3, -5.612715515272e-01, 1.797693134862e+308, 7.5065e-01, 4.7631e-03, 
 2DIAGNOSTIC,     4, -5.637780194106e-01, 1.797693134862e+308, 7.5524e-01, 4.5969e-03, 
 2DIAGNOSTIC,     5, -5.658229214212e-01, 1.797693134862e+308, 7.6005e-01, 4.8079e-03, 
 2DIAGNOSTIC,     6, -5.696445468689e-01, 1.797693134862e+308, 7.6472e-01, 4.6699e-03, 
 2DIAGNOSTIC,     7, -5.734118275242e-01, 1.797693134862e+308, 7.6956e-01, 4.8411e-03, 
 2DIAGNOSTIC,     8, -5.754533484979e-01, 1.797693134862e+308, 7.7593e-01, 6.3660e-03, 
 2DIAGNOSTIC,     9, -5.763021950250e-01, 1.797693134862e+308, 7.8040e-01, 4.4670e-03, 
 2DIAGNOSTIC,    10, -5.771142770255e-01, 2.558085388189e-03, 7.8612e-01, 5.7211e-03, 
 2DIAGNOSTIC,    11, -5.785125587612e-01, 2.176117873031e-03, 7.9062e-01, 4.5059e-03, 
 2DIAGNOSTIC,    12, -5.799413348090e-01, 1.786767970983e-03, 7.9573e-01, 5.1060e-03, 
 2DIAGNOSTIC,    13, -5.809477908980e-01, 1.443124036835e-03, 8.0079e-01, 5.0669e-03, 
 2DIAGNOSTIC,    14, -5.814655964876e-01, 1.127354078216e-03, 8.0536e-01, 4.5691e-03, 
 2DIAGNOSTIC,    15, -5.819093877219e-01, 8.331089413527e-04, 8.1037e-01, 5.0020e-03, 
 2DIAGNOSTIC,    16, -5.822326442998e-01, 6.258215683233e-04, 8.1536e-01, 4.9939e-03, 
 2DIAGNOSTIC,    17, -5.825793599843e-01, 5.040365830241e-04, 8.2039e-01, 5.0261e-03, 
 2DIAGNOSTIC,    18, -5.863713925916e-01, 5.095725576647e-04, 8.2529e-01, 4.9031e-03, 
 2DIAGNOSTIC,    19, -5.901617810167e-01, 5.855607354889e-04, 8.3381e-01, 8.5161e-03, 
 2DIAGNOSTIC,    20, -5.906016223815e-01, 6.286272500272e-04, 8.3949e-01, 5.6851e-03, 
 2DIAGNOSTIC,    21, -5.907365705866e-01, 6.467002963786e-04, 8.4449e-01, 4.9961e-03, 
 2DIAGNOSTIC,    22, -5.906256574993e-01, 6.330265936319e-04, 8.4939e-01, 4.9059e-03, 
 2DIAGNOSTIC,    23, -5.906307681710e-01, 5.816453055114e-04, 8.5380e-01, 4.4098e-03, 
 2DIAGNOSTIC,    24, -5.905636622009e-01, 4.878472529160e-04, 8.5805e-01, 4.2479e-03, 
 2DIAGNOSTIC,    25, -5.906024985369e-01, 3.662279783906e-04, 8.6289e-01, 4.8401e-03, 
 2DIAGNOSTIC,    26, -5.906025304323e-01, 2.276984665033e-04, 8.6726e-01, 4.3671e-03, 
 2DIAGNOSTIC,    27, -5.906211320573e-01, 8.394584288556e-05, 8.7151e-01, 4.2489e-03, 
 2DIAGNOSTIC,    28, -5.908796758313e-01, 1.198925031187e-05, 8.7577e-01, 4.2679e-03, 
 2DIAGNOSTIC,    29, -5.911411552394e-01, 1.217108543291e-05, 8.8067e-01, 4.8921e-03, 
 2DIAGNOSTIC,    30, -5.915241330960e-01, 2.456301684388e-05, 8.8693e-01, 6.2659e-03, 
 2DIAGNOSTIC,    31, -5.916229825994e-01, 3.758205306506e-05, 8.9093e-01, 3.9990e-03, 
 2DIAGNOSTIC,    32, -5.916651208818e-01, 4.532975449655e-05, 8.9511e-01, 4.1752e-03, 
 2DIAGNOSTIC,    33, -5.916874987633e-01, 4.885284295248e-05, 8.9936e-01, 4.2500e-03, 
 2DIAGNOSTIC,    34, -5.917053822200e-01, 4.682712859366e-05, 9.0409e-01, 4.7319e-03, 
 2DIAGNOSTIC,    35, -5.917390904867e-01, 4.153275817847e-05, 9.1500e-01, 1.0907e-02, 
 2DIAGNOSTIC,    36, -5.917390912695e-01, 3.272086429752e-05, 9.1919e-01, 4.1900e-03, 
 2DIAGNOSTIC,    37, -5.917391070342e-01, 2.163060315003e-05, 9.2356e-01, 4.3752e-03, 
 2DIAGNOSTIC,    38, -5.917391330930e-01, 1.245673595347e-05, 9.2786e-01, 4.2958e-03, 
 2DIAGNOSTIC,    39, -5.917391754734e-01, 5.801896388241e-06, 9.3219e-01, 4.3309e-03, 
 2DIAGNOSTIC,    40, -5.917392424311e-01, 3.643428647972e-06, 9.3646e-01, 4.2732e-03, 
 2DIAGNOSTIC,    41, -5.917393428828e-01, 2.487109296265e-06, 9.4066e-01, 4.2019e-03, 
 2DIAGNOSTIC,    42, -5.917394845334e-01, 1.715730316085e-06, 9.4501e-01, 4.3521e-03, 
 2DIAGNOSTIC,    43, -5.917396625586e-01, 1.144189314035e-06, 9.4918e-01, 4.1671e-03, 
DIAGNOSTIC,Iteration,metricValue,convergenceValue,ITERATION_TIME_INDEX,SINCE_LAST
 2DIAGNOSTIC,     1, -4.784004501413e-01, 1.797693134862e+308, 1.7162e+00, 7.6704e-01, 
 2DIAGNOSTIC,     2, -4.783999131482e-01, 1.797693134862e+308, 1.7527e+00, 3.6494e-02, 
 2DIAGNOSTIC,     3, -4.784190365419e-01, 1.797693134862e+308, 1.7884e+00, 3.5636e-02, 
 2DIAGNOSTIC,     4, -4.785028756506e-01, 1.797693134862e+308, 1.8164e+00, 2.8091e-02, 
 2DIAGNOSTIC,     5, -4.786647485426e-01, 1.797693134862e+308, 1.8446e+00, 2.8197e-02, 
 2DIAGNOSTIC,     6, -4.788099932953e-01, 1.797693134862e+308, 1.8753e+00, 3.0694e-02, 
 2DIAGNOSTIC,     7, -4.794645847208e-01, 1.797693134862e+308, 1.9036e+00, 2.8295e-02, 
 2DIAGNOSTIC,     8, -4.813619171736e-01, 1.797693134862e+308, 1.9448e+00, 4.1194e-02, 
 2DIAGNOSTIC,     9, -4.817935635324e-01, 1.797693134862e+308, 1.9831e+00, 3.8297e-02, 
 2DIAGNOSTIC,    10, -4.822647496924e-01, 5.583367506503e-04, 2.0153e+00, 3.2182e-02, 
 2DIAGNOSTIC,    11, -4.831344909907e-01, 6.366384576633e-04, 2.0517e+00, 3.6389e-02, 
 2DIAGNOSTIC,    12, -4.835768992535e-01, 6.653898034593e-04, 2.1040e+00, 5.2341e-02, 
 2DIAGNOSTIC,    13, -4.835677565312e-01, 6.290342968515e-04, 2.1445e+00, 4.0460e-02, 
 2DIAGNOSTIC,    14, -4.835733047830e-01, 5.452729207128e-04, 2.1921e+00, 4.7605e-02, 
 2DIAGNOSTIC,    15, -4.835701547239e-01, 4.305772095031e-04, 2.2317e+00, 3.9600e-02, 
 2DIAGNOSTIC,    16, -4.835566912995e-01, 2.956272803098e-04, 2.2665e+00, 3.4851e-02, 
 2DIAGNOSTIC,    17, -4.835523104078e-01, 1.703980274252e-04, 2.2968e+00, 3.0281e-02, 
 2DIAGNOSTIC,    18, -4.835483887826e-01, 1.058854945124e-04, 2.3268e+00, 3.0008e-02, 
 2DIAGNOSTIC,    19, -4.835469915469e-01, 5.203914172810e-05, 2.3549e+00, 2.8025e-02, 
 2DIAGNOSTIC,    20, -4.835401827381e-01, 1.204163319365e-05, 2.3858e+00, 3.0965e-02, 
DIAGNOSTIC,Iteration,metricValue,convergenceValue,ITERATION_TIME_INDEX,SINCE_LAST
 2DIAGNOSTIC,     1, -4.161561167878e-01, 1.797693134862e+308, 3.5312e+00, 1.1453e+00, 
 2DIAGNOSTIC,     2, -4.161756893437e-01, 1.797693134862e+308, 3.8776e+00, 3.4640e-01, 
 2DIAGNOSTIC,     3, -4.161696114506e-01, 1.797693134862e+308, 4.1762e+00, 2.9859e-01, 
 2DIAGNOSTIC,     4, -4.161681503549e-01, 1.797693134862e+308, 4.6055e+00, 4.2932e-01, 
 2DIAGNOSTIC,     5, -4.161678896598e-01, 1.797693134862e+308, 4.8923e+00, 2.8682e-01, 
 2DIAGNOSTIC,     6, -4.161669123581e-01, 1.797693134862e+308, 5.2511e+00, 3.5877e-01, 
 2DIAGNOSTIC,     7, -4.161667485639e-01, 1.797693134862e+308, 5.5988e+00, 3.4771e-01, 
 2DIAGNOSTIC,     8, -4.161656816012e-01, 1.797693134862e+308, 5.9049e+00, 3.0610e-01, 
 2DIAGNOSTIC,     9, -4.161650043534e-01, 1.797693134862e+308, 6.2641e+00, 3.5918e-01, 
 2DIAGNOSTIC,    10, -4.161655463810e-01, 2.943366523608e-06, 6.6632e+00, 3.9913e-01, 
 2DIAGNOSTIC,    11, -4.161636420991e-01, 1.720591478793e-06, 6.9463e+00, 2.8308e-01, 
 2DIAGNOSTIC,    12, -4.161624970807e-01, 1.867462475061e-06, 7.2219e+00, 2.7558e-01, 
 2DIAGNOSTIC,    13, -4.161615819741e-01, 1.698398066047e-06, 7.4621e+00, 2.4029e-01, 
 2DIAGNOSTIC,    14, -4.161624603290e-01, 1.592444847820e-06, 7.7269e+00, 2.6480e-01, 
 2DIAGNOSTIC,    15, -4.161620529809e-01, 1.530180429754e-06, 7.9989e+00, 2.7201e-01, 
 2DIAGNOSTIC,    16, -4.161603835102e-01, 1.417836908990e-06, 8.2447e+00, 2.4576e-01, 
 2DIAGNOSTIC,    17, -4.161625251476e-01, 1.455414104727e-06, 8.5202e+00, 2.7553e-01, 
 2DIAGNOSTIC,    18, -4.161617349621e-01, 1.453854847989e-06, 8.7537e+00, 2.3342e-01, 
 2DIAGNOSTIC,    19, -4.161656140590e-01, 1.594928489668e-06, 9.0356e+00, 2.8197e-01, 
 2DIAGNOSTIC,    20, -4.161678254525e-01, 1.821576310360e-06, 9.4173e+00, 3.8166e-01, 
 2DIAGNOSTIC,    21, -4.161672172255e-01, 1.924327011092e-06, 9.6789e+00, 2.6165e-01, 
 2DIAGNOSTIC,    22, -4.161665846118e-01, 1.927748302336e-06, 9.9032e+00, 2.2429e-01, 
 2DIAGNOSTIC,    23, -4.161660793961e-01, 1.843028029233e-06, 1.0162e+01, 2.5858e-01, 
 2DIAGNOSTIC,    24, -4.161655365528e-01, 1.730448860621e-06, 1.0398e+01, 2.3588e-01, 
 2DIAGNOSTIC,    25, -4.161651834942e-01, 1.568353728006e-06, 1.0611e+01, 2.1292e-01, 
 2DIAGNOSTIC,    26, -4.161660037662e-01, 1.368374529694e-06, 1.0867e+01, 2.5660e-01, 
 2DIAGNOSTIC,    27, -4.161651045493e-01, 1.203105056628e-06, 1.1082e+01, 2.1516e-01, 
 2DIAGNOSTIC,    28, -4.161679884894e-01, 1.097088649815e-06, 1.1331e+01, 2.4834e-01, 
 2DIAGNOSTIC,    29, -4.161710849645e-01, 1.162831232457e-06, 1.1575e+01, 2.4420e-01, 
 2DIAGNOSTIC,    30, -4.161703640303e-01, 1.250475707898e-06, 1.1824e+01, 2.4949e-01, 
 2DIAGNOSTIC,    31, -4.161708142907e-01, 1.313167822828e-06, 1.2099e+01, 2.7501e-01, 
 2DIAGNOSTIC,    32, -4.161710089260e-01, 1.336085276478e-06, 1.2333e+01, 2.3379e-01, 
 2DIAGNOSTIC,    33, -4.161749613444e-01, 1.395595234849e-06, 1.2617e+01, 2.8361e-01, 
 2DIAGNOSTIC,    34, -4.161777487498e-01, 1.452526292207e-06, 1.2829e+01, 2.1175e-01, 
 2DIAGNOSTIC,    35, -4.161792220167e-01, 1.478601697743e-06, 1.3082e+01, 2.5304e-01, 
 2DIAGNOSTIC,    36, -4.161806859636e-01, 1.495439394084e-06, 1.3339e+01, 2.5698e-01, 
 2DIAGNOSTIC,    37, -4.161791778414e-01, 1.407680641566e-06, 1.3561e+01, 2.2234e-01, 
 2DIAGNOSTIC,    38, -4.161838486855e-01, 1.406626843951e-06, 1.3858e+01, 2.9728e-01, 
 2DIAGNOSTIC,    39, -4.161849953086e-01, 1.422742146893e-06, 1.4160e+01, 3.0144e-01, 
 2DIAGNOSTIC,    40, -4.161860914877e-01, 1.386764609507e-06, 1.4556e+01, 3.9599e-01, 
 2DIAGNOSTIC,    41, -4.161854987563e-01, 1.295749556582e-06, 1.4833e+01, 2.7743e-01, 
 2DIAGNOSTIC,    42, -4.161840259975e-01, 1.138573326790e-06, 1.5110e+01, 2.7740e-01, 
 2DIAGNOSTIC,    43, -4.161834049847e-01, 1.004201824528e-06, 1.5356e+01, 2.4527e-01, 
DIAGNOSTIC,Iteration,metricValue,convergenceValue,ITERATION_TIME_INDEX,SINCE_LAST
 2DIAGNOSTIC,     1, -3.834265912279e-01, 1.797693134862e+308, 1.7941e+01, 2.5849e+00, 
 2DIAGNOSTIC,     2, -3.834925053322e-01, 1.797693134862e+308, 1.9468e+01, 1.5274e+00, 
 2DIAGNOSTIC,     3, -3.834978116428e-01, 1.797693134862e+308, 2.1333e+01, 1.8648e+00, 
 2DIAGNOSTIC,     4, -3.835004127690e-01, 1.797693134862e+308, 2.3018e+01, 1.6855e+00, 
 2DIAGNOSTIC,     5, -3.835019582493e-01, 1.797693134862e+308, 2.4735e+01, 1.7170e+00, 
 2DIAGNOSTIC,     6, -3.835049957392e-01, 1.797693134862e+308, 2.6593e+01, 1.8573e+00, 
 2DIAGNOSTIC,     7, -3.835058343704e-01, 1.797693134862e+308, 2.8423e+01, 1.8302e+00, 
 2DIAGNOSTIC,     8, -3.835066498239e-01, 1.797693134862e+308, 3.0568e+01, 2.1453e+00, 
 2DIAGNOSTIC,     9, -3.835062955308e-01, 1.797693134862e+308, 3.2635e+01, 2.0666e+00, 
 2DIAGNOSTIC,    10, -3.835063108983e-01, 1.066660819360e-05, 3.4363e+01, 1.7279e+00, 
 2DIAGNOSTIC,    11, -3.835061571777e-01, 4.747041208383e-06, 3.6680e+01, 2.3171e+00, 
 2DIAGNOSTIC,    12, -3.835060832635e-01, 3.706201070985e-06, 3.8489e+01, 1.8097e+00, 
 2DIAGNOSTIC,    13, -3.835060190707e-01, 3.027826333685e-06, 4.0485e+01, 1.9952e+00, 
 2DIAGNOSTIC,    14, -3.835058638464e-01, 2.523467163534e-06, 4.2370e+01, 1.8855e+00, 
 2DIAGNOSTIC,    15, -3.835058006950e-01, 2.133709349303e-06, 4.4027e+01, 1.6571e+00, 
 2DIAGNOSTIC,    16, -3.835056463957e-01, 1.924177748150e-06, 4.6131e+01, 2.1034e+00, 
 2DIAGNOSTIC,    17, -3.835054775115e-01, 1.773328567836e-06, 4.7773e+01, 1.6422e+00, 
 2DIAGNOSTIC,    18, -3.835053086108e-01, 1.675385382108e-06, 4.9398e+01, 1.6254e+00, 
 2DIAGNOSTIC,    19, -3.835051448130e-01, 1.576051821064e-06, 5.1033e+01, 1.6346e+00, 
 2DIAGNOSTIC,    20, -3.835051658752e-01, 1.497295077903e-06, 5.2526e+01, 1.4933e+00, 
 2DIAGNOSTIC,    21, -3.835053779561e-01, 1.436675315700e-06, 5.4183e+01, 1.6568e+00, 
 2DIAGNOSTIC,    22, -3.835055901400e-01, 1.393331721930e-06, 5.6090e+01, 1.9073e+00, 
 2DIAGNOSTIC,    23, -3.835055250992e-01, 1.354581542864e-06, 5.7744e+01, 1.6539e+00, 
 2DIAGNOSTIC,    24, -3.835054518271e-01, 1.314933131095e-06, 5.9271e+01, 1.5268e+00, 
 2DIAGNOSTIC,    25, -3.835053813412e-01, 1.275595341806e-06, 6.0760e+01, 1.4895e+00, 
 2DIAGNOSTIC,    26, -3.835053141606e-01, 1.232550096583e-06, 6.2101e+01, 1.3403e+00, 
 2DIAGNOSTIC,    27, -3.835053494664e-01, 1.188143195746e-06, 6.3466e+01, 1.3653e+00, 
 2DIAGNOSTIC,    28, -3.835054089343e-01, 1.143229102676e-06, 6.5045e+01, 1.5791e+00, 
 2DIAGNOSTIC,    29, -3.835055814668e-01, 1.101082733802e-06, 6.6431e+01, 1.3864e+00, 
 2DIAGNOSTIC,    30, -3.835053714631e-01, 1.056523032401e-06, 6.8562e+01, 2.1306e+00, 
 2DIAGNOSTIC,    31, -3.835053052278e-01, 1.018740044829e-06, 7.0151e+01, 1.5891e+00, 
  Elapsed time (stage 0): 7.0991e+01


Total elapsed time: 7.0994e+01
Info [verificarlo]: loaded backend libinterflop_vprec.so
Info [interflop-vprec]: load backend with: 
Info [interflop-vprec]: precision-binary32 = 23
Info [interflop-vprec]: range-binary32 = 7
Info [interflop-vprec]: precision-binary64 = 23
Info [interflop-vprec]: range-binary64 = 7
Info [interflop-vprec]: mode = ob
Info [interflop-vprec]: error-mode = rel
Info [interflop-vprec]: max-abs-error-exponent = -1022
Info [interflop-vprec]: daz = false
Info [interflop-vprec]: ftz = false
Info [interflop-vprec]: 	instrument = none
Info [interflop-vprec]: 	prec-input-file = (null)
Info [interflop-vprec]: 	prec-output-file = (null)
Info [interflop-vprec]: 	prec-log-file = (null)
All_Command_lines_OK
Using double precision for computations.
=============================================================================
The composite transform comprises the following transforms (in order): 
  1. /home/mdugre/scratch/mri-registration-rp/datasets/ds004513/derivatives/mri-registration-rp/0011/antsRegistration-r7-p23/sub-s017/rigid_Composite.h5[0] (type = Euler3DTransform)
  2. /home/mdugre/scratch/mri-registration-rp/datasets/ds004513/derivatives/mri-registration-rp/0011/antsRegistration-r7-p23/sub-s017/rigid_Composite.h5[1] (type = Euler3DTransform)
  3. /home/mdugre/scratch/mri-registration-rp/datasets/ds004513/derivatives/mri-registration-rp/0011/antsRegistration-r7-p23/sub-s017/rigid_Composite.h5[2] (type = Euler3DTransform)
=============================================================================
  number of levels = 4
  fixed image: /templateflow/tpl-MNI152NLin2009cAsym/tpl-MNI152NLin2009cAsym_res-01_desc-brain_T1w.nii.gz
  moving image: /home/mdugre/scratch/mri-registration-rp/datasets/ds004513/derivatives/mri-registration-rp/antsBrainExtraction/sub-s017/BrainExtractionBrain.nii.gz
Dimension = 3
Number of stages = 1
Use histogram matching = false
Winsorize image intensities = true
  Lower quantile = 0.005
  Upper quantile = 0.995


Stage 1 State
   Image metric = MattesMI
     Fixed image = Image (0x5180490)
  RTTI typeinfo:   itk::Image<double, 3u>
  Reference Count: 2
  Modified Time: 1594
  Debug: Off
  Object Name: 
  Observers: 
    none
  Source: (none)
  Source output name: (none)
  Release Data: Off
  Data Released: False
  Global Release Data: Off
  PipelineMTime: 0
  UpdateMTime: 1203
  RealTimeStamp: 0 seconds 
  LargestPossibleRegion: 
    Dimension: 3
    Index: [0, 0, 0]
    Size: [193, 229, 193]
  BufferedRegion: 
    Dimension: 3
    Index: [0, 0, 0]
    Size: [193, 229, 193]
  RequestedRegion: 
    Dimension: 3
    Index: [0, 0, 0]
    Size: [193, 229, 193]
  Spacing: [1, 1, 1]
  Origin: [96, 132, -78]
  Direction: 
-1 0 0
0 -1 0
0 0 1

  IndexToPointMatrix: 
-1 0 0
0 -1 0
0 0 1

  PointToIndexMatrix: 
-1 0 0
0 -1 0
0 0 1

  Inverse Direction: 
-1 0 0
0 -1 0
0 0 1

  PixelContainer: 
    ImportImageContainer (0x524b8c0)
      RTTI typeinfo:   itk::ImportImageContainer<unsigned long, double>
      Reference Count: 1
      Modified Time: 1200
      Debug: Off
      Object Name: 
      Observers: 
        none
      Pointer: 0x1544003a9010
      Container manages memory: true
      Size: 8530021
      Capacity: 8530021

     Moving image = Image (0x523bb60)
  RTTI typeinfo:   itk::Image<double, 3u>
  Reference Count: 2
  Modified Time: 1595
  Debug: Off
  Object Name: 
  Observers: 
    none
  Source: (none)
  Source output name: (none)
  Release Data: Off
  Data Released: False
  Global Release Data: Off
  PipelineMTime: 0
  UpdateMTime: 1592
  RealTimeStamp: 0 seconds 
  LargestPossibleRegion: 
    Dimension: 3
    Index: [0, 0, 0]
    Size: [160, 240, 256]
  BufferedRegion: 
    Dimension: 3
    Index: [0, 0, 0]
    Size: [160, 240, 256]
  RequestedRegion: 
    Dimension: 3
    Index: [0, 0, 0]
    Size: [160, 240, 256]
  Spacing: [1, 1, 1]
  Origin: [91.3357, 102.231, -120.042]
  Direction: 
-0.997442 -5.36781e-05 -0.0714818
5.35416e-05 -1 3.82465e-06
-0.0714818 -1.23894e-08 0.997442

  IndexToPointMatrix: 
-0.997444 -5.36781e-05 -0.0714818
5.35418e-05 -1 3.82465e-06
-0.0714819 -1.23894e-08 0.997442

  PointToIndexMatrix: 
-0.99744 5.35415e-05 -0.0714816
-5.3678e-05 -1 -1.35915e-08
-0.0714818 3.82343e-06 0.997442

  Inverse Direction: 
-0.997442 5.35416e-05 -0.0714818
-5.3678e-05 -1 -1.35915e-08
-0.0714818 3.82343e-06 0.997442

  PixelContainer: 
    ImportImageContainer (0x52cf1d0)
      RTTI typeinfo:   itk::ImportImageContainer<unsigned long, double>
      Reference Count: 1
      Modified Time: 1589
      Debug: Off
      Object Name: 
      Observers: 
        none
      Pointer: 0x1543fb8a8010
      Container manages memory: true
      Size: 9830400
      Capacity: 9830400

     Weighting = 1
     Sampling strategy = regular
     Number of bins = 32
     Radius = 4
     Sampling percentage  = 0.25
   Transform = Affine
     Gradient step = 0.1
     Update field sigma (voxel space) = 0
     Total field sigma (voxel space) = 0
     Update field time sigma = 0
     Total field time sigma  = 0
     Number of time indices = 0
     Number of time point samples = 0
Registration using 1 total stages.

Stage 0
  iterations = 1000x500x250x100
  convergence threshold = 1e-06
  convergence window size = 10
  number of levels = 4
  using the Mattes MI metric (number of bins = 32, weight = 1, use gradient filter = 0)
  preprocessing:  winsorizing the image intensities
  Shrink factors (level 1 out of 4): [8, 8, 8]
  Shrink factors (level 2 out of 4): [4, 4, 4]
  Shrink factors (level 3 out of 4): [2, 2, 2]
  Shrink factors (level 4 out of 4): [1, 1, 1]
  smoothing sigmas per level: [3, 2, 1, 0]
  regular sampling (percentage = 0.25)

*** Running AffineTransform registration ***

DIAGNOSTIC,Iteration,metricValue,convergenceValue,ITERATION_TIME_INDEX,SINCE_LAST
 2DIAGNOSTIC,     1, -5.806289261962e-01, 1.797693134862e+308, 0.0000e+00, 0.0000e+00, 
 2DIAGNOSTIC,     2, -5.832410129041e-01, 1.797693134862e+308, 0.0000e+00, 0.0000e+00, 
 2DIAGNOSTIC,     3, -5.883935850244e-01, 1.797693134862e+308, 0.0000e+00, 0.0000e+00, 
 2DIAGNOSTIC,     4, -5.973624653218e-01, 1.797693134862e+308, 0.0000e+00, 0.0000e+00, 
 2DIAGNOSTIC,     5, -6.166443959693e-01, 1.797693134862e+308, 0.0000e+00, 0.0000e+00, 
 2DIAGNOSTIC,     6, -6.406569229214e-01, 1.797693134862e+308, 0.0000e+00, 0.0000e+00, 
 2DIAGNOSTIC,     7, -7.009840036047e-01, 1.797693134862e+308, 0.0000e+00, 0.0000e+00, 
 2DIAGNOSTIC,     8, -7.630530806648e-01, 1.797693134862e+308, 0.0000e+00, 0.0000e+00, 
 2DIAGNOSTIC,     9, -8.423439995876e-01, 1.797693134862e+308, 0.0000e+00, 0.0000e+00, 
 2DIAGNOSTIC,    10, -8.569859388365e-01, 2.845147267390e-02, 0.0000e+00, 0.0000e+00, 
 2DIAGNOSTIC,    11, -8.702113658656e-01, 2.871754871150e-02, 0.0000e+00, 0.0000e+00, 
 2DIAGNOSTIC,    12, -8.814851900955e-01, 2.683666794036e-02, 0.0000e+00, 0.0000e+00, 
 2DIAGNOSTIC,    13, -8.822568762884e-01, 2.307274907448e-02, 0.0000e+00, 0.0000e+00, 
 2DIAGNOSTIC,    14, -8.836110020653e-01, 1.815836089290e-02, 0.0000e+00, 0.0000e+00, 
 2DIAGNOSTIC,    15, -8.851532122793e-01, 1.292947739253e-02, 0.0000e+00, 0.0000e+00, 
 2DIAGNOSTIC,    16, -8.870655918384e-01, 7.905854278520e-03, 0.0000e+00, 0.0000e+00, 
 2DIAGNOSTIC,    17, -8.886917514430e-01, 4.191455475456e-03, 0.0000e+00, 0.0000e+00, 
 2DIAGNOSTIC,    18, -8.889626944096e-01, 1.811222064951e-03, 0.0000e+00, 0.0000e+00, 
 2DIAGNOSTIC,    19, -8.890898738726e-01, 1.083490473802e-03, 0.0000e+00, 0.0000e+00, 
 2DIAGNOSTIC,    20, -8.890317392567e-01, 5.998612671533e-04, 0.0000e+00, 0.0000e+00, 
 2DIAGNOSTIC,    21, -8.887417699741e-01, 3.300805841076e-04, 0.0000e+00, 0.0000e+00, 
 2DIAGNOSTIC,    22, -8.888327725051e-01, 2.429855340819e-04, 0.0000e+00, 0.0000e+00, 
 2DIAGNOSTIC,    23, -8.885483881626e-01, 1.493634276956e-04, 0.0000e+00, 0.0000e+00, 
 2DIAGNOSTIC,    24, -8.886279533259e-01, 7.198856275142e-05, 0.0000e+00, 0.0000e+00, 
 2DIAGNOSTIC,    25, -8.885403685324e-01, 1.501359587684e-05, 0.0000e+00, 0.0000e+00, 
DIAGNOSTIC,Iteration,metricValue,convergenceValue,ITERATION_TIME_INDEX,SINCE_LAST
 2DIAGNOSTIC,     1, -7.469443266266e-01, 1.797693134862e+308, 0.0000e+00, 0.0000e+00, 
 2DIAGNOSTIC,     2, -7.476096071345e-01, 1.797693134862e+308, 0.0000e+00, 0.0000e+00, 
 2DIAGNOSTIC,     3, -7.481671990121e-01, 1.797693134862e+308, 0.0000e+00, 0.0000e+00, 
 2DIAGNOSTIC,     4, -7.485831995581e-01, 1.797693134862e+308, 0.0000e+00, 0.0000e+00, 
 2DIAGNOSTIC,     5, -7.488517918865e-01, 1.797693134862e+308, 0.0000e+00, 0.0000e+00, 
 2DIAGNOSTIC,     6, -7.493106312225e-01, 1.797693134862e+308, 0.0000e+00, 0.0000e+00, 
 2DIAGNOSTIC,     7, -7.495530427167e-01, 1.797693134862e+308, 0.0000e+00, 0.0000e+00, 
 2DIAGNOSTIC,     8, -7.499290974133e-01, 1.797693134862e+308, 0.0000e+00, 0.0000e+00, 
 2DIAGNOSTIC,     9, -7.503234028198e-01, 1.797693134862e+308, 0.0000e+00, 0.0000e+00, 
 2DIAGNOSTIC,    10, -7.503727956871e-01, 2.902466861076e-04, 0.0000e+00, 0.0000e+00, 
 2DIAGNOSTIC,    11, -7.504567781170e-01, 2.284235257228e-04, 0.0000e+00, 0.0000e+00, 
 2DIAGNOSTIC,    12, -7.505411945599e-01, 1.801094251917e-04, 0.0000e+00, 0.0000e+00, 
 2DIAGNOSTIC,    13, -7.505703255483e-01, 1.400302230233e-04, 0.0000e+00, 0.0000e+00, 
 2DIAGNOSTIC,    14, -7.505911148630e-01, 1.048896186473e-04, 0.0000e+00, 0.0000e+00, 
 2DIAGNOSTIC,    15, -7.505851715514e-01, 7.157243688684e-05, 0.0000e+00, 0.0000e+00, 
 2DIAGNOSTIC,    16, -7.505877652381e-01, 4.706349245592e-05, 0.0000e+00, 0.0000e+00, 
 2DIAGNOSTIC,    17, -7.505743855339e-01, 2.624705534290e-05, 0.0000e+00, 0.0000e+00, 
 2DIAGNOSTIC,    18, -7.505464849400e-01, 1.261884994666e-05, 0.0000e+00, 0.0000e+00, 
 2DIAGNOSTIC,    19, -7.505332147025e-01, 7.048140720320e-06, 0.0000e+00, 0.0000e+00, 
 2DIAGNOSTIC,    20, -7.505341580288e-01, 2.469522853342e-06, 0.0000e+00, 0.0000e+00, 
DIAGNOSTIC,Iteration,metricValue,convergenceValue,ITERATION_TIME_INDEX,SINCE_LAST
 2DIAGNOSTIC,     1, -6.293687643970e-01, 1.797693134862e+308, 0.0000e+00, 0.0000e+00, 
 2DIAGNOSTIC,     2, -6.299223377220e-01, 1.797693134862e+308, 0.0000e+00, 0.0000e+00, 
 2DIAGNOSTIC,     3, -6.305190649409e-01, 1.797693134862e+308, 0.0000e+00, 0.0000e+00, 
 2DIAGNOSTIC,     4, -6.311349507697e-01, 1.797693134862e+308, 0.0000e+00, 0.0000e+00, 
 2DIAGNOSTIC,     5, -6.320974861709e-01, 1.797693134862e+308, 0.0000e+00, 0.0000e+00, 
 2DIAGNOSTIC,     6, -6.331631677968e-01, 1.797693134862e+308, 0.0000e+00, 0.0000e+00, 
 2DIAGNOSTIC,     7, -6.331537086107e-01, 1.797693134862e+308, 0.0000e+00, 0.0000e+00, 
 2DIAGNOSTIC,     8, -6.331466267171e-01, 1.797693134862e+308, 0.0000e+00, 0.0000e+00, 
 2DIAGNOSTIC,     9, -6.331497967780e-01, 1.797693134862e+308, 0.0000e+00, 0.0000e+00, 
 2DIAGNOSTIC,    10, -6.331479642559e-01, 4.332715765573e-04, 0.0000e+00, 0.0000e+00, 
 2DIAGNOSTIC,    11, -6.331458159051e-01, 3.063611140458e-04, 0.0000e+00, 0.0000e+00, 
 2DIAGNOSTIC,    12, -6.331439032407e-01, 1.941880621396e-04, 0.0000e+00, 0.0000e+00, 
 2DIAGNOSTIC,    13, -6.331431214384e-01, 1.030135520504e-04, 0.0000e+00, 0.0000e+00, 
 2DIAGNOSTIC,    14, -6.331430450012e-01, 3.504218007501e-05, 0.0000e+00, 0.0000e+00, 
 2DIAGNOSTIC,    15, -6.331415431075e-01, 1.029543143072e-06, 0.0000e+00, 0.0000e+00, 
 2DIAGNOSTIC,    16, -6.331392525097e-01, 1.254222862734e-06, 0.0000e+00, 0.0000e+00, 
 2DIAGNOSTIC,    17, -6.331397096780e-01, 1.290199985786e-06, 0.0000e+00, 0.0000e+00, 
 2DIAGNOSTIC,    18, -6.331387510050e-01, 1.170499169159e-06, 0.0000e+00, 0.0000e+00, 
 2DIAGNOSTIC,    19, -6.331352167657e-01, 1.110298346665e-06, 0.0000e+00, 0.0000e+00, 
DIAGNOSTIC,Iteration,metricValue,convergenceValue,ITERATION_TIME_INDEX,SINCE_LAST
 2DIAGNOSTIC,     1, -5.647300581259e-01, 1.797693134862e+308, 0.0000e+00, 0.0000e+00, 
 2DIAGNOSTIC,     2, -5.649575249354e-01, 1.797693134862e+308, 0.0000e+00, 0.0000e+00, 
 2DIAGNOSTIC,     3, -5.651433428470e-01, 1.797693134862e+308, 0.0000e+00, 0.0000e+00, 
 2DIAGNOSTIC,     4, -5.653407038879e-01, 1.797693134862e+308, 0.0000e+00, 0.0000e+00, 
 2DIAGNOSTIC,     5, -5.653732569439e-01, 1.797693134862e+308, 0.0000e+00, 0.0000e+00, 
 2DIAGNOSTIC,     6, -5.653789736775e-01, 1.797693134862e+308, 1.2800e+02, 1.2800e+02, 
 2DIAGNOSTIC,     7, -5.653790224744e-01, 1.797693134862e+308, 1.2800e+02, 0.0000e+00, 
 2DIAGNOSTIC,     8, -5.653791411036e-01, 1.797693134862e+308, 1.2800e+02, 0.0000e+00, 
 2DIAGNOSTIC,     9, -5.653786886818e-01, 1.797693134862e+308, 1.2800e+02, 0.0000e+00, 
 2DIAGNOSTIC,    10, -5.653786222744e-01, 6.356333082826e-05, 1.2800e+02, 0.0000e+00, 
 2DIAGNOSTIC,    11, -5.653784988596e-01, 3.287402724661e-05, 1.2800e+02, 0.0000e+00, 
 2DIAGNOSTIC,    12, -5.653783658651e-01, 1.403502477071e-05, 1.2800e+02, 0.0000e+00, 
 2DIAGNOSTIC,    13, -5.653782390432e-01, 4.048644370383e-06, 1.2800e+02, 0.0000e+00, 
 2DIAGNOSTIC,    14, -5.653779982722e-01, 2.392033870854e-06, 1.2800e+02, 0.0000e+00, 
 2DIAGNOSTIC,    15, -5.653778774094e-01, 2.027298920973e-06, 1.2800e+02, 0.0000e+00, 
 2DIAGNOSTIC,    16, -5.653778917258e-01, 1.896651291897e-06, 1.2800e+02, 0.0000e+00, 
 2DIAGNOSTIC,    17, -5.653776097792e-01, 1.782558068632e-06, 1.2800e+02, 0.0000e+00, 
 2DIAGNOSTIC,    18, -5.653774764896e-01, 1.689502330982e-06, 1.2800e+02, 0.0000e+00, 
 2DIAGNOSTIC,    19, -5.653774917424e-01, 1.602001330224e-06, 2.5600e+02, 1.2800e+02, 
 2DIAGNOSTIC,    20, -5.653775133320e-01, 1.528756186690e-06, 2.5600e+02, 0.0000e+00, 
 2DIAGNOSTIC,    21, -5.653773824687e-01, 1.462097981110e-06, 2.5600e+02, 0.0000e+00, 
 2DIAGNOSTIC,    22, -5.653774475982e-01, 1.405069771150e-06, 2.5600e+02, 0.0000e+00, 
 2DIAGNOSTIC,    23, -5.653772037970e-01, 1.348862999913e-06, 2.5600e+02, 0.0000e+00, 
 2DIAGNOSTIC,    24, -5.653773226413e-01, 1.298104480699e-06, 2.5600e+02, 0.0000e+00, 
 2DIAGNOSTIC,    25, -5.653773079360e-01, 1.251032437997e-06, 2.5600e+02, 0.0000e+00, 
 2DIAGNOSTIC,    26, -5.653771806481e-01, 1.207543392397e-06, 2.5600e+02, 0.0000e+00, 
 2DIAGNOSTIC,    27, -5.653772058095e-01, 1.164191727750e-06, 2.5600e+02, 0.0000e+00, 
 2DIAGNOSTIC,    28, -5.653770623027e-01, 1.120268074056e-06, 2.5600e+02, 0.0000e+00, 
 2DIAGNOSTIC,    29, -5.653770711733e-01, 1.081296153962e-06, 2.5600e+02, 0.0000e+00, 
 2DIAGNOSTIC,    30, -5.653769257146e-01, 1.044317899594e-06, 2.5600e+02, 0.0000e+00, 
 2DIAGNOSTIC,    31, -5.653767813012e-01, 1.006803922309e-06, 2.5600e+02, 0.0000e+00, 
  Elapsed time (stage 0): 2.5600e+02


Total elapsed time: 2.5600e+02
Info [verificarlo]: loaded backend libinterflop_vprec.so
Info [interflop-vprec]: load backend with: 
Info [interflop-vprec]: precision-binary32 = 23
Info [interflop-vprec]: range-binary32 = 7
Info [interflop-vprec]: precision-binary64 = 23
Info [interflop-vprec]: range-binary64 = 7
Info [interflop-vprec]: mode = ob
Info [interflop-vprec]: error-mode = rel
Info [interflop-vprec]: max-abs-error-exponent = -1022
Info [interflop-vprec]: daz = false
Info [interflop-vprec]: ftz = false
Info [interflop-vprec]: 	instrument = none
Info [interflop-vprec]: 	prec-input-file = (null)
Info [interflop-vprec]: 	prec-output-file = (null)
Info [interflop-vprec]: 	prec-log-file = (null)
All_Command_lines_OK
Using double precision for computations.
=============================================================================
The composite transform comprises the following transforms (in order): 
  1. /home/mdugre/scratch/mri-registration-rp/datasets/ds004513/derivatives/mri-registration-rp/0011/antsRegistration-r7-p23/sub-s017/affine_Composite.h5[0] (type = Euler3DTransform)
  2. /home/mdugre/scratch/mri-registration-rp/datasets/ds004513/derivatives/mri-registration-rp/0011/antsRegistration-r7-p23/sub-s017/affine_Composite.h5[1] (type = Euler3DTransform)
  3. /home/mdugre/scratch/mri-registration-rp/datasets/ds004513/derivatives/mri-registration-rp/0011/antsRegistration-r7-p23/sub-s017/affine_Composite.h5[2] (type = Euler3DTransform)
  4. /home/mdugre/scratch/mri-registration-rp/datasets/ds004513/derivatives/mri-registration-rp/0011/antsRegistration-r7-p23/sub-s017/affine_Composite.h5[3] (type = AffineTransform)
=============================================================================
  number of levels = 4
  fixed image: /templateflow/tpl-MNI152NLin2009cAsym/tpl-MNI152NLin2009cAsym_res-01_desc-brain_T1w.nii.gz
  moving image: /home/mdugre/scratch/mri-registration-rp/datasets/ds004513/derivatives/mri-registration-rp/antsBrainExtraction/sub-s017/BrainExtractionBrain.nii.gz
Dimension = 3
