
##########################
# Experiment information #
##########################

EXPERIMENT_NAME: antsRegistration-r8-p23
VFC_BACKENDS: libinterflop_vprec.so --range-binary32=8 --precision-binary32=23 --range-binary64=8 --precision-binary64=23

SIF_IMG: /home/mdugre/projects/rrg-glatard/mdugre/containers/ants-vprec-no_metrics.simg

SUBJECT_ID: s017
INPUT_IMG: /home/mdugre/scratch/mri-registration-rp/datasets/ds004513/derivatives/mri-registration-rp/antsBrainExtraction/sub-s017/BrainExtractionBrain.nii.gz
OUTPUT_DIR: /home/mdugre/scratch/mri-registration-rp/datasets/ds004513/derivatives/mri-registration-rp/0011/antsRegistration-r8-p23/sub-s017

FIXED_IMG: /templateflow/tpl-MNI152NLin2009cAsym/tpl-MNI152NLin2009cAsym_res-01_desc-brain_T1w.nii.gz
DATA_DIR: /home/mdugre/scratch/mri-registration-rp/datasets/ds004513
TEMPLATEFLOW_DIR: /home/mdugre/projects/rrg-glatard/mdugre/templateflow
ITK_GLOBAL_DEFAULT_NUMBER_OF_THREADS: 16
##########################

Info [verificarlo]: loaded backend libinterflop_ieee.so
Info [interflop-ieee]: load backend with:
Info [interflop-ieee]: debug = false
Info [interflop-ieee]: debug-binary = false
Info [interflop-ieee]: no-backend-name = false
Info [interflop-ieee]: print-new-line = false
Info [interflop-ieee]: print-subnormal-normalized = false
Info [interflop-ieee]: count-op = false
All_Command_lines_OK
Using double precision for computations.
=============================================================================
The composite transform comprises the following transforms (in order): 
  1. Center of mass alignment using fixed image: /templateflow/tpl-MNI152NLin2009cAsym/tpl-MNI152NLin2009cAsym_res-01_desc-brain_T1w.nii.gz and moving image: /home/mdugre/scratch/mri-registration-rp/datasets/ds004513/derivatives/mri-registration-rp/antsBrainExtraction/sub-s017/BrainExtractionBrain.nii.gz (type = Euler3DTransform)
=============================================================================
  number of levels = 1
  fixed image: /templateflow/tpl-MNI152NLin2009cAsym/tpl-MNI152NLin2009cAsym_res-01_desc-brain_T1w.nii.gz
  moving image: /home/mdugre/scratch/mri-registration-rp/datasets/ds004513/derivatives/mri-registration-rp/antsBrainExtraction/sub-s017/BrainExtractionBrain.nii.gz
Dimension = 3
Number of stages = 1
Use histogram matching = false
Winsorize image intensities = true
  Lower quantile = 0.005
  Upper quantile = 0.995


Stage 1 State
   Image metric = MattesMI
     Fixed image = Image (0x44e5e70)
  RTTI typeinfo:   itk::Image<double, 3u>
  Reference Count: 2
  Modified Time: 2334
  Debug: Off
  Object Name: 
  Observers: 
    none
  Source: (none)
  Source output name: (none)
  Release Data: Off
  Data Released: False
  Global Release Data: Off
  PipelineMTime: 0
  UpdateMTime: 1943
  RealTimeStamp: 0 seconds 
  LargestPossibleRegion: 
    Dimension: 3
    Index: [0, 0, 0]
    Size: [193, 229, 193]
  BufferedRegion: 
    Dimension: 3
    Index: [0, 0, 0]
    Size: [193, 229, 193]
  RequestedRegion: 
    Dimension: 3
    Index: [0, 0, 0]
    Size: [193, 229, 193]
  Spacing: [1, 1, 1]
  Origin: [96, 132, -78]
  Direction: 
-1 0 0
0 -1 0
0 0 1

  IndexToPointMatrix: 
-1 0 0
0 -1 0
0 0 1

  PointToIndexMatrix: 
-1 0 0
0 -1 0
0 0 1

  Inverse Direction: 
-1 0 0
0 -1 0
0 0 1

  PixelContainer: 
    ImportImageContainer (0x44eec60)
      RTTI typeinfo:   itk::ImportImageContainer<unsigned long, double>
      Reference Count: 1
      Modified Time: 1940
      Debug: Off
      Object Name: 
      Observers: 
        none
      Pointer: 0x14e0b0769010
      Container manages memory: true
      Size: 8530021
      Capacity: 8530021

     Moving image = Image (0x44f1610)
  RTTI typeinfo:   itk::Image<double, 3u>
  Reference Count: 2
  Modified Time: 2335
  Debug: Off
  Object Name: 
  Observers: 
    none
  Source: (none)
  Source output name: (none)
  Release Data: Off
  Data Released: False
  Global Release Data: Off
  PipelineMTime: 0
  UpdateMTime: 2332
  RealTimeStamp: 0 seconds 
  LargestPossibleRegion: 
    Dimension: 3
    Index: [0, 0, 0]
    Size: [160, 240, 256]
  BufferedRegion: 
    Dimension: 3
    Index: [0, 0, 0]
    Size: [160, 240, 256]
  RequestedRegion: 
    Dimension: 3
    Index: [0, 0, 0]
    Size: [160, 240, 256]
  Spacing: [1, 1, 1]
  Origin: [91.3357, 102.231, -120.042]
  Direction: 
-0.997442 -5.36781e-05 -0.0714818
5.35416e-05 -1 3.82465e-06
-0.0714818 -1.23894e-08 0.997442

  IndexToPointMatrix: 
-0.997444 -5.36781e-05 -0.0714818
5.35418e-05 -1 3.82465e-06
-0.0714819 -1.23894e-08 0.997442

  PointToIndexMatrix: 
-0.99744 5.35415e-05 -0.0714816
-5.36781e-05 -1 -1.23894e-08
-0.0714818 3.82465e-06 0.997442

  Inverse Direction: 
-0.997442 5.35416e-05 -0.0714818
-5.36781e-05 -1 -1.23894e-08
-0.0714818 3.82465e-06 0.997442

  PixelContainer: 
    ImportImageContainer (0x458aef0)
      RTTI typeinfo:   itk::ImportImageContainer<unsigned long, double>
      Reference Count: 1
      Modified Time: 2329
      Debug: Off
      Object Name: 
      Observers: 
        none
      Pointer: 0x14e0abc68010
      Container manages memory: true
      Size: 9830400
      Capacity: 9830400

     Weighting = 1
     Sampling strategy = regular
     Number of bins = 32
     Radius = 4
     Sampling percentage  = 0.25
   Transform = Rigid
     Gradient step = 0.1
     Update field sigma (voxel space) = 0
     Total field sigma (voxel space) = 0
     Update field time sigma = 0
     Total field time sigma  = 0
     Number of time indices = 0
     Number of time point samples = 0
Registration using 1 total stages.

Stage 0
  iterations = 0
  convergence threshold = 1e-06
  convergence window size = 10
  number of levels = 1
  using the Mattes MI metric (number of bins = 32, weight = 1, use gradient filter = 0)
  preprocessing:  winsorizing the image intensities
  Shrink factors (level 1 out of 1): [1, 1, 1]
  smoothing sigmas per level: [0]
  regular sampling (percentage = 0.25)

*** Running Euler3DTransform registration ***

  Elapsed time (stage 0): 1.11604


Total elapsed time: 1.11863
Info [verificarlo]: loaded backend libinterflop_ieee.so
Info [interflop-ieee]: load backend with:
Info [interflop-ieee]: debug = false
Info [interflop-ieee]: debug-binary = false
Info [interflop-ieee]: no-backend-name = false
Info [interflop-ieee]: print-new-line = false
Info [interflop-ieee]: print-subnormal-normalized = false
Info [interflop-ieee]: count-op = false
All_Command_lines_OK
Using double precision for computations.
=============================================================================
The composite transform comprises the following transforms (in order): 
  1. /home/mdugre/scratch/mri-registration-rp/datasets/ds004513/derivatives/mri-registration-rp/0011/antsRegistration-r8-p23/sub-s017/align_Composite.h5[0] (type = Euler3DTransform)
  2. /home/mdugre/scratch/mri-registration-rp/datasets/ds004513/derivatives/mri-registration-rp/0011/antsRegistration-r8-p23/sub-s017/align_Composite.h5[1] (type = Euler3DTransform)
=============================================================================
  number of levels = 4
  fixed image: /templateflow/tpl-MNI152NLin2009cAsym/tpl-MNI152NLin2009cAsym_res-01_desc-brain_T1w.nii.gz
  moving image: /home/mdugre/scratch/mri-registration-rp/datasets/ds004513/derivatives/mri-registration-rp/antsBrainExtraction/sub-s017/BrainExtractionBrain.nii.gz
Dimension = 3
Number of stages = 1
Use histogram matching = false
Winsorize image intensities = true
  Lower quantile = 0.005
  Upper quantile = 0.995


Stage 1 State
   Image metric = MattesMI
     Fixed image = Image (0x38e8530)
  RTTI typeinfo:   itk::Image<double, 3u>
  Reference Count: 2
  Modified Time: 1580
  Debug: Off
  Object Name: 
  Observers: 
    none
  Source: (none)
  Source output name: (none)
  Release Data: Off
  Data Released: False
  Global Release Data: Off
  PipelineMTime: 0
  UpdateMTime: 1189
  RealTimeStamp: 0 seconds 
  LargestPossibleRegion: 
    Dimension: 3
    Index: [0, 0, 0]
    Size: [193, 229, 193]
  BufferedRegion: 
    Dimension: 3
    Index: [0, 0, 0]
    Size: [193, 229, 193]
  RequestedRegion: 
    Dimension: 3
    Index: [0, 0, 0]
    Size: [193, 229, 193]
  Spacing: [1, 1, 1]
  Origin: [96, 132, -78]
  Direction: 
-1 0 0
0 -1 0
0 0 1

  IndexToPointMatrix: 
-1 0 0
0 -1 0
0 0 1

  PointToIndexMatrix: 
-1 0 0
0 -1 0
0 0 1

  Inverse Direction: 
-1 0 0
0 -1 0
0 0 1

  PixelContainer: 
    ImportImageContainer (0x39a6d60)
      RTTI typeinfo:   itk::ImportImageContainer<unsigned long, double>
      Reference Count: 1
      Modified Time: 1186
      Debug: Off
      Object Name: 
      Observers: 
        none
      Pointer: 0x1474f3b94010
      Container manages memory: true
      Size: 8530021
      Capacity: 8530021

     Moving image = Image (0x3998f60)
  RTTI typeinfo:   itk::Image<double, 3u>
  Reference Count: 2
  Modified Time: 1581
  Debug: Off
  Object Name: 
  Observers: 
    none
  Source: (none)
  Source output name: (none)
  Release Data: Off
  Data Released: False
  Global Release Data: Off
  PipelineMTime: 0
  UpdateMTime: 1578
  RealTimeStamp: 0 seconds 
  LargestPossibleRegion: 
    Dimension: 3
    Index: [0, 0, 0]
    Size: [160, 240, 256]
  BufferedRegion: 
    Dimension: 3
    Index: [0, 0, 0]
    Size: [160, 240, 256]
  RequestedRegion: 
    Dimension: 3
    Index: [0, 0, 0]
    Size: [160, 240, 256]
  Spacing: [1, 1, 1]
  Origin: [91.3357, 102.231, -120.042]
  Direction: 
-0.997442 -5.36781e-05 -0.0714818
5.35416e-05 -1 3.82465e-06
-0.0714818 -1.23894e-08 0.997442

  IndexToPointMatrix: 
-0.997444 -5.36781e-05 -0.0714818
5.35418e-05 -1 3.82465e-06
-0.0714819 -1.23894e-08 0.997442

  PointToIndexMatrix: 
-0.99744 5.35415e-05 -0.0714816
-5.36781e-05 -1 -1.23894e-08
-0.0714818 3.82465e-06 0.997442

  Inverse Direction: 
-0.997442 5.35416e-05 -0.0714818
-5.36781e-05 -1 -1.23894e-08
-0.0714818 3.82465e-06 0.997442

  PixelContainer: 
    ImportImageContainer (0x398a6d0)
      RTTI typeinfo:   itk::ImportImageContainer<unsigned long, double>
      Reference Count: 1
      Modified Time: 1575
      Debug: Off
      Object Name: 
      Observers: 
        none
      Pointer: 0x1474ef093010
      Container manages memory: true
      Size: 9830400
      Capacity: 9830400

     Weighting = 1
     Sampling strategy = regular
     Number of bins = 32
     Radius = 4
     Sampling percentage  = 0.25
   Transform = Rigid
     Gradient step = 0.1
     Update field sigma (voxel space) = 0
     Total field sigma (voxel space) = 0
     Update field time sigma = 0
     Total field time sigma  = 0
     Number of time indices = 0
     Number of time point samples = 0
Registration using 1 total stages.

Stage 0
  iterations = 1000x500x250x100
  convergence threshold = 1e-06
  convergence window size = 10
  number of levels = 4
  using the Mattes MI metric (number of bins = 32, weight = 1, use gradient filter = 0)
  preprocessing:  winsorizing the image intensities
  Shrink factors (level 1 out of 4): [8, 8, 8]
  Shrink factors (level 2 out of 4): [4, 4, 4]
  Shrink factors (level 3 out of 4): [2, 2, 2]
  Shrink factors (level 4 out of 4): [1, 1, 1]
  smoothing sigmas per level: [3, 2, 1, 0]
  regular sampling (percentage = 0.25)

*** Running Euler3DTransform registration ***

DIAGNOSTIC,Iteration,metricValue,convergenceValue,ITERATION_TIME_INDEX,SINCE_LAST
 2DIAGNOSTIC,     1, -5.567767283252e-01, 1.797693134862e+308, 6.9867e-01, 6.9867e-01, 
 2DIAGNOSTIC,     2, -5.584239703569e-01, 1.797693134862e+308, 7.0309e-01, 4.4169e-03, 
 2DIAGNOSTIC,     3, -5.612715515272e-01, 1.797693134862e+308, 7.0701e-01, 3.9160e-03, 
 2DIAGNOSTIC,     4, -5.637780194106e-01, 1.797693134862e+308, 7.1073e-01, 3.7231e-03, 
 2DIAGNOSTIC,     5, -5.658229214212e-01, 1.797693134862e+308, 7.1445e-01, 3.7181e-03, 
 2DIAGNOSTIC,     6, -5.696445468689e-01, 1.797693134862e+308, 7.1818e-01, 3.7301e-03, 
 2DIAGNOSTIC,     7, -5.734118275242e-01, 1.797693134862e+308, 7.2201e-01, 3.8311e-03, 
 2DIAGNOSTIC,     8, -5.754533484979e-01, 1.797693134862e+308, 7.2758e-01, 5.5721e-03, 
 2DIAGNOSTIC,     9, -5.763021950250e-01, 1.797693134862e+308, 7.3124e-01, 3.6590e-03, 
 2DIAGNOSTIC,    10, -5.771142770255e-01, 2.558085388189e-03, 7.3644e-01, 5.2009e-03, 
 2DIAGNOSTIC,    11, -5.785125587612e-01, 2.176117873031e-03, 7.4057e-01, 4.1311e-03, 
 2DIAGNOSTIC,    12, -5.799413348090e-01, 1.786767970983e-03, 7.4494e-01, 4.3671e-03, 
 2DIAGNOSTIC,    13, -5.809477908980e-01, 1.443124036835e-03, 7.4929e-01, 4.3459e-03, 
 2DIAGNOSTIC,    14, -5.814655964876e-01, 1.127354078216e-03, 7.5316e-01, 3.8750e-03, 
 2DIAGNOSTIC,    15, -5.819093877219e-01, 8.331089413526e-04, 7.5752e-01, 4.3578e-03, 
 2DIAGNOSTIC,    16, -5.822326442998e-01, 6.258215683232e-04, 7.6187e-01, 4.3480e-03, 
 2DIAGNOSTIC,    17, -5.825793599843e-01, 5.040365830239e-04, 7.6583e-01, 3.9589e-03, 
 2DIAGNOSTIC,    18, -5.863713925916e-01, 5.095725576648e-04, 7.7008e-01, 4.2522e-03, 
 2DIAGNOSTIC,    19, -5.901617810167e-01, 5.855607354907e-04, 7.7711e-01, 7.0360e-03, 
 2DIAGNOSTIC,    20, -5.906016223816e-01, 6.286272500305e-04, 7.8208e-01, 4.9701e-03, 
 2DIAGNOSTIC,    21, -5.907365705866e-01, 6.467002963830e-04, 7.8673e-01, 4.6430e-03, 
 2DIAGNOSTIC,    22, -5.906256574994e-01, 6.330265936371e-04, 7.9104e-01, 4.3139e-03, 
 2DIAGNOSTIC,    23, -5.906307681710e-01, 5.816453055168e-04, 7.9487e-01, 3.8309e-03, 
 2DIAGNOSTIC,    24, -5.905636622010e-01, 4.878472529212e-04, 7.9867e-01, 3.7999e-03, 
 2DIAGNOSTIC,    25, -5.906024985370e-01, 3.662279783950e-04, 8.0293e-01, 4.2539e-03, 
 2DIAGNOSTIC,    26, -5.906025304324e-01, 2.276984665066e-04, 8.0676e-01, 3.8321e-03, 
 2DIAGNOSTIC,    27, -5.906211320574e-01, 8.394584288732e-05, 8.1068e-01, 3.9210e-03, 
 2DIAGNOSTIC,    28, -5.908796758313e-01, 1.198925031207e-05, 8.1447e-01, 3.7920e-03, 
 2DIAGNOSTIC,    29, -5.911411552395e-01, 1.217108543280e-05, 8.1883e-01, 4.3600e-03, 
 2DIAGNOSTIC,    30, -5.915241330962e-01, 2.456301684457e-05, 8.2457e-01, 5.7371e-03, 
 2DIAGNOSTIC,    31, -5.916229825993e-01, 3.758205306264e-05, 8.2835e-01, 3.7801e-03, 
 2DIAGNOSTIC,    32, -5.916651208817e-01, 4.532975449202e-05, 8.3219e-01, 3.8431e-03, 
 2DIAGNOSTIC,    33, -5.916874987632e-01, 4.885284294695e-05, 8.3597e-01, 3.7761e-03, 
 2DIAGNOSTIC,    34, -5.917053822200e-01, 4.682712858823e-05, 8.4027e-01, 4.3011e-03, 
 2DIAGNOSTIC,    35, -5.917390904868e-01, 4.153275817398e-05, 8.5060e-01, 1.0336e-02, 
 2DIAGNOSTIC,    36, -5.917390912695e-01, 3.272086429437e-05, 8.5447e-01, 3.8631e-03, 
 2DIAGNOSTIC,    37, -5.917391070342e-01, 2.163060314836e-05, 8.5826e-01, 3.7971e-03, 
 2DIAGNOSTIC,    38, -5.917391330930e-01, 1.245673595320e-05, 8.6211e-01, 3.8490e-03, 
 2DIAGNOSTIC,    39, -5.917391754735e-01, 5.801896389494e-06, 8.6590e-01, 3.7818e-03, 
 2DIAGNOSTIC,    40, -5.917392424311e-01, 3.643428651331e-06, 8.6971e-01, 3.8109e-03, 
 2DIAGNOSTIC,    41, -5.917393428829e-01, 2.487109298521e-06, 8.7363e-01, 3.9201e-03, 
 2DIAGNOSTIC,    42, -5.917394845334e-01, 1.715730317420e-06, 8.7745e-01, 3.8280e-03, 
 2DIAGNOSTIC,    43, -5.917396625587e-01, 1.144189314763e-06, 8.8128e-01, 3.8278e-03, 
DIAGNOSTIC,Iteration,metricValue,convergenceValue,ITERATION_TIME_INDEX,SINCE_LAST
 2DIAGNOSTIC,     1, -4.784004501421e-01, 1.797693134862e+308, 1.6500e+00, 7.6867e-01, 
 2DIAGNOSTIC,     2, -4.783999131490e-01, 1.797693134862e+308, 1.6772e+00, 2.7263e-02, 
 2DIAGNOSTIC,     3, -4.784190365427e-01, 1.797693134862e+308, 1.7078e+00, 3.0617e-02, 
 2DIAGNOSTIC,     4, -4.785028756513e-01, 1.797693134862e+308, 1.7340e+00, 2.6168e-02, 
 2DIAGNOSTIC,     5, -4.786647485433e-01, 1.797693134862e+308, 1.7607e+00, 2.6675e-02, 
 2DIAGNOSTIC,     6, -4.788099932961e-01, 1.797693134862e+308, 1.7869e+00, 2.6186e-02, 
 2DIAGNOSTIC,     7, -4.794645847218e-01, 1.797693134862e+308, 1.8138e+00, 2.6925e-02, 
 2DIAGNOSTIC,     8, -4.813619171750e-01, 1.797693134862e+308, 1.8510e+00, 3.7226e-02, 
 2DIAGNOSTIC,     9, -4.817935635328e-01, 1.797693134862e+308, 1.8814e+00, 3.0400e-02, 
 2DIAGNOSTIC,    10, -4.822647496897e-01, 5.583367504632e-04, 1.9086e+00, 2.7203e-02, 
 2DIAGNOSTIC,    11, -4.831344909908e-01, 6.366384574719e-04, 1.9391e+00, 3.0463e-02, 
 2DIAGNOSTIC,    12, -4.835768992577e-01, 6.653898034786e-04, 1.9828e+00, 4.3739e-02, 
 2DIAGNOSTIC,    13, -4.835677565323e-01, 6.290342968960e-04, 2.0161e+00, 3.3252e-02, 
 2DIAGNOSTIC,    14, -4.835733047840e-01, 5.452729207823e-04, 2.0525e+00, 3.6442e-02, 
 2DIAGNOSTIC,    15, -4.835701547251e-01, 4.305772095949e-04, 2.0828e+00, 3.0302e-02, 
 2DIAGNOSTIC,    16, -4.835566913005e-01, 2.956272804076e-04, 2.1125e+00, 2.9639e-02, 
 2DIAGNOSTIC,    17, -4.835523104087e-01, 1.703980275187e-04, 2.1424e+00, 2.9906e-02, 
 2DIAGNOSTIC,    18, -4.835483887833e-01, 1.058854945988e-04, 2.1702e+00, 2.7871e-02, 
 2DIAGNOSTIC,    19, -4.835469915472e-01, 5.203914176451e-05, 2.1970e+00, 2.6821e-02, 
 2DIAGNOSTIC,    20, -4.835401827380e-01, 1.204163307826e-05, 2.2267e+00, 2.9658e-02, 
DIAGNOSTIC,Iteration,metricValue,convergenceValue,ITERATION_TIME_INDEX,SINCE_LAST
 2DIAGNOSTIC,     1, -4.161561167872e-01, 1.797693134862e+308, 3.3408e+00, 1.1141e+00, 
 2DIAGNOSTIC,     2, -4.161756893438e-01, 1.797693134862e+308, 3.6890e+00, 3.4825e-01, 
 2DIAGNOSTIC,     3, -4.161696114508e-01, 1.797693134862e+308, 3.9912e+00, 3.0217e-01, 
 2DIAGNOSTIC,     4, -4.161681503552e-01, 1.797693134862e+308, 4.3799e+00, 3.8873e-01, 
 2DIAGNOSTIC,     5, -4.161678896601e-01, 1.797693134862e+308, 4.6423e+00, 2.6239e-01, 
 2DIAGNOSTIC,     6, -4.161669123584e-01, 1.797693134862e+308, 4.8863e+00, 2.4395e-01, 
 2DIAGNOSTIC,     7, -4.161667485642e-01, 1.797693134862e+308, 5.1652e+00, 2.7891e-01, 
 2DIAGNOSTIC,     8, -4.161656816014e-01, 1.797693134862e+308, 5.3854e+00, 2.2024e-01, 
 2DIAGNOSTIC,     9, -4.161650043537e-01, 1.797693134862e+308, 5.6314e+00, 2.4593e-01, 
 2DIAGNOSTIC,    10, -4.161655463813e-01, 2.943366598576e-06, 5.9083e+00, 2.7694e-01, 
 2DIAGNOSTIC,    11, -4.161636420994e-01, 1.720591492296e-06, 6.1735e+00, 2.6521e-01, 
 2DIAGNOSTIC,    12, -4.161624970808e-01, 1.867462473826e-06, 6.4174e+00, 2.4390e-01, 
 2DIAGNOSTIC,    13, -4.161615819743e-01, 1.698398061689e-06, 6.6563e+00, 2.3893e-01, 
 2DIAGNOSTIC,    14, -4.161624603293e-01, 1.592444846862e-06, 6.9074e+00, 2.5108e-01, 
 2DIAGNOSTIC,    15, -4.161620529812e-01, 1.530180435000e-06, 7.1775e+00, 2.7011e-01, 
 2DIAGNOSTIC,    16, -4.161603835105e-01, 1.417836916054e-06, 7.3987e+00, 2.2114e-01, 
 2DIAGNOSTIC,    17, -4.161625251480e-01, 1.455414115545e-06, 7.6492e+00, 2.5053e-01, 
 2DIAGNOSTIC,    18, -4.161617349624e-01, 1.453854859085e-06, 7.8636e+00, 2.1444e-01, 
 2DIAGNOSTIC,    19, -4.161656140593e-01, 1.594928500138e-06, 8.1115e+00, 2.4791e-01, 
 2DIAGNOSTIC,    20, -4.161678254529e-01, 1.821576322947e-06, 8.4493e+00, 3.3771e-01, 
 2DIAGNOSTIC,    21, -4.161672172259e-01, 1.924327021764e-06, 8.6927e+00, 2.4348e-01, 
 2DIAGNOSTIC,    22, -4.161665846122e-01, 1.927748308789e-06, 8.9050e+00, 2.1224e-01, 
 2DIAGNOSTIC,    23, -4.161660793965e-01, 1.843028033674e-06, 9.1398e+00, 2.3487e-01, 
 2DIAGNOSTIC,    24, -4.161655365532e-01, 1.730448866005e-06, 9.3482e+00, 2.0841e-01, 
 2DIAGNOSTIC,    25, -4.161651834946e-01, 1.568353732100e-06, 9.5601e+00, 2.1180e-01, 
 2DIAGNOSTIC,    26, -4.161660037664e-01, 1.368374529631e-06, 9.8025e+00, 2.4243e-01, 
 2DIAGNOSTIC,    27, -4.161651045495e-01, 1.203105052090e-06, 1.0013e+01, 2.1098e-01, 
 2DIAGNOSTIC,    28, -4.161679884897e-01, 1.097088642876e-06, 1.0255e+01, 2.4153e-01, 
 2DIAGNOSTIC,    29, -4.161710849647e-01, 1.162831220716e-06, 1.0500e+01, 2.4525e-01, 
 2DIAGNOSTIC,    30, -4.161703640305e-01, 1.250475695248e-06, 1.0781e+01, 2.8099e-01, 
 2DIAGNOSTIC,    31, -4.161708142910e-01, 1.313167811642e-06, 1.1078e+01, 2.9632e-01, 
 2DIAGNOSTIC,    32, -4.161710089263e-01, 1.336085268706e-06, 1.1337e+01, 2.5902e-01, 
 2DIAGNOSTIC,    33, -4.161749613447e-01, 1.395595231747e-06, 1.1636e+01, 2.9949e-01, 
 2DIAGNOSTIC,    34, -4.161777487503e-01, 1.452526296925e-06, 1.1872e+01, 2.3575e-01, 
 2DIAGNOSTIC,    35, -4.161792220175e-01, 1.478601713529e-06, 1.2134e+01, 2.6254e-01, 
 2DIAGNOSTIC,    36, -4.161806859645e-01, 1.495439419501e-06, 1.2405e+01, 2.7074e-01, 
 2DIAGNOSTIC,    37, -4.161791778422e-01, 1.407680671441e-06, 1.2642e+01, 2.3671e-01, 
 2DIAGNOSTIC,    38, -4.161838486863e-01, 1.406626878277e-06, 1.2953e+01, 3.1132e-01, 
 2DIAGNOSTIC,    39, -4.161849953096e-01, 1.422742183069e-06, 1.3257e+01, 3.0406e-01, 
 2DIAGNOSTIC,    40, -4.161860914887e-01, 1.386764642713e-06, 1.3644e+01, 3.8702e-01, 
 2DIAGNOSTIC,    41, -4.161854987573e-01, 1.295749584965e-06, 1.3915e+01, 2.7106e-01, 
 2DIAGNOSTIC,    42, -4.161840259985e-01, 1.138573348214e-06, 1.4200e+01, 2.8424e-01, 
 2DIAGNOSTIC,    43, -4.161834049857e-01, 1.004201837993e-06, 1.4447e+01, 2.4756e-01, 
DIAGNOSTIC,Iteration,metricValue,convergenceValue,ITERATION_TIME_INDEX,SINCE_LAST
 2DIAGNOSTIC,     1, -3.834265912333e-01, 1.797693134862e+308, 1.6989e+01, 2.5417e+00, 
 2DIAGNOSTIC,     2, -3.834925053354e-01, 1.797693134862e+308, 1.8791e+01, 1.8027e+00, 
 2DIAGNOSTIC,     3, -3.834978116473e-01, 1.797693134862e+308, 2.0322e+01, 1.5303e+00, 
 2DIAGNOSTIC,     4, -3.835004127724e-01, 1.797693134862e+308, 2.2009e+01, 1.6869e+00, 
 2DIAGNOSTIC,     5, -3.835019582509e-01, 1.797693134862e+308, 2.3722e+01, 1.7129e+00, 
 2DIAGNOSTIC,     6, -3.835049957413e-01, 1.797693134862e+308, 2.5386e+01, 1.6645e+00, 
 2DIAGNOSTIC,     7, -3.835058343717e-01, 1.797693134862e+308, 2.7193e+01, 1.8074e+00, 
 2DIAGNOSTIC,     8, -3.835066498251e-01, 1.797693134862e+308, 2.9089e+01, 1.8957e+00, 
 2DIAGNOSTIC,     9, -3.835062955318e-01, 1.797693134862e+308, 3.0880e+01, 1.7907e+00, 
 2DIAGNOSTIC,    10, -3.835063108993e-01, 1.066660749213e-05, 3.2690e+01, 1.8103e+00, 
 2DIAGNOSTIC,    11, -3.835061571787e-01, 4.747040718456e-06, 3.4894e+01, 2.2037e+00, 
 2DIAGNOSTIC,    12, -3.835060832645e-01, 3.706200669071e-06, 3.6242e+01, 1.3479e+00, 
 2DIAGNOSTIC,    13, -3.835060190717e-01, 3.027826114763e-06, 3.7808e+01, 1.5663e+00, 
 2DIAGNOSTIC,    14, -3.835058638474e-01, 2.523467066765e-06, 3.9397e+01, 1.5889e+00, 
 2DIAGNOSTIC,    15, -3.835058006960e-01, 2.133709276139e-06, 4.1158e+01, 1.7607e+00, 
 2DIAGNOSTIC,    16, -3.835056463967e-01, 1.924177726390e-06, 4.3074e+01, 1.9160e+00, 
 2DIAGNOSTIC,    17, -3.835054775125e-01, 1.773328559544e-06, 4.4663e+01, 1.5895e+00, 
 2DIAGNOSTIC,    18, -3.835053086118e-01, 1.675385377910e-06, 4.6005e+01, 1.3418e+00, 
 2DIAGNOSTIC,    19, -3.835051448140e-01, 1.576051817956e-06, 4.7377e+01, 1.3725e+00, 
 2DIAGNOSTIC,    20, -3.835051658762e-01, 1.497295074510e-06, 4.8824e+01, 1.4469e+00, 
 2DIAGNOSTIC,    21, -3.835053779571e-01, 1.436675313632e-06, 5.0377e+01, 1.5527e+00, 
 2DIAGNOSTIC,    22, -3.835055901410e-01, 1.393331720972e-06, 5.1898e+01, 1.5207e+00, 
 2DIAGNOSTIC,    23, -3.835055251002e-01, 1.354581542226e-06, 5.3565e+01, 1.6676e+00, 
 2DIAGNOSTIC,    24, -3.835054518281e-01, 1.314933130492e-06, 5.5206e+01, 1.6409e+00, 
 2DIAGNOSTIC,    25, -3.835053813421e-01, 1.275595341049e-06, 5.6832e+01, 1.6258e+00, 
 2DIAGNOSTIC,    26, -3.835053141615e-01, 1.232550095237e-06, 5.8226e+01, 1.3940e+00, 
 2DIAGNOSTIC,    27, -3.835053494674e-01, 1.188143193713e-06, 5.9624e+01, 1.3978e+00, 
 2DIAGNOSTIC,    28, -3.835054089352e-01, 1.143229099769e-06, 6.1155e+01, 1.5312e+00, 
 2DIAGNOSTIC,    29, -3.835055814677e-01, 1.101082729833e-06, 6.2590e+01, 1.4353e+00, 
 2DIAGNOSTIC,    30, -3.835053714640e-01, 1.056523028141e-06, 6.4668e+01, 2.0774e+00, 
 2DIAGNOSTIC,    31, -3.835053052287e-01, 1.018740041263e-06, 6.6466e+01, 1.7979e+00, 
  Elapsed time (stage 0): 6.7266e+01


Total elapsed time: 6.7269e+01
Info [verificarlo]: loaded backend libinterflop_vprec.so
Info [interflop-vprec]: load backend with: 
Info [interflop-vprec]: precision-binary32 = 23
Info [interflop-vprec]: range-binary32 = 8
Info [interflop-vprec]: precision-binary64 = 23
Info [interflop-vprec]: range-binary64 = 8
Info [interflop-vprec]: mode = ob
Info [interflop-vprec]: error-mode = rel
Info [interflop-vprec]: max-abs-error-exponent = -1022
Info [interflop-vprec]: daz = false
Info [interflop-vprec]: ftz = false
Info [interflop-vprec]: 	instrument = none
Info [interflop-vprec]: 	prec-input-file = (null)
Info [interflop-vprec]: 	prec-output-file = (null)
Info [interflop-vprec]: 	prec-log-file = (null)
All_Command_lines_OK
Using double precision for computations.
=============================================================================
The composite transform comprises the following transforms (in order): 
  1. /home/mdugre/scratch/mri-registration-rp/datasets/ds004513/derivatives/mri-registration-rp/0011/antsRegistration-r8-p23/sub-s017/rigid_Composite.h5[0] (type = Euler3DTransform)
  2. /home/mdugre/scratch/mri-registration-rp/datasets/ds004513/derivatives/mri-registration-rp/0011/antsRegistration-r8-p23/sub-s017/rigid_Composite.h5[1] (type = Euler3DTransform)
  3. /home/mdugre/scratch/mri-registration-rp/datasets/ds004513/derivatives/mri-registration-rp/0011/antsRegistration-r8-p23/sub-s017/rigid_Composite.h5[2] (type = Euler3DTransform)
=============================================================================
  number of levels = 4
  fixed image: /templateflow/tpl-MNI152NLin2009cAsym/tpl-MNI152NLin2009cAsym_res-01_desc-brain_T1w.nii.gz
  moving image: /home/mdugre/scratch/mri-registration-rp/datasets/ds004513/derivatives/mri-registration-rp/antsBrainExtraction/sub-s017/BrainExtractionBrain.nii.gz
Dimension = 3
Number of stages = 1
Use histogram matching = false
Winsorize image intensities = true
  Lower quantile = 0.005
  Upper quantile = 0.995


Stage 1 State
   Image metric = MattesMI
     Fixed image = Image (0x38af490)
  RTTI typeinfo:   itk::Image<double, 3u>
  Reference Count: 2
  Modified Time: 1594
  Debug: Off
  Object Name: 
  Observers: 
    none
  Source: (none)
  Source output name: (none)
  Release Data: Off
  Data Released: False
  Global Release Data: Off
  PipelineMTime: 0
  UpdateMTime: 1203
  RealTimeStamp: 0 seconds 
  LargestPossibleRegion: 
    Dimension: 3
    Index: [0, 0, 0]
    Size: [193, 229, 193]
  BufferedRegion: 
    Dimension: 3
    Index: [0, 0, 0]
    Size: [193, 229, 193]
  RequestedRegion: 
    Dimension: 3
    Index: [0, 0, 0]
    Size: [193, 229, 193]
  Spacing: [1, 1, 1]
  Origin: [96, 132, -78]
  Direction: 
-1 0 0
0 -1 0
0 0 1

  IndexToPointMatrix: 
-1 0 0
0 -1 0
0 0 1

  PointToIndexMatrix: 
-1 0 0
0 -1 0
0 0 1

  Inverse Direction: 
-1 0 0
0 -1 0
0 0 1

  PixelContainer: 
    ImportImageContainer (0x397a8c0)
      RTTI typeinfo:   itk::ImportImageContainer<unsigned long, double>
      Reference Count: 1
      Modified Time: 1200
      Debug: Off
      Object Name: 
      Observers: 
        none
      Pointer: 0x15338d3ad010
      Container manages memory: true
      Size: 8530021
      Capacity: 8530021

     Moving image = Image (0x396ab60)
  RTTI typeinfo:   itk::Image<double, 3u>
  Reference Count: 2
  Modified Time: 1595
  Debug: Off
  Object Name: 
  Observers: 
    none
  Source: (none)
  Source output name: (none)
  Release Data: Off
  Data Released: False
  Global Release Data: Off
  PipelineMTime: 0
  UpdateMTime: 1592
  RealTimeStamp: 0 seconds 
  LargestPossibleRegion: 
    Dimension: 3
    Index: [0, 0, 0]
    Size: [160, 240, 256]
  BufferedRegion: 
    Dimension: 3
    Index: [0, 0, 0]
    Size: [160, 240, 256]
  RequestedRegion: 
    Dimension: 3
    Index: [0, 0, 0]
    Size: [160, 240, 256]
  Spacing: [1, 1, 1]
  Origin: [91.3357, 102.231, -120.042]
  Direction: 
-0.997442 -5.36781e-05 -0.0714818
5.35416e-05 -1 3.82465e-06
-0.0714818 -1.23894e-08 0.997442

  IndexToPointMatrix: 
-0.997444 -5.36781e-05 -0.0714818
5.35418e-05 -1 3.82465e-06
-0.0714819 -1.23894e-08 0.997442

  PointToIndexMatrix: 
-0.99744 5.35415e-05 -0.0714816
-5.3678e-05 -1 -1.35915e-08
-0.0714818 3.82343e-06 0.997442

  Inverse Direction: 
-0.997442 5.35416e-05 -0.0714818
-5.3678e-05 -1 -1.35915e-08
-0.0714818 3.82343e-06 0.997442

  PixelContainer: 
    ImportImageContainer (0x39fe1d0)
      RTTI typeinfo:   itk::ImportImageContainer<unsigned long, double>
      Reference Count: 1
      Modified Time: 1589
      Debug: Off
      Object Name: 
      Observers: 
        none
      Pointer: 0x1533888ac010
      Container manages memory: true
      Size: 9830400
      Capacity: 9830400

     Weighting = 1
     Sampling strategy = regular
     Number of bins = 32
     Radius = 4
     Sampling percentage  = 0.25
   Transform = Affine
     Gradient step = 0.1
     Update field sigma (voxel space) = 0
     Total field sigma (voxel space) = 0
     Update field time sigma = 0
     Total field time sigma  = 0
     Number of time indices = 0
     Number of time point samples = 0
Registration using 1 total stages.

Stage 0
  iterations = 1000x500x250x100
  convergence threshold = 1e-06
  convergence window size = 10
  number of levels = 4
  using the Mattes MI metric (number of bins = 32, weight = 1, use gradient filter = 0)
  preprocessing:  winsorizing the image intensities
  Shrink factors (level 1 out of 4): [8, 8, 8]
  Shrink factors (level 2 out of 4): [4, 4, 4]
  Shrink factors (level 3 out of 4): [2, 2, 2]
  Shrink factors (level 4 out of 4): [1, 1, 1]
  smoothing sigmas per level: [3, 2, 1, 0]
  regular sampling (percentage = 0.25)

*** Running AffineTransform registration ***

DIAGNOSTIC,Iteration,metricValue,convergenceValue,ITERATION_TIME_INDEX,SINCE_LAST
 2DIAGNOSTIC,     1, -5.806289261962e-01, 1.797693134862e+308, 0.0000e+00, 0.0000e+00, 
 2DIAGNOSTIC,     2, -5.832410129041e-01, 1.797693134862e+308, 0.0000e+00, 0.0000e+00, 
 2DIAGNOSTIC,     3, -5.883935850244e-01, 1.797693134862e+308, 0.0000e+00, 0.0000e+00, 
 2DIAGNOSTIC,     4, -5.973624653218e-01, 1.797693134862e+308, 0.0000e+00, 0.0000e+00, 
 2DIAGNOSTIC,     5, -6.166443959693e-01, 1.797693134862e+308, 0.0000e+00, 0.0000e+00, 
 2DIAGNOSTIC,     6, -6.406569229214e-01, 1.797693134862e+308, 0.0000e+00, 0.0000e+00, 
 2DIAGNOSTIC,     7, -7.009840036047e-01, 1.797693134862e+308, 0.0000e+00, 0.0000e+00, 
 2DIAGNOSTIC,     8, -7.630530806648e-01, 1.797693134862e+308, 0.0000e+00, 0.0000e+00, 
 2DIAGNOSTIC,     9, -8.423439995876e-01, 1.797693134862e+308, 0.0000e+00, 0.0000e+00, 
 2DIAGNOSTIC,    10, -8.569859388365e-01, 2.845147267390e-02, 0.0000e+00, 0.0000e+00, 
 2DIAGNOSTIC,    11, -8.702113658656e-01, 2.871754871150e-02, 0.0000e+00, 0.0000e+00, 
 2DIAGNOSTIC,    12, -8.814851900955e-01, 2.683666794036e-02, 0.0000e+00, 0.0000e+00, 
 2DIAGNOSTIC,    13, -8.822568762884e-01, 2.307274907448e-02, 0.0000e+00, 0.0000e+00, 
 2DIAGNOSTIC,    14, -8.836110020653e-01, 1.815836089290e-02, 0.0000e+00, 0.0000e+00, 
 2DIAGNOSTIC,    15, -8.851532122793e-01, 1.292947739253e-02, 0.0000e+00, 0.0000e+00, 
 2DIAGNOSTIC,    16, -8.870655918384e-01, 7.905854278520e-03, 0.0000e+00, 0.0000e+00, 
 2DIAGNOSTIC,    17, -8.886917514430e-01, 4.191455475456e-03, 0.0000e+00, 0.0000e+00, 
 2DIAGNOSTIC,    18, -8.889626944096e-01, 1.811222064951e-03, 0.0000e+00, 0.0000e+00, 
 2DIAGNOSTIC,    19, -8.890898738726e-01, 1.083490473802e-03, 0.0000e+00, 0.0000e+00, 
 2DIAGNOSTIC,    20, -8.890317392567e-01, 5.998612671534e-04, 0.0000e+00, 0.0000e+00, 
 2DIAGNOSTIC,    21, -8.887417699741e-01, 3.300805841077e-04, 0.0000e+00, 0.0000e+00, 
 2DIAGNOSTIC,    22, -8.888327725051e-01, 2.429855340819e-04, 0.0000e+00, 0.0000e+00, 
 2DIAGNOSTIC,    23, -8.885483881626e-01, 1.493634276956e-04, 0.0000e+00, 0.0000e+00, 
 2DIAGNOSTIC,    24, -8.886279533259e-01, 7.198856275144e-05, 0.0000e+00, 0.0000e+00, 
 2DIAGNOSTIC,    25, -8.885403685324e-01, 1.501359587685e-05, 0.0000e+00, 0.0000e+00, 
DIAGNOSTIC,Iteration,metricValue,convergenceValue,ITERATION_TIME_INDEX,SINCE_LAST
 2DIAGNOSTIC,     1, -7.469443266266e-01, 1.797693134862e+308, 0.0000e+00, 0.0000e+00, 
 2DIAGNOSTIC,     2, -7.476096071345e-01, 1.797693134862e+308, 0.0000e+00, 0.0000e+00, 
 2DIAGNOSTIC,     3, -7.481671990121e-01, 1.797693134862e+308, 0.0000e+00, 0.0000e+00, 
 2DIAGNOSTIC,     4, -7.485831995581e-01, 1.797693134862e+308, 0.0000e+00, 0.0000e+00, 
 2DIAGNOSTIC,     5, -7.488517918865e-01, 1.797693134862e+308, 0.0000e+00, 0.0000e+00, 
 2DIAGNOSTIC,     6, -7.493106312225e-01, 1.797693134862e+308, 0.0000e+00, 0.0000e+00, 
 2DIAGNOSTIC,     7, -7.495530427167e-01, 1.797693134862e+308, 0.0000e+00, 0.0000e+00, 
 2DIAGNOSTIC,     8, -7.499290974133e-01, 1.797693134862e+308, 0.0000e+00, 0.0000e+00, 
 2DIAGNOSTIC,     9, -7.503234028198e-01, 1.797693134862e+308, 0.0000e+00, 0.0000e+00, 
 2DIAGNOSTIC,    10, -7.503727956871e-01, 2.902466861076e-04, 0.0000e+00, 0.0000e+00, 
 2DIAGNOSTIC,    11, -7.504567781170e-01, 2.284235257228e-04, 0.0000e+00, 0.0000e+00, 
 2DIAGNOSTIC,    12, -7.505411945599e-01, 1.801094251917e-04, 0.0000e+00, 0.0000e+00, 
 2DIAGNOSTIC,    13, -7.505703255483e-01, 1.400302230233e-04, 0.0000e+00, 0.0000e+00, 
 2DIAGNOSTIC,    14, -7.505911148630e-01, 1.048896186473e-04, 0.0000e+00, 0.0000e+00, 
 2DIAGNOSTIC,    15, -7.505851715514e-01, 7.157243688684e-05, 0.0000e+00, 0.0000e+00, 
 2DIAGNOSTIC,    16, -7.505877652381e-01, 4.706349245592e-05, 0.0000e+00, 0.0000e+00, 
 2DIAGNOSTIC,    17, -7.505743855339e-01, 2.624705534290e-05, 0.0000e+00, 0.0000e+00, 
 2DIAGNOSTIC,    18, -7.505464849400e-01, 1.261884994666e-05, 0.0000e+00, 0.0000e+00, 
 2DIAGNOSTIC,    19, -7.505332147025e-01, 7.048140720320e-06, 0.0000e+00, 0.0000e+00, 
 2DIAGNOSTIC,    20, -7.505341580288e-01, 2.469522853342e-06, 0.0000e+00, 0.0000e+00, 
DIAGNOSTIC,Iteration,metricValue,convergenceValue,ITERATION_TIME_INDEX,SINCE_LAST
 2DIAGNOSTIC,     1, -6.293687643970e-01, 1.797693134862e+308, 0.0000e+00, 0.0000e+00, 
 2DIAGNOSTIC,     2, -6.299223377220e-01, 1.797693134862e+308, 0.0000e+00, 0.0000e+00, 
 2DIAGNOSTIC,     3, -6.305190649409e-01, 1.797693134862e+308, 0.0000e+00, 0.0000e+00, 
 2DIAGNOSTIC,     4, -6.311349507697e-01, 1.797693134862e+308, 0.0000e+00, 0.0000e+00, 
 2DIAGNOSTIC,     5, -6.320974861709e-01, 1.797693134862e+308, 0.0000e+00, 0.0000e+00, 
 2DIAGNOSTIC,     6, -6.331631677968e-01, 1.797693134862e+308, 0.0000e+00, 0.0000e+00, 
 2DIAGNOSTIC,     7, -6.331537086107e-01, 1.797693134862e+308, 0.0000e+00, 0.0000e+00, 
 2DIAGNOSTIC,     8, -6.331466267171e-01, 1.797693134862e+308, 0.0000e+00, 0.0000e+00, 
 2DIAGNOSTIC,     9, -6.331497967780e-01, 1.797693134862e+308, 0.0000e+00, 0.0000e+00, 
 2DIAGNOSTIC,    10, -6.331479642559e-01, 4.332715765573e-04, 0.0000e+00, 0.0000e+00, 
 2DIAGNOSTIC,    11, -6.331458159051e-01, 3.063611140458e-04, 0.0000e+00, 0.0000e+00, 
 2DIAGNOSTIC,    12, -6.331439032407e-01, 1.941880621396e-04, 0.0000e+00, 0.0000e+00, 
 2DIAGNOSTIC,    13, -6.331431214384e-01, 1.030135520504e-04, 0.0000e+00, 0.0000e+00, 
 2DIAGNOSTIC,    14, -6.331430450012e-01, 3.504218007501e-05, 0.0000e+00, 0.0000e+00, 
 2DIAGNOSTIC,    15, -6.331415431075e-01, 1.029543143072e-06, 0.0000e+00, 0.0000e+00, 
 2DIAGNOSTIC,    16, -6.331392525097e-01, 1.254222862734e-06, 0.0000e+00, 0.0000e+00, 
 2DIAGNOSTIC,    17, -6.331397096780e-01, 1.290199985786e-06, 0.0000e+00, 0.0000e+00, 
 2DIAGNOSTIC,    18, -6.331387510050e-01, 1.170499169159e-06, 0.0000e+00, 0.0000e+00, 
 2DIAGNOSTIC,    19, -6.331352167657e-01, 1.110298346665e-06, 0.0000e+00, 0.0000e+00, 
DIAGNOSTIC,Iteration,metricValue,convergenceValue,ITERATION_TIME_INDEX,SINCE_LAST
 2DIAGNOSTIC,     1, -5.647300581259e-01, 1.797693134862e+308, 1.2800e+02, 1.2800e+02, 
 2DIAGNOSTIC,     2, -5.649575249354e-01, 1.797693134862e+308, 1.2800e+02, 0.0000e+00, 
 2DIAGNOSTIC,     3, -5.651433428470e-01, 1.797693134862e+308, 1.2800e+02, 0.0000e+00, 
 2DIAGNOSTIC,     4, -5.653407038879e-01, 1.797693134862e+308, 1.2800e+02, 0.0000e+00, 
 2DIAGNOSTIC,     5, -5.653732569439e-01, 1.797693134862e+308, 1.2800e+02, 0.0000e+00, 
 2DIAGNOSTIC,     6, -5.653789736775e-01, 1.797693134862e+308, 1.2800e+02, 0.0000e+00, 
 2DIAGNOSTIC,     7, -5.653790224744e-01, 1.797693134862e+308, 1.2800e+02, 0.0000e+00, 
 2DIAGNOSTIC,     8, -5.653791411036e-01, 1.797693134862e+308, 1.2800e+02, 0.0000e+00, 
 2DIAGNOSTIC,     9, -5.653786886818e-01, 1.797693134862e+308, 1.2800e+02, 0.0000e+00, 
 2DIAGNOSTIC,    10, -5.653786222744e-01, 6.356333082826e-05, 1.2800e+02, 0.0000e+00, 
 2DIAGNOSTIC,    11, -5.653784988596e-01, 3.287402724661e-05, 1.2800e+02, 0.0000e+00, 
 2DIAGNOSTIC,    12, -5.653783658651e-01, 1.403502477071e-05, 1.2800e+02, 0.0000e+00, 
 2DIAGNOSTIC,    13, -5.653782390432e-01, 4.048644370383e-06, 1.2800e+02, 0.0000e+00, 
 2DIAGNOSTIC,    14, -5.653779982722e-01, 2.392033870854e-06, 1.2800e+02, 0.0000e+00, 
 2DIAGNOSTIC,    15, -5.653778774094e-01, 2.027298920973e-06, 2.5600e+02, 1.2800e+02, 
 2DIAGNOSTIC,    16, -5.653778917258e-01, 1.896651291897e-06, 2.5600e+02, 0.0000e+00, 
 2DIAGNOSTIC,    17, -5.653776097792e-01, 1.782558068632e-06, 2.5600e+02, 0.0000e+00, 
 2DIAGNOSTIC,    18, -5.653774764896e-01, 1.689502330982e-06, 2.5600e+02, 0.0000e+00, 
 2DIAGNOSTIC,    19, -5.653774917424e-01, 1.602001330224e-06, 2.5600e+02, 0.0000e+00, 
 2DIAGNOSTIC,    20, -5.653775133320e-01, 1.528756186690e-06, 2.5600e+02, 0.0000e+00, 
 2DIAGNOSTIC,    21, -5.653773824687e-01, 1.462097981110e-06, 2.5600e+02, 0.0000e+00, 
 2DIAGNOSTIC,    22, -5.653774475982e-01, 1.405069771150e-06, 2.5600e+02, 0.0000e+00, 
 2DIAGNOSTIC,    23, -5.653772037970e-01, 1.348862999913e-06, 2.5600e+02, 0.0000e+00, 
 2DIAGNOSTIC,    24, -5.653773226413e-01, 1.298104480699e-06, 2.5600e+02, 0.0000e+00, 
 2DIAGNOSTIC,    25, -5.653773079360e-01, 1.251032437997e-06, 2.5600e+02, 0.0000e+00, 
 2DIAGNOSTIC,    26, -5.653771806481e-01, 1.207543392397e-06, 2.5600e+02, 0.0000e+00, 
 2DIAGNOSTIC,    27, -5.653772058095e-01, 1.164191727750e-06, 2.5600e+02, 0.0000e+00, 
 2DIAGNOSTIC,    28, -5.653770623027e-01, 1.120268074056e-06, 2.5600e+02, 0.0000e+00, 
 2DIAGNOSTIC,    29, -5.653770711733e-01, 1.081296153962e-06, 3.8400e+02, 1.2800e+02, 
 2DIAGNOSTIC,    30, -5.653769257146e-01, 1.044317899594e-06, 3.8400e+02, 0.0000e+00, 
 2DIAGNOSTIC,    31, -5.653767813012e-01, 1.006803922309e-06, 3.8400e+02, 0.0000e+00, 
  Elapsed time (stage 0): 3.8400e+02


Total elapsed time: 3.8400e+02
Info [verificarlo]: loaded backend libinterflop_vprec.so
Info [interflop-vprec]: load backend with: 
Info [interflop-vprec]: precision-binary32 = 23
Info [interflop-vprec]: range-binary32 = 8
Info [interflop-vprec]: precision-binary64 = 23
Info [interflop-vprec]: range-binary64 = 8
Info [interflop-vprec]: mode = ob
Info [interflop-vprec]: error-mode = rel
Info [interflop-vprec]: max-abs-error-exponent = -1022
Info [interflop-vprec]: daz = false
Info [interflop-vprec]: ftz = false
Info [interflop-vprec]: 	instrument = none
Info [interflop-vprec]: 	prec-input-file = (null)
Info [interflop-vprec]: 	prec-output-file = (null)
Info [interflop-vprec]: 	prec-log-file = (null)
All_Command_lines_OK
Using double precision for computations.
=============================================================================
The composite transform comprises the following transforms (in order): 
  1. /home/mdugre/scratch/mri-registration-rp/datasets/ds004513/derivatives/mri-registration-rp/0011/antsRegistration-r8-p23/sub-s017/affine_Composite.h5[0] (type = Euler3DTransform)
  2. /home/mdugre/scratch/mri-registration-rp/datasets/ds004513/derivatives/mri-registration-rp/0011/antsRegistration-r8-p23/sub-s017/affine_Composite.h5[1] (type = Euler3DTransform)
  3. /home/mdugre/scratch/mri-registration-rp/datasets/ds004513/derivatives/mri-registration-rp/0011/antsRegistration-r8-p23/sub-s017/affine_Composite.h5[2] (type = Euler3DTransform)
  4. /home/mdugre/scratch/mri-registration-rp/datasets/ds004513/derivatives/mri-registration-rp/0011/antsRegistration-r8-p23/sub-s017/affine_Composite.h5[3] (type = AffineTransform)
=============================================================================
  number of levels = 4
  fixed image: /templateflow/tpl-MNI152NLin2009cAsym/tpl-MNI152NLin2009cAsym_res-01_desc-brain_T1w.nii.gz
  moving image: /home/mdugre/scratch/mri-registration-rp/datasets/ds004513/derivatives/mri-registration-rp/antsBrainExtraction/sub-s017/BrainExtractionBrain.nii.gz
Dimension = 3
