
##########################
# Experiment information #
##########################

EXPERIMENT_NAME: antsRegistration-r8-p18
VFC_BACKENDS: libinterflop_vprec.so --range-binary32=8 --precision-binary32=18 --range-binary64=8 --precision-binary64=18

SIF_IMG: /home/mdugre/projects/rrg-glatard/mdugre/containers/ants-vprec-no_metrics.simg

SUBJECT_ID: s014
INPUT_IMG: /home/mdugre/scratch/mri-registration-rp/datasets/ds004513/derivatives/mri-registration-rp/antsBrainExtraction/sub-s014/BrainExtractionBrain.nii.gz
OUTPUT_DIR: /home/mdugre/scratch/mri-registration-rp/datasets/ds004513/derivatives/mri-registration-rp/0011/antsRegistration-r8-p18/sub-s014

FIXED_IMG: /templateflow/tpl-MNI152NLin2009cAsym/tpl-MNI152NLin2009cAsym_res-01_desc-brain_T1w.nii.gz
DATA_DIR: /home/mdugre/scratch/mri-registration-rp/datasets/ds004513
TEMPLATEFLOW_DIR: /home/mdugre/projects/rrg-glatard/mdugre/templateflow
ITK_GLOBAL_DEFAULT_NUMBER_OF_THREADS: 16
##########################

Info [verificarlo]: loaded backend libinterflop_ieee.so
Info [interflop-ieee]: load backend with:
Info [interflop-ieee]: debug = false
Info [interflop-ieee]: debug-binary = false
Info [interflop-ieee]: no-backend-name = false
Info [interflop-ieee]: print-new-line = false
Info [interflop-ieee]: print-subnormal-normalized = false
Info [interflop-ieee]: count-op = false
All_Command_lines_OK
Using double precision for computations.
=============================================================================
The composite transform comprises the following transforms (in order): 
  1. Center of mass alignment using fixed image: /templateflow/tpl-MNI152NLin2009cAsym/tpl-MNI152NLin2009cAsym_res-01_desc-brain_T1w.nii.gz and moving image: /home/mdugre/scratch/mri-registration-rp/datasets/ds004513/derivatives/mri-registration-rp/antsBrainExtraction/sub-s014/BrainExtractionBrain.nii.gz (type = Euler3DTransform)
=============================================================================
  number of levels = 1
  fixed image: /templateflow/tpl-MNI152NLin2009cAsym/tpl-MNI152NLin2009cAsym_res-01_desc-brain_T1w.nii.gz
  moving image: /home/mdugre/scratch/mri-registration-rp/datasets/ds004513/derivatives/mri-registration-rp/antsBrainExtraction/sub-s014/BrainExtractionBrain.nii.gz
Dimension = 3
Number of stages = 1
Use histogram matching = false
Winsorize image intensities = true
  Lower quantile = 0.005
  Upper quantile = 0.995


Stage 1 State
   Image metric = MattesMI
     Fixed image = Image (0x3f53e70)
  RTTI typeinfo:   itk::Image<double, 3u>
  Reference Count: 2
  Modified Time: 2334
  Debug: Off
  Object Name: 
  Observers: 
    none
  Source: (none)
  Source output name: (none)
  Release Data: Off
  Data Released: False
  Global Release Data: Off
  PipelineMTime: 0
  UpdateMTime: 1943
  RealTimeStamp: 0 seconds 
  LargestPossibleRegion: 
    Dimension: 3
    Index: [0, 0, 0]
    Size: [193, 229, 193]
  BufferedRegion: 
    Dimension: 3
    Index: [0, 0, 0]
    Size: [193, 229, 193]
  RequestedRegion: 
    Dimension: 3
    Index: [0, 0, 0]
    Size: [193, 229, 193]
  Spacing: [1, 1, 1]
  Origin: [96, 132, -78]
  Direction: 
-1 0 0
0 -1 0
0 0 1

  IndexToPointMatrix: 
-1 0 0
0 -1 0
0 0 1

  PointToIndexMatrix: 
-1 0 0
0 -1 0
0 0 1

  Inverse Direction: 
-1 0 0
0 -1 0
0 0 1

  PixelContainer: 
    ImportImageContainer (0x3f60140)
      RTTI typeinfo:   itk::ImportImageContainer<unsigned long, double>
      Reference Count: 1
      Modified Time: 1940
      Debug: Off
      Object Name: 
      Observers: 
        none
      Pointer: 0x14f5cc39a010
      Container manages memory: true
      Size: 8530021
      Capacity: 8530021

     Moving image = Image (0x3f5d310)
  RTTI typeinfo:   itk::Image<double, 3u>
  Reference Count: 2
  Modified Time: 2335
  Debug: Off
  Object Name: 
  Observers: 
    none
  Source: (none)
  Source output name: (none)
  Release Data: Off
  Data Released: False
  Global Release Data: Off
  PipelineMTime: 0
  UpdateMTime: 2332
  RealTimeStamp: 0 seconds 
  LargestPossibleRegion: 
    Dimension: 3
    Index: [0, 0, 0]
    Size: [160, 240, 256]
  BufferedRegion: 
    Dimension: 3
    Index: [0, 0, 0]
    Size: [160, 240, 256]
  RequestedRegion: 
    Dimension: 3
    Index: [0, 0, 0]
    Size: [160, 240, 256]
  Spacing: [0.999999, 1, 1]
  Origin: [84.1637, 106.709, -120.531]
  Direction: 
-0.999619 -0.0226874 -0.0157033
0.0226846 -0.999743 0.00035635
-0.0157073 -7.8229e-09 0.999877

  IndexToPointMatrix: 
-0.999619 -0.0226874 -0.0157033
0.0226845 -0.999743 0.00035635
-0.0157073 -7.8229e-09 0.999877

  PointToIndexMatrix: 
-0.99962 0.0226846 -0.0157073
-0.0226874 -0.999743 -7.83127e-09
-0.0157033 0.00035635 0.999877

  Inverse Direction: 
-0.999619 0.0226846 -0.0157073
-0.0226874 -0.999743 -7.83127e-09
-0.0157033 0.00035635 0.999877

  PixelContainer: 
    ImportImageContainer (0x4088610)
      RTTI typeinfo:   itk::ImportImageContainer<unsigned long, double>
      Reference Count: 1
      Modified Time: 2329
      Debug: Off
      Object Name: 
      Observers: 
        none
      Pointer: 0x14f5c7899010
      Container manages memory: true
      Size: 9830400
      Capacity: 9830400

     Weighting = 1
     Sampling strategy = regular
     Number of bins = 32
     Radius = 4
     Sampling percentage  = 0.25
   Transform = Rigid
     Gradient step = 0.1
     Update field sigma (voxel space) = 0
     Total field sigma (voxel space) = 0
     Update field time sigma = 0
     Total field time sigma  = 0
     Number of time indices = 0
     Number of time point samples = 0
Registration using 1 total stages.

Stage 0
  iterations = 0
  convergence threshold = 1e-06
  convergence window size = 10
  number of levels = 1
  using the Mattes MI metric (number of bins = 32, weight = 1, use gradient filter = 0)
  preprocessing:  winsorizing the image intensities
  Shrink factors (level 1 out of 1): [1, 1, 1]
  smoothing sigmas per level: [0]
  regular sampling (percentage = 0.25)

*** Running Euler3DTransform registration ***

  Elapsed time (stage 0): 1.11512


Total elapsed time: 1.11746
Info [verificarlo]: loaded backend libinterflop_ieee.so
Info [interflop-ieee]: load backend with:
Info [interflop-ieee]: debug = false
Info [interflop-ieee]: debug-binary = false
Info [interflop-ieee]: no-backend-name = false
Info [interflop-ieee]: print-new-line = false
Info [interflop-ieee]: print-subnormal-normalized = false
Info [interflop-ieee]: count-op = false
All_Command_lines_OK
Using double precision for computations.
=============================================================================
The composite transform comprises the following transforms (in order): 
  1. /home/mdugre/scratch/mri-registration-rp/datasets/ds004513/derivatives/mri-registration-rp/0011/antsRegistration-r8-p18/sub-s014/align_Composite.h5[0] (type = Euler3DTransform)
  2. /home/mdugre/scratch/mri-registration-rp/datasets/ds004513/derivatives/mri-registration-rp/0011/antsRegistration-r8-p18/sub-s014/align_Composite.h5[1] (type = Euler3DTransform)
=============================================================================
  number of levels = 4
  fixed image: /templateflow/tpl-MNI152NLin2009cAsym/tpl-MNI152NLin2009cAsym_res-01_desc-brain_T1w.nii.gz
  moving image: /home/mdugre/scratch/mri-registration-rp/datasets/ds004513/derivatives/mri-registration-rp/antsBrainExtraction/sub-s014/BrainExtractionBrain.nii.gz
Dimension = 3
Number of stages = 1
Use histogram matching = false
Winsorize image intensities = true
  Lower quantile = 0.005
  Upper quantile = 0.995


Stage 1 State
   Image metric = MattesMI
     Fixed image = Image (0x35d5530)
  RTTI typeinfo:   itk::Image<double, 3u>
  Reference Count: 2
  Modified Time: 1580
  Debug: Off
  Object Name: 
  Observers: 
    none
  Source: (none)
  Source output name: (none)
  Release Data: Off
  Data Released: False
  Global Release Data: Off
  PipelineMTime: 0
  UpdateMTime: 1189
  RealTimeStamp: 0 seconds 
  LargestPossibleRegion: 
    Dimension: 3
    Index: [0, 0, 0]
    Size: [193, 229, 193]
  BufferedRegion: 
    Dimension: 3
    Index: [0, 0, 0]
    Size: [193, 229, 193]
  RequestedRegion: 
    Dimension: 3
    Index: [0, 0, 0]
    Size: [193, 229, 193]
  Spacing: [1, 1, 1]
  Origin: [96, 132, -78]
  Direction: 
-1 0 0
0 -1 0
0 0 1

  IndexToPointMatrix: 
-1 0 0
0 -1 0
0 0 1

  PointToIndexMatrix: 
-1 0 0
0 -1 0
0 0 1

  Inverse Direction: 
-1 0 0
0 -1 0
0 0 1

  PixelContainer: 
    ImportImageContainer (0x3693d60)
      RTTI typeinfo:   itk::ImportImageContainer<unsigned long, double>
      Reference Count: 1
      Modified Time: 1186
      Debug: Off
      Object Name: 
      Observers: 
        none
      Pointer: 0x1473eaf39010
      Container manages memory: true
      Size: 8530021
      Capacity: 8530021

     Moving image = Image (0x3685f60)
  RTTI typeinfo:   itk::Image<double, 3u>
  Reference Count: 2
  Modified Time: 1581
  Debug: Off
  Object Name: 
  Observers: 
    none
  Source: (none)
  Source output name: (none)
  Release Data: Off
  Data Released: False
  Global Release Data: Off
  PipelineMTime: 0
  UpdateMTime: 1578
  RealTimeStamp: 0 seconds 
  LargestPossibleRegion: 
    Dimension: 3
    Index: [0, 0, 0]
    Size: [160, 240, 256]
  BufferedRegion: 
    Dimension: 3
    Index: [0, 0, 0]
    Size: [160, 240, 256]
  RequestedRegion: 
    Dimension: 3
    Index: [0, 0, 0]
    Size: [160, 240, 256]
  Spacing: [0.999999, 1, 1]
  Origin: [84.1637, 106.709, -120.531]
  Direction: 
-0.999619 -0.0226874 -0.0157033
0.0226846 -0.999743 0.00035635
-0.0157073 -7.8229e-09 0.999877

  IndexToPointMatrix: 
-0.999619 -0.0226874 -0.0157033
0.0226845 -0.999743 0.00035635
-0.0157073 -7.8229e-09 0.999877

  PointToIndexMatrix: 
-0.99962 0.0226846 -0.0157073
-0.0226874 -0.999743 -7.83127e-09
-0.0157033 0.00035635 0.999877

  Inverse Direction: 
-0.999619 0.0226846 -0.0157073
-0.0226874 -0.999743 -7.83127e-09
-0.0157033 0.00035635 0.999877

  PixelContainer: 
    ImportImageContainer (0x36776d0)
      RTTI typeinfo:   itk::ImportImageContainer<unsigned long, double>
      Reference Count: 1
      Modified Time: 1575
      Debug: Off
      Object Name: 
      Observers: 
        none
      Pointer: 0x1473e6438010
      Container manages memory: true
      Size: 9830400
      Capacity: 9830400

     Weighting = 1
     Sampling strategy = regular
     Number of bins = 32
     Radius = 4
     Sampling percentage  = 0.25
   Transform = Rigid
     Gradient step = 0.1
     Update field sigma (voxel space) = 0
     Total field sigma (voxel space) = 0
     Update field time sigma = 0
     Total field time sigma  = 0
     Number of time indices = 0
     Number of time point samples = 0
Registration using 1 total stages.

Stage 0
  iterations = 1000x500x250x100
  convergence threshold = 1e-06
  convergence window size = 10
  number of levels = 4
  using the Mattes MI metric (number of bins = 32, weight = 1, use gradient filter = 0)
  preprocessing:  winsorizing the image intensities
  Shrink factors (level 1 out of 4): [8, 8, 8]
  Shrink factors (level 2 out of 4): [4, 4, 4]
  Shrink factors (level 3 out of 4): [2, 2, 2]
  Shrink factors (level 4 out of 4): [1, 1, 1]
  smoothing sigmas per level: [3, 2, 1, 0]
  regular sampling (percentage = 0.25)

*** Running Euler3DTransform registration ***

DIAGNOSTIC,Iteration,metricValue,convergenceValue,ITERATION_TIME_INDEX,SINCE_LAST
 2DIAGNOSTIC,     1, -4.770821406565e-01, 1.797693134862e+308, 7.5083e-01, 7.5083e-01, 
 2DIAGNOSTIC,     2, -4.784216133942e-01, 1.797693134862e+308, 7.5592e-01, 5.0819e-03, 
 2DIAGNOSTIC,     3, -4.807043200681e-01, 1.797693134862e+308, 7.6084e-01, 4.9279e-03, 
 2DIAGNOSTIC,     4, -4.840264478065e-01, 1.797693134862e+308, 7.6576e-01, 4.9129e-03, 
 2DIAGNOSTIC,     5, -4.883050305770e-01, 1.797693134862e+308, 7.7064e-01, 4.8809e-03, 
 2DIAGNOSTIC,     6, -4.953560426371e-01, 1.797693134862e+308, 7.7617e-01, 5.5320e-03, 
 2DIAGNOSTIC,     7, -5.007350570384e-01, 1.797693134862e+308, 7.8192e-01, 5.7478e-03, 
 2DIAGNOSTIC,     8, -5.013278569503e-01, 1.797693134862e+308, 7.8677e-01, 4.8559e-03, 
 2DIAGNOSTIC,     9, -5.085255256006e-01, 1.797693134862e+308, 7.9320e-01, 6.4290e-03, 
 2DIAGNOSTIC,    10, -5.161992633656e-01, 5.125196520979e-03, 8.0026e-01, 7.0560e-03, 
 2DIAGNOSTIC,    11, -5.167072941437e-01, 4.879252931146e-03, 8.0537e-01, 5.1110e-03, 
 2DIAGNOSTIC,    12, -5.203629876260e-01, 4.481282734468e-03, 8.1096e-01, 5.5871e-03, 
 2DIAGNOSTIC,    13, -5.229718709777e-01, 3.958672533579e-03, 8.1588e-01, 4.9241e-03, 
 2DIAGNOSTIC,    14, -5.250338110830e-01, 3.368007801724e-03, 8.2150e-01, 5.6181e-03, 
 2DIAGNOSTIC,    15, -5.272078697648e-01, 2.786121483396e-03, 8.2901e-01, 7.5090e-03, 
 2DIAGNOSTIC,    16, -5.275715603978e-01, 2.284098302172e-03, 8.3418e-01, 5.1732e-03, 
 2DIAGNOSTIC,    17, -5.282507656512e-01, 1.839921123750e-03, 8.3920e-01, 5.0209e-03, 
 2DIAGNOSTIC,    18, -5.289722876066e-01, 1.313912041904e-03, 8.4472e-01, 5.5149e-03, 
 2DIAGNOSTIC,    19, -5.292207410111e-01, 9.370568707391e-04, 8.5101e-01, 6.2978e-03, 
 2DIAGNOSTIC,    20, -5.294476960672e-01, 7.341365573352e-04, 8.5663e-01, 5.6200e-03, 
 2DIAGNOSTIC,    21, -5.294955840903e-01, 4.966190831854e-04, 8.6148e-01, 4.8501e-03, 
 2DIAGNOSTIC,    22, -5.295366245031e-01, 3.281311959289e-04, 8.6720e-01, 5.7130e-03, 
 2DIAGNOSTIC,    23, -5.295376311909e-01, 2.063244245606e-04, 8.7264e-01, 5.4469e-03, 
 2DIAGNOSTIC,    24, -5.295911249027e-01, 1.234508389491e-04, 8.7813e-01, 5.4860e-03, 
 2DIAGNOSTIC,    25, -5.296271130650e-01, 8.499150549881e-05, 8.8372e-01, 5.5850e-03, 
 2DIAGNOSTIC,    26, -5.296539599384e-01, 4.983583932702e-05, 8.8887e-01, 5.1560e-03, 
 2DIAGNOSTIC,    27, -5.297704229809e-01, 2.877322815902e-05, 8.9365e-01, 4.7810e-03, 
 2DIAGNOSTIC,    28, -5.299884954865e-01, 2.504887531839e-05, 9.0089e-01, 7.2389e-03, 
 2DIAGNOSTIC,    29, -5.300854192462e-01, 2.569611952333e-05, 9.0820e-01, 7.3090e-03, 
 2DIAGNOSTIC,    30, -5.300410324622e-01, 2.732899344407e-05, 9.1422e-01, 6.0179e-03, 
 2DIAGNOSTIC,    31, -5.300376932141e-01, 2.724560548468e-05, 9.2068e-01, 6.4650e-03, 
 2DIAGNOSTIC,    32, -5.301686264233e-01, 2.763232919170e-05, 9.2660e-01, 5.9140e-03, 
 2DIAGNOSTIC,    33, -5.303926738420e-01, 2.905769097068e-05, 9.3252e-01, 5.9240e-03, 
 2DIAGNOSTIC,    34, -5.304519664601e-01, 2.945835348897e-05, 9.3854e-01, 6.0160e-03, 
 2DIAGNOSTIC,    35, -5.305073139183e-01, 2.868169329614e-05, 9.4364e-01, 5.1060e-03, 
 2DIAGNOSTIC,    36, -5.305686017148e-01, 2.670517374414e-05, 9.4880e-01, 5.1591e-03, 
 2DIAGNOSTIC,    37, -5.306602858942e-01, 2.533264913471e-05, 9.5531e-01, 6.5050e-03, 
 2DIAGNOSTIC,    38, -5.306881156231e-01, 2.512162425369e-05, 9.6034e-01, 5.0311e-03, 
 2DIAGNOSTIC,    39, -5.307317416635e-01, 2.461885298934e-05, 9.6508e-01, 4.7441e-03, 
 2DIAGNOSTIC,    40, -5.308225091354e-01, 2.257034276460e-05, 9.7159e-01, 6.5119e-03, 
 2DIAGNOSTIC,    41, -5.308460424125e-01, 1.877385526046e-05, 9.7648e-01, 4.8819e-03, 
 2DIAGNOSTIC,    42, -5.308561837321e-01, 1.520831957179e-05, 9.8133e-01, 4.8580e-03, 
 2DIAGNOSTIC,    43, -5.308777649273e-01, 1.355835177085e-05, 9.8642e-01, 5.0910e-03, 
 2DIAGNOSTIC,    44, -5.309114036110e-01, 1.190613944226e-05, 9.9144e-01, 5.0170e-03, 
 2DIAGNOSTIC,    45, -5.310262965518e-01, 1.129423566462e-05, 9.9903e-01, 7.5920e-03, 
 2DIAGNOSTIC,    46, -5.310374074445e-01, 1.049838941862e-05, 1.0038e+00, 4.7870e-03, 
 2DIAGNOSTIC,    47, -5.310434720121e-01, 9.962263449140e-06, 1.0084e+00, 4.5700e-03, 
 2DIAGNOSTIC,    48, -5.310518853633e-01, 8.989886105988e-06, 1.0133e+00, 4.8971e-03, 
 2DIAGNOSTIC,    49, -5.310584329536e-01, 7.783359501076e-06, 1.0194e+00, 6.0871e-03, 
 2DIAGNOSTIC,    50, -5.310645817646e-01, 6.973833583727e-06, 1.0257e+00, 6.3221e-03, 
 2DIAGNOSTIC,    51, -5.310656430618e-01, 5.851695600339e-06, 1.0304e+00, 4.7281e-03, 
 2DIAGNOSTIC,    52, -5.310738190002e-01, 4.481863509934e-06, 1.0356e+00, 5.1620e-03, 
 2DIAGNOSTIC,    53, -5.310768127969e-01, 3.049471521487e-06, 1.0401e+00, 4.5280e-03, 
 2DIAGNOSTIC,    54, -5.310775506016e-01, 1.750844720171e-06, 1.0447e+00, 4.5922e-03, 
 2DIAGNOSTIC,    55, -5.310817434211e-01, 1.565716413163e-06, 1.0496e+00, 4.8609e-03, 
 2DIAGNOSTIC,    56, -5.310870994121e-01, 1.452195857475e-06, 1.0547e+00, 5.1010e-03, 
 2DIAGNOSTIC,    57, -5.310885232962e-01, 1.327089154825e-06, 1.0601e+00, 5.4550e-03, 
 2DIAGNOSTIC,    58, -5.310914487850e-01, 1.238639651156e-06, 1.0653e+00, 5.2149e-03, 
 2DIAGNOSTIC,    59, -5.311015678587e-01, 1.240623596698e-06, 1.0712e+00, 5.8610e-03, 
 2DIAGNOSTIC,    60, -5.311021904297e-01, 1.235244579033e-06, 1.0761e+00, 4.8640e-03, 
 2DIAGNOSTIC,    61, -5.311059901820e-01, 1.204917779156e-06, 1.0905e+00, 1.4473e-02, 
 2DIAGNOSTIC,    62, -5.311059901659e-01, 1.182103197359e-06, 1.1055e+00, 1.4952e-02, 
 2DIAGNOSTIC,    63, -5.311059901659e-01, 1.122797857616e-06, 1.1109e+00, 5.4550e-03, 
 2DIAGNOSTIC,    64, -5.311059901659e-01, 1.011506956191e-06, 1.1167e+00, 5.7888e-03, 
DIAGNOSTIC,Iteration,metricValue,convergenceValue,ITERATION_TIME_INDEX,SINCE_LAST
 2DIAGNOSTIC,     1, -4.295258231625e-01, 1.797693134862e+308, 1.8363e+00, 7.1959e-01, 
 2DIAGNOSTIC,     2, -4.302859640432e-01, 1.797693134862e+308, 1.8673e+00, 3.0959e-02, 
 2DIAGNOSTIC,     3, -4.309651196675e-01, 1.797693134862e+308, 1.8991e+00, 3.1851e-02, 
 2DIAGNOSTIC,     4, -4.317164347764e-01, 1.797693134862e+308, 1.9307e+00, 3.1535e-02, 
 2DIAGNOSTIC,     5, -4.325561938345e-01, 1.797693134862e+308, 1.9616e+00, 3.0926e-02, 
 2DIAGNOSTIC,     6, -4.341819580779e-01, 1.797693134862e+308, 1.9931e+00, 3.1556e-02, 
 2DIAGNOSTIC,     7, -4.354327949460e-01, 1.797693134862e+308, 2.0240e+00, 3.0809e-02, 
 2DIAGNOSTIC,     8, -4.367134834400e-01, 1.797693134862e+308, 2.0588e+00, 3.4833e-02, 
 2DIAGNOSTIC,     9, -4.377076816053e-01, 1.797693134862e+308, 2.1015e+00, 4.2688e-02, 
 2DIAGNOSTIC,    10, -4.379510214291e-01, 1.375954781894e-03, 2.1322e+00, 3.0753e-02, 
 2DIAGNOSTIC,    11, -4.381306699704e-01, 1.211218579658e-03, 2.1634e+00, 3.1165e-02, 
 2DIAGNOSTIC,    12, -4.403708091237e-01, 1.128184042347e-03, 2.1997e+00, 3.6280e-02, 
 2DIAGNOSTIC,    13, -4.435986505845e-01, 1.148562288503e-03, 2.2383e+00, 3.8668e-02, 
 2DIAGNOSTIC,    14, -4.436199448054e-01, 1.094787362252e-03, 2.2708e+00, 3.2440e-02, 
 2DIAGNOSTIC,    15, -4.445052016053e-01, 1.025845787284e-03, 2.3024e+00, 3.1601e-02, 
 2DIAGNOSTIC,    16, -4.479362667103e-01, 1.077370586824e-03, 2.3446e+00, 4.2237e-02, 
 2DIAGNOSTIC,    17, -4.481475950939e-01, 1.073587586814e-03, 2.3807e+00, 3.6117e-02, 
 2DIAGNOSTIC,    18, -4.482020490307e-01, 1.018146300641e-03, 2.4162e+00, 3.5419e-02, 
 2DIAGNOSTIC,    19, -4.481966708575e-01, 9.107728218626e-04, 2.4805e+00, 6.4364e-02, 
 2DIAGNOSTIC,    20, -4.481953335802e-01, 7.394369048910e-04, 2.5120e+00, 3.1507e-02, 
 2DIAGNOSTIC,    21, -4.481954334230e-01, 5.189437707151e-04, 2.5478e+00, 3.5725e-02, 
 2DIAGNOSTIC,    22, -4.482018533918e-01, 3.337448831979e-04, 2.5826e+00, 3.4858e-02, 
 2DIAGNOSTIC,    23, -4.481921491801e-01, 2.259319922586e-04, 2.6121e+00, 2.9465e-02, 
 2DIAGNOSTIC,    24, -4.482074312936e-01, 1.077320652694e-04, 2.6442e+00, 3.2096e-02, 
 2DIAGNOSTIC,    25, -4.482144439086e-01, 9.691656977007e-06, 2.6775e+00, 3.3375e-02, 
 2DIAGNOSTIC,    26, -4.482116710121e-01, 3.273680486804e-06, 2.7097e+00, 3.2120e-02, 
 2DIAGNOSTIC,    27, -4.482088353659e-01, 2.084627761328e-06, 2.7424e+00, 3.2695e-02, 
 2DIAGNOSTIC,    28, -4.482139220055e-01, 2.274305533644e-06, 2.7719e+00, 2.9561e-02, 
 2DIAGNOSTIC,    29, -4.482420866474e-01, 2.842587405245e-06, 2.8054e+00, 3.3431e-02, 
 2DIAGNOSTIC,    30, -4.482455732801e-01, 3.232687670197e-06, 2.8385e+00, 3.3162e-02, 
 2DIAGNOSTIC,    31, -4.482405886561e-01, 3.298139275909e-06, 2.8676e+00, 2.9088e-02, 
 2DIAGNOSTIC,    32, -4.482290914986e-01, 3.068922374734e-06, 2.8968e+00, 2.9192e-02, 
 2DIAGNOSTIC,    33, -4.482261087505e-01, 2.406544621768e-06, 2.9292e+00, 3.2372e-02, 
 2DIAGNOSTIC,    34, -4.482147421329e-01, 1.704268142715e-06, 2.9615e+00, 3.2341e-02, 
 2DIAGNOSTIC,    35, -4.482170221698e-01, 1.142411468993e-06, 2.9915e+00, 2.9950e-02, 
DIAGNOSTIC,Iteration,metricValue,convergenceValue,ITERATION_TIME_INDEX,SINCE_LAST
 2DIAGNOSTIC,     1, -3.932184618915e-01, 1.797693134862e+308, 4.1576e+00, 1.1661e+00, 
 2DIAGNOSTIC,     2, -3.933350080800e-01, 1.797693134862e+308, 4.4081e+00, 2.5052e-01, 
 2DIAGNOSTIC,     3, -3.934316047575e-01, 1.797693134862e+308, 4.6636e+00, 2.5553e-01, 
 2DIAGNOSTIC,     4, -3.934445201674e-01, 1.797693134862e+308, 4.9971e+00, 3.3352e-01, 
 2DIAGNOSTIC,     5, -3.934561041400e-01, 1.797693134862e+308, 5.2839e+00, 2.8675e-01, 
 2DIAGNOSTIC,     6, -3.934557400469e-01, 1.797693134862e+308, 5.5951e+00, 3.1128e-01, 
 2DIAGNOSTIC,     7, -3.934568947920e-01, 1.797693134862e+308, 6.0474e+00, 4.5226e-01, 
 2DIAGNOSTIC,     8, -3.934560026733e-01, 1.797693134862e+308, 6.3289e+00, 2.8154e-01, 
 2DIAGNOSTIC,     9, -3.934553707448e-01, 1.797693134862e+308, 6.7714e+00, 4.4245e-01, 
 2DIAGNOSTIC,    10, -3.934548435829e-01, 2.950388578467e-05, 7.0703e+00, 2.9895e-01, 
 2DIAGNOSTIC,    11, -3.934535150864e-01, 1.251788003695e-05, 7.3487e+00, 2.7831e-01, 
 2DIAGNOSTIC,    12, -3.934529103783e-01, 4.334109127896e-06, 7.6252e+00, 2.7649e-01, 
 2DIAGNOSTIC,    13, -3.934523312346e-01, 2.580302748703e-06, 7.8795e+00, 2.5432e-01, 
 2DIAGNOSTIC,    14, -3.934518640901e-01, 1.691075627919e-06, 8.1895e+00, 3.1000e-01, 
 2DIAGNOSTIC,    15, -3.934519734432e-01, 1.537715181049e-06, 8.4677e+00, 2.7827e-01, 
 2DIAGNOSTIC,    16, -3.934513609543e-01, 1.410839910412e-06, 8.7326e+00, 2.6487e-01, 
 2DIAGNOSTIC,    17, -3.934508380255e-01, 1.380509438265e-06, 9.0197e+00, 2.8704e-01, 
 2DIAGNOSTIC,    18, -3.934502559739e-01, 1.340256742019e-06, 9.2617e+00, 2.4205e-01, 
 2DIAGNOSTIC,    19, -3.934497851736e-01, 1.301860295240e-06, 9.5374e+00, 2.7574e-01, 
 2DIAGNOSTIC,    20, -3.934499621611e-01, 1.290039226526e-06, 9.7839e+00, 2.4648e-01, 
 2DIAGNOSTIC,    21, -3.934502604908e-01, 1.271710154301e-06, 1.0063e+01, 2.7910e-01, 
 2DIAGNOSTIC,    22, -3.934498715577e-01, 1.245514090288e-06, 1.0343e+01, 2.7992e-01, 
 2DIAGNOSTIC,    23, -3.934501307209e-01, 1.231426813089e-06, 1.0625e+01, 2.8164e-01, 
 2DIAGNOSTIC,    24, -3.934495535678e-01, 1.200792285480e-06, 1.0865e+01, 2.4039e-01, 
 2DIAGNOSTIC,    25, -3.934490927594e-01, 1.174527711215e-06, 1.1110e+01, 2.4453e-01, 
 2DIAGNOSTIC,    26, -3.934495816277e-01, 1.156238070593e-06, 1.1389e+01, 2.7945e-01, 
 2DIAGNOSTIC,    27, -3.934510332876e-01, 1.170201611077e-06, 1.1696e+01, 3.0742e-01, 
 2DIAGNOSTIC,    28, -3.934498670244e-01, 1.138213987985e-06, 1.1977e+01, 2.8070e-01, 
 2DIAGNOSTIC,    29, -3.934494067911e-01, 1.086573249161e-06, 1.2266e+01, 2.8901e-01, 
 2DIAGNOSTIC,    30, -3.934490071011e-01, 1.034518288846e-06, 1.2547e+01, 2.8077e-01, 
 2DIAGNOSTIC,    31, -3.934493552229e-01, 1.002859722515e-06, 1.2787e+01, 2.4047e-01, 
 2DIAGNOSTIC,    32, -3.934514388995e-01, 1.012150044798e-06, 1.3056e+01, 2.6875e-01, 
 2DIAGNOSTIC,    33, -3.934519791689e-01, 1.036072087408e-06, 1.3312e+01, 2.5629e-01, 
 2DIAGNOSTIC,    34, -3.934514162065e-01, 1.029043075917e-06, 1.3601e+01, 2.8828e-01, 
 2DIAGNOSTIC,    35, -3.934525148457e-01, 1.027695578679e-06, 1.3915e+01, 3.1484e-01, 
 2DIAGNOSTIC,    36, -3.934539684047e-01, 1.051995726222e-06, 1.4273e+01, 3.5714e-01, 
 2DIAGNOSTIC,    37, -3.934536117491e-01, 1.079271552962e-06, 1.4568e+01, 2.9507e-01, 
 2DIAGNOSTIC,    38, -3.934525130881e-01, 1.042002438355e-06, 1.4850e+01, 2.8185e-01, 
DIAGNOSTIC,Iteration,metricValue,convergenceValue,ITERATION_TIME_INDEX,SINCE_LAST
 2DIAGNOSTIC,     1, -3.660000232068e-01, 1.797693134862e+308, 1.7540e+01, 2.6900e+00, 
 2DIAGNOSTIC,     2, -3.661006044965e-01, 1.797693134862e+308, 1.9267e+01, 1.7273e+00, 
 2DIAGNOSTIC,     3, -3.661940053537e-01, 1.797693134862e+308, 2.0842e+01, 1.5750e+00, 
 2DIAGNOSTIC,     4, -3.662025643962e-01, 1.797693134862e+308, 2.3472e+01, 2.6305e+00, 
 2DIAGNOSTIC,     5, -3.662022977385e-01, 1.797693134862e+308, 2.5681e+01, 2.2084e+00, 
 2DIAGNOSTIC,     6, -3.662022733250e-01, 1.797693134862e+308, 2.7412e+01, 1.7313e+00, 
 2DIAGNOSTIC,     7, -3.662021510408e-01, 1.797693134862e+308, 2.9087e+01, 1.6749e+00, 
 2DIAGNOSTIC,     8, -3.662021104762e-01, 1.797693134862e+308, 3.0881e+01, 1.7938e+00, 
 2DIAGNOSTIC,     9, -3.662019867603e-01, 1.797693134862e+308, 3.2597e+01, 1.7158e+00, 
 2DIAGNOSTIC,    10, -3.662019340659e-01, 2.615307001033e-05, 3.4087e+01, 1.4904e+00, 
 2DIAGNOSTIC,    11, -3.662019021383e-01, 1.049208961185e-05, 3.5825e+01, 1.7380e+00, 
 2DIAGNOSTIC,    12, -3.662017877831e-01, 3.091361228960e-06, 3.7581e+01, 1.7563e+00, 
 2DIAGNOSTIC,    13, -3.662019075681e-01, 2.358435157598e-06, 3.9231e+01, 1.6502e+00, 
 2DIAGNOSTIC,    14, -3.662018587106e-01, 2.210206137027e-06, 4.0907e+01, 1.6756e+00, 
 2DIAGNOSTIC,    15, -3.662018920128e-01, 2.075386374797e-06, 4.2629e+01, 1.7221e+00, 
 2DIAGNOSTIC,    16, -3.662018421368e-01, 1.958104228872e-06, 4.4101e+01, 1.4715e+00, 
 2DIAGNOSTIC,    17, -3.662017315650e-01, 1.846828478334e-06, 4.5447e+01, 1.3460e+00, 
 2DIAGNOSTIC,    18, -3.662016584534e-01, 1.745449629678e-06, 4.7072e+01, 1.6255e+00, 
 2DIAGNOSTIC,    19, -3.662015876322e-01, 1.648798694860e-06, 4.8710e+01, 1.6383e+00, 
 2DIAGNOSTIC,    20, -3.662013732932e-01, 1.553843739392e-06, 5.0227e+01, 1.5167e+00, 
 2DIAGNOSTIC,    21, -3.662013254935e-01, 1.468744467097e-06, 5.2231e+01, 2.0044e+00, 
 2DIAGNOSTIC,    22, -3.662011170361e-01, 1.384171224958e-06, 5.4066e+01, 1.8347e+00, 
 2DIAGNOSTIC,    23, -3.662008967277e-01, 1.309503526642e-06, 5.5668e+01, 1.6020e+00, 
 2DIAGNOSTIC,    24, -3.662008589290e-01, 1.245216184081e-06, 5.7407e+01, 1.7387e+00, 
 2DIAGNOSTIC,    25, -3.662009022535e-01, 1.195923456251e-06, 5.9229e+01, 1.8223e+00, 
 2DIAGNOSTIC,    26, -3.662008588640e-01, 1.154782607579e-06, 6.0856e+01, 1.6266e+00, 
 2DIAGNOSTIC,    27, -3.662010886961e-01, 1.126687728704e-06, 6.2456e+01, 1.6001e+00, 
 2DIAGNOSTIC,    28, -3.662011545014e-01, 1.105168541495e-06, 6.3997e+01, 1.5410e+00, 
 2DIAGNOSTIC,    29, -3.662007271254e-01, 1.074819868052e-06, 6.5710e+01, 1.7136e+00, 
 2DIAGNOSTIC,    30, -3.662006710304e-01, 1.041888308392e-06, 6.7242e+01, 1.5314e+00, 
 2DIAGNOSTIC,    31, -3.662006079462e-01, 1.010052200573e-06, 6.8789e+01, 1.5475e+00, 
  Elapsed time (stage 0): 6.9673e+01


Total elapsed time: 6.9675e+01
Info [verificarlo]: loaded backend libinterflop_vprec.so
Info [interflop-vprec]: load backend with: 
Info [interflop-vprec]: precision-binary32 = 18
Info [interflop-vprec]: range-binary32 = 8
Info [interflop-vprec]: precision-binary64 = 18
Info [interflop-vprec]: range-binary64 = 8
Info [interflop-vprec]: mode = ob
Info [interflop-vprec]: error-mode = rel
Info [interflop-vprec]: max-abs-error-exponent = -1022
Info [interflop-vprec]: daz = false
Info [interflop-vprec]: ftz = false
Info [interflop-vprec]: 	instrument = none
Info [interflop-vprec]: 	prec-input-file = (null)
Info [interflop-vprec]: 	prec-output-file = (null)
Info [interflop-vprec]: 	prec-log-file = (null)
All_Command_lines_OK
Using double precision for computations.
=============================================================================
The composite transform comprises the following transforms (in order): 
  1. /home/mdugre/scratch/mri-registration-rp/datasets/ds004513/derivatives/mri-registration-rp/0011/antsRegistration-r8-p18/sub-s014/rigid_Composite.h5[0] (type = Euler3DTransform)
  2. /home/mdugre/scratch/mri-registration-rp/datasets/ds004513/derivatives/mri-registration-rp/0011/antsRegistration-r8-p18/sub-s014/rigid_Composite.h5[1] (type = Euler3DTransform)
  3. /home/mdugre/scratch/mri-registration-rp/datasets/ds004513/derivatives/mri-registration-rp/0011/antsRegistration-r8-p18/sub-s014/rigid_Composite.h5[2] (type = Euler3DTransform)
=============================================================================
  number of levels = 4
  fixed image: /templateflow/tpl-MNI152NLin2009cAsym/tpl-MNI152NLin2009cAsym_res-01_desc-brain_T1w.nii.gz
  moving image: /home/mdugre/scratch/mri-registration-rp/datasets/ds004513/derivatives/mri-registration-rp/antsBrainExtraction/sub-s014/BrainExtractionBrain.nii.gz
Dimension = 3
Number of stages = 1
Use histogram matching = false
Winsorize image intensities = true
  Lower quantile = 0.005
  Upper quantile = 0.995


Stage 1 State
   Image metric = MattesMI
     Fixed image = Image (0x346b490)
  RTTI typeinfo:   itk::Image<double, 3u>
  Reference Count: 2
  Modified Time: 1592
  Debug: Off
  Object Name: 
  Observers: 
    none
  Source: (none)
  Source output name: (none)
  Release Data: Off
  Data Released: False
  Global Release Data: Off
  PipelineMTime: 0
  UpdateMTime: 1203
  RealTimeStamp: 0 seconds 
  LargestPossibleRegion: 
    Dimension: 3
    Index: [0, 0, 0]
    Size: [193, 229, 193]
  BufferedRegion: 
    Dimension: 3
    Index: [0, 0, 0]
    Size: [193, 229, 193]
  RequestedRegion: 
    Dimension: 3
    Index: [0, 0, 0]
    Size: [193, 229, 193]
  Spacing: [1, 1, 1]
  Origin: [96, 132, -78]
  Direction: 
-1 0 0
0 -1 0
0 0 1

  IndexToPointMatrix: 
-1 0 0
0 -1 0
0 0 1

  PointToIndexMatrix: 
-1 0 0
0 -1 0
0 0 1

  Inverse Direction: 
-1 0 0
0 -1 0
0 0 1

  PixelContainer: 
    ImportImageContainer (0x35368c0)
      RTTI typeinfo:   itk::ImportImageContainer<unsigned long, double>
      Reference Count: 1
      Modified Time: 1200
      Debug: Off
      Object Name: 
      Observers: 
        none
      Pointer: 0x14f262358010
      Container manages memory: true
      Size: 8530021
      Capacity: 8530021

     Moving image = Image (0x3526b60)
  RTTI typeinfo:   itk::Image<double, 3u>
  Reference Count: 2
  Modified Time: 1593
  Debug: Off
  Object Name: 
  Observers: 
    none
  Source: (none)
  Source output name: (none)
  Release Data: Off
  Data Released: False
  Global Release Data: Off
  PipelineMTime: 0
  UpdateMTime: 1590
  RealTimeStamp: 0 seconds 
  LargestPossibleRegion: 
    Dimension: 3
    Index: [0, 0, 0]
    Size: [160, 240, 256]
  BufferedRegion: 
    Dimension: 3
    Index: [0, 0, 0]
    Size: [160, 240, 256]
  RequestedRegion: 
    Dimension: 3
    Index: [0, 0, 0]
    Size: [160, 240, 256]
  Spacing: [1, 1, 1]
  Origin: [84.1638, 106.709, -120.531]
  Direction: 
-0.999619 -0.0226874 -0.0157033
0.0226846 -0.999743 0.00035635
-0.0157073 -7.8229e-09 0.999876

  IndexToPointMatrix: 
-0.999619 -0.0226874 -0.0157033
0.0226846 -0.999743 0.00035635
-0.0157073 -7.8229e-09 0.999876

  PointToIndexMatrix: 
-0.999619 0.0226846 -0.0157073
-0.0226873 -0.999744 -3.8147e-06
-0.0157033 0.000354767 0.99988

  Inverse Direction: 
-0.999619 0.0226846 -0.0157073
-0.0226873 -0.999744 -3.8147e-06
-0.0157033 0.000354767 0.99988

  PixelContainer: 
    ImportImageContainer (0x35ba1d0)
      RTTI typeinfo:   itk::ImportImageContainer<unsigned long, double>
      Reference Count: 1
      Modified Time: 1587
      Debug: Off
      Object Name: 
      Observers: 
        none
      Pointer: 0x14f25d857010
      Container manages memory: true
      Size: 9830400
      Capacity: 9830400

     Weighting = 1
     Sampling strategy = regular
     Number of bins = 32
     Radius = 4
     Sampling percentage  = 0.25
   Transform = Affine
     Gradient step = 0.1
     Update field sigma (voxel space) = 0
     Total field sigma (voxel space) = 0
     Update field time sigma = 0
     Total field time sigma  = 0
     Number of time indices = 0
     Number of time point samples = 0
Registration using 1 total stages.

Stage 0
  iterations = 1000x500x250x100
  convergence threshold = 1e-06
  convergence window size = 10
  number of levels = 4
  using the Mattes MI metric (number of bins = 32, weight = 1, use gradient filter = 0)
  preprocessing:  winsorizing the image intensities
  Shrink factors (level 1 out of 4): [8, 8, 8]
  Shrink factors (level 2 out of 4): [4, 4, 4]
  Shrink factors (level 3 out of 4): [2, 2, 2]
  Shrink factors (level 4 out of 4): [1, 1, 1]
  smoothing sigmas per level: [3, 2, 1, 0]
  regular sampling (percentage = 0.25)

*** Running AffineTransform registration ***

DIAGNOSTIC,Iteration,metricValue,convergenceValue,ITERATION_TIME_INDEX,SINCE_LAST
 2DIAGNOSTIC,     1, -5.240127370029e-01, 1.797693134862e+308, 0.0000e+00, 0.0000e+00, 
 2DIAGNOSTIC,     2, -5.259119397798e-01, 1.797693134862e+308, 0.0000e+00, 0.0000e+00, 
 2DIAGNOSTIC,     3, -5.291760156053e-01, 1.797693134862e+308, 0.0000e+00, 0.0000e+00, 
 2DIAGNOSTIC,     4, -5.348724209679e-01, 1.797693134862e+308, 0.0000e+00, 0.0000e+00, 
 2DIAGNOSTIC,     5, -5.451045471133e-01, 1.797693134862e+308, 0.0000e+00, 0.0000e+00, 
 2DIAGNOSTIC,     6, -6.181984484286e-01, 1.797693134862e+308, 0.0000e+00, 0.0000e+00, 
 2DIAGNOSTIC,     7, -6.596987412322e-01, 1.797693134862e+308, 0.0000e+00, 0.0000e+00, 
 2DIAGNOSTIC,     8, -7.231856976459e-01, 1.797693134862e+308, 0.0000e+00, 0.0000e+00, 
 2DIAGNOSTIC,     9, -7.341093676351e-01, 1.797693134862e+308, 0.0000e+00, 0.0000e+00, 
 2DIAGNOSTIC,    10, -7.479432322953e-01, 2.833930318654e-02, 0.0000e+00, 0.0000e+00, 
 2DIAGNOSTIC,    11, -7.642419637778e-01, 2.713489911814e-02, 0.0000e+00, 0.0000e+00, 
 2DIAGNOSTIC,    12, -7.704879197749e-01, 2.401902804992e-02, 0.0000e+00, 0.0000e+00, 
 2DIAGNOSTIC,    13, -7.732860905246e-01, 1.953847019797e-02, 0.0000e+00, 0.0000e+00, 
 2DIAGNOSTIC,    14, -7.768446018629e-01, 1.437052503979e-02, 0.0000e+00, 0.0000e+00, 
 2DIAGNOSTIC,    15, -7.814606904992e-01, 9.102067989228e-03, 0.0000e+00, 0.0000e+00, 
 2DIAGNOSTIC,    16, -7.848061503148e-01, 5.765890267464e-03, 0.0000e+00, 0.0000e+00, 
 2DIAGNOSTIC,    17, -7.913858897669e-01, 3.494834401567e-03, 0.0000e+00, 0.0000e+00, 
 2DIAGNOSTIC,    18, -7.989453317113e-01, 2.823379566703e-03, 0.0000e+00, 0.0000e+00, 
 2DIAGNOSTIC,    19, -7.994945897587e-01, 2.215531274504e-03, 0.0000e+00, 0.0000e+00, 
 2DIAGNOSTIC,    20, -8.004611364137e-01, 1.768313943116e-03, 0.0000e+00, 0.0000e+00, 
 2DIAGNOSTIC,    21, -8.015729643112e-01, 1.539063130503e-03, 0.0000e+00, 0.0000e+00, 
 2DIAGNOSTIC,    22, -8.027716517588e-01, 1.324106970076e-03, 0.0000e+00, 0.0000e+00, 
 2DIAGNOSTIC,    23, -8.030469048923e-01, 1.057834556688e-03, 0.0000e+00, 0.0000e+00, 
 2DIAGNOSTIC,    24, -8.031571675897e-01, 7.785540074938e-04, 0.0000e+00, 0.0000e+00, 
 2DIAGNOSTIC,    25, -8.032743291679e-01, 5.279643248678e-04, 0.0000e+00, 0.0000e+00, 
 2DIAGNOSTIC,    26, -8.055399785098e-01, 3.325559199582e-04, 0.0000e+00, 0.0000e+00, 
 2DIAGNOSTIC,    27, -8.090314802014e-01, 2.639828708956e-04, 0.0000e+00, 0.0000e+00, 
 2DIAGNOSTIC,    28, -8.146995404430e-01, 3.592362222537e-04, 0.0000e+00, 0.0000e+00, 
 2DIAGNOSTIC,    29, -8.257564934443e-01, 5.674121973783e-04, 0.0000e+00, 0.0000e+00, 
 2DIAGNOSTIC,    30, -8.272145128382e-01, 7.350998111597e-04, 0.0000e+00, 0.0000e+00, 
 2DIAGNOSTIC,    31, -8.284752803538e-01, 8.521445403762e-04, 0.0000e+00, 0.0000e+00, 
 2DIAGNOSTIC,    32, -8.303054478731e-01, 9.176946356997e-04, 0.0000e+00, 0.0000e+00, 
 2DIAGNOSTIC,    33, -8.321160782106e-01, 9.147610423953e-04, 0.0000e+00, 0.0000e+00, 
 2DIAGNOSTIC,    34, -8.327691246542e-01, 8.325085834348e-04, 0.0000e+00, 0.0000e+00, 
 2DIAGNOSTIC,    35, -8.334334208562e-01, 6.855182148831e-04, 0.0000e+00, 0.0000e+00, 
 2DIAGNOSTIC,    36, -8.360188545536e-01, 5.349626445365e-04, 0.0000e+00, 0.0000e+00, 
 2DIAGNOSTIC,    37, -8.388421839634e-01, 4.059734431595e-04, 0.0000e+00, 0.0000e+00, 
 2DIAGNOSTIC,    38, -8.394633206964e-01, 3.046782691427e-04, 0.0000e+00, 0.0000e+00, 
 2DIAGNOSTIC,    39, -8.397138619317e-01, 2.892607689671e-04, 0.0000e+00, 0.0000e+00, 
 2DIAGNOSTIC,    40, -8.399376585344e-01, 2.633296380131e-04, 0.0000e+00, 0.0000e+00, 
 2DIAGNOSTIC,    41, -8.402399138342e-01, 2.273758233535e-04, 0.0000e+00, 0.0000e+00, 
 2DIAGNOSTIC,    42, -8.403255662482e-01, 1.878426656212e-04, 0.0000e+00, 0.0000e+00, 
 2DIAGNOSTIC,    43, -8.410343383528e-01, 1.543484498587e-04, 0.0000e+00, 0.0000e+00, 
 2DIAGNOSTIC,    44, -8.413525889694e-01, 1.163504054792e-04, 0.0000e+00, 0.0000e+00, 
 2DIAGNOSTIC,    45, -8.417535124616e-01, 7.762169146371e-05, 0.0000e+00, 0.0000e+00, 
 2DIAGNOSTIC,    46, -8.419324920692e-01, 5.496225882835e-05, 0.0000e+00, 0.0000e+00, 
 2DIAGNOSTIC,    47, -8.421468442729e-01, 5.185373552793e-05, 0.0000e+00, 0.0000e+00, 
 2DIAGNOSTIC,    48, -8.421842186110e-01, 4.895487582555e-05, 0.0000e+00, 0.0000e+00, 
 2DIAGNOSTIC,    49, -8.422139616656e-01, 4.361786063785e-05, 0.0000e+00, 0.0000e+00, 
 2DIAGNOSTIC,    50, -8.422295724447e-01, 3.614481434127e-05, 0.0000e+00, 0.0000e+00, 
 2DIAGNOSTIC,    51, -8.422326770792e-01, 2.782684592760e-05, 0.0000e+00, 0.0000e+00, 
 2DIAGNOSTIC,    52, -8.422409748990e-01, 1.781532771706e-05, 0.0000e+00, 0.0000e+00, 
 2DIAGNOSTIC,    53, -8.421828077231e-01, 1.101666281485e-05, 0.0000e+00, 0.0000e+00, 
 2DIAGNOSTIC,    54, -8.416175425750e-01, 1.799952539433e-06, 0.0000e+00, 0.0000e+00, 
DIAGNOSTIC,Iteration,metricValue,convergenceValue,ITERATION_TIME_INDEX,SINCE_LAST
 2DIAGNOSTIC,     1, -6.891239932361e-01, 1.797693134862e+308, 0.0000e+00, 0.0000e+00, 
 2DIAGNOSTIC,     2, -6.898448740364e-01, 1.797693134862e+308, 0.0000e+00, 0.0000e+00, 
 2DIAGNOSTIC,     3, -6.904488982425e-01, 1.797693134862e+308, 0.0000e+00, 0.0000e+00, 
 2DIAGNOSTIC,     4, -6.909083053771e-01, 1.797693134862e+308, 0.0000e+00, 0.0000e+00, 
 2DIAGNOSTIC,     5, -6.916953957854e-01, 1.797693134862e+308, 0.0000e+00, 0.0000e+00, 
 2DIAGNOSTIC,     6, -6.923180622208e-01, 1.797693134862e+308, 0.0000e+00, 0.0000e+00, 
 2DIAGNOSTIC,     7, -6.923046153585e-01, 1.797693134862e+308, 0.0000e+00, 0.0000e+00, 
 2DIAGNOSTIC,     8, -6.923921072436e-01, 1.797693134862e+308, 0.0000e+00, 0.0000e+00, 
 2DIAGNOSTIC,     9, -6.924927390585e-01, 1.797693134862e+308, 0.0000e+00, 0.0000e+00, 
 2DIAGNOSTIC,    10, -6.927744240670e-01, 3.353870092251e-04, 0.0000e+00, 0.0000e+00, 
 2DIAGNOSTIC,    11, -6.931092230523e-01, 2.543482249955e-04, 0.0000e+00, 0.0000e+00, 
 2DIAGNOSTIC,    12, -6.936833577895e-01, 2.084217378260e-04, 0.0000e+00, 0.0000e+00, 
 2DIAGNOSTIC,    13, -6.936120666830e-01, 1.677373772921e-04, 0.0000e+00, 0.0000e+00, 
 2DIAGNOSTIC,    14, -6.935961146904e-01, 1.307592246344e-04, 0.0000e+00, 0.0000e+00, 
 2DIAGNOSTIC,    15, -6.935782199970e-01, 1.076653624265e-04, 0.0000e+00, 0.0000e+00, 
 2DIAGNOSTIC,    16, -6.935720339623e-01, 9.343467731551e-05, 0.0000e+00, 0.0000e+00, 
 2DIAGNOSTIC,    17, -6.935418306442e-01, 7.122295378281e-05, 0.0000e+00, 0.0000e+00, 
 2DIAGNOSTIC,    18, -6.935427401642e-01, 4.721894074183e-05, 0.0000e+00, 0.0000e+00, 
 2DIAGNOSTIC,    19, -6.935555999899e-01, 2.410208351170e-05, 0.0000e+00, 0.0000e+00, 
 2DIAGNOSTIC,    20, -6.935437879913e-01, 6.665052488988e-06, 0.0000e+00, 0.0000e+00, 
DIAGNOSTIC,Iteration,metricValue,convergenceValue,ITERATION_TIME_INDEX,SINCE_LAST
 2DIAGNOSTIC,     1, -5.886325009568e-01, 1.797693134862e+308, 0.0000e+00, 0.0000e+00, 
 2DIAGNOSTIC,     2, -5.892710034469e-01, 1.797693134862e+308, 0.0000e+00, 0.0000e+00, 
 2DIAGNOSTIC,     3, -5.899939473574e-01, 1.797693134862e+308, 0.0000e+00, 0.0000e+00, 
 2DIAGNOSTIC,     4, -5.908187788427e-01, 1.797693134862e+308, 0.0000e+00, 0.0000e+00, 
 2DIAGNOSTIC,     5, -5.918433067429e-01, 1.797693134862e+308, 0.0000e+00, 0.0000e+00, 
 2DIAGNOSTIC,     6, -5.938052821274e-01, 1.797693134862e+308, 0.0000e+00, 0.0000e+00, 
 2DIAGNOSTIC,     7, -5.938321644057e-01, 1.797693134862e+308, 0.0000e+00, 0.0000e+00, 
 2DIAGNOSTIC,     8, -5.938243423965e-01, 1.797693134862e+308, 0.0000e+00, 0.0000e+00, 
 2DIAGNOSTIC,     9, -5.938219427174e-01, 1.797693134862e+308, 0.0000e+00, 0.0000e+00, 
 2DIAGNOSTIC,    10, -5.938151640708e-01, 6.550853171003e-04, 0.0000e+00, 0.0000e+00, 
 2DIAGNOSTIC,    11, -5.938127070769e-01, 4.792535122229e-04, 0.0000e+00, 0.0000e+00, 
 2DIAGNOSTIC,    12, -5.938106806162e-01, 3.154736299558e-04, 0.0000e+00, 0.0000e+00, 
 2DIAGNOSTIC,    13, -5.938084800018e-01, 1.760713713243e-04, 0.0000e+00, 0.0000e+00, 
 2DIAGNOSTIC,    14, -5.938079087446e-01, 6.892290598406e-05, 0.0000e+00, 0.0000e+00, 
