
##########################
# Experiment information #
##########################

EXPERIMENT_NAME: antsRegistration-r8-p19
VFC_BACKENDS: libinterflop_vprec.so --range-binary32=8 --precision-binary32=19 --range-binary64=8 --precision-binary64=19

SIF_IMG: /home/mdugre/projects/rrg-glatard/mdugre/containers/ants-vprec-no_metrics.simg

SUBJECT_ID: s014
INPUT_IMG: /home/mdugre/scratch/mri-registration-rp/datasets/ds004513/derivatives/mri-registration-rp/antsBrainExtraction/sub-s014/BrainExtractionBrain.nii.gz
OUTPUT_DIR: /home/mdugre/scratch/mri-registration-rp/datasets/ds004513/derivatives/mri-registration-rp/0011/antsRegistration-r8-p19/sub-s014

FIXED_IMG: /templateflow/tpl-MNI152NLin2009cAsym/tpl-MNI152NLin2009cAsym_res-01_desc-brain_T1w.nii.gz
DATA_DIR: /home/mdugre/scratch/mri-registration-rp/datasets/ds004513
TEMPLATEFLOW_DIR: /home/mdugre/projects/rrg-glatard/mdugre/templateflow
ITK_GLOBAL_DEFAULT_NUMBER_OF_THREADS: 16
##########################

Info [verificarlo]: loaded backend libinterflop_ieee.so
Info [interflop-ieee]: load backend with:
Info [interflop-ieee]: debug = false
Info [interflop-ieee]: debug-binary = false
Info [interflop-ieee]: no-backend-name = false
Info [interflop-ieee]: print-new-line = false
Info [interflop-ieee]: print-subnormal-normalized = false
Info [interflop-ieee]: count-op = false
All_Command_lines_OK
Using double precision for computations.
=============================================================================
The composite transform comprises the following transforms (in order): 
  1. Center of mass alignment using fixed image: /templateflow/tpl-MNI152NLin2009cAsym/tpl-MNI152NLin2009cAsym_res-01_desc-brain_T1w.nii.gz and moving image: /home/mdugre/scratch/mri-registration-rp/datasets/ds004513/derivatives/mri-registration-rp/antsBrainExtraction/sub-s014/BrainExtractionBrain.nii.gz (type = Euler3DTransform)
=============================================================================
  number of levels = 1
  fixed image: /templateflow/tpl-MNI152NLin2009cAsym/tpl-MNI152NLin2009cAsym_res-01_desc-brain_T1w.nii.gz
  moving image: /home/mdugre/scratch/mri-registration-rp/datasets/ds004513/derivatives/mri-registration-rp/antsBrainExtraction/sub-s014/BrainExtractionBrain.nii.gz
Dimension = 3
Number of stages = 1
Use histogram matching = false
Winsorize image intensities = true
  Lower quantile = 0.005
  Upper quantile = 0.995


Stage 1 State
   Image metric = MattesMI
     Fixed image = Image (0x362be70)
  RTTI typeinfo:   itk::Image<double, 3u>
  Reference Count: 2
  Modified Time: 2334
  Debug: Off
  Object Name: 
  Observers: 
    none
  Source: (none)
  Source output name: (none)
  Release Data: Off
  Data Released: False
  Global Release Data: Off
  PipelineMTime: 0
  UpdateMTime: 1943
  RealTimeStamp: 0 seconds 
  LargestPossibleRegion: 
    Dimension: 3
    Index: [0, 0, 0]
    Size: [193, 229, 193]
  BufferedRegion: 
    Dimension: 3
    Index: [0, 0, 0]
    Size: [193, 229, 193]
  RequestedRegion: 
    Dimension: 3
    Index: [0, 0, 0]
    Size: [193, 229, 193]
  Spacing: [1, 1, 1]
  Origin: [96, 132, -78]
  Direction: 
-1 0 0
0 -1 0
0 0 1

  IndexToPointMatrix: 
-1 0 0
0 -1 0
0 0 1

  PointToIndexMatrix: 
-1 0 0
0 -1 0
0 0 1

  Inverse Direction: 
-1 0 0
0 -1 0
0 0 1

  PixelContainer: 
    ImportImageContainer (0x3638140)
      RTTI typeinfo:   itk::ImportImageContainer<unsigned long, double>
      Reference Count: 1
      Modified Time: 1940
      Debug: Off
      Object Name: 
      Observers: 
        none
      Pointer: 0x147e615b9010
      Container manages memory: true
      Size: 8530021
      Capacity: 8530021

     Moving image = Image (0x3635310)
  RTTI typeinfo:   itk::Image<double, 3u>
  Reference Count: 2
  Modified Time: 2335
  Debug: Off
  Object Name: 
  Observers: 
    none
  Source: (none)
  Source output name: (none)
  Release Data: Off
  Data Released: False
  Global Release Data: Off
  PipelineMTime: 0
  UpdateMTime: 2332
  RealTimeStamp: 0 seconds 
  LargestPossibleRegion: 
    Dimension: 3
    Index: [0, 0, 0]
    Size: [160, 240, 256]
  BufferedRegion: 
    Dimension: 3
    Index: [0, 0, 0]
    Size: [160, 240, 256]
  RequestedRegion: 
    Dimension: 3
    Index: [0, 0, 0]
    Size: [160, 240, 256]
  Spacing: [0.999999, 1, 1]
  Origin: [84.1637, 106.709, -120.531]
  Direction: 
-0.999619 -0.0226874 -0.0157033
0.0226846 -0.999743 0.00035635
-0.0157073 -7.8229e-09 0.999877

  IndexToPointMatrix: 
-0.999619 -0.0226874 -0.0157033
0.0226845 -0.999743 0.00035635
-0.0157073 -7.8229e-09 0.999877

  PointToIndexMatrix: 
-0.99962 0.0226846 -0.0157073
-0.0226874 -0.999743 -7.83127e-09
-0.0157033 0.00035635 0.999877

  Inverse Direction: 
-0.999619 0.0226846 -0.0157073
-0.0226874 -0.999743 -7.83127e-09
-0.0157033 0.00035635 0.999877

  PixelContainer: 
    ImportImageContainer (0x3760610)
      RTTI typeinfo:   itk::ImportImageContainer<unsigned long, double>
      Reference Count: 1
      Modified Time: 2329
      Debug: Off
      Object Name: 
      Observers: 
        none
      Pointer: 0x147e5cab8010
      Container manages memory: true
      Size: 9830400
      Capacity: 9830400

     Weighting = 1
     Sampling strategy = regular
     Number of bins = 32
     Radius = 4
     Sampling percentage  = 0.25
   Transform = Rigid
     Gradient step = 0.1
     Update field sigma (voxel space) = 0
     Total field sigma (voxel space) = 0
     Update field time sigma = 0
     Total field time sigma  = 0
     Number of time indices = 0
     Number of time point samples = 0
Registration using 1 total stages.

Stage 0
  iterations = 0
  convergence threshold = 1e-06
  convergence window size = 10
  number of levels = 1
  using the Mattes MI metric (number of bins = 32, weight = 1, use gradient filter = 0)
  preprocessing:  winsorizing the image intensities
  Shrink factors (level 1 out of 1): [1, 1, 1]
  smoothing sigmas per level: [0]
  regular sampling (percentage = 0.25)

*** Running Euler3DTransform registration ***

  Elapsed time (stage 0): 1.22829


Total elapsed time: 1.23077
Info [verificarlo]: loaded backend libinterflop_ieee.so
Info [interflop-ieee]: load backend with:
Info [interflop-ieee]: debug = false
Info [interflop-ieee]: debug-binary = false
Info [interflop-ieee]: no-backend-name = false
Info [interflop-ieee]: print-new-line = false
Info [interflop-ieee]: print-subnormal-normalized = false
Info [interflop-ieee]: count-op = false
All_Command_lines_OK
Using double precision for computations.
=============================================================================
The composite transform comprises the following transforms (in order): 
  1. /home/mdugre/scratch/mri-registration-rp/datasets/ds004513/derivatives/mri-registration-rp/0011/antsRegistration-r8-p19/sub-s014/align_Composite.h5[0] (type = Euler3DTransform)
  2. /home/mdugre/scratch/mri-registration-rp/datasets/ds004513/derivatives/mri-registration-rp/0011/antsRegistration-r8-p19/sub-s014/align_Composite.h5[1] (type = Euler3DTransform)
=============================================================================
  number of levels = 4
  fixed image: /templateflow/tpl-MNI152NLin2009cAsym/tpl-MNI152NLin2009cAsym_res-01_desc-brain_T1w.nii.gz
  moving image: /home/mdugre/scratch/mri-registration-rp/datasets/ds004513/derivatives/mri-registration-rp/antsBrainExtraction/sub-s014/BrainExtractionBrain.nii.gz
Dimension = 3
Number of stages = 1
Use histogram matching = false
Winsorize image intensities = true
  Lower quantile = 0.005
  Upper quantile = 0.995


Stage 1 State
   Image metric = MattesMI
     Fixed image = Image (0x3f69530)
  RTTI typeinfo:   itk::Image<double, 3u>
  Reference Count: 2
  Modified Time: 1580
  Debug: Off
  Object Name: 
  Observers: 
    none
  Source: (none)
  Source output name: (none)
  Release Data: Off
  Data Released: False
  Global Release Data: Off
  PipelineMTime: 0
  UpdateMTime: 1189
  RealTimeStamp: 0 seconds 
  LargestPossibleRegion: 
    Dimension: 3
    Index: [0, 0, 0]
    Size: [193, 229, 193]
  BufferedRegion: 
    Dimension: 3
    Index: [0, 0, 0]
    Size: [193, 229, 193]
  RequestedRegion: 
    Dimension: 3
    Index: [0, 0, 0]
    Size: [193, 229, 193]
  Spacing: [1, 1, 1]
  Origin: [96, 132, -78]
  Direction: 
-1 0 0
0 -1 0
0 0 1

  IndexToPointMatrix: 
-1 0 0
0 -1 0
0 0 1

  PointToIndexMatrix: 
-1 0 0
0 -1 0
0 0 1

  Inverse Direction: 
-1 0 0
0 -1 0
0 0 1

  PixelContainer: 
    ImportImageContainer (0x4027d60)
      RTTI typeinfo:   itk::ImportImageContainer<unsigned long, double>
      Reference Count: 1
      Modified Time: 1186
      Debug: Off
      Object Name: 
      Observers: 
        none
      Pointer: 0x14b81c942010
      Container manages memory: true
      Size: 8530021
      Capacity: 8530021

     Moving image = Image (0x4019f60)
  RTTI typeinfo:   itk::Image<double, 3u>
  Reference Count: 2
  Modified Time: 1581
  Debug: Off
  Object Name: 
  Observers: 
    none
  Source: (none)
  Source output name: (none)
  Release Data: Off
  Data Released: False
  Global Release Data: Off
  PipelineMTime: 0
  UpdateMTime: 1578
  RealTimeStamp: 0 seconds 
  LargestPossibleRegion: 
    Dimension: 3
    Index: [0, 0, 0]
    Size: [160, 240, 256]
  BufferedRegion: 
    Dimension: 3
    Index: [0, 0, 0]
    Size: [160, 240, 256]
  RequestedRegion: 
    Dimension: 3
    Index: [0, 0, 0]
    Size: [160, 240, 256]
  Spacing: [0.999999, 1, 1]
  Origin: [84.1637, 106.709, -120.531]
  Direction: 
-0.999619 -0.0226874 -0.0157033
0.0226846 -0.999743 0.00035635
-0.0157073 -7.8229e-09 0.999877

  IndexToPointMatrix: 
-0.999619 -0.0226874 -0.0157033
0.0226845 -0.999743 0.00035635
-0.0157073 -7.8229e-09 0.999877

  PointToIndexMatrix: 
-0.99962 0.0226846 -0.0157073
-0.0226874 -0.999743 -7.83127e-09
-0.0157033 0.00035635 0.999877

  Inverse Direction: 
-0.999619 0.0226846 -0.0157073
-0.0226874 -0.999743 -7.83127e-09
-0.0157033 0.00035635 0.999877

  PixelContainer: 
    ImportImageContainer (0x400b6d0)
      RTTI typeinfo:   itk::ImportImageContainer<unsigned long, double>
      Reference Count: 1
      Modified Time: 1575
      Debug: Off
      Object Name: 
      Observers: 
        none
      Pointer: 0x14b817e41010
      Container manages memory: true
      Size: 9830400
      Capacity: 9830400

     Weighting = 1
     Sampling strategy = regular
     Number of bins = 32
     Radius = 4
     Sampling percentage  = 0.25
   Transform = Rigid
     Gradient step = 0.1
     Update field sigma (voxel space) = 0
     Total field sigma (voxel space) = 0
     Update field time sigma = 0
     Total field time sigma  = 0
     Number of time indices = 0
     Number of time point samples = 0
Registration using 1 total stages.

Stage 0
  iterations = 1000x500x250x100
  convergence threshold = 1e-06
  convergence window size = 10
  number of levels = 4
  using the Mattes MI metric (number of bins = 32, weight = 1, use gradient filter = 0)
  preprocessing:  winsorizing the image intensities
  Shrink factors (level 1 out of 4): [8, 8, 8]
  Shrink factors (level 2 out of 4): [4, 4, 4]
  Shrink factors (level 3 out of 4): [2, 2, 2]
  Shrink factors (level 4 out of 4): [1, 1, 1]
  smoothing sigmas per level: [3, 2, 1, 0]
  regular sampling (percentage = 0.25)

*** Running Euler3DTransform registration ***

DIAGNOSTIC,Iteration,metricValue,convergenceValue,ITERATION_TIME_INDEX,SINCE_LAST
 2DIAGNOSTIC,     1, -4.770821406565e-01, 1.797693134862e+308, 1.0962e+00, 1.0962e+00, 
 2DIAGNOSTIC,     2, -4.784216133942e-01, 1.797693134862e+308, 1.1020e+00, 5.8351e-03, 
 2DIAGNOSTIC,     3, -4.807043200681e-01, 1.797693134862e+308, 1.1097e+00, 7.6120e-03, 
 2DIAGNOSTIC,     4, -4.840264478065e-01, 1.797693134862e+308, 1.1156e+00, 5.9490e-03, 
 2DIAGNOSTIC,     5, -4.883050305770e-01, 1.797693134862e+308, 1.1212e+00, 5.5859e-03, 
 2DIAGNOSTIC,     6, -4.953560426371e-01, 1.797693134862e+308, 1.1279e+00, 6.6979e-03, 
 2DIAGNOSTIC,     7, -5.007350570384e-01, 1.797693134862e+308, 1.1339e+00, 6.0599e-03, 
 2DIAGNOSTIC,     8, -5.013278569503e-01, 1.797693134862e+308, 1.1404e+00, 6.4678e-03, 
 2DIAGNOSTIC,     9, -5.085255256006e-01, 1.797693134862e+308, 1.1497e+00, 9.3229e-03, 
 2DIAGNOSTIC,    10, -5.161992633656e-01, 5.125196520979e-03, 1.1581e+00, 8.3320e-03, 
 2DIAGNOSTIC,    11, -5.167072941437e-01, 4.879252931146e-03, 1.1641e+00, 6.0198e-03, 
 2DIAGNOSTIC,    12, -5.203629876260e-01, 4.481282734468e-03, 1.1699e+00, 5.8270e-03, 
 2DIAGNOSTIC,    13, -5.229718709777e-01, 3.958672533580e-03, 1.1763e+00, 6.3779e-03, 
 2DIAGNOSTIC,    14, -5.250338110830e-01, 3.368007801724e-03, 1.1836e+00, 7.3140e-03, 
 2DIAGNOSTIC,    15, -5.272078697648e-01, 2.786121483396e-03, 1.1928e+00, 9.2001e-03, 
 2DIAGNOSTIC,    16, -5.275715603978e-01, 2.284098302172e-03, 1.1988e+00, 6.0060e-03, 
 2DIAGNOSTIC,    17, -5.282507656512e-01, 1.839921123749e-03, 1.2048e+00, 5.9860e-03, 
 2DIAGNOSTIC,    18, -5.289722876066e-01, 1.313912041904e-03, 1.2116e+00, 6.8429e-03, 
 2DIAGNOSTIC,    19, -5.292207410111e-01, 9.370568707389e-04, 1.2191e+00, 7.4620e-03, 
 2DIAGNOSTIC,    20, -5.294476960672e-01, 7.341365573351e-04, 1.2259e+00, 6.7692e-03, 
 2DIAGNOSTIC,    21, -5.294955840903e-01, 4.966190831852e-04, 1.2318e+00, 5.9030e-03, 
 2DIAGNOSTIC,    22, -5.295366245031e-01, 3.281311959288e-04, 1.2384e+00, 6.5870e-03, 
 2DIAGNOSTIC,    23, -5.295376311909e-01, 2.063244245606e-04, 1.2450e+00, 6.5980e-03, 
 2DIAGNOSTIC,    24, -5.295911249027e-01, 1.234508389490e-04, 1.2515e+00, 6.5460e-03, 
 2DIAGNOSTIC,    25, -5.296271130650e-01, 8.499150549885e-05, 1.2583e+00, 6.7558e-03, 
 2DIAGNOSTIC,    26, -5.296539599384e-01, 4.983583932706e-05, 1.2643e+00, 5.9960e-03, 
 2DIAGNOSTIC,    27, -5.297704229809e-01, 2.877322815892e-05, 1.2702e+00, 5.9249e-03, 
 2DIAGNOSTIC,    28, -5.299884954865e-01, 2.504887531793e-05, 1.2784e+00, 8.2202e-03, 
 2DIAGNOSTIC,    29, -5.300854192462e-01, 2.569611952293e-05, 1.2852e+00, 6.8350e-03, 
 2DIAGNOSTIC,    30, -5.300410324622e-01, 2.732899344376e-05, 1.2912e+00, 5.9659e-03, 
 2DIAGNOSTIC,    31, -5.300376932141e-01, 2.724560548446e-05, 1.2973e+00, 6.0830e-03, 
 2DIAGNOSTIC,    32, -5.301686264233e-01, 2.763232919172e-05, 1.3033e+00, 6.0451e-03, 
 2DIAGNOSTIC,    33, -5.303926738421e-01, 2.905769097121e-05, 1.3108e+00, 7.4751e-03, 
 2DIAGNOSTIC,    34, -5.304519664601e-01, 2.945835348977e-05, 1.3185e+00, 7.6988e-03, 
 2DIAGNOSTIC,    35, -5.305073139184e-01, 2.868169329722e-05, 1.3258e+00, 7.2651e-03, 
 2DIAGNOSTIC,    36, -5.305686017148e-01, 2.670517374536e-05, 1.3318e+00, 6.0620e-03, 
 2DIAGNOSTIC,    37, -5.306602858943e-01, 2.533264913589e-05, 1.3399e+00, 8.0602e-03, 
 2DIAGNOSTIC,    38, -5.306881156231e-01, 2.512162425446e-05, 1.3458e+00, 5.8889e-03, 
 2DIAGNOSTIC,    39, -5.307317416635e-01, 2.461885298989e-05, 1.3517e+00, 5.9090e-03, 
 2DIAGNOSTIC,    40, -5.308225091354e-01, 2.257034276491e-05, 1.3599e+00, 8.1561e-03, 
 2DIAGNOSTIC,    41, -5.308460424125e-01, 1.877385526040e-05, 1.3659e+00, 6.0370e-03, 
 2DIAGNOSTIC,    42, -5.308561837321e-01, 1.520831957149e-05, 1.3719e+00, 5.9712e-03, 
 2DIAGNOSTIC,    43, -5.308777649273e-01, 1.355835177058e-05, 1.3779e+00, 6.0620e-03, 
 2DIAGNOSTIC,    44, -5.309114036110e-01, 1.190613944197e-05, 1.3840e+00, 6.0349e-03, 
 2DIAGNOSTIC,    45, -5.310262965518e-01, 1.129423566432e-05, 1.3938e+00, 9.8159e-03, 
 2DIAGNOSTIC,    46, -5.310374074445e-01, 1.049838941830e-05, 1.4006e+00, 6.8731e-03, 
 2DIAGNOSTIC,    47, -5.310434720121e-01, 9.962263448841e-06, 1.4066e+00, 5.9650e-03, 
 2DIAGNOSTIC,    48, -5.310518853633e-01, 8.989886105724e-06, 1.4131e+00, 6.5100e-03, 
 2DIAGNOSTIC,    49, -5.310584329537e-01, 7.783359500812e-06, 1.4205e+00, 7.3659e-03, 
 2DIAGNOSTIC,    50, -5.310645817646e-01, 6.973833583480e-06, 1.4287e+00, 8.2381e-03, 
 2DIAGNOSTIC,    51, -5.310656430618e-01, 5.851695600068e-06, 1.4347e+00, 5.9271e-03, 
 2DIAGNOSTIC,    52, -5.310738190002e-01, 4.481863509660e-06, 1.4415e+00, 6.8460e-03, 
 2DIAGNOSTIC,    53, -5.310768127969e-01, 3.049471521299e-06, 1.4478e+00, 6.3519e-03, 
 2DIAGNOSTIC,    54, -5.310775506016e-01, 1.750844720035e-06, 1.4537e+00, 5.8579e-03, 
 2DIAGNOSTIC,    55, -5.310817434211e-01, 1.565716413039e-06, 1.4596e+00, 5.8861e-03, 
 2DIAGNOSTIC,    56, -5.310870994121e-01, 1.452195857395e-06, 1.4662e+00, 6.6299e-03, 
 2DIAGNOSTIC,    57, -5.310885232962e-01, 1.327089154773e-06, 1.4729e+00, 6.6271e-03, 
 2DIAGNOSTIC,    58, -5.310914487850e-01, 1.238639651124e-06, 1.4794e+00, 6.5579e-03, 
 2DIAGNOSTIC,    59, -5.311015678587e-01, 1.240623596677e-06, 1.4867e+00, 7.3359e-03, 
 2DIAGNOSTIC,    60, -5.311021904297e-01, 1.235244579026e-06, 1.4926e+00, 5.8849e-03, 
 2DIAGNOSTIC,    61, -5.311059901820e-01, 1.204917779149e-06, 1.5114e+00, 1.8785e-02, 
 2DIAGNOSTIC,    62, -5.311059901659e-01, 1.182103197349e-06, 1.5302e+00, 1.8737e-02, 
 2DIAGNOSTIC,    63, -5.311059901659e-01, 1.122797857613e-06, 1.5368e+00, 6.6342e-03, 
 2DIAGNOSTIC,    64, -5.311059901659e-01, 1.011506956194e-06, 1.5440e+00, 7.2341e-03, 
DIAGNOSTIC,Iteration,metricValue,convergenceValue,ITERATION_TIME_INDEX,SINCE_LAST
 2DIAGNOSTIC,     1, -4.295258231625e-01, 1.797693134862e+308, 2.4248e+00, 8.8074e-01, 
 2DIAGNOSTIC,     2, -4.302859640432e-01, 1.797693134862e+308, 2.4592e+00, 3.4480e-02, 
 2DIAGNOSTIC,     3, -4.309651196675e-01, 1.797693134862e+308, 2.4938e+00, 3.4525e-02, 
 2DIAGNOSTIC,     4, -4.317164347764e-01, 1.797693134862e+308, 2.5283e+00, 3.4564e-02, 
 2DIAGNOSTIC,     5, -4.325561938345e-01, 1.797693134862e+308, 2.5622e+00, 3.3854e-02, 
 2DIAGNOSTIC,     6, -4.341819580779e-01, 1.797693134862e+308, 2.6030e+00, 4.0804e-02, 
 2DIAGNOSTIC,     7, -4.354327949460e-01, 1.797693134862e+308, 2.6375e+00, 3.4513e-02, 
 2DIAGNOSTIC,     8, -4.367134834400e-01, 1.797693134862e+308, 2.6775e+00, 3.9970e-02, 
 2DIAGNOSTIC,     9, -4.377076816053e-01, 1.797693134862e+308, 2.7260e+00, 4.8494e-02, 
 2DIAGNOSTIC,    10, -4.379510214291e-01, 1.375954781894e-03, 2.7599e+00, 3.3916e-02, 
 2DIAGNOSTIC,    11, -4.381306699704e-01, 1.211218579661e-03, 2.7939e+00, 3.4047e-02, 
 2DIAGNOSTIC,    12, -4.403708091236e-01, 1.128184042346e-03, 2.8320e+00, 3.8044e-02, 
 2DIAGNOSTIC,    13, -4.435986505856e-01, 1.148562288553e-03, 2.8732e+00, 4.1224e-02, 
 2DIAGNOSTIC,    14, -4.436199448095e-01, 1.094787362481e-03, 2.9067e+00, 3.3548e-02, 
 2DIAGNOSTIC,    15, -4.445052016278e-01, 1.025845788443e-03, 2.9493e+00, 4.2509e-02, 
 2DIAGNOSTIC,    16, -4.479362667145e-01, 1.077370587925e-03, 3.0028e+00, 5.3555e-02, 
 2DIAGNOSTIC,    17, -4.481475950945e-01, 1.073587587654e-03, 3.0390e+00, 3.6147e-02, 
 2DIAGNOSTIC,    18, -4.482020490341e-01, 1.018146301278e-03, 3.0766e+00, 3.7611e-02, 
 2DIAGNOSTIC,    19, -4.481966708607e-01, 9.107728222346e-04, 3.1612e+00, 8.4643e-02, 
 2DIAGNOSTIC,    20, -4.481953335850e-01, 7.394369050352e-04, 3.2013e+00, 4.0047e-02, 
 2DIAGNOSTIC,    21, -4.481954334250e-01, 5.189437705663e-04, 3.2486e+00, 4.7349e-02, 
 2DIAGNOSTIC,    22, -4.482018533936e-01, 3.337448828035e-04, 3.2888e+00, 4.0224e-02, 
 2DIAGNOSTIC,    23, -4.481921491816e-01, 2.259319916929e-04, 3.3244e+00, 3.5530e-02, 
 2DIAGNOSTIC,    24, -4.482074312936e-01, 1.077320646193e-04, 3.3617e+00, 3.7321e-02, 
 2DIAGNOSTIC,    25, -4.482144439073e-01, 9.691656765502e-06, 3.3988e+00, 3.7137e-02, 
 2DIAGNOSTIC,    26, -4.482116710091e-01, 3.273680207611e-06, 3.4381e+00, 3.9253e-02, 
 2DIAGNOSTIC,    27, -4.482088353621e-01, 2.084627338611e-06, 3.4774e+00, 3.9337e-02, 
 2DIAGNOSTIC,    28, -4.482139220014e-01, 2.274305073408e-06, 3.5108e+00, 3.3377e-02, 
 2DIAGNOSTIC,    29, -4.482420866422e-01, 2.842586924852e-06, 3.5499e+00, 3.9108e-02, 
 2DIAGNOSTIC,    30, -4.482455732743e-01, 3.232687239597e-06, 3.5882e+00, 3.8338e-02, 
 2DIAGNOSTIC,    31, -4.482405886502e-01, 3.298138872877e-06, 3.6201e+00, 3.1828e-02, 
 2DIAGNOSTIC,    32, -4.482290914924e-01, 3.068922027921e-06, 3.6513e+00, 3.1240e-02, 
 2DIAGNOSTIC,    33, -4.482261087449e-01, 2.406544365265e-06, 3.6868e+00, 3.5532e-02, 
 2DIAGNOSTIC,    34, -4.482147421274e-01, 1.704267970588e-06, 3.7237e+00, 3.6863e-02, 
 2DIAGNOSTIC,    35, -4.482170221644e-01, 1.142411369299e-06, 3.7557e+00, 3.1994e-02, 
DIAGNOSTIC,Iteration,metricValue,convergenceValue,ITERATION_TIME_INDEX,SINCE_LAST
 2DIAGNOSTIC,     1, -3.932184618830e-01, 1.797693134862e+308, 4.9083e+00, 1.1526e+00, 
 2DIAGNOSTIC,     2, -3.933350080725e-01, 1.797693134862e+308, 5.1856e+00, 2.7731e-01, 
 2DIAGNOSTIC,     3, -3.934316047518e-01, 1.797693134862e+308, 5.4557e+00, 2.7003e-01, 
 2DIAGNOSTIC,     4, -3.934445201593e-01, 1.797693134862e+308, 5.7707e+00, 3.1509e-01, 
 2DIAGNOSTIC,     5, -3.934561041314e-01, 1.797693134862e+308, 6.0507e+00, 2.7992e-01, 
 2DIAGNOSTIC,     6, -3.934557400380e-01, 1.797693134862e+308, 6.3904e+00, 3.3971e-01, 
 2DIAGNOSTIC,     7, -3.934568947830e-01, 1.797693134862e+308, 6.8639e+00, 4.7351e-01, 
 2DIAGNOSTIC,     8, -3.934560026644e-01, 1.797693134862e+308, 7.1844e+00, 3.2050e-01, 
 2DIAGNOSTIC,     9, -3.934553707358e-01, 1.797693134862e+308, 7.6119e+00, 4.2755e-01, 
 2DIAGNOSTIC,    10, -3.934548435740e-01, 2.950388545592e-05, 7.9037e+00, 2.9176e-01, 
 2DIAGNOSTIC,    11, -3.934535150775e-01, 1.251787969564e-05, 8.1921e+00, 2.8839e-01, 
 2DIAGNOSTIC,    12, -3.934529103694e-01, 4.334108858903e-06, 8.4661e+00, 2.7397e-01, 
 2DIAGNOSTIC,    13, -3.934523312257e-01, 2.580302675151e-06, 8.7038e+00, 2.3778e-01, 
 2DIAGNOSTIC,    14, -3.934518640812e-01, 1.691075604410e-06, 9.0166e+00, 3.1275e-01, 
 2DIAGNOSTIC,    15, -3.934519734343e-01, 1.537715183339e-06, 9.3436e+00, 3.2706e-01, 
 2DIAGNOSTIC,    16, -3.934513609455e-01, 1.410839924221e-06, 9.6194e+00, 2.7574e-01, 
 2DIAGNOSTIC,    17, -3.934508380167e-01, 1.380509457485e-06, 9.9333e+00, 3.1394e-01, 
 2DIAGNOSTIC,    18, -3.934502559652e-01, 1.340256767929e-06, 1.0198e+01, 2.6464e-01, 
 2DIAGNOSTIC,    19, -3.934497851649e-01, 1.301860319353e-06, 1.0501e+01, 3.0327e-01, 
 2DIAGNOSTIC,    20, -3.934499621524e-01, 1.290039248571e-06, 1.0778e+01, 2.7721e-01, 
 2DIAGNOSTIC,    21, -3.934502604821e-01, 1.271710174021e-06, 1.1079e+01, 3.0062e-01, 
 2DIAGNOSTIC,    22, -3.934498715489e-01, 1.245514106525e-06, 1.1371e+01, 2.9166e-01, 
 2DIAGNOSTIC,    23, -3.934501307123e-01, 1.231426826329e-06, 1.1665e+01, 2.9412e-01, 
 2DIAGNOSTIC,    24, -3.934495535592e-01, 1.200792295986e-06, 1.1910e+01, 2.4477e-01, 
 2DIAGNOSTIC,    25, -3.934490927507e-01, 1.174527717071e-06, 1.2154e+01, 2.4392e-01, 
 2DIAGNOSTIC,    26, -3.934495816189e-01, 1.156238072016e-06, 1.2435e+01, 2.8186e-01, 
 2DIAGNOSTIC,    27, -3.934510332788e-01, 1.170201607982e-06, 1.2740e+01, 3.0451e-01, 
 2DIAGNOSTIC,    28, -3.934498670156e-01, 1.138213983183e-06, 1.3020e+01, 2.7988e-01, 
 2DIAGNOSTIC,    29, -3.934494067822e-01, 1.086573240425e-06, 1.3291e+01, 2.7122e-01, 
 2DIAGNOSTIC,    30, -3.934490070920e-01, 1.034518271492e-06, 1.3559e+01, 2.6791e-01, 
 2DIAGNOSTIC,    31, -3.934493552137e-01, 1.002859699589e-06, 1.3792e+01, 2.3325e-01, 
 2DIAGNOSTIC,    32, -3.934514388905e-01, 1.012150021046e-06, 1.4050e+01, 2.5768e-01, 
 2DIAGNOSTIC,    33, -3.934519791597e-01, 1.036072062435e-06, 1.4292e+01, 2.4259e-01, 
 2DIAGNOSTIC,    34, -3.934514161974e-01, 1.029043052346e-06, 1.4517e+01, 2.2471e-01, 
 2DIAGNOSTIC,    35, -3.934525148364e-01, 1.027695555010e-06, 1.4762e+01, 2.4470e-01, 
 2DIAGNOSTIC,    36, -3.934539683955e-01, 1.051995703775e-06, 1.5061e+01, 2.9941e-01, 
 2DIAGNOSTIC,    37, -3.934536117398e-01, 1.079271532874e-06, 1.5325e+01, 2.6371e-01, 
 2DIAGNOSTIC,    38, -3.934525130789e-01, 1.042002422871e-06, 1.5584e+01, 2.5862e-01, 
DIAGNOSTIC,Iteration,metricValue,convergenceValue,ITERATION_TIME_INDEX,SINCE_LAST
 2DIAGNOSTIC,     1, -3.660000232012e-01, 1.797693134862e+308, 1.8266e+01, 2.6824e+00, 
 2DIAGNOSTIC,     2, -3.661006044914e-01, 1.797693134862e+308, 1.9980e+01, 1.7144e+00, 
 2DIAGNOSTIC,     3, -3.661940053506e-01, 1.797693134862e+308, 2.1598e+01, 1.6179e+00, 
 2DIAGNOSTIC,     4, -3.662025643940e-01, 1.797693134862e+308, 2.4212e+01, 2.6133e+00, 
 2DIAGNOSTIC,     5, -3.662022977363e-01, 1.797693134862e+308, 2.6167e+01, 1.9553e+00, 
 2DIAGNOSTIC,     6, -3.662022733228e-01, 1.797693134862e+308, 2.7836e+01, 1.6694e+00, 
 2DIAGNOSTIC,     7, -3.662021510386e-01, 1.797693134862e+308, 2.9378e+01, 1.5419e+00, 
 2DIAGNOSTIC,     8, -3.662021104741e-01, 1.797693134862e+308, 3.1021e+01, 1.6425e+00, 
 2DIAGNOSTIC,     9, -3.662019867582e-01, 1.797693134862e+308, 3.2555e+01, 1.5343e+00, 
 2DIAGNOSTIC,    10, -3.662019340638e-01, 2.615307054418e-05, 3.3976e+01, 1.4208e+00, 
 2DIAGNOSTIC,    11, -3.662019021363e-01, 1.049208989662e-05, 3.5518e+01, 1.5421e+00, 
 2DIAGNOSTIC,    12, -3.662017877811e-01, 3.091361311255e-06, 3.7235e+01, 1.7169e+00, 
 2DIAGNOSTIC,    13, -3.662019075660e-01, 2.358435177541e-06, 3.8998e+01, 1.7637e+00, 
 2DIAGNOSTIC,    14, -3.662018587085e-01, 2.210206151945e-06, 4.0753e+01, 1.7543e+00, 
 2DIAGNOSTIC,    15, -3.662018920108e-01, 2.075386384567e-06, 4.2514e+01, 1.7608e+00, 
 2DIAGNOSTIC,    16, -3.662018421348e-01, 1.958104234534e-06, 4.4093e+01, 1.5797e+00, 
 2DIAGNOSTIC,    17, -3.662017315630e-01, 1.846828481152e-06, 4.5489e+01, 1.3954e+00, 
 2DIAGNOSTIC,    18, -3.662016584514e-01, 1.745449633057e-06, 4.7175e+01, 1.6859e+00, 
 2DIAGNOSTIC,    19, -3.662015876301e-01, 1.648798695512e-06, 4.8851e+01, 1.6765e+00, 
 2DIAGNOSTIC,    20, -3.662013732910e-01, 1.553843733217e-06, 5.0471e+01, 1.6200e+00, 
 2DIAGNOSTIC,    21, -3.662013254913e-01, 1.468744459172e-06, 5.2390e+01, 1.9193e+00, 
 2DIAGNOSTIC,    22, -3.662011170340e-01, 1.384171215993e-06, 5.3907e+01, 1.5170e+00, 
 2DIAGNOSTIC,    23, -3.662008967254e-01, 1.309503508837e-06, 5.5355e+01, 1.4478e+00, 
 2DIAGNOSTIC,    24, -3.662008589267e-01, 1.245216161509e-06, 5.6943e+01, 1.5878e+00, 
 2DIAGNOSTIC,    25, -3.662009022512e-01, 1.195923432319e-06, 5.8705e+01, 1.7618e+00, 
 2DIAGNOSTIC,    26, -3.662008588616e-01, 1.154782585104e-06, 6.0431e+01, 1.7266e+00, 
 2DIAGNOSTIC,    27, -3.662010886938e-01, 1.126687710261e-06, 6.2393e+01, 1.9620e+00, 
 2DIAGNOSTIC,    28, -3.662011544990e-01, 1.105168526812e-06, 6.4326e+01, 1.9323e+00, 
 2DIAGNOSTIC,    29, -3.662007271230e-01, 1.074819856360e-06, 6.6350e+01, 2.0240e+00, 
 2DIAGNOSTIC,    30, -3.662006710281e-01, 1.041888298192e-06, 6.8075e+01, 1.7250e+00, 
 2DIAGNOSTIC,    31, -3.662006079439e-01, 1.010052194793e-06, 6.9818e+01, 1.7432e+00, 
  Elapsed time (stage 0): 7.0736e+01


Total elapsed time: 7.0739e+01
Info [verificarlo]: loaded backend libinterflop_vprec.so
Info [interflop-vprec]: load backend with: 
Info [interflop-vprec]: precision-binary32 = 19
Info [interflop-vprec]: range-binary32 = 8
Info [interflop-vprec]: precision-binary64 = 19
Info [interflop-vprec]: range-binary64 = 8
Info [interflop-vprec]: mode = ob
Info [interflop-vprec]: error-mode = rel
Info [interflop-vprec]: max-abs-error-exponent = -1022
Info [interflop-vprec]: daz = false
Info [interflop-vprec]: ftz = false
Info [interflop-vprec]: 	instrument = none
Info [interflop-vprec]: 	prec-input-file = (null)
Info [interflop-vprec]: 	prec-output-file = (null)
Info [interflop-vprec]: 	prec-log-file = (null)
All_Command_lines_OK
Using double precision for computations.
=============================================================================
The composite transform comprises the following transforms (in order): 
  1. /home/mdugre/scratch/mri-registration-rp/datasets/ds004513/derivatives/mri-registration-rp/0011/antsRegistration-r8-p19/sub-s014/rigid_Composite.h5[0] (type = Euler3DTransform)
  2. /home/mdugre/scratch/mri-registration-rp/datasets/ds004513/derivatives/mri-registration-rp/0011/antsRegistration-r8-p19/sub-s014/rigid_Composite.h5[1] (type = Euler3DTransform)
  3. /home/mdugre/scratch/mri-registration-rp/datasets/ds004513/derivatives/mri-registration-rp/0011/antsRegistration-r8-p19/sub-s014/rigid_Composite.h5[2] (type = Euler3DTransform)
=============================================================================
  number of levels = 4
  fixed image: /templateflow/tpl-MNI152NLin2009cAsym/tpl-MNI152NLin2009cAsym_res-01_desc-brain_T1w.nii.gz
  moving image: /home/mdugre/scratch/mri-registration-rp/datasets/ds004513/derivatives/mri-registration-rp/antsBrainExtraction/sub-s014/BrainExtractionBrain.nii.gz
Dimension = 3
Number of stages = 1
Use histogram matching = false
Winsorize image intensities = true
  Lower quantile = 0.005
  Upper quantile = 0.995


Stage 1 State
   Image metric = MattesMI
     Fixed image = Image (0x4592490)
  RTTI typeinfo:   itk::Image<double, 3u>
  Reference Count: 2
  Modified Time: 1594
  Debug: Off
  Object Name: 
  Observers: 
    none
  Source: (none)
  Source output name: (none)
  Release Data: Off
  Data Released: False
  Global Release Data: Off
  PipelineMTime: 0
  UpdateMTime: 1203
  RealTimeStamp: 0 seconds 
  LargestPossibleRegion: 
    Dimension: 3
    Index: [0, 0, 0]
    Size: [193, 229, 193]
  BufferedRegion: 
    Dimension: 3
    Index: [0, 0, 0]
    Size: [193, 229, 193]
  RequestedRegion: 
    Dimension: 3
    Index: [0, 0, 0]
    Size: [193, 229, 193]
  Spacing: [1, 1, 1]
  Origin: [96, 132, -78]
  Direction: 
-1 0 0
0 -1 0
0 0 1

  IndexToPointMatrix: 
-1 0 0
0 -1 0
0 0 1

  PointToIndexMatrix: 
-1 0 0
0 -1 0
0 0 1

  Inverse Direction: 
-1 0 0
0 -1 0
0 0 1

  PixelContainer: 
    ImportImageContainer (0x465d8c0)
      RTTI typeinfo:   itk::ImportImageContainer<unsigned long, double>
      Reference Count: 1
      Modified Time: 1200
      Debug: Off
      Object Name: 
      Observers: 
        none
      Pointer: 0x14614dae1010
      Container manages memory: true
      Size: 8530021
      Capacity: 8530021

     Moving image = Image (0x464db60)
  RTTI typeinfo:   itk::Image<double, 3u>
  Reference Count: 2
  Modified Time: 1595
  Debug: Off
  Object Name: 
  Observers: 
    none
  Source: (none)
  Source output name: (none)
  Release Data: Off
  Data Released: False
  Global Release Data: Off
  PipelineMTime: 0
  UpdateMTime: 1592
  RealTimeStamp: 0 seconds 
  LargestPossibleRegion: 
    Dimension: 3
    Index: [0, 0, 0]
    Size: [160, 240, 256]
  BufferedRegion: 
    Dimension: 3
    Index: [0, 0, 0]
    Size: [160, 240, 256]
  RequestedRegion: 
    Dimension: 3
    Index: [0, 0, 0]
    Size: [160, 240, 256]
  Spacing: [0.999999, 1, 1]
  Origin: [84.1637, 106.709, -120.531]
  Direction: 
-0.999619 -0.0226873 -0.0157033
0.0226845 -0.999743 0.00035635
-0.0157073 -7.8229e-09 0.999877

  IndexToPointMatrix: 
-0.999618 -0.0226873 -0.0157033
0.0226845 -0.999743 0.00035635
-0.0157073 -7.8229e-09 0.999877

  PointToIndexMatrix: 
-0.99962 0.0226846 -0.0157074
-0.0226874 -0.999746 -9.53674e-07
-0.0157033 0.000359058 0.999877

  Inverse Direction: 
-0.999622 0.0226846 -0.0157074
-0.0226874 -0.999743 -7.91624e-09
-0.0157033 0.000356351 0.999877

  PixelContainer: 
    ImportImageContainer (0x46e11d0)
      RTTI typeinfo:   itk::ImportImageContainer<unsigned long, double>
      Reference Count: 1
      Modified Time: 1589
      Debug: Off
      Object Name: 
      Observers: 
        none
      Pointer: 0x146148fe0010
      Container manages memory: true
      Size: 9830400
      Capacity: 9830400

     Weighting = 1
     Sampling strategy = regular
     Number of bins = 32
     Radius = 4
     Sampling percentage  = 0.25
   Transform = Affine
     Gradient step = 0.1
     Update field sigma (voxel space) = 0
     Total field sigma (voxel space) = 0
     Update field time sigma = 0
     Total field time sigma  = 0
     Number of time indices = 0
     Number of time point samples = 0
Registration using 1 total stages.

Stage 0
  iterations = 1000x500x250x100
  convergence threshold = 1e-06
  convergence window size = 10
  number of levels = 4
  using the Mattes MI metric (number of bins = 32, weight = 1, use gradient filter = 0)
  preprocessing:  winsorizing the image intensities
  Shrink factors (level 1 out of 4): [8, 8, 8]
  Shrink factors (level 2 out of 4): [4, 4, 4]
  Shrink factors (level 3 out of 4): [2, 2, 2]
  Shrink factors (level 4 out of 4): [1, 1, 1]
  smoothing sigmas per level: [3, 2, 1, 0]
  regular sampling (percentage = 0.25)

*** Running AffineTransform registration ***

DIAGNOSTIC,Iteration,metricValue,convergenceValue,ITERATION_TIME_INDEX,SINCE_LAST
 2DIAGNOSTIC,     1, -5.239800974216e-01, 1.797693134862e+308, 0.0000e+00, 0.0000e+00, 
 2DIAGNOSTIC,     2, -5.258740447225e-01, 1.797693134862e+308, 0.0000e+00, 0.0000e+00, 
 2DIAGNOSTIC,     3, -5.291283495250e-01, 1.797693134862e+308, 0.0000e+00, 0.0000e+00, 
 2DIAGNOSTIC,     4, -5.348083324464e-01, 1.797693134862e+308, 0.0000e+00, 0.0000e+00, 
 2DIAGNOSTIC,     5, -5.450161014332e-01, 1.797693134862e+308, 0.0000e+00, 0.0000e+00, 
 2DIAGNOSTIC,     6, -6.220070201738e-01, 1.797693134862e+308, 0.0000e+00, 0.0000e+00, 
 2DIAGNOSTIC,     7, -6.638835193822e-01, 1.797693134862e+308, 0.0000e+00, 0.0000e+00, 
 2DIAGNOSTIC,     8, -7.304489502537e-01, 1.797693134862e+308, 0.0000e+00, 0.0000e+00, 
 2DIAGNOSTIC,     9, -7.427175980259e-01, 1.797693134862e+308, 0.0000e+00, 0.0000e+00, 
 2DIAGNOSTIC,    10, -7.543007701395e-01, 2.920124561708e-02, 0.0000e+00, 0.0000e+00, 
 2DIAGNOSTIC,    11, -7.654969009946e-01, 2.768767660840e-02, 0.0000e+00, 0.0000e+00, 
 2DIAGNOSTIC,    12, -7.742846913330e-01, 2.436232941326e-02, 0.0000e+00, 0.0000e+00, 
 2DIAGNOSTIC,    13, -7.831777669060e-01, 1.986321917339e-02, 0.0000e+00, 0.0000e+00, 
 2DIAGNOSTIC,    14, -7.880213764857e-01, 1.468575230793e-02, 0.0000e+00, 0.0000e+00, 
 2DIAGNOSTIC,    15, -7.952921459791e-01, 9.458797073120e-03, 0.0000e+00, 0.0000e+00, 
 2DIAGNOSTIC,    16, -7.968681636171e-01, 6.179499587583e-03, 0.0000e+00, 0.0000e+00, 
 2DIAGNOSTIC,    17, -7.996737907516e-01, 3.831273390630e-03, 0.0000e+00, 0.0000e+00, 
 2DIAGNOSTIC,    18, -8.011570774810e-01, 2.979618287733e-03, 0.0000e+00, 0.0000e+00, 
 2DIAGNOSTIC,    19, -8.052798205811e-01, 2.303374722270e-03, 0.0000e+00, 0.0000e+00, 
 2DIAGNOSTIC,    20, -8.061579303834e-01, 1.738035376922e-03, 0.0000e+00, 0.0000e+00, 
 2DIAGNOSTIC,    21, -8.064757242194e-01, 1.291390282855e-03, 0.0000e+00, 0.0000e+00, 
 2DIAGNOSTIC,    22, -8.069312792799e-01, 9.370207751923e-04, 0.0000e+00, 0.0000e+00, 
 2DIAGNOSTIC,    23, -8.078612405471e-01, 6.981203182753e-04, 0.0000e+00, 0.0000e+00, 
 2DIAGNOSTIC,    24, -8.095642066334e-01, 5.200394760444e-04, 0.0000e+00, 0.0000e+00, 
 2DIAGNOSTIC,    25, -8.192757907784e-01, 5.745770023568e-04, 0.0000e+00, 0.0000e+00, 
 2DIAGNOSTIC,    26, -8.219730311353e-01, 6.310206351875e-04, 0.0000e+00, 0.0000e+00, 
 2DIAGNOSTIC,    27, -8.241898937742e-01, 6.969255383327e-04, 0.0000e+00, 0.0000e+00, 
 2DIAGNOSTIC,    28, -8.248492646559e-01, 7.217804613796e-04, 0.0000e+00, 0.0000e+00, 
 2DIAGNOSTIC,    29, -8.262192300992e-01, 7.493322602954e-04, 0.0000e+00, 0.0000e+00, 
 2DIAGNOSTIC,    30, -8.296406365086e-01, 7.570599765567e-04, 0.0000e+00, 0.0000e+00, 
 2DIAGNOSTIC,    31, -8.318812426620e-01, 7.227038640622e-04, 0.0000e+00, 0.0000e+00, 
 2DIAGNOSTIC,    32, -8.335242098030e-01, 6.486984849303e-04, 0.0000e+00, 0.0000e+00, 
 2DIAGNOSTIC,    33, -8.353578271690e-01, 5.515545277530e-04, 0.0000e+00, 0.0000e+00, 
 2DIAGNOSTIC,    34, -8.374506247615e-01, 4.480491407643e-04, 0.0000e+00, 0.0000e+00, 
 2DIAGNOSTIC,    35, -8.377175723504e-01, 4.147042755323e-04, 0.0000e+00, 0.0000e+00, 
 2DIAGNOSTIC,    36, -8.385718315044e-01, 3.807300032176e-04, 0.0000e+00, 0.0000e+00, 
 2DIAGNOSTIC,    37, -8.392144075469e-01, 3.418741993959e-04, 0.0000e+00, 0.0000e+00, 
 2DIAGNOSTIC,    38, -8.397447759005e-01, 2.844603654033e-04, 0.0000e+00, 0.0000e+00, 
 2DIAGNOSTIC,    39, -8.410292952638e-01, 2.278649385378e-04, 0.0000e+00, 0.0000e+00, 
 2DIAGNOSTIC,    40, -8.419726425797e-01, 1.928009762166e-04, 0.0000e+00, 0.0000e+00, 
 2DIAGNOSTIC,    41, -8.419774767360e-01, 1.615069783118e-04, 0.0000e+00, 0.0000e+00, 
 2DIAGNOSTIC,    42, -8.423083075858e-01, 1.338298026493e-04, 0.0000e+00, 0.0000e+00, 
 2DIAGNOSTIC,    43, -8.425431267790e-01, 1.121474007885e-04, 0.0000e+00, 0.0000e+00, 
 2DIAGNOSTIC,    44, -8.423440887447e-01, 9.660429245904e-05, 0.0000e+00, 0.0000e+00, 
 2DIAGNOSTIC,    45, -8.422265349229e-01, 7.376317994446e-05, 0.0000e+00, 0.0000e+00, 
 2DIAGNOSTIC,    46, -8.422275291313e-01, 5.190836282676e-05, 0.0000e+00, 0.0000e+00, 
 2DIAGNOSTIC,    47, -8.422347358139e-01, 3.126171468783e-05, 0.0000e+00, 0.0000e+00, 
 2DIAGNOSTIC,    48, -8.422478606563e-01, 1.251593962721e-05, 0.0000e+00, 0.0000e+00, 
 2DIAGNOSTIC,    49, -8.422658934188e-01, 3.012130477143e-06, 0.0000e+00, 0.0000e+00, 
DIAGNOSTIC,Iteration,metricValue,convergenceValue,ITERATION_TIME_INDEX,SINCE_LAST
 2DIAGNOSTIC,     1, -6.886650936986e-01, 1.797693134862e+308, 0.0000e+00, 0.0000e+00, 
 2DIAGNOSTIC,     2, -6.894169421360e-01, 1.797693134862e+308, 0.0000e+00, 0.0000e+00, 
 2DIAGNOSTIC,     3, -6.900228556511e-01, 1.797693134862e+308, 0.0000e+00, 0.0000e+00, 
 2DIAGNOSTIC,     4, -6.903816918353e-01, 1.797693134862e+308, 0.0000e+00, 0.0000e+00, 
 2DIAGNOSTIC,     5, -6.911156152965e-01, 1.797693134862e+308, 0.0000e+00, 0.0000e+00, 
 2DIAGNOSTIC,     6, -6.919239568702e-01, 1.797693134862e+308, 0.0000e+00, 0.0000e+00, 
 2DIAGNOSTIC,     7, -6.922581761321e-01, 1.797693134862e+308, 0.0000e+00, 0.0000e+00, 
 2DIAGNOSTIC,     8, -6.925164624202e-01, 1.797693134862e+308, 0.0000e+00, 0.0000e+00, 
 2DIAGNOSTIC,     9, -6.926497094050e-01, 1.797693134862e+308, 0.0000e+00, 0.0000e+00, 
 2DIAGNOSTIC,    10, -6.931015713601e-01, 4.152172139693e-04, 0.0000e+00, 0.0000e+00, 
 2DIAGNOSTIC,    11, -6.935218414307e-01, 3.427935611671e-04, 0.0000e+00, 0.0000e+00, 
 2DIAGNOSTIC,    12, -6.935303940376e-01, 2.775270644454e-04, 0.0000e+00, 0.0000e+00, 
 2DIAGNOSTIC,    13, -6.935229140373e-01, 2.169904838145e-04, 0.0000e+00, 0.0000e+00, 
 2DIAGNOSTIC,    14, -6.935235861845e-01, 1.560824609759e-04, 0.0000e+00, 0.0000e+00, 
 2DIAGNOSTIC,    15, -6.935240469969e-01, 1.087083550464e-04, 0.0000e+00, 0.0000e+00, 
 2DIAGNOSTIC,    16, -6.935241861217e-01, 7.790640671231e-05, 0.0000e+00, 0.0000e+00, 
 2DIAGNOSTIC,    17, -6.935122590769e-01, 5.152884766449e-05, 0.0000e+00, 0.0000e+00, 
 2DIAGNOSTIC,    18, -6.935124372569e-01, 2.959947873116e-05, 0.0000e+00, 0.0000e+00, 
 2DIAGNOSTIC,    19, -6.935124770557e-01, 1.011306374644e-05, 0.0000e+00, 0.0000e+00, 
DIAGNOSTIC,Iteration,metricValue,convergenceValue,ITERATION_TIME_INDEX,SINCE_LAST
 2DIAGNOSTIC,     1, -5.883675441174e-01, 1.797693134862e+308, 0.0000e+00, 0.0000e+00, 
 2DIAGNOSTIC,     2, -5.890118416095e-01, 1.797693134862e+308, 0.0000e+00, 0.0000e+00, 
 2DIAGNOSTIC,     3, -5.897487710256e-01, 1.797693134862e+308, 0.0000e+00, 0.0000e+00, 
 2DIAGNOSTIC,     4, -5.905742699350e-01, 1.797693134862e+308, 0.0000e+00, 0.0000e+00, 
 2DIAGNOSTIC,     5, -5.917295398100e-01, 1.797693134862e+308, 0.0000e+00, 0.0000e+00, 
 2DIAGNOSTIC,     6, -5.938034299324e-01, 1.797693134862e+308, 0.0000e+00, 0.0000e+00, 
 2DIAGNOSTIC,     7, -5.938156959228e-01, 1.797693134862e+308, 0.0000e+00, 0.0000e+00, 
 2DIAGNOSTIC,     8, -5.938092102930e-01, 1.797693134862e+308, 0.0000e+00, 0.0000e+00, 
 2DIAGNOSTIC,     9, -5.938101700762e-01, 1.797693134862e+308, 0.0000e+00, 0.0000e+00, 
 2DIAGNOSTIC,    10, -5.938094700074e-01, 6.918229032049e-04, 0.0000e+00, 0.0000e+00, 
 2DIAGNOSTIC,    11, -5.938096891437e-01, 5.087063269737e-04, 0.0000e+00, 0.0000e+00, 
 2DIAGNOSTIC,    12, -5.938084501747e-01, 3.365581560577e-04, 0.0000e+00, 0.0000e+00, 
 2DIAGNOSTIC,    13, -5.938084662659e-01, 1.889127932578e-04, 0.0000e+00, 0.0000e+00, 
 2DIAGNOSTIC,    14, -5.938084896245e-01, 7.349362320136e-05, 0.0000e+00, 0.0000e+00, 
 2DIAGNOSTIC,    15, -5.938084983506e-01, 2.039528754758e-06, 0.0000e+00, 0.0000e+00, 
 2DIAGNOSTIC,    16, -5.938084939103e-01, 1.697105262835e-06, 0.0000e+00, 0.0000e+00, 
 2DIAGNOSTIC,    17, -5.938084895205e-01, 1.773469262403e-06, 0.0000e+00, 0.0000e+00, 
 2DIAGNOSTIC,    18, -5.938084917562e-01, 1.676801835479e-06, 0.0000e+00, 0.0000e+00, 
 2DIAGNOSTIC,    19, -5.938084916880e-01, 1.622855476065e-06, 0.0000e+00, 0.0000e+00, 
 2DIAGNOSTIC,    20, -5.938084900650e-01, 1.561631721873e-06, 0.0000e+00, 0.0000e+00, 
