
##########################
# Experiment information #
##########################

EXPERIMENT_NAME: antsRegistration-r7-p23
VFC_BACKENDS: libinterflop_vprec.so --range-binary32=7 --precision-binary32=23 --range-binary64=7 --precision-binary64=23

SIF_IMG: /home/mdugre/projects/rrg-glatard/mdugre/containers/ants-vprec-no_metrics.simg

SUBJECT_ID: s003
INPUT_IMG: /home/mdugre/scratch/mri-registration-rp/datasets/ds004513/derivatives/mri-registration-rp/antsBrainExtraction/sub-s003/BrainExtractionBrain.nii.gz
OUTPUT_DIR: /home/mdugre/scratch/mri-registration-rp/datasets/ds004513/derivatives/mri-registration-rp/0011/antsRegistration-r7-p23/sub-s003

FIXED_IMG: /templateflow/tpl-MNI152NLin2009cAsym/tpl-MNI152NLin2009cAsym_res-01_desc-brain_T1w.nii.gz
DATA_DIR: /home/mdugre/scratch/mri-registration-rp/datasets/ds004513
TEMPLATEFLOW_DIR: /home/mdugre/projects/rrg-glatard/mdugre/templateflow
ITK_GLOBAL_DEFAULT_NUMBER_OF_THREADS: 16
##########################

Info [verificarlo]: loaded backend libinterflop_ieee.so
Info [interflop-ieee]: load backend with:
Info [interflop-ieee]: debug = false
Info [interflop-ieee]: debug-binary = false
Info [interflop-ieee]: no-backend-name = false
Info [interflop-ieee]: print-new-line = false
Info [interflop-ieee]: print-subnormal-normalized = false
Info [interflop-ieee]: count-op = false
All_Command_lines_OK
Using double precision for computations.
=============================================================================
The composite transform comprises the following transforms (in order): 
  1. Center of mass alignment using fixed image: /templateflow/tpl-MNI152NLin2009cAsym/tpl-MNI152NLin2009cAsym_res-01_desc-brain_T1w.nii.gz and moving image: /home/mdugre/scratch/mri-registration-rp/datasets/ds004513/derivatives/mri-registration-rp/antsBrainExtraction/sub-s003/BrainExtractionBrain.nii.gz (type = Euler3DTransform)
=============================================================================
  number of levels = 1
  fixed image: /templateflow/tpl-MNI152NLin2009cAsym/tpl-MNI152NLin2009cAsym_res-01_desc-brain_T1w.nii.gz
  moving image: /home/mdugre/scratch/mri-registration-rp/datasets/ds004513/derivatives/mri-registration-rp/antsBrainExtraction/sub-s003/BrainExtractionBrain.nii.gz
Dimension = 3
Number of stages = 1
Use histogram matching = false
Winsorize image intensities = true
  Lower quantile = 0.005
  Upper quantile = 0.995


Stage 1 State
   Image metric = MattesMI
     Fixed image = Image (0x4f0be70)
  RTTI typeinfo:   itk::Image<double, 3u>
  Reference Count: 2
  Modified Time: 2334
  Debug: Off
  Object Name: 
  Observers: 
    none
  Source: (none)
  Source output name: (none)
  Release Data: Off
  Data Released: False
  Global Release Data: Off
  PipelineMTime: 0
  UpdateMTime: 1943
  RealTimeStamp: 0 seconds 
  LargestPossibleRegion: 
    Dimension: 3
    Index: [0, 0, 0]
    Size: [193, 229, 193]
  BufferedRegion: 
    Dimension: 3
    Index: [0, 0, 0]
    Size: [193, 229, 193]
  RequestedRegion: 
    Dimension: 3
    Index: [0, 0, 0]
    Size: [193, 229, 193]
  Spacing: [1, 1, 1]
  Origin: [96, 132, -78]
  Direction: 
-1 0 0
0 -1 0
0 0 1

  IndexToPointMatrix: 
-1 0 0
0 -1 0
0 0 1

  PointToIndexMatrix: 
-1 0 0
0 -1 0
0 0 1

  Inverse Direction: 
-1 0 0
0 -1 0
0 0 1

  PixelContainer: 
    ImportImageContainer (0x4f18140)
      RTTI typeinfo:   itk::ImportImageContainer<unsigned long, double>
      Reference Count: 1
      Modified Time: 1940
      Debug: Off
      Object Name: 
      Observers: 
        none
      Pointer: 0x14d609a19010
      Container manages memory: true
      Size: 8530021
      Capacity: 8530021

     Moving image = Image (0x4f15310)
  RTTI typeinfo:   itk::Image<double, 3u>
  Reference Count: 2
  Modified Time: 2335
  Debug: Off
  Object Name: 
  Observers: 
    none
  Source: (none)
  Source output name: (none)
  Release Data: Off
  Data Released: False
  Global Release Data: Off
  PipelineMTime: 0
  UpdateMTime: 2332
  RealTimeStamp: 0 seconds 
  LargestPossibleRegion: 
    Dimension: 3
    Index: [0, 0, 0]
    Size: [176, 240, 256]
  BufferedRegion: 
    Dimension: 3
    Index: [0, 0, 0]
    Size: [176, 240, 256]
  RequestedRegion: 
    Dimension: 3
    Index: [0, 0, 0]
    Size: [176, 240, 256]
  Spacing: [0.999999, 1, 1]
  Origin: [93.3499, 86.9368, -128.957]
  Direction: 
-0.999513 -0.0279216 -0.0139567
0.0279189 -0.99961 0.000389866
-0.0139622 2.01492e-08 0.999903

  IndexToPointMatrix: 
-0.999512 -0.0279216 -0.0139567
0.0279189 -0.99961 0.000389866
-0.0139621 2.01492e-08 0.999903

  PointToIndexMatrix: 
-0.999514 0.0279189 -0.0139622
-0.0279216 -0.99961 2.01716e-08
-0.0139567 0.000389866 0.999903

  Inverse Direction: 
-0.999513 0.0279189 -0.0139622
-0.0279216 -0.99961 2.01716e-08
-0.0139567 0.000389866 0.999903

  PixelContainer: 
    ImportImageContainer (0x5040610)
      RTTI typeinfo:   itk::ImportImageContainer<unsigned long, double>
      Reference Count: 1
      Modified Time: 2329
      Debug: Off
      Object Name: 
      Observers: 
        none
      Pointer: 0x14d604798010
      Container manages memory: true
      Size: 10813440
      Capacity: 10813440

     Weighting = 1
     Sampling strategy = regular
     Number of bins = 32
     Radius = 4
     Sampling percentage  = 0.25
   Transform = Rigid
     Gradient step = 0.1
     Update field sigma (voxel space) = 0
     Total field sigma (voxel space) = 0
     Update field time sigma = 0
     Total field time sigma  = 0
     Number of time indices = 0
     Number of time point samples = 0
Registration using 1 total stages.

Stage 0
  iterations = 0
  convergence threshold = 1e-06
  convergence window size = 10
  number of levels = 1
  using the Mattes MI metric (number of bins = 32, weight = 1, use gradient filter = 0)
  preprocessing:  winsorizing the image intensities
  Shrink factors (level 1 out of 1): [1, 1, 1]
  smoothing sigmas per level: [0]
  regular sampling (percentage = 0.25)

*** Running Euler3DTransform registration ***

  Elapsed time (stage 0): 1.16013


Total elapsed time: 1.16462
Info [verificarlo]: loaded backend libinterflop_ieee.so
Info [interflop-ieee]: load backend with:
Info [interflop-ieee]: debug = false
Info [interflop-ieee]: debug-binary = false
Info [interflop-ieee]: no-backend-name = false
Info [interflop-ieee]: print-new-line = false
Info [interflop-ieee]: print-subnormal-normalized = false
Info [interflop-ieee]: count-op = false
All_Command_lines_OK
Using double precision for computations.
=============================================================================
The composite transform comprises the following transforms (in order): 
  1. /home/mdugre/scratch/mri-registration-rp/datasets/ds004513/derivatives/mri-registration-rp/0011/antsRegistration-r7-p23/sub-s003/align_Composite.h5[0] (type = Euler3DTransform)
  2. /home/mdugre/scratch/mri-registration-rp/datasets/ds004513/derivatives/mri-registration-rp/0011/antsRegistration-r7-p23/sub-s003/align_Composite.h5[1] (type = Euler3DTransform)
=============================================================================
  number of levels = 4
  fixed image: /templateflow/tpl-MNI152NLin2009cAsym/tpl-MNI152NLin2009cAsym_res-01_desc-brain_T1w.nii.gz
  moving image: /home/mdugre/scratch/mri-registration-rp/datasets/ds004513/derivatives/mri-registration-rp/antsBrainExtraction/sub-s003/BrainExtractionBrain.nii.gz
Dimension = 3
Number of stages = 1
Use histogram matching = false
Winsorize image intensities = true
  Lower quantile = 0.005
  Upper quantile = 0.995


Stage 1 State
   Image metric = MattesMI
     Fixed image = Image (0x4d74530)
  RTTI typeinfo:   itk::Image<double, 3u>
  Reference Count: 2
  Modified Time: 1580
  Debug: Off
  Object Name: 
  Observers: 
    none
  Source: (none)
  Source output name: (none)
  Release Data: Off
  Data Released: False
  Global Release Data: Off
  PipelineMTime: 0
  UpdateMTime: 1189
  RealTimeStamp: 0 seconds 
  LargestPossibleRegion: 
    Dimension: 3
    Index: [0, 0, 0]
    Size: [193, 229, 193]
  BufferedRegion: 
    Dimension: 3
    Index: [0, 0, 0]
    Size: [193, 229, 193]
  RequestedRegion: 
    Dimension: 3
    Index: [0, 0, 0]
    Size: [193, 229, 193]
  Spacing: [1, 1, 1]
  Origin: [96, 132, -78]
  Direction: 
-1 0 0
0 -1 0
0 0 1

  IndexToPointMatrix: 
-1 0 0
0 -1 0
0 0 1

  PointToIndexMatrix: 
-1 0 0
0 -1 0
0 0 1

  Inverse Direction: 
-1 0 0
0 -1 0
0 0 1

  PixelContainer: 
    ImportImageContainer (0x4e32d60)
      RTTI typeinfo:   itk::ImportImageContainer<unsigned long, double>
      Reference Count: 1
      Modified Time: 1186
      Debug: Off
      Object Name: 
      Observers: 
        none
      Pointer: 0x153839e42010
      Container manages memory: true
      Size: 8530021
      Capacity: 8530021

     Moving image = Image (0x4e24f60)
  RTTI typeinfo:   itk::Image<double, 3u>
  Reference Count: 2
  Modified Time: 1581
  Debug: Off
  Object Name: 
  Observers: 
    none
  Source: (none)
  Source output name: (none)
  Release Data: Off
  Data Released: False
  Global Release Data: Off
  PipelineMTime: 0
  UpdateMTime: 1578
  RealTimeStamp: 0 seconds 
  LargestPossibleRegion: 
    Dimension: 3
    Index: [0, 0, 0]
    Size: [176, 240, 256]
  BufferedRegion: 
    Dimension: 3
    Index: [0, 0, 0]
    Size: [176, 240, 256]
  RequestedRegion: 
    Dimension: 3
    Index: [0, 0, 0]
    Size: [176, 240, 256]
  Spacing: [0.999999, 1, 1]
  Origin: [93.3499, 86.9368, -128.957]
  Direction: 
-0.999513 -0.0279216 -0.0139567
0.0279189 -0.99961 0.000389866
-0.0139622 2.01492e-08 0.999903

  IndexToPointMatrix: 
-0.999512 -0.0279216 -0.0139567
0.0279189 -0.99961 0.000389866
-0.0139621 2.01492e-08 0.999903

  PointToIndexMatrix: 
-0.999514 0.0279189 -0.0139622
-0.0279216 -0.99961 2.01716e-08
-0.0139567 0.000389866 0.999903

  Inverse Direction: 
-0.999513 0.0279189 -0.0139622
-0.0279216 -0.99961 2.01716e-08
-0.0139567 0.000389866 0.999903

  PixelContainer: 
    ImportImageContainer (0x4e166d0)
      RTTI typeinfo:   itk::ImportImageContainer<unsigned long, double>
      Reference Count: 1
      Modified Time: 1575
      Debug: Off
      Object Name: 
      Observers: 
        none
      Pointer: 0x153834bc1010
      Container manages memory: true
      Size: 10813440
      Capacity: 10813440

     Weighting = 1
     Sampling strategy = regular
     Number of bins = 32
     Radius = 4
     Sampling percentage  = 0.25
   Transform = Rigid
     Gradient step = 0.1
     Update field sigma (voxel space) = 0
     Total field sigma (voxel space) = 0
     Update field time sigma = 0
     Total field time sigma  = 0
     Number of time indices = 0
     Number of time point samples = 0
Registration using 1 total stages.

Stage 0
  iterations = 1000x500x250x100
  convergence threshold = 1e-06
  convergence window size = 10
  number of levels = 4
  using the Mattes MI metric (number of bins = 32, weight = 1, use gradient filter = 0)
  preprocessing:  winsorizing the image intensities
  Shrink factors (level 1 out of 4): [8, 8, 8]
  Shrink factors (level 2 out of 4): [4, 4, 4]
  Shrink factors (level 3 out of 4): [2, 2, 2]
  Shrink factors (level 4 out of 4): [1, 1, 1]
  smoothing sigmas per level: [3, 2, 1, 0]
  regular sampling (percentage = 0.25)

*** Running Euler3DTransform registration ***

DIAGNOSTIC,Iteration,metricValue,convergenceValue,ITERATION_TIME_INDEX,SINCE_LAST
 2DIAGNOSTIC,     1, -4.871187133941e-01, 1.797693134862e+308, 8.0280e-01, 8.0280e-01, 
 2DIAGNOSTIC,     2, -4.887966556740e-01, 1.797693134862e+308, 8.0863e-01, 5.8270e-03, 
 2DIAGNOSTIC,     3, -4.919242839642e-01, 1.797693134862e+308, 8.1387e-01, 5.2428e-03, 
 2DIAGNOSTIC,     4, -5.019092629522e-01, 1.797693134862e+308, 8.1895e-01, 5.0738e-03, 
 2DIAGNOSTIC,     5, -5.198319788477e-01, 1.797693134862e+308, 8.2381e-01, 4.8680e-03, 
 2DIAGNOSTIC,     6, -5.251449584180e-01, 1.797693134862e+308, 8.2876e-01, 4.9498e-03, 
 2DIAGNOSTIC,     7, -5.365118080768e-01, 1.797693134862e+308, 8.3405e-01, 5.2860e-03, 
 2DIAGNOSTIC,     8, -5.564319077261e-01, 1.797693134862e+308, 8.4153e-01, 7.4780e-03, 
 2DIAGNOSTIC,     9, -5.572786469687e-01, 1.797693134862e+308, 8.4725e-01, 5.7261e-03, 
 2DIAGNOSTIC,    10, -5.597886110608e-01, 1.060089541986e-02, 8.5390e-01, 6.6509e-03, 
 2DIAGNOSTIC,    11, -5.645450860914e-01, 9.471656029002e-03, 8.5998e-01, 6.0780e-03, 
 2DIAGNOSTIC,    12, -5.675342641672e-01, 7.901754414629e-03, 8.6591e-01, 5.9240e-03, 
 2DIAGNOSTIC,    13, -5.685174641934e-01, 6.033280802479e-03, 8.7125e-01, 5.3411e-03, 
 2DIAGNOSTIC,    14, -5.693412095342e-01, 4.302087948768e-03, 8.7734e-01, 6.0959e-03, 
 2DIAGNOSTIC,    15, -5.718972801997e-01, 3.155204981951e-03, 8.8288e-01, 5.5399e-03, 
 2DIAGNOSTIC,    16, -5.734788767073e-01, 2.091398053250e-03, 8.8754e-01, 4.6542e-03, 
 2DIAGNOSTIC,    17, -5.737823402463e-01, 1.310029424173e-03, 8.9220e-01, 4.6592e-03, 
 2DIAGNOSTIC,    18, -5.749452616695e-01, 1.114936190119e-03, 8.9689e-01, 4.6968e-03, 
 2DIAGNOSTIC,    19, -5.774392255368e-01, 9.301256922430e-04, 9.0434e-01, 7.4430e-03, 
 2DIAGNOSTIC,    20, -5.782944999880e-01, 7.612328990053e-04, 9.0983e-01, 5.4889e-03, 
 2DIAGNOSTIC,    21, -5.788863756161e-01, 6.687985513361e-04, 9.1475e-01, 4.9250e-03, 
 2DIAGNOSTIC,    22, -5.857337703262e-01, 7.546209636260e-04, 9.1956e-01, 4.8139e-03, 
 2DIAGNOSTIC,    23, -6.028589201509e-01, 1.162232411280e-03, 9.2495e-01, 5.3818e-03, 
 2DIAGNOSTIC,    24, -6.086613830608e-01, 1.554691232643e-03, 9.3160e-01, 6.6509e-03, 
 2DIAGNOSTIC,    25, -6.127624300556e-01, 1.904928835189e-03, 9.3694e-01, 5.3470e-03, 
 2DIAGNOSTIC,    26, -6.171330101996e-01, 2.167612402334e-03, 9.4218e-01, 5.2390e-03, 
 2DIAGNOSTIC,    27, -6.180829719533e-01, 2.226134236295e-03, 9.4694e-01, 4.7581e-03, 
 2DIAGNOSTIC,    28, -6.204355228927e-01, 2.128618117918e-03, 9.5209e-01, 5.1489e-03, 
 2DIAGNOSTIC,    29, -6.216541937564e-01, 1.901236636715e-03, 9.5687e-01, 4.7841e-03, 
 2DIAGNOSTIC,    30, -6.252686875005e-01, 1.589741126254e-03, 9.6236e-01, 5.4901e-03, 
 2DIAGNOSTIC,    31, -6.305776849254e-01, 1.244380392193e-03, 9.6722e-01, 4.8521e-03, 
 2DIAGNOSTIC,    32, -6.437125333249e-01, 1.107468780135e-03, 9.7325e-01, 6.0341e-03, 
 2DIAGNOSTIC,    33, -6.470263114051e-01, 1.176389101486e-03, 9.7806e-01, 4.8110e-03, 
 2DIAGNOSTIC,    34, -6.489217453494e-01, 1.241902165989e-03, 9.8597e-01, 7.9091e-03, 
 2DIAGNOSTIC,    35, -6.509315011529e-01, 1.271891142592e-03, 9.9081e-01, 4.8442e-03, 
 2DIAGNOSTIC,    36, -6.520043059902e-01, 1.251975177736e-03, 9.9563e-01, 4.8199e-03, 
 2DIAGNOSTIC,    37, -6.528673912734e-01, 1.135507246630e-03, 1.0005e+00, 4.8811e-03, 
 2DIAGNOSTIC,    38, -6.532438013297e-01, 9.531163185022e-04, 1.0051e+00, 4.6279e-03, 
 2DIAGNOSTIC,    39, -6.541875470107e-01, 7.192487495768e-04, 1.0113e+00, 6.1798e-03, 
 2DIAGNOSTIC,    40, -6.542306811575e-01, 4.743496482406e-04, 1.0160e+00, 4.6480e-03, 
 2DIAGNOSTIC,    41, -6.546778682535e-01, 2.615600164989e-04, 1.0210e+00, 5.0271e-03, 
 2DIAGNOSTIC,    42, -6.549646504733e-01, 1.881238254295e-04, 1.0255e+00, 4.5030e-03, 
 2DIAGNOSTIC,    43, -6.556346833580e-01, 1.447200117806e-04, 1.0313e+00, 5.7552e-03, 
 2DIAGNOSTIC,    44, -6.557383178250e-01, 1.108864261999e-04, 1.0358e+00, 4.5900e-03, 
 2DIAGNOSTIC,    45, -6.563490830483e-01, 9.588060987023e-05, 1.0416e+00, 5.7960e-03, 
 2DIAGNOSTIC,    46, -6.588207971119e-01, 1.089947248624e-04, 1.0471e+00, 5.4109e-03, 
 2DIAGNOSTIC,    47, -6.589523138185e-01, 1.205064426974e-04, 1.0533e+00, 6.1979e-03, 
 2DIAGNOSTIC,    48, -6.589181812388e-01, 1.234640786475e-04, 1.0577e+00, 4.4460e-03, 
 2DIAGNOSTIC,    49, -6.588755019664e-01, 1.236880827372e-04, 1.0622e+00, 4.5352e-03, 
 2DIAGNOSTIC,    50, -6.588118582987e-01, 1.117969850069e-04, 1.0667e+00, 4.4949e-03, 
 2DIAGNOSTIC,    51, -6.589214832624e-01, 9.453631994404e-05, 1.0713e+00, 4.5531e-03, 
 2DIAGNOSTIC,    52, -6.590473278189e-01, 7.252777298383e-05, 1.0763e+00, 5.0371e-03, 
 2DIAGNOSTIC,    53, -6.595916950113e-01, 5.566832323506e-05, 1.0814e+00, 5.1041e-03, 
 2DIAGNOSTIC,    54, -6.598646433395e-01, 3.751316999424e-05, 1.0897e+00, 8.2722e-03, 
 2DIAGNOSTIC,    55, -6.599468925081e-01, 2.185761435142e-05, 1.0942e+00, 4.5071e-03, 
 2DIAGNOSTIC,    56, -6.598851403811e-01, 2.491037223360e-05, 1.0986e+00, 4.4010e-03, 
 2DIAGNOSTIC,    57, -6.599154584748e-01, 2.685765763553e-05, 1.1032e+00, 4.5581e-03, 
 2DIAGNOSTIC,    58, -6.599399638632e-01, 2.606491526911e-05, 1.1076e+00, 4.4510e-03, 
 2DIAGNOSTIC,    59, -6.599545470707e-01, 2.260925139858e-05, 1.1120e+00, 4.3709e-03, 
 2DIAGNOSTIC,    60, -6.599608506957e-01, 1.676012603698e-05, 1.1174e+00, 5.4379e-03, 
 2DIAGNOSTIC,    61, -6.600577892368e-01, 1.119795641267e-05, 1.1222e+00, 4.7700e-03, 
 2DIAGNOSTIC,    62, -6.600697190705e-01, 5.733510955081e-06, 1.1278e+00, 5.5931e-03, 
 2DIAGNOSTIC,    63, -6.601650595141e-01, 4.603611818570e-06, 1.1348e+00, 7.0429e-03, 
 2DIAGNOSTIC,    64, -6.601817041959e-01, 5.184925054164e-06, 1.1412e+00, 6.3758e-03, 
 2DIAGNOSTIC,    65, -6.600942738073e-01, 5.283273560624e-06, 1.1461e+00, 4.9109e-03, 
 2DIAGNOSTIC,    66, -6.601876363249e-01, 5.156996258429e-06, 1.1608e+00, 1.4730e-02, 
 2DIAGNOSTIC,    67, -6.601876363021e-01, 4.763645719691e-06, 1.1755e+00, 1.4685e-02, 
 2DIAGNOSTIC,    68, -6.601876363021e-01, 4.133647563995e-06, 1.1807e+00, 5.1880e-03, 
 2DIAGNOSTIC,    69, -6.601876363021e-01, 3.286448710060e-06, 1.1858e+00, 5.1301e-03, 
 2DIAGNOSTIC,    70, -6.601876363021e-01, 2.237212853758e-06, 1.1912e+00, 5.3720e-03, 
 2DIAGNOSTIC,    71, -6.601876363021e-01, 1.676417111934e-06, 1.2073e+00, 1.6056e-02, 
 2DIAGNOSTIC,    72, -6.601876363021e-01, 1.065244023556e-06, 1.2156e+00, 8.3580e-03, 
 2DIAGNOSTIC,    73, -6.601876363021e-01, 1.013032365098e-06, 1.2213e+00, 5.6441e-03, 
 2DIAGNOSTIC,    74, -6.601876363021e-01, 1.034840634805e-06, 1.2264e+00, 5.1379e-03, 
DIAGNOSTIC,Iteration,metricValue,convergenceValue,ITERATION_TIME_INDEX,SINCE_LAST
 2DIAGNOSTIC,     1, -5.278698711113e-01, 1.797693134862e+308, 2.0396e+00, 8.1316e-01, 
 2DIAGNOSTIC,     2, -5.285034390133e-01, 1.797693134862e+308, 2.0742e+00, 3.4592e-02, 
 2DIAGNOSTIC,     3, -5.291380224544e-01, 1.797693134862e+308, 2.1072e+00, 3.3008e-02, 
 2DIAGNOSTIC,     4, -5.295836351391e-01, 1.797693134862e+308, 2.1402e+00, 3.3047e-02, 
 2DIAGNOSTIC,     5, -5.298391099291e-01, 1.797693134862e+308, 2.1727e+00, 3.2491e-02, 
 2DIAGNOSTIC,     6, -5.301683172505e-01, 1.797693134862e+308, 2.2132e+00, 4.0480e-02, 
 2DIAGNOSTIC,     7, -5.303079912529e-01, 1.797693134862e+308, 2.2509e+00, 3.7664e-02, 
 2DIAGNOSTIC,     8, -5.303768470363e-01, 1.797693134862e+308, 2.2852e+00, 3.4359e-02, 
 2DIAGNOSTIC,     9, -5.305219993587e-01, 1.797693134862e+308, 2.3186e+00, 3.3337e-02, 
 2DIAGNOSTIC,    10, -5.306952214982e-01, 3.171222263812e-04, 2.3541e+00, 3.5513e-02, 
 2DIAGNOSTIC,    11, -5.318265098942e-01, 2.767419162464e-04, 2.3996e+00, 4.5542e-02, 
 2DIAGNOSTIC,    12, -5.329647738582e-01, 2.958768808865e-04, 2.4470e+00, 4.7370e-02, 
 2DIAGNOSTIC,    13, -5.334085219551e-01, 3.290833881275e-04, 2.4824e+00, 3.5441e-02, 
 2DIAGNOSTIC,    14, -5.336033292723e-01, 3.529329910426e-04, 2.5162e+00, 3.3792e-02, 
 2DIAGNOSTIC,    15, -5.337896585064e-01, 3.574881496642e-04, 2.5591e+00, 4.2895e-02, 
 2DIAGNOSTIC,    16, -5.338369276206e-01, 3.407985739162e-04, 2.5980e+00, 3.8894e-02, 
 2DIAGNOSTIC,    17, -5.339053033332e-01, 3.008663179549e-04, 2.6324e+00, 3.4369e-02, 
 2DIAGNOSTIC,    18, -5.339735142665e-01, 2.420151411504e-04, 2.6722e+00, 3.9869e-02, 
 2DIAGNOSTIC,    19, -5.341112086173e-01, 1.756866907632e-04, 2.7063e+00, 3.4092e-02, 
 2DIAGNOSTIC,    20, -5.348147006378e-01, 1.228138690924e-04, 2.7532e+00, 4.6908e-02, 
 2DIAGNOSTIC,    21, -5.352537578352e-01, 1.025746426050e-04, 2.7950e+00, 4.1730e-02, 
 2DIAGNOSTIC,    22, -5.365012812301e-01, 1.324132587862e-04, 2.8471e+00, 5.2160e-02, 
 2DIAGNOSTIC,    23, -5.365448350764e-01, 1.581575721690e-04, 2.8871e+00, 3.9946e-02, 
 2DIAGNOSTIC,    24, -5.365948748291e-01, 1.727629129406e-04, 2.9317e+00, 4.4632e-02, 
 2DIAGNOSTIC,    25, -5.365895633460e-01, 1.740900541877e-04, 2.9711e+00, 3.9379e-02, 
 2DIAGNOSTIC,    26, -5.365647059762e-01, 1.592761785252e-04, 3.0080e+00, 3.6898e-02, 
 2DIAGNOSTIC,    27, -5.365550976443e-01, 1.316438528476e-04, 3.0535e+00, 4.5523e-02, 
 2DIAGNOSTIC,    28, -5.365542034369e-01, 9.509202582723e-05, 3.0898e+00, 3.6272e-02, 
 2DIAGNOSTIC,    29, -5.365507457260e-01, 5.474734015836e-05, 3.1239e+00, 3.4102e-02, 
 2DIAGNOSTIC,    30, -5.365479021087e-01, 2.454032728093e-05, 3.1548e+00, 3.0879e-02, 
 2DIAGNOSTIC,    31, -5.365479991891e-01, 1.037699479789e-06, 3.1973e+00, 4.2568e-02, 
DIAGNOSTIC,Iteration,metricValue,convergenceValue,ITERATION_TIME_INDEX,SINCE_LAST
 2DIAGNOSTIC,     1, -4.759354435735e-01, 1.797693134862e+308, 4.4186e+00, 1.2213e+00, 
 2DIAGNOSTIC,     2, -4.762508635094e-01, 1.797693134862e+308, 4.7197e+00, 3.0109e-01, 
 2DIAGNOSTIC,     3, -4.765832415151e-01, 1.797693134862e+308, 5.0062e+00, 2.8655e-01, 
 2DIAGNOSTIC,     4, -4.768445562007e-01, 1.797693134862e+308, 5.2863e+00, 2.8011e-01, 
 2DIAGNOSTIC,     5, -4.769459643656e-01, 1.797693134862e+308, 5.5444e+00, 2.5801e-01, 
 2DIAGNOSTIC,     6, -4.770194388943e-01, 1.797693134862e+308, 5.8099e+00, 2.6554e-01, 
 2DIAGNOSTIC,     7, -4.772014042857e-01, 1.797693134862e+308, 6.0425e+00, 2.3264e-01, 
 2DIAGNOSTIC,     8, -4.773433720488e-01, 1.797693134862e+308, 6.3700e+00, 3.2744e-01, 
 2DIAGNOSTIC,     9, -4.775431716972e-01, 1.797693134862e+308, 6.6290e+00, 2.5905e-01, 
 2DIAGNOSTIC,    10, -4.778167024496e-01, 2.250102535405e-04, 6.8946e+00, 2.6560e-01, 
 2DIAGNOSTIC,    11, -4.780168908623e-01, 1.951458372578e-04, 7.1577e+00, 2.6305e-01, 
 2DIAGNOSTIC,    12, -4.782336782051e-01, 1.790580430481e-04, 7.4474e+00, 2.8972e-01, 
 2DIAGNOSTIC,    13, -4.783347707144e-01, 1.690033014182e-04, 7.7153e+00, 2.6793e-01, 
 2DIAGNOSTIC,    14, -4.784033686446e-01, 1.592499273933e-04, 8.0695e+00, 3.5413e-01, 
 2DIAGNOSTIC,    15, -4.784538696705e-01, 1.424624891582e-04, 8.3348e+00, 2.6531e-01, 
 2DIAGNOSTIC,    16, -4.785587784567e-01, 1.213798739105e-04, 8.7814e+00, 4.4667e-01, 
 2DIAGNOSTIC,    17, -4.786652246398e-01, 1.017748208285e-04, 9.0669e+00, 2.8546e-01, 
 2DIAGNOSTIC,    18, -4.787945595959e-01, 8.399718384508e-05, 9.4115e+00, 3.4461e-01, 
 2DIAGNOSTIC,    19, -4.789330915803e-01, 7.093478962957e-05, 9.8123e+00, 4.0079e-01, 
 2DIAGNOSTIC,    20, -4.789372244667e-01, 6.089760962416e-05, 1.0123e+01, 3.1083e-01, 
 2DIAGNOSTIC,    21, -4.789371084949e-01, 5.188876020566e-05, 1.0452e+01, 3.2913e-01, 
 2DIAGNOSTIC,    22, -4.789369473514e-01, 4.481106710758e-05, 1.0791e+01, 3.3896e-01, 
 2DIAGNOSTIC,    23, -4.789367548711e-01, 3.683319660126e-05, 1.1123e+01, 3.3220e-01, 
 2DIAGNOSTIC,    24, -4.789373275997e-01, 2.788109647889e-05, 1.1395e+01, 2.7192e-01, 
 2DIAGNOSTIC,    25, -4.789403284844e-01, 1.842051018004e-05, 1.1722e+01, 3.2657e-01, 
 2DIAGNOSTIC,    26, -4.789408158651e-01, 1.050211822278e-05, 1.2032e+01, 3.0985e-01, 
 2DIAGNOSTIC,    27, -4.789400342251e-01, 4.581690218206e-06, 1.2379e+01, 3.4751e-01, 
 2DIAGNOSTIC,    28, -4.789390890929e-01, 1.408340338696e-06, 1.2677e+01, 2.9726e-01, 
 2DIAGNOSTIC,    29, -4.789379377189e-01, 1.242329628171e-06, 1.2946e+01, 2.6920e-01, 
 2DIAGNOSTIC,    30, -4.789368430468e-01, 1.133090112321e-06, 1.3207e+01, 2.6166e-01, 
DIAGNOSTIC,Iteration,metricValue,convergenceValue,ITERATION_TIME_INDEX,SINCE_LAST
 2DIAGNOSTIC,     1, -4.452810198563e-01, 1.797693134862e+308, 1.6123e+01, 2.9157e+00, 
 2DIAGNOSTIC,     2, -4.452990271593e-01, 1.797693134862e+308, 1.7817e+01, 1.6938e+00, 
 2DIAGNOSTIC,     3, -4.453083725823e-01, 1.797693134862e+308, 1.9898e+01, 2.0813e+00, 
 2DIAGNOSTIC,     4, -4.453151823949e-01, 1.797693134862e+308, 2.1577e+01, 1.6785e+00, 
 2DIAGNOSTIC,     5, -4.453363554771e-01, 1.797693134862e+308, 2.3332e+01, 1.7548e+00, 
 2DIAGNOSTIC,     6, -4.453599333233e-01, 1.797693134862e+308, 2.4965e+01, 1.6330e+00, 
 2DIAGNOSTIC,     7, -4.453613795340e-01, 1.797693134862e+308, 2.7513e+01, 2.5482e+00, 
 2DIAGNOSTIC,     8, -4.453617332788e-01, 1.797693134862e+308, 2.9034e+01, 1.5217e+00, 
 2DIAGNOSTIC,     9, -4.453618978361e-01, 1.797693134862e+308, 3.0583e+01, 1.5481e+00, 
 2DIAGNOSTIC,    10, -4.453624051825e-01, 1.589623612501e-05, 3.2129e+01, 1.5462e+00, 
 2DIAGNOSTIC,    11, -4.453624555127e-01, 1.191463653787e-05, 3.4459e+01, 2.3305e+00, 
 2DIAGNOSTIC,    12, -4.453623797753e-01, 8.744097740626e-06, 3.6191e+01, 1.7321e+00, 
 2DIAGNOSTIC,    13, -4.453622715349e-01, 5.986446290282e-06, 3.7945e+01, 1.7533e+00, 
 2DIAGNOSTIC,    14, -4.453623314187e-01, 3.600652702135e-06, 3.9963e+01, 2.0182e+00, 
 2DIAGNOSTIC,    15, -4.453622677536e-01, 2.281449934013e-06, 4.1903e+01, 1.9404e+00, 
 2DIAGNOSTIC,    16, -4.453621908608e-01, 2.048338326358e-06, 4.3519e+01, 1.6159e+00, 
 2DIAGNOSTIC,    17, -4.453620221838e-01, 1.885225601246e-06, 4.4898e+01, 1.3795e+00, 
 2DIAGNOSTIC,    18, -4.453620341883e-01, 1.752159331639e-06, 4.6265e+01, 1.3661e+00, 
 2DIAGNOSTIC,    19, -4.453620544977e-01, 1.640066902911e-06, 4.7740e+01, 1.4751e+00, 
 2DIAGNOSTIC,    20, -4.453620888843e-01, 1.559450580953e-06, 4.9432e+01, 1.6924e+00, 
 2DIAGNOSTIC,    21, -4.453620419898e-01, 1.489618869976e-06, 5.1215e+01, 1.7827e+00, 
 2DIAGNOSTIC,    22, -4.453621878940e-01, 1.430753187072e-06, 5.3032e+01, 1.8173e+00, 
 2DIAGNOSTIC,    23, -4.453621370046e-01, 1.373802823806e-06, 5.4769e+01, 1.7364e+00, 
 2DIAGNOSTIC,    24, -4.453619848580e-01, 1.320016762188e-06, 5.6247e+01, 1.4784e+00, 
 2DIAGNOSTIC,    25, -4.453619364660e-01, 1.268336466388e-06, 5.7930e+01, 1.6835e+00, 
 2DIAGNOSTIC,    26, -4.453619920028e-01, 1.220594027726e-06, 5.9800e+01, 1.8697e+00, 
 2DIAGNOSTIC,    27, -4.453619831565e-01, 1.172316261074e-06, 6.1595e+01, 1.7948e+00, 
 2DIAGNOSTIC,    28, -4.453619005002e-01, 1.126430984384e-06, 6.3440e+01, 1.8447e+00, 
 2DIAGNOSTIC,    29, -4.453619238028e-01, 1.085734988075e-06, 6.5096e+01, 1.6567e+00, 
 2DIAGNOSTIC,    30, -4.453619353318e-01, 1.049821155112e-06, 6.6787e+01, 1.6910e+00, 
 2DIAGNOSTIC,    31, -4.453620800814e-01, 1.019042102653e-06, 6.8997e+01, 2.2101e+00, 
  Elapsed time (stage 0): 6.9958e+01


Total elapsed time: 6.9961e+01
Info [verificarlo]: loaded backend libinterflop_vprec.so
Info [interflop-vprec]: load backend with: 
Info [interflop-vprec]: precision-binary32 = 23
Info [interflop-vprec]: range-binary32 = 7
Info [interflop-vprec]: precision-binary64 = 23
Info [interflop-vprec]: range-binary64 = 7
Info [interflop-vprec]: mode = ob
Info [interflop-vprec]: error-mode = rel
Info [interflop-vprec]: max-abs-error-exponent = -1022
Info [interflop-vprec]: daz = false
Info [interflop-vprec]: ftz = false
Info [interflop-vprec]: 	instrument = none
Info [interflop-vprec]: 	prec-input-file = (null)
Info [interflop-vprec]: 	prec-output-file = (null)
Info [interflop-vprec]: 	prec-log-file = (null)
All_Command_lines_OK
Using double precision for computations.
=============================================================================
The composite transform comprises the following transforms (in order): 
  1. /home/mdugre/scratch/mri-registration-rp/datasets/ds004513/derivatives/mri-registration-rp/0011/antsRegistration-r7-p23/sub-s003/rigid_Composite.h5[0] (type = Euler3DTransform)
  2. /home/mdugre/scratch/mri-registration-rp/datasets/ds004513/derivatives/mri-registration-rp/0011/antsRegistration-r7-p23/sub-s003/rigid_Composite.h5[1] (type = Euler3DTransform)
  3. /home/mdugre/scratch/mri-registration-rp/datasets/ds004513/derivatives/mri-registration-rp/0011/antsRegistration-r7-p23/sub-s003/rigid_Composite.h5[2] (type = Euler3DTransform)
=============================================================================
  number of levels = 4
  fixed image: /templateflow/tpl-MNI152NLin2009cAsym/tpl-MNI152NLin2009cAsym_res-01_desc-brain_T1w.nii.gz
  moving image: /home/mdugre/scratch/mri-registration-rp/datasets/ds004513/derivatives/mri-registration-rp/antsBrainExtraction/sub-s003/BrainExtractionBrain.nii.gz
Dimension = 3
Number of stages = 1
Use histogram matching = false
Winsorize image intensities = true
  Lower quantile = 0.005
  Upper quantile = 0.995


Stage 1 State
   Image metric = MattesMI
     Fixed image = Image (0x4e4b490)
  RTTI typeinfo:   itk::Image<double, 3u>
  Reference Count: 2
  Modified Time: 1594
  Debug: Off
  Object Name: 
  Observers: 
    none
  Source: (none)
  Source output name: (none)
  Release Data: Off
  Data Released: False
  Global Release Data: Off
  PipelineMTime: 0
  UpdateMTime: 1203
  RealTimeStamp: 0 seconds 
  LargestPossibleRegion: 
    Dimension: 3
    Index: [0, 0, 0]
    Size: [193, 229, 193]
  BufferedRegion: 
    Dimension: 3
    Index: [0, 0, 0]
    Size: [193, 229, 193]
  RequestedRegion: 
    Dimension: 3
    Index: [0, 0, 0]
    Size: [193, 229, 193]
  Spacing: [1, 1, 1]
  Origin: [96, 132, -78]
  Direction: 
-1 0 0
0 -1 0
0 0 1

  IndexToPointMatrix: 
-1 0 0
0 -1 0
0 0 1

  PointToIndexMatrix: 
-1 0 0
0 -1 0
0 0 1

  Inverse Direction: 
-1 0 0
0 -1 0
0 0 1

  PixelContainer: 
    ImportImageContainer (0x4f168c0)
      RTTI typeinfo:   itk::ImportImageContainer<unsigned long, double>
      Reference Count: 1
      Modified Time: 1200
      Debug: Off
      Object Name: 
      Observers: 
        none
      Pointer: 0x14affed50010
      Container manages memory: true
      Size: 8530021
      Capacity: 8530021

     Moving image = Image (0x4f06b60)
  RTTI typeinfo:   itk::Image<double, 3u>
  Reference Count: 2
  Modified Time: 1595
  Debug: Off
  Object Name: 
  Observers: 
    none
  Source: (none)
  Source output name: (none)
  Release Data: Off
  Data Released: False
  Global Release Data: Off
  PipelineMTime: 0
  UpdateMTime: 1592
  RealTimeStamp: 0 seconds 
  LargestPossibleRegion: 
    Dimension: 3
    Index: [0, 0, 0]
    Size: [176, 240, 256]
  BufferedRegion: 
    Dimension: 3
    Index: [0, 0, 0]
    Size: [176, 240, 256]
  RequestedRegion: 
    Dimension: 3
    Index: [0, 0, 0]
    Size: [176, 240, 256]
  Spacing: [0.999999, 1, 1]
  Origin: [93.3499, 86.9368, -128.957]
  Direction: 
-0.999513 -0.0279216 -0.0139567
0.0279189 -0.99961 0.000389866
-0.0139622 2.01492e-08 0.999902

  IndexToPointMatrix: 
-0.999512 -0.0279216 -0.0139567
0.0279189 -0.99961 0.000389866
-0.0139621 2.01492e-08 0.999902

  PointToIndexMatrix: 
-0.999514 0.0279189 -0.0139622
-0.0279216 -0.99961 2.01544e-08
-0.0139567 0.000389866 0.999903

  Inverse Direction: 
-0.999513 0.0279189 -0.0139622
-0.0279216 -0.99961 2.01544e-08
-0.0139567 0.000389866 0.999903

  PixelContainer: 
    ImportImageContainer (0x4f9a1d0)
      RTTI typeinfo:   itk::ImportImageContainer<unsigned long, double>
      Reference Count: 1
      Modified Time: 1589
      Debug: Off
      Object Name: 
      Observers: 
        none
      Pointer: 0x14aff9acf010
      Container manages memory: true
      Size: 10813440
      Capacity: 10813440

     Weighting = 1
     Sampling strategy = regular
     Number of bins = 32
     Radius = 4
     Sampling percentage  = 0.25
   Transform = Affine
     Gradient step = 0.1
     Update field sigma (voxel space) = 0
     Total field sigma (voxel space) = 0
     Update field time sigma = 0
     Total field time sigma  = 0
     Number of time indices = 0
     Number of time point samples = 0
Registration using 1 total stages.

Stage 0
  iterations = 1000x500x250x100
  convergence threshold = 1e-06
  convergence window size = 10
  number of levels = 4
  using the Mattes MI metric (number of bins = 32, weight = 1, use gradient filter = 0)
  preprocessing:  winsorizing the image intensities
  Shrink factors (level 1 out of 4): [8, 8, 8]
  Shrink factors (level 2 out of 4): [4, 4, 4]
  Shrink factors (level 3 out of 4): [2, 2, 2]
  Shrink factors (level 4 out of 4): [1, 1, 1]
  smoothing sigmas per level: [3, 2, 1, 0]
  regular sampling (percentage = 0.25)

*** Running AffineTransform registration ***

DIAGNOSTIC,Iteration,metricValue,convergenceValue,ITERATION_TIME_INDEX,SINCE_LAST
 2DIAGNOSTIC,     1, -6.599082322368e-01, 1.797693134862e+308, 0.0000e+00, 0.0000e+00, 
 2DIAGNOSTIC,     2, -6.626018581054e-01, 1.797693134862e+308, 0.0000e+00, 0.0000e+00, 
 2DIAGNOSTIC,     3, -6.666853171941e-01, 1.797693134862e+308, 0.0000e+00, 0.0000e+00, 
 2DIAGNOSTIC,     4, -6.728348067112e-01, 1.797693134862e+308, 0.0000e+00, 0.0000e+00, 
 2DIAGNOSTIC,     5, -6.810936093224e-01, 1.797693134862e+308, 0.0000e+00, 0.0000e+00, 
 2DIAGNOSTIC,     6, -6.932842284322e-01, 1.797693134862e+308, 0.0000e+00, 0.0000e+00, 
 2DIAGNOSTIC,     7, -7.072461442850e-01, 1.797693134862e+308, 0.0000e+00, 0.0000e+00, 
 2DIAGNOSTIC,     8, -7.184059544793e-01, 1.797693134862e+308, 0.0000e+00, 0.0000e+00, 
 2DIAGNOSTIC,     9, -7.196024920915e-01, 1.797693134862e+308, 0.0000e+00, 0.0000e+00, 
 2DIAGNOSTIC,    10, -7.192002203750e-01, 6.736137341967e-03, 0.0000e+00, 0.0000e+00, 
 2DIAGNOSTIC,    11, -7.204969457321e-01, 5.832830026072e-03, 0.0000e+00, 0.0000e+00, 
 2DIAGNOSTIC,    12, -7.217401180699e-01, 4.689342066362e-03, 0.0000e+00, 0.0000e+00, 
 2DIAGNOSTIC,    13, -7.227619048401e-01, 3.461003243868e-03, 0.0000e+00, 0.0000e+00, 
 2DIAGNOSTIC,    14, -7.239834669092e-01, 2.316913710912e-03, 0.0000e+00, 0.0000e+00, 
 2DIAGNOSTIC,    15, -7.250364825824e-01, 1.371043768303e-03, 0.0000e+00, 0.0000e+00, 
 2DIAGNOSTIC,    16, -7.254738301781e-01, 7.343923941702e-04, 0.0000e+00, 0.0000e+00, 
 2DIAGNOSTIC,    17, -7.256247346953e-01, 4.352050798373e-04, 0.0000e+00, 0.0000e+00, 
 2DIAGNOSTIC,    18, -7.260063111444e-01, 3.881204789252e-04, 0.0000e+00, 0.0000e+00, 
 2DIAGNOSTIC,    19, -7.262694443318e-01, 3.416618099898e-04, 0.0000e+00, 0.0000e+00, 
 2DIAGNOSTIC,    20, -7.267236064061e-01, 2.688608050929e-04, 0.0000e+00, 0.0000e+00, 
 2DIAGNOSTIC,    21, -7.266504429185e-01, 2.013361111486e-04, 0.0000e+00, 0.0000e+00, 
 2DIAGNOSTIC,    22, -7.266552866404e-01, 1.443717104041e-04, 0.0000e+00, 0.0000e+00, 
 2DIAGNOSTIC,    23, -7.266694458988e-01, 9.686638253086e-05, 0.0000e+00, 0.0000e+00, 
 2DIAGNOSTIC,    24, -7.267897364715e-01, 6.630985223807e-05, 0.0000e+00, 0.0000e+00, 
 2DIAGNOSTIC,    25, -7.269000313971e-01, 5.049755762879e-05, 0.0000e+00, 0.0000e+00, 
 2DIAGNOSTIC,    26, -7.268757895050e-01, 3.768877167261e-05, 0.0000e+00, 0.0000e+00, 
 2DIAGNOSTIC,    27, -7.268182127922e-01, 2.385339993768e-05, 0.0000e+00, 0.0000e+00, 
 2DIAGNOSTIC,    28, -7.267652564740e-01, 1.355850110994e-05, 0.0000e+00, 0.0000e+00, 
 2DIAGNOSTIC,    29, -7.267106408514e-01, 5.463165926700e-06, 0.0000e+00, 0.0000e+00, 
 2DIAGNOSTIC,    30, -7.267408823459e-01, 3.938217059997e-06, 0.0000e+00, 0.0000e+00, 
 2DIAGNOSTIC,    31, -7.267640392359e-01, 1.598660388347e-06, 0.0000e+00, 0.0000e+00, 
 2DIAGNOSTIC,    32, -7.270096420334e-01, 2.504295606207e-06, 0.0000e+00, 0.0000e+00, 
 2DIAGNOSTIC,    33, -7.271412188426e-01, 4.878275147946e-06, 0.0000e+00, 0.0000e+00, 
 2DIAGNOSTIC,    34, -7.270848159108e-01, 7.442448410139e-06, 0.0000e+00, 0.0000e+00, 
 2DIAGNOSTIC,    35, -7.269969743499e-01, 9.563535848325e-06, 0.0000e+00, 0.0000e+00, 
 2DIAGNOSTIC,    36, -7.268588243198e-01, 8.982549360357e-06, 0.0000e+00, 0.0000e+00, 
 2DIAGNOSTIC,    37, -7.271543288865e-01, 1.020064928049e-05, 0.0000e+00, 0.0000e+00, 
 2DIAGNOSTIC,    38, -7.271159031938e-01, 9.384833629611e-06, 0.0000e+00, 0.0000e+00, 
 2DIAGNOSTIC,    39, -7.272814168662e-01, 8.992799582660e-06, 0.0000e+00, 0.0000e+00, 
 2DIAGNOSTIC,    40, -7.274255550395e-01, 9.632151281531e-06, 0.0000e+00, 0.0000e+00, 
 2DIAGNOSTIC,    41, -7.275614270889e-01, 1.086131124120e-05, 0.0000e+00, 0.0000e+00, 
 2DIAGNOSTIC,    42, -7.276368658405e-01, 1.400580126879e-05, 0.0000e+00, 0.0000e+00, 
 2DIAGNOSTIC,    43, -7.276907837742e-01, 1.743685850013e-05, 0.0000e+00, 0.0000e+00, 
 2DIAGNOSTIC,    44, -7.276179890962e-01, 1.798962552686e-05, 0.0000e+00, 0.0000e+00, 
 2DIAGNOSTIC,    45, -7.277500068663e-01, 1.731997504113e-05, 0.0000e+00, 0.0000e+00, 
 2DIAGNOSTIC,    46, -7.276680963370e-01, 1.308620076738e-05, 0.0000e+00, 0.0000e+00, 
 2DIAGNOSTIC,    47, -7.277829082253e-01, 1.135412064010e-05, 0.0000e+00, 0.0000e+00, 
 2DIAGNOSTIC,    48, -7.278116343279e-01, 8.562096354674e-06, 0.0000e+00, 0.0000e+00, 
 2DIAGNOSTIC,    49, -7.277445891480e-01, 5.911644875789e-06, 0.0000e+00, 0.0000e+00, 
 2DIAGNOSTIC,    50, -7.276542726357e-01, 3.293333863400e-06, 0.0000e+00, 0.0000e+00, 
 2DIAGNOSTIC,    51, -7.276605342910e-01, 1.625876835082e-06, 0.0000e+00, 0.0000e+00, 
DIAGNOSTIC,Iteration,metricValue,convergenceValue,ITERATION_TIME_INDEX,SINCE_LAST
 2DIAGNOSTIC,     1, -5.973950986854e-01, 1.797693134862e+308, 0.0000e+00, 0.0000e+00, 
 2DIAGNOSTIC,     2, -5.979610080699e-01, 1.797693134862e+308, 0.0000e+00, 0.0000e+00, 
 2DIAGNOSTIC,     3, -5.987716559055e-01, 1.797693134862e+308, 0.0000e+00, 0.0000e+00, 
 2DIAGNOSTIC,     4, -5.994691270322e-01, 1.797693134862e+308, 0.0000e+00, 0.0000e+00, 
 2DIAGNOSTIC,     5, -5.998835498791e-01, 1.797693134862e+308, 0.0000e+00, 0.0000e+00, 
 2DIAGNOSTIC,     6, -6.003101908050e-01, 1.797693134862e+308, 0.0000e+00, 0.0000e+00, 
 2DIAGNOSTIC,     7, -6.005537052678e-01, 1.797693134862e+308, 0.0000e+00, 0.0000e+00, 
 2DIAGNOSTIC,     8, -6.008047141508e-01, 1.797693134862e+308, 0.0000e+00, 0.0000e+00, 
 2DIAGNOSTIC,     9, -6.008303249097e-01, 1.797693134862e+308, 0.0000e+00, 0.0000e+00, 
 2DIAGNOSTIC,    10, -6.008446650610e-01, 3.804576343002e-04, 0.0000e+00, 0.0000e+00, 
 2DIAGNOSTIC,    11, -6.008656088819e-01, 2.674549178550e-04, 0.0000e+00, 0.0000e+00, 
 2DIAGNOSTIC,    12, -6.009679615678e-01, 1.753983738384e-04, 0.0000e+00, 0.0000e+00, 
 2DIAGNOSTIC,    13, -6.013160900524e-01, 1.235781750148e-04, 0.0000e+00, 0.0000e+00, 
 2DIAGNOSTIC,    14, -6.014413200134e-01, 9.558020558124e-05, 0.0000e+00, 0.0000e+00, 
 2DIAGNOSTIC,    15, -6.014453887173e-01, 7.591200798095e-05, 0.0000e+00, 0.0000e+00, 
 2DIAGNOSTIC,    16, -6.014974189316e-01, 6.618690873665e-05, 0.0000e+00, 0.0000e+00, 
 2DIAGNOSTIC,    17, -6.015418368983e-01, 5.946155291504e-05, 0.0000e+00, 0.0000e+00, 
 2DIAGNOSTIC,    18, -6.015174781469e-01, 5.392815595873e-05, 0.0000e+00, 0.0000e+00, 
 2DIAGNOSTIC,    19, -6.015243890639e-01, 4.495935775195e-05, 0.0000e+00, 0.0000e+00, 
 2DIAGNOSTIC,    20, -6.015195539137e-01, 3.322971511980e-05, 0.0000e+00, 0.0000e+00, 
 2DIAGNOSTIC,    21, -6.015176324163e-01, 2.014730333312e-05, 0.0000e+00, 0.0000e+00, 
 2DIAGNOSTIC,    22, -6.015361342076e-01, 8.919234654486e-06, 0.0000e+00, 0.0000e+00, 
 2DIAGNOSTIC,    23, -6.015555104540e-01, 5.466534508128e-06, 0.0000e+00, 0.0000e+00, 
 2DIAGNOSTIC,    24, -6.015457280486e-01, 4.212426245695e-06, 0.0000e+00, 0.0000e+00, 
 2DIAGNOSTIC,    25, -6.015506751883e-01, 2.949473927261e-06, 0.0000e+00, 0.0000e+00, 
 2DIAGNOSTIC,    26, -6.015484104907e-01, 2.505961194936e-06, 0.0000e+00, 0.0000e+00, 
 2DIAGNOSTIC,    27, -6.015680106441e-01, 3.101416895010e-06, 0.0000e+00, 0.0000e+00, 
 2DIAGNOSTIC,    28, -6.015613702223e-01, 2.929823294161e-06, 0.0000e+00, 0.0000e+00, 
 2DIAGNOSTIC,    29, -6.015409382892e-01, 2.394636738165e-06, 0.0000e+00, 0.0000e+00, 
 2DIAGNOSTIC,    30, -6.015280026267e-01, 1.514167761361e-06, 0.0000e+00, 0.0000e+00, 
DIAGNOSTIC,Iteration,metricValue,convergenceValue,ITERATION_TIME_INDEX,SINCE_LAST
 2DIAGNOSTIC,     1, -5.240512012830e-01, 1.797693134862e+308, 0.0000e+00, 0.0000e+00, 
 2DIAGNOSTIC,     2, -5.243074799765e-01, 1.797693134862e+308, 0.0000e+00, 0.0000e+00, 
 2DIAGNOSTIC,     3, -5.245994461839e-01, 1.797693134862e+308, 0.0000e+00, 0.0000e+00, 
 2DIAGNOSTIC,     4, -5.249458892213e-01, 1.797693134862e+308, 0.0000e+00, 0.0000e+00, 
 2DIAGNOSTIC,     5, -5.255195062204e-01, 1.797693134862e+308, 0.0000e+00, 0.0000e+00, 
 2DIAGNOSTIC,     6, -5.262575161302e-01, 1.797693134862e+308, 0.0000e+00, 0.0000e+00, 
 2DIAGNOSTIC,     7, -5.283601204426e-01, 1.797693134862e+308, 0.0000e+00, 0.0000e+00, 
 2DIAGNOSTIC,     8, -5.283614554337e-01, 1.797693134862e+308, 0.0000e+00, 0.0000e+00, 
 2DIAGNOSTIC,     9, -5.283630998817e-01, 1.797693134862e+308, 0.0000e+00, 0.0000e+00, 
