
##########################
# Experiment information #
##########################

EXPERIMENT_NAME: antsRegistration-r8-p6
VFC_BACKENDS: libinterflop_vprec.so --range-binary32=8 --precision-binary32=6 --range-binary64=8 --precision-binary64=6

SIF_IMG: /home/mdugre/projects/rrg-glatard/mdugre/containers/ants-vprec-no_metrics.simg

SUBJECT_ID: s033
INPUT_IMG: /home/mdugre/scratch/mri-registration-rp/datasets/ds004513/derivatives/mri-registration-rp/antsBrainExtraction/sub-s033/BrainExtractionBrain.nii.gz
OUTPUT_DIR: /home/mdugre/scratch/mri-registration-rp/datasets/ds004513/derivatives/mri-registration-rp/0011/antsRegistration-r8-p6/sub-s033

FIXED_IMG: /templateflow/tpl-MNI152NLin2009cAsym/tpl-MNI152NLin2009cAsym_res-01_desc-brain_T1w.nii.gz
DATA_DIR: /home/mdugre/scratch/mri-registration-rp/datasets/ds004513
TEMPLATEFLOW_DIR: /home/mdugre/projects/rrg-glatard/mdugre/templateflow
ITK_GLOBAL_DEFAULT_NUMBER_OF_THREADS: 16
##########################

Info [verificarlo]: loaded backend libinterflop_ieee.so
Info [interflop-ieee]: load backend with:
Info [interflop-ieee]: debug = false
Info [interflop-ieee]: debug-binary = false
Info [interflop-ieee]: no-backend-name = false
Info [interflop-ieee]: print-new-line = false
Info [interflop-ieee]: print-subnormal-normalized = false
Info [interflop-ieee]: count-op = false
All_Command_lines_OK
Using double precision for computations.
=============================================================================
The composite transform comprises the following transforms (in order): 
  1. Center of mass alignment using fixed image: /templateflow/tpl-MNI152NLin2009cAsym/tpl-MNI152NLin2009cAsym_res-01_desc-brain_T1w.nii.gz and moving image: /home/mdugre/scratch/mri-registration-rp/datasets/ds004513/derivatives/mri-registration-rp/antsBrainExtraction/sub-s033/BrainExtractionBrain.nii.gz (type = Euler3DTransform)
=============================================================================
  number of levels = 1
  fixed image: /templateflow/tpl-MNI152NLin2009cAsym/tpl-MNI152NLin2009cAsym_res-01_desc-brain_T1w.nii.gz
  moving image: /home/mdugre/scratch/mri-registration-rp/datasets/ds004513/derivatives/mri-registration-rp/antsBrainExtraction/sub-s033/BrainExtractionBrain.nii.gz
Dimension = 3
Number of stages = 1
Use histogram matching = false
Winsorize image intensities = true
  Lower quantile = 0.005
  Upper quantile = 0.995


Stage 1 State
   Image metric = MattesMI
     Fixed image = Image (0x3300bd0)
  RTTI typeinfo:   itk::Image<double, 3u>
  Reference Count: 2
  Modified Time: 2330
  Debug: Off
  Object Name: 
  Observers: 
    none
  Source: (none)
  Source output name: (none)
  Release Data: Off
  Data Released: False
  Global Release Data: Off
  PipelineMTime: 0
  UpdateMTime: 1941
  RealTimeStamp: 0 seconds 
  LargestPossibleRegion: 
    Dimension: 3
    Index: [0, 0, 0]
    Size: [193, 229, 193]
  BufferedRegion: 
    Dimension: 3
    Index: [0, 0, 0]
    Size: [193, 229, 193]
  RequestedRegion: 
    Dimension: 3
    Index: [0, 0, 0]
    Size: [193, 229, 193]
  Spacing: [1, 1, 1]
  Origin: [96, 132, -78]
  Direction: 
-1 0 0
0 -1 0
0 0 1

  IndexToPointMatrix: 
-1 0 0
0 -1 0
0 0 1

  PointToIndexMatrix: 
-1 0 0
0 -1 0
0 0 1

  Inverse Direction: 
-1 0 0
0 -1 0
0 0 1

  PixelContainer: 
    ImportImageContainer (0x33099e0)
      RTTI typeinfo:   itk::ImportImageContainer<unsigned long, double>
      Reference Count: 1
      Modified Time: 1938
      Debug: Off
      Object Name: 
      Observers: 
        none
      Pointer: 0x14e83c2d8010
      Container manages memory: true
      Size: 8530021
      Capacity: 8530021

     Moving image = Image (0x330a910)
  RTTI typeinfo:   itk::Image<double, 3u>
  Reference Count: 2
  Modified Time: 2331
  Debug: Off
  Object Name: 
  Observers: 
    none
  Source: (none)
  Source output name: (none)
  Release Data: Off
  Data Released: False
  Global Release Data: Off
  PipelineMTime: 0
  UpdateMTime: 2328
  RealTimeStamp: 0 seconds 
  LargestPossibleRegion: 
    Dimension: 3
    Index: [0, 0, 0]
    Size: [160, 240, 256]
  BufferedRegion: 
    Dimension: 3
    Index: [0, 0, 0]
    Size: [160, 240, 256]
  RequestedRegion: 
    Dimension: 3
    Index: [0, 0, 0]
    Size: [160, 240, 256]
  Spacing: [1, 1, 1]
  Origin: [91.5134, 94.282, -109.927]
  Direction: 
-0.99591 -0.0698718 -0.0572835
0.0697565 -0.997556 0.00401236
-0.0574239 5.01125e-08 0.99835

  IndexToPointMatrix: 
-0.99591 -0.0698718 -0.0572835
0.0697565 -0.997556 0.00401236
-0.0574239 5.01125e-08 0.99835

  PointToIndexMatrix: 
-0.99591 0.0697565 -0.0574239
-0.0698718 -0.997556 5.01483e-08
-0.0572835 0.00401236 0.99835

  Inverse Direction: 
-0.99591 0.0697565 -0.0574239
-0.0698718 -0.997556 5.01483e-08
-0.0572835 0.00401236 0.99835

  PixelContainer: 
    ImportImageContainer (0x33f0a50)
      RTTI typeinfo:   itk::ImportImageContainer<unsigned long, double>
      Reference Count: 1
      Modified Time: 2325
      Debug: Off
      Object Name: 
      Observers: 
        none
      Pointer: 0x14e8377d7010
      Container manages memory: true
      Size: 9830400
      Capacity: 9830400

     Weighting = 1
     Sampling strategy = regular
     Number of bins = 32
     Radius = 4
     Sampling percentage  = 0.25
   Transform = Rigid
     Gradient step = 0.1
     Update field sigma (voxel space) = 0
     Total field sigma (voxel space) = 0
     Update field time sigma = 0
     Total field time sigma  = 0
     Number of time indices = 0
     Number of time point samples = 0
Registration using 1 total stages.

Stage 0
  iterations = 0
  convergence threshold = 1e-06
  convergence window size = 10
  number of levels = 1
  using the Mattes MI metric (number of bins = 32, weight = 1, use gradient filter = 0)
  preprocessing:  winsorizing the image intensities
  Shrink factors (level 1 out of 1): [1, 1, 1]
  smoothing sigmas per level: [0]
  regular sampling (percentage = 0.25)

*** Running Euler3DTransform registration ***

  Elapsed time (stage 0): 1.18957


Total elapsed time: 1.19167
Info [verificarlo]: loaded backend libinterflop_ieee.so
Info [interflop-ieee]: load backend with:
Info [interflop-ieee]: debug = false
Info [interflop-ieee]: debug-binary = false
Info [interflop-ieee]: no-backend-name = false
Info [interflop-ieee]: print-new-line = false
Info [interflop-ieee]: print-subnormal-normalized = false
Info [interflop-ieee]: count-op = false
All_Command_lines_OK
Using double precision for computations.
=============================================================================
The composite transform comprises the following transforms (in order): 
  1. /home/mdugre/scratch/mri-registration-rp/datasets/ds004513/derivatives/mri-registration-rp/0011/antsRegistration-r8-p6/sub-s033/align_Composite.h5[0] (type = Euler3DTransform)
  2. /home/mdugre/scratch/mri-registration-rp/datasets/ds004513/derivatives/mri-registration-rp/0011/antsRegistration-r8-p6/sub-s033/align_Composite.h5[1] (type = Euler3DTransform)
=============================================================================
  number of levels = 4
  fixed image: /templateflow/tpl-MNI152NLin2009cAsym/tpl-MNI152NLin2009cAsym_res-01_desc-brain_T1w.nii.gz
  moving image: /home/mdugre/scratch/mri-registration-rp/datasets/ds004513/derivatives/mri-registration-rp/antsBrainExtraction/sub-s033/BrainExtractionBrain.nii.gz
Dimension = 3
Number of stages = 1
Use histogram matching = false
Winsorize image intensities = true
  Lower quantile = 0.005
  Upper quantile = 0.995


Stage 1 State
   Image metric = MattesMI
     Fixed image = Image (0x4d87530)
  RTTI typeinfo:   itk::Image<double, 3u>
  Reference Count: 2
  Modified Time: 1578
  Debug: Off
  Object Name: 
  Observers: 
    none
  Source: (none)
  Source output name: (none)
  Release Data: Off
  Data Released: False
  Global Release Data: Off
  PipelineMTime: 0
  UpdateMTime: 1189
  RealTimeStamp: 0 seconds 
  LargestPossibleRegion: 
    Dimension: 3
    Index: [0, 0, 0]
    Size: [193, 229, 193]
  BufferedRegion: 
    Dimension: 3
    Index: [0, 0, 0]
    Size: [193, 229, 193]
  RequestedRegion: 
    Dimension: 3
    Index: [0, 0, 0]
    Size: [193, 229, 193]
  Spacing: [1, 1, 1]
  Origin: [96, 132, -78]
  Direction: 
-1 0 0
0 -1 0
0 0 1

  IndexToPointMatrix: 
-1 0 0
0 -1 0
0 0 1

  PointToIndexMatrix: 
-1 0 0
0 -1 0
0 0 1

  Inverse Direction: 
-1 0 0
0 -1 0
0 0 1

  PixelContainer: 
    ImportImageContainer (0x4e45d60)
      RTTI typeinfo:   itk::ImportImageContainer<unsigned long, double>
      Reference Count: 1
      Modified Time: 1186
      Debug: Off
      Object Name: 
      Observers: 
        none
      Pointer: 0x14b6c42ba010
      Container manages memory: true
      Size: 8530021
      Capacity: 8530021

     Moving image = Image (0x4e37f60)
  RTTI typeinfo:   itk::Image<double, 3u>
  Reference Count: 2
  Modified Time: 1579
  Debug: Off
  Object Name: 
  Observers: 
    none
  Source: (none)
  Source output name: (none)
  Release Data: Off
  Data Released: False
  Global Release Data: Off
  PipelineMTime: 0
  UpdateMTime: 1576
  RealTimeStamp: 0 seconds 
  LargestPossibleRegion: 
    Dimension: 3
    Index: [0, 0, 0]
    Size: [160, 240, 256]
  BufferedRegion: 
    Dimension: 3
    Index: [0, 0, 0]
    Size: [160, 240, 256]
  RequestedRegion: 
    Dimension: 3
    Index: [0, 0, 0]
    Size: [160, 240, 256]
  Spacing: [1, 1, 1]
  Origin: [91.5134, 94.282, -109.927]
  Direction: 
-0.99591 -0.0698718 -0.0572835
0.0697565 -0.997556 0.00401236
-0.0574239 5.01125e-08 0.99835

  IndexToPointMatrix: 
-0.99591 -0.0698718 -0.0572835
0.0697565 -0.997556 0.00401236
-0.0574239 5.01125e-08 0.99835

  PointToIndexMatrix: 
-0.99591 0.0697565 -0.0574239
-0.0698718 -0.997556 5.01483e-08
-0.0572835 0.00401236 0.99835

  Inverse Direction: 
-0.99591 0.0697565 -0.0574239
-0.0698718 -0.997556 5.01483e-08
-0.0572835 0.00401236 0.99835

  PixelContainer: 
    ImportImageContainer (0x4e296d0)
      RTTI typeinfo:   itk::ImportImageContainer<unsigned long, double>
      Reference Count: 1
      Modified Time: 1573
      Debug: Off
      Object Name: 
      Observers: 
        none
      Pointer: 0x14b6bf7b9010
      Container manages memory: true
      Size: 9830400
      Capacity: 9830400

     Weighting = 1
     Sampling strategy = regular
     Number of bins = 32
     Radius = 4
     Sampling percentage  = 0.25
   Transform = Rigid
     Gradient step = 0.1
     Update field sigma (voxel space) = 0
     Total field sigma (voxel space) = 0
     Update field time sigma = 0
     Total field time sigma  = 0
     Number of time indices = 0
     Number of time point samples = 0
Registration using 1 total stages.

Stage 0
  iterations = 1000x500x250x100
  convergence threshold = 1e-06
  convergence window size = 10
  number of levels = 4
  using the Mattes MI metric (number of bins = 32, weight = 1, use gradient filter = 0)
  preprocessing:  winsorizing the image intensities
  Shrink factors (level 1 out of 4): [8, 8, 8]
  Shrink factors (level 2 out of 4): [4, 4, 4]
  Shrink factors (level 3 out of 4): [2, 2, 2]
  Shrink factors (level 4 out of 4): [1, 1, 1]
  smoothing sigmas per level: [3, 2, 1, 0]
  regular sampling (percentage = 0.25)

*** Running Euler3DTransform registration ***

DIAGNOSTIC,Iteration,metricValue,convergenceValue,ITERATION_TIME_INDEX,SINCE_LAST
 2DIAGNOSTIC,     1, -4.945365495269e-01, 1.797693134862e+308, 1.2050e+00, 1.2050e+00, 
 2DIAGNOSTIC,     2, -4.961551199262e-01, 1.797693134862e+308, 1.2114e+00, 6.4459e-03, 
 2DIAGNOSTIC,     3, -4.991207097076e-01, 1.797693134862e+308, 1.2177e+00, 6.2771e-03, 
 2DIAGNOSTIC,     4, -5.030359852117e-01, 1.797693134862e+308, 1.2239e+00, 6.2249e-03, 
 2DIAGNOSTIC,     5, -5.059125054655e-01, 1.797693134862e+308, 1.2303e+00, 6.3999e-03, 
 2DIAGNOSTIC,     6, -5.092815596254e-01, 1.797693134862e+308, 1.2367e+00, 6.4030e-03, 
 2DIAGNOSTIC,     7, -5.205915484568e-01, 1.797693134862e+308, 1.2441e+00, 7.3910e-03, 
 2DIAGNOSTIC,     8, -5.236677933913e-01, 1.797693134862e+308, 1.2508e+00, 6.6619e-03, 
 2DIAGNOSTIC,     9, -5.261653611514e-01, 1.797693134862e+308, 1.2575e+00, 6.7360e-03, 
 2DIAGNOSTIC,    10, -5.313843279548e-01, 4.956236851461e-03, 1.2642e+00, 6.6550e-03, 
 2DIAGNOSTIC,    11, -5.461121550605e-01, 5.255951709880e-03, 1.2726e+00, 8.4429e-03, 
 2DIAGNOSTIC,    12, -5.563506773264e-01, 5.544499219524e-03, 1.2795e+00, 6.9320e-03, 
 2DIAGNOSTIC,    13, -6.011783753044e-01, 7.240286203809e-03, 1.2881e+00, 8.5232e-03, 
 2DIAGNOSTIC,    14, -6.166052824965e-01, 8.701253898833e-03, 1.2948e+00, 6.7751e-03, 
 2DIAGNOSTIC,    15, -6.211428291778e-01, 9.416357351196e-03, 1.3021e+00, 7.2560e-03, 
 2DIAGNOSTIC,    16, -6.235432154877e-01, 9.368281946053e-03, 1.3100e+00, 7.8912e-03, 
 2DIAGNOSTIC,    17, -6.347577472372e-01, 9.145335068793e-03, 1.3200e+00, 1.0012e-02, 
 2DIAGNOSTIC,    18, -6.413138480649e-01, 8.359392996204e-03, 1.3275e+00, 7.5481e-03, 
 2DIAGNOSTIC,    19, -6.420802743784e-01, 6.980623571751e-03, 1.3355e+00, 7.9741e-03, 
 2DIAGNOSTIC,    20, -6.425493401338e-01, 5.272872750130e-03, 1.3423e+00, 6.7580e-03, 
 2DIAGNOSTIC,    21, -6.431795014839e-01, 3.641466815589e-03, 1.3495e+00, 7.1900e-03, 
 2DIAGNOSTIC,    22, -6.434078418257e-01, 2.049114099990e-03, 1.3559e+00, 6.4380e-03, 
 2DIAGNOSTIC,    23, -6.435083901931e-01, 1.381096974682e-03, 1.3642e+00, 8.2719e-03, 
 2DIAGNOSTIC,    24, -6.436807795051e-01, 9.688117279222e-04, 1.3722e+00, 8.0278e-03, 
 2DIAGNOSTIC,    25, -6.439989571919e-01, 6.014657418498e-04, 1.3817e+00, 9.5119e-03, 
 2DIAGNOSTIC,    26, -6.448361691967e-01, 2.655202161892e-04, 1.3885e+00, 6.7630e-03, 
 2DIAGNOSTIC,    27, -6.460796015553e-01, 1.536869083920e-04, 1.3955e+00, 7.0510e-03, 
 2DIAGNOSTIC,    28, -6.463976180493e-01, 1.550355025451e-04, 1.4017e+00, 6.1898e-03, 
 2DIAGNOSTIC,    29, -6.463935448880e-01, 1.547432277278e-04, 1.4136e+00, 1.1918e-02, 
 2DIAGNOSTIC,    30, -6.464392293194e-01, 1.482977216183e-04, 1.4209e+00, 7.2920e-03, 
 2DIAGNOSTIC,    31, -6.463723506480e-01, 1.368668773970e-04, 1.4278e+00, 6.8328e-03, 
 2DIAGNOSTIC,    32, -6.464254422927e-01, 1.173262065732e-04, 1.4356e+00, 7.8750e-03, 
 2DIAGNOSTIC,    33, -6.464354982591e-01, 8.969286830429e-05, 1.4551e+00, 1.9501e-02, 
 2DIAGNOSTIC,    34, -6.464354982262e-01, 5.811447549917e-05, 1.4743e+00, 1.9157e-02, 
 2DIAGNOSTIC,    35, -6.464354982262e-01, 2.735351458832e-05, 1.4830e+00, 8.7340e-03, 
 2DIAGNOSTIC,    36, -6.464354982262e-01, 6.562026938821e-06, 1.4901e+00, 7.1230e-03, 
 2DIAGNOSTIC,    37, -6.464354982262e-01, 2.244526316419e-06, 1.4979e+00, 7.7689e-03, 
 2DIAGNOSTIC,    38, -6.464354982262e-01, 1.990762092827e-06, 1.5048e+00, 6.8960e-03, 
 2DIAGNOSTIC,    39, -6.464354982262e-01, 1.582332349290e-06, 1.5115e+00, 6.7320e-03, 
 2DIAGNOSTIC,    40, -6.464354982262e-01, 1.698164205824e-06, 1.5183e+00, 6.7458e-03, 
DIAGNOSTIC,Iteration,metricValue,convergenceValue,ITERATION_TIME_INDEX,SINCE_LAST
 2DIAGNOSTIC,     1, -5.367244478767e-01, 1.797693134862e+308, 2.6031e+00, 1.0848e+00, 
 2DIAGNOSTIC,     2, -5.380313866794e-01, 1.797693134862e+308, 2.6498e+00, 4.6746e-02, 
 2DIAGNOSTIC,     3, -5.401731944243e-01, 1.797693134862e+308, 2.6861e+00, 3.6245e-02, 
 2DIAGNOSTIC,     4, -5.431881371911e-01, 1.797693134862e+308, 2.7228e+00, 3.6734e-02, 
 2DIAGNOSTIC,     5, -5.453557614936e-01, 1.797693134862e+308, 2.7605e+00, 3.7721e-02, 
 2DIAGNOSTIC,     6, -5.461088574636e-01, 1.797693134862e+308, 2.8043e+00, 4.3766e-02, 
 2DIAGNOSTIC,     7, -5.462086690230e-01, 1.797693134862e+308, 2.8415e+00, 3.7266e-02, 
 2DIAGNOSTIC,     8, -5.464644822395e-01, 1.797693134862e+308, 2.9150e+00, 7.3463e-02, 
 2DIAGNOSTIC,     9, -5.466119855977e-01, 1.797693134862e+308, 2.9664e+00, 5.1411e-02, 
 2DIAGNOSTIC,    10, -5.465653144737e-01, 1.220918620020e-03, 3.0084e+00, 4.1985e-02, 
 2DIAGNOSTIC,    11, -5.465682698894e-01, 8.133909350219e-04, 3.0578e+00, 4.9385e-02, 
 2DIAGNOSTIC,    12, -5.465541423029e-01, 4.580256459277e-04, 3.0987e+00, 4.0939e-02, 
 2DIAGNOSTIC,    13, -5.465494229495e-01, 2.001582042340e-04, 3.1351e+00, 3.6383e-02, 
 2DIAGNOSTIC,    14, -5.465144141669e-01, 7.040398168669e-05, 3.1687e+00, 3.3559e-02, 
 2DIAGNOSTIC,    15, -5.465021559923e-01, 2.625953139671e-05, 3.2052e+00, 3.6532e-02, 
 2DIAGNOSTIC,    16, -5.465203021749e-01, 1.067862168748e-05, 3.2429e+00, 3.7733e-02, 
DIAGNOSTIC,Iteration,metricValue,convergenceValue,ITERATION_TIME_INDEX,SINCE_LAST
 2DIAGNOSTIC,     1, -4.642612173918e-01, 1.797693134862e+308, 4.4357e+00, 1.1928e+00, 
 2DIAGNOSTIC,     2, -4.645523975891e-01, 1.797693134862e+308, 4.7727e+00, 3.3696e-01, 
 2DIAGNOSTIC,     3, -4.648354197299e-01, 1.797693134862e+308, 5.0595e+00, 2.8685e-01, 
 2DIAGNOSTIC,     4, -4.650444829252e-01, 1.797693134862e+308, 5.3807e+00, 3.2117e-01, 
 2DIAGNOSTIC,     5, -4.653294039068e-01, 1.797693134862e+308, 5.6522e+00, 2.7148e-01, 
 2DIAGNOSTIC,     6, -4.657501527897e-01, 1.797693134862e+308, 5.9545e+00, 3.0227e-01, 
 2DIAGNOSTIC,     7, -4.663153011225e-01, 1.797693134862e+308, 6.4860e+00, 5.3156e-01, 
 2DIAGNOSTIC,     8, -4.663376538146e-01, 1.797693134862e+308, 6.8122e+00, 3.2616e-01, 
 2DIAGNOSTIC,     9, -4.663397954506e-01, 1.797693134862e+308, 7.2354e+00, 4.2321e-01, 
 2DIAGNOSTIC,    10, -4.663424514529e-01, 3.304415976682e-04, 7.6771e+00, 4.4174e-01, 
 2DIAGNOSTIC,    11, -4.663407782675e-01, 2.569718573429e-04, 8.0733e+00, 3.9612e-01, 
 2DIAGNOSTIC,    12, -4.663403008812e-01, 1.871609587066e-04, 8.3995e+00, 3.2628e-01, 
 2DIAGNOSTIC,    13, -4.663397708729e-01, 1.247949986838e-04, 8.7372e+00, 3.3767e-01, 
 2DIAGNOSTIC,    14, -4.663383691473e-01, 6.955023964259e-05, 9.0177e+00, 2.8049e-01, 
 2DIAGNOSTIC,    15, -4.663373105581e-01, 2.688618450628e-05, 9.3418e+00, 3.2412e-01, 
 2DIAGNOSTIC,    16, -4.663380634351e-01, 2.757981507784e-06, 9.6576e+00, 3.1575e-01, 
 2DIAGNOSTIC,    17, -4.663366408287e-01, 1.609418289271e-06, 9.9682e+00, 3.1064e-01, 
 2DIAGNOSTIC,    18, -4.663363768369e-01, 1.361307982194e-06, 1.0303e+01, 3.3504e-01, 
 2DIAGNOSTIC,    19, -4.663349286183e-01, 1.197071581138e-06, 1.0657e+01, 3.5400e-01, 
 2DIAGNOSTIC,    20, -4.663342728309e-01, 1.156862289804e-06, 1.0922e+01, 2.6500e-01, 
 2DIAGNOSTIC,    21, -4.663338244624e-01, 1.098752307353e-06, 1.1199e+01, 2.7661e-01, 
 2DIAGNOSTIC,    22, -4.663346801957e-01, 1.094947359261e-06, 1.1486e+01, 2.8681e-01, 
 2DIAGNOSTIC,    23, -4.663351782811e-01, 1.123952326008e-06, 1.1810e+01, 3.2411e-01, 
 2DIAGNOSTIC,    24, -4.663374281224e-01, 1.197309376554e-06, 1.2129e+01, 3.1887e-01, 
 2DIAGNOSTIC,    25, -4.663373163949e-01, 1.246674692042e-06, 1.2470e+01, 3.4106e-01, 
 2DIAGNOSTIC,    26, -4.663384939136e-01, 1.341411803503e-06, 1.2788e+01, 3.1840e-01, 
 2DIAGNOSTIC,    27, -4.663413956840e-01, 1.450744334899e-06, 1.3134e+01, 3.4582e-01, 
 2DIAGNOSTIC,    28, -4.663452560019e-01, 1.603545440647e-06, 1.3457e+01, 3.2288e-01, 
 2DIAGNOSTIC,    29, -4.663455706402e-01, 1.676448612764e-06, 1.3742e+01, 2.8484e-01, 
 2DIAGNOSTIC,    30, -4.663486431139e-01, 1.741011814972e-06, 1.4092e+01, 3.5061e-01, 
 2DIAGNOSTIC,    31, -4.663501686792e-01, 1.757567938340e-06, 1.4446e+01, 3.5387e-01, 
 2DIAGNOSTIC,    32, -4.663498108758e-01, 1.712213591368e-06, 1.4754e+01, 3.0832e-01, 
 2DIAGNOSTIC,    33, -4.663495656269e-01, 1.605384606793e-06, 1.5032e+01, 2.7792e-01, 
 2DIAGNOSTIC,    34, -4.663507470389e-01, 1.506625765504e-06, 1.5326e+01, 2.9384e-01, 
 2DIAGNOSTIC,    35, -4.663521279627e-01, 1.380765453529e-06, 1.5640e+01, 3.1354e-01, 
 2DIAGNOSTIC,    36, -4.663521756057e-01, 1.236182328536e-06, 1.5930e+01, 2.8981e-01, 
 2DIAGNOSTIC,    37, -4.663538898754e-01, 1.141628859516e-06, 1.6243e+01, 3.1330e-01, 
 2DIAGNOSTIC,    38, -4.663549496281e-01, 1.104641274990e-06, 1.6514e+01, 2.7146e-01, 
 2DIAGNOSTIC,    39, -4.663582277833e-01, 1.098561407162e-06, 1.6840e+01, 3.2551e-01, 
 2DIAGNOSTIC,    40, -4.663613295072e-01, 1.157924457356e-06, 1.7167e+01, 3.2691e-01, 
 2DIAGNOSTIC,    41, -4.663616876991e-01, 1.207564970362e-06, 1.7481e+01, 3.1421e-01, 
 2DIAGNOSTIC,    42, -4.663696964420e-01, 1.326039055300e-06, 1.7749e+01, 2.6838e-01, 
 2DIAGNOSTIC,    43, -4.663799886291e-01, 1.523930083038e-06, 1.8115e+01, 3.6613e-01, 
 2DIAGNOSTIC,    44, -4.663851239422e-01, 1.721623030443e-06, 1.8552e+01, 4.3610e-01, 
 2DIAGNOSTIC,    45, -4.663846475836e-01, 1.828360641425e-06, 1.8874e+01, 3.2243e-01, 
 2DIAGNOSTIC,    46, -4.663834667561e-01, 1.810972877884e-06, 1.9200e+01, 3.2617e-01, 
 2DIAGNOSTIC,    47, -4.663818580339e-01, 1.688509096587e-06, 1.9474e+01, 2.7416e-01, 
 2DIAGNOSTIC,    48, -4.663820314862e-01, 1.486772863601e-06, 1.9746e+01, 2.7177e-01, 
 2DIAGNOSTIC,    49, -4.663854193150e-01, 1.295771430501e-06, 2.0058e+01, 3.1138e-01, 
 2DIAGNOSTIC,    50, -4.663872389459e-01, 1.112005388746e-06, 2.0345e+01, 2.8774e-01, 
DIAGNOSTIC,Iteration,metricValue,convergenceValue,ITERATION_TIME_INDEX,SINCE_LAST
 2DIAGNOSTIC,     1, -4.249046543789e-01, 1.797693134862e+308, 2.3079e+01, 2.7333e+00, 
 2DIAGNOSTIC,     2, -4.249634136681e-01, 1.797693134862e+308, 2.4710e+01, 1.6315e+00, 
 2DIAGNOSTIC,     3, -4.249876100193e-01, 1.797693134862e+308, 2.6287e+01, 1.5772e+00, 
 2DIAGNOSTIC,     4, -4.250090864054e-01, 1.797693134862e+308, 2.7881e+01, 1.5934e+00, 
 2DIAGNOSTIC,     5, -4.251339471411e-01, 1.797693134862e+308, 2.9467e+01, 1.5864e+00, 
 2DIAGNOSTIC,     6, -4.252902583903e-01, 1.797693134862e+308, 3.2458e+01, 2.9915e+00, 
 2DIAGNOSTIC,     7, -4.253025434880e-01, 1.797693134862e+308, 3.4119e+01, 1.6607e+00, 
 2DIAGNOSTIC,     8, -4.253439854630e-01, 1.797693134862e+308, 3.5693e+01, 1.5739e+00, 
 2DIAGNOSTIC,     9, -4.253843303694e-01, 1.797693134862e+308, 3.7310e+01, 1.6168e+00, 
 2DIAGNOSTIC,    10, -4.254100103639e-01, 8.915226415168e-05, 3.8776e+01, 1.4664e+00, 
 2DIAGNOSTIC,    11, -4.254659483394e-01, 7.794294100195e-05, 4.0294e+01, 1.5175e+00, 
 2DIAGNOSTIC,    12, -4.256077427948e-01, 7.304316488130e-05, 4.3070e+01, 2.7768e+00, 
 2DIAGNOSTIC,    13, -4.256072294924e-01, 6.373851708970e-05, 4.4521e+01, 1.4508e+00, 
 2DIAGNOSTIC,    14, -4.256076683492e-01, 5.125346047420e-05, 4.6387e+01, 1.8659e+00, 
 2DIAGNOSTIC,    15, -4.256076577932e-01, 4.142862080952e-05, 4.8772e+01, 2.3849e+00, 
 2DIAGNOSTIC,    16, -4.256076988558e-01, 3.572597863001e-05, 5.0343e+01, 1.5715e+00, 
 2DIAGNOSTIC,    17, -4.256076377669e-01, 2.795632700667e-05, 5.2131e+01, 1.7874e+00, 
 2DIAGNOSTIC,    18, -4.256075843504e-01, 2.016020561743e-05, 5.3865e+01, 1.7344e+00, 
 2DIAGNOSTIC,    19, -4.256075139407e-01, 1.297619773091e-05, 5.5418e+01, 1.5532e+00, 
 2DIAGNOSTIC,    20, -4.256074650417e-01, 6.320298047605e-06, 5.6959e+01, 1.5405e+00, 
 2DIAGNOSTIC,    21, -4.256074509658e-01, 1.507918950462e-06, 5.8736e+01, 1.7775e+00, 
 2DIAGNOSTIC,    22, -4.256075139680e-01, 1.442471507886e-06, 6.0223e+01, 1.4864e+00, 
 2DIAGNOSTIC,    23, -4.256074145961e-01, 1.364917938555e-06, 6.2116e+01, 1.8934e+00, 
 2DIAGNOSTIC,    24, -4.256074498677e-01, 1.308918151095e-06, 6.3609e+01, 1.4929e+00, 
 2DIAGNOSTIC,    25, -4.256073707733e-01, 1.256532865541e-06, 6.5310e+01, 1.7013e+00, 
 2DIAGNOSTIC,    26, -4.256072888739e-01, 1.208703276474e-06, 6.6798e+01, 1.4880e+00, 
 2DIAGNOSTIC,    27, -4.256072205393e-01, 1.162682445904e-06, 6.8085e+01, 1.2868e+00, 
 2DIAGNOSTIC,    28, -4.256072769254e-01, 1.121574779273e-06, 6.9391e+01, 1.3059e+00, 
 2DIAGNOSTIC,    29, -4.256074741014e-01, 1.087599186128e-06, 7.0916e+01, 1.5251e+00, 
 2DIAGNOSTIC,    30, -4.256075282343e-01, 1.056810647881e-06, 7.2386e+01, 1.4702e+00, 
 2DIAGNOSTIC,    31, -4.256077274158e-01, 1.032393142260e-06, 7.3872e+01, 1.4860e+00, 
 2DIAGNOSTIC,    32, -4.256078502298e-01, 1.012849575578e-06, 7.5330e+01, 1.4578e+00, 
  Elapsed time (stage 0): 7.6249e+01


Total elapsed time: 7.6252e+01
Info [verificarlo]: loaded backend libinterflop_vprec.so
Info [interflop-vprec]: load backend with: 
Info [interflop-vprec]: precision-binary32 = 6
Info [interflop-vprec]: range-binary32 = 8
Info [interflop-vprec]: precision-binary64 = 6
Info [interflop-vprec]: range-binary64 = 8
Info [interflop-vprec]: mode = ob
Info [interflop-vprec]: error-mode = rel
Info [interflop-vprec]: max-abs-error-exponent = -1022
Info [interflop-vprec]: daz = false
Info [interflop-vprec]: ftz = false
Info [interflop-vprec]: 	instrument = none
Info [interflop-vprec]: 	prec-input-file = (null)
Info [interflop-vprec]: 	prec-output-file = (null)
Info [interflop-vprec]: 	prec-log-file = (null)
All_Command_lines_OK
Using double precision for computations.
=============================================================================
The composite transform comprises the following transforms (in order): 
  1. /home/mdugre/scratch/mri-registration-rp/datasets/ds004513/derivatives/mri-registration-rp/0011/antsRegistration-r8-p6/sub-s033/rigid_Composite.h5[0] (type = Euler3DTransform)
  2. /home/mdugre/scratch/mri-registration-rp/datasets/ds004513/derivatives/mri-registration-rp/0011/antsRegistration-r8-p6/sub-s033/rigid_Composite.h5[1] (type = Euler3DTransform)
  3. /home/mdugre/scratch/mri-registration-rp/datasets/ds004513/derivatives/mri-registration-rp/0011/antsRegistration-r8-p6/sub-s033/rigid_Composite.h5[2] (type = Euler3DTransform)
=============================================================================
  number of levels = 4
  fixed image: /templateflow/tpl-MNI152NLin2009cAsym/tpl-MNI152NLin2009cAsym_res-01_desc-brain_T1w.nii.gz
  moving image: /home/mdugre/scratch/mri-registration-rp/datasets/ds004513/derivatives/mri-registration-rp/antsBrainExtraction/sub-s033/BrainExtractionBrain.nii.gz
Dimension = 3
Number of stages = 1
Use histogram matching = false
Winsorize image intensities = true
  Lower quantile = 0.005
  Upper quantile = 0.995


Stage 1 State
   Image metric = MattesMI
     Fixed image = Image (0x38ef1e0)
  RTTI typeinfo:   itk::Image<double, 3u>
  Reference Count: 2
  Modified Time: 1592
  Debug: Off
  Object Name: 
  Observers: 
    none
  Source: (none)
  Source output name: (none)
  Release Data: Off
  Data Released: False
  Global Release Data: Off
  PipelineMTime: 0
  UpdateMTime: 1203
  RealTimeStamp: 0 seconds 
  LargestPossibleRegion: 
    Dimension: 3
    Index: [0, 0, 0]
    Size: [193, 229, 193]
  BufferedRegion: 
    Dimension: 3
    Index: [0, 0, 0]
    Size: [193, 229, 193]
  RequestedRegion: 
    Dimension: 3
    Index: [0, 0, 0]
    Size: [193, 229, 193]
  Spacing: [1, 1, 1]
  Origin: [96, 132, -78]
  Direction: 
-1 0 0
0 -1 0
0 0 1

  IndexToPointMatrix: 
-1 0 0
0 -1 0
0 0 1

  PointToIndexMatrix: 
-1 0 0
0 -1 0
0 0 1

  Inverse Direction: 
-1 0 0
0 -1 0
0 0 1

  PixelContainer: 
    ImportImageContainer (0x39bc890)
      RTTI typeinfo:   itk::ImportImageContainer<unsigned long, double>
      Reference Count: 1
      Modified Time: 1200
      Debug: Off
      Object Name: 
      Observers: 
        none
      Pointer: 0x1542d6faa010
      Container manages memory: true
      Size: 8530021
      Capacity: 8530021

     Moving image = Image (0x39bbe40)
  RTTI typeinfo:   itk::Image<double, 3u>
  Reference Count: 2
  Modified Time: 1593
  Debug: Off
  Object Name: 
  Observers: 
    none
  Source: (none)
  Source output name: (none)
  Release Data: Off
  Data Released: False
  Global Release Data: Off
  PipelineMTime: 0
  UpdateMTime: 1590
  RealTimeStamp: 0 seconds 
  LargestPossibleRegion: 
    Dimension: 3
    Index: [0, 0, 0]
    Size: [160, 240, 256]
  BufferedRegion: 
    Dimension: 3
    Index: [0, 0, 0]
    Size: [160, 240, 256]
  RequestedRegion: 
    Dimension: 3
    Index: [0, 0, 0]
    Size: [160, 240, 256]
  Spacing: [1, 1, 1]
  Origin: [92, 94, -110]
  Direction: 
-1 -0.0693359 -0.0571289
0.0693359 -1 0.00402832
-0.0571289 0 1

  IndexToPointMatrix: 
-1 -0.0693359 -0.0571289
0.0693359 -1 0.00402832
-0.0571289 0 1

  PointToIndexMatrix: 
-1 0.0693359 -0.0571289
-0.0693359 -1 0
-0.0571289 0.00396729 1

  Inverse Direction: 
-1 0.0693359 -0.0571289
-0.0693359 -1 0
-0.0571289 0.00396729 1

  PixelContainer: 
    ImportImageContainer (0x3a5ca50)
      RTTI typeinfo:   itk::ImportImageContainer<unsigned long, double>
      Reference Count: 1
      Modified Time: 1587
      Debug: Off
      Object Name: 
      Observers: 
        none
      Pointer: 0x1542d24a9010
      Container manages memory: true
      Size: 9830400
      Capacity: 9830400

     Weighting = 1
     Sampling strategy = regular
     Number of bins = 32
     Radius = 4
     Sampling percentage  = 0.25
   Transform = Affine
     Gradient step = 0.1
     Update field sigma (voxel space) = 0
     Total field sigma (voxel space) = 0
     Update field time sigma = 0
     Total field time sigma  = 0
     Number of time indices = 0
     Number of time point samples = 0
Registration using 1 total stages.

Stage 0
  iterations = 1000x500x250x100
  convergence threshold = 1e-06
  convergence window size = 10
  number of levels = 4
  using the Mattes MI metric (number of bins = 32, weight = 1, use gradient filter = 0)
slurmstepd: error: *** JOB 42391117 ON nc31007 CANCELLED AT 2025-04-09T23:03:42 DUE TO TIME LIMIT ***
