
##########################
# Experiment information #
##########################

EXPERIMENT_NAME: antsRegistration-r8-p20
VFC_BACKENDS: libinterflop_vprec.so --range-binary32=8 --precision-binary32=20 --range-binary64=8 --precision-binary64=20

SIF_IMG: /home/mdugre/projects/rrg-glatard/mdugre/containers/ants-vprec-no_metrics.simg

SUBJECT_ID: s014
INPUT_IMG: /home/mdugre/scratch/mri-registration-rp/datasets/ds004513/derivatives/mri-registration-rp/antsBrainExtraction/sub-s014/BrainExtractionBrain.nii.gz
OUTPUT_DIR: /home/mdugre/scratch/mri-registration-rp/datasets/ds004513/derivatives/mri-registration-rp/0011/antsRegistration-r8-p20/sub-s014

FIXED_IMG: /templateflow/tpl-MNI152NLin2009cAsym/tpl-MNI152NLin2009cAsym_res-01_desc-brain_T1w.nii.gz
DATA_DIR: /home/mdugre/scratch/mri-registration-rp/datasets/ds004513
TEMPLATEFLOW_DIR: /home/mdugre/projects/rrg-glatard/mdugre/templateflow
ITK_GLOBAL_DEFAULT_NUMBER_OF_THREADS: 16
##########################

Info [verificarlo]: loaded backend libinterflop_ieee.so
Info [interflop-ieee]: load backend with:
Info [interflop-ieee]: debug = false
Info [interflop-ieee]: debug-binary = false
Info [interflop-ieee]: no-backend-name = false
Info [interflop-ieee]: print-new-line = false
Info [interflop-ieee]: print-subnormal-normalized = false
Info [interflop-ieee]: count-op = false
All_Command_lines_OK
Using double precision for computations.
=============================================================================
The composite transform comprises the following transforms (in order): 
  1. Center of mass alignment using fixed image: /templateflow/tpl-MNI152NLin2009cAsym/tpl-MNI152NLin2009cAsym_res-01_desc-brain_T1w.nii.gz and moving image: /home/mdugre/scratch/mri-registration-rp/datasets/ds004513/derivatives/mri-registration-rp/antsBrainExtraction/sub-s014/BrainExtractionBrain.nii.gz (type = Euler3DTransform)
=============================================================================
  number of levels = 1
  fixed image: /templateflow/tpl-MNI152NLin2009cAsym/tpl-MNI152NLin2009cAsym_res-01_desc-brain_T1w.nii.gz
  moving image: /home/mdugre/scratch/mri-registration-rp/datasets/ds004513/derivatives/mri-registration-rp/antsBrainExtraction/sub-s014/BrainExtractionBrain.nii.gz
Dimension = 3
Number of stages = 1
Use histogram matching = false
Winsorize image intensities = true
  Lower quantile = 0.005
  Upper quantile = 0.995


Stage 1 State
   Image metric = MattesMI
     Fixed image = Image (0x3a6ce70)
  RTTI typeinfo:   itk::Image<double, 3u>
  Reference Count: 2
  Modified Time: 2334
  Debug: Off
  Object Name: 
  Observers: 
    none
  Source: (none)
  Source output name: (none)
  Release Data: Off
  Data Released: False
  Global Release Data: Off
  PipelineMTime: 0
  UpdateMTime: 1943
  RealTimeStamp: 0 seconds 
  LargestPossibleRegion: 
    Dimension: 3
    Index: [0, 0, 0]
    Size: [193, 229, 193]
  BufferedRegion: 
    Dimension: 3
    Index: [0, 0, 0]
    Size: [193, 229, 193]
  RequestedRegion: 
    Dimension: 3
    Index: [0, 0, 0]
    Size: [193, 229, 193]
  Spacing: [1, 1, 1]
  Origin: [96, 132, -78]
  Direction: 
-1 0 0
0 -1 0
0 0 1

  IndexToPointMatrix: 
-1 0 0
0 -1 0
0 0 1

  PointToIndexMatrix: 
-1 0 0
0 -1 0
0 0 1

  Inverse Direction: 
-1 0 0
0 -1 0
0 0 1

  PixelContainer: 
    ImportImageContainer (0x3a79140)
      RTTI typeinfo:   itk::ImportImageContainer<unsigned long, double>
      Reference Count: 1
      Modified Time: 1940
      Debug: Off
      Object Name: 
      Observers: 
        none
      Pointer: 0x1481d251c010
      Container manages memory: true
      Size: 8530021
      Capacity: 8530021

     Moving image = Image (0x3a76310)
  RTTI typeinfo:   itk::Image<double, 3u>
  Reference Count: 2
  Modified Time: 2335
  Debug: Off
  Object Name: 
  Observers: 
    none
  Source: (none)
  Source output name: (none)
  Release Data: Off
  Data Released: False
  Global Release Data: Off
  PipelineMTime: 0
  UpdateMTime: 2332
  RealTimeStamp: 0 seconds 
  LargestPossibleRegion: 
    Dimension: 3
    Index: [0, 0, 0]
    Size: [160, 240, 256]
  BufferedRegion: 
    Dimension: 3
    Index: [0, 0, 0]
    Size: [160, 240, 256]
  RequestedRegion: 
    Dimension: 3
    Index: [0, 0, 0]
    Size: [160, 240, 256]
  Spacing: [0.999999, 1, 1]
  Origin: [84.1637, 106.709, -120.531]
  Direction: 
-0.999619 -0.0226874 -0.0157033
0.0226846 -0.999743 0.00035635
-0.0157073 -7.8229e-09 0.999877

  IndexToPointMatrix: 
-0.999619 -0.0226874 -0.0157033
0.0226845 -0.999743 0.00035635
-0.0157073 -7.8229e-09 0.999877

  PointToIndexMatrix: 
-0.99962 0.0226846 -0.0157073
-0.0226874 -0.999743 -7.83127e-09
-0.0157033 0.00035635 0.999877

  Inverse Direction: 
-0.999619 0.0226846 -0.0157073
-0.0226874 -0.999743 -7.83127e-09
-0.0157033 0.00035635 0.999877

  PixelContainer: 
    ImportImageContainer (0x3ba1610)
      RTTI typeinfo:   itk::ImportImageContainer<unsigned long, double>
      Reference Count: 1
      Modified Time: 2329
      Debug: Off
      Object Name: 
      Observers: 
        none
      Pointer: 0x1481cda1b010
      Container manages memory: true
      Size: 9830400
      Capacity: 9830400

     Weighting = 1
     Sampling strategy = regular
     Number of bins = 32
     Radius = 4
     Sampling percentage  = 0.25
   Transform = Rigid
     Gradient step = 0.1
     Update field sigma (voxel space) = 0
     Total field sigma (voxel space) = 0
     Update field time sigma = 0
     Total field time sigma  = 0
     Number of time indices = 0
     Number of time point samples = 0
Registration using 1 total stages.

Stage 0
  iterations = 0
  convergence threshold = 1e-06
  convergence window size = 10
  number of levels = 1
  using the Mattes MI metric (number of bins = 32, weight = 1, use gradient filter = 0)
  preprocessing:  winsorizing the image intensities
  Shrink factors (level 1 out of 1): [1, 1, 1]
  smoothing sigmas per level: [0]
  regular sampling (percentage = 0.25)

*** Running Euler3DTransform registration ***

  Elapsed time (stage 0): 1.10979


Total elapsed time: 1.11205
Info [verificarlo]: loaded backend libinterflop_ieee.so
Info [interflop-ieee]: load backend with:
Info [interflop-ieee]: debug = false
Info [interflop-ieee]: debug-binary = false
Info [interflop-ieee]: no-backend-name = false
Info [interflop-ieee]: print-new-line = false
Info [interflop-ieee]: print-subnormal-normalized = false
Info [interflop-ieee]: count-op = false
All_Command_lines_OK
Using double precision for computations.
=============================================================================
The composite transform comprises the following transforms (in order): 
  1. /home/mdugre/scratch/mri-registration-rp/datasets/ds004513/derivatives/mri-registration-rp/0011/antsRegistration-r8-p20/sub-s014/align_Composite.h5[0] (type = Euler3DTransform)
  2. /home/mdugre/scratch/mri-registration-rp/datasets/ds004513/derivatives/mri-registration-rp/0011/antsRegistration-r8-p20/sub-s014/align_Composite.h5[1] (type = Euler3DTransform)
=============================================================================
  number of levels = 4
  fixed image: /templateflow/tpl-MNI152NLin2009cAsym/tpl-MNI152NLin2009cAsym_res-01_desc-brain_T1w.nii.gz
  moving image: /home/mdugre/scratch/mri-registration-rp/datasets/ds004513/derivatives/mri-registration-rp/antsBrainExtraction/sub-s014/BrainExtractionBrain.nii.gz
Dimension = 3
Number of stages = 1
Use histogram matching = false
Winsorize image intensities = true
  Lower quantile = 0.005
  Upper quantile = 0.995


Stage 1 State
   Image metric = MattesMI
     Fixed image = Image (0x35d7530)
  RTTI typeinfo:   itk::Image<double, 3u>
  Reference Count: 2
  Modified Time: 1580
  Debug: Off
  Object Name: 
  Observers: 
    none
  Source: (none)
  Source output name: (none)
  Release Data: Off
  Data Released: False
  Global Release Data: Off
  PipelineMTime: 0
  UpdateMTime: 1189
  RealTimeStamp: 0 seconds 
  LargestPossibleRegion: 
    Dimension: 3
    Index: [0, 0, 0]
    Size: [193, 229, 193]
  BufferedRegion: 
    Dimension: 3
    Index: [0, 0, 0]
    Size: [193, 229, 193]
  RequestedRegion: 
    Dimension: 3
    Index: [0, 0, 0]
    Size: [193, 229, 193]
  Spacing: [1, 1, 1]
  Origin: [96, 132, -78]
  Direction: 
-1 0 0
0 -1 0
0 0 1

  IndexToPointMatrix: 
-1 0 0
0 -1 0
0 0 1

  PointToIndexMatrix: 
-1 0 0
0 -1 0
0 0 1

  Inverse Direction: 
-1 0 0
0 -1 0
0 0 1

  PixelContainer: 
    ImportImageContainer (0x3695d60)
      RTTI typeinfo:   itk::ImportImageContainer<unsigned long, double>
      Reference Count: 1
      Modified Time: 1186
      Debug: Off
      Object Name: 
      Observers: 
        none
      Pointer: 0x152cb91f8010
      Container manages memory: true
      Size: 8530021
      Capacity: 8530021

     Moving image = Image (0x3687f60)
  RTTI typeinfo:   itk::Image<double, 3u>
  Reference Count: 2
  Modified Time: 1581
  Debug: Off
  Object Name: 
  Observers: 
    none
  Source: (none)
  Source output name: (none)
  Release Data: Off
  Data Released: False
  Global Release Data: Off
  PipelineMTime: 0
  UpdateMTime: 1578
  RealTimeStamp: 0 seconds 
  LargestPossibleRegion: 
    Dimension: 3
    Index: [0, 0, 0]
    Size: [160, 240, 256]
  BufferedRegion: 
    Dimension: 3
    Index: [0, 0, 0]
    Size: [160, 240, 256]
  RequestedRegion: 
    Dimension: 3
    Index: [0, 0, 0]
    Size: [160, 240, 256]
  Spacing: [0.999999, 1, 1]
  Origin: [84.1637, 106.709, -120.531]
  Direction: 
-0.999619 -0.0226874 -0.0157033
0.0226846 -0.999743 0.00035635
-0.0157073 -7.8229e-09 0.999877

  IndexToPointMatrix: 
-0.999619 -0.0226874 -0.0157033
0.0226845 -0.999743 0.00035635
-0.0157073 -7.8229e-09 0.999877

  PointToIndexMatrix: 
-0.99962 0.0226846 -0.0157073
-0.0226874 -0.999743 -7.83127e-09
-0.0157033 0.00035635 0.999877

  Inverse Direction: 
-0.999619 0.0226846 -0.0157073
-0.0226874 -0.999743 -7.83127e-09
-0.0157033 0.00035635 0.999877

  PixelContainer: 
    ImportImageContainer (0x36796d0)
      RTTI typeinfo:   itk::ImportImageContainer<unsigned long, double>
      Reference Count: 1
      Modified Time: 1575
      Debug: Off
      Object Name: 
      Observers: 
        none
      Pointer: 0x152cb46f7010
      Container manages memory: true
      Size: 9830400
      Capacity: 9830400

     Weighting = 1
     Sampling strategy = regular
     Number of bins = 32
     Radius = 4
     Sampling percentage  = 0.25
   Transform = Rigid
     Gradient step = 0.1
     Update field sigma (voxel space) = 0
     Total field sigma (voxel space) = 0
     Update field time sigma = 0
     Total field time sigma  = 0
     Number of time indices = 0
     Number of time point samples = 0
Registration using 1 total stages.

Stage 0
  iterations = 1000x500x250x100
  convergence threshold = 1e-06
  convergence window size = 10
  number of levels = 4
  using the Mattes MI metric (number of bins = 32, weight = 1, use gradient filter = 0)
  preprocessing:  winsorizing the image intensities
  Shrink factors (level 1 out of 4): [8, 8, 8]
  Shrink factors (level 2 out of 4): [4, 4, 4]
  Shrink factors (level 3 out of 4): [2, 2, 2]
  Shrink factors (level 4 out of 4): [1, 1, 1]
  smoothing sigmas per level: [3, 2, 1, 0]
  regular sampling (percentage = 0.25)

*** Running Euler3DTransform registration ***

DIAGNOSTIC,Iteration,metricValue,convergenceValue,ITERATION_TIME_INDEX,SINCE_LAST
 2DIAGNOSTIC,     1, -4.770821406565e-01, 1.797693134862e+308, 7.8017e-01, 7.8017e-01, 
 2DIAGNOSTIC,     2, -4.784216133942e-01, 1.797693134862e+308, 7.8461e-01, 4.4360e-03, 
 2DIAGNOSTIC,     3, -4.807043200681e-01, 1.797693134862e+308, 7.8895e-01, 4.3349e-03, 
 2DIAGNOSTIC,     4, -4.840264478065e-01, 1.797693134862e+308, 7.9323e-01, 4.2849e-03, 
 2DIAGNOSTIC,     5, -4.883050305770e-01, 1.797693134862e+308, 7.9750e-01, 4.2710e-03, 
 2DIAGNOSTIC,     6, -4.953560426371e-01, 1.797693134862e+308, 8.0251e-01, 5.0099e-03, 
 2DIAGNOSTIC,     7, -5.007350570384e-01, 1.797693134862e+308, 8.0677e-01, 4.2539e-03, 
 2DIAGNOSTIC,     8, -5.013278569503e-01, 1.797693134862e+308, 8.1107e-01, 4.3080e-03, 
 2DIAGNOSTIC,     9, -5.085255256006e-01, 1.797693134862e+308, 8.1612e-01, 5.0490e-03, 
 2DIAGNOSTIC,    10, -5.161992633656e-01, 5.125196520979e-03, 8.2246e-01, 6.3341e-03, 
 2DIAGNOSTIC,    11, -5.167072941437e-01, 4.879252931146e-03, 8.2699e-01, 4.5321e-03, 
 2DIAGNOSTIC,    12, -5.203629876260e-01, 4.481282734468e-03, 8.3135e-01, 4.3640e-03, 
 2DIAGNOSTIC,    13, -5.229718709777e-01, 3.958672533579e-03, 8.3569e-01, 4.3380e-03, 
 2DIAGNOSTIC,    14, -5.250338110829e-01, 3.368007801722e-03, 8.4073e-01, 5.0430e-03, 
 2DIAGNOSTIC,    15, -5.272078697647e-01, 2.786121483391e-03, 8.4743e-01, 6.6960e-03, 
 2DIAGNOSTIC,    16, -5.275715603977e-01, 2.284098302163e-03, 8.5181e-01, 4.3800e-03, 
 2DIAGNOSTIC,    17, -5.282507656511e-01, 1.839921123740e-03, 8.5609e-01, 4.2760e-03, 
 2DIAGNOSTIC,    18, -5.289722876065e-01, 1.313912041897e-03, 8.6116e-01, 5.0728e-03, 
 2DIAGNOSTIC,    19, -5.292207410111e-01, 9.370568707350e-04, 8.6603e-01, 4.8749e-03, 
 2DIAGNOSTIC,    20, -5.294476960672e-01, 7.341365573345e-04, 8.7109e-01, 5.0540e-03, 
 2DIAGNOSTIC,    21, -5.294955840903e-01, 4.966190831877e-04, 8.7548e-01, 4.3929e-03, 
 2DIAGNOSTIC,    22, -5.295366245031e-01, 3.281311959334e-04, 8.8025e-01, 4.7741e-03, 
 2DIAGNOSTIC,    23, -5.295376311909e-01, 2.063244245664e-04, 8.8504e-01, 4.7901e-03, 
 2DIAGNOSTIC,    24, -5.295911249027e-01, 1.234508389551e-04, 8.8995e-01, 4.9028e-03, 
 2DIAGNOSTIC,    25, -5.296271130648e-01, 8.499150549849e-05, 8.9478e-01, 4.8330e-03, 
 2DIAGNOSTIC,    26, -5.296539599384e-01, 4.983583932672e-05, 8.9906e-01, 4.2751e-03, 
 2DIAGNOSTIC,    27, -5.297704229811e-01, 2.877322816091e-05, 9.0350e-01, 4.4429e-03, 
 2DIAGNOSTIC,    28, -5.299884954870e-01, 2.504887533122e-05, 9.0936e-01, 5.8651e-03, 
 2DIAGNOSTIC,    29, -5.300854192462e-01, 2.569611953583e-05, 9.1412e-01, 4.7562e-03, 
 2DIAGNOSTIC,    30, -5.300410324622e-01, 2.732899345578e-05, 9.1832e-01, 4.1959e-03, 
 2DIAGNOSTIC,    31, -5.300376932142e-01, 2.724560549559e-05, 9.2256e-01, 4.2448e-03, 
 2DIAGNOSTIC,    32, -5.301686264233e-01, 2.763232919747e-05, 9.2688e-01, 4.3149e-03, 
 2DIAGNOSTIC,    33, -5.303926738418e-01, 2.905769096755e-05, 9.3216e-01, 5.2891e-03, 
 2DIAGNOSTIC,    34, -5.304519664598e-01, 2.945835347832e-05, 9.4035e-01, 8.1830e-03, 
 2DIAGNOSTIC,    35, -5.305073139181e-01, 2.868169327671e-05, 9.4472e-01, 4.3690e-03, 
 2DIAGNOSTIC,    36, -5.305686017146e-01, 2.670517372292e-05, 9.4898e-01, 4.2651e-03, 
 2DIAGNOSTIC,    37, -5.306602858940e-01, 2.533264911429e-05, 9.5488e-01, 5.9021e-03, 
 2DIAGNOSTIC,    38, -5.306881156229e-01, 2.512162424242e-05, 9.5922e-01, 4.3361e-03, 
 2DIAGNOSTIC,    39, -5.307317416633e-01, 2.461885298089e-05, 9.6346e-01, 4.2400e-03, 
 2DIAGNOSTIC,    40, -5.308225091353e-01, 2.257034276028e-05, 9.6914e-01, 5.6801e-03, 
 2DIAGNOSTIC,    41, -5.308460424124e-01, 1.877385526256e-05, 9.7337e-01, 4.2260e-03, 
 2DIAGNOSTIC,    42, -5.308561837321e-01, 1.520831957753e-05, 9.7764e-01, 4.2760e-03, 
 2DIAGNOSTIC,    43, -5.308777649273e-01, 1.355835177723e-05, 9.8184e-01, 4.2019e-03, 
 2DIAGNOSTIC,    44, -5.309114036110e-01, 1.190613944880e-05, 9.8602e-01, 4.1740e-03, 
 2DIAGNOSTIC,    45, -5.310262965518e-01, 1.129423567098e-05, 9.9261e-01, 6.5892e-03, 
 2DIAGNOSTIC,    46, -5.310374074445e-01, 1.049838942475e-05, 9.9678e-01, 4.1709e-03, 
 2DIAGNOSTIC,    47, -5.310434720121e-01, 9.962263453830e-06, 1.0009e+00, 4.1299e-03, 
 2DIAGNOSTIC,    48, -5.310518853633e-01, 8.989886109489e-06, 1.0051e+00, 4.1540e-03, 
 2DIAGNOSTIC,    49, -5.310584329536e-01, 7.783359503105e-06, 1.0104e+00, 5.2950e-03, 
 2DIAGNOSTIC,    50, -5.310645817646e-01, 6.973833584660e-06, 1.0161e+00, 5.7189e-03, 
 2DIAGNOSTIC,    51, -5.310656430617e-01, 5.851695601081e-06, 1.0202e+00, 4.1592e-03, 
 2DIAGNOSTIC,    52, -5.310738190001e-01, 4.481863510319e-06, 1.0249e+00, 4.6721e-03, 
 2DIAGNOSTIC,    53, -5.310768127969e-01, 3.049471521823e-06, 1.0291e+00, 4.2329e-03, 
 2DIAGNOSTIC,    54, -5.310775506016e-01, 1.750844720438e-06, 1.0336e+00, 4.4398e-03, 
 2DIAGNOSTIC,    55, -5.310817434211e-01, 1.565716413302e-06, 1.0379e+00, 4.2889e-03, 
 2DIAGNOSTIC,    56, -5.310870994121e-01, 1.452195857624e-06, 1.0427e+00, 4.7939e-03, 
 2DIAGNOSTIC,    57, -5.310885232961e-01, 1.327089154943e-06, 1.0474e+00, 4.7500e-03, 
 2DIAGNOSTIC,    58, -5.310914487850e-01, 1.238639651114e-06, 1.0522e+00, 4.7550e-03, 
 2DIAGNOSTIC,    59, -5.311015678587e-01, 1.240623596643e-06, 1.0578e+00, 5.6021e-03, 
 2DIAGNOSTIC,    60, -5.311021904297e-01, 1.235244578970e-06, 1.0622e+00, 4.4231e-03, 
 2DIAGNOSTIC,    61, -5.311059901820e-01, 1.204917779142e-06, 1.0777e+00, 1.5523e-02, 
 2DIAGNOSTIC,    62, -5.311059901659e-01, 1.182103197404e-06, 1.0955e+00, 1.7795e-02, 
 2DIAGNOSTIC,    63, -5.311059901659e-01, 1.122797857779e-06, 1.1014e+00, 5.8939e-03, 
 2DIAGNOSTIC,    64, -5.311059901659e-01, 1.011506956441e-06, 1.1077e+00, 6.2711e-03, 
DIAGNOSTIC,Iteration,metricValue,convergenceValue,ITERATION_TIME_INDEX,SINCE_LAST
 2DIAGNOSTIC,     1, -4.295258231625e-01, 1.797693134862e+308, 1.8401e+00, 7.3243e-01, 
 2DIAGNOSTIC,     2, -4.302859640432e-01, 1.797693134862e+308, 1.8705e+00, 3.0360e-02, 
 2DIAGNOSTIC,     3, -4.309651196675e-01, 1.797693134862e+308, 1.9006e+00, 3.0136e-02, 
 2DIAGNOSTIC,     4, -4.317164347764e-01, 1.797693134862e+308, 1.9313e+00, 3.0688e-02, 
 2DIAGNOSTIC,     5, -4.325561938345e-01, 1.797693134862e+308, 1.9623e+00, 3.0983e-02, 
 2DIAGNOSTIC,     6, -4.341819580779e-01, 1.797693134862e+308, 1.9932e+00, 3.0980e-02, 
 2DIAGNOSTIC,     7, -4.354327949460e-01, 1.797693134862e+308, 2.0230e+00, 2.9724e-02, 
 2DIAGNOSTIC,     8, -4.367134834400e-01, 1.797693134862e+308, 2.0563e+00, 3.3367e-02, 
 2DIAGNOSTIC,     9, -4.377076816053e-01, 1.797693134862e+308, 2.0977e+00, 4.1324e-02, 
 2DIAGNOSTIC,    10, -4.379510214291e-01, 1.375954781892e-03, 2.1281e+00, 3.0462e-02, 
 2DIAGNOSTIC,    11, -4.381306699704e-01, 1.211218579659e-03, 2.1590e+00, 3.0897e-02, 
 2DIAGNOSTIC,    12, -4.403708091235e-01, 1.128184042340e-03, 2.1941e+00, 3.5081e-02, 
 2DIAGNOSTIC,    13, -4.435986505859e-01, 1.148562288565e-03, 2.2348e+00, 4.0668e-02, 
 2DIAGNOSTIC,    14, -4.436199448106e-01, 1.094787362544e-03, 2.2672e+00, 3.2396e-02, 
 2DIAGNOSTIC,    15, -4.445052016322e-01, 1.025845788686e-03, 2.3053e+00, 3.8135e-02, 
 2DIAGNOSTIC,    16, -4.479362667150e-01, 1.077370588138e-03, 2.3497e+00, 4.4358e-02, 
 2DIAGNOSTIC,    17, -4.481475950940e-01, 1.073587587791e-03, 2.3811e+00, 3.1397e-02, 
 2DIAGNOSTIC,    18, -4.482020490340e-01, 1.018146301352e-03, 2.4173e+00, 3.6256e-02, 
 2DIAGNOSTIC,    19, -4.481966708617e-01, 9.107728222794e-04, 2.4789e+00, 6.1587e-02, 
 2DIAGNOSTIC,    20, -4.481953335864e-01, 7.394369050602e-04, 2.5107e+00, 3.1840e-02, 
 2DIAGNOSTIC,    21, -4.481954334258e-01, 5.189437705519e-04, 2.5492e+00, 3.8476e-02, 
 2DIAGNOSTIC,    22, -4.482018533943e-01, 3.337448827532e-04, 2.5855e+00, 3.6265e-02, 
 2DIAGNOSTIC,    23, -4.481921491822e-01, 2.259319916218e-04, 2.6184e+00, 3.2952e-02, 
 2DIAGNOSTIC,    24, -4.482074312938e-01, 1.077320645410e-04, 2.6557e+00, 3.7291e-02, 
 2DIAGNOSTIC,    25, -4.482144439071e-01, 9.691656766238e-06, 2.6951e+00, 3.9337e-02, 
 2DIAGNOSTIC,    26, -4.482116710085e-01, 3.273680175185e-06, 2.7304e+00, 3.5309e-02, 
 2DIAGNOSTIC,    27, -4.482088353612e-01, 2.084627249994e-06, 2.7656e+00, 3.5247e-02, 
 2DIAGNOSTIC,    28, -4.482139220005e-01, 2.274304948889e-06, 2.7971e+00, 3.1523e-02, 
 2DIAGNOSTIC,    29, -4.482420866410e-01, 2.842586796559e-06, 2.8307e+00, 3.3584e-02, 
 2DIAGNOSTIC,    30, -4.482455732729e-01, 3.232687125633e-06, 2.8649e+00, 3.4220e-02, 
 2DIAGNOSTIC,    31, -4.482405886488e-01, 3.298138767968e-06, 2.8960e+00, 3.1054e-02, 
 2DIAGNOSTIC,    32, -4.482290914910e-01, 3.068921938840e-06, 2.9269e+00, 3.0895e-02, 
 2DIAGNOSTIC,    33, -4.482261087436e-01, 2.406544300289e-06, 2.9598e+00, 3.2915e-02, 
 2DIAGNOSTIC,    34, -4.482147421262e-01, 1.704267927734e-06, 2.9922e+00, 3.2421e-02, 
 2DIAGNOSTIC,    35, -4.482170221632e-01, 1.142411344874e-06, 3.0211e+00, 2.8872e-02, 
DIAGNOSTIC,Iteration,metricValue,convergenceValue,ITERATION_TIME_INDEX,SINCE_LAST
 2DIAGNOSTIC,     1, -3.932184618812e-01, 1.797693134862e+308, 4.1741e+00, 1.1530e+00, 
 2DIAGNOSTIC,     2, -3.933350080708e-01, 1.797693134862e+308, 4.4358e+00, 2.6175e-01, 
 2DIAGNOSTIC,     3, -3.934316047505e-01, 1.797693134862e+308, 4.7037e+00, 2.6782e-01, 
 2DIAGNOSTIC,     4, -3.934445201574e-01, 1.797693134862e+308, 5.0498e+00, 3.4613e-01, 
 2DIAGNOSTIC,     5, -3.934561041294e-01, 1.797693134862e+308, 5.3554e+00, 3.0563e-01, 
 2DIAGNOSTIC,     6, -3.934557400359e-01, 1.797693134862e+308, 5.6935e+00, 3.3808e-01, 
 2DIAGNOSTIC,     7, -3.934568947809e-01, 1.797693134862e+308, 6.1921e+00, 4.9858e-01, 
 2DIAGNOSTIC,     8, -3.934560026623e-01, 1.797693134862e+308, 6.4967e+00, 3.0465e-01, 
 2DIAGNOSTIC,     9, -3.934553707336e-01, 1.797693134862e+308, 6.8787e+00, 3.8202e-01, 
 2DIAGNOSTIC,    10, -3.934548435718e-01, 2.950388535718e-05, 7.2226e+00, 3.4381e-01, 
 2DIAGNOSTIC,    11, -3.934535150753e-01, 1.251787960577e-05, 7.5308e+00, 3.0821e-01, 
 2DIAGNOSTIC,    12, -3.934529103672e-01, 4.334108794857e-06, 7.8204e+00, 2.8967e-01, 
 2DIAGNOSTIC,    13, -3.934523312236e-01, 2.580302659955e-06, 8.0708e+00, 2.5041e-01, 
 2DIAGNOSTIC,    14, -3.934518640790e-01, 1.691075599539e-06, 8.3899e+00, 3.1907e-01, 
 2DIAGNOSTIC,    15, -3.934519734322e-01, 1.537715184075e-06, 8.6948e+00, 3.0491e-01, 
 2DIAGNOSTIC,    16, -3.934513609435e-01, 1.410839927773e-06, 8.9439e+00, 2.4911e-01, 
 2DIAGNOSTIC,    17, -3.934508380146e-01, 1.380509462419e-06, 9.2249e+00, 2.8100e-01, 
 2DIAGNOSTIC,    18, -3.934502559631e-01, 1.340256774313e-06, 9.4775e+00, 2.5252e-01, 
 2DIAGNOSTIC,    19, -3.934497851628e-01, 1.301860325424e-06, 9.7646e+00, 2.8719e-01, 
 2DIAGNOSTIC,    20, -3.934499621503e-01, 1.290039254150e-06, 1.0019e+01, 2.5457e-01, 
 2DIAGNOSTIC,    21, -3.934502604800e-01, 1.271710178975e-06, 1.0306e+01, 2.8670e-01, 
 2DIAGNOSTIC,    22, -3.934498715469e-01, 1.245514110702e-06, 1.0593e+01, 2.8691e-01, 
 2DIAGNOSTIC,    23, -3.934501307102e-01, 1.231426829805e-06, 1.0883e+01, 2.9005e-01, 
 2DIAGNOSTIC,    24, -3.934495535571e-01, 1.200792298837e-06, 1.1128e+01, 2.4523e-01, 
 2DIAGNOSTIC,    25, -3.934490927486e-01, 1.174527718840e-06, 1.1378e+01, 2.4966e-01, 
 2DIAGNOSTIC,    26, -3.934495816168e-01, 1.156238072751e-06, 1.1662e+01, 2.8464e-01, 
 2DIAGNOSTIC,    27, -3.934510332767e-01, 1.170201607663e-06, 1.1971e+01, 3.0847e-01, 
 2DIAGNOSTIC,    28, -3.934498670135e-01, 1.138213982371e-06, 1.2253e+01, 2.8241e-01, 
 2DIAGNOSTIC,    29, -3.934494067801e-01, 1.086573238669e-06, 1.2536e+01, 2.8243e-01, 
 2DIAGNOSTIC,    30, -3.934490070898e-01, 1.034518267745e-06, 1.2821e+01, 2.8519e-01, 
 2DIAGNOSTIC,    31, -3.934493552116e-01, 1.002859694461e-06, 1.3073e+01, 2.5192e-01, 
 2DIAGNOSTIC,    32, -3.934514388884e-01, 1.012150015703e-06, 1.3357e+01, 2.8393e-01, 
 2DIAGNOSTIC,    33, -3.934519791575e-01, 1.036072056773e-06, 1.3608e+01, 2.5164e-01, 
 2DIAGNOSTIC,    34, -3.934514161952e-01, 1.029043047076e-06, 1.3865e+01, 2.5626e-01, 
 2DIAGNOSTIC,    35, -3.934525148342e-01, 1.027695549771e-06, 1.4204e+01, 3.3913e-01, 
 2DIAGNOSTIC,    36, -3.934539683933e-01, 1.051995698758e-06, 1.4571e+01, 3.6751e-01, 
 2DIAGNOSTIC,    37, -3.934536117376e-01, 1.079271528384e-06, 1.4895e+01, 3.2373e-01, 
 2DIAGNOSTIC,    38, -3.934525130767e-01, 1.042002419384e-06, 1.5193e+01, 2.9769e-01, 
DIAGNOSTIC,Iteration,metricValue,convergenceValue,ITERATION_TIME_INDEX,SINCE_LAST
 2DIAGNOSTIC,     1, -3.660000232000e-01, 1.797693134862e+308, 1.7911e+01, 2.7187e+00, 
 2DIAGNOSTIC,     2, -3.661006044901e-01, 1.797693134862e+308, 1.9465e+01, 1.5536e+00, 
 2DIAGNOSTIC,     3, -3.661940053499e-01, 1.797693134862e+308, 2.1093e+01, 1.6280e+00, 
 2DIAGNOSTIC,     4, -3.662025643935e-01, 1.797693134862e+308, 2.3896e+01, 2.8025e+00, 
 2DIAGNOSTIC,     5, -3.662022977358e-01, 1.797693134862e+308, 2.5896e+01, 2.0002e+00, 
 2DIAGNOSTIC,     6, -3.662022733223e-01, 1.797693134862e+308, 2.7604e+01, 1.7080e+00, 
 2DIAGNOSTIC,     7, -3.662021510381e-01, 1.797693134862e+308, 2.9198e+01, 1.5947e+00, 
 2DIAGNOSTIC,     8, -3.662021104736e-01, 1.797693134862e+308, 3.0997e+01, 1.7982e+00, 
 2DIAGNOSTIC,     9, -3.662019867577e-01, 1.797693134862e+308, 3.2569e+01, 1.5724e+00, 
 2DIAGNOSTIC,    10, -3.662019340633e-01, 2.615307067123e-05, 3.4111e+01, 1.5414e+00, 
 2DIAGNOSTIC,    11, -3.662019021358e-01, 1.049208997185e-05, 3.5680e+01, 1.5698e+00, 
 2DIAGNOSTIC,    12, -3.662017877806e-01, 3.091361334931e-06, 3.7331e+01, 1.6505e+00, 
 2DIAGNOSTIC,    13, -3.662019075655e-01, 2.358435181538e-06, 3.8873e+01, 1.5423e+00, 
 2DIAGNOSTIC,    14, -3.662018587080e-01, 2.210206155137e-06, 4.0495e+01, 1.6221e+00, 
 2DIAGNOSTIC,    15, -3.662018920103e-01, 2.075386386732e-06, 4.2272e+01, 1.7765e+00, 
 2DIAGNOSTIC,    16, -3.662018421343e-01, 1.958104235783e-06, 4.3807e+01, 1.5348e+00, 
 2DIAGNOSTIC,    17, -3.662017315625e-01, 1.846828481700e-06, 4.5372e+01, 1.5657e+00, 
 2DIAGNOSTIC,    18, -3.662016584509e-01, 1.745449633848e-06, 4.7112e+01, 1.7401e+00, 
 2DIAGNOSTIC,    19, -3.662015876296e-01, 1.648798695644e-06, 4.8697e+01, 1.5850e+00, 
 2DIAGNOSTIC,    20, -3.662013732904e-01, 1.553843731558e-06, 5.0414e+01, 1.7168e+00, 
 2DIAGNOSTIC,    21, -3.662013254908e-01, 1.468744457035e-06, 5.2555e+01, 2.1411e+00, 
 2DIAGNOSTIC,    22, -3.662011170335e-01, 1.384171213641e-06, 5.4309e+01, 1.7538e+00, 
 2DIAGNOSTIC,    23, -3.662008967248e-01, 1.309503504410e-06, 5.5841e+01, 1.5318e+00, 
 2DIAGNOSTIC,    24, -3.662008589262e-01, 1.245216155903e-06, 5.7434e+01, 1.5930e+00, 
 2DIAGNOSTIC,    25, -3.662009022507e-01, 1.195923426393e-06, 5.8945e+01, 1.5111e+00, 
 2DIAGNOSTIC,    26, -3.662008588611e-01, 1.154782579574e-06, 6.0377e+01, 1.4323e+00, 
 2DIAGNOSTIC,    27, -3.662010886933e-01, 1.126687705695e-06, 6.2081e+01, 1.7043e+00, 
 2DIAGNOSTIC,    28, -3.662011544985e-01, 1.105168523155e-06, 6.3832e+01, 1.7505e+00, 
 2DIAGNOSTIC,    29, -3.662007271224e-01, 1.074819853376e-06, 6.5751e+01, 1.9193e+00, 
 2DIAGNOSTIC,    30, -3.662006710275e-01, 1.041888295521e-06, 6.7385e+01, 1.6334e+00, 
 2DIAGNOSTIC,    31, -3.662006079433e-01, 1.010052193148e-06, 6.9068e+01, 1.6830e+00, 
  Elapsed time (stage 0): 9.2710e+01


Total elapsed time: 9.2713e+01
Info [verificarlo]: loaded backend libinterflop_vprec.so
Info [interflop-vprec]: load backend with: 
Info [interflop-vprec]: precision-binary32 = 20
Info [interflop-vprec]: range-binary32 = 8
Info [interflop-vprec]: precision-binary64 = 20
Info [interflop-vprec]: range-binary64 = 8
Info [interflop-vprec]: mode = ob
Info [interflop-vprec]: error-mode = rel
Info [interflop-vprec]: max-abs-error-exponent = -1022
Info [interflop-vprec]: daz = false
Info [interflop-vprec]: ftz = false
Info [interflop-vprec]: 	instrument = none
Info [interflop-vprec]: 	prec-input-file = (null)
Info [interflop-vprec]: 	prec-output-file = (null)
Info [interflop-vprec]: 	prec-log-file = (null)
All_Command_lines_OK
Using double precision for computations.
=============================================================================
The composite transform comprises the following transforms (in order): 
  1. /home/mdugre/scratch/mri-registration-rp/datasets/ds004513/derivatives/mri-registration-rp/0011/antsRegistration-r8-p20/sub-s014/rigid_Composite.h5[0] (type = Euler3DTransform)
  2. /home/mdugre/scratch/mri-registration-rp/datasets/ds004513/derivatives/mri-registration-rp/0011/antsRegistration-r8-p20/sub-s014/rigid_Composite.h5[1] (type = Euler3DTransform)
  3. /home/mdugre/scratch/mri-registration-rp/datasets/ds004513/derivatives/mri-registration-rp/0011/antsRegistration-r8-p20/sub-s014/rigid_Composite.h5[2] (type = Euler3DTransform)
=============================================================================
  number of levels = 4
  fixed image: /templateflow/tpl-MNI152NLin2009cAsym/tpl-MNI152NLin2009cAsym_res-01_desc-brain_T1w.nii.gz
  moving image: /home/mdugre/scratch/mri-registration-rp/datasets/ds004513/derivatives/mri-registration-rp/antsBrainExtraction/sub-s014/BrainExtractionBrain.nii.gz
Dimension = 3
Number of stages = 1
Use histogram matching = false
Winsorize image intensities = true
  Lower quantile = 0.005
  Upper quantile = 0.995


Stage 1 State
   Image metric = MattesMI
     Fixed image = Image (0x371d490)
  RTTI typeinfo:   itk::Image<double, 3u>
  Reference Count: 2
  Modified Time: 1594
  Debug: Off
  Object Name: 
  Observers: 
    none
  Source: (none)
  Source output name: (none)
  Release Data: Off
  Data Released: False
  Global Release Data: Off
  PipelineMTime: 0
  UpdateMTime: 1203
  RealTimeStamp: 0 seconds 
  LargestPossibleRegion: 
    Dimension: 3
    Index: [0, 0, 0]
    Size: [193, 229, 193]
  BufferedRegion: 
    Dimension: 3
    Index: [0, 0, 0]
    Size: [193, 229, 193]
  RequestedRegion: 
    Dimension: 3
    Index: [0, 0, 0]
    Size: [193, 229, 193]
  Spacing: [1, 1, 1]
  Origin: [96, 132, -78]
  Direction: 
-1 0 0
0 -1 0
0 0 1

  IndexToPointMatrix: 
-1 0 0
0 -1 0
0 0 1

  PointToIndexMatrix: 
-1 0 0
0 -1 0
0 0 1

  Inverse Direction: 
-1 0 0
0 -1 0
0 0 1

  PixelContainer: 
    ImportImageContainer (0x37e88c0)
      RTTI typeinfo:   itk::ImportImageContainer<unsigned long, double>
      Reference Count: 1
      Modified Time: 1200
      Debug: Off
      Object Name: 
      Observers: 
        none
      Pointer: 0x15496cec9010
      Container manages memory: true
      Size: 8530021
      Capacity: 8530021

     Moving image = Image (0x37d8b60)
  RTTI typeinfo:   itk::Image<double, 3u>
  Reference Count: 2
  Modified Time: 1595
  Debug: Off
  Object Name: 
  Observers: 
    none
  Source: (none)
  Source output name: (none)
  Release Data: Off
  Data Released: False
  Global Release Data: Off
  PipelineMTime: 0
  UpdateMTime: 1592
  RealTimeStamp: 0 seconds 
  LargestPossibleRegion: 
    Dimension: 3
    Index: [0, 0, 0]
    Size: [160, 240, 256]
  BufferedRegion: 
    Dimension: 3
    Index: [0, 0, 0]
    Size: [160, 240, 256]
  RequestedRegion: 
    Dimension: 3
    Index: [0, 0, 0]
    Size: [160, 240, 256]
  Spacing: [1, 1, 1]
  Origin: [84.1638, 106.709, -120.531]
  Direction: 
-0.999619 -0.0226874 -0.0157033
0.0226846 -0.999743 0.00035635
-0.0157073 -7.8229e-09 0.999876

  IndexToPointMatrix: 
-0.999619 -0.0226874 -0.0157033
0.0226845 -0.999743 0.00035635
-0.0157073 -7.8229e-09 0.999876

  PointToIndexMatrix: 
-0.999619 0.0226845 -0.0157073
-0.0226874 -0.999743 4.76837e-07
-0.0157033 0.000357151 0.999876

  Inverse Direction: 
-0.999619 0.0226846 -0.0157073
-0.0226874 -0.999743 -7.79983e-09
-0.0157033 0.000356351 0.999876

  PixelContainer: 
    ImportImageContainer (0x386c1d0)
      RTTI typeinfo:   itk::ImportImageContainer<unsigned long, double>
      Reference Count: 1
      Modified Time: 1589
      Debug: Off
      Object Name: 
      Observers: 
        none
      Pointer: 0x1549683c8010
      Container manages memory: true
      Size: 9830400
      Capacity: 9830400

     Weighting = 1
     Sampling strategy = regular
     Number of bins = 32
     Radius = 4
     Sampling percentage  = 0.25
   Transform = Affine
     Gradient step = 0.1
     Update field sigma (voxel space) = 0
     Total field sigma (voxel space) = 0
     Update field time sigma = 0
     Total field time sigma  = 0
     Number of time indices = 0
     Number of time point samples = 0
Registration using 1 total stages.

Stage 0
  iterations = 1000x500x250x100
  convergence threshold = 1e-06
  convergence window size = 10
  number of levels = 4
  using the Mattes MI metric (number of bins = 32, weight = 1, use gradient filter = 0)
  preprocessing:  winsorizing the image intensities
  Shrink factors (level 1 out of 4): [8, 8, 8]
  Shrink factors (level 2 out of 4): [4, 4, 4]
  Shrink factors (level 3 out of 4): [2, 2, 2]
  Shrink factors (level 4 out of 4): [1, 1, 1]
  smoothing sigmas per level: [3, 2, 1, 0]
  regular sampling (percentage = 0.25)

*** Running AffineTransform registration ***

DIAGNOSTIC,Iteration,metricValue,convergenceValue,ITERATION_TIME_INDEX,SINCE_LAST
 2DIAGNOSTIC,     1, -5.239748678565e-01, 1.797693134862e+308, 0.0000e+00, 0.0000e+00, 
 2DIAGNOSTIC,     2, -5.258653567754e-01, 1.797693134862e+308, 0.0000e+00, 0.0000e+00, 
 2DIAGNOSTIC,     3, -5.291120541420e-01, 1.797693134862e+308, 0.0000e+00, 0.0000e+00, 
 2DIAGNOSTIC,     4, -5.347797777004e-01, 1.797693134862e+308, 0.0000e+00, 0.0000e+00, 
 2DIAGNOSTIC,     5, -5.449607520710e-01, 1.797693134862e+308, 0.0000e+00, 0.0000e+00, 
 2DIAGNOSTIC,     6, -6.213423110786e-01, 1.797693134862e+308, 0.0000e+00, 0.0000e+00, 
 2DIAGNOSTIC,     7, -6.631989148027e-01, 1.797693134862e+308, 0.0000e+00, 0.0000e+00, 
 2DIAGNOSTIC,     8, -7.299190996938e-01, 1.797693134862e+308, 0.0000e+00, 0.0000e+00, 
 2DIAGNOSTIC,     9, -7.421234766872e-01, 1.797693134862e+308, 0.0000e+00, 0.0000e+00, 
 2DIAGNOSTIC,    10, -7.538749794726e-01, 2.913722704763e-02, 0.0000e+00, 0.0000e+00, 
 2DIAGNOSTIC,    11, -7.644976851882e-01, 2.762295602719e-02, 0.0000e+00, 0.0000e+00, 
 2DIAGNOSTIC,    12, -7.735901287055e-01, 2.431350687256e-02, 0.0000e+00, 0.0000e+00, 
 2DIAGNOSTIC,    13, -7.761047891595e-01, 1.963193047253e-02, 0.0000e+00, 0.0000e+00, 
 2DIAGNOSTIC,    14, -7.782425410662e-01, 1.424370637299e-02, 0.0000e+00, 0.0000e+00, 
 2DIAGNOSTIC,    15, -7.812879771670e-01, 8.755928861709e-03, 0.0000e+00, 0.0000e+00, 
 2DIAGNOSTIC,    16, -7.853659928225e-01, 5.364084581224e-03, 0.0000e+00, 0.0000e+00, 
 2DIAGNOSTIC,    17, -7.910400202019e-01, 3.059063175915e-03, 0.0000e+00, 0.0000e+00, 
 2DIAGNOSTIC,    18, -7.976406829756e-01, 2.441565261464e-03, 0.0000e+00, 0.0000e+00, 
 2DIAGNOSTIC,    19, -7.983498787237e-01, 1.948333754937e-03, 0.0000e+00, 0.0000e+00, 
 2DIAGNOSTIC,    20, -7.995370992656e-01, 1.592468780936e-03, 0.0000e+00, 0.0000e+00, 
 2DIAGNOSTIC,    21, -8.024242569667e-01, 1.382610279246e-03, 0.0000e+00, 0.0000e+00, 
 2DIAGNOSTIC,    22, -8.069478173677e-01, 1.310106332442e-03, 0.0000e+00, 0.0000e+00, 
 2DIAGNOSTIC,    23, -8.074494909387e-01, 1.172241922224e-03, 0.0000e+00, 0.0000e+00, 
 2DIAGNOSTIC,    24, -8.074912465277e-01, 9.757286490640e-04, 0.0000e+00, 0.0000e+00, 
 2DIAGNOSTIC,    25, -8.078368922014e-01, 7.607998889602e-04, 0.0000e+00, 0.0000e+00, 
 2DIAGNOSTIC,    26, -8.083711510478e-01, 5.605446990928e-04, 0.0000e+00, 0.0000e+00, 
 2DIAGNOSTIC,    27, -8.103599915057e-01, 4.312470673711e-04, 0.0000e+00, 0.0000e+00, 
 2DIAGNOSTIC,    28, -8.143793335360e-01, 4.187084309860e-04, 0.0000e+00, 0.0000e+00, 
 2DIAGNOSTIC,    29, -8.293141898467e-01, 5.760862898371e-04, 0.0000e+00, 0.0000e+00, 
 2DIAGNOSTIC,    30, -8.335120250191e-01, 7.317345912797e-04, 0.0000e+00, 0.0000e+00, 
 2DIAGNOSTIC,    31, -8.344828591571e-01, 8.547175522591e-04, 0.0000e+00, 0.0000e+00, 
 2DIAGNOSTIC,    32, -8.363498515672e-01, 9.671873648677e-04, 0.0000e+00, 0.0000e+00, 
 2DIAGNOSTIC,    33, -8.378205674416e-01, 1.002341591682e-03, 0.0000e+00, 0.0000e+00, 
 2DIAGNOSTIC,    34, -8.389841839821e-01, 9.509895112711e-04, 0.0000e+00, 0.0000e+00, 
 2DIAGNOSTIC,    35, -8.396892126964e-01, 8.238225847895e-04, 0.0000e+00, 0.0000e+00, 
 2DIAGNOSTIC,    36, -8.401483406533e-01, 6.391351550005e-04, 0.0000e+00, 0.0000e+00, 
 2DIAGNOSTIC,    37, -8.411165642806e-01, 4.360515318483e-04, 0.0000e+00, 0.0000e+00, 
 2DIAGNOSTIC,    38, -8.415824747640e-01, 2.436411906671e-04, 0.0000e+00, 0.0000e+00, 
 2DIAGNOSTIC,    39, -8.416956082228e-01, 1.821347053258e-04, 0.0000e+00, 0.0000e+00, 
 2DIAGNOSTIC,    40, -8.418445366986e-01, 1.474109540622e-04, 0.0000e+00, 0.0000e+00, 
 2DIAGNOSTIC,    41, -8.419734716389e-01, 1.103252214222e-04, 0.0000e+00, 0.0000e+00, 
 2DIAGNOSTIC,    42, -8.422709980536e-01, 8.351934617620e-05, 0.0000e+00, 0.0000e+00, 
 2DIAGNOSTIC,    43, -8.426021803470e-01, 6.539459931995e-05, 0.0000e+00, 0.0000e+00, 
 2DIAGNOSTIC,    44, -8.428211109818e-01, 5.354103500502e-05, 0.0000e+00, 0.0000e+00, 
 2DIAGNOSTIC,    45, -8.429535020689e-01, 4.411983624366e-05, 0.0000e+00, 0.0000e+00, 
 2DIAGNOSTIC,    46, -8.428177539751e-01, 3.342861289693e-05, 0.0000e+00, 0.0000e+00, 
 2DIAGNOSTIC,    47, -8.427596846423e-01, 2.715279159063e-05, 0.0000e+00, 0.0000e+00, 
 2DIAGNOSTIC,    48, -8.424598730286e-01, 1.986603843582e-05, 0.0000e+00, 0.0000e+00, 
 2DIAGNOSTIC,    49, -8.422802463263e-01, 1.059185968021e-05, 0.0000e+00, 0.0000e+00, 
DIAGNOSTIC,Iteration,metricValue,convergenceValue,ITERATION_TIME_INDEX,SINCE_LAST
 2DIAGNOSTIC,     1, -6.899361800817e-01, 1.797693134862e+308, 0.0000e+00, 0.0000e+00, 
 2DIAGNOSTIC,     2, -6.907351226656e-01, 1.797693134862e+308, 0.0000e+00, 0.0000e+00, 
 2DIAGNOSTIC,     3, -6.913034181108e-01, 1.797693134862e+308, 0.0000e+00, 0.0000e+00, 
 2DIAGNOSTIC,     4, -6.915837641611e-01, 1.797693134862e+308, 0.0000e+00, 0.0000e+00, 
 2DIAGNOSTIC,     5, -6.921182448570e-01, 1.797693134862e+308, 0.0000e+00, 0.0000e+00, 
 2DIAGNOSTIC,     6, -6.926987762268e-01, 1.797693134862e+308, 0.0000e+00, 0.0000e+00, 
 2DIAGNOSTIC,     7, -6.927247068313e-01, 1.797693134862e+308, 0.0000e+00, 0.0000e+00, 
 2DIAGNOSTIC,     8, -6.929114414309e-01, 1.797693134862e+308, 0.0000e+00, 0.0000e+00, 
 2DIAGNOSTIC,     9, -6.935950660768e-01, 1.797693134862e+308, 0.0000e+00, 0.0000e+00, 
 2DIAGNOSTIC,    10, -6.935949650518e-01, 3.281912005322e-04, 0.0000e+00, 0.0000e+00, 
 2DIAGNOSTIC,    11, -6.935952198450e-01, 2.510507980121e-04, 0.0000e+00, 0.0000e+00, 
 2DIAGNOSTIC,    12, -6.935952861223e-01, 1.919987829308e-04, 0.0000e+00, 0.0000e+00, 
 2DIAGNOSTIC,    13, -6.935954106936e-01, 1.429638184838e-04, 0.0000e+00, 0.0000e+00, 
 2DIAGNOSTIC,    14, -6.935954115287e-01, 9.581117297723e-05, 0.0000e+00, 0.0000e+00, 
 2DIAGNOSTIC,    15, -6.935954834589e-01, 6.060569728521e-05, 0.0000e+00, 0.0000e+00, 
 2DIAGNOSTIC,    16, -6.935955591322e-01, 3.965816337838e-05, 0.0000e+00, 0.0000e+00, 
 2DIAGNOSTIC,    17, -6.935957735106e-01, 1.841125443895e-05, 0.0000e+00, 0.0000e+00, 
 2DIAGNOSTIC,    18, -6.935960242666e-01, 1.815011556119e-06, 0.0000e+00, 0.0000e+00, 
 2DIAGNOSTIC,    19, -6.935964477095e-01, 1.732631863469e-06, 0.0000e+00, 0.0000e+00, 
 2DIAGNOSTIC,    20, -6.935971121441e-01, 1.664582861716e-06, 0.0000e+00, 0.0000e+00, 
 2DIAGNOSTIC,    21, -6.935984024732e-01, 1.626231116499e-06, 0.0000e+00, 0.0000e+00, 
 2DIAGNOSTIC,    22, -6.936005166244e-01, 1.621228560213e-06, 0.0000e+00, 0.0000e+00, 
 2DIAGNOSTIC,    23, -6.936039874494e-01, 1.663830137409e-06, 0.0000e+00, 0.0000e+00, 
 2DIAGNOSTIC,    24, -6.935954526767e-01, 1.529827906632e-06, 0.0000e+00, 0.0000e+00, 
 2DIAGNOSTIC,    25, -6.935769443204e-01, 1.090100843315e-06, 0.0000e+00, 0.0000e+00, 
DIAGNOSTIC,Iteration,metricValue,convergenceValue,ITERATION_TIME_INDEX,SINCE_LAST
 2DIAGNOSTIC,     1, -5.887569196887e-01, 1.797693134862e+308, 0.0000e+00, 0.0000e+00, 
 2DIAGNOSTIC,     2, -5.893172958773e-01, 1.797693134862e+308, 0.0000e+00, 0.0000e+00, 
 2DIAGNOSTIC,     3, -5.900494937111e-01, 1.797693134862e+308, 0.0000e+00, 0.0000e+00, 
 2DIAGNOSTIC,     4, -5.909516760010e-01, 1.797693134862e+308, 0.0000e+00, 0.0000e+00, 
 2DIAGNOSTIC,     5, -5.925018737041e-01, 1.797693134862e+308, 0.0000e+00, 0.0000e+00, 
 2DIAGNOSTIC,     6, -5.926562278269e-01, 1.797693134862e+308, 0.0000e+00, 0.0000e+00, 
 2DIAGNOSTIC,     7, -5.928659699235e-01, 1.797693134862e+308, 0.0000e+00, 0.0000e+00, 
 2DIAGNOSTIC,     8, -5.930288274298e-01, 1.797693134862e+308, 0.0000e+00, 0.0000e+00, 
 2DIAGNOSTIC,     9, -5.930281155888e-01, 1.797693134862e+308, 0.0000e+00, 0.0000e+00, 
 2DIAGNOSTIC,    10, -5.930270117745e-01, 5.086962263050e-04, 0.0000e+00, 0.0000e+00, 
 2DIAGNOSTIC,    11, -5.930259604638e-01, 3.543148721002e-04, 0.0000e+00, 0.0000e+00, 
 2DIAGNOSTIC,    12, -5.930248857422e-01, 2.170103499176e-04, 0.0000e+00, 0.0000e+00, 
 2DIAGNOSTIC,    13, -5.930238628316e-01, 1.082188270466e-04, 0.0000e+00, 0.0000e+00, 
 2DIAGNOSTIC,    14, -5.930229474725e-01, 3.493100189501e-05, 0.0000e+00, 0.0000e+00, 
