
##########################
# Experiment information #
##########################

EXPERIMENT_NAME: antsRegistration-r7-p23
VFC_BACKENDS: libinterflop_vprec.so --range-binary32=7 --precision-binary32=23 --range-binary64=7 --precision-binary64=23

SIF_IMG: /home/mdugre/projects/rrg-glatard/mdugre/containers/ants-vprec-no_metrics.simg

SUBJECT_ID: s014
INPUT_IMG: /home/mdugre/scratch/mri-registration-rp/datasets/ds004513/derivatives/mri-registration-rp/antsBrainExtraction/sub-s014/BrainExtractionBrain.nii.gz
OUTPUT_DIR: /home/mdugre/scratch/mri-registration-rp/datasets/ds004513/derivatives/mri-registration-rp/0011/antsRegistration-r7-p23/sub-s014

FIXED_IMG: /templateflow/tpl-MNI152NLin2009cAsym/tpl-MNI152NLin2009cAsym_res-01_desc-brain_T1w.nii.gz
DATA_DIR: /home/mdugre/scratch/mri-registration-rp/datasets/ds004513
TEMPLATEFLOW_DIR: /home/mdugre/projects/rrg-glatard/mdugre/templateflow
ITK_GLOBAL_DEFAULT_NUMBER_OF_THREADS: 16
##########################

Info [verificarlo]: loaded backend libinterflop_ieee.so
Info [interflop-ieee]: load backend with:
Info [interflop-ieee]: debug = false
Info [interflop-ieee]: debug-binary = false
Info [interflop-ieee]: no-backend-name = false
Info [interflop-ieee]: print-new-line = false
Info [interflop-ieee]: print-subnormal-normalized = false
Info [interflop-ieee]: count-op = false
All_Command_lines_OK
Using double precision for computations.
=============================================================================
The composite transform comprises the following transforms (in order): 
  1. Center of mass alignment using fixed image: /templateflow/tpl-MNI152NLin2009cAsym/tpl-MNI152NLin2009cAsym_res-01_desc-brain_T1w.nii.gz and moving image: /home/mdugre/scratch/mri-registration-rp/datasets/ds004513/derivatives/mri-registration-rp/antsBrainExtraction/sub-s014/BrainExtractionBrain.nii.gz (type = Euler3DTransform)
=============================================================================
  number of levels = 1
  fixed image: /templateflow/tpl-MNI152NLin2009cAsym/tpl-MNI152NLin2009cAsym_res-01_desc-brain_T1w.nii.gz
  moving image: /home/mdugre/scratch/mri-registration-rp/datasets/ds004513/derivatives/mri-registration-rp/antsBrainExtraction/sub-s014/BrainExtractionBrain.nii.gz
Dimension = 3
Number of stages = 1
Use histogram matching = false
Winsorize image intensities = true
  Lower quantile = 0.005
  Upper quantile = 0.995


Stage 1 State
   Image metric = MattesMI
     Fixed image = Image (0x3d1ae70)
  RTTI typeinfo:   itk::Image<double, 3u>
  Reference Count: 2
  Modified Time: 2334
  Debug: Off
  Object Name: 
  Observers: 
    none
  Source: (none)
  Source output name: (none)
  Release Data: Off
  Data Released: False
  Global Release Data: Off
  PipelineMTime: 0
  UpdateMTime: 1943
  RealTimeStamp: 0 seconds 
  LargestPossibleRegion: 
    Dimension: 3
    Index: [0, 0, 0]
    Size: [193, 229, 193]
  BufferedRegion: 
    Dimension: 3
    Index: [0, 0, 0]
    Size: [193, 229, 193]
  RequestedRegion: 
    Dimension: 3
    Index: [0, 0, 0]
    Size: [193, 229, 193]
  Spacing: [1, 1, 1]
  Origin: [96, 132, -78]
  Direction: 
-1 0 0
0 -1 0
0 0 1

  IndexToPointMatrix: 
-1 0 0
0 -1 0
0 0 1

  PointToIndexMatrix: 
-1 0 0
0 -1 0
0 0 1

  Inverse Direction: 
-1 0 0
0 -1 0
0 0 1

  PixelContainer: 
    ImportImageContainer (0x3d27140)
      RTTI typeinfo:   itk::ImportImageContainer<unsigned long, double>
      Reference Count: 1
      Modified Time: 1940
      Debug: Off
      Object Name: 
      Observers: 
        none
      Pointer: 0x14a3df5bb010
      Container manages memory: true
      Size: 8530021
      Capacity: 8530021

     Moving image = Image (0x3d24310)
  RTTI typeinfo:   itk::Image<double, 3u>
  Reference Count: 2
  Modified Time: 2335
  Debug: Off
  Object Name: 
  Observers: 
    none
  Source: (none)
  Source output name: (none)
  Release Data: Off
  Data Released: False
  Global Release Data: Off
  PipelineMTime: 0
  UpdateMTime: 2332
  RealTimeStamp: 0 seconds 
  LargestPossibleRegion: 
    Dimension: 3
    Index: [0, 0, 0]
    Size: [160, 240, 256]
  BufferedRegion: 
    Dimension: 3
    Index: [0, 0, 0]
    Size: [160, 240, 256]
  RequestedRegion: 
    Dimension: 3
    Index: [0, 0, 0]
    Size: [160, 240, 256]
  Spacing: [0.999999, 1, 1]
  Origin: [84.1637, 106.709, -120.531]
  Direction: 
-0.999619 -0.0226874 -0.0157033
0.0226846 -0.999743 0.00035635
-0.0157073 -7.8229e-09 0.999877

  IndexToPointMatrix: 
-0.999619 -0.0226874 -0.0157033
0.0226845 -0.999743 0.00035635
-0.0157073 -7.8229e-09 0.999877

  PointToIndexMatrix: 
-0.99962 0.0226846 -0.0157073
-0.0226874 -0.999743 -7.83127e-09
-0.0157033 0.00035635 0.999877

  Inverse Direction: 
-0.999619 0.0226846 -0.0157073
-0.0226874 -0.999743 -7.83127e-09
-0.0157033 0.00035635 0.999877

  PixelContainer: 
    ImportImageContainer (0x3e4f610)
      RTTI typeinfo:   itk::ImportImageContainer<unsigned long, double>
      Reference Count: 1
      Modified Time: 2329
      Debug: Off
      Object Name: 
      Observers: 
        none
      Pointer: 0x14a3daaba010
      Container manages memory: true
      Size: 9830400
      Capacity: 9830400

     Weighting = 1
     Sampling strategy = regular
     Number of bins = 32
     Radius = 4
     Sampling percentage  = 0.25
   Transform = Rigid
     Gradient step = 0.1
     Update field sigma (voxel space) = 0
     Total field sigma (voxel space) = 0
     Update field time sigma = 0
     Total field time sigma  = 0
     Number of time indices = 0
     Number of time point samples = 0
Registration using 1 total stages.

Stage 0
  iterations = 0
  convergence threshold = 1e-06
  convergence window size = 10
  number of levels = 1
  using the Mattes MI metric (number of bins = 32, weight = 1, use gradient filter = 0)
  preprocessing:  winsorizing the image intensities
  Shrink factors (level 1 out of 1): [1, 1, 1]
  smoothing sigmas per level: [0]
  regular sampling (percentage = 0.25)

*** Running Euler3DTransform registration ***

  Elapsed time (stage 0): 1.09703


Total elapsed time: 1.09934
Info [verificarlo]: loaded backend libinterflop_ieee.so
Info [interflop-ieee]: load backend with:
Info [interflop-ieee]: debug = false
Info [interflop-ieee]: debug-binary = false
Info [interflop-ieee]: no-backend-name = false
Info [interflop-ieee]: print-new-line = false
Info [interflop-ieee]: print-subnormal-normalized = false
Info [interflop-ieee]: count-op = false
All_Command_lines_OK
Using double precision for computations.
=============================================================================
The composite transform comprises the following transforms (in order): 
  1. /home/mdugre/scratch/mri-registration-rp/datasets/ds004513/derivatives/mri-registration-rp/0011/antsRegistration-r7-p23/sub-s014/align_Composite.h5[0] (type = Euler3DTransform)
  2. /home/mdugre/scratch/mri-registration-rp/datasets/ds004513/derivatives/mri-registration-rp/0011/antsRegistration-r7-p23/sub-s014/align_Composite.h5[1] (type = Euler3DTransform)
=============================================================================
  number of levels = 4
  fixed image: /templateflow/tpl-MNI152NLin2009cAsym/tpl-MNI152NLin2009cAsym_res-01_desc-brain_T1w.nii.gz
  moving image: /home/mdugre/scratch/mri-registration-rp/datasets/ds004513/derivatives/mri-registration-rp/antsBrainExtraction/sub-s014/BrainExtractionBrain.nii.gz
Dimension = 3
Number of stages = 1
Use histogram matching = false
Winsorize image intensities = true
  Lower quantile = 0.005
  Upper quantile = 0.995


Stage 1 State
   Image metric = MattesMI
     Fixed image = Image (0x4646530)
  RTTI typeinfo:   itk::Image<double, 3u>
  Reference Count: 2
  Modified Time: 1580
  Debug: Off
  Object Name: 
  Observers: 
    none
  Source: (none)
  Source output name: (none)
  Release Data: Off
  Data Released: False
  Global Release Data: Off
  PipelineMTime: 0
  UpdateMTime: 1189
  RealTimeStamp: 0 seconds 
  LargestPossibleRegion: 
    Dimension: 3
    Index: [0, 0, 0]
    Size: [193, 229, 193]
  BufferedRegion: 
    Dimension: 3
    Index: [0, 0, 0]
    Size: [193, 229, 193]
  RequestedRegion: 
    Dimension: 3
    Index: [0, 0, 0]
    Size: [193, 229, 193]
  Spacing: [1, 1, 1]
  Origin: [96, 132, -78]
  Direction: 
-1 0 0
0 -1 0
0 0 1

  IndexToPointMatrix: 
-1 0 0
0 -1 0
0 0 1

  PointToIndexMatrix: 
-1 0 0
0 -1 0
0 0 1

  Inverse Direction: 
-1 0 0
0 -1 0
0 0 1

  PixelContainer: 
    ImportImageContainer (0x4704d60)
      RTTI typeinfo:   itk::ImportImageContainer<unsigned long, double>
      Reference Count: 1
      Modified Time: 1186
      Debug: Off
      Object Name: 
      Observers: 
        none
      Pointer: 0x1538fa14f010
      Container manages memory: true
      Size: 8530021
      Capacity: 8530021

     Moving image = Image (0x46f6f60)
  RTTI typeinfo:   itk::Image<double, 3u>
  Reference Count: 2
  Modified Time: 1581
  Debug: Off
  Object Name: 
  Observers: 
    none
  Source: (none)
  Source output name: (none)
  Release Data: Off
  Data Released: False
  Global Release Data: Off
  PipelineMTime: 0
  UpdateMTime: 1578
  RealTimeStamp: 0 seconds 
  LargestPossibleRegion: 
    Dimension: 3
    Index: [0, 0, 0]
    Size: [160, 240, 256]
  BufferedRegion: 
    Dimension: 3
    Index: [0, 0, 0]
    Size: [160, 240, 256]
  RequestedRegion: 
    Dimension: 3
    Index: [0, 0, 0]
    Size: [160, 240, 256]
  Spacing: [0.999999, 1, 1]
  Origin: [84.1637, 106.709, -120.531]
  Direction: 
-0.999619 -0.0226874 -0.0157033
0.0226846 -0.999743 0.00035635
-0.0157073 -7.8229e-09 0.999877

  IndexToPointMatrix: 
-0.999619 -0.0226874 -0.0157033
0.0226845 -0.999743 0.00035635
-0.0157073 -7.8229e-09 0.999877

  PointToIndexMatrix: 
-0.99962 0.0226846 -0.0157073
-0.0226874 -0.999743 -7.83127e-09
-0.0157033 0.00035635 0.999877

  Inverse Direction: 
-0.999619 0.0226846 -0.0157073
-0.0226874 -0.999743 -7.83127e-09
-0.0157033 0.00035635 0.999877

  PixelContainer: 
    ImportImageContainer (0x46e86d0)
      RTTI typeinfo:   itk::ImportImageContainer<unsigned long, double>
      Reference Count: 1
      Modified Time: 1575
      Debug: Off
      Object Name: 
      Observers: 
        none
      Pointer: 0x1538f564e010
      Container manages memory: true
      Size: 9830400
      Capacity: 9830400

     Weighting = 1
     Sampling strategy = regular
     Number of bins = 32
     Radius = 4
     Sampling percentage  = 0.25
   Transform = Rigid
     Gradient step = 0.1
     Update field sigma (voxel space) = 0
     Total field sigma (voxel space) = 0
     Update field time sigma = 0
     Total field time sigma  = 0
     Number of time indices = 0
     Number of time point samples = 0
Registration using 1 total stages.

Stage 0
  iterations = 1000x500x250x100
  convergence threshold = 1e-06
  convergence window size = 10
  number of levels = 4
  using the Mattes MI metric (number of bins = 32, weight = 1, use gradient filter = 0)
  preprocessing:  winsorizing the image intensities
  Shrink factors (level 1 out of 4): [8, 8, 8]
  Shrink factors (level 2 out of 4): [4, 4, 4]
  Shrink factors (level 3 out of 4): [2, 2, 2]
  Shrink factors (level 4 out of 4): [1, 1, 1]
  smoothing sigmas per level: [3, 2, 1, 0]
  regular sampling (percentage = 0.25)

*** Running Euler3DTransform registration ***

DIAGNOSTIC,Iteration,metricValue,convergenceValue,ITERATION_TIME_INDEX,SINCE_LAST
 2DIAGNOSTIC,     1, -4.770821406565e-01, 1.797693134862e+308, 7.6444e-01, 7.6444e-01, 
 2DIAGNOSTIC,     2, -4.784216133942e-01, 1.797693134862e+308, 7.6922e-01, 4.7810e-03, 
 2DIAGNOSTIC,     3, -4.807043200681e-01, 1.797693134862e+308, 7.7333e-01, 4.1142e-03, 
 2DIAGNOSTIC,     4, -4.840264478065e-01, 1.797693134862e+308, 7.7762e-01, 4.2920e-03, 
 2DIAGNOSTIC,     5, -4.883050305770e-01, 1.797693134862e+308, 7.8185e-01, 4.2250e-03, 
 2DIAGNOSTIC,     6, -4.953560426371e-01, 1.797693134862e+308, 7.8660e-01, 4.7519e-03, 
 2DIAGNOSTIC,     7, -5.007350570384e-01, 1.797693134862e+308, 7.9082e-01, 4.2241e-03, 
 2DIAGNOSTIC,     8, -5.013278569503e-01, 1.797693134862e+308, 7.9501e-01, 4.1902e-03, 
 2DIAGNOSTIC,     9, -5.085255256006e-01, 1.797693134862e+308, 7.9996e-01, 4.9479e-03, 
 2DIAGNOSTIC,    10, -5.161992633656e-01, 5.125196520979e-03, 8.0638e-01, 6.4161e-03, 
 2DIAGNOSTIC,    11, -5.167072941437e-01, 4.879252931146e-03, 8.1086e-01, 4.4799e-03, 
 2DIAGNOSTIC,    12, -5.203629876260e-01, 4.481282734468e-03, 8.1520e-01, 4.3411e-03, 
 2DIAGNOSTIC,    13, -5.229718709777e-01, 3.958672533578e-03, 8.1956e-01, 4.3621e-03, 
 2DIAGNOSTIC,    14, -5.250338110829e-01, 3.368007801720e-03, 8.2461e-01, 5.0521e-03, 
 2DIAGNOSTIC,    15, -5.272078697645e-01, 2.786121483382e-03, 8.3124e-01, 6.6230e-03, 
 2DIAGNOSTIC,    16, -5.275715603975e-01, 2.284098302149e-03, 8.3561e-01, 4.3781e-03, 
 2DIAGNOSTIC,    17, -5.282507656509e-01, 1.839921123723e-03, 8.3983e-01, 4.2200e-03, 
 2DIAGNOSTIC,    18, -5.289722876065e-01, 1.313912041885e-03, 8.4464e-01, 4.8101e-03, 
 2DIAGNOSTIC,    19, -5.292207410111e-01, 9.370568707277e-04, 8.4931e-01, 4.6668e-03, 
 2DIAGNOSTIC,    20, -5.294476960672e-01, 7.341365573329e-04, 8.5405e-01, 4.7431e-03, 
 2DIAGNOSTIC,    21, -5.294955840903e-01, 4.966190831914e-04, 8.5839e-01, 4.3359e-03, 
 2DIAGNOSTIC,    22, -5.295366245031e-01, 3.281311959410e-04, 8.6306e-01, 4.6711e-03, 
 2DIAGNOSTIC,    23, -5.295376311909e-01, 2.063244245763e-04, 8.6792e-01, 4.8618e-03, 
 2DIAGNOSTIC,    24, -5.295911249027e-01, 1.234508389650e-04, 8.7285e-01, 4.9279e-03, 
 2DIAGNOSTIC,    25, -5.296271130644e-01, 8.499150549685e-05, 8.7757e-01, 4.7221e-03, 
 2DIAGNOSTIC,    26, -5.296539599386e-01, 4.983583932567e-05, 8.8187e-01, 4.2992e-03, 
 2DIAGNOSTIC,    27, -5.297704229814e-01, 2.877322816423e-05, 8.8616e-01, 4.2851e-03, 
 2DIAGNOSTIC,    28, -5.299884954880e-01, 2.504887535439e-05, 8.9189e-01, 5.7342e-03, 
 2DIAGNOSTIC,    29, -5.300854192464e-01, 2.569611955882e-05, 8.9660e-01, 4.7081e-03, 
 2DIAGNOSTIC,    30, -5.300410324623e-01, 2.732899347763e-05, 9.0084e-01, 4.2431e-03, 
 2DIAGNOSTIC,    31, -5.300376932145e-01, 2.724560551615e-05, 9.0499e-01, 4.1480e-03, 
 2DIAGNOSTIC,    32, -5.301686264232e-01, 2.763232920897e-05, 9.0914e-01, 4.1461e-03, 
 2DIAGNOSTIC,    33, -5.303926738414e-01, 2.905769096394e-05, 9.1433e-01, 5.1968e-03, 
 2DIAGNOSTIC,    34, -5.304519664595e-01, 2.945835346144e-05, 9.1955e-01, 5.2202e-03, 
 2DIAGNOSTIC,    35, -5.305073139178e-01, 2.868169324403e-05, 9.2379e-01, 4.2400e-03, 
 2DIAGNOSTIC,    36, -5.305686017143e-01, 2.670517368709e-05, 9.2795e-01, 4.1571e-03, 
 2DIAGNOSTIC,    37, -5.306602858936e-01, 2.533264907982e-05, 9.3366e-01, 5.7111e-03, 
 2DIAGNOSTIC,    38, -5.306881156226e-01, 2.512162422384e-05, 9.3786e-01, 4.2009e-03, 
 2DIAGNOSTIC,    39, -5.307317416631e-01, 2.461885296692e-05, 9.4210e-01, 4.2369e-03, 
 2DIAGNOSTIC,    40, -5.308225091351e-01, 2.257034275308e-05, 9.4778e-01, 5.6789e-03, 
 2DIAGNOSTIC,    41, -5.308460424124e-01, 1.877385526625e-05, 9.5193e-01, 4.1530e-03, 
 2DIAGNOSTIC,    42, -5.308561837320e-01, 1.520831958724e-05, 9.5620e-01, 4.2651e-03, 
 2DIAGNOSTIC,    43, -5.308777649273e-01, 1.355835178847e-05, 9.6040e-01, 4.1990e-03, 
 2DIAGNOSTIC,    44, -5.309114036110e-01, 1.190613946038e-05, 9.6464e-01, 4.2481e-03, 
 2DIAGNOSTIC,    45, -5.310262965517e-01, 1.129423568197e-05, 9.7180e-01, 7.1530e-03, 
 2DIAGNOSTIC,    46, -5.310374074445e-01, 1.049838943518e-05, 9.7604e-01, 4.2431e-03, 
 2DIAGNOSTIC,    47, -5.310434720121e-01, 9.962263461567e-06, 9.8028e-01, 4.2379e-03, 
 2DIAGNOSTIC,    48, -5.310518853633e-01, 8.989886114946e-06, 9.8453e-01, 4.2522e-03, 
 2DIAGNOSTIC,    49, -5.310584329536e-01, 7.783359505718e-06, 9.8982e-01, 5.2860e-03, 
 2DIAGNOSTIC,    50, -5.310645817646e-01, 6.973833585170e-06, 9.9554e-01, 5.7230e-03, 
 2DIAGNOSTIC,    51, -5.310656430617e-01, 5.851695601126e-06, 9.9975e-01, 4.2069e-03, 
 2DIAGNOSTIC,    52, -5.310738190001e-01, 4.481863509823e-06, 1.0045e+00, 4.7629e-03, 
 2DIAGNOSTIC,    53, -5.310768127969e-01, 3.049471521584e-06, 1.0088e+00, 4.2410e-03, 
 2DIAGNOSTIC,    54, -5.310775506016e-01, 1.750844720372e-06, 1.0129e+00, 4.1800e-03, 
 2DIAGNOSTIC,    55, -5.310817434211e-01, 1.565716413059e-06, 1.0172e+00, 4.2691e-03, 
 2DIAGNOSTIC,    56, -5.310870994121e-01, 1.452195857572e-06, 1.0219e+00, 4.7059e-03, 
 2DIAGNOSTIC,    57, -5.310885232961e-01, 1.327089154995e-06, 1.0266e+00, 4.7441e-03, 
 2DIAGNOSTIC,    58, -5.310914487850e-01, 1.238639650840e-06, 1.0314e+00, 4.7240e-03, 
 2DIAGNOSTIC,    59, -5.311015678587e-01, 1.240623596358e-06, 1.0366e+00, 5.1999e-03, 
 2DIAGNOSTIC,    60, -5.311021904297e-01, 1.235244578728e-06, 1.0408e+00, 4.2171e-03, 
 2DIAGNOSTIC,    61, -5.311059901820e-01, 1.204917779024e-06, 1.0541e+00, 1.3284e-02, 
 2DIAGNOSTIC,    62, -5.311059901659e-01, 1.182103197446e-06, 1.0673e+00, 1.3200e-02, 
 2DIAGNOSTIC,    63, -5.311059901659e-01, 1.122797858102e-06, 1.0724e+00, 5.1620e-03, 
 2DIAGNOSTIC,    64, -5.311059901659e-01, 1.011506956972e-06, 1.0776e+00, 5.1780e-03, 
DIAGNOSTIC,Iteration,metricValue,convergenceValue,ITERATION_TIME_INDEX,SINCE_LAST
 2DIAGNOSTIC,     1, -4.295258231624e-01, 1.797693134862e+308, 1.8158e+00, 7.3823e-01, 
 2DIAGNOSTIC,     2, -4.302859640431e-01, 1.797693134862e+308, 1.8472e+00, 3.1397e-02, 
 2DIAGNOSTIC,     3, -4.309651196675e-01, 1.797693134862e+308, 1.8754e+00, 2.8203e-02, 
 2DIAGNOSTIC,     4, -4.317164347763e-01, 1.797693134862e+308, 1.9035e+00, 2.8009e-02, 
 2DIAGNOSTIC,     5, -4.325561938345e-01, 1.797693134862e+308, 1.9334e+00, 2.9907e-02, 
 2DIAGNOSTIC,     6, -4.341819580777e-01, 1.797693134862e+308, 1.9629e+00, 2.9515e-02, 
 2DIAGNOSTIC,     7, -4.354327949459e-01, 1.797693134862e+308, 1.9915e+00, 2.8670e-02, 
 2DIAGNOSTIC,     8, -4.367134834398e-01, 1.797693134862e+308, 2.0260e+00, 3.4453e-02, 
 2DIAGNOSTIC,     9, -4.377076816051e-01, 1.797693134862e+308, 2.0676e+00, 4.1620e-02, 
 2DIAGNOSTIC,    10, -4.379510214294e-01, 1.375954781896e-03, 2.0978e+00, 3.0168e-02, 
 2DIAGNOSTIC,    11, -4.381306699707e-01, 1.211218579689e-03, 2.1290e+00, 3.1222e-02, 
 2DIAGNOSTIC,    12, -4.403708091220e-01, 1.128184042290e-03, 2.1651e+00, 3.6098e-02, 
 2DIAGNOSTIC,    13, -4.435986506013e-01, 1.148562289298e-03, 2.2048e+00, 3.9730e-02, 
 2DIAGNOSTIC,    14, -4.436199448702e-01, 1.094787365910e-03, 2.2358e+00, 3.0968e-02, 
 2DIAGNOSTIC,    15, -4.445052019558e-01, 1.025845805386e-03, 2.2713e+00, 3.5539e-02, 
 2DIAGNOSTIC,    16, -4.479362667735e-01, 1.077370603918e-03, 2.3125e+00, 4.1124e-02, 
 2DIAGNOSTIC,    17, -4.481475951001e-01, 1.073587599753e-03, 2.3442e+00, 3.1745e-02, 
 2DIAGNOSTIC,    18, -4.482020490796e-01, 1.018146310312e-03, 2.3797e+00, 3.5517e-02, 
 2DIAGNOSTIC,    19, -4.481966709094e-01, 9.107728275346e-04, 2.4376e+00, 5.7830e-02, 
 2DIAGNOSTIC,    20, -4.481953336573e-01, 7.394369071401e-04, 2.4702e+00, 3.2631e-02, 
 2DIAGNOSTIC,    21, -4.481954334568e-01, 5.189437684919e-04, 2.5075e+00, 3.7312e-02, 
 2DIAGNOSTIC,    22, -4.482018534225e-01, 3.337448772103e-04, 2.5460e+00, 3.8468e-02, 
 2DIAGNOSTIC,    23, -4.481921492055e-01, 2.259319836686e-04, 2.5780e+00, 3.1998e-02, 
 2DIAGNOSTIC,    24, -4.482074312957e-01, 1.077320554087e-04, 2.6138e+00, 3.5877e-02, 
 2DIAGNOSTIC,    25, -4.482144438890e-01, 9.691653893452e-06, 2.6479e+00, 3.4086e-02, 
 2DIAGNOSTIC,    26, -4.482116709664e-01, 3.273676248319e-06, 2.6816e+00, 3.3706e-02, 
 2DIAGNOSTIC,    27, -4.482088353065e-01, 2.084621160782e-06, 2.7152e+00, 3.3591e-02, 
 2DIAGNOSTIC,    28, -4.482139219411e-01, 2.274298212382e-06, 2.7444e+00, 2.9205e-02, 
 2DIAGNOSTIC,    29, -4.482420865662e-01, 2.842579773787e-06, 2.7773e+00, 3.2908e-02, 
 2DIAGNOSTIC,    30, -4.482455731888e-01, 3.232680835755e-06, 2.8135e+00, 3.6177e-02, 
 2DIAGNOSTIC,    31, -4.482405885623e-01, 3.298132887380e-06, 2.8425e+00, 2.8961e-02, 
 2DIAGNOSTIC,    32, -4.482290914020e-01, 3.068916883203e-06, 2.8731e+00, 3.0591e-02, 
 2DIAGNOSTIC,    33, -4.482261086629e-01, 2.406540564819e-06, 2.9051e+00, 3.2021e-02, 
 2DIAGNOSTIC,    34, -4.482147420474e-01, 1.704265423993e-06, 2.9372e+00, 3.2075e-02, 
 2DIAGNOSTIC,    35, -4.482170220849e-01, 1.142409895627e-06, 2.9688e+00, 3.1667e-02, 
DIAGNOSTIC,Iteration,metricValue,convergenceValue,ITERATION_TIME_INDEX,SINCE_LAST
 2DIAGNOSTIC,     1, -3.932184617591e-01, 1.797693134862e+308, 3.9606e+00, 9.9173e-01, 
 2DIAGNOSTIC,     2, -3.933350079622e-01, 1.797693134862e+308, 4.1897e+00, 2.2912e-01, 
 2DIAGNOSTIC,     3, -3.934316046691e-01, 1.797693134862e+308, 4.4032e+00, 2.1354e-01, 
 2DIAGNOSTIC,     4, -3.934445200403e-01, 1.797693134862e+308, 4.6838e+00, 2.8061e-01, 
 2DIAGNOSTIC,     5, -3.934561040061e-01, 1.797693134862e+308, 4.9429e+00, 2.5906e-01, 
 2DIAGNOSTIC,     6, -3.934557399079e-01, 1.797693134862e+308, 5.2267e+00, 2.8383e-01, 
 2DIAGNOSTIC,     7, -3.934568946513e-01, 1.797693134862e+308, 5.7198e+00, 4.9311e-01, 
 2DIAGNOSTIC,     8, -3.934560025332e-01, 1.797693134862e+308, 6.0175e+00, 2.9764e-01, 
 2DIAGNOSTIC,     9, -3.934553706033e-01, 1.797693134862e+308, 6.3683e+00, 3.5081e-01, 
 2DIAGNOSTIC,    10, -3.934548434416e-01, 2.950388050983e-05, 6.6492e+00, 2.8092e-01, 
 2DIAGNOSTIC,    11, -3.934535149458e-01, 1.251787463426e-05, 6.9146e+00, 2.6543e-01, 
 2DIAGNOSTIC,    12, -3.934529102379e-01, 4.334104906120e-06, 7.1743e+00, 2.5964e-01, 
 2DIAGNOSTIC,    13, -3.934523310944e-01, 2.580301607422e-06, 7.4019e+00, 2.2757e-01, 
 2DIAGNOSTIC,    14, -3.934518639503e-01, 1.691075263363e-06, 7.6876e+00, 2.8572e-01, 
 2DIAGNOSTIC,    15, -3.934519733037e-01, 1.537715219338e-06, 7.9377e+00, 2.5012e-01, 
 2DIAGNOSTIC,    16, -3.934513608162e-01, 1.410840130278e-06, 8.1641e+00, 2.2637e-01, 
 2DIAGNOSTIC,    17, -3.934508378878e-01, 1.380509743631e-06, 8.4285e+00, 2.6447e-01, 
 2DIAGNOSTIC,    18, -3.934502558370e-01, 1.340257150914e-06, 8.6495e+00, 2.2093e-01, 
 2DIAGNOSTIC,    19, -3.934497850361e-01, 1.301860677122e-06, 8.9248e+00, 2.7538e-01, 
 2DIAGNOSTIC,    20, -3.934499620241e-01, 1.290039574948e-06, 9.1665e+00, 2.4169e-01, 
 2DIAGNOSTIC,    21, -3.934502603538e-01, 1.271710465177e-06, 9.4083e+00, 2.4176e-01, 
 2DIAGNOSTIC,    22, -3.934498714207e-01, 1.245514346632e-06, 9.7583e+00, 3.4999e-01, 
 2DIAGNOSTIC,    23, -3.934501305847e-01, 1.231427022595e-06, 1.0044e+01, 2.8620e-01, 
 2DIAGNOSTIC,    24, -3.934495534317e-01, 1.200792452014e-06, 1.0292e+01, 2.4714e-01, 
 2DIAGNOSTIC,    25, -3.934490926225e-01, 1.174527804730e-06, 1.0533e+01, 2.4172e-01, 
 2DIAGNOSTIC,    26, -3.934495814896e-01, 1.156238095247e-06, 1.0821e+01, 2.8741e-01, 
 2DIAGNOSTIC,    27, -3.934510331489e-01, 1.170201565176e-06, 1.1122e+01, 3.0167e-01, 
 2DIAGNOSTIC,    28, -3.934498668862e-01, 1.138213914398e-06, 1.1392e+01, 2.6915e-01, 
 2DIAGNOSTIC,    29, -3.934494066519e-01, 1.086573113970e-06, 1.1639e+01, 2.4729e-01, 
 2DIAGNOSTIC,    30, -3.934490069576e-01, 1.034518018528e-06, 1.1933e+01, 2.9406e-01, 
 2DIAGNOSTIC,    31, -3.934493550797e-01, 1.002859364330e-06, 1.2200e+01, 2.6685e-01, 
 2DIAGNOSTIC,    32, -3.934514387580e-01, 1.012149674004e-06, 1.2516e+01, 3.1589e-01, 
 2DIAGNOSTIC,    33, -3.934519790249e-01, 1.036071696943e-06, 1.2759e+01, 2.4369e-01, 
 2DIAGNOSTIC,    34, -3.934514160624e-01, 1.029042708024e-06, 1.3014e+01, 2.5464e-01, 
 2DIAGNOSTIC,    35, -3.934525146996e-01, 1.027695209689e-06, 1.3269e+01, 2.5451e-01, 
 2DIAGNOSTIC,    36, -3.934539682589e-01, 1.051995376023e-06, 1.3562e+01, 2.9335e-01, 
 2DIAGNOSTIC,    37, -3.934536116033e-01, 1.079271239716e-06, 1.3817e+01, 2.5511e-01, 
 2DIAGNOSTIC,    38, -3.934525129423e-01, 1.042002196590e-06, 1.4097e+01, 2.7976e-01, 
DIAGNOSTIC,Iteration,metricValue,convergenceValue,ITERATION_TIME_INDEX,SINCE_LAST
 2DIAGNOSTIC,     1, -3.660000231189e-01, 1.797693134862e+308, 1.6684e+01, 2.5869e+00, 
 2DIAGNOSTIC,     2, -3.661006044161e-01, 1.797693134862e+308, 1.8394e+01, 1.7107e+00, 
 2DIAGNOSTIC,     3, -3.661940053051e-01, 1.797693134862e+308, 2.0331e+01, 1.9365e+00, 
 2DIAGNOSTIC,     4, -3.662025643628e-01, 1.797693134862e+308, 2.3372e+01, 3.0412e+00, 
 2DIAGNOSTIC,     5, -3.662022977044e-01, 1.797693134862e+308, 2.5567e+01, 2.1947e+00, 
 2DIAGNOSTIC,     6, -3.662022732907e-01, 1.797693134862e+308, 2.7345e+01, 1.7785e+00, 
 2DIAGNOSTIC,     7, -3.662021510069e-01, 1.797693134862e+308, 2.9189e+01, 1.8433e+00, 
 2DIAGNOSTIC,     8, -3.662021104434e-01, 1.797693134862e+308, 3.0962e+01, 1.7730e+00, 
 2DIAGNOSTIC,     9, -3.662019867278e-01, 1.797693134862e+308, 3.2680e+01, 1.7184e+00, 
 2DIAGNOSTIC,    10, -3.662019340338e-01, 2.615307843429e-05, 3.4235e+01, 1.5550e+00, 
 2DIAGNOSTIC,    11, -3.662019021065e-01, 1.049209415226e-05, 3.6052e+01, 1.8172e+00, 
 2DIAGNOSTIC,    12, -3.662017877513e-01, 3.091362558744e-06, 3.7831e+01, 1.7789e+00, 
 2DIAGNOSTIC,    13, -3.662019075352e-01, 2.358435467448e-06, 3.9467e+01, 1.6361e+00, 
 2DIAGNOSTIC,    14, -3.662018586774e-01, 2.210206369604e-06, 4.1116e+01, 1.6491e+00, 
 2DIAGNOSTIC,    15, -3.662018919806e-01, 2.075386527731e-06, 4.2666e+01, 1.5497e+00, 
 2DIAGNOSTIC,    16, -3.662018421052e-01, 1.958104317426e-06, 4.4177e+01, 1.5109e+00, 
 2DIAGNOSTIC,    17, -3.662017315334e-01, 1.846828522424e-06, 4.5764e+01, 1.5875e+00, 
 2DIAGNOSTIC,    18, -3.662016584219e-01, 1.745449683239e-06, 4.7439e+01, 1.6744e+00, 
 2DIAGNOSTIC,    19, -3.662015875992e-01, 1.648798705213e-06, 4.9160e+01, 1.7218e+00, 
 2DIAGNOSTIC,    20, -3.662013732581e-01, 1.553843641020e-06, 5.0870e+01, 1.7097e+00, 
 2DIAGNOSTIC,    21, -3.662013254597e-01, 1.468744340830e-06, 5.2968e+01, 2.0979e+00, 
 2DIAGNOSTIC,    22, -3.662011170024e-01, 1.384171082419e-06, 5.4761e+01, 1.7931e+00, 
 2DIAGNOSTIC,    23, -3.662008966909e-01, 1.309503244729e-06, 5.6250e+01, 1.4886e+00, 
 2DIAGNOSTIC,    24, -3.662008588931e-01, 1.245215826021e-06, 5.7985e+01, 1.7351e+00, 
 2DIAGNOSTIC,    25, -3.662009022173e-01, 1.195923076951e-06, 5.9722e+01, 1.7370e+00, 
 2DIAGNOSTIC,    26, -3.662008588274e-01, 1.154782252051e-06, 6.1181e+01, 1.4595e+00, 
 2DIAGNOSTIC,    27, -3.662010886598e-01, 1.126687437063e-06, 6.2837e+01, 1.6551e+00, 
 2DIAGNOSTIC,    28, -3.662011544640e-01, 1.105168309742e-06, 6.4514e+01, 1.6776e+00, 
 2DIAGNOSTIC,    29, -3.662007270882e-01, 1.074819683207e-06, 6.6467e+01, 1.9533e+00, 
 2DIAGNOSTIC,    30, -3.662006709940e-01, 1.041888147327e-06, 6.8170e+01, 1.7024e+00, 
 2DIAGNOSTIC,    31, -3.662006079098e-01, 1.010052109070e-06, 7.0039e+01, 1.8688e+00, 
  Elapsed time (stage 0): 7.1013e+01


Total elapsed time: 7.1015e+01
Info [verificarlo]: loaded backend libinterflop_vprec.so
Info [interflop-vprec]: load backend with: 
Info [interflop-vprec]: precision-binary32 = 23
Info [interflop-vprec]: range-binary32 = 7
Info [interflop-vprec]: precision-binary64 = 23
Info [interflop-vprec]: range-binary64 = 7
Info [interflop-vprec]: mode = ob
Info [interflop-vprec]: error-mode = rel
Info [interflop-vprec]: max-abs-error-exponent = -1022
Info [interflop-vprec]: daz = false
Info [interflop-vprec]: ftz = false
Info [interflop-vprec]: 	instrument = none
Info [interflop-vprec]: 	prec-input-file = (null)
Info [interflop-vprec]: 	prec-output-file = (null)
Info [interflop-vprec]: 	prec-log-file = (null)
All_Command_lines_OK
Using double precision for computations.
=============================================================================
The composite transform comprises the following transforms (in order): 
  1. /home/mdugre/scratch/mri-registration-rp/datasets/ds004513/derivatives/mri-registration-rp/0011/antsRegistration-r7-p23/sub-s014/rigid_Composite.h5[0] (type = Euler3DTransform)
  2. /home/mdugre/scratch/mri-registration-rp/datasets/ds004513/derivatives/mri-registration-rp/0011/antsRegistration-r7-p23/sub-s014/rigid_Composite.h5[1] (type = Euler3DTransform)
  3. /home/mdugre/scratch/mri-registration-rp/datasets/ds004513/derivatives/mri-registration-rp/0011/antsRegistration-r7-p23/sub-s014/rigid_Composite.h5[2] (type = Euler3DTransform)
=============================================================================
  number of levels = 4
  fixed image: /templateflow/tpl-MNI152NLin2009cAsym/tpl-MNI152NLin2009cAsym_res-01_desc-brain_T1w.nii.gz
  moving image: /home/mdugre/scratch/mri-registration-rp/datasets/ds004513/derivatives/mri-registration-rp/antsBrainExtraction/sub-s014/BrainExtractionBrain.nii.gz
Dimension = 3
Number of stages = 1
Use histogram matching = false
Winsorize image intensities = true
  Lower quantile = 0.005
  Upper quantile = 0.995


Stage 1 State
   Image metric = MattesMI
     Fixed image = Image (0x4ac4490)
  RTTI typeinfo:   itk::Image<double, 3u>
  Reference Count: 2
  Modified Time: 1594
  Debug: Off
  Object Name: 
  Observers: 
    none
  Source: (none)
  Source output name: (none)
  Release Data: Off
  Data Released: False
  Global Release Data: Off
  PipelineMTime: 0
  UpdateMTime: 1203
  RealTimeStamp: 0 seconds 
  LargestPossibleRegion: 
    Dimension: 3
    Index: [0, 0, 0]
    Size: [193, 229, 193]
  BufferedRegion: 
    Dimension: 3
    Index: [0, 0, 0]
    Size: [193, 229, 193]
  RequestedRegion: 
    Dimension: 3
    Index: [0, 0, 0]
    Size: [193, 229, 193]
  Spacing: [1, 1, 1]
  Origin: [96, 132, -78]
  Direction: 
-1 0 0
0 -1 0
0 0 1

  IndexToPointMatrix: 
-1 0 0
0 -1 0
0 0 1

  PointToIndexMatrix: 
-1 0 0
0 -1 0
0 0 1

  Inverse Direction: 
-1 0 0
0 -1 0
0 0 1

  PixelContainer: 
    ImportImageContainer (0x4b8f8c0)
      RTTI typeinfo:   itk::ImportImageContainer<unsigned long, double>
      Reference Count: 1
      Modified Time: 1200
      Debug: Off
      Object Name: 
      Observers: 
        none
      Pointer: 0x14c1f195a010
      Container manages memory: true
      Size: 8530021
      Capacity: 8530021

     Moving image = Image (0x4b7fb60)
  RTTI typeinfo:   itk::Image<double, 3u>
  Reference Count: 2
  Modified Time: 1595
  Debug: Off
  Object Name: 
  Observers: 
    none
  Source: (none)
  Source output name: (none)
  Release Data: Off
  Data Released: False
  Global Release Data: Off
  PipelineMTime: 0
  UpdateMTime: 1592
  RealTimeStamp: 0 seconds 
  LargestPossibleRegion: 
    Dimension: 3
    Index: [0, 0, 0]
    Size: [160, 240, 256]
  BufferedRegion: 
    Dimension: 3
    Index: [0, 0, 0]
    Size: [160, 240, 256]
  RequestedRegion: 
    Dimension: 3
    Index: [0, 0, 0]
    Size: [160, 240, 256]
  Spacing: [0.999999, 1, 1]
  Origin: [84.1637, 106.709, -120.531]
  Direction: 
-0.999619 -0.0226874 -0.0157033
0.0226846 -0.999743 0.00035635
-0.0157073 -7.8229e-09 0.999877

  IndexToPointMatrix: 
-0.999619 -0.0226874 -0.0157033
0.0226845 -0.999743 0.00035635
-0.0157073 -7.8229e-09 0.999877

  PointToIndexMatrix: 
-0.99962 0.0226846 -0.0157073
-0.0226874 -0.999743 2.98023e-08
-0.0157033 0.000356346 0.999877

  Inverse Direction: 
-0.999619 0.0226846 -0.0157073
-0.0226874 -0.999743 -7.84348e-09
-0.0157033 0.00035635 0.999877

  PixelContainer: 
    ImportImageContainer (0x4c131d0)
      RTTI typeinfo:   itk::ImportImageContainer<unsigned long, double>
      Reference Count: 1
      Modified Time: 1589
      Debug: Off
      Object Name: 
      Observers: 
        none
      Pointer: 0x14c1ece59010
      Container manages memory: true
      Size: 9830400
      Capacity: 9830400

     Weighting = 1
     Sampling strategy = regular
     Number of bins = 32
     Radius = 4
     Sampling percentage  = 0.25
   Transform = Affine
     Gradient step = 0.1
     Update field sigma (voxel space) = 0
     Total field sigma (voxel space) = 0
     Update field time sigma = 0
     Total field time sigma  = 0
     Number of time indices = 0
     Number of time point samples = 0
Registration using 1 total stages.

Stage 0
  iterations = 1000x500x250x100
  convergence threshold = 1e-06
  convergence window size = 10
  number of levels = 4
  using the Mattes MI metric (number of bins = 32, weight = 1, use gradient filter = 0)
  preprocessing:  winsorizing the image intensities
  Shrink factors (level 1 out of 4): [8, 8, 8]
  Shrink factors (level 2 out of 4): [4, 4, 4]
  Shrink factors (level 3 out of 4): [2, 2, 2]
  Shrink factors (level 4 out of 4): [1, 1, 1]
  smoothing sigmas per level: [3, 2, 1, 0]
  regular sampling (percentage = 0.25)

*** Running AffineTransform registration ***

DIAGNOSTIC,Iteration,metricValue,convergenceValue,ITERATION_TIME_INDEX,SINCE_LAST
 2DIAGNOSTIC,     1, -5.239746793011e-01, 1.797693134862e+308, 0.0000e+00, 0.0000e+00, 
 2DIAGNOSTIC,     2, -5.258642377983e-01, 1.797693134862e+308, 0.0000e+00, 0.0000e+00, 
 2DIAGNOSTIC,     3, -5.291103298373e-01, 1.797693134862e+308, 0.0000e+00, 0.0000e+00, 
 2DIAGNOSTIC,     4, -5.347751007643e-01, 1.797693134862e+308, 0.0000e+00, 0.0000e+00, 
 2DIAGNOSTIC,     5, -5.449475923407e-01, 1.797693134862e+308, 0.0000e+00, 0.0000e+00, 
 2DIAGNOSTIC,     6, -6.214584213944e-01, 1.797693134862e+308, 0.0000e+00, 0.0000e+00, 
 2DIAGNOSTIC,     7, -6.632978496318e-01, 1.797693134862e+308, 0.0000e+00, 0.0000e+00, 
 2DIAGNOSTIC,     8, -7.298942488453e-01, 1.797693134862e+308, 0.0000e+00, 0.0000e+00, 
 2DIAGNOSTIC,     9, -7.422981801860e-01, 1.797693134862e+308, 0.0000e+00, 0.0000e+00, 
 2DIAGNOSTIC,    10, -7.541783819571e-01, 2.915769064302e-02, 0.0000e+00, 0.0000e+00, 
 2DIAGNOSTIC,    11, -7.647934386338e-01, 2.764711117560e-02, 0.0000e+00, 0.0000e+00, 
 2DIAGNOSTIC,    12, -7.738589243813e-01, 2.433778318137e-02, 0.0000e+00, 0.0000e+00, 
 2DIAGNOSTIC,    13, -7.735627833413e-01, 1.956677425224e-02, 0.0000e+00, 0.0000e+00, 
 2DIAGNOSTIC,    14, -7.759646381785e-01, 1.411735874935e-02, 0.0000e+00, 0.0000e+00, 
 2DIAGNOSTIC,    15, -7.800204680274e-01, 8.613371573394e-03, 0.0000e+00, 0.0000e+00, 
 2DIAGNOSTIC,    16, -7.852644305926e-01, 5.252559474443e-03, 0.0000e+00, 0.0000e+00, 
 2DIAGNOSTIC,    17, -7.929906230784e-01, 3.034534576294e-03, 0.0000e+00, 0.0000e+00, 
 2DIAGNOSTIC,    18, -7.950189552329e-01, 2.389782433117e-03, 0.0000e+00, 0.0000e+00, 
 2DIAGNOSTIC,    19, -7.969540394952e-01, 1.911486611097e-03, 0.0000e+00, 0.0000e+00, 
 2DIAGNOSTIC,    20, -8.006293717252e-01, 1.622609524997e-03, 0.0000e+00, 0.0000e+00, 
 2DIAGNOSTIC,    21, -8.073895820501e-01, 1.539950837062e-03, 0.0000e+00, 0.0000e+00, 
 2DIAGNOSTIC,    22, -8.123951764244e-01, 1.575486914594e-03, 0.0000e+00, 0.0000e+00, 
 2DIAGNOSTIC,    23, -8.144381957324e-01, 1.491064939780e-03, 0.0000e+00, 0.0000e+00, 
 2DIAGNOSTIC,    24, -8.187778871081e-01, 1.388619672927e-03, 0.0000e+00, 0.0000e+00, 
 2DIAGNOSTIC,    25, -8.250037581061e-01, 1.324923751844e-03, 0.0000e+00, 0.0000e+00, 
 2DIAGNOSTIC,    26, -8.272282978059e-01, 1.248982872427e-03, 0.0000e+00, 0.0000e+00, 
 2DIAGNOSTIC,    27, -8.330736517956e-01, 1.257347220093e-03, 0.0000e+00, 0.0000e+00, 
 2DIAGNOSTIC,    28, -8.382058459232e-01, 1.245592288100e-03, 0.0000e+00, 0.0000e+00, 
 2DIAGNOSTIC,    29, -8.388309280216e-01, 1.150587125539e-03, 0.0000e+00, 0.0000e+00, 
 2DIAGNOSTIC,    30, -8.402868450469e-01, 1.018834048479e-03, 0.0000e+00, 0.0000e+00, 
 2DIAGNOSTIC,    31, -8.403513594693e-01, 8.836889382931e-04, 0.0000e+00, 0.0000e+00, 
 2DIAGNOSTIC,    32, -8.406780119716e-01, 7.379525734434e-04, 0.0000e+00, 0.0000e+00, 
 2DIAGNOSTIC,    33, -8.411440018063e-01, 5.599837459166e-04, 0.0000e+00, 0.0000e+00, 
 2DIAGNOSTIC,    34, -8.418774543722e-01, 3.959617005443e-04, 0.0000e+00, 0.0000e+00, 
 2DIAGNOSTIC,    35, -8.420773791410e-01, 2.745349046309e-04, 0.0000e+00, 0.0000e+00, 
 2DIAGNOSTIC,    36, -8.421327746253e-01, 1.574257536404e-04, 0.0000e+00, 0.0000e+00, 
 2DIAGNOSTIC,    37, -8.420199306663e-01, 8.922783592581e-05, 0.0000e+00, 0.0000e+00, 
 2DIAGNOSTIC,    38, -8.420463974456e-01, 6.712948563310e-05, 0.0000e+00, 0.0000e+00, 
 2DIAGNOSTIC,    39, -8.422575006395e-01, 4.745649092455e-05, 0.0000e+00, 0.0000e+00, 
 2DIAGNOSTIC,    40, -8.422898545870e-01, 3.818177050692e-05, 0.0000e+00, 0.0000e+00, 
 2DIAGNOSTIC,    41, -8.423228931617e-01, 2.681146996923e-05, 0.0000e+00, 0.0000e+00, 
 2DIAGNOSTIC,    42, -8.424813980642e-01, 1.784801536149e-05, 0.0000e+00, 0.0000e+00, 
 2DIAGNOSTIC,    43, -8.424907800853e-01, 1.159560803684e-05, 0.0000e+00, 0.0000e+00, 
 2DIAGNOSTIC,    44, -8.423724893015e-01, 9.686960063260e-06, 0.0000e+00, 0.0000e+00, 
 2DIAGNOSTIC,    45, -8.424896200528e-01, 9.620389214801e-06, 0.0000e+00, 0.0000e+00, 
 2DIAGNOSTIC,    46, -8.424512544631e-01, 8.855695656337e-06, 0.0000e+00, 0.0000e+00, 
 2DIAGNOSTIC,    47, -8.423949294493e-01, 6.037696229574e-06, 0.0000e+00, 0.0000e+00, 
 2DIAGNOSTIC,    48, -8.421638260225e-01, 1.267154736882e-06, 0.0000e+00, 0.0000e+00, 
DIAGNOSTIC,Iteration,metricValue,convergenceValue,ITERATION_TIME_INDEX,SINCE_LAST
 2DIAGNOSTIC,     1, -6.883927115732e-01, 1.797693134862e+308, 0.0000e+00, 0.0000e+00, 
 2DIAGNOSTIC,     2, -6.891097574958e-01, 1.797693134862e+308, 0.0000e+00, 0.0000e+00, 
 2DIAGNOSTIC,     3, -6.896472356757e-01, 1.797693134862e+308, 0.0000e+00, 0.0000e+00, 
 2DIAGNOSTIC,     4, -6.901149508640e-01, 1.797693134862e+308, 0.0000e+00, 0.0000e+00, 
 2DIAGNOSTIC,     5, -6.911191457554e-01, 1.797693134862e+308, 0.0000e+00, 0.0000e+00, 
 2DIAGNOSTIC,     6, -6.931578614617e-01, 1.797693134862e+308, 0.0000e+00, 0.0000e+00, 
 2DIAGNOSTIC,     7, -6.934599233715e-01, 1.797693134862e+308, 0.0000e+00, 0.0000e+00, 
 2DIAGNOSTIC,     8, -6.934693906065e-01, 1.797693134862e+308, 0.0000e+00, 0.0000e+00, 
 2DIAGNOSTIC,     9, -6.935353963096e-01, 1.797693134862e+308, 0.0000e+00, 0.0000e+00, 
 2DIAGNOSTIC,    10, -6.935895240260e-01, 5.639552964423e-04, 0.0000e+00, 0.0000e+00, 
 2DIAGNOSTIC,    11, -6.936455717837e-01, 4.334898914669e-04, 0.0000e+00, 0.0000e+00, 
 2DIAGNOSTIC,    12, -6.936795898543e-01, 3.117238628678e-04, 0.0000e+00, 0.0000e+00, 
 2DIAGNOSTIC,    13, -6.936784698772e-01, 1.987578503304e-04, 0.0000e+00, 0.0000e+00, 
 2DIAGNOSTIC,    14, -6.936800877260e-01, 9.792423050482e-05, 0.0000e+00, 0.0000e+00, 
 2DIAGNOSTIC,    15, -6.936509144316e-01, 2.699796288902e-05, 0.0000e+00, 0.0000e+00, 
 2DIAGNOSTIC,    16, -6.936484740946e-01, 1.471393670636e-05, 0.0000e+00, 0.0000e+00, 
 2DIAGNOSTIC,    17, -6.936500052859e-01, 1.004564452217e-05, 0.0000e+00, 0.0000e+00, 
 2DIAGNOSTIC,    18, -6.936505059447e-01, 5.346835557661e-06, 0.0000e+00, 0.0000e+00, 
 2DIAGNOSTIC,    19, -6.936373698776e-01, 1.948112156161e-06, 0.0000e+00, 0.0000e+00, 
DIAGNOSTIC,Iteration,metricValue,convergenceValue,ITERATION_TIME_INDEX,SINCE_LAST
 2DIAGNOSTIC,     1, -5.885207638623e-01, 1.797693134862e+308, 0.0000e+00, 0.0000e+00, 
 2DIAGNOSTIC,     2, -5.891773431267e-01, 1.797693134862e+308, 0.0000e+00, 0.0000e+00, 
 2DIAGNOSTIC,     3, -5.898889761368e-01, 1.797693134862e+308, 0.0000e+00, 0.0000e+00, 
 2DIAGNOSTIC,     4, -5.907654026003e-01, 1.797693134862e+308, 0.0000e+00, 0.0000e+00, 
 2DIAGNOSTIC,     5, -5.918601319332e-01, 1.797693134862e+308, 0.0000e+00, 0.0000e+00, 
 2DIAGNOSTIC,     6, -5.938150965619e-01, 1.797693134862e+308, 0.0000e+00, 0.0000e+00, 
 2DIAGNOSTIC,     7, -5.938192838114e-01, 1.797693134862e+308, 0.0000e+00, 0.0000e+00, 
 2DIAGNOSTIC,     8, -5.938101078481e-01, 1.797693134862e+308, 0.0000e+00, 0.0000e+00, 
 2DIAGNOSTIC,     9, -5.938112509449e-01, 1.797693134862e+308, 0.0000e+00, 0.0000e+00, 
 2DIAGNOSTIC,    10, -5.938088234486e-01, 6.676105666051e-04, 0.0000e+00, 0.0000e+00, 
 2DIAGNOSTIC,    11, -5.938068101838e-01, 4.874115221885e-04, 0.0000e+00, 0.0000e+00, 
 2DIAGNOSTIC,    12, -5.938065293954e-01, 3.201651472962e-04, 0.0000e+00, 0.0000e+00, 
 2DIAGNOSTIC,    13, -5.938049488783e-01, 1.769948329123e-04, 0.0000e+00, 0.0000e+00, 
 2DIAGNOSTIC,    14, -5.938042753364e-01, 6.821611079995e-05, 0.0000e+00, 0.0000e+00, 
 2DIAGNOSTIC,    15, -5.938026203377e-01, 1.110057398779e-06, 0.0000e+00, 0.0000e+00, 
 2DIAGNOSTIC,    16, -5.938019097488e-01, 1.072835503532e-06, 0.0000e+00, 0.0000e+00, 
 2DIAGNOSTIC,    17, -5.938015503814e-01, 1.239500156694e-06, 0.0000e+00, 0.0000e+00, 
 2DIAGNOSTIC,    18, -5.938017834791e-01, 1.205676398192e-06, 0.0000e+00, 0.0000e+00, 
 2DIAGNOSTIC,    19, -5.938022984656e-01, 1.270628464153e-06, 0.0000e+00, 0.0000e+00, 
 2DIAGNOSTIC,    20, -5.938019024996e-01, 1.300209850501e-06, 0.0000e+00, 0.0000e+00, 
 2DIAGNOSTIC,    21, -5.938015131029e-01, 1.299832289060e-06, 0.0000e+00, 0.0000e+00, 
