
##########################
# Experiment information #
##########################

EXPERIMENT_NAME: antsRegistration-r7-p19
VFC_BACKENDS: libinterflop_vprec.so --range-binary32=7 --precision-binary32=19 --range-binary64=7 --precision-binary64=19

SIF_IMG: /home/mdugre/projects/rrg-glatard/mdugre/containers/ants-vprec-no_metrics.simg

SUBJECT_ID: s033
INPUT_IMG: /home/mdugre/scratch/mri-registration-rp/datasets/ds004513/derivatives/mri-registration-rp/antsBrainExtraction/sub-s033/BrainExtractionBrain.nii.gz
OUTPUT_DIR: /home/mdugre/scratch/mri-registration-rp/datasets/ds004513/derivatives/mri-registration-rp/0011/antsRegistration-r7-p19/sub-s033

FIXED_IMG: /templateflow/tpl-MNI152NLin2009cAsym/tpl-MNI152NLin2009cAsym_res-01_desc-brain_T1w.nii.gz
DATA_DIR: /home/mdugre/scratch/mri-registration-rp/datasets/ds004513
TEMPLATEFLOW_DIR: /home/mdugre/projects/rrg-glatard/mdugre/templateflow
ITK_GLOBAL_DEFAULT_NUMBER_OF_THREADS: 16
##########################

Info [verificarlo]: loaded backend libinterflop_ieee.so
Info [interflop-ieee]: load backend with:
Info [interflop-ieee]: debug = false
Info [interflop-ieee]: debug-binary = false
Info [interflop-ieee]: no-backend-name = false
Info [interflop-ieee]: print-new-line = false
Info [interflop-ieee]: print-subnormal-normalized = false
Info [interflop-ieee]: count-op = false
All_Command_lines_OK
Using double precision for computations.
=============================================================================
The composite transform comprises the following transforms (in order): 
  1. Center of mass alignment using fixed image: /templateflow/tpl-MNI152NLin2009cAsym/tpl-MNI152NLin2009cAsym_res-01_desc-brain_T1w.nii.gz and moving image: /home/mdugre/scratch/mri-registration-rp/datasets/ds004513/derivatives/mri-registration-rp/antsBrainExtraction/sub-s033/BrainExtractionBrain.nii.gz (type = Euler3DTransform)
=============================================================================
  number of levels = 1
  fixed image: /templateflow/tpl-MNI152NLin2009cAsym/tpl-MNI152NLin2009cAsym_res-01_desc-brain_T1w.nii.gz
  moving image: /home/mdugre/scratch/mri-registration-rp/datasets/ds004513/derivatives/mri-registration-rp/antsBrainExtraction/sub-s033/BrainExtractionBrain.nii.gz
Dimension = 3
Number of stages = 1
Use histogram matching = false
Winsorize image intensities = true
  Lower quantile = 0.005
  Upper quantile = 0.995


Stage 1 State
   Image metric = MattesMI
     Fixed image = Image (0x38dce70)
  RTTI typeinfo:   itk::Image<double, 3u>
  Reference Count: 2
  Modified Time: 2330
  Debug: Off
  Object Name: 
  Observers: 
    none
  Source: (none)
  Source output name: (none)
  Release Data: Off
  Data Released: False
  Global Release Data: Off
  PipelineMTime: 0
  UpdateMTime: 1941
  RealTimeStamp: 0 seconds 
  LargestPossibleRegion: 
    Dimension: 3
    Index: [0, 0, 0]
    Size: [193, 229, 193]
  BufferedRegion: 
    Dimension: 3
    Index: [0, 0, 0]
    Size: [193, 229, 193]
  RequestedRegion: 
    Dimension: 3
    Index: [0, 0, 0]
    Size: [193, 229, 193]
  Spacing: [1, 1, 1]
  Origin: [96, 132, -78]
  Direction: 
-1 0 0
0 -1 0
0 0 1

  IndexToPointMatrix: 
-1 0 0
0 -1 0
0 0 1

  PointToIndexMatrix: 
-1 0 0
0 -1 0
0 0 1

  Inverse Direction: 
-1 0 0
0 -1 0
0 0 1

  PixelContainer: 
    ImportImageContainer (0x38e5c60)
      RTTI typeinfo:   itk::ImportImageContainer<unsigned long, double>
      Reference Count: 1
      Modified Time: 1938
      Debug: Off
      Object Name: 
      Observers: 
        none
      Pointer: 0x145dc1ab8010
      Container manages memory: true
      Size: 8530021
      Capacity: 8530021

     Moving image = Image (0x38df540)
  RTTI typeinfo:   itk::Image<double, 3u>
  Reference Count: 2
  Modified Time: 2331
  Debug: Off
  Object Name: 
  Observers: 
    none
  Source: (none)
  Source output name: (none)
  Release Data: Off
  Data Released: False
  Global Release Data: Off
  PipelineMTime: 0
  UpdateMTime: 2328
  RealTimeStamp: 0 seconds 
  LargestPossibleRegion: 
    Dimension: 3
    Index: [0, 0, 0]
    Size: [160, 240, 256]
  BufferedRegion: 
    Dimension: 3
    Index: [0, 0, 0]
    Size: [160, 240, 256]
  RequestedRegion: 
    Dimension: 3
    Index: [0, 0, 0]
    Size: [160, 240, 256]
  Spacing: [1, 1, 1]
  Origin: [91.5134, 94.282, -109.927]
  Direction: 
-0.99591 -0.0698718 -0.0572835
0.0697565 -0.997556 0.00401236
-0.0574239 5.01125e-08 0.99835

  IndexToPointMatrix: 
-0.99591 -0.0698718 -0.0572835
0.0697565 -0.997556 0.00401236
-0.0574239 5.01125e-08 0.99835

  PointToIndexMatrix: 
-0.99591 0.0697565 -0.0574239
-0.0698718 -0.997556 5.01483e-08
-0.0572835 0.00401236 0.99835

  Inverse Direction: 
-0.99591 0.0697565 -0.0574239
-0.0698718 -0.997556 5.01483e-08
-0.0572835 0.00401236 0.99835

  PixelContainer: 
    ImportImageContainer (0x39f1610)
      RTTI typeinfo:   itk::ImportImageContainer<unsigned long, double>
      Reference Count: 1
      Modified Time: 2325
      Debug: Off
      Object Name: 
      Observers: 
        none
      Pointer: 0x145dbcfb7010
      Container manages memory: true
      Size: 9830400
      Capacity: 9830400

     Weighting = 1
     Sampling strategy = regular
     Number of bins = 32
     Radius = 4
     Sampling percentage  = 0.25
   Transform = Rigid
     Gradient step = 0.1
     Update field sigma (voxel space) = 0
     Total field sigma (voxel space) = 0
     Update field time sigma = 0
     Total field time sigma  = 0
     Number of time indices = 0
     Number of time point samples = 0
Registration using 1 total stages.

Stage 0
  iterations = 0
  convergence threshold = 1e-06
  convergence window size = 10
  number of levels = 1
  using the Mattes MI metric (number of bins = 32, weight = 1, use gradient filter = 0)
  preprocessing:  winsorizing the image intensities
  Shrink factors (level 1 out of 1): [1, 1, 1]
  smoothing sigmas per level: [0]
  regular sampling (percentage = 0.25)

*** Running Euler3DTransform registration ***

  Elapsed time (stage 0): 1.17831


Total elapsed time: 1.18054
Info [verificarlo]: loaded backend libinterflop_ieee.so
Info [interflop-ieee]: load backend with:
Info [interflop-ieee]: debug = false
Info [interflop-ieee]: debug-binary = false
Info [interflop-ieee]: no-backend-name = false
Info [interflop-ieee]: print-new-line = false
Info [interflop-ieee]: print-subnormal-normalized = false
Info [interflop-ieee]: count-op = false
All_Command_lines_OK
Using double precision for computations.
=============================================================================
The composite transform comprises the following transforms (in order): 
  1. /home/mdugre/scratch/mri-registration-rp/datasets/ds004513/derivatives/mri-registration-rp/0011/antsRegistration-r7-p19/sub-s033/align_Composite.h5[0] (type = Euler3DTransform)
  2. /home/mdugre/scratch/mri-registration-rp/datasets/ds004513/derivatives/mri-registration-rp/0011/antsRegistration-r7-p19/sub-s033/align_Composite.h5[1] (type = Euler3DTransform)
=============================================================================
  number of levels = 4
  fixed image: /templateflow/tpl-MNI152NLin2009cAsym/tpl-MNI152NLin2009cAsym_res-01_desc-brain_T1w.nii.gz
  moving image: /home/mdugre/scratch/mri-registration-rp/datasets/ds004513/derivatives/mri-registration-rp/antsBrainExtraction/sub-s033/BrainExtractionBrain.nii.gz
Dimension = 3
Number of stages = 1
Use histogram matching = false
Winsorize image intensities = true
  Lower quantile = 0.005
  Upper quantile = 0.995


Stage 1 State
   Image metric = MattesMI
     Fixed image = Image (0x4969530)
  RTTI typeinfo:   itk::Image<double, 3u>
  Reference Count: 2
  Modified Time: 1578
  Debug: Off
  Object Name: 
  Observers: 
    none
  Source: (none)
  Source output name: (none)
  Release Data: Off
  Data Released: False
  Global Release Data: Off
  PipelineMTime: 0
  UpdateMTime: 1189
  RealTimeStamp: 0 seconds 
  LargestPossibleRegion: 
    Dimension: 3
    Index: [0, 0, 0]
    Size: [193, 229, 193]
  BufferedRegion: 
    Dimension: 3
    Index: [0, 0, 0]
    Size: [193, 229, 193]
  RequestedRegion: 
    Dimension: 3
    Index: [0, 0, 0]
    Size: [193, 229, 193]
  Spacing: [1, 1, 1]
  Origin: [96, 132, -78]
  Direction: 
-1 0 0
0 -1 0
0 0 1

  IndexToPointMatrix: 
-1 0 0
0 -1 0
0 0 1

  PointToIndexMatrix: 
-1 0 0
0 -1 0
0 0 1

  Inverse Direction: 
-1 0 0
0 -1 0
0 0 1

  PixelContainer: 
    ImportImageContainer (0x4a27d60)
      RTTI typeinfo:   itk::ImportImageContainer<unsigned long, double>
      Reference Count: 1
      Modified Time: 1186
      Debug: Off
      Object Name: 
      Observers: 
        none
      Pointer: 0x15136d1b8010
      Container manages memory: true
      Size: 8530021
      Capacity: 8530021

     Moving image = Image (0x4a19f60)
  RTTI typeinfo:   itk::Image<double, 3u>
  Reference Count: 2
  Modified Time: 1579
  Debug: Off
  Object Name: 
  Observers: 
    none
  Source: (none)
  Source output name: (none)
  Release Data: Off
  Data Released: False
  Global Release Data: Off
  PipelineMTime: 0
  UpdateMTime: 1576
  RealTimeStamp: 0 seconds 
  LargestPossibleRegion: 
    Dimension: 3
    Index: [0, 0, 0]
    Size: [160, 240, 256]
  BufferedRegion: 
    Dimension: 3
    Index: [0, 0, 0]
    Size: [160, 240, 256]
  RequestedRegion: 
    Dimension: 3
    Index: [0, 0, 0]
    Size: [160, 240, 256]
  Spacing: [1, 1, 1]
  Origin: [91.5134, 94.282, -109.927]
  Direction: 
-0.99591 -0.0698718 -0.0572835
0.0697565 -0.997556 0.00401236
-0.0574239 5.01125e-08 0.99835

  IndexToPointMatrix: 
-0.99591 -0.0698718 -0.0572835
0.0697565 -0.997556 0.00401236
-0.0574239 5.01125e-08 0.99835

  PointToIndexMatrix: 
-0.99591 0.0697565 -0.0574239
-0.0698718 -0.997556 5.01483e-08
-0.0572835 0.00401236 0.99835

  Inverse Direction: 
-0.99591 0.0697565 -0.0574239
-0.0698718 -0.997556 5.01483e-08
-0.0572835 0.00401236 0.99835

  PixelContainer: 
    ImportImageContainer (0x4a0b6d0)
      RTTI typeinfo:   itk::ImportImageContainer<unsigned long, double>
      Reference Count: 1
      Modified Time: 1573
      Debug: Off
      Object Name: 
      Observers: 
        none
      Pointer: 0x1513686b7010
      Container manages memory: true
      Size: 9830400
      Capacity: 9830400

     Weighting = 1
     Sampling strategy = regular
     Number of bins = 32
     Radius = 4
     Sampling percentage  = 0.25
   Transform = Rigid
     Gradient step = 0.1
     Update field sigma (voxel space) = 0
     Total field sigma (voxel space) = 0
     Update field time sigma = 0
     Total field time sigma  = 0
     Number of time indices = 0
     Number of time point samples = 0
Registration using 1 total stages.

Stage 0
  iterations = 1000x500x250x100
  convergence threshold = 1e-06
  convergence window size = 10
  number of levels = 4
  using the Mattes MI metric (number of bins = 32, weight = 1, use gradient filter = 0)
  preprocessing:  winsorizing the image intensities
  Shrink factors (level 1 out of 4): [8, 8, 8]
  Shrink factors (level 2 out of 4): [4, 4, 4]
  Shrink factors (level 3 out of 4): [2, 2, 2]
  Shrink factors (level 4 out of 4): [1, 1, 1]
  smoothing sigmas per level: [3, 2, 1, 0]
  regular sampling (percentage = 0.25)

*** Running Euler3DTransform registration ***

DIAGNOSTIC,Iteration,metricValue,convergenceValue,ITERATION_TIME_INDEX,SINCE_LAST
 2DIAGNOSTIC,     1, -4.945365495269e-01, 1.797693134862e+308, 8.2960e-01, 8.2960e-01, 
 2DIAGNOSTIC,     2, -4.961551199262e-01, 1.797693134862e+308, 8.3452e-01, 4.9210e-03, 
 2DIAGNOSTIC,     3, -4.991207097076e-01, 1.797693134862e+308, 8.4013e-01, 5.6102e-03, 
 2DIAGNOSTIC,     4, -5.030359852117e-01, 1.797693134862e+308, 8.4532e-01, 5.1849e-03, 
 2DIAGNOSTIC,     5, -5.059125054655e-01, 1.797693134862e+308, 8.5078e-01, 5.4629e-03, 
 2DIAGNOSTIC,     6, -5.092815596254e-01, 1.797693134862e+308, 8.5615e-01, 5.3658e-03, 
 2DIAGNOSTIC,     7, -5.205915484568e-01, 1.797693134862e+308, 8.6342e-01, 7.2708e-03, 
 2DIAGNOSTIC,     8, -5.236677933913e-01, 1.797693134862e+308, 8.6858e-01, 5.1680e-03, 
 2DIAGNOSTIC,     9, -5.261653611514e-01, 1.797693134862e+308, 8.7460e-01, 6.0191e-03, 
 2DIAGNOSTIC,    10, -5.313843279548e-01, 4.956236851461e-03, 8.8017e-01, 5.5642e-03, 
 2DIAGNOSTIC,    11, -5.461121550605e-01, 5.255951709878e-03, 8.8635e-01, 6.1841e-03, 
 2DIAGNOSTIC,    12, -5.563506773260e-01, 5.544499219503e-03, 8.9174e-01, 5.3840e-03, 
 2DIAGNOSTIC,    13, -6.011783753083e-01, 7.240286203950e-03, 8.9933e-01, 7.5920e-03, 
 2DIAGNOSTIC,    14, -6.166052825019e-01, 8.701253899148e-03, 9.0446e-01, 5.1351e-03, 
 2DIAGNOSTIC,    15, -6.211428291661e-01, 9.416357351044e-03, 9.1063e-01, 6.1710e-03, 
 2DIAGNOSTIC,    16, -6.235432152009e-01, 9.368281936818e-03, 9.1767e-01, 7.0331e-03, 
 2DIAGNOSTIC,    17, -6.347577463022e-01, 9.145335033654e-03, 9.2489e-01, 7.2241e-03, 
 2DIAGNOSTIC,    18, -6.413138477219e-01, 8.359392958502e-03, 9.3085e-01, 5.9628e-03, 
 2DIAGNOSTIC,    19, -6.420802717388e-01, 6.980623474341e-03, 9.3908e-01, 8.2259e-03, 
 2DIAGNOSTIC,    20, -6.425493373956e-01, 5.272872607394e-03, 9.4474e-01, 5.6598e-03, 
 2DIAGNOSTIC,    21, -6.431795005630e-01, 3.641466687954e-03, 9.5060e-01, 5.8579e-03, 
 2DIAGNOSTIC,    22, -6.434078410995e-01, 2.049114000297e-03, 9.5620e-01, 5.6069e-03, 
 2DIAGNOSTIC,    23, -6.435083891253e-01, 1.381096903078e-03, 9.6265e-01, 6.4459e-03, 
 2DIAGNOSTIC,    24, -6.436807761348e-01, 9.688116428051e-04, 9.6899e-01, 6.3400e-03, 
 2DIAGNOSTIC,    25, -6.439989416643e-01, 6.014654149780e-04, 9.7705e-01, 8.0640e-03, 
 2DIAGNOSTIC,    26, -6.448361555281e-01, 2.655197331638e-04, 9.8302e-01, 5.9659e-03, 
 2DIAGNOSTIC,    27, -6.460796033925e-01, 1.536865904120e-04, 9.8909e-01, 6.0692e-03, 
 2DIAGNOSTIC,    28, -6.463976194484e-01, 1.550353606157e-04, 9.9474e-01, 5.6500e-03, 
 2DIAGNOSTIC,    29, -6.463935457120e-01, 1.547432197048e-04, 1.0003e+00, 5.5268e-03, 
 2DIAGNOSTIC,    30, -6.464392297670e-01, 1.482978375291e-04, 1.0062e+00, 5.9481e-03, 
 2DIAGNOSTIC,    31, -6.463723508427e-01, 1.368671203761e-04, 1.0108e+00, 4.5400e-03, 
 2DIAGNOSTIC,    32, -6.464254416843e-01, 1.173265285737e-04, 1.0164e+00, 5.6419e-03, 
 2DIAGNOSTIC,    33, -6.464354984268e-01, 8.969323872197e-05, 1.0307e+00, 1.4325e-02, 
 2DIAGNOSTIC,    34, -6.464354983939e-01, 5.811483231667e-05, 1.0460e+00, 1.5236e-02, 
 2DIAGNOSTIC,    35, -6.464354983939e-01, 2.735366143333e-05, 1.0558e+00, 9.8779e-03, 
 2DIAGNOSTIC,    36, -6.464354983939e-01, 6.561981219469e-06, 1.0618e+00, 5.9400e-03, 
 2DIAGNOSTIC,    37, -6.464354983939e-01, 2.244502191332e-06, 1.0675e+00, 5.7070e-03, 
 2DIAGNOSTIC,    38, -6.464354983939e-01, 1.990755164182e-06, 1.0726e+00, 5.0919e-03, 
 2DIAGNOSTIC,    39, -6.464354983939e-01, 1.582335275394e-06, 1.0777e+00, 5.1320e-03, 
 2DIAGNOSTIC,    40, -6.464354983939e-01, 1.698171871352e-06, 1.0839e+00, 6.2020e-03, 
DIAGNOSTIC,Iteration,metricValue,convergenceValue,ITERATION_TIME_INDEX,SINCE_LAST
 2DIAGNOSTIC,     1, -5.367244455119e-01, 1.797693134862e+308, 1.8499e+00, 7.6602e-01, 
 2DIAGNOSTIC,     2, -5.380313839357e-01, 1.797693134862e+308, 1.8809e+00, 3.0966e-02, 
 2DIAGNOSTIC,     3, -5.401731915200e-01, 1.797693134862e+308, 1.9114e+00, 3.0546e-02, 
 2DIAGNOSTIC,     4, -5.431881348073e-01, 1.797693134862e+308, 1.9402e+00, 2.8726e-02, 
 2DIAGNOSTIC,     5, -5.453557598863e-01, 1.797693134862e+308, 1.9678e+00, 2.7608e-02, 
 2DIAGNOSTIC,     6, -5.461088566478e-01, 1.797693134862e+308, 1.9949e+00, 2.7090e-02, 
 2DIAGNOSTIC,     7, -5.462086682166e-01, 1.797693134862e+308, 2.0279e+00, 3.3040e-02, 
 2DIAGNOSTIC,     8, -5.464869268760e-01, 1.797693134862e+308, 2.0659e+00, 3.8017e-02, 
 2DIAGNOSTIC,     9, -5.465850815693e-01, 1.797693134862e+308, 2.1061e+00, 4.0170e-02, 
 2DIAGNOSTIC,    10, -5.466464841256e-01, 1.224741175698e-03, 2.1363e+00, 3.0195e-02, 
 2DIAGNOSTIC,    11, -5.470487709182e-01, 8.391099367316e-04, 2.1730e+00, 3.6683e-02, 
 2DIAGNOSTIC,    12, -5.471506826078e-01, 5.042747927347e-04, 2.2040e+00, 3.1049e-02, 
 2DIAGNOSTIC,    13, -5.471747723069e-01, 2.608962569907e-04, 2.2434e+00, 3.9425e-02, 
 2DIAGNOSTIC,    14, -5.471893676885e-01, 1.401592448474e-04, 2.2754e+00, 3.1972e-02, 
 2DIAGNOSTIC,    15, -5.471839954917e-01, 9.761644532350e-05, 2.3070e+00, 3.1609e-02, 
 2DIAGNOSTIC,    16, -5.471599229309e-01, 7.527606924693e-05, 2.3411e+00, 3.4044e-02, 
 2DIAGNOSTIC,    17, -5.471662421315e-01, 5.183178298968e-05, 2.3701e+00, 2.9001e-02, 
 2DIAGNOSTIC,    18, -5.471747029017e-01, 3.478196344743e-05, 2.4026e+00, 3.2497e-02, 
 2DIAGNOSTIC,    19, -5.471813451820e-01, 1.945630162366e-05, 2.4353e+00, 3.2683e-02, 
 2DIAGNOSTIC,    20, -5.471662914524e-01, 4.969830691121e-06, 2.4635e+00, 2.8229e-02, 
 2DIAGNOSTIC,    21, -5.471844158780e-01, 1.951264061342e-06, 2.4951e+00, 3.1658e-02, 
 2DIAGNOSTIC,    22, -5.471946855378e-01, 1.794830006500e-06, 2.5240e+00, 2.8873e-02, 
 2DIAGNOSTIC,    23, -5.472309777429e-01, 2.955891224274e-06, 2.5528e+00, 2.8787e-02, 
 2DIAGNOSTIC,    24, -5.472460347111e-01, 4.500345737006e-06, 2.5854e+00, 3.2553e-02, 
 2DIAGNOSTIC,    25, -5.473225343995e-01, 7.130562381934e-06, 2.6138e+00, 2.8439e-02, 
 2DIAGNOSTIC,    26, -5.474469322107e-01, 1.098291110775e-05, 2.6422e+00, 2.8419e-02, 
 2DIAGNOSTIC,    27, -5.481013380098e-01, 2.630865832490e-05, 2.6756e+00, 3.3402e-02, 
 2DIAGNOSTIC,    28, -5.480678937509e-01, 3.738993795473e-05, 2.7144e+00, 3.8791e-02, 
 2DIAGNOSTIC,    29, -5.482084716484e-01, 4.712040544672e-05, 2.7505e+00, 3.6097e-02, 
 2DIAGNOSTIC,    30, -5.482082518698e-01, 5.166415184577e-05, 2.7826e+00, 3.2127e-02, 
 2DIAGNOSTIC,    31, -5.482014615841e-01, 5.125921858860e-05, 2.8145e+00, 3.1828e-02, 
 2DIAGNOSTIC,    32, -5.481815957053e-01, 4.582631005529e-05, 2.8424e+00, 2.7932e-02, 
 2DIAGNOSTIC,    33, -5.481718257237e-01, 3.689943233173e-05, 2.8705e+00, 2.8154e-02, 
 2DIAGNOSTIC,    34, -5.481825626447e-01, 2.560031560454e-05, 2.8989e+00, 2.8328e-02, 
 2DIAGNOSTIC,    35, -5.481838557464e-01, 1.379952182152e-05, 2.9276e+00, 2.8759e-02, 
 2DIAGNOSTIC,    36, -5.481854579831e-01, 3.009181264373e-06, 2.9571e+00, 2.9521e-02, 
 2DIAGNOSTIC,    37, -5.482631349729e-01, 2.936486945947e-06, 2.9899e+00, 3.2725e-02, 
 2DIAGNOSTIC,    38, -5.482856021546e-01, 2.436033812885e-06, 3.0217e+00, 3.1833e-02, 
 2DIAGNOSTIC,    39, -5.482706817060e-01, 3.481460919521e-06, 3.0543e+00, 3.2641e-02, 
 2DIAGNOSTIC,    40, -5.481987731770e-01, 3.304975505554e-06, 3.0869e+00, 3.2553e-02, 
 2DIAGNOSTIC,    41, -5.482804033604e-01, 3.879065151081e-06, 3.1181e+00, 3.1171e-02, 
 2DIAGNOSTIC,    42, -5.481859147080e-01, 2.659679632117e-06, 3.1528e+00, 3.4766e-02, 
 2DIAGNOSTIC,    43, -5.482756800692e-01, 2.302353005405e-06, 3.1917e+00, 3.8900e-02, 
 2DIAGNOSTIC,    44, -5.483025233246e-01, 2.247958087932e-06, 3.2235e+00, 3.1718e-02, 
 2DIAGNOSTIC,    45, -5.482811786707e-01, 1.830199680943e-06, 3.2572e+00, 3.3786e-02, 
 2DIAGNOSTIC,    46, -5.482645577319e-01, 1.147417708024e-06, 3.2927e+00, 3.5456e-02, 
 2DIAGNOSTIC,    47, -5.482548593210e-01, 1.197613912183e-06, 3.3900e+00, 9.7288e-02, 
 2DIAGNOSTIC,    48, -5.482548593199e-01, 1.432331288194e-06, 3.4834e+00, 9.3384e-02, 
 2DIAGNOSTIC,    49, -5.482548593199e-01, 1.429957323450e-06, 3.5207e+00, 3.7342e-02, 
DIAGNOSTIC,Iteration,metricValue,convergenceValue,ITERATION_TIME_INDEX,SINCE_LAST
 2DIAGNOSTIC,     1, -4.661873941756e-01, 1.797693134862e+308, 4.6602e+00, 1.1395e+00, 
 2DIAGNOSTIC,     2, -4.663634406560e-01, 1.797693134862e+308, 4.9103e+00, 2.5007e-01, 
 2DIAGNOSTIC,     3, -4.665065267616e-01, 1.797693134862e+308, 5.2039e+00, 2.9356e-01, 
 2DIAGNOSTIC,     4, -4.666272937494e-01, 1.797693134862e+308, 5.4747e+00, 2.7084e-01, 
 2DIAGNOSTIC,     5, -4.667166882076e-01, 1.797693134862e+308, 5.7522e+00, 2.7746e-01, 
 2DIAGNOSTIC,     6, -4.668667241885e-01, 1.797693134862e+308, 6.0188e+00, 2.6663e-01, 
 2DIAGNOSTIC,     7, -4.669697653137e-01, 1.797693134862e+308, 6.2908e+00, 2.7204e-01, 
 2DIAGNOSTIC,     8, -4.670258336489e-01, 1.797693134862e+308, 6.6306e+00, 3.3975e-01, 
 2DIAGNOSTIC,     9, -4.670791321237e-01, 1.797693134862e+308, 6.8749e+00, 2.4427e-01, 
 2DIAGNOSTIC,    10, -4.671177524415e-01, 1.313507098181e-04, 7.1399e+00, 2.6500e-01, 
 2DIAGNOSTIC,    11, -4.671984786135e-01, 1.051589671441e-04, 7.3822e+00, 2.4234e-01, 
 2DIAGNOSTIC,    12, -4.674361158800e-01, 9.491364243885e-05, 7.7519e+00, 3.6968e-01, 
 2DIAGNOSTIC,    13, -4.675162715622e-01, 8.805690158291e-05, 8.0145e+00, 2.6258e-01, 
 2DIAGNOSTIC,    14, -4.675732992041e-01, 8.220276481270e-05, 8.3567e+00, 3.4221e-01, 
 2DIAGNOSTIC,    15, -4.675740524250e-01, 7.348766795004e-05, 8.6467e+00, 2.9006e-01, 
 2DIAGNOSTIC,    16, -4.675763033496e-01, 6.504173685884e-05, 9.0728e+00, 4.2608e-01, 
 2DIAGNOSTIC,    17, -4.675763996971e-01, 5.533235235649e-05, 9.2939e+00, 2.2108e-01, 
 2DIAGNOSTIC,    18, -4.675746405936e-01, 4.352718106274e-05, 9.5202e+00, 2.2629e-01, 
 2DIAGNOSTIC,    19, -4.675729812653e-01, 3.083229715389e-05, 9.7930e+00, 2.7283e-01, 
 2DIAGNOSTIC,    20, -4.675713173039e-01, 1.787332782457e-05, 1.0005e+01, 2.1212e-01, 
 2DIAGNOSTIC,    21, -4.675679163962e-01, 6.729458058449e-06, 1.0229e+01, 2.2405e-01, 
 2DIAGNOSTIC,    22, -4.675676533534e-01, 2.633954985259e-06, 1.0482e+01, 2.5318e-01, 
DIAGNOSTIC,Iteration,metricValue,convergenceValue,ITERATION_TIME_INDEX,SINCE_LAST
 2DIAGNOSTIC,     1, -4.258650710454e-01, 1.797693134862e+308, 1.2919e+01, 2.4363e+00, 
 2DIAGNOSTIC,     2, -4.259686227574e-01, 1.797693134862e+308, 1.4237e+01, 1.3188e+00, 
 2DIAGNOSTIC,     3, -4.260095496455e-01, 1.797693134862e+308, 1.6085e+01, 1.8480e+00, 
 2DIAGNOSTIC,     4, -4.260079815420e-01, 1.797693134862e+308, 1.8212e+01, 2.1269e+00, 
 2DIAGNOSTIC,     5, -4.260080723451e-01, 1.797693134862e+308, 2.0137e+01, 1.9249e+00, 
 2DIAGNOSTIC,     6, -4.260081328551e-01, 1.797693134862e+308, 2.1765e+01, 1.6278e+00, 
 2DIAGNOSTIC,     7, -4.260082712771e-01, 1.797693134862e+308, 2.3430e+01, 1.6649e+00, 
 2DIAGNOSTIC,     8, -4.260079801935e-01, 1.797693134862e+308, 2.5106e+01, 1.6759e+00, 
 2DIAGNOSTIC,     9, -4.260078913372e-01, 1.797693134862e+308, 2.6596e+01, 1.4901e+00, 
 2DIAGNOSTIC,    10, -4.260079138352e-01, 1.493591477657e-05, 2.8217e+01, 1.6209e+00, 
 2DIAGNOSTIC,    11, -4.260079327464e-01, 5.184431501923e-06, 2.9928e+01, 1.7107e+00, 
 2DIAGNOSTIC,    12, -4.260078481899e-01, 2.538822963583e-06, 3.1308e+01, 1.3804e+00, 
 2DIAGNOSTIC,    13, -4.260076760644e-01, 2.404744181159e-06, 3.2873e+01, 1.5653e+00, 
 2DIAGNOSTIC,    14, -4.260079247915e-01, 2.231120902987e-06, 3.4891e+01, 2.0176e+00, 
 2DIAGNOSTIC,    15, -4.260077288855e-01, 2.079035354569e-06, 3.6413e+01, 1.5219e+00, 
 2DIAGNOSTIC,    16, -4.260075326129e-01, 1.943988659797e-06, 3.7734e+01, 1.3208e+00, 
 2DIAGNOSTIC,    17, -4.260075448357e-01, 1.835475161117e-06, 3.9225e+01, 1.4914e+00, 
 2DIAGNOSTIC,    18, -4.260073573322e-01, 1.724564217313e-06, 4.0897e+01, 1.6719e+00, 
 2DIAGNOSTIC,    19, -4.260070623002e-01, 1.615724772745e-06, 4.2384e+01, 1.4873e+00, 
 2DIAGNOSTIC,    20, -4.260070802146e-01, 1.524725858307e-06, 4.3884e+01, 1.5000e+00, 
 2DIAGNOSTIC,    21, -4.260077209271e-01, 1.469519442659e-06, 4.5757e+01, 1.8727e+00, 
 2DIAGNOSTIC,    22, -4.260079356744e-01, 1.426992713022e-06, 4.7454e+01, 1.6970e+00, 
 2DIAGNOSTIC,    23, -4.260078412116e-01, 1.382011808999e-06, 4.8917e+01, 1.4627e+00, 
 2DIAGNOSTIC,    24, -4.260077533636e-01, 1.346039691610e-06, 5.0609e+01, 1.6920e+00, 
 2DIAGNOSTIC,    25, -4.260076603632e-01, 1.303460717139e-06, 5.2284e+01, 1.6751e+00, 
 2DIAGNOSTIC,    26, -4.260075648227e-01, 1.253261020399e-06, 5.3964e+01, 1.6799e+00, 
 2DIAGNOSTIC,    27, -4.260074716209e-01, 1.201890131412e-06, 5.5449e+01, 1.4851e+00, 
 2DIAGNOSTIC,    28, -4.260071805320e-01, 1.141029889289e-06, 5.6946e+01, 1.4972e+00, 
 2DIAGNOSTIC,    29, -4.260075139312e-01, 1.085208910755e-06, 5.8596e+01, 1.6504e+00, 
 2DIAGNOSTIC,    30, -4.260078497659e-01, 1.041423357932e-06, 6.0181e+01, 1.5850e+00, 
 2DIAGNOSTIC,    31, -4.260074781861e-01, 1.007685798443e-06, 6.1646e+01, 1.4646e+00, 
  Elapsed time (stage 0): 6.2455e+01


Total elapsed time: 6.2457e+01
Info [verificarlo]: loaded backend libinterflop_vprec.so
Info [interflop-vprec]: load backend with: 
Info [interflop-vprec]: precision-binary32 = 19
Info [interflop-vprec]: range-binary32 = 7
Info [interflop-vprec]: precision-binary64 = 19
Info [interflop-vprec]: range-binary64 = 7
Info [interflop-vprec]: mode = ob
Info [interflop-vprec]: error-mode = rel
Info [interflop-vprec]: max-abs-error-exponent = -1022
Info [interflop-vprec]: daz = false
Info [interflop-vprec]: ftz = false
Info [interflop-vprec]: 	instrument = none
Info [interflop-vprec]: 	prec-input-file = (null)
Info [interflop-vprec]: 	prec-output-file = (null)
Info [interflop-vprec]: 	prec-log-file = (null)
All_Command_lines_OK
Using double precision for computations.
=============================================================================
The composite transform comprises the following transforms (in order): 
  1. /home/mdugre/scratch/mri-registration-rp/datasets/ds004513/derivatives/mri-registration-rp/0011/antsRegistration-r7-p19/sub-s033/rigid_Composite.h5[0] (type = Euler3DTransform)
  2. /home/mdugre/scratch/mri-registration-rp/datasets/ds004513/derivatives/mri-registration-rp/0011/antsRegistration-r7-p19/sub-s033/rigid_Composite.h5[1] (type = Euler3DTransform)
  3. /home/mdugre/scratch/mri-registration-rp/datasets/ds004513/derivatives/mri-registration-rp/0011/antsRegistration-r7-p19/sub-s033/rigid_Composite.h5[2] (type = Euler3DTransform)
=============================================================================
  number of levels = 4
  fixed image: /templateflow/tpl-MNI152NLin2009cAsym/tpl-MNI152NLin2009cAsym_res-01_desc-brain_T1w.nii.gz
  moving image: /home/mdugre/scratch/mri-registration-rp/datasets/ds004513/derivatives/mri-registration-rp/antsBrainExtraction/sub-s033/BrainExtractionBrain.nii.gz
Dimension = 3
Number of stages = 1
Use histogram matching = false
Winsorize image intensities = true
  Lower quantile = 0.005
  Upper quantile = 0.995


Stage 1 State
   Image metric = MattesMI
     Fixed image = Image (0x3d2f490)
  RTTI typeinfo:   itk::Image<double, 3u>
  Reference Count: 2
  Modified Time: 1592
  Debug: Off
  Object Name: 
  Observers: 
    none
  Source: (none)
  Source output name: (none)
  Release Data: Off
  Data Released: False
  Global Release Data: Off
  PipelineMTime: 0
  UpdateMTime: 1203
  RealTimeStamp: 0 seconds 
  LargestPossibleRegion: 
    Dimension: 3
    Index: [0, 0, 0]
    Size: [193, 229, 193]
  BufferedRegion: 
    Dimension: 3
    Index: [0, 0, 0]
    Size: [193, 229, 193]
  RequestedRegion: 
    Dimension: 3
    Index: [0, 0, 0]
    Size: [193, 229, 193]
  Spacing: [1, 1, 1]
  Origin: [96, 132, -78]
  Direction: 
-1 0 0
0 -1 0
0 0 1

  IndexToPointMatrix: 
-1 0 0
0 -1 0
0 0 1

  PointToIndexMatrix: 
-1 0 0
0 -1 0
0 0 1

  Inverse Direction: 
-1 0 0
0 -1 0
0 0 1

  PixelContainer: 
    ImportImageContainer (0x3dfa8c0)
      RTTI typeinfo:   itk::ImportImageContainer<unsigned long, double>
      Reference Count: 1
      Modified Time: 1200
      Debug: Off
      Object Name: 
      Observers: 
        none
      Pointer: 0x1482b86a9010
      Container manages memory: true
      Size: 8530021
      Capacity: 8530021

     Moving image = Image (0x3deab60)
  RTTI typeinfo:   itk::Image<double, 3u>
  Reference Count: 2
  Modified Time: 1593
  Debug: Off
  Object Name: 
  Observers: 
    none
  Source: (none)
  Source output name: (none)
  Release Data: Off
  Data Released: False
  Global Release Data: Off
  PipelineMTime: 0
  UpdateMTime: 1590
  RealTimeStamp: 0 seconds 
  LargestPossibleRegion: 
    Dimension: 3
    Index: [0, 0, 0]
    Size: [160, 240, 256]
  BufferedRegion: 
    Dimension: 3
    Index: [0, 0, 0]
    Size: [160, 240, 256]
  RequestedRegion: 
    Dimension: 3
    Index: [0, 0, 0]
    Size: [160, 240, 256]
  Spacing: [1, 1, 1]
  Origin: [91.5134, 94.282, -109.927]
  Direction: 
-0.99591 -0.0698718 -0.0572835
0.0697565 -0.997556 0.00401236
-0.0574238 5.01125e-08 0.99835

  IndexToPointMatrix: 
-0.99591 -0.0698718 -0.0572835
0.0697565 -0.997556 0.00401236
-0.0574238 5.01125e-08 0.99835

  PointToIndexMatrix: 
-0.995911 0.0697565 -0.0574238
-0.0698717 -0.997555 -9.53674e-07
-0.0572835 0.00401258 0.99835

  Inverse Direction: 
-0.995911 0.0697565 -0.0574238
-0.0698717 -0.997555 -9.53674e-07
-0.0572835 0.00401258 0.99835

  PixelContainer: 
    ImportImageContainer (0x3e7e1d0)
      RTTI typeinfo:   itk::ImportImageContainer<unsigned long, double>
      Reference Count: 1
      Modified Time: 1587
      Debug: Off
      Object Name: 
      Observers: 
        none
      Pointer: 0x1482b3ba8010
      Container manages memory: true
      Size: 9830400
      Capacity: 9830400

     Weighting = 1
     Sampling strategy = regular
     Number of bins = 32
     Radius = 4
     Sampling percentage  = 0.25
   Transform = Affine
     Gradient step = 0.1
     Update field sigma (voxel space) = 0
     Total field sigma (voxel space) = 0
     Update field time sigma = 0
     Total field time sigma  = 0
     Number of time indices = 0
     Number of time point samples = 0
Registration using 1 total stages.

Stage 0
  iterations = 1000x500x250x100
  convergence threshold = 1e-06
  convergence window size = 10
  number of levels = 4
  using the Mattes MI metric (number of bins = 32, weight = 1, use gradient filter = 0)
  preprocessing:  winsorizing the image intensities
  Shrink factors (level 1 out of 4): [8, 8, 8]
  Shrink factors (level 2 out of 4): [4, 4, 4]
  Shrink factors (level 3 out of 4): [2, 2, 2]
  Shrink factors (level 4 out of 4): [1, 1, 1]
  smoothing sigmas per level: [3, 2, 1, 0]
  regular sampling (percentage = 0.25)

*** Running AffineTransform registration ***

DIAGNOSTIC,Iteration,metricValue,convergenceValue,ITERATION_TIME_INDEX,SINCE_LAST
 2DIAGNOSTIC,     1, -6.382869563422e-01, 1.797693134862e+308, 0.0000e+00, 0.0000e+00, 
 2DIAGNOSTIC,     2, -6.407691600884e-01, 1.797693134862e+308, 0.0000e+00, 0.0000e+00, 
 2DIAGNOSTIC,     3, -6.451754234890e-01, 1.797693134862e+308, 0.0000e+00, 0.0000e+00, 
 2DIAGNOSTIC,     4, -6.522332220012e-01, 1.797693134862e+308, 0.0000e+00, 0.0000e+00, 
 2DIAGNOSTIC,     5, -6.632191879765e-01, 1.797693134862e+308, 0.0000e+00, 0.0000e+00, 
 2DIAGNOSTIC,     6, -6.818891207443e-01, 1.797693134862e+308, 0.0000e+00, 0.0000e+00, 
 2DIAGNOSTIC,     7, -7.246424466381e-01, 1.797693134862e+308, 0.0000e+00, 0.0000e+00, 
 2DIAGNOSTIC,     8, -8.381798902329e-01, 1.797693134862e+308, 0.0000e+00, 0.0000e+00, 
 2DIAGNOSTIC,     9, -8.668716145389e-01, 1.797693134862e+308, 0.0000e+00, 0.0000e+00, 
 2DIAGNOSTIC,    10, -8.720291342486e-01, 2.375551429926e-02, 0.0000e+00, 0.0000e+00, 
 2DIAGNOSTIC,    11, -8.797816120185e-01, 2.373546867306e-02, 0.0000e+00, 0.0000e+00, 
 2DIAGNOSTIC,    12, -9.037455365965e-01, 2.237788750259e-02, 0.0000e+00, 0.0000e+00, 
 2DIAGNOSTIC,    13, -9.041897097076e-01, 1.934666482459e-02, 0.0000e+00, 0.0000e+00, 
 2DIAGNOSTIC,    14, -9.044477922472e-01, 1.528232562077e-02, 0.0000e+00, 0.0000e+00, 
 2DIAGNOSTIC,    15, -9.048018088088e-01, 1.078913178678e-02, 0.0000e+00, 0.0000e+00, 
 2DIAGNOSTIC,    16, -9.053770858260e-01, 6.401771489371e-03, 0.0000e+00, 0.0000e+00, 
 2DIAGNOSTIC,    17, -9.057405940010e-01, 2.854354173004e-03, 0.0000e+00, 0.0000e+00, 
 2DIAGNOSTIC,    18, -9.065120819104e-01, 1.726377713720e-03, 0.0000e+00, 0.0000e+00, 
 2DIAGNOSTIC,    19, -9.065859691569e-01, 1.111706579856e-03, 0.0000e+00, 0.0000e+00, 
 2DIAGNOSTIC,    20, -9.065857052246e-01, 5.546686683591e-04, 0.0000e+00, 0.0000e+00, 
 2DIAGNOSTIC,    21, -9.066138959058e-01, 1.229478927600e-04, 0.0000e+00, 0.0000e+00, 
 2DIAGNOSTIC,    22, -9.063515302396e-01, 9.596888620139e-05, 0.0000e+00, 0.0000e+00, 
 2DIAGNOSTIC,    23, -9.060989709935e-01, 6.564069001520e-05, 0.0000e+00, 0.0000e+00, 
 2DIAGNOSTIC,    24, -9.060124901468e-01, 3.458928886733e-05, 0.0000e+00, 0.0000e+00, 
 2DIAGNOSTIC,    25, -9.060907285194e-01, 8.991032568413e-06, 0.0000e+00, 0.0000e+00, 
DIAGNOSTIC,Iteration,metricValue,convergenceValue,ITERATION_TIME_INDEX,SINCE_LAST
 2DIAGNOSTIC,     1, -7.448959214319e-01, 1.797693134862e+308, 0.0000e+00, 0.0000e+00, 
 2DIAGNOSTIC,     2, -7.455218018144e-01, 1.797693134862e+308, 0.0000e+00, 0.0000e+00, 
 2DIAGNOSTIC,     3, -7.461635941011e-01, 1.797693134862e+308, 0.0000e+00, 0.0000e+00, 
 2DIAGNOSTIC,     4, -7.468888579240e-01, 1.797693134862e+308, 0.0000e+00, 0.0000e+00, 
 2DIAGNOSTIC,     5, -7.474925977344e-01, 1.797693134862e+308, 0.0000e+00, 0.0000e+00, 
 2DIAGNOSTIC,     6, -7.484357340379e-01, 1.797693134862e+308, 0.0000e+00, 0.0000e+00, 
 2DIAGNOSTIC,     7, -7.484424585782e-01, 1.797693134862e+308, 0.0000e+00, 0.0000e+00, 
 2DIAGNOSTIC,     8, -7.484645139492e-01, 1.797693134862e+308, 0.0000e+00, 0.0000e+00, 
 2DIAGNOSTIC,     9, -7.484605034316e-01, 1.797693134862e+308, 0.0000e+00, 0.0000e+00, 
 2DIAGNOSTIC,    10, -7.484744744414e-01, 3.318510032108e-04, 0.0000e+00, 0.0000e+00, 
 2DIAGNOSTIC,    11, -7.485248776896e-01, 2.303490934653e-04, 0.0000e+00, 0.0000e+00, 
 2DIAGNOSTIC,    12, -7.485386854366e-01, 1.455064779859e-04, 0.0000e+00, 0.0000e+00, 
 2DIAGNOSTIC,    13, -7.485369778038e-01, 7.960971750202e-05, 0.0000e+00, 0.0000e+00, 
 2DIAGNOSTIC,    14, -7.485854492837e-01, 3.700561218223e-05, 0.0000e+00, 0.0000e+00, 
 2DIAGNOSTIC,    15, -7.486394894758e-01, 1.287077100082e-05, 0.0000e+00, 0.0000e+00, 
 2DIAGNOSTIC,    16, -7.486571030596e-01, 1.354588333685e-05, 0.0000e+00, 0.0000e+00, 
 2DIAGNOSTIC,    17, -7.486581298763e-01, 1.325207656085e-05, 0.0000e+00, 0.0000e+00, 
 2DIAGNOSTIC,    18, -7.486383558532e-01, 1.202902804047e-05, 0.0000e+00, 0.0000e+00, 
 2DIAGNOSTIC,    19, -7.486544812340e-01, 1.023163335964e-05, 0.0000e+00, 0.0000e+00, 
 2DIAGNOSTIC,    20, -7.486551713799e-01, 8.037452478703e-06, 0.0000e+00, 0.0000e+00, 
 2DIAGNOSTIC,    21, -7.486412233339e-01, 6.106214784779e-06, 0.0000e+00, 0.0000e+00, 
 2DIAGNOSTIC,    22, -7.486422279787e-01, 4.215160418146e-06, 0.0000e+00, 0.0000e+00, 
 2DIAGNOSTIC,    23, -7.486426286850e-01, 2.201688035684e-06, 0.0000e+00, 0.0000e+00, 
 2DIAGNOSTIC,    24, -7.486426213581e-01, 1.018692071170e-06, 0.0000e+00, 0.0000e+00, 
DIAGNOSTIC,Iteration,metricValue,convergenceValue,ITERATION_TIME_INDEX,SINCE_LAST
 2DIAGNOSTIC,     1, -6.326766435209e-01, 1.797693134862e+308, 0.0000e+00, 0.0000e+00, 
 2DIAGNOSTIC,     2, -6.332692534255e-01, 1.797693134862e+308, 0.0000e+00, 0.0000e+00, 
 2DIAGNOSTIC,     3, -6.339123751933e-01, 1.797693134862e+308, 0.0000e+00, 0.0000e+00, 
 2DIAGNOSTIC,     4, -6.347791665313e-01, 1.797693134862e+308, 0.0000e+00, 0.0000e+00, 
 2DIAGNOSTIC,     5, -6.366886261971e-01, 1.797693134862e+308, 0.0000e+00, 0.0000e+00, 
 2DIAGNOSTIC,     6, -6.377854584684e-01, 1.797693134862e+308, 0.0000e+00, 0.0000e+00, 
 2DIAGNOSTIC,     7, -6.377973656736e-01, 1.797693134862e+308, 0.0000e+00, 0.0000e+00, 
 2DIAGNOSTIC,     8, -6.377932851778e-01, 1.797693134862e+308, 0.0000e+00, 0.0000e+00, 
 2DIAGNOSTIC,     9, -6.377981301601e-01, 1.797693134862e+308, 0.0000e+00, 0.0000e+00, 
 2DIAGNOSTIC,    10, -6.377961621668e-01, 6.015547456969e-04, 0.0000e+00, 0.0000e+00, 
 2DIAGNOSTIC,    11, -6.377942060684e-01, 4.315641104831e-04, 0.0000e+00, 0.0000e+00, 
 2DIAGNOSTIC,    12, -6.377940680740e-01, 2.742997848278e-04, 0.0000e+00, 0.0000e+00, 
 2DIAGNOSTIC,    13, -6.377945751298e-01, 1.394177354397e-04, 0.0000e+00, 0.0000e+00, 
 2DIAGNOSTIC,    14, -6.377948336427e-01, 3.773420035061e-05, 0.0000e+00, 0.0000e+00, 
 2DIAGNOSTIC,    15, -6.377948257076e-01, 2.293091256017e-06, 0.0000e+00, 0.0000e+00, 
 2DIAGNOSTIC,    16, -6.377947325102e-01, 1.864715479069e-06, 0.0000e+00, 0.0000e+00, 
 2DIAGNOSTIC,    17, -6.377947467022e-01, 1.815178235540e-06, 0.0000e+00, 0.0000e+00, 
 2DIAGNOSTIC,    18, -6.377932063832e-01, 1.631717259747e-06, 0.0000e+00, 0.0000e+00, 
 2DIAGNOSTIC,    19, -6.377932004434e-01, 1.595221367633e-06, 0.0000e+00, 0.0000e+00, 
 2DIAGNOSTIC,    20, -6.377932301619e-01, 1.527289040987e-06, 0.0000e+00, 0.0000e+00, 
 2DIAGNOSTIC,    21, -6.377932055468e-01, 1.429250274444e-06, 0.0000e+00, 0.0000e+00, 
 2DIAGNOSTIC,    22, -6.377932291176e-01, 1.345531337966e-06, 0.0000e+00, 0.0000e+00, 
 2DIAGNOSTIC,    23, -6.377931362410e-01, 1.286672165646e-06, 0.0000e+00, 0.0000e+00, 
 2DIAGNOSTIC,    24, -6.377931362410e-01, 1.246531904649e-06, 0.0000e+00, 0.0000e+00, 
 2DIAGNOSTIC,    25, -6.377931362410e-01, 1.216282289246e-06, 0.0000e+00, 0.0000e+00, 
 2DIAGNOSTIC,    26, -6.377931362410e-01, 1.191520261519e-06, 0.0000e+00, 0.0000e+00, 
 2DIAGNOSTIC,    27, -6.377931362410e-01, 1.172405179738e-06, 0.0000e+00, 0.0000e+00, 
 2DIAGNOSTIC,    28, -6.377931362410e-01, 1.130518021815e-06, 0.0000e+00, 0.0000e+00, 
 2DIAGNOSTIC,    29, -6.377931362410e-01, 1.091783096221e-06, 0.0000e+00, 0.0000e+00, 
 2DIAGNOSTIC,    30, -6.377931362410e-01, 1.056386404345e-06, 0.0000e+00, 0.0000e+00, 
 2DIAGNOSTIC,    31, -6.377931362410e-01, 1.023107128309e-06, 0.0000e+00, 0.0000e+00, 
DIAGNOSTIC,Iteration,metricValue,convergenceValue,ITERATION_TIME_INDEX,SINCE_LAST
 2DIAGNOSTIC,     1, -5.636746293409e-01, 1.797693134862e+308, 0.0000e+00, 0.0000e+00, 
 2DIAGNOSTIC,     2, -5.637537361485e-01, 1.797693134862e+308, 0.0000e+00, 0.0000e+00, 
 2DIAGNOSTIC,     3, -5.637615074900e-01, 1.797693134862e+308, 0.0000e+00, 0.0000e+00, 
 2DIAGNOSTIC,     4, -5.637570356429e-01, 1.797693134862e+308, 0.0000e+00, 0.0000e+00, 
 2DIAGNOSTIC,     5, -5.637551992846e-01, 1.797693134862e+308, 0.0000e+00, 0.0000e+00, 
 2DIAGNOSTIC,     6, -5.637599766512e-01, 1.797693134862e+308, 0.0000e+00, 0.0000e+00, 
 2DIAGNOSTIC,     7, -5.637635446971e-01, 1.797693134862e+308, 0.0000e+00, 0.0000e+00, 
 2DIAGNOSTIC,     8, -5.637698097652e-01, 1.797693134862e+308, 0.0000e+00, 0.0000e+00, 
 2DIAGNOSTIC,     9, -5.637706796179e-01, 1.797693134862e+308, 0.0000e+00, 0.0000e+00, 
 2DIAGNOSTIC,    10, -5.637704515578e-01, 9.236818715536e-06, 0.0000e+00, 0.0000e+00, 
 2DIAGNOSTIC,    11, -5.637702945467e-01, 4.780181209488e-06, 0.0000e+00, 0.0000e+00, 
 2DIAGNOSTIC,    12, -5.637703621514e-01, 4.206102983600e-06, 0.0000e+00, 0.0000e+00, 
 2DIAGNOSTIC,    13, -5.637704743638e-01, 3.887141196188e-06, 0.0000e+00, 0.0000e+00, 
 2DIAGNOSTIC,    14, -5.637697897928e-01, 3.301238842388e-06, 0.0000e+00, 0.0000e+00, 
 2DIAGNOSTIC,    15, -5.637698208984e-01, 2.639369225774e-06, 0.0000e+00, 0.0000e+00, 
 2DIAGNOSTIC,    16, -5.637695747347e-01, 2.154426529691e-06, 0.0000e+00, 0.0000e+00, 
 2DIAGNOSTIC,    17, -5.637688941181e-01, 1.791126413596e-06, 0.0000e+00, 0.0000e+00, 
 2DIAGNOSTIC,    18, -5.637689792925e-01, 1.652648197507e-06, 0.0000e+00, 0.0000e+00, 
 2DIAGNOSTIC,    19, -5.637686057953e-01, 1.552178146735e-06, 0.0000e+00, 0.0000e+00, 
 2DIAGNOSTIC,    20, -5.637685956861e-01, 1.466970394499e-06, 0.0000e+00, 0.0000e+00, 
 2DIAGNOSTIC,    21, -5.637685990018e-01, 1.397130983502e-06, 0.0000e+00, 0.0000e+00, 
 2DIAGNOSTIC,    22, -5.637686065286e-01, 1.345870008405e-06, 0.0000e+00, 0.0000e+00, 
 2DIAGNOSTIC,    23, -5.637686119122e-01, 1.311061501252e-06, 0.0000e+00, 0.0000e+00, 
 2DIAGNOSTIC,    24, -5.637686040066e-01, 1.270840433956e-06, 0.0000e+00, 0.0000e+00, 
 2DIAGNOSTIC,    25, -5.637685963534e-01, 1.239165687693e-06, 0.0000e+00, 0.0000e+00, 
 2DIAGNOSTIC,    26, -5.637685933263e-01, 1.208203123791e-06, 0.0000e+00, 0.0000e+00, 
 2DIAGNOSTIC,    27, -5.637685967175e-01, 1.167897474015e-06, 0.0000e+00, 0.0000e+00, 
 2DIAGNOSTIC,    28, -5.637686029583e-01, 1.132988546787e-06, 0.0000e+00, 0.0000e+00, 
 2DIAGNOSTIC,    29, -5.637686029583e-01, 1.094021801498e-06, 0.0000e+00, 0.0000e+00, 
 2DIAGNOSTIC,    30, -5.637686029583e-01, 1.057499466009e-06, 0.0000e+00, 0.0000e+00, 
 2DIAGNOSTIC,    31, -5.637686029583e-01, 1.023400419062e-06, 0.0000e+00, 0.0000e+00, 
  Elapsed time (stage 0): 0.0000e+00


Total elapsed time: 0.0000e+00
Info [verificarlo]: loaded backend libinterflop_vprec.so
Info [interflop-vprec]: load backend with: 
Info [interflop-vprec]: precision-binary32 = 19
Info [interflop-vprec]: range-binary32 = 7
