
##########################
# Experiment information #
##########################

EXPERIMENT_NAME: antsRegistration-r7-p21
VFC_BACKENDS: libinterflop_vprec.so --range-binary32=7 --precision-binary32=21 --range-binary64=7 --precision-binary64=21

SIF_IMG: /home/mdugre/projects/rrg-glatard/mdugre/containers/ants-vprec-no_metrics.simg

SUBJECT_ID: s035
INPUT_IMG: /home/mdugre/scratch/mri-registration-rp/datasets/ds004513/derivatives/mri-registration-rp/antsBrainExtraction/sub-s035/BrainExtractionBrain.nii.gz
OUTPUT_DIR: /home/mdugre/scratch/mri-registration-rp/datasets/ds004513/derivatives/mri-registration-rp/0011/antsRegistration-r7-p21/sub-s035

FIXED_IMG: /templateflow/tpl-MNI152NLin2009cAsym/tpl-MNI152NLin2009cAsym_res-01_desc-brain_T1w.nii.gz
DATA_DIR: /home/mdugre/scratch/mri-registration-rp/datasets/ds004513
TEMPLATEFLOW_DIR: /home/mdugre/projects/rrg-glatard/mdugre/templateflow
ITK_GLOBAL_DEFAULT_NUMBER_OF_THREADS: 16
##########################

Info [verificarlo]: loaded backend libinterflop_ieee.so
Info [interflop-ieee]: load backend with:
Info [interflop-ieee]: debug = false
Info [interflop-ieee]: debug-binary = false
Info [interflop-ieee]: no-backend-name = false
Info [interflop-ieee]: print-new-line = false
Info [interflop-ieee]: print-subnormal-normalized = false
Info [interflop-ieee]: count-op = false
All_Command_lines_OK
Using double precision for computations.
=============================================================================
The composite transform comprises the following transforms (in order): 
  1. Center of mass alignment using fixed image: /templateflow/tpl-MNI152NLin2009cAsym/tpl-MNI152NLin2009cAsym_res-01_desc-brain_T1w.nii.gz and moving image: /home/mdugre/scratch/mri-registration-rp/datasets/ds004513/derivatives/mri-registration-rp/antsBrainExtraction/sub-s035/BrainExtractionBrain.nii.gz (type = Euler3DTransform)
=============================================================================
  number of levels = 1
  fixed image: /templateflow/tpl-MNI152NLin2009cAsym/tpl-MNI152NLin2009cAsym_res-01_desc-brain_T1w.nii.gz
  moving image: /home/mdugre/scratch/mri-registration-rp/datasets/ds004513/derivatives/mri-registration-rp/antsBrainExtraction/sub-s035/BrainExtractionBrain.nii.gz
Dimension = 3
Number of stages = 1
Use histogram matching = false
Winsorize image intensities = true
  Lower quantile = 0.005
  Upper quantile = 0.995


Stage 1 State
   Image metric = MattesMI
     Fixed image = Image (0x3583e70)
  RTTI typeinfo:   itk::Image<double, 3u>
  Reference Count: 2
  Modified Time: 2330
  Debug: Off
  Object Name: 
  Observers: 
    none
  Source: (none)
  Source output name: (none)
  Release Data: Off
  Data Released: False
  Global Release Data: Off
  PipelineMTime: 0
  UpdateMTime: 1941
  RealTimeStamp: 0 seconds 
  LargestPossibleRegion: 
    Dimension: 3
    Index: [0, 0, 0]
    Size: [193, 229, 193]
  BufferedRegion: 
    Dimension: 3
    Index: [0, 0, 0]
    Size: [193, 229, 193]
  RequestedRegion: 
    Dimension: 3
    Index: [0, 0, 0]
    Size: [193, 229, 193]
  Spacing: [1, 1, 1]
  Origin: [96, 132, -78]
  Direction: 
-1 0 0
0 -1 0
0 0 1

  IndexToPointMatrix: 
-1 0 0
0 -1 0
0 0 1

  PointToIndexMatrix: 
-1 0 0
0 -1 0
0 0 1

  Inverse Direction: 
-1 0 0
0 -1 0
0 0 1

  PixelContainer: 
    ImportImageContainer (0x358cc60)
      RTTI typeinfo:   itk::ImportImageContainer<unsigned long, double>
      Reference Count: 1
      Modified Time: 1938
      Debug: Off
      Object Name: 
      Observers: 
        none
      Pointer: 0x151e36bb5010
      Container manages memory: true
      Size: 8530021
      Capacity: 8530021

     Moving image = Image (0x3620ec0)
  RTTI typeinfo:   itk::Image<double, 3u>
  Reference Count: 2
  Modified Time: 2331
  Debug: Off
  Object Name: 
  Observers: 
    none
  Source: (none)
  Source output name: (none)
  Release Data: Off
  Data Released: False
  Global Release Data: Off
  PipelineMTime: 0
  UpdateMTime: 2328
  RealTimeStamp: 0 seconds 
  LargestPossibleRegion: 
    Dimension: 3
    Index: [0, 0, 0]
    Size: [160, 240, 256]
  BufferedRegion: 
    Dimension: 3
    Index: [0, 0, 0]
    Size: [160, 240, 256]
  RequestedRegion: 
    Dimension: 3
    Index: [0, 0, 0]
    Size: [160, 240, 256]
  Spacing: [1, 1, 1]
  Origin: [98.6438, 87.6358, -117.989]
  Direction: 
-0.993515 -0.100993 -0.0522355
0.100854 -0.994887 0.00530255
-0.0525039 1.93537e-08 0.998621

  IndexToPointMatrix: 
-0.993515 -0.100993 -0.0522355
0.100854 -0.994887 0.00530255
-0.0525039 1.93537e-08 0.998621

  PointToIndexMatrix: 
-0.993515 0.100854 -0.0525039
-0.100993 -0.994887 1.93006e-08
-0.0522355 0.00530255 0.998621

  Inverse Direction: 
-0.993515 0.100854 -0.0525039
-0.100993 -0.994887 1.93006e-08
-0.0522355 0.00530255 0.998621

  PixelContainer: 
    ImportImageContainer (0x36b8610)
      RTTI typeinfo:   itk::ImportImageContainer<unsigned long, double>
      Reference Count: 1
      Modified Time: 2325
      Debug: Off
      Object Name: 
      Observers: 
        none
      Pointer: 0x151e320b4010
      Container manages memory: true
      Size: 9830400
      Capacity: 9830400

     Weighting = 1
     Sampling strategy = regular
     Number of bins = 32
     Radius = 4
     Sampling percentage  = 0.25
   Transform = Rigid
     Gradient step = 0.1
     Update field sigma (voxel space) = 0
     Total field sigma (voxel space) = 0
     Update field time sigma = 0
     Total field time sigma  = 0
     Number of time indices = 0
     Number of time point samples = 0
Registration using 1 total stages.

Stage 0
  iterations = 0
  convergence threshold = 1e-06
  convergence window size = 10
  number of levels = 1
  using the Mattes MI metric (number of bins = 32, weight = 1, use gradient filter = 0)
  preprocessing:  winsorizing the image intensities
  Shrink factors (level 1 out of 1): [1, 1, 1]
  smoothing sigmas per level: [0]
  regular sampling (percentage = 0.25)

*** Running Euler3DTransform registration ***

  Elapsed time (stage 0): 1.10812


Total elapsed time: 1.11036
Info [verificarlo]: loaded backend libinterflop_ieee.so
Info [interflop-ieee]: load backend with:
Info [interflop-ieee]: debug = false
Info [interflop-ieee]: debug-binary = false
Info [interflop-ieee]: no-backend-name = false
Info [interflop-ieee]: print-new-line = false
Info [interflop-ieee]: print-subnormal-normalized = false
Info [interflop-ieee]: count-op = false
All_Command_lines_OK
Using double precision for computations.
=============================================================================
The composite transform comprises the following transforms (in order): 
  1. /home/mdugre/scratch/mri-registration-rp/datasets/ds004513/derivatives/mri-registration-rp/0011/antsRegistration-r7-p21/sub-s035/align_Composite.h5[0] (type = Euler3DTransform)
  2. /home/mdugre/scratch/mri-registration-rp/datasets/ds004513/derivatives/mri-registration-rp/0011/antsRegistration-r7-p21/sub-s035/align_Composite.h5[1] (type = Euler3DTransform)
=============================================================================
  number of levels = 4
  fixed image: /templateflow/tpl-MNI152NLin2009cAsym/tpl-MNI152NLin2009cAsym_res-01_desc-brain_T1w.nii.gz
  moving image: /home/mdugre/scratch/mri-registration-rp/datasets/ds004513/derivatives/mri-registration-rp/antsBrainExtraction/sub-s035/BrainExtractionBrain.nii.gz
Dimension = 3
Number of stages = 1
Use histogram matching = false
Winsorize image intensities = true
  Lower quantile = 0.005
  Upper quantile = 0.995


Stage 1 State
   Image metric = MattesMI
     Fixed image = Image (0x3a4d530)
  RTTI typeinfo:   itk::Image<double, 3u>
  Reference Count: 2
  Modified Time: 1578
  Debug: Off
  Object Name: 
  Observers: 
    none
  Source: (none)
  Source output name: (none)
  Release Data: Off
  Data Released: False
  Global Release Data: Off
  PipelineMTime: 0
  UpdateMTime: 1189
  RealTimeStamp: 0 seconds 
  LargestPossibleRegion: 
    Dimension: 3
    Index: [0, 0, 0]
    Size: [193, 229, 193]
  BufferedRegion: 
    Dimension: 3
    Index: [0, 0, 0]
    Size: [193, 229, 193]
  RequestedRegion: 
    Dimension: 3
    Index: [0, 0, 0]
    Size: [193, 229, 193]
  Spacing: [1, 1, 1]
  Origin: [96, 132, -78]
  Direction: 
-1 0 0
0 -1 0
0 0 1

  IndexToPointMatrix: 
-1 0 0
0 -1 0
0 0 1

  PointToIndexMatrix: 
-1 0 0
0 -1 0
0 0 1

  Inverse Direction: 
-1 0 0
0 -1 0
0 0 1

  PixelContainer: 
    ImportImageContainer (0x3b0bd60)
      RTTI typeinfo:   itk::ImportImageContainer<unsigned long, double>
      Reference Count: 1
      Modified Time: 1186
      Debug: Off
      Object Name: 
      Observers: 
        none
      Pointer: 0x14fb6d335010
      Container manages memory: true
      Size: 8530021
      Capacity: 8530021

     Moving image = Image (0x3afdf60)
  RTTI typeinfo:   itk::Image<double, 3u>
  Reference Count: 2
  Modified Time: 1579
  Debug: Off
  Object Name: 
  Observers: 
    none
  Source: (none)
  Source output name: (none)
  Release Data: Off
  Data Released: False
  Global Release Data: Off
  PipelineMTime: 0
  UpdateMTime: 1576
  RealTimeStamp: 0 seconds 
  LargestPossibleRegion: 
    Dimension: 3
    Index: [0, 0, 0]
    Size: [160, 240, 256]
  BufferedRegion: 
    Dimension: 3
    Index: [0, 0, 0]
    Size: [160, 240, 256]
  RequestedRegion: 
    Dimension: 3
    Index: [0, 0, 0]
    Size: [160, 240, 256]
  Spacing: [1, 1, 1]
  Origin: [98.6438, 87.6358, -117.989]
  Direction: 
-0.993515 -0.100993 -0.0522355
0.100854 -0.994887 0.00530255
-0.0525039 1.93537e-08 0.998621

  IndexToPointMatrix: 
-0.993515 -0.100993 -0.0522355
0.100854 -0.994887 0.00530255
-0.0525039 1.93537e-08 0.998621

  PointToIndexMatrix: 
-0.993515 0.100854 -0.0525039
-0.100993 -0.994887 1.93006e-08
-0.0522355 0.00530255 0.998621

  Inverse Direction: 
-0.993515 0.100854 -0.0525039
-0.100993 -0.994887 1.93006e-08
-0.0522355 0.00530255 0.998621

  PixelContainer: 
    ImportImageContainer (0x3aef6d0)
      RTTI typeinfo:   itk::ImportImageContainer<unsigned long, double>
      Reference Count: 1
      Modified Time: 1573
      Debug: Off
      Object Name: 
      Observers: 
        none
      Pointer: 0x14fb68834010
      Container manages memory: true
      Size: 9830400
      Capacity: 9830400

     Weighting = 1
     Sampling strategy = regular
     Number of bins = 32
     Radius = 4
     Sampling percentage  = 0.25
   Transform = Rigid
     Gradient step = 0.1
     Update field sigma (voxel space) = 0
     Total field sigma (voxel space) = 0
     Update field time sigma = 0
     Total field time sigma  = 0
     Number of time indices = 0
     Number of time point samples = 0
Registration using 1 total stages.

Stage 0
  iterations = 1000x500x250x100
  convergence threshold = 1e-06
  convergence window size = 10
  number of levels = 4
  using the Mattes MI metric (number of bins = 32, weight = 1, use gradient filter = 0)
  preprocessing:  winsorizing the image intensities
  Shrink factors (level 1 out of 4): [8, 8, 8]
  Shrink factors (level 2 out of 4): [4, 4, 4]
  Shrink factors (level 3 out of 4): [2, 2, 2]
  Shrink factors (level 4 out of 4): [1, 1, 1]
  smoothing sigmas per level: [3, 2, 1, 0]
  regular sampling (percentage = 0.25)

*** Running Euler3DTransform registration ***

DIAGNOSTIC,Iteration,metricValue,convergenceValue,ITERATION_TIME_INDEX,SINCE_LAST
 2DIAGNOSTIC,     1, -5.238630234552e-01, 1.797693134862e+308, 8.8836e-01, 8.8836e-01, 
 2DIAGNOSTIC,     2, -5.257885820767e-01, 1.797693134862e+308, 8.9379e-01, 5.4359e-03, 
 2DIAGNOSTIC,     3, -5.278597554839e-01, 1.797693134862e+308, 8.9902e-01, 5.2309e-03, 
 2DIAGNOSTIC,     4, -5.302176117225e-01, 1.797693134862e+308, 9.0428e-01, 5.2540e-03, 
 2DIAGNOSTIC,     5, -5.343462816845e-01, 1.797693134862e+308, 9.0992e-01, 5.6362e-03, 
 2DIAGNOSTIC,     6, -5.399239396740e-01, 1.797693134862e+308, 9.1527e-01, 5.3539e-03, 
 2DIAGNOSTIC,     7, -5.490554822001e-01, 1.797693134862e+308, 9.2092e-01, 5.6500e-03, 
 2DIAGNOSTIC,     8, -5.545204224448e-01, 1.797693134862e+308, 9.2835e-01, 7.4329e-03, 
 2DIAGNOSTIC,     9, -5.601437715553e-01, 1.797693134862e+308, 9.3410e-01, 5.7480e-03, 
 2DIAGNOSTIC,    10, -5.617741193774e-01, 5.067640484485e-03, 9.4047e-01, 6.3710e-03, 
 2DIAGNOSTIC,    11, -5.649562249041e-01, 4.796539612083e-03, 9.4738e-01, 6.9089e-03, 
 2DIAGNOSTIC,    12, -5.658710903081e-01, 4.260783098155e-03, 9.5374e-01, 6.3641e-03, 
 2DIAGNOSTIC,    13, -5.662828333056e-01, 3.524744036645e-03, 9.5917e-01, 5.4281e-03, 
 2DIAGNOSTIC,    14, -5.685908474577e-01, 2.751340472953e-03, 9.6543e-01, 6.2611e-03, 
 2DIAGNOSTIC,    15, -5.732745043306e-01, 2.134644679428e-03, 9.7426e-01, 8.8301e-03, 
 2DIAGNOSTIC,    16, -5.738084427846e-01, 1.591333148336e-03, 9.8105e-01, 6.7849e-03, 
 2DIAGNOSTIC,    17, -5.739093703465e-01, 1.247363567740e-03, 9.8653e-01, 5.4789e-03, 
 2DIAGNOSTIC,    18, -5.745773598458e-01, 1.002163966316e-03, 9.9216e-01, 5.6360e-03, 
 2DIAGNOSTIC,    19, -5.752045522722e-01, 8.579763081916e-04, 9.9760e-01, 5.4321e-03, 
 2DIAGNOSTIC,    20, -5.755578777726e-01, 6.955845773855e-04, 1.0033e+00, 5.6920e-03, 
 2DIAGNOSTIC,    21, -5.761681227725e-01, 5.767135182678e-04, 1.0090e+00, 5.7490e-03, 
 2DIAGNOSTIC,    22, -5.775610178280e-01, 4.707067062505e-04, 1.0149e+00, 5.8389e-03, 
 2DIAGNOSTIC,    23, -5.801876522130e-01, 3.965856196719e-04, 1.0214e+00, 6.4819e-03, 
 2DIAGNOSTIC,    24, -5.873578871735e-01, 4.881452203314e-04, 1.0295e+00, 8.0960e-03, 
 2DIAGNOSTIC,    25, -5.924052233433e-01, 7.199711433696e-04, 1.0374e+00, 7.9119e-03, 
 2DIAGNOSTIC,    26, -5.933789722472e-01, 8.944842698082e-04, 1.0445e+00, 7.1409e-03, 
 2DIAGNOSTIC,    27, -5.948140362528e-01, 1.002036484235e-03, 1.0509e+00, 6.3801e-03, 
 2DIAGNOSTIC,    28, -5.954370004499e-01, 1.029952320670e-03, 1.0567e+00, 5.8351e-03, 
 2DIAGNOSTIC,    29, -5.955619965577e-01, 9.699000561156e-04, 1.0623e+00, 5.6281e-03, 
 2DIAGNOSTIC,    30, -5.960977142395e-01, 8.366692958513e-04, 1.0678e+00, 5.4440e-03, 
 2DIAGNOSTIC,    31, -5.971105016106e-01, 6.606986234361e-04, 1.0742e+00, 6.4411e-03, 
 2DIAGNOSTIC,    32, -5.989728413263e-01, 4.853112631869e-04, 1.0827e+00, 8.4660e-03, 
 2DIAGNOSTIC,    33, -5.996340170930e-01, 3.222359244212e-04, 1.0884e+00, 5.7330e-03, 
 2DIAGNOSTIC,    34, -5.997688324605e-01, 2.443793009099e-04, 1.0940e+00, 5.5320e-03, 
 2DIAGNOSTIC,    35, -5.999328162588e-01, 2.224308781791e-04, 1.1007e+00, 6.7141e-03, 
 2DIAGNOSTIC,    36, -6.001598298380e-01, 1.965988100249e-04, 1.1060e+00, 5.3141e-03, 
 2DIAGNOSTIC,    37, -6.004938012839e-01, 1.767006112062e-04, 1.1119e+00, 5.9490e-03, 
 2DIAGNOSTIC,    38, -6.008280009945e-01, 1.536048155790e-04, 1.1174e+00, 5.4080e-03, 
 2DIAGNOSTIC,    39, -6.038559363661e-01, 1.574331422191e-04, 1.1237e+00, 6.3121e-03, 
 2DIAGNOSTIC,    40, -6.077047307033e-01, 1.993081293004e-04, 1.1296e+00, 5.9450e-03, 
 2DIAGNOSTIC,    41, -6.174632653034e-01, 3.481386578794e-04, 1.1367e+00, 7.1220e-03, 
 2DIAGNOSTIC,    42, -6.161977637615e-01, 4.608903897861e-04, 1.1475e+00, 1.0723e-02, 
 2DIAGNOSTIC,    43, -6.161564250037e-01, 5.335365032756e-04, 1.1526e+00, 5.1720e-03, 
 2DIAGNOSTIC,    44, -6.170771973033e-01, 5.644813010251e-04, 1.1577e+00, 5.0869e-03, 
 2DIAGNOSTIC,    45, -6.185357077037e-01, 5.560467473013e-04, 1.1630e+00, 5.2800e-03, 
 2DIAGNOSTIC,    46, -6.206472480562e-01, 5.180551697523e-04, 1.1681e+00, 5.0960e-03, 
 2DIAGNOSTIC,    47, -6.234100359649e-01, 4.649600284858e-04, 1.1734e+00, 5.2779e-03, 
 2DIAGNOSTIC,    48, -6.282459742362e-01, 4.232182983898e-04, 1.1786e+00, 5.1880e-03, 
 2DIAGNOSTIC,    49, -6.332857031083e-01, 4.219357306016e-04, 1.1838e+00, 5.2638e-03, 
 2DIAGNOSTIC,    50, -6.437673482307e-01, 5.158708694174e-04, 1.1890e+00, 5.2180e-03, 
 2DIAGNOSTIC,    51, -6.567709937215e-01, 7.709780918869e-04, 1.1944e+00, 5.3711e-03, 
 2DIAGNOSTIC,    52, -6.630139249749e-01, 9.856123161021e-04, 1.2004e+00, 6.0251e-03, 
 2DIAGNOSTIC,    53, -6.637658027030e-01, 1.103855413051e-03, 1.2057e+00, 5.2800e-03, 
 2DIAGNOSTIC,    54, -6.646848123263e-01, 1.129224931496e-03, 1.2110e+00, 5.3210e-03, 
 2DIAGNOSTIC,    55, -6.699955286198e-01, 1.103370804670e-03, 1.2210e+00, 9.9292e-03, 
 2DIAGNOSTIC,    56, -6.720090252783e-01, 1.005090425756e-03, 1.2289e+00, 7.9861e-03, 
 2DIAGNOSTIC,    57, -6.720482004462e-01, 8.375244709457e-04, 1.2341e+00, 5.1892e-03, 
 2DIAGNOSTIC,    58, -6.725919801186e-01, 6.425670497808e-04, 1.2394e+00, 5.2350e-03, 
 2DIAGNOSTIC,    59, -6.729036500257e-01, 4.360799263933e-04, 1.2446e+00, 5.2412e-03, 
 2DIAGNOSTIC,    60, -6.731488782135e-01, 2.773045903023e-04, 1.2498e+00, 5.1441e-03, 
 2DIAGNOSTIC,    61, -6.734259128015e-01, 1.993310341793e-04, 1.2550e+00, 5.2249e-03, 
 2DIAGNOSTIC,    62, -6.739132196785e-01, 1.568958279702e-04, 1.2602e+00, 5.1899e-03, 
 2DIAGNOSTIC,    63, -6.762843427893e-01, 1.247260073912e-04, 1.2672e+00, 7.0381e-03, 
 2DIAGNOSTIC,    64, -6.766381754944e-01, 8.969318475235e-05, 1.2724e+00, 5.2080e-03, 
 2DIAGNOSTIC,    65, -6.771215370067e-01, 8.898264603916e-05, 1.2778e+00, 5.3520e-03, 
 2DIAGNOSTIC,    66, -6.778537388386e-01, 9.953411071376e-05, 1.2837e+00, 5.9521e-03, 
 2DIAGNOSTIC,    67, -6.792268007728e-01, 1.098305861437e-04, 1.2910e+00, 7.3071e-03, 
 2DIAGNOSTIC,    68, -6.807681285463e-01, 1.231391265606e-04, 1.2963e+00, 5.2831e-03, 
 2DIAGNOSTIC,    69, -6.815200141098e-01, 1.312168314752e-04, 1.3014e+00, 5.0831e-03, 
 2DIAGNOSTIC,    70, -6.818105382584e-01, 1.303116838165e-04, 1.3084e+00, 7.0260e-03, 
 2DIAGNOSTIC,    71, -6.820510739300e-01, 1.205031063646e-04, 1.3138e+00, 5.3699e-03, 
 2DIAGNOSTIC,    72, -6.822317409038e-01, 1.032409400842e-04, 1.3191e+00, 5.3141e-03, 
 2DIAGNOSTIC,    73, -6.825798866195e-01, 9.372251397748e-05, 1.3260e+00, 6.9070e-03, 
 2DIAGNOSTIC,    74, -6.826263731712e-01, 7.797274826636e-05, 1.3311e+00, 5.0471e-03, 
 2DIAGNOSTIC,    75, -6.826914364825e-01, 5.871057258999e-05, 1.3362e+00, 5.1460e-03, 
 2DIAGNOSTIC,    76, -6.828123036407e-01, 3.951577473381e-05, 1.3413e+00, 5.0471e-03, 
 2DIAGNOSTIC,    77, -6.832344829796e-01, 2.762684627033e-05, 1.3463e+00, 5.0590e-03, 
 2DIAGNOSTIC,    78, -6.838172067699e-01, 2.580687070601e-05, 1.3539e+00, 7.5431e-03, 
 2DIAGNOSTIC,    79, -6.837376665321e-01, 2.541964116806e-05, 1.3589e+00, 5.0871e-03, 
 2DIAGNOSTIC,    80, -6.837941258196e-01, 2.471286137605e-05, 1.3640e+00, 5.0402e-03, 
 2DIAGNOSTIC,    81, -6.839726737628e-01, 2.407066747259e-05, 1.3691e+00, 5.0700e-03, 
 2DIAGNOSTIC,    82, -6.841108027703e-01, 2.281116237389e-05, 1.3742e+00, 5.1949e-03, 
 2DIAGNOSTIC,    83, -6.851047064548e-01, 2.675857822864e-05, 1.3814e+00, 7.1931e-03, 
 2DIAGNOSTIC,    84, -6.858177958121e-01, 3.208872050262e-05, 1.3946e+00, 1.3134e-02, 
 2DIAGNOSTIC,    85, -6.861556582412e-01, 3.640420883759e-05, 1.4032e+00, 8.5840e-03, 
 2DIAGNOSTIC,    86, -6.861559477997e-01, 3.780203236252e-05, 1.4084e+00, 5.2249e-03, 
 2DIAGNOSTIC,    87, -6.861669658485e-01, 3.777781815919e-05, 1.4135e+00, 5.1191e-03, 
 2DIAGNOSTIC,    88, -6.861800213373e-01, 3.717516629600e-05, 1.4187e+00, 5.2371e-03, 
 2DIAGNOSTIC,    89, -6.861876972873e-01, 3.259364867759e-05, 1.4244e+00, 5.6701e-03, 
 2DIAGNOSTIC,    90, -6.861915019130e-01, 2.533845038583e-05, 1.4295e+00, 5.0590e-03, 
 2DIAGNOSTIC,    91, -6.861984818949e-01, 1.686238853371e-05, 1.4345e+00, 5.0690e-03, 
 2DIAGNOSTIC,    92, -6.862113704733e-01, 7.665677124359e-06, 1.4396e+00, 5.0879e-03, 
 2DIAGNOSTIC,    93, -6.862267376555e-01, 2.805365143186e-06, 1.4447e+00, 5.0390e-03, 
 2DIAGNOSTIC,    94, -6.862421264368e-01, 1.276048568116e-06, 1.4503e+00, 5.6040e-03, 
 2DIAGNOSTIC,    95, -6.863402243575e-01, 1.765931780459e-06, 1.4571e+00, 6.8331e-03, 
 2DIAGNOSTIC,    96, -6.863401651983e-01, 2.098162269095e-06, 1.4621e+00, 5.0402e-03, 
 2DIAGNOSTIC,    97, -6.863403022093e-01, 2.310943931182e-06, 1.4673e+00, 5.1270e-03, 
 2DIAGNOSTIC,    98, -6.863407575982e-01, 2.397385937285e-06, 1.4724e+00, 5.1439e-03, 
 2DIAGNOSTIC,    99, -6.863418661558e-01, 2.321695839799e-06, 1.4775e+00, 5.1181e-03, 
 2DIAGNOSTIC,   100, -6.863433822224e-01, 2.073803284233e-06, 1.4941e+00, 1.6539e-02, 
 2DIAGNOSTIC,   101, -6.863433820725e-01, 1.693536219842e-06, 1.5103e+00, 1.6264e-02, 
 2DIAGNOSTIC,   102, -6.863433820725e-01, 1.253224685683e-06, 1.5185e+00, 8.1651e-03, 
DIAGNOSTIC,Iteration,metricValue,convergenceValue,ITERATION_TIME_INDEX,SINCE_LAST
 2DIAGNOSTIC,     1, -5.583129977022e-01, 1.797693134862e+308, 2.2676e+00, 7.4911e-01, 
 2DIAGNOSTIC,     2, -5.587685234267e-01, 1.797693134862e+308, 2.2976e+00, 2.9983e-02, 
 2DIAGNOSTIC,     3, -5.591011162069e-01, 1.797693134862e+308, 2.3273e+00, 2.9708e-02, 
 2DIAGNOSTIC,     4, -5.599292022392e-01, 1.797693134862e+308, 2.3575e+00, 3.0241e-02, 
 2DIAGNOSTIC,     5, -5.608878500291e-01, 1.797693134862e+308, 2.3911e+00, 3.3583e-02, 
 2DIAGNOSTIC,     6, -5.613231625184e-01, 1.797693134862e+308, 2.4214e+00, 3.0265e-02, 
 2DIAGNOSTIC,     7, -5.624625440532e-01, 1.797693134862e+308, 2.4563e+00, 3.4889e-02, 
 2DIAGNOSTIC,     8, -5.631237874552e-01, 1.797693134862e+308, 2.4940e+00, 3.7767e-02, 
 2DIAGNOSTIC,     9, -5.632654622559e-01, 1.797693134862e+308, 2.5273e+00, 3.3243e-02, 
 2DIAGNOSTIC,    10, -5.639238565480e-01, 6.929730067543e-04, 2.5570e+00, 2.9672e-02, 
 2DIAGNOSTIC,    11, -5.654832597594e-01, 6.702068778904e-04, 2.5906e+00, 3.3637e-02, 
 2DIAGNOSTIC,    12, -5.660091165466e-01, 6.310277365167e-04, 2.6198e+00, 2.9198e-02, 
 2DIAGNOSTIC,    13, -5.661309652638e-01, 5.586199387323e-04, 2.7048e+00, 8.5021e-02, 
 2DIAGNOSTIC,    14, -5.661399624820e-01, 4.769662559515e-04, 2.7352e+00, 3.0338e-02, 
 2DIAGNOSTIC,    15, -5.661318650885e-01, 3.950995362332e-04, 2.7642e+00, 2.9056e-02, 
 2DIAGNOSTIC,    16, -5.661334520397e-01, 2.996841708124e-04, 2.7937e+00, 2.9531e-02, 
 2DIAGNOSTIC,    17, -5.661361048602e-01, 2.214180138517e-04, 2.8227e+00, 2.8911e-02, 
 2DIAGNOSTIC,    18, -5.661403201386e-01, 1.509721162619e-04, 2.8518e+00, 2.9126e-02, 
 2DIAGNOSTIC,    19, -5.661471228900e-01, 7.830537149574e-05, 2.8845e+00, 3.2763e-02, 
 2DIAGNOSTIC,    20, -5.661535496828e-01, 2.166519547579e-05, 2.9185e+00, 3.3999e-02, 
 2DIAGNOSTIC,    21, -5.661489875505e-01, 5.579041182500e-06, 2.9477e+00, 2.9189e-02, 
 2DIAGNOSTIC,    22, -5.661474131013e-01, 2.520465092748e-06, 2.9833e+00, 3.5604e-02, 
 2DIAGNOSTIC,    23, -5.661513259858e-01, 2.377222408957e-06, 3.0124e+00, 2.9095e-02, 
 2DIAGNOSTIC,    24, -5.661397980160e-01, 2.098799499188e-06, 3.0475e+00, 3.5028e-02, 
 2DIAGNOSTIC,    25, -5.661472642977e-01, 1.763699328368e-06, 3.0763e+00, 2.8886e-02, 
 2DIAGNOSTIC,    26, -5.661505907476e-01, 1.501101547639e-06, 3.1089e+00, 3.2566e-02, 
 2DIAGNOSTIC,    27, -5.661413468748e-01, 1.107492886621e-06, 3.1378e+00, 2.8871e-02, 
 2DIAGNOSTIC,    28, -5.661550730178e-01, 1.075738863432e-06, 3.1704e+00, 3.2659e-02, 
 2DIAGNOSTIC,    29, -5.661542236889e-01, 1.145829713466e-06, 3.2075e+00, 3.7064e-02, 
 2DIAGNOSTIC,    30, -5.661573565819e-01, 1.369387956807e-06, 3.2401e+00, 3.2617e-02, 
 2DIAGNOSTIC,    31, -5.661435664982e-01, 1.251138378018e-06, 3.2694e+00, 2.9249e-02, 
 2DIAGNOSTIC,    32, -5.661505183464e-01, 1.209844015970e-06, 3.3014e+00, 3.1998e-02, 
 2DIAGNOSTIC,    33, -5.661473235303e-01, 1.161322995873e-06, 3.3305e+00, 2.9113e-02, 
DIAGNOSTIC,Iteration,metricValue,convergenceValue,ITERATION_TIME_INDEX,SINCE_LAST
 2DIAGNOSTIC,     1, -5.039660964328e-01, 1.797693134862e+308, 4.5768e+00, 1.2463e+00, 
 2DIAGNOSTIC,     2, -5.041086044731e-01, 1.797693134862e+308, 4.8528e+00, 2.7603e-01, 
 2DIAGNOSTIC,     3, -5.041901309241e-01, 1.797693134862e+308, 5.1199e+00, 2.6709e-01, 
 2DIAGNOSTIC,     4, -5.042450343994e-01, 1.797693134862e+308, 5.3990e+00, 2.7907e-01, 
 2DIAGNOSTIC,     5, -5.043465662194e-01, 1.797693134862e+308, 5.9072e+00, 5.0823e-01, 
 2DIAGNOSTIC,     6, -5.043478718473e-01, 1.797693134862e+308, 6.2304e+00, 3.2322e-01, 
 2DIAGNOSTIC,     7, -5.043465590118e-01, 1.797693134862e+308, 6.5448e+00, 3.1438e-01, 
 2DIAGNOSTIC,     8, -5.043445897137e-01, 1.797693134862e+308, 6.8126e+00, 2.6780e-01, 
 2DIAGNOSTIC,     9, -5.043499068648e-01, 1.797693134862e+308, 7.1586e+00, 3.4597e-01, 
 2DIAGNOSTIC,    10, -5.043515893491e-01, 4.558500745297e-05, 7.4635e+00, 3.0494e-01, 
 2DIAGNOSTIC,    11, -5.043495243704e-01, 2.617796341682e-05, 7.7645e+00, 3.0098e-01, 
 2DIAGNOSTIC,    12, -5.043477924407e-01, 1.453788047752e-05, 8.0690e+00, 3.0453e-01, 
 2DIAGNOSTIC,    13, -5.043488723291e-01, 7.185627016015e-06, 8.3573e+00, 2.8822e-01, 
 2DIAGNOSTIC,    14, -5.043478089640e-01, 2.496410140149e-06, 8.6459e+00, 2.8867e-01, 
 2DIAGNOSTIC,    15, -5.043498656550e-01, 2.299950514539e-06, 8.9705e+00, 3.2455e-01, 
 2DIAGNOSTIC,    16, -5.043489251834e-01, 2.127372531011e-06, 9.2514e+00, 2.8089e-01, 
 2DIAGNOSTIC,    17, -5.043467153440e-01, 1.852658336132e-06, 9.4939e+00, 2.4250e-01, 
 2DIAGNOSTIC,    18, -5.043477063145e-01, 1.576804814933e-06, 9.7971e+00, 3.0329e-01, 
 2DIAGNOSTIC,    19, -5.043477599353e-01, 1.502047201431e-06, 1.0091e+01, 2.9435e-01, 
 2DIAGNOSTIC,    20, -5.043487404796e-01, 1.525906864835e-06, 1.0361e+01, 2.6990e-01, 
 2DIAGNOSTIC,    21, -5.043475780288e-01, 1.468269174319e-06, 1.0657e+01, 2.9542e-01, 
 2DIAGNOSTIC,    22, -5.043504927087e-01, 1.452381981695e-06, 1.0940e+01, 2.8307e-01, 
 2DIAGNOSTIC,    23, -5.043520196192e-01, 1.499927906830e-06, 1.1206e+01, 2.6659e-01, 
 2DIAGNOSTIC,    24, -5.043529108075e-01, 1.525181476093e-06, 1.1480e+01, 2.7365e-01, 
 2DIAGNOSTIC,    25, -5.043559828147e-01, 1.646279468560e-06, 1.1744e+01, 2.6377e-01, 
 2DIAGNOSTIC,    26, -5.043580818144e-01, 1.748642013362e-06, 1.1996e+01, 2.5171e-01, 
 2DIAGNOSTIC,    27, -5.043584830090e-01, 1.754733267613e-06, 1.2217e+01, 2.2166e-01, 
 2DIAGNOSTIC,    28, -5.043588466602e-01, 1.733582154488e-06, 1.2468e+01, 2.5089e-01, 
 2DIAGNOSTIC,    29, -5.043675456016e-01, 1.827579611674e-06, 1.2712e+01, 2.4421e-01, 
 2DIAGNOSTIC,    30, -5.043717251624e-01, 1.939259595359e-06, 1.2981e+01, 2.6878e-01, 
 2DIAGNOSTIC,    31, -5.043777347018e-01, 2.046690975054e-06, 1.3248e+01, 2.6651e-01, 
 2DIAGNOSTIC,    32, -5.043784204814e-01, 2.114491110587e-06, 1.3525e+01, 2.7695e-01, 
 2DIAGNOSTIC,    33, -5.043779767070e-01, 2.092569297604e-06, 1.3765e+01, 2.4012e-01, 
 2DIAGNOSTIC,    34, -5.043814062167e-01, 2.034730999370e-06, 1.4006e+01, 2.4152e-01, 
 2DIAGNOSTIC,    35, -5.043902666281e-01, 2.063577368934e-06, 1.4278e+01, 2.7165e-01, 
 2DIAGNOSTIC,    36, -5.044023397289e-01, 2.199660642944e-06, 1.4522e+01, 2.4412e-01, 
 2DIAGNOSTIC,    37, -5.044172164133e-01, 2.435028395351e-06, 1.4768e+01, 2.4571e-01, 
 2DIAGNOSTIC,    38, -5.044493772965e-01, 2.986663447852e-06, 1.5019e+01, 2.5094e-01, 
 2DIAGNOSTIC,    39, -5.045032881448e-01, 4.200108364511e-06, 1.5278e+01, 2.5913e-01, 
 2DIAGNOSTIC,    40, -5.045324458558e-01, 5.481551180062e-06, 1.5785e+01, 5.0680e-01, 
 2DIAGNOSTIC,    41, -5.045438126194e-01, 6.493158233225e-06, 1.6070e+01, 2.8528e-01, 
 2DIAGNOSTIC,    42, -5.045428240064e-01, 6.915821473698e-06, 1.6360e+01, 2.8968e-01, 
 2DIAGNOSTIC,    43, -5.045391371805e-01, 6.676922655647e-06, 1.6645e+01, 2.8548e-01, 
 2DIAGNOSTIC,    44, -5.045386602488e-01, 5.909872882782e-06, 1.6928e+01, 2.8313e-01, 
 2DIAGNOSTIC,    45, -5.045401176426e-01, 4.804728519017e-06, 1.7170e+01, 2.4190e-01, 
 2DIAGNOSTIC,    46, -5.045427406226e-01, 3.540914456406e-06, 1.7418e+01, 2.4752e-01, 
 2DIAGNOSTIC,    47, -5.045443646965e-01, 2.257475489816e-06, 1.7690e+01, 2.7236e-01, 
 2DIAGNOSTIC,    48, -5.045372840769e-01, 1.159640977157e-06, 1.7971e+01, 2.8065e-01, 
DIAGNOSTIC,Iteration,metricValue,convergenceValue,ITERATION_TIME_INDEX,SINCE_LAST
 2DIAGNOSTIC,     1, -4.671865368475e-01, 1.797693134862e+308, 2.0706e+01, 2.7350e+00, 
 2DIAGNOSTIC,     2, -4.673266907401e-01, 1.797693134862e+308, 2.2514e+01, 1.8083e+00, 
 2DIAGNOSTIC,     3, -4.673323853387e-01, 1.797693134862e+308, 2.4496e+01, 1.9822e+00, 
 2DIAGNOSTIC,     4, -4.673332023291e-01, 1.797693134862e+308, 2.6596e+01, 2.1000e+00, 
 2DIAGNOSTIC,     5, -4.673332775464e-01, 1.797693134862e+308, 2.8713e+01, 2.1167e+00, 
 2DIAGNOSTIC,     6, -4.673328606901e-01, 1.797693134862e+308, 3.0352e+01, 1.6390e+00, 
 2DIAGNOSTIC,     7, -4.673323422643e-01, 1.797693134862e+308, 3.2045e+01, 1.6930e+00, 
 2DIAGNOSTIC,     8, -4.673320558378e-01, 1.797693134862e+308, 3.3958e+01, 1.9129e+00, 
 2DIAGNOSTIC,     9, -4.673315507311e-01, 1.797693134862e+308, 3.5462e+01, 1.5041e+00, 
 2DIAGNOSTIC,    10, -4.673314618862e-01, 1.221057922896e-05, 3.7232e+01, 1.7704e+00, 
 2DIAGNOSTIC,    11, -4.673318926559e-01, 3.034510773464e-06, 3.8753e+01, 1.5205e+00, 
 2DIAGNOSTIC,    12, -4.673314922350e-01, 2.449646319111e-06, 4.0556e+01, 1.8031e+00, 
 2DIAGNOSTIC,    13, -4.673313935156e-01, 2.234467578591e-06, 4.2209e+01, 1.6536e+00, 
 2DIAGNOSTIC,    14, -4.673312941572e-01, 2.100475706396e-06, 4.3752e+01, 1.5429e+00, 
 2DIAGNOSTIC,    15, -4.673310898056e-01, 1.994706866529e-06, 4.5443e+01, 1.6904e+00, 
 2DIAGNOSTIC,    16, -4.673310916989e-01, 1.897970687739e-06, 4.6968e+01, 1.5252e+00, 
 2DIAGNOSTIC,    17, -4.673311971639e-01, 1.806217580558e-06, 4.8480e+01, 1.5116e+00, 
 2DIAGNOSTIC,    18, -4.673310976653e-01, 1.718220663444e-06, 5.0021e+01, 1.5416e+00, 
 2DIAGNOSTIC,    19, -4.673317268699e-01, 1.648262710791e-06, 5.1574e+01, 1.5530e+00, 
 2DIAGNOSTIC,    20, -4.673319425313e-01, 1.590583060880e-06, 5.2984e+01, 1.4094e+00, 
 2DIAGNOSTIC,    21, -4.673319641508e-01, 1.551747176289e-06, 5.4866e+01, 1.8827e+00, 
 2DIAGNOSTIC,    22, -4.673320809642e-01, 1.505402462500e-06, 5.6476e+01, 1.6093e+00, 
 2DIAGNOSTIC,    23, -4.673317792649e-01, 1.446929360500e-06, 5.8047e+01, 1.5717e+00, 
 2DIAGNOSTIC,    24, -4.673315777239e-01, 1.379893265326e-06, 5.9697e+01, 1.6495e+00, 
 2DIAGNOSTIC,    25, -4.673316848473e-01, 1.310680871794e-06, 6.1202e+01, 1.5056e+00, 
 2DIAGNOSTIC,    26, -4.673316893823e-01, 1.243203715834e-06, 6.2570e+01, 1.3674e+00, 
 2DIAGNOSTIC,    27, -4.673315917208e-01, 1.179288310074e-06, 6.4094e+01, 1.5237e+00, 
 2DIAGNOSTIC,    28, -4.673319052416e-01, 1.124369483747e-06, 6.5649e+01, 1.5554e+00, 
 2DIAGNOSTIC,    29, -4.673318051456e-01, 1.085231597767e-06, 6.7039e+01, 1.3902e+00, 
 2DIAGNOSTIC,    30, -4.673315000699e-01, 1.047991397815e-06, 6.8549e+01, 1.5096e+00, 
 2DIAGNOSTIC,    31, -4.673317165116e-01, 1.019036997535e-06, 7.0227e+01, 1.6787e+00, 
  Elapsed time (stage 0): 7.1061e+01


Total elapsed time: 7.1063e+01
Info [verificarlo]: loaded backend libinterflop_vprec.so
Info [interflop-vprec]: load backend with: 
Info [interflop-vprec]: precision-binary32 = 21
Info [interflop-vprec]: range-binary32 = 7
Info [interflop-vprec]: precision-binary64 = 21
Info [interflop-vprec]: range-binary64 = 7
Info [interflop-vprec]: mode = ob
Info [interflop-vprec]: error-mode = rel
Info [interflop-vprec]: max-abs-error-exponent = -1022
Info [interflop-vprec]: daz = false
Info [interflop-vprec]: ftz = false
Info [interflop-vprec]: 	instrument = none
Info [interflop-vprec]: 	prec-input-file = (null)
Info [interflop-vprec]: 	prec-output-file = (null)
Info [interflop-vprec]: 	prec-log-file = (null)
All_Command_lines_OK
Using double precision for computations.
=============================================================================
The composite transform comprises the following transforms (in order): 
  1. /home/mdugre/scratch/mri-registration-rp/datasets/ds004513/derivatives/mri-registration-rp/0011/antsRegistration-r7-p21/sub-s035/rigid_Composite.h5[0] (type = Euler3DTransform)
  2. /home/mdugre/scratch/mri-registration-rp/datasets/ds004513/derivatives/mri-registration-rp/0011/antsRegistration-r7-p21/sub-s035/rigid_Composite.h5[1] (type = Euler3DTransform)
  3. /home/mdugre/scratch/mri-registration-rp/datasets/ds004513/derivatives/mri-registration-rp/0011/antsRegistration-r7-p21/sub-s035/rigid_Composite.h5[2] (type = Euler3DTransform)
=============================================================================
  number of levels = 4
  fixed image: /templateflow/tpl-MNI152NLin2009cAsym/tpl-MNI152NLin2009cAsym_res-01_desc-brain_T1w.nii.gz
  moving image: /home/mdugre/scratch/mri-registration-rp/datasets/ds004513/derivatives/mri-registration-rp/antsBrainExtraction/sub-s035/BrainExtractionBrain.nii.gz
Dimension = 3
Number of stages = 1
Use histogram matching = false
Winsorize image intensities = true
  Lower quantile = 0.005
  Upper quantile = 0.995


Stage 1 State
   Image metric = MattesMI
     Fixed image = Image (0x51b4490)
  RTTI typeinfo:   itk::Image<double, 3u>
  Reference Count: 2
  Modified Time: 1592
  Debug: Off
  Object Name: 
  Observers: 
    none
  Source: (none)
  Source output name: (none)
  Release Data: Off
  Data Released: False
  Global Release Data: Off
  PipelineMTime: 0
  UpdateMTime: 1203
  RealTimeStamp: 0 seconds 
  LargestPossibleRegion: 
    Dimension: 3
    Index: [0, 0, 0]
    Size: [193, 229, 193]
  BufferedRegion: 
    Dimension: 3
    Index: [0, 0, 0]
    Size: [193, 229, 193]
  RequestedRegion: 
    Dimension: 3
    Index: [0, 0, 0]
    Size: [193, 229, 193]
  Spacing: [1, 1, 1]
  Origin: [96, 132, -78]
  Direction: 
-1 0 0
0 -1 0
0 0 1

  IndexToPointMatrix: 
-1 0 0
0 -1 0
0 0 1

  PointToIndexMatrix: 
-1 0 0
0 -1 0
0 0 1

  Inverse Direction: 
-1 0 0
0 -1 0
0 0 1

  PixelContainer: 
    ImportImageContainer (0x527f8c0)
      RTTI typeinfo:   itk::ImportImageContainer<unsigned long, double>
      Reference Count: 1
      Modified Time: 1200
      Debug: Off
      Object Name: 
      Observers: 
        none
      Pointer: 0x152e48859010
      Container manages memory: true
      Size: 8530021
      Capacity: 8530021

     Moving image = Image (0x526fb60)
  RTTI typeinfo:   itk::Image<double, 3u>
  Reference Count: 2
  Modified Time: 1593
  Debug: Off
  Object Name: 
  Observers: 
    none
  Source: (none)
  Source output name: (none)
  Release Data: Off
  Data Released: False
  Global Release Data: Off
  PipelineMTime: 0
  UpdateMTime: 1590
  RealTimeStamp: 0 seconds 
  LargestPossibleRegion: 
    Dimension: 3
    Index: [0, 0, 0]
    Size: [160, 240, 256]
  BufferedRegion: 
    Dimension: 3
    Index: [0, 0, 0]
    Size: [160, 240, 256]
  RequestedRegion: 
    Dimension: 3
    Index: [0, 0, 0]
    Size: [160, 240, 256]
  Spacing: [1, 1, 1]
  Origin: [98.6437, 87.6358, -117.989]
  Direction: 
-0.993515 -0.100993 -0.0522355
0.100854 -0.994887 0.00530255
-0.0525039 1.93537e-08 0.998621

  IndexToPointMatrix: 
-0.993515 -0.100993 -0.0522355
0.100854 -0.994887 0.00530255
-0.0525039 1.93537e-08 0.998621

  PointToIndexMatrix: 
-0.993515 0.100854 -0.0525039
-0.100993 -0.994887 1.19209e-07
-0.0522355 0.00530267 0.998621

  Inverse Direction: 
-0.993515 0.100854 -0.0525039
-0.100993 -0.994887 1.19209e-07
-0.0522355 0.00530267 0.998621

  PixelContainer: 
    ImportImageContainer (0x53031d0)
      RTTI typeinfo:   itk::ImportImageContainer<unsigned long, double>
      Reference Count: 1
      Modified Time: 1587
      Debug: Off
      Object Name: 
      Observers: 
        none
      Pointer: 0x152e43d58010
      Container manages memory: true
      Size: 9830400
      Capacity: 9830400

     Weighting = 1
     Sampling strategy = regular
     Number of bins = 32
     Radius = 4
     Sampling percentage  = 0.25
   Transform = Affine
     Gradient step = 0.1
     Update field sigma (voxel space) = 0
     Total field sigma (voxel space) = 0
     Update field time sigma = 0
     Total field time sigma  = 0
     Number of time indices = 0
     Number of time point samples = 0
Registration using 1 total stages.

Stage 0
  iterations = 1000x500x250x100
  convergence threshold = 1e-06
  convergence window size = 10
  number of levels = 4
  using the Mattes MI metric (number of bins = 32, weight = 1, use gradient filter = 0)
  preprocessing:  winsorizing the image intensities
  Shrink factors (level 1 out of 4): [8, 8, 8]
  Shrink factors (level 2 out of 4): [4, 4, 4]
  Shrink factors (level 3 out of 4): [2, 2, 2]
  Shrink factors (level 4 out of 4): [1, 1, 1]
  smoothing sigmas per level: [3, 2, 1, 0]
  regular sampling (percentage = 0.25)

*** Running AffineTransform registration ***

DIAGNOSTIC,Iteration,metricValue,convergenceValue,ITERATION_TIME_INDEX,SINCE_LAST
 2DIAGNOSTIC,     1, -6.772848478684e-01, 1.797693134862e+308, 0.0000e+00, 0.0000e+00, 
 2DIAGNOSTIC,     2, -6.795632633922e-01, 1.797693134862e+308, 0.0000e+00, 0.0000e+00, 
 2DIAGNOSTIC,     3, -6.835728760412e-01, 1.797693134862e+308, 0.0000e+00, 0.0000e+00, 
 2DIAGNOSTIC,     4, -6.910314828844e-01, 1.797693134862e+308, 0.0000e+00, 0.0000e+00, 
 2DIAGNOSTIC,     5, -7.007047726763e-01, 1.797693134862e+308, 0.0000e+00, 0.0000e+00, 
 2DIAGNOSTIC,     6, -7.129728508805e-01, 1.797693134862e+308, 0.0000e+00, 0.0000e+00, 
 2DIAGNOSTIC,     7, -7.363015172471e-01, 1.797693134862e+308, 0.0000e+00, 0.0000e+00, 
 2DIAGNOSTIC,     8, -7.380097280942e-01, 1.797693134862e+308, 0.0000e+00, 0.0000e+00, 
 2DIAGNOSTIC,     9, -7.415523456616e-01, 1.797693134862e+308, 0.0000e+00, 0.0000e+00, 
 2DIAGNOSTIC,    10, -7.445453913236e-01, 7.314721526128e-03, 0.0000e+00, 0.0000e+00, 
 2DIAGNOSTIC,    11, -7.446338842947e-01, 6.341534242029e-03, 0.0000e+00, 0.0000e+00, 
 2DIAGNOSTIC,    12, -7.447725571330e-01, 5.043192967573e-03, 0.0000e+00, 0.0000e+00, 
 2DIAGNOSTIC,    13, -7.449855670783e-01, 3.627187305206e-03, 0.0000e+00, 0.0000e+00, 
 2DIAGNOSTIC,    14, -7.453103215365e-01, 2.316112081063e-03, 0.0000e+00, 0.0000e+00, 
 2DIAGNOSTIC,    15, -7.457692146311e-01, 1.237646084117e-03, 0.0000e+00, 0.0000e+00, 
 2DIAGNOSTIC,    16, -7.463410006957e-01, 4.852933122249e-04, 0.0000e+00, 0.0000e+00, 
 2DIAGNOSTIC,    17, -7.466011820395e-01, 3.244373150372e-04, 0.0000e+00, 0.0000e+00, 
 2DIAGNOSTIC,    18, -7.466106285450e-01, 1.882039890820e-04, 0.0000e+00, 0.0000e+00, 
 2DIAGNOSTIC,    19, -7.466514774400e-01, 1.215451048866e-04, 0.0000e+00, 0.0000e+00, 
 2DIAGNOSTIC,    20, -7.464704238295e-01, 1.053743586514e-04, 0.0000e+00, 0.0000e+00, 
 2DIAGNOSTIC,    21, -7.464124029361e-01, 8.164478551638e-05, 0.0000e+00, 0.0000e+00, 
 2DIAGNOSTIC,    22, -7.462394992692e-01, 5.202606283154e-05, 0.0000e+00, 0.0000e+00, 
 2DIAGNOSTIC,    23, -7.462779887625e-01, 2.466147047938e-05, 0.0000e+00, 0.0000e+00, 
 2DIAGNOSTIC,    24, -7.462228452442e-01, 1.713262983163e-06, 0.0000e+00, 0.0000e+00, 
DIAGNOSTIC,Iteration,metricValue,convergenceValue,ITERATION_TIME_INDEX,SINCE_LAST
 2DIAGNOSTIC,     1, -6.102846391099e-01, 1.797693134862e+308, 0.0000e+00, 0.0000e+00, 
 2DIAGNOSTIC,     2, -6.106559960880e-01, 1.797693134862e+308, 0.0000e+00, 0.0000e+00, 
 2DIAGNOSTIC,     3, -6.109798704411e-01, 1.797693134862e+308, 0.0000e+00, 0.0000e+00, 
 2DIAGNOSTIC,     4, -6.113976851452e-01, 1.797693134862e+308, 0.0000e+00, 0.0000e+00, 
 2DIAGNOSTIC,     5, -6.119766533281e-01, 1.797693134862e+308, 0.0000e+00, 0.0000e+00, 
 2DIAGNOSTIC,     6, -6.122002968123e-01, 1.797693134862e+308, 0.0000e+00, 0.0000e+00, 
 2DIAGNOSTIC,     7, -6.121691501676e-01, 1.797693134862e+308, 0.0000e+00, 0.0000e+00, 
 2DIAGNOSTIC,     8, -6.121805279900e-01, 1.797693134862e+308, 0.0000e+00, 0.0000e+00, 
 2DIAGNOSTIC,     9, -6.121759030591e-01, 1.797693134862e+308, 0.0000e+00, 0.0000e+00, 
 2DIAGNOSTIC,    10, -6.121842296116e-01, 2.107831776849e-04, 0.0000e+00, 0.0000e+00, 
 2DIAGNOSTIC,    11, -6.121475869381e-01, 1.372294461813e-04, 0.0000e+00, 0.0000e+00, 
 2DIAGNOSTIC,    12, -6.122342156031e-01, 8.185949549688e-05, 0.0000e+00, 0.0000e+00, 
 2DIAGNOSTIC,    13, -6.123076768900e-01, 4.191301683837e-05, 0.0000e+00, 0.0000e+00, 
 2DIAGNOSTIC,    14, -6.123337299015e-01, 1.828913144790e-05, 0.0000e+00, 0.0000e+00, 
 2DIAGNOSTIC,    15, -6.123480751265e-01, 1.457357611473e-05, 0.0000e+00, 0.0000e+00, 
 2DIAGNOSTIC,    16, -6.123439848951e-01, 1.662241390338e-05, 0.0000e+00, 0.0000e+00, 
 2DIAGNOSTIC,    17, -6.123339158455e-01, 1.592622258999e-05, 0.0000e+00, 0.0000e+00, 
 2DIAGNOSTIC,    18, -6.123280053544e-01, 1.411037641828e-05, 0.0000e+00, 0.0000e+00, 
 2DIAGNOSTIC,    19, -6.123226539467e-01, 1.109711703676e-05, 0.0000e+00, 0.0000e+00, 
 2DIAGNOSTIC,    20, -6.123174124540e-01, 7.648751263890e-06, 0.0000e+00, 0.0000e+00, 
