
##########################
# Experiment information #
##########################

EXPERIMENT_NAME: antsRegistration-r7-p20
VFC_BACKENDS: libinterflop_vprec.so --range-binary32=7 --precision-binary32=20 --range-binary64=7 --precision-binary64=20

SIF_IMG: /home/mdugre/projects/rrg-glatard/mdugre/containers/ants-vprec-no_metrics.simg

SUBJECT_ID: s032
INPUT_IMG: /home/mdugre/scratch/mri-registration-rp/datasets/ds004513/derivatives/mri-registration-rp/antsBrainExtraction/sub-s032/BrainExtractionBrain.nii.gz
OUTPUT_DIR: /home/mdugre/scratch/mri-registration-rp/datasets/ds004513/derivatives/mri-registration-rp/0011/antsRegistration-r7-p20/sub-s032

FIXED_IMG: /templateflow/tpl-MNI152NLin2009cAsym/tpl-MNI152NLin2009cAsym_res-01_desc-brain_T1w.nii.gz
DATA_DIR: /home/mdugre/scratch/mri-registration-rp/datasets/ds004513
TEMPLATEFLOW_DIR: /home/mdugre/projects/rrg-glatard/mdugre/templateflow
ITK_GLOBAL_DEFAULT_NUMBER_OF_THREADS: 16
##########################

Info [verificarlo]: loaded backend libinterflop_ieee.so
Info [interflop-ieee]: load backend with:
Info [interflop-ieee]: debug = false
Info [interflop-ieee]: debug-binary = false
Info [interflop-ieee]: no-backend-name = false
Info [interflop-ieee]: print-new-line = false
Info [interflop-ieee]: print-subnormal-normalized = false
Info [interflop-ieee]: count-op = false
All_Command_lines_OK
Using double precision for computations.
=============================================================================
The composite transform comprises the following transforms (in order): 
  1. Center of mass alignment using fixed image: /templateflow/tpl-MNI152NLin2009cAsym/tpl-MNI152NLin2009cAsym_res-01_desc-brain_T1w.nii.gz and moving image: /home/mdugre/scratch/mri-registration-rp/datasets/ds004513/derivatives/mri-registration-rp/antsBrainExtraction/sub-s032/BrainExtractionBrain.nii.gz (type = Euler3DTransform)
=============================================================================
  number of levels = 1
  fixed image: /templateflow/tpl-MNI152NLin2009cAsym/tpl-MNI152NLin2009cAsym_res-01_desc-brain_T1w.nii.gz
  moving image: /home/mdugre/scratch/mri-registration-rp/datasets/ds004513/derivatives/mri-registration-rp/antsBrainExtraction/sub-s032/BrainExtractionBrain.nii.gz
Dimension = 3
Number of stages = 1
Use histogram matching = false
Winsorize image intensities = true
  Lower quantile = 0.005
  Upper quantile = 0.995


Stage 1 State
   Image metric = MattesMI
     Fixed image = Image (0x4b19e70)
  RTTI typeinfo:   itk::Image<double, 3u>
  Reference Count: 2
  Modified Time: 2330
  Debug: Off
  Object Name: 
  Observers: 
    none
  Source: (none)
  Source output name: (none)
  Release Data: Off
  Data Released: False
  Global Release Data: Off
  PipelineMTime: 0
  UpdateMTime: 1941
  RealTimeStamp: 0 seconds 
  LargestPossibleRegion: 
    Dimension: 3
    Index: [0, 0, 0]
    Size: [193, 229, 193]
  BufferedRegion: 
    Dimension: 3
    Index: [0, 0, 0]
    Size: [193, 229, 193]
  RequestedRegion: 
    Dimension: 3
    Index: [0, 0, 0]
    Size: [193, 229, 193]
  Spacing: [1, 1, 1]
  Origin: [96, 132, -78]
  Direction: 
-1 0 0
0 -1 0
0 0 1

  IndexToPointMatrix: 
-1 0 0
0 -1 0
0 0 1

  PointToIndexMatrix: 
-1 0 0
0 -1 0
0 0 1

  Inverse Direction: 
-1 0 0
0 -1 0
0 0 1

  PixelContainer: 
    ImportImageContainer (0x4b22c60)
      RTTI typeinfo:   itk::ImportImageContainer<unsigned long, double>
      Reference Count: 1
      Modified Time: 1938
      Debug: Off
      Object Name: 
      Observers: 
        none
      Pointer: 0x153ec4bf7010
      Container manages memory: true
      Size: 8530021
      Capacity: 8530021

     Moving image = Image (0x4bb6ec0)
  RTTI typeinfo:   itk::Image<double, 3u>
  Reference Count: 2
  Modified Time: 2331
  Debug: Off
  Object Name: 
  Observers: 
    none
  Source: (none)
  Source output name: (none)
  Release Data: Off
  Data Released: False
  Global Release Data: Off
  PipelineMTime: 0
  UpdateMTime: 2328
  RealTimeStamp: 0 seconds 
  LargestPossibleRegion: 
    Dimension: 3
    Index: [0, 0, 0]
    Size: [160, 240, 256]
  BufferedRegion: 
    Dimension: 3
    Index: [0, 0, 0]
    Size: [160, 240, 256]
  RequestedRegion: 
    Dimension: 3
    Index: [0, 0, 0]
    Size: [160, 240, 256]
  Spacing: [1, 1, 1]
  Origin: [73.279, 104.707, -131.187]
  Direction: 
-0.997527 0.0645574 -0.0278053
-0.0645323 -0.997914 -0.00179875
-0.0278634 4.01097e-08 0.999612

  IndexToPointMatrix: 
-0.997527 0.0645574 -0.0278053
-0.0645323 -0.997914 -0.00179875
-0.0278634 4.01097e-08 0.999612

  PointToIndexMatrix: 
-0.997527 -0.0645323 -0.0278634
0.0645574 -0.997914 4.01049e-08
-0.0278053 -0.00179875 0.999612

  Inverse Direction: 
-0.997527 -0.0645323 -0.0278634
0.0645574 -0.997914 4.01049e-08
-0.0278053 -0.00179875 0.999612

  PixelContainer: 
    ImportImageContainer (0x4c4e610)
      RTTI typeinfo:   itk::ImportImageContainer<unsigned long, double>
      Reference Count: 1
      Modified Time: 2325
      Debug: Off
      Object Name: 
      Observers: 
        none
      Pointer: 0x153ec00f6010
      Container manages memory: true
      Size: 9830400
      Capacity: 9830400

     Weighting = 1
     Sampling strategy = regular
     Number of bins = 32
     Radius = 4
     Sampling percentage  = 0.25
   Transform = Rigid
     Gradient step = 0.1
     Update field sigma (voxel space) = 0
     Total field sigma (voxel space) = 0
     Update field time sigma = 0
     Total field time sigma  = 0
     Number of time indices = 0
     Number of time point samples = 0
Registration using 1 total stages.

Stage 0
  iterations = 0
  convergence threshold = 1e-06
  convergence window size = 10
  number of levels = 1
  using the Mattes MI metric (number of bins = 32, weight = 1, use gradient filter = 0)
  preprocessing:  winsorizing the image intensities
  Shrink factors (level 1 out of 1): [1, 1, 1]
  smoothing sigmas per level: [0]
  regular sampling (percentage = 0.25)

*** Running Euler3DTransform registration ***

  Elapsed time (stage 0): 1.14


Total elapsed time: 1.14208
Info [verificarlo]: loaded backend libinterflop_ieee.so
Info [interflop-ieee]: load backend with:
Info [interflop-ieee]: debug = false
Info [interflop-ieee]: debug-binary = false
Info [interflop-ieee]: no-backend-name = false
Info [interflop-ieee]: print-new-line = false
Info [interflop-ieee]: print-subnormal-normalized = false
Info [interflop-ieee]: count-op = false
All_Command_lines_OK
Using double precision for computations.
=============================================================================
The composite transform comprises the following transforms (in order): 
  1. /home/mdugre/scratch/mri-registration-rp/datasets/ds004513/derivatives/mri-registration-rp/0011/antsRegistration-r7-p20/sub-s032/align_Composite.h5[0] (type = Euler3DTransform)
  2. /home/mdugre/scratch/mri-registration-rp/datasets/ds004513/derivatives/mri-registration-rp/0011/antsRegistration-r7-p20/sub-s032/align_Composite.h5[1] (type = Euler3DTransform)
=============================================================================
  number of levels = 4
  fixed image: /templateflow/tpl-MNI152NLin2009cAsym/tpl-MNI152NLin2009cAsym_res-01_desc-brain_T1w.nii.gz
  moving image: /home/mdugre/scratch/mri-registration-rp/datasets/ds004513/derivatives/mri-registration-rp/antsBrainExtraction/sub-s032/BrainExtractionBrain.nii.gz
Dimension = 3
Number of stages = 1
Use histogram matching = false
Winsorize image intensities = true
  Lower quantile = 0.005
  Upper quantile = 0.995


Stage 1 State
   Image metric = MattesMI
     Fixed image = Image (0x37d6530)
  RTTI typeinfo:   itk::Image<double, 3u>
  Reference Count: 2
  Modified Time: 1578
  Debug: Off
  Object Name: 
  Observers: 
    none
  Source: (none)
  Source output name: (none)
  Release Data: Off
  Data Released: False
  Global Release Data: Off
  PipelineMTime: 0
  UpdateMTime: 1189
  RealTimeStamp: 0 seconds 
  LargestPossibleRegion: 
    Dimension: 3
    Index: [0, 0, 0]
    Size: [193, 229, 193]
  BufferedRegion: 
    Dimension: 3
    Index: [0, 0, 0]
    Size: [193, 229, 193]
  RequestedRegion: 
    Dimension: 3
    Index: [0, 0, 0]
    Size: [193, 229, 193]
  Spacing: [1, 1, 1]
  Origin: [96, 132, -78]
  Direction: 
-1 0 0
0 -1 0
0 0 1

  IndexToPointMatrix: 
-1 0 0
0 -1 0
0 0 1

  PointToIndexMatrix: 
-1 0 0
0 -1 0
0 0 1

  Inverse Direction: 
-1 0 0
0 -1 0
0 0 1

  PixelContainer: 
    ImportImageContainer (0x3894d60)
      RTTI typeinfo:   itk::ImportImageContainer<unsigned long, double>
      Reference Count: 1
      Modified Time: 1186
      Debug: Off
      Object Name: 
      Observers: 
        none
      Pointer: 0x145eac694010
      Container manages memory: true
      Size: 8530021
      Capacity: 8530021

     Moving image = Image (0x3886f60)
  RTTI typeinfo:   itk::Image<double, 3u>
  Reference Count: 2
  Modified Time: 1579
  Debug: Off
  Object Name: 
  Observers: 
    none
  Source: (none)
  Source output name: (none)
  Release Data: Off
  Data Released: False
  Global Release Data: Off
  PipelineMTime: 0
  UpdateMTime: 1576
  RealTimeStamp: 0 seconds 
  LargestPossibleRegion: 
    Dimension: 3
    Index: [0, 0, 0]
    Size: [160, 240, 256]
  BufferedRegion: 
    Dimension: 3
    Index: [0, 0, 0]
    Size: [160, 240, 256]
  RequestedRegion: 
    Dimension: 3
    Index: [0, 0, 0]
    Size: [160, 240, 256]
  Spacing: [1, 1, 1]
  Origin: [73.279, 104.707, -131.187]
  Direction: 
-0.997527 0.0645574 -0.0278053
-0.0645323 -0.997914 -0.00179875
-0.0278634 4.01097e-08 0.999612

  IndexToPointMatrix: 
-0.997527 0.0645574 -0.0278053
-0.0645323 -0.997914 -0.00179875
-0.0278634 4.01097e-08 0.999612

  PointToIndexMatrix: 
-0.997527 -0.0645323 -0.0278634
0.0645574 -0.997914 4.01049e-08
-0.0278053 -0.00179875 0.999612

  Inverse Direction: 
-0.997527 -0.0645323 -0.0278634
0.0645574 -0.997914 4.01049e-08
-0.0278053 -0.00179875 0.999612

  PixelContainer: 
    ImportImageContainer (0x38786d0)
      RTTI typeinfo:   itk::ImportImageContainer<unsigned long, double>
      Reference Count: 1
      Modified Time: 1573
      Debug: Off
      Object Name: 
      Observers: 
        none
      Pointer: 0x145ea7b93010
      Container manages memory: true
      Size: 9830400
      Capacity: 9830400

     Weighting = 1
     Sampling strategy = regular
     Number of bins = 32
     Radius = 4
     Sampling percentage  = 0.25
   Transform = Rigid
     Gradient step = 0.1
     Update field sigma (voxel space) = 0
     Total field sigma (voxel space) = 0
     Update field time sigma = 0
     Total field time sigma  = 0
     Number of time indices = 0
     Number of time point samples = 0
Registration using 1 total stages.

Stage 0
  iterations = 1000x500x250x100
  convergence threshold = 1e-06
  convergence window size = 10
  number of levels = 4
  using the Mattes MI metric (number of bins = 32, weight = 1, use gradient filter = 0)
  preprocessing:  winsorizing the image intensities
  Shrink factors (level 1 out of 4): [8, 8, 8]
  Shrink factors (level 2 out of 4): [4, 4, 4]
  Shrink factors (level 3 out of 4): [2, 2, 2]
  Shrink factors (level 4 out of 4): [1, 1, 1]
  smoothing sigmas per level: [3, 2, 1, 0]
  regular sampling (percentage = 0.25)

*** Running Euler3DTransform registration ***

DIAGNOSTIC,Iteration,metricValue,convergenceValue,ITERATION_TIME_INDEX,SINCE_LAST
 2DIAGNOSTIC,     1, -5.480496989617e-01, 1.797693134862e+308, 7.4634e-01, 7.4634e-01, 
 2DIAGNOSTIC,     2, -5.506811078454e-01, 1.797693134862e+308, 7.5151e-01, 5.1692e-03, 
 2DIAGNOSTIC,     3, -5.546514955662e-01, 1.797693134862e+308, 7.5607e-01, 4.5600e-03, 
 2DIAGNOSTIC,     4, -5.606863537750e-01, 1.797693134862e+308, 7.6030e-01, 4.2241e-03, 
 2DIAGNOSTIC,     5, -5.693661845193e-01, 1.797693134862e+308, 7.6501e-01, 4.7121e-03, 
 2DIAGNOSTIC,     6, -5.854078830086e-01, 1.797693134862e+308, 7.7000e-01, 4.9949e-03, 
 2DIAGNOSTIC,     7, -6.232769732918e-01, 1.797693134862e+308, 7.7491e-01, 4.9078e-03, 
 2DIAGNOSTIC,     8, -6.297683730473e-01, 1.797693134862e+308, 7.8081e-01, 5.8961e-03, 
 2DIAGNOSTIC,     9, -6.366738733405e-01, 1.797693134862e+308, 7.8873e-01, 7.9181e-03, 
 2DIAGNOSTIC,    10, -6.375630690827e-01, 1.201760866083e-02, 7.9299e-01, 4.2601e-03, 
 2DIAGNOSTIC,    11, -6.405337628679e-01, 1.087684809450e-02, 7.9736e-01, 4.3790e-03, 
 2DIAGNOSTIC,    12, -6.435528997438e-01, 9.167753354490e-03, 8.0188e-01, 4.5178e-03, 
 2DIAGNOSTIC,    13, -6.444720921444e-01, 7.089498731847e-03, 8.0593e-01, 4.0500e-03, 
 2DIAGNOSTIC,    14, -6.463616611293e-01, 4.967892496988e-03, 8.1087e-01, 4.9341e-03, 
 2DIAGNOSTIC,    15, -6.484646963404e-01, 3.033020789043e-03, 8.1804e-01, 7.1709e-03, 
 2DIAGNOSTIC,    16, -6.486009987994e-01, 1.520386367320e-03, 8.2206e-01, 4.0250e-03, 
 2DIAGNOSTIC,    17, -6.493699344760e-01, 1.108203205204e-03, 8.2631e-01, 4.2431e-03, 
 2DIAGNOSTIC,    18, -6.514578195065e-01, 8.586162135985e-04, 8.3038e-01, 4.0779e-03, 
 2DIAGNOSTIC,    19, -6.526592717406e-01, 7.533650369805e-04, 8.3451e-01, 4.1299e-03, 
 2DIAGNOSTIC,    20, -6.536191777189e-01, 6.303067369293e-04, 8.3864e-01, 4.1249e-03, 
 2DIAGNOSTIC,    21, -6.549162298979e-01, 5.534292205380e-04, 8.4293e-01, 4.2880e-03, 
 2DIAGNOSTIC,    22, -6.562385790832e-01, 5.226986103234e-04, 8.4799e-01, 5.0650e-03, 
 2DIAGNOSTIC,    23, -6.565000058113e-01, 4.680180012238e-04, 8.5251e-01, 4.5240e-03, 
 2DIAGNOSTIC,    24, -6.565387353854e-01, 4.101063704209e-04, 8.5714e-01, 4.6248e-03, 
 2DIAGNOSTIC,    25, -6.567702146893e-01, 3.618032093042e-04, 8.6182e-01, 4.6768e-03, 
 2DIAGNOSTIC,    26, -6.583507212369e-01, 3.132611037345e-04, 8.6592e-01, 4.1001e-03, 
 2DIAGNOSTIC,    27, -6.586527568469e-01, 2.554116018356e-04, 8.7002e-01, 4.1039e-03, 
 2DIAGNOSTIC,    28, -6.593310437738e-01, 2.225767143838e-04, 8.7515e-01, 5.1270e-03, 
 2DIAGNOSTIC,    29, -6.595734041655e-01, 1.939316665334e-04, 8.7979e-01, 4.6380e-03, 
 2DIAGNOSTIC,    30, -6.595955819569e-01, 1.634946778526e-04, 8.8439e-01, 4.6089e-03, 
 2DIAGNOSTIC,    31, -6.596949967568e-01, 1.392755860915e-04, 8.8840e-01, 4.0040e-03, 
 2DIAGNOSTIC,    32, -6.597157295313e-01, 1.221677497593e-04, 8.9291e-01, 4.5121e-03, 
 2DIAGNOSTIC,    33, -6.597001423845e-01, 9.820426862769e-05, 8.9944e-01, 6.5331e-03, 
 2DIAGNOSTIC,    34, -6.595254449701e-01, 6.486903006670e-05, 9.0368e-01, 4.2360e-03, 
 2DIAGNOSTIC,    35, -6.595295822810e-01, 3.010817889870e-05, 9.0770e-01, 4.0231e-03, 
 2DIAGNOSTIC,    36, -6.595351297935e-01, 1.424396565790e-05, 9.1175e-01, 4.0460e-03, 
 2DIAGNOSTIC,    37, -6.595409535781e-01, 1.474135168527e-06, 9.1577e-01, 4.0190e-03, 
DIAGNOSTIC,Iteration,metricValue,convergenceValue,ITERATION_TIME_INDEX,SINCE_LAST
 2DIAGNOSTIC,     1, -5.183739626528e-01, 1.797693134862e+308, 1.6238e+00, 7.0799e-01, 
 2DIAGNOSTIC,     2, -5.189226238285e-01, 1.797693134862e+308, 1.6509e+00, 2.7191e-02, 
 2DIAGNOSTIC,     3, -5.196899327351e-01, 1.797693134862e+308, 1.6785e+00, 2.7533e-02, 
 2DIAGNOSTIC,     4, -5.204463662996e-01, 1.797693134862e+308, 1.7067e+00, 2.8242e-02, 
 2DIAGNOSTIC,     5, -5.209979485294e-01, 1.797693134862e+308, 1.7374e+00, 3.0658e-02, 
 2DIAGNOSTIC,     6, -5.216357744177e-01, 1.797693134862e+308, 1.7705e+00, 3.3086e-02, 
 2DIAGNOSTIC,     7, -5.233753714593e-01, 1.797693134862e+308, 1.8057e+00, 3.5240e-02, 
 2DIAGNOSTIC,     8, -5.241119131159e-01, 1.797693134862e+308, 1.8451e+00, 3.9421e-02, 
 2DIAGNOSTIC,     9, -5.247293428582e-01, 1.797693134862e+308, 1.8828e+00, 3.7683e-02, 
 2DIAGNOSTIC,    10, -5.250028241253e-01, 8.899807890007e-04, 1.9142e+00, 3.1429e-02, 
 2DIAGNOSTIC,    11, -5.255570915477e-01, 7.959217971080e-04, 1.9458e+00, 3.1564e-02, 
 2DIAGNOSTIC,    12, -5.289098581035e-01, 8.211614752833e-04, 1.9776e+00, 3.1756e-02, 
 2DIAGNOSTIC,    13, -5.295596025397e-01, 8.231568553439e-04, 2.0084e+00, 3.0815e-02, 
 2DIAGNOSTIC,    14, -5.295253575018e-01, 7.798185715521e-04, 2.0403e+00, 3.1900e-02, 
 2DIAGNOSTIC,    15, -5.301734553753e-01, 7.172057592332e-04, 2.0702e+00, 2.9935e-02, 
 2DIAGNOSTIC,    16, -5.312974496463e-01, 6.544536249055e-04, 2.0978e+00, 2.7574e-02, 
 2DIAGNOSTIC,    17, -5.330531819799e-01, 6.473169787700e-04, 2.1487e+00, 5.0890e-02, 
 2DIAGNOSTIC,    18, -5.331722853062e-01, 6.054634834756e-04, 2.1782e+00, 2.9573e-02, 
 2DIAGNOSTIC,    19, -5.334119885692e-01, 5.389725017149e-04, 2.2055e+00, 2.7237e-02, 
 2DIAGNOSTIC,    20, -5.338316289280e-01, 4.491969913770e-04, 2.2365e+00, 3.1022e-02, 
 2DIAGNOSTIC,    21, -5.362334537094e-01, 3.991090697636e-04, 2.2748e+00, 3.8343e-02, 
 2DIAGNOSTIC,    22, -5.366243464121e-01, 4.057736172317e-04, 2.3028e+00, 2.7999e-02, 
 2DIAGNOSTIC,    23, -5.369881996627e-01, 3.987651451679e-04, 2.3312e+00, 2.8363e-02, 
 2DIAGNOSTIC,    24, -5.378032110067e-01, 3.737587016389e-04, 2.3590e+00, 2.7818e-02, 
 2DIAGNOSTIC,    25, -5.384969308115e-01, 3.438585279019e-04, 2.3982e+00, 3.9191e-02, 
 2DIAGNOSTIC,    26, -5.387593437205e-01, 3.108392213253e-04, 2.4259e+00, 2.7638e-02, 
 2DIAGNOSTIC,    27, -5.394593789879e-01, 3.000661211279e-04, 2.4633e+00, 3.7437e-02, 
 2DIAGNOSTIC,    28, -5.401485428073e-01, 2.777885769943e-04, 2.4970e+00, 3.3738e-02, 
 2DIAGNOSTIC,    29, -5.404915231728e-01, 2.417111563129e-04, 2.5335e+00, 3.6483e-02, 
 2DIAGNOSTIC,    30, -5.411095352194e-01, 2.027321138482e-04, 2.5856e+00, 5.2099e-02, 
 2DIAGNOSTIC,    31, -5.412586908276e-01, 1.912098763146e-04, 2.6170e+00, 3.1404e-02, 
 2DIAGNOSTIC,    32, -5.418480863986e-01, 1.788688829509e-04, 2.6477e+00, 3.0704e-02, 
 2DIAGNOSTIC,    33, -5.425933470568e-01, 1.678915696045e-04, 2.6867e+00, 3.8949e-02, 
 2DIAGNOSTIC,    34, -5.431084001505e-01, 1.622027693435e-04, 2.7174e+00, 3.0771e-02, 
 2DIAGNOSTIC,    35, -5.436609700947e-01, 1.606041821271e-04, 2.7514e+00, 3.3994e-02, 
 2DIAGNOSTIC,    36, -5.445994232215e-01, 1.615591495073e-04, 2.7829e+00, 3.1495e-02, 
 2DIAGNOSTIC,    37, -5.457238681701e-01, 1.730319652834e-04, 2.8193e+00, 3.6400e-02, 
 2DIAGNOSTIC,    38, -5.468486653440e-01, 1.925356265611e-04, 2.8656e+00, 4.6286e-02, 
 2DIAGNOSTIC,    39, -5.472060447253e-01, 2.020029129891e-04, 2.8935e+00, 2.7920e-02, 
 2DIAGNOSTIC,    40, -5.490653856484e-01, 2.250513236489e-04, 2.9249e+00, 3.1337e-02, 
 2DIAGNOSTIC,    41, -5.499035422801e-01, 2.376827591091e-04, 2.9524e+00, 2.7529e-02, 
 2DIAGNOSTIC,    42, -5.501274242357e-01, 2.370194521852e-04, 2.9807e+00, 2.8308e-02, 
 2DIAGNOSTIC,    43, -5.505400484768e-01, 2.283367785174e-04, 3.0090e+00, 2.8310e-02, 
 2DIAGNOSTIC,    44, -5.516020404448e-01, 2.173478179561e-04, 3.0393e+00, 3.0285e-02, 
 2DIAGNOSTIC,    45, -5.535391280749e-01, 2.148670342578e-04, 3.0963e+00, 5.7002e-02, 
 2DIAGNOSTIC,    46, -5.537711577910e-01, 2.046910237134e-04, 3.1259e+00, 2.9597e-02, 
 2DIAGNOSTIC,    47, -5.540800901681e-01, 1.919120799546e-04, 3.1565e+00, 3.0610e-02, 
 2DIAGNOSTIC,    48, -5.554642953917e-01, 1.894717358718e-04, 3.2013e+00, 4.4777e-02, 
 2DIAGNOSTIC,    49, -5.556811161359e-01, 1.741913661304e-04, 3.2293e+00, 2.8038e-02, 
 2DIAGNOSTIC,    50, -5.574517298557e-01, 1.808893080585e-04, 3.2578e+00, 2.8449e-02, 
 2DIAGNOSTIC,    51, -5.631649913174e-01, 2.376027427151e-04, 3.2917e+00, 3.3913e-02, 
 2DIAGNOSTIC,    52, -5.642502260664e-01, 2.814037274073e-04, 3.3293e+00, 3.7558e-02, 
 2DIAGNOSTIC,    53, -5.644005276446e-01, 3.025280498118e-04, 3.3630e+00, 3.3780e-02, 
 2DIAGNOSTIC,    54, -5.644123594476e-01, 3.047232456183e-04, 3.3922e+00, 2.9128e-02, 
 2DIAGNOSTIC,    55, -5.645946999512e-01, 2.977980801996e-04, 3.4218e+00, 2.9593e-02, 
 2DIAGNOSTIC,    56, -5.651268600336e-01, 2.688488828911e-04, 3.4505e+00, 2.8705e-02, 
 2DIAGNOSTIC,    57, -5.665508663269e-01, 2.305946286842e-04, 3.4932e+00, 4.2743e-02, 
 2DIAGNOSTIC,    58, -5.667272328673e-01, 1.863839539305e-04, 3.5243e+00, 3.1102e-02, 
 2DIAGNOSTIC,    59, -5.668483003615e-01, 1.293802331950e-04, 3.5520e+00, 2.7748e-02, 
 2DIAGNOSTIC,    60, -5.672477299093e-01, 7.978324897458e-05, 3.5899e+00, 3.7836e-02, 
 2DIAGNOSTIC,    61, -5.672510709483e-01, 7.289833949619e-05, 3.6256e+00, 3.5701e-02, 
 2DIAGNOSTIC,    62, -5.672500290356e-01, 6.825812665850e-05, 3.6586e+00, 3.2973e-02, 
 2DIAGNOSTIC,    63, -5.672309483102e-01, 5.841533293791e-05, 3.6884e+00, 2.9805e-02, 
 2DIAGNOSTIC,    64, -5.672472683276e-01, 4.372274028713e-05, 3.7161e+00, 2.7720e-02, 
 2DIAGNOSTIC,    65, -5.672831188234e-01, 2.707056337514e-05, 3.7480e+00, 3.1866e-02, 
 2DIAGNOSTIC,    66, -5.672808078084e-01, 1.226436743756e-05, 3.7802e+00, 3.2205e-02, 
 2DIAGNOSTIC,    67, -5.672547136754e-01, 7.695583871686e-06, 3.8106e+00, 3.0426e-02, 
 2DIAGNOSTIC,    68, -5.672672556539e-01, 4.043568002647e-06, 3.8409e+00, 3.0353e-02, 
DIAGNOSTIC,Iteration,metricValue,convergenceValue,ITERATION_TIME_INDEX,SINCE_LAST
 2DIAGNOSTIC,     1, -5.017330567315e-01, 1.797693134862e+308, 4.9454e+00, 1.1044e+00, 
 2DIAGNOSTIC,     2, -5.019529438873e-01, 1.797693134862e+308, 5.1850e+00, 2.3963e-01, 
 2DIAGNOSTIC,     3, -5.021816698079e-01, 1.797693134862e+308, 5.4120e+00, 2.2694e-01, 
 2DIAGNOSTIC,     4, -5.023866221332e-01, 1.797693134862e+308, 5.7034e+00, 2.9146e-01, 
 2DIAGNOSTIC,     5, -5.023891499869e-01, 1.797693134862e+308, 6.0179e+00, 3.1444e-01, 
 2DIAGNOSTIC,     6, -5.023898326507e-01, 1.797693134862e+308, 6.2765e+00, 2.5867e-01, 
 2DIAGNOSTIC,     7, -5.023908617681e-01, 1.797693134862e+308, 6.6025e+00, 3.2600e-01, 
 2DIAGNOSTIC,     8, -5.023893925855e-01, 1.797693134862e+308, 6.8567e+00, 2.5415e-01, 
 2DIAGNOSTIC,     9, -5.023884695231e-01, 1.797693134862e+308, 7.1129e+00, 2.5622e-01, 
 2DIAGNOSTIC,    10, -5.023868043106e-01, 7.007591763325e-05, 7.3604e+00, 2.4756e-01, 
 2DIAGNOSTIC,    11, -5.023856626079e-01, 3.445083230877e-05, 7.6048e+00, 2.4432e-01, 
 2DIAGNOSTIC,    12, -5.023853274664e-01, 1.209590102882e-05, 7.8306e+00, 2.2579e-01, 
 2DIAGNOSTIC,    13, -5.023844777423e-01, 1.992206629567e-06, 8.0577e+00, 2.2711e-01, 
 2DIAGNOSTIC,    14, -5.023862020568e-01, 1.725791625454e-06, 8.3184e+00, 2.6074e-01, 
 2DIAGNOSTIC,    15, -5.023859494911e-01, 1.628372585730e-06, 8.6100e+00, 2.9164e-01, 
 2DIAGNOSTIC,    16, -5.023853859742e-01, 1.591767608167e-06, 8.8834e+00, 2.7331e-01, 
 2DIAGNOSTIC,    17, -5.023847297460e-01, 1.610334904409e-06, 9.1127e+00, 2.2939e-01, 
 2DIAGNOSTIC,    18, -5.023833631982e-01, 1.561974650843e-06, 9.3549e+00, 2.4218e-01, 
 2DIAGNOSTIC,    19, -5.023830029433e-01, 1.500294167490e-06, 9.6160e+00, 2.6105e-01, 
 2DIAGNOSTIC,    20, -5.023825132405e-01, 1.399942373317e-06, 9.8297e+00, 2.1375e-01, 
 2DIAGNOSTIC,    21, -5.023814225802e-01, 1.267523882513e-06, 1.0108e+01, 2.7780e-01, 
 2DIAGNOSTIC,    22, -5.023816693707e-01, 1.169998931544e-06, 1.0411e+01, 3.0382e-01, 
 2DIAGNOSTIC,    23, -5.023793646008e-01, 1.027638925725e-06, 1.0663e+01, 2.5147e-01, 
DIAGNOSTIC,Iteration,metricValue,convergenceValue,ITERATION_TIME_INDEX,SINCE_LAST
 2DIAGNOSTIC,     1, -4.668530713914e-01, 1.797693134862e+308, 1.3048e+01, 2.3851e+00, 
 2DIAGNOSTIC,     2, -4.669337674728e-01, 1.797693134862e+308, 1.4511e+01, 1.4626e+00, 
 2DIAGNOSTIC,     3, -4.669862683181e-01, 1.797693134862e+308, 1.5950e+01, 1.4392e+00, 
 2DIAGNOSTIC,     4, -4.670171223264e-01, 1.797693134862e+308, 1.8391e+01, 2.4409e+00, 
 2DIAGNOSTIC,     5, -4.670179637549e-01, 1.797693134862e+308, 2.0007e+01, 1.6166e+00, 
 2DIAGNOSTIC,     6, -4.670154863930e-01, 1.797693134862e+308, 2.2217e+01, 2.2097e+00, 
 2DIAGNOSTIC,     7, -4.670149784348e-01, 1.797693134862e+308, 2.4573e+01, 2.3562e+00, 
 2DIAGNOSTIC,     8, -4.670152107362e-01, 1.797693134862e+308, 2.6107e+01, 1.5339e+00, 
 2DIAGNOSTIC,     9, -4.670152433643e-01, 1.797693134862e+308, 2.7393e+01, 1.2864e+00, 
 2DIAGNOSTIC,    10, -4.670150259607e-01, 1.852043645369e-05, 2.8872e+01, 1.4783e+00, 
 2DIAGNOSTIC,    11, -4.670149891001e-01, 8.626811517129e-06, 3.0395e+01, 1.5229e+00, 
 2DIAGNOSTIC,    12, -4.670148615669e-01, 3.898153370360e-06, 3.1976e+01, 1.5816e+00, 
 2DIAGNOSTIC,    13, -4.670148177603e-01, 2.197219074074e-06, 3.3536e+01, 1.5595e+00, 
 2DIAGNOSTIC,    14, -4.670146669709e-01, 2.093899975464e-06, 3.5012e+01, 1.4762e+00, 
 2DIAGNOSTIC,    15, -4.670146936661e-01, 2.058866375484e-06, 3.6560e+01, 1.5478e+00, 
 2DIAGNOSTIC,    16, -4.670144594596e-01, 1.931375667702e-06, 3.8190e+01, 1.6297e+00, 
 2DIAGNOSTIC,    17, -4.670144055976e-01, 1.803901800899e-06, 3.9503e+01, 1.3137e+00, 
 2DIAGNOSTIC,    18, -4.670143775984e-01, 1.703611075834e-06, 4.1143e+01, 1.6392e+00, 
 2DIAGNOSTIC,    19, -4.670145023774e-01, 1.624903517794e-06, 4.2634e+01, 1.4911e+00, 
 2DIAGNOSTIC,    20, -4.670144346436e-01, 1.549824977007e-06, 4.3965e+01, 1.3310e+00, 
 2DIAGNOSTIC,    21, -4.670144738411e-01, 1.485980848835e-06, 4.5446e+01, 1.4814e+00, 
 2DIAGNOSTIC,    22, -4.670139642624e-01, 1.413059425193e-06, 4.6891e+01, 1.4449e+00, 
 2DIAGNOSTIC,    23, -4.670138168764e-01, 1.344892998169e-06, 4.8389e+01, 1.4985e+00, 
 2DIAGNOSTIC,    24, -4.670138651040e-01, 1.283195302702e-06, 4.9899e+01, 1.5094e+00, 
 2DIAGNOSTIC,    25, -4.670136413451e-01, 1.225474166464e-06, 5.1717e+01, 1.8181e+00, 
 2DIAGNOSTIC,    26, -4.670135668286e-01, 1.169601216489e-06, 5.3213e+01, 1.4965e+00, 
 2DIAGNOSTIC,    27, -4.670133138696e-01, 1.116261846699e-06, 5.4694e+01, 1.4808e+00, 
 2DIAGNOSTIC,    28, -4.670131516396e-01, 1.068505612760e-06, 5.6040e+01, 1.3455e+00, 
 2DIAGNOSTIC,    29, -4.670130933232e-01, 1.031716959463e-06, 5.7364e+01, 1.3243e+00, 
  Elapsed time (stage 0): 5.8162e+01


Total elapsed time: 5.8164e+01
Info [verificarlo]: loaded backend libinterflop_vprec.so
Info [interflop-vprec]: load backend with: 
Info [interflop-vprec]: precision-binary32 = 20
Info [interflop-vprec]: range-binary32 = 7
Info [interflop-vprec]: precision-binary64 = 20
Info [interflop-vprec]: range-binary64 = 7
Info [interflop-vprec]: mode = ob
Info [interflop-vprec]: error-mode = rel
Info [interflop-vprec]: max-abs-error-exponent = -1022
Info [interflop-vprec]: daz = false
Info [interflop-vprec]: ftz = false
Info [interflop-vprec]: 	instrument = none
Info [interflop-vprec]: 	prec-input-file = (null)
Info [interflop-vprec]: 	prec-output-file = (null)
Info [interflop-vprec]: 	prec-log-file = (null)
All_Command_lines_OK
Using double precision for computations.
=============================================================================
The composite transform comprises the following transforms (in order): 
  1. /home/mdugre/scratch/mri-registration-rp/datasets/ds004513/derivatives/mri-registration-rp/0011/antsRegistration-r7-p20/sub-s032/rigid_Composite.h5[0] (type = Euler3DTransform)
  2. /home/mdugre/scratch/mri-registration-rp/datasets/ds004513/derivatives/mri-registration-rp/0011/antsRegistration-r7-p20/sub-s032/rigid_Composite.h5[1] (type = Euler3DTransform)
  3. /home/mdugre/scratch/mri-registration-rp/datasets/ds004513/derivatives/mri-registration-rp/0011/antsRegistration-r7-p20/sub-s032/rigid_Composite.h5[2] (type = Euler3DTransform)
=============================================================================
  number of levels = 4
  fixed image: /templateflow/tpl-MNI152NLin2009cAsym/tpl-MNI152NLin2009cAsym_res-01_desc-brain_T1w.nii.gz
  moving image: /home/mdugre/scratch/mri-registration-rp/datasets/ds004513/derivatives/mri-registration-rp/antsBrainExtraction/sub-s032/BrainExtractionBrain.nii.gz
Dimension = 3
Number of stages = 1
Use histogram matching = false
Winsorize image intensities = true
  Lower quantile = 0.005
  Upper quantile = 0.995


Stage 1 State
   Image metric = MattesMI
     Fixed image = Image (0x36dd490)
  RTTI typeinfo:   itk::Image<double, 3u>
  Reference Count: 2
  Modified Time: 1592
  Debug: Off
  Object Name: 
  Observers: 
    none
  Source: (none)
  Source output name: (none)
  Release Data: Off
  Data Released: False
  Global Release Data: Off
  PipelineMTime: 0
  UpdateMTime: 1203
  RealTimeStamp: 0 seconds 
  LargestPossibleRegion: 
    Dimension: 3
    Index: [0, 0, 0]
    Size: [193, 229, 193]
  BufferedRegion: 
    Dimension: 3
    Index: [0, 0, 0]
    Size: [193, 229, 193]
  RequestedRegion: 
    Dimension: 3
    Index: [0, 0, 0]
    Size: [193, 229, 193]
  Spacing: [1, 1, 1]
  Origin: [96, 132, -78]
  Direction: 
-1 0 0
0 -1 0
0 0 1

  IndexToPointMatrix: 
-1 0 0
0 -1 0
0 0 1

  PointToIndexMatrix: 
-1 0 0
0 -1 0
0 0 1

  Inverse Direction: 
-1 0 0
0 -1 0
0 0 1

  PixelContainer: 
    ImportImageContainer (0x37a88c0)
      RTTI typeinfo:   itk::ImportImageContainer<unsigned long, double>
      Reference Count: 1
      Modified Time: 1200
      Debug: Off
      Object Name: 
      Observers: 
        none
      Pointer: 0x14f66a5cd010
      Container manages memory: true
      Size: 8530021
      Capacity: 8530021

     Moving image = Image (0x3798b60)
  RTTI typeinfo:   itk::Image<double, 3u>
  Reference Count: 2
  Modified Time: 1593
  Debug: Off
  Object Name: 
  Observers: 
    none
  Source: (none)
  Source output name: (none)
  Release Data: Off
  Data Released: False
  Global Release Data: Off
  PipelineMTime: 0
  UpdateMTime: 1590
  RealTimeStamp: 0 seconds 
  LargestPossibleRegion: 
    Dimension: 3
    Index: [0, 0, 0]
    Size: [160, 240, 256]
  BufferedRegion: 
    Dimension: 3
    Index: [0, 0, 0]
    Size: [160, 240, 256]
  RequestedRegion: 
    Dimension: 3
    Index: [0, 0, 0]
    Size: [160, 240, 256]
  Spacing: [1, 1, 1]
  Origin: [73.2791, 104.707, -131.187]
  Direction: 
-0.997527 0.0645574 -0.0278053
-0.0645323 -0.997914 -0.00179875
-0.0278634 4.01097e-08 0.999612

  IndexToPointMatrix: 
-0.997527 0.0645574 -0.0278053
-0.0645323 -0.997914 -0.00179875
-0.0278634 4.01097e-08 0.999612

  PointToIndexMatrix: 
-0.997526 -0.0645323 -0.0278634
0.0645574 -0.997914 4.00469e-08
-0.0278053 -0.00179875 0.999612

  Inverse Direction: 
-0.997526 -0.0645323 -0.0278634
0.0645574 -0.997914 4.00469e-08
-0.0278053 -0.00179875 0.999612

  PixelContainer: 
    ImportImageContainer (0x382c1d0)
      RTTI typeinfo:   itk::ImportImageContainer<unsigned long, double>
      Reference Count: 1
      Modified Time: 1587
      Debug: Off
      Object Name: 
      Observers: 
        none
      Pointer: 0x14f665acc010
      Container manages memory: true
      Size: 9830400
      Capacity: 9830400

     Weighting = 1
     Sampling strategy = regular
     Number of bins = 32
     Radius = 4
     Sampling percentage  = 0.25
   Transform = Affine
     Gradient step = 0.1
     Update field sigma (voxel space) = 0
     Total field sigma (voxel space) = 0
     Update field time sigma = 0
     Total field time sigma  = 0
     Number of time indices = 0
     Number of time point samples = 0
Registration using 1 total stages.

Stage 0
  iterations = 1000x500x250x100
  convergence threshold = 1e-06
  convergence window size = 10
  number of levels = 4
  using the Mattes MI metric (number of bins = 32, weight = 1, use gradient filter = 0)
  preprocessing:  winsorizing the image intensities
  Shrink factors (level 1 out of 4): [8, 8, 8]
  Shrink factors (level 2 out of 4): [4, 4, 4]
  Shrink factors (level 3 out of 4): [2, 2, 2]
  Shrink factors (level 4 out of 4): [1, 1, 1]
  smoothing sigmas per level: [3, 2, 1, 0]
  regular sampling (percentage = 0.25)

*** Running AffineTransform registration ***

DIAGNOSTIC,Iteration,metricValue,convergenceValue,ITERATION_TIME_INDEX,SINCE_LAST
 2DIAGNOSTIC,     1, -6.855264437940e-01, 1.797693134862e+308, 0.0000e+00, 0.0000e+00, 
 2DIAGNOSTIC,     2, -6.874896764385e-01, 1.797693134862e+308, 0.0000e+00, 0.0000e+00, 
 2DIAGNOSTIC,     3, -6.912373669581e-01, 1.797693134862e+308, 0.0000e+00, 0.0000e+00, 
 2DIAGNOSTIC,     4, -7.019473340637e-01, 1.797693134862e+308, 0.0000e+00, 0.0000e+00, 
 2DIAGNOSTIC,     5, -7.201453218891e-01, 1.797693134862e+308, 0.0000e+00, 0.0000e+00, 
 2DIAGNOSTIC,     6, -7.204705432060e-01, 1.797693134862e+308, 0.0000e+00, 0.0000e+00, 
 2DIAGNOSTIC,     7, -7.206434612428e-01, 1.797693134862e+308, 0.0000e+00, 0.0000e+00, 
 2DIAGNOSTIC,     8, -7.211358382006e-01, 1.797693134862e+308, 0.0000e+00, 0.0000e+00, 
 2DIAGNOSTIC,     9, -7.219028564090e-01, 1.797693134862e+308, 0.0000e+00, 0.0000e+00, 
 2DIAGNOSTIC,    10, -7.229298788482e-01, 3.899316655424e-03, 0.0000e+00, 0.0000e+00, 
 2DIAGNOSTIC,    11, -7.241306713177e-01, 2.868839066995e-03, 0.0000e+00, 0.0000e+00, 
 2DIAGNOSTIC,    12, -7.253029747796e-01, 1.870671608558e-03, 0.0000e+00, 0.0000e+00, 
 2DIAGNOSTIC,    13, -7.263959076879e-01, 1.005671453198e-03, 0.0000e+00, 0.0000e+00, 
 2DIAGNOSTIC,    14, -7.293012048105e-01, 5.472529904605e-04, 0.0000e+00, 0.0000e+00, 
 2DIAGNOSTIC,    15, -7.314034994360e-01, 6.371859685925e-04, 0.0000e+00, 0.0000e+00, 
 2DIAGNOSTIC,    16, -7.329222010928e-01, 7.025648179611e-04, 0.0000e+00, 0.0000e+00, 
 2DIAGNOSTIC,    17, -7.349333854351e-01, 7.467499065712e-04, 0.0000e+00, 0.0000e+00, 
 2DIAGNOSTIC,    18, -7.364763552825e-01, 7.612010744284e-04, 0.0000e+00, 0.0000e+00, 
 2DIAGNOSTIC,    19, -7.367640499254e-01, 7.246464818481e-04, 0.0000e+00, 0.0000e+00, 
 2DIAGNOSTIC,    20, -7.367184361918e-01, 6.438682515065e-04, 0.0000e+00, 0.0000e+00, 
 2DIAGNOSTIC,    21, -7.366478308326e-01, 5.326921758161e-04, 0.0000e+00, 0.0000e+00, 
 2DIAGNOSTIC,    22, -7.365630687121e-01, 4.017274952141e-04, 0.0000e+00, 0.0000e+00, 
 2DIAGNOSTIC,    23, -7.364858380666e-01, 2.611835321134e-04, 0.0000e+00, 0.0000e+00, 
 2DIAGNOSTIC,    24, -7.365201639396e-01, 1.560585518712e-04, 0.0000e+00, 0.0000e+00, 
 2DIAGNOSTIC,    25, -7.365666445257e-01, 7.877442022551e-05, 0.0000e+00, 0.0000e+00, 
 2DIAGNOSTIC,    26, -7.366341458371e-01, 2.367364259453e-05, 0.0000e+00, 0.0000e+00, 
 2DIAGNOSTIC,    27, -7.367616223396e-01, 1.093740201734e-06, 0.0000e+00, 0.0000e+00, 
 2DIAGNOSTIC,    28, -7.370351104055e-01, 5.445331744201e-06, 0.0000e+00, 0.0000e+00, 
 2DIAGNOSTIC,    29, -7.375836474455e-01, 2.029433341191e-05, 0.0000e+00, 0.0000e+00, 
 2DIAGNOSTIC,    30, -7.379610305790e-01, 3.650093517214e-05, 0.0000e+00, 0.0000e+00, 
 2DIAGNOSTIC,    31, -7.380663516536e-01, 4.873848122858e-05, 0.0000e+00, 0.0000e+00, 
 2DIAGNOSTIC,    32, -7.382216072399e-01, 5.667045545910e-05, 0.0000e+00, 0.0000e+00, 
 2DIAGNOSTIC,    33, -7.381601457475e-01, 5.715302162831e-05, 0.0000e+00, 0.0000e+00, 
 2DIAGNOSTIC,    34, -7.379970907460e-01, 5.074191143661e-05, 0.0000e+00, 0.0000e+00, 
 2DIAGNOSTIC,    35, -7.378691710358e-01, 3.908333374446e-05, 0.0000e+00, 0.0000e+00, 
 2DIAGNOSTIC,    36, -7.378093641687e-01, 2.459685587339e-05, 0.0000e+00, 0.0000e+00, 
 2DIAGNOSTIC,    37, -7.377319248348e-01, 9.173219792800e-06, 0.0000e+00, 0.0000e+00, 
DIAGNOSTIC,Iteration,metricValue,convergenceValue,ITERATION_TIME_INDEX,SINCE_LAST
 2DIAGNOSTIC,     1, -5.964791409814e-01, 1.797693134862e+308, 0.0000e+00, 0.0000e+00, 
 2DIAGNOSTIC,     2, -5.968254583049e-01, 1.797693134862e+308, 0.0000e+00, 0.0000e+00, 
 2DIAGNOSTIC,     3, -5.973030481216e-01, 1.797693134862e+308, 0.0000e+00, 0.0000e+00, 
 2DIAGNOSTIC,     4, -5.979826948422e-01, 1.797693134862e+308, 0.0000e+00, 0.0000e+00, 
 2DIAGNOSTIC,     5, -5.992790597745e-01, 1.797693134862e+308, 0.0000e+00, 0.0000e+00, 
 2DIAGNOSTIC,     6, -6.008390467354e-01, 1.797693134862e+308, 0.0000e+00, 0.0000e+00, 
 2DIAGNOSTIC,     7, -6.028145601114e-01, 1.797693134862e+308, 0.0000e+00, 0.0000e+00, 
 2DIAGNOSTIC,     8, -6.035393281913e-01, 1.797693134862e+308, 0.0000e+00, 0.0000e+00, 
 2DIAGNOSTIC,     9, -6.040831675009e-01, 1.797693134862e+308, 0.0000e+00, 0.0000e+00, 
 2DIAGNOSTIC,    10, -6.043964819475e-01, 1.004419090148e-03, 0.0000e+00, 0.0000e+00, 
 2DIAGNOSTIC,    11, -6.056011012358e-01, 9.305064584010e-04, 0.0000e+00, 0.0000e+00, 
 2DIAGNOSTIC,    12, -6.059890713748e-01, 8.128727065370e-04, 0.0000e+00, 0.0000e+00, 
 2DIAGNOSTIC,    13, -6.059963001363e-01, 6.582803444570e-04, 0.0000e+00, 0.0000e+00, 
 2DIAGNOSTIC,    14, -6.059986783439e-01, 4.902261504950e-04, 0.0000e+00, 0.0000e+00, 
 2DIAGNOSTIC,    15, -6.059917456808e-01, 3.403039798706e-04, 0.0000e+00, 0.0000e+00, 
 2DIAGNOSTIC,    16, -6.059841958565e-01, 2.221898459300e-04, 0.0000e+00, 0.0000e+00, 
 2DIAGNOSTIC,    17, -6.059775508928e-01, 1.518470040166e-04, 0.0000e+00, 0.0000e+00, 
 2DIAGNOSTIC,    18, -6.059701500220e-01, 9.446342955485e-05, 0.0000e+00, 0.0000e+00, 
 2DIAGNOSTIC,    19, -6.059449066316e-01, 4.772166988357e-05, 0.0000e+00, 0.0000e+00, 
 2DIAGNOSTIC,    20, -6.059675625529e-01, 8.628868203138e-06, 0.0000e+00, 0.0000e+00, 
DIAGNOSTIC,Iteration,metricValue,convergenceValue,ITERATION_TIME_INDEX,SINCE_LAST
 2DIAGNOSTIC,     1, -5.411149340385e-01, 1.797693134862e+308, 0.0000e+00, 0.0000e+00, 
 2DIAGNOSTIC,     2, -5.414398569030e-01, 1.797693134862e+308, 0.0000e+00, 0.0000e+00, 
 2DIAGNOSTIC,     3, -5.419126778886e-01, 1.797693134862e+308, 0.0000e+00, 0.0000e+00, 
 2DIAGNOSTIC,     4, -5.425716130241e-01, 1.797693134862e+308, 0.0000e+00, 0.0000e+00, 
 2DIAGNOSTIC,     5, -5.438709477968e-01, 1.797693134862e+308, 0.0000e+00, 0.0000e+00, 
 2DIAGNOSTIC,     6, -5.438693339894e-01, 1.797693134862e+308, 1.0240e+03, 1.0240e+03, 
 2DIAGNOSTIC,     7, -5.438706453249e-01, 1.797693134862e+308, 1.0240e+03, 0.0000e+00, 
 2DIAGNOSTIC,     8, -5.438825222419e-01, 1.797693134862e+308, 1.0240e+03, 0.0000e+00, 
 2DIAGNOSTIC,     9, -5.439271252713e-01, 1.797693134862e+308, 1.0240e+03, 0.0000e+00, 
 2DIAGNOSTIC,    10, -5.440181042001e-01, 3.729509877693e-04, 1.0240e+03, 0.0000e+00, 
 2DIAGNOSTIC,    11, -5.441656435106e-01, 2.655976428495e-04, 1.0240e+03, 0.0000e+00, 
 2DIAGNOSTIC,    12, -5.443628989985e-01, 1.759486566738e-04, 1.0240e+03, 0.0000e+00, 
 2DIAGNOSTIC,    13, -5.445372047494e-01, 1.102672457051e-04, 1.0240e+03, 0.0000e+00, 
 2DIAGNOSTIC,    14, -5.445374229104e-01, 6.737810918965e-05, 1.0240e+03, 0.0000e+00, 
 2DIAGNOSTIC,    15, -5.445410204489e-01, 6.981285553892e-05, 1.0240e+03, 0.0000e+00, 
 2DIAGNOSTIC,    16, -5.445430819184e-01, 6.575096294865e-05, 1.0240e+03, 0.0000e+00, 
 2DIAGNOSTIC,    17, -5.445404186180e-01, 5.616882191054e-05, 1.0240e+03, 0.0000e+00, 
 2DIAGNOSTIC,    18, -5.445395741115e-01, 4.292045986658e-05, 1.0240e+03, 0.0000e+00, 
 2DIAGNOSTIC,    19, -5.445377010263e-01, 2.847922020803e-05, 1.0240e+03, 0.0000e+00, 
 2DIAGNOSTIC,    20, -5.445377979904e-01, 1.539795111974e-05, 1.0240e+03, 0.0000e+00, 
 2DIAGNOSTIC,    21, -5.445371612016e-01, 5.843949023761e-06, 1.0240e+03, 0.0000e+00, 
 2DIAGNOSTIC,    22, -5.445373475893e-01, 1.329201952845e-06, 1.0240e+03, 0.0000e+00, 
 2DIAGNOSTIC,    23, -5.445365475770e-01, 1.162853538128e-06, 1.0240e+03, 0.0000e+00, 
 2DIAGNOSTIC,    24, -5.445366574127e-01, 1.036760239499e-06, 1.0240e+03, 0.0000e+00, 
 2DIAGNOSTIC,    25, -5.445367095311e-01, 1.022079360667e-06, 1.0240e+03, 0.0000e+00, 
 2DIAGNOSTIC,    26, -5.445361981354e-01, 1.064019147581e-06, 1.0240e+03, 0.0000e+00, 
 2DIAGNOSTIC,    27, -5.445353223445e-01, 1.049958854776e-06, 1.0240e+03, 0.0000e+00, 
 2DIAGNOSTIC,    28, -5.445354950169e-01, 1.038019031320e-06, 1.0240e+03, 0.0000e+00, 
 2DIAGNOSTIC,    29, -5.445358276024e-01, 1.007987699017e-06, 1.0240e+03, 0.0000e+00, 
DIAGNOSTIC,Iteration,metricValue,convergenceValue,ITERATION_TIME_INDEX,SINCE_LAST
 2DIAGNOSTIC,     1, -4.996783206872e-01, 1.797693134862e+308, 1.0240e+03, 0.0000e+00, 
 2DIAGNOSTIC,     2, -4.999446620125e-01, 1.797693134862e+308, 1.0240e+03, 0.0000e+00, 
 2DIAGNOSTIC,     3, -5.003131178674e-01, 1.797693134862e+308, 1.0240e+03, 0.0000e+00, 
 2DIAGNOSTIC,     4, -5.004058826702e-01, 1.797693134862e+308, 1.0240e+03, 0.0000e+00, 
 2DIAGNOSTIC,     5, -5.004288061883e-01, 1.797693134862e+308, 1.0240e+03, 0.0000e+00, 
 2DIAGNOSTIC,     6, -5.004680589743e-01, 1.797693134862e+308, 1.0240e+03, 0.0000e+00, 
 2DIAGNOSTIC,     7, -5.004790933351e-01, 1.797693134862e+308, 1.0240e+03, 0.0000e+00, 
 2DIAGNOSTIC,     8, -5.004792162877e-01, 1.797693134862e+308, 1.0240e+03, 0.0000e+00, 
 2DIAGNOSTIC,     9, -5.004779300392e-01, 1.797693134862e+308, 1.0240e+03, 0.0000e+00, 
 2DIAGNOSTIC,    10, -5.004752965976e-01, 8.385269912141e-05, 1.0240e+03, 0.0000e+00, 
 2DIAGNOSTIC,    11, -5.004744433057e-01, 4.148888790270e-05, 1.0240e+03, 0.0000e+00, 
 2DIAGNOSTIC,    12, -5.004742790107e-01, 1.488006026633e-05, 1.0240e+03, 0.0000e+00, 
