
##########################
# Experiment information #
##########################

EXPERIMENT_NAME: antsRegistration-r7-p6
VFC_BACKENDS: libinterflop_vprec.so --range-binary32=7 --precision-binary32=6 --range-binary64=7 --precision-binary64=6

SIF_IMG: /home/mdugre/projects/rrg-glatard/mdugre/containers/ants-vprec-no_metrics.simg

SUBJECT_ID: s033
INPUT_IMG: /home/mdugre/scratch/mri-registration-rp/datasets/ds004513/derivatives/mri-registration-rp/antsBrainExtraction/sub-s033/BrainExtractionBrain.nii.gz
OUTPUT_DIR: /home/mdugre/scratch/mri-registration-rp/datasets/ds004513/derivatives/mri-registration-rp/0011/antsRegistration-r7-p6/sub-s033

FIXED_IMG: /templateflow/tpl-MNI152NLin2009cAsym/tpl-MNI152NLin2009cAsym_res-01_desc-brain_T1w.nii.gz
DATA_DIR: /home/mdugre/scratch/mri-registration-rp/datasets/ds004513
TEMPLATEFLOW_DIR: /home/mdugre/projects/rrg-glatard/mdugre/templateflow
ITK_GLOBAL_DEFAULT_NUMBER_OF_THREADS: 16
##########################

Info [verificarlo]: loaded backend libinterflop_ieee.so
Info [interflop-ieee]: load backend with:
Info [interflop-ieee]: debug = false
Info [interflop-ieee]: debug-binary = false
Info [interflop-ieee]: no-backend-name = false
Info [interflop-ieee]: print-new-line = false
Info [interflop-ieee]: print-subnormal-normalized = false
Info [interflop-ieee]: count-op = false
All_Command_lines_OK
Using double precision for computations.
=============================================================================
The composite transform comprises the following transforms (in order): 
  1. Center of mass alignment using fixed image: /templateflow/tpl-MNI152NLin2009cAsym/tpl-MNI152NLin2009cAsym_res-01_desc-brain_T1w.nii.gz and moving image: /home/mdugre/scratch/mri-registration-rp/datasets/ds004513/derivatives/mri-registration-rp/antsBrainExtraction/sub-s033/BrainExtractionBrain.nii.gz (type = Euler3DTransform)
=============================================================================
  number of levels = 1
  fixed image: /templateflow/tpl-MNI152NLin2009cAsym/tpl-MNI152NLin2009cAsym_res-01_desc-brain_T1w.nii.gz
  moving image: /home/mdugre/scratch/mri-registration-rp/datasets/ds004513/derivatives/mri-registration-rp/antsBrainExtraction/sub-s033/BrainExtractionBrain.nii.gz
Dimension = 3
Number of stages = 1
Use histogram matching = false
Winsorize image intensities = true
  Lower quantile = 0.005
  Upper quantile = 0.995


Stage 1 State
   Image metric = MattesMI
     Fixed image = Image (0x46d1bd0)
  RTTI typeinfo:   itk::Image<double, 3u>
  Reference Count: 2
  Modified Time: 2330
  Debug: Off
  Object Name: 
  Observers: 
    none
  Source: (none)
  Source output name: (none)
  Release Data: Off
  Data Released: False
  Global Release Data: Off
  PipelineMTime: 0
  UpdateMTime: 1941
  RealTimeStamp: 0 seconds 
  LargestPossibleRegion: 
    Dimension: 3
    Index: [0, 0, 0]
    Size: [193, 229, 193]
  BufferedRegion: 
    Dimension: 3
    Index: [0, 0, 0]
    Size: [193, 229, 193]
  RequestedRegion: 
    Dimension: 3
    Index: [0, 0, 0]
    Size: [193, 229, 193]
  Spacing: [1, 1, 1]
  Origin: [96, 132, -78]
  Direction: 
-1 0 0
0 -1 0
0 0 1

  IndexToPointMatrix: 
-1 0 0
0 -1 0
0 0 1

  PointToIndexMatrix: 
-1 0 0
0 -1 0
0 0 1

  Inverse Direction: 
-1 0 0
0 -1 0
0 0 1

  PixelContainer: 
    ImportImageContainer (0x46da9e0)
      RTTI typeinfo:   itk::ImportImageContainer<unsigned long, double>
      Reference Count: 1
      Modified Time: 1938
      Debug: Off
      Object Name: 
      Observers: 
        none
      Pointer: 0x14d1bfa27010
      Container manages memory: true
      Size: 8530021
      Capacity: 8530021

     Moving image = Image (0x46db910)
  RTTI typeinfo:   itk::Image<double, 3u>
  Reference Count: 2
  Modified Time: 2331
  Debug: Off
  Object Name: 
  Observers: 
    none
  Source: (none)
  Source output name: (none)
  Release Data: Off
  Data Released: False
  Global Release Data: Off
  PipelineMTime: 0
  UpdateMTime: 2328
  RealTimeStamp: 0 seconds 
  LargestPossibleRegion: 
    Dimension: 3
    Index: [0, 0, 0]
    Size: [160, 240, 256]
  BufferedRegion: 
    Dimension: 3
    Index: [0, 0, 0]
    Size: [160, 240, 256]
  RequestedRegion: 
    Dimension: 3
    Index: [0, 0, 0]
    Size: [160, 240, 256]
  Spacing: [1, 1, 1]
  Origin: [91.5134, 94.282, -109.927]
  Direction: 
-0.99591 -0.0698718 -0.0572835
0.0697565 -0.997556 0.00401236
-0.0574239 5.01125e-08 0.99835

  IndexToPointMatrix: 
-0.99591 -0.0698718 -0.0572835
0.0697565 -0.997556 0.00401236
-0.0574239 5.01125e-08 0.99835

  PointToIndexMatrix: 
-0.99591 0.0697565 -0.0574239
-0.0698718 -0.997556 5.01483e-08
-0.0572835 0.00401236 0.99835

  Inverse Direction: 
-0.99591 0.0697565 -0.0574239
-0.0698718 -0.997556 5.01483e-08
-0.0572835 0.00401236 0.99835

  PixelContainer: 
    ImportImageContainer (0x47c1a50)
      RTTI typeinfo:   itk::ImportImageContainer<unsigned long, double>
      Reference Count: 1
      Modified Time: 2325
      Debug: Off
      Object Name: 
      Observers: 
        none
      Pointer: 0x14d1baf26010
      Container manages memory: true
      Size: 9830400
      Capacity: 9830400

     Weighting = 1
     Sampling strategy = regular
     Number of bins = 32
     Radius = 4
     Sampling percentage  = 0.25
   Transform = Rigid
     Gradient step = 0.1
     Update field sigma (voxel space) = 0
     Total field sigma (voxel space) = 0
     Update field time sigma = 0
     Total field time sigma  = 0
     Number of time indices = 0
     Number of time point samples = 0
Registration using 1 total stages.

Stage 0
  iterations = 0
  convergence threshold = 1e-06
  convergence window size = 10
  number of levels = 1
  using the Mattes MI metric (number of bins = 32, weight = 1, use gradient filter = 0)
  preprocessing:  winsorizing the image intensities
  Shrink factors (level 1 out of 1): [1, 1, 1]
  smoothing sigmas per level: [0]
  regular sampling (percentage = 0.25)

*** Running Euler3DTransform registration ***

  Elapsed time (stage 0): 1.19192


Total elapsed time: 1.19394
Info [verificarlo]: loaded backend libinterflop_ieee.so
Info [interflop-ieee]: load backend with:
Info [interflop-ieee]: debug = false
Info [interflop-ieee]: debug-binary = false
Info [interflop-ieee]: no-backend-name = false
Info [interflop-ieee]: print-new-line = false
Info [interflop-ieee]: print-subnormal-normalized = false
Info [interflop-ieee]: count-op = false
All_Command_lines_OK
Using double precision for computations.
=============================================================================
The composite transform comprises the following transforms (in order): 
  1. /home/mdugre/scratch/mri-registration-rp/datasets/ds004513/derivatives/mri-registration-rp/0011/antsRegistration-r7-p6/sub-s033/align_Composite.h5[0] (type = Euler3DTransform)
  2. /home/mdugre/scratch/mri-registration-rp/datasets/ds004513/derivatives/mri-registration-rp/0011/antsRegistration-r7-p6/sub-s033/align_Composite.h5[1] (type = Euler3DTransform)
=============================================================================
  number of levels = 4
  fixed image: /templateflow/tpl-MNI152NLin2009cAsym/tpl-MNI152NLin2009cAsym_res-01_desc-brain_T1w.nii.gz
  moving image: /home/mdugre/scratch/mri-registration-rp/datasets/ds004513/derivatives/mri-registration-rp/antsBrainExtraction/sub-s033/BrainExtractionBrain.nii.gz
Dimension = 3
Number of stages = 1
Use histogram matching = false
Winsorize image intensities = true
  Lower quantile = 0.005
  Upper quantile = 0.995


Stage 1 State
   Image metric = MattesMI
     Fixed image = Image (0x5090530)
  RTTI typeinfo:   itk::Image<double, 3u>
  Reference Count: 2
  Modified Time: 1578
  Debug: Off
  Object Name: 
  Observers: 
    none
  Source: (none)
  Source output name: (none)
  Release Data: Off
  Data Released: False
  Global Release Data: Off
  PipelineMTime: 0
  UpdateMTime: 1189
  RealTimeStamp: 0 seconds 
  LargestPossibleRegion: 
    Dimension: 3
    Index: [0, 0, 0]
    Size: [193, 229, 193]
  BufferedRegion: 
    Dimension: 3
    Index: [0, 0, 0]
    Size: [193, 229, 193]
  RequestedRegion: 
    Dimension: 3
    Index: [0, 0, 0]
    Size: [193, 229, 193]
  Spacing: [1, 1, 1]
  Origin: [96, 132, -78]
  Direction: 
-1 0 0
0 -1 0
0 0 1

  IndexToPointMatrix: 
-1 0 0
0 -1 0
0 0 1

  PointToIndexMatrix: 
-1 0 0
0 -1 0
0 0 1

  Inverse Direction: 
-1 0 0
0 -1 0
0 0 1

  PixelContainer: 
    ImportImageContainer (0x514ed60)
      RTTI typeinfo:   itk::ImportImageContainer<unsigned long, double>
      Reference Count: 1
      Modified Time: 1186
      Debug: Off
      Object Name: 
      Observers: 
        none
      Pointer: 0x15158171a010
      Container manages memory: true
      Size: 8530021
      Capacity: 8530021

     Moving image = Image (0x5140f60)
  RTTI typeinfo:   itk::Image<double, 3u>
  Reference Count: 2
  Modified Time: 1579
  Debug: Off
  Object Name: 
  Observers: 
    none
  Source: (none)
  Source output name: (none)
  Release Data: Off
  Data Released: False
  Global Release Data: Off
  PipelineMTime: 0
  UpdateMTime: 1576
  RealTimeStamp: 0 seconds 
  LargestPossibleRegion: 
    Dimension: 3
    Index: [0, 0, 0]
    Size: [160, 240, 256]
  BufferedRegion: 
    Dimension: 3
    Index: [0, 0, 0]
    Size: [160, 240, 256]
  RequestedRegion: 
    Dimension: 3
    Index: [0, 0, 0]
    Size: [160, 240, 256]
  Spacing: [1, 1, 1]
  Origin: [91.5134, 94.282, -109.927]
  Direction: 
-0.99591 -0.0698718 -0.0572835
0.0697565 -0.997556 0.00401236
-0.0574239 5.01125e-08 0.99835

  IndexToPointMatrix: 
-0.99591 -0.0698718 -0.0572835
0.0697565 -0.997556 0.00401236
-0.0574239 5.01125e-08 0.99835

  PointToIndexMatrix: 
-0.99591 0.0697565 -0.0574239
-0.0698718 -0.997556 5.01483e-08
-0.0572835 0.00401236 0.99835

  Inverse Direction: 
-0.99591 0.0697565 -0.0574239
-0.0698718 -0.997556 5.01483e-08
-0.0572835 0.00401236 0.99835

  PixelContainer: 
    ImportImageContainer (0x51326d0)
      RTTI typeinfo:   itk::ImportImageContainer<unsigned long, double>
      Reference Count: 1
      Modified Time: 1573
      Debug: Off
      Object Name: 
      Observers: 
        none
      Pointer: 0x15157cc19010
      Container manages memory: true
      Size: 9830400
      Capacity: 9830400

     Weighting = 1
     Sampling strategy = regular
     Number of bins = 32
     Radius = 4
     Sampling percentage  = 0.25
   Transform = Rigid
     Gradient step = 0.1
     Update field sigma (voxel space) = 0
     Total field sigma (voxel space) = 0
     Update field time sigma = 0
     Total field time sigma  = 0
     Number of time indices = 0
     Number of time point samples = 0
Registration using 1 total stages.

Stage 0
  iterations = 1000x500x250x100
  convergence threshold = 1e-06
  convergence window size = 10
  number of levels = 4
  using the Mattes MI metric (number of bins = 32, weight = 1, use gradient filter = 0)
  preprocessing:  winsorizing the image intensities
  Shrink factors (level 1 out of 4): [8, 8, 8]
  Shrink factors (level 2 out of 4): [4, 4, 4]
  Shrink factors (level 3 out of 4): [2, 2, 2]
  Shrink factors (level 4 out of 4): [1, 1, 1]
  smoothing sigmas per level: [3, 2, 1, 0]
  regular sampling (percentage = 0.25)

*** Running Euler3DTransform registration ***

DIAGNOSTIC,Iteration,metricValue,convergenceValue,ITERATION_TIME_INDEX,SINCE_LAST
 2DIAGNOSTIC,     1, -4.945365495269e-01, 1.797693134862e+308, 1.3703e+00, 1.3703e+00, 
 2DIAGNOSTIC,     2, -4.961551199262e-01, 1.797693134862e+308, 1.3754e+00, 5.0981e-03, 
 2DIAGNOSTIC,     3, -4.991207097076e-01, 1.797693134862e+308, 1.3796e+00, 4.2892e-03, 
 2DIAGNOSTIC,     4, -5.030359852117e-01, 1.797693134862e+308, 1.3848e+00, 5.1970e-03, 
 2DIAGNOSTIC,     5, -5.059125054655e-01, 1.797693134862e+308, 1.3899e+00, 5.0569e-03, 
 2DIAGNOSTIC,     6, -5.092815596254e-01, 1.797693134862e+308, 1.3946e+00, 4.7300e-03, 
 2DIAGNOSTIC,     7, -5.205915484568e-01, 1.797693134862e+308, 1.3999e+00, 5.2810e-03, 
 2DIAGNOSTIC,     8, -5.236677933913e-01, 1.797693134862e+308, 1.4046e+00, 4.7100e-03, 
 2DIAGNOSTIC,     9, -5.261653611514e-01, 1.797693134862e+308, 1.4095e+00, 4.8289e-03, 
 2DIAGNOSTIC,    10, -5.313843279548e-01, 4.956236851461e-03, 1.4147e+00, 5.2409e-03, 
 2DIAGNOSTIC,    11, -5.461121550605e-01, 5.255951709877e-03, 1.4208e+00, 6.0909e-03, 
 2DIAGNOSTIC,    12, -5.563506773258e-01, 5.544499219494e-03, 1.4256e+00, 4.8559e-03, 
 2DIAGNOSTIC,    13, -6.011783753092e-01, 7.240286203980e-03, 1.4318e+00, 6.1290e-03, 
 2DIAGNOSTIC,    14, -6.166052825033e-01, 8.701253899224e-03, 1.4366e+00, 4.8399e-03, 
 2DIAGNOSTIC,    15, -6.211428291630e-01, 9.416357350996e-03, 1.4420e+00, 5.3890e-03, 
 2DIAGNOSTIC,    16, -6.235432151244e-01, 9.368281934348e-03, 1.4473e+00, 5.3399e-03, 
 2DIAGNOSTIC,    17, -6.347577460472e-01, 9.145335024114e-03, 1.4539e+00, 6.5391e-03, 
 2DIAGNOSTIC,    18, -6.413138476244e-01, 8.359392948145e-03, 1.4653e+00, 1.1423e-02, 
 2DIAGNOSTIC,    19, -6.420802709942e-01, 6.980623447062e-03, 1.4710e+00, 5.7318e-03, 
 2DIAGNOSTIC,    20, -6.425493366163e-01, 5.272872567068e-03, 1.4756e+00, 4.6079e-03, 
 2DIAGNOSTIC,    21, -6.431795003093e-01, 3.641466651963e-03, 1.4803e+00, 4.6859e-03, 
 2DIAGNOSTIC,    22, -6.434078408980e-01, 2.049113972181e-03, 1.4847e+00, 4.3280e-03, 
 2DIAGNOSTIC,    23, -6.435083888214e-01, 1.381096882752e-03, 1.4895e+00, 4.8280e-03, 
 2DIAGNOSTIC,    24, -6.436807751943e-01, 9.688116188347e-04, 1.4950e+00, 5.4879e-03, 
 2DIAGNOSTIC,    25, -6.439989374160e-01, 6.014653253404e-04, 1.5010e+00, 6.0499e-03, 
 2DIAGNOSTIC,    26, -6.448361518057e-01, 2.655196015899e-04, 1.5053e+00, 4.3099e-03, 
 2DIAGNOSTIC,    27, -6.460796038753e-01, 1.536865039625e-04, 1.5102e+00, 4.8590e-03, 
 2DIAGNOSTIC,    28, -6.463976198105e-01, 1.550353222056e-04, 1.5145e+00, 4.2849e-03, 
 2DIAGNOSTIC,    29, -6.463935459210e-01, 1.547432175409e-04, 1.5188e+00, 4.2889e-03, 
 2DIAGNOSTIC,    30, -6.464392298820e-01, 1.482978688948e-04, 1.5236e+00, 4.8070e-03, 
 2DIAGNOSTIC,    31, -6.463723508923e-01, 1.368671866778e-04, 1.5279e+00, 4.3008e-03, 
 2DIAGNOSTIC,    32, -6.464254415173e-01, 1.173266167193e-04, 1.5333e+00, 5.4181e-03, 
 2DIAGNOSTIC,    33, -6.464354984724e-01, 8.969334020387e-05, 1.5469e+00, 1.3639e-02, 
 2DIAGNOSTIC,    34, -6.464354984394e-01, 5.811493004321e-05, 1.5608e+00, 1.3894e-02, 
 2DIAGNOSTIC,    35, -6.464354984394e-01, 2.735370190517e-05, 1.5662e+00, 5.4049e-03, 
 2DIAGNOSTIC,    36, -6.464354984394e-01, 6.561969401686e-06, 1.5712e+00, 4.9560e-03, 
 2DIAGNOSTIC,    37, -6.464354984394e-01, 2.244496114620e-06, 1.5761e+00, 4.9589e-03, 
 2DIAGNOSTIC,    38, -6.464354984394e-01, 1.990753575220e-06, 1.5821e+00, 5.9800e-03, 
 2DIAGNOSTIC,    39, -6.464354984394e-01, 1.582336197920e-06, 1.5870e+00, 4.9131e-03, 
 2DIAGNOSTIC,    40, -6.464354984394e-01, 1.698174008601e-06, 1.5920e+00, 4.9319e-03, 
DIAGNOSTIC,Iteration,metricValue,convergenceValue,ITERATION_TIME_INDEX,SINCE_LAST
 2DIAGNOSTIC,     1, -5.367244448842e-01, 1.797693134862e+308, 2.3477e+00, 7.5578e-01, 
 2DIAGNOSTIC,     2, -5.380313832082e-01, 1.797693134862e+308, 2.3779e+00, 3.0122e-02, 
 2DIAGNOSTIC,     3, -5.401731907538e-01, 1.797693134862e+308, 2.4079e+00, 2.9995e-02, 
 2DIAGNOSTIC,     4, -5.431881341813e-01, 1.797693134862e+308, 2.4377e+00, 2.9798e-02, 
 2DIAGNOSTIC,     5, -5.453557594664e-01, 1.797693134862e+308, 2.4680e+00, 3.0347e-02, 
 2DIAGNOSTIC,     6, -5.461088564347e-01, 1.797693134862e+308, 2.4976e+00, 2.9581e-02, 
 2DIAGNOSTIC,     7, -5.462086680066e-01, 1.797693134862e+308, 2.5309e+00, 3.3308e-02, 
 2DIAGNOSTIC,     8, -5.464869266555e-01, 1.797693134862e+308, 2.5679e+00, 3.7050e-02, 
 2DIAGNOSTIC,     9, -5.465850813004e-01, 1.797693134862e+308, 2.6087e+00, 4.0748e-02, 
 2DIAGNOSTIC,    10, -5.466464836152e-01, 1.224741235782e-03, 2.6385e+00, 2.9776e-02, 
 2DIAGNOSTIC,    11, -5.470487705427e-01, 8.391099811134e-04, 2.6712e+00, 3.2684e-02, 
 2DIAGNOSTIC,    12, -5.471506827035e-01, 5.042748361620e-04, 2.7036e+00, 3.2436e-02, 
 2DIAGNOSTIC,    13, -5.471747724744e-01, 2.608962965809e-04, 2.7457e+00, 4.2078e-02, 
 2DIAGNOSTIC,    14, -5.471893678636e-01, 1.401592833169e-04, 2.7785e+00, 3.2855e-02, 
 2DIAGNOSTIC,    15, -5.471839956795e-01, 9.761648718945e-05, 2.8117e+00, 3.3180e-02, 
 2DIAGNOSTIC,    16, -5.471599231268e-01, 7.527611715807e-05, 2.8455e+00, 3.3756e-02, 
 2DIAGNOSTIC,    17, -5.471662423321e-01, 5.183183167014e-05, 2.8749e+00, 2.9469e-02, 
 2DIAGNOSTIC,    18, -5.471747031125e-01, 3.478200825091e-05, 2.9081e+00, 3.3178e-02, 
 2DIAGNOSTIC,    19, -5.471813453982e-01, 1.945633805828e-05, 2.9418e+00, 3.3642e-02, 
 2DIAGNOSTIC,    20, -5.471662916735e-01, 4.969850120516e-06, 2.9710e+00, 2.9270e-02, 
 2DIAGNOSTIC,    21, -5.471844161023e-01, 1.951269417322e-06, 3.0045e+00, 3.3472e-02, 
 2DIAGNOSTIC,    22, -5.471946857497e-01, 1.794832895648e-06, 3.0337e+00, 2.9176e-02, 
 2DIAGNOSTIC,    23, -5.472309779460e-01, 2.955893025243e-06, 3.0634e+00, 2.9717e-02, 
 2DIAGNOSTIC,    24, -5.472460348927e-01, 4.500346067013e-06, 3.0965e+00, 3.3072e-02, 
 2DIAGNOSTIC,    25, -5.473225345785e-01, 7.130561543084e-06, 3.1264e+00, 2.9942e-02, 
 2DIAGNOSTIC,    26, -5.474469324200e-01, 1.098291003197e-05, 3.1558e+00, 2.9374e-02, 
 2DIAGNOSTIC,    27, -5.481013380895e-01, 2.630865470202e-05, 3.1888e+00, 3.3066e-02, 
 2DIAGNOSTIC,    28, -5.480678932539e-01, 3.738992186023e-05, 3.2300e+00, 4.1206e-02, 
 2DIAGNOSTIC,    29, -5.482084716789e-01, 4.712038910182e-05, 3.2668e+00, 3.6730e-02, 
 2DIAGNOSTIC,    30, -5.482082519418e-01, 5.166413719369e-05, 3.3005e+00, 3.3713e-02, 
 2DIAGNOSTIC,    31, -5.482014616650e-01, 5.125920703747e-05, 3.3336e+00, 3.3124e-02, 
 2DIAGNOSTIC,    32, -5.481815957729e-01, 4.582630229808e-05, 3.3634e+00, 2.9759e-02, 
 2DIAGNOSTIC,    33, -5.481718257941e-01, 3.689942894260e-05, 3.3928e+00, 2.9393e-02, 
 2DIAGNOSTIC,    34, -5.481825627272e-01, 2.560031637405e-05, 3.4224e+00, 2.9613e-02, 
 2DIAGNOSTIC,    35, -5.481838558137e-01, 1.379952595023e-05, 3.4531e+00, 3.0742e-02, 
 2DIAGNOSTIC,    36, -5.481854580153e-01, 3.009188186000e-06, 3.4832e+00, 3.0085e-02, 
 2DIAGNOSTIC,    37, -5.482631349716e-01, 2.936493906650e-06, 3.5162e+00, 3.2989e-02, 
 2DIAGNOSTIC,    38, -5.482856021681e-01, 2.436032264332e-06, 3.5502e+00, 3.3980e-02, 
 2DIAGNOSTIC,    39, -5.482706826069e-01, 3.481470271214e-06, 3.5834e+00, 3.3246e-02, 
 2DIAGNOSTIC,    40, -5.481987789081e-01, 3.305057303969e-06, 3.6164e+00, 3.2988e-02, 
 2DIAGNOSTIC,    41, -5.482804326869e-01, 3.879505742366e-06, 3.6490e+00, 3.2558e-02, 
 2DIAGNOSTIC,    42, -5.481860159694e-01, 2.661302535553e-06, 3.6854e+00, 3.6424e-02, 
 2DIAGNOSTIC,    43, -5.482756826283e-01, 2.303734402707e-06, 3.7257e+00, 4.0313e-02, 
 2DIAGNOSTIC,    44, -5.483025260207e-01, 2.249026429830e-06, 3.7584e+00, 3.2738e-02, 
 2DIAGNOSTIC,    45, -5.482811790779e-01, 1.830837911058e-06, 3.7917e+00, 3.3310e-02, 
 2DIAGNOSTIC,    46, -5.482645576739e-01, 1.147552852333e-06, 3.8249e+00, 3.3190e-02, 
 2DIAGNOSTIC,    47, -5.482548592792e-01, 1.197244868526e-06, 3.9208e+00, 9.5885e-02, 
 2DIAGNOSTIC,    48, -5.482548592780e-01, 1.431533757153e-06, 4.0035e+00, 8.2631e-02, 
 2DIAGNOSTIC,    49, -5.482548592780e-01, 1.428852579123e-06, 4.0491e+00, 4.5618e-02, 
DIAGNOSTIC,Iteration,metricValue,convergenceValue,ITERATION_TIME_INDEX,SINCE_LAST
 2DIAGNOSTIC,     1, -4.661873906802e-01, 1.797693134862e+308, 5.1590e+00, 1.1099e+00, 
 2DIAGNOSTIC,     2, -4.663634383872e-01, 1.797693134862e+308, 5.4201e+00, 2.6105e-01, 
 2DIAGNOSTIC,     3, -4.665065251460e-01, 1.797693134862e+308, 5.6723e+00, 2.5226e-01, 
 2DIAGNOSTIC,     4, -4.666272920438e-01, 1.797693134862e+308, 5.9362e+00, 2.6384e-01, 
 2DIAGNOSTIC,     5, -4.667166864439e-01, 1.797693134862e+308, 6.1819e+00, 2.4577e-01, 
 2DIAGNOSTIC,     6, -4.668667209713e-01, 1.797693134862e+308, 6.4215e+00, 2.3958e-01, 
 2DIAGNOSTIC,     7, -4.669697637256e-01, 1.797693134862e+308, 6.6921e+00, 2.7057e-01, 
 2DIAGNOSTIC,     8, -4.670258369889e-01, 1.797693134862e+308, 7.0511e+00, 3.5897e-01, 
 2DIAGNOSTIC,     9, -4.670791303390e-01, 1.797693134862e+308, 7.3009e+00, 2.4983e-01, 
 2DIAGNOSTIC,    10, -4.671177511832e-01, 1.313510728479e-04, 7.5587e+00, 2.5783e-01, 
 2DIAGNOSTIC,    11, -4.671984770040e-01, 1.051591649173e-04, 7.8052e+00, 2.4646e-01, 
 2DIAGNOSTIC,    12, -4.674361519453e-01, 9.491565120165e-05, 8.1961e+00, 3.9092e-01, 
 2DIAGNOSTIC,    13, -4.675162734215e-01, 8.805863597439e-05, 8.4480e+00, 2.5192e-01, 
 2DIAGNOSTIC,    14, -4.675732973473e-01, 8.220400643918e-05, 8.8140e+00, 3.6592e-01, 
 2DIAGNOSTIC,    15, -4.675740513721e-01, 7.348841822166e-05, 9.1356e+00, 3.2167e-01, 
 2DIAGNOSTIC,    16, -4.675763014210e-01, 6.504186814030e-05, 9.5227e+00, 3.8707e-01, 
 2DIAGNOSTIC,    17, -4.675746331572e-01, 5.526880823581e-05, 9.8161e+00, 2.9341e-01, 
 2DIAGNOSTIC,    18, -4.675729973915e-01, 4.341897105069e-05, 1.0133e+01, 3.1709e-01, 
 2DIAGNOSTIC,    19, -4.675721449173e-01, 3.071905228703e-05, 1.0426e+01, 2.9265e-01, 
 2DIAGNOSTIC,    20, -4.675713476148e-01, 1.779091666240e-05, 1.0683e+01, 2.5744e-01, 
 2DIAGNOSTIC,    21, -4.675677820503e-01, 6.677609276050e-06, 1.0969e+01, 2.8560e-01, 
 2DIAGNOSTIC,    22, -4.675680925795e-01, 2.633252453019e-06, 1.1238e+01, 2.6941e-01, 
DIAGNOSTIC,Iteration,metricValue,convergenceValue,ITERATION_TIME_INDEX,SINCE_LAST
 2DIAGNOSTIC,     1, -4.258650664181e-01, 1.797693134862e+308, 1.3865e+01, 2.6267e+00, 
 2DIAGNOSTIC,     2, -4.259686074691e-01, 1.797693134862e+308, 1.5449e+01, 1.5843e+00, 
 2DIAGNOSTIC,     3, -4.260095410918e-01, 1.797693134862e+308, 1.7448e+01, 1.9984e+00, 
 2DIAGNOSTIC,     4, -4.260079719339e-01, 1.797693134862e+308, 1.9957e+01, 2.5097e+00, 
 2DIAGNOSTIC,     5, -4.260082656129e-01, 1.797693134862e+308, 2.1516e+01, 1.5583e+00, 
 2DIAGNOSTIC,     6, -4.260081785523e-01, 1.797693134862e+308, 2.3344e+01, 1.8284e+00, 
 2DIAGNOSTIC,     7, -4.260082227653e-01, 1.797693134862e+308, 2.4971e+01, 1.6271e+00, 
 2DIAGNOSTIC,     8, -4.260081623974e-01, 1.797693134862e+308, 2.6705e+01, 1.7335e+00, 
 2DIAGNOSTIC,     9, -4.260077821775e-01, 1.797693134862e+308, 2.8438e+01, 1.7335e+00, 
 2DIAGNOSTIC,    10, -4.260080138393e-01, 1.494352300938e-05, 3.0363e+01, 1.9247e+00, 
 2DIAGNOSTIC,    11, -4.260079261101e-01, 5.185209414310e-06, 3.2053e+01, 1.6903e+00, 
 2DIAGNOSTIC,    12, -4.260078374171e-01, 2.533305015304e-06, 3.3842e+01, 1.7885e+00, 
 2DIAGNOSTIC,    13, -4.260077441196e-01, 2.398781537100e-06, 3.5413e+01, 1.5712e+00, 
 2DIAGNOSTIC,    14, -4.260076577621e-01, 2.208828110403e-06, 3.6936e+01, 1.5238e+00, 
 2DIAGNOSTIC,    15, -4.260077871756e-01, 2.068797468002e-06, 3.8667e+01, 1.7309e+00, 
 2DIAGNOSTIC,    16, -4.260079148120e-01, 1.952160578161e-06, 4.0343e+01, 1.6756e+00, 
 2DIAGNOSTIC,    17, -4.260074193658e-01, 1.834838049886e-06, 4.1938e+01, 1.5947e+00, 
 2DIAGNOSTIC,    18, -4.260075371716e-01, 1.737238824795e-06, 4.3624e+01, 1.6861e+00, 
 2DIAGNOSTIC,    19, -4.260074460366e-01, 1.635614625572e-06, 4.5235e+01, 1.6112e+00, 
 2DIAGNOSTIC,    20, -4.260071471257e-01, 1.545284070890e-06, 4.6671e+01, 1.4359e+00, 
 2DIAGNOSTIC,    21, -4.260070572590e-01, 1.462402856464e-06, 4.8131e+01, 1.4598e+00, 
 2DIAGNOSTIC,    22, -4.260071788866e-01, 1.393208691886e-06, 4.9659e+01, 1.5285e+00, 
 2DIAGNOSTIC,    23, -4.260079245285e-01, 1.353796174552e-06, 5.1422e+01, 1.7630e+00, 
 2DIAGNOSTIC,    24, -4.260078492724e-01, 1.315103158893e-06, 5.3439e+01, 2.0164e+00, 
 2DIAGNOSTIC,    25, -4.260076520674e-01, 1.278963937389e-06, 5.5114e+01, 1.6760e+00, 
 2DIAGNOSTIC,    26, -4.260074540249e-01, 1.244034872311e-06, 5.6858e+01, 1.7439e+00, 
 2DIAGNOSTIC,    27, -4.260073600778e-01, 1.194901397231e-06, 5.8417e+01, 1.5582e+00, 
 2DIAGNOSTIC,    28, -4.260071696328e-01, 1.145536474165e-06, 6.0130e+01, 1.7137e+00, 
 2DIAGNOSTIC,    29, -4.260072880968e-01, 1.099536745236e-06, 6.1700e+01, 1.5692e+00, 
 2DIAGNOSTIC,    30, -4.260075104996e-01, 1.054950415844e-06, 6.3268e+01, 1.5689e+00, 
 2DIAGNOSTIC,    31, -4.260077370683e-01, 1.016707564382e-06, 6.4780e+01, 1.5115e+00, 
  Elapsed time (stage 0): 6.5688e+01


Total elapsed time: 6.5691e+01
Info [verificarlo]: loaded backend libinterflop_vprec.so
Info [interflop-vprec]: load backend with: 
Info [interflop-vprec]: precision-binary32 = 6
Info [interflop-vprec]: range-binary32 = 7
Info [interflop-vprec]: precision-binary64 = 6
Info [interflop-vprec]: range-binary64 = 7
Info [interflop-vprec]: mode = ob
Info [interflop-vprec]: error-mode = rel
Info [interflop-vprec]: max-abs-error-exponent = -1022
Info [interflop-vprec]: daz = false
Info [interflop-vprec]: ftz = false
Info [interflop-vprec]: 	instrument = none
Info [interflop-vprec]: 	prec-input-file = (null)
Info [interflop-vprec]: 	prec-output-file = (null)
Info [interflop-vprec]: 	prec-log-file = (null)
All_Command_lines_OK
Using double precision for computations.
=============================================================================
The composite transform comprises the following transforms (in order): 
  1. /home/mdugre/scratch/mri-registration-rp/datasets/ds004513/derivatives/mri-registration-rp/0011/antsRegistration-r7-p6/sub-s033/rigid_Composite.h5[0] (type = Euler3DTransform)
  2. /home/mdugre/scratch/mri-registration-rp/datasets/ds004513/derivatives/mri-registration-rp/0011/antsRegistration-r7-p6/sub-s033/rigid_Composite.h5[1] (type = Euler3DTransform)
  3. /home/mdugre/scratch/mri-registration-rp/datasets/ds004513/derivatives/mri-registration-rp/0011/antsRegistration-r7-p6/sub-s033/rigid_Composite.h5[2] (type = Euler3DTransform)
=============================================================================
  number of levels = 4
  fixed image: /templateflow/tpl-MNI152NLin2009cAsym/tpl-MNI152NLin2009cAsym_res-01_desc-brain_T1w.nii.gz
  moving image: /home/mdugre/scratch/mri-registration-rp/datasets/ds004513/derivatives/mri-registration-rp/antsBrainExtraction/sub-s033/BrainExtractionBrain.nii.gz
Dimension = 3
Number of stages = 1
Use histogram matching = false
Winsorize image intensities = true
  Lower quantile = 0.005
  Upper quantile = 0.995


Stage 1 State
   Image metric = MattesMI
     Fixed image = Image (0x4ebd1e0)
  RTTI typeinfo:   itk::Image<double, 3u>
  Reference Count: 2
  Modified Time: 1592
  Debug: Off
  Object Name: 
  Observers: 
    none
  Source: (none)
  Source output name: (none)
  Release Data: Off
  Data Released: False
  Global Release Data: Off
  PipelineMTime: 0
  UpdateMTime: 1203
  RealTimeStamp: 0 seconds 
  LargestPossibleRegion: 
    Dimension: 3
    Index: [0, 0, 0]
    Size: [193, 229, 193]
  BufferedRegion: 
    Dimension: 3
    Index: [0, 0, 0]
    Size: [193, 229, 193]
  RequestedRegion: 
    Dimension: 3
    Index: [0, 0, 0]
    Size: [193, 229, 193]
  Spacing: [1, 1, 1]
  Origin: [96, 132, -78]
  Direction: 
-1 0 0
0 -1 0
0 0 1

  IndexToPointMatrix: 
-1 0 0
0 -1 0
0 0 1

  PointToIndexMatrix: 
-1 0 0
0 -1 0
0 0 1

  Inverse Direction: 
-1 0 0
0 -1 0
0 0 1

  PixelContainer: 
    ImportImageContainer (0x4f8a890)
      RTTI typeinfo:   itk::ImportImageContainer<unsigned long, double>
      Reference Count: 1
      Modified Time: 1200
      Debug: Off
      Object Name: 
      Observers: 
        none
      Pointer: 0x145a56ae9010
      Container manages memory: true
      Size: 8530021
      Capacity: 8530021

     Moving image = Image (0x4f89e40)
  RTTI typeinfo:   itk::Image<double, 3u>
  Reference Count: 2
  Modified Time: 1593
  Debug: Off
  Object Name: 
  Observers: 
    none
  Source: (none)
  Source output name: (none)
  Release Data: Off
  Data Released: False
  Global Release Data: Off
  PipelineMTime: 0
  UpdateMTime: 1590
  RealTimeStamp: 0 seconds 
  LargestPossibleRegion: 
    Dimension: 3
    Index: [0, 0, 0]
    Size: [160, 240, 256]
  BufferedRegion: 
    Dimension: 3
    Index: [0, 0, 0]
    Size: [160, 240, 256]
  RequestedRegion: 
    Dimension: 3
    Index: [0, 0, 0]
    Size: [160, 240, 256]
  Spacing: [1, 1, 1]
  Origin: [92, 94, -110]
  Direction: 
-1 -0.0693359 -0.0571289
0.0693359 -1 0.00402832
-0.0571289 0 1

  IndexToPointMatrix: 
-1 -0.0693359 -0.0571289
0.0693359 -1 0.00402832
-0.0571289 0 1

  PointToIndexMatrix: 
-1 0.0693359 -0.0571289
-0.0693359 -1 0
-0.0571289 0.00396729 1

  Inverse Direction: 
-1 0.0693359 -0.0571289
-0.0693359 -1 0
-0.0571289 0.00396729 1

  PixelContainer: 
    ImportImageContainer (0x502aa50)
      RTTI typeinfo:   itk::ImportImageContainer<unsigned long, double>
      Reference Count: 1
      Modified Time: 1587
      Debug: Off
      Object Name: 
      Observers: 
        none
      Pointer: 0x145a51fe8010
      Container manages memory: true
      Size: 9830400
      Capacity: 9830400

     Weighting = 1
     Sampling strategy = regular
     Number of bins = 32
     Radius = 4
     Sampling percentage  = 0.25
   Transform = Affine
     Gradient step = 0.1
     Update field sigma (voxel space) = 0
     Total field sigma (voxel space) = 0
     Update field time sigma = 0
     Total field time sigma  = 0
     Number of time indices = 0
     Number of time point samples = 0
Registration using 1 total stages.

Stage 0
  iterations = 1000x500x250x100
  convergence threshold = 1e-06
  convergence window size = 10
  number of levels = 4
  using the Mattes MI metric (number of bins = 32, weight = 1, use gradient filter = 0)
slurmstepd: error: *** JOB 42421024 ON nc30539 CANCELLED AT 2025-04-10T12:35:52 DUE TO TIME LIMIT ***
