
##########################
# Experiment information #
##########################

EXPERIMENT_NAME: antsRegistration-r7-p23
VFC_BACKENDS: libinterflop_vprec.so --range-binary32=7 --precision-binary32=23 --range-binary64=7 --precision-binary64=23

SIF_IMG: /home/mdugre/projects/rrg-glatard/mdugre/containers/ants-vprec-no_metrics.simg

SUBJECT_ID: s037
INPUT_IMG: /home/mdugre/scratch/mri-registration-rp/datasets/ds004513/derivatives/mri-registration-rp/antsBrainExtraction/sub-s037/BrainExtractionBrain.nii.gz
OUTPUT_DIR: /home/mdugre/scratch/mri-registration-rp/datasets/ds004513/derivatives/mri-registration-rp/0011/antsRegistration-r7-p23/sub-s037

FIXED_IMG: /templateflow/tpl-MNI152NLin2009cAsym/tpl-MNI152NLin2009cAsym_res-01_desc-brain_T1w.nii.gz
DATA_DIR: /home/mdugre/scratch/mri-registration-rp/datasets/ds004513
TEMPLATEFLOW_DIR: /home/mdugre/projects/rrg-glatard/mdugre/templateflow
ITK_GLOBAL_DEFAULT_NUMBER_OF_THREADS: 16
##########################

Info [verificarlo]: loaded backend libinterflop_ieee.so
Info [interflop-ieee]: load backend with:
Info [interflop-ieee]: debug = false
Info [interflop-ieee]: debug-binary = false
Info [interflop-ieee]: no-backend-name = false
Info [interflop-ieee]: print-new-line = false
Info [interflop-ieee]: print-subnormal-normalized = false
Info [interflop-ieee]: count-op = false
All_Command_lines_OK
Using double precision for computations.
=============================================================================
The composite transform comprises the following transforms (in order): 
  1. Center of mass alignment using fixed image: /templateflow/tpl-MNI152NLin2009cAsym/tpl-MNI152NLin2009cAsym_res-01_desc-brain_T1w.nii.gz and moving image: /home/mdugre/scratch/mri-registration-rp/datasets/ds004513/derivatives/mri-registration-rp/antsBrainExtraction/sub-s037/BrainExtractionBrain.nii.gz (type = Euler3DTransform)
=============================================================================
  number of levels = 1
  fixed image: /templateflow/tpl-MNI152NLin2009cAsym/tpl-MNI152NLin2009cAsym_res-01_desc-brain_T1w.nii.gz
  moving image: /home/mdugre/scratch/mri-registration-rp/datasets/ds004513/derivatives/mri-registration-rp/antsBrainExtraction/sub-s037/BrainExtractionBrain.nii.gz
Dimension = 3
Number of stages = 1
Use histogram matching = false
Winsorize image intensities = true
  Lower quantile = 0.005
  Upper quantile = 0.995


Stage 1 State
   Image metric = MattesMI
     Fixed image = Image (0x4958e70)
  RTTI typeinfo:   itk::Image<double, 3u>
  Reference Count: 2
  Modified Time: 2330
  Debug: Off
  Object Name: 
  Observers: 
    none
  Source: (none)
  Source output name: (none)
  Release Data: Off
  Data Released: False
  Global Release Data: Off
  PipelineMTime: 0
  UpdateMTime: 1941
  RealTimeStamp: 0 seconds 
  LargestPossibleRegion: 
    Dimension: 3
    Index: [0, 0, 0]
    Size: [193, 229, 193]
  BufferedRegion: 
    Dimension: 3
    Index: [0, 0, 0]
    Size: [193, 229, 193]
  RequestedRegion: 
    Dimension: 3
    Index: [0, 0, 0]
    Size: [193, 229, 193]
  Spacing: [1, 1, 1]
  Origin: [96, 132, -78]
  Direction: 
-1 0 0
0 -1 0
0 0 1

  IndexToPointMatrix: 
-1 0 0
0 -1 0
0 0 1

  PointToIndexMatrix: 
-1 0 0
0 -1 0
0 0 1

  Inverse Direction: 
-1 0 0
0 -1 0
0 0 1

  PixelContainer: 
    ImportImageContainer (0x4961c60)
      RTTI typeinfo:   itk::ImportImageContainer<unsigned long, double>
      Reference Count: 1
      Modified Time: 1938
      Debug: Off
      Object Name: 
      Observers: 
        none
      Pointer: 0x14abd1783010
      Container manages memory: true
      Size: 8530021
      Capacity: 8530021

     Moving image = Image (0x49f5ec0)
  RTTI typeinfo:   itk::Image<double, 3u>
  Reference Count: 2
  Modified Time: 2331
  Debug: Off
  Object Name: 
  Observers: 
    none
  Source: (none)
  Source output name: (none)
  Release Data: Off
  Data Released: False
  Global Release Data: Off
  PipelineMTime: 0
  UpdateMTime: 2328
  RealTimeStamp: 0 seconds 
  LargestPossibleRegion: 
    Dimension: 3
    Index: [0, 0, 0]
    Size: [160, 240, 256]
  BufferedRegion: 
    Dimension: 3
    Index: [0, 0, 0]
    Size: [160, 240, 256]
  RequestedRegion: 
    Dimension: 3
    Index: [0, 0, 0]
    Size: [160, 240, 256]
  Spacing: [1, 1, 1]
  Origin: [87.9508, 102.562, -147.639]
  Direction: 
-0.998659 -0.0436121 -0.0279129
0.043595 -0.999049 0.00121847
-0.0279395 -2.65543e-08 0.99961

  IndexToPointMatrix: 
-0.998659 -0.0436121 -0.0279129
0.043595 -0.999049 0.00121847
-0.0279395 -2.65543e-08 0.99961

  PointToIndexMatrix: 
-0.998659 0.043595 -0.0279395
-0.0436121 -0.999049 -2.65517e-08
-0.0279129 0.00121847 0.99961

  Inverse Direction: 
-0.998659 0.043595 -0.0279395
-0.0436121 -0.999049 -2.65517e-08
-0.0279129 0.00121847 0.99961

  PixelContainer: 
    ImportImageContainer (0x4a8d610)
      RTTI typeinfo:   itk::ImportImageContainer<unsigned long, double>
      Reference Count: 1
      Modified Time: 2325
      Debug: Off
      Object Name: 
      Observers: 
        none
      Pointer: 0x14abccc82010
      Container manages memory: true
      Size: 9830400
      Capacity: 9830400

     Weighting = 1
     Sampling strategy = regular
     Number of bins = 32
     Radius = 4
     Sampling percentage  = 0.25
   Transform = Rigid
     Gradient step = 0.1
     Update field sigma (voxel space) = 0
     Total field sigma (voxel space) = 0
     Update field time sigma = 0
     Total field time sigma  = 0
     Number of time indices = 0
     Number of time point samples = 0
Registration using 1 total stages.

Stage 0
  iterations = 0
  convergence threshold = 1e-06
  convergence window size = 10
  number of levels = 1
  using the Mattes MI metric (number of bins = 32, weight = 1, use gradient filter = 0)
  preprocessing:  winsorizing the image intensities
  Shrink factors (level 1 out of 1): [1, 1, 1]
  smoothing sigmas per level: [0]
  regular sampling (percentage = 0.25)

*** Running Euler3DTransform registration ***

  Elapsed time (stage 0): 1.08429


Total elapsed time: 1.08647
Info [verificarlo]: loaded backend libinterflop_ieee.so
Info [interflop-ieee]: load backend with:
Info [interflop-ieee]: debug = false
Info [interflop-ieee]: debug-binary = false
Info [interflop-ieee]: no-backend-name = false
Info [interflop-ieee]: print-new-line = false
Info [interflop-ieee]: print-subnormal-normalized = false
Info [interflop-ieee]: count-op = false
All_Command_lines_OK
Using double precision for computations.
=============================================================================
The composite transform comprises the following transforms (in order): 
  1. /home/mdugre/scratch/mri-registration-rp/datasets/ds004513/derivatives/mri-registration-rp/0011/antsRegistration-r7-p23/sub-s037/align_Composite.h5[0] (type = Euler3DTransform)
  2. /home/mdugre/scratch/mri-registration-rp/datasets/ds004513/derivatives/mri-registration-rp/0011/antsRegistration-r7-p23/sub-s037/align_Composite.h5[1] (type = Euler3DTransform)
=============================================================================
  number of levels = 4
  fixed image: /templateflow/tpl-MNI152NLin2009cAsym/tpl-MNI152NLin2009cAsym_res-01_desc-brain_T1w.nii.gz
  moving image: /home/mdugre/scratch/mri-registration-rp/datasets/ds004513/derivatives/mri-registration-rp/antsBrainExtraction/sub-s037/BrainExtractionBrain.nii.gz
Dimension = 3
Number of stages = 1
Use histogram matching = false
Winsorize image intensities = true
  Lower quantile = 0.005
  Upper quantile = 0.995


Stage 1 State
   Image metric = MattesMI
     Fixed image = Image (0x390b530)
  RTTI typeinfo:   itk::Image<double, 3u>
  Reference Count: 2
  Modified Time: 1578
  Debug: Off
  Object Name: 
  Observers: 
    none
  Source: (none)
  Source output name: (none)
  Release Data: Off
  Data Released: False
  Global Release Data: Off
  PipelineMTime: 0
  UpdateMTime: 1189
  RealTimeStamp: 0 seconds 
  LargestPossibleRegion: 
    Dimension: 3
    Index: [0, 0, 0]
    Size: [193, 229, 193]
  BufferedRegion: 
    Dimension: 3
    Index: [0, 0, 0]
    Size: [193, 229, 193]
  RequestedRegion: 
    Dimension: 3
    Index: [0, 0, 0]
    Size: [193, 229, 193]
  Spacing: [1, 1, 1]
  Origin: [96, 132, -78]
  Direction: 
-1 0 0
0 -1 0
0 0 1

  IndexToPointMatrix: 
-1 0 0
0 -1 0
0 0 1

  PointToIndexMatrix: 
-1 0 0
0 -1 0
0 0 1

  Inverse Direction: 
-1 0 0
0 -1 0
0 0 1

  PixelContainer: 
    ImportImageContainer (0x39c9d60)
      RTTI typeinfo:   itk::ImportImageContainer<unsigned long, double>
      Reference Count: 1
      Modified Time: 1186
      Debug: Off
      Object Name: 
      Observers: 
        none
      Pointer: 0x145c3fbf6010
      Container manages memory: true
      Size: 8530021
      Capacity: 8530021

     Moving image = Image (0x39bbf60)
  RTTI typeinfo:   itk::Image<double, 3u>
  Reference Count: 2
  Modified Time: 1579
  Debug: Off
  Object Name: 
  Observers: 
    none
  Source: (none)
  Source output name: (none)
  Release Data: Off
  Data Released: False
  Global Release Data: Off
  PipelineMTime: 0
  UpdateMTime: 1576
  RealTimeStamp: 0 seconds 
  LargestPossibleRegion: 
    Dimension: 3
    Index: [0, 0, 0]
    Size: [160, 240, 256]
  BufferedRegion: 
    Dimension: 3
    Index: [0, 0, 0]
    Size: [160, 240, 256]
  RequestedRegion: 
    Dimension: 3
    Index: [0, 0, 0]
    Size: [160, 240, 256]
  Spacing: [1, 1, 1]
  Origin: [87.9508, 102.562, -147.639]
  Direction: 
-0.998659 -0.0436121 -0.0279129
0.043595 -0.999049 0.00121847
-0.0279395 -2.65543e-08 0.99961

  IndexToPointMatrix: 
-0.998659 -0.0436121 -0.0279129
0.043595 -0.999049 0.00121847
-0.0279395 -2.65543e-08 0.99961

  PointToIndexMatrix: 
-0.998659 0.043595 -0.0279395
-0.0436121 -0.999049 -2.65517e-08
-0.0279129 0.00121847 0.99961

  Inverse Direction: 
-0.998659 0.043595 -0.0279395
-0.0436121 -0.999049 -2.65517e-08
-0.0279129 0.00121847 0.99961

  PixelContainer: 
    ImportImageContainer (0x39ad6d0)
      RTTI typeinfo:   itk::ImportImageContainer<unsigned long, double>
      Reference Count: 1
      Modified Time: 1573
      Debug: Off
      Object Name: 
      Observers: 
        none
      Pointer: 0x145c3b0f5010
      Container manages memory: true
      Size: 9830400
      Capacity: 9830400

     Weighting = 1
     Sampling strategy = regular
     Number of bins = 32
     Radius = 4
     Sampling percentage  = 0.25
   Transform = Rigid
     Gradient step = 0.1
     Update field sigma (voxel space) = 0
     Total field sigma (voxel space) = 0
     Update field time sigma = 0
     Total field time sigma  = 0
     Number of time indices = 0
     Number of time point samples = 0
Registration using 1 total stages.

Stage 0
  iterations = 1000x500x250x100
  convergence threshold = 1e-06
  convergence window size = 10
  number of levels = 4
  using the Mattes MI metric (number of bins = 32, weight = 1, use gradient filter = 0)
  preprocessing:  winsorizing the image intensities
  Shrink factors (level 1 out of 4): [8, 8, 8]
  Shrink factors (level 2 out of 4): [4, 4, 4]
  Shrink factors (level 3 out of 4): [2, 2, 2]
  Shrink factors (level 4 out of 4): [1, 1, 1]
  smoothing sigmas per level: [3, 2, 1, 0]
  regular sampling (percentage = 0.25)

*** Running Euler3DTransform registration ***

DIAGNOSTIC,Iteration,metricValue,convergenceValue,ITERATION_TIME_INDEX,SINCE_LAST
 2DIAGNOSTIC,     1, -4.299060189477e-01, 1.797693134862e+308, 9.5974e-01, 9.5974e-01, 
 2DIAGNOSTIC,     2, -4.311703807429e-01, 1.797693134862e+308, 9.6528e-01, 5.5420e-03, 
 2DIAGNOSTIC,     3, -4.334997061176e-01, 1.797693134862e+308, 9.7094e-01, 5.6610e-03, 
 2DIAGNOSTIC,     4, -4.389575130370e-01, 1.797693134862e+308, 9.7603e-01, 5.0910e-03, 
 2DIAGNOSTIC,     5, -4.438813134482e-01, 1.797693134862e+308, 9.8148e-01, 5.4500e-03, 
 2DIAGNOSTIC,     6, -4.461495460377e-01, 1.797693134862e+308, 9.8837e-01, 6.8860e-03, 
 2DIAGNOSTIC,     7, -4.511407144429e-01, 1.797693134862e+308, 9.9554e-01, 7.1769e-03, 
 2DIAGNOSTIC,     8, -4.667812032718e-01, 1.797693134862e+308, 1.0018e+00, 6.2749e-03, 
 2DIAGNOSTIC,     9, -4.753090114372e-01, 1.797693134862e+308, 1.0081e+00, 6.3159e-03, 
 2DIAGNOSTIC,    10, -4.802481719655e-01, 7.481707542057e-03, 1.0144e+00, 6.2761e-03, 
 2DIAGNOSTIC,    11, -4.821261368877e-01, 7.356704266140e-03, 1.0200e+00, 5.5499e-03, 
 2DIAGNOSTIC,    12, -4.837491005316e-01, 6.749992380106e-03, 1.0264e+00, 6.4449e-03, 
 2DIAGNOSTIC,    13, -5.028244927610e-01, 6.622215038739e-03, 1.0355e+00, 9.0611e-03, 
 2DIAGNOSTIC,    14, -5.042109134421e-01, 6.183615245758e-03, 1.0415e+00, 6.0270e-03, 
 2DIAGNOSTIC,    15, -5.066116081856e-01, 5.558135432388e-03, 1.0472e+00, 5.6899e-03, 
 2DIAGNOSTIC,    16, -5.083451635841e-01, 4.676295421301e-03, 1.0528e+00, 5.6009e-03, 
 2DIAGNOSTIC,    17, -5.184993492729e-01, 3.998770500800e-03, 1.0612e+00, 8.4400e-03, 
 2DIAGNOSTIC,    18, -5.256348855893e-01, 3.769024583679e-03, 1.0669e+00, 5.7242e-03, 
 2DIAGNOSTIC,    19, -5.260487276841e-01, 3.491513202688e-03, 1.0731e+00, 6.1979e-03, 
 2DIAGNOSTIC,    20, -5.292109530707e-01, 3.174906810666e-03, 1.0795e+00, 6.3379e-03, 
 2DIAGNOSTIC,    21, -5.301818284785e-01, 2.681600080543e-03, 1.0848e+00, 5.2850e-03, 
 2DIAGNOSTIC,    22, -5.312241433039e-01, 2.041189023476e-03, 1.0907e+00, 5.9419e-03, 
 2DIAGNOSTIC,    23, -5.321371423030e-01, 1.776979549347e-03, 1.0972e+00, 6.4950e-03, 
 2DIAGNOSTIC,    24, -5.330747240674e-01, 1.429098333886e-03, 1.1025e+00, 5.2600e-03, 
 2DIAGNOSTIC,    25, -5.340979450433e-01, 1.060387702962e-03, 1.1084e+00, 5.9550e-03, 
 2DIAGNOSTIC,    26, -5.353301863241e-01, 6.839349848115e-04, 1.1160e+00, 7.5521e-03, 
 2DIAGNOSTIC,    27, -5.359877920535e-01, 5.005583480944e-04, 1.1212e+00, 5.1930e-03, 
 2DIAGNOSTIC,    28, -5.363338959038e-01, 4.385714864743e-04, 1.1263e+00, 5.1088e-03, 
 2DIAGNOSTIC,    29, -5.373050899704e-01, 3.660300891140e-04, 1.1312e+00, 4.9241e-03, 
 2DIAGNOSTIC,    30, -5.398201294189e-01, 3.715999801020e-04, 1.1369e+00, 5.7051e-03, 
 2DIAGNOSTIC,    31, -5.446420109401e-01, 4.465253224778e-04, 1.1491e+00, 1.2151e-02, 
 2DIAGNOSTIC,    32, -5.446643657651e-01, 4.912593800084e-04, 1.1538e+00, 4.7328e-03, 
 2DIAGNOSTIC,    33, -5.447645167262e-01, 5.056405726221e-04, 1.1585e+00, 4.7009e-03, 
 2DIAGNOSTIC,    34, -5.449309637292e-01, 4.904045425220e-04, 1.1634e+00, 4.9078e-03, 
 2DIAGNOSTIC,    35, -5.452044483422e-01, 4.491495996221e-04, 1.1681e+00, 4.7021e-03, 
 2DIAGNOSTIC,    36, -5.456974309199e-01, 3.933071180067e-04, 1.1729e+00, 4.8110e-03, 
 2DIAGNOSTIC,    37, -5.462998701798e-01, 3.227884495810e-04, 1.1775e+00, 4.5738e-03, 
 2DIAGNOSTIC,    38, -5.470544239522e-01, 2.429357482252e-04, 1.1821e+00, 4.6039e-03, 
 2DIAGNOSTIC,    39, -5.483332261030e-01, 1.763382535599e-04, 1.1872e+00, 5.1198e-03, 
 2DIAGNOSTIC,    40, -5.485726253929e-01, 1.327674493050e-04, 1.1918e+00, 4.6070e-03, 
 2DIAGNOSTIC,    41, -5.488484941689e-01, 1.482771655787e-04, 1.1970e+00, 5.1491e-03, 
 2DIAGNOSTIC,    42, -5.491455884315e-01, 1.532241645967e-04, 1.2016e+00, 4.6790e-03, 
 2DIAGNOSTIC,    43, -5.502462932115e-01, 1.586795062859e-04, 1.2157e+00, 1.4051e-02, 
 2DIAGNOSTIC,    44, -5.634829759114e-01, 3.167354491569e-04, 1.2234e+00, 7.7021e-03, 
 2DIAGNOSTIC,    45, -5.666142038490e-01, 4.741783866176e-04, 1.2287e+00, 5.3430e-03, 
 2DIAGNOSTIC,    46, -5.686703111049e-01, 6.104962549766e-04, 1.2339e+00, 5.1920e-03, 
 2DIAGNOSTIC,    47, -5.690852455980e-01, 6.962030412622e-04, 1.2385e+00, 4.5540e-03, 
 2DIAGNOSTIC,    48, -5.696227775945e-01, 7.258657261130e-04, 1.2430e+00, 4.5090e-03, 
 2DIAGNOSTIC,    49, -5.705355487683e-01, 7.069132720845e-04, 1.2480e+00, 4.9958e-03, 
 2DIAGNOSTIC,    50, -5.708767272451e-01, 6.263666000338e-04, 1.2530e+00, 4.9779e-03, 
 2DIAGNOSTIC,    51, -5.710058535919e-01, 4.956718672213e-04, 1.2578e+00, 4.7870e-03, 
 2DIAGNOSTIC,    52, -5.728554351746e-01, 3.473719954879e-04, 1.2638e+00, 6.0320e-03, 
 2DIAGNOSTIC,    53, -5.746904214706e-01, 1.982836307305e-04, 1.2683e+00, 4.5440e-03, 
 2DIAGNOSTIC,    54, -5.763603555835e-01, 1.848927308374e-04, 1.2735e+00, 5.1231e-03, 
 2DIAGNOSTIC,    55, -5.783927014722e-01, 2.046630843091e-04, 1.2785e+00, 5.0690e-03, 
 2DIAGNOSTIC,    56, -5.784503979834e-01, 2.243906305882e-04, 1.2836e+00, 5.0781e-03, 
 2DIAGNOSTIC,    57, -5.798503172898e-01, 2.391659627697e-04, 1.2883e+00, 4.7040e-03, 
 2DIAGNOSTIC,    58, -5.809003104879e-01, 2.445587847781e-04, 1.2933e+00, 5.0349e-03, 
 2DIAGNOSTIC,    59, -5.812641527227e-01, 2.376540027801e-04, 1.2984e+00, 5.0471e-03, 
 2DIAGNOSTIC,    60, -5.813158612296e-01, 2.120426362897e-04, 1.3029e+00, 4.4651e-03, 
 2DIAGNOSTIC,    61, -5.813061584276e-01, 1.681082630167e-04, 1.3073e+00, 4.4940e-03, 
 2DIAGNOSTIC,    62, -5.816042243814e-01, 1.279708102994e-04, 1.3126e+00, 5.2271e-03, 
 2DIAGNOSTIC,    63, -5.828148803627e-01, 1.023229438183e-04, 1.3189e+00, 6.3372e-03, 
 2DIAGNOSTIC,    64, -5.828013057402e-01, 8.092839153257e-05, 1.3262e+00, 7.3280e-03, 
 2DIAGNOSTIC,    65, -5.827979202484e-01, 6.954737611691e-05, 1.3307e+00, 4.5040e-03, 
 2DIAGNOSTIC,    66, -5.828718367396e-01, 5.293866000107e-05, 1.3358e+00, 5.0809e-03, 
 2DIAGNOSTIC,    67, -5.829807177818e-01, 4.348937305148e-05, 1.3406e+00, 4.7350e-03, 
 2DIAGNOSTIC,    68, -5.831243623313e-01, 3.924949311897e-05, 1.3452e+00, 4.5922e-03, 
 2DIAGNOSTIC,    69, -5.832907504379e-01, 3.546185048171e-05, 1.3502e+00, 5.0602e-03, 
 2DIAGNOSTIC,    70, -5.833586543720e-01, 2.949624702972e-05, 1.3548e+00, 4.5400e-03, 
 2DIAGNOSTIC,    71, -5.833603267988e-01, 2.090847808050e-05, 1.3594e+00, 4.6580e-03, 
 2DIAGNOSTIC,    72, -5.834581031029e-01, 1.326198719415e-05, 1.3639e+00, 4.5049e-03, 
 2DIAGNOSTIC,    73, -5.835408127292e-01, 1.392129080403e-05, 1.3685e+00, 4.5371e-03, 
 2DIAGNOSTIC,    74, -5.836220266947e-01, 1.373184308709e-05, 1.3735e+00, 5.0762e-03, 
 2DIAGNOSTIC,    75, -5.836802405088e-01, 1.265335455855e-05, 1.3780e+00, 4.4541e-03, 
 2DIAGNOSTIC,    76, -5.836951801497e-01, 1.105286632176e-05, 1.3825e+00, 4.4820e-03, 
 2DIAGNOSTIC,    77, -5.839411936496e-01, 1.088378670300e-05, 1.3869e+00, 4.4641e-03, 
 2DIAGNOSTIC,    78, -5.842675471947e-01, 1.279100454104e-05, 1.3920e+00, 5.0921e-03, 
 2DIAGNOSTIC,    79, -5.850810493458e-01, 1.989431972962e-05, 1.3987e+00, 6.7241e-03, 
 2DIAGNOSTIC,    80, -5.848971651370e-01, 2.407734441569e-05, 1.4034e+00, 4.6110e-03, 
 2DIAGNOSTIC,    81, -5.849144143134e-01, 2.610814950101e-05, 1.4084e+00, 5.0340e-03, 
 2DIAGNOSTIC,    82, -5.849231428977e-01, 2.631420713828e-05, 1.4129e+00, 4.4799e-03, 
 2DIAGNOSTIC,    83, -5.850295645581e-01, 2.511585947370e-05, 1.4179e+00, 5.0189e-03, 
 2DIAGNOSTIC,    84, -5.849862573429e-01, 2.170852657758e-05, 1.4223e+00, 4.4601e-03, 
 2DIAGNOSTIC,    85, -5.850196433829e-01, 1.695532377954e-05, 1.4286e+00, 6.2041e-03, 
 2DIAGNOSTIC,    86, -5.851336667021e-01, 1.156695549070e-05, 1.4332e+00, 4.6179e-03, 
 2DIAGNOSTIC,    87, -5.851465033218e-01, 6.738803289479e-06, 1.4386e+00, 5.3899e-03, 
 2DIAGNOSTIC,    88, -5.850087009227e-01, 2.378087811301e-06, 1.4434e+00, 4.7929e-03, 
 2DIAGNOSTIC,    89, -5.850618863958e-01, 3.053805958110e-06, 1.4482e+00, 4.8499e-03, 
 2DIAGNOSTIC,    90, -5.850645030544e-01, 2.396290811356e-06, 1.4534e+00, 5.1990e-03, 
 2DIAGNOSTIC,    91, -5.852231457444e-01, 2.541264266201e-06, 1.4603e+00, 6.8860e-03, 
 2DIAGNOSTIC,    92, -5.851675924286e-01, 2.171379907333e-06, 1.4655e+00, 5.2431e-03, 
 2DIAGNOSTIC,    93, -5.851744873710e-01, 2.317120921360e-06, 1.4706e+00, 5.0461e-03, 
 2DIAGNOSTIC,    94, -5.851844868694e-01, 2.098218255276e-06, 1.4751e+00, 4.5080e-03, 
 2DIAGNOSTIC,    95, -5.851920409291e-01, 1.899100070084e-06, 1.4796e+00, 4.5259e-03, 
 2DIAGNOSTIC,    96, -5.852030469384e-01, 2.208423229131e-06, 1.4843e+00, 4.6470e-03, 
 2DIAGNOSTIC,    97, -5.851391502685e-01, 2.085720933836e-06, 1.4887e+00, 4.4570e-03, 
 2DIAGNOSTIC,    98, -5.852488466574e-01, 1.666628394764e-06, 1.4932e+00, 4.4780e-03, 
 2DIAGNOSTIC,    99, -5.854017034727e-01, 2.185848901668e-06, 1.5003e+00, 7.1321e-03, 
 2DIAGNOSTIC,   100, -5.854532220280e-01, 2.745973318558e-06, 1.5052e+00, 4.8931e-03, 
 2DIAGNOSTIC,   101, -5.855097229377e-01, 4.178569074850e-06, 1.5096e+00, 4.4260e-03, 
 2DIAGNOSTIC,   102, -5.855909553120e-01, 5.349695525184e-06, 1.5141e+00, 4.4549e-03, 
 2DIAGNOSTIC,   103, -5.856727246320e-01, 6.438534014781e-06, 1.5196e+00, 5.4922e-03, 
 2DIAGNOSTIC,   104, -5.858098067515e-01, 7.616929934782e-06, 1.5251e+00, 5.5130e-03, 
 2DIAGNOSTIC,   105, -5.857941015185e-01, 8.012968746364e-06, 1.5298e+00, 4.6940e-03, 
 2DIAGNOSTIC,   106, -5.858438549052e-01, 7.987434596337e-06, 1.5342e+00, 4.4351e-03, 
 2DIAGNOSTIC,   107, -5.859229636310e-01, 7.284221609146e-06, 1.5387e+00, 4.4749e-03, 
 2DIAGNOSTIC,   108, -5.861859772233e-01, 7.656528578450e-06, 1.5443e+00, 5.5718e-03, 
 2DIAGNOSTIC,   109, -5.861793080504e-01, 7.960991792096e-06, 1.5505e+00, 6.2158e-03, 
 2DIAGNOSTIC,   110, -5.863254677988e-01, 8.461766719661e-06, 1.5554e+00, 4.8900e-03, 
 2DIAGNOSTIC,   111, -5.863706981009e-01, 8.631373334358e-06, 1.5609e+00, 5.5439e-03, 
 2DIAGNOSTIC,   112, -5.863533100610e-01, 8.268378769534e-06, 1.5655e+00, 4.5700e-03, 
 2DIAGNOSTIC,   113, -5.869525242372e-01, 1.020190559362e-05, 1.5706e+00, 5.1339e-03, 
 2DIAGNOSTIC,   114, -5.872301806266e-01, 1.292942628765e-05, 1.5759e+00, 5.2540e-03, 
 2DIAGNOSTIC,   115, -5.872938313419e-01, 1.459625911026e-05, 1.5810e+00, 5.1041e-03, 
 2DIAGNOSTIC,   116, -5.874532092656e-01, 1.581488127261e-05, 1.5855e+00, 4.4630e-03, 
 2DIAGNOSTIC,   117, -5.874998050791e-01, 1.602614437532e-05, 1.5905e+00, 5.0361e-03, 
 2DIAGNOSTIC,   118, -5.873869865875e-01, 1.532818366728e-05, 1.5956e+00, 5.1451e-03, 
 2DIAGNOSTIC,   119, -5.874094500577e-01, 1.323156550494e-05, 1.6007e+00, 5.1019e-03, 
 2DIAGNOSTIC,   120, -5.872795087575e-01, 1.000346370594e-05, 1.6058e+00, 5.1019e-03, 
 2DIAGNOSTIC,   121, -5.872839463138e-01, 6.145438011338e-06, 1.6109e+00, 5.0619e-03, 
 2DIAGNOSTIC,   122, -5.872942774085e-01, 1.692447655436e-06, 1.6154e+00, 4.4870e-03, 
DIAGNOSTIC,Iteration,metricValue,convergenceValue,ITERATION_TIME_INDEX,SINCE_LAST
 2DIAGNOSTIC,     1, -4.735857775692e-01, 1.797693134862e+308, 2.3723e+00, 7.5693e-01, 
 2DIAGNOSTIC,     2, -4.743632823970e-01, 1.797693134862e+308, 2.4034e+00, 3.1078e-02, 
 2DIAGNOSTIC,     3, -4.754441585900e-01, 1.797693134862e+308, 2.4347e+00, 3.1301e-02, 
 2DIAGNOSTIC,     4, -4.773336070475e-01, 1.797693134862e+308, 2.4657e+00, 3.0963e-02, 
 2DIAGNOSTIC,     5, -4.802949891778e-01, 1.797693134862e+308, 2.4973e+00, 3.1653e-02, 
 2DIAGNOSTIC,     6, -4.822468197335e-01, 1.797693134862e+308, 2.5342e+00, 3.6889e-02, 
 2DIAGNOSTIC,     7, -4.836389054007e-01, 1.797693134862e+308, 2.5681e+00, 3.3871e-02, 
 2DIAGNOSTIC,     8, -4.838182481743e-01, 1.797693134862e+308, 2.6027e+00, 3.4638e-02, 
 2DIAGNOSTIC,     9, -4.840389457250e-01, 1.797693134862e+308, 2.6347e+00, 3.2022e-02, 
 2DIAGNOSTIC,    10, -4.849081542283e-01, 1.715708074293e-03, 2.6705e+00, 3.5805e-02, 
 2DIAGNOSTIC,    11, -4.850944792015e-01, 1.378665844749e-03, 2.7260e+00, 5.5472e-02, 
 2DIAGNOSTIC,    12, -4.852071052218e-01, 1.019720501077e-03, 2.7634e+00, 3.7393e-02, 
 2DIAGNOSTIC,    13, -4.852898875024e-01, 6.783510634675e-04, 2.8014e+00, 3.7993e-02, 
 2DIAGNOSTIC,    14, -4.854140422019e-01, 4.078086767339e-04, 2.8472e+00, 4.5777e-02, 
 2DIAGNOSTIC,    15, -4.855053985371e-01, 2.545852928266e-04, 2.8949e+00, 4.7707e-02, 
 2DIAGNOSTIC,    16, -4.856899860908e-01, 1.747459297650e-04, 2.9287e+00, 3.3785e-02, 
 2DIAGNOSTIC,    17, -4.857144421497e-01, 1.378124560849e-04, 2.9595e+00, 3.0807e-02, 
 2DIAGNOSTIC,    18, -4.857805534859e-01, 1.007508527596e-04, 2.9934e+00, 3.3919e-02, 
 2DIAGNOSTIC,    19, -4.858838729423e-01, 6.780313889138e-05, 3.0240e+00, 3.0569e-02, 
 2DIAGNOSTIC,    20, -4.860337964504e-01, 6.181894072579e-05, 3.0579e+00, 3.3985e-02, 
 2DIAGNOSTIC,    21, -4.861754062243e-01, 5.982942827307e-05, 3.0886e+00, 3.0695e-02, 
 2DIAGNOSTIC,    22, -4.872059754822e-01, 8.310764030661e-05, 3.1383e+00, 4.9623e-02, 
 2DIAGNOSTIC,    23, -4.879628663265e-01, 1.174943799123e-04, 3.1729e+00, 3.4639e-02, 
 2DIAGNOSTIC,    24, -4.881249528647e-01, 1.448865169588e-04, 3.2039e+00, 3.1007e-02, 
 2DIAGNOSTIC,    25, -4.881983121606e-01, 1.607896922317e-04, 3.2342e+00, 3.0251e-02, 
 2DIAGNOSTIC,    26, -4.885916788481e-01, 1.736734356763e-04, 3.2696e+00, 3.5430e-02, 
 2DIAGNOSTIC,    27, -4.891696110031e-01, 1.818672516650e-04, 3.3101e+00, 4.0552e-02, 
 2DIAGNOSTIC,    28, -4.895781126912e-01, 1.818168556212e-04, 3.3415e+00, 3.1324e-02, 
 2DIAGNOSTIC,    29, -4.898148790450e-01, 1.717932489663e-04, 3.3710e+00, 2.9516e-02, 
 2DIAGNOSTIC,    30, -4.900108745479e-01, 1.535589349574e-04, 3.4021e+00, 3.1146e-02, 
 2DIAGNOSTIC,    31, -4.902688481186e-01, 1.292033552596e-04, 3.4482e+00, 4.6030e-02, 
 2DIAGNOSTIC,    32, -4.905238362311e-01, 1.171897951593e-04, 3.4865e+00, 3.8354e-02, 
 2DIAGNOSTIC,    33, -4.905399511485e-01, 1.084697203682e-04, 3.5175e+00, 3.0973e-02, 
 2DIAGNOSTIC,    34, -4.905501504351e-01, 9.325035543174e-05, 3.5517e+00, 3.4246e-02, 
 2DIAGNOSTIC,    35, -4.905581372969e-01, 7.152281207413e-05, 3.5862e+00, 3.4481e-02, 
 2DIAGNOSTIC,    36, -4.905877076005e-01, 5.095506281175e-05, 3.6229e+00, 3.6661e-02, 
 2DIAGNOSTIC,    37, -4.907404925915e-01, 3.811786645846e-05, 3.6579e+00, 3.5073e-02, 
 2DIAGNOSTIC,    38, -4.907466222054e-01, 2.871567205182e-05, 3.6964e+00, 3.8443e-02, 
 2DIAGNOSTIC,    39, -4.908924490884e-01, 2.293391844891e-05, 3.7258e+00, 2.9410e-02, 
 2DIAGNOSTIC,    40, -4.910747514318e-01, 2.077748306045e-05, 3.7607e+00, 3.4933e-02, 
 2DIAGNOSTIC,    41, -4.911872988933e-01, 2.194045083572e-05, 3.8087e+00, 4.8015e-02, 
 2DIAGNOSTIC,    42, -4.912344337460e-01, 2.520907678483e-05, 3.8444e+00, 3.5640e-02, 
 2DIAGNOSTIC,    43, -4.912369540194e-01, 2.627015913658e-05, 3.8738e+00, 2.9430e-02, 
 2DIAGNOSTIC,    44, -4.912681200684e-01, 2.541591517457e-05, 3.9071e+00, 3.3312e-02, 
 2DIAGNOSTIC,    45, -4.912887471660e-01, 2.257122042188e-05, 3.9432e+00, 3.6047e-02, 
 2DIAGNOSTIC,    46, -4.912874586385e-01, 1.805742800264e-05, 3.9742e+00, 3.1021e-02, 
 2DIAGNOSTIC,    47, -4.913057297779e-01, 1.425134208862e-05, 4.0099e+00, 3.5664e-02, 
 2DIAGNOSTIC,    48, -4.913447844641e-01, 9.846880850546e-06, 4.0488e+00, 3.8942e-02, 
 2DIAGNOSTIC,    49, -4.913515125477e-01, 6.505841053474e-06, 4.0830e+00, 3.4218e-02, 
 2DIAGNOSTIC,    50, -4.913556334609e-01, 4.884671308537e-06, 4.1161e+00, 3.3085e-02, 
 2DIAGNOSTIC,    51, -4.913627145989e-01, 4.285062535747e-06, 4.1456e+00, 2.9456e-02, 
 2DIAGNOSTIC,    52, -4.913660408288e-01, 3.925571883816e-06, 4.1845e+00, 3.8956e-02, 
 2DIAGNOSTIC,    53, -4.913893702145e-01, 3.531655572729e-06, 4.2177e+00, 3.3231e-02, 
 2DIAGNOSTIC,    54, -4.914054465609e-01, 3.369712682933e-06, 4.2518e+00, 3.4028e-02, 
 2DIAGNOSTIC,    55, -4.914193488969e-01, 3.319970122418e-06, 4.2818e+00, 2.9997e-02, 
 2DIAGNOSTIC,    56, -4.914382765944e-01, 3.193570896998e-06, 4.3122e+00, 3.0431e-02, 
 2DIAGNOSTIC,    57, -4.916043686119e-01, 4.691729370069e-06, 4.3467e+00, 3.4453e-02, 
 2DIAGNOSTIC,    58, -4.916925335579e-01, 6.970798137440e-06, 4.3918e+00, 4.5186e-02, 
 2DIAGNOSTIC,    59, -4.919287324291e-01, 1.094753910878e-05, 4.4261e+00, 3.4279e-02, 
 2DIAGNOSTIC,    60, -4.922904695082e-01, 1.731112102485e-05, 4.4605e+00, 3.4402e-02, 
 2DIAGNOSTIC,    61, -4.924951209761e-01, 2.380852935366e-05, 4.4994e+00, 3.8899e-02, 
 2DIAGNOSTIC,    62, -4.929069960262e-01, 3.174284589653e-05, 4.5384e+00, 3.9020e-02, 
 2DIAGNOSTIC,    63, -4.929985578638e-01, 3.741993069937e-05, 4.5755e+00, 3.7058e-02, 
 2DIAGNOSTIC,    64, -4.930345245695e-01, 3.986084872234e-05, 4.6118e+00, 3.6322e-02, 
 2DIAGNOSTIC,    65, -4.930644104012e-01, 3.884511250501e-05, 4.6453e+00, 3.3514e-02, 
 2DIAGNOSTIC,    66, -4.930959187205e-01, 3.456586268840e-05, 4.6742e+00, 2.8882e-02, 
 2DIAGNOSTIC,    67, -4.931482166499e-01, 2.901327766458e-05, 4.7069e+00, 3.2727e-02, 
 2DIAGNOSTIC,    68, -4.932538262593e-01, 2.250859027004e-05, 4.7428e+00, 3.5900e-02, 
 2DIAGNOSTIC,    69, -4.934100001492e-01, 1.734320045832e-05, 4.7853e+00, 4.2420e-02, 
 2DIAGNOSTIC,    70, -4.934255611146e-01, 1.381375288068e-05, 4.8214e+00, 3.6124e-02, 
 2DIAGNOSTIC,    71, -4.934279417011e-01, 1.072871970638e-05, 4.8571e+00, 3.5759e-02, 
 2DIAGNOSTIC,    72, -4.934211911306e-01, 1.000724820581e-05, 4.8898e+00, 3.2625e-02, 
 2DIAGNOSTIC,    73, -4.934145350391e-01, 9.041719333960e-06, 4.9190e+00, 2.9182e-02, 
 2DIAGNOSTIC,    74, -4.934006866922e-01, 7.426206247267e-06, 4.9476e+00, 2.8611e-02, 
 2DIAGNOSTIC,    75, -4.934186030322e-01, 5.556025490574e-06, 4.9772e+00, 2.9627e-02, 
 2DIAGNOSTIC,    76, -4.934213738011e-01, 3.513852276647e-06, 5.0079e+00, 3.0714e-02, 
 2DIAGNOSTIC,    77, -4.934165074430e-01, 1.578284665200e-06, 5.0418e+00, 3.3883e-02, 
DIAGNOSTIC,Iteration,metricValue,convergenceValue,ITERATION_TIME_INDEX,SINCE_LAST
 2DIAGNOSTIC,     1, -4.341785203404e-01, 1.797693134862e+308, 6.0912e+00, 1.0494e+00, 
 2DIAGNOSTIC,     2, -4.343715925361e-01, 1.797693134862e+308, 6.3261e+00, 2.3492e-01, 
 2DIAGNOSTIC,     3, -4.344738032762e-01, 1.797693134862e+308, 6.5708e+00, 2.4467e-01, 
 2DIAGNOSTIC,     4, -4.345913416927e-01, 1.797693134862e+308, 6.8164e+00, 2.4566e-01, 
 2DIAGNOSTIC,     5, -4.346431584334e-01, 1.797693134862e+308, 7.1153e+00, 2.9887e-01, 
 2DIAGNOSTIC,     6, -4.346796446839e-01, 1.797693134862e+308, 7.3607e+00, 2.4536e-01, 
 2DIAGNOSTIC,     7, -4.347012136017e-01, 1.797693134862e+308, 7.5823e+00, 2.2166e-01, 
 2DIAGNOSTIC,     8, -4.347807818073e-01, 1.797693134862e+308, 7.9175e+00, 3.3512e-01, 
 2DIAGNOSTIC,     9, -4.347927205902e-01, 1.797693134862e+308, 8.1579e+00, 2.4044e-01, 
 2DIAGNOSTIC,    10, -4.348119239972e-01, 8.650608341983e-05, 8.4016e+00, 2.4373e-01, 
 2DIAGNOSTIC,    11, -4.348863883078e-01, 6.349061920084e-05, 8.7686e+00, 3.6696e-01, 
 2DIAGNOSTIC,    12, -4.348977857212e-01, 4.984858129321e-05, 9.1515e+00, 3.8295e-01, 
 2DIAGNOSTIC,    13, -4.348952291510e-01, 3.891989733339e-05, 9.4382e+00, 2.8667e-01, 
 2DIAGNOSTIC,    14, -4.348936526398e-01, 3.166365581105e-05, 9.6881e+00, 2.4991e-01, 
 2DIAGNOSTIC,    15, -4.348932882675e-01, 2.493763481823e-05, 9.9427e+00, 2.5458e-01, 
 2DIAGNOSTIC,    16, -4.348929732278e-01, 1.840234760114e-05, 1.0217e+01, 2.7460e-01, 
 2DIAGNOSTIC,    17, -4.348928031865e-01, 1.185938049565e-05, 1.0468e+01, 2.5105e-01, 
 2DIAGNOSTIC,    18, -4.348920678170e-01, 8.024395923609e-06, 1.0721e+01, 2.5280e-01, 
 2DIAGNOSTIC,    19, -4.348910104364e-01, 4.407990235641e-06, 1.0957e+01, 2.3568e-01, 
 2DIAGNOSTIC,    20, -4.348918891471e-01, 1.490149841119e-06, 1.1208e+01, 2.5076e-01, 
 2DIAGNOSTIC,    21, -4.348932108195e-01, 1.205627312970e-06, 1.1476e+01, 2.6866e-01, 
 2DIAGNOSTIC,    22, -4.348928828136e-01, 1.305126749514e-06, 1.1713e+01, 2.3703e-01, 
 2DIAGNOSTIC,    23, -4.348928690246e-01, 1.338753112541e-06, 1.1988e+01, 2.7502e-01, 
 2DIAGNOSTIC,    24, -4.348951906047e-01, 1.395122645784e-06, 1.2259e+01, 2.7027e-01, 
 2DIAGNOSTIC,    25, -4.348952603296e-01, 1.430341302122e-06, 1.2501e+01, 2.4227e-01, 
 2DIAGNOSTIC,    26, -4.348966554739e-01, 1.474682404398e-06, 1.2776e+01, 2.7527e-01, 
 2DIAGNOSTIC,    27, -4.348995434390e-01, 1.558437997040e-06, 1.3047e+01, 2.7050e-01, 
 2DIAGNOSTIC,    28, -4.348994712474e-01, 1.581295051449e-06, 1.3330e+01, 2.8380e-01, 
 2DIAGNOSTIC,    29, -4.349003747923e-01, 1.557212241050e-06, 1.3594e+01, 2.6312e-01, 
 2DIAGNOSTIC,    30, -4.349001489447e-01, 1.504657190676e-06, 1.3842e+01, 2.4885e-01, 
 2DIAGNOSTIC,    31, -4.348989256420e-01, 1.416136164695e-06, 1.4061e+01, 2.1843e-01, 
 2DIAGNOSTIC,    32, -4.348995073317e-01, 1.301862468051e-06, 1.4334e+01, 2.7347e-01, 
 2DIAGNOSTIC,    33, -4.349024356681e-01, 1.221264590574e-06, 1.4591e+01, 2.5708e-01, 
 2DIAGNOSTIC,    34, -4.349021467444e-01, 1.159136927911e-06, 1.4866e+01, 2.7425e-01, 
 2DIAGNOSTIC,    35, -4.349011608128e-01, 1.063192302170e-06, 1.5163e+01, 2.9784e-01, 
DIAGNOSTIC,Iteration,metricValue,convergenceValue,ITERATION_TIME_INDEX,SINCE_LAST
 2DIAGNOSTIC,     1, -4.013215606498e-01, 1.797693134862e+308, 1.7696e+01, 2.5321e+00, 
 2DIAGNOSTIC,     2, -4.014717020940e-01, 1.797693134862e+308, 1.9214e+01, 1.5186e+00, 
 2DIAGNOSTIC,     3, -4.015924414476e-01, 1.797693134862e+308, 2.0519e+01, 1.3051e+00, 
 2DIAGNOSTIC,     4, -4.016349931750e-01, 1.797693134862e+308, 2.2214e+01, 1.6951e+00, 
 2DIAGNOSTIC,     5, -4.016428754676e-01, 1.797693134862e+308, 2.4514e+01, 2.2998e+00, 
 2DIAGNOSTIC,     6, -4.016468000475e-01, 1.797693134862e+308, 2.6110e+01, 1.5962e+00, 
 2DIAGNOSTIC,     7, -4.016526335064e-01, 1.797693134862e+308, 2.7643e+01, 1.5327e+00, 
 2DIAGNOSTIC,     8, -4.016577298992e-01, 1.797693134862e+308, 2.9290e+01, 1.6470e+00, 
 2DIAGNOSTIC,     9, -4.016608128112e-01, 1.797693134862e+308, 3.0680e+01, 1.3899e+00, 
 2DIAGNOSTIC,    10, -4.016644018386e-01, 4.300850189255e-05, 3.2289e+01, 1.6084e+00, 
 2DIAGNOSTIC,    11, -4.016648166287e-01, 2.103503189678e-05, 3.3927e+01, 1.6386e+00, 
 2DIAGNOSTIC,    12, -4.016653034768e-01, 9.811346370250e-06, 3.5244e+01, 1.3171e+00, 
 2DIAGNOSTIC,    13, -4.016655142046e-01, 6.190660113453e-06, 3.6543e+01, 1.2984e+00, 
 2DIAGNOSTIC,    14, -4.016666606771e-01, 4.947947791559e-06, 3.7804e+01, 1.2616e+00, 
 2DIAGNOSTIC,    15, -4.016688128309e-01, 4.097488797844e-06, 3.9519e+01, 1.7148e+00, 
 2DIAGNOSTIC,    16, -4.016753308424e-01, 3.628536467362e-06, 4.1332e+01, 1.8133e+00, 
 2DIAGNOSTIC,    17, -4.016770476258e-01, 3.369610808261e-06, 4.2725e+01, 1.3925e+00, 
 2DIAGNOSTIC,    18, -4.016776643750e-01, 3.226300646871e-06, 4.4345e+01, 1.6200e+00, 
 2DIAGNOSTIC,    19, -4.017161008078e-01, 4.508828978012e-06, 4.6239e+01, 1.8941e+00, 
 2DIAGNOSTIC,    20, -4.017554025290e-01, 6.877111925895e-06, 4.7697e+01, 1.4580e+00, 
 2DIAGNOSTIC,    21, -4.017640361730e-01, 8.806323411645e-06, 4.9251e+01, 1.5538e+00, 
 2DIAGNOSTIC,    22, -4.017976721132e-01, 1.100379140175e-05, 5.1190e+01, 1.9391e+00, 
 2DIAGNOSTIC,    23, -4.018098265060e-01, 1.248767993478e-05, 5.2715e+01, 1.5250e+00, 
 2DIAGNOSTIC,    24, -4.018317356315e-01, 1.347028239349e-05, 5.4441e+01, 1.7265e+00, 
 2DIAGNOSTIC,    25, -4.018344965141e-01, 1.334665552961e-05, 5.5954e+01, 1.5132e+00, 
 2DIAGNOSTIC,    26, -4.018365033838e-01, 1.234388477613e-05, 5.7572e+01, 1.6176e+00, 
 2DIAGNOSTIC,    27, -4.018380511526e-01, 1.047385637546e-05, 5.9086e+01, 1.5139e+00, 
 2DIAGNOSTIC,    28, -4.018396918011e-01, 7.895600125582e-06, 6.0733e+01, 1.6467e+00, 
 2DIAGNOSTIC,    29, -4.018394455108e-01, 5.766773931798e-06, 6.2446e+01, 1.7130e+00, 
 2DIAGNOSTIC,    30, -4.018401894319e-01, 4.289244092653e-06, 6.3980e+01, 1.5349e+00, 
 2DIAGNOSTIC,    31, -4.018412522058e-01, 2.811158109260e-06, 6.5552e+01, 1.5717e+00, 
 2DIAGNOSTIC,    32, -4.018443635359e-01, 2.066516157431e-06, 6.7187e+01, 1.6350e+00, 
 2DIAGNOSTIC,    33, -4.018442154588e-01, 1.508606679995e-06, 6.8674e+01, 1.4866e+00, 
 2DIAGNOSTIC,    34, -4.018442188745e-01, 1.388322168124e-06, 7.0406e+01, 1.7326e+00, 
 2DIAGNOSTIC,    35, -4.018434403285e-01, 1.272419572214e-06, 7.2012e+01, 1.6052e+00, 
 2DIAGNOSTIC,    36, -4.018438478363e-01, 1.175048405327e-06, 7.3679e+01, 1.6675e+00, 
 2DIAGNOSTIC,    37, -4.018451120176e-01, 1.106801762640e-06, 7.5225e+01, 1.5458e+00, 
 2DIAGNOSTIC,    38, -4.018461066351e-01, 1.067333425721e-06, 7.6894e+01, 1.6692e+00, 
  Elapsed time (stage 0): 7.7691e+01


Total elapsed time: 7.7694e+01
Info [verificarlo]: loaded backend libinterflop_vprec.so
Info [interflop-vprec]: load backend with: 
Info [interflop-vprec]: precision-binary32 = 23
Info [interflop-vprec]: range-binary32 = 7
Info [interflop-vprec]: precision-binary64 = 23
Info [interflop-vprec]: range-binary64 = 7
Info [interflop-vprec]: mode = ob
Info [interflop-vprec]: error-mode = rel
Info [interflop-vprec]: max-abs-error-exponent = -1022
Info [interflop-vprec]: daz = false
Info [interflop-vprec]: ftz = false
Info [interflop-vprec]: 	instrument = none
Info [interflop-vprec]: 	prec-input-file = (null)
Info [interflop-vprec]: 	prec-output-file = (null)
Info [interflop-vprec]: 	prec-log-file = (null)
All_Command_lines_OK
Using double precision for computations.
=============================================================================
The composite transform comprises the following transforms (in order): 
  1. /home/mdugre/scratch/mri-registration-rp/datasets/ds004513/derivatives/mri-registration-rp/0011/antsRegistration-r7-p23/sub-s037/rigid_Composite.h5[0] (type = Euler3DTransform)
  2. /home/mdugre/scratch/mri-registration-rp/datasets/ds004513/derivatives/mri-registration-rp/0011/antsRegistration-r7-p23/sub-s037/rigid_Composite.h5[1] (type = Euler3DTransform)
  3. /home/mdugre/scratch/mri-registration-rp/datasets/ds004513/derivatives/mri-registration-rp/0011/antsRegistration-r7-p23/sub-s037/rigid_Composite.h5[2] (type = Euler3DTransform)
=============================================================================
  number of levels = 4
  fixed image: /templateflow/tpl-MNI152NLin2009cAsym/tpl-MNI152NLin2009cAsym_res-01_desc-brain_T1w.nii.gz
  moving image: /home/mdugre/scratch/mri-registration-rp/datasets/ds004513/derivatives/mri-registration-rp/antsBrainExtraction/sub-s037/BrainExtractionBrain.nii.gz
Dimension = 3
Number of stages = 1
Use histogram matching = false
Winsorize image intensities = true
  Lower quantile = 0.005
  Upper quantile = 0.995


Stage 1 State
   Image metric = MattesMI
     Fixed image = Image (0x5251490)
  RTTI typeinfo:   itk::Image<double, 3u>
  Reference Count: 2
  Modified Time: 1592
  Debug: Off
  Object Name: 
  Observers: 
    none
  Source: (none)
  Source output name: (none)
  Release Data: Off
  Data Released: False
  Global Release Data: Off
  PipelineMTime: 0
  UpdateMTime: 1203
  RealTimeStamp: 0 seconds 
  LargestPossibleRegion: 
    Dimension: 3
    Index: [0, 0, 0]
    Size: [193, 229, 193]
  BufferedRegion: 
    Dimension: 3
    Index: [0, 0, 0]
    Size: [193, 229, 193]
  RequestedRegion: 
    Dimension: 3
    Index: [0, 0, 0]
    Size: [193, 229, 193]
  Spacing: [1, 1, 1]
  Origin: [96, 132, -78]
  Direction: 
-1 0 0
0 -1 0
0 0 1

  IndexToPointMatrix: 
-1 0 0
0 -1 0
0 0 1

  PointToIndexMatrix: 
-1 0 0
0 -1 0
0 0 1

  Inverse Direction: 
-1 0 0
0 -1 0
0 0 1

  PixelContainer: 
    ImportImageContainer (0x531c8c0)
      RTTI typeinfo:   itk::ImportImageContainer<unsigned long, double>
      Reference Count: 1
      Modified Time: 1200
      Debug: Off
      Object Name: 
      Observers: 
        none
      Pointer: 0x150e7e852010
      Container manages memory: true
      Size: 8530021
      Capacity: 8530021

     Moving image = Image (0x530cb60)
  RTTI typeinfo:   itk::Image<double, 3u>
  Reference Count: 2
  Modified Time: 1593
  Debug: Off
  Object Name: 
  Observers: 
    none
  Source: (none)
  Source output name: (none)
  Release Data: Off
  Data Released: False
  Global Release Data: Off
  PipelineMTime: 0
  UpdateMTime: 1590
  RealTimeStamp: 0 seconds 
  LargestPossibleRegion: 
    Dimension: 3
    Index: [0, 0, 0]
    Size: [160, 240, 256]
  BufferedRegion: 
    Dimension: 3
    Index: [0, 0, 0]
    Size: [160, 240, 256]
  RequestedRegion: 
    Dimension: 3
    Index: [0, 0, 0]
    Size: [160, 240, 256]
  Spacing: [1, 1, 1]
  Origin: [87.9508, 102.562, -147.639]
  Direction: 
-0.998659 -0.0436121 -0.0279129
0.043595 -0.999049 0.00121847
-0.0279395 -2.65543e-08 0.99961

  IndexToPointMatrix: 
-0.998659 -0.0436121 -0.0279129
0.043595 -0.999049 0.00121847
-0.0279395 -2.65543e-08 0.99961

  PointToIndexMatrix: 
-0.998659 0.043595 -0.0279395
-0.0436121 -0.999049 5.96046e-08
-0.0279129 0.00121838 0.99961

  Inverse Direction: 
-0.998659 0.043595 -0.0279395
-0.0436121 -0.999049 5.96046e-08
-0.0279129 0.00121838 0.99961

  PixelContainer: 
    ImportImageContainer (0x53a01d0)
      RTTI typeinfo:   itk::ImportImageContainer<unsigned long, double>
      Reference Count: 1
      Modified Time: 1587
      Debug: Off
      Object Name: 
      Observers: 
        none
      Pointer: 0x150e79d51010
      Container manages memory: true
      Size: 9830400
