
##########################
# Experiment information #
##########################

EXPERIMENT_NAME: antsRegistration-r7-p15
VFC_BACKENDS: libinterflop_vprec.so --range-binary32=7 --precision-binary32=15 --range-binary64=7 --precision-binary64=15

SIF_IMG: /home/mdugre/projects/rrg-glatard/mdugre/containers/ants-vprec-no_metrics.simg

SUBJECT_ID: s025
INPUT_IMG: /home/mdugre/scratch/mri-registration-rp/datasets/ds004513/derivatives/mri-registration-rp/antsBrainExtraction/sub-s025/BrainExtractionBrain.nii.gz
OUTPUT_DIR: /home/mdugre/scratch/mri-registration-rp/datasets/ds004513/derivatives/mri-registration-rp/0011/antsRegistration-r7-p15/sub-s025

FIXED_IMG: /templateflow/tpl-MNI152NLin2009cAsym/tpl-MNI152NLin2009cAsym_res-01_desc-brain_T1w.nii.gz
DATA_DIR: /home/mdugre/scratch/mri-registration-rp/datasets/ds004513
TEMPLATEFLOW_DIR: /home/mdugre/projects/rrg-glatard/mdugre/templateflow
ITK_GLOBAL_DEFAULT_NUMBER_OF_THREADS: 16
##########################

Info [verificarlo]: loaded backend libinterflop_ieee.so
Info [interflop-ieee]: load backend with:
Info [interflop-ieee]: debug = false
Info [interflop-ieee]: debug-binary = false
Info [interflop-ieee]: no-backend-name = false
Info [interflop-ieee]: print-new-line = false
Info [interflop-ieee]: print-subnormal-normalized = false
Info [interflop-ieee]: count-op = false
All_Command_lines_OK
Using double precision for computations.
=============================================================================
The composite transform comprises the following transforms (in order): 
  1. Center of mass alignment using fixed image: /templateflow/tpl-MNI152NLin2009cAsym/tpl-MNI152NLin2009cAsym_res-01_desc-brain_T1w.nii.gz and moving image: /home/mdugre/scratch/mri-registration-rp/datasets/ds004513/derivatives/mri-registration-rp/antsBrainExtraction/sub-s025/BrainExtractionBrain.nii.gz (type = Euler3DTransform)
=============================================================================
  number of levels = 1
  fixed image: /templateflow/tpl-MNI152NLin2009cAsym/tpl-MNI152NLin2009cAsym_res-01_desc-brain_T1w.nii.gz
  moving image: /home/mdugre/scratch/mri-registration-rp/datasets/ds004513/derivatives/mri-registration-rp/antsBrainExtraction/sub-s025/BrainExtractionBrain.nii.gz
Dimension = 3
Number of stages = 1
Use histogram matching = false
Winsorize image intensities = true
  Lower quantile = 0.005
  Upper quantile = 0.995


Stage 1 State
   Image metric = MattesMI
     Fixed image = Image (0x4bdce70)
  RTTI typeinfo:   itk::Image<double, 3u>
  Reference Count: 2
  Modified Time: 2334
  Debug: Off
  Object Name: 
  Observers: 
    none
  Source: (none)
  Source output name: (none)
  Release Data: Off
  Data Released: False
  Global Release Data: Off
  PipelineMTime: 0
  UpdateMTime: 1943
  RealTimeStamp: 0 seconds 
  LargestPossibleRegion: 
    Dimension: 3
    Index: [0, 0, 0]
    Size: [193, 229, 193]
  BufferedRegion: 
    Dimension: 3
    Index: [0, 0, 0]
    Size: [193, 229, 193]
  RequestedRegion: 
    Dimension: 3
    Index: [0, 0, 0]
    Size: [193, 229, 193]
  Spacing: [1, 1, 1]
  Origin: [96, 132, -78]
  Direction: 
-1 0 0
0 -1 0
0 0 1

  IndexToPointMatrix: 
-1 0 0
0 -1 0
0 0 1

  PointToIndexMatrix: 
-1 0 0
0 -1 0
0 0 1

  Inverse Direction: 
-1 0 0
0 -1 0
0 0 1

  PixelContainer: 
    ImportImageContainer (0x4be5c60)
      RTTI typeinfo:   itk::ImportImageContainer<unsigned long, double>
      Reference Count: 1
      Modified Time: 1940
      Debug: Off
      Object Name: 
      Observers: 
        none
      Pointer: 0x148f50c70010
      Container manages memory: true
      Size: 8530021
      Capacity: 8530021

     Moving image = Image (0x4be8610)
  RTTI typeinfo:   itk::Image<double, 3u>
  Reference Count: 2
  Modified Time: 2335
  Debug: Off
  Object Name: 
  Observers: 
    none
  Source: (none)
  Source output name: (none)
  Release Data: Off
  Data Released: False
  Global Release Data: Off
  PipelineMTime: 0
  UpdateMTime: 2332
  RealTimeStamp: 0 seconds 
  LargestPossibleRegion: 
    Dimension: 3
    Index: [0, 0, 0]
    Size: [176, 240, 256]
  BufferedRegion: 
    Dimension: 3
    Index: [0, 0, 0]
    Size: [176, 240, 256]
  RequestedRegion: 
    Dimension: 3
    Index: [0, 0, 0]
    Size: [176, 240, 256]
  Spacing: [0.999999, 1, 1]
  Origin: [90.3778, 84.5091, -154.071]
  Direction: 
-0.999391 7.48184e-06 -0.0348969
-7.47664e-06 -1 -2.7953e-07
-0.0348969 -1.84481e-08 0.999391

  IndexToPointMatrix: 
-0.99939 7.48184e-06 -0.0348969
-7.47663e-06 -1 -2.7953e-07
-0.0348968 -1.84481e-08 0.999391

  PointToIndexMatrix: 
-0.999392 -7.47665e-06 -0.0348969
7.48184e-06 -1 -1.84481e-08
-0.0348969 -2.7953e-07 0.999391

  Inverse Direction: 
-0.999391 -7.47664e-06 -0.0348969
7.48184e-06 -1 -1.84481e-08
-0.0348969 -2.7953e-07 0.999391

  PixelContainer: 
    ImportImageContainer (0x4c81ef0)
      RTTI typeinfo:   itk::ImportImageContainer<unsigned long, double>
      Reference Count: 1
      Modified Time: 2329
      Debug: Off
      Object Name: 
      Observers: 
        none
      Pointer: 0x148f4b9ef010
      Container manages memory: true
      Size: 10813440
      Capacity: 10813440

     Weighting = 1
     Sampling strategy = regular
     Number of bins = 32
     Radius = 4
     Sampling percentage  = 0.25
   Transform = Rigid
     Gradient step = 0.1
     Update field sigma (voxel space) = 0
     Total field sigma (voxel space) = 0
     Update field time sigma = 0
     Total field time sigma  = 0
     Number of time indices = 0
     Number of time point samples = 0
Registration using 1 total stages.

Stage 0
  iterations = 0
  convergence threshold = 1e-06
  convergence window size = 10
  number of levels = 1
  using the Mattes MI metric (number of bins = 32, weight = 1, use gradient filter = 0)
  preprocessing:  winsorizing the image intensities
  Shrink factors (level 1 out of 1): [1, 1, 1]
  smoothing sigmas per level: [0]
  regular sampling (percentage = 0.25)

*** Running Euler3DTransform registration ***

  Elapsed time (stage 0): 1.12852


Total elapsed time: 1.1351
Info [verificarlo]: loaded backend libinterflop_ieee.so
Info [interflop-ieee]: load backend with:
Info [interflop-ieee]: debug = false
Info [interflop-ieee]: debug-binary = false
Info [interflop-ieee]: no-backend-name = false
Info [interflop-ieee]: print-new-line = false
Info [interflop-ieee]: print-subnormal-normalized = false
Info [interflop-ieee]: count-op = false
All_Command_lines_OK
Using double precision for computations.
=============================================================================
The composite transform comprises the following transforms (in order): 
  1. /home/mdugre/scratch/mri-registration-rp/datasets/ds004513/derivatives/mri-registration-rp/0011/antsRegistration-r7-p15/sub-s025/align_Composite.h5[0] (type = Euler3DTransform)
  2. /home/mdugre/scratch/mri-registration-rp/datasets/ds004513/derivatives/mri-registration-rp/0011/antsRegistration-r7-p15/sub-s025/align_Composite.h5[1] (type = Euler3DTransform)
=============================================================================
  number of levels = 4
  fixed image: /templateflow/tpl-MNI152NLin2009cAsym/tpl-MNI152NLin2009cAsym_res-01_desc-brain_T1w.nii.gz
  moving image: /home/mdugre/scratch/mri-registration-rp/datasets/ds004513/derivatives/mri-registration-rp/antsBrainExtraction/sub-s025/BrainExtractionBrain.nii.gz
Dimension = 3
Number of stages = 1
Use histogram matching = false
Winsorize image intensities = true
  Lower quantile = 0.005
  Upper quantile = 0.995


Stage 1 State
   Image metric = MattesMI
     Fixed image = Image (0x3c83530)
  RTTI typeinfo:   itk::Image<double, 3u>
  Reference Count: 2
  Modified Time: 1580
  Debug: Off
  Object Name: 
  Observers: 
    none
  Source: (none)
  Source output name: (none)
  Release Data: Off
  Data Released: False
  Global Release Data: Off
  PipelineMTime: 0
  UpdateMTime: 1189
  RealTimeStamp: 0 seconds 
  LargestPossibleRegion: 
    Dimension: 3
    Index: [0, 0, 0]
    Size: [193, 229, 193]
  BufferedRegion: 
    Dimension: 3
    Index: [0, 0, 0]
    Size: [193, 229, 193]
  RequestedRegion: 
    Dimension: 3
    Index: [0, 0, 0]
    Size: [193, 229, 193]
  Spacing: [1, 1, 1]
  Origin: [96, 132, -78]
  Direction: 
-1 0 0
0 -1 0
0 0 1

  IndexToPointMatrix: 
-1 0 0
0 -1 0
0 0 1

  PointToIndexMatrix: 
-1 0 0
0 -1 0
0 0 1

  Inverse Direction: 
-1 0 0
0 -1 0
0 0 1

  PixelContainer: 
    ImportImageContainer (0x3d41d60)
      RTTI typeinfo:   itk::ImportImageContainer<unsigned long, double>
      Reference Count: 1
      Modified Time: 1186
      Debug: Off
      Object Name: 
      Observers: 
        none
      Pointer: 0x145e64680010
      Container manages memory: true
      Size: 8530021
      Capacity: 8530021

     Moving image = Image (0x3d33f60)
  RTTI typeinfo:   itk::Image<double, 3u>
  Reference Count: 2
  Modified Time: 1581
  Debug: Off
  Object Name: 
  Observers: 
    none
  Source: (none)
  Source output name: (none)
  Release Data: Off
  Data Released: False
  Global Release Data: Off
  PipelineMTime: 0
  UpdateMTime: 1578
  RealTimeStamp: 0 seconds 
  LargestPossibleRegion: 
    Dimension: 3
    Index: [0, 0, 0]
    Size: [176, 240, 256]
  BufferedRegion: 
    Dimension: 3
    Index: [0, 0, 0]
    Size: [176, 240, 256]
  RequestedRegion: 
    Dimension: 3
    Index: [0, 0, 0]
    Size: [176, 240, 256]
  Spacing: [0.999999, 1, 1]
  Origin: [90.3778, 84.5091, -154.071]
  Direction: 
-0.999391 7.48184e-06 -0.0348969
-7.47664e-06 -1 -2.7953e-07
-0.0348969 -1.84481e-08 0.999391

  IndexToPointMatrix: 
-0.99939 7.48184e-06 -0.0348969
-7.47663e-06 -1 -2.7953e-07
-0.0348968 -1.84481e-08 0.999391

  PointToIndexMatrix: 
-0.999392 -7.47665e-06 -0.0348969
7.48184e-06 -1 -1.84481e-08
-0.0348969 -2.7953e-07 0.999391

  Inverse Direction: 
-0.999391 -7.47664e-06 -0.0348969
7.48184e-06 -1 -1.84481e-08
-0.0348969 -2.7953e-07 0.999391

  PixelContainer: 
    ImportImageContainer (0x3d256d0)
      RTTI typeinfo:   itk::ImportImageContainer<unsigned long, double>
      Reference Count: 1
      Modified Time: 1575
      Debug: Off
      Object Name: 
      Observers: 
        none
      Pointer: 0x145e5f3ff010
      Container manages memory: true
      Size: 10813440
      Capacity: 10813440

     Weighting = 1
     Sampling strategy = regular
     Number of bins = 32
     Radius = 4
     Sampling percentage  = 0.25
   Transform = Rigid
     Gradient step = 0.1
     Update field sigma (voxel space) = 0
     Total field sigma (voxel space) = 0
     Update field time sigma = 0
     Total field time sigma  = 0
     Number of time indices = 0
     Number of time point samples = 0
Registration using 1 total stages.

Stage 0
  iterations = 1000x500x250x100
  convergence threshold = 1e-06
  convergence window size = 10
  number of levels = 4
  using the Mattes MI metric (number of bins = 32, weight = 1, use gradient filter = 0)
  preprocessing:  winsorizing the image intensities
  Shrink factors (level 1 out of 4): [8, 8, 8]
  Shrink factors (level 2 out of 4): [4, 4, 4]
  Shrink factors (level 3 out of 4): [2, 2, 2]
  Shrink factors (level 4 out of 4): [1, 1, 1]
  smoothing sigmas per level: [3, 2, 1, 0]
  regular sampling (percentage = 0.25)

*** Running Euler3DTransform registration ***

DIAGNOSTIC,Iteration,metricValue,convergenceValue,ITERATION_TIME_INDEX,SINCE_LAST
 2DIAGNOSTIC,     1, -5.323241903179e-01, 1.797693134862e+308, 8.2640e-01, 8.2640e-01, 
 2DIAGNOSTIC,     2, -5.346190553927e-01, 1.797693134862e+308, 8.3111e-01, 4.7100e-03, 
 2DIAGNOSTIC,     3, -5.378036555361e-01, 1.797693134862e+308, 8.3565e-01, 4.5462e-03, 
 2DIAGNOSTIC,     4, -5.422949451405e-01, 1.797693134862e+308, 8.4035e-01, 4.6961e-03, 
 2DIAGNOSTIC,     5, -5.486805952477e-01, 1.797693134862e+308, 8.4526e-01, 4.9071e-03, 
 2DIAGNOSTIC,     6, -5.542790085272e-01, 1.797693134862e+308, 8.4985e-01, 4.5929e-03, 
 2DIAGNOSTIC,     7, -5.627123115611e-01, 1.797693134862e+308, 8.5451e-01, 4.6659e-03, 
 2DIAGNOSTIC,     8, -5.766609943856e-01, 1.797693134862e+308, 8.5928e-01, 4.7648e-03, 
 2DIAGNOSTIC,     9, -5.881111419397e-01, 1.797693134862e+308, 8.6400e-01, 4.7228e-03, 
 2DIAGNOSTIC,    10, -6.012927005665e-01, 7.820055967720e-03, 8.7030e-01, 6.3000e-03, 
 2DIAGNOSTIC,    11, -6.192402913588e-01, 8.564422673927e-03, 8.7854e-01, 8.2340e-03, 
 2DIAGNOSTIC,    12, -6.197111897439e-01, 8.513711436484e-03, 8.8306e-01, 4.5202e-03, 
 2DIAGNOSTIC,    13, -6.223136777511e-01, 7.932305190635e-03, 8.8859e-01, 5.5339e-03, 
 2DIAGNOSTIC,    14, -6.239859078534e-01, 6.938967258809e-03, 8.9323e-01, 4.6380e-03, 
 2DIAGNOSTIC,    15, -6.258731029038e-01, 5.722268374550e-03, 8.9777e-01, 4.5440e-03, 
 2DIAGNOSTIC,    16, -6.290042957050e-01, 4.404898010753e-03, 9.0244e-01, 4.6690e-03, 
 2DIAGNOSTIC,    17, -6.327399548204e-01, 3.192249458136e-03, 9.0841e-01, 5.9662e-03, 
 2DIAGNOSTIC,    18, -6.361770329222e-01, 2.298162514767e-03, 9.1434e-01, 5.9302e-03, 
 2DIAGNOSTIC,    19, -6.381920794986e-01, 1.629119691534e-03, 9.1971e-01, 5.3689e-03, 
 2DIAGNOSTIC,    20, -6.414786468708e-01, 1.264281191353e-03, 9.2440e-01, 4.6930e-03, 
 2DIAGNOSTIC,    21, -6.422621311645e-01, 1.244231354840e-03, 9.2925e-01, 4.8540e-03, 
 2DIAGNOSTIC,    22, -6.443386369808e-01, 1.164065699818e-03, 9.3400e-01, 4.7491e-03, 
 2DIAGNOSTIC,    23, -6.458367311105e-01, 1.066297096206e-03, 9.3925e-01, 5.2459e-03, 
 2DIAGNOSTIC,    24, -6.528535017294e-01, 1.047817946173e-03, 9.4504e-01, 5.7960e-03, 
 2DIAGNOSTIC,    25, -6.591704567571e-01, 1.083081271338e-03, 9.5163e-01, 6.5842e-03, 
 2DIAGNOSTIC,    26, -6.605963667132e-01, 1.093549193653e-03, 9.5692e-01, 5.2922e-03, 
 2DIAGNOSTIC,    27, -6.608439803799e-01, 1.070984923698e-03, 9.6168e-01, 4.7560e-03, 
 2DIAGNOSTIC,    28, -6.615671814682e-01, 1.019502607545e-03, 9.6637e-01, 4.6930e-03, 
 2DIAGNOSTIC,    29, -6.628794674331e-01, 9.260608239489e-04, 9.7125e-01, 4.8811e-03, 
 2DIAGNOSTIC,    30, -6.728294497765e-01, 9.537363260286e-04, 9.7781e-01, 6.5570e-03, 
 2DIAGNOSTIC,    31, -6.735478021839e-01, 9.084132322065e-04, 9.8249e-01, 4.6861e-03, 
 2DIAGNOSTIC,    32, -6.743491392728e-01, 8.254102280201e-04, 9.8722e-01, 4.7290e-03, 
 2DIAGNOSTIC,    33, -6.778518184459e-01, 7.396576817580e-04, 9.9214e-01, 4.9188e-03, 
 2DIAGNOSTIC,    34, -6.872953150936e-01, 8.064163965159e-04, 1.0021e+00, 9.9530e-03, 
 2DIAGNOSTIC,    35, -6.877326638669e-01, 8.751660048673e-04, 1.0069e+00, 4.7572e-03, 
 2DIAGNOSTIC,    36, -6.893219350522e-01, 8.964359896460e-04, 1.0115e+00, 4.6570e-03, 
 2DIAGNOSTIC,    37, -6.927390093079e-01, 8.791566777134e-04, 1.0163e+00, 4.7650e-03, 
 2DIAGNOSTIC,    38, -7.010266976765e-01, 8.853884180216e-04, 1.0209e+00, 4.6639e-03, 
 2DIAGNOSTIC,    39, -7.063972880023e-01, 8.771652644395e-04, 1.0256e+00, 4.6148e-03, 
 2DIAGNOSTIC,    40, -7.084271473484e-01, 9.204281743944e-04, 1.0302e+00, 4.6930e-03, 
 2DIAGNOSTIC,    41, -7.161075455382e-01, 9.682117454506e-04, 1.0356e+00, 5.3680e-03, 
 2DIAGNOSTIC,    42, -7.193588471840e-01, 9.623377779146e-04, 1.0421e+00, 6.5000e-03, 
 2DIAGNOSTIC,    43, -7.222567450746e-01, 9.273447254251e-04, 1.0468e+00, 4.7011e-03, 
 2DIAGNOSTIC,    44, -7.286161733713e-01, 9.649772364825e-04, 1.0515e+00, 4.6549e-03, 
 2DIAGNOSTIC,    45, -7.391928490410e-01, 1.016095853647e-03, 1.0562e+00, 4.7290e-03, 
 2DIAGNOSTIC,    46, -7.439094297276e-01, 1.025737872295e-03, 1.0610e+00, 4.7550e-03, 
 2DIAGNOSTIC,    47, -7.510682426183e-01, 1.034301182253e-03, 1.0692e+00, 8.2190e-03, 
 2DIAGNOSTIC,    48, -7.533702415366e-01, 1.039584716814e-03, 1.0741e+00, 4.8862e-03, 
 2DIAGNOSTIC,    49, -7.538707699837e-01, 9.978392220150e-04, 1.0786e+00, 4.5910e-03, 
 2DIAGNOSTIC,    50, -7.556811653416e-01, 8.941067506899e-04, 1.0838e+00, 5.1749e-03, 
 2DIAGNOSTIC,    51, -7.575801220754e-01, 7.900210062297e-04, 1.0884e+00, 4.5800e-03, 
 2DIAGNOSTIC,    52, -7.579634707454e-01, 6.451738333962e-04, 1.0951e+00, 6.7151e-03, 
 2DIAGNOSTIC,    53, -7.587427296850e-01, 4.747563023263e-04, 1.1002e+00, 5.0600e-03, 
 2DIAGNOSTIC,    54, -7.594012575740e-01, 3.208635384444e-04, 1.1048e+00, 4.6139e-03, 
 2DIAGNOSTIC,    55, -7.593635094690e-01, 2.243331760190e-04, 1.1098e+00, 4.9920e-03, 
 2DIAGNOSTIC,    56, -7.599585935408e-01, 1.493785435843e-04, 1.1159e+00, 6.0680e-03, 
 2DIAGNOSTIC,    57, -7.597089113239e-01, 1.144016742096e-04, 1.1210e+00, 5.1298e-03, 
 2DIAGNOSTIC,    58, -7.598030593051e-01, 8.770021707828e-05, 1.1255e+00, 4.5578e-03, 
 2DIAGNOSTIC,    59, -7.618231705931e-01, 7.154777458577e-05, 1.1313e+00, 5.7280e-03, 
 2DIAGNOSTIC,    60, -7.625051304650e-01, 6.605159022347e-05, 1.1368e+00, 5.5780e-03, 
 2DIAGNOSTIC,    61, -7.625426452876e-01, 6.792150022538e-05, 1.1420e+00, 5.1959e-03, 
 2DIAGNOSTIC,    62, -7.623774765849e-01, 6.492091380606e-05, 1.1470e+00, 4.9708e-03, 
 2DIAGNOSTIC,    63, -7.623381434972e-01, 6.077301052324e-05, 1.1520e+00, 4.9889e-03, 
 2DIAGNOSTIC,    64, -7.621582205680e-01, 5.390640417733e-05, 1.1566e+00, 4.6070e-03, 
 2DIAGNOSTIC,    65, -7.620964841454e-01, 4.127761893856e-05, 1.1611e+00, 4.5121e-03, 
 2DIAGNOSTIC,    66, -7.620384564077e-01, 2.880059496116e-05, 1.1656e+00, 4.4360e-03, 
 2DIAGNOSTIC,    67, -7.619983426935e-01, 1.242657398463e-05, 1.1701e+00, 4.5469e-03, 
DIAGNOSTIC,Iteration,metricValue,convergenceValue,ITERATION_TIME_INDEX,SINCE_LAST
 2DIAGNOSTIC,     1, -6.082460529870e-01, 1.797693134862e+308, 1.9514e+00, 7.8129e-01, 
 2DIAGNOSTIC,     2, -6.089353209604e-01, 1.797693134862e+308, 1.9805e+00, 2.9125e-02, 
 2DIAGNOSTIC,     3, -6.096003260439e-01, 1.797693134862e+308, 2.0095e+00, 2.9018e-02, 
 2DIAGNOSTIC,     4, -6.104157171816e-01, 1.797693134862e+308, 2.0377e+00, 2.8198e-02, 
 2DIAGNOSTIC,     5, -6.111450957696e-01, 1.797693134862e+308, 2.0657e+00, 2.7994e-02, 
 2DIAGNOSTIC,     6, -6.124153237302e-01, 1.797693134862e+308, 2.0941e+00, 2.8320e-02, 
 2DIAGNOSTIC,     7, -6.175260707518e-01, 1.797693134862e+308, 2.1264e+00, 3.2361e-02, 
 2DIAGNOSTIC,     8, -6.182127064154e-01, 1.797693134862e+308, 2.1668e+00, 4.0405e-02, 
 2DIAGNOSTIC,     9, -6.183301118272e-01, 1.797693134862e+308, 2.1988e+00, 3.1955e-02, 
 2DIAGNOSTIC,    10, -6.198012817601e-01, 1.362402288206e-03, 2.2316e+00, 3.2815e-02, 
 2DIAGNOSTIC,    11, -6.210964698654e-01, 1.297517997523e-03, 2.2630e+00, 3.1410e-02, 
 2DIAGNOSTIC,    12, -6.212057705756e-01, 1.154166977495e-03, 2.2945e+00, 3.1542e-02, 
 2DIAGNOSTIC,    13, -6.212103344773e-01, 9.533936471587e-04, 2.3303e+00, 3.5769e-02, 
 2DIAGNOSTIC,    14, -6.211935217402e-01, 7.245486102949e-04, 2.3640e+00, 3.3671e-02, 
 2DIAGNOSTIC,    15, -6.212011319768e-01, 4.835044147189e-04, 2.3954e+00, 3.1467e-02, 
 2DIAGNOSTIC,    16, -6.211996795604e-01, 2.605327329636e-04, 2.4272e+00, 3.1727e-02, 
 2DIAGNOSTIC,    17, -6.212048897398e-01, 1.788684014434e-04, 2.4630e+00, 3.5838e-02, 
 2DIAGNOSTIC,    18, -6.212182409755e-01, 1.088106909356e-04, 2.4909e+00, 2.7861e-02, 
 2DIAGNOSTIC,    19, -6.212056551626e-01, 3.819903885066e-05, 2.5225e+00, 3.1673e-02, 
 2DIAGNOSTIC,    20, -6.212223015871e-01, 4.739132394148e-06, 2.5503e+00, 2.7772e-02, 
 2DIAGNOSTIC,    21, -6.212591475298e-01, 3.303343703714e-06, 2.5829e+00, 3.2578e-02, 
 2DIAGNOSTIC,    22, -6.212912691371e-01, 4.761192775669e-06, 2.6182e+00, 3.5332e-02, 
 2DIAGNOSTIC,    23, -6.212807249610e-01, 5.665635814785e-06, 2.6510e+00, 3.2804e-02, 
 2DIAGNOSTIC,    24, -6.212474884959e-01, 5.158359617237e-06, 2.6812e+00, 3.0128e-02, 
 2DIAGNOSTIC,    25, -6.212771134361e-01, 5.041335679121e-06, 2.7190e+00, 3.7851e-02, 
 2DIAGNOSTIC,    26, -6.212964585202e-01, 4.853145964115e-06, 2.7488e+00, 2.9830e-02, 
 2DIAGNOSTIC,    27, -6.212875142761e-01, 4.246197243665e-06, 2.7784e+00, 2.9524e-02, 
 2DIAGNOSTIC,    28, -6.213092298417e-01, 4.007521995579e-06, 2.8104e+00, 3.2013e-02, 
 2DIAGNOSTIC,    29, -6.213522721901e-01, 4.006206961032e-06, 2.8424e+00, 3.2037e-02, 
 2DIAGNOSTIC,    30, -6.213497772258e-01, 3.910291363325e-06, 2.8750e+00, 3.2599e-02, 
 2DIAGNOSTIC,    31, -6.213601610293e-01, 4.235528362512e-06, 2.9068e+00, 3.1741e-02, 
 2DIAGNOSTIC,    32, -6.213553776867e-01, 4.639906782983e-06, 2.9384e+00, 3.1618e-02, 
 2DIAGNOSTIC,    33, -6.213869370275e-01, 4.985531996661e-06, 2.9701e+00, 3.1691e-02, 
 2DIAGNOSTIC,    34, -6.214166576214e-01, 4.850095059961e-06, 2.9995e+00, 2.9457e-02, 
 2DIAGNOSTIC,    35, -6.214793353931e-01, 5.548272509908e-06, 3.0334e+00, 3.3905e-02, 
 2DIAGNOSTIC,    36, -6.215279732485e-01, 6.635500533668e-06, 3.0637e+00, 3.0310e-02, 
 2DIAGNOSTIC,    37, -6.215636538241e-01, 7.443719252105e-06, 3.0997e+00, 3.5998e-02, 
 2DIAGNOSTIC,    38, -6.216537618455e-01, 8.919373029333e-06, 3.1360e+00, 3.6233e-02, 
 2DIAGNOSTIC,    39, -6.217184257025e-01, 1.079186286342e-05, 3.1660e+00, 3.0071e-02, 
 2DIAGNOSTIC,    40, -6.217491854807e-01, 1.192777071312e-05, 3.2197e+00, 5.3611e-02, 
 2DIAGNOSTIC,    41, -6.217497131566e-01, 1.208138807630e-05, 3.2620e+00, 4.2361e-02, 
 2DIAGNOSTIC,    42, -6.217273627125e-01, 1.086044438493e-05, 3.2974e+00, 3.5375e-02, 
 2DIAGNOSTIC,    43, -6.217274014022e-01, 9.068114230248e-06, 3.3325e+00, 3.5136e-02, 
 2DIAGNOSTIC,    44, -6.217162328748e-01, 6.729746899883e-06, 3.3658e+00, 3.3249e-02, 
 2DIAGNOSTIC,    45, -6.217162719430e-01, 4.557610997703e-06, 3.3986e+00, 3.2816e-02, 
 2DIAGNOSTIC,    46, -6.217163741711e-01, 2.607372331546e-06, 3.4359e+00, 3.7357e-02, 
DIAGNOSTIC,Iteration,metricValue,convergenceValue,ITERATION_TIME_INDEX,SINCE_LAST
 2DIAGNOSTIC,     1, -5.348398266966e-01, 1.797693134862e+308, 4.6486e+00, 1.2126e+00, 
 2DIAGNOSTIC,     2, -5.351295465431e-01, 1.797693134862e+308, 4.8960e+00, 2.4745e-01, 
 2DIAGNOSTIC,     3, -5.353529953655e-01, 1.797693134862e+308, 5.1472e+00, 2.5121e-01, 
 2DIAGNOSTIC,     4, -5.355167728145e-01, 1.797693134862e+308, 5.4054e+00, 2.5823e-01, 
 2DIAGNOSTIC,     5, -5.355803900298e-01, 1.797693134862e+308, 5.6707e+00, 2.6525e-01, 
 2DIAGNOSTIC,     6, -5.358901056562e-01, 1.797693134862e+308, 6.0226e+00, 3.5193e-01, 
 2DIAGNOSTIC,     7, -5.359024935167e-01, 1.797693134862e+308, 6.4502e+00, 4.2753e-01, 
 2DIAGNOSTIC,     8, -5.359008725554e-01, 1.797693134862e+308, 6.7259e+00, 2.7574e-01, 
 2DIAGNOSTIC,     9, -5.359001542241e-01, 1.797693134862e+308, 7.0078e+00, 2.8192e-01, 
 2DIAGNOSTIC,    10, -5.358992855247e-01, 1.278088890214e-04, 7.2768e+00, 2.6900e-01, 
 2DIAGNOSTIC,    11, -5.358962365382e-01, 8.319711965925e-05, 7.5574e+00, 2.8052e-01, 
 2DIAGNOSTIC,    12, -5.358953307903e-01, 5.138672248195e-05, 7.8266e+00, 2.6921e-01, 
 2DIAGNOSTIC,    13, -5.358954442574e-01, 2.924072691936e-05, 8.0623e+00, 2.3572e-01, 
 2DIAGNOSTIC,    14, -5.358945424135e-01, 1.407724667318e-05, 8.2986e+00, 2.3636e-01, 
 2DIAGNOSTIC,    15, -5.358915799235e-01, 1.695677457586e-06, 8.5853e+00, 2.8664e-01, 
 2DIAGNOSTIC,    16, -5.358897214515e-01, 1.101085574579e-06, 8.8656e+00, 2.8027e-01, 
DIAGNOSTIC,Iteration,metricValue,convergenceValue,ITERATION_TIME_INDEX,SINCE_LAST
 2DIAGNOSTIC,     1, -4.896874430119e-01, 1.797693134862e+308, 1.1696e+01, 2.8303e+00, 
 2DIAGNOSTIC,     2, -4.896890636176e-01, 1.797693134862e+308, 1.3407e+01, 1.7111e+00, 
 2DIAGNOSTIC,     3, -4.896888545394e-01, 1.797693134862e+308, 1.5883e+01, 2.4764e+00, 
 2DIAGNOSTIC,     4, -4.896891336677e-01, 1.797693134862e+308, 1.7521e+01, 1.6376e+00, 
 2DIAGNOSTIC,     5, -4.896890596052e-01, 1.797693134862e+308, 1.9373e+01, 1.8520e+00, 
 2DIAGNOSTIC,     6, -4.896889353462e-01, 1.797693134862e+308, 2.0980e+01, 1.6070e+00, 
 2DIAGNOSTIC,     7, -4.896890301601e-01, 1.797693134862e+308, 2.2714e+01, 1.7336e+00, 
 2DIAGNOSTIC,     8, -4.896889511712e-01, 1.797693134862e+308, 2.4226e+01, 1.5127e+00, 
 2DIAGNOSTIC,     9, -4.896887716065e-01, 1.797693134862e+308, 2.5572e+01, 1.3455e+00, 
 2DIAGNOSTIC,    10, -4.896888612399e-01, 3.248444626666e-06, 2.7058e+01, 1.4864e+00, 
 2DIAGNOSTIC,    11, -4.896889396454e-01, 2.870319821921e-06, 2.8543e+01, 1.4847e+00, 
 2DIAGNOSTIC,    12, -4.896887760071e-01, 2.627767005103e-06, 3.0042e+01, 1.4990e+00, 
 2DIAGNOSTIC,    13, -4.896886255261e-01, 2.408462090153e-06, 3.1568e+01, 1.5266e+00, 
 2DIAGNOSTIC,    14, -4.896885694181e-01, 2.233588546938e-06, 3.2914e+01, 1.3453e+00, 
 2DIAGNOSTIC,    15, -4.896885246504e-01, 2.080930180240e-06, 3.4302e+01, 1.3886e+00, 
 2DIAGNOSTIC,    16, -4.896885284445e-01, 1.946283375368e-06, 3.5741e+01, 1.4388e+00, 
 2DIAGNOSTIC,    17, -4.896886150698e-01, 1.837626645775e-06, 3.7489e+01, 1.7481e+00, 
 2DIAGNOSTIC,    18, -4.896887070895e-01, 1.744810487855e-06, 3.9091e+01, 1.6019e+00, 
 2DIAGNOSTIC,    19, -4.896885663559e-01, 1.653930492153e-06, 4.0666e+01, 1.5745e+00, 
 2DIAGNOSTIC,    20, -4.896885093610e-01, 1.574993612384e-06, 4.2258e+01, 1.5924e+00, 
 2DIAGNOSTIC,    21, -4.896884452585e-01, 1.505501827787e-06, 4.3676e+01, 1.4183e+00, 
 2DIAGNOSTIC,    22, -4.896881846650e-01, 1.431998615888e-06, 4.5307e+01, 1.6303e+00, 
 2DIAGNOSTIC,    23, -4.896882248651e-01, 1.363544820859e-06, 4.6830e+01, 1.5236e+00, 
 2DIAGNOSTIC,    24, -4.896880321491e-01, 1.296597399704e-06, 4.8414e+01, 1.5836e+00, 
 2DIAGNOSTIC,    25, -4.896878289189e-01, 1.232091703496e-06, 4.9728e+01, 1.3137e+00, 
 2DIAGNOSTIC,    26, -4.896877478711e-01, 1.174675686347e-06, 5.1232e+01, 1.5047e+00, 
 2DIAGNOSTIC,    27, -4.896874339355e-01, 1.121134472822e-06, 5.2606e+01, 1.3733e+00, 
 2DIAGNOSTIC,    28, -4.896872433528e-01, 1.074918199083e-06, 5.4539e+01, 1.9330e+00, 
 2DIAGNOSTIC,    29, -4.896872537478e-01, 1.035072169843e-06, 5.6033e+01, 1.4947e+00, 
  Elapsed time (stage 0): 5.6852e+01


Total elapsed time: 5.6864e+01
Info [verificarlo]: loaded backend libinterflop_vprec.so
Info [interflop-vprec]: load backend with: 
Info [interflop-vprec]: precision-binary32 = 15
Info [interflop-vprec]: range-binary32 = 7
Info [interflop-vprec]: precision-binary64 = 15
Info [interflop-vprec]: range-binary64 = 7
Info [interflop-vprec]: mode = ob
Info [interflop-vprec]: error-mode = rel
Info [interflop-vprec]: max-abs-error-exponent = -1022
Info [interflop-vprec]: daz = false
Info [interflop-vprec]: ftz = false
Info [interflop-vprec]: 	instrument = none
Info [interflop-vprec]: 	prec-input-file = (null)
Info [interflop-vprec]: 	prec-output-file = (null)
Info [interflop-vprec]: 	prec-log-file = (null)
All_Command_lines_OK
Using double precision for computations.
=============================================================================
The composite transform comprises the following transforms (in order): 
  1. /home/mdugre/scratch/mri-registration-rp/datasets/ds004513/derivatives/mri-registration-rp/0011/antsRegistration-r7-p15/sub-s025/rigid_Composite.h5[0] (type = Euler3DTransform)
  2. /home/mdugre/scratch/mri-registration-rp/datasets/ds004513/derivatives/mri-registration-rp/0011/antsRegistration-r7-p15/sub-s025/rigid_Composite.h5[1] (type = Euler3DTransform)
  3. /home/mdugre/scratch/mri-registration-rp/datasets/ds004513/derivatives/mri-registration-rp/0011/antsRegistration-r7-p15/sub-s025/rigid_Composite.h5[2] (type = Euler3DTransform)
=============================================================================
  number of levels = 4
  fixed image: /templateflow/tpl-MNI152NLin2009cAsym/tpl-MNI152NLin2009cAsym_res-01_desc-brain_T1w.nii.gz
  moving image: /home/mdugre/scratch/mri-registration-rp/datasets/ds004513/derivatives/mri-registration-rp/antsBrainExtraction/sub-s025/BrainExtractionBrain.nii.gz
Dimension = 3
Number of stages = 1
Use histogram matching = false
Winsorize image intensities = true
  Lower quantile = 0.005
  Upper quantile = 0.995


Stage 1 State
   Image metric = MattesMI
     Fixed image = Image (0x4847490)
  RTTI typeinfo:   itk::Image<double, 3u>
  Reference Count: 2
  Modified Time: 1592
  Debug: Off
  Object Name: 
  Observers: 
    none
  Source: (none)
  Source output name: (none)
  Release Data: Off
  Data Released: False
  Global Release Data: Off
  PipelineMTime: 0
  UpdateMTime: 1203
  RealTimeStamp: 0 seconds 
  LargestPossibleRegion: 
    Dimension: 3
    Index: [0, 0, 0]
    Size: [193, 229, 193]
  BufferedRegion: 
    Dimension: 3
    Index: [0, 0, 0]
    Size: [193, 229, 193]
  RequestedRegion: 
    Dimension: 3
    Index: [0, 0, 0]
    Size: [193, 229, 193]
  Spacing: [1, 1, 1]
  Origin: [96, 132, -78]
  Direction: 
-1 0 0
0 -1 0
0 0 1

  IndexToPointMatrix: 
-1 0 0
0 -1 0
0 0 1

  PointToIndexMatrix: 
-1 0 0
0 -1 0
0 0 1

  Inverse Direction: 
-1 0 0
0 -1 0
0 0 1

  PixelContainer: 
    ImportImageContainer (0x49128c0)
      RTTI typeinfo:   itk::ImportImageContainer<unsigned long, double>
      Reference Count: 1
      Modified Time: 1200
      Debug: Off
      Object Name: 
      Observers: 
        none
      Pointer: 0x14665150e010
      Container manages memory: true
      Size: 8530021
      Capacity: 8530021

     Moving image = Image (0x4902b60)
  RTTI typeinfo:   itk::Image<double, 3u>
  Reference Count: 2
  Modified Time: 1593
  Debug: Off
  Object Name: 
  Observers: 
    none
  Source: (none)
  Source output name: (none)
  Release Data: Off
  Data Released: False
  Global Release Data: Off
  PipelineMTime: 0
  UpdateMTime: 1590
  RealTimeStamp: 0 seconds 
  LargestPossibleRegion: 
    Dimension: 3
    Index: [0, 0, 0]
    Size: [176, 240, 256]
  BufferedRegion: 
    Dimension: 3
    Index: [0, 0, 0]
    Size: [176, 240, 256]
  RequestedRegion: 
    Dimension: 3
    Index: [0, 0, 0]
    Size: [176, 240, 256]
  Spacing: [1, 1, 1]
  Origin: [90.377, 84.5098, -154.07]
  Direction: 
-0.99939 7.4819e-06 -0.0348969
-7.47666e-06 -1 -2.79528e-07
-0.0348969 -1.84482e-08 0.99939

  IndexToPointMatrix: 
-0.99939 7.4819e-06 -0.0348969
-7.47666e-06 -1 -2.79528e-07
-0.0348969 -1.84482e-08 0.99939

  PointToIndexMatrix: 
-0.99939 -7.47666e-06 -0.0348969
7.4819e-06 -1 -1.84446e-08
-0.0348969 -2.79528e-07 0.99939

  Inverse Direction: 
-0.99939 -7.47666e-06 -0.0348969
7.4819e-06 -1 -1.84446e-08
-0.0348969 -2.79528e-07 0.99939

  PixelContainer: 
    ImportImageContainer (0x49961d0)
      RTTI typeinfo:   itk::ImportImageContainer<unsigned long, double>
      Reference Count: 1
      Modified Time: 1587
      Debug: Off
      Object Name: 
      Observers: 
        none
      Pointer: 0x14664c28d010
      Container manages memory: true
      Size: 10813440
      Capacity: 10813440

     Weighting = 1
     Sampling strategy = regular
     Number of bins = 32
     Radius = 4
     Sampling percentage  = 0.25
   Transform = Affine
     Gradient step = 0.1
     Update field sigma (voxel space) = 0
     Total field sigma (voxel space) = 0
     Update field time sigma = 0
     Total field time sigma  = 0
     Number of time indices = 0
     Number of time point samples = 0
Registration using 1 total stages.

Stage 0
  iterations = 1000x500x250x100
  convergence threshold = 1e-06
  convergence window size = 10
  number of levels = 4
  using the Mattes MI metric (number of bins = 32, weight = 1, use gradient filter = 0)
  preprocessing:  winsorizing the image intensities
  Shrink factors (level 1 out of 4): [8, 8, 8]
  Shrink factors (level 2 out of 4): [4, 4, 4]
  Shrink factors (level 3 out of 4): [2, 2, 2]
  Shrink factors (level 4 out of 4): [1, 1, 1]
  smoothing sigmas per level: [3, 2, 1, 0]
  regular sampling (percentage = 0.25)

*** Running AffineTransform registration ***

DIAGNOSTIC,Iteration,metricValue,convergenceValue,ITERATION_TIME_INDEX,SINCE_LAST
 2DIAGNOSTIC,     1, -7.477586690693e-01, 1.797693134862e+308, 0.0000e+00, 0.0000e+00, 
 2DIAGNOSTIC,     2, -7.498772454601e-01, 1.797693134862e+308, 0.0000e+00, 0.0000e+00, 
 2DIAGNOSTIC,     3, -7.532694061794e-01, 1.797693134862e+308, 0.0000e+00, 0.0000e+00, 
 2DIAGNOSTIC,     4, -7.589484580031e-01, 1.797693134862e+308, 0.0000e+00, 0.0000e+00, 
 2DIAGNOSTIC,     5, -7.695547766691e-01, 1.797693134862e+308, 0.0000e+00, 0.0000e+00, 
 2DIAGNOSTIC,     6, -7.850969731365e-01, 1.797693134862e+308, 0.0000e+00, 0.0000e+00, 
 2DIAGNOSTIC,     7, -8.115227037314e-01, 1.797693134862e+308, 0.0000e+00, 0.0000e+00, 
 2DIAGNOSTIC,     8, -8.944162599183e-01, 1.797693134862e+308, 0.0000e+00, 0.0000e+00, 
 2DIAGNOSTIC,     9, -9.161940254963e-01, 1.797693134862e+308, 0.0000e+00, 0.0000e+00, 
 2DIAGNOSTIC,    10, -9.229097350007e-01, 1.565737904112e-02, 0.0000e+00, 0.0000e+00, 
 2DIAGNOSTIC,    11, -9.252888856785e-01, 1.562696654931e-02, 0.0000e+00, 0.0000e+00, 
 2DIAGNOSTIC,    12, -9.333073587350e-01, 1.448485430914e-02, 0.0000e+00, 0.0000e+00, 
 2DIAGNOSTIC,    13, -9.360171298486e-01, 1.236117763931e-02, 0.0000e+00, 0.0000e+00, 
 2DIAGNOSTIC,    14, -9.372834563369e-01, 9.617718398702e-03, 0.0000e+00, 0.0000e+00, 
 2DIAGNOSTIC,    15, -9.383336049356e-01, 6.689440279781e-03, 0.0000e+00, 0.0000e+00, 
 2DIAGNOSTIC,    16, -9.379831810956e-01, 3.878242829672e-03, 0.0000e+00, 0.0000e+00, 
 2DIAGNOSTIC,    17, -9.379634092433e-01, 1.543054878329e-03, 0.0000e+00, 0.0000e+00, 
 2DIAGNOSTIC,    18, -9.380324440898e-01, 8.487843240713e-04, 0.0000e+00, 0.0000e+00, 
 2DIAGNOSTIC,    19, -9.378753209024e-01, 5.255637243769e-04, 0.0000e+00, 0.0000e+00, 
 2DIAGNOSTIC,    20, -9.380454100406e-01, 3.015192584070e-04, 0.0000e+00, 0.0000e+00, 
 2DIAGNOSTIC,    21, -9.383037282878e-01, 1.104253224199e-04, 0.0000e+00, 0.0000e+00, 
 2DIAGNOSTIC,    22, -9.382553162727e-01, 4.407622896586e-05, 0.0000e+00, 0.0000e+00, 
 2DIAGNOSTIC,    23, -9.381942094341e-01, 1.670128721822e-05, 0.0000e+00, 0.0000e+00, 
 2DIAGNOSTIC,    24, -9.382290125083e-01, 7.387982198521e-06, 0.0000e+00, 0.0000e+00, 
 2DIAGNOSTIC,    25, -9.382496939239e-01, 1.211151365511e-05, 0.0000e+00, 0.0000e+00, 
 2DIAGNOSTIC,    26, -9.381225274439e-01, 9.485705036449e-06, 0.0000e+00, 0.0000e+00, 
 2DIAGNOSTIC,    27, -9.379773913469e-01, 4.393822252105e-06, 0.0000e+00, 0.0000e+00, 
DIAGNOSTIC,Iteration,metricValue,convergenceValue,ITERATION_TIME_INDEX,SINCE_LAST
 2DIAGNOSTIC,     1, -7.495621551996e-01, 1.797693134862e+308, 0.0000e+00, 0.0000e+00, 
 2DIAGNOSTIC,     2, -7.501204365097e-01, 1.797693134862e+308, 0.0000e+00, 0.0000e+00, 
 2DIAGNOSTIC,     3, -7.507082677491e-01, 1.797693134862e+308, 0.0000e+00, 0.0000e+00, 
 2DIAGNOSTIC,     4, -7.513246032562e-01, 1.797693134862e+308, 0.0000e+00, 0.0000e+00, 
 2DIAGNOSTIC,     5, -7.522483978401e-01, 1.797693134862e+308, 0.0000e+00, 0.0000e+00, 
 2DIAGNOSTIC,     6, -7.538150654655e-01, 1.797693134862e+308, 0.0000e+00, 0.0000e+00, 
 2DIAGNOSTIC,     7, -7.542964778925e-01, 1.797693134862e+308, 0.0000e+00, 0.0000e+00, 
 2DIAGNOSTIC,     8, -7.543510205212e-01, 1.797693134862e+308, 0.0000e+00, 0.0000e+00, 
 2DIAGNOSTIC,     9, -7.543740580476e-01, 1.797693134862e+308, 0.0000e+00, 0.0000e+00, 
 2DIAGNOSTIC,    10, -7.543441836739e-01, 4.831281380106e-04, 0.0000e+00, 0.0000e+00, 
 2DIAGNOSTIC,    11, -7.543117415386e-01, 3.659265263710e-04, 0.0000e+00, 0.0000e+00, 
 2DIAGNOSTIC,    12, -7.543416885375e-01, 2.540357714774e-04, 0.0000e+00, 0.0000e+00, 
 2DIAGNOSTIC,    13, -7.543200456338e-01, 1.535744842457e-04, 0.0000e+00, 0.0000e+00, 
 2DIAGNOSTIC,    14, -7.543378483419e-01, 7.088137315063e-05, 0.0000e+00, 0.0000e+00, 
 2DIAGNOSTIC,    15, -7.543219361078e-01, 1.486893423960e-05, 0.0000e+00, 0.0000e+00, 
DIAGNOSTIC,Iteration,metricValue,convergenceValue,ITERATION_TIME_INDEX,SINCE_LAST
 2DIAGNOSTIC,     1, -6.421374315990e-01, 1.797693134862e+308, 0.0000e+00, 0.0000e+00, 
 2DIAGNOSTIC,     2, -6.424406764519e-01, 1.797693134862e+308, 0.0000e+00, 0.0000e+00, 
 2DIAGNOSTIC,     3, -6.428441688928e-01, 1.797693134862e+308, 0.0000e+00, 0.0000e+00, 
 2DIAGNOSTIC,     4, -6.433558527871e-01, 1.797693134862e+308, 0.0000e+00, 0.0000e+00, 
 2DIAGNOSTIC,     5, -6.449324338771e-01, 1.797693134862e+308, 0.0000e+00, 0.0000e+00, 
 2DIAGNOSTIC,     6, -6.450373378179e-01, 1.797693134862e+308, 0.0000e+00, 0.0000e+00, 
 2DIAGNOSTIC,     7, -6.450338871764e-01, 1.797693134862e+308, 0.0000e+00, 0.0000e+00, 
 2DIAGNOSTIC,     8, -6.450347105251e-01, 1.797693134862e+308, 0.0000e+00, 0.0000e+00, 
 2DIAGNOSTIC,     9, -6.450365579699e-01, 1.797693134862e+308, 0.0000e+00, 0.0000e+00, 
 2DIAGNOSTIC,    10, -6.450369052332e-01, 3.346064277601e-04, 0.0000e+00, 0.0000e+00, 
 2DIAGNOSTIC,    11, -6.450366794562e-01, 2.332763555510e-04, 0.0000e+00, 0.0000e+00, 
 2DIAGNOSTIC,    12, -6.450359490186e-01, 1.400760805009e-04, 0.0000e+00, 0.0000e+00, 
 2DIAGNOSTIC,    13, -6.450359905801e-01, 6.273819667878e-05, 0.0000e+00, 0.0000e+00, 
 2DIAGNOSTIC,    14, -6.450370912047e-01, 5.767210600846e-06, 0.0000e+00, 0.0000e+00, 
 2DIAGNOSTIC,    15, -6.450371914992e-01, 2.363407234612e-06, 0.0000e+00, 0.0000e+00, 
 2DIAGNOSTIC,    16, -6.450371896032e-01, 2.272521749697e-06, 0.0000e+00, 0.0000e+00, 
 2DIAGNOSTIC,    17, -6.450371998063e-01, 2.090599175303e-06, 0.0000e+00, 0.0000e+00, 
 2DIAGNOSTIC,    18, -6.450371876301e-01, 1.939228312660e-06, 0.0000e+00, 0.0000e+00, 
 2DIAGNOSTIC,    19, -6.450371916609e-01, 1.841212410827e-06, 0.0000e+00, 0.0000e+00, 
 2DIAGNOSTIC,    20, -6.450371756936e-01, 1.755430757915e-06, 0.0000e+00, 0.0000e+00, 
 2DIAGNOSTIC,    21, -6.450371758327e-01, 1.668834525806e-06, 0.0000e+00, 0.0000e+00, 
 2DIAGNOSTIC,    22, -6.450371753219e-01, 1.571164276251e-06, 0.0000e+00, 0.0000e+00, 
 2DIAGNOSTIC,    23, -6.450371644651e-01, 1.479659483897e-06, 0.0000e+00, 0.0000e+00, 
 2DIAGNOSTIC,    24, -6.450371051853e-01, 1.414800688132e-06, 0.0000e+00, 0.0000e+00, 
 2DIAGNOSTIC,    25, -6.450370815821e-01, 1.356748114668e-06, 0.0000e+00, 0.0000e+00, 
 2DIAGNOSTIC,    26, -6.450371042541e-01, 1.303862751038e-06, 0.0000e+00, 0.0000e+00, 
 2DIAGNOSTIC,    27, -6.450371139163e-01, 1.255599387358e-06, 0.0000e+00, 0.0000e+00, 
 2DIAGNOSTIC,    28, -6.450371115576e-01, 1.210938310521e-06, 0.0000e+00, 0.0000e+00, 
 2DIAGNOSTIC,    29, -6.450370737190e-01, 1.169231139637e-06, 0.0000e+00, 0.0000e+00, 
 2DIAGNOSTIC,    30, -6.450370580705e-01, 1.130199410893e-06, 0.0000e+00, 0.0000e+00, 
 2DIAGNOSTIC,    31, -6.450370696856e-01, 1.094161464051e-06, 0.0000e+00, 0.0000e+00, 
 2DIAGNOSTIC,    32, -6.450370875377e-01, 1.060862307459e-06, 0.0000e+00, 0.0000e+00, 
 2DIAGNOSTIC,    33, -6.450371023710e-01, 1.029834468626e-06, 0.0000e+00, 0.0000e+00, 
DIAGNOSTIC,Iteration,metricValue,convergenceValue,ITERATION_TIME_INDEX,SINCE_LAST
 2DIAGNOSTIC,     1, -5.764541708320e-01, 1.797693134862e+308, 0.0000e+00, 0.0000e+00, 
 2DIAGNOSTIC,     2, -5.769171613351e-01, 1.797693134862e+308, 0.0000e+00, 0.0000e+00, 
 2DIAGNOSTIC,     3, -5.774750171477e-01, 1.797693134862e+308, 0.0000e+00, 0.0000e+00, 
 2DIAGNOSTIC,     4, -5.780906292745e-01, 1.797693134862e+308, 0.0000e+00, 0.0000e+00, 
 2DIAGNOSTIC,     5, -5.788569230532e-01, 1.797693134862e+308, 0.0000e+00, 0.0000e+00, 
 2DIAGNOSTIC,     6, -5.801679893540e-01, 1.797693134862e+308, 0.0000e+00, 0.0000e+00, 
 2DIAGNOSTIC,     7, -5.802282107667e-01, 1.797693134862e+308, 0.0000e+00, 0.0000e+00, 
 2DIAGNOSTIC,     8, -5.802241739025e-01, 1.797693134862e+308, 0.0000e+00, 0.0000e+00, 
 2DIAGNOSTIC,     9, -5.802244759812e-01, 1.797693134862e+308, 0.0000e+00, 0.0000e+00, 
 2DIAGNOSTIC,    10, -5.802244960345e-01, 4.847589280929e-04, 0.0000e+00, 0.0000e+00, 
 2DIAGNOSTIC,    11, -5.802271910850e-01, 3.537618436423e-04, 0.0000e+00, 0.0000e+00, 
 2DIAGNOSTIC,    12, -5.802239468118e-01, 2.319209304812e-04, 0.0000e+00, 0.0000e+00, 
 2DIAGNOSTIC,    13, -5.802232779136e-01, 1.296972159525e-04, 0.0000e+00, 0.0000e+00, 
 2DIAGNOSTIC,    14, -5.802265380799e-01, 5.206803527730e-05, 0.0000e+00, 0.0000e+00, 
 2DIAGNOSTIC,    15, -5.802282709792e-01, 4.179378219407e-06, 0.0000e+00, 0.0000e+00, 
 2DIAGNOSTIC,    16, -5.802259379450e-01, 2.178219374691e-06, 0.0000e+00, 0.0000e+00, 
 2DIAGNOSTIC,    17, -5.802258402588e-01, 2.151759575512e-06, 0.0000e+00, 0.0000e+00, 
 2DIAGNOSTIC,    18, -5.802228964975e-01, 1.925593333403e-06, 0.0000e+00, 0.0000e+00, 
 2DIAGNOSTIC,    19, -5.802228949979e-01, 1.726903966923e-06, 0.0000e+00, 0.0000e+00, 
 2DIAGNOSTIC,    20, -5.802228935145e-01, 1.549713532993e-06, 0.0000e+00, 0.0000e+00, 
 2DIAGNOSTIC,    21, -5.802228883921e-01, 1.469262152234e-06, 0.0000e+00, 0.0000e+00, 
 2DIAGNOSTIC,    22, -5.802228901937e-01, 1.340399127255e-06, 0.0000e+00, 0.0000e+00, 
