
##########################
# Experiment information #
##########################

EXPERIMENT_NAME: antsRegistration-r8-p19
VFC_BACKENDS: libinterflop_vprec.so --range-binary32=8 --precision-binary32=19 --range-binary64=8 --precision-binary64=19

SIF_IMG: /home/mdugre/projects/rrg-glatard/mdugre/containers/ants-vprec-no_metrics.simg

SUBJECT_ID: s037
INPUT_IMG: /home/mdugre/scratch/mri-registration-rp/datasets/ds004513/derivatives/mri-registration-rp/antsBrainExtraction/sub-s037/BrainExtractionBrain.nii.gz
OUTPUT_DIR: /home/mdugre/scratch/mri-registration-rp/datasets/ds004513/derivatives/mri-registration-rp/0011/antsRegistration-r8-p19/sub-s037

FIXED_IMG: /templateflow/tpl-MNI152NLin2009cAsym/tpl-MNI152NLin2009cAsym_res-01_desc-brain_T1w.nii.gz
DATA_DIR: /home/mdugre/scratch/mri-registration-rp/datasets/ds004513
TEMPLATEFLOW_DIR: /home/mdugre/projects/rrg-glatard/mdugre/templateflow
ITK_GLOBAL_DEFAULT_NUMBER_OF_THREADS: 16
##########################

Info [verificarlo]: loaded backend libinterflop_ieee.so
Info [interflop-ieee]: load backend with:
Info [interflop-ieee]: debug = false
Info [interflop-ieee]: debug-binary = false
Info [interflop-ieee]: no-backend-name = false
Info [interflop-ieee]: print-new-line = false
Info [interflop-ieee]: print-subnormal-normalized = false
Info [interflop-ieee]: count-op = false
All_Command_lines_OK
Using double precision for computations.
=============================================================================
The composite transform comprises the following transforms (in order): 
  1. Center of mass alignment using fixed image: /templateflow/tpl-MNI152NLin2009cAsym/tpl-MNI152NLin2009cAsym_res-01_desc-brain_T1w.nii.gz and moving image: /home/mdugre/scratch/mri-registration-rp/datasets/ds004513/derivatives/mri-registration-rp/antsBrainExtraction/sub-s037/BrainExtractionBrain.nii.gz (type = Euler3DTransform)
=============================================================================
  number of levels = 1
  fixed image: /templateflow/tpl-MNI152NLin2009cAsym/tpl-MNI152NLin2009cAsym_res-01_desc-brain_T1w.nii.gz
  moving image: /home/mdugre/scratch/mri-registration-rp/datasets/ds004513/derivatives/mri-registration-rp/antsBrainExtraction/sub-s037/BrainExtractionBrain.nii.gz
Dimension = 3
Number of stages = 1
Use histogram matching = false
Winsorize image intensities = true
  Lower quantile = 0.005
  Upper quantile = 0.995


Stage 1 State
   Image metric = MattesMI
     Fixed image = Image (0x338ce70)
  RTTI typeinfo:   itk::Image<double, 3u>
  Reference Count: 2
  Modified Time: 2330
  Debug: Off
  Object Name: 
  Observers: 
    none
  Source: (none)
  Source output name: (none)
  Release Data: Off
  Data Released: False
  Global Release Data: Off
  PipelineMTime: 0
  UpdateMTime: 1941
  RealTimeStamp: 0 seconds 
  LargestPossibleRegion: 
    Dimension: 3
    Index: [0, 0, 0]
    Size: [193, 229, 193]
  BufferedRegion: 
    Dimension: 3
    Index: [0, 0, 0]
    Size: [193, 229, 193]
  RequestedRegion: 
    Dimension: 3
    Index: [0, 0, 0]
    Size: [193, 229, 193]
  Spacing: [1, 1, 1]
  Origin: [96, 132, -78]
  Direction: 
-1 0 0
0 -1 0
0 0 1

  IndexToPointMatrix: 
-1 0 0
0 -1 0
0 0 1

  PointToIndexMatrix: 
-1 0 0
0 -1 0
0 0 1

  Inverse Direction: 
-1 0 0
0 -1 0
0 0 1

  PixelContainer: 
    ImportImageContainer (0x3395c60)
      RTTI typeinfo:   itk::ImportImageContainer<unsigned long, double>
      Reference Count: 1
      Modified Time: 1938
      Debug: Off
      Object Name: 
      Observers: 
        none
      Pointer: 0x14a5c9752010
      Container manages memory: true
      Size: 8530021
      Capacity: 8530021

     Moving image = Image (0x3429ec0)
  RTTI typeinfo:   itk::Image<double, 3u>
  Reference Count: 2
  Modified Time: 2331
  Debug: Off
  Object Name: 
  Observers: 
    none
  Source: (none)
  Source output name: (none)
  Release Data: Off
  Data Released: False
  Global Release Data: Off
  PipelineMTime: 0
  UpdateMTime: 2328
  RealTimeStamp: 0 seconds 
  LargestPossibleRegion: 
    Dimension: 3
    Index: [0, 0, 0]
    Size: [160, 240, 256]
  BufferedRegion: 
    Dimension: 3
    Index: [0, 0, 0]
    Size: [160, 240, 256]
  RequestedRegion: 
    Dimension: 3
    Index: [0, 0, 0]
    Size: [160, 240, 256]
  Spacing: [1, 1, 1]
  Origin: [87.9508, 102.562, -147.639]
  Direction: 
-0.998659 -0.0436121 -0.0279129
0.043595 -0.999049 0.00121847
-0.0279395 -2.65543e-08 0.99961

  IndexToPointMatrix: 
-0.998659 -0.0436121 -0.0279129
0.043595 -0.999049 0.00121847
-0.0279395 -2.65543e-08 0.99961

  PointToIndexMatrix: 
-0.998659 0.043595 -0.0279395
-0.0436121 -0.999049 -2.65517e-08
-0.0279129 0.00121847 0.99961

  Inverse Direction: 
-0.998659 0.043595 -0.0279395
-0.0436121 -0.999049 -2.65517e-08
-0.0279129 0.00121847 0.99961

  PixelContainer: 
    ImportImageContainer (0x34c1610)
      RTTI typeinfo:   itk::ImportImageContainer<unsigned long, double>
      Reference Count: 1
      Modified Time: 2325
      Debug: Off
      Object Name: 
      Observers: 
        none
      Pointer: 0x14a5c4c51010
      Container manages memory: true
      Size: 9830400
      Capacity: 9830400

     Weighting = 1
     Sampling strategy = regular
     Number of bins = 32
     Radius = 4
     Sampling percentage  = 0.25
   Transform = Rigid
     Gradient step = 0.1
     Update field sigma (voxel space) = 0
     Total field sigma (voxel space) = 0
     Update field time sigma = 0
     Total field time sigma  = 0
     Number of time indices = 0
     Number of time point samples = 0
Registration using 1 total stages.

Stage 0
  iterations = 0
  convergence threshold = 1e-06
  convergence window size = 10
  number of levels = 1
  using the Mattes MI metric (number of bins = 32, weight = 1, use gradient filter = 0)
  preprocessing:  winsorizing the image intensities
  Shrink factors (level 1 out of 1): [1, 1, 1]
  smoothing sigmas per level: [0]
  regular sampling (percentage = 0.25)

*** Running Euler3DTransform registration ***

  Elapsed time (stage 0): 1.11144


Total elapsed time: 1.11352
Info [verificarlo]: loaded backend libinterflop_ieee.so
Info [interflop-ieee]: load backend with:
Info [interflop-ieee]: debug = false
Info [interflop-ieee]: debug-binary = false
Info [interflop-ieee]: no-backend-name = false
Info [interflop-ieee]: print-new-line = false
Info [interflop-ieee]: print-subnormal-normalized = false
Info [interflop-ieee]: count-op = false
All_Command_lines_OK
Using double precision for computations.
=============================================================================
The composite transform comprises the following transforms (in order): 
  1. /home/mdugre/scratch/mri-registration-rp/datasets/ds004513/derivatives/mri-registration-rp/0011/antsRegistration-r8-p19/sub-s037/align_Composite.h5[0] (type = Euler3DTransform)
  2. /home/mdugre/scratch/mri-registration-rp/datasets/ds004513/derivatives/mri-registration-rp/0011/antsRegistration-r8-p19/sub-s037/align_Composite.h5[1] (type = Euler3DTransform)
=============================================================================
  number of levels = 4
  fixed image: /templateflow/tpl-MNI152NLin2009cAsym/tpl-MNI152NLin2009cAsym_res-01_desc-brain_T1w.nii.gz
  moving image: /home/mdugre/scratch/mri-registration-rp/datasets/ds004513/derivatives/mri-registration-rp/antsBrainExtraction/sub-s037/BrainExtractionBrain.nii.gz
Dimension = 3
Number of stages = 1
Use histogram matching = false
Winsorize image intensities = true
  Lower quantile = 0.005
  Upper quantile = 0.995


Stage 1 State
   Image metric = MattesMI
     Fixed image = Image (0x4d50530)
  RTTI typeinfo:   itk::Image<double, 3u>
  Reference Count: 2
  Modified Time: 1578
  Debug: Off
  Object Name: 
  Observers: 
    none
  Source: (none)
  Source output name: (none)
  Release Data: Off
  Data Released: False
  Global Release Data: Off
  PipelineMTime: 0
  UpdateMTime: 1189
  RealTimeStamp: 0 seconds 
  LargestPossibleRegion: 
    Dimension: 3
    Index: [0, 0, 0]
    Size: [193, 229, 193]
  BufferedRegion: 
    Dimension: 3
    Index: [0, 0, 0]
    Size: [193, 229, 193]
  RequestedRegion: 
    Dimension: 3
    Index: [0, 0, 0]
    Size: [193, 229, 193]
  Spacing: [1, 1, 1]
  Origin: [96, 132, -78]
  Direction: 
-1 0 0
0 -1 0
0 0 1

  IndexToPointMatrix: 
-1 0 0
0 -1 0
0 0 1

  PointToIndexMatrix: 
-1 0 0
0 -1 0
0 0 1

  Inverse Direction: 
-1 0 0
0 -1 0
0 0 1

  PixelContainer: 
    ImportImageContainer (0x4e0ed60)
      RTTI typeinfo:   itk::ImportImageContainer<unsigned long, double>
      Reference Count: 1
      Modified Time: 1186
      Debug: Off
      Object Name: 
      Observers: 
        none
      Pointer: 0x149b91a72010
      Container manages memory: true
      Size: 8530021
      Capacity: 8530021

     Moving image = Image (0x4e00f60)
  RTTI typeinfo:   itk::Image<double, 3u>
  Reference Count: 2
  Modified Time: 1579
  Debug: Off
  Object Name: 
  Observers: 
    none
  Source: (none)
  Source output name: (none)
  Release Data: Off
  Data Released: False
  Global Release Data: Off
  PipelineMTime: 0
  UpdateMTime: 1576
  RealTimeStamp: 0 seconds 
  LargestPossibleRegion: 
    Dimension: 3
    Index: [0, 0, 0]
    Size: [160, 240, 256]
  BufferedRegion: 
    Dimension: 3
    Index: [0, 0, 0]
    Size: [160, 240, 256]
  RequestedRegion: 
    Dimension: 3
    Index: [0, 0, 0]
    Size: [160, 240, 256]
  Spacing: [1, 1, 1]
  Origin: [87.9508, 102.562, -147.639]
  Direction: 
-0.998659 -0.0436121 -0.0279129
0.043595 -0.999049 0.00121847
-0.0279395 -2.65543e-08 0.99961

  IndexToPointMatrix: 
-0.998659 -0.0436121 -0.0279129
0.043595 -0.999049 0.00121847
-0.0279395 -2.65543e-08 0.99961

  PointToIndexMatrix: 
-0.998659 0.043595 -0.0279395
-0.0436121 -0.999049 -2.65517e-08
-0.0279129 0.00121847 0.99961

  Inverse Direction: 
-0.998659 0.043595 -0.0279395
-0.0436121 -0.999049 -2.65517e-08
-0.0279129 0.00121847 0.99961

  PixelContainer: 
    ImportImageContainer (0x4df26d0)
      RTTI typeinfo:   itk::ImportImageContainer<unsigned long, double>
      Reference Count: 1
      Modified Time: 1573
      Debug: Off
      Object Name: 
      Observers: 
        none
      Pointer: 0x149b8cf71010
      Container manages memory: true
      Size: 9830400
      Capacity: 9830400

     Weighting = 1
     Sampling strategy = regular
     Number of bins = 32
     Radius = 4
     Sampling percentage  = 0.25
   Transform = Rigid
     Gradient step = 0.1
     Update field sigma (voxel space) = 0
     Total field sigma (voxel space) = 0
     Update field time sigma = 0
     Total field time sigma  = 0
     Number of time indices = 0
     Number of time point samples = 0
Registration using 1 total stages.

Stage 0
  iterations = 1000x500x250x100
  convergence threshold = 1e-06
  convergence window size = 10
  number of levels = 4
  using the Mattes MI metric (number of bins = 32, weight = 1, use gradient filter = 0)
  preprocessing:  winsorizing the image intensities
  Shrink factors (level 1 out of 4): [8, 8, 8]
  Shrink factors (level 2 out of 4): [4, 4, 4]
  Shrink factors (level 3 out of 4): [2, 2, 2]
  Shrink factors (level 4 out of 4): [1, 1, 1]
  smoothing sigmas per level: [3, 2, 1, 0]
  regular sampling (percentage = 0.25)

*** Running Euler3DTransform registration ***

DIAGNOSTIC,Iteration,metricValue,convergenceValue,ITERATION_TIME_INDEX,SINCE_LAST
 2DIAGNOSTIC,     1, -4.299060189477e-01, 1.797693134862e+308, 7.3966e-01, 7.3966e-01, 
 2DIAGNOSTIC,     2, -4.311703807429e-01, 1.797693134862e+308, 7.4577e-01, 6.1162e-03, 
 2DIAGNOSTIC,     3, -4.334997061176e-01, 1.797693134862e+308, 7.5114e-01, 5.3699e-03, 
 2DIAGNOSTIC,     4, -4.389575130370e-01, 1.797693134862e+308, 7.5668e-01, 5.5420e-03, 
 2DIAGNOSTIC,     5, -4.438813134482e-01, 1.797693134862e+308, 7.6211e-01, 5.4231e-03, 
 2DIAGNOSTIC,     6, -4.461495460377e-01, 1.797693134862e+308, 7.6803e-01, 5.9240e-03, 
 2DIAGNOSTIC,     7, -4.511407144429e-01, 1.797693134862e+308, 7.7472e-01, 6.6900e-03, 
 2DIAGNOSTIC,     8, -4.667812032718e-01, 1.797693134862e+308, 7.8123e-01, 6.5060e-03, 
 2DIAGNOSTIC,     9, -4.753090114372e-01, 1.797693134862e+308, 7.8651e-01, 5.2810e-03, 
 2DIAGNOSTIC,    10, -4.802481719655e-01, 7.481707542057e-03, 7.9240e-01, 5.8889e-03, 
 2DIAGNOSTIC,    11, -4.821261368877e-01, 7.356704266140e-03, 7.9772e-01, 5.3210e-03, 
 2DIAGNOSTIC,    12, -4.837491005316e-01, 6.749992380104e-03, 8.0378e-01, 6.0611e-03, 
 2DIAGNOSTIC,    13, -5.028244927610e-01, 6.622215038740e-03, 8.1269e-01, 8.9109e-03, 
 2DIAGNOSTIC,    14, -5.042109134423e-01, 6.183615245765e-03, 8.1862e-01, 5.9359e-03, 
 2DIAGNOSTIC,    15, -5.066116081856e-01, 5.558135432393e-03, 8.2366e-01, 5.0352e-03, 
 2DIAGNOSTIC,    16, -5.083451635853e-01, 4.676295421351e-03, 8.2907e-01, 5.4061e-03, 
 2DIAGNOSTIC,    17, -5.184993492784e-01, 3.998770501033e-03, 8.3754e-01, 8.4760e-03, 
 2DIAGNOSTIC,    18, -5.256348855897e-01, 3.769024583879e-03, 8.4247e-01, 4.9260e-03, 
 2DIAGNOSTIC,    19, -5.260487276777e-01, 3.491513202636e-03, 8.4832e-01, 5.8510e-03, 
 2DIAGNOSTIC,    20, -5.292109530372e-01, 3.174906809606e-03, 8.5398e-01, 5.6629e-03, 
 2DIAGNOSTIC,    21, -5.301818285929e-01, 2.681600082809e-03, 8.5911e-01, 5.1289e-03, 
 2DIAGNOSTIC,    22, -5.312241435550e-01, 2.041189032035e-03, 8.6499e-01, 5.8780e-03, 
 2DIAGNOSTIC,    23, -5.321371426489e-01, 1.776979565139e-03, 8.7126e-01, 6.2730e-03, 
 2DIAGNOSTIC,    24, -5.330747242593e-01, 1.429098351113e-03, 8.7738e-01, 6.1219e-03, 
 2DIAGNOSTIC,    25, -5.340979451841e-01, 1.060387718883e-03, 8.8303e-01, 5.6460e-03, 
 2DIAGNOSTIC,    26, -5.353301867748e-01, 6.839350048992e-04, 8.9144e-01, 8.4131e-03, 
 2DIAGNOSTIC,    27, -5.359877925609e-01, 5.005583710847e-04, 8.9645e-01, 5.0099e-03, 
 2DIAGNOSTIC,    28, -5.363338963929e-01, 4.385715095254e-04, 9.0144e-01, 4.9908e-03, 
 2DIAGNOSTIC,    29, -5.373050906883e-01, 3.660301146944e-04, 9.0652e-01, 5.0809e-03, 
 2DIAGNOSTIC,    30, -5.398201293627e-01, 3.715999902330e-04, 9.1265e-01, 6.1250e-03, 
 2DIAGNOSTIC,    31, -5.446420056555e-01, 4.465252243635e-04, 9.2379e-01, 1.1137e-02, 
 2DIAGNOSTIC,    32, -5.446643576895e-01, 4.912591457400e-04, 9.2837e-01, 4.5881e-03, 
 2DIAGNOSTIC,    33, -5.447645092658e-01, 5.056402457296e-04, 9.3339e-01, 5.0170e-03, 
 2DIAGNOSTIC,    34, -5.449309578830e-01, 4.904041819123e-04, 9.3788e-01, 4.4901e-03, 
 2DIAGNOSTIC,    35, -5.452044446037e-01, 4.491492736529e-04, 9.4253e-01, 4.6511e-03, 
 2DIAGNOSTIC,    36, -5.456974297120e-01, 3.933069009994e-04, 9.4709e-01, 4.5571e-03, 
 2DIAGNOSTIC,    37, -5.462998705426e-01, 3.227883809962e-04, 9.5196e-01, 4.8709e-03, 
 2DIAGNOSTIC,    38, -5.470544235918e-01, 2.429358140083e-04, 9.5669e-01, 4.7240e-03, 
 2DIAGNOSTIC,    39, -5.483332220759e-01, 1.763383902567e-04, 9.6188e-01, 5.1970e-03, 
 2DIAGNOSTIC,    40, -5.485726261180e-01, 1.327676982911e-04, 9.6641e-01, 4.5259e-03, 
 2DIAGNOSTIC,    41, -5.488484918296e-01, 1.482773829941e-04, 9.7147e-01, 5.0590e-03, 
 2DIAGNOSTIC,    42, -5.491455794777e-01, 1.532242081511e-04, 9.7613e-01, 4.6601e-03, 
 2DIAGNOSTIC,    43, -5.502462314638e-01, 1.586787115139e-04, 9.8175e-01, 5.6181e-03, 
 2DIAGNOSTIC,    44, -5.634830167342e-01, 3.167352613492e-04, 9.8843e-01, 6.6810e-03, 
 2DIAGNOSTIC,    45, -5.666164375162e-01, 4.742056269711e-04, 9.9372e-01, 5.2931e-03, 
 2DIAGNOSTIC,    46, -5.686712791914e-01, 6.105311420956e-04, 9.9887e-01, 5.1510e-03, 
 2DIAGNOSTIC,    47, -5.690859511872e-01, 6.962395866927e-04, 1.0034e+00, 4.5450e-03, 
 2DIAGNOSTIC,    48, -5.696227100773e-01, 7.258918643400e-04, 1.0080e+00, 4.5440e-03, 
 2DIAGNOSTIC,    49, -5.705351705693e-01, 7.069233323582e-04, 1.0130e+00, 5.0018e-03, 
 2DIAGNOSTIC,    50, -5.708768630669e-01, 6.263655603785e-04, 1.0180e+00, 5.0111e-03, 
 2DIAGNOSTIC,    51, -5.710022741785e-01, 4.956204599391e-04, 1.0225e+00, 4.5650e-03, 
 2DIAGNOSTIC,    52, -5.730179022085e-01, 3.490141061122e-04, 1.0278e+00, 5.2688e-03, 
 2DIAGNOSTIC,    53, -5.746967156377e-01, 1.997448292900e-04, 1.0332e+00, 5.3549e-03, 
 2DIAGNOSTIC,    54, -5.761331468854e-01, 1.837615566435e-04, 1.0379e+00, 4.7040e-03, 
 2DIAGNOSTIC,    55, -5.782986092843e-01, 2.025559843269e-04, 1.0432e+00, 5.3029e-03, 
 2DIAGNOSTIC,    56, -5.813834958115e-01, 2.506108855714e-04, 1.0507e+00, 7.5250e-03, 
 2DIAGNOSTIC,    57, -5.816333563721e-01, 2.783683479445e-04, 1.0552e+00, 4.4792e-03, 
 2DIAGNOSTIC,    58, -5.822086285095e-01, 2.887671204739e-04, 1.0596e+00, 4.4730e-03, 
 2DIAGNOSTIC,    59, -5.832117314874e-01, 2.887537654131e-04, 1.0642e+00, 4.5562e-03, 
 2DIAGNOSTIC,    60, -5.838713313672e-01, 2.698071521045e-04, 1.0693e+00, 5.0929e-03, 
 2DIAGNOSTIC,    61, -5.841182946113e-01, 2.283126810503e-04, 1.0743e+00, 5.0020e-03, 
 2DIAGNOSTIC,    62, -5.842401760858e-01, 1.848637223282e-04, 1.0793e+00, 4.9789e-03, 
 2DIAGNOSTIC,    63, -5.842634920110e-01, 1.398941170972e-04, 1.0837e+00, 4.4589e-03, 
 2DIAGNOSTIC,    64, -5.842950335510e-01, 9.497536259064e-05, 1.0886e+00, 4.8199e-03, 
 2DIAGNOSTIC,    65, -5.847434595426e-01, 6.313930816173e-05, 1.0931e+00, 4.5440e-03, 
 2DIAGNOSTIC,    66, -5.864798077396e-01, 6.511458219212e-05, 1.1006e+00, 7.4539e-03, 
 2DIAGNOSTIC,    67, -5.868490335421e-01, 6.539133487858e-05, 1.1078e+00, 7.2351e-03, 
 2DIAGNOSTIC,    68, -5.868044022181e-01, 6.354876964964e-05, 1.1123e+00, 4.4761e-03, 
 2DIAGNOSTIC,    69, -5.867979594609e-01, 6.347332352847e-05, 1.1167e+00, 4.4620e-03, 
 2DIAGNOSTIC,    70, -5.868528120406e-01, 6.262467747712e-05, 1.1212e+00, 4.4820e-03, 
 2DIAGNOSTIC,    71, -5.868785720480e-01, 5.756664352710e-05, 1.1258e+00, 4.5800e-03, 
 2DIAGNOSTIC,    72, -5.869056582516e-01, 4.821094641544e-05, 1.1307e+00, 4.8728e-03, 
 2DIAGNOSTIC,    73, -5.869287922849e-01, 3.510484639952e-05, 1.1352e+00, 4.4980e-03, 
 2DIAGNOSTIC,    74, -5.868832060662e-01, 1.904706097774e-05, 1.1395e+00, 4.3581e-03, 
 2DIAGNOSTIC,    75, -5.869602157758e-01, 5.025850211398e-06, 1.1440e+00, 4.4391e-03, 
 2DIAGNOSTIC,    76, -5.870218748971e-01, 3.274425696949e-06, 1.1488e+00, 4.8330e-03, 
 2DIAGNOSTIC,    77, -5.871866922937e-01, 4.933293148645e-06, 1.1540e+00, 5.1730e-03, 
 2DIAGNOSTIC,    78, -5.871996659925e-01, 5.889118755391e-06, 1.1597e+00, 5.7790e-03, 
 2DIAGNOSTIC,    79, -5.872028996378e-01, 6.286429609646e-06, 1.1640e+00, 4.2360e-03, 
 2DIAGNOSTIC,    80, -5.872043489655e-01, 6.484843603749e-06, 1.1681e+00, 4.1680e-03, 
 2DIAGNOSTIC,    81, -5.872083661787e-01, 6.266134983489e-06, 1.1723e+00, 4.1358e-03, 
 2DIAGNOSTIC,    82, -5.872157858053e-01, 5.689081793599e-06, 1.1769e+00, 4.6618e-03, 
 2DIAGNOSTIC,    83, -5.873874264997e-01, 5.854405737072e-06, 1.1826e+00, 5.6620e-03, 
 2DIAGNOSTIC,    84, -5.874640298899e-01, 5.659585319638e-06, 1.1873e+00, 4.6990e-03, 
 2DIAGNOSTIC,    85, -5.874668567243e-01, 5.453061714329e-06, 1.1916e+00, 4.3330e-03, 
 2DIAGNOSTIC,    86, -5.873921008064e-01, 4.678807474260e-06, 1.1965e+00, 4.8561e-03, 
 2DIAGNOSTIC,    87, -5.874178398104e-01, 4.660673778854e-06, 1.2029e+00, 6.4230e-03, 
 2DIAGNOSTIC,    88, -5.872486302035e-01, 3.281530379581e-06, 1.2073e+00, 4.3590e-03, 
 2DIAGNOSTIC,    89, -5.872498403319e-01, 1.694045067380e-06, 1.2117e+00, 4.3859e-03, 
DIAGNOSTIC,Iteration,metricValue,convergenceValue,ITERATION_TIME_INDEX,SINCE_LAST
 2DIAGNOSTIC,     1, -4.733076787306e-01, 1.797693134862e+308, 1.9403e+00, 7.2865e-01, 
 2DIAGNOSTIC,     2, -4.739966396739e-01, 1.797693134862e+308, 1.9684e+00, 2.8111e-02, 
 2DIAGNOSTIC,     3, -4.751192021311e-01, 1.797693134862e+308, 2.0010e+00, 3.2565e-02, 
 2DIAGNOSTIC,     4, -4.771298743283e-01, 1.797693134862e+308, 2.0343e+00, 3.3331e-02, 
 2DIAGNOSTIC,     5, -4.804196633846e-01, 1.797693134862e+308, 2.0686e+00, 3.4255e-02, 
 2DIAGNOSTIC,     6, -4.822386951342e-01, 1.797693134862e+308, 2.1040e+00, 3.5469e-02, 
 2DIAGNOSTIC,     7, -4.831291836449e-01, 1.797693134862e+308, 2.1399e+00, 3.5853e-02, 
 2DIAGNOSTIC,     8, -4.832662461292e-01, 1.797693134862e+308, 2.1814e+00, 4.1498e-02, 
 2DIAGNOSTIC,     9, -4.835670843394e-01, 1.797693134862e+308, 2.2202e+00, 3.8811e-02, 
 2DIAGNOSTIC,    10, -4.841244631726e-01, 1.662296675468e-03, 2.2725e+00, 5.2273e-02, 
 2DIAGNOSTIC,    11, -4.843317950554e-01, 1.305267382278e-03, 2.3057e+00, 3.3176e-02, 
 2DIAGNOSTIC,    12, -4.845131710878e-01, 9.358490722863e-04, 2.3424e+00, 3.6704e-02, 
 2DIAGNOSTIC,    13, -4.845476129743e-01, 5.926331192136e-04, 2.3768e+00, 3.4392e-02, 
 2DIAGNOSTIC,    14, -4.846220483144e-01, 3.306552406759e-04, 2.4129e+00, 3.6192e-02, 
 2DIAGNOSTIC,    15, -4.848819133470e-01, 2.116912535303e-04, 2.4478e+00, 3.4818e-02, 
 2DIAGNOSTIC,    16, -4.861047242354e-01, 1.995251174232e-04, 2.4865e+00, 3.8726e-02, 
 2DIAGNOSTIC,    17, -4.865399900210e-01, 2.157200223861e-04, 2.5307e+00, 4.4225e-02, 
 2DIAGNOSTIC,    18, -4.868234728261e-01, 2.243314492723e-04, 2.5688e+00, 3.8115e-02, 
 2DIAGNOSTIC,    19, -4.889820226247e-01, 2.877370536358e-04, 2.6088e+00, 4.0021e-02, 
 2DIAGNOSTIC,    20, -4.893380303149e-01, 3.431535170454e-04, 2.6439e+00, 3.5066e-02, 
 2DIAGNOSTIC,    21, -4.895702440587e-01, 3.735524495860e-04, 2.6754e+00, 3.1465e-02, 
 2DIAGNOSTIC,    22, -4.897858187953e-01, 3.776783345038e-04, 2.7072e+00, 3.1870e-02, 
 2DIAGNOSTIC,    23, -4.904692634423e-01, 3.648017261824e-04, 2.7504e+00, 4.3191e-02, 
 2DIAGNOSTIC,    24, -4.907368217893e-01, 3.264064708970e-04, 2.7857e+00, 3.5281e-02, 
 2DIAGNOSTIC,    25, -4.907910897234e-01, 2.671407398635e-04, 2.8159e+00, 3.0212e-02, 
 2DIAGNOSTIC,    26, -4.908825618352e-01, 2.178886247068e-04, 2.8488e+00, 3.2850e-02, 
 2DIAGNOSTIC,    27, -4.910204122734e-01, 1.647880083462e-04, 2.8818e+00, 3.2986e-02, 
 2DIAGNOSTIC,    28, -4.911180194269e-01, 1.066309331975e-04, 2.9125e+00, 3.0743e-02, 
 2DIAGNOSTIC,    29, -4.912142169618e-01, 8.789366179836e-05, 2.9468e+00, 3.4251e-02, 
 2DIAGNOSTIC,    30, -4.913483268679e-01, 7.188890217706e-05, 2.9815e+00, 3.4695e-02, 
 2DIAGNOSTIC,    31, -4.913902845290e-01, 5.546153571844e-05, 3.0501e+00, 6.8684e-02, 
 2DIAGNOSTIC,    32, -4.913890909602e-01, 3.853412871375e-05, 3.0819e+00, 3.1754e-02, 
 2DIAGNOSTIC,    33, -4.914016170635e-01, 3.132439015642e-05, 3.1125e+00, 3.0623e-02, 
 2DIAGNOSTIC,    34, -4.914092102025e-01, 2.638720528877e-05, 3.1468e+00, 3.4236e-02, 
 2DIAGNOSTIC,    35, -4.914067832048e-01, 2.014666695341e-05, 3.1769e+00, 3.0162e-02, 
 2DIAGNOSTIC,    36, -4.914072817148e-01, 1.388764889558e-05, 3.2076e+00, 3.0674e-02, 
 2DIAGNOSTIC,    37, -4.914271459917e-01, 9.230581214520e-06, 3.2406e+00, 3.3054e-02, 
 2DIAGNOSTIC,    38, -4.914359845666e-01, 5.640589573752e-06, 3.2698e+00, 2.9153e-02, 
 2DIAGNOSTIC,    39, -4.914643966424e-01, 3.591914579163e-06, 3.2985e+00, 2.8704e-02, 
 2DIAGNOSTIC,    40, -4.915056559221e-01, 3.921261151958e-06, 3.3310e+00, 3.2502e-02, 
 2DIAGNOSTIC,    41, -4.915414171424e-01, 5.036399094188e-06, 3.3604e+00, 2.9387e-02, 
 2DIAGNOSTIC,    42, -4.915803339669e-01, 6.205566741937e-06, 3.3897e+00, 2.9326e-02, 
 2DIAGNOSTIC,    43, -4.916088292099e-01, 7.348648273175e-06, 3.4190e+00, 2.9269e-02, 
 2DIAGNOSTIC,    44, -4.916508039088e-01, 8.464793232341e-06, 3.4483e+00, 2.9351e-02, 
 2DIAGNOSTIC,    45, -4.916765073111e-01, 9.082512875003e-06, 3.4775e+00, 2.9210e-02, 
 2DIAGNOSTIC,    46, -4.917795486873e-01, 1.017591175481e-05, 3.5074e+00, 2.9874e-02, 
 2DIAGNOSTIC,    47, -4.920046028482e-01, 1.332602938443e-05, 3.5419e+00, 3.4478e-02, 
 2DIAGNOSTIC,    48, -4.930812056184e-01, 2.824361469136e-05, 3.5889e+00, 4.6966e-02, 
 2DIAGNOSTIC,    49, -4.931322907451e-01, 4.052317576347e-05, 3.6176e+00, 2.8705e-02, 
 2DIAGNOSTIC,    50, -4.931822291161e-01, 4.971197103325e-05, 3.6505e+00, 3.2892e-02, 
 2DIAGNOSTIC,    51, -4.934144378103e-01, 5.705036383048e-05, 3.6917e+00, 4.1278e-02, 
 2DIAGNOSTIC,    52, -4.934414814968e-01, 5.928107126711e-05, 3.7258e+00, 3.4047e-02, 
 2DIAGNOSTIC,    53, -4.934226435084e-01, 5.573310792427e-05, 3.7595e+00, 3.3748e-02, 
 2DIAGNOSTIC,    54, -4.934209078668e-01, 4.750036516099e-05, 3.7936e+00, 3.4089e-02, 
 2DIAGNOSTIC,    55, -4.934229046511e-01, 3.552506380413e-05, 3.8276e+00, 3.3984e-02, 
 2DIAGNOSTIC,    56, -4.934159039034e-01, 2.165202544912e-05, 3.8583e+00, 3.0657e-02, 
 2DIAGNOSTIC,    57, -4.934174120074e-01, 8.245729057530e-06, 3.8885e+00, 3.0244e-02, 
 2DIAGNOSTIC,    58, -4.934198139795e-01, 5.416710964778e-06, 3.9191e+00, 3.0592e-02, 
 2DIAGNOSTIC,    59, -4.934312339036e-01, 2.850033166218e-06, 3.9492e+00, 3.0073e-02, 
DIAGNOSTIC,Iteration,metricValue,convergenceValue,ITERATION_TIME_INDEX,SINCE_LAST
 2DIAGNOSTIC,     1, -4.342378305461e-01, 1.797693134862e+308, 5.0590e+00, 1.1099e+00, 
 2DIAGNOSTIC,     2, -4.344266939043e-01, 1.797693134862e+308, 5.3039e+00, 2.4492e-01, 
 2DIAGNOSTIC,     3, -4.345506534030e-01, 1.797693134862e+308, 5.6008e+00, 2.9684e-01, 
 2DIAGNOSTIC,     4, -4.346106219915e-01, 1.797693134862e+308, 5.8507e+00, 2.4991e-01, 
 2DIAGNOSTIC,     5, -4.346392526204e-01, 1.797693134862e+308, 6.1112e+00, 2.6055e-01, 
 2DIAGNOSTIC,     6, -4.347346628586e-01, 1.797693134862e+308, 6.4642e+00, 3.5300e-01, 
 2DIAGNOSTIC,     7, -4.347559616508e-01, 1.797693134862e+308, 6.7167e+00, 2.5249e-01, 
 2DIAGNOSTIC,     8, -4.347837172734e-01, 1.797693134862e+308, 6.9728e+00, 2.5611e-01, 
 2DIAGNOSTIC,     9, -4.348583349103e-01, 1.797693134862e+308, 7.4262e+00, 4.5340e-01, 
 2DIAGNOSTIC,    10, -4.348767119820e-01, 8.578086632426e-05, 7.7558e+00, 3.2958e-01, 
 2DIAGNOSTIC,    11, -4.348821132959e-01, 6.145083828425e-05, 8.0630e+00, 3.0718e-01, 
 2DIAGNOSTIC,    12, -4.348810135112e-01, 4.605400346361e-05, 8.4641e+00, 4.0110e-01, 
 2DIAGNOSTIC,    13, -4.348797831963e-01, 3.526795431585e-05, 8.8123e+00, 3.4816e-01, 
 2DIAGNOSTIC,    14, -4.348791329631e-01, 2.578243665911e-05, 9.0982e+00, 2.8599e-01, 
 2DIAGNOSTIC,    15, -4.348785088717e-01, 1.652095951514e-05, 9.3932e+00, 2.9496e-01, 
 2DIAGNOSTIC,    16, -4.348779933471e-01, 1.100615278565e-05, 9.6587e+00, 2.6545e-01, 
 2DIAGNOSTIC,    17, -4.348775905663e-01, 6.129276254409e-06, 9.9123e+00, 2.5361e-01, 
 2DIAGNOSTIC,    18, -4.348774308689e-01, 2.337707417380e-06, 1.0187e+01, 2.7441e-01, 
 2DIAGNOSTIC,    19, -4.348805408766e-01, 1.550679551418e-06, 1.0447e+01, 2.6064e-01, 
 2DIAGNOSTIC,    20, -4.348811996922e-01, 1.467247292844e-06, 1.0699e+01, 2.5157e-01, 
 2DIAGNOSTIC,    21, -4.348821157717e-01, 1.601014775407e-06, 1.0972e+01, 2.7313e-01, 
 2DIAGNOSTIC,    22, -4.348837130973e-01, 1.731136533123e-06, 1.1229e+01, 2.5691e-01, 
 2DIAGNOSTIC,    23, -4.348834701495e-01, 1.780600144594e-06, 1.1537e+01, 3.0834e-01, 
 2DIAGNOSTIC,    24, -4.348836891801e-01, 1.776739591633e-06, 1.1812e+01, 2.7433e-01, 
 2DIAGNOSTIC,    25, -4.348816416649e-01, 1.660929529412e-06, 1.2074e+01, 2.6287e-01, 
 2DIAGNOSTIC,    26, -4.348813005478e-01, 1.498331209389e-06, 1.2337e+01, 2.6293e-01, 
 2DIAGNOSTIC,    27, -4.348811415938e-01, 1.308604863498e-06, 1.2582e+01, 2.4445e-01, 
 2DIAGNOSTIC,    28, -4.348828616493e-01, 1.154194246997e-06, 1.2874e+01, 2.9212e-01, 
 2DIAGNOSTIC,    29, -4.348817849330e-01, 1.053819504035e-06, 1.3141e+01, 2.6683e-01, 
DIAGNOSTIC,Iteration,metricValue,convergenceValue,ITERATION_TIME_INDEX,SINCE_LAST
 2DIAGNOSTIC,     1, -4.013038828257e-01, 1.797693134862e+308, 1.5814e+01, 2.6731e+00, 
 2DIAGNOSTIC,     2, -4.014610176404e-01, 1.797693134862e+308, 1.7577e+01, 1.7627e+00, 
 2DIAGNOSTIC,     3, -4.015773007403e-01, 1.797693134862e+308, 1.9419e+01, 1.8421e+00, 
 2DIAGNOSTIC,     4, -4.016096705674e-01, 1.797693134862e+308, 2.0816e+01, 1.3968e+00, 
 2DIAGNOSTIC,     5, -4.016222575623e-01, 1.797693134862e+308, 2.2642e+01, 1.8264e+00, 
 2DIAGNOSTIC,     6, -4.016246181197e-01, 1.797693134862e+308, 2.4368e+01, 1.7260e+00, 
 2DIAGNOSTIC,     7, -4.016234278809e-01, 1.797693134862e+308, 2.5826e+01, 1.4582e+00, 
 2DIAGNOSTIC,     8, -4.016250013070e-01, 1.797693134862e+308, 2.7339e+01, 1.5133e+00, 
 2DIAGNOSTIC,     9, -4.016430159057e-01, 1.797693134862e+308, 2.8655e+01, 1.3155e+00, 
 2DIAGNOSTIC,    10, -4.017023665767e-01, 4.548732060813e-05, 3.0503e+01, 1.8480e+00, 
 2DIAGNOSTIC,    11, -4.017630133732e-01, 3.092619005511e-05, 3.2227e+01, 1.7239e+00, 
 2DIAGNOSTIC,    12, -4.017906523784e-01, 2.697174900043e-05, 3.4178e+01, 1.9515e+00, 
 2DIAGNOSTIC,    13, -4.017903448990e-01, 2.774753501955e-05, 3.5760e+01, 1.5818e+00, 
 2DIAGNOSTIC,    14, -4.017925306499e-01, 2.788366148340e-05, 3.7511e+01, 1.7513e+00, 
 2DIAGNOSTIC,    15, -4.017929590217e-01, 2.623184350162e-05, 3.9650e+01, 2.1386e+00, 
 2DIAGNOSTIC,    16, -4.017931623846e-01, 2.264507783126e-05, 4.1458e+01, 1.8077e+00, 
 2DIAGNOSTIC,    17, -4.017930939356e-01, 1.754648779686e-05, 4.3537e+01, 2.0788e+00, 
 2DIAGNOSTIC,    18, -4.017929544717e-01, 1.166587436597e-05, 4.5140e+01, 1.6040e+00, 
 2DIAGNOSTIC,    19, -4.017928142771e-01, 6.132356835151e-06, 4.6696e+01, 1.5555e+00, 
 2DIAGNOSTIC,    20, -4.017927601435e-01, 2.785421382837e-06, 4.8364e+01, 1.6683e+00, 
 2DIAGNOSTIC,    21, -4.017928927072e-01, 1.667969786900e-06, 5.0076e+01, 1.7118e+00, 
 2DIAGNOSTIC,    22, -4.017927368502e-01, 1.522900246638e-06, 5.1692e+01, 1.6155e+00, 
 2DIAGNOSTIC,    23, -4.017928448266e-01, 1.375728762965e-06, 5.3209e+01, 1.5173e+00, 
 2DIAGNOSTIC,    24, -4.017927788362e-01, 1.303716024033e-06, 5.4739e+01, 1.5303e+00, 
 2DIAGNOSTIC,    25, -4.017929755555e-01, 1.257013147266e-06, 5.6259e+01, 1.5195e+00, 
 2DIAGNOSTIC,    26, -4.017928336869e-01, 1.216829146687e-06, 5.7907e+01, 1.6488e+00, 
 2DIAGNOSTIC,    27, -4.017926101039e-01, 1.172841431370e-06, 5.9617e+01, 1.7097e+00, 
 2DIAGNOSTIC,    28, -4.017928439690e-01, 1.135218010033e-06, 6.1478e+01, 1.8611e+00, 
 2DIAGNOSTIC,    29, -4.017929284293e-01, 1.098659771895e-06, 6.3329e+01, 1.8503e+00, 
 2DIAGNOSTIC,    30, -4.017932010151e-01, 1.069314250278e-06, 6.5077e+01, 1.7483e+00, 
 2DIAGNOSTIC,    31, -4.017935592869e-01, 1.052327893464e-06, 6.6784e+01, 1.7075e+00, 
 2DIAGNOSTIC,    32, -4.017930877600e-01, 1.020004573853e-06, 6.8508e+01, 1.7234e+00, 
  Elapsed time (stage 0): 6.9405e+01


Total elapsed time: 6.9408e+01
Info [verificarlo]: loaded backend libinterflop_vprec.so
Info [interflop-vprec]: load backend with: 
Info [interflop-vprec]: precision-binary32 = 19
Info [interflop-vprec]: range-binary32 = 8
Info [interflop-vprec]: precision-binary64 = 19
Info [interflop-vprec]: range-binary64 = 8
Info [interflop-vprec]: mode = ob
Info [interflop-vprec]: error-mode = rel
Info [interflop-vprec]: max-abs-error-exponent = -1022
Info [interflop-vprec]: daz = false
Info [interflop-vprec]: ftz = false
Info [interflop-vprec]: 	instrument = none
Info [interflop-vprec]: 	prec-input-file = (null)
Info [interflop-vprec]: 	prec-output-file = (null)
Info [interflop-vprec]: 	prec-log-file = (null)
All_Command_lines_OK
Using double precision for computations.
=============================================================================
The composite transform comprises the following transforms (in order): 
  1. /home/mdugre/scratch/mri-registration-rp/datasets/ds004513/derivatives/mri-registration-rp/0011/antsRegistration-r8-p19/sub-s037/rigid_Composite.h5[0] (type = Euler3DTransform)
  2. /home/mdugre/scratch/mri-registration-rp/datasets/ds004513/derivatives/mri-registration-rp/0011/antsRegistration-r8-p19/sub-s037/rigid_Composite.h5[1] (type = Euler3DTransform)
  3. /home/mdugre/scratch/mri-registration-rp/datasets/ds004513/derivatives/mri-registration-rp/0011/antsRegistration-r8-p19/sub-s037/rigid_Composite.h5[2] (type = Euler3DTransform)
=============================================================================
  number of levels = 4
  fixed image: /templateflow/tpl-MNI152NLin2009cAsym/tpl-MNI152NLin2009cAsym_res-01_desc-brain_T1w.nii.gz
  moving image: /home/mdugre/scratch/mri-registration-rp/datasets/ds004513/derivatives/mri-registration-rp/antsBrainExtraction/sub-s037/BrainExtractionBrain.nii.gz
Dimension = 3
Number of stages = 1
Use histogram matching = false
Winsorize image intensities = true
  Lower quantile = 0.005
  Upper quantile = 0.995


Stage 1 State
   Image metric = MattesMI
     Fixed image = Image (0x3e9d490)
  RTTI typeinfo:   itk::Image<double, 3u>
  Reference Count: 2
  Modified Time: 1592
  Debug: Off
  Object Name: 
  Observers: 
    none
  Source: (none)
  Source output name: (none)
  Release Data: Off
  Data Released: False
  Global Release Data: Off
  PipelineMTime: 0
  UpdateMTime: 1203
  RealTimeStamp: 0 seconds 
  LargestPossibleRegion: 
    Dimension: 3
    Index: [0, 0, 0]
    Size: [193, 229, 193]
  BufferedRegion: 
    Dimension: 3
    Index: [0, 0, 0]
    Size: [193, 229, 193]
  RequestedRegion: 
    Dimension: 3
    Index: [0, 0, 0]
    Size: [193, 229, 193]
  Spacing: [1, 1, 1]
  Origin: [96, 132, -78]
  Direction: 
-1 0 0
0 -1 0
0 0 1

  IndexToPointMatrix: 
-1 0 0
0 -1 0
0 0 1

  PointToIndexMatrix: 
-1 0 0
0 -1 0
0 0 1

  Inverse Direction: 
-1 0 0
0 -1 0
0 0 1

  PixelContainer: 
    ImportImageContainer (0x3f688c0)
      RTTI typeinfo:   itk::ImportImageContainer<unsigned long, double>
      Reference Count: 1
      Modified Time: 1200
      Debug: Off
      Object Name: 
      Observers: 
        none
      Pointer: 0x154f50d7e010
      Container manages memory: true
      Size: 8530021
      Capacity: 8530021

     Moving image = Image (0x3f58b60)
  RTTI typeinfo:   itk::Image<double, 3u>
  Reference Count: 2
  Modified Time: 1593
  Debug: Off
  Object Name: 
  Observers: 
    none
  Source: (none)
  Source output name: (none)
  Release Data: Off
  Data Released: False
  Global Release Data: Off
  PipelineMTime: 0
  UpdateMTime: 1590
  RealTimeStamp: 0 seconds 
  LargestPossibleRegion: 
    Dimension: 3
    Index: [0, 0, 0]
    Size: [160, 240, 256]
  BufferedRegion: 
    Dimension: 3
    Index: [0, 0, 0]
    Size: [160, 240, 256]
  RequestedRegion: 
    Dimension: 3
    Index: [0, 0, 0]
    Size: [160, 240, 256]
  Spacing: [1, 1, 1]
  Origin: [87.9508, 102.562, -147.639]
  Direction: 
-0.998658 -0.0436121 -0.0279129
0.043595 -0.999048 0.00121847
-0.0279395 -2.65543e-08 0.99961

  IndexToPointMatrix: 
-0.998658 -0.0436121 -0.0279129
0.043595 -0.999048 0.00121847
-0.0279395 -2.65543e-08 0.99961

  PointToIndexMatrix: 
-0.998663 0.0435951 -0.0279396
-0.0436122 -0.999051 -2.60771e-08
-0.027913 0.00121848 0.99961

  Inverse Direction: 
-0.998663 0.0435951 -0.0279396
-0.0436122 -0.999051 -2.60771e-08
-0.027913 0.00121848 0.99961

  PixelContainer: 
    ImportImageContainer (0x3fec1d0)
      RTTI typeinfo:   itk::ImportImageContainer<unsigned long, double>
      Reference Count: 1
      Modified Time: 1587
      Debug: Off
      Object Name: 
      Observers: 
        none
      Pointer: 0x154f4c27d010
      Container manages memory: true
      Size: 9830400
      Capacity: 9830400

     Weighting = 1
     Sampling strategy = regular
     Number of bins = 32
     Radius = 4
     Sampling percentage  = 0.25
   Transform = Affine
     Gradient step = 0.1
     Update field sigma (voxel space) = 0
     Total field sigma (voxel space) = 0
     Update field time sigma = 0
     Total field time sigma  = 0
     Number of time indices = 0
     Number of time point samples = 0
Registration using 1 total stages.

Stage 0
  iterations = 1000x500x250x100
  convergence threshold = 1e-06
  convergence window size = 10
  number of levels = 4
  using the Mattes MI metric (number of bins = 32, weight = 1, use gradient filter = 0)
  preprocessing:  winsorizing the image intensities
  Shrink factors (level 1 out of 4): [8, 8, 8]
  Shrink factors (level 2 out of 4): [4, 4, 4]
  Shrink factors (level 3 out of 4): [2, 2, 2]
  Shrink factors (level 4 out of 4): [1, 1, 1]
  smoothing sigmas per level: [3, 2, 1, 0]
  regular sampling (percentage = 0.25)

*** Running AffineTransform registration ***

DIAGNOSTIC,Iteration,metricValue,convergenceValue,ITERATION_TIME_INDEX,SINCE_LAST
 2DIAGNOSTIC,     1, -5.862861634369e-01, 1.797693134862e+308, 0.0000e+00, 0.0000e+00, 
 2DIAGNOSTIC,     2, -5.877764628372e-01, 1.797693134862e+308, 0.0000e+00, 0.0000e+00, 
 2DIAGNOSTIC,     3, -5.899336516846e-01, 1.797693134862e+308, 0.0000e+00, 0.0000e+00, 
 2DIAGNOSTIC,     4, -5.942353357959e-01, 1.797693134862e+308, 0.0000e+00, 0.0000e+00, 
 2DIAGNOSTIC,     5, -6.024321613239e-01, 1.797693134862e+308, 0.0000e+00, 0.0000e+00, 
 2DIAGNOSTIC,     6, -6.180199310360e-01, 1.797693134862e+308, 0.0000e+00, 0.0000e+00, 
 2DIAGNOSTIC,     7, -6.322070306080e-01, 1.797693134862e+308, 0.0000e+00, 0.0000e+00, 
 2DIAGNOSTIC,     8, -6.793953278711e-01, 1.797693134862e+308, 0.0000e+00, 0.0000e+00, 
 2DIAGNOSTIC,     9, -6.871362007119e-01, 1.797693134862e+308, 0.0000e+00, 0.0000e+00, 
 2DIAGNOSTIC,    10, -6.932095444129e-01, 1.255081324444e-02, 0.0000e+00, 0.0000e+00, 
 2DIAGNOSTIC,    11, -7.023600509289e-01, 1.256901332654e-02, 0.0000e+00, 0.0000e+00, 
 2DIAGNOSTIC,    12, -7.076039112375e-01, 1.169324339288e-02, 0.0000e+00, 0.0000e+00, 
 2DIAGNOSTIC,    13, -7.118657832512e-01, 1.011057789164e-02, 0.0000e+00, 0.0000e+00, 
 2DIAGNOSTIC,    14, -7.145838434916e-01, 8.078973534274e-03, 0.0000e+00, 0.0000e+00, 
 2DIAGNOSTIC,    15, -7.170215169030e-01, 5.927915984809e-03, 0.0000e+00, 0.0000e+00, 
 2DIAGNOSTIC,    16, -7.176352405067e-01, 3.969243531939e-03, 0.0000e+00, 0.0000e+00, 
 2DIAGNOSTIC,    17, -7.182754404644e-01, 2.239691593758e-03, 0.0000e+00, 0.0000e+00, 
 2DIAGNOSTIC,    18, -7.183513652218e-01, 1.631527689283e-03, 0.0000e+00, 0.0000e+00, 
 2DIAGNOSTIC,    19, -7.184263625959e-01, 1.115988928177e-03, 0.0000e+00, 0.0000e+00, 
 2DIAGNOSTIC,    20, -7.185447302037e-01, 6.799998269355e-04, 0.0000e+00, 0.0000e+00, 
 2DIAGNOSTIC,    21, -7.191778833297e-01, 4.205157528953e-04, 0.0000e+00, 0.0000e+00, 
 2DIAGNOSTIC,    22, -7.191792881614e-01, 2.460279847485e-04, 0.0000e+00, 0.0000e+00, 
 2DIAGNOSTIC,    23, -7.191834583471e-01, 1.421003721682e-04, 0.0000e+00, 0.0000e+00, 
 2DIAGNOSTIC,    24, -7.191912759047e-01, 8.098645409068e-05, 0.0000e+00, 0.0000e+00, 
 2DIAGNOSTIC,    25, -7.191002984537e-01, 5.656672818785e-05, 0.0000e+00, 0.0000e+00, 
 2DIAGNOSTIC,    26, -7.191120104894e-01, 3.857645198176e-05, 0.0000e+00, 0.0000e+00, 
 2DIAGNOSTIC,    27, -7.191265263319e-01, 2.852185391828e-05, 0.0000e+00, 0.0000e+00, 
 2DIAGNOSTIC,    28, -7.191397102858e-01, 1.808888329820e-05, 0.0000e+00, 0.0000e+00, 
 2DIAGNOSTIC,    29, -7.191462494645e-01, 8.046026613827e-06, 0.0000e+00, 0.0000e+00, 
DIAGNOSTIC,Iteration,metricValue,convergenceValue,ITERATION_TIME_INDEX,SINCE_LAST
 2DIAGNOSTIC,     1, -5.920759497169e-01, 1.797693134862e+308, 0.0000e+00, 0.0000e+00, 
 2DIAGNOSTIC,     2, -5.930679239679e-01, 1.797693134862e+308, 0.0000e+00, 0.0000e+00, 
 2DIAGNOSTIC,     3, -5.939654395061e-01, 1.797693134862e+308, 0.0000e+00, 0.0000e+00, 
 2DIAGNOSTIC,     4, -5.949357850666e-01, 1.797693134862e+308, 0.0000e+00, 0.0000e+00, 
 2DIAGNOSTIC,     5, -5.963282623361e-01, 1.797693134862e+308, 0.0000e+00, 0.0000e+00, 
 2DIAGNOSTIC,     6, -5.975904790682e-01, 1.797693134862e+308, 0.0000e+00, 0.0000e+00, 
 2DIAGNOSTIC,     7, -5.983748156913e-01, 1.797693134862e+308, 0.0000e+00, 0.0000e+00, 
 2DIAGNOSTIC,     8, -6.003608451604e-01, 1.797693134862e+308, 0.0000e+00, 0.0000e+00, 
 2DIAGNOSTIC,     9, -6.003818238571e-01, 1.797693134862e+308, 0.0000e+00, 0.0000e+00, 
 2DIAGNOSTIC,    10, -6.003922601122e-01, 1.003823458142e-03, 0.0000e+00, 0.0000e+00, 
 2DIAGNOSTIC,    11, -6.003765684523e-01, 8.146467590992e-04, 0.0000e+00, 0.0000e+00, 
 2DIAGNOSTIC,    12, -6.003784662598e-01, 6.231844756598e-04, 0.0000e+00, 0.0000e+00, 
 2DIAGNOSTIC,    13, -6.003717188154e-01, 4.369087867855e-04, 0.0000e+00, 0.0000e+00, 
 2DIAGNOSTIC,    14, -6.003658646662e-01, 2.699922486465e-04, 0.0000e+00, 0.0000e+00, 
 2DIAGNOSTIC,    15, -6.003500215102e-01, 1.447852345669e-04, 0.0000e+00, 0.0000e+00, 
 2DIAGNOSTIC,    16, -6.003232159861e-01, 5.896749429182e-05, 0.0000e+00, 0.0000e+00, 
DIAGNOSTIC,Iteration,metricValue,convergenceValue,ITERATION_TIME_INDEX,SINCE_LAST
 2DIAGNOSTIC,     1, -5.250312281464e-01, 1.797693134862e+308, 0.0000e+00, 0.0000e+00, 
 2DIAGNOSTIC,     2, -5.253510257281e-01, 1.797693134862e+308, 0.0000e+00, 0.0000e+00, 
 2DIAGNOSTIC,     3, -5.257245199152e-01, 1.797693134862e+308, 0.0000e+00, 0.0000e+00, 
