
##########################
# Experiment information #
##########################

EXPERIMENT_NAME: antsRegistration-r8-p17
VFC_BACKENDS: libinterflop_vprec.so --range-binary32=8 --precision-binary32=17 --range-binary64=8 --precision-binary64=17

SIF_IMG: /home/mdugre/projects/rrg-glatard/mdugre/containers/ants-vprec-no_metrics.simg

SUBJECT_ID: s025
INPUT_IMG: /home/mdugre/scratch/mri-registration-rp/datasets/ds004513/derivatives/mri-registration-rp/antsBrainExtraction/sub-s025/BrainExtractionBrain.nii.gz
OUTPUT_DIR: /home/mdugre/scratch/mri-registration-rp/datasets/ds004513/derivatives/mri-registration-rp/0011/antsRegistration-r8-p17/sub-s025

FIXED_IMG: /templateflow/tpl-MNI152NLin2009cAsym/tpl-MNI152NLin2009cAsym_res-01_desc-brain_T1w.nii.gz
DATA_DIR: /home/mdugre/scratch/mri-registration-rp/datasets/ds004513
TEMPLATEFLOW_DIR: /home/mdugre/projects/rrg-glatard/mdugre/templateflow
ITK_GLOBAL_DEFAULT_NUMBER_OF_THREADS: 16
##########################

Info [verificarlo]: loaded backend libinterflop_ieee.so
Info [interflop-ieee]: load backend with:
Info [interflop-ieee]: debug = false
Info [interflop-ieee]: debug-binary = false
Info [interflop-ieee]: no-backend-name = false
Info [interflop-ieee]: print-new-line = false
Info [interflop-ieee]: print-subnormal-normalized = false
Info [interflop-ieee]: count-op = false
All_Command_lines_OK
Using double precision for computations.
=============================================================================
The composite transform comprises the following transforms (in order): 
  1. Center of mass alignment using fixed image: /templateflow/tpl-MNI152NLin2009cAsym/tpl-MNI152NLin2009cAsym_res-01_desc-brain_T1w.nii.gz and moving image: /home/mdugre/scratch/mri-registration-rp/datasets/ds004513/derivatives/mri-registration-rp/antsBrainExtraction/sub-s025/BrainExtractionBrain.nii.gz (type = Euler3DTransform)
=============================================================================
  number of levels = 1
  fixed image: /templateflow/tpl-MNI152NLin2009cAsym/tpl-MNI152NLin2009cAsym_res-01_desc-brain_T1w.nii.gz
  moving image: /home/mdugre/scratch/mri-registration-rp/datasets/ds004513/derivatives/mri-registration-rp/antsBrainExtraction/sub-s025/BrainExtractionBrain.nii.gz
Dimension = 3
Number of stages = 1
Use histogram matching = false
Winsorize image intensities = true
  Lower quantile = 0.005
  Upper quantile = 0.995


Stage 1 State
   Image metric = MattesMI
     Fixed image = Image (0x4d0ae70)
  RTTI typeinfo:   itk::Image<double, 3u>
  Reference Count: 2
  Modified Time: 2334
  Debug: Off
  Object Name: 
  Observers: 
    none
  Source: (none)
  Source output name: (none)
  Release Data: Off
  Data Released: False
  Global Release Data: Off
  PipelineMTime: 0
  UpdateMTime: 1943
  RealTimeStamp: 0 seconds 
  LargestPossibleRegion: 
    Dimension: 3
    Index: [0, 0, 0]
    Size: [193, 229, 193]
  BufferedRegion: 
    Dimension: 3
    Index: [0, 0, 0]
    Size: [193, 229, 193]
  RequestedRegion: 
    Dimension: 3
    Index: [0, 0, 0]
    Size: [193, 229, 193]
  Spacing: [1, 1, 1]
  Origin: [96, 132, -78]
  Direction: 
-1 0 0
0 -1 0
0 0 1

  IndexToPointMatrix: 
-1 0 0
0 -1 0
0 0 1

  PointToIndexMatrix: 
-1 0 0
0 -1 0
0 0 1

  Inverse Direction: 
-1 0 0
0 -1 0
0 0 1

  PixelContainer: 
    ImportImageContainer (0x4d13c60)
      RTTI typeinfo:   itk::ImportImageContainer<unsigned long, double>
      Reference Count: 1
      Modified Time: 1940
      Debug: Off
      Object Name: 
      Observers: 
        none
      Pointer: 0x14d01f685010
      Container manages memory: true
      Size: 8530021
      Capacity: 8530021

     Moving image = Image (0x4d16610)
  RTTI typeinfo:   itk::Image<double, 3u>
  Reference Count: 2
  Modified Time: 2335
  Debug: Off
  Object Name: 
  Observers: 
    none
  Source: (none)
  Source output name: (none)
  Release Data: Off
  Data Released: False
  Global Release Data: Off
  PipelineMTime: 0
  UpdateMTime: 2332
  RealTimeStamp: 0 seconds 
  LargestPossibleRegion: 
    Dimension: 3
    Index: [0, 0, 0]
    Size: [176, 240, 256]
  BufferedRegion: 
    Dimension: 3
    Index: [0, 0, 0]
    Size: [176, 240, 256]
  RequestedRegion: 
    Dimension: 3
    Index: [0, 0, 0]
    Size: [176, 240, 256]
  Spacing: [0.999999, 1, 1]
  Origin: [90.3778, 84.5091, -154.071]
  Direction: 
-0.999391 7.48184e-06 -0.0348969
-7.47664e-06 -1 -2.7953e-07
-0.0348969 -1.84481e-08 0.999391

  IndexToPointMatrix: 
-0.99939 7.48184e-06 -0.0348969
-7.47663e-06 -1 -2.7953e-07
-0.0348968 -1.84481e-08 0.999391

  PointToIndexMatrix: 
-0.999392 -7.47665e-06 -0.0348969
7.48184e-06 -1 -1.84481e-08
-0.0348969 -2.7953e-07 0.999391

  Inverse Direction: 
-0.999391 -7.47664e-06 -0.0348969
7.48184e-06 -1 -1.84481e-08
-0.0348969 -2.7953e-07 0.999391

  PixelContainer: 
    ImportImageContainer (0x4dafef0)
      RTTI typeinfo:   itk::ImportImageContainer<unsigned long, double>
      Reference Count: 1
      Modified Time: 2329
      Debug: Off
      Object Name: 
      Observers: 
        none
      Pointer: 0x14d01a404010
      Container manages memory: true
      Size: 10813440
      Capacity: 10813440

     Weighting = 1
     Sampling strategy = regular
     Number of bins = 32
     Radius = 4
     Sampling percentage  = 0.25
   Transform = Rigid
     Gradient step = 0.1
     Update field sigma (voxel space) = 0
     Total field sigma (voxel space) = 0
     Update field time sigma = 0
     Total field time sigma  = 0
     Number of time indices = 0
     Number of time point samples = 0
Registration using 1 total stages.

Stage 0
  iterations = 0
  convergence threshold = 1e-06
  convergence window size = 10
  number of levels = 1
  using the Mattes MI metric (number of bins = 32, weight = 1, use gradient filter = 0)
  preprocessing:  winsorizing the image intensities
  Shrink factors (level 1 out of 1): [1, 1, 1]
  smoothing sigmas per level: [0]
  regular sampling (percentage = 0.25)

*** Running Euler3DTransform registration ***

  Elapsed time (stage 0): 1.12817


Total elapsed time: 1.1309
Info [verificarlo]: loaded backend libinterflop_ieee.so
Info [interflop-ieee]: load backend with:
Info [interflop-ieee]: debug = false
Info [interflop-ieee]: debug-binary = false
Info [interflop-ieee]: no-backend-name = false
Info [interflop-ieee]: print-new-line = false
Info [interflop-ieee]: print-subnormal-normalized = false
Info [interflop-ieee]: count-op = false
All_Command_lines_OK
Using double precision for computations.
=============================================================================
The composite transform comprises the following transforms (in order): 
  1. /home/mdugre/scratch/mri-registration-rp/datasets/ds004513/derivatives/mri-registration-rp/0011/antsRegistration-r8-p17/sub-s025/align_Composite.h5[0] (type = Euler3DTransform)
  2. /home/mdugre/scratch/mri-registration-rp/datasets/ds004513/derivatives/mri-registration-rp/0011/antsRegistration-r8-p17/sub-s025/align_Composite.h5[1] (type = Euler3DTransform)
=============================================================================
  number of levels = 4
  fixed image: /templateflow/tpl-MNI152NLin2009cAsym/tpl-MNI152NLin2009cAsym_res-01_desc-brain_T1w.nii.gz
  moving image: /home/mdugre/scratch/mri-registration-rp/datasets/ds004513/derivatives/mri-registration-rp/antsBrainExtraction/sub-s025/BrainExtractionBrain.nii.gz
Dimension = 3
Number of stages = 1
Use histogram matching = false
Winsorize image intensities = true
  Lower quantile = 0.005
  Upper quantile = 0.995


Stage 1 State
   Image metric = MattesMI
     Fixed image = Image (0x4189530)
  RTTI typeinfo:   itk::Image<double, 3u>
  Reference Count: 2
  Modified Time: 1580
  Debug: Off
  Object Name: 
  Observers: 
    none
  Source: (none)
  Source output name: (none)
  Release Data: Off
  Data Released: False
  Global Release Data: Off
  PipelineMTime: 0
  UpdateMTime: 1189
  RealTimeStamp: 0 seconds 
  LargestPossibleRegion: 
    Dimension: 3
    Index: [0, 0, 0]
    Size: [193, 229, 193]
  BufferedRegion: 
    Dimension: 3
    Index: [0, 0, 0]
    Size: [193, 229, 193]
  RequestedRegion: 
    Dimension: 3
    Index: [0, 0, 0]
    Size: [193, 229, 193]
  Spacing: [1, 1, 1]
  Origin: [96, 132, -78]
  Direction: 
-1 0 0
0 -1 0
0 0 1

  IndexToPointMatrix: 
-1 0 0
0 -1 0
0 0 1

  PointToIndexMatrix: 
-1 0 0
0 -1 0
0 0 1

  Inverse Direction: 
-1 0 0
0 -1 0
0 0 1

  PixelContainer: 
    ImportImageContainer (0x4247d60)
      RTTI typeinfo:   itk::ImportImageContainer<unsigned long, double>
      Reference Count: 1
      Modified Time: 1186
      Debug: Off
      Object Name: 
      Observers: 
        none
      Pointer: 0x1537c823e010
      Container manages memory: true
      Size: 8530021
      Capacity: 8530021

     Moving image = Image (0x4239f60)
  RTTI typeinfo:   itk::Image<double, 3u>
  Reference Count: 2
  Modified Time: 1581
  Debug: Off
  Object Name: 
  Observers: 
    none
  Source: (none)
  Source output name: (none)
  Release Data: Off
  Data Released: False
  Global Release Data: Off
  PipelineMTime: 0
  UpdateMTime: 1578
  RealTimeStamp: 0 seconds 
  LargestPossibleRegion: 
    Dimension: 3
    Index: [0, 0, 0]
    Size: [176, 240, 256]
  BufferedRegion: 
    Dimension: 3
    Index: [0, 0, 0]
    Size: [176, 240, 256]
  RequestedRegion: 
    Dimension: 3
    Index: [0, 0, 0]
    Size: [176, 240, 256]
  Spacing: [0.999999, 1, 1]
  Origin: [90.3778, 84.5091, -154.071]
  Direction: 
-0.999391 7.48184e-06 -0.0348969
-7.47664e-06 -1 -2.7953e-07
-0.0348969 -1.84481e-08 0.999391

  IndexToPointMatrix: 
-0.99939 7.48184e-06 -0.0348969
-7.47663e-06 -1 -2.7953e-07
-0.0348968 -1.84481e-08 0.999391

  PointToIndexMatrix: 
-0.999392 -7.47665e-06 -0.0348969
7.48184e-06 -1 -1.84481e-08
-0.0348969 -2.7953e-07 0.999391

  Inverse Direction: 
-0.999391 -7.47664e-06 -0.0348969
7.48184e-06 -1 -1.84481e-08
-0.0348969 -2.7953e-07 0.999391

  PixelContainer: 
    ImportImageContainer (0x422b6d0)
      RTTI typeinfo:   itk::ImportImageContainer<unsigned long, double>
      Reference Count: 1
      Modified Time: 1575
      Debug: Off
      Object Name: 
      Observers: 
        none
      Pointer: 0x1537c2fbd010
      Container manages memory: true
      Size: 10813440
      Capacity: 10813440

     Weighting = 1
     Sampling strategy = regular
     Number of bins = 32
     Radius = 4
     Sampling percentage  = 0.25
   Transform = Rigid
     Gradient step = 0.1
     Update field sigma (voxel space) = 0
     Total field sigma (voxel space) = 0
     Update field time sigma = 0
     Total field time sigma  = 0
     Number of time indices = 0
     Number of time point samples = 0
Registration using 1 total stages.

Stage 0
  iterations = 1000x500x250x100
  convergence threshold = 1e-06
  convergence window size = 10
  number of levels = 4
  using the Mattes MI metric (number of bins = 32, weight = 1, use gradient filter = 0)
  preprocessing:  winsorizing the image intensities
  Shrink factors (level 1 out of 4): [8, 8, 8]
  Shrink factors (level 2 out of 4): [4, 4, 4]
  Shrink factors (level 3 out of 4): [2, 2, 2]
  Shrink factors (level 4 out of 4): [1, 1, 1]
  smoothing sigmas per level: [3, 2, 1, 0]
  regular sampling (percentage = 0.25)

*** Running Euler3DTransform registration ***

DIAGNOSTIC,Iteration,metricValue,convergenceValue,ITERATION_TIME_INDEX,SINCE_LAST
 2DIAGNOSTIC,     1, -5.323241903179e-01, 1.797693134862e+308, 7.3146e-01, 7.3146e-01, 
 2DIAGNOSTIC,     2, -5.346190553927e-01, 1.797693134862e+308, 7.3640e-01, 4.9331e-03, 
 2DIAGNOSTIC,     3, -5.378036555361e-01, 1.797693134862e+308, 7.4072e-01, 4.3221e-03, 
 2DIAGNOSTIC,     4, -5.422949451405e-01, 1.797693134862e+308, 7.4507e-01, 4.3521e-03, 
 2DIAGNOSTIC,     5, -5.486805952477e-01, 1.797693134862e+308, 7.4941e-01, 4.3380e-03, 
 2DIAGNOSTIC,     6, -5.542790085272e-01, 1.797693134862e+308, 7.5382e-01, 4.4081e-03, 
 2DIAGNOSTIC,     7, -5.627123115611e-01, 1.797693134862e+308, 7.5827e-01, 4.4551e-03, 
 2DIAGNOSTIC,     8, -5.766609943856e-01, 1.797693134862e+308, 7.6269e-01, 4.4160e-03, 
 2DIAGNOSTIC,     9, -5.881111419397e-01, 1.797693134862e+308, 7.6723e-01, 4.5462e-03, 
 2DIAGNOSTIC,    10, -6.012927005665e-01, 7.820055967720e-03, 7.7343e-01, 6.2010e-03, 
 2DIAGNOSTIC,    11, -6.192402913590e-01, 8.564422673937e-03, 7.8188e-01, 8.4488e-03, 
 2DIAGNOSTIC,    12, -6.197111897444e-01, 8.513711436509e-03, 7.8660e-01, 4.7200e-03, 
 2DIAGNOSTIC,    13, -6.223136777510e-01, 7.932305190652e-03, 7.9123e-01, 4.6229e-03, 
 2DIAGNOSTIC,    14, -6.239859078531e-01, 6.938967258809e-03, 7.9589e-01, 4.6659e-03, 
 2DIAGNOSTIC,    15, -6.258731029035e-01, 5.722268374536e-03, 8.0054e-01, 4.6442e-03, 
 2DIAGNOSTIC,    16, -6.290042957042e-01, 4.404898010717e-03, 8.0516e-01, 4.6270e-03, 
 2DIAGNOSTIC,    17, -6.327399548170e-01, 3.192249458006e-03, 8.1113e-01, 5.9662e-03, 
 2DIAGNOSTIC,    18, -6.361770329221e-01, 2.298162514657e-03, 8.1681e-01, 5.6798e-03, 
 2DIAGNOSTIC,    19, -6.381920795228e-01, 1.629119692061e-03, 8.2200e-01, 5.1949e-03, 
 2DIAGNOSTIC,    20, -6.414786468568e-01, 1.264281191473e-03, 8.2653e-01, 4.5300e-03, 
 2DIAGNOSTIC,    21, -6.422621311496e-01, 1.244231354600e-03, 8.3103e-01, 4.4940e-03, 
 2DIAGNOSTIC,    22, -6.443386369679e-01, 1.164065699322e-03, 8.3543e-01, 4.4050e-03, 
 2DIAGNOSTIC,    23, -6.458367311018e-01, 1.066297095584e-03, 8.4004e-01, 4.6110e-03, 
 2DIAGNOSTIC,    24, -6.528535014975e-01, 1.047817941109e-03, 8.4536e-01, 5.3129e-03, 
 2DIAGNOSTIC,    25, -6.591704564063e-01, 1.083081260602e-03, 8.5156e-01, 6.2060e-03, 
 2DIAGNOSTIC,    26, -6.605963658756e-01, 1.093549170012e-03, 8.5681e-01, 5.2469e-03, 
 2DIAGNOSTIC,    27, -6.608439808010e-01, 1.070984912201e-03, 8.6150e-01, 4.6918e-03, 
 2DIAGNOSTIC,    28, -6.615671822006e-01, 1.019502612814e-03, 8.6613e-01, 4.6329e-03, 
 2DIAGNOSTIC,    29, -6.628794570707e-01, 9.260606677093e-04, 8.7092e-01, 4.7841e-03, 
 2DIAGNOSTIC,    30, -6.728295159054e-01, 9.537372151560e-04, 8.7749e-01, 6.5730e-03, 
 2DIAGNOSTIC,    31, -6.735478581210e-01, 9.084148235053e-04, 8.8218e-01, 4.6849e-03, 
 2DIAGNOSTIC,    32, -6.743492080355e-01, 8.254125215544e-04, 8.8696e-01, 4.7832e-03, 
 2DIAGNOSTIC,    33, -6.778518452541e-01, 7.396598433245e-04, 8.9195e-01, 4.9851e-03, 
 2DIAGNOSTIC,    34, -6.872952715666e-01, 8.064172960656e-04, 9.0178e-01, 9.8381e-03, 
 2DIAGNOSTIC,    35, -6.877319579474e-01, 8.751570454267e-04, 9.0656e-01, 4.7810e-03, 
 2DIAGNOSTIC,    36, -6.893211537270e-01, 8.964178881791e-04, 9.1145e-01, 4.8900e-03, 
 2DIAGNOSTIC,    37, -6.927373704283e-01, 8.791211788025e-04, 9.1624e-01, 4.7891e-03, 
 2DIAGNOSTIC,    38, -7.010203651775e-01, 8.852845061052e-04, 9.2080e-01, 4.5590e-03, 
 2DIAGNOSTIC,    39, -7.063999650296e-01, 8.771117552771e-04, 9.2521e-01, 4.4110e-03, 
 2DIAGNOSTIC,    40, -7.084317674457e-01, 9.204464125781e-04, 9.2968e-01, 4.4649e-03, 
 2DIAGNOSTIC,    41, -7.160920388017e-01, 9.680768754807e-04, 9.3466e-01, 4.9770e-03, 
 2DIAGNOSTIC,    42, -7.193284336730e-01, 9.619214552165e-04, 9.4068e-01, 6.0220e-03, 
 2DIAGNOSTIC,    43, -7.222106376844e-01, 9.265419591509e-04, 9.4508e-01, 4.4041e-03, 
 2DIAGNOSTIC,    44, -7.284828520236e-01, 9.630069557821e-04, 9.4945e-01, 4.3709e-03, 
 2DIAGNOSTIC,    45, -7.389685922564e-01, 1.012330620020e-03, 9.5387e-01, 4.4210e-03, 
 2DIAGNOSTIC,    46, -7.435128216332e-01, 1.019001360964e-03, 9.5838e-01, 4.5090e-03, 
 2DIAGNOSTIC,    47, -7.508691003254e-01, 1.027243553392e-03, 9.6547e-01, 7.0870e-03, 
 2DIAGNOSTIC,    48, -7.533080322225e-01, 1.034015882461e-03, 9.6973e-01, 4.2582e-03, 
 2DIAGNOSTIC,    49, -7.543734636953e-01, 9.992823049629e-04, 9.7415e-01, 4.4270e-03, 
 2DIAGNOSTIC,    50, -7.570991991117e-01, 9.099715115820e-04, 9.7853e-01, 4.3709e-03, 
 2DIAGNOSTIC,    51, -7.589457762618e-01, 8.173947949147e-04, 9.8538e-01, 6.8538e-03, 
 2DIAGNOSTIC,    52, -7.586016622121e-01, 6.749230279333e-04, 9.9011e-01, 4.7331e-03, 
 2DIAGNOSTIC,    53, -7.586962297760e-01, 4.984858687860e-04, 9.9432e-01, 4.2109e-03, 
 2DIAGNOSTIC,    54, -7.590876027384e-01, 3.337386944791e-04, 9.9903e-01, 4.7021e-03, 
 2DIAGNOSTIC,    55, -7.590585709056e-01, 2.247660834021e-04, 1.0037e+00, 4.6270e-03, 
 2DIAGNOSTIC,    56, -7.591798863743e-01, 1.328347538493e-04, 1.0085e+00, 4.8749e-03, 
 2DIAGNOSTIC,    57, -7.591611544721e-01, 8.665703180496e-05, 1.0127e+00, 4.1821e-03, 
 2DIAGNOSTIC,    58, -7.592009775625e-01, 5.243687483201e-05, 1.0171e+00, 4.3440e-03, 
 2DIAGNOSTIC,    59, -7.595767893885e-01, 2.443074792491e-05, 1.0213e+00, 4.2219e-03, 
 2DIAGNOSTIC,    60, -7.603295649817e-01, 1.924594056845e-05, 1.0270e+00, 5.7199e-03, 
 2DIAGNOSTIC,    61, -7.604102058069e-01, 2.579523158496e-05, 1.0328e+00, 5.7719e-03, 
 2DIAGNOSTIC,    62, -7.604501100758e-01, 2.771448578667e-05, 1.0375e+00, 4.7541e-03, 
 2DIAGNOSTIC,    63, -7.604247168820e-01, 2.742316854668e-05, 1.0417e+00, 4.1771e-03, 
 2DIAGNOSTIC,    64, -7.610131432253e-01, 3.095332802759e-05, 1.0459e+00, 4.2021e-03, 
 2DIAGNOSTIC,    65, -7.610823723803e-01, 3.148005083361e-05, 1.0501e+00, 4.1890e-03, 
 2DIAGNOSTIC,    66, -7.610127881383e-01, 2.938990334151e-05, 1.0548e+00, 4.7581e-03, 
 2DIAGNOSTIC,    67, -7.611151451646e-01, 2.528472275370e-05, 1.0596e+00, 4.7801e-03, 
 2DIAGNOSTIC,    68, -7.617916010846e-01, 2.328983558589e-05, 1.0695e+00, 9.8829e-03, 
 2DIAGNOSTIC,    69, -7.620208134356e-01, 2.251764129954e-05, 1.0738e+00, 4.3180e-03, 
 2DIAGNOSTIC,    70, -7.620282669867e-01, 2.414861721196e-05, 1.0780e+00, 4.1931e-03, 
 2DIAGNOSTIC,    71, -7.620403539483e-01, 2.412337153864e-05, 1.0823e+00, 4.2472e-03, 
 2DIAGNOSTIC,    72, -7.619393894396e-01, 2.152105710525e-05, 1.0865e+00, 4.1831e-03, 
 2DIAGNOSTIC,    73, -7.619678129783e-01, 1.683792839766e-05, 1.0906e+00, 4.1580e-03, 
 2DIAGNOSTIC,    74, -7.620077817361e-01, 1.417071337377e-05, 1.0947e+00, 4.1189e-03, 
 2DIAGNOSTIC,    75, -7.620568811360e-01, 1.097160748075e-05, 1.0994e+00, 4.6639e-03, 
 2DIAGNOSTIC,    76, -7.620862979716e-01, 6.682283656986e-06, 1.1036e+00, 4.1580e-03, 
 2DIAGNOSTIC,    77, -7.620042913065e-01, 1.946887310006e-06, 1.1077e+00, 4.1511e-03, 
DIAGNOSTIC,Iteration,metricValue,convergenceValue,ITERATION_TIME_INDEX,SINCE_LAST
 2DIAGNOSTIC,     1, -6.049262280387e-01, 1.797693134862e+308, 1.8954e+00, 7.8773e-01, 
 2DIAGNOSTIC,     2, -6.057840936635e-01, 1.797693134862e+308, 1.9230e+00, 2.7577e-02, 
 2DIAGNOSTIC,     3, -6.071598725780e-01, 1.797693134862e+308, 1.9516e+00, 2.8591e-02, 
 2DIAGNOSTIC,     4, -6.086434005502e-01, 1.797693134862e+308, 1.9791e+00, 2.7513e-02, 
 2DIAGNOSTIC,     5, -6.097750869599e-01, 1.797693134862e+308, 2.0089e+00, 2.9811e-02, 
 2DIAGNOSTIC,     6, -6.109560056835e-01, 1.797693134862e+308, 2.0365e+00, 2.7590e-02, 
 2DIAGNOSTIC,     7, -6.126164957350e-01, 1.797693134862e+308, 2.0646e+00, 2.8118e-02, 
 2DIAGNOSTIC,     8, -6.170954082836e-01, 1.797693134862e+308, 2.0969e+00, 3.2250e-02, 
 2DIAGNOSTIC,     9, -6.180078009041e-01, 1.797693134862e+308, 2.1350e+00, 3.8103e-02, 
 2DIAGNOSTIC,    10, -6.184261327516e-01, 1.546864248523e-03, 2.1624e+00, 2.7388e-02, 
 2DIAGNOSTIC,    11, -6.185779312143e-01, 1.391980007150e-03, 2.1902e+00, 2.7815e-02, 
 2DIAGNOSTIC,    12, -6.193138013961e-01, 1.198802514976e-03, 2.2239e+00, 3.3702e-02, 
 2DIAGNOSTIC,    13, -6.205298150406e-01, 1.016171620609e-03, 2.2674e+00, 4.3497e-02, 
 2DIAGNOSTIC,    14, -6.207261247328e-01, 8.218702523855e-04, 2.3114e+00, 4.4032e-02, 
 2DIAGNOSTIC,    15, -6.207369875898e-01, 6.163629807172e-04, 2.3460e+00, 3.4603e-02, 
 2DIAGNOSTIC,    16, -6.207248100714e-01, 4.153369522729e-04, 2.3775e+00, 3.1499e-02, 
 2DIAGNOSTIC,    17, -6.207267783248e-01, 2.419610752268e-04, 2.4056e+00, 2.8060e-02, 
 2DIAGNOSTIC,    18, -6.207880741329e-01, 1.812635149606e-04, 2.4376e+00, 3.1981e-02, 
 2DIAGNOSTIC,    19, -6.207857755610e-01, 1.323046782951e-04, 2.4688e+00, 3.1219e-02, 
 2DIAGNOSTIC,    20, -6.207831825534e-01, 8.630261151631e-05, 2.4996e+00, 3.0790e-02, 
 2DIAGNOSTIC,    21, -6.207806021628e-01, 4.006088368098e-05, 2.5272e+00, 2.7577e-02, 
 2DIAGNOSTIC,    22, -6.207837856790e-01, 9.266333608995e-06, 2.5620e+00, 3.4834e-02, 
 2DIAGNOSTIC,    23, -6.207905406318e-01, 4.808503190311e-06, 2.5976e+00, 3.5641e-02, 
 2DIAGNOSTIC,    24, -6.207836684776e-01, 4.026867543083e-06, 2.6305e+00, 3.2876e-02, 
 2DIAGNOSTIC,    25, -6.207753512113e-01, 3.134831806466e-06, 2.6601e+00, 2.9636e-02, 
 2DIAGNOSTIC,    26, -6.207580884920e-01, 1.632759695912e-06, 2.6932e+00, 3.3098e-02, 
DIAGNOSTIC,Iteration,metricValue,convergenceValue,ITERATION_TIME_INDEX,SINCE_LAST
 2DIAGNOSTIC,     1, -5.340853564295e-01, 1.797693134862e+308, 3.8951e+00, 1.2018e+00, 
 2DIAGNOSTIC,     2, -5.342670733710e-01, 1.797693134862e+308, 4.1840e+00, 2.8890e-01, 
 2DIAGNOSTIC,     3, -5.344013363156e-01, 1.797693134862e+308, 4.4578e+00, 2.7384e-01, 
 2DIAGNOSTIC,     4, -5.344746257513e-01, 1.797693134862e+308, 4.7201e+00, 2.6229e-01, 
 2DIAGNOSTIC,     5, -5.346822696134e-01, 1.797693134862e+308, 4.9819e+00, 2.6182e-01, 
 2DIAGNOSTIC,     6, -5.351760658859e-01, 1.797693134862e+308, 5.2795e+00, 2.9761e-01, 
 2DIAGNOSTIC,     7, -5.355448510237e-01, 1.797693134862e+308, 5.7341e+00, 4.5462e-01, 
 2DIAGNOSTIC,     8, -5.355801038188e-01, 1.797693134862e+308, 6.0461e+00, 3.1194e-01, 
 2DIAGNOSTIC,     9, -5.355792780496e-01, 1.797693134862e+308, 6.3638e+00, 3.1771e-01, 
 2DIAGNOSTIC,    10, -5.355821172176e-01, 2.184598485377e-04, 6.7034e+00, 3.3957e-01, 
 2DIAGNOSTIC,    11, -5.355809568264e-01, 1.768056087965e-04, 7.0033e+00, 2.9994e-01, 
 2DIAGNOSTIC,    12, -5.355800827150e-01, 1.341713849453e-04, 7.3055e+00, 3.0218e-01, 
 2DIAGNOSTIC,    13, -5.355790092580e-01, 9.193720248075e-05, 7.5531e+00, 2.4762e-01, 
 2DIAGNOSTIC,    14, -5.355796697983e-01, 5.064283606800e-05, 7.8678e+00, 3.1471e-01, 
 2DIAGNOSTIC,    15, -5.355803481357e-01, 1.749234451004e-05, 8.1646e+00, 2.9674e-01, 
 2DIAGNOSTIC,    16, -5.355790987939e-01, 3.089614234078e-06, 8.4805e+00, 3.1599e-01, 
 2DIAGNOSTIC,    17, -5.355795083082e-01, 1.785884509484e-06, 8.7510e+00, 2.7047e-01, 
 2DIAGNOSTIC,    18, -5.355776473237e-01, 1.621441520140e-06, 8.9919e+00, 2.4086e-01, 
 2DIAGNOSTIC,    19, -5.355770845550e-01, 1.446852357208e-06, 9.2459e+00, 2.5405e-01, 
 2DIAGNOSTIC,    20, -5.355779295499e-01, 1.408669562851e-06, 9.4941e+00, 2.4818e-01, 
 2DIAGNOSTIC,    21, -5.355803705618e-01, 1.422986923565e-06, 9.7793e+00, 2.8518e-01, 
 2DIAGNOSTIC,    22, -5.355802319881e-01, 1.419868824223e-06, 1.0077e+01, 2.9762e-01, 
 2DIAGNOSTIC,    23, -5.355800437058e-01, 1.391512728204e-06, 1.0365e+01, 2.8855e-01, 
 2DIAGNOSTIC,    24, -5.355765485333e-01, 1.302731398298e-06, 1.0656e+01, 2.9031e-01, 
 2DIAGNOSTIC,    25, -5.355750871695e-01, 1.208415140078e-06, 1.0941e+01, 2.8544e-01, 
 2DIAGNOSTIC,    26, -5.355769736742e-01, 1.138591360118e-06, 1.1180e+01, 2.3911e-01, 
 2DIAGNOSTIC,    27, -5.355771802071e-01, 1.092640941093e-06, 1.1493e+01, 3.1230e-01, 
DIAGNOSTIC,Iteration,metricValue,convergenceValue,ITERATION_TIME_INDEX,SINCE_LAST
 2DIAGNOSTIC,     1, -4.891853756680e-01, 1.797693134862e+308, 1.4171e+01, 2.6779e+00, 
 2DIAGNOSTIC,     2, -4.892280552226e-01, 1.797693134862e+308, 1.5705e+01, 1.5345e+00, 
 2DIAGNOSTIC,     3, -4.893322762317e-01, 1.797693134862e+308, 1.7404e+01, 1.6992e+00, 
 2DIAGNOSTIC,     4, -4.896133308829e-01, 1.797693134862e+308, 1.9279e+01, 1.8751e+00, 
 2DIAGNOSTIC,     5, -4.896812852688e-01, 1.797693134862e+308, 2.1099e+01, 1.8202e+00, 
 2DIAGNOSTIC,     6, -4.896953865734e-01, 1.797693134862e+308, 2.3020e+01, 1.9206e+00, 
 2DIAGNOSTIC,     7, -4.897606781595e-01, 1.797693134862e+308, 2.4876e+01, 1.8563e+00, 
 2DIAGNOSTIC,     8, -4.898501882164e-01, 1.797693134862e+308, 2.8915e+01, 4.0382e+00, 
 2DIAGNOSTIC,     9, -4.898503358517e-01, 1.797693134862e+308, 3.1435e+01, 2.5200e+00, 
 2DIAGNOSTIC,    10, -4.898503751241e-01, 9.857919206939e-05, 3.2960e+01, 1.5253e+00, 
 2DIAGNOSTIC,    11, -4.898501893655e-01, 7.311633771893e-05, 3.4457e+01, 1.4970e+00, 
 2DIAGNOSTIC,    12, -4.898499977528e-01, 4.765917421597e-05, 3.5810e+01, 1.3536e+00, 
 2DIAGNOSTIC,    13, -4.898499504062e-01, 2.631627066935e-05, 3.7516e+01, 1.7059e+00, 
 2DIAGNOSTIC,    14, -4.898497618203e-01, 1.745578313150e-05, 3.9325e+01, 1.8088e+00, 
 2DIAGNOSTIC,    15, -4.898497903868e-01, 1.109282208714e-05, 4.0829e+01, 1.5035e+00, 
 2DIAGNOSTIC,    16, -4.898496056666e-01, 5.178913682152e-06, 4.2323e+01, 1.4945e+00, 
 2DIAGNOSTIC,    17, -4.898496871976e-01, 1.811744826351e-06, 4.3987e+01, 1.6643e+00, 
 2DIAGNOSTIC,    18, -4.898495075838e-01, 1.704286934724e-06, 4.5412e+01, 1.4250e+00, 
 2DIAGNOSTIC,    19, -4.898493646371e-01, 1.614159730885e-06, 4.6763e+01, 1.3505e+00, 
 2DIAGNOSTIC,    20, -4.898494026943e-01, 1.541098301437e-06, 4.8435e+01, 1.6718e+00, 
 2DIAGNOSTIC,    21, -4.898495814876e-01, 1.479409887511e-06, 4.9958e+01, 1.5236e+00, 
 2DIAGNOSTIC,    22, -4.898495195943e-01, 1.419781537643e-06, 5.1469e+01, 1.5106e+00, 
 2DIAGNOSTIC,    23, -4.898493346595e-01, 1.362219761221e-06, 5.2807e+01, 1.3380e+00, 
 2DIAGNOSTIC,    24, -4.898494158010e-01, 1.309047453768e-06, 5.4389e+01, 1.5821e+00, 
 2DIAGNOSTIC,    25, -4.898493968388e-01, 1.261846172863e-06, 5.6438e+01, 2.0491e+00, 
 2DIAGNOSTIC,    26, -4.898493135204e-01, 1.213059000409e-06, 5.8186e+01, 1.7482e+00, 
 2DIAGNOSTIC,    27, -4.898492183737e-01, 1.168780170507e-06, 5.9756e+01, 1.5697e+00, 
 2DIAGNOSTIC,    28, -4.898490214481e-01, 1.121012120409e-06, 6.1578e+01, 1.8224e+00, 
 2DIAGNOSTIC,    29, -4.898490377494e-01, 1.075497435041e-06, 6.3182e+01, 1.6038e+00, 
 2DIAGNOSTIC,    30, -4.898489332635e-01, 1.033523118761e-06, 6.4726e+01, 1.5443e+00, 
  Elapsed time (stage 0): 6.5645e+01


Total elapsed time: 6.5648e+01
Info [verificarlo]: loaded backend libinterflop_vprec.so
Info [interflop-vprec]: load backend with: 
Info [interflop-vprec]: precision-binary32 = 17
Info [interflop-vprec]: range-binary32 = 8
Info [interflop-vprec]: precision-binary64 = 17
Info [interflop-vprec]: range-binary64 = 8
Info [interflop-vprec]: mode = ob
Info [interflop-vprec]: error-mode = rel
Info [interflop-vprec]: max-abs-error-exponent = -1022
Info [interflop-vprec]: daz = false
Info [interflop-vprec]: ftz = false
Info [interflop-vprec]: 	instrument = none
Info [interflop-vprec]: 	prec-input-file = (null)
Info [interflop-vprec]: 	prec-output-file = (null)
Info [interflop-vprec]: 	prec-log-file = (null)
All_Command_lines_OK
Using double precision for computations.
=============================================================================
The composite transform comprises the following transforms (in order): 
  1. /home/mdugre/scratch/mri-registration-rp/datasets/ds004513/derivatives/mri-registration-rp/0011/antsRegistration-r8-p17/sub-s025/rigid_Composite.h5[0] (type = Euler3DTransform)
  2. /home/mdugre/scratch/mri-registration-rp/datasets/ds004513/derivatives/mri-registration-rp/0011/antsRegistration-r8-p17/sub-s025/rigid_Composite.h5[1] (type = Euler3DTransform)
  3. /home/mdugre/scratch/mri-registration-rp/datasets/ds004513/derivatives/mri-registration-rp/0011/antsRegistration-r8-p17/sub-s025/rigid_Composite.h5[2] (type = Euler3DTransform)
=============================================================================
  number of levels = 4
  fixed image: /templateflow/tpl-MNI152NLin2009cAsym/tpl-MNI152NLin2009cAsym_res-01_desc-brain_T1w.nii.gz
  moving image: /home/mdugre/scratch/mri-registration-rp/datasets/ds004513/derivatives/mri-registration-rp/antsBrainExtraction/sub-s025/BrainExtractionBrain.nii.gz
Dimension = 3
Number of stages = 1
Use histogram matching = false
Winsorize image intensities = true
  Lower quantile = 0.005
  Upper quantile = 0.995


Stage 1 State
   Image metric = MattesMI
     Fixed image = Image (0x4c2a490)
  RTTI typeinfo:   itk::Image<double, 3u>
  Reference Count: 2
  Modified Time: 1592
  Debug: Off
  Object Name: 
  Observers: 
    none
  Source: (none)
  Source output name: (none)
  Release Data: Off
  Data Released: False
  Global Release Data: Off
  PipelineMTime: 0
  UpdateMTime: 1203
  RealTimeStamp: 0 seconds 
  LargestPossibleRegion: 
    Dimension: 3
    Index: [0, 0, 0]
    Size: [193, 229, 193]
  BufferedRegion: 
    Dimension: 3
    Index: [0, 0, 0]
    Size: [193, 229, 193]
  RequestedRegion: 
    Dimension: 3
    Index: [0, 0, 0]
    Size: [193, 229, 193]
  Spacing: [1, 1, 1]
  Origin: [96, 132, -78]
  Direction: 
-1 0 0
0 -1 0
0 0 1

  IndexToPointMatrix: 
-1 0 0
0 -1 0
0 0 1

  PointToIndexMatrix: 
-1 0 0
0 -1 0
0 0 1

  Inverse Direction: 
-1 0 0
0 -1 0
0 0 1

  PixelContainer: 
    ImportImageContainer (0x4cf58c0)
      RTTI typeinfo:   itk::ImportImageContainer<unsigned long, double>
      Reference Count: 1
      Modified Time: 1200
      Debug: Off
      Object Name: 
      Observers: 
        none
      Pointer: 0x14c337362010
      Container manages memory: true
      Size: 8530021
      Capacity: 8530021

     Moving image = Image (0x4ce5b60)
  RTTI typeinfo:   itk::Image<double, 3u>
  Reference Count: 2
  Modified Time: 1593
  Debug: Off
  Object Name: 
  Observers: 
    none
  Source: (none)
  Source output name: (none)
  Release Data: Off
  Data Released: False
  Global Release Data: Off
  PipelineMTime: 0
  UpdateMTime: 1590
  RealTimeStamp: 0 seconds 
  LargestPossibleRegion: 
    Dimension: 3
    Index: [0, 0, 0]
    Size: [176, 240, 256]
  BufferedRegion: 
    Dimension: 3
    Index: [0, 0, 0]
    Size: [176, 240, 256]
  RequestedRegion: 
    Dimension: 3
    Index: [0, 0, 0]
    Size: [176, 240, 256]
  Spacing: [1, 1, 1]
  Origin: [90.3779, 84.5093, -154.071]
  Direction: 
-0.99939 7.48184e-06 -0.0348969
-7.47663e-06 -1 -2.7953e-07
-0.0348969 -1.84481e-08 0.99939

  IndexToPointMatrix: 
-0.99939 7.48184e-06 -0.0348969
-7.47663e-06 -1 -2.7953e-07
-0.0348969 -1.84481e-08 0.99939

  PointToIndexMatrix: 
-0.99939 -7.47663e-06 -0.0348969
7.47666e-06 -1 1.30385e-07
-0.0348969 -1.30385e-07 0.99939

  Inverse Direction: 
-0.99939 -7.47663e-06 -0.0348969
7.47666e-06 -1 1.30385e-07
-0.0348969 -1.30385e-07 0.99939

  PixelContainer: 
    ImportImageContainer (0x4d791d0)
      RTTI typeinfo:   itk::ImportImageContainer<unsigned long, double>
      Reference Count: 1
      Modified Time: 1587
      Debug: Off
      Object Name: 
      Observers: 
        none
      Pointer: 0x14c3320e1010
      Container manages memory: true
      Size: 10813440
      Capacity: 10813440

     Weighting = 1
     Sampling strategy = regular
     Number of bins = 32
     Radius = 4
     Sampling percentage  = 0.25
   Transform = Affine
     Gradient step = 0.1
     Update field sigma (voxel space) = 0
     Total field sigma (voxel space) = 0
     Update field time sigma = 0
     Total field time sigma  = 0
     Number of time indices = 0
     Number of time point samples = 0
Registration using 1 total stages.

Stage 0
  iterations = 1000x500x250x100
  convergence threshold = 1e-06
  convergence window size = 10
  number of levels = 4
  using the Mattes MI metric (number of bins = 32, weight = 1, use gradient filter = 0)
  preprocessing:  winsorizing the image intensities
  Shrink factors (level 1 out of 4): [8, 8, 8]
  Shrink factors (level 2 out of 4): [4, 4, 4]
  Shrink factors (level 3 out of 4): [2, 2, 2]
  Shrink factors (level 4 out of 4): [1, 1, 1]
  smoothing sigmas per level: [3, 2, 1, 0]
  regular sampling (percentage = 0.25)

*** Running AffineTransform registration ***

DIAGNOSTIC,Iteration,metricValue,convergenceValue,ITERATION_TIME_INDEX,SINCE_LAST
 2DIAGNOSTIC,     1, -7.471879783783e-01, 1.797693134862e+308, 0.0000e+00, 0.0000e+00, 
 2DIAGNOSTIC,     2, -7.494425157095e-01, 1.797693134862e+308, 0.0000e+00, 0.0000e+00, 
 2DIAGNOSTIC,     3, -7.528015588265e-01, 1.797693134862e+308, 0.0000e+00, 0.0000e+00, 
 2DIAGNOSTIC,     4, -7.583305905998e-01, 1.797693134862e+308, 0.0000e+00, 0.0000e+00, 
 2DIAGNOSTIC,     5, -7.666222832218e-01, 1.797693134862e+308, 0.0000e+00, 0.0000e+00, 
 2DIAGNOSTIC,     6, -7.796506732403e-01, 1.797693134862e+308, 0.0000e+00, 0.0000e+00, 
 2DIAGNOSTIC,     7, -8.301851894849e-01, 1.797693134862e+308, 0.0000e+00, 0.0000e+00, 
 2DIAGNOSTIC,     8, -8.743128731036e-01, 1.797693134862e+308, 0.0000e+00, 0.0000e+00, 
 2DIAGNOSTIC,     9, -8.766413347182e-01, 1.797693134862e+308, 0.0000e+00, 0.0000e+00, 
 2DIAGNOSTIC,    10, -8.820897737535e-01, 1.301454933746e-02, 0.0000e+00, 0.0000e+00, 
 2DIAGNOSTIC,    11, -8.903128524195e-01, 1.262219072646e-02, 0.0000e+00, 0.0000e+00, 
 2DIAGNOSTIC,    12, -8.988715661938e-01, 1.145088947971e-02, 0.0000e+00, 0.0000e+00, 
 2DIAGNOSTIC,    13, -9.074247384344e-01, 9.736517214020e-03, 0.0000e+00, 0.0000e+00, 
 2DIAGNOSTIC,    14, -9.173337171547e-01, 7.795470967487e-03, 0.0000e+00, 0.0000e+00, 
 2DIAGNOSTIC,    15, -9.234940806251e-01, 5.773882189755e-03, 0.0000e+00, 0.0000e+00, 
 2DIAGNOSTIC,    16, -9.286922748493e-01, 3.865461872499e-03, 0.0000e+00, 0.0000e+00, 
 2DIAGNOSTIC,    17, -9.294432526224e-01, 2.835641043910e-03, 0.0000e+00, 0.0000e+00, 
 2DIAGNOSTIC,    18, -9.319211288733e-01, 2.534280566543e-03, 0.0000e+00, 0.0000e+00, 
 2DIAGNOSTIC,    19, -9.343664157235e-01, 2.114897814613e-03, 0.0000e+00, 0.0000e+00, 
 2DIAGNOSTIC,    20, -9.361669219013e-01, 1.662082086242e-03, 0.0000e+00, 0.0000e+00, 
 2DIAGNOSTIC,    21, -9.366313286729e-01, 1.236744936766e-03, 0.0000e+00, 0.0000e+00, 
 2DIAGNOSTIC,    22, -9.371679686243e-01, 8.733816393621e-04, 0.0000e+00, 0.0000e+00, 
 2DIAGNOSTIC,    23, -9.381795000011e-01, 5.961876126028e-04, 0.0000e+00, 0.0000e+00, 
 2DIAGNOSTIC,    24, -9.382110421855e-01, 4.206285246905e-04, 0.0000e+00, 0.0000e+00, 
 2DIAGNOSTIC,    25, -9.384660790420e-01, 3.025296972067e-04, 0.0000e+00, 0.0000e+00, 
 2DIAGNOSTIC,    26, -9.384597686235e-01, 2.309960907119e-04, 0.0000e+00, 0.0000e+00, 
 2DIAGNOSTIC,    27, -9.384676315103e-01, 1.523201182689e-04, 0.0000e+00, 0.0000e+00, 
 2DIAGNOSTIC,    28, -9.385248683458e-01, 9.390253256410e-05, 0.0000e+00, 0.0000e+00, 
 2DIAGNOSTIC,    29, -9.384912881026e-01, 5.724657219273e-05, 0.0000e+00, 0.0000e+00, 
 2DIAGNOSTIC,    30, -9.387203171280e-01, 3.964664618526e-05, 0.0000e+00, 0.0000e+00, 
 2DIAGNOSTIC,    31, -9.385778533492e-01, 2.283018408907e-05, 0.0000e+00, 0.0000e+00, 
 2DIAGNOSTIC,    32, -9.386568514691e-01, 1.102454289326e-05, 0.0000e+00, 0.0000e+00, 
 2DIAGNOSTIC,    33, -9.385713516057e-01, 7.984247409720e-06, 0.0000e+00, 0.0000e+00, 
DIAGNOSTIC,Iteration,metricValue,convergenceValue,ITERATION_TIME_INDEX,SINCE_LAST
 2DIAGNOSTIC,     1, -7.501031836783e-01, 1.797693134862e+308, 0.0000e+00, 0.0000e+00, 
 2DIAGNOSTIC,     2, -7.506310351717e-01, 1.797693134862e+308, 0.0000e+00, 0.0000e+00, 
 2DIAGNOSTIC,     3, -7.511818905792e-01, 1.797693134862e+308, 0.0000e+00, 0.0000e+00, 
 2DIAGNOSTIC,     4, -7.518312287714e-01, 1.797693134862e+308, 0.0000e+00, 0.0000e+00, 
 2DIAGNOSTIC,     5, -7.530251363521e-01, 1.797693134862e+308, 0.0000e+00, 0.0000e+00, 
 2DIAGNOSTIC,     6, -7.540664518669e-01, 1.797693134862e+308, 0.0000e+00, 0.0000e+00, 
 2DIAGNOSTIC,     7, -7.541486990345e-01, 1.797693134862e+308, 0.0000e+00, 0.0000e+00, 
 2DIAGNOSTIC,     8, -7.541619655917e-01, 1.797693134862e+308, 0.0000e+00, 0.0000e+00, 
 2DIAGNOSTIC,     9, -7.541677318534e-01, 1.797693134862e+308, 0.0000e+00, 0.0000e+00, 
 2DIAGNOSTIC,    10, -7.541664692531e-01, 3.995645593508e-04, 0.0000e+00, 0.0000e+00, 
 2DIAGNOSTIC,    11, -7.541644011910e-01, 2.885819826298e-04, 0.0000e+00, 0.0000e+00, 
 2DIAGNOSTIC,    12, -7.541779796184e-01, 1.877385106983e-04, 0.0000e+00, 0.0000e+00, 
 2DIAGNOSTIC,    13, -7.542059730832e-01, 1.028661376948e-04, 0.0000e+00, 0.0000e+00, 
 2DIAGNOSTIC,    14, -7.542149793097e-01, 3.818819870272e-05, 0.0000e+00, 0.0000e+00, 
 2DIAGNOSTIC,    15, -7.542203238921e-01, 8.318660062234e-06, 0.0000e+00, 0.0000e+00, 
 2DIAGNOSTIC,    16, -7.542140562512e-01, 5.984335895159e-06, 0.0000e+00, 0.0000e+00, 
 2DIAGNOSTIC,    17, -7.542175974108e-01, 5.453373002742e-06, 0.0000e+00, 0.0000e+00, 
 2DIAGNOSTIC,    18, -7.542178370291e-01, 4.914078871411e-06, 0.0000e+00, 0.0000e+00, 
 2DIAGNOSTIC,    19, -7.542174193310e-01, 4.242576721998e-06, 0.0000e+00, 0.0000e+00, 
 2DIAGNOSTIC,    20, -7.542170738346e-01, 3.380238256918e-06, 0.0000e+00, 0.0000e+00, 
 2DIAGNOSTIC,    21, -7.542170322978e-01, 2.397348454412e-06, 0.0000e+00, 0.0000e+00, 
 2DIAGNOSTIC,    22, -7.542170235526e-01, 1.641659244850e-06, 0.0000e+00, 0.0000e+00, 
 2DIAGNOSTIC,    23, -7.542170309625e-01, 1.386160014868e-06, 0.0000e+00, 0.0000e+00, 
 2DIAGNOSTIC,    24, -7.542170431483e-01, 1.289644491129e-06, 0.0000e+00, 0.0000e+00, 
 2DIAGNOSTIC,    25, -7.542170171099e-01, 1.286848738034e-06, 0.0000e+00, 0.0000e+00, 
 2DIAGNOSTIC,    26, -7.542170207322e-01, 1.189488172813e-06, 0.0000e+00, 0.0000e+00, 
 2DIAGNOSTIC,    27, -7.542170148440e-01, 1.150633212210e-06, 0.0000e+00, 0.0000e+00, 
 2DIAGNOSTIC,    28, -7.542170303034e-01, 1.119668155296e-06, 0.0000e+00, 0.0000e+00, 
 2DIAGNOSTIC,    29, -7.542170173738e-01, 1.085925422931e-06, 0.0000e+00, 0.0000e+00, 
 2DIAGNOSTIC,    30, -7.542169822929e-01, 1.049766127283e-06, 0.0000e+00, 0.0000e+00, 
 2DIAGNOSTIC,    31, -7.542170007946e-01, 1.015763078573e-06, 0.0000e+00, 0.0000e+00, 
DIAGNOSTIC,Iteration,metricValue,convergenceValue,ITERATION_TIME_INDEX,SINCE_LAST
 2DIAGNOSTIC,     1, -6.407312442707e-01, 1.797693134862e+308, 0.0000e+00, 0.0000e+00, 
 2DIAGNOSTIC,     2, -6.412290984587e-01, 1.797693134862e+308, 0.0000e+00, 0.0000e+00, 
 2DIAGNOSTIC,     3, -6.417958059851e-01, 1.797693134862e+308, 0.0000e+00, 0.0000e+00, 
 2DIAGNOSTIC,     4, -6.424414957389e-01, 1.797693134862e+308, 0.0000e+00, 0.0000e+00, 
 2DIAGNOSTIC,     5, -6.432554444666e-01, 1.797693134862e+308, 0.0000e+00, 0.0000e+00, 
 2DIAGNOSTIC,     6, -6.451237360914e-01, 1.797693134862e+308, 0.0000e+00, 0.0000e+00, 
 2DIAGNOSTIC,     7, -6.451616922594e-01, 1.797693134862e+308, 0.0000e+00, 0.0000e+00, 
 2DIAGNOSTIC,     8, -6.451487884660e-01, 1.797693134862e+308, 0.0000e+00, 0.0000e+00, 
 2DIAGNOSTIC,     9, -6.451444840546e-01, 1.797693134862e+308, 0.0000e+00, 0.0000e+00, 
 2DIAGNOSTIC,    10, -6.451397275761e-01, 5.226128935234e-04, 0.0000e+00, 0.0000e+00, 
 2DIAGNOSTIC,    11, -6.451425601388e-01, 3.891275414109e-04, 0.0000e+00, 0.0000e+00, 
 2DIAGNOSTIC,    12, -6.451416163998e-01, 2.614796666643e-04, 0.0000e+00, 0.0000e+00, 
 2DIAGNOSTIC,    13, -6.451430607778e-01, 1.501724396326e-04, 0.0000e+00, 0.0000e+00, 
 2DIAGNOSTIC,    14, -6.451437889264e-01, 6.175287166475e-05, 0.0000e+00, 0.0000e+00, 
 2DIAGNOSTIC,    15, -6.451406616666e-01, 1.997343753724e-06, 0.0000e+00, 0.0000e+00, 
 2DIAGNOSTIC,    16, -6.451391438537e-01, 1.179293258255e-06, 0.0000e+00, 0.0000e+00, 
 2DIAGNOSTIC,    17, -6.451389658242e-01, 1.517707087402e-06, 0.0000e+00, 0.0000e+00, 
 2DIAGNOSTIC,    18, -6.451374037996e-01, 1.495743406299e-06, 0.0000e+00, 0.0000e+00, 
 2DIAGNOSTIC,    19, -6.451393405441e-01, 1.448777090220e-06, 0.0000e+00, 0.0000e+00, 
 2DIAGNOSTIC,    20, -6.451412609592e-01, 1.361594189349e-06, 0.0000e+00, 0.0000e+00, 
 2DIAGNOSTIC,    21, -6.451387921164e-01, 1.311205749921e-06, 0.0000e+00, 0.0000e+00, 
 2DIAGNOSTIC,    22, -6.451417321165e-01, 1.324334209948e-06, 0.0000e+00, 0.0000e+00, 
 2DIAGNOSTIC,    23, -6.451418127082e-01, 1.372960320753e-06, 0.0000e+00, 0.0000e+00, 
 2DIAGNOSTIC,    24, -6.451406235641e-01, 1.409377316700e-06, 0.0000e+00, 0.0000e+00, 
 2DIAGNOSTIC,    25, -6.451401789140e-01, 1.372104989905e-06, 0.0000e+00, 0.0000e+00, 
 2DIAGNOSTIC,    26, -6.451405949653e-01, 1.309279234911e-06, 0.0000e+00, 0.0000e+00, 
 2DIAGNOSTIC,    27, -6.451410047955e-01, 1.246157903548e-06, 0.0000e+00, 0.0000e+00, 
 2DIAGNOSTIC,    28, -6.451398617775e-01, 1.136061871569e-06, 0.0000e+00, 0.0000e+00, 
 2DIAGNOSTIC,    29, -6.451399230020e-01, 1.063427544204e-06, 0.0000e+00, 0.0000e+00, 
 2DIAGNOSTIC,    30, -6.451398581085e-01, 1.026751294771e-06, 0.0000e+00, 0.0000e+00, 
DIAGNOSTIC,Iteration,metricValue,convergenceValue,ITERATION_TIME_INDEX,SINCE_LAST
 2DIAGNOSTIC,     1, -5.764790425398e-01, 1.797693134862e+308, 0.0000e+00, 0.0000e+00, 
