
##########################
# Experiment information #
##########################

EXPERIMENT_NAME: antsRegistration-r8-p20
VFC_BACKENDS: libinterflop_vprec.so --range-binary32=8 --precision-binary32=20 --range-binary64=8 --precision-binary64=20

SIF_IMG: /home/mdugre/projects/rrg-glatard/mdugre/containers/ants-vprec-no_metrics.simg

SUBJECT_ID: s025
INPUT_IMG: /home/mdugre/scratch/mri-registration-rp/datasets/ds004513/derivatives/mri-registration-rp/antsBrainExtraction/sub-s025/BrainExtractionBrain.nii.gz
OUTPUT_DIR: /home/mdugre/scratch/mri-registration-rp/datasets/ds004513/derivatives/mri-registration-rp/0011/antsRegistration-r8-p20/sub-s025

FIXED_IMG: /templateflow/tpl-MNI152NLin2009cAsym/tpl-MNI152NLin2009cAsym_res-01_desc-brain_T1w.nii.gz
DATA_DIR: /home/mdugre/scratch/mri-registration-rp/datasets/ds004513
TEMPLATEFLOW_DIR: /home/mdugre/projects/rrg-glatard/mdugre/templateflow
ITK_GLOBAL_DEFAULT_NUMBER_OF_THREADS: 16
##########################

Info [verificarlo]: loaded backend libinterflop_ieee.so
Info [interflop-ieee]: load backend with:
Info [interflop-ieee]: debug = false
Info [interflop-ieee]: debug-binary = false
Info [interflop-ieee]: no-backend-name = false
Info [interflop-ieee]: print-new-line = false
Info [interflop-ieee]: print-subnormal-normalized = false
Info [interflop-ieee]: count-op = false
All_Command_lines_OK
Using double precision for computations.
=============================================================================
The composite transform comprises the following transforms (in order): 
  1. Center of mass alignment using fixed image: /templateflow/tpl-MNI152NLin2009cAsym/tpl-MNI152NLin2009cAsym_res-01_desc-brain_T1w.nii.gz and moving image: /home/mdugre/scratch/mri-registration-rp/datasets/ds004513/derivatives/mri-registration-rp/antsBrainExtraction/sub-s025/BrainExtractionBrain.nii.gz (type = Euler3DTransform)
=============================================================================
  number of levels = 1
  fixed image: /templateflow/tpl-MNI152NLin2009cAsym/tpl-MNI152NLin2009cAsym_res-01_desc-brain_T1w.nii.gz
  moving image: /home/mdugre/scratch/mri-registration-rp/datasets/ds004513/derivatives/mri-registration-rp/antsBrainExtraction/sub-s025/BrainExtractionBrain.nii.gz
Dimension = 3
Number of stages = 1
Use histogram matching = false
Winsorize image intensities = true
  Lower quantile = 0.005
  Upper quantile = 0.995


Stage 1 State
   Image metric = MattesMI
     Fixed image = Image (0x3c5fe70)
  RTTI typeinfo:   itk::Image<double, 3u>
  Reference Count: 2
  Modified Time: 2334
  Debug: Off
  Object Name: 
  Observers: 
    none
  Source: (none)
  Source output name: (none)
  Release Data: Off
  Data Released: False
  Global Release Data: Off
  PipelineMTime: 0
  UpdateMTime: 1943
  RealTimeStamp: 0 seconds 
  LargestPossibleRegion: 
    Dimension: 3
    Index: [0, 0, 0]
    Size: [193, 229, 193]
  BufferedRegion: 
    Dimension: 3
    Index: [0, 0, 0]
    Size: [193, 229, 193]
  RequestedRegion: 
    Dimension: 3
    Index: [0, 0, 0]
    Size: [193, 229, 193]
  Spacing: [1, 1, 1]
  Origin: [96, 132, -78]
  Direction: 
-1 0 0
0 -1 0
0 0 1

  IndexToPointMatrix: 
-1 0 0
0 -1 0
0 0 1

  PointToIndexMatrix: 
-1 0 0
0 -1 0
0 0 1

  Inverse Direction: 
-1 0 0
0 -1 0
0 0 1

  PixelContainer: 
    ImportImageContainer (0x3c68c60)
      RTTI typeinfo:   itk::ImportImageContainer<unsigned long, double>
      Reference Count: 1
      Modified Time: 1940
      Debug: Off
      Object Name: 
      Observers: 
        none
      Pointer: 0x15417af46010
      Container manages memory: true
      Size: 8530021
      Capacity: 8530021

     Moving image = Image (0x3c6b610)
  RTTI typeinfo:   itk::Image<double, 3u>
  Reference Count: 2
  Modified Time: 2335
  Debug: Off
  Object Name: 
  Observers: 
    none
  Source: (none)
  Source output name: (none)
  Release Data: Off
  Data Released: False
  Global Release Data: Off
  PipelineMTime: 0
  UpdateMTime: 2332
  RealTimeStamp: 0 seconds 
  LargestPossibleRegion: 
    Dimension: 3
    Index: [0, 0, 0]
    Size: [176, 240, 256]
  BufferedRegion: 
    Dimension: 3
    Index: [0, 0, 0]
    Size: [176, 240, 256]
  RequestedRegion: 
    Dimension: 3
    Index: [0, 0, 0]
    Size: [176, 240, 256]
  Spacing: [0.999999, 1, 1]
  Origin: [90.3778, 84.5091, -154.071]
  Direction: 
-0.999391 7.48184e-06 -0.0348969
-7.47664e-06 -1 -2.7953e-07
-0.0348969 -1.84481e-08 0.999391

  IndexToPointMatrix: 
-0.99939 7.48184e-06 -0.0348969
-7.47663e-06 -1 -2.7953e-07
-0.0348968 -1.84481e-08 0.999391

  PointToIndexMatrix: 
-0.999392 -7.47665e-06 -0.0348969
7.48184e-06 -1 -1.84481e-08
-0.0348969 -2.7953e-07 0.999391

  Inverse Direction: 
-0.999391 -7.47664e-06 -0.0348969
7.48184e-06 -1 -1.84481e-08
-0.0348969 -2.7953e-07 0.999391

  PixelContainer: 
    ImportImageContainer (0x3d04ef0)
      RTTI typeinfo:   itk::ImportImageContainer<unsigned long, double>
      Reference Count: 1
      Modified Time: 2329
      Debug: Off
      Object Name: 
      Observers: 
        none
      Pointer: 0x154175cc5010
      Container manages memory: true
      Size: 10813440
      Capacity: 10813440

     Weighting = 1
     Sampling strategy = regular
     Number of bins = 32
     Radius = 4
     Sampling percentage  = 0.25
   Transform = Rigid
     Gradient step = 0.1
     Update field sigma (voxel space) = 0
     Total field sigma (voxel space) = 0
     Update field time sigma = 0
     Total field time sigma  = 0
     Number of time indices = 0
     Number of time point samples = 0
Registration using 1 total stages.

Stage 0
  iterations = 0
  convergence threshold = 1e-06
  convergence window size = 10
  number of levels = 1
  using the Mattes MI metric (number of bins = 32, weight = 1, use gradient filter = 0)
  preprocessing:  winsorizing the image intensities
  Shrink factors (level 1 out of 1): [1, 1, 1]
  smoothing sigmas per level: [0]
  regular sampling (percentage = 0.25)

*** Running Euler3DTransform registration ***

  Elapsed time (stage 0): 1.11568


Total elapsed time: 1.11796
Info [verificarlo]: loaded backend libinterflop_ieee.so
Info [interflop-ieee]: load backend with:
Info [interflop-ieee]: debug = false
Info [interflop-ieee]: debug-binary = false
Info [interflop-ieee]: no-backend-name = false
Info [interflop-ieee]: print-new-line = false
Info [interflop-ieee]: print-subnormal-normalized = false
Info [interflop-ieee]: count-op = false
All_Command_lines_OK
Using double precision for computations.
=============================================================================
The composite transform comprises the following transforms (in order): 
  1. /home/mdugre/scratch/mri-registration-rp/datasets/ds004513/derivatives/mri-registration-rp/0011/antsRegistration-r8-p20/sub-s025/align_Composite.h5[0] (type = Euler3DTransform)
  2. /home/mdugre/scratch/mri-registration-rp/datasets/ds004513/derivatives/mri-registration-rp/0011/antsRegistration-r8-p20/sub-s025/align_Composite.h5[1] (type = Euler3DTransform)
=============================================================================
  number of levels = 4
  fixed image: /templateflow/tpl-MNI152NLin2009cAsym/tpl-MNI152NLin2009cAsym_res-01_desc-brain_T1w.nii.gz
  moving image: /home/mdugre/scratch/mri-registration-rp/datasets/ds004513/derivatives/mri-registration-rp/antsBrainExtraction/sub-s025/BrainExtractionBrain.nii.gz
Dimension = 3
Number of stages = 1
Use histogram matching = false
Winsorize image intensities = true
  Lower quantile = 0.005
  Upper quantile = 0.995


Stage 1 State
   Image metric = MattesMI
     Fixed image = Image (0x41d4530)
  RTTI typeinfo:   itk::Image<double, 3u>
  Reference Count: 2
  Modified Time: 1580
  Debug: Off
  Object Name: 
  Observers: 
    none
  Source: (none)
  Source output name: (none)
  Release Data: Off
  Data Released: False
  Global Release Data: Off
  PipelineMTime: 0
  UpdateMTime: 1189
  RealTimeStamp: 0 seconds 
  LargestPossibleRegion: 
    Dimension: 3
    Index: [0, 0, 0]
    Size: [193, 229, 193]
  BufferedRegion: 
    Dimension: 3
    Index: [0, 0, 0]
    Size: [193, 229, 193]
  RequestedRegion: 
    Dimension: 3
    Index: [0, 0, 0]
    Size: [193, 229, 193]
  Spacing: [1, 1, 1]
  Origin: [96, 132, -78]
  Direction: 
-1 0 0
0 -1 0
0 0 1

  IndexToPointMatrix: 
-1 0 0
0 -1 0
0 0 1

  PointToIndexMatrix: 
-1 0 0
0 -1 0
0 0 1

  Inverse Direction: 
-1 0 0
0 -1 0
0 0 1

  PixelContainer: 
    ImportImageContainer (0x4292d60)
      RTTI typeinfo:   itk::ImportImageContainer<unsigned long, double>
      Reference Count: 1
      Modified Time: 1186
      Debug: Off
      Object Name: 
      Observers: 
        none
      Pointer: 0x14e0b88f8010
      Container manages memory: true
      Size: 8530021
      Capacity: 8530021

     Moving image = Image (0x4284f60)
  RTTI typeinfo:   itk::Image<double, 3u>
  Reference Count: 2
  Modified Time: 1581
  Debug: Off
  Object Name: 
  Observers: 
    none
  Source: (none)
  Source output name: (none)
  Release Data: Off
  Data Released: False
  Global Release Data: Off
  PipelineMTime: 0
  UpdateMTime: 1578
  RealTimeStamp: 0 seconds 
  LargestPossibleRegion: 
    Dimension: 3
    Index: [0, 0, 0]
    Size: [176, 240, 256]
  BufferedRegion: 
    Dimension: 3
    Index: [0, 0, 0]
    Size: [176, 240, 256]
  RequestedRegion: 
    Dimension: 3
    Index: [0, 0, 0]
    Size: [176, 240, 256]
  Spacing: [0.999999, 1, 1]
  Origin: [90.3778, 84.5091, -154.071]
  Direction: 
-0.999391 7.48184e-06 -0.0348969
-7.47664e-06 -1 -2.7953e-07
-0.0348969 -1.84481e-08 0.999391

  IndexToPointMatrix: 
-0.99939 7.48184e-06 -0.0348969
-7.47663e-06 -1 -2.7953e-07
-0.0348968 -1.84481e-08 0.999391

  PointToIndexMatrix: 
-0.999392 -7.47665e-06 -0.0348969
7.48184e-06 -1 -1.84481e-08
-0.0348969 -2.7953e-07 0.999391

  Inverse Direction: 
-0.999391 -7.47664e-06 -0.0348969
7.48184e-06 -1 -1.84481e-08
-0.0348969 -2.7953e-07 0.999391

  PixelContainer: 
    ImportImageContainer (0x42766d0)
      RTTI typeinfo:   itk::ImportImageContainer<unsigned long, double>
      Reference Count: 1
      Modified Time: 1575
      Debug: Off
      Object Name: 
      Observers: 
        none
      Pointer: 0x14e0b3677010
      Container manages memory: true
      Size: 10813440
      Capacity: 10813440

     Weighting = 1
     Sampling strategy = regular
     Number of bins = 32
     Radius = 4
     Sampling percentage  = 0.25
   Transform = Rigid
     Gradient step = 0.1
     Update field sigma (voxel space) = 0
     Total field sigma (voxel space) = 0
     Update field time sigma = 0
     Total field time sigma  = 0
     Number of time indices = 0
     Number of time point samples = 0
Registration using 1 total stages.

Stage 0
  iterations = 1000x500x250x100
  convergence threshold = 1e-06
  convergence window size = 10
  number of levels = 4
  using the Mattes MI metric (number of bins = 32, weight = 1, use gradient filter = 0)
  preprocessing:  winsorizing the image intensities
  Shrink factors (level 1 out of 4): [8, 8, 8]
  Shrink factors (level 2 out of 4): [4, 4, 4]
  Shrink factors (level 3 out of 4): [2, 2, 2]
  Shrink factors (level 4 out of 4): [1, 1, 1]
  smoothing sigmas per level: [3, 2, 1, 0]
  regular sampling (percentage = 0.25)

*** Running Euler3DTransform registration ***

DIAGNOSTIC,Iteration,metricValue,convergenceValue,ITERATION_TIME_INDEX,SINCE_LAST
 2DIAGNOSTIC,     1, -5.323241903179e-01, 1.797693134862e+308, 7.6141e-01, 7.6141e-01, 
 2DIAGNOSTIC,     2, -5.346190553927e-01, 1.797693134862e+308, 7.6534e-01, 3.9301e-03, 
 2DIAGNOSTIC,     3, -5.378036555361e-01, 1.797693134862e+308, 7.6909e-01, 3.7441e-03, 
 2DIAGNOSTIC,     4, -5.422949451405e-01, 1.797693134862e+308, 7.7280e-01, 3.7172e-03, 
 2DIAGNOSTIC,     5, -5.486805952477e-01, 1.797693134862e+308, 7.7673e-01, 3.9229e-03, 
 2DIAGNOSTIC,     6, -5.542790085272e-01, 1.797693134862e+308, 7.8052e-01, 3.7880e-03, 
 2DIAGNOSTIC,     7, -5.627123115611e-01, 1.797693134862e+308, 7.8437e-01, 3.8590e-03, 
 2DIAGNOSTIC,     8, -5.766609943856e-01, 1.797693134862e+308, 7.8819e-01, 3.8130e-03, 
 2DIAGNOSTIC,     9, -5.881111419397e-01, 1.797693134862e+308, 7.9205e-01, 3.8671e-03, 
 2DIAGNOSTIC,    10, -6.012927005665e-01, 7.820055967720e-03, 7.9725e-01, 5.1999e-03, 
 2DIAGNOSTIC,    11, -6.192402913589e-01, 8.564422673930e-03, 8.0430e-01, 7.0431e-03, 
 2DIAGNOSTIC,    12, -6.197111897441e-01, 8.513711436491e-03, 8.0829e-01, 3.9890e-03, 
 2DIAGNOSTIC,    13, -6.223136777511e-01, 7.932305190640e-03, 8.1223e-01, 3.9442e-03, 
 2DIAGNOSTIC,    14, -6.239859078533e-01, 6.938967258809e-03, 8.1612e-01, 3.8869e-03, 
 2DIAGNOSTIC,    15, -6.258731029038e-01, 5.722268374546e-03, 8.2010e-01, 3.9830e-03, 
 2DIAGNOSTIC,    16, -6.290042957048e-01, 4.404898010744e-03, 8.2414e-01, 4.0381e-03, 
 2DIAGNOSTIC,    17, -6.327399548195e-01, 3.192249458100e-03, 8.2934e-01, 5.2040e-03, 
 2DIAGNOSTIC,    18, -6.361770329222e-01, 2.298162514737e-03, 8.3431e-01, 4.9629e-03, 
 2DIAGNOSTIC,    19, -6.381920795053e-01, 1.629119691680e-03, 8.3878e-01, 4.4720e-03, 
 2DIAGNOSTIC,    20, -6.414786468669e-01, 1.264281191386e-03, 8.4270e-01, 3.9222e-03, 
 2DIAGNOSTIC,    21, -6.422621311604e-01, 1.244231354773e-03, 8.4666e-01, 3.9561e-03, 
 2DIAGNOSTIC,    22, -6.443386369773e-01, 1.164065699680e-03, 8.5061e-01, 3.9520e-03, 
 2DIAGNOSTIC,    23, -6.458367311081e-01, 1.066297096034e-03, 8.5467e-01, 4.0588e-03, 
 2DIAGNOSTIC,    24, -6.528535016654e-01, 1.047817944775e-03, 8.5955e-01, 4.8809e-03, 
 2DIAGNOSTIC,    25, -6.591704566603e-01, 1.083081268375e-03, 8.6529e-01, 5.7468e-03, 
 2DIAGNOSTIC,    26, -6.605963664820e-01, 1.093549187128e-03, 8.6980e-01, 4.5030e-03, 
 2DIAGNOSTIC,    27, -6.608439804961e-01, 1.070984920525e-03, 8.7382e-01, 4.0219e-03, 
 2DIAGNOSTIC,    28, -6.615671816704e-01, 1.019502609000e-03, 8.7782e-01, 4.0011e-03, 
 2DIAGNOSTIC,    29, -6.628794645730e-01, 9.260607808245e-04, 8.8195e-01, 4.1261e-03, 
 2DIAGNOSTIC,    30, -6.728294680268e-01, 9.537365714065e-04, 8.8755e-01, 5.6021e-03, 
 2DIAGNOSTIC,    31, -6.735478176208e-01, 9.084136713623e-04, 8.9155e-01, 4.0030e-03, 
 2DIAGNOSTIC,    32, -6.743491582493e-01, 8.254108609720e-04, 8.9561e-01, 4.0560e-03, 
 2DIAGNOSTIC,    33, -6.778518258448e-01, 7.396582782995e-04, 8.9977e-01, 4.1661e-03, 
 2DIAGNOSTIC,    34, -6.872953031175e-01, 8.064166452596e-04, 9.0801e-01, 8.2371e-03, 
 2DIAGNOSTIC,    35, -6.877324690923e-01, 8.751635332410e-04, 9.1211e-01, 4.0991e-03, 
 2DIAGNOSTIC,    36, -6.893217193694e-01, 8.964309941629e-04, 9.1617e-01, 4.0560e-03, 
 2DIAGNOSTIC,    37, -6.927385548515e-01, 8.791468544211e-04, 9.2012e-01, 3.9580e-03, 
 2DIAGNOSTIC,    38, -7.010249530451e-01, 8.853597536611e-04, 9.2413e-01, 4.0030e-03, 
 2DIAGNOSTIC,    39, -7.063980273690e-01, 8.771505160134e-04, 9.2825e-01, 4.1261e-03, 
 2DIAGNOSTIC,    40, -7.084284328251e-01, 9.204333418387e-04, 9.3231e-01, 4.0560e-03, 
 2DIAGNOSTIC,    41, -7.161032450130e-01, 9.681744101871e-04, 9.3686e-01, 4.5481e-03, 
 2DIAGNOSTIC,    42, -7.193503887469e-01, 9.622220892723e-04, 9.4240e-01, 5.5399e-03, 
 2DIAGNOSTIC,    43, -7.222439055112e-01, 9.271213149149e-04, 9.4638e-01, 3.9830e-03, 
 2DIAGNOSTIC,    44, -7.286100527735e-01, 9.647398424289e-04, 9.5039e-01, 4.0059e-03, 
 2DIAGNOSTIC,    45, -7.390993088980e-01, 1.015007992374e-03, 9.5449e-01, 4.1070e-03, 
 2DIAGNOSTIC,    46, -7.438361446472e-01, 1.024164639941e-03, 9.5856e-01, 4.0660e-03, 
 2DIAGNOSTIC,    47, -7.509854841606e-01, 1.032314729374e-03, 9.6598e-01, 7.4170e-03, 
 2DIAGNOSTIC,    48, -7.533381469822e-01, 1.037834530935e-03, 9.7042e-01, 4.4489e-03, 
 2DIAGNOSTIC,    49, -7.535036533751e-01, 9.935246876623e-04, 9.7440e-01, 3.9799e-03, 
 2DIAGNOSTIC,    50, -7.537467120986e-01, 8.742868992168e-04, 9.7881e-01, 4.4031e-03, 
 2DIAGNOSTIC,    51, -7.543840093460e-01, 7.469074441891e-04, 9.8276e-01, 3.9561e-03, 
 2DIAGNOSTIC,    52, -7.558730866536e-01, 5.931173761301e-04, 9.8675e-01, 3.9861e-03, 
 2DIAGNOSTIC,    53, -7.576471473729e-01, 4.265595335116e-04, 9.9124e-01, 4.4911e-03, 
 2DIAGNOSTIC,    54, -7.585430038010e-01, 2.827498231498e-04, 9.9614e-01, 4.8990e-03, 
 2DIAGNOSTIC,    55, -7.589370669303e-01, 2.026658565076e-04, 1.0001e+00, 3.9320e-03, 
 2DIAGNOSTIC,    56, -7.598064715405e-01, 1.480116893407e-04, 1.0052e+00, 5.1000e-03, 
 2DIAGNOSTIC,    57, -7.598115415922e-01, 1.341472348733e-04, 1.0091e+00, 3.9151e-03, 
 2DIAGNOSTIC,    58, -7.599390812395e-01, 1.261019067285e-04, 1.0135e+00, 4.3831e-03, 
 2DIAGNOSTIC,    59, -7.600791604722e-01, 1.086130238222e-04, 1.0179e+00, 4.4360e-03, 
 2DIAGNOSTIC,    60, -7.601345234477e-01, 8.361492476300e-05, 1.0228e+00, 4.8680e-03, 
 2DIAGNOSTIC,    61, -7.608038168196e-01, 6.047334976521e-05, 1.0271e+00, 4.3631e-03, 
 2DIAGNOSTIC,    62, -7.609570558227e-01, 4.321987030751e-05, 1.0320e+00, 4.8821e-03, 
 2DIAGNOSTIC,    63, -7.609622018049e-01, 3.433040365017e-05, 1.0364e+00, 4.3621e-03, 
 2DIAGNOSTIC,    64, -7.608855504148e-01, 2.793878836452e-05, 1.0403e+00, 3.9451e-03, 
 2DIAGNOSTIC,    65, -7.608030064253e-01, 2.100149816888e-05, 1.0443e+00, 3.9442e-03, 
 2DIAGNOSTIC,    66, -7.608568175095e-01, 1.813823279803e-05, 1.0481e+00, 3.8719e-03, 
 2DIAGNOSTIC,    67, -7.610555776014e-01, 1.488535029398e-05, 1.0531e+00, 4.9150e-03, 
 2DIAGNOSTIC,    68, -7.614227560582e-01, 1.339429747777e-05, 1.0590e+00, 5.9090e-03, 
 2DIAGNOSTIC,    69, -7.613574301216e-01, 1.118343834310e-05, 1.0630e+00, 4.0619e-03, 
 2DIAGNOSTIC,    70, -7.612538750506e-01, 7.692785130287e-06, 1.0677e+00, 4.6442e-03, 
 2DIAGNOSTIC,    71, -7.612725211014e-01, 7.643983125544e-06, 1.0715e+00, 3.8519e-03, 
 2DIAGNOSTIC,    72, -7.615742022565e-01, 9.465410028889e-06, 1.0759e+00, 4.3380e-03, 
 2DIAGNOSTIC,    73, -7.620582117450e-01, 1.305338112685e-05, 1.0887e+00, 1.2810e-02, 
 2DIAGNOSTIC,    74, -7.620582086138e-01, 1.487552843830e-05, 1.0927e+00, 3.9802e-03, 
 2DIAGNOSTIC,    75, -7.620582156693e-01, 1.490982329150e-05, 1.0965e+00, 3.8719e-03, 
 2DIAGNOSTIC,    76, -7.620582275974e-01, 1.386688184365e-05, 1.1004e+00, 3.8490e-03, 
 2DIAGNOSTIC,    77, -7.620582477584e-01, 1.251581519051e-05, 1.1042e+00, 3.8419e-03, 
 2DIAGNOSTIC,    78, -7.620582813270e-01, 1.192845088321e-05, 1.1081e+00, 3.9220e-03, 
 2DIAGNOSTIC,    79, -7.620583379371e-01, 9.944116287589e-06, 1.1121e+00, 3.9761e-03, 
 2DIAGNOSTIC,    80, -7.620584339708e-01, 6.624339035567e-06, 1.1161e+00, 4.0240e-03, 
 2DIAGNOSTIC,    81, -7.620585959817e-01, 2.878129409235e-06, 1.1202e+00, 4.0481e-03, 
DIAGNOSTIC,Iteration,metricValue,convergenceValue,ITERATION_TIME_INDEX,SINCE_LAST
 2DIAGNOSTIC,     1, -6.045856589965e-01, 1.797693134862e+308, 1.8765e+00, 7.5635e-01, 
 2DIAGNOSTIC,     2, -6.054426053969e-01, 1.797693134862e+308, 1.9044e+00, 2.7903e-02, 
 2DIAGNOSTIC,     3, -6.067566196343e-01, 1.797693134862e+308, 1.9326e+00, 2.8186e-02, 
 2DIAGNOSTIC,     4, -6.082133613349e-01, 1.797693134862e+308, 1.9602e+00, 2.7618e-02, 
 2DIAGNOSTIC,     5, -6.093762854933e-01, 1.797693134862e+308, 1.9886e+00, 2.8330e-02, 
 2DIAGNOSTIC,     6, -6.105988359819e-01, 1.797693134862e+308, 2.0159e+00, 2.7311e-02, 
 2DIAGNOSTIC,     7, -6.122899527264e-01, 1.797693134862e+308, 2.0434e+00, 2.7503e-02, 
 2DIAGNOSTIC,     8, -6.139456303080e-01, 1.797693134862e+308, 2.0739e+00, 3.0466e-02, 
 2DIAGNOSTIC,     9, -6.149223655133e-01, 1.797693134862e+308, 2.1156e+00, 4.1729e-02, 
 2DIAGNOSTIC,    10, -6.151469121813e-01, 1.214106557492e-03, 2.1432e+00, 2.7583e-02, 
 2DIAGNOSTIC,    11, -6.164039380926e-01, 1.078113686558e-03, 2.1713e+00, 2.8132e-02, 
 2DIAGNOSTIC,    12, -6.183841402926e-01, 9.760858875139e-04, 2.1996e+00, 2.8328e-02, 
 2DIAGNOSTIC,    13, -6.192031383989e-01, 8.752424733833e-04, 2.2269e+00, 2.7284e-02, 
 2DIAGNOSTIC,    14, -6.201690456464e-01, 7.901797563192e-04, 2.2730e+00, 4.6081e-02, 
 2DIAGNOSTIC,    15, -6.206371345917e-01, 6.955480952635e-04, 2.3077e+00, 3.4664e-02, 
 2DIAGNOSTIC,    16, -6.206376081327e-01, 5.838699005613e-04, 2.3469e+00, 3.9258e-02, 
 2DIAGNOSTIC,    17, -6.206334198595e-01, 4.764653924120e-04, 2.3775e+00, 3.0623e-02, 
 2DIAGNOSTIC,    18, -6.206280564003e-01, 3.791541732484e-04, 2.4100e+00, 3.2496e-02, 
 2DIAGNOSTIC,    19, -6.206138378978e-01, 2.811455787784e-04, 2.4429e+00, 3.2898e-02, 
 2DIAGNOSTIC,    20, -6.206208402322e-01, 1.721901338710e-04, 2.4777e+00, 3.4730e-02, 
 2DIAGNOSTIC,    21, -6.206140358947e-01, 8.458630356990e-05, 2.5104e+00, 3.2770e-02, 
 2DIAGNOSTIC,    22, -6.206102713601e-01, 3.866048811264e-05, 2.5415e+00, 3.1055e-02, 
 2DIAGNOSTIC,    23, -6.206076060370e-01, 9.227760828089e-06, 2.5766e+00, 3.5076e-02, 
DIAGNOSTIC,Iteration,metricValue,convergenceValue,ITERATION_TIME_INDEX,SINCE_LAST
 2DIAGNOSTIC,     1, -5.336414552515e-01, 1.797693134862e+308, 3.7390e+00, 1.1624e+00, 
 2DIAGNOSTIC,     2, -5.337534948951e-01, 1.797693134862e+308, 3.9647e+00, 2.2571e-01, 
 2DIAGNOSTIC,     3, -5.338279918218e-01, 1.797693134862e+308, 4.1791e+00, 2.1444e-01, 
 2DIAGNOSTIC,     4, -5.339676934129e-01, 1.797693134862e+308, 4.4019e+00, 2.2276e-01, 
 2DIAGNOSTIC,     5, -5.342339806060e-01, 1.797693134862e+308, 4.6146e+00, 2.1267e-01, 
 2DIAGNOSTIC,     6, -5.346562560417e-01, 1.797693134862e+308, 4.8402e+00, 2.2566e-01, 
 2DIAGNOSTIC,     7, -5.350395157236e-01, 1.797693134862e+308, 5.1767e+00, 3.3652e-01, 
 2DIAGNOSTIC,     8, -5.351674632849e-01, 1.797693134862e+308, 5.4309e+00, 2.5415e-01, 
 2DIAGNOSTIC,     9, -5.351880157358e-01, 1.797693134862e+308, 5.6456e+00, 2.1471e-01, 
 2DIAGNOSTIC,    10, -5.352204775231e-01, 2.341166343079e-04, 5.8668e+00, 2.2117e-01, 
 2DIAGNOSTIC,    11, -5.353290456195e-01, 2.033835355149e-04, 6.1553e+00, 2.8857e-01, 
 2DIAGNOSTIC,    12, -5.356010226242e-01, 1.764986487709e-04, 6.4082e+00, 2.5282e-01, 
 2DIAGNOSTIC,    13, -5.357606450037e-01, 1.474869047793e-04, 6.6702e+00, 2.6204e-01, 
 2DIAGNOSTIC,    14, -5.359493250170e-01, 1.220403532122e-04, 6.9785e+00, 3.0826e-01, 
 2DIAGNOSTIC,    15, -5.359719032825e-01, 9.909941389095e-05, 7.2342e+00, 2.5572e-01, 
 2DIAGNOSTIC,    16, -5.360298188328e-01, 8.582284970453e-05, 7.5490e+00, 3.1481e-01, 
 2DIAGNOSTIC,    17, -5.360264074756e-01, 7.805154408148e-05, 7.8942e+00, 3.4520e-01, 
 2DIAGNOSTIC,    18, -5.360214761704e-01, 6.768891157864e-05, 8.1470e+00, 2.5281e-01, 
 2DIAGNOSTIC,    19, -5.360200383957e-01, 5.290096926786e-05, 8.4255e+00, 2.7853e-01, 
 2DIAGNOSTIC,    20, -5.360174569703e-01, 3.566486245538e-05, 8.6838e+00, 2.5829e-01, 
 2DIAGNOSTIC,    21, -5.360157772138e-01, 1.950395733284e-05, 8.9094e+00, 2.2557e-01, 
 2DIAGNOSTIC,    22, -5.360155022978e-01, 9.642514548866e-06, 9.1367e+00, 2.2734e-01, 
 2DIAGNOSTIC,    23, -5.360157461546e-01, 3.467880412104e-06, 9.3613e+00, 2.2454e-01, 
 2DIAGNOSTIC,    24, -5.360157886157e-01, 1.788349919464e-06, 9.6738e+00, 3.1258e-01, 
DIAGNOSTIC,Iteration,metricValue,convergenceValue,ITERATION_TIME_INDEX,SINCE_LAST
 2DIAGNOSTIC,     1, -4.895872472831e-01, 1.797693134862e+308, 1.2253e+01, 2.5788e+00, 
 2DIAGNOSTIC,     2, -4.895981410326e-01, 1.797693134862e+308, 1.4525e+01, 2.2727e+00, 
 2DIAGNOSTIC,     3, -4.895994017245e-01, 1.797693134862e+308, 1.6300e+01, 1.7742e+00, 
 2DIAGNOSTIC,     4, -4.895981158857e-01, 1.797693134862e+308, 1.8756e+01, 2.4568e+00, 
 2DIAGNOSTIC,     5, -4.895981251564e-01, 1.797693134862e+308, 2.0342e+01, 1.5851e+00, 
 2DIAGNOSTIC,     6, -4.895981841581e-01, 1.797693134862e+308, 2.1873e+01, 1.5316e+00, 
 2DIAGNOSTIC,     7, -4.895982971573e-01, 1.797693134862e+308, 2.3360e+01, 1.4871e+00, 
 2DIAGNOSTIC,     8, -4.895980819259e-01, 1.797693134862e+308, 2.4994e+01, 1.6334e+00, 
 2DIAGNOSTIC,     9, -4.895980820162e-01, 1.797693134862e+308, 2.6567e+01, 1.5735e+00, 
 2DIAGNOSTIC,    10, -4.895979864206e-01, 3.753082360017e-06, 2.7944e+01, 1.3769e+00, 
 2DIAGNOSTIC,    11, -4.895976821380e-01, 2.801024644755e-06, 2.9507e+01, 1.5627e+00, 
 2DIAGNOSTIC,    12, -4.895976827917e-01, 2.540609281551e-06, 3.1225e+01, 1.7184e+00, 
 2DIAGNOSTIC,    13, -4.895976824551e-01, 2.388093119657e-06, 3.2790e+01, 1.5645e+00, 
 2DIAGNOSTIC,    14, -4.895976514202e-01, 2.208043487439e-06, 3.4320e+01, 1.5300e+00, 
 2DIAGNOSTIC,    15, -4.895974232643e-01, 2.049374386276e-06, 3.5902e+01, 1.5825e+00, 
 2DIAGNOSTIC,    16, -4.895974774771e-01, 1.921394027160e-06, 3.7569e+01, 1.6664e+00, 
 2DIAGNOSTIC,    17, -4.895972970243e-01, 1.812342412852e-06, 3.9130e+01, 1.5611e+00, 
 2DIAGNOSTIC,    18, -4.895972298887e-01, 1.711610307369e-06, 4.0678e+01, 1.5485e+00, 
 2DIAGNOSTIC,    19, -4.895972594120e-01, 1.627572846795e-06, 4.2198e+01, 1.5200e+00, 
 2DIAGNOSTIC,    20, -4.895971350147e-01, 1.550116588908e-06, 4.3850e+01, 1.6514e+00, 
 2DIAGNOSTIC,    21, -4.895969735233e-01, 1.471004199019e-06, 4.5619e+01, 1.7699e+00, 
 2DIAGNOSTIC,    22, -4.895968896297e-01, 1.401041569274e-06, 4.7143e+01, 1.5240e+00, 
 2DIAGNOSTIC,    23, -4.895965792602e-01, 1.333497126353e-06, 4.8687e+01, 1.5431e+00, 
 2DIAGNOSTIC,    24, -4.895966341045e-01, 1.277036100936e-06, 5.0449e+01, 1.7622e+00, 
 2DIAGNOSTIC,    25, -4.895966694054e-01, 1.224949709222e-06, 5.2186e+01, 1.7368e+00, 
 2DIAGNOSTIC,    26, -4.895965883533e-01, 1.180799040268e-06, 5.3769e+01, 1.5830e+00, 
 2DIAGNOSTIC,    27, -4.895965139722e-01, 1.138610262907e-06, 5.5118e+01, 1.3491e+00, 
 2DIAGNOSTIC,    28, -4.895964681912e-01, 1.100866193107e-06, 5.6642e+01, 1.5241e+00, 
 2DIAGNOSTIC,    29, -4.895967460621e-01, 1.075191607025e-06, 5.8175e+01, 1.5334e+00, 
 2DIAGNOSTIC,    30, -4.895966630161e-01, 1.049041269678e-06, 5.9779e+01, 1.6041e+00, 
 2DIAGNOSTIC,    31, -4.895965861503e-01, 1.021296510223e-06, 6.1305e+01, 1.5260e+00, 
  Elapsed time (stage 0): 6.2216e+01


Total elapsed time: 6.2219e+01
Info [verificarlo]: loaded backend libinterflop_vprec.so
Info [interflop-vprec]: load backend with: 
Info [interflop-vprec]: precision-binary32 = 20
Info [interflop-vprec]: range-binary32 = 8
Info [interflop-vprec]: precision-binary64 = 20
Info [interflop-vprec]: range-binary64 = 8
Info [interflop-vprec]: mode = ob
Info [interflop-vprec]: error-mode = rel
Info [interflop-vprec]: max-abs-error-exponent = -1022
Info [interflop-vprec]: daz = false
Info [interflop-vprec]: ftz = false
Info [interflop-vprec]: 	instrument = none
Info [interflop-vprec]: 	prec-input-file = (null)
Info [interflop-vprec]: 	prec-output-file = (null)
Info [interflop-vprec]: 	prec-log-file = (null)
All_Command_lines_OK
Using double precision for computations.
=============================================================================
The composite transform comprises the following transforms (in order): 
  1. /home/mdugre/scratch/mri-registration-rp/datasets/ds004513/derivatives/mri-registration-rp/0011/antsRegistration-r8-p20/sub-s025/rigid_Composite.h5[0] (type = Euler3DTransform)
  2. /home/mdugre/scratch/mri-registration-rp/datasets/ds004513/derivatives/mri-registration-rp/0011/antsRegistration-r8-p20/sub-s025/rigid_Composite.h5[1] (type = Euler3DTransform)
  3. /home/mdugre/scratch/mri-registration-rp/datasets/ds004513/derivatives/mri-registration-rp/0011/antsRegistration-r8-p20/sub-s025/rigid_Composite.h5[2] (type = Euler3DTransform)
=============================================================================
  number of levels = 4
  fixed image: /templateflow/tpl-MNI152NLin2009cAsym/tpl-MNI152NLin2009cAsym_res-01_desc-brain_T1w.nii.gz
  moving image: /home/mdugre/scratch/mri-registration-rp/datasets/ds004513/derivatives/mri-registration-rp/antsBrainExtraction/sub-s025/BrainExtractionBrain.nii.gz
Dimension = 3
Number of stages = 1
Use histogram matching = false
Winsorize image intensities = true
  Lower quantile = 0.005
  Upper quantile = 0.995


Stage 1 State
   Image metric = MattesMI
     Fixed image = Image (0x4720490)
  RTTI typeinfo:   itk::Image<double, 3u>
  Reference Count: 2
  Modified Time: 1594
  Debug: Off
  Object Name: 
  Observers: 
    none
  Source: (none)
  Source output name: (none)
  Release Data: Off
  Data Released: False
  Global Release Data: Off
  PipelineMTime: 0
  UpdateMTime: 1203
  RealTimeStamp: 0 seconds 
  LargestPossibleRegion: 
    Dimension: 3
    Index: [0, 0, 0]
    Size: [193, 229, 193]
  BufferedRegion: 
    Dimension: 3
    Index: [0, 0, 0]
    Size: [193, 229, 193]
  RequestedRegion: 
    Dimension: 3
    Index: [0, 0, 0]
    Size: [193, 229, 193]
  Spacing: [1, 1, 1]
  Origin: [96, 132, -78]
  Direction: 
-1 0 0
0 -1 0
0 0 1

  IndexToPointMatrix: 
-1 0 0
0 -1 0
0 0 1

  PointToIndexMatrix: 
-1 0 0
0 -1 0
0 0 1

  Inverse Direction: 
-1 0 0
0 -1 0
0 0 1

  PixelContainer: 
    ImportImageContainer (0x47eb8c0)
      RTTI typeinfo:   itk::ImportImageContainer<unsigned long, double>
      Reference Count: 1
      Modified Time: 1200
      Debug: Off
      Object Name: 
      Observers: 
        none
      Pointer: 0x14ce4d6e6010
      Container manages memory: true
      Size: 8530021
      Capacity: 8530021

     Moving image = Image (0x47dbb60)
  RTTI typeinfo:   itk::Image<double, 3u>
  Reference Count: 2
  Modified Time: 1595
  Debug: Off
  Object Name: 
  Observers: 
    none
  Source: (none)
  Source output name: (none)
  Release Data: Off
  Data Released: False
  Global Release Data: Off
  PipelineMTime: 0
  UpdateMTime: 1592
  RealTimeStamp: 0 seconds 
  LargestPossibleRegion: 
    Dimension: 3
    Index: [0, 0, 0]
    Size: [176, 240, 256]
  BufferedRegion: 
    Dimension: 3
    Index: [0, 0, 0]
    Size: [176, 240, 256]
  RequestedRegion: 
    Dimension: 3
    Index: [0, 0, 0]
    Size: [176, 240, 256]
  Spacing: [0.999999, 1, 1]
  Origin: [90.3777, 84.5091, -154.071]
  Direction: 
-0.999391 7.48185e-06 -0.0348969
-7.47664e-06 -1 -2.7953e-07
-0.0348969 -1.84481e-08 0.999391

  IndexToPointMatrix: 
-0.999389 7.48185e-06 -0.0348969
-7.47663e-06 -1 -2.7953e-07
-0.0348968 -1.84481e-08 0.999391

  PointToIndexMatrix: 
-0.999393 -7.47666e-06 -0.0348969
7.47664e-06 -1 1.30443e-07
-0.0348969 -1.30502e-07 0.999391

  Inverse Direction: 
-0.999391 -7.47664e-06 -0.0348969
7.47664e-06 -1 1.30495e-07
-0.0348969 -1.30495e-07 0.999391

  PixelContainer: 
    ImportImageContainer (0x486f1d0)
      RTTI typeinfo:   itk::ImportImageContainer<unsigned long, double>
      Reference Count: 1
      Modified Time: 1589
      Debug: Off
      Object Name: 
      Observers: 
        none
      Pointer: 0x14ce48465010
      Container manages memory: true
      Size: 10813440
      Capacity: 10813440

     Weighting = 1
     Sampling strategy = regular
     Number of bins = 32
     Radius = 4
     Sampling percentage  = 0.25
   Transform = Affine
     Gradient step = 0.1
     Update field sigma (voxel space) = 0
     Total field sigma (voxel space) = 0
     Update field time sigma = 0
     Total field time sigma  = 0
     Number of time indices = 0
     Number of time point samples = 0
Registration using 1 total stages.

Stage 0
  iterations = 1000x500x250x100
  convergence threshold = 1e-06
  convergence window size = 10
  number of levels = 4
  using the Mattes MI metric (number of bins = 32, weight = 1, use gradient filter = 0)
  preprocessing:  winsorizing the image intensities
  Shrink factors (level 1 out of 4): [8, 8, 8]
  Shrink factors (level 2 out of 4): [4, 4, 4]
  Shrink factors (level 3 out of 4): [2, 2, 2]
  Shrink factors (level 4 out of 4): [1, 1, 1]
  smoothing sigmas per level: [3, 2, 1, 0]
  regular sampling (percentage = 0.25)

*** Running AffineTransform registration ***

DIAGNOSTIC,Iteration,metricValue,convergenceValue,ITERATION_TIME_INDEX,SINCE_LAST
 2DIAGNOSTIC,     1, -7.484249853194e-01, 1.797693134862e+308, 0.0000e+00, 0.0000e+00, 
 2DIAGNOSTIC,     2, -7.506773853526e-01, 1.797693134862e+308, 0.0000e+00, 0.0000e+00, 
 2DIAGNOSTIC,     3, -7.541925294840e-01, 1.797693134862e+308, 0.0000e+00, 0.0000e+00, 
 2DIAGNOSTIC,     4, -7.609688104834e-01, 1.797693134862e+308, 0.0000e+00, 0.0000e+00, 
 2DIAGNOSTIC,     5, -7.730515839522e-01, 1.797693134862e+308, 0.0000e+00, 0.0000e+00, 
 2DIAGNOSTIC,     6, -7.879304935169e-01, 1.797693134862e+308, 0.0000e+00, 0.0000e+00, 
 2DIAGNOSTIC,     7, -8.233972710652e-01, 1.797693134862e+308, 0.0000e+00, 0.0000e+00, 
 2DIAGNOSTIC,     8, -8.850340532112e-01, 1.797693134862e+308, 0.0000e+00, 0.0000e+00, 
 2DIAGNOSTIC,     9, -9.180641400092e-01, 1.797693134862e+308, 0.0000e+00, 0.0000e+00, 
 2DIAGNOSTIC,    10, -9.258762778233e-01, 1.563936479836e-02, 0.0000e+00, 0.0000e+00, 
 2DIAGNOSTIC,    11, -9.309293529519e-01, 1.564873341220e-02, 0.0000e+00, 0.0000e+00, 
 2DIAGNOSTIC,    12, -9.339228779653e-01, 1.440726319511e-02, 0.0000e+00, 0.0000e+00, 
 2DIAGNOSTIC,    13, -9.362877581769e-01, 1.221376223408e-02, 0.0000e+00, 0.0000e+00, 
 2DIAGNOSTIC,    14, -9.376235658691e-01, 9.450992089731e-03, 0.0000e+00, 0.0000e+00, 
 2DIAGNOSTIC,    15, -9.382564753474e-01, 6.535350045199e-03, 0.0000e+00, 0.0000e+00, 
 2DIAGNOSTIC,    16, -9.384085845800e-01, 3.736857029015e-03, 0.0000e+00, 0.0000e+00, 
 2DIAGNOSTIC,    17, -9.386891823707e-01, 1.621058558701e-03, 0.0000e+00, 0.0000e+00, 
 2DIAGNOSTIC,    18, -9.385598365544e-01, 7.148559421169e-04, 0.0000e+00, 0.0000e+00, 
 2DIAGNOSTIC,    19, -9.384659221638e-01, 4.085264985125e-04, 0.0000e+00, 0.0000e+00, 
 2DIAGNOSTIC,    20, -9.383670172220e-01, 2.213830562163e-04, 0.0000e+00, 0.0000e+00, 
 2DIAGNOSTIC,    21, -9.383088398612e-01, 1.092540245941e-04, 0.0000e+00, 0.0000e+00, 
 2DIAGNOSTIC,    22, -9.382346240972e-01, 4.010053536723e-05, 0.0000e+00, 0.0000e+00, 
 2DIAGNOSTIC,    23, -9.382130002829e-01, 6.149203130357e-06, 0.0000e+00, 0.0000e+00, 
DIAGNOSTIC,Iteration,metricValue,convergenceValue,ITERATION_TIME_INDEX,SINCE_LAST
 2DIAGNOSTIC,     1, -7.510149993627e-01, 1.797693134862e+308, 0.0000e+00, 0.0000e+00, 
 2DIAGNOSTIC,     2, -7.512969937946e-01, 1.797693134862e+308, 0.0000e+00, 0.0000e+00, 
 2DIAGNOSTIC,     3, -7.516624898965e-01, 1.797693134862e+308, 0.0000e+00, 0.0000e+00, 
 2DIAGNOSTIC,     4, -7.521962127203e-01, 1.797693134862e+308, 0.0000e+00, 0.0000e+00, 
 2DIAGNOSTIC,     5, -7.531096947007e-01, 1.797693134862e+308, 0.0000e+00, 0.0000e+00, 
 2DIAGNOSTIC,     6, -7.540358496817e-01, 1.797693134862e+308, 0.0000e+00, 0.0000e+00, 
 2DIAGNOSTIC,     7, -7.540737336267e-01, 1.797693134862e+308, 0.0000e+00, 0.0000e+00, 
 2DIAGNOSTIC,     8, -7.540406912063e-01, 1.797693134862e+308, 0.0000e+00, 0.0000e+00, 
 2DIAGNOSTIC,     9, -7.540552545601e-01, 1.797693134862e+308, 0.0000e+00, 0.0000e+00, 
 2DIAGNOSTIC,    10, -7.540492604029e-01, 3.105563173487e-04, 0.0000e+00, 0.0000e+00, 
 2DIAGNOSTIC,    11, -7.540323115444e-01, 2.281941272817e-04, 0.0000e+00, 0.0000e+00, 
 2DIAGNOSTIC,    12, -7.540496413849e-01, 1.490251526053e-04, 0.0000e+00, 0.0000e+00, 
 2DIAGNOSTIC,    13, -7.540579816287e-01, 7.998693383793e-05, 0.0000e+00, 0.0000e+00, 
 2DIAGNOSTIC,    14, -7.540275163338e-01, 2.694338140641e-05, 0.0000e+00, 0.0000e+00, 
 2DIAGNOSTIC,    15, -7.540362154229e-01, 1.285854741961e-06, 0.0000e+00, 0.0000e+00, 
DIAGNOSTIC,Iteration,metricValue,convergenceValue,ITERATION_TIME_INDEX,SINCE_LAST
 2DIAGNOSTIC,     1, -6.412997405084e-01, 1.797693134862e+308, 0.0000e+00, 0.0000e+00, 
 2DIAGNOSTIC,     2, -6.417278379732e-01, 1.797693134862e+308, 0.0000e+00, 0.0000e+00, 
 2DIAGNOSTIC,     3, -6.422495911679e-01, 1.797693134862e+308, 0.0000e+00, 0.0000e+00, 
 2DIAGNOSTIC,     4, -6.428504148397e-01, 1.797693134862e+308, 0.0000e+00, 0.0000e+00, 
 2DIAGNOSTIC,     5, -6.437881264109e-01, 1.797693134862e+308, 0.0000e+00, 0.0000e+00, 
 2DIAGNOSTIC,     6, -6.451646773670e-01, 1.797693134862e+308, 0.0000e+00, 0.0000e+00, 
 2DIAGNOSTIC,     7, -6.452274556571e-01, 1.797693134862e+308, 0.0000e+00, 0.0000e+00, 
 2DIAGNOSTIC,     8, -6.452261626661e-01, 1.797693134862e+308, 0.0000e+00, 0.0000e+00, 
 2DIAGNOSTIC,     9, -6.452254440295e-01, 1.797693134862e+308, 0.0000e+00, 0.0000e+00, 
 2DIAGNOSTIC,    10, -6.452246626188e-01, 4.626314747500e-04, 0.0000e+00, 0.0000e+00, 
 2DIAGNOSTIC,    11, -6.452224310884e-01, 3.416609366627e-04, 0.0000e+00, 0.0000e+00, 
 2DIAGNOSTIC,    12, -6.452232075407e-01, 2.263422669651e-04, 0.0000e+00, 0.0000e+00, 
 2DIAGNOSTIC,    13, -6.452222615099e-01, 1.268295849068e-04, 0.0000e+00, 0.0000e+00, 
 2DIAGNOSTIC,    14, -6.452188973955e-01, 4.879588342099e-05, 0.0000e+00, 0.0000e+00, 
 2DIAGNOSTIC,    15, -6.452203615788e-01, 3.419713952693e-06, 0.0000e+00, 0.0000e+00, 
 2DIAGNOSTIC,    16, -6.452202549393e-01, 1.498817488593e-06, 0.0000e+00, 0.0000e+00, 
 2DIAGNOSTIC,    17, -6.452232719121e-01, 1.556038130401e-06, 0.0000e+00, 0.0000e+00, 
 2DIAGNOSTIC,    18, -6.452231629524e-01, 1.600353068093e-06, 0.0000e+00, 0.0000e+00, 
 2DIAGNOSTIC,    19, -6.452211598060e-01, 1.594847442020e-06, 0.0000e+00, 0.0000e+00, 
 2DIAGNOSTIC,    20, -6.452203705364e-01, 1.566177248079e-06, 0.0000e+00, 0.0000e+00, 
 2DIAGNOSTIC,    21, -6.452189692172e-01, 1.464163798516e-06, 0.0000e+00, 0.0000e+00, 
 2DIAGNOSTIC,    22, -6.452182687191e-01, 1.377011954289e-06, 0.0000e+00, 0.0000e+00, 
 2DIAGNOSTIC,    23, -6.452175034428e-01, 1.273170858657e-06, 0.0000e+00, 0.0000e+00, 
 2DIAGNOSTIC,    24, -6.452179605494e-01, 1.135646674928e-06, 0.0000e+00, 0.0000e+00, 
 2DIAGNOSTIC,    25, -6.452169789531e-01, 1.036125272712e-06, 0.0000e+00, 0.0000e+00, 
DIAGNOSTIC,Iteration,metricValue,convergenceValue,ITERATION_TIME_INDEX,SINCE_LAST
 2DIAGNOSTIC,     1, -5.765650350327e-01, 1.797693134862e+308, 0.0000e+00, 0.0000e+00, 
 2DIAGNOSTIC,     2, -5.769802477789e-01, 1.797693134862e+308, 0.0000e+00, 0.0000e+00, 
 2DIAGNOSTIC,     3, -5.774733555577e-01, 1.797693134862e+308, 0.0000e+00, 0.0000e+00, 
 2DIAGNOSTIC,     4, -5.780256464934e-01, 1.797693134862e+308, 0.0000e+00, 0.0000e+00, 
 2DIAGNOSTIC,     5, -5.787354338903e-01, 1.797693134862e+308, 0.0000e+00, 0.0000e+00, 
 2DIAGNOSTIC,     6, -5.796743897100e-01, 1.797693134862e+308, 0.0000e+00, 0.0000e+00, 
 2DIAGNOSTIC,     7, -5.796733627287e-01, 1.797693134862e+308, 0.0000e+00, 0.0000e+00, 
 2DIAGNOSTIC,     8, -5.796736385626e-01, 1.797693134862e+308, 0.0000e+00, 0.0000e+00, 
 2DIAGNOSTIC,     9, -5.796733981062e-01, 1.797693134862e+308, 0.0000e+00, 0.0000e+00, 
 2DIAGNOSTIC,    10, -5.796734093109e-01, 3.927147876532e-04, 0.0000e+00, 0.0000e+00, 
 2DIAGNOSTIC,    11, -5.796734460504e-01, 2.801433300710e-04, 0.0000e+00, 0.0000e+00, 
 2DIAGNOSTIC,    12, -5.796730949162e-01, 1.785065242273e-04, 0.0000e+00, 0.0000e+00, 
 2DIAGNOSTIC,    13, -5.796732136313e-01, 9.558422216531e-05, 0.0000e+00, 0.0000e+00, 
 2DIAGNOSTIC,    14, -5.796732307770e-01, 3.511521068744e-05, 0.0000e+00, 0.0000e+00, 
 2DIAGNOSTIC,    15, -5.796732294083e-01, 2.067587315455e-06, 0.0000e+00, 0.0000e+00, 
 2DIAGNOSTIC,    16, -5.796732358402e-01, 1.967612753298e-06, 0.0000e+00, 0.0000e+00, 
 2DIAGNOSTIC,    17, -5.796731586764e-01, 1.849504801435e-06, 0.0000e+00, 0.0000e+00, 
 2DIAGNOSTIC,    18, -5.796731617620e-01, 1.754598214693e-06, 0.0000e+00, 0.0000e+00, 
 2DIAGNOSTIC,    19, -5.796731819714e-01, 1.665172734838e-06, 0.0000e+00, 0.0000e+00, 
 2DIAGNOSTIC,    20, -5.796731909258e-01, 1.586074477956e-06, 0.0000e+00, 0.0000e+00, 
 2DIAGNOSTIC,    21, -5.796732739472e-01, 1.518162029222e-06, 0.0000e+00, 0.0000e+00, 
 2DIAGNOSTIC,    22, -5.796732877149e-01, 1.448641089905e-06, 0.0000e+00, 0.0000e+00, 
 2DIAGNOSTIC,    23, -5.796732877374e-01, 1.387588829255e-06, 0.0000e+00, 0.0000e+00, 
 2DIAGNOSTIC,    24, -5.796732808318e-01, 1.331531248393e-06, 0.0000e+00, 0.0000e+00, 
 2DIAGNOSTIC,    25, -5.796732773508e-01, 1.279380109416e-06, 0.0000e+00, 0.0000e+00, 
 2DIAGNOSTIC,    26, -5.796732757613e-01, 1.230802458806e-06, 0.0000e+00, 0.0000e+00, 
 2DIAGNOSTIC,    27, -5.796731384446e-01, 1.181326578607e-06, 0.0000e+00, 0.0000e+00, 
 2DIAGNOSTIC,    28, -5.796731746078e-01, 1.135947145368e-06, 0.0000e+00, 0.0000e+00, 
 2DIAGNOSTIC,    29, -5.796732982079e-01, 1.096200566493e-06, 0.0000e+00, 0.0000e+00, 
 2DIAGNOSTIC,    30, -5.796733139542e-01, 1.059532037613e-06, 0.0000e+00, 0.0000e+00, 
 2DIAGNOSTIC,    31, -5.796733464194e-01, 1.027234896728e-06, 0.0000e+00, 0.0000e+00, 
  Elapsed time (stage 0): 0.0000e+00


Total elapsed time: 0.0000e+00
Info [verificarlo]: loaded backend libinterflop_vprec.so
Info [interflop-vprec]: load backend with: 
Info [interflop-vprec]: precision-binary32 = 20
