
##########################
# Experiment information #
##########################

EXPERIMENT_NAME: antsRegistration-r8-p22
VFC_BACKENDS: libinterflop_vprec.so --range-binary32=8 --precision-binary32=22 --range-binary64=8 --precision-binary64=22

SIF_IMG: /home/mdugre/projects/rrg-glatard/mdugre/containers/ants-vprec-no_metrics.simg

SUBJECT_ID: s037
INPUT_IMG: /home/mdugre/scratch/mri-registration-rp/datasets/ds004513/derivatives/mri-registration-rp/antsBrainExtraction/sub-s037/BrainExtractionBrain.nii.gz
OUTPUT_DIR: /home/mdugre/scratch/mri-registration-rp/datasets/ds004513/derivatives/mri-registration-rp/0011/antsRegistration-r8-p22/sub-s037

FIXED_IMG: /templateflow/tpl-MNI152NLin2009cAsym/tpl-MNI152NLin2009cAsym_res-01_desc-brain_T1w.nii.gz
DATA_DIR: /home/mdugre/scratch/mri-registration-rp/datasets/ds004513
TEMPLATEFLOW_DIR: /home/mdugre/projects/rrg-glatard/mdugre/templateflow
ITK_GLOBAL_DEFAULT_NUMBER_OF_THREADS: 16
##########################

Info [verificarlo]: loaded backend libinterflop_ieee.so
Info [interflop-ieee]: load backend with:
Info [interflop-ieee]: debug = false
Info [interflop-ieee]: debug-binary = false
Info [interflop-ieee]: no-backend-name = false
Info [interflop-ieee]: print-new-line = false
Info [interflop-ieee]: print-subnormal-normalized = false
Info [interflop-ieee]: count-op = false
All_Command_lines_OK
Using double precision for computations.
=============================================================================
The composite transform comprises the following transforms (in order): 
  1. Center of mass alignment using fixed image: /templateflow/tpl-MNI152NLin2009cAsym/tpl-MNI152NLin2009cAsym_res-01_desc-brain_T1w.nii.gz and moving image: /home/mdugre/scratch/mri-registration-rp/datasets/ds004513/derivatives/mri-registration-rp/antsBrainExtraction/sub-s037/BrainExtractionBrain.nii.gz (type = Euler3DTransform)
=============================================================================
  number of levels = 1
  fixed image: /templateflow/tpl-MNI152NLin2009cAsym/tpl-MNI152NLin2009cAsym_res-01_desc-brain_T1w.nii.gz
  moving image: /home/mdugre/scratch/mri-registration-rp/datasets/ds004513/derivatives/mri-registration-rp/antsBrainExtraction/sub-s037/BrainExtractionBrain.nii.gz
Dimension = 3
Number of stages = 1
Use histogram matching = false
Winsorize image intensities = true
  Lower quantile = 0.005
  Upper quantile = 0.995


Stage 1 State
   Image metric = MattesMI
     Fixed image = Image (0x3b64e70)
  RTTI typeinfo:   itk::Image<double, 3u>
  Reference Count: 2
  Modified Time: 2330
  Debug: Off
  Object Name: 
  Observers: 
    none
  Source: (none)
  Source output name: (none)
  Release Data: Off
  Data Released: False
  Global Release Data: Off
  PipelineMTime: 0
  UpdateMTime: 1941
  RealTimeStamp: 0 seconds 
  LargestPossibleRegion: 
    Dimension: 3
    Index: [0, 0, 0]
    Size: [193, 229, 193]
  BufferedRegion: 
    Dimension: 3
    Index: [0, 0, 0]
    Size: [193, 229, 193]
  RequestedRegion: 
    Dimension: 3
    Index: [0, 0, 0]
    Size: [193, 229, 193]
  Spacing: [1, 1, 1]
  Origin: [96, 132, -78]
  Direction: 
-1 0 0
0 -1 0
0 0 1

  IndexToPointMatrix: 
-1 0 0
0 -1 0
0 0 1

  PointToIndexMatrix: 
-1 0 0
0 -1 0
0 0 1

  Inverse Direction: 
-1 0 0
0 -1 0
0 0 1

  PixelContainer: 
    ImportImageContainer (0x3b6dc60)
      RTTI typeinfo:   itk::ImportImageContainer<unsigned long, double>
      Reference Count: 1
      Modified Time: 1938
      Debug: Off
      Object Name: 
      Observers: 
        none
      Pointer: 0x1536b55f3010
      Container manages memory: true
      Size: 8530021
      Capacity: 8530021

     Moving image = Image (0x3c01ec0)
  RTTI typeinfo:   itk::Image<double, 3u>
  Reference Count: 2
  Modified Time: 2331
  Debug: Off
  Object Name: 
  Observers: 
    none
  Source: (none)
  Source output name: (none)
  Release Data: Off
  Data Released: False
  Global Release Data: Off
  PipelineMTime: 0
  UpdateMTime: 2328
  RealTimeStamp: 0 seconds 
  LargestPossibleRegion: 
    Dimension: 3
    Index: [0, 0, 0]
    Size: [160, 240, 256]
  BufferedRegion: 
    Dimension: 3
    Index: [0, 0, 0]
    Size: [160, 240, 256]
  RequestedRegion: 
    Dimension: 3
    Index: [0, 0, 0]
    Size: [160, 240, 256]
  Spacing: [1, 1, 1]
  Origin: [87.9508, 102.562, -147.639]
  Direction: 
-0.998659 -0.0436121 -0.0279129
0.043595 -0.999049 0.00121847
-0.0279395 -2.65543e-08 0.99961

  IndexToPointMatrix: 
-0.998659 -0.0436121 -0.0279129
0.043595 -0.999049 0.00121847
-0.0279395 -2.65543e-08 0.99961

  PointToIndexMatrix: 
-0.998659 0.043595 -0.0279395
-0.0436121 -0.999049 -2.65517e-08
-0.0279129 0.00121847 0.99961

  Inverse Direction: 
-0.998659 0.043595 -0.0279395
-0.0436121 -0.999049 -2.65517e-08
-0.0279129 0.00121847 0.99961

  PixelContainer: 
    ImportImageContainer (0x3c99610)
      RTTI typeinfo:   itk::ImportImageContainer<unsigned long, double>
      Reference Count: 1
      Modified Time: 2325
      Debug: Off
      Object Name: 
      Observers: 
        none
      Pointer: 0x1536b0af2010
      Container manages memory: true
      Size: 9830400
      Capacity: 9830400

     Weighting = 1
     Sampling strategy = regular
     Number of bins = 32
     Radius = 4
     Sampling percentage  = 0.25
   Transform = Rigid
     Gradient step = 0.1
     Update field sigma (voxel space) = 0
     Total field sigma (voxel space) = 0
     Update field time sigma = 0
     Total field time sigma  = 0
     Number of time indices = 0
     Number of time point samples = 0
Registration using 1 total stages.

Stage 0
  iterations = 0
  convergence threshold = 1e-06
  convergence window size = 10
  number of levels = 1
  using the Mattes MI metric (number of bins = 32, weight = 1, use gradient filter = 0)
  preprocessing:  winsorizing the image intensities
  Shrink factors (level 1 out of 1): [1, 1, 1]
  smoothing sigmas per level: [0]
  regular sampling (percentage = 0.25)

*** Running Euler3DTransform registration ***

  Elapsed time (stage 0): 1.08366


Total elapsed time: 1.08574
Info [verificarlo]: loaded backend libinterflop_ieee.so
Info [interflop-ieee]: load backend with:
Info [interflop-ieee]: debug = false
Info [interflop-ieee]: debug-binary = false
Info [interflop-ieee]: no-backend-name = false
Info [interflop-ieee]: print-new-line = false
Info [interflop-ieee]: print-subnormal-normalized = false
Info [interflop-ieee]: count-op = false
All_Command_lines_OK
Using double precision for computations.
=============================================================================
The composite transform comprises the following transforms (in order): 
  1. /home/mdugre/scratch/mri-registration-rp/datasets/ds004513/derivatives/mri-registration-rp/0011/antsRegistration-r8-p22/sub-s037/align_Composite.h5[0] (type = Euler3DTransform)
  2. /home/mdugre/scratch/mri-registration-rp/datasets/ds004513/derivatives/mri-registration-rp/0011/antsRegistration-r8-p22/sub-s037/align_Composite.h5[1] (type = Euler3DTransform)
=============================================================================
  number of levels = 4
  fixed image: /templateflow/tpl-MNI152NLin2009cAsym/tpl-MNI152NLin2009cAsym_res-01_desc-brain_T1w.nii.gz
  moving image: /home/mdugre/scratch/mri-registration-rp/datasets/ds004513/derivatives/mri-registration-rp/antsBrainExtraction/sub-s037/BrainExtractionBrain.nii.gz
Dimension = 3
Number of stages = 1
Use histogram matching = false
Winsorize image intensities = true
  Lower quantile = 0.005
  Upper quantile = 0.995


Stage 1 State
   Image metric = MattesMI
     Fixed image = Image (0x4d0b530)
  RTTI typeinfo:   itk::Image<double, 3u>
  Reference Count: 2
  Modified Time: 1578
  Debug: Off
  Object Name: 
  Observers: 
    none
  Source: (none)
  Source output name: (none)
  Release Data: Off
  Data Released: False
  Global Release Data: Off
  PipelineMTime: 0
  UpdateMTime: 1189
  RealTimeStamp: 0 seconds 
  LargestPossibleRegion: 
    Dimension: 3
    Index: [0, 0, 0]
    Size: [193, 229, 193]
  BufferedRegion: 
    Dimension: 3
    Index: [0, 0, 0]
    Size: [193, 229, 193]
  RequestedRegion: 
    Dimension: 3
    Index: [0, 0, 0]
    Size: [193, 229, 193]
  Spacing: [1, 1, 1]
  Origin: [96, 132, -78]
  Direction: 
-1 0 0
0 -1 0
0 0 1

  IndexToPointMatrix: 
-1 0 0
0 -1 0
0 0 1

  PointToIndexMatrix: 
-1 0 0
0 -1 0
0 0 1

  Inverse Direction: 
-1 0 0
0 -1 0
0 0 1

  PixelContainer: 
    ImportImageContainer (0x4dc9d60)
      RTTI typeinfo:   itk::ImportImageContainer<unsigned long, double>
      Reference Count: 1
      Modified Time: 1186
      Debug: Off
      Object Name: 
      Observers: 
        none
      Pointer: 0x146882b2e010
      Container manages memory: true
      Size: 8530021
      Capacity: 8530021

     Moving image = Image (0x4dbbf60)
  RTTI typeinfo:   itk::Image<double, 3u>
  Reference Count: 2
  Modified Time: 1579
  Debug: Off
  Object Name: 
  Observers: 
    none
  Source: (none)
  Source output name: (none)
  Release Data: Off
  Data Released: False
  Global Release Data: Off
  PipelineMTime: 0
  UpdateMTime: 1576
  RealTimeStamp: 0 seconds 
  LargestPossibleRegion: 
    Dimension: 3
    Index: [0, 0, 0]
    Size: [160, 240, 256]
  BufferedRegion: 
    Dimension: 3
    Index: [0, 0, 0]
    Size: [160, 240, 256]
  RequestedRegion: 
    Dimension: 3
    Index: [0, 0, 0]
    Size: [160, 240, 256]
  Spacing: [1, 1, 1]
  Origin: [87.9508, 102.562, -147.639]
  Direction: 
-0.998659 -0.0436121 -0.0279129
0.043595 -0.999049 0.00121847
-0.0279395 -2.65543e-08 0.99961

  IndexToPointMatrix: 
-0.998659 -0.0436121 -0.0279129
0.043595 -0.999049 0.00121847
-0.0279395 -2.65543e-08 0.99961

  PointToIndexMatrix: 
-0.998659 0.043595 -0.0279395
-0.0436121 -0.999049 -2.65517e-08
-0.0279129 0.00121847 0.99961

  Inverse Direction: 
-0.998659 0.043595 -0.0279395
-0.0436121 -0.999049 -2.65517e-08
-0.0279129 0.00121847 0.99961

  PixelContainer: 
    ImportImageContainer (0x4dad6d0)
      RTTI typeinfo:   itk::ImportImageContainer<unsigned long, double>
      Reference Count: 1
      Modified Time: 1573
      Debug: Off
      Object Name: 
      Observers: 
        none
      Pointer: 0x14687e02d010
      Container manages memory: true
      Size: 9830400
      Capacity: 9830400

     Weighting = 1
     Sampling strategy = regular
     Number of bins = 32
     Radius = 4
     Sampling percentage  = 0.25
   Transform = Rigid
     Gradient step = 0.1
     Update field sigma (voxel space) = 0
     Total field sigma (voxel space) = 0
     Update field time sigma = 0
     Total field time sigma  = 0
     Number of time indices = 0
     Number of time point samples = 0
Registration using 1 total stages.

Stage 0
  iterations = 1000x500x250x100
  convergence threshold = 1e-06
  convergence window size = 10
  number of levels = 4
  using the Mattes MI metric (number of bins = 32, weight = 1, use gradient filter = 0)
  preprocessing:  winsorizing the image intensities
  Shrink factors (level 1 out of 4): [8, 8, 8]
  Shrink factors (level 2 out of 4): [4, 4, 4]
  Shrink factors (level 3 out of 4): [2, 2, 2]
  Shrink factors (level 4 out of 4): [1, 1, 1]
  smoothing sigmas per level: [3, 2, 1, 0]
  regular sampling (percentage = 0.25)

*** Running Euler3DTransform registration ***

DIAGNOSTIC,Iteration,metricValue,convergenceValue,ITERATION_TIME_INDEX,SINCE_LAST
 2DIAGNOSTIC,     1, -4.299060189477e-01, 1.797693134862e+308, 6.9321e-01, 6.9321e-01, 
 2DIAGNOSTIC,     2, -4.311703807429e-01, 1.797693134862e+308, 6.9714e-01, 3.9232e-03, 
 2DIAGNOSTIC,     3, -4.334997061176e-01, 1.797693134862e+308, 7.0126e-01, 4.1218e-03, 
 2DIAGNOSTIC,     4, -4.389575130370e-01, 1.797693134862e+308, 7.0524e-01, 3.9859e-03, 
 2DIAGNOSTIC,     5, -4.438813134482e-01, 1.797693134862e+308, 7.0932e-01, 4.0710e-03, 
 2DIAGNOSTIC,     6, -4.461495460377e-01, 1.797693134862e+308, 7.1339e-01, 4.0731e-03, 
 2DIAGNOSTIC,     7, -4.511407144429e-01, 1.797693134862e+308, 7.1818e-01, 4.7932e-03, 
 2DIAGNOSTIC,     8, -4.667812032718e-01, 1.797693134862e+308, 7.2297e-01, 4.7841e-03, 
 2DIAGNOSTIC,     9, -4.753090114372e-01, 1.797693134862e+308, 7.2770e-01, 4.7309e-03, 
 2DIAGNOSTIC,    10, -4.802481719655e-01, 7.481707542057e-03, 7.3261e-01, 4.9131e-03, 
 2DIAGNOSTIC,    11, -4.821261368877e-01, 7.356704266140e-03, 7.3690e-01, 4.2930e-03, 
 2DIAGNOSTIC,    12, -4.837491005316e-01, 6.749992380107e-03, 7.4191e-01, 5.0111e-03, 
 2DIAGNOSTIC,    13, -5.028244927618e-01, 6.622215038779e-03, 7.4900e-01, 7.0851e-03, 
 2DIAGNOSTIC,    14, -5.042109134417e-01, 6.183615245771e-03, 7.5333e-01, 4.3261e-03, 
 2DIAGNOSTIC,    15, -5.066116081875e-01, 5.558135432472e-03, 7.5756e-01, 4.2341e-03, 
 2DIAGNOSTIC,    16, -5.083451635933e-01, 4.676295421707e-03, 7.6184e-01, 4.2770e-03, 
 2DIAGNOSTIC,    17, -5.184993492601e-01, 3.998770500675e-03, 7.6833e-01, 6.4960e-03, 
 2DIAGNOSTIC,    18, -5.256348855985e-01, 3.769024583844e-03, 7.7259e-01, 4.2539e-03, 
 2DIAGNOSTIC,    19, -5.260487278946e-01, 3.491513209312e-03, 7.7742e-01, 4.8330e-03, 
 2DIAGNOSTIC,    20, -5.292109538483e-01, 3.174906838882e-03, 7.8214e-01, 4.7231e-03, 
 2DIAGNOSTIC,    21, -5.301818255407e-01, 2.681600021731e-03, 7.8627e-01, 4.1311e-03, 
 2DIAGNOSTIC,    22, -5.312241368743e-01, 2.041188802058e-03, 7.9122e-01, 4.9491e-03, 
 2DIAGNOSTIC,    23, -5.321371333635e-01, 1.776979139568e-03, 7.9666e-01, 5.4371e-03, 
 2DIAGNOSTIC,    24, -5.330747191712e-01, 1.429097887539e-03, 8.0091e-01, 4.2510e-03, 
 2DIAGNOSTIC,    25, -5.340979414312e-01, 1.060387290078e-03, 8.0571e-01, 4.8039e-03, 
 2DIAGNOSTIC,    26, -5.353301745705e-01, 6.839344619467e-04, 8.1152e-01, 5.8050e-03, 
 2DIAGNOSTIC,    27, -5.359877788157e-01, 5.005577500565e-04, 8.1577e-01, 4.2500e-03, 
 2DIAGNOSTIC,    28, -5.363338831439e-01, 4.385708848495e-04, 8.2005e-01, 4.2849e-03, 
 2DIAGNOSTIC,    29, -5.373050712130e-01, 3.660294197317e-04, 8.2433e-01, 4.2760e-03, 
 2DIAGNOSTIC,    30, -5.398201308055e-01, 3.715997086053e-04, 8.2933e-01, 5.0020e-03, 
 2DIAGNOSTIC,    31, -5.446421489833e-01, 4.465278781039e-04, 8.3904e-01, 9.7048e-03, 
 2DIAGNOSTIC,    32, -5.446645769020e-01, 4.912654972439e-04, 8.4323e-01, 4.1909e-03, 
 2DIAGNOSTIC,    33, -5.447647117321e-01, 5.056491124877e-04, 8.4753e-01, 4.3020e-03, 
 2DIAGNOSTIC,    34, -5.449311164458e-01, 4.904139643437e-04, 8.5180e-01, 4.2729e-03, 
 2DIAGNOSTIC,    35, -5.452045458605e-01, 4.491581146134e-04, 8.5600e-01, 4.1928e-03, 
 2DIAGNOSTIC,    36, -5.456974621890e-01, 3.933127818841e-04, 8.6019e-01, 4.1900e-03, 
 2DIAGNOSTIC,    37, -5.462998604132e-01, 3.227902320549e-04, 8.6444e-01, 4.2531e-03, 
 2DIAGNOSTIC,    38, -5.470544332252e-01, 2.429340196611e-04, 8.6866e-01, 4.2210e-03, 
 2DIAGNOSTIC,    39, -5.483333315587e-01, 1.763346780297e-04, 8.7340e-01, 4.7438e-03, 
 2DIAGNOSTIC,    40, -5.485726062927e-01, 1.327609391508e-04, 8.7764e-01, 4.2329e-03, 
 2DIAGNOSTIC,    41, -5.488485554463e-01, 1.482714850868e-04, 8.8240e-01, 4.7629e-03, 
 2DIAGNOSTIC,    42, -5.491458230898e-01, 1.532230407948e-04, 8.8671e-01, 4.3111e-03, 
 2DIAGNOSTIC,    43, -5.502479100232e-01, 1.587003327364e-04, 8.9192e-01, 5.2140e-03, 
 2DIAGNOSTIC,    44, -5.634818211461e-01, 3.167393021350e-04, 8.9818e-01, 6.2580e-03, 
 2DIAGNOSTIC,    45, -5.665529420851e-01, 4.734302267220e-04, 9.0303e-01, 4.8430e-03, 
 2DIAGNOSTIC,    46, -5.687240078553e-01, 6.104974584013e-04, 9.0779e-01, 4.7631e-03, 
 2DIAGNOSTIC,    47, -5.691241898022e-01, 6.966978270586e-04, 9.1249e-01, 4.7040e-03, 
 2DIAGNOSTIC,    48, -5.694957876107e-01, 7.249025643162e-04, 9.1665e-01, 4.1530e-03, 
 2DIAGNOSTIC,    49, -5.697410399714e-01, 6.972888172764e-04, 9.2082e-01, 4.1749e-03, 
 2DIAGNOSTIC,    50, -5.707138428049e-01, 6.164528833162e-04, 9.2759e-01, 6.7730e-03, 
 2DIAGNOSTIC,    51, -5.708156834518e-01, 4.858130467323e-04, 9.3178e-01, 4.1819e-03, 
 2DIAGNOSTIC,    52, -5.709351629611e-01, 3.203957521821e-04, 9.3648e-01, 4.7069e-03, 
 2DIAGNOSTIC,    53, -5.709668766256e-01, 1.396841446477e-04, 9.4065e-01, 4.1680e-03, 
 2DIAGNOSTIC,    54, -5.710744277837e-01, 8.629944240511e-05, 9.4481e-01, 4.1618e-03, 
 2DIAGNOSTIC,    55, -5.712494200225e-01, 5.808118959575e-05, 9.4896e-01, 4.1509e-03, 
 2DIAGNOSTIC,    56, -5.718046468881e-01, 5.164736020565e-05, 9.5321e-01, 4.2470e-03, 
 2DIAGNOSTIC,    57, -5.746011098930e-01, 7.076340553669e-05, 9.5901e-01, 5.8000e-03, 
 2DIAGNOSTIC,    58, -5.754143203686e-01, 9.282417983826e-05, 9.6378e-01, 4.7669e-03, 
 2DIAGNOSTIC,    59, -5.758064896217e-01, 1.109550193983e-04, 9.6803e-01, 4.2481e-03, 
 2DIAGNOSTIC,    60, -5.773283502050e-01, 1.404937401122e-04, 9.7277e-01, 4.7450e-03, 
 2DIAGNOSTIC,    61, -5.779189871376e-01, 1.612046534641e-04, 9.7865e-01, 5.8839e-03, 
 2DIAGNOSTIC,    62, -5.787516649101e-01, 1.736151794407e-04, 9.8335e-01, 4.6949e-03, 
 2DIAGNOSTIC,    63, -5.797433682867e-01, 1.775626308735e-04, 9.8755e-01, 4.2012e-03, 
 2DIAGNOSTIC,    64, -5.808629624832e-01, 1.747822508248e-04, 9.9325e-01, 5.7020e-03, 
 2DIAGNOSTIC,    65, -5.809378991185e-01, 1.573480082775e-04, 9.9806e-01, 4.8120e-03, 
 2DIAGNOSTIC,    66, -5.808538556405e-01, 1.287585781491e-04, 1.0024e+00, 4.3612e-03, 
 2DIAGNOSTIC,    67, -5.808853951663e-01, 1.112659308655e-04, 1.0071e+00, 4.7009e-03, 
 2DIAGNOSTIC,    68, -5.809829613725e-01, 9.072260270875e-05, 1.0113e+00, 4.1661e-03, 
 2DIAGNOSTIC,    69, -5.811052550382e-01, 6.571278496129e-05, 1.0160e+00, 4.6589e-03, 
 2DIAGNOSTIC,    70, -5.812827100257e-01, 4.807633067456e-05, 1.0206e+00, 4.6670e-03, 
 2DIAGNOSTIC,    71, -5.811728534287e-01, 3.001759843574e-05, 1.0248e+00, 4.1540e-03, 
 2DIAGNOSTIC,    72, -5.812627462565e-01, 1.637727098159e-05, 1.0295e+00, 4.6868e-03, 
 2DIAGNOSTIC,    73, -5.814553200704e-01, 9.915192541537e-06, 1.0336e+00, 4.1568e-03, 
 2DIAGNOSTIC,    74, -5.816033414812e-01, 1.168092393457e-05, 1.0378e+00, 4.1940e-03, 
 2DIAGNOSTIC,    75, -5.818555669591e-01, 1.461892569555e-05, 1.0426e+00, 4.7679e-03, 
 2DIAGNOSTIC,    76, -5.819532525018e-01, 1.620813592085e-05, 1.0469e+00, 4.3509e-03, 
 2DIAGNOSTIC,    77, -5.819454204583e-01, 1.641144025935e-05, 1.0517e+00, 4.8020e-03, 
 2DIAGNOSTIC,    78, -5.820764007301e-01, 1.659586329000e-05, 1.0571e+00, 5.3720e-03, 
 2DIAGNOSTIC,    79, -5.821890332815e-01, 1.670133437736e-05, 1.0619e+00, 4.8120e-03, 
 2DIAGNOSTIC,    80, -5.820272157668e-01, 1.533940239286e-05, 1.0676e+00, 5.6591e-03, 
 2DIAGNOSTIC,    81, -5.824959597239e-01, 1.494463457193e-05, 1.0719e+00, 4.2791e-03, 
 2DIAGNOSTIC,    82, -5.825273504347e-01, 1.384369586857e-05, 1.0761e+00, 4.2441e-03, 
 2DIAGNOSTIC,    83, -5.825282621357e-01, 1.269297153335e-05, 1.0804e+00, 4.2541e-03, 
 2DIAGNOSTIC,    84, -5.830878989273e-01, 1.478658715220e-05, 1.0858e+00, 5.4419e-03, 
 2DIAGNOSTIC,    85, -5.832156665605e-01, 1.767553485453e-05, 1.0937e+00, 7.9379e-03, 
 2DIAGNOSTIC,    86, -5.832188699477e-01, 1.943163327732e-05, 1.0980e+00, 4.3080e-03, 
 2DIAGNOSTIC,    87, -5.832407222291e-01, 1.940879730693e-05, 1.1024e+00, 4.3988e-03, 
 2DIAGNOSTIC,    88, -5.832771119393e-01, 1.854939299816e-05, 1.1066e+00, 4.1499e-03, 
 2DIAGNOSTIC,    89, -5.833200270963e-01, 1.686557169211e-05, 1.1113e+00, 4.6730e-03, 
 2DIAGNOSTIC,    90, -5.834232242035e-01, 1.318715012070e-05, 1.1154e+00, 4.1571e-03, 
 2DIAGNOSTIC,    91, -5.833654182893e-01, 1.073580651097e-05, 1.1196e+00, 4.1718e-03, 
 2DIAGNOSTIC,    92, -5.833961497402e-01, 7.756941970874e-06, 1.1238e+00, 4.1978e-03, 
 2DIAGNOSTIC,    93, -5.834311302220e-01, 4.247242488030e-06, 1.1279e+00, 4.1571e-03, 
 2DIAGNOSTIC,    94, -5.835561920134e-01, 4.184216516271e-06, 1.1321e+00, 4.1900e-03, 
 2DIAGNOSTIC,    95, -5.835415369309e-01, 4.350128698196e-06, 1.1364e+00, 4.3049e-03, 
 2DIAGNOSTIC,    96, -5.836888728810e-01, 4.956619775150e-06, 1.1412e+00, 4.7369e-03, 
 2DIAGNOSTIC,    97, -5.849890587000e-01, 1.214697808059e-05, 1.1482e+00, 7.0491e-03, 
 2DIAGNOSTIC,    98, -5.852870071846e-01, 1.960428166750e-05, 1.1530e+00, 4.7820e-03, 
 2DIAGNOSTIC,    99, -5.853126934609e-01, 2.541764982510e-05, 1.1572e+00, 4.1459e-03, 
 2DIAGNOSTIC,   100, -5.856514037666e-01, 3.109586891977e-05, 1.1614e+00, 4.2379e-03, 
 2DIAGNOSTIC,   101, -5.859128686429e-01, 3.466552259994e-05, 1.1661e+00, 4.6968e-03, 
 2DIAGNOSTIC,   102, -5.861387126986e-01, 3.600172852615e-05, 1.1721e+00, 5.9671e-03, 
 2DIAGNOSTIC,   103, -5.861459212265e-01, 3.402254243430e-05, 1.1764e+00, 4.2992e-03, 
 2DIAGNOSTIC,   104, -5.862749183128e-01, 3.021529872797e-05, 1.1815e+00, 5.0969e-03, 
 2DIAGNOSTIC,   105, -5.863183376086e-01, 2.377894628038e-05, 1.1858e+00, 4.3139e-03, 
 2DIAGNOSTIC,   106, -5.862750999419e-01, 1.551410603965e-05, 1.1902e+00, 4.4088e-03, 
 2DIAGNOSTIC,   107, -5.863531869867e-01, 1.254711923749e-05, 1.1944e+00, 4.2601e-03, 
 2DIAGNOSTIC,   108, -5.864551005286e-01, 1.037586128709e-05, 1.1992e+00, 4.7839e-03, 
 2DIAGNOSTIC,   109, -5.864364721048e-01, 7.267957304460e-06, 1.2124e+00, 1.3138e-02, 
 2DIAGNOSTIC,   110, -5.864641493806e-01, 5.243091391443e-06, 1.2174e+00, 5.0251e-03, 
 2DIAGNOSTIC,   111, -5.865596301583e-01, 4.412822674429e-06, 1.2224e+00, 4.9920e-03, 
 2DIAGNOSTIC,   112, -5.865830514957e-01, 4.331338871582e-06, 1.2268e+00, 4.3890e-03, 
 2DIAGNOSTIC,   113, -5.866792973080e-01, 4.307814578518e-06, 1.2317e+00, 4.8952e-03, 
 2DIAGNOSTIC,   114, -5.866909771358e-01, 4.521155173147e-06, 1.2361e+00, 4.4439e-03, 
 2DIAGNOSTIC,   115, -5.867999329282e-01, 5.018495621177e-06, 1.2411e+00, 4.9651e-03, 
 2DIAGNOSTIC,   116, -5.870232865634e-01, 5.823294172516e-06, 1.2471e+00, 5.9891e-03, 
 2DIAGNOSTIC,   117, -5.871501206283e-01, 6.935001193210e-06, 1.2514e+00, 4.3440e-03, 
 2DIAGNOSTIC,   118, -5.872075569226e-01, 8.079305704367e-06, 1.2561e+00, 4.6589e-03, 
 2DIAGNOSTIC,   119, -5.872194976502e-01, 8.433067707739e-06, 1.2625e+00, 6.3999e-03, 
 2DIAGNOSTIC,   120, -5.872358242933e-01, 8.172565166099e-06, 1.2666e+00, 4.1721e-03, 
 2DIAGNOSTIC,   121, -5.873613527785e-01, 8.069593238867e-06, 1.2714e+00, 4.7741e-03, 
 2DIAGNOSTIC,   122, -5.873416820135e-01, 7.198215535346e-06, 1.2755e+00, 4.1029e-03, 
 2DIAGNOSTIC,   123, -5.873533161533e-01, 6.140447628939e-06, 1.2802e+00, 4.6480e-03, 
 2DIAGNOSTIC,   124, -5.873580944180e-01, 4.610074085396e-06, 1.2853e+00, 5.0979e-03, 
 2DIAGNOSTIC,   125, -5.873613293678e-01, 3.121399075134e-06, 1.2898e+00, 4.5600e-03, 
 2DIAGNOSTIC,   126, -5.873717972912e-01, 2.307186405186e-06, 1.2944e+00, 4.6160e-03, 
 2DIAGNOSTIC,   127, -5.875768354280e-01, 2.632637067948e-06, 1.2990e+00, 4.5941e-03, 
 2DIAGNOSTIC,   128, -5.875148761537e-01, 2.689343661513e-06, 1.3032e+00, 4.1380e-03, 
 2DIAGNOSTIC,   129, -5.875182995311e-01, 2.589897696271e-06, 1.3087e+00, 5.5280e-03, 
 2DIAGNOSTIC,   130, -5.875185761596e-01, 2.325961079203e-06, 1.3133e+00, 4.5629e-03, 
 2DIAGNOSTIC,   131, -5.875188185295e-01, 2.349151916204e-06, 1.3193e+00, 6.0549e-03, 
 2DIAGNOSTIC,   132, -5.875188201242e-01, 2.079833089695e-06, 1.3248e+00, 5.5230e-03, 
 2DIAGNOSTIC,   133, -5.875188202607e-01, 1.683242975630e-06, 1.3304e+00, 5.6100e-03, 
 2DIAGNOSTIC,   134, -5.875188202707e-01, 1.185469630747e-06, 1.3360e+00, 5.5580e-03, 
DIAGNOSTIC,Iteration,metricValue,convergenceValue,ITERATION_TIME_INDEX,SINCE_LAST
 2DIAGNOSTIC,     1, -4.733516699636e-01, 1.797693134862e+308, 2.0101e+00, 6.7412e-01, 
 2DIAGNOSTIC,     2, -4.740475885627e-01, 1.797693134862e+308, 2.0351e+00, 2.4959e-02, 
 2DIAGNOSTIC,     3, -4.751350332531e-01, 1.797693134862e+308, 2.0613e+00, 2.6207e-02, 
 2DIAGNOSTIC,     4, -4.772247008766e-01, 1.797693134862e+308, 2.0884e+00, 2.7088e-02, 
 2DIAGNOSTIC,     5, -4.805200425895e-01, 1.797693134862e+308, 2.1152e+00, 2.6853e-02, 
 2DIAGNOSTIC,     6, -4.823485908559e-01, 1.797693134862e+308, 2.1461e+00, 3.0853e-02, 
 2DIAGNOSTIC,     7, -4.831149660715e-01, 1.797693134862e+308, 2.1726e+00, 2.6533e-02, 
 2DIAGNOSTIC,     8, -4.832881185179e-01, 1.797693134862e+308, 2.2022e+00, 2.9561e-02, 
 2DIAGNOSTIC,     9, -4.837408259200e-01, 1.797693134862e+308, 2.2404e+00, 3.8221e-02, 
 2DIAGNOSTIC,    10, -4.841210922556e-01, 1.662970080011e-03, 2.2758e+00, 3.5411e-02, 
 2DIAGNOSTIC,    11, -4.844225159136e-01, 1.306242945653e-03, 2.3019e+00, 2.6099e-02, 
 2DIAGNOSTIC,    12, -4.855290693997e-01, 9.828529821010e-04, 2.3289e+00, 2.6948e-02, 
 2DIAGNOSTIC,    13, -4.869084622123e-01, 7.323317376254e-04, 2.3547e+00, 2.5807e-02, 
 2DIAGNOSTIC,    14, -4.873188411914e-01, 5.533128355926e-04, 2.3838e+00, 2.9134e-02, 
 2DIAGNOSTIC,    15, -4.879380805768e-01, 5.009892571529e-04, 2.4252e+00, 4.1403e-02, 
 2DIAGNOSTIC,    16, -4.882745715232e-01, 4.887920243418e-04, 2.4532e+00, 2.7993e-02, 
 2DIAGNOSTIC,    17, -4.884834888719e-01, 4.665564055000e-04, 2.4816e+00, 2.8361e-02, 
 2DIAGNOSTIC,    18, -4.888044261300e-01, 4.192637097658e-04, 2.5133e+00, 3.1799e-02, 
 2DIAGNOSTIC,    19, -4.895544953592e-01, 3.753859893194e-04, 2.5490e+00, 3.5628e-02, 
 2DIAGNOSTIC,    20, -4.905518013493e-01, 3.416756543200e-04, 2.5759e+00, 2.6886e-02, 
 2DIAGNOSTIC,    21, -4.912792471711e-01, 3.074244309239e-04, 2.6058e+00, 2.9969e-02, 
 2DIAGNOSTIC,    22, -4.918764709223e-01, 2.924873330676e-04, 2.6453e+00, 3.9465e-02, 
 2DIAGNOSTIC,    23, -4.919359796340e-01, 2.883367044784e-04, 2.6800e+00, 3.4699e-02, 
 2DIAGNOSTIC,    24, -4.919408522149e-01, 2.675359326378e-04, 2.7125e+00, 3.2469e-02, 
 2DIAGNOSTIC,    25, -4.919517738873e-01, 2.378729667754e-04, 2.7463e+00, 3.3787e-02, 
 2DIAGNOSTIC,    26, -4.919542082762e-01, 1.957437574108e-04, 2.7793e+00, 3.3069e-02, 
 2DIAGNOSTIC,    27, -4.919486427501e-01, 1.429382308517e-04, 2.8125e+00, 3.3176e-02, 
 2DIAGNOSTIC,    28, -4.919468082359e-01, 8.723959338501e-05, 2.8618e+00, 4.9327e-02, 
 2DIAGNOSTIC,    29, -4.919434628452e-01, 4.214021505870e-05, 2.8925e+00, 3.0628e-02, 
 2DIAGNOSTIC,    30, -4.919280052483e-01, 1.507349731938e-05, 2.9244e+00, 3.1951e-02, 
 2DIAGNOSTIC,    31, -4.919372181035e-01, 2.024147307621e-06, 2.9540e+00, 2.9562e-02, 
DIAGNOSTIC,Iteration,metricValue,convergenceValue,ITERATION_TIME_INDEX,SINCE_LAST
 2DIAGNOSTIC,     1, -4.346273790869e-01, 1.797693134862e+308, 3.9714e+00, 1.0175e+00, 
 2DIAGNOSTIC,     2, -4.347738151828e-01, 1.797693134862e+308, 4.1948e+00, 2.2340e-01, 
 2DIAGNOSTIC,     3, -4.348083151196e-01, 1.797693134862e+308, 4.5055e+00, 3.1065e-01, 
 2DIAGNOSTIC,     4, -4.348187108418e-01, 1.797693134862e+308, 4.7850e+00, 2.7950e-01, 
 2DIAGNOSTIC,     5, -4.348160766803e-01, 1.797693134862e+308, 5.0357e+00, 2.5073e-01, 
 2DIAGNOSTIC,     6, -4.348154492507e-01, 1.797693134862e+308, 5.3383e+00, 3.0261e-01, 
 2DIAGNOSTIC,     7, -4.348129867707e-01, 1.797693134862e+308, 5.5569e+00, 2.1858e-01, 
 2DIAGNOSTIC,     8, -4.348124916032e-01, 1.797693134862e+308, 5.8071e+00, 2.5020e-01, 
 2DIAGNOSTIC,     9, -4.348118087043e-01, 1.797693134862e+308, 6.0417e+00, 2.3466e-01, 
 2DIAGNOSTIC,    10, -4.348125507341e-01, 1.746501673516e-05, 6.2902e+00, 2.4846e-01, 
 2DIAGNOSTIC,    11, -4.348129904575e-01, 5.028105732538e-06, 6.5410e+00, 2.5080e-01, 
 2DIAGNOSTIC,    12, -4.348137553111e-01, 2.443195520133e-06, 6.7871e+00, 2.4610e-01, 
 2DIAGNOSTIC,    13, -4.348135757518e-01, 1.984115241410e-06, 7.0007e+00, 2.1361e-01, 
 2DIAGNOSTIC,    14, -4.348118569337e-01, 2.040591848509e-06, 7.2757e+00, 2.7494e-01, 
 2DIAGNOSTIC,    15, -4.348105230256e-01, 1.938992540584e-06, 7.5203e+00, 2.4464e-01, 
 2DIAGNOSTIC,    16, -4.348100106420e-01, 1.822439088445e-06, 7.7615e+00, 2.4118e-01, 
 2DIAGNOSTIC,    17, -4.348093907164e-01, 1.615366930080e-06, 7.9769e+00, 2.1539e-01, 
 2DIAGNOSTIC,    18, -4.348096628478e-01, 1.448006660604e-06, 8.1923e+00, 2.1548e-01, 
 2DIAGNOSTIC,    19, -4.348108831955e-01, 1.346596406347e-06, 8.4147e+00, 2.2231e-01, 
 2DIAGNOSTIC,    20, -4.348131534625e-01, 1.383659981140e-06, 8.6650e+00, 2.5030e-01, 
 2DIAGNOSTIC,    21, -4.348149171303e-01, 1.502496150017e-06, 8.9166e+00, 2.5167e-01, 
 2DIAGNOSTIC,    22, -4.348148260252e-01, 1.630828479468e-06, 9.1675e+00, 2.5091e-01, 
 2DIAGNOSTIC,    23, -4.348132582949e-01, 1.683288430296e-06, 9.4187e+00, 2.5117e-01, 
 2DIAGNOSTIC,    24, -4.348167475930e-01, 1.753200972558e-06, 9.6703e+00, 2.5160e-01, 
 2DIAGNOSTIC,    25, -4.348196472747e-01, 1.814157126710e-06, 9.9773e+00, 3.0705e-01, 
 2DIAGNOSTIC,    26, -4.348164640363e-01, 1.724973632634e-06, 1.0227e+01, 2.4957e-01, 
 2DIAGNOSTIC,    27, -4.348161511375e-01, 1.578087646559e-06, 1.0476e+01, 2.4860e-01, 
 2DIAGNOSTIC,    28, -4.348156727287e-01, 1.400387563390e-06, 1.0679e+01, 2.0390e-01, 
 2DIAGNOSTIC,    29, -4.348146326043e-01, 1.210638601444e-06, 1.0881e+01, 2.0110e-01, 
 2DIAGNOSTIC,    30, -4.348186824648e-01, 1.158125931391e-06, 1.1114e+01, 2.3312e-01, 
 2DIAGNOSTIC,    31, -4.348202568832e-01, 1.169042704516e-06, 1.1312e+01, 1.9837e-01, 
 2DIAGNOSTIC,    32, -4.348232106500e-01, 1.227071954706e-06, 1.1536e+01, 2.2352e-01, 
 2DIAGNOSTIC,    33, -4.348260084487e-01, 1.281800109477e-06, 1.1735e+01, 1.9965e-01, 
 2DIAGNOSTIC,    34, -4.348272373204e-01, 1.391122407671e-06, 1.1965e+01, 2.3021e-01, 
 2DIAGNOSTIC,    35, -4.348327607114e-01, 1.609263947860e-06, 1.2179e+01, 2.1383e-01, 
 2DIAGNOSTIC,    36, -4.348416953935e-01, 1.850120112893e-06, 1.2409e+01, 2.2938e-01, 
 2DIAGNOSTIC,    37, -4.348473926826e-01, 2.078124475370e-06, 1.2644e+01, 2.3560e-01, 
 2DIAGNOSTIC,    38, -4.348492180524e-01, 2.202569031908e-06, 1.2920e+01, 2.7532e-01, 
 2DIAGNOSTIC,    39, -4.348486455828e-01, 2.164494643093e-06, 1.3160e+01, 2.4007e-01, 
 2DIAGNOSTIC,    40, -4.348485080739e-01, 2.064208192428e-06, 1.3381e+01, 2.2155e-01, 
 2DIAGNOSTIC,    41, -4.348473531542e-01, 1.851271298068e-06, 1.3582e+01, 2.0107e-01, 
 2DIAGNOSTIC,    42, -4.348472679801e-01, 1.589037964995e-06, 1.3806e+01, 2.2392e-01, 
 2DIAGNOSTIC,    43, -4.348486931526e-01, 1.325464929106e-06, 1.4050e+01, 2.4410e-01, 
 2DIAGNOSTIC,    44, -4.348488221598e-01, 1.037838467936e-06, 1.4287e+01, 2.3637e-01, 
DIAGNOSTIC,Iteration,metricValue,convergenceValue,ITERATION_TIME_INDEX,SINCE_LAST
 2DIAGNOSTIC,     1, -4.015814765025e-01, 1.797693134862e+308, 1.6707e+01, 2.4202e+00, 
 2DIAGNOSTIC,     2, -4.016485605267e-01, 1.797693134862e+308, 1.8388e+01, 1.6814e+00, 
 2DIAGNOSTIC,     3, -4.016733401846e-01, 1.797693134862e+308, 1.9710e+01, 1.3218e+00, 
 2DIAGNOSTIC,     4, -4.016896528875e-01, 1.797693134862e+308, 2.1077e+01, 1.3675e+00, 
 2DIAGNOSTIC,     5, -4.018096227547e-01, 1.797693134862e+308, 2.2575e+01, 1.4971e+00, 
 2DIAGNOSTIC,     6, -4.018658576046e-01, 1.797693134862e+308, 2.4087e+01, 1.5121e+00, 
 2DIAGNOSTIC,     7, -4.018961295362e-01, 1.797693134862e+308, 2.5458e+01, 1.3709e+00, 
 2DIAGNOSTIC,     8, -4.020151241141e-01, 1.797693134862e+308, 2.7410e+01, 1.9520e+00, 
 2DIAGNOSTIC,     9, -4.021364320962e-01, 1.797693134862e+308, 2.8913e+01, 1.5031e+00, 
 2DIAGNOSTIC,    10, -4.022020432799e-01, 1.016601691716e-04, 3.0446e+01, 1.5328e+00, 
 2DIAGNOSTIC,    11, -4.022471515922e-01, 9.772646186645e-05, 3.2162e+01, 1.7167e+00, 
 2DIAGNOSTIC,    12, -4.022863246789e-01, 9.231026615965e-05, 3.3604e+01, 1.4421e+00, 
 2DIAGNOSTIC,    13, -4.023026427743e-01, 8.185810025388e-05, 3.5107e+01, 1.5025e+00, 
 2DIAGNOSTIC,    14, -4.023158348351e-01, 6.696243189877e-05, 3.6899e+01, 1.7925e+00, 
 2DIAGNOSTIC,    15, -4.023207716072e-01, 5.400879705923e-05, 3.8757e+01, 1.8576e+00, 
 2DIAGNOSTIC,    16, -4.023213453959e-01, 4.050176966679e-05, 4.0461e+01, 1.7039e+00, 
 2DIAGNOSTIC,    17, -4.023213173292e-01, 2.623431607527e-05, 4.1954e+01, 1.4929e+00, 
 2DIAGNOSTIC,    18, -4.023210248092e-01, 1.587264016115e-05, 4.3415e+01, 1.4610e+00, 
 2DIAGNOSTIC,    19, -4.023209380224e-01, 9.768692396779e-06, 4.4988e+01, 1.5735e+00, 
 2DIAGNOSTIC,    20, -4.023212765991e-01, 5.829835914073e-06, 4.6679e+01, 1.6906e+00, 
 2DIAGNOSTIC,    21, -4.023216602579e-01, 3.377274519795e-06, 4.8198e+01, 1.5189e+00, 
 2DIAGNOSTIC,    22, -4.023223101400e-01, 2.245779643049e-06, 5.0021e+01, 1.8236e+00, 
 2DIAGNOSTIC,    23, -4.023223303878e-01, 1.630441307444e-06, 5.1757e+01, 1.7359e+00, 
 2DIAGNOSTIC,    24, -4.023222759311e-01, 1.426631717892e-06, 5.3316e+01, 1.5585e+00, 
 2DIAGNOSTIC,    25, -4.023221449496e-01, 1.365103330354e-06, 5.4599e+01, 1.2833e+00, 
 2DIAGNOSTIC,    26, -4.023221339633e-01, 1.314650613725e-06, 5.6195e+01, 1.5958e+00, 
 2DIAGNOSTIC,    27, -4.023220345112e-01, 1.256016852746e-06, 5.7820e+01, 1.6247e+00, 
 2DIAGNOSTIC,    28, -4.023220822801e-01, 1.188373334696e-06, 5.9119e+01, 1.2991e+00, 
 2DIAGNOSTIC,    29, -4.023223388808e-01, 1.124741423685e-06, 6.0720e+01, 1.6011e+00, 
 2DIAGNOSTIC,    30, -4.023225020206e-01, 1.074375629906e-06, 6.2016e+01, 1.2963e+00, 
 2DIAGNOSTIC,    31, -4.023229806509e-01, 1.045194542582e-06, 6.3466e+01, 1.4499e+00, 
 2DIAGNOSTIC,    32, -4.023239982768e-01, 1.052686338633e-06, 6.4792e+01, 1.3258e+00, 
 2DIAGNOSTIC,    33, -4.023252820798e-01, 1.081646477344e-06, 6.6240e+01, 1.4478e+00, 
 2DIAGNOSTIC,    34, -4.023277527766e-01, 1.147568332679e-06, 6.7666e+01, 1.4264e+00, 
 2DIAGNOSTIC,    35, -4.023297659447e-01, 1.226718975209e-06, 6.9407e+01, 1.7410e+00, 
 2DIAGNOSTIC,    36, -4.023323253762e-01, 1.321064299172e-06, 7.0885e+01, 1.4776e+00, 
 2DIAGNOSTIC,    37, -4.023366489749e-01, 1.448840187237e-06, 7.2279e+01, 1.3945e+00, 
 2DIAGNOSTIC,    38, -4.023446111682e-01, 1.661037963785e-06, 7.3879e+01, 1.5996e+00, 
 2DIAGNOSTIC,    39, -4.023466720351e-01, 1.822754637480e-06, 7.5495e+01, 1.6161e+00, 
 2DIAGNOSTIC,    40, -4.023457815748e-01, 1.868822271364e-06, 7.6887e+01, 1.3916e+00, 
 2DIAGNOSTIC,    41, -4.023470760288e-01, 1.843182751888e-06, 7.8243e+01, 1.3566e+00, 
 2DIAGNOSTIC,    42, -4.023538408864e-01, 1.846107432056e-06, 7.9655e+01, 1.4116e+00, 
 2DIAGNOSTIC,    43, -4.023888535660e-01, 2.335489251402e-06, 8.1734e+01, 2.0791e+00, 
 2DIAGNOSTIC,    44, -4.023888539917e-01, 2.675074736298e-06, 8.3538e+01, 1.8045e+00, 
 2DIAGNOSTIC,    45, -4.023886956208e-01, 2.852105826460e-06, 8.5124e+01, 1.5854e+00, 
 2DIAGNOSTIC,    46, -4.023885984791e-01, 2.862261252300e-06, 8.9633e+01, 4.5093e+00, 
 2DIAGNOSTIC,    47, -4.023885984783e-01, 2.722162304229e-06, 9.3875e+01, 4.2413e+00, 
 2DIAGNOSTIC,    48, -4.023885984783e-01, 2.499399848418e-06, 9.5584e+01, 1.7093e+00, 
 2DIAGNOSTIC,    49, -4.023885984783e-01, 2.139757949635e-06, 9.7070e+01, 1.4863e+00, 
 2DIAGNOSTIC,    50, -4.023885984783e-01, 1.647804548987e-06, 9.8715e+01, 1.6450e+00, 
 2DIAGNOSTIC,    51, -4.023885984783e-01, 1.099289386321e-06, 1.0035e+02, 1.6366e+00, 
  Elapsed time (stage 0): 1.0115e+02


Total elapsed time: 1.0115e+02
Info [verificarlo]: loaded backend libinterflop_vprec.so
Info [interflop-vprec]: load backend with: 
Info [interflop-vprec]: precision-binary32 = 22
Info [interflop-vprec]: range-binary32 = 8
Info [interflop-vprec]: precision-binary64 = 22
Info [interflop-vprec]: range-binary64 = 8
Info [interflop-vprec]: mode = ob
Info [interflop-vprec]: error-mode = rel
Info [interflop-vprec]: max-abs-error-exponent = -1022
Info [interflop-vprec]: daz = false
Info [interflop-vprec]: ftz = false
Info [interflop-vprec]: 	instrument = none
Info [interflop-vprec]: 	prec-input-file = (null)
Info [interflop-vprec]: 	prec-output-file = (null)
Info [interflop-vprec]: 	prec-log-file = (null)
All_Command_lines_OK
Using double precision for computations.
=============================================================================
The composite transform comprises the following transforms (in order): 
  1. /home/mdugre/scratch/mri-registration-rp/datasets/ds004513/derivatives/mri-registration-rp/0011/antsRegistration-r8-p22/sub-s037/rigid_Composite.h5[0] (type = Euler3DTransform)
  2. /home/mdugre/scratch/mri-registration-rp/datasets/ds004513/derivatives/mri-registration-rp/0011/antsRegistration-r8-p22/sub-s037/rigid_Composite.h5[1] (type = Euler3DTransform)
  3. /home/mdugre/scratch/mri-registration-rp/datasets/ds004513/derivatives/mri-registration-rp/0011/antsRegistration-r8-p22/sub-s037/rigid_Composite.h5[2] (type = Euler3DTransform)
=============================================================================
  number of levels = 4
  fixed image: /templateflow/tpl-MNI152NLin2009cAsym/tpl-MNI152NLin2009cAsym_res-01_desc-brain_T1w.nii.gz
  moving image: /home/mdugre/scratch/mri-registration-rp/datasets/ds004513/derivatives/mri-registration-rp/antsBrainExtraction/sub-s037/BrainExtractionBrain.nii.gz
Dimension = 3
Number of stages = 1
Use histogram matching = false
Winsorize image intensities = true
  Lower quantile = 0.005
  Upper quantile = 0.995


Stage 1 State
   Image metric = MattesMI
     Fixed image = Image (0x484b490)
  RTTI typeinfo:   itk::Image<double, 3u>
  Reference Count: 2
  Modified Time: 1592
  Debug: Off
  Object Name: 
  Observers: 
    none
  Source: (none)
  Source output name: (none)
  Release Data: Off
  Data Released: False
  Global Release Data: Off
  PipelineMTime: 0
  UpdateMTime: 1203
  RealTimeStamp: 0 seconds 
  LargestPossibleRegion: 
    Dimension: 3
    Index: [0, 0, 0]
    Size: [193, 229, 193]
  BufferedRegion: 
    Dimension: 3
    Index: [0, 0, 0]
    Size: [193, 229, 193]
  RequestedRegion: 
    Dimension: 3
    Index: [0, 0, 0]
    Size: [193, 229, 193]
  Spacing: [1, 1, 1]
  Origin: [96, 132, -78]
  Direction: 
-1 0 0
0 -1 0
0 0 1

  IndexToPointMatrix: 
-1 0 0
0 -1 0
0 0 1

  PointToIndexMatrix: 
-1 0 0
0 -1 0
0 0 1

  Inverse Direction: 
-1 0 0
0 -1 0
0 0 1

  PixelContainer: 
    ImportImageContainer (0x49168c0)
      RTTI typeinfo:   itk::ImportImageContainer<unsigned long, double>
      Reference Count: 1
      Modified Time: 1200
      Debug: Off
      Object Name: 
      Observers: 
        none
      Pointer: 0x14ec0e154010
      Container manages memory: true
      Size: 8530021
      Capacity: 8530021

     Moving image = Image (0x4906b60)
  RTTI typeinfo:   itk::Image<double, 3u>
  Reference Count: 2
  Modified Time: 1593
  Debug: Off
  Object Name: 
  Observers: 
    none
  Source: (none)
  Source output name: (none)
  Release Data: Off
  Data Released: False
  Global Release Data: Off
  PipelineMTime: 0
  UpdateMTime: 1590
  RealTimeStamp: 0 seconds 
  LargestPossibleRegion: 
    Dimension: 3
    Index: [0, 0, 0]
    Size: [160, 240, 256]
  BufferedRegion: 
    Dimension: 3
    Index: [0, 0, 0]
    Size: [160, 240, 256]
  RequestedRegion: 
    Dimension: 3
    Index: [0, 0, 0]
    Size: [160, 240, 256]
  Spacing: [1, 1, 1]
  Origin: [87.9508, 102.562, -147.639]
  Direction: 
-0.998659 -0.043612 -0.0279129
0.043595 -0.999048 0.00121847
-0.0279395 -2.65543e-08 0.99961

  IndexToPointMatrix: 
-0.998659 -0.043612 -0.0279129
0.043595 -0.999048 0.00121847
-0.0279395 -2.65543e-08 0.99961

  PointToIndexMatrix: 
-0.998659 0.043595 -0.0279395
-0.0436121 -0.999049 9.67412e-08
-0.0279129 0.00121848 0.99961

  Inverse Direction: 
-0.998659 0.043595 -0.0279395
-0.0436121 -0.999049 9.67412e-08
-0.0279129 0.00121848 0.99961

  PixelContainer: 
    ImportImageContainer (0x499a1d0)
      RTTI typeinfo:   itk::ImportImageContainer<unsigned long, double>
      Reference Count: 1
      Modified Time: 1587
      Debug: Off
      Object Name: 
      Observers: 
        none
      Pointer: 0x14ec09653010
      Container manages memory: true
      Size: 9830400
      Capacity: 9830400

     Weighting = 1
     Sampling strategy = regular
     Number of bins = 32
     Radius = 4
     Sampling percentage  = 0.25
   Transform = Affine
     Gradient step = 0.1
     Update field sigma (voxel space) = 0
     Total field sigma (voxel space) = 0
     Update field time sigma = 0
     Total field time sigma  = 0
     Number of time indices = 0
     Number of time point samples = 0
Registration using 1 total stages.

Stage 0
  iterations = 1000x500x250x100
  convergence threshold = 1e-06
  convergence window size = 10
  number of levels = 4
  using the Mattes MI metric (number of bins = 32, weight = 1, use gradient filter = 0)
  preprocessing:  winsorizing the image intensities
  Shrink factors (level 1 out of 4): [8, 8, 8]
  Shrink factors (level 2 out of 4): [4, 4, 4]
  Shrink factors (level 3 out of 4): [2, 2, 2]
  Shrink factors (level 4 out of 4): [1, 1, 1]
  smoothing sigmas per level: [3, 2, 1, 0]
  regular sampling (percentage = 0.25)

*** Running AffineTransform registration ***

