
##########################
# Experiment information #
##########################

EXPERIMENT_NAME: antsRegistration-r8-p22
VFC_BACKENDS: libinterflop_vprec.so --range-binary32=8 --precision-binary32=22 --range-binary64=8 --precision-binary64=22

SIF_IMG: /home/mdugre/projects/rrg-glatard/mdugre/containers/ants-vprec-no_metrics.simg

SUBJECT_ID: s014
INPUT_IMG: /home/mdugre/scratch/mri-registration-rp/datasets/ds004513/derivatives/mri-registration-rp/antsBrainExtraction/sub-s014/BrainExtractionBrain.nii.gz
OUTPUT_DIR: /home/mdugre/scratch/mri-registration-rp/datasets/ds004513/derivatives/mri-registration-rp/0011/antsRegistration-r8-p22/sub-s014

FIXED_IMG: /templateflow/tpl-MNI152NLin2009cAsym/tpl-MNI152NLin2009cAsym_res-01_desc-brain_T1w.nii.gz
DATA_DIR: /home/mdugre/scratch/mri-registration-rp/datasets/ds004513
TEMPLATEFLOW_DIR: /home/mdugre/projects/rrg-glatard/mdugre/templateflow
ITK_GLOBAL_DEFAULT_NUMBER_OF_THREADS: 16
##########################

Info [verificarlo]: loaded backend libinterflop_ieee.so
Info [interflop-ieee]: load backend with:
Info [interflop-ieee]: debug = false
Info [interflop-ieee]: debug-binary = false
Info [interflop-ieee]: no-backend-name = false
Info [interflop-ieee]: print-new-line = false
Info [interflop-ieee]: print-subnormal-normalized = false
Info [interflop-ieee]: count-op = false
All_Command_lines_OK
Using double precision for computations.
=============================================================================
The composite transform comprises the following transforms (in order): 
  1. Center of mass alignment using fixed image: /templateflow/tpl-MNI152NLin2009cAsym/tpl-MNI152NLin2009cAsym_res-01_desc-brain_T1w.nii.gz and moving image: /home/mdugre/scratch/mri-registration-rp/datasets/ds004513/derivatives/mri-registration-rp/antsBrainExtraction/sub-s014/BrainExtractionBrain.nii.gz (type = Euler3DTransform)
=============================================================================
  number of levels = 1
  fixed image: /templateflow/tpl-MNI152NLin2009cAsym/tpl-MNI152NLin2009cAsym_res-01_desc-brain_T1w.nii.gz
  moving image: /home/mdugre/scratch/mri-registration-rp/datasets/ds004513/derivatives/mri-registration-rp/antsBrainExtraction/sub-s014/BrainExtractionBrain.nii.gz
Dimension = 3
Number of stages = 1
Use histogram matching = false
Winsorize image intensities = true
  Lower quantile = 0.005
  Upper quantile = 0.995


Stage 1 State
   Image metric = MattesMI
     Fixed image = Image (0x3296e70)
  RTTI typeinfo:   itk::Image<double, 3u>
  Reference Count: 2
  Modified Time: 2334
  Debug: Off
  Object Name: 
  Observers: 
    none
  Source: (none)
  Source output name: (none)
  Release Data: Off
  Data Released: False
  Global Release Data: Off
  PipelineMTime: 0
  UpdateMTime: 1943
  RealTimeStamp: 0 seconds 
  LargestPossibleRegion: 
    Dimension: 3
    Index: [0, 0, 0]
    Size: [193, 229, 193]
  BufferedRegion: 
    Dimension: 3
    Index: [0, 0, 0]
    Size: [193, 229, 193]
  RequestedRegion: 
    Dimension: 3
    Index: [0, 0, 0]
    Size: [193, 229, 193]
  Spacing: [1, 1, 1]
  Origin: [96, 132, -78]
  Direction: 
-1 0 0
0 -1 0
0 0 1

  IndexToPointMatrix: 
-1 0 0
0 -1 0
0 0 1

  PointToIndexMatrix: 
-1 0 0
0 -1 0
0 0 1

  Inverse Direction: 
-1 0 0
0 -1 0
0 0 1

  PixelContainer: 
    ImportImageContainer (0x32a3140)
      RTTI typeinfo:   itk::ImportImageContainer<unsigned long, double>
      Reference Count: 1
      Modified Time: 1940
      Debug: Off
      Object Name: 
      Observers: 
        none
      Pointer: 0x14aa7ce98010
      Container manages memory: true
      Size: 8530021
      Capacity: 8530021

     Moving image = Image (0x32a0310)
  RTTI typeinfo:   itk::Image<double, 3u>
  Reference Count: 2
  Modified Time: 2335
  Debug: Off
  Object Name: 
  Observers: 
    none
  Source: (none)
  Source output name: (none)
  Release Data: Off
  Data Released: False
  Global Release Data: Off
  PipelineMTime: 0
  UpdateMTime: 2332
  RealTimeStamp: 0 seconds 
  LargestPossibleRegion: 
    Dimension: 3
    Index: [0, 0, 0]
    Size: [160, 240, 256]
  BufferedRegion: 
    Dimension: 3
    Index: [0, 0, 0]
    Size: [160, 240, 256]
  RequestedRegion: 
    Dimension: 3
    Index: [0, 0, 0]
    Size: [160, 240, 256]
  Spacing: [0.999999, 1, 1]
  Origin: [84.1637, 106.709, -120.531]
  Direction: 
-0.999619 -0.0226874 -0.0157033
0.0226846 -0.999743 0.00035635
-0.0157073 -7.8229e-09 0.999877

  IndexToPointMatrix: 
-0.999619 -0.0226874 -0.0157033
0.0226845 -0.999743 0.00035635
-0.0157073 -7.8229e-09 0.999877

  PointToIndexMatrix: 
-0.99962 0.0226846 -0.0157073
-0.0226874 -0.999743 -7.83127e-09
-0.0157033 0.00035635 0.999877

  Inverse Direction: 
-0.999619 0.0226846 -0.0157073
-0.0226874 -0.999743 -7.83127e-09
-0.0157033 0.00035635 0.999877

  PixelContainer: 
    ImportImageContainer (0x33cb610)
      RTTI typeinfo:   itk::ImportImageContainer<unsigned long, double>
      Reference Count: 1
      Modified Time: 2329
      Debug: Off
      Object Name: 
      Observers: 
        none
      Pointer: 0x14aa78397010
      Container manages memory: true
      Size: 9830400
      Capacity: 9830400

     Weighting = 1
     Sampling strategy = regular
     Number of bins = 32
     Radius = 4
     Sampling percentage  = 0.25
   Transform = Rigid
     Gradient step = 0.1
     Update field sigma (voxel space) = 0
     Total field sigma (voxel space) = 0
     Update field time sigma = 0
     Total field time sigma  = 0
     Number of time indices = 0
     Number of time point samples = 0
Registration using 1 total stages.

Stage 0
  iterations = 0
  convergence threshold = 1e-06
  convergence window size = 10
  number of levels = 1
  using the Mattes MI metric (number of bins = 32, weight = 1, use gradient filter = 0)
  preprocessing:  winsorizing the image intensities
  Shrink factors (level 1 out of 1): [1, 1, 1]
  smoothing sigmas per level: [0]
  regular sampling (percentage = 0.25)

*** Running Euler3DTransform registration ***

  Elapsed time (stage 0): 1.11988


Total elapsed time: 1.122
Info [verificarlo]: loaded backend libinterflop_ieee.so
Info [interflop-ieee]: load backend with:
Info [interflop-ieee]: debug = false
Info [interflop-ieee]: debug-binary = false
Info [interflop-ieee]: no-backend-name = false
Info [interflop-ieee]: print-new-line = false
Info [interflop-ieee]: print-subnormal-normalized = false
Info [interflop-ieee]: count-op = false
All_Command_lines_OK
Using double precision for computations.
=============================================================================
The composite transform comprises the following transforms (in order): 
  1. /home/mdugre/scratch/mri-registration-rp/datasets/ds004513/derivatives/mri-registration-rp/0011/antsRegistration-r8-p22/sub-s014/align_Composite.h5[0] (type = Euler3DTransform)
  2. /home/mdugre/scratch/mri-registration-rp/datasets/ds004513/derivatives/mri-registration-rp/0011/antsRegistration-r8-p22/sub-s014/align_Composite.h5[1] (type = Euler3DTransform)
=============================================================================
  number of levels = 4
  fixed image: /templateflow/tpl-MNI152NLin2009cAsym/tpl-MNI152NLin2009cAsym_res-01_desc-brain_T1w.nii.gz
  moving image: /home/mdugre/scratch/mri-registration-rp/datasets/ds004513/derivatives/mri-registration-rp/antsBrainExtraction/sub-s014/BrainExtractionBrain.nii.gz
Dimension = 3
Number of stages = 1
Use histogram matching = false
Winsorize image intensities = true
  Lower quantile = 0.005
  Upper quantile = 0.995


Stage 1 State
   Image metric = MattesMI
     Fixed image = Image (0x45a2530)
  RTTI typeinfo:   itk::Image<double, 3u>
  Reference Count: 2
  Modified Time: 1580
  Debug: Off
  Object Name: 
  Observers: 
    none
  Source: (none)
  Source output name: (none)
  Release Data: Off
  Data Released: False
  Global Release Data: Off
  PipelineMTime: 0
  UpdateMTime: 1189
  RealTimeStamp: 0 seconds 
  LargestPossibleRegion: 
    Dimension: 3
    Index: [0, 0, 0]
    Size: [193, 229, 193]
  BufferedRegion: 
    Dimension: 3
    Index: [0, 0, 0]
    Size: [193, 229, 193]
  RequestedRegion: 
    Dimension: 3
    Index: [0, 0, 0]
    Size: [193, 229, 193]
  Spacing: [1, 1, 1]
  Origin: [96, 132, -78]
  Direction: 
-1 0 0
0 -1 0
0 0 1

  IndexToPointMatrix: 
-1 0 0
0 -1 0
0 0 1

  PointToIndexMatrix: 
-1 0 0
0 -1 0
0 0 1

  Inverse Direction: 
-1 0 0
0 -1 0
0 0 1

  PixelContainer: 
    ImportImageContainer (0x4660d60)
      RTTI typeinfo:   itk::ImportImageContainer<unsigned long, double>
      Reference Count: 1
      Modified Time: 1186
      Debug: Off
      Object Name: 
      Observers: 
        none
      Pointer: 0x145c95f46010
      Container manages memory: true
      Size: 8530021
      Capacity: 8530021

     Moving image = Image (0x4652f60)
  RTTI typeinfo:   itk::Image<double, 3u>
  Reference Count: 2
  Modified Time: 1581
  Debug: Off
  Object Name: 
  Observers: 
    none
  Source: (none)
  Source output name: (none)
  Release Data: Off
  Data Released: False
  Global Release Data: Off
  PipelineMTime: 0
  UpdateMTime: 1578
  RealTimeStamp: 0 seconds 
  LargestPossibleRegion: 
    Dimension: 3
    Index: [0, 0, 0]
    Size: [160, 240, 256]
  BufferedRegion: 
    Dimension: 3
    Index: [0, 0, 0]
    Size: [160, 240, 256]
  RequestedRegion: 
    Dimension: 3
    Index: [0, 0, 0]
    Size: [160, 240, 256]
  Spacing: [0.999999, 1, 1]
  Origin: [84.1637, 106.709, -120.531]
  Direction: 
-0.999619 -0.0226874 -0.0157033
0.0226846 -0.999743 0.00035635
-0.0157073 -7.8229e-09 0.999877

  IndexToPointMatrix: 
-0.999619 -0.0226874 -0.0157033
0.0226845 -0.999743 0.00035635
-0.0157073 -7.8229e-09 0.999877

  PointToIndexMatrix: 
-0.99962 0.0226846 -0.0157073
-0.0226874 -0.999743 -7.83127e-09
-0.0157033 0.00035635 0.999877

  Inverse Direction: 
-0.999619 0.0226846 -0.0157073
-0.0226874 -0.999743 -7.83127e-09
-0.0157033 0.00035635 0.999877

  PixelContainer: 
    ImportImageContainer (0x46446d0)
      RTTI typeinfo:   itk::ImportImageContainer<unsigned long, double>
      Reference Count: 1
      Modified Time: 1575
      Debug: Off
      Object Name: 
      Observers: 
        none
      Pointer: 0x145c91445010
      Container manages memory: true
      Size: 9830400
      Capacity: 9830400

     Weighting = 1
     Sampling strategy = regular
     Number of bins = 32
     Radius = 4
     Sampling percentage  = 0.25
   Transform = Rigid
     Gradient step = 0.1
     Update field sigma (voxel space) = 0
     Total field sigma (voxel space) = 0
     Update field time sigma = 0
     Total field time sigma  = 0
     Number of time indices = 0
     Number of time point samples = 0
Registration using 1 total stages.

Stage 0
  iterations = 1000x500x250x100
  convergence threshold = 1e-06
  convergence window size = 10
  number of levels = 4
  using the Mattes MI metric (number of bins = 32, weight = 1, use gradient filter = 0)
  preprocessing:  winsorizing the image intensities
  Shrink factors (level 1 out of 4): [8, 8, 8]
  Shrink factors (level 2 out of 4): [4, 4, 4]
  Shrink factors (level 3 out of 4): [2, 2, 2]
  Shrink factors (level 4 out of 4): [1, 1, 1]
  smoothing sigmas per level: [3, 2, 1, 0]
  regular sampling (percentage = 0.25)

*** Running Euler3DTransform registration ***

DIAGNOSTIC,Iteration,metricValue,convergenceValue,ITERATION_TIME_INDEX,SINCE_LAST
 2DIAGNOSTIC,     1, -4.770821406565e-01, 1.797693134862e+308, 7.7011e-01, 7.7011e-01, 
 2DIAGNOSTIC,     2, -4.784216133942e-01, 1.797693134862e+308, 7.7457e-01, 4.4589e-03, 
 2DIAGNOSTIC,     3, -4.807043200681e-01, 1.797693134862e+308, 7.7883e-01, 4.2620e-03, 
 2DIAGNOSTIC,     4, -4.840264478065e-01, 1.797693134862e+308, 7.8320e-01, 4.3690e-03, 
 2DIAGNOSTIC,     5, -4.883050305770e-01, 1.797693134862e+308, 7.8750e-01, 4.3058e-03, 
 2DIAGNOSTIC,     6, -4.953560426371e-01, 1.797693134862e+308, 7.9270e-01, 5.2011e-03, 
 2DIAGNOSTIC,     7, -5.007350570384e-01, 1.797693134862e+308, 7.9827e-01, 5.5661e-03, 
 2DIAGNOSTIC,     8, -5.013278569503e-01, 1.797693134862e+308, 8.0293e-01, 4.6570e-03, 
 2DIAGNOSTIC,     9, -5.085255256006e-01, 1.797693134862e+308, 8.0803e-01, 5.1050e-03, 
 2DIAGNOSTIC,    10, -5.161992633656e-01, 5.125196520979e-03, 8.1451e-01, 6.4769e-03, 
 2DIAGNOSTIC,    11, -5.167072941437e-01, 4.879252931146e-03, 8.1904e-01, 4.5321e-03, 
 2DIAGNOSTIC,    12, -5.203629876260e-01, 4.481282734469e-03, 8.2352e-01, 4.4770e-03, 
 2DIAGNOSTIC,    13, -5.229718709777e-01, 3.958672533580e-03, 8.2799e-01, 4.4689e-03, 
 2DIAGNOSTIC,    14, -5.250338110830e-01, 3.368007801724e-03, 8.3304e-01, 5.0499e-03, 
 2DIAGNOSTIC,    15, -5.272078697648e-01, 2.786121483394e-03, 8.3955e-01, 6.5122e-03, 
 2DIAGNOSTIC,    16, -5.275715603978e-01, 2.284098302167e-03, 8.4394e-01, 4.3941e-03, 
 2DIAGNOSTIC,    17, -5.282507656511e-01, 1.839921123744e-03, 8.4830e-01, 4.3581e-03, 
 2DIAGNOSTIC,    18, -5.289722876066e-01, 1.313912041900e-03, 8.5308e-01, 4.7750e-03, 
 2DIAGNOSTIC,    19, -5.292207410111e-01, 9.370568707366e-04, 8.5790e-01, 4.8189e-03, 
 2DIAGNOSTIC,    20, -5.294476960672e-01, 7.341365573345e-04, 8.6263e-01, 4.7312e-03, 
 2DIAGNOSTIC,    21, -5.294955840903e-01, 4.966190831863e-04, 8.6684e-01, 4.2140e-03, 
 2DIAGNOSTIC,    22, -5.295366245031e-01, 3.281311959311e-04, 8.7158e-01, 4.7381e-03, 
 2DIAGNOSTIC,    23, -5.295376311909e-01, 2.063244245636e-04, 8.7652e-01, 4.9410e-03, 
 2DIAGNOSTIC,    24, -5.295911249027e-01, 1.234508389519e-04, 8.8131e-01, 4.7848e-03, 
 2DIAGNOSTIC,    25, -5.296271130648e-01, 8.499150549812e-05, 8.8629e-01, 4.9860e-03, 
 2DIAGNOSTIC,    26, -5.296539599384e-01, 4.983583932654e-05, 8.9053e-01, 4.2400e-03, 
 2DIAGNOSTIC,    27, -5.297704229810e-01, 2.877322815986e-05, 8.9471e-01, 4.1831e-03, 
 2DIAGNOSTIC,    28, -5.299884954868e-01, 2.504887532505e-05, 9.0038e-01, 5.6639e-03, 
 2DIAGNOSTIC,    29, -5.300854192462e-01, 2.569611953014e-05, 9.0507e-01, 4.6880e-03, 
 2DIAGNOSTIC,    30, -5.300410324622e-01, 2.732899345073e-05, 9.0925e-01, 4.1871e-03, 
 2DIAGNOSTIC,    31, -5.300376932142e-01, 2.724560549111e-05, 9.1369e-01, 4.4322e-03, 
 2DIAGNOSTIC,    32, -5.301686264233e-01, 2.763232919568e-05, 9.1810e-01, 4.4160e-03, 
 2DIAGNOSTIC,    33, -5.303926738420e-01, 2.905769097078e-05, 9.2328e-01, 5.1801e-03, 
 2DIAGNOSTIC,    34, -5.304519664600e-01, 2.945835348531e-05, 9.2863e-01, 5.3480e-03, 
 2DIAGNOSTIC,    35, -5.305073139183e-01, 2.868169328788e-05, 9.3304e-01, 4.4091e-03, 
 2DIAGNOSTIC,    36, -5.305686017147e-01, 2.670517373508e-05, 9.3740e-01, 4.3650e-03, 
 2DIAGNOSTIC,    37, -5.306602858942e-01, 2.533264912597e-05, 9.4342e-01, 6.0210e-03, 
 2DIAGNOSTIC,    38, -5.306881156230e-01, 2.512162424928e-05, 9.4776e-01, 4.3361e-03, 
 2DIAGNOSTIC,    39, -5.307317416635e-01, 2.461885298596e-05, 9.5216e-01, 4.4010e-03, 
 2DIAGNOSTIC,    40, -5.308225091354e-01, 2.257034276284e-05, 9.5800e-01, 5.8429e-03, 
 2DIAGNOSTIC,    41, -5.308460424125e-01, 1.877385526150e-05, 9.6233e-01, 4.3259e-03, 
 2DIAGNOSTIC,    42, -5.308561837321e-01, 1.520831957428e-05, 9.6678e-01, 4.4510e-03, 
 2DIAGNOSTIC,    43, -5.308777649274e-01, 1.355835177395e-05, 9.7101e-01, 4.2319e-03, 
 2DIAGNOSTIC,    44, -5.309114036111e-01, 1.190613944548e-05, 9.7518e-01, 4.1690e-03, 
 2DIAGNOSTIC,    45, -5.310262965518e-01, 1.129423566757e-05, 9.8179e-01, 6.6111e-03, 
 2DIAGNOSTIC,    46, -5.310374074445e-01, 1.049838942135e-05, 9.8597e-01, 4.1780e-03, 
 2DIAGNOSTIC,    47, -5.310434720121e-01, 9.962263451017e-06, 9.9016e-01, 4.1859e-03, 
 2DIAGNOSTIC,    48, -5.310518853633e-01, 8.989886107164e-06, 9.9435e-01, 4.1909e-03, 
 2DIAGNOSTIC,    49, -5.310584329536e-01, 7.783359501280e-06, 9.9958e-01, 5.2290e-03, 
 2DIAGNOSTIC,    50, -5.310645817646e-01, 6.973833583258e-06, 1.0052e+00, 5.6250e-03, 
 2DIAGNOSTIC,    51, -5.310656430618e-01, 5.851695599676e-06, 1.0094e+00, 4.1890e-03, 
 2DIAGNOSTIC,    52, -5.310738190002e-01, 4.481863509112e-06, 1.0142e+00, 4.8451e-03, 
 2DIAGNOSTIC,    53, -5.310768127969e-01, 3.049471520945e-06, 1.0186e+00, 4.3151e-03, 
 2DIAGNOSTIC,    54, -5.310775506016e-01, 1.750844719837e-06, 1.0227e+00, 4.1280e-03, 
 2DIAGNOSTIC,    55, -5.310817434211e-01, 1.565716412830e-06, 1.0269e+00, 4.1718e-03, 
 2DIAGNOSTIC,    56, -5.310870994121e-01, 1.452195857295e-06, 1.0319e+00, 5.0609e-03, 
 2DIAGNOSTIC,    57, -5.310885232962e-01, 1.327089154748e-06, 1.0365e+00, 4.6000e-03, 
 2DIAGNOSTIC,    58, -5.310914487850e-01, 1.238639650989e-06, 1.0411e+00, 4.5979e-03, 
 2DIAGNOSTIC,    59, -5.311015678587e-01, 1.240623596525e-06, 1.0462e+00, 5.1110e-03, 
 2DIAGNOSTIC,    60, -5.311021904297e-01, 1.235244578898e-06, 1.0505e+00, 4.2400e-03, 
 2DIAGNOSTIC,    61, -5.311059901820e-01, 1.204917779062e-06, 1.0635e+00, 1.3076e-02, 
 2DIAGNOSTIC,    62, -5.311059901659e-01, 1.182103197335e-06, 1.0766e+00, 1.3035e-02, 
 2DIAGNOSTIC,    63, -5.311059901659e-01, 1.122797857724e-06, 1.0812e+00, 4.6461e-03, 
 2DIAGNOSTIC,    64, -5.311059901659e-01, 1.011506956399e-06, 1.0858e+00, 4.6000e-03, 
DIAGNOSTIC,Iteration,metricValue,convergenceValue,ITERATION_TIME_INDEX,SINCE_LAST
 2DIAGNOSTIC,     1, -4.295258231625e-01, 1.797693134862e+308, 1.8469e+00, 7.6104e-01, 
 2DIAGNOSTIC,     2, -4.302859640431e-01, 1.797693134862e+308, 1.8775e+00, 3.0681e-02, 
 2DIAGNOSTIC,     3, -4.309651196675e-01, 1.797693134862e+308, 1.9088e+00, 3.1276e-02, 
 2DIAGNOSTIC,     4, -4.317164347764e-01, 1.797693134862e+308, 1.9396e+00, 3.0748e-02, 
 2DIAGNOSTIC,     5, -4.325561938345e-01, 1.797693134862e+308, 1.9699e+00, 3.0333e-02, 
 2DIAGNOSTIC,     6, -4.341819580778e-01, 1.797693134862e+308, 2.0007e+00, 3.0821e-02, 
 2DIAGNOSTIC,     7, -4.354327949460e-01, 1.797693134862e+308, 2.0309e+00, 3.0230e-02, 
 2DIAGNOSTIC,     8, -4.367134834400e-01, 1.797693134862e+308, 2.0664e+00, 3.5465e-02, 
 2DIAGNOSTIC,     9, -4.377076816051e-01, 1.797693134862e+308, 2.1126e+00, 4.6199e-02, 
 2DIAGNOSTIC,    10, -4.379510214291e-01, 1.375954781890e-03, 2.1469e+00, 3.4267e-02, 
 2DIAGNOSTIC,    11, -4.381306699705e-01, 1.211218579663e-03, 2.1789e+00, 3.2026e-02, 
 2DIAGNOSTIC,    12, -4.403708091232e-01, 1.128184042328e-03, 2.2139e+00, 3.4954e-02, 
 2DIAGNOSTIC,    13, -4.435986505890e-01, 1.148562288714e-03, 2.2515e+00, 3.7639e-02, 
 2DIAGNOSTIC,    14, -4.436199448230e-01, 1.094787363242e-03, 2.2848e+00, 3.3302e-02, 
 2DIAGNOSTIC,    15, -4.445052016995e-01, 1.025845792159e-03, 2.3209e+00, 3.6070e-02, 
 2DIAGNOSTIC,    16, -4.479362667272e-01, 1.077370591423e-03, 2.3631e+00, 4.2204e-02, 
 2DIAGNOSTIC,    17, -4.481475950950e-01, 1.073587590275e-03, 2.3948e+00, 3.1689e-02, 
 2DIAGNOSTIC,    18, -4.482020490433e-01, 1.018146303208e-03, 2.4279e+00, 3.3090e-02, 
 2DIAGNOSTIC,    19, -4.481966708716e-01, 9.107728233642e-04, 2.4815e+00, 5.3605e-02, 
 2DIAGNOSTIC,    20, -4.481953336012e-01, 7.394369054883e-04, 2.5111e+00, 2.9670e-02, 
 2DIAGNOSTIC,    21, -4.481954334322e-01, 5.189437701223e-04, 2.5475e+00, 3.6399e-02, 
 2DIAGNOSTIC,    22, -4.482018534002e-01, 3.337448816021e-04, 2.5800e+00, 3.2434e-02, 
 2DIAGNOSTIC,    23, -4.481921491870e-01, 2.259319899693e-04, 2.6092e+00, 2.9218e-02, 
 2DIAGNOSTIC,    24, -4.482074312941e-01, 1.077320626443e-04, 2.6389e+00, 2.9673e-02, 
 2DIAGNOSTIC,    25, -4.482144439032e-01, 9.691656171672e-06, 2.6712e+00, 3.2326e-02, 
 2DIAGNOSTIC,    26, -4.482116709997e-01, 3.273679362328e-06, 2.7037e+00, 3.2525e-02, 
 2DIAGNOSTIC,    27, -4.482088353498e-01, 2.084625981509e-06, 2.7386e+00, 3.4914e-02, 
 2DIAGNOSTIC,    28, -4.482139219880e-01, 2.274303541848e-06, 2.7685e+00, 2.9863e-02, 
 2DIAGNOSTIC,    29, -4.482420866253e-01, 2.842585329052e-06, 2.8009e+00, 3.2439e-02, 
 2DIAGNOSTIC,    30, -4.482455732553e-01, 3.232685811053e-06, 2.8355e+00, 3.4565e-02, 
 2DIAGNOSTIC,    31, -4.482405886307e-01, 3.298137539257e-06, 2.8664e+00, 3.0916e-02, 
 2DIAGNOSTIC,    32, -4.482290914723e-01, 3.068920882615e-06, 2.8965e+00, 3.0061e-02, 
 2DIAGNOSTIC,    33, -4.482261087267e-01, 2.406543519941e-06, 2.9328e+00, 3.6343e-02, 
 2DIAGNOSTIC,    34, -4.482147421097e-01, 1.704267404735e-06, 2.9706e+00, 3.7845e-02, 
 2DIAGNOSTIC,    35, -4.482170221468e-01, 1.142411042359e-06, 3.0029e+00, 3.2265e-02, 
DIAGNOSTIC,Iteration,metricValue,convergenceValue,ITERATION_TIME_INDEX,SINCE_LAST
 2DIAGNOSTIC,     1, -3.932184618556e-01, 1.797693134862e+308, 4.1298e+00, 1.1269e+00, 
 2DIAGNOSTIC,     2, -3.933350080481e-01, 1.797693134862e+308, 4.3639e+00, 2.3409e-01, 
 2DIAGNOSTIC,     3, -3.934316047335e-01, 1.797693134862e+308, 4.5964e+00, 2.3258e-01, 
 2DIAGNOSTIC,     4, -3.934445201329e-01, 1.797693134862e+308, 4.8990e+00, 3.0258e-01, 
 2DIAGNOSTIC,     5, -3.934561041036e-01, 1.797693134862e+308, 5.1623e+00, 2.6326e-01, 
 2DIAGNOSTIC,     6, -3.934557400091e-01, 1.797693134862e+308, 5.4438e+00, 2.8155e-01, 
 2DIAGNOSTIC,     7, -3.934568947538e-01, 1.797693134862e+308, 5.8633e+00, 4.1945e-01, 
 2DIAGNOSTIC,     8, -3.934560026352e-01, 1.797693134862e+308, 6.1107e+00, 2.4746e-01, 
 2DIAGNOSTIC,     9, -3.934553707063e-01, 1.797693134862e+308, 6.4410e+00, 3.3027e-01, 
 2DIAGNOSTIC,    10, -3.934548435446e-01, 2.950388434407e-05, 6.7498e+00, 3.0875e-01, 
 2DIAGNOSTIC,    11, -3.934535150482e-01, 1.251787856205e-05, 7.0275e+00, 2.7769e-01, 
 2DIAGNOSTIC,    12, -3.934529103402e-01, 4.334107977441e-06, 7.3120e+00, 2.8450e-01, 
 2DIAGNOSTIC,    13, -3.934523311965e-01, 2.580302438326e-06, 7.5358e+00, 2.2382e-01, 
 2DIAGNOSTIC,    14, -3.934518640521e-01, 1.691075528762e-06, 7.8351e+00, 2.9927e-01, 
 2DIAGNOSTIC,    15, -3.934519734053e-01, 1.537715191124e-06, 8.1203e+00, 2.8519e-01, 
 2DIAGNOSTIC,    16, -3.934513609168e-01, 1.410839969865e-06, 8.3647e+00, 2.4440e-01, 
 2DIAGNOSTIC,    17, -3.934508379881e-01, 1.380509520976e-06, 8.6347e+00, 2.7008e-01, 
 2DIAGNOSTIC,    18, -3.934502559367e-01, 1.340256852986e-06, 8.8845e+00, 2.4978e-01, 
 2DIAGNOSTIC,    19, -3.934497851363e-01, 1.301860398838e-06, 9.1921e+00, 3.0763e-01, 
 2DIAGNOSTIC,    20, -3.934499621239e-01, 1.290039321096e-06, 9.4449e+00, 2.5271e-01, 
 2DIAGNOSTIC,    21, -3.934502604536e-01, 1.271710238761e-06, 9.7191e+00, 2.7420e-01, 
 2DIAGNOSTIC,    22, -3.934498715205e-01, 1.245514159968e-06, 1.0014e+01, 2.9500e-01, 
 2DIAGNOSTIC,    23, -3.934501306839e-01, 1.231426870106e-06, 1.0316e+01, 3.0201e-01, 
 2DIAGNOSTIC,    24, -3.934495535309e-01, 1.200792330867e-06, 1.0576e+01, 2.6041e-01, 
 2DIAGNOSTIC,    25, -3.934490927222e-01, 1.174527736784e-06, 1.0816e+01, 2.3956e-01, 
 2DIAGNOSTIC,    26, -3.934495815902e-01, 1.156238077393e-06, 1.1077e+01, 2.6090e-01, 
 2DIAGNOSTIC,    27, -3.934510332499e-01, 1.170201598635e-06, 1.1364e+01, 2.8689e-01, 
 2DIAGNOSTIC,    28, -3.934498669869e-01, 1.138213967994e-06, 1.1628e+01, 2.6395e-01, 
 2DIAGNOSTIC,    29, -3.934494067533e-01, 1.086573212440e-06, 1.1907e+01, 2.7920e-01, 
 2DIAGNOSTIC,    30, -3.934490070622e-01, 1.034518215405e-06, 1.2155e+01, 2.4831e-01, 
 2DIAGNOSTIC,    31, -3.934493551840e-01, 1.002859625204e-06, 1.2396e+01, 2.4060e-01, 
 2DIAGNOSTIC,    32, -3.934514388611e-01, 1.012149943906e-06, 1.2672e+01, 2.7645e-01, 
 2DIAGNOSTIC,    33, -3.934519791298e-01, 1.036071981111e-06, 1.2902e+01, 2.2993e-01, 
 2DIAGNOSTIC,    34, -3.934514161674e-01, 1.029042975716e-06, 1.3127e+01, 2.2498e-01, 
 2DIAGNOSTIC,    35, -3.934525148060e-01, 1.027695478144e-06, 1.3393e+01, 2.6576e-01, 
 2DIAGNOSTIC,    36, -3.934539683651e-01, 1.051995630764e-06, 1.3689e+01, 2.9594e-01, 
 2DIAGNOSTIC,    37, -3.934536117095e-01, 1.079271467520e-06, 1.3956e+01, 2.6744e-01, 
 2DIAGNOSTIC,    38, -3.934525130485e-01, 1.042002372338e-06, 1.4213e+01, 2.5651e-01, 
DIAGNOSTIC,Iteration,metricValue,convergenceValue,ITERATION_TIME_INDEX,SINCE_LAST
 2DIAGNOSTIC,     1, -3.660000231831e-01, 1.797693134862e+308, 1.6933e+01, 2.7205e+00, 
 2DIAGNOSTIC,     2, -3.661006044747e-01, 1.797693134862e+308, 1.8629e+01, 1.6955e+00, 
 2DIAGNOSTIC,     3, -3.661940053406e-01, 1.797693134862e+308, 2.0314e+01, 1.6849e+00, 
 2DIAGNOSTIC,     4, -3.662025643871e-01, 1.797693134862e+308, 2.3106e+01, 2.7923e+00, 
 2DIAGNOSTIC,     5, -3.662022977292e-01, 1.797693134862e+308, 2.5136e+01, 2.0303e+00, 
 2DIAGNOSTIC,     6, -3.662022733157e-01, 1.797693134862e+308, 2.6853e+01, 1.7162e+00, 
 2DIAGNOSTIC,     7, -3.662021510316e-01, 1.797693134862e+308, 2.8480e+01, 1.6270e+00, 
 2DIAGNOSTIC,     8, -3.662021104673e-01, 1.797693134862e+308, 3.0121e+01, 1.6411e+00, 
 2DIAGNOSTIC,     9, -3.662019867514e-01, 1.797693134862e+308, 3.1791e+01, 1.6707e+00, 
 2DIAGNOSTIC,    10, -3.662019340572e-01, 2.615307228139e-05, 3.3225e+01, 1.4334e+00, 
 2DIAGNOSTIC,    11, -3.662019021296e-01, 1.049209083526e-05, 3.4974e+01, 1.7492e+00, 
 2DIAGNOSTIC,    12, -3.662017877745e-01, 3.091361584301e-06, 3.6582e+01, 1.6074e+00, 
 2DIAGNOSTIC,    13, -3.662019075591e-01, 2.358435241531e-06, 3.8271e+01, 1.6894e+00, 
 2DIAGNOSTIC,    14, -3.662018587016e-01, 2.210206199976e-06, 3.9847e+01, 1.5766e+00, 
 2DIAGNOSTIC,    15, -3.662018920041e-01, 2.075386416264e-06, 4.1608e+01, 1.7605e+00, 
 2DIAGNOSTIC,    16, -3.662018421282e-01, 1.958104252964e-06, 4.3175e+01, 1.5671e+00, 
 2DIAGNOSTIC,    17, -3.662017315564e-01, 1.846828490443e-06, 4.4660e+01, 1.4851e+00, 
 2DIAGNOSTIC,    18, -3.662016584449e-01, 1.745449644333e-06, 4.6277e+01, 1.6166e+00, 
 2DIAGNOSTIC,    19, -3.662015876232e-01, 1.648798697851e-06, 4.7866e+01, 1.5893e+00, 
 2DIAGNOSTIC,    20, -3.662013732837e-01, 1.553843712955e-06, 4.9461e+01, 1.5944e+00, 
 2DIAGNOSTIC,    21, -3.662013254843e-01, 1.468744432971e-06, 5.1610e+01, 2.1497e+00, 
 2DIAGNOSTIC,    22, -3.662011170270e-01, 1.384171186371e-06, 5.3263e+01, 1.6524e+00, 
 2DIAGNOSTIC,    23, -3.662008967177e-01, 1.309503450259e-06, 5.4661e+01, 1.3988e+00, 
 2DIAGNOSTIC,    24, -3.662008589192e-01, 1.245216087367e-06, 5.6247e+01, 1.5853e+00, 
 2DIAGNOSTIC,    25, -3.662009022437e-01, 1.195923353736e-06, 5.8017e+01, 1.7705e+00, 
 2DIAGNOSTIC,    26, -3.662008588540e-01, 1.154782511462e-06, 5.9539e+01, 1.5213e+00, 
 2DIAGNOSTIC,    27, -3.662010886863e-01, 1.126687649844e-06, 6.1181e+01, 1.6426e+00, 
 2DIAGNOSTIC,    28, -3.662011544913e-01, 1.105168478767e-06, 6.2915e+01, 1.7334e+00, 
 2DIAGNOSTIC,    29, -3.662007271153e-01, 1.074819817898e-06, 6.4693e+01, 1.7784e+00, 
 2DIAGNOSTIC,    30, -3.662006710205e-01, 1.041888264663e-06, 6.6350e+01, 1.6566e+00, 
 2DIAGNOSTIC,    31, -3.662006079363e-01, 1.010052175662e-06, 6.8016e+01, 1.6660e+00, 
  Elapsed time (stage 0): 6.8974e+01


Total elapsed time: 6.8978e+01
Info [verificarlo]: loaded backend libinterflop_vprec.so
Info [interflop-vprec]: load backend with: 
Info [interflop-vprec]: precision-binary32 = 22
Info [interflop-vprec]: range-binary32 = 8
Info [interflop-vprec]: precision-binary64 = 22
Info [interflop-vprec]: range-binary64 = 8
Info [interflop-vprec]: mode = ob
Info [interflop-vprec]: error-mode = rel
Info [interflop-vprec]: max-abs-error-exponent = -1022
Info [interflop-vprec]: daz = false
Info [interflop-vprec]: ftz = false
Info [interflop-vprec]: 	instrument = none
Info [interflop-vprec]: 	prec-input-file = (null)
Info [interflop-vprec]: 	prec-output-file = (null)
Info [interflop-vprec]: 	prec-log-file = (null)
All_Command_lines_OK
Using double precision for computations.
=============================================================================
The composite transform comprises the following transforms (in order): 
  1. /home/mdugre/scratch/mri-registration-rp/datasets/ds004513/derivatives/mri-registration-rp/0011/antsRegistration-r8-p22/sub-s014/rigid_Composite.h5[0] (type = Euler3DTransform)
  2. /home/mdugre/scratch/mri-registration-rp/datasets/ds004513/derivatives/mri-registration-rp/0011/antsRegistration-r8-p22/sub-s014/rigid_Composite.h5[1] (type = Euler3DTransform)
  3. /home/mdugre/scratch/mri-registration-rp/datasets/ds004513/derivatives/mri-registration-rp/0011/antsRegistration-r8-p22/sub-s014/rigid_Composite.h5[2] (type = Euler3DTransform)
=============================================================================
  number of levels = 4
  fixed image: /templateflow/tpl-MNI152NLin2009cAsym/tpl-MNI152NLin2009cAsym_res-01_desc-brain_T1w.nii.gz
  moving image: /home/mdugre/scratch/mri-registration-rp/datasets/ds004513/derivatives/mri-registration-rp/antsBrainExtraction/sub-s014/BrainExtractionBrain.nii.gz
Dimension = 3
Number of stages = 1
Use histogram matching = false
Winsorize image intensities = true
  Lower quantile = 0.005
  Upper quantile = 0.995


Stage 1 State
   Image metric = MattesMI
     Fixed image = Image (0x3f98490)
  RTTI typeinfo:   itk::Image<double, 3u>
  Reference Count: 2
  Modified Time: 1594
  Debug: Off
  Object Name: 
  Observers: 
    none
  Source: (none)
  Source output name: (none)
  Release Data: Off
  Data Released: False
  Global Release Data: Off
  PipelineMTime: 0
  UpdateMTime: 1203
  RealTimeStamp: 0 seconds 
  LargestPossibleRegion: 
    Dimension: 3
    Index: [0, 0, 0]
    Size: [193, 229, 193]
  BufferedRegion: 
    Dimension: 3
    Index: [0, 0, 0]
    Size: [193, 229, 193]
  RequestedRegion: 
    Dimension: 3
    Index: [0, 0, 0]
    Size: [193, 229, 193]
  Spacing: [1, 1, 1]
  Origin: [96, 132, -78]
  Direction: 
-1 0 0
0 -1 0
0 0 1

  IndexToPointMatrix: 
-1 0 0
0 -1 0
0 0 1

  PointToIndexMatrix: 
-1 0 0
0 -1 0
0 0 1

  Inverse Direction: 
-1 0 0
0 -1 0
0 0 1

  PixelContainer: 
    ImportImageContainer (0x40638c0)
      RTTI typeinfo:   itk::ImportImageContainer<unsigned long, double>
      Reference Count: 1
      Modified Time: 1200
      Debug: Off
      Object Name: 
      Observers: 
        none
      Pointer: 0x153e0c3f9010
      Container manages memory: true
      Size: 8530021
      Capacity: 8530021

     Moving image = Image (0x4053b60)
  RTTI typeinfo:   itk::Image<double, 3u>
  Reference Count: 2
  Modified Time: 1595
  Debug: Off
  Object Name: 
  Observers: 
    none
  Source: (none)
  Source output name: (none)
  Release Data: Off
  Data Released: False
  Global Release Data: Off
  PipelineMTime: 0
  UpdateMTime: 1592
  RealTimeStamp: 0 seconds 
  LargestPossibleRegion: 
    Dimension: 3
    Index: [0, 0, 0]
    Size: [160, 240, 256]
  BufferedRegion: 
    Dimension: 3
    Index: [0, 0, 0]
    Size: [160, 240, 256]
  RequestedRegion: 
    Dimension: 3
    Index: [0, 0, 0]
    Size: [160, 240, 256]
  Spacing: [1, 1, 1]
  Origin: [84.1637, 106.709, -120.531]
  Direction: 
-0.999619 -0.0226874 -0.0157033
0.0226846 -0.999743 0.00035635
-0.0157073 -7.8229e-09 0.999877

  IndexToPointMatrix: 
-0.999619 -0.0226874 -0.0157033
0.0226845 -0.999743 0.00035635
-0.0157073 -7.8229e-09 0.999877

  PointToIndexMatrix: 
-0.99962 0.0226846 -0.0157073
-0.0226874 -0.999743 -1.19209e-07
-0.0157033 0.000356376 0.999877

  Inverse Direction: 
-0.999619 0.0226846 -0.0157073
-0.0226874 -0.999743 -1.19209e-07
-0.0157033 0.000356376 0.999877

  PixelContainer: 
    ImportImageContainer (0x40e71d0)
      RTTI typeinfo:   itk::ImportImageContainer<unsigned long, double>
      Reference Count: 1
      Modified Time: 1589
      Debug: Off
      Object Name: 
      Observers: 
        none
      Pointer: 0x153e078f8010
      Container manages memory: true
      Size: 9830400
      Capacity: 9830400

     Weighting = 1
     Sampling strategy = regular
     Number of bins = 32
     Radius = 4
     Sampling percentage  = 0.25
   Transform = Affine
     Gradient step = 0.1
     Update field sigma (voxel space) = 0
     Total field sigma (voxel space) = 0
     Update field time sigma = 0
     Total field time sigma  = 0
     Number of time indices = 0
     Number of time point samples = 0
Registration using 1 total stages.

Stage 0
  iterations = 1000x500x250x100
  convergence threshold = 1e-06
  convergence window size = 10
  number of levels = 4
  using the Mattes MI metric (number of bins = 32, weight = 1, use gradient filter = 0)
  preprocessing:  winsorizing the image intensities
  Shrink factors (level 1 out of 4): [8, 8, 8]
  Shrink factors (level 2 out of 4): [4, 4, 4]
  Shrink factors (level 3 out of 4): [2, 2, 2]
  Shrink factors (level 4 out of 4): [1, 1, 1]
  smoothing sigmas per level: [3, 2, 1, 0]
  regular sampling (percentage = 0.25)

*** Running AffineTransform registration ***

DIAGNOSTIC,Iteration,metricValue,convergenceValue,ITERATION_TIME_INDEX,SINCE_LAST
 2DIAGNOSTIC,     1, -5.239746545617e-01, 1.797693134862e+308, 0.0000e+00, 0.0000e+00, 
 2DIAGNOSTIC,     2, -5.258638882872e-01, 1.797693134862e+308, 0.0000e+00, 0.0000e+00, 
 2DIAGNOSTIC,     3, -5.291093153624e-01, 1.797693134862e+308, 0.0000e+00, 0.0000e+00, 
 2DIAGNOSTIC,     4, -5.347728148370e-01, 1.797693134862e+308, 0.0000e+00, 0.0000e+00, 
 2DIAGNOSTIC,     5, -5.449426274601e-01, 1.797693134862e+308, 0.0000e+00, 0.0000e+00, 
 2DIAGNOSTIC,     6, -6.215809312603e-01, 1.797693134862e+308, 0.0000e+00, 0.0000e+00, 
 2DIAGNOSTIC,     7, -6.634153964914e-01, 1.797693134862e+308, 0.0000e+00, 0.0000e+00, 
 2DIAGNOSTIC,     8, -7.298362350410e-01, 1.797693134862e+308, 0.0000e+00, 0.0000e+00, 
 2DIAGNOSTIC,     9, -7.423018624126e-01, 1.797693134862e+308, 0.0000e+00, 0.0000e+00, 
 2DIAGNOSTIC,    10, -7.541693475651e-01, 2.915834236906e-02, 0.0000e+00, 0.0000e+00, 
 2DIAGNOSTIC,    11, -7.649333646205e-01, 2.765046482718e-02, 0.0000e+00, 0.0000e+00, 
 2DIAGNOSTIC,    12, -7.742197597079e-01, 2.435036816263e-02, 0.0000e+00, 0.0000e+00, 
 2DIAGNOSTIC,    13, -7.773577191612e-01, 1.969311640504e-02, 0.0000e+00, 0.0000e+00, 
 2DIAGNOSTIC,    14, -7.823285107578e-01, 1.440252085630e-02, 0.0000e+00, 0.0000e+00, 
 2DIAGNOSTIC,    15, -7.852320170853e-01, 8.979630529434e-03, 0.0000e+00, 0.0000e+00, 
 2DIAGNOSTIC,    16, -7.890868460530e-01, 5.625272289256e-03, 0.0000e+00, 0.0000e+00, 
 2DIAGNOSTIC,    17, -7.945197603235e-01, 3.323529797048e-03, 0.0000e+00, 0.0000e+00, 
 2DIAGNOSTIC,    18, -8.006657076072e-01, 2.664756250322e-03, 0.0000e+00, 0.0000e+00, 
 2DIAGNOSTIC,    19, -8.040466339534e-01, 2.176016065623e-03, 0.0000e+00, 0.0000e+00, 
 2DIAGNOSTIC,    20, -8.097635590968e-01, 1.894488528161e-03, 0.0000e+00, 0.0000e+00, 
 2DIAGNOSTIC,    21, -8.144633091535e-01, 1.758660433971e-03, 0.0000e+00, 0.0000e+00, 
 2DIAGNOSTIC,    22, -8.152845047929e-01, 1.654901916656e-03, 0.0000e+00, 0.0000e+00, 
 2DIAGNOSTIC,    23, -8.189939067629e-01, 1.524345885575e-03, 0.0000e+00, 0.0000e+00, 
 2DIAGNOSTIC,    24, -8.201284485471e-01, 1.363185699154e-03, 0.0000e+00, 0.0000e+00, 
 2DIAGNOSTIC,    25, -8.205499313863e-01, 1.140768549310e-03, 0.0000e+00, 0.0000e+00, 
 2DIAGNOSTIC,    26, -8.211078932070e-01, 8.960684915368e-04, 0.0000e+00, 0.0000e+00, 
 2DIAGNOSTIC,    27, -8.227050616915e-01, 6.875833538167e-04, 0.0000e+00, 0.0000e+00, 
 2DIAGNOSTIC,    28, -8.246508089269e-01, 5.421029696135e-04, 0.0000e+00, 0.0000e+00, 
 2DIAGNOSTIC,    29, -8.344705864060e-01, 5.296681899222e-04, 0.0000e+00, 0.0000e+00, 
 2DIAGNOSTIC,    30, -8.368708026609e-01, 5.679539071231e-04, 0.0000e+00, 0.0000e+00, 
 2DIAGNOSTIC,    31, -8.371126201534e-01, 6.120588089217e-04, 0.0000e+00, 0.0000e+00, 
 2DIAGNOSTIC,    32, -8.386858393421e-01, 6.244886066790e-04, 0.0000e+00, 0.0000e+00, 
 2DIAGNOSTIC,    33, -8.391721289382e-01, 6.241293112247e-04, 0.0000e+00, 0.0000e+00, 
 2DIAGNOSTIC,    34, -8.391885050413e-01, 5.759152507342e-04, 0.0000e+00, 0.0000e+00, 
 2DIAGNOSTIC,    35, -8.392605966282e-01, 4.814738013300e-04, 0.0000e+00, 0.0000e+00, 
 2DIAGNOSTIC,    36, -8.390671087880e-01, 3.523772386823e-04, 0.0000e+00, 0.0000e+00, 
 2DIAGNOSTIC,    37, -8.399967242616e-01, 2.239276066077e-04, 0.0000e+00, 0.0000e+00, 
 2DIAGNOSTIC,    38, -8.403393885328e-01, 1.013231818927e-04, 0.0000e+00, 0.0000e+00, 
 2DIAGNOSTIC,    39, -8.416794078671e-01, 8.196482075673e-05, 0.0000e+00, 0.0000e+00, 
 2DIAGNOSTIC,    40, -8.426142385615e-01, 8.685425398767e-05, 0.0000e+00, 0.0000e+00, 
 2DIAGNOSTIC,    41, -8.427416666463e-01, 8.622423294876e-05, 0.0000e+00, 0.0000e+00, 
 2DIAGNOSTIC,    42, -8.425402876720e-01, 8.954678812517e-05, 0.0000e+00, 0.0000e+00, 
 2DIAGNOSTIC,    43, -8.423695447753e-01, 8.699064216442e-05, 0.0000e+00, 0.0000e+00, 
 2DIAGNOSTIC,    44, -8.423668560026e-01, 7.635249356358e-05, 0.0000e+00, 0.0000e+00, 
 2DIAGNOSTIC,    45, -8.423667195824e-01, 5.956682332572e-05, 0.0000e+00, 0.0000e+00, 
 2DIAGNOSTIC,    46, -8.424112195166e-01, 3.670480310575e-05, 0.0000e+00, 0.0000e+00, 
 2DIAGNOSTIC,    47, -8.424734608477e-01, 1.935209457997e-05, 0.0000e+00, 0.0000e+00, 
 2DIAGNOSTIC,    48, -8.426026145636e-01, 4.411775479995e-06, 0.0000e+00, 0.0000e+00, 
DIAGNOSTIC,Iteration,metricValue,convergenceValue,ITERATION_TIME_INDEX,SINCE_LAST
 2DIAGNOSTIC,     1, -6.893261826058e-01, 1.797693134862e+308, 0.0000e+00, 0.0000e+00, 
 2DIAGNOSTIC,     2, -6.899367735322e-01, 1.797693134862e+308, 0.0000e+00, 0.0000e+00, 
 2DIAGNOSTIC,     3, -6.904771772945e-01, 1.797693134862e+308, 0.0000e+00, 0.0000e+00, 
 2DIAGNOSTIC,     4, -6.909427424968e-01, 1.797693134862e+308, 0.0000e+00, 0.0000e+00, 
 2DIAGNOSTIC,     5, -6.915259218604e-01, 1.797693134862e+308, 0.0000e+00, 0.0000e+00, 
 2DIAGNOSTIC,     6, -6.927557527834e-01, 1.797693134862e+308, 0.0000e+00, 0.0000e+00, 
 2DIAGNOSTIC,     7, -6.930740212070e-01, 1.797693134862e+308, 0.0000e+00, 0.0000e+00, 
 2DIAGNOSTIC,     8, -6.931192553558e-01, 1.797693134862e+308, 0.0000e+00, 0.0000e+00, 
 2DIAGNOSTIC,     9, -6.933336067768e-01, 1.797693134862e+308, 0.0000e+00, 0.0000e+00, 
 2DIAGNOSTIC,    10, -6.935323152888e-01, 4.233209375621e-04, 0.0000e+00, 0.0000e+00, 
 2DIAGNOSTIC,    11, -6.936616478153e-01, 3.340425668549e-04, 0.0000e+00, 0.0000e+00, 
 2DIAGNOSTIC,    12, -6.937166207746e-01, 2.524794499010e-04, 0.0000e+00, 0.0000e+00, 
 2DIAGNOSTIC,    13, -6.937235757849e-01, 1.786730270261e-04, 0.0000e+00, 0.0000e+00, 
 2DIAGNOSTIC,    14, -6.936998980150e-01, 1.124238052288e-04, 0.0000e+00, 0.0000e+00, 
 2DIAGNOSTIC,    15, -6.936937173646e-01, 5.983607958991e-05, 0.0000e+00, 0.0000e+00, 
 2DIAGNOSTIC,    16, -6.936856764699e-01, 3.966957817707e-05, 0.0000e+00, 0.0000e+00, 
 2DIAGNOSTIC,    17, -6.936776545793e-01, 2.596881763906e-05, 0.0000e+00, 0.0000e+00, 
 2DIAGNOSTIC,    18, -6.936699907280e-01, 1.238106574505e-05, 0.0000e+00, 0.0000e+00, 
 2DIAGNOSTIC,    19, -6.936506762913e-01, 3.392216317684e-06, 0.0000e+00, 0.0000e+00, 
DIAGNOSTIC,Iteration,metricValue,convergenceValue,ITERATION_TIME_INDEX,SINCE_LAST
 2DIAGNOSTIC,     1, -5.887297754539e-01, 1.797693134862e+308, 0.0000e+00, 0.0000e+00, 
 2DIAGNOSTIC,     2, -5.893260317046e-01, 1.797693134862e+308, 0.0000e+00, 0.0000e+00, 
 2DIAGNOSTIC,     3, -5.900490874899e-01, 1.797693134862e+308, 0.0000e+00, 0.0000e+00, 
 2DIAGNOSTIC,     4, -5.908683068787e-01, 1.797693134862e+308, 0.0000e+00, 0.0000e+00, 
 2DIAGNOSTIC,     5, -5.920074642273e-01, 1.797693134862e+308, 0.0000e+00, 0.0000e+00, 
 2DIAGNOSTIC,     6, -5.938273220845e-01, 1.797693134862e+308, 0.0000e+00, 0.0000e+00, 
 2DIAGNOSTIC,     7, -5.938474118954e-01, 1.797693134862e+308, 0.0000e+00, 0.0000e+00, 
 2DIAGNOSTIC,     8, -5.938526154756e-01, 1.797693134862e+308, 0.0000e+00, 0.0000e+00, 
 2DIAGNOSTIC,     9, -5.938509788169e-01, 1.797693134862e+308, 0.0000e+00, 0.0000e+00, 
 2DIAGNOSTIC,    10, -5.938527473832e-01, 6.482931562884e-04, 0.0000e+00, 0.0000e+00, 
 2DIAGNOSTIC,    11, -5.938513915252e-01, 4.744079510838e-04, 0.0000e+00, 0.0000e+00, 
 2DIAGNOSTIC,    12, -5.938465834597e-01, 3.109818354292e-04, 0.0000e+00, 0.0000e+00, 
 2DIAGNOSTIC,    13, -5.938460079268e-01, 1.723199710013e-04, 0.0000e+00, 0.0000e+00, 
 2DIAGNOSTIC,    14, -5.938452727664e-01, 6.576713887205e-05, 0.0000e+00, 0.0000e+00, 
 2DIAGNOSTIC,    15, -5.938447193384e-01, 2.396870763560e-06, 0.0000e+00, 0.0000e+00, 
 2DIAGNOSTIC,    16, -5.938440825435e-01, 1.443982496477e-06, 0.0000e+00, 0.0000e+00, 
 2DIAGNOSTIC,    17, -5.938437146519e-01, 1.208292993195e-06, 0.0000e+00, 0.0000e+00, 
 2DIAGNOSTIC,    18, -5.938434954048e-01, 1.194724579018e-06, 0.0000e+00, 0.0000e+00, 
 2DIAGNOSTIC,    19, -5.938432760594e-01, 1.185348178355e-06, 0.0000e+00, 0.0000e+00, 
 2DIAGNOSTIC,    20, -5.938427889569e-01, 1.252648510301e-06, 0.0000e+00, 0.0000e+00, 
 2DIAGNOSTIC,    21, -5.938421068175e-01, 1.301684220849e-06, 0.0000e+00, 0.0000e+00, 
