
##########################
# Experiment information #
##########################

EXPERIMENT_NAME: antsRegistration-r7-p19
VFC_BACKENDS: libinterflop_vprec.so --range-binary32=7 --precision-binary32=19 --range-binary64=7 --precision-binary64=19

SIF_IMG: /home/mdugre/projects/rrg-glatard/mdugre/containers/ants-vprec-no_metrics.simg

SUBJECT_ID: s014
INPUT_IMG: /home/mdugre/scratch/mri-registration-rp/datasets/ds004513/derivatives/mri-registration-rp/antsBrainExtraction/sub-s014/BrainExtractionBrain.nii.gz
OUTPUT_DIR: /home/mdugre/scratch/mri-registration-rp/datasets/ds004513/derivatives/mri-registration-rp/0011/antsRegistration-r7-p19/sub-s014

FIXED_IMG: /templateflow/tpl-MNI152NLin2009cAsym/tpl-MNI152NLin2009cAsym_res-01_desc-brain_T1w.nii.gz
DATA_DIR: /home/mdugre/scratch/mri-registration-rp/datasets/ds004513
TEMPLATEFLOW_DIR: /home/mdugre/projects/rrg-glatard/mdugre/templateflow
ITK_GLOBAL_DEFAULT_NUMBER_OF_THREADS: 16
##########################

Info [verificarlo]: loaded backend libinterflop_ieee.so
Info [interflop-ieee]: load backend with:
Info [interflop-ieee]: debug = false
Info [interflop-ieee]: debug-binary = false
Info [interflop-ieee]: no-backend-name = false
Info [interflop-ieee]: print-new-line = false
Info [interflop-ieee]: print-subnormal-normalized = false
Info [interflop-ieee]: count-op = false
All_Command_lines_OK
Using double precision for computations.
=============================================================================
The composite transform comprises the following transforms (in order): 
  1. Center of mass alignment using fixed image: /templateflow/tpl-MNI152NLin2009cAsym/tpl-MNI152NLin2009cAsym_res-01_desc-brain_T1w.nii.gz and moving image: /home/mdugre/scratch/mri-registration-rp/datasets/ds004513/derivatives/mri-registration-rp/antsBrainExtraction/sub-s014/BrainExtractionBrain.nii.gz (type = Euler3DTransform)
=============================================================================
  number of levels = 1
  fixed image: /templateflow/tpl-MNI152NLin2009cAsym/tpl-MNI152NLin2009cAsym_res-01_desc-brain_T1w.nii.gz
  moving image: /home/mdugre/scratch/mri-registration-rp/datasets/ds004513/derivatives/mri-registration-rp/antsBrainExtraction/sub-s014/BrainExtractionBrain.nii.gz
Dimension = 3
Number of stages = 1
Use histogram matching = false
Winsorize image intensities = true
  Lower quantile = 0.005
  Upper quantile = 0.995


Stage 1 State
   Image metric = MattesMI
     Fixed image = Image (0x3982e70)
  RTTI typeinfo:   itk::Image<double, 3u>
  Reference Count: 2
  Modified Time: 2334
  Debug: Off
  Object Name: 
  Observers: 
    none
  Source: (none)
  Source output name: (none)
  Release Data: Off
  Data Released: False
  Global Release Data: Off
  PipelineMTime: 0
  UpdateMTime: 1943
  RealTimeStamp: 0 seconds 
  LargestPossibleRegion: 
    Dimension: 3
    Index: [0, 0, 0]
    Size: [193, 229, 193]
  BufferedRegion: 
    Dimension: 3
    Index: [0, 0, 0]
    Size: [193, 229, 193]
  RequestedRegion: 
    Dimension: 3
    Index: [0, 0, 0]
    Size: [193, 229, 193]
  Spacing: [1, 1, 1]
  Origin: [96, 132, -78]
  Direction: 
-1 0 0
0 -1 0
0 0 1

  IndexToPointMatrix: 
-1 0 0
0 -1 0
0 0 1

  PointToIndexMatrix: 
-1 0 0
0 -1 0
0 0 1

  Inverse Direction: 
-1 0 0
0 -1 0
0 0 1

  PixelContainer: 
    ImportImageContainer (0x398f140)
      RTTI typeinfo:   itk::ImportImageContainer<unsigned long, double>
      Reference Count: 1
      Modified Time: 1940
      Debug: Off
      Object Name: 
      Observers: 
        none
      Pointer: 0x15385afcc010
      Container manages memory: true
      Size: 8530021
      Capacity: 8530021

     Moving image = Image (0x398c310)
  RTTI typeinfo:   itk::Image<double, 3u>
  Reference Count: 2
  Modified Time: 2335
  Debug: Off
  Object Name: 
  Observers: 
    none
  Source: (none)
  Source output name: (none)
  Release Data: Off
  Data Released: False
  Global Release Data: Off
  PipelineMTime: 0
  UpdateMTime: 2332
  RealTimeStamp: 0 seconds 
  LargestPossibleRegion: 
    Dimension: 3
    Index: [0, 0, 0]
    Size: [160, 240, 256]
  BufferedRegion: 
    Dimension: 3
    Index: [0, 0, 0]
    Size: [160, 240, 256]
  RequestedRegion: 
    Dimension: 3
    Index: [0, 0, 0]
    Size: [160, 240, 256]
  Spacing: [0.999999, 1, 1]
  Origin: [84.1637, 106.709, -120.531]
  Direction: 
-0.999619 -0.0226874 -0.0157033
0.0226846 -0.999743 0.00035635
-0.0157073 -7.8229e-09 0.999877

  IndexToPointMatrix: 
-0.999619 -0.0226874 -0.0157033
0.0226845 -0.999743 0.00035635
-0.0157073 -7.8229e-09 0.999877

  PointToIndexMatrix: 
-0.99962 0.0226846 -0.0157073
-0.0226874 -0.999743 -7.83127e-09
-0.0157033 0.00035635 0.999877

  Inverse Direction: 
-0.999619 0.0226846 -0.0157073
-0.0226874 -0.999743 -7.83127e-09
-0.0157033 0.00035635 0.999877

  PixelContainer: 
    ImportImageContainer (0x3ab7610)
      RTTI typeinfo:   itk::ImportImageContainer<unsigned long, double>
      Reference Count: 1
      Modified Time: 2329
      Debug: Off
      Object Name: 
      Observers: 
        none
      Pointer: 0x1538564cb010
      Container manages memory: true
      Size: 9830400
      Capacity: 9830400

     Weighting = 1
     Sampling strategy = regular
     Number of bins = 32
     Radius = 4
     Sampling percentage  = 0.25
   Transform = Rigid
     Gradient step = 0.1
     Update field sigma (voxel space) = 0
     Total field sigma (voxel space) = 0
     Update field time sigma = 0
     Total field time sigma  = 0
     Number of time indices = 0
     Number of time point samples = 0
Registration using 1 total stages.

Stage 0
  iterations = 0
  convergence threshold = 1e-06
  convergence window size = 10
  number of levels = 1
  using the Mattes MI metric (number of bins = 32, weight = 1, use gradient filter = 0)
  preprocessing:  winsorizing the image intensities
  Shrink factors (level 1 out of 1): [1, 1, 1]
  smoothing sigmas per level: [0]
  regular sampling (percentage = 0.25)

*** Running Euler3DTransform registration ***

  Elapsed time (stage 0): 1.13061


Total elapsed time: 1.13858
Info [verificarlo]: loaded backend libinterflop_ieee.so
Info [interflop-ieee]: load backend with:
Info [interflop-ieee]: debug = false
Info [interflop-ieee]: debug-binary = false
Info [interflop-ieee]: no-backend-name = false
Info [interflop-ieee]: print-new-line = false
Info [interflop-ieee]: print-subnormal-normalized = false
Info [interflop-ieee]: count-op = false
All_Command_lines_OK
Using double precision for computations.
=============================================================================
The composite transform comprises the following transforms (in order): 
  1. /home/mdugre/scratch/mri-registration-rp/datasets/ds004513/derivatives/mri-registration-rp/0011/antsRegistration-r7-p19/sub-s014/align_Composite.h5[0] (type = Euler3DTransform)
  2. /home/mdugre/scratch/mri-registration-rp/datasets/ds004513/derivatives/mri-registration-rp/0011/antsRegistration-r7-p19/sub-s014/align_Composite.h5[1] (type = Euler3DTransform)
=============================================================================
  number of levels = 4
  fixed image: /templateflow/tpl-MNI152NLin2009cAsym/tpl-MNI152NLin2009cAsym_res-01_desc-brain_T1w.nii.gz
  moving image: /home/mdugre/scratch/mri-registration-rp/datasets/ds004513/derivatives/mri-registration-rp/antsBrainExtraction/sub-s014/BrainExtractionBrain.nii.gz
Dimension = 3
Number of stages = 1
Use histogram matching = false
Winsorize image intensities = true
  Lower quantile = 0.005
  Upper quantile = 0.995


Stage 1 State
   Image metric = MattesMI
     Fixed image = Image (0x3e5f530)
  RTTI typeinfo:   itk::Image<double, 3u>
  Reference Count: 2
  Modified Time: 1580
  Debug: Off
  Object Name: 
  Observers: 
    none
  Source: (none)
  Source output name: (none)
  Release Data: Off
  Data Released: False
  Global Release Data: Off
  PipelineMTime: 0
  UpdateMTime: 1189
  RealTimeStamp: 0 seconds 
  LargestPossibleRegion: 
    Dimension: 3
    Index: [0, 0, 0]
    Size: [193, 229, 193]
  BufferedRegion: 
    Dimension: 3
    Index: [0, 0, 0]
    Size: [193, 229, 193]
  RequestedRegion: 
    Dimension: 3
    Index: [0, 0, 0]
    Size: [193, 229, 193]
  Spacing: [1, 1, 1]
  Origin: [96, 132, -78]
  Direction: 
-1 0 0
0 -1 0
0 0 1

  IndexToPointMatrix: 
-1 0 0
0 -1 0
0 0 1

  PointToIndexMatrix: 
-1 0 0
0 -1 0
0 0 1

  Inverse Direction: 
-1 0 0
0 -1 0
0 0 1

  PixelContainer: 
    ImportImageContainer (0x3f1dd60)
      RTTI typeinfo:   itk::ImportImageContainer<unsigned long, double>
      Reference Count: 1
      Modified Time: 1186
      Debug: Off
      Object Name: 
      Observers: 
        none
      Pointer: 0x14801325f010
      Container manages memory: true
      Size: 8530021
      Capacity: 8530021

     Moving image = Image (0x3f0ff60)
  RTTI typeinfo:   itk::Image<double, 3u>
  Reference Count: 2
  Modified Time: 1581
  Debug: Off
  Object Name: 
  Observers: 
    none
  Source: (none)
  Source output name: (none)
  Release Data: Off
  Data Released: False
  Global Release Data: Off
  PipelineMTime: 0
  UpdateMTime: 1578
  RealTimeStamp: 0 seconds 
  LargestPossibleRegion: 
    Dimension: 3
    Index: [0, 0, 0]
    Size: [160, 240, 256]
  BufferedRegion: 
    Dimension: 3
    Index: [0, 0, 0]
    Size: [160, 240, 256]
  RequestedRegion: 
    Dimension: 3
    Index: [0, 0, 0]
    Size: [160, 240, 256]
  Spacing: [0.999999, 1, 1]
  Origin: [84.1637, 106.709, -120.531]
  Direction: 
-0.999619 -0.0226874 -0.0157033
0.0226846 -0.999743 0.00035635
-0.0157073 -7.8229e-09 0.999877

  IndexToPointMatrix: 
-0.999619 -0.0226874 -0.0157033
0.0226845 -0.999743 0.00035635
-0.0157073 -7.8229e-09 0.999877

  PointToIndexMatrix: 
-0.99962 0.0226846 -0.0157073
-0.0226874 -0.999743 -7.83127e-09
-0.0157033 0.00035635 0.999877

  Inverse Direction: 
-0.999619 0.0226846 -0.0157073
-0.0226874 -0.999743 -7.83127e-09
-0.0157033 0.00035635 0.999877

  PixelContainer: 
    ImportImageContainer (0x3f016d0)
      RTTI typeinfo:   itk::ImportImageContainer<unsigned long, double>
      Reference Count: 1
      Modified Time: 1575
      Debug: Off
      Object Name: 
      Observers: 
        none
      Pointer: 0x14800e75e010
      Container manages memory: true
      Size: 9830400
      Capacity: 9830400

     Weighting = 1
     Sampling strategy = regular
     Number of bins = 32
     Radius = 4
     Sampling percentage  = 0.25
   Transform = Rigid
     Gradient step = 0.1
     Update field sigma (voxel space) = 0
     Total field sigma (voxel space) = 0
     Update field time sigma = 0
     Total field time sigma  = 0
     Number of time indices = 0
     Number of time point samples = 0
Registration using 1 total stages.

Stage 0
  iterations = 1000x500x250x100
  convergence threshold = 1e-06
  convergence window size = 10
  number of levels = 4
  using the Mattes MI metric (number of bins = 32, weight = 1, use gradient filter = 0)
  preprocessing:  winsorizing the image intensities
  Shrink factors (level 1 out of 4): [8, 8, 8]
  Shrink factors (level 2 out of 4): [4, 4, 4]
  Shrink factors (level 3 out of 4): [2, 2, 2]
  Shrink factors (level 4 out of 4): [1, 1, 1]
  smoothing sigmas per level: [3, 2, 1, 0]
  regular sampling (percentage = 0.25)

*** Running Euler3DTransform registration ***

DIAGNOSTIC,Iteration,metricValue,convergenceValue,ITERATION_TIME_INDEX,SINCE_LAST
 2DIAGNOSTIC,     1, -4.770821406565e-01, 1.797693134862e+308, 7.3413e-01, 7.3413e-01, 
 2DIAGNOSTIC,     2, -4.784216133942e-01, 1.797693134862e+308, 7.3879e-01, 4.6651e-03, 
 2DIAGNOSTIC,     3, -4.807043200681e-01, 1.797693134862e+308, 7.4308e-01, 4.2841e-03, 
 2DIAGNOSTIC,     4, -4.840264478065e-01, 1.797693134862e+308, 7.4792e-01, 4.8430e-03, 
 2DIAGNOSTIC,     5, -4.883050305770e-01, 1.797693134862e+308, 7.5256e-01, 4.6351e-03, 
 2DIAGNOSTIC,     6, -4.953560426371e-01, 1.797693134862e+308, 7.5801e-01, 5.4510e-03, 
 2DIAGNOSTIC,     7, -5.007350570384e-01, 1.797693134862e+308, 7.6226e-01, 4.2570e-03, 
 2DIAGNOSTIC,     8, -5.013278569503e-01, 1.797693134862e+308, 7.6652e-01, 4.2541e-03, 
 2DIAGNOSTIC,     9, -5.085255256006e-01, 1.797693134862e+308, 7.7217e-01, 5.6548e-03, 
 2DIAGNOSTIC,    10, -5.161992633656e-01, 5.125196520979e-03, 7.7849e-01, 6.3181e-03, 
 2DIAGNOSTIC,    11, -5.167072941437e-01, 4.879252931146e-03, 7.8292e-01, 4.4339e-03, 
 2DIAGNOSTIC,    12, -5.203629876260e-01, 4.481282734468e-03, 7.8730e-01, 4.3800e-03, 
 2DIAGNOSTIC,    13, -5.229718709777e-01, 3.958672533579e-03, 7.9171e-01, 4.4048e-03, 
 2DIAGNOSTIC,    14, -5.250338110830e-01, 3.368007801723e-03, 7.9675e-01, 5.0399e-03, 
 2DIAGNOSTIC,    15, -5.272078697648e-01, 2.786121483394e-03, 8.0327e-01, 6.5241e-03, 
 2DIAGNOSTIC,    16, -5.275715603978e-01, 2.284098302168e-03, 8.0748e-01, 4.2038e-03, 
 2DIAGNOSTIC,    17, -5.282507656511e-01, 1.839921123746e-03, 8.1197e-01, 4.4949e-03, 
 2DIAGNOSTIC,    18, -5.289722876066e-01, 1.313912041901e-03, 8.1684e-01, 4.8640e-03, 
 2DIAGNOSTIC,    19, -5.292207410111e-01, 9.370568707375e-04, 8.2226e-01, 5.4250e-03, 
 2DIAGNOSTIC,    20, -5.294476960672e-01, 7.341365573350e-04, 8.2709e-01, 4.8261e-03, 
 2DIAGNOSTIC,    21, -5.294955840903e-01, 4.966190831864e-04, 8.3138e-01, 4.2980e-03, 
 2DIAGNOSTIC,    22, -5.295366245031e-01, 3.281311959307e-04, 8.3613e-01, 4.7500e-03, 
 2DIAGNOSTIC,    23, -5.295376311909e-01, 2.063244245630e-04, 8.4088e-01, 4.7481e-03, 
 2DIAGNOSTIC,    24, -5.295911249027e-01, 1.234508389516e-04, 8.4568e-01, 4.8001e-03, 
 2DIAGNOSTIC,    25, -5.296271130649e-01, 8.499150549826e-05, 8.5045e-01, 4.7641e-03, 
 2DIAGNOSTIC,    26, -5.296539599384e-01, 4.983583932668e-05, 8.5470e-01, 4.2520e-03, 
 2DIAGNOSTIC,    27, -5.297704229810e-01, 2.877322816001e-05, 8.5892e-01, 4.2260e-03, 
 2DIAGNOSTIC,    28, -5.299884954868e-01, 2.504887532483e-05, 8.6480e-01, 5.8782e-03, 
 2DIAGNOSTIC,    29, -5.300854192462e-01, 2.569611952963e-05, 8.6955e-01, 4.7431e-03, 
 2DIAGNOSTIC,    30, -5.300410324622e-01, 2.732899345001e-05, 8.7379e-01, 4.2419e-03, 
 2DIAGNOSTIC,    31, -5.300376932142e-01, 2.724560549022e-05, 8.7815e-01, 4.3619e-03, 
 2DIAGNOSTIC,    32, -5.301686264233e-01, 2.763232919471e-05, 8.8244e-01, 4.2889e-03, 
 2DIAGNOSTIC,    33, -5.303926738419e-01, 2.905769096931e-05, 8.8779e-01, 5.3530e-03, 
 2DIAGNOSTIC,    34, -5.304519664600e-01, 2.945835348387e-05, 8.9311e-01, 5.3139e-03, 
 2DIAGNOSTIC,    35, -5.305073139182e-01, 2.868169328668e-05, 8.9736e-01, 4.2560e-03, 
 2DIAGNOSTIC,    36, -5.305686017147e-01, 2.670517373374e-05, 9.0160e-01, 4.2391e-03, 
 2DIAGNOSTIC,    37, -5.306602858941e-01, 2.533264912466e-05, 9.0740e-01, 5.7960e-03, 
 2DIAGNOSTIC,    38, -5.306881156230e-01, 2.512162424815e-05, 9.1164e-01, 4.2419e-03, 
 2DIAGNOSTIC,    39, -5.307317416634e-01, 2.461885298518e-05, 9.1588e-01, 4.2369e-03, 
 2DIAGNOSTIC,    40, -5.308225091354e-01, 2.257034276247e-05, 9.2161e-01, 5.7330e-03, 
 2DIAGNOSTIC,    41, -5.308460424125e-01, 1.877385526149e-05, 9.2580e-01, 4.1900e-03, 
 2DIAGNOSTIC,    42, -5.308561837321e-01, 1.520831957460e-05, 9.3006e-01, 4.2601e-03, 
 2DIAGNOSTIC,    43, -5.308777649273e-01, 1.355835177402e-05, 9.3434e-01, 4.2789e-03, 
 2DIAGNOSTIC,    44, -5.309114036110e-01, 1.190613944551e-05, 9.3856e-01, 4.2200e-03, 
 2DIAGNOSTIC,    45, -5.310262965518e-01, 1.129423566775e-05, 9.4534e-01, 6.7780e-03, 
 2DIAGNOSTIC,    46, -5.310374074445e-01, 1.049838942161e-05, 9.4958e-01, 4.2429e-03, 
 2DIAGNOSTIC,    47, -5.310434720121e-01, 9.962263451398e-06, 9.5384e-01, 4.2660e-03, 
 2DIAGNOSTIC,    48, -5.310518853633e-01, 8.989886107636e-06, 9.5817e-01, 4.3249e-03, 
 2DIAGNOSTIC,    49, -5.310584329536e-01, 7.783359501971e-06, 9.6353e-01, 5.3620e-03, 
 2DIAGNOSTIC,    50, -5.310645817646e-01, 6.973833584088e-06, 9.6965e-01, 6.1150e-03, 
 2DIAGNOSTIC,    51, -5.310656430618e-01, 5.851695600585e-06, 9.7409e-01, 4.4401e-03, 
 2DIAGNOSTIC,    52, -5.310738190002e-01, 4.481863510007e-06, 9.7907e-01, 4.9820e-03, 
 2DIAGNOSTIC,    53, -5.310768127969e-01, 3.049471521591e-06, 9.8348e-01, 4.4119e-03, 
 2DIAGNOSTIC,    54, -5.310775506016e-01, 1.750844720257e-06, 9.8817e-01, 4.6871e-03, 
 2DIAGNOSTIC,    55, -5.310817434211e-01, 1.565716413188e-06, 9.9263e-01, 4.4601e-03, 
 2DIAGNOSTIC,    56, -5.310870994121e-01, 1.452195857531e-06, 9.9753e-01, 4.9002e-03, 
 2DIAGNOSTIC,    57, -5.310885232962e-01, 1.327089154870e-06, 1.0026e+00, 5.0240e-03, 
 2DIAGNOSTIC,    58, -5.310914487850e-01, 1.238639651114e-06, 1.0076e+00, 5.0189e-03, 
 2DIAGNOSTIC,    59, -5.311015678587e-01, 1.240623596650e-06, 1.0131e+00, 5.5070e-03, 
 2DIAGNOSTIC,    60, -5.311021904297e-01, 1.235244578995e-06, 1.0177e+00, 4.6451e-03, 
 2DIAGNOSTIC,    61, -5.311059901820e-01, 1.204917779132e-06, 1.0320e+00, 1.4301e-02, 
 2DIAGNOSTIC,    62, -5.311059901659e-01, 1.182103197373e-06, 1.0465e+00, 1.4510e-02, 
 2DIAGNOSTIC,    63, -5.311059901659e-01, 1.122797857699e-06, 1.0517e+00, 5.1210e-03, 
 2DIAGNOSTIC,    64, -5.311059901659e-01, 1.011506956330e-06, 1.0575e+00, 5.8680e-03, 
DIAGNOSTIC,Iteration,metricValue,convergenceValue,ITERATION_TIME_INDEX,SINCE_LAST
 2DIAGNOSTIC,     1, -4.295258231625e-01, 1.797693134862e+308, 1.8425e+00, 7.8493e-01, 
 2DIAGNOSTIC,     2, -4.302859640432e-01, 1.797693134862e+308, 1.8730e+00, 3.0591e-02, 
 2DIAGNOSTIC,     3, -4.309651196675e-01, 1.797693134862e+308, 1.9036e+00, 3.0516e-02, 
 2DIAGNOSTIC,     4, -4.317164347764e-01, 1.797693134862e+308, 1.9342e+00, 3.0624e-02, 
 2DIAGNOSTIC,     5, -4.325561938345e-01, 1.797693134862e+308, 1.9642e+00, 3.0042e-02, 
 2DIAGNOSTIC,     6, -4.341819580779e-01, 1.797693134862e+308, 1.9958e+00, 3.1556e-02, 
 2DIAGNOSTIC,     7, -4.354327949460e-01, 1.797693134862e+308, 2.0259e+00, 3.0078e-02, 
 2DIAGNOSTIC,     8, -4.367134834400e-01, 1.797693134862e+308, 2.0592e+00, 3.3334e-02, 
 2DIAGNOSTIC,     9, -4.377076816053e-01, 1.797693134862e+308, 2.1009e+00, 4.1746e-02, 
 2DIAGNOSTIC,    10, -4.379510214291e-01, 1.375954781894e-03, 2.1312e+00, 3.0211e-02, 
 2DIAGNOSTIC,    11, -4.381306699704e-01, 1.211218579661e-03, 2.1617e+00, 3.0557e-02, 
 2DIAGNOSTIC,    12, -4.403708091236e-01, 1.128184042344e-03, 2.1968e+00, 3.5115e-02, 
 2DIAGNOSTIC,    13, -4.435986505859e-01, 1.148562288568e-03, 2.2361e+00, 3.9314e-02, 
 2DIAGNOSTIC,    14, -4.436199448107e-01, 1.094787362550e-03, 2.2670e+00, 3.0816e-02, 
 2DIAGNOSTIC,    15, -4.445052016341e-01, 1.025845788771e-03, 2.2980e+00, 3.1064e-02, 
 2DIAGNOSTIC,    16, -4.479362667156e-01, 1.077370588232e-03, 2.3384e+00, 4.0350e-02, 
 2DIAGNOSTIC,    17, -4.481475950945e-01, 1.073587587883e-03, 2.3670e+00, 2.8636e-02, 
 2DIAGNOSTIC,    18, -4.482020490349e-01, 1.018146301445e-03, 2.4000e+00, 3.3029e-02, 
 2DIAGNOSTIC,    19, -4.481966708617e-01, 9.107728223335e-04, 2.4544e+00, 5.4325e-02, 
 2DIAGNOSTIC,    20, -4.481953335864e-01, 7.394369050761e-04, 2.4840e+00, 2.9625e-02, 
 2DIAGNOSTIC,    21, -4.481954334257e-01, 5.189437705291e-04, 2.5206e+00, 3.6667e-02, 
 2DIAGNOSTIC,    22, -4.482018533942e-01, 3.337448827002e-04, 2.5530e+00, 3.2368e-02, 
 2DIAGNOSTIC,    23, -4.481921491821e-01, 2.259319915448e-04, 2.5816e+00, 2.8616e-02, 
 2DIAGNOSTIC,    24, -4.482074312937e-01, 1.077320644496e-04, 2.6167e+00, 3.5071e-02, 
 2DIAGNOSTIC,    25, -4.482144439069e-01, 9.691656716257e-06, 2.6537e+00, 3.6990e-02, 
 2DIAGNOSTIC,    26, -4.482116710083e-01, 3.273680134336e-06, 2.6908e+00, 3.7112e-02, 
 2DIAGNOSTIC,    27, -4.482088353610e-01, 2.084627219200e-06, 2.7315e+00, 4.0655e-02, 
 2DIAGNOSTIC,    28, -4.482139220003e-01, 2.274304937017e-06, 2.7629e+00, 3.1397e-02, 
 2DIAGNOSTIC,    29, -4.482420866407e-01, 2.842586783056e-06, 2.7982e+00, 3.5373e-02, 
 2DIAGNOSTIC,    30, -4.482455732726e-01, 3.232687112810e-06, 2.8367e+00, 3.8458e-02, 
 2DIAGNOSTIC,    31, -4.482405886485e-01, 3.298138754604e-06, 2.8723e+00, 3.5656e-02, 
 2DIAGNOSTIC,    32, -4.482290914907e-01, 3.068921926433e-06, 2.9045e+00, 3.2191e-02, 
 2DIAGNOSTIC,    33, -4.482261087433e-01, 2.406544290415e-06, 2.9433e+00, 3.8806e-02, 
 2DIAGNOSTIC,    34, -4.482147421259e-01, 1.704267920538e-06, 2.9814e+00, 3.8038e-02, 
 2DIAGNOSTIC,    35, -4.482170221628e-01, 1.142411340343e-06, 3.0153e+00, 3.3877e-02, 
DIAGNOSTIC,Iteration,metricValue,convergenceValue,ITERATION_TIME_INDEX,SINCE_LAST
 2DIAGNOSTIC,     1, -3.932184618806e-01, 1.797693134862e+308, 4.1900e+00, 1.1748e+00, 
 2DIAGNOSTIC,     2, -3.933350080704e-01, 1.797693134862e+308, 4.4389e+00, 2.4887e-01, 
 2DIAGNOSTIC,     3, -3.934316047502e-01, 1.797693134862e+308, 4.6857e+00, 2.4680e-01, 
 2DIAGNOSTIC,     4, -3.934445201570e-01, 1.797693134862e+308, 5.0193e+00, 3.3359e-01, 
 2DIAGNOSTIC,     5, -3.934561041290e-01, 1.797693134862e+308, 5.3118e+00, 2.9244e-01, 
 2DIAGNOSTIC,     6, -3.934557400355e-01, 1.797693134862e+308, 5.6413e+00, 3.2957e-01, 
 2DIAGNOSTIC,     7, -3.934568947805e-01, 1.797693134862e+308, 6.1326e+00, 4.9124e-01, 
 2DIAGNOSTIC,     8, -3.934560026618e-01, 1.797693134862e+308, 6.4340e+00, 3.0143e-01, 
 2DIAGNOSTIC,     9, -3.934553707332e-01, 1.797693134862e+308, 6.8094e+00, 3.7541e-01, 
 2DIAGNOSTIC,    10, -3.934548435714e-01, 2.950388535639e-05, 7.1211e+00, 3.1170e-01, 
 2DIAGNOSTIC,    11, -3.934535150749e-01, 1.251787959626e-05, 7.4138e+00, 2.9267e-01, 
 2DIAGNOSTIC,    12, -3.934529103668e-01, 4.334108782422e-06, 7.7171e+00, 3.0336e-01, 
 2DIAGNOSTIC,    13, -3.934523312231e-01, 2.580302654875e-06, 7.9657e+00, 2.4854e-01, 
 2DIAGNOSTIC,    14, -3.934518640786e-01, 1.691075597901e-06, 8.2694e+00, 3.0368e-01, 
 2DIAGNOSTIC,    15, -3.934519734317e-01, 1.537715184061e-06, 8.5258e+00, 2.5642e-01, 
 2DIAGNOSTIC,    16, -3.934513609430e-01, 1.410839928329e-06, 8.7545e+00, 2.2875e-01, 
 2DIAGNOSTIC,    17, -3.934508380142e-01, 1.380509463141e-06, 9.0372e+00, 2.8272e-01, 
 2DIAGNOSTIC,    18, -3.934502559627e-01, 1.340256775437e-06, 9.2684e+00, 2.3118e-01, 
 2DIAGNOSTIC,    19, -3.934497851624e-01, 1.301860326375e-06, 9.5826e+00, 3.1423e-01, 
 2DIAGNOSTIC,    20, -3.934499621499e-01, 1.290039254961e-06, 9.8588e+00, 2.7611e-01, 
 2DIAGNOSTIC,    21, -3.934502604796e-01, 1.271710179676e-06, 1.0166e+01, 3.0737e-01, 
 2DIAGNOSTIC,    22, -3.934498715465e-01, 1.245514111223e-06, 1.0462e+01, 2.9591e-01, 
 2DIAGNOSTIC,    23, -3.934501307098e-01, 1.231426830187e-06, 1.0768e+01, 3.0566e-01, 
 2DIAGNOSTIC,    24, -3.934495535567e-01, 1.200792299053e-06, 1.1026e+01, 2.5808e-01, 
 2DIAGNOSTIC,    25, -3.934490927482e-01, 1.174527718840e-06, 1.1275e+01, 2.4879e-01, 
 2DIAGNOSTIC,    26, -3.934495816164e-01, 1.156238072585e-06, 1.1567e+01, 2.9266e-01, 
 2DIAGNOSTIC,    27, -3.934510332762e-01, 1.170201607267e-06, 1.1893e+01, 3.2626e-01, 
 2DIAGNOSTIC,    28, -3.934498670131e-01, 1.138213981941e-06, 1.2182e+01, 2.8861e-01, 
 2DIAGNOSTIC,    29, -3.934494067797e-01, 1.086573238065e-06, 1.2488e+01, 3.0577e-01, 
 2DIAGNOSTIC,    30, -3.934490070894e-01, 1.034518266670e-06, 1.2775e+01, 2.8668e-01, 
 2DIAGNOSTIC,    31, -3.934493552111e-01, 1.002859693122e-06, 1.3037e+01, 2.6257e-01, 
 2DIAGNOSTIC,    32, -3.934514388880e-01, 1.012150014371e-06, 1.3304e+01, 2.6679e-01, 
 2DIAGNOSTIC,    33, -3.934519791571e-01, 1.036072055378e-06, 1.3539e+01, 2.3559e-01, 
 2DIAGNOSTIC,    34, -3.934514161947e-01, 1.029043045706e-06, 1.3773e+01, 2.3357e-01, 
 2DIAGNOSTIC,    35, -3.934525148337e-01, 1.027695548383e-06, 1.4027e+01, 2.5357e-01, 
 2DIAGNOSTIC,    36, -3.934539683928e-01, 1.051995697499e-06, 1.4321e+01, 2.9480e-01, 
 2DIAGNOSTIC,    37, -3.934536117371e-01, 1.079271527264e-06, 1.4581e+01, 2.6006e-01, 
 2DIAGNOSTIC,    38, -3.934525130762e-01, 1.042002418537e-06, 1.4871e+01, 2.8939e-01, 
DIAGNOSTIC,Iteration,metricValue,convergenceValue,ITERATION_TIME_INDEX,SINCE_LAST
 2DIAGNOSTIC,     1, -3.660000231996e-01, 1.797693134862e+308, 1.7435e+01, 2.5641e+00, 
 2DIAGNOSTIC,     2, -3.661006044899e-01, 1.797693134862e+308, 1.8954e+01, 1.5188e+00, 
 2DIAGNOSTIC,     3, -3.661940053497e-01, 1.797693134862e+308, 2.0556e+01, 1.6027e+00, 
 2DIAGNOSTIC,     4, -3.662025643934e-01, 1.797693134862e+308, 2.3410e+01, 2.8531e+00, 
 2DIAGNOSTIC,     5, -3.662022977357e-01, 1.797693134862e+308, 2.5314e+01, 1.9042e+00, 
 2DIAGNOSTIC,     6, -3.662022733222e-01, 1.797693134862e+308, 2.6993e+01, 1.6794e+00, 
 2DIAGNOSTIC,     7, -3.662021510380e-01, 1.797693134862e+308, 2.8721e+01, 1.7274e+00, 
 2DIAGNOSTIC,     8, -3.662021104735e-01, 1.797693134862e+308, 3.0453e+01, 1.7323e+00, 
 2DIAGNOSTIC,     9, -3.662019867576e-01, 1.797693134862e+308, 3.2199e+01, 1.7457e+00, 
 2DIAGNOSTIC,    10, -3.662019340632e-01, 2.615307069979e-05, 3.3775e+01, 1.5767e+00, 
 2DIAGNOSTIC,    11, -3.662019021357e-01, 1.049208998216e-05, 3.5548e+01, 1.7723e+00, 
 2DIAGNOSTIC,    12, -3.662017877805e-01, 3.091361337110e-06, 3.7317e+01, 1.7691e+00, 
 2DIAGNOSTIC,    13, -3.662019075654e-01, 2.358435183078e-06, 3.9022e+01, 1.7050e+00, 
 2DIAGNOSTIC,    14, -3.662018587079e-01, 2.210206156109e-06, 4.0582e+01, 1.5607e+00, 
 2DIAGNOSTIC,    15, -3.662018920102e-01, 2.075386387371e-06, 4.2132e+01, 1.5498e+00, 
 2DIAGNOSTIC,    16, -3.662018421342e-01, 1.958104236130e-06, 4.3520e+01, 1.3873e+00, 
 2DIAGNOSTIC,    17, -3.662017315624e-01, 1.846828481929e-06, 4.4919e+01, 1.3990e+00, 
 2DIAGNOSTIC,    18, -3.662016584508e-01, 1.745449634022e-06, 4.6508e+01, 1.5891e+00, 
 2DIAGNOSTIC,    19, -3.662015876295e-01, 1.648798695693e-06, 4.8121e+01, 1.6137e+00, 
 2DIAGNOSTIC,    20, -3.662013732903e-01, 1.553843731371e-06, 4.9687e+01, 1.5660e+00, 
 2DIAGNOSTIC,    21, -3.662013254907e-01, 1.468744456792e-06, 5.1846e+01, 2.1590e+00, 
 2DIAGNOSTIC,    22, -3.662011170334e-01, 1.384171213321e-06, 5.3591e+01, 1.7446e+00, 
 2DIAGNOSTIC,    23, -3.662008967247e-01, 1.309503503598e-06, 5.5150e+01, 1.5592e+00, 
 2DIAGNOSTIC,    24, -3.662008589260e-01, 1.245216154903e-06, 5.6882e+01, 1.7316e+00, 
 2DIAGNOSTIC,    25, -3.662009022505e-01, 1.195923425373e-06, 5.8667e+01, 1.7850e+00, 
 2DIAGNOSTIC,    26, -3.662008588610e-01, 1.154782578588e-06, 6.0322e+01, 1.6552e+00, 
 2DIAGNOSTIC,    27, -3.662010886931e-01, 1.126687704918e-06, 6.2087e+01, 1.7654e+00, 
 2DIAGNOSTIC,    28, -3.662011544984e-01, 1.105168522572e-06, 6.3878e+01, 1.7911e+00, 
 2DIAGNOSTIC,    29, -3.662007271223e-01, 1.074819852939e-06, 6.5911e+01, 2.0321e+00, 
 2DIAGNOSTIC,    30, -3.662006710274e-01, 1.041888295174e-06, 6.7779e+01, 1.8687e+00, 
 2DIAGNOSTIC,    31, -3.662006079432e-01, 1.010052193065e-06, 6.9571e+01, 1.7913e+00, 
  Elapsed time (stage 0): 7.0544e+01


Total elapsed time: 7.0549e+01
Info [verificarlo]: loaded backend libinterflop_vprec.so
Info [interflop-vprec]: load backend with: 
Info [interflop-vprec]: precision-binary32 = 19
Info [interflop-vprec]: range-binary32 = 7
Info [interflop-vprec]: precision-binary64 = 19
Info [interflop-vprec]: range-binary64 = 7
Info [interflop-vprec]: mode = ob
Info [interflop-vprec]: error-mode = rel
Info [interflop-vprec]: max-abs-error-exponent = -1022
Info [interflop-vprec]: daz = false
Info [interflop-vprec]: ftz = false
Info [interflop-vprec]: 	instrument = none
Info [interflop-vprec]: 	prec-input-file = (null)
Info [interflop-vprec]: 	prec-output-file = (null)
Info [interflop-vprec]: 	prec-log-file = (null)
All_Command_lines_OK
Using double precision for computations.
=============================================================================
The composite transform comprises the following transforms (in order): 
  1. /home/mdugre/scratch/mri-registration-rp/datasets/ds004513/derivatives/mri-registration-rp/0011/antsRegistration-r7-p19/sub-s014/rigid_Composite.h5[0] (type = Euler3DTransform)
  2. /home/mdugre/scratch/mri-registration-rp/datasets/ds004513/derivatives/mri-registration-rp/0011/antsRegistration-r7-p19/sub-s014/rigid_Composite.h5[1] (type = Euler3DTransform)
  3. /home/mdugre/scratch/mri-registration-rp/datasets/ds004513/derivatives/mri-registration-rp/0011/antsRegistration-r7-p19/sub-s014/rigid_Composite.h5[2] (type = Euler3DTransform)
=============================================================================
  number of levels = 4
  fixed image: /templateflow/tpl-MNI152NLin2009cAsym/tpl-MNI152NLin2009cAsym_res-01_desc-brain_T1w.nii.gz
  moving image: /home/mdugre/scratch/mri-registration-rp/datasets/ds004513/derivatives/mri-registration-rp/antsBrainExtraction/sub-s014/BrainExtractionBrain.nii.gz
Dimension = 3
Number of stages = 1
Use histogram matching = false
Winsorize image intensities = true
  Lower quantile = 0.005
  Upper quantile = 0.995


Stage 1 State
   Image metric = MattesMI
     Fixed image = Image (0x439b490)
  RTTI typeinfo:   itk::Image<double, 3u>
  Reference Count: 2
  Modified Time: 1594
  Debug: Off
  Object Name: 
  Observers: 
    none
  Source: (none)
  Source output name: (none)
  Release Data: Off
  Data Released: False
  Global Release Data: Off
  PipelineMTime: 0
  UpdateMTime: 1203
  RealTimeStamp: 0 seconds 
  LargestPossibleRegion: 
    Dimension: 3
    Index: [0, 0, 0]
    Size: [193, 229, 193]
  BufferedRegion: 
    Dimension: 3
    Index: [0, 0, 0]
    Size: [193, 229, 193]
  RequestedRegion: 
    Dimension: 3
    Index: [0, 0, 0]
    Size: [193, 229, 193]
  Spacing: [1, 1, 1]
  Origin: [96, 132, -78]
  Direction: 
-1 0 0
0 -1 0
0 0 1

  IndexToPointMatrix: 
-1 0 0
0 -1 0
0 0 1

  PointToIndexMatrix: 
-1 0 0
0 -1 0
0 0 1

  Inverse Direction: 
-1 0 0
0 -1 0
0 0 1

  PixelContainer: 
    ImportImageContainer (0x44668c0)
      RTTI typeinfo:   itk::ImportImageContainer<unsigned long, double>
      Reference Count: 1
      Modified Time: 1200
      Debug: Off
      Object Name: 
      Observers: 
        none
      Pointer: 0x14d1209c5010
      Container manages memory: true
      Size: 8530021
      Capacity: 8530021

     Moving image = Image (0x4456b60)
  RTTI typeinfo:   itk::Image<double, 3u>
  Reference Count: 2
  Modified Time: 1595
  Debug: Off
  Object Name: 
  Observers: 
    none
  Source: (none)
  Source output name: (none)
  Release Data: Off
  Data Released: False
  Global Release Data: Off
  PipelineMTime: 0
  UpdateMTime: 1592
  RealTimeStamp: 0 seconds 
  LargestPossibleRegion: 
    Dimension: 3
    Index: [0, 0, 0]
    Size: [160, 240, 256]
  BufferedRegion: 
    Dimension: 3
    Index: [0, 0, 0]
    Size: [160, 240, 256]
  RequestedRegion: 
    Dimension: 3
    Index: [0, 0, 0]
    Size: [160, 240, 256]
  Spacing: [0.999999, 1, 1]
  Origin: [84.1637, 106.709, -120.531]
  Direction: 
-0.999619 -0.0226873 -0.0157033
0.0226845 -0.999743 0.00035635
-0.0157073 -7.8229e-09 0.999877

  IndexToPointMatrix: 
-0.999618 -0.0226873 -0.0157033
0.0226845 -0.999743 0.00035635
-0.0157073 -7.8229e-09 0.999877

  PointToIndexMatrix: 
-0.99962 0.0226846 -0.0157074
-0.0226874 -0.999746 -9.53674e-07
-0.0157033 0.000359058 0.999877

  Inverse Direction: 
-0.999622 0.0226846 -0.0157074
-0.0226874 -0.999743 -7.91624e-09
-0.0157033 0.000356351 0.999877

  PixelContainer: 
    ImportImageContainer (0x44ea1d0)
      RTTI typeinfo:   itk::ImportImageContainer<unsigned long, double>
      Reference Count: 1
      Modified Time: 1589
      Debug: Off
      Object Name: 
      Observers: 
        none
      Pointer: 0x14d11bec4010
      Container manages memory: true
      Size: 9830400
      Capacity: 9830400

     Weighting = 1
     Sampling strategy = regular
     Number of bins = 32
     Radius = 4
     Sampling percentage  = 0.25
   Transform = Affine
     Gradient step = 0.1
     Update field sigma (voxel space) = 0
     Total field sigma (voxel space) = 0
     Update field time sigma = 0
     Total field time sigma  = 0
     Number of time indices = 0
     Number of time point samples = 0
Registration using 1 total stages.

Stage 0
  iterations = 1000x500x250x100
  convergence threshold = 1e-06
  convergence window size = 10
  number of levels = 4
  using the Mattes MI metric (number of bins = 32, weight = 1, use gradient filter = 0)
  preprocessing:  winsorizing the image intensities
  Shrink factors (level 1 out of 4): [8, 8, 8]
  Shrink factors (level 2 out of 4): [4, 4, 4]
  Shrink factors (level 3 out of 4): [2, 2, 2]
  Shrink factors (level 4 out of 4): [1, 1, 1]
  smoothing sigmas per level: [3, 2, 1, 0]
  regular sampling (percentage = 0.25)

*** Running AffineTransform registration ***

DIAGNOSTIC,Iteration,metricValue,convergenceValue,ITERATION_TIME_INDEX,SINCE_LAST
 2DIAGNOSTIC,     1, -5.239800974216e-01, 1.797693134862e+308, 0.0000e+00, 0.0000e+00, 
 2DIAGNOSTIC,     2, -5.258740447228e-01, 1.797693134862e+308, 0.0000e+00, 0.0000e+00, 
 2DIAGNOSTIC,     3, -5.291283495249e-01, 1.797693134862e+308, 0.0000e+00, 0.0000e+00, 
 2DIAGNOSTIC,     4, -5.348083324467e-01, 1.797693134862e+308, 0.0000e+00, 0.0000e+00, 
 2DIAGNOSTIC,     5, -5.450161014340e-01, 1.797693134862e+308, 0.0000e+00, 0.0000e+00, 
 2DIAGNOSTIC,     6, -6.220070201738e-01, 1.797693134862e+308, 0.0000e+00, 0.0000e+00, 
 2DIAGNOSTIC,     7, -6.638835193822e-01, 1.797693134862e+308, 0.0000e+00, 0.0000e+00, 
 2DIAGNOSTIC,     8, -7.304489502537e-01, 1.797693134862e+308, 0.0000e+00, 0.0000e+00, 
 2DIAGNOSTIC,     9, -7.427175980259e-01, 1.797693134862e+308, 0.0000e+00, 0.0000e+00, 
 2DIAGNOSTIC,    10, -7.543007701395e-01, 2.920124561706e-02, 0.0000e+00, 0.0000e+00, 
 2DIAGNOSTIC,    11, -7.654969009946e-01, 2.768767660836e-02, 0.0000e+00, 0.0000e+00, 
 2DIAGNOSTIC,    12, -7.742846913330e-01, 2.436232941323e-02, 0.0000e+00, 0.0000e+00, 
 2DIAGNOSTIC,    13, -7.831777669060e-01, 1.986321917336e-02, 0.0000e+00, 0.0000e+00, 
 2DIAGNOSTIC,    14, -7.880213764857e-01, 1.468575230790e-02, 0.0000e+00, 0.0000e+00, 
 2DIAGNOSTIC,    15, -7.952921459791e-01, 9.458797073119e-03, 0.0000e+00, 0.0000e+00, 
 2DIAGNOSTIC,    16, -7.968681636171e-01, 6.179499587583e-03, 0.0000e+00, 0.0000e+00, 
 2DIAGNOSTIC,    17, -7.996737907516e-01, 3.831273390629e-03, 0.0000e+00, 0.0000e+00, 
 2DIAGNOSTIC,    18, -8.011570774810e-01, 2.979618287733e-03, 0.0000e+00, 0.0000e+00, 
 2DIAGNOSTIC,    19, -8.052798205811e-01, 2.303374722270e-03, 0.0000e+00, 0.0000e+00, 
 2DIAGNOSTIC,    20, -8.061579303834e-01, 1.738035376922e-03, 0.0000e+00, 0.0000e+00, 
 2DIAGNOSTIC,    21, -8.064757242194e-01, 1.291390282855e-03, 0.0000e+00, 0.0000e+00, 
 2DIAGNOSTIC,    22, -8.069312792799e-01, 9.370207751922e-04, 0.0000e+00, 0.0000e+00, 
 2DIAGNOSTIC,    23, -8.078612405471e-01, 6.981203182753e-04, 0.0000e+00, 0.0000e+00, 
 2DIAGNOSTIC,    24, -8.095642066334e-01, 5.200394760444e-04, 0.0000e+00, 0.0000e+00, 
 2DIAGNOSTIC,    25, -8.192757907784e-01, 5.745770023567e-04, 0.0000e+00, 0.0000e+00, 
 2DIAGNOSTIC,    26, -8.219730311353e-01, 6.310206351875e-04, 0.0000e+00, 0.0000e+00, 
 2DIAGNOSTIC,    27, -8.241898937742e-01, 6.969255383327e-04, 0.0000e+00, 0.0000e+00, 
 2DIAGNOSTIC,    28, -8.248492646559e-01, 7.217804613796e-04, 0.0000e+00, 0.0000e+00, 
 2DIAGNOSTIC,    29, -8.262192300992e-01, 7.493322602954e-04, 0.0000e+00, 0.0000e+00, 
 2DIAGNOSTIC,    30, -8.296406365086e-01, 7.570599765567e-04, 0.0000e+00, 0.0000e+00, 
 2DIAGNOSTIC,    31, -8.318812426620e-01, 7.227038640622e-04, 0.0000e+00, 0.0000e+00, 
 2DIAGNOSTIC,    32, -8.335242098030e-01, 6.486984849302e-04, 0.0000e+00, 0.0000e+00, 
 2DIAGNOSTIC,    33, -8.353578271690e-01, 5.515545277530e-04, 0.0000e+00, 0.0000e+00, 
 2DIAGNOSTIC,    34, -8.374506247615e-01, 4.480491407643e-04, 0.0000e+00, 0.0000e+00, 
 2DIAGNOSTIC,    35, -8.377175723504e-01, 4.147042755323e-04, 0.0000e+00, 0.0000e+00, 
 2DIAGNOSTIC,    36, -8.385718315044e-01, 3.807300032175e-04, 0.0000e+00, 0.0000e+00, 
 2DIAGNOSTIC,    37, -8.392144075469e-01, 3.418741993959e-04, 0.0000e+00, 0.0000e+00, 
 2DIAGNOSTIC,    38, -8.397447759005e-01, 2.844603654033e-04, 0.0000e+00, 0.0000e+00, 
 2DIAGNOSTIC,    39, -8.410292952638e-01, 2.278649385378e-04, 0.0000e+00, 0.0000e+00, 
 2DIAGNOSTIC,    40, -8.419726425797e-01, 1.928009762166e-04, 0.0000e+00, 0.0000e+00, 
 2DIAGNOSTIC,    41, -8.419774767360e-01, 1.615069783118e-04, 0.0000e+00, 0.0000e+00, 
 2DIAGNOSTIC,    42, -8.423083075858e-01, 1.338298026493e-04, 0.0000e+00, 0.0000e+00, 
 2DIAGNOSTIC,    43, -8.425431267790e-01, 1.121474007885e-04, 0.0000e+00, 0.0000e+00, 
 2DIAGNOSTIC,    44, -8.423440887447e-01, 9.660429245904e-05, 0.0000e+00, 0.0000e+00, 
 2DIAGNOSTIC,    45, -8.422265349229e-01, 7.376317994448e-05, 0.0000e+00, 0.0000e+00, 
 2DIAGNOSTIC,    46, -8.422275291313e-01, 5.190836282676e-05, 0.0000e+00, 0.0000e+00, 
 2DIAGNOSTIC,    47, -8.422347358139e-01, 3.126171468782e-05, 0.0000e+00, 0.0000e+00, 
 2DIAGNOSTIC,    48, -8.422478606563e-01, 1.251593962721e-05, 0.0000e+00, 0.0000e+00, 
 2DIAGNOSTIC,    49, -8.422658934188e-01, 3.012130477143e-06, 0.0000e+00, 0.0000e+00, 
DIAGNOSTIC,Iteration,metricValue,convergenceValue,ITERATION_TIME_INDEX,SINCE_LAST
 2DIAGNOSTIC,     1, -6.886650936986e-01, 1.797693134862e+308, 0.0000e+00, 0.0000e+00, 
 2DIAGNOSTIC,     2, -6.894169421360e-01, 1.797693134862e+308, 0.0000e+00, 0.0000e+00, 
 2DIAGNOSTIC,     3, -6.900228556511e-01, 1.797693134862e+308, 0.0000e+00, 0.0000e+00, 
 2DIAGNOSTIC,     4, -6.903816918353e-01, 1.797693134862e+308, 0.0000e+00, 0.0000e+00, 
 2DIAGNOSTIC,     5, -6.911156152965e-01, 1.797693134862e+308, 0.0000e+00, 0.0000e+00, 
 2DIAGNOSTIC,     6, -6.919239568702e-01, 1.797693134862e+308, 0.0000e+00, 0.0000e+00, 
 2DIAGNOSTIC,     7, -6.922581761321e-01, 1.797693134862e+308, 0.0000e+00, 0.0000e+00, 
 2DIAGNOSTIC,     8, -6.925164624202e-01, 1.797693134862e+308, 0.0000e+00, 0.0000e+00, 
 2DIAGNOSTIC,     9, -6.926497094050e-01, 1.797693134862e+308, 0.0000e+00, 0.0000e+00, 
 2DIAGNOSTIC,    10, -6.931015713601e-01, 4.152172139693e-04, 0.0000e+00, 0.0000e+00, 
 2DIAGNOSTIC,    11, -6.935218414307e-01, 3.427935611671e-04, 0.0000e+00, 0.0000e+00, 
 2DIAGNOSTIC,    12, -6.935303940376e-01, 2.775270644454e-04, 0.0000e+00, 0.0000e+00, 
 2DIAGNOSTIC,    13, -6.935229140373e-01, 2.169904838145e-04, 0.0000e+00, 0.0000e+00, 
 2DIAGNOSTIC,    14, -6.935235861845e-01, 1.560824609759e-04, 0.0000e+00, 0.0000e+00, 
 2DIAGNOSTIC,    15, -6.935240469969e-01, 1.087083550464e-04, 0.0000e+00, 0.0000e+00, 
 2DIAGNOSTIC,    16, -6.935241861217e-01, 7.790640671231e-05, 0.0000e+00, 0.0000e+00, 
 2DIAGNOSTIC,    17, -6.935122590769e-01, 5.152884766449e-05, 0.0000e+00, 0.0000e+00, 
 2DIAGNOSTIC,    18, -6.935124372569e-01, 2.959947873116e-05, 0.0000e+00, 0.0000e+00, 
 2DIAGNOSTIC,    19, -6.935124770557e-01, 1.011306374644e-05, 0.0000e+00, 0.0000e+00, 
DIAGNOSTIC,Iteration,metricValue,convergenceValue,ITERATION_TIME_INDEX,SINCE_LAST
 2DIAGNOSTIC,     1, -5.883675441174e-01, 1.797693134862e+308, 0.0000e+00, 0.0000e+00, 
 2DIAGNOSTIC,     2, -5.890118416095e-01, 1.797693134862e+308, 0.0000e+00, 0.0000e+00, 
 2DIAGNOSTIC,     3, -5.897487710256e-01, 1.797693134862e+308, 0.0000e+00, 0.0000e+00, 
 2DIAGNOSTIC,     4, -5.905742699350e-01, 1.797693134862e+308, 0.0000e+00, 0.0000e+00, 
 2DIAGNOSTIC,     5, -5.917295398100e-01, 1.797693134862e+308, 0.0000e+00, 0.0000e+00, 
 2DIAGNOSTIC,     6, -5.938034299324e-01, 1.797693134862e+308, 0.0000e+00, 0.0000e+00, 
 2DIAGNOSTIC,     7, -5.938156959228e-01, 1.797693134862e+308, 0.0000e+00, 0.0000e+00, 
 2DIAGNOSTIC,     8, -5.938092102930e-01, 1.797693134862e+308, 0.0000e+00, 0.0000e+00, 
 2DIAGNOSTIC,     9, -5.938101700762e-01, 1.797693134862e+308, 0.0000e+00, 0.0000e+00, 
 2DIAGNOSTIC,    10, -5.938094700074e-01, 6.918229032049e-04, 0.0000e+00, 0.0000e+00, 
 2DIAGNOSTIC,    11, -5.938096891437e-01, 5.087063269737e-04, 0.0000e+00, 0.0000e+00, 
 2DIAGNOSTIC,    12, -5.938084501747e-01, 3.365581560577e-04, 0.0000e+00, 0.0000e+00, 
 2DIAGNOSTIC,    13, -5.938084662659e-01, 1.889127932578e-04, 0.0000e+00, 0.0000e+00, 
 2DIAGNOSTIC,    14, -5.938084896245e-01, 7.349362320136e-05, 0.0000e+00, 0.0000e+00, 
 2DIAGNOSTIC,    15, -5.938084983506e-01, 2.039528754758e-06, 0.0000e+00, 0.0000e+00, 
 2DIAGNOSTIC,    16, -5.938084939103e-01, 1.697105262835e-06, 0.0000e+00, 0.0000e+00, 
 2DIAGNOSTIC,    17, -5.938084895205e-01, 1.773469262403e-06, 0.0000e+00, 0.0000e+00, 
 2DIAGNOSTIC,    18, -5.938084917562e-01, 1.676801835479e-06, 0.0000e+00, 0.0000e+00, 
 2DIAGNOSTIC,    19, -5.938084916880e-01, 1.622855476065e-06, 0.0000e+00, 0.0000e+00, 
 2DIAGNOSTIC,    20, -5.938084900650e-01, 1.561631721873e-06, 0.0000e+00, 0.0000e+00, 
