
##########################
# Experiment information #
##########################

EXPERIMENT_NAME: antsRegistration-r7-p19
VFC_BACKENDS: libinterflop_vprec.so --range-binary32=7 --precision-binary32=19 --range-binary64=7 --precision-binary64=19

SIF_IMG: /home/mdugre/projects/rrg-glatard/mdugre/containers/ants-vprec-no_metrics.simg

SUBJECT_ID: s017
INPUT_IMG: /home/mdugre/scratch/mri-registration-rp/datasets/ds004513/derivatives/mri-registration-rp/antsBrainExtraction/sub-s017/BrainExtractionBrain.nii.gz
OUTPUT_DIR: /home/mdugre/scratch/mri-registration-rp/datasets/ds004513/derivatives/mri-registration-rp/0011/antsRegistration-r7-p19/sub-s017

FIXED_IMG: /templateflow/tpl-MNI152NLin2009cAsym/tpl-MNI152NLin2009cAsym_res-01_desc-brain_T1w.nii.gz
DATA_DIR: /home/mdugre/scratch/mri-registration-rp/datasets/ds004513
TEMPLATEFLOW_DIR: /home/mdugre/projects/rrg-glatard/mdugre/templateflow
ITK_GLOBAL_DEFAULT_NUMBER_OF_THREADS: 16
##########################

Info [verificarlo]: loaded backend libinterflop_ieee.so
Info [interflop-ieee]: load backend with:
Info [interflop-ieee]: debug = false
Info [interflop-ieee]: debug-binary = false
Info [interflop-ieee]: no-backend-name = false
Info [interflop-ieee]: print-new-line = false
Info [interflop-ieee]: print-subnormal-normalized = false
Info [interflop-ieee]: count-op = false
All_Command_lines_OK
Using double precision for computations.
=============================================================================
The composite transform comprises the following transforms (in order): 
  1. Center of mass alignment using fixed image: /templateflow/tpl-MNI152NLin2009cAsym/tpl-MNI152NLin2009cAsym_res-01_desc-brain_T1w.nii.gz and moving image: /home/mdugre/scratch/mri-registration-rp/datasets/ds004513/derivatives/mri-registration-rp/antsBrainExtraction/sub-s017/BrainExtractionBrain.nii.gz (type = Euler3DTransform)
=============================================================================
  number of levels = 1
  fixed image: /templateflow/tpl-MNI152NLin2009cAsym/tpl-MNI152NLin2009cAsym_res-01_desc-brain_T1w.nii.gz
  moving image: /home/mdugre/scratch/mri-registration-rp/datasets/ds004513/derivatives/mri-registration-rp/antsBrainExtraction/sub-s017/BrainExtractionBrain.nii.gz
Dimension = 3
Number of stages = 1
Use histogram matching = false
Winsorize image intensities = true
  Lower quantile = 0.005
  Upper quantile = 0.995


Stage 1 State
   Image metric = MattesMI
     Fixed image = Image (0x429de70)
  RTTI typeinfo:   itk::Image<double, 3u>
  Reference Count: 2
  Modified Time: 2334
  Debug: Off
  Object Name: 
  Observers: 
    none
  Source: (none)
  Source output name: (none)
  Release Data: Off
  Data Released: False
  Global Release Data: Off
  PipelineMTime: 0
  UpdateMTime: 1943
  RealTimeStamp: 0 seconds 
  LargestPossibleRegion: 
    Dimension: 3
    Index: [0, 0, 0]
    Size: [193, 229, 193]
  BufferedRegion: 
    Dimension: 3
    Index: [0, 0, 0]
    Size: [193, 229, 193]
  RequestedRegion: 
    Dimension: 3
    Index: [0, 0, 0]
    Size: [193, 229, 193]
  Spacing: [1, 1, 1]
  Origin: [96, 132, -78]
  Direction: 
-1 0 0
0 -1 0
0 0 1

  IndexToPointMatrix: 
-1 0 0
0 -1 0
0 0 1

  PointToIndexMatrix: 
-1 0 0
0 -1 0
0 0 1

  Inverse Direction: 
-1 0 0
0 -1 0
0 0 1

  PixelContainer: 
    ImportImageContainer (0x42a6c60)
      RTTI typeinfo:   itk::ImportImageContainer<unsigned long, double>
      Reference Count: 1
      Modified Time: 1940
      Debug: Off
      Object Name: 
      Observers: 
        none
      Pointer: 0x14bf9403a010
      Container manages memory: true
      Size: 8530021
      Capacity: 8530021

     Moving image = Image (0x42a9610)
  RTTI typeinfo:   itk::Image<double, 3u>
  Reference Count: 2
  Modified Time: 2335
  Debug: Off
  Object Name: 
  Observers: 
    none
  Source: (none)
  Source output name: (none)
  Release Data: Off
  Data Released: False
  Global Release Data: Off
  PipelineMTime: 0
  UpdateMTime: 2332
  RealTimeStamp: 0 seconds 
  LargestPossibleRegion: 
    Dimension: 3
    Index: [0, 0, 0]
    Size: [160, 240, 256]
  BufferedRegion: 
    Dimension: 3
    Index: [0, 0, 0]
    Size: [160, 240, 256]
  RequestedRegion: 
    Dimension: 3
    Index: [0, 0, 0]
    Size: [160, 240, 256]
  Spacing: [1, 1, 1]
  Origin: [91.3357, 102.231, -120.042]
  Direction: 
-0.997442 -5.36781e-05 -0.0714818
5.35416e-05 -1 3.82465e-06
-0.0714818 -1.23894e-08 0.997442

  IndexToPointMatrix: 
-0.997444 -5.36781e-05 -0.0714818
5.35418e-05 -1 3.82465e-06
-0.0714819 -1.23894e-08 0.997442

  PointToIndexMatrix: 
-0.99744 5.35415e-05 -0.0714816
-5.36781e-05 -1 -1.23894e-08
-0.0714818 3.82465e-06 0.997442

  Inverse Direction: 
-0.997442 5.35416e-05 -0.0714818
-5.36781e-05 -1 -1.23894e-08
-0.0714818 3.82465e-06 0.997442

  PixelContainer: 
    ImportImageContainer (0x4342ef0)
      RTTI typeinfo:   itk::ImportImageContainer<unsigned long, double>
      Reference Count: 1
      Modified Time: 2329
      Debug: Off
      Object Name: 
      Observers: 
        none
      Pointer: 0x14bf8f539010
      Container manages memory: true
      Size: 9830400
      Capacity: 9830400

     Weighting = 1
     Sampling strategy = regular
     Number of bins = 32
     Radius = 4
     Sampling percentage  = 0.25
   Transform = Rigid
     Gradient step = 0.1
     Update field sigma (voxel space) = 0
     Total field sigma (voxel space) = 0
     Update field time sigma = 0
     Total field time sigma  = 0
     Number of time indices = 0
     Number of time point samples = 0
Registration using 1 total stages.

Stage 0
  iterations = 0
  convergence threshold = 1e-06
  convergence window size = 10
  number of levels = 1
  using the Mattes MI metric (number of bins = 32, weight = 1, use gradient filter = 0)
  preprocessing:  winsorizing the image intensities
  Shrink factors (level 1 out of 1): [1, 1, 1]
  smoothing sigmas per level: [0]
  regular sampling (percentage = 0.25)

*** Running Euler3DTransform registration ***

  Elapsed time (stage 0): 1.16684


Total elapsed time: 1.17025
Info [verificarlo]: loaded backend libinterflop_ieee.so
Info [interflop-ieee]: load backend with:
Info [interflop-ieee]: debug = false
Info [interflop-ieee]: debug-binary = false
Info [interflop-ieee]: no-backend-name = false
Info [interflop-ieee]: print-new-line = false
Info [interflop-ieee]: print-subnormal-normalized = false
Info [interflop-ieee]: count-op = false
All_Command_lines_OK
Using double precision for computations.
=============================================================================
The composite transform comprises the following transforms (in order): 
  1. /home/mdugre/scratch/mri-registration-rp/datasets/ds004513/derivatives/mri-registration-rp/0011/antsRegistration-r7-p19/sub-s017/align_Composite.h5[0] (type = Euler3DTransform)
  2. /home/mdugre/scratch/mri-registration-rp/datasets/ds004513/derivatives/mri-registration-rp/0011/antsRegistration-r7-p19/sub-s017/align_Composite.h5[1] (type = Euler3DTransform)
=============================================================================
  number of levels = 4
  fixed image: /templateflow/tpl-MNI152NLin2009cAsym/tpl-MNI152NLin2009cAsym_res-01_desc-brain_T1w.nii.gz
  moving image: /home/mdugre/scratch/mri-registration-rp/datasets/ds004513/derivatives/mri-registration-rp/antsBrainExtraction/sub-s017/BrainExtractionBrain.nii.gz
Dimension = 3
Number of stages = 1
Use histogram matching = false
Winsorize image intensities = true
  Lower quantile = 0.005
  Upper quantile = 0.995


Stage 1 State
   Image metric = MattesMI
     Fixed image = Image (0x397d530)
  RTTI typeinfo:   itk::Image<double, 3u>
  Reference Count: 2
  Modified Time: 1580
  Debug: Off
  Object Name: 
  Observers: 
    none
  Source: (none)
  Source output name: (none)
  Release Data: Off
  Data Released: False
  Global Release Data: Off
  PipelineMTime: 0
  UpdateMTime: 1189
  RealTimeStamp: 0 seconds 
  LargestPossibleRegion: 
    Dimension: 3
    Index: [0, 0, 0]
    Size: [193, 229, 193]
  BufferedRegion: 
    Dimension: 3
    Index: [0, 0, 0]
    Size: [193, 229, 193]
  RequestedRegion: 
    Dimension: 3
    Index: [0, 0, 0]
    Size: [193, 229, 193]
  Spacing: [1, 1, 1]
  Origin: [96, 132, -78]
  Direction: 
-1 0 0
0 -1 0
0 0 1

  IndexToPointMatrix: 
-1 0 0
0 -1 0
0 0 1

  PointToIndexMatrix: 
-1 0 0
0 -1 0
0 0 1

  Inverse Direction: 
-1 0 0
0 -1 0
0 0 1

  PixelContainer: 
    ImportImageContainer (0x3a3bd60)
      RTTI typeinfo:   itk::ImportImageContainer<unsigned long, double>
      Reference Count: 1
      Modified Time: 1186
      Debug: Off
      Object Name: 
      Observers: 
        none
      Pointer: 0x146ae9c9a010
      Container manages memory: true
      Size: 8530021
      Capacity: 8530021

     Moving image = Image (0x3a2df60)
  RTTI typeinfo:   itk::Image<double, 3u>
  Reference Count: 2
  Modified Time: 1581
  Debug: Off
  Object Name: 
  Observers: 
    none
  Source: (none)
  Source output name: (none)
  Release Data: Off
  Data Released: False
  Global Release Data: Off
  PipelineMTime: 0
  UpdateMTime: 1578
  RealTimeStamp: 0 seconds 
  LargestPossibleRegion: 
    Dimension: 3
    Index: [0, 0, 0]
    Size: [160, 240, 256]
  BufferedRegion: 
    Dimension: 3
    Index: [0, 0, 0]
    Size: [160, 240, 256]
  RequestedRegion: 
    Dimension: 3
    Index: [0, 0, 0]
    Size: [160, 240, 256]
  Spacing: [1, 1, 1]
  Origin: [91.3357, 102.231, -120.042]
  Direction: 
-0.997442 -5.36781e-05 -0.0714818
5.35416e-05 -1 3.82465e-06
-0.0714818 -1.23894e-08 0.997442

  IndexToPointMatrix: 
-0.997444 -5.36781e-05 -0.0714818
5.35418e-05 -1 3.82465e-06
-0.0714819 -1.23894e-08 0.997442

  PointToIndexMatrix: 
-0.99744 5.35415e-05 -0.0714816
-5.36781e-05 -1 -1.23894e-08
-0.0714818 3.82465e-06 0.997442

  Inverse Direction: 
-0.997442 5.35416e-05 -0.0714818
-5.36781e-05 -1 -1.23894e-08
-0.0714818 3.82465e-06 0.997442

  PixelContainer: 
    ImportImageContainer (0x3a1f6d0)
      RTTI typeinfo:   itk::ImportImageContainer<unsigned long, double>
      Reference Count: 1
      Modified Time: 1575
      Debug: Off
      Object Name: 
      Observers: 
        none
      Pointer: 0x146ae5199010
      Container manages memory: true
      Size: 9830400
      Capacity: 9830400

     Weighting = 1
     Sampling strategy = regular
     Number of bins = 32
     Radius = 4
     Sampling percentage  = 0.25
   Transform = Rigid
     Gradient step = 0.1
     Update field sigma (voxel space) = 0
     Total field sigma (voxel space) = 0
     Update field time sigma = 0
     Total field time sigma  = 0
     Number of time indices = 0
     Number of time point samples = 0
Registration using 1 total stages.

Stage 0
  iterations = 1000x500x250x100
  convergence threshold = 1e-06
  convergence window size = 10
  number of levels = 4
  using the Mattes MI metric (number of bins = 32, weight = 1, use gradient filter = 0)
  preprocessing:  winsorizing the image intensities
  Shrink factors (level 1 out of 4): [8, 8, 8]
  Shrink factors (level 2 out of 4): [4, 4, 4]
  Shrink factors (level 3 out of 4): [2, 2, 2]
  Shrink factors (level 4 out of 4): [1, 1, 1]
  smoothing sigmas per level: [3, 2, 1, 0]
  regular sampling (percentage = 0.25)

*** Running Euler3DTransform registration ***

DIAGNOSTIC,Iteration,metricValue,convergenceValue,ITERATION_TIME_INDEX,SINCE_LAST
 2DIAGNOSTIC,     1, -5.567767283252e-01, 1.797693134862e+308, 7.6264e-01, 7.6264e-01, 
 2DIAGNOSTIC,     2, -5.584239703569e-01, 1.797693134862e+308, 7.6730e-01, 4.6570e-03, 
 2DIAGNOSTIC,     3, -5.612715515272e-01, 1.797693134862e+308, 7.7191e-01, 4.6120e-03, 
 2DIAGNOSTIC,     4, -5.637780194106e-01, 1.797693134862e+308, 7.7659e-01, 4.6799e-03, 
 2DIAGNOSTIC,     5, -5.658229214212e-01, 1.797693134862e+308, 7.8124e-01, 4.6530e-03, 
 2DIAGNOSTIC,     6, -5.696445468689e-01, 1.797693134862e+308, 7.8592e-01, 4.6749e-03, 
 2DIAGNOSTIC,     7, -5.734118275242e-01, 1.797693134862e+308, 7.9070e-01, 4.7860e-03, 
 2DIAGNOSTIC,     8, -5.754533484979e-01, 1.797693134862e+308, 7.9704e-01, 6.3350e-03, 
 2DIAGNOSTIC,     9, -5.763021950250e-01, 1.797693134862e+308, 8.0167e-01, 4.6351e-03, 
 2DIAGNOSTIC,    10, -5.771142770255e-01, 2.558085388189e-03, 8.0775e-01, 6.0730e-03, 
 2DIAGNOSTIC,    11, -5.785125587612e-01, 2.176117873031e-03, 8.1240e-01, 4.6520e-03, 
 2DIAGNOSTIC,    12, -5.799413348090e-01, 1.786767970983e-03, 8.1778e-01, 5.3792e-03, 
 2DIAGNOSTIC,    13, -5.809477908980e-01, 1.443124036835e-03, 8.2298e-01, 5.2049e-03, 
 2DIAGNOSTIC,    14, -5.814655964876e-01, 1.127354078216e-03, 8.2744e-01, 4.4551e-03, 
 2DIAGNOSTIC,    15, -5.819093877219e-01, 8.331089413526e-04, 8.3269e-01, 5.2500e-03, 
 2DIAGNOSTIC,    16, -5.822326442998e-01, 6.258215683233e-04, 8.3812e-01, 5.4371e-03, 
 2DIAGNOSTIC,    17, -5.825793599843e-01, 5.040365830240e-04, 8.4288e-01, 4.7512e-03, 
 2DIAGNOSTIC,    18, -5.863713925916e-01, 5.095725576646e-04, 8.4761e-01, 4.7350e-03, 
 2DIAGNOSTIC,    19, -5.901617810167e-01, 5.855607354899e-04, 8.5566e-01, 8.0450e-03, 
 2DIAGNOSTIC,    20, -5.906016223816e-01, 6.286272500292e-04, 8.6144e-01, 5.7809e-03, 
 2DIAGNOSTIC,    21, -5.907365705866e-01, 6.467002963813e-04, 8.6626e-01, 4.8280e-03, 
 2DIAGNOSTIC,    22, -5.906256574994e-01, 6.330265936352e-04, 8.7106e-01, 4.7910e-03, 
 2DIAGNOSTIC,    23, -5.906307681710e-01, 5.816453055148e-04, 8.7538e-01, 4.3230e-03, 
 2DIAGNOSTIC,    24, -5.905636622010e-01, 4.878472529192e-04, 8.7984e-01, 4.4632e-03, 
 2DIAGNOSTIC,    25, -5.906024985369e-01, 3.662279783933e-04, 8.8470e-01, 4.8621e-03, 
 2DIAGNOSTIC,    26, -5.906025304324e-01, 2.276984665052e-04, 8.8923e-01, 4.5300e-03, 
 2DIAGNOSTIC,    27, -5.906211320574e-01, 8.394584288657e-05, 8.9356e-01, 4.3271e-03, 
 2DIAGNOSTIC,    28, -5.908796758313e-01, 1.198925031182e-05, 8.9795e-01, 4.3890e-03, 
 2DIAGNOSTIC,    29, -5.911411552395e-01, 1.217108543267e-05, 9.0283e-01, 4.8811e-03, 
 2DIAGNOSTIC,    30, -5.915241330961e-01, 2.456301684416e-05, 9.0938e-01, 6.5470e-03, 
 2DIAGNOSTIC,    31, -5.916229825993e-01, 3.758205306353e-05, 9.1371e-01, 4.3330e-03, 
 2DIAGNOSTIC,    32, -5.916651208817e-01, 4.532975449383e-05, 9.1795e-01, 4.2369e-03, 
 2DIAGNOSTIC,    33, -5.916874987632e-01, 4.885284294918e-05, 9.2250e-01, 4.5569e-03, 
 2DIAGNOSTIC,    34, -5.917053822200e-01, 4.682712859044e-05, 9.2732e-01, 4.8201e-03, 
 2DIAGNOSTIC,    35, -5.917390904868e-01, 4.153275817583e-05, 9.3914e-01, 1.1820e-02, 
 2DIAGNOSTIC,    36, -5.917390912695e-01, 3.272086429569e-05, 9.4353e-01, 4.3869e-03, 
 2DIAGNOSTIC,    37, -5.917391070342e-01, 2.163060314909e-05, 9.4789e-01, 4.3600e-03, 
 2DIAGNOSTIC,    38, -5.917391330930e-01, 1.245673595334e-05, 9.5226e-01, 4.3690e-03, 
 2DIAGNOSTIC,    39, -5.917391754735e-01, 5.801896389004e-06, 9.5704e-01, 4.7748e-03, 
 2DIAGNOSTIC,    40, -5.917392424311e-01, 3.643428649978e-06, 9.6196e-01, 4.9229e-03, 
 2DIAGNOSTIC,    41, -5.917393428828e-01, 2.487109297605e-06, 9.6662e-01, 4.6599e-03, 
 2DIAGNOSTIC,    42, -5.917394845334e-01, 1.715730316883e-06, 9.7083e-01, 4.2138e-03, 
 2DIAGNOSTIC,    43, -5.917396625587e-01, 1.144189314486e-06, 9.7527e-01, 4.4370e-03, 
DIAGNOSTIC,Iteration,metricValue,convergenceValue,ITERATION_TIME_INDEX,SINCE_LAST
 2DIAGNOSTIC,     1, -4.784004501417e-01, 1.797693134862e+308, 1.7154e+00, 7.4016e-01, 
 2DIAGNOSTIC,     2, -4.783999131487e-01, 1.797693134862e+308, 1.7470e+00, 3.1611e-02, 
 2DIAGNOSTIC,     3, -4.784190365424e-01, 1.797693134862e+308, 1.7821e+00, 3.5112e-02, 
 2DIAGNOSTIC,     4, -4.785028756510e-01, 1.797693134862e+308, 1.8130e+00, 3.0811e-02, 
 2DIAGNOSTIC,     5, -4.786647485430e-01, 1.797693134862e+308, 1.8409e+00, 2.7913e-02, 
 2DIAGNOSTIC,     6, -4.788099932958e-01, 1.797693134862e+308, 1.8690e+00, 2.8148e-02, 
 2DIAGNOSTIC,     7, -4.794645847214e-01, 1.797693134862e+308, 1.8979e+00, 2.8868e-02, 
 2DIAGNOSTIC,     8, -4.813619171745e-01, 1.797693134862e+308, 1.9371e+00, 3.9257e-02, 
 2DIAGNOSTIC,     9, -4.817935635326e-01, 1.797693134862e+308, 1.9689e+00, 3.1763e-02, 
 2DIAGNOSTIC,    10, -4.822647496908e-01, 5.583367505388e-04, 1.9972e+00, 2.8341e-02, 
 2DIAGNOSTIC,    11, -4.831344909908e-01, 6.366384575492e-04, 2.0332e+00, 3.5920e-02, 
 2DIAGNOSTIC,    12, -4.835768992560e-01, 6.653898034706e-04, 2.0799e+00, 4.6751e-02, 
 2DIAGNOSTIC,    13, -4.835677565319e-01, 6.290342968778e-04, 2.1149e+00, 3.4976e-02, 
 2DIAGNOSTIC,    14, -4.835733047836e-01, 5.452729207540e-04, 2.1533e+00, 3.8357e-02, 
 2DIAGNOSTIC,    15, -4.835701547246e-01, 4.305772095576e-04, 2.1881e+00, 3.4806e-02, 
 2DIAGNOSTIC,    16, -4.835566913001e-01, 2.956272803678e-04, 2.2242e+00, 3.6116e-02, 
 2DIAGNOSTIC,    17, -4.835523104084e-01, 1.703980274807e-04, 2.2558e+00, 3.1628e-02, 
 2DIAGNOSTIC,    18, -4.835483887830e-01, 1.058854945638e-04, 2.2832e+00, 2.7440e-02, 
 2DIAGNOSTIC,    19, -4.835469915471e-01, 5.203914174969e-05, 2.3108e+00, 2.7513e-02, 
 2DIAGNOSTIC,    20, -4.835401827381e-01, 1.204163312497e-05, 2.3425e+00, 3.1761e-02, 
DIAGNOSTIC,Iteration,metricValue,convergenceValue,ITERATION_TIME_INDEX,SINCE_LAST
 2DIAGNOSTIC,     1, -4.161561167875e-01, 1.797693134862e+308, 3.5378e+00, 1.1953e+00, 
 2DIAGNOSTIC,     2, -4.161756893437e-01, 1.797693134862e+308, 3.8448e+00, 3.0700e-01, 
 2DIAGNOSTIC,     3, -4.161696114507e-01, 1.797693134862e+308, 4.1492e+00, 3.0437e-01, 
 2DIAGNOSTIC,     4, -4.161681503551e-01, 1.797693134862e+308, 4.5609e+00, 4.1176e-01, 
 2DIAGNOSTIC,     5, -4.161678896600e-01, 1.797693134862e+308, 4.8270e+00, 2.6609e-01, 
 2DIAGNOSTIC,     6, -4.161669123583e-01, 1.797693134862e+308, 5.0829e+00, 2.5586e-01, 
 2DIAGNOSTIC,     7, -4.161667485641e-01, 1.797693134862e+308, 5.3753e+00, 2.9245e-01, 
 2DIAGNOSTIC,     8, -4.161656816013e-01, 1.797693134862e+308, 5.6068e+00, 2.3147e-01, 
 2DIAGNOSTIC,     9, -4.161650043535e-01, 1.797693134862e+308, 5.8938e+00, 2.8697e-01, 
 2DIAGNOSTIC,    10, -4.161655463812e-01, 2.943366568170e-06, 6.2238e+00, 3.3002e-01, 
 2DIAGNOSTIC,    11, -4.161636420993e-01, 1.720591486870e-06, 6.5347e+00, 3.1094e-01, 
 2DIAGNOSTIC,    12, -4.161624970808e-01, 1.867462474325e-06, 6.8229e+00, 2.8821e-01, 
 2DIAGNOSTIC,    13, -4.161615819742e-01, 1.698398063382e-06, 7.0841e+00, 2.6119e-01, 
 2DIAGNOSTIC,    14, -4.161624603292e-01, 1.592444847209e-06, 7.3410e+00, 2.5682e-01, 
 2DIAGNOSTIC,    15, -4.161620529811e-01, 1.530180432877e-06, 7.5989e+00, 2.5794e-01, 
 2DIAGNOSTIC,    16, -4.161603835104e-01, 1.417836913181e-06, 7.8409e+00, 2.4197e-01, 
 2DIAGNOSTIC,    17, -4.161625251479e-01, 1.455414111173e-06, 8.1034e+00, 2.6251e-01, 
 2DIAGNOSTIC,    18, -4.161617349623e-01, 1.453854854602e-06, 8.3507e+00, 2.4735e-01, 
 2DIAGNOSTIC,    19, -4.161656140592e-01, 1.594928495892e-06, 8.6618e+00, 3.1104e-01, 
 2DIAGNOSTIC,    20, -4.161678254527e-01, 1.821576317847e-06, 9.0840e+00, 4.2222e-01, 
 2DIAGNOSTIC,    21, -4.161672172257e-01, 1.924327017448e-06, 9.3974e+00, 3.1338e-01, 
 2DIAGNOSTIC,    22, -4.161665846121e-01, 1.927748306166e-06, 9.6178e+00, 2.2043e-01, 
 2DIAGNOSTIC,    23, -4.161660793963e-01, 1.843028031863e-06, 9.8823e+00, 2.6446e-01, 
 2DIAGNOSTIC,    24, -4.161655365530e-01, 1.730448863778e-06, 1.0115e+01, 2.3320e-01, 
 2DIAGNOSTIC,    25, -4.161651834944e-01, 1.568353730400e-06, 1.0371e+01, 2.5540e-01, 
 2DIAGNOSTIC,    26, -4.161660037663e-01, 1.368374529645e-06, 1.0642e+01, 2.7150e-01, 
 2DIAGNOSTIC,    27, -4.161651045495e-01, 1.203105053957e-06, 1.0871e+01, 2.2839e-01, 
 2DIAGNOSTIC,    28, -4.161679884895e-01, 1.097088645707e-06, 1.1137e+01, 2.6617e-01, 
 2DIAGNOSTIC,    29, -4.161710849646e-01, 1.162831225504e-06, 1.1452e+01, 3.1505e-01, 
 2DIAGNOSTIC,    30, -4.161703640304e-01, 1.250475700397e-06, 1.1754e+01, 3.0166e-01, 
 2DIAGNOSTIC,    31, -4.161708142909e-01, 1.313167816201e-06, 1.2058e+01, 3.0478e-01, 
 2DIAGNOSTIC,    32, -4.161710089262e-01, 1.336085271884e-06, 1.2356e+01, 2.9785e-01, 
 2DIAGNOSTIC,    33, -4.161749613446e-01, 1.395595233003e-06, 1.2639e+01, 2.8314e-01, 
 2DIAGNOSTIC,    34, -4.161777487501e-01, 1.452526295017e-06, 1.2896e+01, 2.5616e-01, 
 2DIAGNOSTIC,    35, -4.161792220171e-01, 1.478601707117e-06, 1.3177e+01, 2.8096e-01, 
 2DIAGNOSTIC,    36, -4.161806859641e-01, 1.495439409183e-06, 1.3443e+01, 2.6686e-01, 
 2DIAGNOSTIC,    37, -4.161791778419e-01, 1.407680659322e-06, 1.3675e+01, 2.3149e-01, 
 2DIAGNOSTIC,    38, -4.161838486860e-01, 1.406626864368e-06, 1.4000e+01, 3.2506e-01, 
 2DIAGNOSTIC,    39, -4.161849953092e-01, 1.422742168428e-06, 1.4333e+01, 3.3312e-01, 
 2DIAGNOSTIC,    40, -4.161860914883e-01, 1.386764629279e-06, 1.4695e+01, 3.6194e-01, 
 2DIAGNOSTIC,    41, -4.161854987569e-01, 1.295749573495e-06, 1.4957e+01, 2.6205e-01, 
 2DIAGNOSTIC,    42, -4.161840259981e-01, 1.138573339547e-06, 1.5240e+01, 2.8333e-01, 
 2DIAGNOSTIC,    43, -4.161834049853e-01, 1.004201832550e-06, 1.5473e+01, 2.3311e-01, 
DIAGNOSTIC,Iteration,metricValue,convergenceValue,ITERATION_TIME_INDEX,SINCE_LAST
 2DIAGNOSTIC,     1, -3.834265912311e-01, 1.797693134862e+308, 1.8144e+01, 2.6706e+00, 
 2DIAGNOSTIC,     2, -3.834925053341e-01, 1.797693134862e+308, 1.9843e+01, 1.6990e+00, 
 2DIAGNOSTIC,     3, -3.834978116455e-01, 1.797693134862e+308, 2.1643e+01, 1.8000e+00, 
 2DIAGNOSTIC,     4, -3.835004127710e-01, 1.797693134862e+308, 2.3559e+01, 1.9157e+00, 
 2DIAGNOSTIC,     5, -3.835019582502e-01, 1.797693134862e+308, 2.5320e+01, 1.7615e+00, 
 2DIAGNOSTIC,     6, -3.835049957405e-01, 1.797693134862e+308, 2.7110e+01, 1.7896e+00, 
 2DIAGNOSTIC,     7, -3.835058343712e-01, 1.797693134862e+308, 2.8896e+01, 1.7864e+00, 
 2DIAGNOSTIC,     8, -3.835066498246e-01, 1.797693134862e+308, 3.0893e+01, 1.9970e+00, 
 2DIAGNOSTIC,     9, -3.835062955314e-01, 1.797693134862e+308, 3.2887e+01, 1.9941e+00, 
 2DIAGNOSTIC,    10, -3.835063108989e-01, 1.066660777625e-05, 3.4925e+01, 2.0376e+00, 
 2DIAGNOSTIC,    11, -3.835061571783e-01, 4.747040916922e-06, 3.7255e+01, 2.3300e+00, 
 2DIAGNOSTIC,    12, -3.835060832641e-01, 3.706200831913e-06, 3.8670e+01, 1.4154e+00, 
 2DIAGNOSTIC,    13, -3.835060190713e-01, 3.027826203414e-06, 4.0360e+01, 1.6898e+00, 
 2DIAGNOSTIC,    14, -3.835058638470e-01, 2.523467105942e-06, 4.2033e+01, 1.6730e+00, 
 2DIAGNOSTIC,    15, -3.835058006956e-01, 2.133709305727e-06, 4.3654e+01, 1.6208e+00, 
 2DIAGNOSTIC,    16, -3.835056463963e-01, 1.924177735174e-06, 4.5550e+01, 1.8958e+00, 
 2DIAGNOSTIC,    17, -3.835054775121e-01, 1.773328562910e-06, 4.7129e+01, 1.5793e+00, 
 2DIAGNOSTIC,    18, -3.835053086114e-01, 1.675385379638e-06, 4.8552e+01, 1.4229e+00, 
 2DIAGNOSTIC,    19, -3.835051448136e-01, 1.576051819233e-06, 4.9965e+01, 1.4129e+00, 
 2DIAGNOSTIC,    20, -3.835051658758e-01, 1.497295075925e-06, 5.1704e+01, 1.7397e+00, 
 2DIAGNOSTIC,    21, -3.835053779567e-01, 1.436675314527e-06, 5.3574e+01, 1.8700e+00, 
 2DIAGNOSTIC,    22, -3.835055901406e-01, 1.393331721403e-06, 5.5274e+01, 1.6996e+00, 
 2DIAGNOSTIC,    23, -3.835055250998e-01, 1.354581542497e-06, 5.7000e+01, 1.7264e+00, 
 2DIAGNOSTIC,    24, -3.835054518277e-01, 1.314933130735e-06, 5.8637e+01, 1.6361e+00, 
 2DIAGNOSTIC,    25, -3.835053813418e-01, 1.275595341313e-06, 6.0401e+01, 1.7647e+00, 
 2DIAGNOSTIC,    26, -3.835053141611e-01, 1.232550095730e-06, 6.1966e+01, 1.5651e+00, 
 2DIAGNOSTIC,    27, -3.835053494670e-01, 1.188143194504e-06, 6.3381e+01, 1.4146e+00, 
 2DIAGNOSTIC,    28, -3.835054089348e-01, 1.143229100907e-06, 6.5054e+01, 1.6728e+00, 
 2DIAGNOSTIC,    29, -3.835055814673e-01, 1.101082731436e-06, 6.6517e+01, 1.4635e+00, 
 2DIAGNOSTIC,    30, -3.835053714636e-01, 1.056523029848e-06, 6.8700e+01, 2.1833e+00, 
 2DIAGNOSTIC,    31, -3.835053052283e-01, 1.018740042692e-06, 7.0339e+01, 1.6385e+00, 
  Elapsed time (stage 0): 7.1279e+01


Total elapsed time: 7.1282e+01
Info [verificarlo]: loaded backend libinterflop_vprec.so
Info [interflop-vprec]: load backend with: 
Info [interflop-vprec]: precision-binary32 = 19
Info [interflop-vprec]: range-binary32 = 7
Info [interflop-vprec]: precision-binary64 = 19
Info [interflop-vprec]: range-binary64 = 7
Info [interflop-vprec]: mode = ob
Info [interflop-vprec]: error-mode = rel
Info [interflop-vprec]: max-abs-error-exponent = -1022
Info [interflop-vprec]: daz = false
Info [interflop-vprec]: ftz = false
Info [interflop-vprec]: 	instrument = none
Info [interflop-vprec]: 	prec-input-file = (null)
Info [interflop-vprec]: 	prec-output-file = (null)
Info [interflop-vprec]: 	prec-log-file = (null)
All_Command_lines_OK
Using double precision for computations.
=============================================================================
The composite transform comprises the following transforms (in order): 
  1. /home/mdugre/scratch/mri-registration-rp/datasets/ds004513/derivatives/mri-registration-rp/0011/antsRegistration-r7-p19/sub-s017/rigid_Composite.h5[0] (type = Euler3DTransform)
  2. /home/mdugre/scratch/mri-registration-rp/datasets/ds004513/derivatives/mri-registration-rp/0011/antsRegistration-r7-p19/sub-s017/rigid_Composite.h5[1] (type = Euler3DTransform)
  3. /home/mdugre/scratch/mri-registration-rp/datasets/ds004513/derivatives/mri-registration-rp/0011/antsRegistration-r7-p19/sub-s017/rigid_Composite.h5[2] (type = Euler3DTransform)
=============================================================================
  number of levels = 4
  fixed image: /templateflow/tpl-MNI152NLin2009cAsym/tpl-MNI152NLin2009cAsym_res-01_desc-brain_T1w.nii.gz
  moving image: /home/mdugre/scratch/mri-registration-rp/datasets/ds004513/derivatives/mri-registration-rp/antsBrainExtraction/sub-s017/BrainExtractionBrain.nii.gz
Dimension = 3
Number of stages = 1
Use histogram matching = false
Winsorize image intensities = true
  Lower quantile = 0.005
  Upper quantile = 0.995


Stage 1 State
   Image metric = MattesMI
     Fixed image = Image (0x4d1d490)
  RTTI typeinfo:   itk::Image<double, 3u>
  Reference Count: 2
  Modified Time: 1594
  Debug: Off
  Object Name: 
  Observers: 
    none
  Source: (none)
  Source output name: (none)
  Release Data: Off
  Data Released: False
  Global Release Data: Off
  PipelineMTime: 0
  UpdateMTime: 1203
  RealTimeStamp: 0 seconds 
  LargestPossibleRegion: 
    Dimension: 3
    Index: [0, 0, 0]
    Size: [193, 229, 193]
  BufferedRegion: 
    Dimension: 3
    Index: [0, 0, 0]
    Size: [193, 229, 193]
  RequestedRegion: 
    Dimension: 3
    Index: [0, 0, 0]
    Size: [193, 229, 193]
  Spacing: [1, 1, 1]
  Origin: [96, 132, -78]
  Direction: 
-1 0 0
0 -1 0
0 0 1

  IndexToPointMatrix: 
-1 0 0
0 -1 0
0 0 1

  PointToIndexMatrix: 
-1 0 0
0 -1 0
0 0 1

  Inverse Direction: 
-1 0 0
0 -1 0
0 0 1

  PixelContainer: 
    ImportImageContainer (0x4de88c0)
      RTTI typeinfo:   itk::ImportImageContainer<unsigned long, double>
      Reference Count: 1
      Modified Time: 1200
      Debug: Off
      Object Name: 
      Observers: 
        none
      Pointer: 0x14f6c22e7010
      Container manages memory: true
      Size: 8530021
      Capacity: 8530021

     Moving image = Image (0x4dd8b60)
  RTTI typeinfo:   itk::Image<double, 3u>
  Reference Count: 2
  Modified Time: 1595
  Debug: Off
  Object Name: 
  Observers: 
    none
  Source: (none)
  Source output name: (none)
  Release Data: Off
  Data Released: False
  Global Release Data: Off
  PipelineMTime: 0
  UpdateMTime: 1592
  RealTimeStamp: 0 seconds 
  LargestPossibleRegion: 
    Dimension: 3
    Index: [0, 0, 0]
    Size: [160, 240, 256]
  BufferedRegion: 
    Dimension: 3
    Index: [0, 0, 0]
    Size: [160, 240, 256]
  RequestedRegion: 
    Dimension: 3
    Index: [0, 0, 0]
    Size: [160, 240, 256]
  Spacing: [1, 1, 1]
  Origin: [91.3357, 102.231, -120.042]
  Direction: 
-0.997442 -5.36781e-05 -0.0714818
5.35416e-05 -1 3.82464e-06
-0.0714818 -1.23894e-08 0.997442

  IndexToPointMatrix: 
-0.997444 -5.36781e-05 -0.0714818
5.35417e-05 -1 3.82464e-06
-0.0714819 -1.23894e-08 0.997442

  PointToIndexMatrix: 
-0.99744 5.35415e-05 -0.0714817
-5.36781e-05 -1 -1.23873e-08
-0.0714818 3.82465e-06 0.997442

  Inverse Direction: 
-0.997442 5.35416e-05 -0.0714818
-5.36781e-05 -1 -1.23873e-08
-0.0714818 3.82465e-06 0.997442

  PixelContainer: 
    ImportImageContainer (0x4e6c1d0)
      RTTI typeinfo:   itk::ImportImageContainer<unsigned long, double>
      Reference Count: 1
      Modified Time: 1589
      Debug: Off
      Object Name: 
      Observers: 
        none
      Pointer: 0x14f6bd7e6010
      Container manages memory: true
      Size: 9830400
      Capacity: 9830400

     Weighting = 1
     Sampling strategy = regular
     Number of bins = 32
     Radius = 4
     Sampling percentage  = 0.25
   Transform = Affine
     Gradient step = 0.1
     Update field sigma (voxel space) = 0
     Total field sigma (voxel space) = 0
     Update field time sigma = 0
     Total field time sigma  = 0
     Number of time indices = 0
     Number of time point samples = 0
Registration using 1 total stages.

Stage 0
  iterations = 1000x500x250x100
  convergence threshold = 1e-06
  convergence window size = 10
  number of levels = 4
  using the Mattes MI metric (number of bins = 32, weight = 1, use gradient filter = 0)
  preprocessing:  winsorizing the image intensities
  Shrink factors (level 1 out of 4): [8, 8, 8]
  Shrink factors (level 2 out of 4): [4, 4, 4]
  Shrink factors (level 3 out of 4): [2, 2, 2]
  Shrink factors (level 4 out of 4): [1, 1, 1]
  smoothing sigmas per level: [3, 2, 1, 0]
  regular sampling (percentage = 0.25)

*** Running AffineTransform registration ***

DIAGNOSTIC,Iteration,metricValue,convergenceValue,ITERATION_TIME_INDEX,SINCE_LAST
 2DIAGNOSTIC,     1, -5.806369696290e-01, 1.797693134862e+308, 0.0000e+00, 0.0000e+00, 
 2DIAGNOSTIC,     2, -5.832473335845e-01, 1.797693134862e+308, 0.0000e+00, 0.0000e+00, 
 2DIAGNOSTIC,     3, -5.884121939977e-01, 1.797693134862e+308, 0.0000e+00, 0.0000e+00, 
 2DIAGNOSTIC,     4, -5.974357202059e-01, 1.797693134862e+308, 0.0000e+00, 0.0000e+00, 
 2DIAGNOSTIC,     5, -6.168857516279e-01, 1.797693134862e+308, 0.0000e+00, 0.0000e+00, 
 2DIAGNOSTIC,     6, -6.408276562712e-01, 1.797693134862e+308, 0.0000e+00, 0.0000e+00, 
 2DIAGNOSTIC,     7, -7.024722156620e-01, 1.797693134862e+308, 0.0000e+00, 0.0000e+00, 
 2DIAGNOSTIC,     8, -7.653502075810e-01, 1.797693134862e+308, 0.0000e+00, 0.0000e+00, 
 2DIAGNOSTIC,     9, -8.423323861290e-01, 1.797693134862e+308, 0.0000e+00, 0.0000e+00, 
 2DIAGNOSTIC,    10, -8.570920370728e-01, 2.853079467546e-02, 0.0000e+00, 0.0000e+00, 
 2DIAGNOSTIC,    11, -8.679733296302e-01, 2.867036486104e-02, 0.0000e+00, 0.0000e+00, 
 2DIAGNOSTIC,    12, -8.799184263314e-01, 2.671304590110e-02, 0.0000e+00, 0.0000e+00, 
 2DIAGNOSTIC,    13, -8.830560799918e-01, 2.296138705699e-02, 0.0000e+00, 0.0000e+00, 
 2DIAGNOSTIC,    14, -8.858479031730e-01, 1.810505187201e-02, 0.0000e+00, 0.0000e+00, 
 2DIAGNOSTIC,    15, -8.890241611428e-01, 1.297643591485e-02, 0.0000e+00, 0.0000e+00, 
 2DIAGNOSTIC,    16, -8.888802515216e-01, 7.987224873544e-03, 0.0000e+00, 0.0000e+00, 
 2DIAGNOSTIC,    17, -8.892030307992e-01, 4.296466769733e-03, 0.0000e+00, 0.0000e+00, 
 2DIAGNOSTIC,    18, -8.893443992775e-01, 1.940596473815e-03, 0.0000e+00, 0.0000e+00, 
 2DIAGNOSTIC,    19, -8.892087983610e-01, 1.169602631067e-03, 0.0000e+00, 0.0000e+00, 
 2DIAGNOSTIC,    20, -8.890572353166e-01, 6.412494597464e-04, 0.0000e+00, 0.0000e+00, 
 2DIAGNOSTIC,    21, -8.891274337066e-01, 2.945040433860e-04, 0.0000e+00, 0.0000e+00, 
 2DIAGNOSTIC,    22, -8.895930274234e-01, 1.584073522686e-04, 0.0000e+00, 0.0000e+00, 
 2DIAGNOSTIC,    23, -8.906551008669e-01, 8.522888706530e-05, 0.0000e+00, 0.0000e+00, 
 2DIAGNOSTIC,    24, -8.902841054385e-01, 4.528767900385e-05, 0.0000e+00, 0.0000e+00, 
 2DIAGNOSTIC,    25, -8.902182131502e-01, 4.945009036436e-05, 0.0000e+00, 0.0000e+00, 
 2DIAGNOSTIC,    26, -8.902883997666e-01, 4.779481991656e-05, 0.0000e+00, 0.0000e+00, 
 2DIAGNOSTIC,    27, -8.899027630216e-01, 4.072100575939e-05, 0.0000e+00, 0.0000e+00, 
 2DIAGNOSTIC,    28, -8.895261180882e-01, 2.750256975322e-05, 0.0000e+00, 0.0000e+00, 
 2DIAGNOSTIC,    29, -8.893987912751e-01, 9.916849184777e-06, 0.0000e+00, 0.0000e+00, 
DIAGNOSTIC,Iteration,metricValue,convergenceValue,ITERATION_TIME_INDEX,SINCE_LAST
 2DIAGNOSTIC,     1, -7.474886028393e-01, 1.797693134862e+308, 0.0000e+00, 0.0000e+00, 
 2DIAGNOSTIC,     2, -7.480286709409e-01, 1.797693134862e+308, 0.0000e+00, 0.0000e+00, 
 2DIAGNOSTIC,     3, -7.484162123161e-01, 1.797693134862e+308, 0.0000e+00, 0.0000e+00, 
 2DIAGNOSTIC,     4, -7.487536358869e-01, 1.797693134862e+308, 0.0000e+00, 0.0000e+00, 
 2DIAGNOSTIC,     5, -7.492585965254e-01, 1.797693134862e+308, 0.0000e+00, 0.0000e+00, 
 2DIAGNOSTIC,     6, -7.506140122633e-01, 1.797693134862e+308, 0.0000e+00, 0.0000e+00, 
 2DIAGNOSTIC,     7, -7.506575773228e-01, 1.797693134862e+308, 0.0000e+00, 0.0000e+00, 
 2DIAGNOSTIC,     8, -7.506439716313e-01, 1.797693134862e+308, 0.0000e+00, 0.0000e+00, 
 2DIAGNOSTIC,     9, -7.506287107810e-01, 1.797693134862e+308, 0.0000e+00, 0.0000e+00, 
 2DIAGNOSTIC,    10, -7.506087525167e-01, 3.091280435034e-04, 0.0000e+00, 0.0000e+00, 
 2DIAGNOSTIC,    11, -7.505832238876e-01, 2.248723307616e-04, 0.0000e+00, 0.0000e+00, 
 2DIAGNOSTIC,    12, -7.505728264999e-01, 1.513703102995e-04, 0.0000e+00, 0.0000e+00, 
 2DIAGNOSTIC,    13, -7.505794979222e-01, 8.779022071953e-05, 0.0000e+00, 0.0000e+00, 
 2DIAGNOSTIC,    14, -7.505870959132e-01, 3.495233259533e-05, 0.0000e+00, 0.0000e+00, 
DIAGNOSTIC,Iteration,metricValue,convergenceValue,ITERATION_TIME_INDEX,SINCE_LAST
 2DIAGNOSTIC,     1, -6.296347464391e-01, 1.797693134862e+308, 0.0000e+00, 0.0000e+00, 
 2DIAGNOSTIC,     2, -6.301850249311e-01, 1.797693134862e+308, 0.0000e+00, 0.0000e+00, 
 2DIAGNOSTIC,     3, -6.308190608738e-01, 1.797693134862e+308, 0.0000e+00, 0.0000e+00, 
 2DIAGNOSTIC,     4, -6.314439674123e-01, 1.797693134862e+308, 0.0000e+00, 0.0000e+00, 
 2DIAGNOSTIC,     5, -6.324409738799e-01, 1.797693134862e+308, 0.0000e+00, 0.0000e+00, 
 2DIAGNOSTIC,     6, -6.324710110628e-01, 1.797693134862e+308, 0.0000e+00, 0.0000e+00, 
 2DIAGNOSTIC,     7, -6.324858303444e-01, 1.797693134862e+308, 0.0000e+00, 0.0000e+00, 
 2DIAGNOSTIC,     8, -6.324915972989e-01, 1.797693134862e+308, 0.0000e+00, 0.0000e+00, 
 2DIAGNOSTIC,     9, -6.324937559992e-01, 1.797693134862e+308, 0.0000e+00, 0.0000e+00, 
 2DIAGNOSTIC,    10, -6.324949162912e-01, 2.975415680109e-04, 0.0000e+00, 0.0000e+00, 
 2DIAGNOSTIC,    11, -6.324916144229e-01, 1.883058660422e-04, 0.0000e+00, 0.0000e+00, 
 2DIAGNOSTIC,    12, -6.324904285455e-01, 1.014557137580e-04, 0.0000e+00, 0.0000e+00, 
 2DIAGNOSTIC,    13, -6.324901640104e-01, 4.079468471040e-05, 0.0000e+00, 0.0000e+00, 
 2DIAGNOSTIC,    14, -6.324888875770e-01, 4.455299906475e-06, 0.0000e+00, 0.0000e+00, 
 2DIAGNOSTIC,    15, -6.324876592226e-01, 2.603180888128e-06, 0.0000e+00, 0.0000e+00, 
 2DIAGNOSTIC,    16, -6.324865338227e-01, 1.743794175682e-06, 0.0000e+00, 0.0000e+00, 
 2DIAGNOSTIC,    17, -6.324856179476e-01, 1.373139377661e-06, 0.0000e+00, 0.0000e+00, 
 2DIAGNOSTIC,    18, -6.324832351578e-01, 1.171553240753e-06, 0.0000e+00, 0.0000e+00, 
 2DIAGNOSTIC,    19, -6.324823208768e-01, 1.074919183067e-06, 0.0000e+00, 0.0000e+00, 
 2DIAGNOSTIC,    20, -6.324825551207e-01, 1.076686762962e-06, 0.0000e+00, 0.0000e+00, 
 2DIAGNOSTIC,    21, -6.324829744438e-01, 1.063731549400e-06, 0.0000e+00, 0.0000e+00, 
 2DIAGNOSTIC,    22, -6.324834546196e-01, 1.078892923362e-06, 0.0000e+00, 0.0000e+00, 
 2DIAGNOSTIC,    23, -6.324826558971e-01, 1.106915378607e-06, 0.0000e+00, 0.0000e+00, 
 2DIAGNOSTIC,    24, -6.324827886411e-01, 1.138031857077e-06, 0.0000e+00, 0.0000e+00, 
 2DIAGNOSTIC,    25, -6.324818809281e-01, 1.145134480789e-06, 0.0000e+00, 0.0000e+00, 
 2DIAGNOSTIC,    26, -6.324828152903e-01, 1.159894012427e-06, 0.0000e+00, 0.0000e+00, 
 2DIAGNOSTIC,    27, -6.324842799369e-01, 1.188762310124e-06, 0.0000e+00, 0.0000e+00, 
 2DIAGNOSTIC,    28, -6.324879804022e-01, 1.235515215990e-06, 0.0000e+00, 0.0000e+00, 
 2DIAGNOSTIC,    29, -6.324887852580e-01, 1.266759639247e-06, 0.0000e+00, 0.0000e+00, 
 2DIAGNOSTIC,    30, -6.324855622301e-01, 1.235418421168e-06, 0.0000e+00, 0.0000e+00, 
 2DIAGNOSTIC,    31, -6.324879457209e-01, 1.231741457677e-06, 0.0000e+00, 0.0000e+00, 
 2DIAGNOSTIC,    32, -6.324869371581e-01, 1.199407762352e-06, 0.0000e+00, 0.0000e+00, 
 2DIAGNOSTIC,    33, -6.324858173245e-01, 1.122330345840e-06, 0.0000e+00, 0.0000e+00, 
 2DIAGNOSTIC,    34, -6.324878418952e-01, 1.064457776642e-06, 0.0000e+00, 0.0000e+00, 
DIAGNOSTIC,Iteration,metricValue,convergenceValue,ITERATION_TIME_INDEX,SINCE_LAST
 2DIAGNOSTIC,     1, -5.631028447740e-01, 1.797693134862e+308, 0.0000e+00, 0.0000e+00, 
 2DIAGNOSTIC,     2, -5.636265463045e-01, 1.797693134862e+308, 0.0000e+00, 0.0000e+00, 
 2DIAGNOSTIC,     3, -5.641910354081e-01, 1.797693134862e+308, 0.0000e+00, 0.0000e+00, 
 2DIAGNOSTIC,     4, -5.650762372057e-01, 1.797693134862e+308, 0.0000e+00, 0.0000e+00, 
 2DIAGNOSTIC,     5, -5.662362536068e-01, 1.797693134862e+308, 0.0000e+00, 0.0000e+00, 
 2DIAGNOSTIC,     6, -5.662359618377e-01, 1.797693134862e+308, 0.0000e+00, 0.0000e+00, 
 2DIAGNOSTIC,     7, -5.662355944281e-01, 1.797693134862e+308, 0.0000e+00, 0.0000e+00, 
 2DIAGNOSTIC,     8, -5.662356001099e-01, 1.797693134862e+308, 0.0000e+00, 0.0000e+00, 
 2DIAGNOSTIC,     9, -5.662356079784e-01, 1.797693134862e+308, 0.0000e+00, 0.0000e+00, 
 2DIAGNOSTIC,    10, -5.662355032587e-01, 3.746192345070e-04, 0.0000e+00, 0.0000e+00, 
 2DIAGNOSTIC,    11, -5.662354904336e-01, 2.409015694157e-04, 0.0000e+00, 0.0000e+00, 
 2DIAGNOSTIC,    12, -5.662354991620e-01, 1.306570108595e-04, 0.0000e+00, 0.0000e+00, 
 2DIAGNOSTIC,    13, -5.662354926907e-01, 4.721711011979e-05, 0.0000e+00, 0.0000e+00, 
 2DIAGNOSTIC,    14, -5.662355096885e-01, 2.222678323088e-06, 0.0000e+00, 0.0000e+00, 
 2DIAGNOSTIC,    15, -5.662355110517e-01, 2.095646842087e-06, 0.0000e+00, 0.0000e+00, 
 2DIAGNOSTIC,    16, -5.662355099961e-01, 1.977678099660e-06, 0.0000e+00, 0.0000e+00, 
 2DIAGNOSTIC,    17, -5.662355062933e-01, 1.863267002515e-06, 0.0000e+00, 0.0000e+00, 
 2DIAGNOSTIC,    18, -5.662355093964e-01, 1.762233996019e-06, 0.0000e+00, 0.0000e+00, 
 2DIAGNOSTIC,    19, -5.662355093964e-01, 1.672311910221e-06, 0.0000e+00, 0.0000e+00, 
 2DIAGNOSTIC,    20, -5.662355093964e-01, 1.588677065512e-06, 0.0000e+00, 0.0000e+00, 
 2DIAGNOSTIC,    21, -5.662355093964e-01, 1.512618676605e-06, 0.0000e+00, 0.0000e+00, 
 2DIAGNOSTIC,    22, -5.662355093964e-01, 1.443637713913e-06, 0.0000e+00, 0.0000e+00, 
 2DIAGNOSTIC,    23, -5.662355093964e-01, 1.380473241955e-06, 0.0000e+00, 0.0000e+00, 
 2DIAGNOSTIC,    24, -5.662355093964e-01, 1.322930526883e-06, 0.0000e+00, 0.0000e+00, 
 2DIAGNOSTIC,    25, -5.662355093964e-01, 1.270022253988e-06, 0.0000e+00, 0.0000e+00, 
 2DIAGNOSTIC,    26, -5.662355093964e-01, 1.221164716472e-06, 0.0000e+00, 0.0000e+00, 
 2DIAGNOSTIC,    27, -5.662355093964e-01, 1.175852197999e-06, 0.0000e+00, 0.0000e+00, 
 2DIAGNOSTIC,    28, -5.662355093964e-01, 1.133833773037e-06, 0.0000e+00, 0.0000e+00, 
 2DIAGNOSTIC,    29, -5.662355093964e-01, 1.094714749725e-06, 0.0000e+00, 0.0000e+00, 
 2DIAGNOSTIC,    30, -5.662355093964e-01, 1.058205035126e-06, 0.0000e+00, 0.0000e+00, 
 2DIAGNOSTIC,    31, -5.662355093964e-01, 1.024051986785e-06, 0.0000e+00, 0.0000e+00, 
  Elapsed time (stage 0): 0.0000e+00


Total elapsed time: 0.0000e+00
Info [verificarlo]: loaded backend libinterflop_vprec.so
Info [interflop-vprec]: load backend with: 
Info [interflop-vprec]: precision-binary32 = 19
Info [interflop-vprec]: range-binary32 = 7
Info [interflop-vprec]: precision-binary64 = 19
Info [interflop-vprec]: range-binary64 = 7
Info [interflop-vprec]: mode = ob
Info [interflop-vprec]: error-mode = rel
Info [interflop-vprec]: max-abs-error-exponent = -1022
Info [interflop-vprec]: daz = false
Info [interflop-vprec]: ftz = false
Info [interflop-vprec]: 	instrument = none
Info [interflop-vprec]: 	prec-input-file = (null)
Info [interflop-vprec]: 	prec-output-file = (null)
Info [interflop-vprec]: 	prec-log-file = (null)
All_Command_lines_OK
Using double precision for computations.
=============================================================================
The composite transform comprises the following transforms (in order): 
