
##########################
# Experiment information #
##########################

EXPERIMENT_NAME: antsRegistration-r7-p20
VFC_BACKENDS: libinterflop_vprec.so --range-binary32=7 --precision-binary32=20 --range-binary64=7 --precision-binary64=20

SIF_IMG: /home/mdugre/projects/rrg-glatard/mdugre/containers/ants-vprec-no_metrics.simg

SUBJECT_ID: s037
INPUT_IMG: /home/mdugre/scratch/mri-registration-rp/datasets/ds004513/derivatives/mri-registration-rp/antsBrainExtraction/sub-s037/BrainExtractionBrain.nii.gz
OUTPUT_DIR: /home/mdugre/scratch/mri-registration-rp/datasets/ds004513/derivatives/mri-registration-rp/0011/antsRegistration-r7-p20/sub-s037

FIXED_IMG: /templateflow/tpl-MNI152NLin2009cAsym/tpl-MNI152NLin2009cAsym_res-01_desc-brain_T1w.nii.gz
DATA_DIR: /home/mdugre/scratch/mri-registration-rp/datasets/ds004513
TEMPLATEFLOW_DIR: /home/mdugre/projects/rrg-glatard/mdugre/templateflow
ITK_GLOBAL_DEFAULT_NUMBER_OF_THREADS: 16
##########################

Info [verificarlo]: loaded backend libinterflop_ieee.so
Info [interflop-ieee]: load backend with:
Info [interflop-ieee]: debug = false
Info [interflop-ieee]: debug-binary = false
Info [interflop-ieee]: no-backend-name = false
Info [interflop-ieee]: print-new-line = false
Info [interflop-ieee]: print-subnormal-normalized = false
Info [interflop-ieee]: count-op = false
All_Command_lines_OK
Using double precision for computations.
=============================================================================
The composite transform comprises the following transforms (in order): 
  1. Center of mass alignment using fixed image: /templateflow/tpl-MNI152NLin2009cAsym/tpl-MNI152NLin2009cAsym_res-01_desc-brain_T1w.nii.gz and moving image: /home/mdugre/scratch/mri-registration-rp/datasets/ds004513/derivatives/mri-registration-rp/antsBrainExtraction/sub-s037/BrainExtractionBrain.nii.gz (type = Euler3DTransform)
=============================================================================
  number of levels = 1
  fixed image: /templateflow/tpl-MNI152NLin2009cAsym/tpl-MNI152NLin2009cAsym_res-01_desc-brain_T1w.nii.gz
  moving image: /home/mdugre/scratch/mri-registration-rp/datasets/ds004513/derivatives/mri-registration-rp/antsBrainExtraction/sub-s037/BrainExtractionBrain.nii.gz
Dimension = 3
Number of stages = 1
Use histogram matching = false
Winsorize image intensities = true
  Lower quantile = 0.005
  Upper quantile = 0.995


Stage 1 State
   Image metric = MattesMI
     Fixed image = Image (0x355ae70)
  RTTI typeinfo:   itk::Image<double, 3u>
  Reference Count: 2
  Modified Time: 2330
  Debug: Off
  Object Name: 
  Observers: 
    none
  Source: (none)
  Source output name: (none)
  Release Data: Off
  Data Released: False
  Global Release Data: Off
  PipelineMTime: 0
  UpdateMTime: 1941
  RealTimeStamp: 0 seconds 
  LargestPossibleRegion: 
    Dimension: 3
    Index: [0, 0, 0]
    Size: [193, 229, 193]
  BufferedRegion: 
    Dimension: 3
    Index: [0, 0, 0]
    Size: [193, 229, 193]
  RequestedRegion: 
    Dimension: 3
    Index: [0, 0, 0]
    Size: [193, 229, 193]
  Spacing: [1, 1, 1]
  Origin: [96, 132, -78]
  Direction: 
-1 0 0
0 -1 0
0 0 1

  IndexToPointMatrix: 
-1 0 0
0 -1 0
0 0 1

  PointToIndexMatrix: 
-1 0 0
0 -1 0
0 0 1

  Inverse Direction: 
-1 0 0
0 -1 0
0 0 1

  PixelContainer: 
    ImportImageContainer (0x3563c60)
      RTTI typeinfo:   itk::ImportImageContainer<unsigned long, double>
      Reference Count: 1
      Modified Time: 1938
      Debug: Off
      Object Name: 
      Observers: 
        none
      Pointer: 0x14568d84d010
      Container manages memory: true
      Size: 8530021
      Capacity: 8530021

     Moving image = Image (0x35f7ec0)
  RTTI typeinfo:   itk::Image<double, 3u>
  Reference Count: 2
  Modified Time: 2331
  Debug: Off
  Object Name: 
  Observers: 
    none
  Source: (none)
  Source output name: (none)
  Release Data: Off
  Data Released: False
  Global Release Data: Off
  PipelineMTime: 0
  UpdateMTime: 2328
  RealTimeStamp: 0 seconds 
  LargestPossibleRegion: 
    Dimension: 3
    Index: [0, 0, 0]
    Size: [160, 240, 256]
  BufferedRegion: 
    Dimension: 3
    Index: [0, 0, 0]
    Size: [160, 240, 256]
  RequestedRegion: 
    Dimension: 3
    Index: [0, 0, 0]
    Size: [160, 240, 256]
  Spacing: [1, 1, 1]
  Origin: [87.9508, 102.562, -147.639]
  Direction: 
-0.998659 -0.0436121 -0.0279129
0.043595 -0.999049 0.00121847
-0.0279395 -2.65543e-08 0.99961

  IndexToPointMatrix: 
-0.998659 -0.0436121 -0.0279129
0.043595 -0.999049 0.00121847
-0.0279395 -2.65543e-08 0.99961

  PointToIndexMatrix: 
-0.998659 0.043595 -0.0279395
-0.0436121 -0.999049 -2.65517e-08
-0.0279129 0.00121847 0.99961

  Inverse Direction: 
-0.998659 0.043595 -0.0279395
-0.0436121 -0.999049 -2.65517e-08
-0.0279129 0.00121847 0.99961

  PixelContainer: 
    ImportImageContainer (0x368f610)
      RTTI typeinfo:   itk::ImportImageContainer<unsigned long, double>
      Reference Count: 1
      Modified Time: 2325
      Debug: Off
      Object Name: 
      Observers: 
        none
      Pointer: 0x145688d4c010
      Container manages memory: true
      Size: 9830400
      Capacity: 9830400

     Weighting = 1
     Sampling strategy = regular
     Number of bins = 32
     Radius = 4
     Sampling percentage  = 0.25
   Transform = Rigid
     Gradient step = 0.1
     Update field sigma (voxel space) = 0
     Total field sigma (voxel space) = 0
     Update field time sigma = 0
     Total field time sigma  = 0
     Number of time indices = 0
     Number of time point samples = 0
Registration using 1 total stages.

Stage 0
  iterations = 0
  convergence threshold = 1e-06
  convergence window size = 10
  number of levels = 1
  using the Mattes MI metric (number of bins = 32, weight = 1, use gradient filter = 0)
  preprocessing:  winsorizing the image intensities
  Shrink factors (level 1 out of 1): [1, 1, 1]
  smoothing sigmas per level: [0]
  regular sampling (percentage = 0.25)

*** Running Euler3DTransform registration ***

  Elapsed time (stage 0): 1.12093


Total elapsed time: 1.12373
Info [verificarlo]: loaded backend libinterflop_ieee.so
Info [interflop-ieee]: load backend with:
Info [interflop-ieee]: debug = false
Info [interflop-ieee]: debug-binary = false
Info [interflop-ieee]: no-backend-name = false
Info [interflop-ieee]: print-new-line = false
Info [interflop-ieee]: print-subnormal-normalized = false
Info [interflop-ieee]: count-op = false
All_Command_lines_OK
Using double precision for computations.
=============================================================================
The composite transform comprises the following transforms (in order): 
  1. /home/mdugre/scratch/mri-registration-rp/datasets/ds004513/derivatives/mri-registration-rp/0011/antsRegistration-r7-p20/sub-s037/align_Composite.h5[0] (type = Euler3DTransform)
  2. /home/mdugre/scratch/mri-registration-rp/datasets/ds004513/derivatives/mri-registration-rp/0011/antsRegistration-r7-p20/sub-s037/align_Composite.h5[1] (type = Euler3DTransform)
=============================================================================
  number of levels = 4
  fixed image: /templateflow/tpl-MNI152NLin2009cAsym/tpl-MNI152NLin2009cAsym_res-01_desc-brain_T1w.nii.gz
  moving image: /home/mdugre/scratch/mri-registration-rp/datasets/ds004513/derivatives/mri-registration-rp/antsBrainExtraction/sub-s037/BrainExtractionBrain.nii.gz
Dimension = 3
Number of stages = 1
Use histogram matching = false
Winsorize image intensities = true
  Lower quantile = 0.005
  Upper quantile = 0.995


Stage 1 State
   Image metric = MattesMI
     Fixed image = Image (0x48fa530)
  RTTI typeinfo:   itk::Image<double, 3u>
  Reference Count: 2
  Modified Time: 1578
  Debug: Off
  Object Name: 
  Observers: 
    none
  Source: (none)
  Source output name: (none)
  Release Data: Off
  Data Released: False
  Global Release Data: Off
  PipelineMTime: 0
  UpdateMTime: 1189
  RealTimeStamp: 0 seconds 
  LargestPossibleRegion: 
    Dimension: 3
    Index: [0, 0, 0]
    Size: [193, 229, 193]
  BufferedRegion: 
    Dimension: 3
    Index: [0, 0, 0]
    Size: [193, 229, 193]
  RequestedRegion: 
    Dimension: 3
    Index: [0, 0, 0]
    Size: [193, 229, 193]
  Spacing: [1, 1, 1]
  Origin: [96, 132, -78]
  Direction: 
-1 0 0
0 -1 0
0 0 1

  IndexToPointMatrix: 
-1 0 0
0 -1 0
0 0 1

  PointToIndexMatrix: 
-1 0 0
0 -1 0
0 0 1

  Inverse Direction: 
-1 0 0
0 -1 0
0 0 1

  PixelContainer: 
    ImportImageContainer (0x49b8d60)
      RTTI typeinfo:   itk::ImportImageContainer<unsigned long, double>
      Reference Count: 1
      Modified Time: 1186
      Debug: Off
      Object Name: 
      Observers: 
        none
      Pointer: 0x14cb90cf8010
      Container manages memory: true
      Size: 8530021
      Capacity: 8530021

     Moving image = Image (0x49aaf60)
  RTTI typeinfo:   itk::Image<double, 3u>
  Reference Count: 2
  Modified Time: 1579
  Debug: Off
  Object Name: 
  Observers: 
    none
  Source: (none)
  Source output name: (none)
  Release Data: Off
  Data Released: False
  Global Release Data: Off
  PipelineMTime: 0
  UpdateMTime: 1576
  RealTimeStamp: 0 seconds 
  LargestPossibleRegion: 
    Dimension: 3
    Index: [0, 0, 0]
    Size: [160, 240, 256]
  BufferedRegion: 
    Dimension: 3
    Index: [0, 0, 0]
    Size: [160, 240, 256]
  RequestedRegion: 
    Dimension: 3
    Index: [0, 0, 0]
    Size: [160, 240, 256]
  Spacing: [1, 1, 1]
  Origin: [87.9508, 102.562, -147.639]
  Direction: 
-0.998659 -0.0436121 -0.0279129
0.043595 -0.999049 0.00121847
-0.0279395 -2.65543e-08 0.99961

  IndexToPointMatrix: 
-0.998659 -0.0436121 -0.0279129
0.043595 -0.999049 0.00121847
-0.0279395 -2.65543e-08 0.99961

  PointToIndexMatrix: 
-0.998659 0.043595 -0.0279395
-0.0436121 -0.999049 -2.65517e-08
-0.0279129 0.00121847 0.99961

  Inverse Direction: 
-0.998659 0.043595 -0.0279395
-0.0436121 -0.999049 -2.65517e-08
-0.0279129 0.00121847 0.99961

  PixelContainer: 
    ImportImageContainer (0x499c6d0)
      RTTI typeinfo:   itk::ImportImageContainer<unsigned long, double>
      Reference Count: 1
      Modified Time: 1573
      Debug: Off
      Object Name: 
      Observers: 
        none
      Pointer: 0x14cb8c1f7010
      Container manages memory: true
      Size: 9830400
      Capacity: 9830400

     Weighting = 1
     Sampling strategy = regular
     Number of bins = 32
     Radius = 4
     Sampling percentage  = 0.25
   Transform = Rigid
     Gradient step = 0.1
     Update field sigma (voxel space) = 0
     Total field sigma (voxel space) = 0
     Update field time sigma = 0
     Total field time sigma  = 0
     Number of time indices = 0
     Number of time point samples = 0
Registration using 1 total stages.

Stage 0
  iterations = 1000x500x250x100
  convergence threshold = 1e-06
  convergence window size = 10
  number of levels = 4
  using the Mattes MI metric (number of bins = 32, weight = 1, use gradient filter = 0)
  preprocessing:  winsorizing the image intensities
  Shrink factors (level 1 out of 4): [8, 8, 8]
  Shrink factors (level 2 out of 4): [4, 4, 4]
  Shrink factors (level 3 out of 4): [2, 2, 2]
  Shrink factors (level 4 out of 4): [1, 1, 1]
  smoothing sigmas per level: [3, 2, 1, 0]
  regular sampling (percentage = 0.25)

*** Running Euler3DTransform registration ***

DIAGNOSTIC,Iteration,metricValue,convergenceValue,ITERATION_TIME_INDEX,SINCE_LAST
 2DIAGNOSTIC,     1, -4.299060189477e-01, 1.797693134862e+308, 7.7801e-01, 7.7801e-01, 
 2DIAGNOSTIC,     2, -4.311703807429e-01, 1.797693134862e+308, 7.8330e-01, 5.2850e-03, 
 2DIAGNOSTIC,     3, -4.334997061176e-01, 1.797693134862e+308, 7.8779e-01, 4.4880e-03, 
 2DIAGNOSTIC,     4, -4.389575130370e-01, 1.797693134862e+308, 7.9243e-01, 4.6389e-03, 
 2DIAGNOSTIC,     5, -4.438813134482e-01, 1.797693134862e+308, 7.9664e-01, 4.2109e-03, 
 2DIAGNOSTIC,     6, -4.461495460377e-01, 1.797693134862e+308, 8.0108e-01, 4.4420e-03, 
 2DIAGNOSTIC,     7, -4.511407144429e-01, 1.797693134862e+308, 8.0639e-01, 5.3079e-03, 
 2DIAGNOSTIC,     8, -4.667812032718e-01, 1.797693134862e+308, 8.1184e-01, 5.4488e-03, 
 2DIAGNOSTIC,     9, -4.753090114372e-01, 1.797693134862e+308, 8.1697e-01, 5.1391e-03, 
 2DIAGNOSTIC,    10, -4.802481719655e-01, 7.481707542057e-03, 8.2224e-01, 5.2669e-03, 
 2DIAGNOSTIC,    11, -4.821261368877e-01, 7.356704266140e-03, 8.2697e-01, 4.7290e-03, 
 2DIAGNOSTIC,    12, -4.837491005316e-01, 6.749992380104e-03, 8.3247e-01, 5.4960e-03, 
 2DIAGNOSTIC,    13, -5.028244927610e-01, 6.622215038738e-03, 8.4076e-01, 8.2889e-03, 
 2DIAGNOSTIC,    14, -5.042109134423e-01, 6.183615245763e-03, 8.4631e-01, 5.5571e-03, 
 2DIAGNOSTIC,    15, -5.066116081855e-01, 5.558135432389e-03, 8.5081e-01, 4.4990e-03, 
 2DIAGNOSTIC,    16, -5.083451635848e-01, 4.676295421328e-03, 8.5564e-01, 4.8280e-03, 
 2DIAGNOSTIC,    17, -5.184993492780e-01, 3.998770501001e-03, 8.6296e-01, 7.3180e-03, 
 2DIAGNOSTIC,    18, -5.256348855893e-01, 3.769024583842e-03, 8.6787e-01, 4.9140e-03, 
 2DIAGNOSTIC,    19, -5.260487276713e-01, 3.491513202411e-03, 8.7330e-01, 5.4319e-03, 
 2DIAGNOSTIC,    20, -5.292109530151e-01, 3.174906808778e-03, 8.7858e-01, 5.2791e-03, 
 2DIAGNOSTIC,    21, -5.301818286786e-01, 2.681600084528e-03, 8.8333e-01, 4.7481e-03, 
 2DIAGNOSTIC,    22, -5.312241437423e-01, 2.041189038500e-03, 8.8854e-01, 5.2118e-03, 
 2DIAGNOSTIC,    23, -5.321371429097e-01, 1.776979577108e-03, 8.9450e-01, 5.9559e-03, 
 2DIAGNOSTIC,    24, -5.330747244018e-01, 1.429098364147e-03, 8.9920e-01, 4.6971e-03, 
 2DIAGNOSTIC,    25, -5.340979452894e-01, 1.060387730942e-03, 9.0440e-01, 5.2018e-03, 
 2DIAGNOSTIC,    26, -5.353301871183e-01, 6.839350201773e-04, 9.1072e-01, 6.3229e-03, 
 2DIAGNOSTIC,    27, -5.359877929478e-01, 5.005583885536e-04, 9.1549e-01, 4.7650e-03, 
 2DIAGNOSTIC,    28, -5.363338967658e-01, 4.385715271083e-04, 9.2004e-01, 4.5550e-03, 
 2DIAGNOSTIC,    29, -5.373050912367e-01, 3.660301342654e-04, 9.2474e-01, 4.6971e-03, 
 2DIAGNOSTIC,    30, -5.398201293225e-01, 3.715999982031e-04, 9.3030e-01, 5.5580e-03, 
 2DIAGNOSTIC,    31, -5.446420016179e-01, 4.465251496505e-04, 9.4103e-01, 1.0737e-02, 
 2DIAGNOSTIC,    32, -5.446643515130e-01, 4.912589668324e-04, 9.4536e-01, 4.3321e-03, 
 2DIAGNOSTIC,    33, -5.447645035608e-01, 5.056399959394e-04, 9.4967e-01, 4.3042e-03, 
 2DIAGNOSTIC,    34, -5.449309534158e-01, 4.904039063178e-04, 9.5407e-01, 4.4060e-03, 
 2DIAGNOSTIC,    35, -5.452044417524e-01, 4.491490246026e-04, 9.5839e-01, 4.3111e-03, 
 2DIAGNOSTIC,    36, -5.456974288001e-01, 3.933067353864e-04, 9.6298e-01, 4.5931e-03, 
 2DIAGNOSTIC,    37, -5.462998708330e-01, 3.227883289794e-04, 9.6742e-01, 4.4441e-03, 
 2DIAGNOSTIC,    38, -5.470544233256e-01, 2.429358647446e-04, 9.7186e-01, 4.4391e-03, 
 2DIAGNOSTIC,    39, -5.483332189919e-01, 1.763384949883e-04, 9.7679e-01, 4.9310e-03, 
 2DIAGNOSTIC,    40, -5.485726266868e-01, 1.327678889646e-04, 9.8120e-01, 4.4119e-03, 
 2DIAGNOSTIC,    41, -5.488484900685e-01, 1.482775497528e-04, 9.8616e-01, 4.9510e-03, 
 2DIAGNOSTIC,    42, -5.491455727626e-01, 1.532242434359e-04, 9.9067e-01, 4.5149e-03, 
 2DIAGNOSTIC,    43, -5.502461844770e-01, 1.586781082151e-04, 9.9609e-01, 5.4171e-03, 
 2DIAGNOSTIC,    44, -5.634830681641e-01, 3.167353751175e-04, 1.0026e+00, 6.4678e-03, 
 2DIAGNOSTIC,    45, -5.666181037169e-01, 4.742261633534e-04, 1.0080e+00, 5.4331e-03, 
 2DIAGNOSTIC,    46, -5.686719967276e-01, 6.105572819982e-04, 1.0131e+00, 5.0979e-03, 
 2DIAGNOSTIC,    47, -5.690864739203e-01, 6.962668716273e-04, 1.0177e+00, 4.5640e-03, 
 2DIAGNOSTIC,    48, -5.696226795448e-01, 7.259115572107e-04, 1.0222e+00, 4.5190e-03, 
 2DIAGNOSTIC,    49, -5.705349000354e-01, 7.069310724518e-04, 1.0273e+00, 5.1060e-03, 
 2DIAGNOSTIC,    50, -5.708769649729e-01, 6.263649269546e-04, 1.0323e+00, 5.0290e-03, 
 2DIAGNOSTIC,    51, -5.709995854030e-01, 4.955819569557e-04, 1.0371e+00, 4.8032e-03, 
 2DIAGNOSTIC,    52, -5.730171599725e-01, 3.489645159361e-04, 1.0429e+00, 5.7971e-03, 
 2DIAGNOSTIC,    53, -5.745427091057e-01, 1.981188698086e-04, 1.0474e+00, 4.5280e-03, 
 2DIAGNOSTIC,    54, -5.761241108077e-01, 1.822776188234e-04, 1.0531e+00, 5.6348e-03, 
 2DIAGNOSTIC,    55, -5.780092349124e-01, 1.985526821892e-04, 1.0586e+00, 5.5659e-03, 
 2DIAGNOSTIC,    56, -5.786975756752e-01, 2.215414822563e-04, 1.0631e+00, 4.5080e-03, 
 2DIAGNOSTIC,    57, -5.807159809202e-01, 2.453498039902e-04, 1.0684e+00, 5.2869e-03, 
 2DIAGNOSTIC,    58, -5.819433190925e-01, 2.603990684183e-04, 1.0740e+00, 5.5490e-03, 
 2DIAGNOSTIC,    59, -5.820020610226e-01, 2.586574473757e-04, 1.0790e+00, 4.9829e-03, 
 2DIAGNOSTIC,    60, -5.822756013279e-01, 2.381586898678e-04, 1.0836e+00, 4.5941e-03, 
 2DIAGNOSTIC,    61, -5.823018858409e-01, 1.966456563703e-04, 1.0880e+00, 4.4100e-03, 
 2DIAGNOSTIC,    62, -5.824473757720e-01, 1.561371468496e-04, 1.0924e+00, 4.4119e-03, 
 2DIAGNOSTIC,    63, -5.825973676149e-01, 1.159456303243e-04, 1.0990e+00, 6.5780e-03, 
 2DIAGNOSTIC,    64, -5.825946018635e-01, 7.899966023921e-05, 1.1036e+00, 4.6692e-03, 
 2DIAGNOSTIC,    65, -5.826151416927e-01, 5.154933767552e-05, 1.1081e+00, 4.4751e-03, 
 2DIAGNOSTIC,    66, -5.826529814170e-01, 2.560499696389e-05, 1.1133e+00, 5.1591e-03, 
 2DIAGNOSTIC,    67, -5.827597789605e-01, 1.465759428311e-05, 1.1183e+00, 5.0302e-03, 
 2DIAGNOSTIC,    68, -5.828243910382e-01, 1.274541347672e-05, 1.1233e+00, 5.0120e-03, 
 2DIAGNOSTIC,    69, -5.828390025793e-01, 1.023444036947e-05, 1.1283e+00, 4.9551e-03, 
 2DIAGNOSTIC,    70, -5.828637612097e-01, 9.155640843767e-06, 1.1327e+00, 4.4429e-03, 
 2DIAGNOSTIC,    71, -5.829102883258e-01, 7.794596753700e-06, 1.1377e+00, 4.9880e-03, 
 2DIAGNOSTIC,    72, -5.828312455847e-01, 6.206010390950e-06, 1.1518e+00, 1.4145e-02, 
 2DIAGNOSTIC,    73, -5.828312422600e-01, 5.214142819048e-06, 1.1563e+00, 4.4670e-03, 
 2DIAGNOSTIC,    74, -5.828312481297e-01, 3.780314946392e-06, 1.1608e+00, 4.4529e-03, 
 2DIAGNOSTIC,    75, -5.828312580529e-01, 2.207313828530e-06, 1.1655e+00, 4.7472e-03, 
DIAGNOSTIC,Iteration,metricValue,convergenceValue,ITERATION_TIME_INDEX,SINCE_LAST
 2DIAGNOSTIC,     1, -4.656534748829e-01, 1.797693134862e+308, 1.8760e+00, 7.1047e-01, 
 2DIAGNOSTIC,     2, -4.661815438617e-01, 1.797693134862e+308, 1.9049e+00, 2.8926e-02, 
 2DIAGNOSTIC,     3, -4.669861970302e-01, 1.797693134862e+308, 1.9355e+00, 3.0641e-02, 
 2DIAGNOSTIC,     4, -4.689840292320e-01, 1.797693134862e+308, 1.9651e+00, 2.9529e-02, 
 2DIAGNOSTIC,     5, -4.710291365349e-01, 1.797693134862e+308, 1.9946e+00, 2.9582e-02, 
 2DIAGNOSTIC,     6, -4.738599452584e-01, 1.797693134862e+308, 2.0243e+00, 2.9690e-02, 
 2DIAGNOSTIC,     7, -4.768153433034e-01, 1.797693134862e+308, 2.0578e+00, 3.3444e-02, 
 2DIAGNOSTIC,     8, -4.779376369194e-01, 1.797693134862e+308, 2.0911e+00, 3.3290e-02, 
 2DIAGNOSTIC,     9, -4.790862456572e-01, 1.797693134862e+308, 2.1205e+00, 2.9401e-02, 
 2DIAGNOSTIC,    10, -4.807379889502e-01, 2.298075439487e-03, 2.1565e+00, 3.6050e-02, 
 2DIAGNOSTIC,    11, -4.867899705427e-01, 2.370096645211e-03, 2.1892e+00, 3.2657e-02, 
 2DIAGNOSTIC,    12, -4.876666368645e-01, 2.279509502817e-03, 2.2330e+00, 4.3847e-02, 
 2DIAGNOSTIC,    13, -4.878643982580e-01, 2.046477536229e-03, 2.2630e+00, 2.9927e-02, 
 2DIAGNOSTIC,    14, -4.883860642652e-01, 1.773415354976e-03, 2.2937e+00, 3.0764e-02, 
 2DIAGNOSTIC,    15, -4.889584585144e-01, 1.476634785639e-03, 2.3236e+00, 2.9857e-02, 
 2DIAGNOSTIC,    16, -4.893353896978e-01, 1.195425297271e-03, 2.3636e+00, 4.0016e-02, 
 2DIAGNOSTIC,    17, -4.894835544571e-01, 9.456778090180e-04, 2.3931e+00, 2.9478e-02, 
 2DIAGNOSTIC,    18, -4.897643102231e-01, 6.861718254357e-04, 2.4264e+00, 3.3298e-02, 
 2DIAGNOSTIC,    19, -4.900414911651e-01, 4.364414010811e-04, 2.4664e+00, 4.0060e-02, 
 2DIAGNOSTIC,    20, -4.900555866509e-01, 2.158749999202e-04, 2.4962e+00, 2.9728e-02, 
 2DIAGNOSTIC,    21, -4.901672871372e-01, 1.696594485825e-04, 2.5288e+00, 3.2628e-02, 
 2DIAGNOSTIC,    22, -4.901865262129e-01, 1.362399163008e-04, 2.5616e+00, 3.2811e-02, 
 2DIAGNOSTIC,    23, -4.902066947016e-01, 9.857779761682e-05, 2.5939e+00, 3.2272e-02, 
 2DIAGNOSTIC,    24, -4.901985537737e-01, 6.727263594464e-05, 2.6239e+00, 3.0064e-02, 
 2DIAGNOSTIC,    25, -4.901959159474e-01, 4.561805084811e-05, 2.6531e+00, 2.9147e-02, 
 2DIAGNOSTIC,    26, -4.902193842888e-01, 3.059451753812e-05, 2.6856e+00, 3.2563e-02, 
 2DIAGNOSTIC,    27, -4.902437968666e-01, 1.756231985851e-05, 2.7180e+00, 3.2380e-02, 
 2DIAGNOSTIC,    28, -4.903196457455e-01, 1.127498943987e-05, 2.7514e+00, 3.3339e-02, 
 2DIAGNOSTIC,    29, -4.903144006288e-01, 9.977903000634e-06, 2.7830e+00, 3.1639e-02, 
 2DIAGNOSTIC,    30, -4.903186521062e-01, 8.266254539160e-06, 2.8155e+00, 3.2551e-02, 
 2DIAGNOSTIC,    31, -4.903292516838e-01, 8.304416310910e-06, 2.8446e+00, 2.9005e-02, 
 2DIAGNOSTIC,    32, -4.903627150166e-01, 8.584606232633e-06, 2.8729e+00, 2.8363e-02, 
 2DIAGNOSTIC,    33, -4.904926158343e-01, 1.076928611797e-05, 2.9016e+00, 2.8720e-02, 
 2DIAGNOSTIC,    34, -4.905811941520e-01, 1.323680853836e-05, 2.9307e+00, 2.9095e-02, 
 2DIAGNOSTIC,    35, -4.907770311469e-01, 1.763527225383e-05, 2.9674e+00, 3.6694e-02, 
 2DIAGNOSTIC,    36, -4.908788604253e-01, 2.219415950189e-05, 3.0137e+00, 4.6317e-02, 
 2DIAGNOSTIC,    37, -4.909208983798e-01, 2.549158004751e-05, 3.0432e+00, 2.9482e-02, 
 2DIAGNOSTIC,    38, -4.909857203674e-01, 2.845126018742e-05, 3.0762e+00, 3.2940e-02, 
 2DIAGNOSTIC,    39, -4.910160809976e-01, 2.897637925346e-05, 3.1089e+00, 3.2783e-02, 
 2DIAGNOSTIC,    40, -4.910260009728e-01, 2.698061941648e-05, 3.1378e+00, 2.8831e-02, 
 2DIAGNOSTIC,    41, -4.910628923411e-01, 2.327180999233e-05, 3.1664e+00, 2.8573e-02, 
 2DIAGNOSTIC,    42, -4.911675941551e-01, 1.950155714454e-05, 3.1943e+00, 2.7917e-02, 
 2DIAGNOSTIC,    43, -4.912342416285e-01, 1.676087169016e-05, 3.2236e+00, 2.9352e-02, 
 2DIAGNOSTIC,    44, -4.914096732176e-01, 1.606305279557e-05, 3.2632e+00, 3.9566e-02, 
 2DIAGNOSTIC,    45, -4.914400166663e-01, 1.681257359570e-05, 3.2958e+00, 3.2638e-02, 
 2DIAGNOSTIC,    46, -4.914545842302e-01, 1.748482419854e-05, 3.3321e+00, 3.6247e-02, 
 2DIAGNOSTIC,    47, -4.915730834039e-01, 1.850843581270e-05, 3.3606e+00, 2.8561e-02, 
 2DIAGNOSTIC,    48, -4.915876235596e-01, 1.868641757675e-05, 3.3925e+00, 3.1894e-02, 
 2DIAGNOSTIC,    49, -4.916571684408e-01, 1.831914340556e-05, 3.4319e+00, 3.9329e-02, 
 2DIAGNOSTIC,    50, -4.916853362540e-01, 1.672070477998e-05, 3.4647e+00, 3.2820e-02, 
 2DIAGNOSTIC,    51, -4.917260747670e-01, 1.453392864961e-05, 3.4978e+00, 3.3142e-02, 
 2DIAGNOSTIC,    52, -4.917204148168e-01, 1.219768785489e-05, 3.5322e+00, 3.4411e-02, 
 2DIAGNOSTIC,    53, -4.916933769238e-01, 9.228425822152e-06, 3.5681e+00, 3.5829e-02, 
 2DIAGNOSTIC,    54, -4.917182584486e-01, 7.720399702080e-06, 3.6016e+00, 3.3581e-02, 
 2DIAGNOSTIC,    55, -4.917123788021e-01, 5.834768162068e-06, 3.6317e+00, 3.0071e-02, 
 2DIAGNOSTIC,    56, -4.917542139290e-01, 4.070576344849e-06, 3.6649e+00, 3.3208e-02, 
 2DIAGNOSTIC,    57, -4.917493524508e-01, 3.195976478382e-06, 3.6942e+00, 2.9266e-02, 
 2DIAGNOSTIC,    58, -4.917944453869e-01, 2.697555282365e-06, 3.7244e+00, 3.0239e-02, 
 2DIAGNOSTIC,    59, -4.918711254962e-01, 3.441183538563e-06, 3.7534e+00, 2.8966e-02, 
 2DIAGNOSTIC,    60, -4.919244276834e-01, 4.637985755666e-06, 3.7826e+00, 2.9173e-02, 
 2DIAGNOSTIC,    61, -4.921393509065e-01, 7.840060944401e-06, 3.8172e+00, 3.4686e-02, 
 2DIAGNOSTIC,    62, -4.928912880836e-01, 1.721384436516e-05, 3.8664e+00, 4.9189e-02, 
 2DIAGNOSTIC,    63, -4.929546010347e-01, 2.483806488513e-05, 3.9005e+00, 3.4035e-02, 
 2DIAGNOSTIC,    64, -4.929578606288e-01, 3.022367268088e-05, 3.9379e+00, 3.7416e-02, 
 2DIAGNOSTIC,    65, -4.929605534148e-01, 3.264450561683e-05, 3.9739e+00, 3.5980e-02, 
 2DIAGNOSTIC,    66, -4.929543459213e-01, 3.217601524706e-05, 4.0156e+00, 4.1755e-02, 
 2DIAGNOSTIC,    67, -4.929475028328e-01, 2.845432760025e-05, 4.0444e+00, 2.8747e-02, 
 2DIAGNOSTIC,    68, -4.929411131924e-01, 2.246338680400e-05, 4.0712e+00, 2.6829e-02, 
 2DIAGNOSTIC,    69, -4.929434658523e-01, 1.530467513671e-05, 4.1031e+00, 3.1888e-02, 
 2DIAGNOSTIC,    70, -4.929457752500e-01, 7.414478992411e-06, 4.1318e+00, 2.8753e-02, 
DIAGNOSTIC,Iteration,metricValue,convergenceValue,ITERATION_TIME_INDEX,SINCE_LAST
 2DIAGNOSTIC,     1, -4.339951964027e-01, 1.797693134862e+308, 5.2184e+00, 1.0866e+00, 
 2DIAGNOSTIC,     2, -4.341758932630e-01, 1.797693134862e+308, 5.4653e+00, 2.4685e-01, 
 2DIAGNOSTIC,     3, -4.343530682187e-01, 1.797693134862e+308, 5.7055e+00, 2.4026e-01, 
 2DIAGNOSTIC,     4, -4.345087498905e-01, 1.797693134862e+308, 5.9508e+00, 2.4531e-01, 
 2DIAGNOSTIC,     5, -4.346175065884e-01, 1.797693134862e+308, 6.2075e+00, 2.5664e-01, 
 2DIAGNOSTIC,     6, -4.347426812678e-01, 1.797693134862e+308, 6.4918e+00, 2.8431e-01, 
 2DIAGNOSTIC,     7, -4.347615070915e-01, 1.797693134862e+308, 6.8655e+00, 3.7370e-01, 
 2DIAGNOSTIC,     8, -4.348356113781e-01, 1.797693134862e+308, 7.1639e+00, 2.9841e-01, 
 2DIAGNOSTIC,     9, -4.348617387958e-01, 1.797693134862e+308, 7.4621e+00, 2.9818e-01, 
 2DIAGNOSTIC,    10, -4.348909616259e-01, 1.321763653550e-04, 7.7917e+00, 3.2958e-01, 
 2DIAGNOSTIC,    11, -4.349312635541e-01, 9.670639887939e-05, 8.1076e+00, 3.1591e-01, 
 2DIAGNOSTIC,    12, -4.349524107954e-01, 6.958314207778e-05, 8.4617e+00, 3.5413e-01, 
 2DIAGNOSTIC,    13, -4.349492216133e-01, 4.923437275713e-05, 8.7522e+00, 2.9051e-01, 
 2DIAGNOSTIC,    14, -4.349486352636e-01, 3.473571205645e-05, 9.0397e+00, 2.8749e-01, 
 2DIAGNOSTIC,    15, -4.349489427032e-01, 2.384944748364e-05, 9.3306e+00, 2.9092e-01, 
 2DIAGNOSTIC,    16, -4.349474777498e-01, 1.738088970069e-05, 9.5796e+00, 2.4895e-01, 
 2DIAGNOSTIC,    17, -4.349455507593e-01, 1.083768669398e-05, 9.8406e+00, 2.6099e-01, 
 2DIAGNOSTIC,    18, -4.349430895350e-01, 6.805808044304e-06, 1.0104e+01, 2.6328e-01, 
 2DIAGNOSTIC,    19, -4.349429570871e-01, 3.627379061129e-06, 1.0381e+01, 2.7704e-01, 
 2DIAGNOSTIC,    20, -4.349419563237e-01, 1.475033757012e-06, 1.0642e+01, 2.6084e-01, 
DIAGNOSTIC,Iteration,metricValue,convergenceValue,ITERATION_TIME_INDEX,SINCE_LAST
 2DIAGNOSTIC,     1, -4.013837090113e-01, 1.797693134862e+308, 1.3155e+01, 2.5128e+00, 
 2DIAGNOSTIC,     2, -4.015327585144e-01, 1.797693134862e+308, 1.4522e+01, 1.3674e+00, 
 2DIAGNOSTIC,     3, -4.016231819338e-01, 1.797693134862e+308, 1.6039e+01, 1.5169e+00, 
 2DIAGNOSTIC,     4, -4.016641004039e-01, 1.797693134862e+308, 1.7749e+01, 1.7097e+00, 
 2DIAGNOSTIC,     5, -4.016696695570e-01, 1.797693134862e+308, 1.9980e+01, 2.2318e+00, 
 2DIAGNOSTIC,     6, -4.016697542792e-01, 1.797693134862e+308, 2.1815e+01, 1.8347e+00, 
 2DIAGNOSTIC,     7, -4.016699250814e-01, 1.797693134862e+308, 2.3345e+01, 1.5295e+00, 
 2DIAGNOSTIC,     8, -4.016698589298e-01, 1.797693134862e+308, 2.5351e+01, 2.0064e+00, 
 2DIAGNOSTIC,     9, -4.016698642893e-01, 1.797693134862e+308, 2.6649e+01, 1.2983e+00, 
 2DIAGNOSTIC,    10, -4.016699332611e-01, 3.442442127782e-05, 2.8183e+01, 1.5340e+00, 
 2DIAGNOSTIC,    11, -4.016698587599e-01, 1.460707566171e-05, 2.9786e+01, 1.6025e+00, 
 2DIAGNOSTIC,    12, -4.016697578956e-01, 5.707603567606e-06, 3.1711e+01, 1.9247e+00, 
 2DIAGNOSTIC,    13, -4.016697689774e-01, 2.764151779230e-06, 3.3121e+01, 1.4106e+00, 
 2DIAGNOSTIC,    14, -4.016696085399e-01, 2.264532331264e-06, 3.4641e+01, 1.5200e+00, 
 2DIAGNOSTIC,    15, -4.016695302122e-01, 2.091311186156e-06, 3.5998e+01, 1.3569e+00, 
 2DIAGNOSTIC,    16, -4.016694577864e-01, 1.942829432722e-06, 3.7521e+01, 1.5234e+00, 
 2DIAGNOSTIC,    17, -4.016694721312e-01, 1.823854273768e-06, 3.8915e+01, 1.3935e+00, 
 2DIAGNOSTIC,    18, -4.016694095335e-01, 1.717330924668e-06, 4.0240e+01, 1.3254e+00, 
 2DIAGNOSTIC,    19, -4.016693633596e-01, 1.625105751663e-06, 4.1837e+01, 1.5970e+00, 
 2DIAGNOSTIC,    20, -4.016693987164e-01, 1.550512036569e-06, 4.3389e+01, 1.5516e+00, 
 2DIAGNOSTIC,    21, -4.016694405350e-01, 1.485630883452e-06, 4.4755e+01, 1.3667e+00, 
 2DIAGNOSTIC,    22, -4.016693368639e-01, 1.422643308442e-06, 4.6230e+01, 1.4744e+00, 
 2DIAGNOSTIC,    23, -4.016695400815e-01, 1.374146362941e-06, 4.7711e+01, 1.4807e+00, 
 2DIAGNOSTIC,    24, -4.016695386487e-01, 1.325644106376e-06, 4.9323e+01, 1.6121e+00, 
 2DIAGNOSTIC,    25, -4.016695935668e-01, 1.280384951605e-06, 5.0818e+01, 1.4955e+00, 
 2DIAGNOSTIC,    26, -4.016695876051e-01, 1.235710924592e-06, 5.2179e+01, 1.3607e+00, 
 2DIAGNOSTIC,    27, -4.016698970391e-01, 1.201772828814e-06, 5.3795e+01, 1.6163e+00, 
 2DIAGNOSTIC,    28, -4.016700001515e-01, 1.168841080229e-06, 5.5331e+01, 1.5357e+00, 
 2DIAGNOSTIC,    29, -4.016698059795e-01, 1.129165640039e-06, 5.6780e+01, 1.4490e+00, 
 2DIAGNOSTIC,    30, -4.016697615489e-01, 1.089152633894e-06, 5.8233e+01, 1.4536e+00, 
 2DIAGNOSTIC,    31, -4.016696375046e-01, 1.047228417546e-06, 5.9607e+01, 1.3741e+00, 
 2DIAGNOSTIC,    32, -4.016698072851e-01, 1.007154066784e-06, 6.1190e+01, 1.5825e+00, 
  Elapsed time (stage 0): 6.2013e+01


Total elapsed time: 6.2015e+01
Info [verificarlo]: loaded backend libinterflop_vprec.so
Info [interflop-vprec]: load backend with: 
Info [interflop-vprec]: precision-binary32 = 20
Info [interflop-vprec]: range-binary32 = 7
Info [interflop-vprec]: precision-binary64 = 20
Info [interflop-vprec]: range-binary64 = 7
Info [interflop-vprec]: mode = ob
Info [interflop-vprec]: error-mode = rel
Info [interflop-vprec]: max-abs-error-exponent = -1022
Info [interflop-vprec]: daz = false
Info [interflop-vprec]: ftz = false
Info [interflop-vprec]: 	instrument = none
Info [interflop-vprec]: 	prec-input-file = (null)
Info [interflop-vprec]: 	prec-output-file = (null)
Info [interflop-vprec]: 	prec-log-file = (null)
All_Command_lines_OK
Using double precision for computations.
=============================================================================
The composite transform comprises the following transforms (in order): 
  1. /home/mdugre/scratch/mri-registration-rp/datasets/ds004513/derivatives/mri-registration-rp/0011/antsRegistration-r7-p20/sub-s037/rigid_Composite.h5[0] (type = Euler3DTransform)
  2. /home/mdugre/scratch/mri-registration-rp/datasets/ds004513/derivatives/mri-registration-rp/0011/antsRegistration-r7-p20/sub-s037/rigid_Composite.h5[1] (type = Euler3DTransform)
  3. /home/mdugre/scratch/mri-registration-rp/datasets/ds004513/derivatives/mri-registration-rp/0011/antsRegistration-r7-p20/sub-s037/rigid_Composite.h5[2] (type = Euler3DTransform)
=============================================================================
  number of levels = 4
  fixed image: /templateflow/tpl-MNI152NLin2009cAsym/tpl-MNI152NLin2009cAsym_res-01_desc-brain_T1w.nii.gz
  moving image: /home/mdugre/scratch/mri-registration-rp/datasets/ds004513/derivatives/mri-registration-rp/antsBrainExtraction/sub-s037/BrainExtractionBrain.nii.gz
Dimension = 3
Number of stages = 1
Use histogram matching = false
Winsorize image intensities = true
  Lower quantile = 0.005
  Upper quantile = 0.995


Stage 1 State
   Image metric = MattesMI
     Fixed image = Image (0x3ea6490)
  RTTI typeinfo:   itk::Image<double, 3u>
  Reference Count: 2
  Modified Time: 1592
  Debug: Off
  Object Name: 
  Observers: 
    none
  Source: (none)
  Source output name: (none)
  Release Data: Off
  Data Released: False
  Global Release Data: Off
  PipelineMTime: 0
  UpdateMTime: 1203
  RealTimeStamp: 0 seconds 
  LargestPossibleRegion: 
    Dimension: 3
    Index: [0, 0, 0]
    Size: [193, 229, 193]
  BufferedRegion: 
    Dimension: 3
    Index: [0, 0, 0]
    Size: [193, 229, 193]
  RequestedRegion: 
    Dimension: 3
    Index: [0, 0, 0]
    Size: [193, 229, 193]
  Spacing: [1, 1, 1]
  Origin: [96, 132, -78]
  Direction: 
-1 0 0
0 -1 0
0 0 1

  IndexToPointMatrix: 
-1 0 0
0 -1 0
0 0 1

  PointToIndexMatrix: 
-1 0 0
0 -1 0
0 0 1

  Inverse Direction: 
-1 0 0
0 -1 0
0 0 1

  PixelContainer: 
    ImportImageContainer (0x3f718c0)
      RTTI typeinfo:   itk::ImportImageContainer<unsigned long, double>
      Reference Count: 1
      Modified Time: 1200
      Debug: Off
      Object Name: 
      Observers: 
        none
      Pointer: 0x154ccab7d010
      Container manages memory: true
      Size: 8530021
      Capacity: 8530021

     Moving image = Image (0x3f61b60)
  RTTI typeinfo:   itk::Image<double, 3u>
  Reference Count: 2
  Modified Time: 1593
  Debug: Off
  Object Name: 
  Observers: 
    none
  Source: (none)
  Source output name: (none)
  Release Data: Off
  Data Released: False
  Global Release Data: Off
  PipelineMTime: 0
  UpdateMTime: 1590
  RealTimeStamp: 0 seconds 
  LargestPossibleRegion: 
    Dimension: 3
    Index: [0, 0, 0]
    Size: [160, 240, 256]
  BufferedRegion: 
    Dimension: 3
    Index: [0, 0, 0]
    Size: [160, 240, 256]
  RequestedRegion: 
    Dimension: 3
    Index: [0, 0, 0]
    Size: [160, 240, 256]
  Spacing: [1, 1, 1]
  Origin: [87.9508, 102.562, -147.639]
  Direction: 
-0.998658 -0.0436121 -0.0279129
0.043595 -0.999049 0.00121847
-0.0279395 -2.65543e-08 0.999609

  IndexToPointMatrix: 
-0.998658 -0.0436121 -0.0279129
0.043595 -0.999049 0.00121847
-0.0279395 -2.65543e-08 0.999609

  PointToIndexMatrix: 
-0.99866 0.043595 -0.0279396
-0.043612 -0.999048 2.38419e-07
-0.027913 0.00121832 0.99961

  Inverse Direction: 
-0.99866 0.043595 -0.0279396
-0.043612 -0.999048 2.38419e-07
-0.027913 0.00121832 0.99961

  PixelContainer: 
    ImportImageContainer (0x3ff51d0)
      RTTI typeinfo:   itk::ImportImageContainer<unsigned long, double>
      Reference Count: 1
      Modified Time: 1587
      Debug: Off
      Object Name: 
      Observers: 
        none
      Pointer: 0x154cc607c010
      Container manages memory: true
      Size: 9830400
      Capacity: 9830400

     Weighting = 1
     Sampling strategy = regular
     Number of bins = 32
     Radius = 4
     Sampling percentage  = 0.25
   Transform = Affine
     Gradient step = 0.1
     Update field sigma (voxel space) = 0
     Total field sigma (voxel space) = 0
     Update field time sigma = 0
     Total field time sigma  = 0
     Number of time indices = 0
     Number of time point samples = 0
Registration using 1 total stages.

Stage 0
  iterations = 1000x500x250x100
  convergence threshold = 1e-06
  convergence window size = 10
  number of levels = 4
  using the Mattes MI metric (number of bins = 32, weight = 1, use gradient filter = 0)
  preprocessing:  winsorizing the image intensities
  Shrink factors (level 1 out of 4): [8, 8, 8]
  Shrink factors (level 2 out of 4): [4, 4, 4]
  Shrink factors (level 3 out of 4): [2, 2, 2]
  Shrink factors (level 4 out of 4): [1, 1, 1]
  smoothing sigmas per level: [3, 2, 1, 0]
  regular sampling (percentage = 0.25)

*** Running AffineTransform registration ***

DIAGNOSTIC,Iteration,metricValue,convergenceValue,ITERATION_TIME_INDEX,SINCE_LAST
 2DIAGNOSTIC,     1, -5.873423723867e-01, 1.797693134862e+308, 0.0000e+00, 0.0000e+00, 
 2DIAGNOSTIC,     2, -5.888736682298e-01, 1.797693134862e+308, 0.0000e+00, 0.0000e+00, 
 2DIAGNOSTIC,     3, -5.917318904674e-01, 1.797693134862e+308, 0.0000e+00, 0.0000e+00, 
 2DIAGNOSTIC,     4, -5.961956060353e-01, 1.797693134862e+308, 0.0000e+00, 0.0000e+00, 
 2DIAGNOSTIC,     5, -6.038707097864e-01, 1.797693134862e+308, 0.0000e+00, 0.0000e+00, 
 2DIAGNOSTIC,     6, -6.146262918015e-01, 1.797693134862e+308, 0.0000e+00, 0.0000e+00, 
 2DIAGNOSTIC,     7, -6.314118729734e-01, 1.797693134862e+308, 0.0000e+00, 0.0000e+00, 
 2DIAGNOSTIC,     8, -6.625643025689e-01, 1.797693134862e+308, 0.0000e+00, 0.0000e+00, 
 2DIAGNOSTIC,     9, -6.827292274605e-01, 1.797693134862e+308, 0.0000e+00, 0.0000e+00, 
 2DIAGNOSTIC,    10, -7.067191117241e-01, 1.221869436776e-02, 0.0000e+00, 0.0000e+00, 
 2DIAGNOSTIC,    11, -7.111744322362e-01, 1.278046574768e-02, 0.0000e+00, 0.0000e+00, 
 2DIAGNOSTIC,    12, -7.178203145519e-01, 1.240106003634e-02, 0.0000e+00, 0.0000e+00, 
 2DIAGNOSTIC,    13, -7.197444442150e-01, 1.112704392512e-02, 0.0000e+00, 0.0000e+00, 
 2DIAGNOSTIC,    14, -7.203223014425e-01, 9.199388281543e-03, 0.0000e+00, 0.0000e+00, 
 2DIAGNOSTIC,    15, -7.201672285400e-01, 6.937210750755e-03, 0.0000e+00, 0.0000e+00, 
 2DIAGNOSTIC,    16, -7.199720738433e-01, 4.636909145569e-03, 0.0000e+00, 0.0000e+00, 
 2DIAGNOSTIC,    17, -7.199313316754e-01, 2.617135752521e-03, 0.0000e+00, 0.0000e+00, 
 2DIAGNOSTIC,    18, -7.197755004331e-01, 1.325542857312e-03, 0.0000e+00, 0.0000e+00, 
 2DIAGNOSTIC,    19, -7.197231926002e-01, 4.945832763260e-04, 0.0000e+00, 0.0000e+00, 
 2DIAGNOSTIC,    20, -7.196951178867e-01, 2.127301326030e-04, 0.0000e+00, 0.0000e+00, 
 2DIAGNOSTIC,    21, -7.197139931059e-01, 2.648522325883e-05, 0.0000e+00, 0.0000e+00, 
DIAGNOSTIC,Iteration,metricValue,convergenceValue,ITERATION_TIME_INDEX,SINCE_LAST
 2DIAGNOSTIC,     1, -5.935461190682e-01, 1.797693134862e+308, 0.0000e+00, 0.0000e+00, 
 2DIAGNOSTIC,     2, -5.944029513818e-01, 1.797693134862e+308, 0.0000e+00, 0.0000e+00, 
 2DIAGNOSTIC,     3, -5.955218986990e-01, 1.797693134862e+308, 0.0000e+00, 0.0000e+00, 
 2DIAGNOSTIC,     4, -5.969184793330e-01, 1.797693134862e+308, 0.0000e+00, 0.0000e+00, 
 2DIAGNOSTIC,     5, -5.980441465130e-01, 1.797693134862e+308, 0.0000e+00, 0.0000e+00, 
 2DIAGNOSTIC,     6, -5.985955092830e-01, 1.797693134862e+308, 0.0000e+00, 0.0000e+00, 
 2DIAGNOSTIC,     7, -5.990094472591e-01, 1.797693134862e+308, 0.0000e+00, 0.0000e+00, 
 2DIAGNOSTIC,     8, -5.995766165584e-01, 1.797693134862e+308, 0.0000e+00, 0.0000e+00, 
 2DIAGNOSTIC,     9, -6.003091913994e-01, 1.797693134862e+308, 0.0000e+00, 0.0000e+00, 
 2DIAGNOSTIC,    10, -6.003464011557e-01, 7.581004815450e-04, 0.0000e+00, 0.0000e+00, 
 2DIAGNOSTIC,    11, -6.003473773943e-01, 5.786819201549e-04, 0.0000e+00, 0.0000e+00, 
 2DIAGNOSTIC,    12, -6.003579011950e-01, 4.121874136302e-04, 0.0000e+00, 0.0000e+00, 
 2DIAGNOSTIC,    13, -6.003532058862e-01, 2.740157222990e-04, 0.0000e+00, 0.0000e+00, 
 2DIAGNOSTIC,    14, -6.003543858728e-01, 1.772790390981e-04, 0.0000e+00, 0.0000e+00, 
 2DIAGNOSTIC,    15, -6.003742748461e-01, 1.136161390320e-04, 0.0000e+00, 0.0000e+00, 
 2DIAGNOSTIC,    16, -6.004160233234e-01, 6.549132502123e-05, 0.0000e+00, 0.0000e+00, 
 2DIAGNOSTIC,    17, -6.004181175830e-01, 2.859429146167e-05, 0.0000e+00, 0.0000e+00, 
 2DIAGNOSTIC,    18, -6.004193047004e-01, 7.804711538495e-06, 0.0000e+00, 0.0000e+00, 
 2DIAGNOSTIC,    19, -6.004104628481e-01, 6.718125079901e-06, 0.0000e+00, 0.0000e+00, 
 2DIAGNOSTIC,    20, -6.004051339723e-01, 6.024427903123e-06, 0.0000e+00, 0.0000e+00, 
 2DIAGNOSTIC,    21, -6.004056752471e-01, 4.994624148796e-06, 0.0000e+00, 0.0000e+00, 
 2DIAGNOSTIC,    22, -6.003876108754e-01, 3.572659892641e-06, 0.0000e+00, 0.0000e+00, 
 2DIAGNOSTIC,    23, -6.003788798696e-01, 1.826449183145e-06, 0.0000e+00, 0.0000e+00, 
DIAGNOSTIC,Iteration,metricValue,convergenceValue,ITERATION_TIME_INDEX,SINCE_LAST
 2DIAGNOSTIC,     1, -5.246153219155e-01, 1.797693134862e+308, 0.0000e+00, 0.0000e+00, 
 2DIAGNOSTIC,     2, -5.249267919831e-01, 1.797693134862e+308, 0.0000e+00, 0.0000e+00, 
 2DIAGNOSTIC,     3, -5.252915938056e-01, 1.797693134862e+308, 0.0000e+00, 0.0000e+00, 
 2DIAGNOSTIC,     4, -5.257557947290e-01, 1.797693134862e+308, 0.0000e+00, 0.0000e+00, 
 2DIAGNOSTIC,     5, -5.263719407660e-01, 1.797693134862e+308, 0.0000e+00, 0.0000e+00, 
 2DIAGNOSTIC,     6, -5.270273423662e-01, 1.797693134862e+308, 0.0000e+00, 0.0000e+00, 
 2DIAGNOSTIC,     7, -5.275546038136e-01, 1.797693134862e+308, 0.0000e+00, 0.0000e+00, 
 2DIAGNOSTIC,     8, -5.276834305232e-01, 1.797693134862e+308, 0.0000e+00, 0.0000e+00, 
 2DIAGNOSTIC,     9, -5.276986110206e-01, 1.797693134862e+308, 0.0000e+00, 0.0000e+00, 
 2DIAGNOSTIC,    10, -5.277253774971e-01, 4.436392081549e-04, 0.0000e+00, 0.0000e+00, 
 2DIAGNOSTIC,    11, -5.277351073423e-01, 3.462570363793e-04, 0.0000e+00, 0.0000e+00, 
 2DIAGNOSTIC,    12, -5.277335928250e-01, 2.480088219134e-04, 0.0000e+00, 0.0000e+00, 
 2DIAGNOSTIC,    13, -5.277494903507e-01, 1.586034277799e-04, 0.0000e+00, 0.0000e+00, 
 2DIAGNOSTIC,    14, -5.277757762527e-01, 8.662183559045e-05, 0.0000e+00, 0.0000e+00, 
 2DIAGNOSTIC,    15, -5.277953922742e-01, 3.900427015828e-05, 0.0000e+00, 0.0000e+00, 
 2DIAGNOSTIC,    16, -5.278214678548e-01, 1.648155402921e-05, 0.0000e+00, 0.0000e+00, 
