
##########################
# Experiment information #
##########################

EXPERIMENT_NAME: antsRegistration-r7-p20
VFC_BACKENDS: libinterflop_vprec.so --range-binary32=7 --precision-binary32=20 --range-binary64=7 --precision-binary64=20

SIF_IMG: /home/mdugre/projects/rrg-glatard/mdugre/containers/ants-vprec-no_metrics.simg

SUBJECT_ID: s017
INPUT_IMG: /home/mdugre/scratch/mri-registration-rp/datasets/ds004513/derivatives/mri-registration-rp/antsBrainExtraction/sub-s017/BrainExtractionBrain.nii.gz
OUTPUT_DIR: /home/mdugre/scratch/mri-registration-rp/datasets/ds004513/derivatives/mri-registration-rp/0011/antsRegistration-r7-p20/sub-s017

FIXED_IMG: /templateflow/tpl-MNI152NLin2009cAsym/tpl-MNI152NLin2009cAsym_res-01_desc-brain_T1w.nii.gz
DATA_DIR: /home/mdugre/scratch/mri-registration-rp/datasets/ds004513
TEMPLATEFLOW_DIR: /home/mdugre/projects/rrg-glatard/mdugre/templateflow
ITK_GLOBAL_DEFAULT_NUMBER_OF_THREADS: 16
##########################

Info [verificarlo]: loaded backend libinterflop_ieee.so
Info [interflop-ieee]: load backend with:
Info [interflop-ieee]: debug = false
Info [interflop-ieee]: debug-binary = false
Info [interflop-ieee]: no-backend-name = false
Info [interflop-ieee]: print-new-line = false
Info [interflop-ieee]: print-subnormal-normalized = false
Info [interflop-ieee]: count-op = false
All_Command_lines_OK
Using double precision for computations.
=============================================================================
The composite transform comprises the following transforms (in order): 
  1. Center of mass alignment using fixed image: /templateflow/tpl-MNI152NLin2009cAsym/tpl-MNI152NLin2009cAsym_res-01_desc-brain_T1w.nii.gz and moving image: /home/mdugre/scratch/mri-registration-rp/datasets/ds004513/derivatives/mri-registration-rp/antsBrainExtraction/sub-s017/BrainExtractionBrain.nii.gz (type = Euler3DTransform)
=============================================================================
  number of levels = 1
  fixed image: /templateflow/tpl-MNI152NLin2009cAsym/tpl-MNI152NLin2009cAsym_res-01_desc-brain_T1w.nii.gz
  moving image: /home/mdugre/scratch/mri-registration-rp/datasets/ds004513/derivatives/mri-registration-rp/antsBrainExtraction/sub-s017/BrainExtractionBrain.nii.gz
Dimension = 3
Number of stages = 1
Use histogram matching = false
Winsorize image intensities = true
  Lower quantile = 0.005
  Upper quantile = 0.995


Stage 1 State
   Image metric = MattesMI
     Fixed image = Image (0x49bbe70)
  RTTI typeinfo:   itk::Image<double, 3u>
  Reference Count: 2
  Modified Time: 2334
  Debug: Off
  Object Name: 
  Observers: 
    none
  Source: (none)
  Source output name: (none)
  Release Data: Off
  Data Released: False
  Global Release Data: Off
  PipelineMTime: 0
  UpdateMTime: 1943
  RealTimeStamp: 0 seconds 
  LargestPossibleRegion: 
    Dimension: 3
    Index: [0, 0, 0]
    Size: [193, 229, 193]
  BufferedRegion: 
    Dimension: 3
    Index: [0, 0, 0]
    Size: [193, 229, 193]
  RequestedRegion: 
    Dimension: 3
    Index: [0, 0, 0]
    Size: [193, 229, 193]
  Spacing: [1, 1, 1]
  Origin: [96, 132, -78]
  Direction: 
-1 0 0
0 -1 0
0 0 1

  IndexToPointMatrix: 
-1 0 0
0 -1 0
0 0 1

  PointToIndexMatrix: 
-1 0 0
0 -1 0
0 0 1

  Inverse Direction: 
-1 0 0
0 -1 0
0 0 1

  PixelContainer: 
    ImportImageContainer (0x49c4c60)
      RTTI typeinfo:   itk::ImportImageContainer<unsigned long, double>
      Reference Count: 1
      Modified Time: 1940
      Debug: Off
      Object Name: 
      Observers: 
        none
      Pointer: 0x151988175010
      Container manages memory: true
      Size: 8530021
      Capacity: 8530021

     Moving image = Image (0x49c7610)
  RTTI typeinfo:   itk::Image<double, 3u>
  Reference Count: 2
  Modified Time: 2335
  Debug: Off
  Object Name: 
  Observers: 
    none
  Source: (none)
  Source output name: (none)
  Release Data: Off
  Data Released: False
  Global Release Data: Off
  PipelineMTime: 0
  UpdateMTime: 2332
  RealTimeStamp: 0 seconds 
  LargestPossibleRegion: 
    Dimension: 3
    Index: [0, 0, 0]
    Size: [160, 240, 256]
  BufferedRegion: 
    Dimension: 3
    Index: [0, 0, 0]
    Size: [160, 240, 256]
  RequestedRegion: 
    Dimension: 3
    Index: [0, 0, 0]
    Size: [160, 240, 256]
  Spacing: [1, 1, 1]
  Origin: [91.3357, 102.231, -120.042]
  Direction: 
-0.997442 -5.36781e-05 -0.0714818
5.35416e-05 -1 3.82465e-06
-0.0714818 -1.23894e-08 0.997442

  IndexToPointMatrix: 
-0.997444 -5.36781e-05 -0.0714818
5.35418e-05 -1 3.82465e-06
-0.0714819 -1.23894e-08 0.997442

  PointToIndexMatrix: 
-0.99744 5.35415e-05 -0.0714816
-5.36781e-05 -1 -1.23894e-08
-0.0714818 3.82465e-06 0.997442

  Inverse Direction: 
-0.997442 5.35416e-05 -0.0714818
-5.36781e-05 -1 -1.23894e-08
-0.0714818 3.82465e-06 0.997442

  PixelContainer: 
    ImportImageContainer (0x4a60ef0)
      RTTI typeinfo:   itk::ImportImageContainer<unsigned long, double>
      Reference Count: 1
      Modified Time: 2329
      Debug: Off
      Object Name: 
      Observers: 
        none
      Pointer: 0x151983674010
      Container manages memory: true
      Size: 9830400
      Capacity: 9830400

     Weighting = 1
     Sampling strategy = regular
     Number of bins = 32
     Radius = 4
     Sampling percentage  = 0.25
   Transform = Rigid
     Gradient step = 0.1
     Update field sigma (voxel space) = 0
     Total field sigma (voxel space) = 0
     Update field time sigma = 0
     Total field time sigma  = 0
     Number of time indices = 0
     Number of time point samples = 0
Registration using 1 total stages.

Stage 0
  iterations = 0
  convergence threshold = 1e-06
  convergence window size = 10
  number of levels = 1
  using the Mattes MI metric (number of bins = 32, weight = 1, use gradient filter = 0)
  preprocessing:  winsorizing the image intensities
  Shrink factors (level 1 out of 1): [1, 1, 1]
  smoothing sigmas per level: [0]
  regular sampling (percentage = 0.25)

*** Running Euler3DTransform registration ***

  Elapsed time (stage 0): 1.11948


Total elapsed time: 1.12163
Info [verificarlo]: loaded backend libinterflop_ieee.so
Info [interflop-ieee]: load backend with:
Info [interflop-ieee]: debug = false
Info [interflop-ieee]: debug-binary = false
Info [interflop-ieee]: no-backend-name = false
Info [interflop-ieee]: print-new-line = false
Info [interflop-ieee]: print-subnormal-normalized = false
Info [interflop-ieee]: count-op = false
All_Command_lines_OK
Using double precision for computations.
=============================================================================
The composite transform comprises the following transforms (in order): 
  1. /home/mdugre/scratch/mri-registration-rp/datasets/ds004513/derivatives/mri-registration-rp/0011/antsRegistration-r7-p20/sub-s017/align_Composite.h5[0] (type = Euler3DTransform)
  2. /home/mdugre/scratch/mri-registration-rp/datasets/ds004513/derivatives/mri-registration-rp/0011/antsRegistration-r7-p20/sub-s017/align_Composite.h5[1] (type = Euler3DTransform)
=============================================================================
  number of levels = 4
  fixed image: /templateflow/tpl-MNI152NLin2009cAsym/tpl-MNI152NLin2009cAsym_res-01_desc-brain_T1w.nii.gz
  moving image: /home/mdugre/scratch/mri-registration-rp/datasets/ds004513/derivatives/mri-registration-rp/antsBrainExtraction/sub-s017/BrainExtractionBrain.nii.gz
Dimension = 3
Number of stages = 1
Use histogram matching = false
Winsorize image intensities = true
  Lower quantile = 0.005
  Upper quantile = 0.995


Stage 1 State
   Image metric = MattesMI
     Fixed image = Image (0x4209530)
  RTTI typeinfo:   itk::Image<double, 3u>
  Reference Count: 2
  Modified Time: 1580
  Debug: Off
  Object Name: 
  Observers: 
    none
  Source: (none)
  Source output name: (none)
  Release Data: Off
  Data Released: False
  Global Release Data: Off
  PipelineMTime: 0
  UpdateMTime: 1189
  RealTimeStamp: 0 seconds 
  LargestPossibleRegion: 
    Dimension: 3
    Index: [0, 0, 0]
    Size: [193, 229, 193]
  BufferedRegion: 
    Dimension: 3
    Index: [0, 0, 0]
    Size: [193, 229, 193]
  RequestedRegion: 
    Dimension: 3
    Index: [0, 0, 0]
    Size: [193, 229, 193]
  Spacing: [1, 1, 1]
  Origin: [96, 132, -78]
  Direction: 
-1 0 0
0 -1 0
0 0 1

  IndexToPointMatrix: 
-1 0 0
0 -1 0
0 0 1

  PointToIndexMatrix: 
-1 0 0
0 -1 0
0 0 1

  Inverse Direction: 
-1 0 0
0 -1 0
0 0 1

  PixelContainer: 
    ImportImageContainer (0x42c7d60)
      RTTI typeinfo:   itk::ImportImageContainer<unsigned long, double>
      Reference Count: 1
      Modified Time: 1186
      Debug: Off
      Object Name: 
      Observers: 
        none
      Pointer: 0x152e172ba010
      Container manages memory: true
      Size: 8530021
      Capacity: 8530021

     Moving image = Image (0x42b9f60)
  RTTI typeinfo:   itk::Image<double, 3u>
  Reference Count: 2
  Modified Time: 1581
  Debug: Off
  Object Name: 
  Observers: 
    none
  Source: (none)
  Source output name: (none)
  Release Data: Off
  Data Released: False
  Global Release Data: Off
  PipelineMTime: 0
  UpdateMTime: 1578
  RealTimeStamp: 0 seconds 
  LargestPossibleRegion: 
    Dimension: 3
    Index: [0, 0, 0]
    Size: [160, 240, 256]
  BufferedRegion: 
    Dimension: 3
    Index: [0, 0, 0]
    Size: [160, 240, 256]
  RequestedRegion: 
    Dimension: 3
    Index: [0, 0, 0]
    Size: [160, 240, 256]
  Spacing: [1, 1, 1]
  Origin: [91.3357, 102.231, -120.042]
  Direction: 
-0.997442 -5.36781e-05 -0.0714818
5.35416e-05 -1 3.82465e-06
-0.0714818 -1.23894e-08 0.997442

  IndexToPointMatrix: 
-0.997444 -5.36781e-05 -0.0714818
5.35418e-05 -1 3.82465e-06
-0.0714819 -1.23894e-08 0.997442

  PointToIndexMatrix: 
-0.99744 5.35415e-05 -0.0714816
-5.36781e-05 -1 -1.23894e-08
-0.0714818 3.82465e-06 0.997442

  Inverse Direction: 
-0.997442 5.35416e-05 -0.0714818
-5.36781e-05 -1 -1.23894e-08
-0.0714818 3.82465e-06 0.997442

  PixelContainer: 
    ImportImageContainer (0x42ab6d0)
      RTTI typeinfo:   itk::ImportImageContainer<unsigned long, double>
      Reference Count: 1
      Modified Time: 1575
      Debug: Off
      Object Name: 
      Observers: 
        none
      Pointer: 0x152e127b9010
      Container manages memory: true
      Size: 9830400
      Capacity: 9830400

     Weighting = 1
     Sampling strategy = regular
     Number of bins = 32
     Radius = 4
     Sampling percentage  = 0.25
   Transform = Rigid
     Gradient step = 0.1
     Update field sigma (voxel space) = 0
     Total field sigma (voxel space) = 0
     Update field time sigma = 0
     Total field time sigma  = 0
     Number of time indices = 0
     Number of time point samples = 0
Registration using 1 total stages.

Stage 0
  iterations = 1000x500x250x100
  convergence threshold = 1e-06
  convergence window size = 10
  number of levels = 4
  using the Mattes MI metric (number of bins = 32, weight = 1, use gradient filter = 0)
  preprocessing:  winsorizing the image intensities
  Shrink factors (level 1 out of 4): [8, 8, 8]
  Shrink factors (level 2 out of 4): [4, 4, 4]
  Shrink factors (level 3 out of 4): [2, 2, 2]
  Shrink factors (level 4 out of 4): [1, 1, 1]
  smoothing sigmas per level: [3, 2, 1, 0]
  regular sampling (percentage = 0.25)

*** Running Euler3DTransform registration ***

DIAGNOSTIC,Iteration,metricValue,convergenceValue,ITERATION_TIME_INDEX,SINCE_LAST
 2DIAGNOSTIC,     1, -5.567767283252e-01, 1.797693134862e+308, 7.2179e-01, 7.2179e-01, 
 2DIAGNOSTIC,     2, -5.584239703569e-01, 1.797693134862e+308, 7.2599e-01, 4.2050e-03, 
 2DIAGNOSTIC,     3, -5.612715515272e-01, 1.797693134862e+308, 7.3002e-01, 4.0281e-03, 
 2DIAGNOSTIC,     4, -5.637780194106e-01, 1.797693134862e+308, 7.3394e-01, 3.9201e-03, 
 2DIAGNOSTIC,     5, -5.658229214212e-01, 1.797693134862e+308, 7.3789e-01, 3.9530e-03, 
 2DIAGNOSTIC,     6, -5.696445468689e-01, 1.797693134862e+308, 7.4192e-01, 4.0259e-03, 
 2DIAGNOSTIC,     7, -5.734118275242e-01, 1.797693134862e+308, 7.4604e-01, 4.1211e-03, 
 2DIAGNOSTIC,     8, -5.754533484979e-01, 1.797693134862e+308, 7.5146e-01, 5.4250e-03, 
 2DIAGNOSTIC,     9, -5.763021950250e-01, 1.797693134862e+308, 7.5547e-01, 4.0102e-03, 
 2DIAGNOSTIC,    10, -5.771142770255e-01, 2.558085388189e-03, 7.6071e-01, 5.2369e-03, 
 2DIAGNOSTIC,    11, -5.785125587612e-01, 2.176117873031e-03, 7.6507e-01, 4.3590e-03, 
 2DIAGNOSTIC,    12, -5.799413348090e-01, 1.786767970983e-03, 7.6964e-01, 4.5650e-03, 
 2DIAGNOSTIC,    13, -5.809477908980e-01, 1.443124036835e-03, 7.7414e-01, 4.5021e-03, 
 2DIAGNOSTIC,    14, -5.814655964876e-01, 1.127354078216e-03, 7.7818e-01, 4.0450e-03, 
 2DIAGNOSTIC,    15, -5.819093877219e-01, 8.331089413526e-04, 7.8271e-01, 4.5280e-03, 
 2DIAGNOSTIC,    16, -5.822326442998e-01, 6.258215683232e-04, 7.8721e-01, 4.4959e-03, 
 2DIAGNOSTIC,    17, -5.825793599843e-01, 5.040365830238e-04, 7.9151e-01, 4.3070e-03, 
 2DIAGNOSTIC,    18, -5.863713925916e-01, 5.095725576646e-04, 7.9579e-01, 4.2760e-03, 
 2DIAGNOSTIC,    19, -5.901617810168e-01, 5.855607354914e-04, 8.0349e-01, 7.7040e-03, 
 2DIAGNOSTIC,    20, -5.906016223816e-01, 6.286272500321e-04, 8.0892e-01, 5.4312e-03, 
 2DIAGNOSTIC,    21, -5.907365705867e-01, 6.467002963852e-04, 8.1366e-01, 4.7369e-03, 
 2DIAGNOSTIC,    22, -5.906256574995e-01, 6.330265936398e-04, 8.1831e-01, 4.6489e-03, 
 2DIAGNOSTIC,    23, -5.906307681711e-01, 5.816453055196e-04, 8.2243e-01, 4.1211e-03, 
 2DIAGNOSTIC,    24, -5.905636622010e-01, 4.878472529238e-04, 8.2652e-01, 4.0870e-03, 
 2DIAGNOSTIC,    25, -5.906024985370e-01, 3.662279783971e-04, 8.3111e-01, 4.5869e-03, 
 2DIAGNOSTIC,    26, -5.906025304324e-01, 2.276984665081e-04, 8.3521e-01, 4.1049e-03, 
 2DIAGNOSTIC,    27, -5.906211320574e-01, 8.394584288797e-05, 8.3953e-01, 4.3190e-03, 
 2DIAGNOSTIC,    28, -5.908796758314e-01, 1.198925031178e-05, 8.4359e-01, 4.0641e-03, 
 2DIAGNOSTIC,    29, -5.911411552396e-01, 1.217108543239e-05, 8.4816e-01, 4.5640e-03, 
 2DIAGNOSTIC,    30, -5.915241330962e-01, 2.456301684457e-05, 8.5434e-01, 6.1791e-03, 
 2DIAGNOSTIC,    31, -5.916229825992e-01, 3.758205306136e-05, 8.5842e-01, 4.0810e-03, 
 2DIAGNOSTIC,    32, -5.916651208817e-01, 4.532975448995e-05, 8.6250e-01, 4.0841e-03, 
 2DIAGNOSTIC,    33, -5.916874987632e-01, 4.885284294450e-05, 8.6661e-01, 4.1120e-03, 
 2DIAGNOSTIC,    34, -5.917053822200e-01, 4.682712858589e-05, 8.7151e-01, 4.9009e-03, 
 2DIAGNOSTIC,    35, -5.917390904868e-01, 4.153275817208e-05, 8.8264e-01, 1.1128e-02, 
 2DIAGNOSTIC,    36, -5.917390912695e-01, 3.272086429307e-05, 8.8676e-01, 4.1220e-03, 
 2DIAGNOSTIC,    37, -5.917391070342e-01, 2.163060314772e-05, 8.9090e-01, 4.1361e-03, 
 2DIAGNOSTIC,    38, -5.917391330930e-01, 1.245673595316e-05, 8.9498e-01, 4.0841e-03, 
 2DIAGNOSTIC,    39, -5.917391754735e-01, 5.801896390090e-06, 8.9929e-01, 4.3061e-03, 
 2DIAGNOSTIC,    40, -5.917392424312e-01, 3.643428652847e-06, 9.0333e-01, 4.0441e-03, 
 2DIAGNOSTIC,    41, -5.917393428829e-01, 2.487109299534e-06, 9.0743e-01, 4.0920e-03, 
 2DIAGNOSTIC,    42, -5.917394845334e-01, 1.715730318017e-06, 9.1169e-01, 4.2629e-03, 
 2DIAGNOSTIC,    43, -5.917396625587e-01, 1.144189315096e-06, 9.1578e-01, 4.0951e-03, 
DIAGNOSTIC,Iteration,metricValue,convergenceValue,ITERATION_TIME_INDEX,SINCE_LAST
 2DIAGNOSTIC,     1, -4.784004501424e-01, 1.797693134862e+308, 1.6451e+00, 7.2928e-01, 
 2DIAGNOSTIC,     2, -4.783999131493e-01, 1.797693134862e+308, 1.6724e+00, 2.7302e-02, 
 2DIAGNOSTIC,     3, -4.784190365431e-01, 1.797693134862e+308, 1.7037e+00, 3.1339e-02, 
 2DIAGNOSTIC,     4, -4.785028756516e-01, 1.797693134862e+308, 1.7312e+00, 2.7497e-02, 
 2DIAGNOSTIC,     5, -4.786647485436e-01, 1.797693134862e+308, 1.7586e+00, 2.7361e-02, 
 2DIAGNOSTIC,     6, -4.788099932965e-01, 1.797693134862e+308, 1.7864e+00, 2.7869e-02, 
 2DIAGNOSTIC,     7, -4.794645847223e-01, 1.797693134862e+308, 1.8137e+00, 2.7314e-02, 
 2DIAGNOSTIC,     8, -4.813619171757e-01, 1.797693134862e+308, 1.8503e+00, 3.6549e-02, 
 2DIAGNOSTIC,     9, -4.817935635330e-01, 1.797693134862e+308, 1.8806e+00, 3.0282e-02, 
 2DIAGNOSTIC,    10, -4.822647496885e-01, 5.583367503785e-04, 1.9081e+00, 2.7556e-02, 
 2DIAGNOSTIC,    11, -4.831344909909e-01, 6.366384573853e-04, 1.9387e+00, 3.0581e-02, 
 2DIAGNOSTIC,    12, -4.835768992597e-01, 6.653898034880e-04, 1.9823e+00, 4.3632e-02, 
 2DIAGNOSTIC,    13, -4.835677565328e-01, 6.290342969169e-04, 2.0160e+00, 3.3696e-02, 
 2DIAGNOSTIC,    14, -4.835733047845e-01, 5.452729208145e-04, 2.0526e+00, 3.6542e-02, 
 2DIAGNOSTIC,    15, -4.835701547256e-01, 4.305772096371e-04, 2.0828e+00, 3.0172e-02, 
 2DIAGNOSTIC,    16, -4.835566913010e-01, 2.956272804523e-04, 2.1136e+00, 3.0872e-02, 
 2DIAGNOSTIC,    17, -4.835523104092e-01, 1.703980275613e-04, 2.1438e+00, 3.0205e-02, 
 2DIAGNOSTIC,    18, -4.835483887836e-01, 1.058854946382e-04, 2.1704e+00, 2.6590e-02, 
 2DIAGNOSTIC,    19, -4.835469915474e-01, 5.203914178113e-05, 2.1974e+00, 2.6956e-02, 
 2DIAGNOSTIC,    20, -4.835401827380e-01, 1.204163302573e-05, 2.2271e+00, 2.9748e-02, 
DIAGNOSTIC,Iteration,metricValue,convergenceValue,ITERATION_TIME_INDEX,SINCE_LAST
 2DIAGNOSTIC,     1, -4.161561167869e-01, 1.797693134862e+308, 3.3370e+00, 1.1099e+00, 
 2DIAGNOSTIC,     2, -4.161756893439e-01, 1.797693134862e+308, 3.6332e+00, 2.9617e-01, 
 2DIAGNOSTIC,     3, -4.161696114509e-01, 1.797693134862e+308, 3.9124e+00, 2.7923e-01, 
 2DIAGNOSTIC,     4, -4.161681503553e-01, 1.797693134862e+308, 4.3526e+00, 4.4018e-01, 
 2DIAGNOSTIC,     5, -4.161678896602e-01, 1.797693134862e+308, 4.6237e+00, 2.7112e-01, 
 2DIAGNOSTIC,     6, -4.161669123585e-01, 1.797693134862e+308, 4.8984e+00, 2.7464e-01, 
 2DIAGNOSTIC,     7, -4.161667485643e-01, 1.797693134862e+308, 5.1973e+00, 2.9890e-01, 
 2DIAGNOSTIC,     8, -4.161656816016e-01, 1.797693134862e+308, 5.4504e+00, 2.5317e-01, 
 2DIAGNOSTIC,     9, -4.161650043538e-01, 1.797693134862e+308, 5.7057e+00, 2.5526e-01, 
 2DIAGNOSTIC,    10, -4.161655463814e-01, 2.943366632785e-06, 6.0186e+00, 3.1292e-01, 
 2DIAGNOSTIC,    11, -4.161636420995e-01, 1.720591498486e-06, 6.2719e+00, 2.5328e-01, 
 2DIAGNOSTIC,    12, -4.161624970809e-01, 1.867462473354e-06, 6.5271e+00, 2.5521e-01, 
 2DIAGNOSTIC,    13, -4.161615819744e-01, 1.698398059663e-06, 6.7892e+00, 2.6209e-01, 
 2DIAGNOSTIC,    14, -4.161624603295e-01, 1.592444846363e-06, 7.0282e+00, 2.3896e-01, 
 2DIAGNOSTIC,    15, -4.161620529814e-01, 1.530180437373e-06, 7.2798e+00, 2.5165e-01, 
 2DIAGNOSTIC,    16, -4.161603835106e-01, 1.417836919232e-06, 7.5036e+00, 2.2381e-01, 
 2DIAGNOSTIC,    17, -4.161625251482e-01, 1.455414120416e-06, 7.7531e+00, 2.4950e-01, 
 2DIAGNOSTIC,    18, -4.161617349626e-01, 1.453854864136e-06, 7.9840e+00, 2.3089e-01, 
 2DIAGNOSTIC,    19, -4.161656140594e-01, 1.594928504892e-06, 8.2802e+00, 2.9616e-01, 
 2DIAGNOSTIC,    20, -4.161678254531e-01, 1.821576328692e-06, 8.6172e+00, 3.3705e-01, 
 2DIAGNOSTIC,    21, -4.161672172260e-01, 1.924327026594e-06, 8.8663e+00, 2.4913e-01, 
 2DIAGNOSTIC,    22, -4.161665846124e-01, 1.927748311752e-06, 9.0894e+00, 2.2309e-01, 
 2DIAGNOSTIC,    23, -4.161660793967e-01, 1.843028035700e-06, 9.3415e+00, 2.5204e-01, 
 2DIAGNOSTIC,    24, -4.161655365534e-01, 1.730448868455e-06, 9.5722e+00, 2.3069e-01, 
 2DIAGNOSTIC,    25, -4.161651834947e-01, 1.568353733959e-06, 9.8062e+00, 2.3400e-01, 
 2DIAGNOSTIC,    26, -4.161660037666e-01, 1.368374529617e-06, 1.0065e+01, 2.5907e-01, 
 2DIAGNOSTIC,    27, -4.161651045496e-01, 1.203105050036e-06, 1.0298e+01, 2.3268e-01, 
 2DIAGNOSTIC,    28, -4.161679884898e-01, 1.097088639719e-06, 1.0563e+01, 2.6541e-01, 
 2DIAGNOSTIC,    29, -4.161710849648e-01, 1.162831215401e-06, 1.0821e+01, 2.5726e-01, 
 2DIAGNOSTIC,    30, -4.161703640305e-01, 1.250475689517e-06, 1.1081e+01, 2.6015e-01, 
 2DIAGNOSTIC,    31, -4.161708142911e-01, 1.313167806549e-06, 1.1339e+01, 2.5850e-01, 
 2DIAGNOSTIC,    32, -4.161710089265e-01, 1.336085265209e-06, 1.1565e+01, 2.2603e-01, 
 2DIAGNOSTIC,    33, -4.161749613449e-01, 1.395595230366e-06, 1.1813e+01, 2.4731e-01, 
 2DIAGNOSTIC,    34, -4.161777487505e-01, 1.452526299111e-06, 1.2038e+01, 2.2545e-01, 
 2DIAGNOSTIC,    35, -4.161792220178e-01, 1.478601720725e-06, 1.2292e+01, 2.5437e-01, 
 2DIAGNOSTIC,    36, -4.161806859649e-01, 1.495439431096e-06, 1.2536e+01, 2.4316e-01, 
 2DIAGNOSTIC,    37, -4.161791778426e-01, 1.407680685045e-06, 1.2767e+01, 2.3126e-01, 
 2DIAGNOSTIC,    38, -4.161838486867e-01, 1.406626893883e-06, 1.3052e+01, 2.8500e-01, 
 2DIAGNOSTIC,    39, -4.161849953101e-01, 1.422742199525e-06, 1.3347e+01, 2.9518e-01, 
 2DIAGNOSTIC,    40, -4.161860914892e-01, 1.386764657819e-06, 1.3751e+01, 4.0414e-01, 
 2DIAGNOSTIC,    41, -4.161854987578e-01, 1.295749597872e-06, 1.4023e+01, 2.7147e-01, 
 2DIAGNOSTIC,    42, -4.161840259989e-01, 1.138573357956e-06, 1.4300e+01, 2.7757e-01, 
 2DIAGNOSTIC,    43, -4.161834049861e-01, 1.004201844131e-06, 1.4507e+01, 2.0714e-01, 
DIAGNOSTIC,Iteration,metricValue,convergenceValue,ITERATION_TIME_INDEX,SINCE_LAST
 2DIAGNOSTIC,     1, -3.834265912357e-01, 1.797693134862e+308, 1.7098e+01, 2.5909e+00, 
 2DIAGNOSTIC,     2, -3.834925053369e-01, 1.797693134862e+308, 1.8612e+01, 1.5135e+00, 
 2DIAGNOSTIC,     3, -3.834978116494e-01, 1.797693134862e+308, 2.0164e+01, 1.5518e+00, 
 2DIAGNOSTIC,     4, -3.835004127740e-01, 1.797693134862e+308, 2.1731e+01, 1.5678e+00, 
 2DIAGNOSTIC,     5, -3.835019582516e-01, 1.797693134862e+308, 2.3196e+01, 1.4643e+00, 
 2DIAGNOSTIC,     6, -3.835049957423e-01, 1.797693134862e+308, 2.4982e+01, 1.7863e+00, 
 2DIAGNOSTIC,     7, -3.835058343723e-01, 1.797693134862e+308, 2.6869e+01, 1.8869e+00, 
 2DIAGNOSTIC,     8, -3.835066498256e-01, 1.797693134862e+308, 2.8834e+01, 1.9652e+00, 
 2DIAGNOSTIC,     9, -3.835062955323e-01, 1.797693134862e+308, 3.0517e+01, 1.6827e+00, 
 2DIAGNOSTIC,    10, -3.835063108997e-01, 1.066660717289e-05, 3.2161e+01, 1.6444e+00, 
 2DIAGNOSTIC,    11, -3.835061571792e-01, 4.747040495579e-06, 3.4302e+01, 2.1406e+00, 
 2DIAGNOSTIC,    12, -3.835060832650e-01, 3.706200486217e-06, 3.5731e+01, 1.4297e+00, 
 2DIAGNOSTIC,    13, -3.835060190722e-01, 3.027826015134e-06, 3.7288e+01, 1.5565e+00, 
 2DIAGNOSTIC,    14, -3.835058638479e-01, 2.523467022689e-06, 3.8852e+01, 1.5637e+00, 
 2DIAGNOSTIC,    15, -3.835058006964e-01, 2.133709242791e-06, 4.0367e+01, 1.5150e+00, 
 2DIAGNOSTIC,    16, -3.835056463972e-01, 1.924177716425e-06, 4.2438e+01, 2.0718e+00, 
 2DIAGNOSTIC,    17, -3.835054775129e-01, 1.773328555769e-06, 4.4231e+01, 1.7924e+00, 
 2DIAGNOSTIC,    18, -3.835053086123e-01, 1.675385376022e-06, 4.5800e+01, 1.5693e+00, 
 2DIAGNOSTIC,    19, -3.835051448145e-01, 1.576051816589e-06, 4.7177e+01, 1.3769e+00, 
 2DIAGNOSTIC,    20, -3.835051658767e-01, 1.497295072934e-06, 4.8615e+01, 1.4377e+00, 
 2DIAGNOSTIC,    21, -3.835053779576e-01, 1.436675312709e-06, 5.0230e+01, 1.6157e+00, 
 2DIAGNOSTIC,    22, -3.835055901415e-01, 1.393331720508e-06, 5.1768e+01, 1.5378e+00, 
 2DIAGNOSTIC,    23, -3.835055251006e-01, 1.354581541942e-06, 5.3287e+01, 1.5182e+00, 
 2DIAGNOSTIC,    24, -3.835054518285e-01, 1.314933130235e-06, 5.4950e+01, 1.6635e+00, 
 2DIAGNOSTIC,    25, -3.835053813426e-01, 1.275595340737e-06, 5.6538e+01, 1.5876e+00, 
 2DIAGNOSTIC,    26, -3.835053141620e-01, 1.232550094633e-06, 5.7957e+01, 1.4190e+00, 
 2DIAGNOSTIC,    27, -3.835053494678e-01, 1.188143192825e-06, 5.9317e+01, 1.3602e+00, 
 2DIAGNOSTIC,    28, -3.835054089356e-01, 1.143229098451e-06, 6.0944e+01, 1.6276e+00, 
 2DIAGNOSTIC,    29, -3.835055814681e-01, 1.101082728050e-06, 6.2467e+01, 1.5223e+00, 
 2DIAGNOSTIC,    30, -3.835053714644e-01, 1.056523026177e-06, 6.4573e+01, 2.1066e+00, 
 2DIAGNOSTIC,    31, -3.835053052292e-01, 1.018740039598e-06, 6.6157e+01, 1.5840e+00, 
  Elapsed time (stage 0): 6.7002e+01


Total elapsed time: 6.7005e+01
Info [verificarlo]: loaded backend libinterflop_vprec.so
Info [interflop-vprec]: load backend with: 
Info [interflop-vprec]: precision-binary32 = 20
Info [interflop-vprec]: range-binary32 = 7
Info [interflop-vprec]: precision-binary64 = 20
Info [interflop-vprec]: range-binary64 = 7
Info [interflop-vprec]: mode = ob
Info [interflop-vprec]: error-mode = rel
Info [interflop-vprec]: max-abs-error-exponent = -1022
Info [interflop-vprec]: daz = false
Info [interflop-vprec]: ftz = false
Info [interflop-vprec]: 	instrument = none
Info [interflop-vprec]: 	prec-input-file = (null)
Info [interflop-vprec]: 	prec-output-file = (null)
Info [interflop-vprec]: 	prec-log-file = (null)
All_Command_lines_OK
Using double precision for computations.
=============================================================================
The composite transform comprises the following transforms (in order): 
  1. /home/mdugre/scratch/mri-registration-rp/datasets/ds004513/derivatives/mri-registration-rp/0011/antsRegistration-r7-p20/sub-s017/rigid_Composite.h5[0] (type = Euler3DTransform)
  2. /home/mdugre/scratch/mri-registration-rp/datasets/ds004513/derivatives/mri-registration-rp/0011/antsRegistration-r7-p20/sub-s017/rigid_Composite.h5[1] (type = Euler3DTransform)
  3. /home/mdugre/scratch/mri-registration-rp/datasets/ds004513/derivatives/mri-registration-rp/0011/antsRegistration-r7-p20/sub-s017/rigid_Composite.h5[2] (type = Euler3DTransform)
=============================================================================
  number of levels = 4
  fixed image: /templateflow/tpl-MNI152NLin2009cAsym/tpl-MNI152NLin2009cAsym_res-01_desc-brain_T1w.nii.gz
  moving image: /home/mdugre/scratch/mri-registration-rp/datasets/ds004513/derivatives/mri-registration-rp/antsBrainExtraction/sub-s017/BrainExtractionBrain.nii.gz
Dimension = 3
Number of stages = 1
Use histogram matching = false
Winsorize image intensities = true
  Lower quantile = 0.005
  Upper quantile = 0.995


Stage 1 State
   Image metric = MattesMI
     Fixed image = Image (0x47ef490)
  RTTI typeinfo:   itk::Image<double, 3u>
  Reference Count: 2
  Modified Time: 1594
  Debug: Off
  Object Name: 
  Observers: 
    none
  Source: (none)
  Source output name: (none)
  Release Data: Off
  Data Released: False
  Global Release Data: Off
  PipelineMTime: 0
  UpdateMTime: 1203
  RealTimeStamp: 0 seconds 
  LargestPossibleRegion: 
    Dimension: 3
    Index: [0, 0, 0]
    Size: [193, 229, 193]
  BufferedRegion: 
    Dimension: 3
    Index: [0, 0, 0]
    Size: [193, 229, 193]
  RequestedRegion: 
    Dimension: 3
    Index: [0, 0, 0]
    Size: [193, 229, 193]
  Spacing: [1, 1, 1]
  Origin: [96, 132, -78]
  Direction: 
-1 0 0
0 -1 0
0 0 1

  IndexToPointMatrix: 
-1 0 0
0 -1 0
0 0 1

  PointToIndexMatrix: 
-1 0 0
0 -1 0
0 0 1

  Inverse Direction: 
-1 0 0
0 -1 0
0 0 1

  PixelContainer: 
    ImportImageContainer (0x48ba8c0)
      RTTI typeinfo:   itk::ImportImageContainer<unsigned long, double>
      Reference Count: 1
      Modified Time: 1200
      Debug: Off
      Object Name: 
      Observers: 
        none
      Pointer: 0x150228484010
      Container manages memory: true
      Size: 8530021
      Capacity: 8530021

     Moving image = Image (0x48aab60)
  RTTI typeinfo:   itk::Image<double, 3u>
  Reference Count: 2
  Modified Time: 1595
  Debug: Off
  Object Name: 
  Observers: 
    none
  Source: (none)
  Source output name: (none)
  Release Data: Off
  Data Released: False
  Global Release Data: Off
  PipelineMTime: 0
  UpdateMTime: 1592
  RealTimeStamp: 0 seconds 
  LargestPossibleRegion: 
    Dimension: 3
    Index: [0, 0, 0]
    Size: [160, 240, 256]
  BufferedRegion: 
    Dimension: 3
    Index: [0, 0, 0]
    Size: [160, 240, 256]
  RequestedRegion: 
    Dimension: 3
    Index: [0, 0, 0]
    Size: [160, 240, 256]
  Spacing: [1, 1, 1]
  Origin: [91.3357, 102.231, -120.042]
  Direction: 
-0.997442 -5.36781e-05 -0.0714818
5.35416e-05 -1 3.82465e-06
-0.0714818 -1.23894e-08 0.997442

  IndexToPointMatrix: 
-0.997444 -5.36781e-05 -0.0714818
5.35418e-05 -1 3.82465e-06
-0.0714819 -1.23894e-08 0.997442

  PointToIndexMatrix: 
-0.99744 5.35415e-05 -0.0714816
-5.36781e-05 -1 -1.2391e-08
-0.0714818 3.82464e-06 0.997442

  Inverse Direction: 
-0.997443 5.35418e-05 -0.0714819
-5.3678e-05 -1 -1.39698e-08
-0.0714818 3.82215e-06 0.997442

  PixelContainer: 
    ImportImageContainer (0x493e1d0)
      RTTI typeinfo:   itk::ImportImageContainer<unsigned long, double>
      Reference Count: 1
      Modified Time: 1589
      Debug: Off
      Object Name: 
      Observers: 
        none
      Pointer: 0x150223983010
      Container manages memory: true
      Size: 9830400
      Capacity: 9830400

     Weighting = 1
     Sampling strategy = regular
     Number of bins = 32
     Radius = 4
     Sampling percentage  = 0.25
   Transform = Affine
     Gradient step = 0.1
     Update field sigma (voxel space) = 0
     Total field sigma (voxel space) = 0
     Update field time sigma = 0
     Total field time sigma  = 0
     Number of time indices = 0
     Number of time point samples = 0
Registration using 1 total stages.

Stage 0
  iterations = 1000x500x250x100
  convergence threshold = 1e-06
  convergence window size = 10
  number of levels = 4
  using the Mattes MI metric (number of bins = 32, weight = 1, use gradient filter = 0)
  preprocessing:  winsorizing the image intensities
  Shrink factors (level 1 out of 4): [8, 8, 8]
  Shrink factors (level 2 out of 4): [4, 4, 4]
  Shrink factors (level 3 out of 4): [2, 2, 2]
  Shrink factors (level 4 out of 4): [1, 1, 1]
  smoothing sigmas per level: [3, 2, 1, 0]
  regular sampling (percentage = 0.25)

*** Running AffineTransform registration ***

DIAGNOSTIC,Iteration,metricValue,convergenceValue,ITERATION_TIME_INDEX,SINCE_LAST
 2DIAGNOSTIC,     1, -5.806289467205e-01, 1.797693134862e+308, 0.0000e+00, 0.0000e+00, 
 2DIAGNOSTIC,     2, -5.832428987156e-01, 1.797693134862e+308, 0.0000e+00, 0.0000e+00, 
 2DIAGNOSTIC,     3, -5.884019962871e-01, 1.797693134862e+308, 0.0000e+00, 0.0000e+00, 
 2DIAGNOSTIC,     4, -5.973702735985e-01, 1.797693134862e+308, 0.0000e+00, 0.0000e+00, 
 2DIAGNOSTIC,     5, -6.165631617981e-01, 1.797693134862e+308, 0.0000e+00, 0.0000e+00, 
 2DIAGNOSTIC,     6, -6.405951789820e-01, 1.797693134862e+308, 0.0000e+00, 0.0000e+00, 
 2DIAGNOSTIC,     7, -7.012677534328e-01, 1.797693134862e+308, 0.0000e+00, 0.0000e+00, 
 2DIAGNOSTIC,     8, -7.637490052310e-01, 1.797693134862e+308, 0.0000e+00, 0.0000e+00, 
 2DIAGNOSTIC,     9, -8.427201672097e-01, 1.797693134862e+308, 0.0000e+00, 0.0000e+00, 
 2DIAGNOSTIC,    10, -8.574486678116e-01, 2.850330543201e-02, 0.0000e+00, 0.0000e+00, 
 2DIAGNOSTIC,    11, -8.706270137048e-01, 2.876500287143e-02, 0.0000e+00, 0.0000e+00, 
 2DIAGNOSTIC,    12, -8.813502808852e-01, 2.685937937729e-02, 0.0000e+00, 0.0000e+00, 
 2DIAGNOSTIC,    13, -8.821298752766e-01, 2.307378782547e-02, 0.0000e+00, 0.0000e+00, 
 2DIAGNOSTIC,    14, -8.836015321121e-01, 1.814418931411e-02, 0.0000e+00, 0.0000e+00, 
 2DIAGNOSTIC,    15, -8.855144728755e-01, 1.291021682361e-02, 0.0000e+00, 0.0000e+00, 
 2DIAGNOSTIC,    16, -8.877318716661e-01, 7.891093239184e-03, 0.0000e+00, 0.0000e+00, 
 2DIAGNOSTIC,    17, -8.890319916415e-01, 4.182287181686e-03, 0.0000e+00, 0.0000e+00, 
 2DIAGNOSTIC,    18, -8.891753969356e-01, 1.813990467340e-03, 0.0000e+00, 0.0000e+00, 
 2DIAGNOSTIC,    19, -8.890705287874e-01, 1.085283913608e-03, 0.0000e+00, 0.0000e+00, 
 2DIAGNOSTIC,    20, -8.890934117822e-01, 6.033533123165e-04, 0.0000e+00, 0.0000e+00, 
 2DIAGNOSTIC,    21, -8.889617215802e-01, 3.367133398910e-04, 0.0000e+00, 0.0000e+00, 
 2DIAGNOSTIC,    22, -8.888406192466e-01, 2.394027272974e-04, 0.0000e+00, 0.0000e+00, 
 2DIAGNOSTIC,    23, -8.887188107900e-01, 1.398413899050e-04, 0.0000e+00, 0.0000e+00, 
 2DIAGNOSTIC,    24, -8.886131104067e-01, 5.676831368161e-05, 0.0000e+00, 0.0000e+00, 
 2DIAGNOSTIC,    25, -8.886683678937e-01, 3.121728654687e-06, 0.0000e+00, 0.0000e+00, 
DIAGNOSTIC,Iteration,metricValue,convergenceValue,ITERATION_TIME_INDEX,SINCE_LAST
 2DIAGNOSTIC,     1, -7.472594051251e-01, 1.797693134862e+308, 0.0000e+00, 0.0000e+00, 
 2DIAGNOSTIC,     2, -7.478444898373e-01, 1.797693134862e+308, 0.0000e+00, 0.0000e+00, 
 2DIAGNOSTIC,     3, -7.482896233199e-01, 1.797693134862e+308, 0.0000e+00, 0.0000e+00, 
 2DIAGNOSTIC,     4, -7.486206923531e-01, 1.797693134862e+308, 0.0000e+00, 0.0000e+00, 
 2DIAGNOSTIC,     5, -7.489589042547e-01, 1.797693134862e+308, 0.0000e+00, 0.0000e+00, 
 2DIAGNOSTIC,     6, -7.494638047646e-01, 1.797693134862e+308, 0.0000e+00, 0.0000e+00, 
 2DIAGNOSTIC,     7, -7.496734016327e-01, 1.797693134862e+308, 0.0000e+00, 0.0000e+00, 
 2DIAGNOSTIC,     8, -7.496612938454e-01, 1.797693134862e+308, 0.0000e+00, 0.0000e+00, 
 2DIAGNOSTIC,     9, -7.496784200098e-01, 1.797693134862e+308, 0.0000e+00, 0.0000e+00, 
 2DIAGNOSTIC,    10, -7.496993790650e-01, 2.149423159093e-04, 0.0000e+00, 0.0000e+00, 
 2DIAGNOSTIC,    11, -7.497443534317e-01, 1.490401648894e-04, 0.0000e+00, 0.0000e+00, 
 2DIAGNOSTIC,    12, -7.497815760689e-01, 1.004079437539e-04, 0.0000e+00, 0.0000e+00, 
 2DIAGNOSTIC,    13, -7.498151974388e-01, 6.446853064067e-05, 0.0000e+00, 0.0000e+00, 
 2DIAGNOSTIC,    14, -7.499040290884e-01, 3.940501255517e-05, 0.0000e+00, 0.0000e+00, 
 2DIAGNOSTIC,    15, -7.500353173035e-01, 2.580892278052e-05, 0.0000e+00, 0.0000e+00, 
 2DIAGNOSTIC,    16, -7.502708835912e-01, 2.908241760170e-05, 0.0000e+00, 0.0000e+00, 
 2DIAGNOSTIC,    17, -7.505370448734e-01, 4.000628265749e-05, 0.0000e+00, 0.0000e+00, 
 2DIAGNOSTIC,    18, -7.505711130246e-01, 4.658767988172e-05, 0.0000e+00, 0.0000e+00, 
 2DIAGNOSTIC,    19, -7.505855334795e-01, 4.904184775333e-05, 0.0000e+00, 0.0000e+00, 
 2DIAGNOSTIC,    20, -7.505729749029e-01, 4.702003175269e-05, 0.0000e+00, 0.0000e+00, 
 2DIAGNOSTIC,    21, -7.505468684625e-01, 4.123526995334e-05, 0.0000e+00, 0.0000e+00, 
 2DIAGNOSTIC,    22, -7.505357010417e-01, 3.267605082877e-05, 0.0000e+00, 0.0000e+00, 
 2DIAGNOSTIC,    23, -7.505384154370e-01, 2.255652503941e-05, 0.0000e+00, 0.0000e+00, 
 2DIAGNOSTIC,    24, -7.505266588033e-01, 1.255291892879e-05, 0.0000e+00, 0.0000e+00, 
 2DIAGNOSTIC,    25, -7.505281611715e-01, 4.271209377550e-06, 0.0000e+00, 0.0000e+00, 
DIAGNOSTIC,Iteration,metricValue,convergenceValue,ITERATION_TIME_INDEX,SINCE_LAST
 2DIAGNOSTIC,     1, -6.293654352133e-01, 1.797693134862e+308, 0.0000e+00, 0.0000e+00, 
 2DIAGNOSTIC,     2, -6.298895730135e-01, 1.797693134862e+308, 0.0000e+00, 0.0000e+00, 
 2DIAGNOSTIC,     3, -6.304744257098e-01, 1.797693134862e+308, 0.0000e+00, 0.0000e+00, 
 2DIAGNOSTIC,     4, -6.311100120020e-01, 1.797693134862e+308, 0.0000e+00, 0.0000e+00, 
 2DIAGNOSTIC,     5, -6.320711297302e-01, 1.797693134862e+308, 0.0000e+00, 0.0000e+00, 
 2DIAGNOSTIC,     6, -6.331173395861e-01, 1.797693134862e+308, 0.0000e+00, 0.0000e+00, 
 2DIAGNOSTIC,     7, -6.331188961660e-01, 1.797693134862e+308, 0.0000e+00, 0.0000e+00, 
 2DIAGNOSTIC,     8, -6.331206167306e-01, 1.797693134862e+308, 0.0000e+00, 0.0000e+00, 
 2DIAGNOSTIC,     9, -6.331181353011e-01, 1.797693134862e+308, 0.0000e+00, 0.0000e+00, 
 2DIAGNOSTIC,    10, -6.331170708547e-01, 4.323324712065e-04, 0.0000e+00, 0.0000e+00, 
 2DIAGNOSTIC,    11, -6.331152065571e-01, 3.068430685351e-04, 0.0000e+00, 0.0000e+00, 
 2DIAGNOSTIC,    12, -6.331156725772e-01, 1.948096399463e-04, 0.0000e+00, 0.0000e+00, 
 2DIAGNOSTIC,    13, -6.331145989192e-01, 1.032386811667e-04, 0.0000e+00, 0.0000e+00, 
 2DIAGNOSTIC,    14, -6.331137303449e-01, 3.551803891831e-05, 0.0000e+00, 0.0000e+00, 
 2DIAGNOSTIC,    15, -6.331148405662e-01, 1.743334439391e-06, 0.0000e+00, 0.0000e+00, 
 2DIAGNOSTIC,    16, -6.331127292530e-01, 1.558748370004e-06, 0.0000e+00, 0.0000e+00, 
 2DIAGNOSTIC,    17, -6.331118159015e-01, 1.451794220980e-06, 0.0000e+00, 0.0000e+00, 
 2DIAGNOSTIC,    18, -6.331102522592e-01, 1.401279068038e-06, 0.0000e+00, 0.0000e+00, 
 2DIAGNOSTIC,    19, -6.331121338868e-01, 1.376706689420e-06, 0.0000e+00, 0.0000e+00, 
 2DIAGNOSTIC,    20, -6.331138375027e-01, 1.395579554628e-06, 0.0000e+00, 0.0000e+00, 
 2DIAGNOSTIC,    21, -6.331132924048e-01, 1.378201828765e-06, 0.0000e+00, 0.0000e+00, 
 2DIAGNOSTIC,    22, -6.331130207511e-01, 1.382023758136e-06, 0.0000e+00, 0.0000e+00, 
 2DIAGNOSTIC,    23, -6.331109949672e-01, 1.332170651708e-06, 0.0000e+00, 0.0000e+00, 
 2DIAGNOSTIC,    24, -6.331106487693e-01, 1.267534259233e-06, 0.0000e+00, 0.0000e+00, 
 2DIAGNOSTIC,    25, -6.331117209653e-01, 1.252331610462e-06, 0.0000e+00, 0.0000e+00, 
 2DIAGNOSTIC,    26, -6.331103469576e-01, 1.179626526349e-06, 0.0000e+00, 0.0000e+00, 
 2DIAGNOSTIC,    27, -6.331109692712e-01, 1.114298165544e-06, 0.0000e+00, 0.0000e+00, 
 2DIAGNOSTIC,    28, -6.331097901906e-01, 1.015390829334e-06, 0.0000e+00, 0.0000e+00, 
DIAGNOSTIC,Iteration,metricValue,convergenceValue,ITERATION_TIME_INDEX,SINCE_LAST
 2DIAGNOSTIC,     1, -5.647193858935e-01, 1.797693134862e+308, 0.0000e+00, 0.0000e+00, 
 2DIAGNOSTIC,     2, -5.649445426201e-01, 1.797693134862e+308, 0.0000e+00, 0.0000e+00, 
 2DIAGNOSTIC,     3, -5.651414469122e-01, 1.797693134862e+308, 0.0000e+00, 0.0000e+00, 
 2DIAGNOSTIC,     4, -5.653416146842e-01, 1.797693134862e+308, 0.0000e+00, 0.0000e+00, 
 2DIAGNOSTIC,     5, -5.653623974474e-01, 1.797693134862e+308, 0.0000e+00, 0.0000e+00, 
 2DIAGNOSTIC,     6, -5.653633369431e-01, 1.797693134862e+308, 0.0000e+00, 0.0000e+00, 
 2DIAGNOSTIC,     7, -5.653628541941e-01, 1.797693134862e+308, 0.0000e+00, 0.0000e+00, 
 2DIAGNOSTIC,     8, -5.653630153530e-01, 1.797693134862e+308, 0.0000e+00, 0.0000e+00, 
 2DIAGNOSTIC,     9, -5.653630390067e-01, 1.797693134862e+308, 0.0000e+00, 0.0000e+00, 
 2DIAGNOSTIC,    10, -5.653628933957e-01, 6.225058787590e-05, 0.0000e+00, 0.0000e+00, 
 2DIAGNOSTIC,    11, -5.653628475858e-01, 3.155272685865e-05, 0.0000e+00, 0.0000e+00, 
 2DIAGNOSTIC,    12, -5.653630019527e-01, 1.272187968364e-05, 0.0000e+00, 0.0000e+00, 
 2DIAGNOSTIC,    13, -5.653628941832e-01, 3.278683319397e-06, 0.0000e+00, 0.0000e+00, 
 2DIAGNOSTIC,    14, -5.653627428836e-01, 2.271382517655e-06, 0.0000e+00, 0.0000e+00, 
 2DIAGNOSTIC,    15, -5.653627374532e-01, 2.094232043046e-06, 0.0000e+00, 0.0000e+00, 
 2DIAGNOSTIC,    16, -5.653627353636e-01, 1.971588578384e-06, 0.0000e+00, 0.0000e+00, 
 2DIAGNOSTIC,    17, -5.653627207200e-01, 1.849906638617e-06, 0.0000e+00, 0.0000e+00, 
 2DIAGNOSTIC,    18, -5.653626899376e-01, 1.747369448454e-06, 0.0000e+00, 0.0000e+00, 
 2DIAGNOSTIC,    19, -5.653626927914e-01, 1.658469509572e-06, 0.0000e+00, 0.0000e+00, 
 2DIAGNOSTIC,    20, -5.653626908922e-01, 1.576289492093e-06, 0.0000e+00, 0.0000e+00, 
 2DIAGNOSTIC,    21, -5.653626887073e-01, 1.501944830597e-06, 0.0000e+00, 0.0000e+00, 
 2DIAGNOSTIC,    22, -5.653626888069e-01, 1.439157566480e-06, 0.0000e+00, 0.0000e+00, 
 2DIAGNOSTIC,    23, -5.653626885940e-01, 1.380237491015e-06, 0.0000e+00, 0.0000e+00, 
 2DIAGNOSTIC,    24, -5.653626887485e-01, 1.323353411242e-06, 0.0000e+00, 0.0000e+00, 
 2DIAGNOSTIC,    25, -5.653626885677e-01, 1.271117679072e-06, 0.0000e+00, 0.0000e+00, 
 2DIAGNOSTIC,    26, -5.653626882930e-01, 1.223004791176e-06, 0.0000e+00, 0.0000e+00, 
 2DIAGNOSTIC,    27, -5.653626881460e-01, 1.178265848348e-06, 0.0000e+00, 0.0000e+00, 
 2DIAGNOSTIC,    28, -5.653626880926e-01, 1.136179576068e-06, 0.0000e+00, 0.0000e+00, 
 2DIAGNOSTIC,    29, -5.653626877352e-01, 1.097052404260e-06, 0.0000e+00, 0.0000e+00, 
 2DIAGNOSTIC,    30, -5.653626881733e-01, 1.060517708762e-06, 0.0000e+00, 0.0000e+00, 
 2DIAGNOSTIC,    31, -5.653626880160e-01, 1.026305452879e-06, 0.0000e+00, 0.0000e+00, 
  Elapsed time (stage 0): 0.0000e+00


Total elapsed time: 0.0000e+00
Info [verificarlo]: loaded backend libinterflop_vprec.so
Info [interflop-vprec]: load backend with: 
Info [interflop-vprec]: precision-binary32 = 20
Info [interflop-vprec]: range-binary32 = 7
Info [interflop-vprec]: precision-binary64 = 20
Info [interflop-vprec]: range-binary64 = 7
Info [interflop-vprec]: mode = ob
Info [interflop-vprec]: error-mode = rel
Info [interflop-vprec]: max-abs-error-exponent = -1022
Info [interflop-vprec]: daz = false
Info [interflop-vprec]: ftz = false
Info [interflop-vprec]: 	instrument = none
Info [interflop-vprec]: 	prec-input-file = (null)
Info [interflop-vprec]: 	prec-output-file = (null)
Info [interflop-vprec]: 	prec-log-file = (null)
All_Command_lines_OK
Using double precision for computations.
