
##########################
# Experiment information #
##########################

EXPERIMENT_NAME: antsRegistration-r7-p18
VFC_BACKENDS: libinterflop_vprec.so --range-binary32=7 --precision-binary32=18 --range-binary64=7 --precision-binary64=18

SIF_IMG: /home/mdugre/projects/rrg-glatard/mdugre/containers/ants-vprec-no_metrics.simg

SUBJECT_ID: s032
INPUT_IMG: /home/mdugre/scratch/mri-registration-rp/datasets/ds004513/derivatives/mri-registration-rp/antsBrainExtraction/sub-s032/BrainExtractionBrain.nii.gz
OUTPUT_DIR: /home/mdugre/scratch/mri-registration-rp/datasets/ds004513/derivatives/mri-registration-rp/0011/antsRegistration-r7-p18/sub-s032

FIXED_IMG: /templateflow/tpl-MNI152NLin2009cAsym/tpl-MNI152NLin2009cAsym_res-01_desc-brain_T1w.nii.gz
DATA_DIR: /home/mdugre/scratch/mri-registration-rp/datasets/ds004513
TEMPLATEFLOW_DIR: /home/mdugre/projects/rrg-glatard/mdugre/templateflow
ITK_GLOBAL_DEFAULT_NUMBER_OF_THREADS: 16
##########################

Info [verificarlo]: loaded backend libinterflop_ieee.so
Info [interflop-ieee]: load backend with:
Info [interflop-ieee]: debug = false
Info [interflop-ieee]: debug-binary = false
Info [interflop-ieee]: no-backend-name = false
Info [interflop-ieee]: print-new-line = false
Info [interflop-ieee]: print-subnormal-normalized = false
Info [interflop-ieee]: count-op = false
All_Command_lines_OK
Using double precision for computations.
=============================================================================
The composite transform comprises the following transforms (in order): 
  1. Center of mass alignment using fixed image: /templateflow/tpl-MNI152NLin2009cAsym/tpl-MNI152NLin2009cAsym_res-01_desc-brain_T1w.nii.gz and moving image: /home/mdugre/scratch/mri-registration-rp/datasets/ds004513/derivatives/mri-registration-rp/antsBrainExtraction/sub-s032/BrainExtractionBrain.nii.gz (type = Euler3DTransform)
=============================================================================
  number of levels = 1
  fixed image: /templateflow/tpl-MNI152NLin2009cAsym/tpl-MNI152NLin2009cAsym_res-01_desc-brain_T1w.nii.gz
  moving image: /home/mdugre/scratch/mri-registration-rp/datasets/ds004513/derivatives/mri-registration-rp/antsBrainExtraction/sub-s032/BrainExtractionBrain.nii.gz
Dimension = 3
Number of stages = 1
Use histogram matching = false
Winsorize image intensities = true
  Lower quantile = 0.005
  Upper quantile = 0.995


Stage 1 State
   Image metric = MattesMI
     Fixed image = Image (0x3ca3e70)
  RTTI typeinfo:   itk::Image<double, 3u>
  Reference Count: 2
  Modified Time: 2330
  Debug: Off
  Object Name: 
  Observers: 
    none
  Source: (none)
  Source output name: (none)
  Release Data: Off
  Data Released: False
  Global Release Data: Off
  PipelineMTime: 0
  UpdateMTime: 1941
  RealTimeStamp: 0 seconds 
  LargestPossibleRegion: 
    Dimension: 3
    Index: [0, 0, 0]
    Size: [193, 229, 193]
  BufferedRegion: 
    Dimension: 3
    Index: [0, 0, 0]
    Size: [193, 229, 193]
  RequestedRegion: 
    Dimension: 3
    Index: [0, 0, 0]
    Size: [193, 229, 193]
  Spacing: [1, 1, 1]
  Origin: [96, 132, -78]
  Direction: 
-1 0 0
0 -1 0
0 0 1

  IndexToPointMatrix: 
-1 0 0
0 -1 0
0 0 1

  PointToIndexMatrix: 
-1 0 0
0 -1 0
0 0 1

  Inverse Direction: 
-1 0 0
0 -1 0
0 0 1

  PixelContainer: 
    ImportImageContainer (0x3cacc60)
      RTTI typeinfo:   itk::ImportImageContainer<unsigned long, double>
      Reference Count: 1
      Modified Time: 1938
      Debug: Off
      Object Name: 
      Observers: 
        none
      Pointer: 0x153be64f1010
      Container manages memory: true
      Size: 8530021
      Capacity: 8530021

     Moving image = Image (0x3d40ec0)
  RTTI typeinfo:   itk::Image<double, 3u>
  Reference Count: 2
  Modified Time: 2331
  Debug: Off
  Object Name: 
  Observers: 
    none
  Source: (none)
  Source output name: (none)
  Release Data: Off
  Data Released: False
  Global Release Data: Off
  PipelineMTime: 0
  UpdateMTime: 2328
  RealTimeStamp: 0 seconds 
  LargestPossibleRegion: 
    Dimension: 3
    Index: [0, 0, 0]
    Size: [160, 240, 256]
  BufferedRegion: 
    Dimension: 3
    Index: [0, 0, 0]
    Size: [160, 240, 256]
  RequestedRegion: 
    Dimension: 3
    Index: [0, 0, 0]
    Size: [160, 240, 256]
  Spacing: [1, 1, 1]
  Origin: [73.279, 104.707, -131.187]
  Direction: 
-0.997527 0.0645574 -0.0278053
-0.0645323 -0.997914 -0.00179875
-0.0278634 4.01097e-08 0.999612

  IndexToPointMatrix: 
-0.997527 0.0645574 -0.0278053
-0.0645323 -0.997914 -0.00179875
-0.0278634 4.01097e-08 0.999612

  PointToIndexMatrix: 
-0.997527 -0.0645323 -0.0278634
0.0645574 -0.997914 4.01049e-08
-0.0278053 -0.00179875 0.999612

  Inverse Direction: 
-0.997527 -0.0645323 -0.0278634
0.0645574 -0.997914 4.01049e-08
-0.0278053 -0.00179875 0.999612

  PixelContainer: 
    ImportImageContainer (0x3dd8610)
      RTTI typeinfo:   itk::ImportImageContainer<unsigned long, double>
      Reference Count: 1
      Modified Time: 2325
      Debug: Off
      Object Name: 
      Observers: 
        none
      Pointer: 0x153be19f0010
      Container manages memory: true
      Size: 9830400
      Capacity: 9830400

     Weighting = 1
     Sampling strategy = regular
     Number of bins = 32
     Radius = 4
     Sampling percentage  = 0.25
   Transform = Rigid
     Gradient step = 0.1
     Update field sigma (voxel space) = 0
     Total field sigma (voxel space) = 0
     Update field time sigma = 0
     Total field time sigma  = 0
     Number of time indices = 0
     Number of time point samples = 0
Registration using 1 total stages.

Stage 0
  iterations = 0
  convergence threshold = 1e-06
  convergence window size = 10
  number of levels = 1
  using the Mattes MI metric (number of bins = 32, weight = 1, use gradient filter = 0)
  preprocessing:  winsorizing the image intensities
  Shrink factors (level 1 out of 1): [1, 1, 1]
  smoothing sigmas per level: [0]
  regular sampling (percentage = 0.25)

*** Running Euler3DTransform registration ***

  Elapsed time (stage 0): 1.13788


Total elapsed time: 1.14048
Info [verificarlo]: loaded backend libinterflop_ieee.so
Info [interflop-ieee]: load backend with:
Info [interflop-ieee]: debug = false
Info [interflop-ieee]: debug-binary = false
Info [interflop-ieee]: no-backend-name = false
Info [interflop-ieee]: print-new-line = false
Info [interflop-ieee]: print-subnormal-normalized = false
Info [interflop-ieee]: count-op = false
All_Command_lines_OK
Using double precision for computations.
=============================================================================
The composite transform comprises the following transforms (in order): 
  1. /home/mdugre/scratch/mri-registration-rp/datasets/ds004513/derivatives/mri-registration-rp/0011/antsRegistration-r7-p18/sub-s032/align_Composite.h5[0] (type = Euler3DTransform)
  2. /home/mdugre/scratch/mri-registration-rp/datasets/ds004513/derivatives/mri-registration-rp/0011/antsRegistration-r7-p18/sub-s032/align_Composite.h5[1] (type = Euler3DTransform)
=============================================================================
  number of levels = 4
  fixed image: /templateflow/tpl-MNI152NLin2009cAsym/tpl-MNI152NLin2009cAsym_res-01_desc-brain_T1w.nii.gz
  moving image: /home/mdugre/scratch/mri-registration-rp/datasets/ds004513/derivatives/mri-registration-rp/antsBrainExtraction/sub-s032/BrainExtractionBrain.nii.gz
Dimension = 3
Number of stages = 1
Use histogram matching = false
Winsorize image intensities = true
  Lower quantile = 0.005
  Upper quantile = 0.995


Stage 1 State
   Image metric = MattesMI
     Fixed image = Image (0x50bb530)
  RTTI typeinfo:   itk::Image<double, 3u>
  Reference Count: 2
  Modified Time: 1578
  Debug: Off
  Object Name: 
  Observers: 
    none
  Source: (none)
  Source output name: (none)
  Release Data: Off
  Data Released: False
  Global Release Data: Off
  PipelineMTime: 0
  UpdateMTime: 1189
  RealTimeStamp: 0 seconds 
  LargestPossibleRegion: 
    Dimension: 3
    Index: [0, 0, 0]
    Size: [193, 229, 193]
  BufferedRegion: 
    Dimension: 3
    Index: [0, 0, 0]
    Size: [193, 229, 193]
  RequestedRegion: 
    Dimension: 3
    Index: [0, 0, 0]
    Size: [193, 229, 193]
  Spacing: [1, 1, 1]
  Origin: [96, 132, -78]
  Direction: 
-1 0 0
0 -1 0
0 0 1

  IndexToPointMatrix: 
-1 0 0
0 -1 0
0 0 1

  PointToIndexMatrix: 
-1 0 0
0 -1 0
0 0 1

  Inverse Direction: 
-1 0 0
0 -1 0
0 0 1

  PixelContainer: 
    ImportImageContainer (0x5179d60)
      RTTI typeinfo:   itk::ImportImageContainer<unsigned long, double>
      Reference Count: 1
      Modified Time: 1186
      Debug: Off
      Object Name: 
      Observers: 
        none
      Pointer: 0x14748fd23010
      Container manages memory: true
      Size: 8530021
      Capacity: 8530021

     Moving image = Image (0x516bf60)
  RTTI typeinfo:   itk::Image<double, 3u>
  Reference Count: 2
  Modified Time: 1579
  Debug: Off
  Object Name: 
  Observers: 
    none
  Source: (none)
  Source output name: (none)
  Release Data: Off
  Data Released: False
  Global Release Data: Off
  PipelineMTime: 0
  UpdateMTime: 1576
  RealTimeStamp: 0 seconds 
  LargestPossibleRegion: 
    Dimension: 3
    Index: [0, 0, 0]
    Size: [160, 240, 256]
  BufferedRegion: 
    Dimension: 3
    Index: [0, 0, 0]
    Size: [160, 240, 256]
  RequestedRegion: 
    Dimension: 3
    Index: [0, 0, 0]
    Size: [160, 240, 256]
  Spacing: [1, 1, 1]
  Origin: [73.279, 104.707, -131.187]
  Direction: 
-0.997527 0.0645574 -0.0278053
-0.0645323 -0.997914 -0.00179875
-0.0278634 4.01097e-08 0.999612

  IndexToPointMatrix: 
-0.997527 0.0645574 -0.0278053
-0.0645323 -0.997914 -0.00179875
-0.0278634 4.01097e-08 0.999612

  PointToIndexMatrix: 
-0.997527 -0.0645323 -0.0278634
0.0645574 -0.997914 4.01049e-08
-0.0278053 -0.00179875 0.999612

  Inverse Direction: 
-0.997527 -0.0645323 -0.0278634
0.0645574 -0.997914 4.01049e-08
-0.0278053 -0.00179875 0.999612

  PixelContainer: 
    ImportImageContainer (0x515d6d0)
      RTTI typeinfo:   itk::ImportImageContainer<unsigned long, double>
      Reference Count: 1
      Modified Time: 1573
      Debug: Off
      Object Name: 
      Observers: 
        none
      Pointer: 0x14748b222010
      Container manages memory: true
      Size: 9830400
      Capacity: 9830400

     Weighting = 1
     Sampling strategy = regular
     Number of bins = 32
     Radius = 4
     Sampling percentage  = 0.25
   Transform = Rigid
     Gradient step = 0.1
     Update field sigma (voxel space) = 0
     Total field sigma (voxel space) = 0
     Update field time sigma = 0
     Total field time sigma  = 0
     Number of time indices = 0
     Number of time point samples = 0
Registration using 1 total stages.

Stage 0
  iterations = 1000x500x250x100
  convergence threshold = 1e-06
  convergence window size = 10
  number of levels = 4
  using the Mattes MI metric (number of bins = 32, weight = 1, use gradient filter = 0)
  preprocessing:  winsorizing the image intensities
  Shrink factors (level 1 out of 4): [8, 8, 8]
  Shrink factors (level 2 out of 4): [4, 4, 4]
  Shrink factors (level 3 out of 4): [2, 2, 2]
  Shrink factors (level 4 out of 4): [1, 1, 1]
  smoothing sigmas per level: [3, 2, 1, 0]
  regular sampling (percentage = 0.25)

*** Running Euler3DTransform registration ***

DIAGNOSTIC,Iteration,metricValue,convergenceValue,ITERATION_TIME_INDEX,SINCE_LAST
 2DIAGNOSTIC,     1, -5.480496989617e-01, 1.797693134862e+308, 7.9922e-01, 7.9922e-01, 
 2DIAGNOSTIC,     2, -5.506811078454e-01, 1.797693134862e+308, 8.0353e-01, 4.3120e-03, 
 2DIAGNOSTIC,     3, -5.546514955662e-01, 1.797693134862e+308, 8.0774e-01, 4.2109e-03, 
 2DIAGNOSTIC,     4, -5.606863537750e-01, 1.797693134862e+308, 8.1186e-01, 4.1218e-03, 
 2DIAGNOSTIC,     5, -5.693661845193e-01, 1.797693134862e+308, 8.1602e-01, 4.1640e-03, 
 2DIAGNOSTIC,     6, -5.854078830086e-01, 1.797693134862e+308, 8.2014e-01, 4.1189e-03, 
 2DIAGNOSTIC,     7, -6.232769732918e-01, 1.797693134862e+308, 8.2434e-01, 4.1971e-03, 
 2DIAGNOSTIC,     8, -6.297683730473e-01, 1.797693134862e+308, 8.2905e-01, 4.7109e-03, 
 2DIAGNOSTIC,     9, -6.366738733405e-01, 1.797693134862e+308, 8.3625e-01, 7.1988e-03, 
 2DIAGNOSTIC,    10, -6.375630690827e-01, 1.201760866083e-02, 8.4045e-01, 4.2040e-03, 
 2DIAGNOSTIC,    11, -6.405337628679e-01, 1.087684809450e-02, 8.4466e-01, 4.2071e-03, 
 2DIAGNOSTIC,    12, -6.435528997438e-01, 9.167753354490e-03, 8.4931e-01, 4.6501e-03, 
 2DIAGNOSTIC,    13, -6.444720921444e-01, 7.089498731847e-03, 8.5349e-01, 4.1761e-03, 
 2DIAGNOSTIC,    14, -6.463616611293e-01, 4.967892496988e-03, 8.5816e-01, 4.6699e-03, 
 2DIAGNOSTIC,    15, -6.484646963404e-01, 3.033020789043e-03, 8.6537e-01, 7.2072e-03, 
 2DIAGNOSTIC,    16, -6.486009987994e-01, 1.520386367320e-03, 8.6945e-01, 4.0841e-03, 
 2DIAGNOSTIC,    17, -6.493699344760e-01, 1.108203205204e-03, 8.7359e-01, 4.1361e-03, 
 2DIAGNOSTIC,    18, -6.514578195065e-01, 8.586162135985e-04, 8.7779e-01, 4.2069e-03, 
 2DIAGNOSTIC,    19, -6.526592717406e-01, 7.533650369805e-04, 8.8190e-01, 4.1082e-03, 
 2DIAGNOSTIC,    20, -6.536191777189e-01, 6.303067369293e-04, 8.8600e-01, 4.0960e-03, 
 2DIAGNOSTIC,    21, -6.549162298979e-01, 5.534292205380e-04, 8.9013e-01, 4.1320e-03, 
 2DIAGNOSTIC,    22, -6.562385790832e-01, 5.226986103234e-04, 8.9523e-01, 5.1010e-03, 
 2DIAGNOSTIC,    23, -6.565000058113e-01, 4.680180012237e-04, 8.9981e-01, 4.5819e-03, 
 2DIAGNOSTIC,    24, -6.565387353854e-01, 4.101063704208e-04, 9.0447e-01, 4.6542e-03, 
 2DIAGNOSTIC,    25, -6.567702146894e-01, 3.618032093048e-04, 9.0918e-01, 4.7190e-03, 
 2DIAGNOSTIC,    26, -6.583507212369e-01, 3.132611037353e-04, 9.1337e-01, 4.1881e-03, 
 2DIAGNOSTIC,    27, -6.586527568469e-01, 2.554116018365e-04, 9.2058e-01, 7.2122e-03, 
 2DIAGNOSTIC,    28, -6.593310437738e-01, 2.225767143841e-04, 9.2570e-01, 5.1110e-03, 
 2DIAGNOSTIC,    29, -6.595734041655e-01, 1.939316665334e-04, 9.3023e-01, 4.5311e-03, 
 2DIAGNOSTIC,    30, -6.595955819569e-01, 1.634946778525e-04, 9.3489e-01, 4.6680e-03, 
 2DIAGNOSTIC,    31, -6.596949967568e-01, 1.392755860907e-04, 9.3896e-01, 4.0650e-03, 
 2DIAGNOSTIC,    32, -6.597157295313e-01, 1.221677497581e-04, 9.4360e-01, 4.6451e-03, 
 2DIAGNOSTIC,    33, -6.597001423844e-01, 9.820426862544e-05, 9.5101e-01, 7.4069e-03, 
 2DIAGNOSTIC,    34, -6.595254449699e-01, 6.486903006230e-05, 9.5519e-01, 4.1761e-03, 
 2DIAGNOSTIC,    35, -6.595295822809e-01, 3.010817889405e-05, 9.5935e-01, 4.1649e-03, 
 2DIAGNOSTIC,    36, -6.595351297934e-01, 1.424396565336e-05, 9.6350e-01, 4.1461e-03, 
 2DIAGNOSTIC,    37, -6.595409535780e-01, 1.474135164790e-06, 9.6757e-01, 4.0689e-03, 
DIAGNOSTIC,Iteration,metricValue,convergenceValue,ITERATION_TIME_INDEX,SINCE_LAST
 2DIAGNOSTIC,     1, -5.183739626538e-01, 1.797693134862e+308, 1.6915e+00, 7.2392e-01, 
 2DIAGNOSTIC,     2, -5.189226238295e-01, 1.797693134862e+308, 1.7169e+00, 2.5462e-02, 
 2DIAGNOSTIC,     3, -5.196899327362e-01, 1.797693134862e+308, 1.7429e+00, 2.5905e-02, 
 2DIAGNOSTIC,     4, -5.204463663004e-01, 1.797693134862e+308, 1.7687e+00, 2.5881e-02, 
 2DIAGNOSTIC,     5, -5.209979485304e-01, 1.797693134862e+308, 1.7945e+00, 2.5747e-02, 
 2DIAGNOSTIC,     6, -5.216357744186e-01, 1.797693134862e+308, 1.8204e+00, 2.5946e-02, 
 2DIAGNOSTIC,     7, -5.233753714459e-01, 1.797693134862e+308, 1.8510e+00, 3.0563e-02, 
 2DIAGNOSTIC,     8, -5.241119131071e-01, 1.797693134862e+308, 1.8868e+00, 3.5853e-02, 
 2DIAGNOSTIC,     9, -5.247293428535e-01, 1.797693134862e+308, 1.9223e+00, 3.5457e-02, 
 2DIAGNOSTIC,    10, -5.250028241526e-01, 8.899807894224e-04, 1.9552e+00, 3.2864e-02, 
 2DIAGNOSTIC,    11, -5.254483054848e-01, 7.905532357485e-04, 1.9885e+00, 3.3286e-02, 
 2DIAGNOSTIC,    12, -5.277635686061e-01, 7.650652075480e-04, 2.0206e+00, 3.2124e-02, 
 2DIAGNOSTIC,    13, -5.283161383273e-01, 7.264279311015e-04, 2.0500e+00, 2.9406e-02, 
 2DIAGNOSTIC,    14, -5.288222935263e-01, 6.775649813734e-04, 2.0788e+00, 2.8855e-02, 
 2DIAGNOSTIC,    15, -5.289976641827e-01, 6.012604949758e-04, 2.1090e+00, 3.0211e-02, 
 2DIAGNOSTIC,    16, -5.298475135361e-01, 5.287513112350e-04, 2.1469e+00, 3.7858e-02, 
 2DIAGNOSTIC,    17, -5.313522162928e-01, 5.176189600665e-04, 2.1810e+00, 3.4119e-02, 
 2DIAGNOSTIC,    18, -5.317212199256e-01, 4.916471306207e-04, 2.2155e+00, 3.4510e-02, 
 2DIAGNOSTIC,    19, -5.322490411483e-01, 4.569585575506e-04, 2.2534e+00, 3.7875e-02, 
 2DIAGNOSTIC,    20, -5.323376866600e-01, 3.940999751904e-04, 2.2848e+00, 3.1377e-02, 
 2DIAGNOSTIC,    21, -5.325910172015e-01, 3.171271338893e-04, 2.3196e+00, 3.4830e-02, 
 2DIAGNOSTIC,    22, -5.334985411039e-01, 2.960181850896e-04, 2.3521e+00, 3.2499e-02, 
 2DIAGNOSTIC,    23, -5.343136169556e-01, 2.804987481653e-04, 2.3812e+00, 2.9075e-02, 
 2DIAGNOSTIC,    24, -5.358592634170e-01, 2.864542737479e-04, 2.4164e+00, 3.5219e-02, 
 2DIAGNOSTIC,    25, -5.371682694317e-01, 2.966114435405e-04, 2.4433e+00, 2.6906e-02, 
 2DIAGNOSTIC,    26, -5.415176087719e-01, 3.848518262799e-04, 2.4687e+00, 2.5420e-02, 
 2DIAGNOSTIC,    27, -5.439850254705e-01, 5.072134793792e-04, 2.4976e+00, 2.8878e-02, 
 2DIAGNOSTIC,    28, -5.456269817594e-01, 6.108452485543e-04, 2.5404e+00, 4.2794e-02, 
 2DIAGNOSTIC,    29, -5.458440577655e-01, 6.640137086368e-04, 2.5696e+00, 2.9209e-02, 
 2DIAGNOSTIC,    30, -5.469377810229e-01, 6.724649789714e-04, 2.5965e+00, 2.6840e-02, 
 2DIAGNOSTIC,    31, -5.477473686567e-01, 6.338000788353e-04, 2.6247e+00, 2.8255e-02, 
 2DIAGNOSTIC,    32, -5.482119200023e-01, 5.597387458087e-04, 2.6500e+00, 2.5320e-02, 
 2DIAGNOSTIC,    33, -5.486381729874e-01, 4.577492300772e-04, 2.6759e+00, 2.5847e-02, 
 2DIAGNOSTIC,    34, -5.492116653753e-01, 3.526224357905e-04, 2.7049e+00, 2.9043e-02, 
 2DIAGNOSTIC,    35, -5.495927086864e-01, 2.446090183110e-04, 2.7425e+00, 3.7549e-02, 
 2DIAGNOSTIC,    36, -5.500269500640e-01, 1.894666232191e-04, 2.7732e+00, 3.0753e-02, 
 2DIAGNOSTIC,    37, -5.505429253384e-01, 1.618406416096e-04, 2.8054e+00, 3.2227e-02, 
 2DIAGNOSTIC,    38, -5.513614822847e-01, 1.549077892365e-04, 2.8379e+00, 3.2453e-02, 
 2DIAGNOSTIC,    39, -5.519992143479e-01, 1.448122988412e-04, 2.8712e+00, 3.3267e-02, 
 2DIAGNOSTIC,    40, -5.545864575616e-01, 1.700807000144e-04, 2.8996e+00, 2.8436e-02, 
 2DIAGNOSTIC,    41, -5.551682751915e-01, 1.951223680939e-04, 2.9287e+00, 2.9079e-02, 
 2DIAGNOSTIC,    42, -5.560699873701e-01, 2.177777425580e-04, 2.9684e+00, 3.9766e-02, 
 2DIAGNOSTIC,    43, -5.566650442475e-01, 2.312032324999e-04, 3.0005e+00, 3.2096e-02, 
 2DIAGNOSTIC,    44, -5.568364211573e-01, 2.307302912330e-04, 3.0292e+00, 2.8628e-02, 
 2DIAGNOSTIC,    45, -5.571904451793e-01, 2.166488326549e-04, 3.0870e+00, 5.7801e-02, 
 2DIAGNOSTIC,    46, -5.572087893936e-01, 1.875715552369e-04, 3.1155e+00, 2.8528e-02, 
 2DIAGNOSTIC,    47, -5.573465662127e-01, 1.493893825673e-04, 3.1480e+00, 3.2449e-02, 
 2DIAGNOSTIC,    48, -5.574112725398e-01, 1.084402724346e-04, 3.1761e+00, 2.8135e-02, 
 2DIAGNOSTIC,    49, -5.575763033843e-01, 6.690183001315e-05, 3.2043e+00, 2.8233e-02, 
 2DIAGNOSTIC,    50, -5.577706020710e-01, 4.998634379225e-05, 3.2318e+00, 2.7458e-02, 
 2DIAGNOSTIC,    51, -5.580233241025e-01, 3.742819298817e-05, 3.2581e+00, 2.6358e-02, 
 2DIAGNOSTIC,    52, -5.583574736719e-01, 3.419990788847e-05, 3.2848e+00, 2.6645e-02, 
 2DIAGNOSTIC,    53, -5.595208596280e-01, 4.525625294431e-05, 3.3145e+00, 2.9701e-02, 
 2DIAGNOSTIC,    54, -5.596064824467e-01, 5.375064586286e-05, 3.3441e+00, 2.9656e-02, 
 2DIAGNOSTIC,    55, -5.599089878024e-01, 6.322773602935e-05, 3.3847e+00, 4.0553e-02, 
 2DIAGNOSTIC,    56, -5.599830110758e-01, 6.725022128487e-05, 3.4110e+00, 2.6349e-02, 
 2DIAGNOSTIC,    57, -5.601905187667e-01, 6.785626443404e-05, 3.4394e+00, 2.8371e-02, 
 2DIAGNOSTIC,    58, -5.607408639054e-01, 6.735532583007e-05, 3.4675e+00, 2.8119e-02, 
 2DIAGNOSTIC,    59, -5.613142821375e-01, 6.686391522687e-05, 3.4977e+00, 3.0152e-02, 
 2DIAGNOSTIC,    60, -5.616484718195e-01, 6.465657919729e-05, 3.5278e+00, 3.0104e-02, 
 2DIAGNOSTIC,    61, -5.624682660720e-01, 6.563166373241e-05, 3.5546e+00, 2.6811e-02, 
 2DIAGNOSTIC,    62, -5.634379803244e-01, 7.093967409333e-05, 3.5955e+00, 4.0894e-02, 
 2DIAGNOSTIC,    63, -5.646416131834e-01, 8.874100148065e-05, 3.6218e+00, 2.6357e-02, 
 2DIAGNOSTIC,    64, -5.665717013887e-01, 1.136953483254e-04, 3.6519e+00, 3.0025e-02, 
 2DIAGNOSTIC,    65, -5.667223754286e-01, 1.303826321615e-04, 3.6819e+00, 3.0076e-02, 
 2DIAGNOSTIC,    66, -5.667455713221e-01, 1.350444724749e-04, 3.7157e+00, 3.3790e-02, 
 2DIAGNOSTIC,    67, -5.667339160452e-01, 1.281694254305e-04, 3.7493e+00, 3.3588e-02, 
 2DIAGNOSTIC,    68, -5.667330074072e-01, 1.132065424161e-04, 3.7791e+00, 2.9784e-02, 
 2DIAGNOSTIC,    69, -5.667294505569e-01, 9.197267154987e-05, 3.8052e+00, 2.6126e-02, 
 2DIAGNOSTIC,    70, -5.667368434721e-01, 6.507392267853e-05, 3.8320e+00, 2.6751e-02, 
 2DIAGNOSTIC,    71, -5.667240479550e-01, 3.876888498891e-05, 3.8653e+00, 3.3310e-02, 
 2DIAGNOSTIC,    72, -5.667284364552e-01, 1.650000586255e-05, 3.8945e+00, 2.9216e-02, 
 2DIAGNOSTIC,    73, -5.667231004730e-01, 1.464376235705e-06, 3.9240e+00, 2.9464e-02, 
DIAGNOSTIC,Iteration,metricValue,convergenceValue,ITERATION_TIME_INDEX,SINCE_LAST
 2DIAGNOSTIC,     1, -5.004399713145e-01, 1.797693134862e+308, 4.9937e+00, 1.0698e+00, 
 2DIAGNOSTIC,     2, -5.007039442964e-01, 1.797693134862e+308, 5.2227e+00, 2.2898e-01, 
 2DIAGNOSTIC,     3, -5.011100882347e-01, 1.797693134862e+308, 5.4378e+00, 2.1510e-01, 
 2DIAGNOSTIC,     4, -5.013904387242e-01, 1.797693134862e+308, 5.6478e+00, 2.0998e-01, 
 2DIAGNOSTIC,     5, -5.014559735744e-01, 1.797693134862e+308, 5.8737e+00, 2.2592e-01, 
 2DIAGNOSTIC,     6, -5.014852500858e-01, 1.797693134862e+308, 6.1013e+00, 2.2755e-01, 
 2DIAGNOSTIC,     7, -5.016123719258e-01, 1.797693134862e+308, 6.3393e+00, 2.3805e-01, 
 2DIAGNOSTIC,     8, -5.020607169789e-01, 1.797693134862e+308, 6.6223e+00, 2.8303e-01, 
 2DIAGNOSTIC,     9, -5.021660510019e-01, 1.797693134862e+308, 6.9100e+00, 2.8769e-01, 
 2DIAGNOSTIC,    10, -5.021708467379e-01, 2.176515002374e-04, 7.1422e+00, 2.3220e-01, 
 2DIAGNOSTIC,    11, -5.024661265301e-01, 1.850862295504e-04, 7.4279e+00, 2.8562e-01, 
 2DIAGNOSTIC,    12, -5.024995665193e-01, 1.548245335123e-04, 7.6717e+00, 2.4386e-01, 
 2DIAGNOSTIC,    13, -5.025032234418e-01, 1.327998949435e-04, 7.8773e+00, 2.0555e-01, 
 2DIAGNOSTIC,    14, -5.025161001906e-01, 1.140399487826e-04, 8.1521e+00, 2.7483e-01, 
 2DIAGNOSTIC,    15, -5.025175525990e-01, 9.036236391587e-05, 8.3718e+00, 2.1972e-01, 
 2DIAGNOSTIC,    16, -5.025213328203e-01, 6.267539283995e-05, 8.5888e+00, 2.1702e-01, 
 2DIAGNOSTIC,    17, -5.025269320685e-01, 3.664883550892e-05, 8.8370e+00, 2.4817e-01, 
 2DIAGNOSTIC,    18, -5.025280622080e-01, 2.449271103241e-05, 9.0805e+00, 2.4347e-01, 
 2DIAGNOSTIC,    19, -5.025263361356e-01, 1.471369691979e-05, 9.3264e+00, 2.4588e-01, 
 2DIAGNOSTIC,    20, -5.025269600167e-01, 4.630875931388e-06, 9.6037e+00, 2.7734e-01, 
 2DIAGNOSTIC,    21, -5.025268640203e-01, 3.162177106164e-06, 9.8557e+00, 2.5201e-01, 
 2DIAGNOSTIC,    22, -5.025268846289e-01, 2.533029233247e-06, 1.0085e+01, 2.2922e-01, 
 2DIAGNOSTIC,    23, -5.025275008857e-01, 1.954476586428e-06, 1.0320e+01, 2.3556e-01, 
 2DIAGNOSTIC,    24, -5.025315911917e-01, 1.773252664677e-06, 1.0610e+01, 2.8974e-01, 
 2DIAGNOSTIC,    25, -5.025321071552e-01, 1.606102395031e-06, 1.0838e+01, 2.2732e-01, 
 2DIAGNOSTIC,    26, -5.025316149649e-01, 1.489261709495e-06, 1.1068e+01, 2.3093e-01, 
 2DIAGNOSTIC,    27, -5.025301836696e-01, 1.444391339187e-06, 1.1294e+01, 2.2526e-01, 
 2DIAGNOSTIC,    28, -5.025296152363e-01, 1.390536138790e-06, 1.1488e+01, 1.9430e-01, 
 2DIAGNOSTIC,    29, -5.025292172850e-01, 1.273025348129e-06, 1.1695e+01, 2.0665e-01, 
 2DIAGNOSTIC,    30, -5.025290949750e-01, 1.155712916354e-06, 1.1908e+01, 2.1347e-01, 
 2DIAGNOSTIC,    31, -5.025343223306e-01, 1.132059350359e-06, 1.2143e+01, 2.3518e-01, 
 2DIAGNOSTIC,    32, -5.025345648372e-01, 1.102990252258e-06, 1.2376e+01, 2.3255e-01, 
 2DIAGNOSTIC,    33, -5.025353131836e-01, 1.087984099868e-06, 1.2583e+01, 2.0668e-01, 
 2DIAGNOSTIC,    34, -5.025398578199e-01, 1.206399409006e-06, 1.2880e+01, 2.9715e-01, 
 2DIAGNOSTIC,    35, -5.025410992621e-01, 1.318430017397e-06, 1.3093e+01, 2.1318e-01, 
 2DIAGNOSTIC,    36, -5.025401572530e-01, 1.362331214796e-06, 1.3306e+01, 2.1311e-01, 
 2DIAGNOSTIC,    37, -5.025413009317e-01, 1.355462856782e-06, 1.3537e+01, 2.3138e-01, 
 2DIAGNOSTIC,    38, -5.025426264117e-01, 1.313671143057e-06, 1.3814e+01, 2.7675e-01, 
 2DIAGNOSTIC,    39, -5.025421596740e-01, 1.215334578888e-06, 1.4038e+01, 2.2403e-01, 
 2DIAGNOSTIC,    40, -5.025416897501e-01, 1.073749942730e-06, 1.4229e+01, 1.9051e-01, 
DIAGNOSTIC,Iteration,metricValue,convergenceValue,ITERATION_TIME_INDEX,SINCE_LAST
 2DIAGNOSTIC,     1, -4.667575825901e-01, 1.797693134862e+308, 1.6731e+01, 2.5022e+00, 
 2DIAGNOSTIC,     2, -4.669211654241e-01, 1.797693134862e+308, 1.8179e+01, 1.4477e+00, 
 2DIAGNOSTIC,     3, -4.670002550715e-01, 1.797693134862e+308, 1.9830e+01, 1.6510e+00, 
 2DIAGNOSTIC,     4, -4.670033733964e-01, 1.797693134862e+308, 2.2240e+01, 2.4107e+00, 
 2DIAGNOSTIC,     5, -4.670038969793e-01, 1.797693134862e+308, 2.4570e+01, 2.3298e+00, 
 2DIAGNOSTIC,     6, -4.670039392207e-01, 1.797693134862e+308, 2.6139e+01, 1.5685e+00, 
 2DIAGNOSTIC,     7, -4.670038795557e-01, 1.797693134862e+308, 2.7591e+01, 1.4522e+00, 
 2DIAGNOSTIC,     8, -4.670038199316e-01, 1.797693134862e+308, 2.8935e+01, 1.3438e+00, 
 2DIAGNOSTIC,     9, -4.670038734575e-01, 1.797693134862e+308, 3.0420e+01, 1.4852e+00, 
 2DIAGNOSTIC,    10, -4.670038171354e-01, 2.273194732477e-05, 3.1880e+01, 1.4605e+00, 
 2DIAGNOSTIC,    11, -4.670037485857e-01, 7.650319554089e-06, 3.3185e+01, 1.3047e+00, 
 2DIAGNOSTIC,    12, -4.670036953396e-01, 2.837190366659e-06, 3.4638e+01, 1.4531e+00, 
 2DIAGNOSTIC,    13, -4.670036583364e-01, 2.444927790252e-06, 3.6163e+01, 1.5245e+00, 
 2DIAGNOSTIC,    14, -4.670034210966e-01, 2.233422965320e-06, 3.7475e+01, 1.3121e+00, 
 2DIAGNOSTIC,    15, -4.670033903038e-01, 2.073804570388e-06, 3.8804e+01, 1.3294e+00, 
 2DIAGNOSTIC,    16, -4.670034915552e-01, 1.943935822368e-06, 4.0429e+01, 1.6246e+00, 
 2DIAGNOSTIC,    17, -4.670035465037e-01, 1.833095587420e-06, 4.1902e+01, 1.4737e+00, 
 2DIAGNOSTIC,    18, -4.670034961991e-01, 1.734295888962e-06, 4.3208e+01, 1.3059e+00, 
 2DIAGNOSTIC,    19, -4.670035648778e-01, 1.653121979119e-06, 4.4750e+01, 1.5419e+00, 
 2DIAGNOSTIC,    20, -4.670036155978e-01, 1.581862551753e-06, 4.6086e+01, 1.3358e+00, 
 2DIAGNOSTIC,    21, -4.670037023371e-01, 1.518551746120e-06, 4.7578e+01, 1.4915e+00, 
 2DIAGNOSTIC,    22, -4.670036235327e-01, 1.456878978796e-06, 4.8902e+01, 1.3241e+00, 
 2DIAGNOSTIC,    23, -4.670036154886e-01, 1.398688108112e-06, 5.0364e+01, 1.4623e+00, 
 2DIAGNOSTIC,    24, -4.670036508758e-01, 1.338829367002e-06, 5.1837e+01, 1.4725e+00, 
 2DIAGNOSTIC,    25, -4.670035516792e-01, 1.279171140983e-06, 5.3273e+01, 1.4361e+00, 
 2DIAGNOSTIC,    26, -4.670037588739e-01, 1.230704851300e-06, 5.4739e+01, 1.4661e+00, 
 2DIAGNOSTIC,    27, -4.670039521877e-01, 1.190690803343e-06, 5.6172e+01, 1.4336e+00, 
 2DIAGNOSTIC,    28, -4.670038937219e-01, 1.149897141013e-06, 5.7656e+01, 1.4838e+00, 
 2DIAGNOSTIC,    29, -4.670037927945e-01, 1.110052219401e-06, 5.9132e+01, 1.4757e+00, 
 2DIAGNOSTIC,    30, -4.670036350115e-01, 1.069501466687e-06, 6.0617e+01, 1.4854e+00, 
 2DIAGNOSTIC,    31, -4.670036588705e-01, 1.032896746286e-06, 6.2061e+01, 1.4435e+00, 
  Elapsed time (stage 0): 6.2869e+01


Total elapsed time: 6.2872e+01
Info [verificarlo]: loaded backend libinterflop_vprec.so
Info [interflop-vprec]: load backend with: 
Info [interflop-vprec]: precision-binary32 = 18
Info [interflop-vprec]: range-binary32 = 7
Info [interflop-vprec]: precision-binary64 = 18
Info [interflop-vprec]: range-binary64 = 7
Info [interflop-vprec]: mode = ob
Info [interflop-vprec]: error-mode = rel
Info [interflop-vprec]: max-abs-error-exponent = -1022
Info [interflop-vprec]: daz = false
Info [interflop-vprec]: ftz = false
Info [interflop-vprec]: 	instrument = none
Info [interflop-vprec]: 	prec-input-file = (null)
Info [interflop-vprec]: 	prec-output-file = (null)
Info [interflop-vprec]: 	prec-log-file = (null)
All_Command_lines_OK
Using double precision for computations.
=============================================================================
The composite transform comprises the following transforms (in order): 
  1. /home/mdugre/scratch/mri-registration-rp/datasets/ds004513/derivatives/mri-registration-rp/0011/antsRegistration-r7-p18/sub-s032/rigid_Composite.h5[0] (type = Euler3DTransform)
  2. /home/mdugre/scratch/mri-registration-rp/datasets/ds004513/derivatives/mri-registration-rp/0011/antsRegistration-r7-p18/sub-s032/rigid_Composite.h5[1] (type = Euler3DTransform)
  3. /home/mdugre/scratch/mri-registration-rp/datasets/ds004513/derivatives/mri-registration-rp/0011/antsRegistration-r7-p18/sub-s032/rigid_Composite.h5[2] (type = Euler3DTransform)
=============================================================================
  number of levels = 4
  fixed image: /templateflow/tpl-MNI152NLin2009cAsym/tpl-MNI152NLin2009cAsym_res-01_desc-brain_T1w.nii.gz
  moving image: /home/mdugre/scratch/mri-registration-rp/datasets/ds004513/derivatives/mri-registration-rp/antsBrainExtraction/sub-s032/BrainExtractionBrain.nii.gz
Dimension = 3
Number of stages = 1
Use histogram matching = false
Winsorize image intensities = true
  Lower quantile = 0.005
  Upper quantile = 0.995


Stage 1 State
   Image metric = MattesMI
     Fixed image = Image (0x39c7490)
  RTTI typeinfo:   itk::Image<double, 3u>
  Reference Count: 2
  Modified Time: 1592
  Debug: Off
  Object Name: 
  Observers: 
    none
  Source: (none)
  Source output name: (none)
  Release Data: Off
  Data Released: False
  Global Release Data: Off
  PipelineMTime: 0
  UpdateMTime: 1203
  RealTimeStamp: 0 seconds 
  LargestPossibleRegion: 
    Dimension: 3
    Index: [0, 0, 0]
    Size: [193, 229, 193]
  BufferedRegion: 
    Dimension: 3
    Index: [0, 0, 0]
    Size: [193, 229, 193]
  RequestedRegion: 
    Dimension: 3
    Index: [0, 0, 0]
    Size: [193, 229, 193]
  Spacing: [1, 1, 1]
  Origin: [96, 132, -78]
  Direction: 
-1 0 0
0 -1 0
0 0 1

  IndexToPointMatrix: 
-1 0 0
0 -1 0
0 0 1

  PointToIndexMatrix: 
-1 0 0
0 -1 0
0 0 1

  Inverse Direction: 
-1 0 0
0 -1 0
0 0 1

  PixelContainer: 
    ImportImageContainer (0x3a928c0)
      RTTI typeinfo:   itk::ImportImageContainer<unsigned long, double>
      Reference Count: 1
      Modified Time: 1200
      Debug: Off
      Object Name: 
      Observers: 
        none
      Pointer: 0x148c45eb4010
      Container manages memory: true
      Size: 8530021
      Capacity: 8530021

     Moving image = Image (0x3a82b60)
  RTTI typeinfo:   itk::Image<double, 3u>
  Reference Count: 2
  Modified Time: 1593
  Debug: Off
  Object Name: 
  Observers: 
    none
  Source: (none)
  Source output name: (none)
  Release Data: Off
  Data Released: False
  Global Release Data: Off
  PipelineMTime: 0
  UpdateMTime: 1590
  RealTimeStamp: 0 seconds 
  LargestPossibleRegion: 
    Dimension: 3
    Index: [0, 0, 0]
    Size: [160, 240, 256]
  BufferedRegion: 
    Dimension: 3
    Index: [0, 0, 0]
    Size: [160, 240, 256]
  RequestedRegion: 
    Dimension: 3
    Index: [0, 0, 0]
    Size: [160, 240, 256]
  Spacing: [1, 1, 1]
  Origin: [73.2791, 104.708, -131.187]
  Direction: 
-0.997526 0.0645573 -0.0278053
-0.0645323 -0.997913 -0.00179875
-0.0278634 4.01097e-08 0.999611

  IndexToPointMatrix: 
-0.997526 0.0645573 -0.0278053
-0.0645323 -0.997913 -0.00179875
-0.0278634 4.01097e-08 0.999611

  PointToIndexMatrix: 
-0.997528 -0.0645323 -0.0278634
0.0645576 -0.997919 3.7253e-08
-0.0278054 -0.00179876 0.999617

  Inverse Direction: 
-0.997528 -0.0645323 -0.0278634
0.0645576 -0.997919 3.7253e-08
-0.0278054 -0.00179876 0.999617

  PixelContainer: 
    ImportImageContainer (0x3b161d0)
      RTTI typeinfo:   itk::ImportImageContainer<unsigned long, double>
      Reference Count: 1
      Modified Time: 1587
      Debug: Off
      Object Name: 
      Observers: 
        none
      Pointer: 0x148c413b3010
      Container manages memory: true
      Size: 9830400
      Capacity: 9830400

     Weighting = 1
     Sampling strategy = regular
     Number of bins = 32
     Radius = 4
     Sampling percentage  = 0.25
   Transform = Affine
     Gradient step = 0.1
     Update field sigma (voxel space) = 0
     Total field sigma (voxel space) = 0
     Update field time sigma = 0
     Total field time sigma  = 0
     Number of time indices = 0
     Number of time point samples = 0
Registration using 1 total stages.

Stage 0
  iterations = 1000x500x250x100
  convergence threshold = 1e-06
  convergence window size = 10
  number of levels = 4
  using the Mattes MI metric (number of bins = 32, weight = 1, use gradient filter = 0)
  preprocessing:  winsorizing the image intensities
  Shrink factors (level 1 out of 4): [8, 8, 8]
  Shrink factors (level 2 out of 4): [4, 4, 4]
  Shrink factors (level 3 out of 4): [2, 2, 2]
  Shrink factors (level 4 out of 4): [1, 1, 1]
  smoothing sigmas per level: [3, 2, 1, 0]
  regular sampling (percentage = 0.25)

*** Running AffineTransform registration ***

DIAGNOSTIC,Iteration,metricValue,convergenceValue,ITERATION_TIME_INDEX,SINCE_LAST
 2DIAGNOSTIC,     1, -6.850549550448e-01, 1.797693134862e+308, 0.0000e+00, 0.0000e+00, 
 2DIAGNOSTIC,     2, -6.870202174873e-01, 1.797693134862e+308, 0.0000e+00, 0.0000e+00, 
 2DIAGNOSTIC,     3, -6.954305398101e-01, 1.797693134862e+308, 0.0000e+00, 0.0000e+00, 
 2DIAGNOSTIC,     4, -7.003107963484e-01, 1.797693134862e+308, 0.0000e+00, 0.0000e+00, 
 2DIAGNOSTIC,     5, -7.058157945896e-01, 1.797693134862e+308, 0.0000e+00, 0.0000e+00, 
 2DIAGNOSTIC,     6, -7.188051067672e-01, 1.797693134862e+308, 0.0000e+00, 0.0000e+00, 
 2DIAGNOSTIC,     7, -7.230831069813e-01, 1.797693134862e+308, 0.0000e+00, 0.0000e+00, 
 2DIAGNOSTIC,     8, -7.236275960221e-01, 1.797693134862e+308, 0.0000e+00, 0.0000e+00, 
 2DIAGNOSTIC,     9, -7.253436075688e-01, 1.797693134862e+308, 0.0000e+00, 0.0000e+00, 
 2DIAGNOSTIC,    10, -7.263692736980e-01, 4.306611049771e-03, 0.0000e+00, 0.0000e+00, 
 2DIAGNOSTIC,    11, -7.270600524410e-01, 3.407984138922e-03, 0.0000e+00, 0.0000e+00, 
 2DIAGNOSTIC,    12, -7.282651127138e-01, 2.456162547956e-03, 0.0000e+00, 0.0000e+00, 
 2DIAGNOSTIC,    13, -7.329703332638e-01, 1.836635502941e-03, 0.0000e+00, 0.0000e+00, 
 2DIAGNOSTIC,    14, -7.339631753940e-01, 1.305997682563e-03, 0.0000e+00, 0.0000e+00, 
 2DIAGNOSTIC,    15, -7.346680497935e-01, 8.855074200812e-04, 0.0000e+00, 0.0000e+00, 
 2DIAGNOSTIC,    16, -7.353917406905e-01, 7.763349976985e-04, 0.0000e+00, 0.0000e+00, 
 2DIAGNOSTIC,    17, -7.356192976117e-01, 7.135644551124e-04, 0.0000e+00, 0.0000e+00, 
 2DIAGNOSTIC,    18, -7.354853742399e-01, 5.990945343513e-04, 0.0000e+00, 0.0000e+00, 
 2DIAGNOSTIC,    19, -7.358047839585e-01, 4.834645377328e-04, 0.0000e+00, 0.0000e+00, 
 2DIAGNOSTIC,    20, -7.358824914847e-01, 3.575529302863e-04, 0.0000e+00, 0.0000e+00, 
 2DIAGNOSTIC,    21, -7.367964001577e-01, 2.412154943658e-04, 0.0000e+00, 0.0000e+00, 
 2DIAGNOSTIC,    22, -7.372311374640e-01, 1.401513622393e-04, 0.0000e+00, 0.0000e+00, 
 2DIAGNOSTIC,    23, -7.373356171704e-01, 1.171023377415e-04, 0.0000e+00, 0.0000e+00, 
 2DIAGNOSTIC,    24, -7.375512994407e-01, 1.050078063509e-04, 0.0000e+00, 0.0000e+00, 
 2DIAGNOSTIC,    25, -7.381409230541e-01, 1.041031392666e-04, 0.0000e+00, 0.0000e+00, 
 2DIAGNOSTIC,    26, -7.389830469958e-01, 1.167120386435e-04, 0.0000e+00, 0.0000e+00, 
 2DIAGNOSTIC,    27, -7.391049520690e-01, 1.223418202494e-04, 0.0000e+00, 0.0000e+00, 
 2DIAGNOSTIC,    28, -7.392427886354e-01, 1.164581601015e-04, 0.0000e+00, 0.0000e+00, 
 2DIAGNOSTIC,    29, -7.393089763977e-01, 1.055864006199e-04, 0.0000e+00, 0.0000e+00, 
 2DIAGNOSTIC,    30, -7.394427583491e-01, 8.792409923756e-05, 0.0000e+00, 0.0000e+00, 
 2DIAGNOSTIC,    31, -7.395013924042e-01, 7.514149644351e-05, 0.0000e+00, 0.0000e+00, 
 2DIAGNOSTIC,    32, -7.396667371504e-01, 6.352968412319e-05, 0.0000e+00, 0.0000e+00, 
 2DIAGNOSTIC,    33, -7.399025763029e-01, 5.084525910648e-05, 0.0000e+00, 0.0000e+00, 
 2DIAGNOSTIC,    34, -7.399757083752e-01, 3.737697254351e-05, 0.0000e+00, 0.0000e+00, 
 2DIAGNOSTIC,    35, -7.402390950087e-01, 3.051356864898e-05, 0.0000e+00, 0.0000e+00, 
 2DIAGNOSTIC,    36, -7.405973017733e-01, 3.415824978313e-05, 0.0000e+00, 0.0000e+00, 
 2DIAGNOSTIC,    37, -7.409991662206e-01, 3.983941818875e-05, 0.0000e+00, 0.0000e+00, 
 2DIAGNOSTIC,    38, -7.412969338020e-01, 4.589765397731e-05, 0.0000e+00, 0.0000e+00, 
 2DIAGNOSTIC,    39, -7.414202977717e-01, 4.922602030578e-05, 0.0000e+00, 0.0000e+00, 
 2DIAGNOSTIC,    40, -7.415118992978e-01, 5.000894338749e-05, 0.0000e+00, 0.0000e+00, 
 2DIAGNOSTIC,    41, -7.414908088864e-01, 4.636257008825e-05, 0.0000e+00, 0.0000e+00, 
 2DIAGNOSTIC,    42, -7.414228264466e-01, 3.937701770986e-05, 0.0000e+00, 0.0000e+00, 
 2DIAGNOSTIC,    43, -7.414587171382e-01, 3.151729836064e-05, 0.0000e+00, 0.0000e+00, 
 2DIAGNOSTIC,    44, -7.415160224116e-01, 2.220954361402e-05, 0.0000e+00, 0.0000e+00, 
 2DIAGNOSTIC,    45, -7.416420814882e-01, 1.458736721636e-05, 0.0000e+00, 0.0000e+00, 
 2DIAGNOSTIC,    46, -7.415726092532e-01, 8.343807737076e-06, 0.0000e+00, 0.0000e+00, 
 2DIAGNOSTIC,    47, -7.415806091465e-01, 5.022791765421e-06, 0.0000e+00, 0.0000e+00, 
 2DIAGNOSTIC,    48, -7.415790765952e-01, 3.802446222445e-06, 0.0000e+00, 0.0000e+00, 
 2DIAGNOSTIC,    49, -7.418856615581e-01, 5.684775244742e-06, 0.0000e+00, 0.0000e+00, 
 2DIAGNOSTIC,    50, -7.419630985083e-01, 8.239541755436e-06, 0.0000e+00, 0.0000e+00, 
 2DIAGNOSTIC,    51, -7.416713280164e-01, 7.626319463386e-06, 0.0000e+00, 0.0000e+00, 
 2DIAGNOSTIC,    52, -7.416158991560e-01, 5.565456503900e-06, 0.0000e+00, 0.0000e+00, 
 2DIAGNOSTIC,    53, -7.416196535750e-01, 3.375517288538e-06, 0.0000e+00, 0.0000e+00, 
 2DIAGNOSTIC,    54, -7.416212914700e-01, 1.314517695267e-06, 0.0000e+00, 0.0000e+00, 
DIAGNOSTIC,Iteration,metricValue,convergenceValue,ITERATION_TIME_INDEX,SINCE_LAST
 2DIAGNOSTIC,     1, -5.970374250044e-01, 1.797693134862e+308, 0.0000e+00, 0.0000e+00, 
 2DIAGNOSTIC,     2, -5.976208854895e-01, 1.797693134862e+308, 0.0000e+00, 0.0000e+00, 
 2DIAGNOSTIC,     3, -5.984130476172e-01, 1.797693134862e+308, 0.0000e+00, 0.0000e+00, 
 2DIAGNOSTIC,     4, -5.993454499236e-01, 1.797693134862e+308, 0.0000e+00, 0.0000e+00, 
 2DIAGNOSTIC,     5, -6.003879495197e-01, 1.797693134862e+308, 0.0000e+00, 0.0000e+00, 
 2DIAGNOSTIC,     6, -6.014667810431e-01, 1.797693134862e+308, 0.0000e+00, 0.0000e+00, 
 2DIAGNOSTIC,     7, -6.028596917816e-01, 1.797693134862e+308, 0.0000e+00, 0.0000e+00, 
 2DIAGNOSTIC,     8, -6.031413875657e-01, 1.797693134862e+308, 0.0000e+00, 0.0000e+00, 
 2DIAGNOSTIC,     9, -6.034654008744e-01, 1.797693134862e+308, 0.0000e+00, 0.0000e+00, 
 2DIAGNOSTIC,    10, -6.040456426935e-01, 8.193214783376e-04, 0.0000e+00, 0.0000e+00, 
 2DIAGNOSTIC,    11, -6.044676547266e-01, 6.981350633668e-04, 0.0000e+00, 0.0000e+00, 
 2DIAGNOSTIC,    12, -6.051787403939e-01, 5.849613025328e-04, 0.0000e+00, 0.0000e+00, 
 2DIAGNOSTIC,    13, -6.052246553283e-01, 4.666977109890e-04, 0.0000e+00, 0.0000e+00, 
 2DIAGNOSTIC,    14, -6.052309146848e-01, 3.553020849351e-04, 0.0000e+00, 0.0000e+00, 
 2DIAGNOSTIC,    15, -6.051946038561e-01, 2.579534388087e-04, 0.0000e+00, 0.0000e+00, 
 2DIAGNOSTIC,    16, -6.052014020429e-01, 1.801682623283e-04, 0.0000e+00, 0.0000e+00, 
 2DIAGNOSTIC,    17, -6.052063394445e-01, 1.337089872932e-04, 0.0000e+00, 0.0000e+00, 
 2DIAGNOSTIC,    18, -6.051992850146e-01, 8.746317093585e-05, 0.0000e+00, 0.0000e+00, 
 2DIAGNOSTIC,    19, -6.052012206058e-01, 4.625877391057e-05, 0.0000e+00, 0.0000e+00, 
 2DIAGNOSTIC,    20, -6.051816433627e-01, 1.820728968939e-05, 0.0000e+00, 0.0000e+00, 
DIAGNOSTIC,Iteration,metricValue,convergenceValue,ITERATION_TIME_INDEX,SINCE_LAST
 2DIAGNOSTIC,     1, -5.411257840663e-01, 1.797693134862e+308, 0.0000e+00, 0.0000e+00, 
