
##########################
# Experiment information #
##########################

EXPERIMENT_NAME: antsRegistration-r8-p7
VFC_BACKENDS: libinterflop_vprec.so --range-binary32=8 --precision-binary32=7 --range-binary64=8 --precision-binary64=7

SIF_IMG: /home/mdugre/projects/rrg-glatard/mdugre/containers/ants-vprec-no_metrics.simg

SUBJECT_ID: s014
INPUT_IMG: /home/mdugre/scratch/mri-registration-rp/datasets/ds004513/derivatives/mri-registration-rp/antsBrainExtraction/sub-s014/BrainExtractionBrain.nii.gz
OUTPUT_DIR: /home/mdugre/scratch/mri-registration-rp/datasets/ds004513/derivatives/mri-registration-rp/0110/antsRegistration-r8-p7/sub-s014

FIXED_IMG: /templateflow/tpl-MNI152NLin2009cAsym/tpl-MNI152NLin2009cAsym_res-01_desc-brain_T1w.nii.gz
DATA_DIR: /home/mdugre/scratch/mri-registration-rp/datasets/ds004513
TEMPLATEFLOW_DIR: /home/mdugre/projects/rrg-glatard/mdugre/templateflow
ITK_GLOBAL_DEFAULT_NUMBER_OF_THREADS: 16
##########################

Info [verificarlo]: loaded backend libinterflop_ieee.so
Info [interflop-ieee]: load backend with:
Info [interflop-ieee]: debug = false
Info [interflop-ieee]: debug-binary = false
Info [interflop-ieee]: no-backend-name = false
Info [interflop-ieee]: print-new-line = false
Info [interflop-ieee]: print-subnormal-normalized = false
Info [interflop-ieee]: count-op = false
All_Command_lines_OK
Using double precision for computations.
=============================================================================
The composite transform comprises the following transforms (in order): 
  1. Center of mass alignment using fixed image: /templateflow/tpl-MNI152NLin2009cAsym/tpl-MNI152NLin2009cAsym_res-01_desc-brain_T1w.nii.gz and moving image: /home/mdugre/scratch/mri-registration-rp/datasets/ds004513/derivatives/mri-registration-rp/antsBrainExtraction/sub-s014/BrainExtractionBrain.nii.gz (type = Euler3DTransform)
=============================================================================
  number of levels = 1
  fixed image: /templateflow/tpl-MNI152NLin2009cAsym/tpl-MNI152NLin2009cAsym_res-01_desc-brain_T1w.nii.gz
  moving image: /home/mdugre/scratch/mri-registration-rp/datasets/ds004513/derivatives/mri-registration-rp/antsBrainExtraction/sub-s014/BrainExtractionBrain.nii.gz
Dimension = 3
Number of stages = 1
Use histogram matching = false
Winsorize image intensities = true
  Lower quantile = 0.005
  Upper quantile = 0.995


Stage 1 State
   Image metric = MattesMI
     Fixed image = Image (0x5215bd0)
  RTTI typeinfo:   itk::Image<double, 3u>
  Reference Count: 2
  Modified Time: 2334
  Debug: Off
  Object Name: 
  Observers: 
    none
  Source: (none)
  Source output name: (none)
  Release Data: Off
  Data Released: False
  Global Release Data: Off
  PipelineMTime: 0
  UpdateMTime: 1943
  RealTimeStamp: 0 seconds 
  LargestPossibleRegion: 
    Dimension: 3
    Index: [0, 0, 0]
    Size: [193, 229, 193]
  BufferedRegion: 
    Dimension: 3
    Index: [0, 0, 0]
    Size: [193, 229, 193]
  RequestedRegion: 
    Dimension: 3
    Index: [0, 0, 0]
    Size: [193, 229, 193]
  Spacing: [1, 1, 1]
  Origin: [96, 132, -78]
  Direction: 
-1 0 0
0 -1 0
0 0 1

  IndexToPointMatrix: 
-1 0 0
0 -1 0
0 0 1

  PointToIndexMatrix: 
-1 0 0
0 -1 0
0 0 1

  Inverse Direction: 
-1 0 0
0 -1 0
0 0 1

  PixelContainer: 
    ImportImageContainer (0x526d930)
      RTTI typeinfo:   itk::ImportImageContainer<unsigned long, double>
      Reference Count: 1
      Modified Time: 1940
      Debug: Off
      Object Name: 
      Observers: 
        none
      Pointer: 0x14cafc72e010
      Container manages memory: true
      Size: 8530021
      Capacity: 8530021

     Moving image = Image (0x5305610)
  RTTI typeinfo:   itk::Image<double, 3u>
  Reference Count: 2
  Modified Time: 2335
  Debug: Off
  Object Name: 
  Observers: 
    none
  Source: (none)
  Source output name: (none)
  Release Data: Off
  Data Released: False
  Global Release Data: Off
  PipelineMTime: 0
  UpdateMTime: 2332
  RealTimeStamp: 0 seconds 
  LargestPossibleRegion: 
    Dimension: 3
    Index: [0, 0, 0]
    Size: [160, 240, 256]
  BufferedRegion: 
    Dimension: 3
    Index: [0, 0, 0]
    Size: [160, 240, 256]
  RequestedRegion: 
    Dimension: 3
    Index: [0, 0, 0]
    Size: [160, 240, 256]
  Spacing: [0.999999, 1, 1]
  Origin: [84.1637, 106.709, -120.531]
  Direction: 
-0.999619 -0.0226874 -0.0157033
0.0226846 -0.999743 0.00035635
-0.0157073 -7.8229e-09 0.999877

  IndexToPointMatrix: 
-0.999619 -0.0226874 -0.0157033
0.0226845 -0.999743 0.00035635
-0.0157073 -7.8229e-09 0.999877

  PointToIndexMatrix: 
-0.99962 0.0226846 -0.0157073
-0.0226874 -0.999743 -7.83127e-09
-0.0157033 0.00035635 0.999877

  Inverse Direction: 
-0.999619 0.0226846 -0.0157073
-0.0226874 -0.999743 -7.83127e-09
-0.0157033 0.00035635 0.999877

  PixelContainer: 
    ImportImageContainer (0x5245850)
      RTTI typeinfo:   itk::ImportImageContainer<unsigned long, double>
      Reference Count: 1
      Modified Time: 2329
      Debug: Off
      Object Name: 
      Observers: 
        none
      Pointer: 0x14caf7c2d010
      Container manages memory: true
      Size: 9830400
      Capacity: 9830400

     Weighting = 1
     Sampling strategy = regular
     Number of bins = 32
     Radius = 4
     Sampling percentage  = 0.25
   Transform = Rigid
     Gradient step = 0.1
     Update field sigma (voxel space) = 0
     Total field sigma (voxel space) = 0
     Update field time sigma = 0
     Total field time sigma  = 0
     Number of time indices = 0
     Number of time point samples = 0
Registration using 1 total stages.

Stage 0
  iterations = 0
  convergence threshold = 1e-06
  convergence window size = 10
  number of levels = 1
  using the Mattes MI metric (number of bins = 32, weight = 1, use gradient filter = 0)
  preprocessing:  winsorizing the image intensities
  Shrink factors (level 1 out of 1): [1, 1, 1]
  smoothing sigmas per level: [0]
  regular sampling (percentage = 0.25)

*** Running Euler3DTransform registration ***

  Elapsed time (stage 0): 1.21139


Total elapsed time: 1.21371
Info [verificarlo]: loaded backend libinterflop_vprec.so
Info [interflop-vprec]: load backend with: 
Info [interflop-vprec]: precision-binary32 = 7
Info [interflop-vprec]: range-binary32 = 8
Info [interflop-vprec]: precision-binary64 = 7
Info [interflop-vprec]: range-binary64 = 8
Info [interflop-vprec]: mode = ob
Info [interflop-vprec]: error-mode = rel
Info [interflop-vprec]: max-abs-error-exponent = -1022
Info [interflop-vprec]: daz = false
Info [interflop-vprec]: ftz = false
Info [interflop-vprec]: 	instrument = none
Info [interflop-vprec]: 	prec-input-file = (null)
Info [interflop-vprec]: 	prec-output-file = (null)
Info [interflop-vprec]: 	prec-log-file = (null)
All_Command_lines_OK
Using double precision for computations.
=============================================================================
The composite transform comprises the following transforms (in order): 
  1. /home/mdugre/scratch/mri-registration-rp/datasets/ds004513/derivatives/mri-registration-rp/0110/antsRegistration-r8-p7/sub-s014/align_Composite.h5[0] (type = Euler3DTransform)
  2. /home/mdugre/scratch/mri-registration-rp/datasets/ds004513/derivatives/mri-registration-rp/0110/antsRegistration-r8-p7/sub-s014/align_Composite.h5[1] (type = Euler3DTransform)
=============================================================================
  number of levels = 4
  fixed image: /templateflow/tpl-MNI152NLin2009cAsym/tpl-MNI152NLin2009cAsym_res-01_desc-brain_T1w.nii.gz
  moving image: /home/mdugre/scratch/mri-registration-rp/datasets/ds004513/derivatives/mri-registration-rp/antsBrainExtraction/sub-s014/BrainExtractionBrain.nii.gz
Dimension = 3
Number of stages = 1
Use histogram matching = false
Winsorize image intensities = true
  Lower quantile = 0.005
  Upper quantile = 0.995


Stage 1 State
   Image metric = MattesMI
     Fixed image = Image (0x45cc1e0)
  RTTI typeinfo:   itk::Image<double, 3u>
  Reference Count: 2
  Modified Time: 1578
  Debug: Off
  Object Name: 
  Observers: 
    none
  Source: (none)
  Source output name: (none)
  Release Data: Off
  Data Released: False
  Global Release Data: Off
  PipelineMTime: 0
  UpdateMTime: 1189
  RealTimeStamp: 0 seconds 
  LargestPossibleRegion: 
    Dimension: 3
    Index: [0, 0, 0]
    Size: [193, 229, 193]
  BufferedRegion: 
    Dimension: 3
    Index: [0, 0, 0]
    Size: [193, 229, 193]
  RequestedRegion: 
    Dimension: 3
    Index: [0, 0, 0]
    Size: [193, 229, 193]
  Spacing: [1, 1, 1]
  Origin: [96, 132, -78]
  Direction: 
-1 0 0
0 -1 0
0 0 1

  IndexToPointMatrix: 
-1 0 0
0 -1 0
0 0 1

  PointToIndexMatrix: 
-1 0 0
0 -1 0
0 0 1

  Inverse Direction: 
-1 0 0
0 -1 0
0 0 1

  PixelContainer: 
    ImportImageContainer (0x468b680)
      RTTI typeinfo:   itk::ImportImageContainer<unsigned long, double>
      Reference Count: 1
      Modified Time: 1186
      Debug: Off
      Object Name: 
      Observers: 
        none
      Pointer: 0x148a76ecc010
      Container manages memory: true
      Size: 8530021
      Capacity: 8530021

     Moving image = Image (0x4687b20)
  RTTI typeinfo:   itk::Image<double, 3u>
  Reference Count: 2
  Modified Time: 1579
  Debug: Off
  Object Name: 
  Observers: 
    none
  Source: (none)
  Source output name: (none)
  Release Data: Off
  Data Released: False
  Global Release Data: Off
  PipelineMTime: 0
  UpdateMTime: 1576
  RealTimeStamp: 0 seconds 
  LargestPossibleRegion: 
    Dimension: 3
    Index: [0, 0, 0]
    Size: [160, 240, 256]
  BufferedRegion: 
    Dimension: 3
    Index: [0, 0, 0]
    Size: [160, 240, 256]
  RequestedRegion: 
    Dimension: 3
    Index: [0, 0, 0]
    Size: [160, 240, 256]
  Spacing: [1, 1, 1]
  Origin: [84, 106.5, -120.5]
  Direction: 
-1 -0.0227051 -0.0157471
0.0227051 -1 0.000356674
-0.0157471 0 1

  IndexToPointMatrix: 
-1 -0.0227051 -0.0157471
0.0227051 -1 0.000356674
-0.0157471 0 1

  PointToIndexMatrix: 
-1 0.0227051 -0.0157471
-0.0227051 -1 0
-0.0157471 0.000356674 1

  Inverse Direction: 
-1 0.0227051 -0.0157471
-0.0227051 -1 0
-0.0157471 0.000356674 1

  PixelContainer: 
    ImportImageContainer (0x46f0d50)
      RTTI typeinfo:   itk::ImportImageContainer<unsigned long, double>
      Reference Count: 1
      Modified Time: 1573
      Debug: Off
      Object Name: 
      Observers: 
        none
      Pointer: 0x148a723cb010
      Container manages memory: true
      Size: 9830400
      Capacity: 9830400

     Weighting = 1
     Sampling strategy = regular
     Number of bins = 32
     Radius = 4
     Sampling percentage  = 0.25
   Transform = Rigid
     Gradient step = 0.1
     Update field sigma (voxel space) = 0
     Total field sigma (voxel space) = 0
     Update field time sigma = 0
     Total field time sigma  = 0
     Number of time indices = 0
     Number of time point samples = 0
Registration using 1 total stages.

Stage 0
  iterations = 1000x500x250x100
  convergence threshold = 1e-06
  convergence window size = 10
  number of levels = 4
  using the Mattes MI metric (number of bins = 32, weight = 1, use gradient filter = 0)
  preprocessing:  winsorizing the image intensities
  Shrink factors (level 1 out of 4): [8, 8, 8]
  Shrink factors (level 2 out of 4): [4, 4, 4]
  Shrink factors (level 3 out of 4): [2, 2, 2]
  Shrink factors (level 4 out of 4): [1, 1, 1]
  smoothing sigmas per level: [3, 2, 1, 0]
  regular sampling (percentage = 0.25)

*** Running Euler3DTransform registration ***

DIAGNOSTIC,Iteration,metricValue,convergenceValue,ITERATION_TIME_INDEX,SINCE_LAST
 2DIAGNOSTIC,     1, -4.952249625165e-01, 1.797693134862e+308, 0.0000e+00, 0.0000e+00, 
 2DIAGNOSTIC,     2, -4.952686449192e-01, 1.797693134862e+308, 0.0000e+00, 0.0000e+00, 
 2DIAGNOSTIC,     3, -4.956498257306e-01, 1.797693134862e+308, 0.0000e+00, 0.0000e+00, 
 2DIAGNOSTIC,     4, -4.965706835866e-01, 1.797693134862e+308, 0.0000e+00, 0.0000e+00, 
 2DIAGNOSTIC,     5, -4.974040672599e-01, 1.797693134862e+308, 0.0000e+00, 0.0000e+00, 
 2DIAGNOSTIC,     6, -4.994210909158e-01, 1.797693134862e+308, 0.0000e+00, 0.0000e+00, 
 2DIAGNOSTIC,     7, -5.040116225832e-01, 1.797693134862e+308, 0.0000e+00, 0.0000e+00, 
 2DIAGNOSTIC,     8, -5.037597859219e-01, 1.797693134862e+308, 0.0000e+00, 0.0000e+00, 
 2DIAGNOSTIC,     9, -5.057425018257e-01, 1.797693134862e+308, 0.0000e+00, 0.0000e+00, 
 2DIAGNOSTIC,    10, -5.047823647242e-01, 1.602727620893e-03, 0.0000e+00, 0.0000e+00, 
 2DIAGNOSTIC,    11, -5.046423943958e-01, 1.419567786803e-03, 0.0000e+00, 0.0000e+00, 
 2DIAGNOSTIC,    12, -5.043582033049e-01, 1.127609413939e-03, 0.0000e+00, 0.0000e+00, 
 2DIAGNOSTIC,    13, -5.043491543041e-01, 7.938461854108e-04, 0.0000e+00, 0.0000e+00, 
 2DIAGNOSTIC,    14, -5.039682161980e-01, 4.603100770002e-04, 0.0000e+00, 0.0000e+00, 
 2DIAGNOSTIC,    15, -5.038962048919e-01, 1.578106847473e-04, 0.0000e+00, 0.0000e+00, 
DIAGNOSTIC,Iteration,metricValue,convergenceValue,ITERATION_TIME_INDEX,SINCE_LAST
 2DIAGNOSTIC,     1, -4.019876683102e-01, 1.797693134862e+308, 0.0000e+00, 0.0000e+00, 
 2DIAGNOSTIC,     2, -4.027239524237e-01, 1.797693134862e+308, 0.0000e+00, 0.0000e+00, 
 2DIAGNOSTIC,     3, -4.030906390523e-01, 1.797693134862e+308, 0.0000e+00, 0.0000e+00, 
 2DIAGNOSTIC,     4, -4.030084515494e-01, 1.797693134862e+308, 0.0000e+00, 0.0000e+00, 
 2DIAGNOSTIC,     5, -4.039144588846e-01, 1.797693134862e+308, 0.0000e+00, 0.0000e+00, 
 2DIAGNOSTIC,     6, -4.048544102189e-01, 1.797693134862e+308, 0.0000e+00, 0.0000e+00, 
 2DIAGNOSTIC,     7, -4.050711055564e-01, 1.797693134862e+308, 0.0000e+00, 0.0000e+00, 
 2DIAGNOSTIC,     8, -4.075011771937e-01, 1.797693134862e+308, 0.0000e+00, 0.0000e+00, 
 2DIAGNOSTIC,     9, -4.076322649449e-01, 1.797693134862e+308, 0.0000e+00, 0.0000e+00, 
 2DIAGNOSTIC,    10, -4.081068079613e-01, 1.025602807999e-03, 0.0000e+00, 0.0000e+00, 
 2DIAGNOSTIC,    11, -4.097255117097e-01, 1.040938426260e-03, 0.0000e+00, 0.0000e+00, 
 2DIAGNOSTIC,    12, -4.099195112957e-01, 1.011315782395e-03, 0.0000e+00, 0.0000e+00, 
 2DIAGNOSTIC,    13, -4.113576954893e-01, 9.927150590492e-04, 0.0000e+00, 0.0000e+00, 
 2DIAGNOSTIC,    14, -4.165940578400e-01, 1.140725227604e-03, 0.0000e+00, 0.0000e+00, 
 2DIAGNOSTIC,    15, -4.207125173510e-01, 1.391360509420e-03, 0.0000e+00, 0.0000e+00, 
 2DIAGNOSTIC,    16, -4.287952912213e-01, 1.870216829611e-03, 0.0000e+00, 0.0000e+00, 
 2DIAGNOSTIC,    17, -4.346523085471e-01, 2.357103499559e-03, 0.0000e+00, 0.0000e+00, 
 2DIAGNOSTIC,    18, -4.386136506999e-01, 2.811903539638e-03, 0.0000e+00, 0.0000e+00, 
 2DIAGNOSTIC,    19, -4.440373351388e-01, 3.154793896094e-03, 0.0000e+00, 0.0000e+00, 
 2DIAGNOSTIC,    20, -4.463596514164e-01, 3.258132480812e-03, 0.0000e+00, 0.0000e+00, 
 2DIAGNOSTIC,    21, -4.468105148234e-01, 3.115409104975e-03, 0.0000e+00, 0.0000e+00, 
 2DIAGNOSTIC,    22, -4.490909398546e-01, 2.773516921057e-03, 0.0000e+00, 0.0000e+00, 
 2DIAGNOSTIC,    23, -4.495500201073e-01, 2.257612749752e-03, 0.0000e+00, 0.0000e+00, 
 2DIAGNOSTIC,    24, -4.476362301638e-01, 1.669798121066e-03, 0.0000e+00, 0.0000e+00, 
 2DIAGNOSTIC,    25, -4.478397473719e-01, 1.090097439630e-03, 0.0000e+00, 0.0000e+00, 
 2DIAGNOSTIC,    26, -4.478267310086e-01, 6.616708596016e-04, 0.0000e+00, 0.0000e+00, 
 2DIAGNOSTIC,    27, -4.477775320160e-01, 3.466871557191e-04, 0.0000e+00, 0.0000e+00, 
 2DIAGNOSTIC,    28, -4.477775320160e-01, 1.144967194468e-04, 0.0000e+00, 0.0000e+00, 
 2DIAGNOSTIC,    29, -4.477775320160e-01, 1.311444994843e-05, 0.0000e+00, 0.0000e+00, 
DIAGNOSTIC,Iteration,metricValue,convergenceValue,ITERATION_TIME_INDEX,SINCE_LAST
 2DIAGNOSTIC,     1, -3.886777141254e-01, 1.797693134862e+308, 0.0000e+00, 0.0000e+00, 
 2DIAGNOSTIC,     2, -3.887044162838e-01, 1.797693134862e+308, 0.0000e+00, 0.0000e+00, 
 2DIAGNOSTIC,     3, -3.887000430340e-01, 1.797693134862e+308, 0.0000e+00, 0.0000e+00, 
 2DIAGNOSTIC,     4, -3.886505731876e-01, 1.797693134862e+308, 0.0000e+00, 0.0000e+00, 
 2DIAGNOSTIC,     5, -3.886145521779e-01, 1.797693134862e+308, 0.0000e+00, 0.0000e+00, 
 2DIAGNOSTIC,     6, -3.886381828279e-01, 1.797693134862e+308, 0.0000e+00, 0.0000e+00, 
 2DIAGNOSTIC,     7, -3.886539466318e-01, 1.797693134862e+308, 0.0000e+00, 0.0000e+00, 
 2DIAGNOSTIC,     8, -3.886262779014e-01, 1.797693134862e+308, 0.0000e+00, 0.0000e+00, 
 2DIAGNOSTIC,     9, -3.886091903216e-01, 1.797693134862e+308, 0.0000e+00, 0.0000e+00, 
DIAGNOSTIC,Iteration,metricValue,convergenceValue,ITERATION_TIME_INDEX,SINCE_LAST
 2DIAGNOSTIC,     1, -3.603580898095e-01, 1.797693134862e+308, 0.0000e+00, 0.0000e+00, 
 2DIAGNOSTIC,     2, -3.618963556178e-01, 1.797693134862e+308, 0.0000e+00, 0.0000e+00, 
 2DIAGNOSTIC,     3, -3.618963556178e-01, 1.797693134862e+308, 0.0000e+00, 0.0000e+00, 
 2DIAGNOSTIC,     4, -3.618963556178e-01, 1.797693134862e+308, 0.0000e+00, 0.0000e+00, 
 2DIAGNOSTIC,     5, -3.618963556178e-01, 1.797693134862e+308, 0.0000e+00, 0.0000e+00, 
 2DIAGNOSTIC,     6, -3.618963556178e-01, 1.797693134862e+308, 0.0000e+00, 0.0000e+00, 
 2DIAGNOSTIC,     7, -3.618963556178e-01, 1.797693134862e+308, 0.0000e+00, 0.0000e+00, 
 2DIAGNOSTIC,     8, -3.618963556178e-01, 1.797693134862e+308, 0.0000e+00, 0.0000e+00, 
 2DIAGNOSTIC,     9, -3.618963556178e-01, 1.797693134862e+308, 0.0000e+00, 0.0000e+00, 
 2DIAGNOSTIC,    10, -3.618963556178e-01, 1.206979905683e-04, 0.0000e+00, 0.0000e+00, 
  Elapsed time (stage 0): 0.0000e+00


Total elapsed time: 0.0000e+00
Info [verificarlo]: loaded backend libinterflop_vprec.so
Info [interflop-vprec]: load backend with: 
Info [interflop-vprec]: precision-binary32 = 7
Info [interflop-vprec]: range-binary32 = 8
Info [interflop-vprec]: precision-binary64 = 7
Info [interflop-vprec]: range-binary64 = 8
Info [interflop-vprec]: mode = ob
Info [interflop-vprec]: error-mode = rel
Info [interflop-vprec]: max-abs-error-exponent = -1022
Info [interflop-vprec]: daz = false
Info [interflop-vprec]: ftz = false
Info [interflop-vprec]: 	instrument = none
Info [interflop-vprec]: 	prec-input-file = (null)
Info [interflop-vprec]: 	prec-output-file = (null)
Info [interflop-vprec]: 	prec-log-file = (null)
All_Command_lines_OK
Using double precision for computations.
=============================================================================
The composite transform comprises the following transforms (in order): 
  1. /home/mdugre/scratch/mri-registration-rp/datasets/ds004513/derivatives/mri-registration-rp/0110/antsRegistration-r8-p7/sub-s014/rigid_Composite.h5[0] (type = Euler3DTransform)
  2. /home/mdugre/scratch/mri-registration-rp/datasets/ds004513/derivatives/mri-registration-rp/0110/antsRegistration-r8-p7/sub-s014/rigid_Composite.h5[1] (type = Euler3DTransform)
  3. /home/mdugre/scratch/mri-registration-rp/datasets/ds004513/derivatives/mri-registration-rp/0110/antsRegistration-r8-p7/sub-s014/rigid_Composite.h5[2] (type = Euler3DTransform)
=============================================================================
  number of levels = 4
  fixed image: /templateflow/tpl-MNI152NLin2009cAsym/tpl-MNI152NLin2009cAsym_res-01_desc-brain_T1w.nii.gz
  moving image: /home/mdugre/scratch/mri-registration-rp/datasets/ds004513/derivatives/mri-registration-rp/antsBrainExtraction/sub-s014/BrainExtractionBrain.nii.gz
Dimension = 3
Number of stages = 1
Use histogram matching = false
Winsorize image intensities = true
  Lower quantile = 0.005
  Upper quantile = 0.995


Stage 1 State
   Image metric = MattesMI
     Fixed image = Image (0x50ba1e0)
  RTTI typeinfo:   itk::Image<double, 3u>
  Reference Count: 2
  Modified Time: 1592
  Debug: Off
  Object Name: 
  Observers: 
    none
  Source: (none)
  Source output name: (none)
  Release Data: Off
  Data Released: False
  Global Release Data: Off
  PipelineMTime: 0
  UpdateMTime: 1203
  RealTimeStamp: 0 seconds 
  LargestPossibleRegion: 
    Dimension: 3
    Index: [0, 0, 0]
    Size: [193, 229, 193]
  BufferedRegion: 
    Dimension: 3
    Index: [0, 0, 0]
    Size: [193, 229, 193]
  RequestedRegion: 
    Dimension: 3
    Index: [0, 0, 0]
    Size: [193, 229, 193]
  Spacing: [1, 1, 1]
  Origin: [96, 132, -78]
  Direction: 
-1 0 0
0 -1 0
0 0 1

  IndexToPointMatrix: 
-1 0 0
0 -1 0
0 0 1

  PointToIndexMatrix: 
-1 0 0
0 -1 0
0 0 1

  Inverse Direction: 
-1 0 0
0 -1 0
0 0 1

  PixelContainer: 
    ImportImageContainer (0x5188440)
      RTTI typeinfo:   itk::ImportImageContainer<unsigned long, double>
      Reference Count: 1
      Modified Time: 1200
      Debug: Off
      Object Name: 
      Observers: 
        none
      Pointer: 0x150ddc737010
      Container manages memory: true
      Size: 8530021
      Capacity: 8530021

     Moving image = Image (0x51759b0)
  RTTI typeinfo:   itk::Image<double, 3u>
  Reference Count: 2
  Modified Time: 1593
  Debug: Off
  Object Name: 
  Observers: 
    none
  Source: (none)
  Source output name: (none)
  Release Data: Off
  Data Released: False
  Global Release Data: Off
  PipelineMTime: 0
  UpdateMTime: 1590
  RealTimeStamp: 0 seconds 
  LargestPossibleRegion: 
    Dimension: 3
    Index: [0, 0, 0]
    Size: [160, 240, 256]
  BufferedRegion: 
    Dimension: 3
    Index: [0, 0, 0]
    Size: [160, 240, 256]
  RequestedRegion: 
    Dimension: 3
    Index: [0, 0, 0]
    Size: [160, 240, 256]
  Spacing: [1, 1, 1]
  Origin: [84, 106.5, -120.5]
  Direction: 
-1 -0.0227051 -0.0157471
0.0227051 -1 0.000356674
-0.0157471 0 1

  IndexToPointMatrix: 
-1 -0.0227051 -0.0157471
0.0227051 -1 0.000356674
-0.0157471 0 1

  PointToIndexMatrix: 
-1 0.0227051 -0.0157471
-0.0227051 -1 0
-0.0157471 0.000356674 1

  Inverse Direction: 
-1 0.0227051 -0.0157471
-0.0227051 -1 0
-0.0157471 0.000356674 1

  PixelContainer: 
    ImportImageContainer (0x512b710)
      RTTI typeinfo:   itk::ImportImageContainer<unsigned long, double>
      Reference Count: 1
      Modified Time: 1587
      Debug: Off
      Object Name: 
      Observers: 
        none
      Pointer: 0x150dd7c36010
      Container manages memory: true
      Size: 9830400
      Capacity: 9830400

     Weighting = 1
     Sampling strategy = regular
     Number of bins = 32
     Radius = 4
     Sampling percentage  = 0.25
   Transform = Affine
     Gradient step = 0.1
     Update field sigma (voxel space) = 0
     Total field sigma (voxel space) = 0
     Update field time sigma = 0
     Total field time sigma  = 0
     Number of time indices = 0
     Number of time point samples = 0
Registration using 1 total stages.

Stage 0
  iterations = 1000x500x250x100
  convergence threshold = 1e-06
  convergence window size = 10
  number of levels = 4
  using the Mattes MI metric (number of bins = 32, weight = 1, use gradient filter = 0)
  preprocessing:  winsorizing the image intensities
  Shrink factors (level 1 out of 4): [8, 8, 8]
  Shrink factors (level 2 out of 4): [4, 4, 4]
  Shrink factors (level 3 out of 4): [2, 2, 2]
  Shrink factors (level 4 out of 4): [1, 1, 1]
  smoothing sigmas per level: [3, 2, 1, 0]
  regular sampling (percentage = 0.25)

*** Running AffineTransform registration ***

DIAGNOSTIC,Iteration,metricValue,convergenceValue,ITERATION_TIME_INDEX,SINCE_LAST
 2DIAGNOSTIC,     1, -5.504925411470e-01, 1.797693134862e+308, 0.0000e+00, 0.0000e+00, 
 2DIAGNOSTIC,     2, -5.504925411470e-01, 1.797693134862e+308, 0.0000e+00, 0.0000e+00, 
 2DIAGNOSTIC,     3, -5.504925411470e-01, 1.797693134862e+308, 0.0000e+00, 0.0000e+00, 
 2DIAGNOSTIC,     4, -5.504925411470e-01, 1.797693134862e+308, 0.0000e+00, 0.0000e+00, 
 2DIAGNOSTIC,     5, -5.504925411470e-01, 1.797693134862e+308, 0.0000e+00, 0.0000e+00, 
 2DIAGNOSTIC,     6, -5.504925411470e-01, 1.797693134862e+308, 0.0000e+00, 0.0000e+00, 
 2DIAGNOSTIC,     7, -5.504925411470e-01, 1.797693134862e+308, 0.0000e+00, 0.0000e+00, 
 2DIAGNOSTIC,     8, -5.504925411472e-01, 1.797693134862e+308, 0.0000e+00, 0.0000e+00, 
 2DIAGNOSTIC,     9, -5.504925411472e-01, 1.797693134862e+308, 0.0000e+00, 0.0000e+00, 
DIAGNOSTIC,Iteration,metricValue,convergenceValue,ITERATION_TIME_INDEX,SINCE_LAST
 2DIAGNOSTIC,     1, -4.497409373417e-01, 1.797693134862e+308, 0.0000e+00, 0.0000e+00, 
 2DIAGNOSTIC,     2, -4.497409373417e-01, 1.797693134862e+308, 0.0000e+00, 0.0000e+00, 
 2DIAGNOSTIC,     3, -4.497402730216e-01, 1.797693134862e+308, 0.0000e+00, 0.0000e+00, 
 2DIAGNOSTIC,     4, -4.497403715378e-01, 1.797693134862e+308, 0.0000e+00, 0.0000e+00, 
 2DIAGNOSTIC,     5, -4.497413195697e-01, 1.797693134862e+308, 0.0000e+00, 0.0000e+00, 
 2DIAGNOSTIC,     6, -4.497413169067e-01, 1.797693134862e+308, 0.0000e+00, 0.0000e+00, 
 2DIAGNOSTIC,     7, -4.497717698520e-01, 1.797693134862e+308, 0.0000e+00, 0.0000e+00, 
 2DIAGNOSTIC,     8, -4.497749220605e-01, 1.797693134862e+308, 0.0000e+00, 0.0000e+00, 
 2DIAGNOSTIC,     9, -4.497749220582e-01, 1.797693134862e+308, 0.0000e+00, 0.0000e+00, 
 2DIAGNOSTIC,    10, -4.497671879064e-01, 5.994259772296e-06, 0.0000e+00, 0.0000e+00, 
 2DIAGNOSTIC,    11, -4.497532804724e-01, 4.636004332662e-06, 0.0000e+00, 0.0000e+00, 
 2DIAGNOSTIC,    12, -4.497473710739e-01, 2.775205022357e-06, 0.0000e+00, 0.0000e+00, 
DIAGNOSTIC,Iteration,metricValue,convergenceValue,ITERATION_TIME_INDEX,SINCE_LAST
 2DIAGNOSTIC,     1, -3.907232961597e-01, 1.797693134862e+308, 0.0000e+00, 0.0000e+00, 
 2DIAGNOSTIC,     2, -3.907275462632e-01, 1.797693134862e+308, 0.0000e+00, 0.0000e+00, 
 2DIAGNOSTIC,     3, -3.925074937927e-01, 1.797693134862e+308, 0.0000e+00, 0.0000e+00, 
 2DIAGNOSTIC,     4, -3.942729357896e-01, 1.797693134862e+308, 0.0000e+00, 0.0000e+00, 
 2DIAGNOSTIC,     5, -3.959698084235e-01, 1.797693134862e+308, 0.0000e+00, 0.0000e+00, 
 2DIAGNOSTIC,     6, -3.977948633035e-01, 1.797693134862e+308, 0.0000e+00, 0.0000e+00, 
 2DIAGNOSTIC,     7, -3.995150361835e-01, 1.797693134862e+308, 0.0000e+00, 0.0000e+00, 
 2DIAGNOSTIC,     8, -4.013752865984e-01, 1.797693134862e+308, 0.0000e+00, 0.0000e+00, 
 2DIAGNOSTIC,     9, -4.049832220160e-01, 1.797693134862e+308, 0.0000e+00, 0.0000e+00, 
 2DIAGNOSTIC,    10, -4.104824750647e-01, 2.939780214486e-03, 0.0000e+00, 0.0000e+00, 
 2DIAGNOSTIC,    11, -4.187765029601e-01, 3.492294760909e-03, 0.0000e+00, 0.0000e+00, 
 2DIAGNOSTIC,    12, -4.292779258183e-01, 4.237844235863e-03, 0.0000e+00, 0.0000e+00, 
 2DIAGNOSTIC,    13, -4.392120050864e-01, 5.095257806870e-03, 0.0000e+00, 0.0000e+00, 
 2DIAGNOSTIC,    14, -4.443079193707e-01, 5.691599328544e-03, 0.0000e+00, 0.0000e+00, 
 2DIAGNOSTIC,    15, -4.502340056956e-01, 6.031150997001e-03, 0.0000e+00, 0.0000e+00, 
 2DIAGNOSTIC,    16, -4.581751941189e-01, 6.182138162307e-03, 0.0000e+00, 0.0000e+00, 
 2DIAGNOSTIC,    17, -4.714416947925e-01, 6.327951358410e-03, 0.0000e+00, 0.0000e+00, 
 2DIAGNOSTIC,    18, -4.855334412301e-01, 6.450952398821e-03, 0.0000e+00, 0.0000e+00, 
 2DIAGNOSTIC,    19, -5.325025800297e-01, 7.696690065469e-03, 0.0000e+00, 0.0000e+00, 
 2DIAGNOSTIC,    20, -5.344031891245e-01, 8.291062155161e-03, 0.0000e+00, 0.0000e+00, 
 2DIAGNOSTIC,    21, -5.389238701566e-01, 8.455091037442e-03, 0.0000e+00, 0.0000e+00, 
 2DIAGNOSTIC,    22, -5.396239765101e-01, 8.155711440647e-03, 0.0000e+00, 0.0000e+00, 
 2DIAGNOSTIC,    23, -5.423189721719e-01, 7.466516282290e-03, 0.0000e+00, 0.0000e+00, 
 2DIAGNOSTIC,    24, -5.455956794944e-01, 6.357822848507e-03, 0.0000e+00, 0.0000e+00, 
 2DIAGNOSTIC,    25, -5.471773106475e-01, 4.944064785086e-03, 0.0000e+00, 0.0000e+00, 
 2DIAGNOSTIC,    26, -5.490906159087e-01, 3.447551358899e-03, 0.0000e+00, 0.0000e+00, 
 2DIAGNOSTIC,    27, -5.536187199366e-01, 2.167130829495e-03, 0.0000e+00, 0.0000e+00, 
 2DIAGNOSTIC,    28, -5.526227350446e-01, 1.050057540138e-03, 0.0000e+00, 0.0000e+00, 
 2DIAGNOSTIC,    29, -5.524691851967e-01, 9.060377041855e-04, 0.0000e+00, 0.0000e+00, 
 2DIAGNOSTIC,    30, -5.525208890136e-01, 7.264805614020e-04, 0.0000e+00, 0.0000e+00, 
 2DIAGNOSTIC,    31, -5.525265976119e-01, 5.792662624589e-04, 0.0000e+00, 0.0000e+00, 
 2DIAGNOSTIC,    32, -5.525265976119e-01, 3.997985040148e-04, 0.0000e+00, 0.0000e+00, 
 2DIAGNOSTIC,    33, -5.525265976119e-01, 2.426478966394e-04, 0.0000e+00, 0.0000e+00, 
 2DIAGNOSTIC,    34, -5.525265976119e-01, 1.313248646046e-04, 0.0000e+00, 0.0000e+00, 
 2DIAGNOSTIC,    35, -5.525265976119e-01, 4.103939888721e-05, 0.0000e+00, 0.0000e+00, 
DIAGNOSTIC,Iteration,metricValue,convergenceValue,ITERATION_TIME_INDEX,SINCE_LAST
 2DIAGNOSTIC,     1, -4.938413991884e-01, 1.797693134862e+308, 0.0000e+00, 0.0000e+00, 
 2DIAGNOSTIC,     2, -4.938205095112e-01, 1.797693134862e+308, 0.0000e+00, 0.0000e+00, 
 2DIAGNOSTIC,     3, -4.938598183791e-01, 1.797693134862e+308, 0.0000e+00, 0.0000e+00, 
 2DIAGNOSTIC,     4, -4.938569796303e-01, 1.797693134862e+308, 0.0000e+00, 0.0000e+00, 
 2DIAGNOSTIC,     5, -4.938568554705e-01, 1.797693134862e+308, 0.0000e+00, 0.0000e+00, 
 2DIAGNOSTIC,     6, -4.935453378605e-01, 1.797693134862e+308, 0.0000e+00, 0.0000e+00, 
 2DIAGNOSTIC,     7, -4.935895735717e-01, 1.797693134862e+308, 0.0000e+00, 0.0000e+00, 
 2DIAGNOSTIC,     8, -4.935605070110e-01, 1.797693134862e+308, 0.0000e+00, 0.0000e+00, 
 2DIAGNOSTIC,     9, -4.935630931571e-01, 1.797693134862e+308, 0.0000e+00, 0.0000e+00, 
  Elapsed time (stage 0): 0.0000e+00


Total elapsed time: 0.0000e+00
Info [verificarlo]: loaded backend libinterflop_ieee.so
Info [interflop-ieee]: load backend with:
Info [interflop-ieee]: debug = false
Info [interflop-ieee]: debug-binary = false
Info [interflop-ieee]: no-backend-name = false
Info [interflop-ieee]: print-new-line = false
Info [interflop-ieee]: print-subnormal-normalized = false
Info [interflop-ieee]: count-op = false
All_Command_lines_OK
Using double precision for computations.
=============================================================================
The composite transform comprises the following transforms (in order): 
  1. /home/mdugre/scratch/mri-registration-rp/datasets/ds004513/derivatives/mri-registration-rp/0110/antsRegistration-r8-p7/sub-s014/affine_Composite.h5[0] (type = Euler3DTransform)
  2. /home/mdugre/scratch/mri-registration-rp/datasets/ds004513/derivatives/mri-registration-rp/0110/antsRegistration-r8-p7/sub-s014/affine_Composite.h5[1] (type = Euler3DTransform)
  3. /home/mdugre/scratch/mri-registration-rp/datasets/ds004513/derivatives/mri-registration-rp/0110/antsRegistration-r8-p7/sub-s014/affine_Composite.h5[2] (type = Euler3DTransform)
  4. /home/mdugre/scratch/mri-registration-rp/datasets/ds004513/derivatives/mri-registration-rp/0110/antsRegistration-r8-p7/sub-s014/affine_Composite.h5[3] (type = AffineTransform)
=============================================================================
  number of levels = 4
  fixed image: /templateflow/tpl-MNI152NLin2009cAsym/tpl-MNI152NLin2009cAsym_res-01_desc-brain_T1w.nii.gz
  moving image: /home/mdugre/scratch/mri-registration-rp/datasets/ds004513/derivatives/mri-registration-rp/antsBrainExtraction/sub-s014/BrainExtractionBrain.nii.gz
Dimension = 3
Number of stages = 1
Use histogram matching = false
Winsorize image intensities = true
  Lower quantile = 0.005
  Upper quantile = 0.995


Stage 1 State
   Image metric = CC
     Fixed image = Image (0x42d8a40)
  RTTI typeinfo:   itk::Image<double, 3u>
  Reference Count: 2
  Modified Time: 1608
  Debug: Off
  Object Name: 
  Observers: 
    none
  Source: (none)
  Source output name: (none)
  Release Data: Off
  Data Released: False
  Global Release Data: Off
  PipelineMTime: 0
  UpdateMTime: 1217
  RealTimeStamp: 0 seconds 
  LargestPossibleRegion: 
    Dimension: 3
    Index: [0, 0, 0]
    Size: [193, 229, 193]
  BufferedRegion: 
    Dimension: 3
    Index: [0, 0, 0]
    Size: [193, 229, 193]
  RequestedRegion: 
    Dimension: 3
    Index: [0, 0, 0]
    Size: [193, 229, 193]
  Spacing: [1, 1, 1]
  Origin: [96, 132, -78]
  Direction: 
-1 0 0
0 -1 0
0 0 1

  IndexToPointMatrix: 
-1 0 0
0 -1 0
0 0 1

  PointToIndexMatrix: 
-1 0 0
0 -1 0
0 0 1

  Inverse Direction: 
-1 0 0
0 -1 0
0 0 1

  PixelContainer: 
    ImportImageContainer (0x43b0410)
      RTTI typeinfo:   itk::ImportImageContainer<unsigned long, double>
      Reference Count: 1
      Modified Time: 1214
      Debug: Off
      Object Name: 
      Observers: 
        none
      Pointer: 0x1513e72f2010
      Container manages memory: true
      Size: 8530021
      Capacity: 8530021

     Moving image = Image (0x4394520)
  RTTI typeinfo:   itk::Image<double, 3u>
  Reference Count: 2
  Modified Time: 1609
  Debug: Off
  Object Name: 
  Observers: 
    none
  Source: (none)
  Source output name: (none)
  Release Data: Off
  Data Released: False
  Global Release Data: Off
  PipelineMTime: 0
  UpdateMTime: 1606
  RealTimeStamp: 0 seconds 
  LargestPossibleRegion: 
    Dimension: 3
    Index: [0, 0, 0]
    Size: [160, 240, 256]
  BufferedRegion: 
    Dimension: 3
    Index: [0, 0, 0]
    Size: [160, 240, 256]
  RequestedRegion: 
    Dimension: 3
    Index: [0, 0, 0]
    Size: [160, 240, 256]
  Spacing: [0.999999, 1, 1]
  Origin: [84.1637, 106.709, -120.531]
  Direction: 
-0.999619 -0.0226874 -0.0157033
0.0226846 -0.999743 0.00035635
-0.0157073 -7.8229e-09 0.999877

  IndexToPointMatrix: 
-0.999619 -0.0226874 -0.0157033
0.0226845 -0.999743 0.00035635
-0.0157073 -7.8229e-09 0.999877

  PointToIndexMatrix: 
-0.99962 0.0226846 -0.0157073
-0.0226874 -0.999743 -7.83127e-09
-0.0157033 0.00035635 0.999877

  Inverse Direction: 
-0.999619 0.0226846 -0.0157073
-0.0226874 -0.999743 -7.83127e-09
-0.0157033 0.00035635 0.999877

  PixelContainer: 
    ImportImageContainer (0x43b70d0)
      RTTI typeinfo:   itk::ImportImageContainer<unsigned long, double>
      Reference Count: 1
      Modified Time: 1603
      Debug: Off
      Object Name: 
      Observers: 
        none
      Pointer: 0x1513e27f1010
      Container manages memory: true
      Size: 9830400
      Capacity: 9830400

     Weighting = 1
     Sampling strategy = none
     Number of bins = 32
     Radius = 4
     Sampling percentage  = 1
   Transform = SyN
     Gradient step = 0.1
     Update field sigma (voxel space) = 3
     Total field sigma (voxel space) = 0
     Update field time sigma = 0
     Total field time sigma  = 0
     Number of time indices = 0
     Number of time point samples = 0
Registration using 1 total stages.

Stage 0
  iterations = 100x70x50x20
  convergence threshold = 1e-06
  convergence window size = 10
  number of levels = 4
  using the CC metric (radius = 4, weight = 1, use gradient filter = 0)
  preprocessing:  winsorizing the image intensities
  Shrink factors (level 1 out of 4): [8, 8, 8]
  Shrink factors (level 2 out of 4): [4, 4, 4]
  Shrink factors (level 3 out of 4): [2, 2, 2]
  Shrink factors (level 4 out of 4): [1, 1, 1]
  smoothing sigmas per level: [3, 2, 1, 0]
  Using default NONE metricSamplingStrategy 

*** Running SyN registration (varianceForUpdateField = 3, varianceForTotalField = 0) ***

XXDIAGNOSTIC,Iteration,metricValue,convergenceValue,ITERATION_TIME_INDEX,SINCE_LAST
 1DIAGNOSTIC,     1, -8.841711698007e-01, 1.797693134862e+308, 1.2570e+00, 1.2570e+00, 
 1DIAGNOSTIC,     2, -8.930066125678e-01, 1.797693134862e+308, 1.6068e+00, 3.4981e-01, 
 1DIAGNOSTIC,     3, -9.007862274405e-01, 1.797693134862e+308, 1.9335e+00, 3.2666e-01, 
 1DIAGNOSTIC,     4, -9.068988532176e-01, 1.797693134862e+308, 2.2598e+00, 3.2637e-01, 
 1DIAGNOSTIC,     5, -9.121711279703e-01, 1.797693134862e+308, 2.6041e+00, 3.4427e-01, 
 1DIAGNOSTIC,     6, -9.165661928386e-01, 1.797693134862e+308, 2.9417e+00, 3.3764e-01, 
 1DIAGNOSTIC,     7, -9.198811234315e-01, 1.797693134862e+308, 3.2716e+00, 3.2981e-01, 
 1DIAGNOSTIC,     8, -9.225653270232e-01, 1.797693134862e+308, 3.6117e+00, 3.4017e-01, 
 1DIAGNOSTIC,     9, -9.246815813685e-01, 1.797693134862e+308, 3.9479e+00, 3.3619e-01, 
 1DIAGNOSTIC,    10, -9.264896704571e-01, 2.876367535519e-03, 4.2855e+00, 3.3757e-01, 
 1DIAGNOSTIC,    11, -9.281261649707e-01, 2.139996330095e-03, 4.6184e+00, 3.3291e-01, 
 1DIAGNOSTIC,    12, -9.295481486321e-01, 1.599121206943e-03, 4.9545e+00, 3.3607e-01, 
 1DIAGNOSTIC,    13, -9.309147837653e-01, 1.214912620822e-03, 5.2867e+00, 3.3223e-01, 
 1DIAGNOSTIC,    14, -9.320473854100e-01, 9.349008922830e-04, 5.6280e+00, 3.4132e-01, 
 1DIAGNOSTIC,    15, -9.331643497578e-01, 7.380435960183e-04, 5.9693e+00, 3.4127e-01, 
 1DIAGNOSTIC,    16, -9.342006345940e-01, 6.025503278855e-04, 6.3035e+00, 3.3417e-01, 
 1DIAGNOSTIC,    17, -9.351587066969e-01, 5.046946827895e-04, 6.6429e+00, 3.3945e-01, 
 1DIAGNOSTIC,    18, -9.360321207797e-01, 4.317832333407e-04, 6.9796e+00, 3.3666e-01, 
 1DIAGNOSTIC,    19, -9.368184956667e-01, 3.734260150784e-04, 7.3081e+00, 3.2857e-01, 
 1DIAGNOSTIC,    20, -9.375453122066e-01, 3.250660341081e-04, 7.6386e+00, 3.3042e-01, 
 1DIAGNOSTIC,    21, -9.382221359662e-01, 2.847820155486e-04, 8.0068e+00, 3.6826e-01, 
 1DIAGNOSTIC,    22, -9.388882953106e-01, 2.505961435536e-04, 8.3415e+00, 3.3467e-01, 
 1DIAGNOSTIC,    23, -9.394889726754e-01, 2.221347931176e-04, 8.6938e+00, 3.5234e-01, 
 1DIAGNOSTIC,    24, -9.400200364908e-01, 1.964295351937e-04, 9.0451e+00, 3.5125e-01, 
 1DIAGNOSTIC,    25, -9.405413322521e-01, 1.743949146304e-04, 9.3765e+00, 3.3146e-01, 
 1DIAGNOSTIC,    26, -9.410162262133e-01, 1.554147792176e-04, 9.7395e+00, 3.6298e-01, 
 1DIAGNOSTIC,    27, -9.414451221514e-01, 1.388925611230e-04, 1.0083e+01, 3.4399e-01, 
 1DIAGNOSTIC,    28, -9.418227800301e-01, 1.241130733807e-04, 1.0420e+01, 3.3665e-01, 
 1DIAGNOSTIC,    29, -9.421889905529e-01, 1.107999482954e-04, 1.0757e+01, 3.3649e-01, 
 1DIAGNOSTIC,    30, -9.425267398074e-01, 9.875202809649e-05, 1.1092e+01, 3.3487e-01, 
 1DIAGNOSTIC,    31, -9.427914518343e-01, 8.740853002357e-05, 1.1429e+01, 3.3759e-01, 
 1DIAGNOSTIC,    32, -9.430931611505e-01, 7.775670314127e-05, 1.1760e+01, 3.3109e-01, 
 1DIAGNOSTIC,    33, -9.433698711117e-01, 6.945297174443e-05, 1.2100e+01, 3.3945e-01, 
 1DIAGNOSTIC,    34, -9.436378521216e-01, 6.222875392892e-05, 1.2436e+01, 3.3678e-01, 
 1DIAGNOSTIC,    35, -9.438921130316e-01, 5.628598752192e-05, 1.2773e+01, 3.3635e-01, 
 1DIAGNOSTIC,    36, -9.441297910693e-01, 5.138930942049e-05, 1.3114e+01, 3.4137e-01, 
 1DIAGNOSTIC,    37, -9.443515685395e-01, 4.726363340563e-05, 1.3490e+01, 3.7549e-01, 
 1DIAGNOSTIC,    38, -9.445568826850e-01, 4.355555961198e-05, 1.3824e+01, 3.3461e-01, 
 1DIAGNOSTIC,    39, -9.447447344553e-01, 4.024623764479e-05, 1.4169e+01, 3.4522e-01, 
 1DIAGNOSTIC,    40, -9.449139429959e-01, 3.717302194891e-05, 1.4544e+01, 3.7504e-01, 
 1DIAGNOSTIC,    41, -9.450700126526e-01, 3.386585426624e-05, 1.4888e+01, 3.4351e-01, 
 1DIAGNOSTIC,    42, -9.452747591042e-01, 3.119586067691e-05, 1.5230e+01, 3.4169e-01, 
 1DIAGNOSTIC,    43, -9.454069820787e-01, 2.859269630097e-05, 1.5573e+01, 3.4286e-01, 
 1DIAGNOSTIC,    44, -9.455299324840e-01, 2.612515697412e-05, 1.5901e+01, 3.2796e-01, 
 1DIAGNOSTIC,    45, -9.456377569069e-01, 2.376624299262e-05, 1.6228e+01, 3.2756e-01, 
 1DIAGNOSTIC,    46, -9.457444402617e-01, 2.155579465813e-05, 1.6555e+01, 3.2680e-01, 
 1DIAGNOSTIC,    47, -9.458442614134e-01, 1.949293221158e-05, 1.6890e+01, 3.3490e-01, 
 1DIAGNOSTIC,    48, -9.459383377732e-01, 1.758747052470e-05, 1.7218e+01, 3.2792e-01, 
 1DIAGNOSTIC,    49, -9.460255109796e-01, 1.583228939708e-05, 1.7562e+01, 3.4472e-01, 
 1DIAGNOSTIC,    50, -9.461685851526e-01, 1.457873307965e-05, 1.7908e+01, 3.4569e-01, 
 1DIAGNOSTIC,    51, -9.462496506290e-01, 1.341419825327e-05, 1.8238e+01, 3.2961e-01, 
 1DIAGNOSTIC,    52, -9.463256198894e-01, 1.269664902531e-05, 1.8566e+01, 3.2785e-01, 
 1DIAGNOSTIC,    53, -9.463977321416e-01, 1.200948635603e-05, 1.8910e+01, 3.4487e-01, 
 1DIAGNOSTIC,    54, -9.464664452768e-01, 1.131834702878e-05, 1.9242e+01, 3.3111e-01, 
 1DIAGNOSTIC,    55, -9.465315033491e-01, 1.055978119286e-05, 1.9575e+01, 3.3335e-01, 
 1DIAGNOSTIC,    56, -9.465933947025e-01, 9.771682269257e-06, 1.9912e+01, 3.3702e-01, 
 1DIAGNOSTIC,    57, -9.466522285174e-01, 8.967222011384e-06, 2.0252e+01, 3.3994e-01, 
 1DIAGNOSTIC,    58, -9.467078706410e-01, 8.160884575711e-06, 2.0579e+01, 3.2707e-01, 
 1DIAGNOSTIC,    59, -9.467607071458e-01, 7.353271674004e-06, 2.0914e+01, 3.3521e-01, 
 1DIAGNOSTIC,    60, -9.468114922831e-01, 6.889716776839e-06, 2.1259e+01, 3.4497e-01, 
 1DIAGNOSTIC,    61, -9.468599193720e-01, 6.466209358274e-06, 2.1594e+01, 3.3513e-01, 
