
##########################
# Experiment information #
##########################

EXPERIMENT_NAME: antsRegistration-r8-p21
VFC_BACKENDS: libinterflop_vprec.so --range-binary32=8 --precision-binary32=21 --range-binary64=8 --precision-binary64=21

SIF_IMG: /home/mdugre/projects/rrg-glatard/mdugre/containers/ants-vprec-no_metrics.simg

SUBJECT_ID: s033
INPUT_IMG: /home/mdugre/scratch/mri-registration-rp/datasets/ds004513/derivatives/mri-registration-rp/antsBrainExtraction/sub-s033/BrainExtractionBrain.nii.gz
OUTPUT_DIR: /home/mdugre/scratch/mri-registration-rp/datasets/ds004513/derivatives/mri-registration-rp/0110/antsRegistration-r8-p21/sub-s033

FIXED_IMG: /templateflow/tpl-MNI152NLin2009cAsym/tpl-MNI152NLin2009cAsym_res-01_desc-brain_T1w.nii.gz
DATA_DIR: /home/mdugre/scratch/mri-registration-rp/datasets/ds004513
TEMPLATEFLOW_DIR: /home/mdugre/projects/rrg-glatard/mdugre/templateflow
ITK_GLOBAL_DEFAULT_NUMBER_OF_THREADS: 16
##########################

Info [verificarlo]: loaded backend libinterflop_ieee.so
Info [interflop-ieee]: load backend with:
Info [interflop-ieee]: debug = false
Info [interflop-ieee]: debug-binary = false
Info [interflop-ieee]: no-backend-name = false
Info [interflop-ieee]: print-new-line = false
Info [interflop-ieee]: print-subnormal-normalized = false
Info [interflop-ieee]: count-op = false
All_Command_lines_OK
Using double precision for computations.
=============================================================================
The composite transform comprises the following transforms (in order): 
  1. Center of mass alignment using fixed image: /templateflow/tpl-MNI152NLin2009cAsym/tpl-MNI152NLin2009cAsym_res-01_desc-brain_T1w.nii.gz and moving image: /home/mdugre/scratch/mri-registration-rp/datasets/ds004513/derivatives/mri-registration-rp/antsBrainExtraction/sub-s033/BrainExtractionBrain.nii.gz (type = Euler3DTransform)
=============================================================================
  number of levels = 1
  fixed image: /templateflow/tpl-MNI152NLin2009cAsym/tpl-MNI152NLin2009cAsym_res-01_desc-brain_T1w.nii.gz
  moving image: /home/mdugre/scratch/mri-registration-rp/datasets/ds004513/derivatives/mri-registration-rp/antsBrainExtraction/sub-s033/BrainExtractionBrain.nii.gz
Dimension = 3
Number of stages = 1
Use histogram matching = false
Winsorize image intensities = true
  Lower quantile = 0.005
  Upper quantile = 0.995


Stage 1 State
   Image metric = MattesMI
     Fixed image = Image (0x3561e70)
  RTTI typeinfo:   itk::Image<double, 3u>
  Reference Count: 2
  Modified Time: 2330
  Debug: Off
  Object Name: 
  Observers: 
    none
  Source: (none)
  Source output name: (none)
  Release Data: Off
  Data Released: False
  Global Release Data: Off
  PipelineMTime: 0
  UpdateMTime: 1941
  RealTimeStamp: 0 seconds 
  LargestPossibleRegion: 
    Dimension: 3
    Index: [0, 0, 0]
    Size: [193, 229, 193]
  BufferedRegion: 
    Dimension: 3
    Index: [0, 0, 0]
    Size: [193, 229, 193]
  RequestedRegion: 
    Dimension: 3
    Index: [0, 0, 0]
    Size: [193, 229, 193]
  Spacing: [1, 1, 1]
  Origin: [96, 132, -78]
  Direction: 
-1 0 0
0 -1 0
0 0 1

  IndexToPointMatrix: 
-1 0 0
0 -1 0
0 0 1

  PointToIndexMatrix: 
-1 0 0
0 -1 0
0 0 1

  Inverse Direction: 
-1 0 0
0 -1 0
0 0 1

  PixelContainer: 
    ImportImageContainer (0x356ac60)
      RTTI typeinfo:   itk::ImportImageContainer<unsigned long, double>
      Reference Count: 1
      Modified Time: 1938
      Debug: Off
      Object Name: 
      Observers: 
        none
      Pointer: 0x154fddd15010
      Container manages memory: true
      Size: 8530021
      Capacity: 8530021

     Moving image = Image (0x3564540)
  RTTI typeinfo:   itk::Image<double, 3u>
  Reference Count: 2
  Modified Time: 2331
  Debug: Off
  Object Name: 
  Observers: 
    none
  Source: (none)
  Source output name: (none)
  Release Data: Off
  Data Released: False
  Global Release Data: Off
  PipelineMTime: 0
  UpdateMTime: 2328
  RealTimeStamp: 0 seconds 
  LargestPossibleRegion: 
    Dimension: 3
    Index: [0, 0, 0]
    Size: [160, 240, 256]
  BufferedRegion: 
    Dimension: 3
    Index: [0, 0, 0]
    Size: [160, 240, 256]
  RequestedRegion: 
    Dimension: 3
    Index: [0, 0, 0]
    Size: [160, 240, 256]
  Spacing: [1, 1, 1]
  Origin: [91.5134, 94.282, -109.927]
  Direction: 
-0.99591 -0.0698718 -0.0572835
0.0697565 -0.997556 0.00401236
-0.0574239 5.01125e-08 0.99835

  IndexToPointMatrix: 
-0.99591 -0.0698718 -0.0572835
0.0697565 -0.997556 0.00401236
-0.0574239 5.01125e-08 0.99835

  PointToIndexMatrix: 
-0.99591 0.0697565 -0.0574239
-0.0698718 -0.997556 5.01483e-08
-0.0572835 0.00401236 0.99835

  Inverse Direction: 
-0.99591 0.0697565 -0.0574239
-0.0698718 -0.997556 5.01483e-08
-0.0572835 0.00401236 0.99835

  PixelContainer: 
    ImportImageContainer (0x3676610)
      RTTI typeinfo:   itk::ImportImageContainer<unsigned long, double>
      Reference Count: 1
      Modified Time: 2325
      Debug: Off
      Object Name: 
      Observers: 
        none
      Pointer: 0x154fd9214010
      Container manages memory: true
      Size: 9830400
      Capacity: 9830400

     Weighting = 1
     Sampling strategy = regular
     Number of bins = 32
     Radius = 4
     Sampling percentage  = 0.25
   Transform = Rigid
     Gradient step = 0.1
     Update field sigma (voxel space) = 0
     Total field sigma (voxel space) = 0
     Update field time sigma = 0
     Total field time sigma  = 0
     Number of time indices = 0
     Number of time point samples = 0
Registration using 1 total stages.

Stage 0
  iterations = 0
  convergence threshold = 1e-06
  convergence window size = 10
  number of levels = 1
  using the Mattes MI metric (number of bins = 32, weight = 1, use gradient filter = 0)
  preprocessing:  winsorizing the image intensities
  Shrink factors (level 1 out of 1): [1, 1, 1]
  smoothing sigmas per level: [0]
  regular sampling (percentage = 0.25)

*** Running Euler3DTransform registration ***

  Elapsed time (stage 0): 1.18724


Total elapsed time: 1.18954
Info [verificarlo]: loaded backend libinterflop_vprec.so
Info [interflop-vprec]: load backend with: 
Info [interflop-vprec]: precision-binary32 = 21
Info [interflop-vprec]: range-binary32 = 8
Info [interflop-vprec]: precision-binary64 = 21
Info [interflop-vprec]: range-binary64 = 8
Info [interflop-vprec]: mode = ob
Info [interflop-vprec]: error-mode = rel
Info [interflop-vprec]: max-abs-error-exponent = -1022
Info [interflop-vprec]: daz = false
Info [interflop-vprec]: ftz = false
Info [interflop-vprec]: 	instrument = none
Info [interflop-vprec]: 	prec-input-file = (null)
Info [interflop-vprec]: 	prec-output-file = (null)
Info [interflop-vprec]: 	prec-log-file = (null)
All_Command_lines_OK
Using double precision for computations.
=============================================================================
The composite transform comprises the following transforms (in order): 
  1. /home/mdugre/scratch/mri-registration-rp/datasets/ds004513/derivatives/mri-registration-rp/0110/antsRegistration-r8-p21/sub-s033/align_Composite.h5[0] (type = Euler3DTransform)
  2. /home/mdugre/scratch/mri-registration-rp/datasets/ds004513/derivatives/mri-registration-rp/0110/antsRegistration-r8-p21/sub-s033/align_Composite.h5[1] (type = Euler3DTransform)
=============================================================================
  number of levels = 4
  fixed image: /templateflow/tpl-MNI152NLin2009cAsym/tpl-MNI152NLin2009cAsym_res-01_desc-brain_T1w.nii.gz
  moving image: /home/mdugre/scratch/mri-registration-rp/datasets/ds004513/derivatives/mri-registration-rp/antsBrainExtraction/sub-s033/BrainExtractionBrain.nii.gz
Dimension = 3
Number of stages = 1
Use histogram matching = false
Winsorize image intensities = true
  Lower quantile = 0.005
  Upper quantile = 0.995


Stage 1 State
   Image metric = MattesMI
     Fixed image = Image (0x3b461e0)
  RTTI typeinfo:   itk::Image<double, 3u>
  Reference Count: 2
  Modified Time: 1578
  Debug: Off
  Object Name: 
  Observers: 
    none
  Source: (none)
  Source output name: (none)
  Release Data: Off
  Data Released: False
  Global Release Data: Off
  PipelineMTime: 0
  UpdateMTime: 1189
  RealTimeStamp: 0 seconds 
  LargestPossibleRegion: 
    Dimension: 3
    Index: [0, 0, 0]
    Size: [193, 229, 193]
  BufferedRegion: 
    Dimension: 3
    Index: [0, 0, 0]
    Size: [193, 229, 193]
  RequestedRegion: 
    Dimension: 3
    Index: [0, 0, 0]
    Size: [193, 229, 193]
  Spacing: [1, 1, 1]
  Origin: [96, 132, -78]
  Direction: 
-1 0 0
0 -1 0
0 0 1

  IndexToPointMatrix: 
-1 0 0
0 -1 0
0 0 1

  PointToIndexMatrix: 
-1 0 0
0 -1 0
0 0 1

  Inverse Direction: 
-1 0 0
0 -1 0
0 0 1

  PixelContainer: 
    ImportImageContainer (0x3c05680)
      RTTI typeinfo:   itk::ImportImageContainer<unsigned long, double>
      Reference Count: 1
      Modified Time: 1186
      Debug: Off
      Object Name: 
      Observers: 
        none
      Pointer: 0x14a2ca570010
      Container manages memory: true
      Size: 8530021
      Capacity: 8530021

     Moving image = Image (0x3c01b20)
  RTTI typeinfo:   itk::Image<double, 3u>
  Reference Count: 2
  Modified Time: 1579
  Debug: Off
  Object Name: 
  Observers: 
    none
  Source: (none)
  Source output name: (none)
  Release Data: Off
  Data Released: False
  Global Release Data: Off
  PipelineMTime: 0
  UpdateMTime: 1576
  RealTimeStamp: 0 seconds 
  LargestPossibleRegion: 
    Dimension: 3
    Index: [0, 0, 0]
    Size: [160, 240, 256]
  BufferedRegion: 
    Dimension: 3
    Index: [0, 0, 0]
    Size: [160, 240, 256]
  RequestedRegion: 
    Dimension: 3
    Index: [0, 0, 0]
    Size: [160, 240, 256]
  Spacing: [1, 1, 1]
  Origin: [91.5134, 94.282, -109.927]
  Direction: 
-0.99591 -0.0698718 -0.0572835
0.0697565 -0.997556 0.00401236
-0.0574239 5.01125e-08 0.99835

  IndexToPointMatrix: 
-0.99591 -0.0698718 -0.0572835
0.0697565 -0.997556 0.00401236
-0.0574239 5.01125e-08 0.99835

  PointToIndexMatrix: 
-0.99591 0.0697565 -0.0574239
-0.0698718 -0.997556 3.57628e-07
-0.0572835 0.00401223 0.99835

  Inverse Direction: 
-0.99591 0.0697565 -0.0574239
-0.0698718 -0.997556 3.57628e-07
-0.0572835 0.00401223 0.99835

  PixelContainer: 
    ImportImageContainer (0x3c6ad50)
      RTTI typeinfo:   itk::ImportImageContainer<unsigned long, double>
      Reference Count: 1
      Modified Time: 1573
      Debug: Off
      Object Name: 
      Observers: 
        none
      Pointer: 0x14a2c5a6f010
      Container manages memory: true
      Size: 9830400
      Capacity: 9830400

     Weighting = 1
     Sampling strategy = regular
     Number of bins = 32
     Radius = 4
     Sampling percentage  = 0.25
   Transform = Rigid
     Gradient step = 0.1
     Update field sigma (voxel space) = 0
     Total field sigma (voxel space) = 0
     Update field time sigma = 0
     Total field time sigma  = 0
     Number of time indices = 0
     Number of time point samples = 0
Registration using 1 total stages.

Stage 0
  iterations = 1000x500x250x100
  convergence threshold = 1e-06
  convergence window size = 10
  number of levels = 4
  using the Mattes MI metric (number of bins = 32, weight = 1, use gradient filter = 0)
  preprocessing:  winsorizing the image intensities
  Shrink factors (level 1 out of 4): [8, 8, 8]
  Shrink factors (level 2 out of 4): [4, 4, 4]
  Shrink factors (level 3 out of 4): [2, 2, 2]
  Shrink factors (level 4 out of 4): [1, 1, 1]
  smoothing sigmas per level: [3, 2, 1, 0]
  regular sampling (percentage = 0.25)

*** Running Euler3DTransform registration ***

DIAGNOSTIC,Iteration,metricValue,convergenceValue,ITERATION_TIME_INDEX,SINCE_LAST
 2DIAGNOSTIC,     1, -4.945384246168e-01, 1.797693134862e+308, 0.0000e+00, 0.0000e+00, 
 2DIAGNOSTIC,     2, -4.961573077192e-01, 1.797693134862e+308, 0.0000e+00, 0.0000e+00, 
 2DIAGNOSTIC,     3, -4.991238527788e-01, 1.797693134862e+308, 0.0000e+00, 0.0000e+00, 
 2DIAGNOSTIC,     4, -5.030401965246e-01, 1.797693134862e+308, 0.0000e+00, 0.0000e+00, 
 2DIAGNOSTIC,     5, -5.059164760010e-01, 1.797693134862e+308, 0.0000e+00, 0.0000e+00, 
 2DIAGNOSTIC,     6, -5.092885799239e-01, 1.797693134862e+308, 0.0000e+00, 0.0000e+00, 
 2DIAGNOSTIC,     7, -5.206054249325e-01, 1.797693134862e+308, 0.0000e+00, 0.0000e+00, 
 2DIAGNOSTIC,     8, -5.236821135127e-01, 1.797693134862e+308, 0.0000e+00, 0.0000e+00, 
 2DIAGNOSTIC,     9, -5.261572976830e-01, 1.797693134862e+308, 0.0000e+00, 0.0000e+00, 
 2DIAGNOSTIC,    10, -5.314251599982e-01, 4.958544151077e-03, 0.0000e+00, 0.0000e+00, 
 2DIAGNOSTIC,    11, -5.456629232731e-01, 5.235132139792e-03, 0.0000e+00, 0.0000e+00, 
 2DIAGNOSTIC,    12, -5.679003689609e-01, 6.044591200116e-03, 0.0000e+00, 0.0000e+00, 
 2DIAGNOSTIC,    13, -6.040383073964e-01, 7.751140060545e-03, 0.0000e+00, 0.0000e+00, 
 2DIAGNOSTIC,    14, -6.238886717055e-01, 9.350133153866e-03, 0.0000e+00, 0.0000e+00, 
 2DIAGNOSTIC,    15, -6.304446738048e-01, 1.018796443724e-02, 0.0000e+00, 0.0000e+00, 
 2DIAGNOSTIC,    16, -6.321374531845e-01, 1.014520965021e-02, 0.0000e+00, 0.0000e+00, 
 2DIAGNOSTIC,    17, -6.326627387882e-01, 9.537216472539e-03, 0.0000e+00, 0.0000e+00, 
 2DIAGNOSTIC,    18, -6.341380836461e-01, 8.248916602074e-03, 0.0000e+00, 0.0000e+00, 
 2DIAGNOSTIC,    19, -6.347311839641e-01, 6.434631618677e-03, 0.0000e+00, 0.0000e+00, 
 2DIAGNOSTIC,    20, -6.377216954569e-01, 4.445536994016e-03, 0.0000e+00, 0.0000e+00, 
 2DIAGNOSTIC,    21, -6.385149131992e-01, 2.617819537516e-03, 0.0000e+00, 0.0000e+00, 
 2DIAGNOSTIC,    22, -6.390236358908e-01, 1.233790073073e-03, 0.0000e+00, 0.0000e+00, 
 2DIAGNOSTIC,    23, -6.411433563330e-01, 6.852317938720e-04, 0.0000e+00, 0.0000e+00, 
 2DIAGNOSTIC,    24, -6.443058111363e-01, 5.925073383130e-04, 0.0000e+00, 0.0000e+00, 
 2DIAGNOSTIC,    25, -6.459815939872e-01, 6.119635876853e-04, 0.0000e+00, 0.0000e+00, 
 2DIAGNOSTIC,    26, -6.462824168021e-01, 6.102782842327e-04, 0.0000e+00, 0.0000e+00, 
 2DIAGNOSTIC,    27, -6.463359819519e-01, 5.630850263815e-04, 0.0000e+00, 0.0000e+00, 
 2DIAGNOSTIC,    28, -6.463412974965e-01, 4.926886836345e-04, 0.0000e+00, 0.0000e+00, 
 2DIAGNOSTIC,    29, -6.464230839441e-01, 3.904632567495e-04, 0.0000e+00, 0.0000e+00, 
 2DIAGNOSTIC,    30, -6.467655455445e-01, 3.121553884065e-04, 0.0000e+00, 0.0000e+00, 
 2DIAGNOSTIC,    31, -6.467329384988e-01, 2.224646927374e-04, 0.0000e+00, 0.0000e+00, 
 2DIAGNOSTIC,    32, -6.467283493435e-01, 1.256513647517e-04, 0.0000e+00, 0.0000e+00, 
 2DIAGNOSTIC,    33, -6.467663808356e-01, 5.378489059159e-05, 0.0000e+00, 0.0000e+00, 
 2DIAGNOSTIC,    34, -6.469490190143e-01, 2.771224125615e-05, 0.0000e+00, 0.0000e+00, 
 2DIAGNOSTIC,    35, -6.471313807345e-01, 2.570045288899e-05, 0.0000e+00, 0.0000e+00, 
 2DIAGNOSTIC,    36, -6.473234877833e-01, 2.791422870227e-05, 0.0000e+00, 0.0000e+00, 
 2DIAGNOSTIC,    37, -6.471613855316e-01, 2.612979628289e-05, 0.0000e+00, 0.0000e+00, 
 2DIAGNOSTIC,    38, -6.471602194197e-01, 2.222505010597e-05, 0.0000e+00, 0.0000e+00, 
 2DIAGNOSTIC,    39, -6.471608003821e-01, 1.734526939873e-05, 0.0000e+00, 0.0000e+00, 
 2DIAGNOSTIC,    40, -6.471607044747e-01, 1.511925639392e-05, 0.0000e+00, 0.0000e+00, 
 2DIAGNOSTIC,    41, -6.471608155803e-01, 1.128088506099e-05, 0.0000e+00, 0.0000e+00, 
 2DIAGNOSTIC,    42, -6.471609209000e-01, 6.659571280650e-06, 0.0000e+00, 0.0000e+00, 
 2DIAGNOSTIC,    43, -6.471606993120e-01, 2.128793834336e-06, 0.0000e+00, 0.0000e+00, 
DIAGNOSTIC,Iteration,metricValue,convergenceValue,ITERATION_TIME_INDEX,SINCE_LAST
 2DIAGNOSTIC,     1, -5.374491495193e-01, 1.797693134862e+308, 0.0000e+00, 0.0000e+00, 
 2DIAGNOSTIC,     2, -5.384044987118e-01, 1.797693134862e+308, 0.0000e+00, 0.0000e+00, 
 2DIAGNOSTIC,     3, -5.398290832420e-01, 1.797693134862e+308, 0.0000e+00, 0.0000e+00, 
 2DIAGNOSTIC,     4, -5.408311823302e-01, 1.797693134862e+308, 0.0000e+00, 0.0000e+00, 
 2DIAGNOSTIC,     5, -5.419227670331e-01, 1.797693134862e+308, 0.0000e+00, 0.0000e+00, 
 2DIAGNOSTIC,     6, -5.440358018258e-01, 1.797693134862e+308, 0.0000e+00, 0.0000e+00, 
 2DIAGNOSTIC,     7, -5.447854416860e-01, 1.797693134862e+308, 0.0000e+00, 0.0000e+00, 
 2DIAGNOSTIC,     8, -5.449546595305e-01, 1.797693134862e+308, 0.0000e+00, 0.0000e+00, 
 2DIAGNOSTIC,     9, -5.454594477213e-01, 1.797693134862e+308, 0.0000e+00, 0.0000e+00, 
 2DIAGNOSTIC,    10, -5.457125281372e-01, 1.062831611866e-03, 0.0000e+00, 0.0000e+00, 
 2DIAGNOSTIC,    11, -5.465791573867e-01, 8.647369449706e-04, 0.0000e+00, 0.0000e+00, 
 2DIAGNOSTIC,    12, -5.471781329612e-01, 6.883762138761e-04, 0.0000e+00, 0.0000e+00, 
 2DIAGNOSTIC,    13, -5.484357887973e-01, 5.856157222395e-04, 0.0000e+00, 0.0000e+00, 
 2DIAGNOSTIC,    14, -5.484453354734e-01, 4.818039380694e-04, 0.0000e+00, 0.0000e+00, 
 2DIAGNOSTIC,    15, -5.484493371712e-01, 3.851678575000e-04, 0.0000e+00, 0.0000e+00, 
 2DIAGNOSTIC,    16, -5.484180916898e-01, 3.332379091784e-04, 0.0000e+00, 0.0000e+00, 
 2DIAGNOSTIC,    17, -5.484233009179e-01, 2.797911322050e-04, 0.0000e+00, 0.0000e+00, 
 2DIAGNOSTIC,    18, -5.484150690727e-01, 2.107078309927e-04, 0.0000e+00, 0.0000e+00, 
 2DIAGNOSTIC,    19, -5.484073234102e-01, 1.434432574306e-04, 0.0000e+00, 0.0000e+00, 
 2DIAGNOSTIC,    20, -5.483973649479e-01, 7.619331245301e-05, 0.0000e+00, 0.0000e+00, 
 2DIAGNOSTIC,    21, -5.483972551799e-01, 2.990742337074e-05, 0.0000e+00, 0.0000e+00, 
DIAGNOSTIC,Iteration,metricValue,convergenceValue,ITERATION_TIME_INDEX,SINCE_LAST
 2DIAGNOSTIC,     1, -4.666332094859e-01, 1.797693134862e+308, 0.0000e+00, 0.0000e+00, 
 2DIAGNOSTIC,     2, -4.668369898287e-01, 1.797693134862e+308, 0.0000e+00, 0.0000e+00, 
 2DIAGNOSTIC,     3, -4.669673062104e-01, 1.797693134862e+308, 0.0000e+00, 0.0000e+00, 
 2DIAGNOSTIC,     4, -4.670093906033e-01, 1.797693134862e+308, 0.0000e+00, 0.0000e+00, 
 2DIAGNOSTIC,     5, -4.670223647333e-01, 1.797693134862e+308, 0.0000e+00, 0.0000e+00, 
 2DIAGNOSTIC,     6, -4.670655069518e-01, 1.797693134862e+308, 0.0000e+00, 0.0000e+00, 
 2DIAGNOSTIC,     7, -4.671375644582e-01, 1.797693134862e+308, 0.0000e+00, 0.0000e+00, 
 2DIAGNOSTIC,     8, -4.672739614360e-01, 1.797693134862e+308, 0.0000e+00, 0.0000e+00, 
 2DIAGNOSTIC,     9, -4.675123764949e-01, 1.797693134862e+308, 0.0000e+00, 0.0000e+00, 
 2DIAGNOSTIC,    10, -4.675737609343e-01, 1.134868024898e-04, 0.0000e+00, 0.0000e+00, 
 2DIAGNOSTIC,    11, -4.675722949871e-01, 9.955547491564e-05, 0.0000e+00, 0.0000e+00, 
 2DIAGNOSTIC,    12, -4.675702723760e-01, 8.949795165854e-05, 0.0000e+00, 0.0000e+00, 
 2DIAGNOSTIC,    13, -4.675645538813e-01, 7.884895284914e-05, 0.0000e+00, 0.0000e+00, 
 2DIAGNOSTIC,    14, -4.675661340535e-01, 6.453628618254e-05, 0.0000e+00, 0.0000e+00, 
 2DIAGNOSTIC,    15, -4.675647155252e-01, 4.690934568673e-05, 0.0000e+00, 0.0000e+00, 
 2DIAGNOSTIC,    16, -4.675686588362e-01, 2.929332967527e-05, 0.0000e+00, 0.0000e+00, 
 2DIAGNOSTIC,    17, -4.675713650210e-01, 1.390965427376e-05, 0.0000e+00, 0.0000e+00, 
 2DIAGNOSTIC,    18, -4.675704383210e-01, 3.496416770971e-06, 0.0000e+00, 0.0000e+00, 
 2DIAGNOSTIC,    19, -4.675693200546e-01, 1.561506063612e-06, 0.0000e+00, 0.0000e+00, 
 2DIAGNOSTIC,    20, -4.675687051087e-01, 1.678552863808e-06, 0.0000e+00, 0.0000e+00, 
 2DIAGNOSTIC,    21, -4.675696862382e-01, 1.760508009256e-06, 0.0000e+00, 0.0000e+00, 
 2DIAGNOSTIC,    22, -4.675688237307e-01, 1.733922099345e-06, 0.0000e+00, 0.0000e+00, 
 2DIAGNOSTIC,    23, -4.675676807637e-01, 1.502525787317e-06, 0.0000e+00, 0.0000e+00, 
 2DIAGNOSTIC,    24, -4.675674211267e-01, 1.317847602683e-06, 0.0000e+00, 0.0000e+00, 
 2DIAGNOSTIC,    25, -4.675677346982e-01, 1.119434624497e-06, 0.0000e+00, 0.0000e+00, 
 2DIAGNOSTIC,    26, -4.675688336540e-01, 1.065321629946e-06, 0.0000e+00, 0.0000e+00, 
 2DIAGNOSTIC,    27, -4.675674243343e-01, 1.059203391558e-06, 0.0000e+00, 0.0000e+00, 
 2DIAGNOSTIC,    28, -4.675668999666e-01, 1.036076741609e-06, 0.0000e+00, 0.0000e+00, 
DIAGNOSTIC,Iteration,metricValue,convergenceValue,ITERATION_TIME_INDEX,SINCE_LAST
 2DIAGNOSTIC,     1, -4.260346425407e-01, 1.797693134862e+308, 0.0000e+00, 0.0000e+00, 
 2DIAGNOSTIC,     2, -4.260392305759e-01, 1.797693134862e+308, 0.0000e+00, 0.0000e+00, 
 2DIAGNOSTIC,     3, -4.260386770895e-01, 1.797693134862e+308, 0.0000e+00, 0.0000e+00, 
 2DIAGNOSTIC,     4, -4.260389869153e-01, 1.797693134862e+308, 0.0000e+00, 0.0000e+00, 
 2DIAGNOSTIC,     5, -4.260387611190e-01, 1.797693134862e+308, 0.0000e+00, 0.0000e+00, 
 2DIAGNOSTIC,     6, -4.260384819159e-01, 1.797693134862e+308, 0.0000e+00, 0.0000e+00, 
 2DIAGNOSTIC,     7, -4.260385245787e-01, 1.797693134862e+308, 0.0000e+00, 0.0000e+00, 
 2DIAGNOSTIC,     8, -4.260384285419e-01, 1.797693134862e+308, 0.0000e+00, 0.0000e+00, 
 2DIAGNOSTIC,     9, -4.260384542863e-01, 1.797693134862e+308, 5.1200e+02, 5.1200e+02, 
 2DIAGNOSTIC,    10, -4.260384190623e-01, 3.362571720955e-06, 5.1200e+02, 0.0000e+00, 
 2DIAGNOSTIC,    11, -4.260383943505e-01, 2.799394639069e-06, 5.1200e+02, 0.0000e+00, 
 2DIAGNOSTIC,    12, -4.260383708719e-01, 2.593407501542e-06, 5.1200e+02, 0.0000e+00, 
 2DIAGNOSTIC,    13, -4.260383101236e-01, 2.392306663934e-06, 5.1200e+02, 0.0000e+00, 
 2DIAGNOSTIC,    14, -4.260383192531e-01, 2.240606549422e-06, 5.1200e+02, 0.0000e+00, 
 2DIAGNOSTIC,    15, -4.260382216815e-01, 2.098165804792e-06, 5.1200e+02, 0.0000e+00, 
 2DIAGNOSTIC,    16, -4.260382945295e-01, 1.967258000113e-06, 5.1200e+02, 0.0000e+00, 
 2DIAGNOSTIC,    17, -4.260382863673e-01, 1.855259478691e-06, 5.1200e+02, 0.0000e+00, 
 2DIAGNOSTIC,    18, -4.260382779691e-01, 1.753486172436e-06, 5.1200e+02, 0.0000e+00, 
 2DIAGNOSTIC,    19, -4.260382398539e-01, 1.663543618476e-06, 5.1200e+02, 0.0000e+00, 
 2DIAGNOSTIC,    20, -4.260382476706e-01, 1.582921762187e-06, 5.1200e+02, 0.0000e+00, 
 2DIAGNOSTIC,    21, -4.260382516204e-01, 1.510160875712e-06, 5.1200e+02, 0.0000e+00, 
 2DIAGNOSTIC,    22, -4.260382245848e-01, 1.443075245487e-06, 5.1200e+02, 0.0000e+00, 
 2DIAGNOSTIC,    23, -4.260382167037e-01, 1.380296832387e-06, 5.1200e+02, 0.0000e+00, 
 2DIAGNOSTIC,    24, -4.260381973769e-01, 1.323002041434e-06, 5.1200e+02, 0.0000e+00, 
 2DIAGNOSTIC,    25, -4.260381965895e-01, 1.267987392854e-06, 5.1200e+02, 0.0000e+00, 
 2DIAGNOSTIC,    26, -4.260382036617e-01, 1.219799233690e-06, 5.1200e+02, 0.0000e+00, 
 2DIAGNOSTIC,    27, -4.260383064115e-01, 1.178003327766e-06, 5.1200e+02, 0.0000e+00, 
 2DIAGNOSTIC,    28, -4.260383039848e-01, 1.139056854907e-06, 5.1200e+02, 0.0000e+00, 
 2DIAGNOSTIC,    29, -4.260382749908e-01, 1.101132022424e-06, 5.1200e+02, 0.0000e+00, 
 2DIAGNOSTIC,    30, -4.260382686420e-01, 1.065541495482e-06, 5.1200e+02, 0.0000e+00, 
 2DIAGNOSTIC,    31, -4.260382693915e-01, 1.031973718459e-06, 5.1200e+02, 0.0000e+00, 
  Elapsed time (stage 0): 5.1200e+02


Total elapsed time: 5.1200e+02
Info [verificarlo]: loaded backend libinterflop_vprec.so
Info [interflop-vprec]: load backend with: 
Info [interflop-vprec]: precision-binary32 = 21
Info [interflop-vprec]: range-binary32 = 8
Info [interflop-vprec]: precision-binary64 = 21
Info [interflop-vprec]: range-binary64 = 8
Info [interflop-vprec]: mode = ob
Info [interflop-vprec]: error-mode = rel
Info [interflop-vprec]: max-abs-error-exponent = -1022
Info [interflop-vprec]: daz = false
Info [interflop-vprec]: ftz = false
Info [interflop-vprec]: 	instrument = none
Info [interflop-vprec]: 	prec-input-file = (null)
Info [interflop-vprec]: 	prec-output-file = (null)
Info [interflop-vprec]: 	prec-log-file = (null)
All_Command_lines_OK
Using double precision for computations.
=============================================================================
The composite transform comprises the following transforms (in order): 
  1. /home/mdugre/scratch/mri-registration-rp/datasets/ds004513/derivatives/mri-registration-rp/0110/antsRegistration-r8-p21/sub-s033/rigid_Composite.h5[0] (type = Euler3DTransform)
  2. /home/mdugre/scratch/mri-registration-rp/datasets/ds004513/derivatives/mri-registration-rp/0110/antsRegistration-r8-p21/sub-s033/rigid_Composite.h5[1] (type = Euler3DTransform)
  3. /home/mdugre/scratch/mri-registration-rp/datasets/ds004513/derivatives/mri-registration-rp/0110/antsRegistration-r8-p21/sub-s033/rigid_Composite.h5[2] (type = Euler3DTransform)
=============================================================================
  number of levels = 4
  fixed image: /templateflow/tpl-MNI152NLin2009cAsym/tpl-MNI152NLin2009cAsym_res-01_desc-brain_T1w.nii.gz
  moving image: /home/mdugre/scratch/mri-registration-rp/datasets/ds004513/derivatives/mri-registration-rp/antsBrainExtraction/sub-s033/BrainExtractionBrain.nii.gz
Dimension = 3
Number of stages = 1
Use histogram matching = false
Winsorize image intensities = true
  Lower quantile = 0.005
  Upper quantile = 0.995


Stage 1 State
   Image metric = MattesMI
     Fixed image = Image (0x38c3490)
  RTTI typeinfo:   itk::Image<double, 3u>
  Reference Count: 2
  Modified Time: 1592
  Debug: Off
  Object Name: 
  Observers: 
    none
  Source: (none)
  Source output name: (none)
  Release Data: Off
  Data Released: False
  Global Release Data: Off
  PipelineMTime: 0
  UpdateMTime: 1203
  RealTimeStamp: 0 seconds 
  LargestPossibleRegion: 
    Dimension: 3
    Index: [0, 0, 0]
    Size: [193, 229, 193]
  BufferedRegion: 
    Dimension: 3
    Index: [0, 0, 0]
    Size: [193, 229, 193]
  RequestedRegion: 
    Dimension: 3
    Index: [0, 0, 0]
    Size: [193, 229, 193]
  Spacing: [1, 1, 1]
  Origin: [96, 132, -78]
  Direction: 
-1 0 0
0 -1 0
0 0 1

  IndexToPointMatrix: 
-1 0 0
0 -1 0
0 0 1

  PointToIndexMatrix: 
-1 0 0
0 -1 0
0 0 1

  Inverse Direction: 
-1 0 0
0 -1 0
0 0 1

  PixelContainer: 
    ImportImageContainer (0x397bfa0)
      RTTI typeinfo:   itk::ImportImageContainer<unsigned long, double>
      Reference Count: 1
      Modified Time: 1200
      Debug: Off
      Object Name: 
      Observers: 
        none
      Pointer: 0x14e56b00f010
      Container manages memory: true
      Size: 8530021
      Capacity: 8530021

     Moving image = Image (0x397ed20)
  RTTI typeinfo:   itk::Image<double, 3u>
  Reference Count: 2
  Modified Time: 1593
  Debug: Off
  Object Name: 
  Observers: 
    none
  Source: (none)
  Source output name: (none)
  Release Data: Off
  Data Released: False
  Global Release Data: Off
  PipelineMTime: 0
  UpdateMTime: 1590
  RealTimeStamp: 0 seconds 
  LargestPossibleRegion: 
    Dimension: 3
    Index: [0, 0, 0]
    Size: [160, 240, 256]
  BufferedRegion: 
    Dimension: 3
    Index: [0, 0, 0]
    Size: [160, 240, 256]
  RequestedRegion: 
    Dimension: 3
    Index: [0, 0, 0]
    Size: [160, 240, 256]
  Spacing: [1, 1, 1]
  Origin: [91.5134, 94.282, -109.927]
  Direction: 
-0.99591 -0.0698718 -0.0572835
0.0697565 -0.997556 0.00401236
-0.0574239 5.01125e-08 0.99835

  IndexToPointMatrix: 
-0.99591 -0.0698718 -0.0572835
0.0697565 -0.997556 0.00401236
-0.0574239 5.01125e-08 0.99835

  PointToIndexMatrix: 
-0.99591 0.0697565 -0.0574239
-0.0698718 -0.997556 3.57628e-07
-0.0572835 0.00401223 0.99835

  Inverse Direction: 
-0.99591 0.0697565 -0.0574239
-0.0698718 -0.997556 3.57628e-07
-0.0572835 0.00401223 0.99835

  PixelContainer: 
    ImportImageContainer (0x3a3a390)
      RTTI typeinfo:   itk::ImportImageContainer<unsigned long, double>
      Reference Count: 1
      Modified Time: 1587
      Debug: Off
      Object Name: 
      Observers: 
        none
      Pointer: 0x14e56650e010
      Container manages memory: true
      Size: 9830400
      Capacity: 9830400

     Weighting = 1
     Sampling strategy = regular
     Number of bins = 32
     Radius = 4
     Sampling percentage  = 0.25
   Transform = Affine
     Gradient step = 0.1
     Update field sigma (voxel space) = 0
     Total field sigma (voxel space) = 0
     Update field time sigma = 0
     Total field time sigma  = 0
     Number of time indices = 0
     Number of time point samples = 0
Registration using 1 total stages.

Stage 0
  iterations = 1000x500x250x100
  convergence threshold = 1e-06
  convergence window size = 10
  number of levels = 4
  using the Mattes MI metric (number of bins = 32, weight = 1, use gradient filter = 0)
  preprocessing:  winsorizing the image intensities
  Shrink factors (level 1 out of 4): [8, 8, 8]
  Shrink factors (level 2 out of 4): [4, 4, 4]
  Shrink factors (level 3 out of 4): [2, 2, 2]
  Shrink factors (level 4 out of 4): [1, 1, 1]
  smoothing sigmas per level: [3, 2, 1, 0]
  regular sampling (percentage = 0.25)

*** Running AffineTransform registration ***

DIAGNOSTIC,Iteration,metricValue,convergenceValue,ITERATION_TIME_INDEX,SINCE_LAST
 2DIAGNOSTIC,     1, -6.384739253655e-01, 1.797693134862e+308, 0.0000e+00, 0.0000e+00, 
 2DIAGNOSTIC,     2, -6.411089207994e-01, 1.797693134862e+308, 0.0000e+00, 0.0000e+00, 
 2DIAGNOSTIC,     3, -6.452100156626e-01, 1.797693134862e+308, 0.0000e+00, 0.0000e+00, 
 2DIAGNOSTIC,     4, -6.522923997720e-01, 1.797693134862e+308, 0.0000e+00, 0.0000e+00, 
 2DIAGNOSTIC,     5, -6.637845784921e-01, 1.797693134862e+308, 0.0000e+00, 0.0000e+00, 
 2DIAGNOSTIC,     6, -6.834038063351e-01, 1.797693134862e+308, 0.0000e+00, 0.0000e+00, 
 2DIAGNOSTIC,     7, -7.230917740798e-01, 1.797693134862e+308, 0.0000e+00, 0.0000e+00, 
 2DIAGNOSTIC,     8, -8.427273193106e-01, 1.797693134862e+308, 0.0000e+00, 0.0000e+00, 
 2DIAGNOSTIC,     9, -8.731216393888e-01, 1.797693134862e+308, 0.0000e+00, 0.0000e+00, 
 2DIAGNOSTIC,    10, -8.766445236225e-01, 2.417879346708e-02, 0.0000e+00, 0.0000e+00, 
 2DIAGNOSTIC,    11, -8.873693310511e-01, 2.425766298031e-02, 0.0000e+00, 0.0000e+00, 
 2DIAGNOSTIC,    12, -8.945033723398e-01, 2.244686727739e-02, 0.0000e+00, 0.0000e+00, 
 2DIAGNOSTIC,    13, -8.990265576937e-01, 1.914533426749e-02, 0.0000e+00, 0.0000e+00, 
 2DIAGNOSTIC,    14, -9.024240958719e-01, 1.493858189213e-02, 0.0000e+00, 0.0000e+00, 
 2DIAGNOSTIC,    15, -9.040623424180e-01, 1.038948520432e-02, 0.0000e+00, 0.0000e+00, 
 2DIAGNOSTIC,    16, -9.061190802275e-01, 6.049571066155e-03, 0.0000e+00, 0.0000e+00, 
 2DIAGNOSTIC,    17, -9.067122754130e-01, 2.517543793368e-03, 0.0000e+00, 0.0000e+00, 
 2DIAGNOSTIC,    18, -9.062481365321e-01, 1.528294248398e-03, 0.0000e+00, 0.0000e+00, 
 2DIAGNOSTIC,    19, -9.062068760211e-01, 1.079443884988e-03, 0.0000e+00, 0.0000e+00, 
 2DIAGNOSTIC,    20, -9.062444079217e-01, 6.400038533163e-04, 0.0000e+00, 0.0000e+00, 
 2DIAGNOSTIC,    21, -9.061460258968e-01, 3.613505703655e-04, 0.0000e+00, 0.0000e+00, 
 2DIAGNOSTIC,    22, -9.061877218031e-01, 1.888942508695e-04, 0.0000e+00, 0.0000e+00, 
 2DIAGNOSTIC,    23, -9.060734072454e-01, 8.089017222399e-05, 0.0000e+00, 0.0000e+00, 
 2DIAGNOSTIC,    24, -9.059573385005e-01, 2.211021223975e-05, 0.0000e+00, 0.0000e+00, 
DIAGNOSTIC,Iteration,metricValue,convergenceValue,ITERATION_TIME_INDEX,SINCE_LAST
 2DIAGNOSTIC,     1, -7.434507556105e-01, 1.797693134862e+308, 0.0000e+00, 0.0000e+00, 
 2DIAGNOSTIC,     2, -7.441630827737e-01, 1.797693134862e+308, 0.0000e+00, 0.0000e+00, 
 2DIAGNOSTIC,     3, -7.450952079543e-01, 1.797693134862e+308, 0.0000e+00, 0.0000e+00, 
 2DIAGNOSTIC,     4, -7.461820942244e-01, 1.797693134862e+308, 0.0000e+00, 0.0000e+00, 
 2DIAGNOSTIC,     5, -7.473881754088e-01, 1.797693134862e+308, 0.0000e+00, 0.0000e+00, 
 2DIAGNOSTIC,     6, -7.483335871000e-01, 1.797693134862e+308, 0.0000e+00, 0.0000e+00, 
 2DIAGNOSTIC,     7, -7.484253731879e-01, 1.797693134862e+308, 0.0000e+00, 0.0000e+00, 
 2DIAGNOSTIC,     8, -7.484437015644e-01, 1.797693134862e+308, 0.0000e+00, 0.0000e+00, 
 2DIAGNOSTIC,     9, -7.484899693490e-01, 1.797693134862e+308, 0.0000e+00, 0.0000e+00, 
 2DIAGNOSTIC,    10, -7.486184145780e-01, 4.789442180260e-04, 0.0000e+00, 0.0000e+00, 
 2DIAGNOSTIC,    11, -7.486761193203e-01, 3.390571850333e-04, 0.0000e+00, 0.0000e+00, 
 2DIAGNOSTIC,    12, -7.486560578633e-01, 2.143892570061e-04, 0.0000e+00, 0.0000e+00, 
 2DIAGNOSTIC,    13, -7.486672327605e-01, 1.174579725078e-04, 0.0000e+00, 0.0000e+00, 
 2DIAGNOSTIC,    14, -7.486590720225e-01, 5.263974443548e-05, 0.0000e+00, 0.0000e+00, 
 2DIAGNOSTIC,    15, -7.486367526822e-01, 2.117241554170e-05, 0.0000e+00, 0.0000e+00, 
 2DIAGNOSTIC,    16, -7.486406135859e-01, 1.439991524749e-05, 0.0000e+00, 0.0000e+00, 
 2DIAGNOSTIC,    17, -7.486315272957e-01, 9.170536102603e-06, 0.0000e+00, 0.0000e+00, 
 2DIAGNOSTIC,    18, -7.486355241102e-01, 4.342230513488e-06, 0.0000e+00, 0.0000e+00, 
DIAGNOSTIC,Iteration,metricValue,convergenceValue,ITERATION_TIME_INDEX,SINCE_LAST
 2DIAGNOSTIC,     1, -6.322544846360e-01, 1.797693134862e+308, 0.0000e+00, 0.0000e+00, 
 2DIAGNOSTIC,     2, -6.328571769450e-01, 1.797693134862e+308, 0.0000e+00, 0.0000e+00, 
 2DIAGNOSTIC,     3, -6.334999852686e-01, 1.797693134862e+308, 0.0000e+00, 0.0000e+00, 
 2DIAGNOSTIC,     4, -6.342801328318e-01, 1.797693134862e+308, 0.0000e+00, 0.0000e+00, 
 2DIAGNOSTIC,     5, -6.363193460442e-01, 1.797693134862e+308, 0.0000e+00, 0.0000e+00, 
 2DIAGNOSTIC,     6, -6.363207704176e-01, 1.797693134862e+308, 0.0000e+00, 0.0000e+00, 
 2DIAGNOSTIC,     7, -6.363186433740e-01, 1.797693134862e+308, 0.0000e+00, 0.0000e+00, 
 2DIAGNOSTIC,     8, -6.363197142600e-01, 1.797693134862e+308, 0.0000e+00, 0.0000e+00, 
 2DIAGNOSTIC,     9, -6.363168574050e-01, 1.797693134862e+308, 0.0000e+00, 0.0000e+00, 
 2DIAGNOSTIC,    10, -6.363159945894e-01, 4.513993376047e-04, 0.0000e+00, 0.0000e+00, 
 2DIAGNOSTIC,    11, -6.363150360914e-01, 3.017854800274e-04, 0.0000e+00, 0.0000e+00, 
 2DIAGNOSTIC,    12, -6.363130074931e-01, 1.736492108184e-04, 0.0000e+00, 0.0000e+00, 
 2DIAGNOSTIC,    13, -6.363135258432e-01, 7.203304739335e-05, 0.0000e+00, 0.0000e+00, 
 2DIAGNOSTIC,    14, -6.363122972377e-01, 1.650028887579e-06, 0.0000e+00, 0.0000e+00, 
 2DIAGNOSTIC,    15, -6.363097650251e-01, 1.444799059253e-06, 0.0000e+00, 0.0000e+00, 
 2DIAGNOSTIC,    16, -6.363102508225e-01, 1.384476536470e-06, 0.0000e+00, 0.0000e+00, 
 2DIAGNOSTIC,    17, -6.363103790117e-01, 1.331866279805e-06, 0.0000e+00, 0.0000e+00, 
 2DIAGNOSTIC,    18, -6.363091709473e-01, 1.332439283776e-06, 0.0000e+00, 0.0000e+00, 
 2DIAGNOSTIC,    19, -6.363105749973e-01, 1.340665599092e-06, 0.0000e+00, 0.0000e+00, 
 2DIAGNOSTIC,    20, -6.363106835450e-01, 1.362651333395e-06, 0.0000e+00, 0.0000e+00, 
 2DIAGNOSTIC,    21, -6.363080296388e-01, 1.328032020020e-06, 0.0000e+00, 0.0000e+00, 
 2DIAGNOSTIC,    22, -6.363081160587e-01, 1.275441328601e-06, 0.0000e+00, 0.0000e+00, 
 2DIAGNOSTIC,    23, -6.363070601593e-01, 1.233112203125e-06, 0.0000e+00, 0.0000e+00, 
 2DIAGNOSTIC,    24, -6.363073350398e-01, 1.191787559467e-06, 0.0000e+00, 0.0000e+00, 
 2DIAGNOSTIC,    25, -6.363079122372e-01, 1.130754177583e-06, 0.0000e+00, 0.0000e+00, 
 2DIAGNOSTIC,    26, -6.363075082814e-01, 1.089704801317e-06, 0.0000e+00, 0.0000e+00, 
 2DIAGNOSTIC,    27, -6.363055720685e-01, 1.036067764158e-06, 0.0000e+00, 0.0000e+00, 
DIAGNOSTIC,Iteration,metricValue,convergenceValue,ITERATION_TIME_INDEX,SINCE_LAST
 2DIAGNOSTIC,     1, -5.623917383692e-01, 1.797693134862e+308, 0.0000e+00, 0.0000e+00, 
 2DIAGNOSTIC,     2, -5.626554566788e-01, 1.797693134862e+308, 0.0000e+00, 0.0000e+00, 
 2DIAGNOSTIC,     3, -5.629948952191e-01, 1.797693134862e+308, 0.0000e+00, 0.0000e+00, 
 2DIAGNOSTIC,     4, -5.634921300077e-01, 1.797693134862e+308, 0.0000e+00, 0.0000e+00, 
 2DIAGNOSTIC,     5, -5.639998734046e-01, 1.797693134862e+308, 0.0000e+00, 0.0000e+00, 
 2DIAGNOSTIC,     6, -5.640110452988e-01, 1.797693134862e+308, 0.0000e+00, 0.0000e+00, 
 2DIAGNOSTIC,     7, -5.640095482605e-01, 1.797693134862e+308, 0.0000e+00, 0.0000e+00, 
 2DIAGNOSTIC,     8, -5.640087773415e-01, 1.797693134862e+308, 0.0000e+00, 0.0000e+00, 
 2DIAGNOSTIC,     9, -5.640086209865e-01, 1.797693134862e+308, 0.0000e+00, 0.0000e+00, 
 2DIAGNOSTIC,    10, -5.640083285079e-01, 1.925045106795e-04, 0.0000e+00, 0.0000e+00, 
 2DIAGNOSTIC,    11, -5.640083469655e-01, 1.223092115214e-04, 0.0000e+00, 0.0000e+00, 
 2DIAGNOSTIC,    12, -5.640075721189e-01, 6.435371064140e-05, 0.0000e+00, 0.0000e+00, 
 2DIAGNOSTIC,    13, -5.640077157261e-01, 2.261340251077e-05, 0.0000e+00, 0.0000e+00, 
 2DIAGNOSTIC,    14, -5.640074489665e-01, 2.385418470030e-06, 0.0000e+00, 0.0000e+00, 
 2DIAGNOSTIC,    15, -5.640074415740e-01, 1.900282192532e-06, 0.0000e+00, 0.0000e+00, 
 2DIAGNOSTIC,    16, -5.640074154779e-01, 1.848656976056e-06, 0.0000e+00, 0.0000e+00, 
 2DIAGNOSTIC,    17, -5.640074421459e-01, 1.773381452748e-06, 0.0000e+00, 0.0000e+00, 
 2DIAGNOSTIC,    18, -5.640073209950e-01, 1.690864851425e-06, 0.0000e+00, 0.0000e+00, 
 2DIAGNOSTIC,    19, -5.640073567359e-01, 1.621279267262e-06, 0.0000e+00, 0.0000e+00, 
 2DIAGNOSTIC,    20, -5.640072233708e-01, 1.552889983922e-06, 0.0000e+00, 0.0000e+00, 
 2DIAGNOSTIC,    21, -5.640072773919e-01, 1.497038614816e-06, 0.0000e+00, 0.0000e+00, 
 2DIAGNOSTIC,    22, -5.640072714626e-01, 1.430034834736e-06, 0.0000e+00, 0.0000e+00, 
 2DIAGNOSTIC,    23, -5.640072899931e-01, 1.374283303490e-06, 0.0000e+00, 0.0000e+00, 
 2DIAGNOSTIC,    24, -5.640073299594e-01, 1.319464855813e-06, 0.0000e+00, 0.0000e+00, 
 2DIAGNOSTIC,    25, -5.640072890799e-01, 1.268816135297e-06, 0.0000e+00, 0.0000e+00, 
 2DIAGNOSTIC,    26, -5.640073299421e-01, 1.222874747651e-06, 0.0000e+00, 0.0000e+00, 
 2DIAGNOSTIC,    27, -5.640073600675e-01, 1.181643070940e-06, 0.0000e+00, 0.0000e+00, 
 2DIAGNOSTIC,    28, -5.640075770980e-01, 1.144867641308e-06, 0.0000e+00, 0.0000e+00, 
 2DIAGNOSTIC,    29, -5.640076264443e-01, 1.111418331153e-06, 0.0000e+00, 0.0000e+00, 
 2DIAGNOSTIC,    30, -5.640076124768e-01, 1.076522492899e-06, 0.0000e+00, 0.0000e+00, 
 2DIAGNOSTIC,    31, -5.640076518577e-01, 1.044097500798e-06, 0.0000e+00, 0.0000e+00, 
 2DIAGNOSTIC,    32, -5.640076733133e-01, 1.012346180350e-06, 0.0000e+00, 0.0000e+00, 
  Elapsed time (stage 0): 0.0000e+00


Total elapsed time: 0.0000e+00
Info [verificarlo]: loaded backend libinterflop_ieee.so
Info [interflop-ieee]: load backend with:
Info [interflop-ieee]: debug = false
Info [interflop-ieee]: debug-binary = false
Info [interflop-ieee]: no-backend-name = false
Info [interflop-ieee]: print-new-line = false
Info [interflop-ieee]: print-subnormal-normalized = false
Info [interflop-ieee]: count-op = false
All_Command_lines_OK
Using double precision for computations.
=============================================================================
The composite transform comprises the following transforms (in order): 
  1. /home/mdugre/scratch/mri-registration-rp/datasets/ds004513/derivatives/mri-registration-rp/0110/antsRegistration-r8-p21/sub-s033/affine_Composite.h5[0] (type = Euler3DTransform)
  2. /home/mdugre/scratch/mri-registration-rp/datasets/ds004513/derivatives/mri-registration-rp/0110/antsRegistration-r8-p21/sub-s033/affine_Composite.h5[1] (type = Euler3DTransform)
  3. /home/mdugre/scratch/mri-registration-rp/datasets/ds004513/derivatives/mri-registration-rp/0110/antsRegistration-r8-p21/sub-s033/affine_Composite.h5[2] (type = Euler3DTransform)
  4. /home/mdugre/scratch/mri-registration-rp/datasets/ds004513/derivatives/mri-registration-rp/0110/antsRegistration-r8-p21/sub-s033/affine_Composite.h5[3] (type = AffineTransform)
=============================================================================
  number of levels = 4
  fixed image: /templateflow/tpl-MNI152NLin2009cAsym/tpl-MNI152NLin2009cAsym_res-01_desc-brain_T1w.nii.gz
  moving image: /home/mdugre/scratch/mri-registration-rp/datasets/ds004513/derivatives/mri-registration-rp/antsBrainExtraction/sub-s033/BrainExtractionBrain.nii.gz
Dimension = 3
Number of stages = 1
Use histogram matching = false
Winsorize image intensities = true
  Lower quantile = 0.005
  Upper quantile = 0.995


Stage 1 State
   Image metric = CC
     Fixed image = Image (0x404ea40)
  RTTI typeinfo:   itk::Image<double, 3u>
  Reference Count: 2
  Modified Time: 1606
  Debug: Off
  Object Name: 
  Observers: 
    none
  Source: (none)
  Source output name: (none)
  Release Data: Off
  Data Released: False
  Global Release Data: Off
  PipelineMTime: 0
  UpdateMTime: 1217
  RealTimeStamp: 0 seconds 
  LargestPossibleRegion: 
    Dimension: 3
    Index: [0, 0, 0]
    Size: [193, 229, 193]
  BufferedRegion: 
    Dimension: 3
    Index: [0, 0, 0]
    Size: [193, 229, 193]
