
##########################
# Experiment information #
##########################

EXPERIMENT_NAME: antsRegistration-r7-p21
VFC_BACKENDS: libinterflop_vprec.so --range-binary32=7 --precision-binary32=21 --range-binary64=7 --precision-binary64=21

SIF_IMG: /home/mdugre/projects/rrg-glatard/mdugre/containers/ants-vprec-no_metrics.simg

SUBJECT_ID: s035
INPUT_IMG: /home/mdugre/scratch/mri-registration-rp/datasets/ds004513/derivatives/mri-registration-rp/antsBrainExtraction/sub-s035/BrainExtractionBrain.nii.gz
OUTPUT_DIR: /home/mdugre/scratch/mri-registration-rp/datasets/ds004513/derivatives/mri-registration-rp/0110/antsRegistration-r7-p21/sub-s035

FIXED_IMG: /templateflow/tpl-MNI152NLin2009cAsym/tpl-MNI152NLin2009cAsym_res-01_desc-brain_T1w.nii.gz
DATA_DIR: /home/mdugre/scratch/mri-registration-rp/datasets/ds004513
TEMPLATEFLOW_DIR: /home/mdugre/projects/rrg-glatard/mdugre/templateflow
ITK_GLOBAL_DEFAULT_NUMBER_OF_THREADS: 16
##########################

Info [verificarlo]: loaded backend libinterflop_ieee.so
Info [interflop-ieee]: load backend with:
Info [interflop-ieee]: debug = false
Info [interflop-ieee]: debug-binary = false
Info [interflop-ieee]: no-backend-name = false
Info [interflop-ieee]: print-new-line = false
Info [interflop-ieee]: print-subnormal-normalized = false
Info [interflop-ieee]: count-op = false
All_Command_lines_OK
Using double precision for computations.
=============================================================================
The composite transform comprises the following transforms (in order): 
  1. Center of mass alignment using fixed image: /templateflow/tpl-MNI152NLin2009cAsym/tpl-MNI152NLin2009cAsym_res-01_desc-brain_T1w.nii.gz and moving image: /home/mdugre/scratch/mri-registration-rp/datasets/ds004513/derivatives/mri-registration-rp/antsBrainExtraction/sub-s035/BrainExtractionBrain.nii.gz (type = Euler3DTransform)
=============================================================================
  number of levels = 1
  fixed image: /templateflow/tpl-MNI152NLin2009cAsym/tpl-MNI152NLin2009cAsym_res-01_desc-brain_T1w.nii.gz
  moving image: /home/mdugre/scratch/mri-registration-rp/datasets/ds004513/derivatives/mri-registration-rp/antsBrainExtraction/sub-s035/BrainExtractionBrain.nii.gz
Dimension = 3
Number of stages = 1
Use histogram matching = false
Winsorize image intensities = true
  Lower quantile = 0.005
  Upper quantile = 0.995


Stage 1 State
   Image metric = MattesMI
     Fixed image = Image (0x51b5e70)
  RTTI typeinfo:   itk::Image<double, 3u>
  Reference Count: 2
  Modified Time: 2330
  Debug: Off
  Object Name: 
  Observers: 
    none
  Source: (none)
  Source output name: (none)
  Release Data: Off
  Data Released: False
  Global Release Data: Off
  PipelineMTime: 0
  UpdateMTime: 1941
  RealTimeStamp: 0 seconds 
  LargestPossibleRegion: 
    Dimension: 3
    Index: [0, 0, 0]
    Size: [193, 229, 193]
  BufferedRegion: 
    Dimension: 3
    Index: [0, 0, 0]
    Size: [193, 229, 193]
  RequestedRegion: 
    Dimension: 3
    Index: [0, 0, 0]
    Size: [193, 229, 193]
  Spacing: [1, 1, 1]
  Origin: [96, 132, -78]
  Direction: 
-1 0 0
0 -1 0
0 0 1

  IndexToPointMatrix: 
-1 0 0
0 -1 0
0 0 1

  PointToIndexMatrix: 
-1 0 0
0 -1 0
0 0 1

  Inverse Direction: 
-1 0 0
0 -1 0
0 0 1

  PixelContainer: 
    ImportImageContainer (0x51bec60)
      RTTI typeinfo:   itk::ImportImageContainer<unsigned long, double>
      Reference Count: 1
      Modified Time: 1938
      Debug: Off
      Object Name: 
      Observers: 
        none
      Pointer: 0x1494f71e7010
      Container manages memory: true
      Size: 8530021
      Capacity: 8530021

     Moving image = Image (0x5252ec0)
  RTTI typeinfo:   itk::Image<double, 3u>
  Reference Count: 2
  Modified Time: 2331
  Debug: Off
  Object Name: 
  Observers: 
    none
  Source: (none)
  Source output name: (none)
  Release Data: Off
  Data Released: False
  Global Release Data: Off
  PipelineMTime: 0
  UpdateMTime: 2328
  RealTimeStamp: 0 seconds 
  LargestPossibleRegion: 
    Dimension: 3
    Index: [0, 0, 0]
    Size: [160, 240, 256]
  BufferedRegion: 
    Dimension: 3
    Index: [0, 0, 0]
    Size: [160, 240, 256]
  RequestedRegion: 
    Dimension: 3
    Index: [0, 0, 0]
    Size: [160, 240, 256]
  Spacing: [1, 1, 1]
  Origin: [98.6438, 87.6358, -117.989]
  Direction: 
-0.993515 -0.100993 -0.0522355
0.100854 -0.994887 0.00530255
-0.0525039 1.93537e-08 0.998621

  IndexToPointMatrix: 
-0.993515 -0.100993 -0.0522355
0.100854 -0.994887 0.00530255
-0.0525039 1.93537e-08 0.998621

  PointToIndexMatrix: 
-0.993515 0.100854 -0.0525039
-0.100993 -0.994887 1.93006e-08
-0.0522355 0.00530255 0.998621

  Inverse Direction: 
-0.993515 0.100854 -0.0525039
-0.100993 -0.994887 1.93006e-08
-0.0522355 0.00530255 0.998621

  PixelContainer: 
    ImportImageContainer (0x52ea610)
      RTTI typeinfo:   itk::ImportImageContainer<unsigned long, double>
      Reference Count: 1
      Modified Time: 2325
      Debug: Off
      Object Name: 
      Observers: 
        none
      Pointer: 0x1494f26e6010
      Container manages memory: true
      Size: 9830400
      Capacity: 9830400

     Weighting = 1
     Sampling strategy = regular
     Number of bins = 32
     Radius = 4
     Sampling percentage  = 0.25
   Transform = Rigid
     Gradient step = 0.1
     Update field sigma (voxel space) = 0
     Total field sigma (voxel space) = 0
     Update field time sigma = 0
     Total field time sigma  = 0
     Number of time indices = 0
     Number of time point samples = 0
Registration using 1 total stages.

Stage 0
  iterations = 0
  convergence threshold = 1e-06
  convergence window size = 10
  number of levels = 1
  using the Mattes MI metric (number of bins = 32, weight = 1, use gradient filter = 0)
  preprocessing:  winsorizing the image intensities
  Shrink factors (level 1 out of 1): [1, 1, 1]
  smoothing sigmas per level: [0]
  regular sampling (percentage = 0.25)

*** Running Euler3DTransform registration ***

  Elapsed time (stage 0): 1.18352


Total elapsed time: 1.18583
Info [verificarlo]: loaded backend libinterflop_vprec.so
Info [interflop-vprec]: load backend with: 
Info [interflop-vprec]: precision-binary32 = 21
Info [interflop-vprec]: range-binary32 = 7
Info [interflop-vprec]: precision-binary64 = 21
Info [interflop-vprec]: range-binary64 = 7
Info [interflop-vprec]: mode = ob
Info [interflop-vprec]: error-mode = rel
Info [interflop-vprec]: max-abs-error-exponent = -1022
Info [interflop-vprec]: daz = false
Info [interflop-vprec]: ftz = false
Info [interflop-vprec]: 	instrument = none
Info [interflop-vprec]: 	prec-input-file = (null)
Info [interflop-vprec]: 	prec-output-file = (null)
Info [interflop-vprec]: 	prec-log-file = (null)
All_Command_lines_OK
Using double precision for computations.
=============================================================================
The composite transform comprises the following transforms (in order): 
  1. /home/mdugre/scratch/mri-registration-rp/datasets/ds004513/derivatives/mri-registration-rp/0110/antsRegistration-r7-p21/sub-s035/align_Composite.h5[0] (type = Euler3DTransform)
  2. /home/mdugre/scratch/mri-registration-rp/datasets/ds004513/derivatives/mri-registration-rp/0110/antsRegistration-r7-p21/sub-s035/align_Composite.h5[1] (type = Euler3DTransform)
=============================================================================
  number of levels = 4
  fixed image: /templateflow/tpl-MNI152NLin2009cAsym/tpl-MNI152NLin2009cAsym_res-01_desc-brain_T1w.nii.gz
  moving image: /home/mdugre/scratch/mri-registration-rp/datasets/ds004513/derivatives/mri-registration-rp/antsBrainExtraction/sub-s035/BrainExtractionBrain.nii.gz
Dimension = 3
Number of stages = 1
Use histogram matching = false
Winsorize image intensities = true
  Lower quantile = 0.005
  Upper quantile = 0.995


Stage 1 State
   Image metric = MattesMI
     Fixed image = Image (0x40161e0)
  RTTI typeinfo:   itk::Image<double, 3u>
  Reference Count: 2
  Modified Time: 1578
  Debug: Off
  Object Name: 
  Observers: 
    none
  Source: (none)
  Source output name: (none)
  Release Data: Off
  Data Released: False
  Global Release Data: Off
  PipelineMTime: 0
  UpdateMTime: 1189
  RealTimeStamp: 0 seconds 
  LargestPossibleRegion: 
    Dimension: 3
    Index: [0, 0, 0]
    Size: [193, 229, 193]
  BufferedRegion: 
    Dimension: 3
    Index: [0, 0, 0]
    Size: [193, 229, 193]
  RequestedRegion: 
    Dimension: 3
    Index: [0, 0, 0]
    Size: [193, 229, 193]
  Spacing: [1, 1, 1]
  Origin: [96, 132, -78]
  Direction: 
-1 0 0
0 -1 0
0 0 1

  IndexToPointMatrix: 
-1 0 0
0 -1 0
0 0 1

  PointToIndexMatrix: 
-1 0 0
0 -1 0
0 0 1

  Inverse Direction: 
-1 0 0
0 -1 0
0 0 1

  PixelContainer: 
    ImportImageContainer (0x40d5680)
      RTTI typeinfo:   itk::ImportImageContainer<unsigned long, double>
      Reference Count: 1
      Modified Time: 1186
      Debug: Off
      Object Name: 
      Observers: 
        none
      Pointer: 0x14f6a4a58010
      Container manages memory: true
      Size: 8530021
      Capacity: 8530021

     Moving image = Image (0x40d1b20)
  RTTI typeinfo:   itk::Image<double, 3u>
  Reference Count: 2
  Modified Time: 1579
  Debug: Off
  Object Name: 
  Observers: 
    none
  Source: (none)
  Source output name: (none)
  Release Data: Off
  Data Released: False
  Global Release Data: Off
  PipelineMTime: 0
  UpdateMTime: 1576
  RealTimeStamp: 0 seconds 
  LargestPossibleRegion: 
    Dimension: 3
    Index: [0, 0, 0]
    Size: [160, 240, 256]
  BufferedRegion: 
    Dimension: 3
    Index: [0, 0, 0]
    Size: [160, 240, 256]
  RequestedRegion: 
    Dimension: 3
    Index: [0, 0, 0]
    Size: [160, 240, 256]
  Spacing: [1, 1, 1]
  Origin: [98.6437, 87.6358, -117.989]
  Direction: 
-0.993515 -0.100993 -0.0522355
0.100854 -0.994887 0.00530255
-0.0525039 1.93537e-08 0.998621

  IndexToPointMatrix: 
-0.993515 -0.100993 -0.0522355
0.100854 -0.994887 0.00530255
-0.0525039 1.93537e-08 0.998621

  PointToIndexMatrix: 
-0.993515 0.100854 -0.0525039
-0.100993 -0.994887 1.19209e-07
-0.0522355 0.00530267 0.998621

  Inverse Direction: 
-0.993515 0.100854 -0.0525039
-0.100993 -0.994887 1.19209e-07
-0.0522355 0.00530267 0.998621

  PixelContainer: 
    ImportImageContainer (0x413ad50)
      RTTI typeinfo:   itk::ImportImageContainer<unsigned long, double>
      Reference Count: 1
      Modified Time: 1573
      Debug: Off
      Object Name: 
      Observers: 
        none
      Pointer: 0x14f69ff57010
      Container manages memory: true
      Size: 9830400
      Capacity: 9830400

     Weighting = 1
     Sampling strategy = regular
     Number of bins = 32
     Radius = 4
     Sampling percentage  = 0.25
   Transform = Rigid
     Gradient step = 0.1
     Update field sigma (voxel space) = 0
     Total field sigma (voxel space) = 0
     Update field time sigma = 0
     Total field time sigma  = 0
     Number of time indices = 0
     Number of time point samples = 0
Registration using 1 total stages.

Stage 0
  iterations = 1000x500x250x100
  convergence threshold = 1e-06
  convergence window size = 10
  number of levels = 4
  using the Mattes MI metric (number of bins = 32, weight = 1, use gradient filter = 0)
  preprocessing:  winsorizing the image intensities
  Shrink factors (level 1 out of 4): [8, 8, 8]
  Shrink factors (level 2 out of 4): [4, 4, 4]
  Shrink factors (level 3 out of 4): [2, 2, 2]
  Shrink factors (level 4 out of 4): [1, 1, 1]
  smoothing sigmas per level: [3, 2, 1, 0]
  regular sampling (percentage = 0.25)

*** Running Euler3DTransform registration ***

DIAGNOSTIC,Iteration,metricValue,convergenceValue,ITERATION_TIME_INDEX,SINCE_LAST
 2DIAGNOSTIC,     1, -5.238632161942e-01, 1.797693134862e+308, 0.0000e+00, 0.0000e+00, 
 2DIAGNOSTIC,     2, -5.257906087826e-01, 1.797693134862e+308, 0.0000e+00, 0.0000e+00, 
 2DIAGNOSTIC,     3, -5.278631911266e-01, 1.797693134862e+308, 0.0000e+00, 0.0000e+00, 
 2DIAGNOSTIC,     4, -5.301613807052e-01, 1.797693134862e+308, 0.0000e+00, 0.0000e+00, 
 2DIAGNOSTIC,     5, -5.343541717564e-01, 1.797693134862e+308, 0.0000e+00, 0.0000e+00, 
 2DIAGNOSTIC,     6, -5.399360375208e-01, 1.797693134862e+308, 0.0000e+00, 0.0000e+00, 
 2DIAGNOSTIC,     7, -5.490789743342e-01, 1.797693134862e+308, 0.0000e+00, 0.0000e+00, 
 2DIAGNOSTIC,     8, -5.544842742506e-01, 1.797693134862e+308, 0.0000e+00, 0.0000e+00, 
 2DIAGNOSTIC,     9, -5.601774329173e-01, 1.797693134862e+308, 0.0000e+00, 0.0000e+00, 
 2DIAGNOSTIC,    10, -5.618795635855e-01, 5.075069400741e-03, 0.0000e+00, 0.0000e+00, 
 2DIAGNOSTIC,    11, -5.649540694131e-01, 4.802625346369e-03, 0.0000e+00, 0.0000e+00, 
 2DIAGNOSTIC,    12, -5.656760141728e-01, 4.257264312004e-03, 0.0000e+00, 0.0000e+00, 
 2DIAGNOSTIC,    13, -5.672409391453e-01, 3.559392052219e-03, 0.0000e+00, 0.0000e+00, 
 2DIAGNOSTIC,    14, -5.735188015712e-01, 2.957292531531e-03, 0.0000e+00, 0.0000e+00, 
 2DIAGNOSTIC,    15, -5.873947035366e-01, 2.781572827324e-03, 0.0000e+00, 0.0000e+00, 
 2DIAGNOSTIC,    16, -6.055484122478e-01, 3.116059452200e-03, 0.0000e+00, 0.0000e+00, 
 2DIAGNOSTIC,    17, -6.206168666438e-01, 3.832477871637e-03, 0.0000e+00, 0.0000e+00, 
 2DIAGNOSTIC,    18, -6.243858650320e-01, 4.361783949687e-03, 0.0000e+00, 0.0000e+00, 
 2DIAGNOSTIC,    19, -6.252431576903e-01, 4.606276410615e-03, 0.0000e+00, 0.0000e+00, 
 2DIAGNOSTIC,    20, -6.253809460652e-01, 4.441372208121e-03, 0.0000e+00, 0.0000e+00, 
 2DIAGNOSTIC,    21, -6.253243196062e-01, 3.947738089152e-03, 0.0000e+00, 0.0000e+00, 
 2DIAGNOSTIC,    22, -6.254142558214e-01, 3.153035711605e-03, 0.0000e+00, 0.0000e+00, 
 2DIAGNOSTIC,    23, -6.255767379545e-01, 2.180140690973e-03, 0.0000e+00, 0.0000e+00, 
 2DIAGNOSTIC,    24, -6.257493999864e-01, 1.224363688430e-03, 0.0000e+00, 0.0000e+00, 
 2DIAGNOSTIC,    25, -6.260294091991e-01, 5.086193618726e-04, 0.0000e+00, 0.0000e+00, 
 2DIAGNOSTIC,    26, -6.264442977385e-01, 1.465011774508e-04, 0.0000e+00, 0.0000e+00, 
 2DIAGNOSTIC,    27, -6.278872720788e-01, 9.566321870121e-05, 0.0000e+00, 0.0000e+00, 
 2DIAGNOSTIC,    28, -6.325329527250e-01, 1.847820390663e-04, 0.0000e+00, 0.0000e+00, 
 2DIAGNOSTIC,    29, -6.366825549216e-01, 3.315910843683e-04, 0.0000e+00, 0.0000e+00, 
 2DIAGNOSTIC,    30, -6.374329288360e-01, 4.502796305153e-04, 0.0000e+00, 0.0000e+00, 
 2DIAGNOSTIC,    31, -6.391275044210e-01, 5.451346496877e-04, 0.0000e+00, 0.0000e+00, 
 2DIAGNOSTIC,    32, -6.407931747996e-01, 6.082671592025e-04, 0.0000e+00, 0.0000e+00, 
 2DIAGNOSTIC,    33, -6.422947206030e-01, 6.323405377125e-04, 0.0000e+00, 0.0000e+00, 
 2DIAGNOSTIC,    34, -6.457430400687e-01, 6.449627169031e-04, 0.0000e+00, 0.0000e+00, 
 2DIAGNOSTIC,    35, -6.472362627383e-01, 6.197752279454e-04, 0.0000e+00, 0.0000e+00, 
 2DIAGNOSTIC,    36, -6.477075342092e-01, 5.499851103386e-04, 0.0000e+00, 0.0000e+00, 
 2DIAGNOSTIC,    37, -6.491461453373e-01, 4.684075524295e-04, 0.0000e+00, 0.0000e+00, 
 2DIAGNOSTIC,    38, -6.502360549679e-01, 4.167468247748e-04, 0.0000e+00, 0.0000e+00, 
 2DIAGNOSTIC,    39, -6.540975459769e-01, 4.247427587224e-04, 0.0000e+00, 0.0000e+00, 
 2DIAGNOSTIC,    40, -6.572063696736e-01, 4.359841209385e-04, 0.0000e+00, 0.0000e+00, 
 2DIAGNOSTIC,    41, -6.576159699218e-01, 4.291200681593e-04, 0.0000e+00, 0.0000e+00, 
 2DIAGNOSTIC,    42, -6.581633471591e-01, 4.074199754980e-04, 0.0000e+00, 0.0000e+00, 
 2DIAGNOSTIC,    43, -6.584591714821e-01, 3.668305977981e-04, 0.0000e+00, 0.0000e+00, 
 2DIAGNOSTIC,    44, -6.608677120451e-01, 3.545269148758e-04, 0.0000e+00, 0.0000e+00, 
 2DIAGNOSTIC,    45, -6.611614585365e-01, 3.264926073727e-04, 0.0000e+00, 0.0000e+00, 
 2DIAGNOSTIC,    46, -6.617041013647e-01, 2.793220403578e-04, 0.0000e+00, 0.0000e+00, 
 2DIAGNOSTIC,    47, -6.623478055554e-01, 2.290856222475e-04, 0.0000e+00, 0.0000e+00, 
 2DIAGNOSTIC,    48, -6.626786360992e-01, 1.721369904085e-04, 0.0000e+00, 0.0000e+00, 
 2DIAGNOSTIC,    49, -6.631920045341e-01, 1.415898355602e-04, 0.0000e+00, 0.0000e+00, 
 2DIAGNOSTIC,    50, -6.635308100966e-01, 1.305980900884e-04, 0.0000e+00, 0.0000e+00, 
 2DIAGNOSTIC,    51, -6.640898408456e-01, 1.165442080108e-04, 0.0000e+00, 0.0000e+00, 
 2DIAGNOSTIC,    52, -6.655862964486e-01, 1.101492996828e-04, 0.0000e+00, 0.0000e+00, 
 2DIAGNOSTIC,    53, -6.656412528688e-01, 9.572426387883e-05, 0.0000e+00, 0.0000e+00, 
 2DIAGNOSTIC,    54, -6.657715223792e-01, 9.455773880964e-05, 0.0000e+00, 0.0000e+00, 
 2DIAGNOSTIC,    55, -6.667253958935e-01, 9.491132016081e-05, 0.0000e+00, 0.0000e+00, 
 2DIAGNOSTIC,    56, -6.671864497412e-01, 9.403007165399e-05, 0.0000e+00, 0.0000e+00, 
 2DIAGNOSTIC,    57, -6.677577291919e-01, 9.376889733770e-05, 0.0000e+00, 0.0000e+00, 
 2DIAGNOSTIC,    58, -6.715331925097e-01, 1.168841009672e-04, 0.0000e+00, 0.0000e+00, 
 2DIAGNOSTIC,    59, -6.750366418940e-01, 1.584345748943e-04, 0.0000e+00, 0.0000e+00, 
 2DIAGNOSTIC,    60, -6.751027201113e-01, 1.859368916454e-04, 0.0000e+00, 0.0000e+00, 
 2DIAGNOSTIC,    61, -6.755432012862e-01, 2.024675075804e-04, 0.0000e+00, 0.0000e+00, 
 2DIAGNOSTIC,    62, -6.763980253449e-01, 2.165044204214e-04, 0.0000e+00, 0.0000e+00, 
 2DIAGNOSTIC,    63, -6.768507332715e-01, 2.123643196958e-04, 0.0000e+00, 0.0000e+00, 
 2DIAGNOSTIC,    64, -6.770663262523e-01, 1.898655984190e-04, 0.0000e+00, 0.0000e+00, 
 2DIAGNOSTIC,    65, -6.772706273159e-01, 1.583327643961e-04, 0.0000e+00, 0.0000e+00, 
 2DIAGNOSTIC,    66, -6.773884500332e-01, 1.171561397835e-04, 0.0000e+00, 0.0000e+00, 
 2DIAGNOSTIC,    67, -6.774029879650e-01, 6.948584762091e-05, 0.0000e+00, 0.0000e+00, 
 2DIAGNOSTIC,    68, -6.774286838596e-01, 4.123872592142e-05, 0.0000e+00, 0.0000e+00, 
 2DIAGNOSTIC,    69, -6.773427334656e-01, 3.235070780871e-05, 0.0000e+00, 0.0000e+00, 
 2DIAGNOSTIC,    70, -6.773844129024e-01, 2.138156455056e-05, 0.0000e+00, 0.0000e+00, 
 2DIAGNOSTIC,    71, -6.775645386281e-01, 1.253379223533e-05, 0.0000e+00, 0.0000e+00, 
 2DIAGNOSTIC,    72, -6.774837418942e-01, 7.530821757293e-06, 0.0000e+00, 0.0000e+00, 
 2DIAGNOSTIC,    73, -6.775719035354e-01, 5.339289644008e-06, 0.0000e+00, 0.0000e+00, 
 2DIAGNOSTIC,    74, -6.777473915803e-01, 5.089382155056e-06, 0.0000e+00, 0.0000e+00, 
 2DIAGNOSTIC,    75, -6.773946610177e-01, 3.459325543291e-06, 0.0000e+00, 0.0000e+00, 
 2DIAGNOSTIC,    76, -6.777032755154e-01, 4.150818582615e-06, 0.0000e+00, 0.0000e+00, 
 2DIAGNOSTIC,    77, -6.779825106381e-01, 6.108305658356e-06, 0.0000e+00, 0.0000e+00, 
 2DIAGNOSTIC,    78, -6.780903582474e-01, 8.196337283389e-06, 0.0000e+00, 0.0000e+00, 
 2DIAGNOSTIC,    79, -6.779936066673e-01, 8.463722393369e-06, 0.0000e+00, 0.0000e+00, 
 2DIAGNOSTIC,    80, -6.780517740308e-01, 8.550094978072e-06, 0.0000e+00, 0.0000e+00, 
 2DIAGNOSTIC,    81, -6.780962978426e-01, 9.087219021401e-06, 0.0000e+00, 0.0000e+00, 
 2DIAGNOSTIC,    82, -6.780583255038e-01, 8.049133519572e-06, 0.0000e+00, 0.0000e+00, 
 2DIAGNOSTIC,    83, -6.783462449403e-01, 8.294126525558e-06, 0.0000e+00, 0.0000e+00, 
 2DIAGNOSTIC,    84, -6.786157006728e-01, 1.018721984140e-05, 0.0000e+00, 0.0000e+00, 
 2DIAGNOSTIC,    85, -6.789440583605e-01, 1.091137054789e-05, 0.0000e+00, 0.0000e+00, 
 2DIAGNOSTIC,    86, -6.795462577448e-01, 1.525000111030e-05, 0.0000e+00, 0.0000e+00, 
 2DIAGNOSTIC,    87, -6.800814083395e-01, 2.213537623799e-05, 0.0000e+00, 0.0000e+00, 
 2DIAGNOSTIC,    88, -6.803056651341e-01, 2.840515213118e-05, 0.0000e+00, 0.0000e+00, 
 2DIAGNOSTIC,    89, -6.815317623140e-01, 3.744508449546e-05, 0.0000e+00, 0.0000e+00, 
 2DIAGNOSTIC,    90, -6.845005185511e-01, 5.743250517343e-05, 0.0000e+00, 0.0000e+00, 
 2DIAGNOSTIC,    91, -6.847281373192e-01, 7.241420383481e-05, 0.0000e+00, 0.0000e+00, 
 2DIAGNOSTIC,    92, -6.848281141925e-01, 8.056154086837e-05, 0.0000e+00, 0.0000e+00, 
 2DIAGNOSTIC,    93, -6.848363511221e-01, 8.238358958916e-05, 0.0000e+00, 0.0000e+00, 
 2DIAGNOSTIC,    94, -6.848488792609e-01, 7.745615092787e-05, 0.0000e+00, 0.0000e+00, 
 2DIAGNOSTIC,    95, -6.848652724748e-01, 6.649859727131e-05, 0.0000e+00, 0.0000e+00, 
 2DIAGNOSTIC,    96, -6.848878891146e-01, 5.221754394733e-05, 0.0000e+00, 0.0000e+00, 
 2DIAGNOSTIC,    97, -6.849172148297e-01, 3.604086027188e-05, 0.0000e+00, 0.0000e+00, 
 2DIAGNOSTIC,    98, -6.849550198991e-01, 1.795431420760e-05, 0.0000e+00, 0.0000e+00, 
 2DIAGNOSTIC,    99, -6.850050426580e-01, 3.862118746931e-06, 0.0000e+00, 0.0000e+00, 
 2DIAGNOSTIC,   100, -6.850731713858e-01, 3.058125671055e-06, 0.0000e+00, 0.0000e+00, 
 2DIAGNOSTIC,   101, -6.852468365693e-01, 3.737334663923e-06, 0.0000e+00, 0.0000e+00, 
 2DIAGNOSTIC,   102, -6.853195865375e-01, 4.800241036107e-06, 0.0000e+00, 0.0000e+00, 
 2DIAGNOSTIC,   103, -6.853573251270e-01, 5.606242935554e-06, 0.0000e+00, 0.0000e+00, 
 2DIAGNOSTIC,   104, -6.855285331565e-01, 6.666952854013e-06, 0.0000e+00, 0.0000e+00, 
 2DIAGNOSTIC,   105, -6.856032682113e-01, 7.452135989995e-06, 0.0000e+00, 0.0000e+00, 
 2DIAGNOSTIC,   106, -6.856298020225e-01, 7.724008095613e-06, 0.0000e+00, 0.0000e+00, 
 2DIAGNOSTIC,   107, -6.856702869241e-01, 7.565327498840e-06, 0.0000e+00, 0.0000e+00, 
 2DIAGNOSTIC,   108, -6.857029719066e-01, 6.997458037361e-06, 0.0000e+00, 0.0000e+00, 
 2DIAGNOSTIC,   109, -6.857158474810e-01, 6.037441607003e-06, 0.0000e+00, 0.0000e+00, 
 2DIAGNOSTIC,   110, -6.857170507625e-01, 4.797422002980e-06, 0.0000e+00, 0.0000e+00, 
 2DIAGNOSTIC,   111, -6.857178941238e-01, 3.836768563237e-06, 0.0000e+00, 0.0000e+00, 
 2DIAGNOSTIC,   112, -6.857216747670e-01, 2.856186178004e-06, 0.0000e+00, 0.0000e+00, 
 2DIAGNOSTIC,   113, -6.857274232298e-01, 1.797222379321e-06, 0.0000e+00, 0.0000e+00, 
 2DIAGNOSTIC,   114, -6.857350599061e-01, 1.291136290141e-06, 0.0000e+00, 0.0000e+00, 
 2DIAGNOSTIC,   115, -6.857540661399e-01, 1.053770101596e-06, 0.0000e+00, 0.0000e+00, 
 2DIAGNOSTIC,   116, -6.859861731555e-01, 1.715703943833e-06, 0.0000e+00, 0.0000e+00, 
 2DIAGNOSTIC,   117, -6.860527350937e-01, 2.599701971407e-06, 0.0000e+00, 0.0000e+00, 
 2DIAGNOSTIC,   118, -6.860636184928e-01, 3.407236153352e-06, 0.0000e+00, 0.0000e+00, 
 2DIAGNOSTIC,   119, -6.860997635668e-01, 4.092077068744e-06, 0.0000e+00, 0.0000e+00, 
 2DIAGNOSTIC,   120, -6.862041414671e-01, 4.775132093170e-06, 0.0000e+00, 0.0000e+00, 
 2DIAGNOSTIC,   121, -6.862226056617e-01, 5.056327914338e-06, 0.0000e+00, 0.0000e+00, 
 2DIAGNOSTIC,   122, -6.862406605697e-01, 4.945314678132e-06, 0.0000e+00, 0.0000e+00, 
 2DIAGNOSTIC,   123, -6.862436027748e-01, 4.430294787083e-06, 0.0000e+00, 0.0000e+00, 
 2DIAGNOSTIC,   124, -6.862631065764e-01, 3.625381406863e-06, 0.0000e+00, 0.0000e+00, 
 2DIAGNOSTIC,   125, -6.862711437286e-01, 2.575128120503e-06, 0.0000e+00, 0.0000e+00, 
 2DIAGNOSTIC,   126, -6.862839775078e-01, 2.156237835916e-06, 0.0000e+00, 0.0000e+00, 
 2DIAGNOSTIC,   127, -6.863167162892e-01, 1.905358464773e-06, 0.0000e+00, 0.0000e+00, 
 2DIAGNOSTIC,   128, -6.863264182084e-01, 1.567961378788e-06, 0.0000e+00, 0.0000e+00, 
 2DIAGNOSTIC,   129, -6.863281585376e-01, 1.228152326203e-06, 0.0000e+00, 0.0000e+00, 
 2DIAGNOSTIC,   130, -6.863296170689e-01, 1.153080653023e-06, 0.0000e+00, 0.0000e+00, 
 2DIAGNOSTIC,   131, -6.863328124354e-01, 1.062581761371e-06, 0.0000e+00, 0.0000e+00, 
DIAGNOSTIC,Iteration,metricValue,convergenceValue,ITERATION_TIME_INDEX,SINCE_LAST
 2DIAGNOSTIC,     1, -5.581476921001e-01, 1.797693134862e+308, 0.0000e+00, 0.0000e+00, 
 2DIAGNOSTIC,     2, -5.584911369304e-01, 1.797693134862e+308, 0.0000e+00, 0.0000e+00, 
 2DIAGNOSTIC,     3, -5.590484290274e-01, 1.797693134862e+308, 0.0000e+00, 0.0000e+00, 
 2DIAGNOSTIC,     4, -5.597291107189e-01, 1.797693134862e+308, 0.0000e+00, 0.0000e+00, 
 2DIAGNOSTIC,     5, -5.607783529044e-01, 1.797693134862e+308, 0.0000e+00, 0.0000e+00, 
 2DIAGNOSTIC,     6, -5.611391446072e-01, 1.797693134862e+308, 0.0000e+00, 0.0000e+00, 
 2DIAGNOSTIC,     7, -5.622126051866e-01, 1.797693134862e+308, 0.0000e+00, 0.0000e+00, 
 2DIAGNOSTIC,     8, -5.635494329567e-01, 1.797693134862e+308, 0.0000e+00, 0.0000e+00, 
 2DIAGNOSTIC,     9, -5.640904022343e-01, 1.797693134862e+308, 0.0000e+00, 0.0000e+00, 
 2DIAGNOSTIC,    10, -5.645074927524e-01, 7.948138008304e-04, 0.0000e+00, 0.0000e+00, 
 2DIAGNOSTIC,    11, -5.645979723245e-01, 7.119677228218e-04, 0.0000e+00, 0.0000e+00, 
 2DIAGNOSTIC,    12, -5.647270800124e-01, 5.991994763905e-04, 0.0000e+00, 0.0000e+00, 
 2DIAGNOSTIC,    13, -5.657894545179e-01, 5.119695305411e-04, 0.0000e+00, 0.0000e+00, 
 2DIAGNOSTIC,    14, -5.660234458064e-01, 4.221776772505e-04, 0.0000e+00, 0.0000e+00, 
 2DIAGNOSTIC,    15, -5.660259946672e-01, 3.423186240194e-04, 0.0000e+00, 0.0000e+00, 
 2DIAGNOSTIC,    16, -5.660368079731e-01, 2.533794712594e-04, 0.0000e+00, 0.0000e+00, 
 2DIAGNOSTIC,    17, -5.660525588518e-01, 1.833384219357e-04, 0.0000e+00, 0.0000e+00, 
 2DIAGNOSTIC,    18, -5.660539961457e-01, 1.410814411353e-04, 0.0000e+00, 0.0000e+00, 
 2DIAGNOSTIC,    19, -5.660445871106e-01, 1.040688136050e-04, 0.0000e+00, 0.0000e+00, 
 2DIAGNOSTIC,    20, -5.660376483523e-01, 7.200721784317e-05, 0.0000e+00, 0.0000e+00, 
 2DIAGNOSTIC,    21, -5.660358974117e-01, 3.889258548235e-05, 0.0000e+00, 0.0000e+00, 
 2DIAGNOSTIC,    22, -5.660390236995e-01, 7.698893677827e-06, 0.0000e+00, 0.0000e+00, 
 2DIAGNOSTIC,    23, -5.660383463948e-01, 1.765716386048e-06, 0.0000e+00, 0.0000e+00, 
 2DIAGNOSTIC,    24, -5.660358934283e-01, 1.167160321655e-06, 0.0000e+00, 0.0000e+00, 
DIAGNOSTIC,Iteration,metricValue,convergenceValue,ITERATION_TIME_INDEX,SINCE_LAST
 2DIAGNOSTIC,     1, -5.036399743417e-01, 1.797693134862e+308, 0.0000e+00, 0.0000e+00, 
 2DIAGNOSTIC,     2, -5.038270088822e-01, 1.797693134862e+308, 0.0000e+00, 0.0000e+00, 
 2DIAGNOSTIC,     3, -5.039891181441e-01, 1.797693134862e+308, 0.0000e+00, 0.0000e+00, 
 2DIAGNOSTIC,     4, -5.041303054115e-01, 1.797693134862e+308, 0.0000e+00, 0.0000e+00, 
 2DIAGNOSTIC,     5, -5.041925880561e-01, 1.797693134862e+308, 0.0000e+00, 0.0000e+00, 
 2DIAGNOSTIC,     6, -5.043414825564e-01, 1.797693134862e+308, 0.0000e+00, 0.0000e+00, 
 2DIAGNOSTIC,     7, -5.043965968696e-01, 1.797693134862e+308, 0.0000e+00, 0.0000e+00, 
 2DIAGNOSTIC,     8, -5.044123224983e-01, 1.797693134862e+308, 0.0000e+00, 0.0000e+00, 
 2DIAGNOSTIC,     9, -5.044088992232e-01, 1.797693134862e+308, 0.0000e+00, 0.0000e+00, 
 2DIAGNOSTIC,    10, -5.044160332115e-01, 1.007336824235e-04, 0.0000e+00, 0.0000e+00, 
 2DIAGNOSTIC,    11, -5.044211510292e-01, 6.820070342549e-05, 0.0000e+00, 0.0000e+00, 
 2DIAGNOSTIC,    12, -5.044453249494e-01, 4.498870211574e-05, 0.0000e+00, 0.0000e+00, 
 2DIAGNOSTIC,    13, -5.044695022338e-01, 2.952391857311e-05, 0.0000e+00, 0.0000e+00, 
 2DIAGNOSTIC,    14, -5.045036123937e-01, 2.089021866401e-05, 0.0000e+00, 0.0000e+00, 
 2DIAGNOSTIC,    15, -5.046673629806e-01, 2.005956151264e-05, 0.0000e+00, 0.0000e+00, 
 2DIAGNOSTIC,    16, -5.046979912997e-01, 2.381662928573e-05, 0.0000e+00, 0.0000e+00, 
 2DIAGNOSTIC,    17, -5.046999819432e-01, 2.704035460353e-05, 0.0000e+00, 0.0000e+00, 
 2DIAGNOSTIC,    18, -5.047000815375e-01, 2.815840829692e-05, 0.0000e+00, 0.0000e+00, 
 2DIAGNOSTIC,    19, -5.046994890404e-01, 2.657923900561e-05, 0.0000e+00, 0.0000e+00, 
 2DIAGNOSTIC,    20, -5.046993090688e-01, 2.297203710162e-05, 0.0000e+00, 0.0000e+00, 
 2DIAGNOSTIC,    21, -5.046989431661e-01, 1.781812415994e-05, 0.0000e+00, 0.0000e+00, 
 2DIAGNOSTIC,    22, -5.046983997156e-01, 1.227361338052e-05, 0.0000e+00, 0.0000e+00, 
 2DIAGNOSTIC,    23, -5.046977115241e-01, 6.810783556813e-06, 0.0000e+00, 0.0000e+00, 
 2DIAGNOSTIC,    24, -5.046969271180e-01, 1.976809479061e-06, 0.0000e+00, 0.0000e+00, 
 2DIAGNOSTIC,    25, -5.046961422292e-01, 1.122486615213e-06, 0.0000e+00, 0.0000e+00, 
DIAGNOSTIC,Iteration,metricValue,convergenceValue,ITERATION_TIME_INDEX,SINCE_LAST
 2DIAGNOSTIC,     1, -4.672815996415e-01, 1.797693134862e+308, 0.0000e+00, 0.0000e+00, 
 2DIAGNOSTIC,     2, -4.674019776507e-01, 1.797693134862e+308, 0.0000e+00, 0.0000e+00, 
 2DIAGNOSTIC,     3, -4.674879976814e-01, 1.797693134862e+308, 0.0000e+00, 0.0000e+00, 
 2DIAGNOSTIC,     4, -4.675113522629e-01, 1.797693134862e+308, 0.0000e+00, 0.0000e+00, 
 2DIAGNOSTIC,     5, -4.675111648118e-01, 1.797693134862e+308, 0.0000e+00, 0.0000e+00, 
 2DIAGNOSTIC,     6, -4.675111737581e-01, 1.797693134862e+308, 0.0000e+00, 0.0000e+00, 
 2DIAGNOSTIC,     7, -4.675111902937e-01, 1.797693134862e+308, 0.0000e+00, 0.0000e+00, 
 2DIAGNOSTIC,     8, -4.675111926621e-01, 1.797693134862e+308, 0.0000e+00, 0.0000e+00, 
 2DIAGNOSTIC,     9, -4.675111602350e-01, 1.797693134862e+308, 0.0000e+00, 0.0000e+00, 
 2DIAGNOSTIC,    10, -4.675111573734e-01, 2.392581296116e-05, 0.0000e+00, 0.0000e+00, 
 2DIAGNOSTIC,    11, -4.675111580907e-01, 1.004152838383e-05, 0.0000e+00, 0.0000e+00, 
 2DIAGNOSTIC,    12, -4.675111577365e-01, 3.818540720388e-06, 0.0000e+00, 0.0000e+00, 
 2DIAGNOSTIC,    13, -4.675111588102e-01, 2.439318398412e-06, 0.0000e+00, 0.0000e+00, 
 2DIAGNOSTIC,    14, -4.675111588102e-01, 2.272576928877e-06, 0.0000e+00, 0.0000e+00, 
 2DIAGNOSTIC,    15, -4.675111594762e-01, 2.120736720707e-06, 0.0000e+00, 0.0000e+00, 
 2DIAGNOSTIC,    16, -4.675111662707e-01, 1.988685999391e-06, 0.0000e+00, 0.0000e+00, 
 2DIAGNOSTIC,    17, -4.675111408487e-01, 1.872015648149e-06, 0.0000e+00, 0.0000e+00, 
 2DIAGNOSTIC,    18, -4.675111404447e-01, 1.768580510125e-06, 0.0000e+00, 0.0000e+00, 
 2DIAGNOSTIC,    19, -4.675111405598e-01, 1.675083045827e-06, 0.0000e+00, 0.0000e+00, 
 2DIAGNOSTIC,    20, -4.675111410785e-01, 1.590970687221e-06, 0.0000e+00, 0.0000e+00, 
 2DIAGNOSTIC,    21, -4.675111361763e-01, 1.514895391720e-06, 0.0000e+00, 0.0000e+00, 
 2DIAGNOSTIC,    22, -4.675110993251e-01, 1.444893080613e-06, 0.0000e+00, 0.0000e+00, 
 2DIAGNOSTIC,    23, -4.675111011566e-01, 1.381356781710e-06, 0.0000e+00, 0.0000e+00, 
 2DIAGNOSTIC,    24, -4.675111467790e-01, 1.324572466474e-06, 0.0000e+00, 0.0000e+00, 
 2DIAGNOSTIC,    25, -4.675111534385e-01, 1.272690645232e-06, 0.0000e+00, 0.0000e+00, 
 2DIAGNOSTIC,    26, -4.675111278270e-01, 1.224517580001e-06, 0.0000e+00, 0.0000e+00, 
 2DIAGNOSTIC,    27, -4.675110833618e-01, 1.178437723848e-06, 0.0000e+00, 0.0000e+00, 
 2DIAGNOSTIC,    28, -4.675109732743e-01, 1.133385944797e-06, 0.0000e+00, 0.0000e+00, 
 2DIAGNOSTIC,    29, -4.675110057196e-01, 1.092530032248e-06, 0.0000e+00, 0.0000e+00, 
 2DIAGNOSTIC,    30, -4.675109990379e-01, 1.054749046547e-06, 0.0000e+00, 0.0000e+00, 
 2DIAGNOSTIC,    31, -4.675109992438e-01, 1.019993818636e-06, 0.0000e+00, 0.0000e+00, 
  Elapsed time (stage 0): 0.0000e+00


Total elapsed time: 0.0000e+00
Info [verificarlo]: loaded backend libinterflop_vprec.so
Info [interflop-vprec]: load backend with: 
Info [interflop-vprec]: precision-binary32 = 21
Info [interflop-vprec]: range-binary32 = 7
Info [interflop-vprec]: precision-binary64 = 21
Info [interflop-vprec]: range-binary64 = 7
Info [interflop-vprec]: mode = ob
Info [interflop-vprec]: error-mode = rel
Info [interflop-vprec]: max-abs-error-exponent = -1022
Info [interflop-vprec]: daz = false
Info [interflop-vprec]: ftz = false
Info [interflop-vprec]: 	instrument = none
Info [interflop-vprec]: 	prec-input-file = (null)
Info [interflop-vprec]: 	prec-output-file = (null)
Info [interflop-vprec]: 	prec-log-file = (null)
All_Command_lines_OK
Using double precision for computations.
=============================================================================
The composite transform comprises the following transforms (in order): 
  1. /home/mdugre/scratch/mri-registration-rp/datasets/ds004513/derivatives/mri-registration-rp/0110/antsRegistration-r7-p21/sub-s035/rigid_Composite.h5[0] (type = Euler3DTransform)
  2. /home/mdugre/scratch/mri-registration-rp/datasets/ds004513/derivatives/mri-registration-rp/0110/antsRegistration-r7-p21/sub-s035/rigid_Composite.h5[1] (type = Euler3DTransform)
  3. /home/mdugre/scratch/mri-registration-rp/datasets/ds004513/derivatives/mri-registration-rp/0110/antsRegistration-r7-p21/sub-s035/rigid_Composite.h5[2] (type = Euler3DTransform)
=============================================================================
  number of levels = 4
  fixed image: /templateflow/tpl-MNI152NLin2009cAsym/tpl-MNI152NLin2009cAsym_res-01_desc-brain_T1w.nii.gz
  moving image: /home/mdugre/scratch/mri-registration-rp/datasets/ds004513/derivatives/mri-registration-rp/antsBrainExtraction/sub-s035/BrainExtractionBrain.nii.gz
Dimension = 3
Number of stages = 1
Use histogram matching = false
Winsorize image intensities = true
  Lower quantile = 0.005
  Upper quantile = 0.995


Stage 1 State
   Image metric = MattesMI
     Fixed image = Image (0x3efc490)
  RTTI typeinfo:   itk::Image<double, 3u>
  Reference Count: 2
  Modified Time: 1592
  Debug: Off
  Object Name: 
  Observers: 
    none
  Source: (none)
  Source output name: (none)
  Release Data: Off
  Data Released: False
  Global Release Data: Off
  PipelineMTime: 0
  UpdateMTime: 1203
  RealTimeStamp: 0 seconds 
  LargestPossibleRegion: 
    Dimension: 3
    Index: [0, 0, 0]
    Size: [193, 229, 193]
  BufferedRegion: 
    Dimension: 3
    Index: [0, 0, 0]
    Size: [193, 229, 193]
  RequestedRegion: 
    Dimension: 3
    Index: [0, 0, 0]
    Size: [193, 229, 193]
  Spacing: [1, 1, 1]
  Origin: [96, 132, -78]
  Direction: 
-1 0 0
0 -1 0
0 0 1

  IndexToPointMatrix: 
-1 0 0
0 -1 0
0 0 1

  PointToIndexMatrix: 
-1 0 0
0 -1 0
0 0 1

  Inverse Direction: 
-1 0 0
0 -1 0
0 0 1

  PixelContainer: 
    ImportImageContainer (0x3fb4fa0)
      RTTI typeinfo:   itk::ImportImageContainer<unsigned long, double>
      Reference Count: 1
      Modified Time: 1200
      Debug: Off
      Object Name: 
      Observers: 
        none
      Pointer: 0x14d85b36d010
      Container manages memory: true
      Size: 8530021
      Capacity: 8530021

     Moving image = Image (0x3fb7d20)
  RTTI typeinfo:   itk::Image<double, 3u>
  Reference Count: 2
  Modified Time: 1593
  Debug: Off
  Object Name: 
  Observers: 
    none
  Source: (none)
  Source output name: (none)
  Release Data: Off
  Data Released: False
  Global Release Data: Off
  PipelineMTime: 0
  UpdateMTime: 1590
  RealTimeStamp: 0 seconds 
  LargestPossibleRegion: 
    Dimension: 3
    Index: [0, 0, 0]
    Size: [160, 240, 256]
  BufferedRegion: 
    Dimension: 3
    Index: [0, 0, 0]
    Size: [160, 240, 256]
  RequestedRegion: 
    Dimension: 3
    Index: [0, 0, 0]
    Size: [160, 240, 256]
  Spacing: [1, 1, 1]
  Origin: [98.6437, 87.6358, -117.989]
  Direction: 
-0.993515 -0.100993 -0.0522355
0.100854 -0.994887 0.00530255
-0.0525039 1.93537e-08 0.998621

  IndexToPointMatrix: 
-0.993515 -0.100993 -0.0522355
0.100854 -0.994887 0.00530255
-0.0525039 1.93537e-08 0.998621

  PointToIndexMatrix: 
-0.993515 0.100854 -0.0525039
-0.100993 -0.994887 1.19209e-07
-0.0522355 0.00530267 0.998621

  Inverse Direction: 
-0.993515 0.100854 -0.0525039
-0.100993 -0.994887 1.19209e-07
-0.0522355 0.00530267 0.998621

  PixelContainer: 
    ImportImageContainer (0x4073390)
      RTTI typeinfo:   itk::ImportImageContainer<unsigned long, double>
      Reference Count: 1
      Modified Time: 1587
      Debug: Off
      Object Name: 
      Observers: 
        none
      Pointer: 0x14d85686c010
      Container manages memory: true
      Size: 9830400
      Capacity: 9830400

     Weighting = 1
     Sampling strategy = regular
     Number of bins = 32
     Radius = 4
     Sampling percentage  = 0.25
   Transform = Affine
     Gradient step = 0.1
     Update field sigma (voxel space) = 0
     Total field sigma (voxel space) = 0
     Update field time sigma = 0
     Total field time sigma  = 0
     Number of time indices = 0
     Number of time point samples = 0
Registration using 1 total stages.

Stage 0
  iterations = 1000x500x250x100
  convergence threshold = 1e-06
  convergence window size = 10
  number of levels = 4
  using the Mattes MI metric (number of bins = 32, weight = 1, use gradient filter = 0)
  preprocessing:  winsorizing the image intensities
  Shrink factors (level 1 out of 4): [8, 8, 8]
  Shrink factors (level 2 out of 4): [4, 4, 4]
  Shrink factors (level 3 out of 4): [2, 2, 2]
  Shrink factors (level 4 out of 4): [1, 1, 1]
  smoothing sigmas per level: [3, 2, 1, 0]
  regular sampling (percentage = 0.25)

*** Running AffineTransform registration ***

DIAGNOSTIC,Iteration,metricValue,convergenceValue,ITERATION_TIME_INDEX,SINCE_LAST
 2DIAGNOSTIC,     1, -6.756213916377e-01, 1.797693134862e+308, 0.0000e+00, 0.0000e+00, 
 2DIAGNOSTIC,     2, -6.776985178982e-01, 1.797693134862e+308, 0.0000e+00, 0.0000e+00, 
 2DIAGNOSTIC,     3, -6.812558699975e-01, 1.797693134862e+308, 0.0000e+00, 0.0000e+00, 
 2DIAGNOSTIC,     4, -6.867423846576e-01, 1.797693134862e+308, 0.0000e+00, 0.0000e+00, 
 2DIAGNOSTIC,     5, -6.970993995804e-01, 1.797693134862e+308, 0.0000e+00, 0.0000e+00, 
 2DIAGNOSTIC,     6, -7.087742350514e-01, 1.797693134862e+308, 0.0000e+00, 0.0000e+00, 
 2DIAGNOSTIC,     7, -7.247923336307e-01, 1.797693134862e+308, 0.0000e+00, 0.0000e+00, 
 2DIAGNOSTIC,     8, -7.340824104899e-01, 1.797693134862e+308, 0.0000e+00, 0.0000e+00, 
 2DIAGNOSTIC,     9, -7.346616469220e-01, 1.797693134862e+308, 0.0000e+00, 0.0000e+00, 
 2DIAGNOSTIC,    10, -7.355126356009e-01, 6.706941046601e-03, 0.0000e+00, 0.0000e+00, 
 2DIAGNOSTIC,    11, -7.369966648722e-01, 5.847198535889e-03, 0.0000e+00, 0.0000e+00, 
 2DIAGNOSTIC,    12, -7.375550524477e-01, 4.693303153752e-03, 0.0000e+00, 0.0000e+00, 
 2DIAGNOSTIC,    13, -7.376466231538e-01, 3.411228423509e-03, 0.0000e+00, 0.0000e+00, 
 2DIAGNOSTIC,    14, -7.375860556046e-01, 2.165895594449e-03, 0.0000e+00, 0.0000e+00, 
 2DIAGNOSTIC,    15, -7.375881455918e-01, 1.168486040497e-03, 0.0000e+00, 0.0000e+00, 
 2DIAGNOSTIC,    16, -7.375500379546e-01, 4.714401911468e-04, 0.0000e+00, 0.0000e+00, 
 2DIAGNOSTIC,    17, -7.377135618670e-01, 1.857225919345e-04, 0.0000e+00, 0.0000e+00, 
 2DIAGNOSTIC,    18, -7.377826353483e-01, 1.210888549519e-04, 0.0000e+00, 0.0000e+00, 
 2DIAGNOSTIC,    19, -7.377250239926e-01, 6.326166885993e-05, 0.0000e+00, 0.0000e+00, 
 2DIAGNOSTIC,    20, -7.376993519718e-01, 2.131869811227e-05, 0.0000e+00, 0.0000e+00, 
 2DIAGNOSTIC,    21, -7.377240905818e-01, 9.614199592528e-06, 0.0000e+00, 0.0000e+00, 
 2DIAGNOSTIC,    22, -7.377176469719e-01, 7.958594108334e-06, 0.0000e+00, 0.0000e+00, 
 2DIAGNOSTIC,    23, -7.377336268063e-01, 7.674091520318e-06, 0.0000e+00, 0.0000e+00, 
 2DIAGNOSTIC,    24, -7.377212490231e-01, 5.680718280998e-06, 0.0000e+00, 0.0000e+00, 
 2DIAGNOSTIC,    25, -7.378066750632e-01, 4.897380934635e-06, 0.0000e+00, 0.0000e+00, 
DIAGNOSTIC,Iteration,metricValue,convergenceValue,ITERATION_TIME_INDEX,SINCE_LAST
 2DIAGNOSTIC,     1, -6.061427345749e-01, 1.797693134862e+308, 0.0000e+00, 0.0000e+00, 
 2DIAGNOSTIC,     2, -6.068422929318e-01, 1.797693134862e+308, 0.0000e+00, 0.0000e+00, 
 2DIAGNOSTIC,     3, -6.077275989399e-01, 1.797693134862e+308, 0.0000e+00, 0.0000e+00, 
 2DIAGNOSTIC,     4, -6.088171158575e-01, 1.797693134862e+308, 0.0000e+00, 0.0000e+00, 
 2DIAGNOSTIC,     5, -6.098459939388e-01, 1.797693134862e+308, 0.0000e+00, 0.0000e+00, 
 2DIAGNOSTIC,     6, -6.104702911625e-01, 1.797693134862e+308, 0.0000e+00, 0.0000e+00, 
 2DIAGNOSTIC,     7, -6.109018462756e-01, 1.797693134862e+308, 0.0000e+00, 0.0000e+00, 
 2DIAGNOSTIC,     8, -6.110446245559e-01, 1.797693134862e+308, 0.0000e+00, 0.0000e+00, 
 2DIAGNOSTIC,     9, -6.110455905301e-01, 1.797693134862e+308, 0.0000e+00, 0.0000e+00, 
 2DIAGNOSTIC,    10, -6.110516983309e-01, 5.622118083624e-04, 5.1200e+02, 5.1200e+02, 
 2DIAGNOSTIC,    11, -6.110565355455e-01, 3.976898815041e-04, 5.1200e+02, 0.0000e+00, 
 2DIAGNOSTIC,    12, -6.110462757807e-01, 2.518172058233e-04, 5.1200e+02, 0.0000e+00, 
 2DIAGNOSTIC,    13, -6.110447944410e-01, 1.371898062434e-04, 5.1200e+02, 0.0000e+00, 
 2DIAGNOSTIC,    14, -6.110411143772e-01, 6.236164554335e-05, 5.1200e+02, 0.0000e+00, 
 2DIAGNOSTIC,    15, -6.110300389477e-01, 2.333285184764e-05, 5.1200e+02, 0.0000e+00, 
 2DIAGNOSTIC,    16, -6.110205211667e-01, 4.844023096820e-06, 5.1200e+02, 0.0000e+00, 
DIAGNOSTIC,Iteration,metricValue,convergenceValue,ITERATION_TIME_INDEX,SINCE_LAST
 2DIAGNOSTIC,     1, -5.350609543466e-01, 1.797693134862e+308, 5.1200e+02, 0.0000e+00, 
