
##########################
# Experiment information #
##########################

EXPERIMENT_NAME: antsRegistration-r8-p9
VFC_BACKENDS: libinterflop_vprec.so --range-binary32=8 --precision-binary32=9 --range-binary64=8 --precision-binary64=9

SIF_IMG: /home/mdugre/projects/rrg-glatard/mdugre/containers/ants-vprec-no_metrics.simg

SUBJECT_ID: s003
INPUT_IMG: /home/mdugre/scratch/mri-registration-rp/datasets/ds004513/derivatives/mri-registration-rp/antsBrainExtraction/sub-s003/BrainExtractionBrain.nii.gz
OUTPUT_DIR: /home/mdugre/scratch/mri-registration-rp/datasets/ds004513/derivatives/mri-registration-rp/0110/antsRegistration-r8-p9/sub-s003

FIXED_IMG: /templateflow/tpl-MNI152NLin2009cAsym/tpl-MNI152NLin2009cAsym_res-01_desc-brain_T1w.nii.gz
DATA_DIR: /home/mdugre/scratch/mri-registration-rp/datasets/ds004513
TEMPLATEFLOW_DIR: /home/mdugre/projects/rrg-glatard/mdugre/templateflow
ITK_GLOBAL_DEFAULT_NUMBER_OF_THREADS: 16
##########################

Info [verificarlo]: loaded backend libinterflop_ieee.so
Info [interflop-ieee]: load backend with:
Info [interflop-ieee]: debug = false
Info [interflop-ieee]: debug-binary = false
Info [interflop-ieee]: no-backend-name = false
Info [interflop-ieee]: print-new-line = false
Info [interflop-ieee]: print-subnormal-normalized = false
Info [interflop-ieee]: count-op = false
All_Command_lines_OK
Using double precision for computations.
=============================================================================
The composite transform comprises the following transforms (in order): 
  1. Center of mass alignment using fixed image: /templateflow/tpl-MNI152NLin2009cAsym/tpl-MNI152NLin2009cAsym_res-01_desc-brain_T1w.nii.gz and moving image: /home/mdugre/scratch/mri-registration-rp/datasets/ds004513/derivatives/mri-registration-rp/antsBrainExtraction/sub-s003/BrainExtractionBrain.nii.gz (type = Euler3DTransform)
=============================================================================
  number of levels = 1
  fixed image: /templateflow/tpl-MNI152NLin2009cAsym/tpl-MNI152NLin2009cAsym_res-01_desc-brain_T1w.nii.gz
  moving image: /home/mdugre/scratch/mri-registration-rp/datasets/ds004513/derivatives/mri-registration-rp/antsBrainExtraction/sub-s003/BrainExtractionBrain.nii.gz
Dimension = 3
Number of stages = 1
Use histogram matching = false
Winsorize image intensities = true
  Lower quantile = 0.005
  Upper quantile = 0.995


Stage 1 State
   Image metric = MattesMI
     Fixed image = Image (0x5001bd0)
  RTTI typeinfo:   itk::Image<double, 3u>
  Reference Count: 2
  Modified Time: 2334
  Debug: Off
  Object Name: 
  Observers: 
    none
  Source: (none)
  Source output name: (none)
  Release Data: Off
  Data Released: False
  Global Release Data: Off
  PipelineMTime: 0
  UpdateMTime: 1943
  RealTimeStamp: 0 seconds 
  LargestPossibleRegion: 
    Dimension: 3
    Index: [0, 0, 0]
    Size: [193, 229, 193]
  BufferedRegion: 
    Dimension: 3
    Index: [0, 0, 0]
    Size: [193, 229, 193]
  RequestedRegion: 
    Dimension: 3
    Index: [0, 0, 0]
    Size: [193, 229, 193]
  Spacing: [1, 1, 1]
  Origin: [96, 132, -78]
  Direction: 
-1 0 0
0 -1 0
0 0 1

  IndexToPointMatrix: 
-1 0 0
0 -1 0
0 0 1

  PointToIndexMatrix: 
-1 0 0
0 -1 0
0 0 1

  Inverse Direction: 
-1 0 0
0 -1 0
0 0 1

  PixelContainer: 
    ImportImageContainer (0x5059930)
      RTTI typeinfo:   itk::ImportImageContainer<unsigned long, double>
      Reference Count: 1
      Modified Time: 1940
      Debug: Off
      Object Name: 
      Observers: 
        none
      Pointer: 0x148ab15eb010
      Container manages memory: true
      Size: 8530021
      Capacity: 8530021

     Moving image = Image (0x50f1610)
  RTTI typeinfo:   itk::Image<double, 3u>
  Reference Count: 2
  Modified Time: 2335
  Debug: Off
  Object Name: 
  Observers: 
    none
  Source: (none)
  Source output name: (none)
  Release Data: Off
  Data Released: False
  Global Release Data: Off
  PipelineMTime: 0
  UpdateMTime: 2332
  RealTimeStamp: 0 seconds 
  LargestPossibleRegion: 
    Dimension: 3
    Index: [0, 0, 0]
    Size: [176, 240, 256]
  BufferedRegion: 
    Dimension: 3
    Index: [0, 0, 0]
    Size: [176, 240, 256]
  RequestedRegion: 
    Dimension: 3
    Index: [0, 0, 0]
    Size: [176, 240, 256]
  Spacing: [0.999999, 1, 1]
  Origin: [93.3499, 86.9368, -128.957]
  Direction: 
-0.999513 -0.0279216 -0.0139567
0.0279189 -0.99961 0.000389866
-0.0139622 2.01492e-08 0.999903

  IndexToPointMatrix: 
-0.999512 -0.0279216 -0.0139567
0.0279189 -0.99961 0.000389866
-0.0139621 2.01492e-08 0.999903

  PointToIndexMatrix: 
-0.999514 0.0279189 -0.0139622
-0.0279216 -0.99961 2.01716e-08
-0.0139567 0.000389866 0.999903

  Inverse Direction: 
-0.999513 0.0279189 -0.0139622
-0.0279216 -0.99961 2.01716e-08
-0.0139567 0.000389866 0.999903

  PixelContainer: 
    ImportImageContainer (0x5031850)
      RTTI typeinfo:   itk::ImportImageContainer<unsigned long, double>
      Reference Count: 1
      Modified Time: 2329
      Debug: Off
      Object Name: 
      Observers: 
        none
      Pointer: 0x148aac36a010
      Container manages memory: true
      Size: 10813440
      Capacity: 10813440

     Weighting = 1
     Sampling strategy = regular
     Number of bins = 32
     Radius = 4
     Sampling percentage  = 0.25
   Transform = Rigid
     Gradient step = 0.1
     Update field sigma (voxel space) = 0
     Total field sigma (voxel space) = 0
     Update field time sigma = 0
     Total field time sigma  = 0
     Number of time indices = 0
     Number of time point samples = 0
Registration using 1 total stages.

Stage 0
  iterations = 0
  convergence threshold = 1e-06
  convergence window size = 10
  number of levels = 1
  using the Mattes MI metric (number of bins = 32, weight = 1, use gradient filter = 0)
  preprocessing:  winsorizing the image intensities
  Shrink factors (level 1 out of 1): [1, 1, 1]
  smoothing sigmas per level: [0]
  regular sampling (percentage = 0.25)

*** Running Euler3DTransform registration ***

  Elapsed time (stage 0): 1.13158


Total elapsed time: 1.13765
Info [verificarlo]: loaded backend libinterflop_vprec.so
Info [interflop-vprec]: load backend with: 
Info [interflop-vprec]: precision-binary32 = 9
Info [interflop-vprec]: range-binary32 = 8
Info [interflop-vprec]: precision-binary64 = 9
Info [interflop-vprec]: range-binary64 = 8
Info [interflop-vprec]: mode = ob
Info [interflop-vprec]: error-mode = rel
Info [interflop-vprec]: max-abs-error-exponent = -1022
Info [interflop-vprec]: daz = false
Info [interflop-vprec]: ftz = false
Info [interflop-vprec]: 	instrument = none
Info [interflop-vprec]: 	prec-input-file = (null)
Info [interflop-vprec]: 	prec-output-file = (null)
Info [interflop-vprec]: 	prec-log-file = (null)
All_Command_lines_OK
Using double precision for computations.
=============================================================================
The composite transform comprises the following transforms (in order): 
  1. /home/mdugre/scratch/mri-registration-rp/datasets/ds004513/derivatives/mri-registration-rp/0110/antsRegistration-r8-p9/sub-s003/align_Composite.h5[0] (type = Euler3DTransform)
  2. /home/mdugre/scratch/mri-registration-rp/datasets/ds004513/derivatives/mri-registration-rp/0110/antsRegistration-r8-p9/sub-s003/align_Composite.h5[1] (type = Euler3DTransform)
=============================================================================
  number of levels = 4
  fixed image: /templateflow/tpl-MNI152NLin2009cAsym/tpl-MNI152NLin2009cAsym_res-01_desc-brain_T1w.nii.gz
  moving image: /home/mdugre/scratch/mri-registration-rp/datasets/ds004513/derivatives/mri-registration-rp/antsBrainExtraction/sub-s003/BrainExtractionBrain.nii.gz
Dimension = 3
Number of stages = 1
Use histogram matching = false
Winsorize image intensities = true
  Lower quantile = 0.005
  Upper quantile = 0.995


Stage 1 State
   Image metric = MattesMI
     Fixed image = Image (0x3d061e0)
  RTTI typeinfo:   itk::Image<double, 3u>
  Reference Count: 2
  Modified Time: 1578
  Debug: Off
  Object Name: 
  Observers: 
    none
  Source: (none)
  Source output name: (none)
  Release Data: Off
  Data Released: False
  Global Release Data: Off
  PipelineMTime: 0
  UpdateMTime: 1189
  RealTimeStamp: 0 seconds 
  LargestPossibleRegion: 
    Dimension: 3
    Index: [0, 0, 0]
    Size: [193, 229, 193]
  BufferedRegion: 
    Dimension: 3
    Index: [0, 0, 0]
    Size: [193, 229, 193]
  RequestedRegion: 
    Dimension: 3
    Index: [0, 0, 0]
    Size: [193, 229, 193]
  Spacing: [1, 1, 1]
  Origin: [96, 132, -78]
  Direction: 
-1 0 0
0 -1 0
0 0 1

  IndexToPointMatrix: 
-1 0 0
0 -1 0
0 0 1

  PointToIndexMatrix: 
-1 0 0
0 -1 0
0 0 1

  Inverse Direction: 
-1 0 0
0 -1 0
0 0 1

  PixelContainer: 
    ImportImageContainer (0x3dc5680)
      RTTI typeinfo:   itk::ImportImageContainer<unsigned long, double>
      Reference Count: 1
      Modified Time: 1186
      Debug: Off
      Object Name: 
      Observers: 
        none
      Pointer: 0x15498fed0010
      Container manages memory: true
      Size: 8530021
      Capacity: 8530021

     Moving image = Image (0x3dc1b20)
  RTTI typeinfo:   itk::Image<double, 3u>
  Reference Count: 2
  Modified Time: 1579
  Debug: Off
  Object Name: 
  Observers: 
    none
  Source: (none)
  Source output name: (none)
  Release Data: Off
  Data Released: False
  Global Release Data: Off
  PipelineMTime: 0
  UpdateMTime: 1576
  RealTimeStamp: 0 seconds 
  LargestPossibleRegion: 
    Dimension: 3
    Index: [0, 0, 0]
    Size: [176, 240, 256]
  BufferedRegion: 
    Dimension: 3
    Index: [0, 0, 0]
    Size: [176, 240, 256]
  RequestedRegion: 
    Dimension: 3
    Index: [0, 0, 0]
    Size: [176, 240, 256]
  Spacing: [1, 1, 1]
  Origin: [93.375, 86.875, -129]
  Direction: 
-1 -0.0279236 -0.0139618
0.0279236 -1 0.000390053
-0.0139618 0 1

  IndexToPointMatrix: 
-1 -0.0279236 -0.0139618
0.0279236 -1 0.000390053
-0.0139618 0 1

  PointToIndexMatrix: 
-1 0.0279236 -0.0139618
-0.0279236 -1 0
-0.0139618 0.000390053 1

  Inverse Direction: 
-1 0.0279236 -0.0139618
-0.0279236 -1 0
-0.0139618 0.000390053 1

  PixelContainer: 
    ImportImageContainer (0x3e2ad50)
      RTTI typeinfo:   itk::ImportImageContainer<unsigned long, double>
      Reference Count: 1
      Modified Time: 1573
      Debug: Off
      Object Name: 
      Observers: 
        none
      Pointer: 0x15498ac4f010
      Container manages memory: true
      Size: 10813440
      Capacity: 10813440

     Weighting = 1
     Sampling strategy = regular
     Number of bins = 32
     Radius = 4
     Sampling percentage  = 0.25
   Transform = Rigid
     Gradient step = 0.1
     Update field sigma (voxel space) = 0
     Total field sigma (voxel space) = 0
     Update field time sigma = 0
     Total field time sigma  = 0
     Number of time indices = 0
     Number of time point samples = 0
Registration using 1 total stages.

Stage 0
  iterations = 1000x500x250x100
  convergence threshold = 1e-06
  convergence window size = 10
  number of levels = 4
  using the Mattes MI metric (number of bins = 32, weight = 1, use gradient filter = 0)
  preprocessing:  winsorizing the image intensities
  Shrink factors (level 1 out of 4): [8, 8, 8]
  Shrink factors (level 2 out of 4): [4, 4, 4]
  Shrink factors (level 3 out of 4): [2, 2, 2]
  Shrink factors (level 4 out of 4): [1, 1, 1]
  smoothing sigmas per level: [3, 2, 1, 0]
  regular sampling (percentage = 0.25)

*** Running Euler3DTransform registration ***

DIAGNOSTIC,Iteration,metricValue,convergenceValue,ITERATION_TIME_INDEX,SINCE_LAST
 2DIAGNOSTIC,     1, -4.836280563427e-01, 1.797693134862e+308, 0.0000e+00, 0.0000e+00, 
 2DIAGNOSTIC,     2, -4.837550560396e-01, 1.797693134862e+308, 0.0000e+00, 0.0000e+00, 
 2DIAGNOSTIC,     3, -4.839453843872e-01, 1.797693134862e+308, 0.0000e+00, 0.0000e+00, 
 2DIAGNOSTIC,     4, -4.842910627409e-01, 1.797693134862e+308, 0.0000e+00, 0.0000e+00, 
 2DIAGNOSTIC,     5, -4.843579049585e-01, 1.797693134862e+308, 0.0000e+00, 0.0000e+00, 
 2DIAGNOSTIC,     6, -4.843645561422e-01, 1.797693134862e+308, 0.0000e+00, 0.0000e+00, 
 2DIAGNOSTIC,     7, -4.843576136507e-01, 1.797693134862e+308, 0.0000e+00, 0.0000e+00, 
 2DIAGNOSTIC,     8, -4.843576137009e-01, 1.797693134862e+308, 0.0000e+00, 0.0000e+00, 
 2DIAGNOSTIC,     9, -4.843555355866e-01, 1.797693134862e+308, 0.0000e+00, 0.0000e+00, 
 2DIAGNOSTIC,    10, -4.843437369250e-01, 9.167805232056e-05, 0.0000e+00, 0.0000e+00, 
 2DIAGNOSTIC,    11, -4.843663555857e-01, 5.353728619469e-05, 0.0000e+00, 0.0000e+00, 
 2DIAGNOSTIC,    12, -4.843486108839e-01, 2.225031972007e-05, 0.0000e+00, 0.0000e+00, 
 2DIAGNOSTIC,    13, -4.843479995443e-01, 1.953483874620e-06, 0.0000e+00, 0.0000e+00, 
DIAGNOSTIC,Iteration,metricValue,convergenceValue,ITERATION_TIME_INDEX,SINCE_LAST
 2DIAGNOSTIC,     1, -3.988135596245e-01, 1.797693134862e+308, 0.0000e+00, 0.0000e+00, 
 2DIAGNOSTIC,     2, -3.990175435490e-01, 1.797693134862e+308, 0.0000e+00, 0.0000e+00, 
 2DIAGNOSTIC,     3, -3.992902694360e-01, 1.797693134862e+308, 0.0000e+00, 0.0000e+00, 
 2DIAGNOSTIC,     4, -4.000629299015e-01, 1.797693134862e+308, 0.0000e+00, 0.0000e+00, 
 2DIAGNOSTIC,     5, -4.005450327401e-01, 1.797693134862e+308, 0.0000e+00, 0.0000e+00, 
 2DIAGNOSTIC,     6, -4.010518523062e-01, 1.797693134862e+308, 0.0000e+00, 0.0000e+00, 
 2DIAGNOSTIC,     7, -4.026223598711e-01, 1.797693134862e+308, 0.0000e+00, 0.0000e+00, 
 2DIAGNOSTIC,     8, -4.046288776492e-01, 1.797693134862e+308, 0.0000e+00, 0.0000e+00, 
 2DIAGNOSTIC,     9, -4.082031534289e-01, 1.797693134862e+308, 0.0000e+00, 0.0000e+00, 
 2DIAGNOSTIC,    10, -4.148242108612e-01, 2.050080613054e-03, 0.0000e+00, 0.0000e+00, 
 2DIAGNOSTIC,    11, -4.249733354672e-01, 3.025134455467e-03, 0.0000e+00, 0.0000e+00, 
 2DIAGNOSTIC,    12, -4.480035166719e-01, 4.880193225319e-03, 0.0000e+00, 0.0000e+00, 
 2DIAGNOSTIC,    13, -4.934250830278e-01, 8.318010610395e-03, 0.0000e+00, 0.0000e+00, 
 2DIAGNOSTIC,    14, -5.253223120000e-01, 1.190116695651e-02, 0.0000e+00, 0.0000e+00, 
 2DIAGNOSTIC,    15, -5.259435512630e-01, 1.387289279914e-02, 0.0000e+00, 0.0000e+00, 
 2DIAGNOSTIC,    16, -5.258817483039e-01, 1.434662758656e-02, 0.0000e+00, 0.0000e+00, 
 2DIAGNOSTIC,    17, -5.256686511847e-01, 1.350222158955e-02, 0.0000e+00, 0.0000e+00, 
 2DIAGNOSTIC,    18, -5.261770742231e-01, 1.159300391501e-02, 0.0000e+00, 0.0000e+00, 
 2DIAGNOSTIC,    19, -5.261488925900e-01, 8.958225726758e-03, 0.0000e+00, 0.0000e+00, 
 2DIAGNOSTIC,    20, -5.262995575192e-01, 6.034881375638e-03, 0.0000e+00, 0.0000e+00, 
 2DIAGNOSTIC,    21, -5.264267830012e-01, 3.190405469218e-03, 0.0000e+00, 0.0000e+00, 
 2DIAGNOSTIC,    22, -5.265077684031e-01, 9.682715605498e-04, 0.0000e+00, 0.0000e+00, 
 2DIAGNOSTIC,    23, -5.248057341208e-01, 1.730352782797e-05, 0.0000e+00, 0.0000e+00, 
DIAGNOSTIC,Iteration,metricValue,convergenceValue,ITERATION_TIME_INDEX,SINCE_LAST
 2DIAGNOSTIC,     1, -4.732446012187e-01, 1.797693134862e+308, 0.0000e+00, 0.0000e+00, 
 2DIAGNOSTIC,     2, -4.733149824334e-01, 1.797693134862e+308, 0.0000e+00, 0.0000e+00, 
 2DIAGNOSTIC,     3, -4.733740687277e-01, 1.797693134862e+308, 0.0000e+00, 0.0000e+00, 
 2DIAGNOSTIC,     4, -4.733800418454e-01, 1.797693134862e+308, 0.0000e+00, 0.0000e+00, 
 2DIAGNOSTIC,     5, -4.733698099215e-01, 1.797693134862e+308, 0.0000e+00, 0.0000e+00, 
 2DIAGNOSTIC,     6, -4.733844289064e-01, 1.797693134862e+308, 0.0000e+00, 0.0000e+00, 
 2DIAGNOSTIC,     7, -4.733844289064e-01, 1.797693134862e+308, 0.0000e+00, 0.0000e+00, 
 2DIAGNOSTIC,     8, -4.733844289064e-01, 1.797693134862e+308, 0.0000e+00, 0.0000e+00, 
 2DIAGNOSTIC,     9, -4.733844289064e-01, 1.797693134862e+308, 0.0000e+00, 0.0000e+00, 
 2DIAGNOSTIC,    10, -4.733844289064e-01, 1.274354860908e-05, 0.0000e+00, 0.0000e+00, 
 2DIAGNOSTIC,    11, -4.733844289064e-01, 4.825733777011e-06, 0.0000e+00, 0.0000e+00, 
 2DIAGNOSTIC,    12, -4.733844289064e-01, 1.223603625158e-06, 0.0000e+00, 0.0000e+00, 
DIAGNOSTIC,Iteration,metricValue,convergenceValue,ITERATION_TIME_INDEX,SINCE_LAST
 2DIAGNOSTIC,     1, -4.396642804218e-01, 1.797693134862e+308, 0.0000e+00, 0.0000e+00, 
 2DIAGNOSTIC,     2, -4.397011675877e-01, 1.797693134862e+308, 0.0000e+00, 0.0000e+00, 
 2DIAGNOSTIC,     3, -4.396902798227e-01, 1.797693134862e+308, 0.0000e+00, 0.0000e+00, 
 2DIAGNOSTIC,     4, -4.396736052764e-01, 1.797693134862e+308, 0.0000e+00, 0.0000e+00, 
 2DIAGNOSTIC,     5, -4.396789862165e-01, 1.797693134862e+308, 0.0000e+00, 0.0000e+00, 
 2DIAGNOSTIC,     6, -4.396789862165e-01, 1.797693134862e+308, 0.0000e+00, 0.0000e+00, 
 2DIAGNOSTIC,     7, -4.396789862165e-01, 1.797693134862e+308, 0.0000e+00, 0.0000e+00, 
 2DIAGNOSTIC,     8, -4.396789862165e-01, 1.797693134862e+308, 0.0000e+00, 0.0000e+00, 
 2DIAGNOSTIC,     9, -4.396789862165e-01, 1.797693134862e+308, 0.0000e+00, 0.0000e+00, 
  Elapsed time (stage 0): 0.0000e+00


Total elapsed time: 0.0000e+00
Info [verificarlo]: loaded backend libinterflop_vprec.so
Info [interflop-vprec]: load backend with: 
Info [interflop-vprec]: precision-binary32 = 9
Info [interflop-vprec]: range-binary32 = 8
Info [interflop-vprec]: precision-binary64 = 9
Info [interflop-vprec]: range-binary64 = 8
Info [interflop-vprec]: mode = ob
Info [interflop-vprec]: error-mode = rel
Info [interflop-vprec]: max-abs-error-exponent = -1022
Info [interflop-vprec]: daz = false
Info [interflop-vprec]: ftz = false
Info [interflop-vprec]: 	instrument = none
Info [interflop-vprec]: 	prec-input-file = (null)
Info [interflop-vprec]: 	prec-output-file = (null)
Info [interflop-vprec]: 	prec-log-file = (null)
All_Command_lines_OK
Using double precision for computations.
=============================================================================
The composite transform comprises the following transforms (in order): 
  1. /home/mdugre/scratch/mri-registration-rp/datasets/ds004513/derivatives/mri-registration-rp/0110/antsRegistration-r8-p9/sub-s003/rigid_Composite.h5[0] (type = Euler3DTransform)
  2. /home/mdugre/scratch/mri-registration-rp/datasets/ds004513/derivatives/mri-registration-rp/0110/antsRegistration-r8-p9/sub-s003/rigid_Composite.h5[1] (type = Euler3DTransform)
  3. /home/mdugre/scratch/mri-registration-rp/datasets/ds004513/derivatives/mri-registration-rp/0110/antsRegistration-r8-p9/sub-s003/rigid_Composite.h5[2] (type = Euler3DTransform)
=============================================================================
  number of levels = 4
  fixed image: /templateflow/tpl-MNI152NLin2009cAsym/tpl-MNI152NLin2009cAsym_res-01_desc-brain_T1w.nii.gz
  moving image: /home/mdugre/scratch/mri-registration-rp/datasets/ds004513/derivatives/mri-registration-rp/antsBrainExtraction/sub-s003/BrainExtractionBrain.nii.gz
Dimension = 3
Number of stages = 1
Use histogram matching = false
Winsorize image intensities = true
  Lower quantile = 0.005
  Upper quantile = 0.995


Stage 1 State
   Image metric = MattesMI
     Fixed image = Image (0x4c9b1e0)
  RTTI typeinfo:   itk::Image<double, 3u>
  Reference Count: 2
  Modified Time: 1592
  Debug: Off
  Object Name: 
  Observers: 
    none
  Source: (none)
  Source output name: (none)
  Release Data: Off
  Data Released: False
  Global Release Data: Off
  PipelineMTime: 0
  UpdateMTime: 1203
  RealTimeStamp: 0 seconds 
  LargestPossibleRegion: 
    Dimension: 3
    Index: [0, 0, 0]
    Size: [193, 229, 193]
  BufferedRegion: 
    Dimension: 3
    Index: [0, 0, 0]
    Size: [193, 229, 193]
  RequestedRegion: 
    Dimension: 3
    Index: [0, 0, 0]
    Size: [193, 229, 193]
  Spacing: [1, 1, 1]
  Origin: [96, 132, -78]
  Direction: 
-1 0 0
0 -1 0
0 0 1

  IndexToPointMatrix: 
-1 0 0
0 -1 0
0 0 1

  PointToIndexMatrix: 
-1 0 0
0 -1 0
0 0 1

  Inverse Direction: 
-1 0 0
0 -1 0
0 0 1

  PixelContainer: 
    ImportImageContainer (0x4d69440)
      RTTI typeinfo:   itk::ImportImageContainer<unsigned long, double>
      Reference Count: 1
      Modified Time: 1200
      Debug: Off
      Object Name: 
      Observers: 
        none
      Pointer: 0x14f1f347c010
      Container manages memory: true
      Size: 8530021
      Capacity: 8530021

     Moving image = Image (0x4d569b0)
  RTTI typeinfo:   itk::Image<double, 3u>
  Reference Count: 2
  Modified Time: 1593
  Debug: Off
  Object Name: 
  Observers: 
    none
  Source: (none)
  Source output name: (none)
  Release Data: Off
  Data Released: False
  Global Release Data: Off
  PipelineMTime: 0
  UpdateMTime: 1590
  RealTimeStamp: 0 seconds 
  LargestPossibleRegion: 
    Dimension: 3
    Index: [0, 0, 0]
    Size: [176, 240, 256]
  BufferedRegion: 
    Dimension: 3
    Index: [0, 0, 0]
    Size: [176, 240, 256]
  RequestedRegion: 
    Dimension: 3
    Index: [0, 0, 0]
    Size: [176, 240, 256]
  Spacing: [1, 1, 1]
  Origin: [93.375, 86.875, -129]
  Direction: 
-1 -0.0279236 -0.0139618
0.0279236 -1 0.000390053
-0.0139618 0 1

  IndexToPointMatrix: 
-1 -0.0279236 -0.0139618
0.0279236 -1 0.000390053
-0.0139618 0 1

  PointToIndexMatrix: 
-1 0.0279236 -0.0139618
-0.0279236 -1 0
-0.0139618 0.000390053 1

  Inverse Direction: 
-1 0.0279236 -0.0139618
-0.0279236 -1 0
-0.0139618 0.000390053 1

  PixelContainer: 
    ImportImageContainer (0x4d0c710)
      RTTI typeinfo:   itk::ImportImageContainer<unsigned long, double>
      Reference Count: 1
      Modified Time: 1587
      Debug: Off
      Object Name: 
      Observers: 
        none
      Pointer: 0x14f1ee1fb010
      Container manages memory: true
      Size: 10813440
      Capacity: 10813440

     Weighting = 1
     Sampling strategy = regular
     Number of bins = 32
     Radius = 4
     Sampling percentage  = 0.25
   Transform = Affine
     Gradient step = 0.1
     Update field sigma (voxel space) = 0
     Total field sigma (voxel space) = 0
     Update field time sigma = 0
     Total field time sigma  = 0
     Number of time indices = 0
     Number of time point samples = 0
Registration using 1 total stages.

Stage 0
  iterations = 1000x500x250x100
  convergence threshold = 1e-06
  convergence window size = 10
  number of levels = 4
  using the Mattes MI metric (number of bins = 32, weight = 1, use gradient filter = 0)
  preprocessing:  winsorizing the image intensities
  Shrink factors (level 1 out of 4): [8, 8, 8]
  Shrink factors (level 2 out of 4): [4, 4, 4]
  Shrink factors (level 3 out of 4): [2, 2, 2]
  Shrink factors (level 4 out of 4): [1, 1, 1]
  smoothing sigmas per level: [3, 2, 1, 0]
  regular sampling (percentage = 0.25)

*** Running AffineTransform registration ***

DIAGNOSTIC,Iteration,metricValue,convergenceValue,ITERATION_TIME_INDEX,SINCE_LAST
 2DIAGNOSTIC,     1, -6.366344650826e-01, 1.797693134862e+308, 0.0000e+00, 0.0000e+00, 
 2DIAGNOSTIC,     2, -6.376921350898e-01, 1.797693134862e+308, 0.0000e+00, 0.0000e+00, 
 2DIAGNOSTIC,     3, -6.389776030408e-01, 1.797693134862e+308, 0.0000e+00, 0.0000e+00, 
 2DIAGNOSTIC,     4, -6.413706611988e-01, 1.797693134862e+308, 0.0000e+00, 0.0000e+00, 
 2DIAGNOSTIC,     5, -6.449255522930e-01, 1.797693134862e+308, 0.0000e+00, 0.0000e+00, 
 2DIAGNOSTIC,     6, -6.537665287310e-01, 1.797693134862e+308, 0.0000e+00, 0.0000e+00, 
 2DIAGNOSTIC,     7, -6.662286985933e-01, 1.797693134862e+308, 0.0000e+00, 0.0000e+00, 
 2DIAGNOSTIC,     8, -6.765328611244e-01, 1.797693134862e+308, 0.0000e+00, 0.0000e+00, 
 2DIAGNOSTIC,     9, -6.872991029660e-01, 1.797693134862e+308, 0.0000e+00, 0.0000e+00, 
 2DIAGNOSTIC,    10, -6.998881447360e-01, 6.304132232850e-03, 0.0000e+00, 0.0000e+00, 
 2DIAGNOSTIC,    11, -7.086339833872e-01, 6.751302746534e-03, 0.0000e+00, 0.0000e+00, 
 2DIAGNOSTIC,    12, -7.117641109380e-01, 6.657882559844e-03, 0.0000e+00, 0.0000e+00, 
 2DIAGNOSTIC,    13, -7.106750528932e-01, 5.991487961554e-03, 0.0000e+00, 0.0000e+00, 
 2DIAGNOSTIC,    14, -7.113923826981e-01, 4.981844739766e-03, 0.0000e+00, 0.0000e+00, 
 2DIAGNOSTIC,    15, -7.119340338163e-01, 3.769664050661e-03, 0.0000e+00, 0.0000e+00, 
 2DIAGNOSTIC,    16, -7.120226523638e-01, 2.598278098021e-03, 0.0000e+00, 0.0000e+00, 
 2DIAGNOSTIC,    17, -7.119388302615e-01, 1.636402956375e-03, 0.0000e+00, 0.0000e+00, 
 2DIAGNOSTIC,    18, -7.117368556781e-01, 8.693829474806e-04, 0.0000e+00, 0.0000e+00, 
 2DIAGNOSTIC,    19, -7.117382850767e-01, 3.371455773484e-04, 0.0000e+00, 0.0000e+00, 
 2DIAGNOSTIC,    20, -7.117382831829e-01, 8.502127759561e-05, 0.0000e+00, 0.0000e+00, 
 2DIAGNOSTIC,    21, -7.117382831821e-01, 2.050748657960e-05, 0.0000e+00, 0.0000e+00, 
 2DIAGNOSTIC,    22, -7.117230967399e-01, 1.967357551666e-05, 0.0000e+00, 0.0000e+00, 
DIAGNOSTIC,Iteration,metricValue,convergenceValue,ITERATION_TIME_INDEX,SINCE_LAST
 2DIAGNOSTIC,     1, -5.960120357651e-01, 1.797693134862e+308, 0.0000e+00, 0.0000e+00, 
 2DIAGNOSTIC,     2, -5.961866900524e-01, 1.797693134862e+308, 0.0000e+00, 0.0000e+00, 
 2DIAGNOSTIC,     3, -5.962608140528e-01, 1.797693134862e+308, 0.0000e+00, 0.0000e+00, 
 2DIAGNOSTIC,     4, -5.962648400212e-01, 1.797693134862e+308, 0.0000e+00, 0.0000e+00, 
 2DIAGNOSTIC,     5, -5.963178999767e-01, 1.797693134862e+308, 0.0000e+00, 0.0000e+00, 
 2DIAGNOSTIC,     6, -5.967222936514e-01, 1.797693134862e+308, 0.0000e+00, 0.0000e+00, 
 2DIAGNOSTIC,     7, -5.968023612577e-01, 1.797693134862e+308, 0.0000e+00, 0.0000e+00, 
 2DIAGNOSTIC,     8, -5.968742620618e-01, 1.797693134862e+308, 0.0000e+00, 0.0000e+00, 
 2DIAGNOSTIC,     9, -5.977272930856e-01, 1.797693134862e+308, 0.0000e+00, 0.0000e+00, 
 2DIAGNOSTIC,    10, -5.985644080508e-01, 2.213094314019e-04, 0.0000e+00, 0.0000e+00, 
 2DIAGNOSTIC,    11, -5.996318601933e-01, 2.924325104391e-04, 0.0000e+00, 0.0000e+00, 
 2DIAGNOSTIC,    12, -6.007269826261e-01, 3.753152721068e-04, 0.0000e+00, 0.0000e+00, 
 2DIAGNOSTIC,    13, -6.021217560037e-01, 4.650874140198e-04, 0.0000e+00, 0.0000e+00, 
 2DIAGNOSTIC,    14, -6.041070930556e-01, 5.663526035604e-04, 0.0000e+00, 0.0000e+00, 
 2DIAGNOSTIC,    15, -6.047810714548e-01, 6.235924912892e-04, 0.0000e+00, 0.0000e+00, 
 2DIAGNOSTIC,    16, -6.056966152727e-01, 6.559825134772e-04, 0.0000e+00, 0.0000e+00, 
 2DIAGNOSTIC,    17, -6.059196077551e-01, 6.328607293918e-04, 0.0000e+00, 0.0000e+00, 
 2DIAGNOSTIC,    18, -6.058481855520e-01, 5.534800917447e-04, 0.0000e+00, 0.0000e+00, 
 2DIAGNOSTIC,    19, -6.058653662308e-01, 4.525850035495e-04, 0.0000e+00, 0.0000e+00, 
 2DIAGNOSTIC,    20, -6.058653662308e-01, 3.393091303487e-04, 0.0000e+00, 0.0000e+00, 
 2DIAGNOSTIC,    21, -6.058653662308e-01, 2.293301027605e-04, 0.0000e+00, 0.0000e+00, 
 2DIAGNOSTIC,    22, -6.058653662308e-01, 1.313125612607e-04, 0.0000e+00, 0.0000e+00, 
 2DIAGNOSTIC,    23, -6.058653662308e-01, 5.758990084295e-05, 0.0000e+00, 0.0000e+00, 
 2DIAGNOSTIC,    24, -6.058653662308e-01, 2.366741793230e-05, 0.0000e+00, 0.0000e+00, 
 2DIAGNOSTIC,    25, -6.058653662308e-01, 2.522402646463e-06, 0.0000e+00, 0.0000e+00, 
DIAGNOSTIC,Iteration,metricValue,convergenceValue,ITERATION_TIME_INDEX,SINCE_LAST
 2DIAGNOSTIC,     1, -5.321074180181e-01, 1.797693134862e+308, 0.0000e+00, 0.0000e+00, 
 2DIAGNOSTIC,     2, -5.321305111610e-01, 1.797693134862e+308, 0.0000e+00, 0.0000e+00, 
 2DIAGNOSTIC,     3, -5.321144037875e-01, 1.797693134862e+308, 0.0000e+00, 0.0000e+00, 
 2DIAGNOSTIC,     4, -5.321469736690e-01, 1.797693134862e+308, 0.0000e+00, 0.0000e+00, 
 2DIAGNOSTIC,     5, -5.321152533998e-01, 1.797693134862e+308, 0.0000e+00, 0.0000e+00, 
 2DIAGNOSTIC,     6, -5.321155807905e-01, 1.797693134862e+308, 0.0000e+00, 0.0000e+00, 
 2DIAGNOSTIC,     7, -5.321108669493e-01, 1.797693134862e+308, 0.0000e+00, 0.0000e+00, 
 2DIAGNOSTIC,     8, -5.321301509983e-01, 1.797693134862e+308, 0.0000e+00, 0.0000e+00, 
 2DIAGNOSTIC,     9, -5.321291580301e-01, 1.797693134862e+308, 0.0000e+00, 0.0000e+00, 
DIAGNOSTIC,Iteration,metricValue,convergenceValue,ITERATION_TIME_INDEX,SINCE_LAST
 2DIAGNOSTIC,     1, -4.891056228948e-01, 1.797693134862e+308, 0.0000e+00, 0.0000e+00, 
 2DIAGNOSTIC,     2, -4.893480493282e-01, 1.797693134862e+308, 0.0000e+00, 0.0000e+00, 
 2DIAGNOSTIC,     3, -4.895189059244e-01, 1.797693134862e+308, 0.0000e+00, 0.0000e+00, 
 2DIAGNOSTIC,     4, -4.897111576038e-01, 1.797693134862e+308, 0.0000e+00, 0.0000e+00, 
 2DIAGNOSTIC,     5, -4.901240405093e-01, 1.797693134862e+308, 0.0000e+00, 0.0000e+00, 
 2DIAGNOSTIC,     6, -4.905045847117e-01, 1.797693134862e+308, 0.0000e+00, 0.0000e+00, 
 2DIAGNOSTIC,     7, -4.907320031222e-01, 1.797693134862e+308, 0.0000e+00, 0.0000e+00, 
 2DIAGNOSTIC,     8, -4.909125608437e-01, 1.797693134862e+308, 0.0000e+00, 0.0000e+00, 
 2DIAGNOSTIC,     9, -4.912006832439e-01, 1.797693134862e+308, 0.0000e+00, 0.0000e+00, 
 2DIAGNOSTIC,    10, -4.912286990303e-01, 3.049174216100e-04, 0.0000e+00, 0.0000e+00, 
 2DIAGNOSTIC,    11, -4.912100602248e-01, 2.533079128559e-04, 0.0000e+00, 0.0000e+00, 
 2DIAGNOSTIC,    12, -4.912263501315e-01, 2.002946102331e-04, 0.0000e+00, 0.0000e+00, 
 2DIAGNOSTIC,    13, -4.912218643970e-01, 1.448056127992e-04, 0.0000e+00, 0.0000e+00, 
 2DIAGNOSTIC,    14, -4.912203049403e-01, 9.160827751011e-05, 0.0000e+00, 0.0000e+00, 
 2DIAGNOSTIC,    15, -4.912170616753e-01, 5.272481701574e-05, 0.0000e+00, 0.0000e+00, 
 2DIAGNOSTIC,    16, -4.912171737595e-01, 2.767922596404e-05, 0.0000e+00, 0.0000e+00, 
 2DIAGNOSTIC,    17, -4.912130723486e-01, 1.059134756930e-05, 0.0000e+00, 0.0000e+00, 
  Elapsed time (stage 0): 0.0000e+00


Total elapsed time: 0.0000e+00
Info [verificarlo]: loaded backend libinterflop_ieee.so
Info [interflop-ieee]: load backend with:
Info [interflop-ieee]: debug = false
Info [interflop-ieee]: debug-binary = false
Info [interflop-ieee]: no-backend-name = false
Info [interflop-ieee]: print-new-line = false
Info [interflop-ieee]: print-subnormal-normalized = false
Info [interflop-ieee]: count-op = false
All_Command_lines_OK
Using double precision for computations.
=============================================================================
The composite transform comprises the following transforms (in order): 
  1. /home/mdugre/scratch/mri-registration-rp/datasets/ds004513/derivatives/mri-registration-rp/0110/antsRegistration-r8-p9/sub-s003/affine_Composite.h5[0] (type = Euler3DTransform)
  2. /home/mdugre/scratch/mri-registration-rp/datasets/ds004513/derivatives/mri-registration-rp/0110/antsRegistration-r8-p9/sub-s003/affine_Composite.h5[1] (type = Euler3DTransform)
  3. /home/mdugre/scratch/mri-registration-rp/datasets/ds004513/derivatives/mri-registration-rp/0110/antsRegistration-r8-p9/sub-s003/affine_Composite.h5[2] (type = Euler3DTransform)
  4. /home/mdugre/scratch/mri-registration-rp/datasets/ds004513/derivatives/mri-registration-rp/0110/antsRegistration-r8-p9/sub-s003/affine_Composite.h5[3] (type = AffineTransform)
=============================================================================
  number of levels = 4
  fixed image: /templateflow/tpl-MNI152NLin2009cAsym/tpl-MNI152NLin2009cAsym_res-01_desc-brain_T1w.nii.gz
  moving image: /home/mdugre/scratch/mri-registration-rp/datasets/ds004513/derivatives/mri-registration-rp/antsBrainExtraction/sub-s003/BrainExtractionBrain.nii.gz
Dimension = 3
Number of stages = 1
Use histogram matching = false
Winsorize image intensities = true
  Lower quantile = 0.005
  Upper quantile = 0.995


Stage 1 State
   Image metric = CC
     Fixed image = Image (0x3c9aa40)
  RTTI typeinfo:   itk::Image<double, 3u>
  Reference Count: 2
  Modified Time: 1608
  Debug: Off
  Object Name: 
  Observers: 
    none
  Source: (none)
  Source output name: (none)
  Release Data: Off
  Data Released: False
  Global Release Data: Off
  PipelineMTime: 0
  UpdateMTime: 1217
  RealTimeStamp: 0 seconds 
  LargestPossibleRegion: 
    Dimension: 3
    Index: [0, 0, 0]
    Size: [193, 229, 193]
  BufferedRegion: 
    Dimension: 3
    Index: [0, 0, 0]
    Size: [193, 229, 193]
  RequestedRegion: 
    Dimension: 3
    Index: [0, 0, 0]
    Size: [193, 229, 193]
  Spacing: [1, 1, 1]
  Origin: [96, 132, -78]
  Direction: 
-1 0 0
0 -1 0
0 0 1

  IndexToPointMatrix: 
-1 0 0
0 -1 0
0 0 1

  PointToIndexMatrix: 
-1 0 0
0 -1 0
0 0 1

  Inverse Direction: 
-1 0 0
0 -1 0
0 0 1

  PixelContainer: 
    ImportImageContainer (0x3d72410)
      RTTI typeinfo:   itk::ImportImageContainer<unsigned long, double>
      Reference Count: 1
      Modified Time: 1214
      Debug: Off
      Object Name: 
      Observers: 
        none
      Pointer: 0x153816763010
      Container manages memory: true
      Size: 8530021
      Capacity: 8530021

     Moving image = Image (0x3d56520)
  RTTI typeinfo:   itk::Image<double, 3u>
  Reference Count: 2
  Modified Time: 1609
  Debug: Off
  Object Name: 
  Observers: 
    none
  Source: (none)
  Source output name: (none)
  Release Data: Off
  Data Released: False
  Global Release Data: Off
  PipelineMTime: 0
  UpdateMTime: 1606
  RealTimeStamp: 0 seconds 
  LargestPossibleRegion: 
    Dimension: 3
    Index: [0, 0, 0]
    Size: [176, 240, 256]
  BufferedRegion: 
    Dimension: 3
    Index: [0, 0, 0]
    Size: [176, 240, 256]
  RequestedRegion: 
    Dimension: 3
    Index: [0, 0, 0]
    Size: [176, 240, 256]
  Spacing: [0.999999, 1, 1]
  Origin: [93.3499, 86.9368, -128.957]
  Direction: 
-0.999513 -0.0279216 -0.0139567
0.0279189 -0.99961 0.000389866
-0.0139622 2.01492e-08 0.999903

  IndexToPointMatrix: 
-0.999512 -0.0279216 -0.0139567
0.0279189 -0.99961 0.000389866
-0.0139621 2.01492e-08 0.999903

  PointToIndexMatrix: 
-0.999514 0.0279189 -0.0139622
-0.0279216 -0.99961 2.01716e-08
-0.0139567 0.000389866 0.999903

  Inverse Direction: 
-0.999513 0.0279189 -0.0139622
-0.0279216 -0.99961 2.01716e-08
-0.0139567 0.000389866 0.999903

  PixelContainer: 
    ImportImageContainer (0x3d790d0)
      RTTI typeinfo:   itk::ImportImageContainer<unsigned long, double>
      Reference Count: 1
      Modified Time: 1603
      Debug: Off
      Object Name: 
      Observers: 
        none
      Pointer: 0x1538114e2010
      Container manages memory: true
      Size: 10813440
      Capacity: 10813440

     Weighting = 1
     Sampling strategy = none
     Number of bins = 32
     Radius = 4
     Sampling percentage  = 1
   Transform = SyN
     Gradient step = 0.1
     Update field sigma (voxel space) = 3
     Total field sigma (voxel space) = 0
     Update field time sigma = 0
     Total field time sigma  = 0
     Number of time indices = 0
     Number of time point samples = 0
Registration using 1 total stages.

Stage 0
  iterations = 100x70x50x20
  convergence threshold = 1e-06
  convergence window size = 10
  number of levels = 4
  using the CC metric (radius = 4, weight = 1, use gradient filter = 0)
  preprocessing:  winsorizing the image intensities
  Shrink factors (level 1 out of 4): [8, 8, 8]
  Shrink factors (level 2 out of 4): [4, 4, 4]
  Shrink factors (level 3 out of 4): [2, 2, 2]
  Shrink factors (level 4 out of 4): [1, 1, 1]
  smoothing sigmas per level: [3, 2, 1, 0]
  Using default NONE metricSamplingStrategy 

*** Running SyN registration (varianceForUpdateField = 3, varianceForTotalField = 0) ***

XXDIAGNOSTIC,Iteration,metricValue,convergenceValue,ITERATION_TIME_INDEX,SINCE_LAST
 1DIAGNOSTIC,     1, -8.499328397109e-01, 1.797693134862e+308, 1.0624e+00, 1.0624e+00, 
 1DIAGNOSTIC,     2, -8.657035191530e-01, 1.797693134862e+308, 1.4020e+00, 3.3957e-01, 
 1DIAGNOSTIC,     3, -8.799038164483e-01, 1.797693134862e+308, 1.7317e+00, 3.2973e-01, 
 1DIAGNOSTIC,     4, -8.914885957544e-01, 1.797693134862e+308, 2.0696e+00, 3.3787e-01, 
 1DIAGNOSTIC,     5, -9.007006095741e-01, 1.797693134862e+308, 2.3987e+00, 3.2910e-01, 
 1DIAGNOSTIC,     6, -9.082776283540e-01, 1.797693134862e+308, 2.7478e+00, 3.4917e-01, 
 1DIAGNOSTIC,     7, -9.138628909414e-01, 1.797693134862e+308, 3.0958e+00, 3.4796e-01, 
 1DIAGNOSTIC,     8, -9.193164454853e-01, 1.797693134862e+308, 3.4244e+00, 3.2857e-01, 
 1DIAGNOSTIC,     9, -9.234855768828e-01, 1.797693134862e+308, 3.7546e+00, 3.3028e-01, 
 1DIAGNOSTIC,    10, -9.268794977679e-01, 5.282377815346e-03, 4.0800e+00, 3.2532e-01, 
 1DIAGNOSTIC,    11, -9.294630810630e-01, 3.928807818021e-03, 4.4270e+00, 3.4707e-01, 
 1DIAGNOSTIC,    12, -9.315801839882e-01, 2.918886643200e-03, 4.7662e+00, 3.3921e-01, 
 1DIAGNOSTIC,    13, -9.334064361906e-01, 2.187874487276e-03, 5.1178e+00, 3.5152e-01, 
 1DIAGNOSTIC,    14, -9.350014724843e-01, 1.656959076061e-03, 5.4593e+00, 3.4151e-01, 
 1DIAGNOSTIC,    15, -9.364486341016e-01, 1.267186788125e-03, 5.8013e+00, 3.4203e-01, 
 1DIAGNOSTIC,    16, -9.376580933718e-01, 9.812372831861e-04, 6.1781e+00, 3.7682e-01, 
 1DIAGNOSTIC,    17, -9.387850283678e-01, 7.609735812221e-04, 6.5535e+00, 3.7535e-01, 
 1DIAGNOSTIC,    18, -9.397304061297e-01, 6.049692678046e-04, 6.9141e+00, 3.6066e-01, 
 1DIAGNOSTIC,    19, -9.406155546400e-01, 4.914714930915e-04, 7.2816e+00, 3.6747e-01, 
 1DIAGNOSTIC,    20, -9.414881403364e-01, 4.094879100464e-04, 7.6312e+00, 3.4958e-01, 
 1DIAGNOSTIC,    21, -9.423276481849e-01, 3.473794485426e-04, 7.9751e+00, 3.4389e-01, 
 1DIAGNOSTIC,    22, -9.430910760732e-01, 2.987642637475e-04, 8.3216e+00, 3.4659e-01, 
 1DIAGNOSTIC,    23, -9.438670346354e-01, 2.612208338067e-04, 8.6819e+00, 3.6031e-01, 
 1DIAGNOSTIC,    24, -9.446141153732e-01, 2.322617544224e-04, 9.0220e+00, 3.4010e-01, 
 1DIAGNOSTIC,    25, -9.453281833096e-01, 2.103152953100e-04, 9.3712e+00, 3.4916e-01, 
 1DIAGNOSTIC,    26, -9.460100805996e-01, 1.925388657707e-04, 9.7123e+00, 3.4114e-01, 
 1DIAGNOSTIC,    27, -9.466671146101e-01, 1.781947613935e-04, 1.0048e+01, 3.3564e-01, 
 1DIAGNOSTIC,    28, -9.472990705050e-01, 1.653152778271e-04, 1.0400e+01, 3.5172e-01, 
 1DIAGNOSTIC,    29, -9.480260979653e-01, 1.547062906758e-04, 1.0744e+01, 3.4391e-01, 
 1DIAGNOSTIC,    30, -9.486025344296e-01, 1.448955597177e-04, 1.1081e+01, 3.3747e-01, 
 1DIAGNOSTIC,    31, -9.492912416586e-01, 1.370914557610e-04, 1.1408e+01, 3.2718e-01, 
 1DIAGNOSTIC,    32, -9.498421367614e-01, 1.293027507758e-04, 1.1748e+01, 3.4003e-01, 
 1DIAGNOSTIC,    33, -9.505027747361e-01, 1.230114252094e-04, 1.2089e+01, 3.4088e-01, 
 1DIAGNOSTIC,    34, -9.511407152509e-01, 1.178016984759e-04, 1.2417e+01, 3.2777e-01, 
 1DIAGNOSTIC,    35, -9.517619409875e-01, 1.133029588512e-04, 1.2751e+01, 3.3432e-01, 
 1DIAGNOSTIC,    36, -9.522397623186e-01, 1.080929820849e-04, 1.3077e+01, 3.2624e-01, 
 1DIAGNOSTIC,    37, -9.526975000964e-01, 1.020860993718e-04, 1.3406e+01, 3.2889e-01, 
 1DIAGNOSTIC,    38, -9.531298308796e-01, 9.518585656332e-05, 1.3748e+01, 3.4122e-01, 
 1DIAGNOSTIC,    39, -9.535295988255e-01, 8.835949693193e-05, 1.4087e+01, 3.3935e-01, 
 1DIAGNOSTIC,    40, -9.538923265819e-01, 8.057109322726e-05, 1.4418e+01, 3.3106e-01, 
 1DIAGNOSTIC,    41, -9.541860601409e-01, 7.279907136117e-05, 1.4748e+01, 3.2985e-01, 
 1DIAGNOSTIC,    42, -9.545065448766e-01, 6.477522761189e-05, 1.5084e+01, 3.3565e-01, 
 1DIAGNOSTIC,    43, -9.548114842164e-01, 5.775658947976e-05, 1.5422e+01, 3.3822e-01, 
 1DIAGNOSTIC,    44, -9.551023963177e-01, 5.193520506188e-05, 1.5758e+01, 3.3579e-01, 
 1DIAGNOSTIC,    45, -9.553769957574e-01, 4.746956130332e-05, 1.6110e+01, 3.5223e-01, 
 1DIAGNOSTIC,    46, -9.556422105268e-01, 4.358161810492e-05, 1.6450e+01, 3.3992e-01, 
 1DIAGNOSTIC,    47, -9.559606182882e-01, 4.071520712700e-05, 1.6780e+01, 3.3049e-01, 
 1DIAGNOSTIC,    48, -9.562180237069e-01, 3.842816528666e-05, 1.7109e+01, 3.2873e-01, 
 1DIAGNOSTIC,    49, -9.564721786253e-01, 3.661893729253e-05, 1.7436e+01, 3.2716e-01, 
 1DIAGNOSTIC,    50, -9.567238984063e-01, 3.513160522500e-05, 1.7766e+01, 3.3035e-01, 
 1DIAGNOSTIC,    51, -9.569746850972e-01, 3.358965510249e-05, 1.8097e+01, 3.3057e-01, 
 1DIAGNOSTIC,    52, -9.572247223630e-01, 3.222433380887e-05, 1.8431e+01, 3.3425e-01, 
 1DIAGNOSTIC,    53, -9.574764034744e-01, 3.101874480710e-05, 1.8766e+01, 3.3447e-01, 
 1DIAGNOSTIC,    54, -9.577245876201e-01, 2.992991327650e-05, 1.9093e+01, 3.2734e-01, 
 1DIAGNOSTIC,    55, -9.579724998803e-01, 2.890885542526e-05, 1.9435e+01, 3.4216e-01, 
 1DIAGNOSTIC,    56, -9.582132696260e-01, 2.789499966230e-05, 1.9777e+01, 3.4210e-01, 
 1DIAGNOSTIC,    57, -9.584484881227e-01, 2.719722086694e-05, 2.0111e+01, 3.3333e-01, 
 1DIAGNOSTIC,    58, -9.586772492814e-01, 2.646696353792e-05, 2.0493e+01, 3.8229e-01, 
 1DIAGNOSTIC,    59, -9.588718865847e-01, 2.553930441695e-05, 2.0824e+01, 3.3070e-01, 
