
##########################
# Experiment information #
##########################

EXPERIMENT_NAME: antsRegistration-r8-p10
VFC_BACKENDS: libinterflop_vprec.so --range-binary32=8 --precision-binary32=10 --range-binary64=8 --precision-binary64=10

SIF_IMG: /home/mdugre/projects/rrg-glatard/mdugre/containers/ants-vprec-no_metrics.simg

SUBJECT_ID: s017
INPUT_IMG: /home/mdugre/scratch/mri-registration-rp/datasets/ds004513/derivatives/mri-registration-rp/antsBrainExtraction/sub-s017/BrainExtractionBrain.nii.gz
OUTPUT_DIR: /home/mdugre/scratch/mri-registration-rp/datasets/ds004513/derivatives/mri-registration-rp/0110/antsRegistration-r8-p10/sub-s017

FIXED_IMG: /templateflow/tpl-MNI152NLin2009cAsym/tpl-MNI152NLin2009cAsym_res-01_desc-brain_T1w.nii.gz
DATA_DIR: /home/mdugre/scratch/mri-registration-rp/datasets/ds004513
TEMPLATEFLOW_DIR: /home/mdugre/projects/rrg-glatard/mdugre/templateflow
ITK_GLOBAL_DEFAULT_NUMBER_OF_THREADS: 16
##########################

Info [verificarlo]: loaded backend libinterflop_ieee.so
Info [interflop-ieee]: load backend with:
Info [interflop-ieee]: debug = false
Info [interflop-ieee]: debug-binary = false
Info [interflop-ieee]: no-backend-name = false
Info [interflop-ieee]: print-new-line = false
Info [interflop-ieee]: print-subnormal-normalized = false
Info [interflop-ieee]: count-op = false
All_Command_lines_OK
Using double precision for computations.
=============================================================================
The composite transform comprises the following transforms (in order): 
  1. Center of mass alignment using fixed image: /templateflow/tpl-MNI152NLin2009cAsym/tpl-MNI152NLin2009cAsym_res-01_desc-brain_T1w.nii.gz and moving image: /home/mdugre/scratch/mri-registration-rp/datasets/ds004513/derivatives/mri-registration-rp/antsBrainExtraction/sub-s017/BrainExtractionBrain.nii.gz (type = Euler3DTransform)
=============================================================================
  number of levels = 1
  fixed image: /templateflow/tpl-MNI152NLin2009cAsym/tpl-MNI152NLin2009cAsym_res-01_desc-brain_T1w.nii.gz
  moving image: /home/mdugre/scratch/mri-registration-rp/datasets/ds004513/derivatives/mri-registration-rp/antsBrainExtraction/sub-s017/BrainExtractionBrain.nii.gz
Dimension = 3
Number of stages = 1
Use histogram matching = false
Winsorize image intensities = true
  Lower quantile = 0.005
  Upper quantile = 0.995


Stage 1 State
   Image metric = MattesMI
     Fixed image = Image (0x3776e70)
  RTTI typeinfo:   itk::Image<double, 3u>
  Reference Count: 2
  Modified Time: 2334
  Debug: Off
  Object Name: 
  Observers: 
    none
  Source: (none)
  Source output name: (none)
  Release Data: Off
  Data Released: False
  Global Release Data: Off
  PipelineMTime: 0
  UpdateMTime: 1943
  RealTimeStamp: 0 seconds 
  LargestPossibleRegion: 
    Dimension: 3
    Index: [0, 0, 0]
    Size: [193, 229, 193]
  BufferedRegion: 
    Dimension: 3
    Index: [0, 0, 0]
    Size: [193, 229, 193]
  RequestedRegion: 
    Dimension: 3
    Index: [0, 0, 0]
    Size: [193, 229, 193]
  Spacing: [1, 1, 1]
  Origin: [96, 132, -78]
  Direction: 
-1 0 0
0 -1 0
0 0 1

  IndexToPointMatrix: 
-1 0 0
0 -1 0
0 0 1

  PointToIndexMatrix: 
-1 0 0
0 -1 0
0 0 1

  Inverse Direction: 
-1 0 0
0 -1 0
0 0 1

  PixelContainer: 
    ImportImageContainer (0x377fc60)
      RTTI typeinfo:   itk::ImportImageContainer<unsigned long, double>
      Reference Count: 1
      Modified Time: 1940
      Debug: Off
      Object Name: 
      Observers: 
        none
      Pointer: 0x15412dc5d010
      Container manages memory: true
      Size: 8530021
      Capacity: 8530021

     Moving image = Image (0x3782610)
  RTTI typeinfo:   itk::Image<double, 3u>
  Reference Count: 2
  Modified Time: 2335
  Debug: Off
  Object Name: 
  Observers: 
    none
  Source: (none)
  Source output name: (none)
  Release Data: Off
  Data Released: False
  Global Release Data: Off
  PipelineMTime: 0
  UpdateMTime: 2332
  RealTimeStamp: 0 seconds 
  LargestPossibleRegion: 
    Dimension: 3
    Index: [0, 0, 0]
    Size: [160, 240, 256]
  BufferedRegion: 
    Dimension: 3
    Index: [0, 0, 0]
    Size: [160, 240, 256]
  RequestedRegion: 
    Dimension: 3
    Index: [0, 0, 0]
    Size: [160, 240, 256]
  Spacing: [1, 1, 1]
  Origin: [91.3357, 102.231, -120.042]
  Direction: 
-0.997442 -5.36781e-05 -0.0714818
5.35416e-05 -1 3.82465e-06
-0.0714818 -1.23894e-08 0.997442

  IndexToPointMatrix: 
-0.997444 -5.36781e-05 -0.0714818
5.35418e-05 -1 3.82465e-06
-0.0714819 -1.23894e-08 0.997442

  PointToIndexMatrix: 
-0.99744 5.35415e-05 -0.0714816
-5.36781e-05 -1 -1.23894e-08
-0.0714818 3.82465e-06 0.997442

  Inverse Direction: 
-0.997442 5.35416e-05 -0.0714818
-5.36781e-05 -1 -1.23894e-08
-0.0714818 3.82465e-06 0.997442

  PixelContainer: 
    ImportImageContainer (0x381bef0)
      RTTI typeinfo:   itk::ImportImageContainer<unsigned long, double>
      Reference Count: 1
      Modified Time: 2329
      Debug: Off
      Object Name: 
      Observers: 
        none
      Pointer: 0x15412915c010
      Container manages memory: true
      Size: 9830400
      Capacity: 9830400

     Weighting = 1
     Sampling strategy = regular
     Number of bins = 32
     Radius = 4
     Sampling percentage  = 0.25
   Transform = Rigid
     Gradient step = 0.1
     Update field sigma (voxel space) = 0
     Total field sigma (voxel space) = 0
     Update field time sigma = 0
     Total field time sigma  = 0
     Number of time indices = 0
     Number of time point samples = 0
Registration using 1 total stages.

Stage 0
  iterations = 0
  convergence threshold = 1e-06
  convergence window size = 10
  number of levels = 1
  using the Mattes MI metric (number of bins = 32, weight = 1, use gradient filter = 0)
  preprocessing:  winsorizing the image intensities
  Shrink factors (level 1 out of 1): [1, 1, 1]
  smoothing sigmas per level: [0]
  regular sampling (percentage = 0.25)

*** Running Euler3DTransform registration ***

  Elapsed time (stage 0): 1.11902


Total elapsed time: 1.12175
Info [verificarlo]: loaded backend libinterflop_vprec.so
Info [interflop-vprec]: load backend with: 
Info [interflop-vprec]: precision-binary32 = 10
Info [interflop-vprec]: range-binary32 = 8
Info [interflop-vprec]: precision-binary64 = 10
Info [interflop-vprec]: range-binary64 = 8
Info [interflop-vprec]: mode = ob
Info [interflop-vprec]: error-mode = rel
Info [interflop-vprec]: max-abs-error-exponent = -1022
Info [interflop-vprec]: daz = false
Info [interflop-vprec]: ftz = false
Info [interflop-vprec]: 	instrument = none
Info [interflop-vprec]: 	prec-input-file = (null)
Info [interflop-vprec]: 	prec-output-file = (null)
Info [interflop-vprec]: 	prec-log-file = (null)
All_Command_lines_OK
Using double precision for computations.
=============================================================================
The composite transform comprises the following transforms (in order): 
  1. /home/mdugre/scratch/mri-registration-rp/datasets/ds004513/derivatives/mri-registration-rp/0110/antsRegistration-r8-p10/sub-s017/align_Composite.h5[0] (type = Euler3DTransform)
  2. /home/mdugre/scratch/mri-registration-rp/datasets/ds004513/derivatives/mri-registration-rp/0110/antsRegistration-r8-p10/sub-s017/align_Composite.h5[1] (type = Euler3DTransform)
=============================================================================
  number of levels = 4
  fixed image: /templateflow/tpl-MNI152NLin2009cAsym/tpl-MNI152NLin2009cAsym_res-01_desc-brain_T1w.nii.gz
  moving image: /home/mdugre/scratch/mri-registration-rp/datasets/ds004513/derivatives/mri-registration-rp/antsBrainExtraction/sub-s017/BrainExtractionBrain.nii.gz
Dimension = 3
Number of stages = 1
Use histogram matching = false
Winsorize image intensities = true
  Lower quantile = 0.005
  Upper quantile = 0.995


Stage 1 State
   Image metric = MattesMI
     Fixed image = Image (0x3d311e0)
  RTTI typeinfo:   itk::Image<double, 3u>
  Reference Count: 2
  Modified Time: 1578
  Debug: Off
  Object Name: 
  Observers: 
    none
  Source: (none)
  Source output name: (none)
  Release Data: Off
  Data Released: False
  Global Release Data: Off
  PipelineMTime: 0
  UpdateMTime: 1189
  RealTimeStamp: 0 seconds 
  LargestPossibleRegion: 
    Dimension: 3
    Index: [0, 0, 0]
    Size: [193, 229, 193]
  BufferedRegion: 
    Dimension: 3
    Index: [0, 0, 0]
    Size: [193, 229, 193]
  RequestedRegion: 
    Dimension: 3
    Index: [0, 0, 0]
    Size: [193, 229, 193]
  Spacing: [1, 1, 1]
  Origin: [96, 132, -78]
  Direction: 
-1 0 0
0 -1 0
0 0 1

  IndexToPointMatrix: 
-1 0 0
0 -1 0
0 0 1

  PointToIndexMatrix: 
-1 0 0
0 -1 0
0 0 1

  Inverse Direction: 
-1 0 0
0 -1 0
0 0 1

  PixelContainer: 
    ImportImageContainer (0x3df0680)
      RTTI typeinfo:   itk::ImportImageContainer<unsigned long, double>
      Reference Count: 1
      Modified Time: 1186
      Debug: Off
      Object Name: 
      Observers: 
        none
      Pointer: 0x14b4deb1e010
      Container manages memory: true
      Size: 8530021
      Capacity: 8530021

     Moving image = Image (0x3decb20)
  RTTI typeinfo:   itk::Image<double, 3u>
  Reference Count: 2
  Modified Time: 1579
  Debug: Off
  Object Name: 
  Observers: 
    none
  Source: (none)
  Source output name: (none)
  Release Data: Off
  Data Released: False
  Global Release Data: Off
  PipelineMTime: 0
  UpdateMTime: 1576
  RealTimeStamp: 0 seconds 
  LargestPossibleRegion: 
    Dimension: 3
    Index: [0, 0, 0]
    Size: [160, 240, 256]
  BufferedRegion: 
    Dimension: 3
    Index: [0, 0, 0]
    Size: [160, 240, 256]
  RequestedRegion: 
    Dimension: 3
    Index: [0, 0, 0]
    Size: [160, 240, 256]
  Spacing: [1, 1, 1]
  Origin: [91.3125, 102.25, -120.062]
  Direction: 
-0.997559 -5.3674e-05 -0.0715332
5.35846e-05 -1 3.8296e-06
-0.0715332 -1.21072e-08 0.997559

  IndexToPointMatrix: 
-0.997559 -5.3674e-05 -0.0715332
5.35846e-05 -1 3.8296e-06
-0.0715332 -1.21072e-08 0.997559

  PointToIndexMatrix: 
-0.998047 5.35846e-05 -0.0715332
-5.35846e-05 -1 -1.91852e-06
-0.0715332 1.91852e-06 0.997559

  Inverse Direction: 
-0.998047 5.35846e-05 -0.0715332
-5.35846e-05 -1 -1.91852e-06
-0.0715332 1.91852e-06 0.997559

  PixelContainer: 
    ImportImageContainer (0x3e55d50)
      RTTI typeinfo:   itk::ImportImageContainer<unsigned long, double>
      Reference Count: 1
      Modified Time: 1573
      Debug: Off
      Object Name: 
      Observers: 
        none
      Pointer: 0x14b4da01d010
      Container manages memory: true
      Size: 9830400
      Capacity: 9830400

     Weighting = 1
     Sampling strategy = regular
     Number of bins = 32
     Radius = 4
     Sampling percentage  = 0.25
   Transform = Rigid
     Gradient step = 0.1
     Update field sigma (voxel space) = 0
     Total field sigma (voxel space) = 0
     Update field time sigma = 0
     Total field time sigma  = 0
     Number of time indices = 0
     Number of time point samples = 0
Registration using 1 total stages.

Stage 0
  iterations = 1000x500x250x100
  convergence threshold = 1e-06
  convergence window size = 10
  number of levels = 4
  using the Mattes MI metric (number of bins = 32, weight = 1, use gradient filter = 0)
  preprocessing:  winsorizing the image intensities
  Shrink factors (level 1 out of 4): [8, 8, 8]
  Shrink factors (level 2 out of 4): [4, 4, 4]
  Shrink factors (level 3 out of 4): [2, 2, 2]
  Shrink factors (level 4 out of 4): [1, 1, 1]
  smoothing sigmas per level: [3, 2, 1, 0]
  regular sampling (percentage = 0.25)

*** Running Euler3DTransform registration ***

DIAGNOSTIC,Iteration,metricValue,convergenceValue,ITERATION_TIME_INDEX,SINCE_LAST
 2DIAGNOSTIC,     1, -5.545801050717e-01, 1.797693134862e+308, 0.0000e+00, 0.0000e+00, 
 2DIAGNOSTIC,     2, -5.551015662767e-01, 1.797693134862e+308, 0.0000e+00, 0.0000e+00, 
 2DIAGNOSTIC,     3, -5.554284164297e-01, 1.797693134862e+308, 0.0000e+00, 0.0000e+00, 
 2DIAGNOSTIC,     4, -5.554189649338e-01, 1.797693134862e+308, 0.0000e+00, 0.0000e+00, 
 2DIAGNOSTIC,     5, -5.553322856766e-01, 1.797693134862e+308, 0.0000e+00, 0.0000e+00, 
 2DIAGNOSTIC,     6, -5.553237125046e-01, 1.797693134862e+308, 0.0000e+00, 0.0000e+00, 
 2DIAGNOSTIC,     7, -5.553600253061e-01, 1.797693134862e+308, 0.0000e+00, 0.0000e+00, 
 2DIAGNOSTIC,     8, -5.554080522798e-01, 1.797693134862e+308, 0.0000e+00, 0.0000e+00, 
 2DIAGNOSTIC,     9, -5.554078717835e-01, 1.797693134862e+308, 0.0000e+00, 0.0000e+00, 
 2DIAGNOSTIC,    10, -5.554094821562e-01, 5.393117711802e-05, 0.0000e+00, 0.0000e+00, 
 2DIAGNOSTIC,    11, -5.554094821562e-01, 1.511583613147e-05, 0.0000e+00, 0.0000e+00, 
 2DIAGNOSTIC,    12, -5.554085069744e-01, 3.118818098960e-06, 0.0000e+00, 0.0000e+00, 
 2DIAGNOSTIC,    13, -5.554085069779e-01, 5.483324905839e-06, 0.0000e+00, 0.0000e+00, 
 2DIAGNOSTIC,    14, -5.553872314379e-01, 5.990657198099e-06, 0.0000e+00, 0.0000e+00, 
 2DIAGNOSTIC,    15, -5.553872199326e-01, 2.994230261039e-06, 0.0000e+00, 0.0000e+00, 
DIAGNOSTIC,Iteration,metricValue,convergenceValue,ITERATION_TIME_INDEX,SINCE_LAST
 2DIAGNOSTIC,     1, -4.664783292115e-01, 1.797693134862e+308, 0.0000e+00, 0.0000e+00, 
 2DIAGNOSTIC,     2, -4.666835151740e-01, 1.797693134862e+308, 0.0000e+00, 0.0000e+00, 
 2DIAGNOSTIC,     3, -4.673947003895e-01, 1.797693134862e+308, 0.0000e+00, 0.0000e+00, 
 2DIAGNOSTIC,     4, -4.676249352331e-01, 1.797693134862e+308, 0.0000e+00, 0.0000e+00, 
 2DIAGNOSTIC,     5, -4.686957941869e-01, 1.797693134862e+308, 0.0000e+00, 0.0000e+00, 
 2DIAGNOSTIC,     6, -4.702942160477e-01, 1.797693134862e+308, 0.0000e+00, 0.0000e+00, 
 2DIAGNOSTIC,     7, -4.732176232866e-01, 1.797693134862e+308, 0.0000e+00, 0.0000e+00, 
 2DIAGNOSTIC,     8, -4.773415979646e-01, 1.797693134862e+308, 0.0000e+00, 0.0000e+00, 
 2DIAGNOSTIC,     9, -4.821773719811e-01, 1.797693134862e+308, 0.0000e+00, 0.0000e+00, 
 2DIAGNOSTIC,    10, -4.826680971624e-01, 2.382429671482e-03, 0.0000e+00, 0.0000e+00, 
 2DIAGNOSTIC,    11, -4.825358025228e-01, 2.399063589142e-03, 0.0000e+00, 0.0000e+00, 
 2DIAGNOSTIC,    12, -4.829921731977e-01, 2.231851057776e-03, 0.0000e+00, 0.0000e+00, 
 2DIAGNOSTIC,    13, -4.831239689567e-01, 1.925031067887e-03, 0.0000e+00, 0.0000e+00, 
 2DIAGNOSTIC,    14, -4.831518412105e-01, 1.496403348890e-03, 0.0000e+00, 0.0000e+00, 
 2DIAGNOSTIC,    15, -4.831214505423e-01, 1.032381322729e-03, 0.0000e+00, 0.0000e+00, 
 2DIAGNOSTIC,    16, -4.830098796160e-01, 5.898269375701e-04, 0.0000e+00, 0.0000e+00, 
 2DIAGNOSTIC,    17, -4.829727363786e-01, 2.450478658514e-04, 0.0000e+00, 0.0000e+00, 
 2DIAGNOSTIC,    18, -4.829822823858e-01, 4.862343088351e-05, 0.0000e+00, 0.0000e+00, 
 2DIAGNOSTIC,    19, -4.829443157344e-01, 1.862017836307e-05, 0.0000e+00, 0.0000e+00, 
 2DIAGNOSTIC,    20, -4.829384520305e-01, 4.736603277988e-06, 0.0000e+00, 0.0000e+00, 
DIAGNOSTIC,Iteration,metricValue,convergenceValue,ITERATION_TIME_INDEX,SINCE_LAST
 2DIAGNOSTIC,     1, -4.154980981251e-01, 1.797693134862e+308, 0.0000e+00, 0.0000e+00, 
 2DIAGNOSTIC,     2, -4.155751684799e-01, 1.797693134862e+308, 0.0000e+00, 0.0000e+00, 
 2DIAGNOSTIC,     3, -4.155788223999e-01, 1.797693134862e+308, 0.0000e+00, 0.0000e+00, 
 2DIAGNOSTIC,     4, -4.155884132585e-01, 1.797693134862e+308, 0.0000e+00, 0.0000e+00, 
 2DIAGNOSTIC,     5, -4.155912347817e-01, 1.797693134862e+308, 0.0000e+00, 0.0000e+00, 
 2DIAGNOSTIC,     6, -4.155897871708e-01, 1.797693134862e+308, 0.0000e+00, 0.0000e+00, 
 2DIAGNOSTIC,     7, -4.155891601039e-01, 1.797693134862e+308, 0.0000e+00, 0.0000e+00, 
 2DIAGNOSTIC,     8, -4.155891364210e-01, 1.797693134862e+308, 0.0000e+00, 0.0000e+00, 
 2DIAGNOSTIC,     9, -4.155837990022e-01, 1.797693134862e+308, 0.0000e+00, 0.0000e+00, 
 2DIAGNOSTIC,    10, -4.155823941177e-01, 6.777231657248e-06, 0.0000e+00, 0.0000e+00, 
DIAGNOSTIC,Iteration,metricValue,convergenceValue,ITERATION_TIME_INDEX,SINCE_LAST
 2DIAGNOSTIC,     1, -3.831885240802e-01, 1.797693134862e+308, 0.0000e+00, 0.0000e+00, 
 2DIAGNOSTIC,     2, -3.832333904877e-01, 1.797693134862e+308, 0.0000e+00, 0.0000e+00, 
 2DIAGNOSTIC,     3, -3.832590007572e-01, 1.797693134862e+308, 0.0000e+00, 0.0000e+00, 
 2DIAGNOSTIC,     4, -3.832779371400e-01, 1.797693134862e+308, 0.0000e+00, 0.0000e+00, 
 2DIAGNOSTIC,     5, -3.833101730450e-01, 1.797693134862e+308, 0.0000e+00, 0.0000e+00, 
 2DIAGNOSTIC,     6, -3.833119193170e-01, 1.797693134862e+308, 0.0000e+00, 0.0000e+00, 
 2DIAGNOSTIC,     7, -3.833374196967e-01, 1.797693134862e+308, 0.0000e+00, 0.0000e+00, 
 2DIAGNOSTIC,     8, -3.830902780233e-01, 1.797693134862e+308, 0.0000e+00, 0.0000e+00, 
 2DIAGNOSTIC,     9, -3.828450773579e-01, 1.797693134862e+308, 0.0000e+00, 0.0000e+00, 
  Elapsed time (stage 0): 0.0000e+00


Total elapsed time: 0.0000e+00
Info [verificarlo]: loaded backend libinterflop_vprec.so
Info [interflop-vprec]: load backend with: 
Info [interflop-vprec]: precision-binary32 = 10
Info [interflop-vprec]: range-binary32 = 8
Info [interflop-vprec]: precision-binary64 = 10
Info [interflop-vprec]: range-binary64 = 8
Info [interflop-vprec]: mode = ob
Info [interflop-vprec]: error-mode = rel
Info [interflop-vprec]: max-abs-error-exponent = -1022
Info [interflop-vprec]: daz = false
Info [interflop-vprec]: ftz = false
Info [interflop-vprec]: 	instrument = none
Info [interflop-vprec]: 	prec-input-file = (null)
Info [interflop-vprec]: 	prec-output-file = (null)
Info [interflop-vprec]: 	prec-log-file = (null)
All_Command_lines_OK
Using double precision for computations.
=============================================================================
The composite transform comprises the following transforms (in order): 
  1. /home/mdugre/scratch/mri-registration-rp/datasets/ds004513/derivatives/mri-registration-rp/0110/antsRegistration-r8-p10/sub-s017/rigid_Composite.h5[0] (type = Euler3DTransform)
  2. /home/mdugre/scratch/mri-registration-rp/datasets/ds004513/derivatives/mri-registration-rp/0110/antsRegistration-r8-p10/sub-s017/rigid_Composite.h5[1] (type = Euler3DTransform)
  3. /home/mdugre/scratch/mri-registration-rp/datasets/ds004513/derivatives/mri-registration-rp/0110/antsRegistration-r8-p10/sub-s017/rigid_Composite.h5[2] (type = Euler3DTransform)
=============================================================================
  number of levels = 4
  fixed image: /templateflow/tpl-MNI152NLin2009cAsym/tpl-MNI152NLin2009cAsym_res-01_desc-brain_T1w.nii.gz
  moving image: /home/mdugre/scratch/mri-registration-rp/datasets/ds004513/derivatives/mri-registration-rp/antsBrainExtraction/sub-s017/BrainExtractionBrain.nii.gz
Dimension = 3
Number of stages = 1
Use histogram matching = false
Winsorize image intensities = true
  Lower quantile = 0.005
  Upper quantile = 0.995


Stage 1 State
   Image metric = MattesMI
     Fixed image = Image (0x40f9490)
  RTTI typeinfo:   itk::Image<double, 3u>
  Reference Count: 2
  Modified Time: 1592
  Debug: Off
  Object Name: 
  Observers: 
    none
  Source: (none)
  Source output name: (none)
  Release Data: Off
  Data Released: False
  Global Release Data: Off
  PipelineMTime: 0
  UpdateMTime: 1203
  RealTimeStamp: 0 seconds 
  LargestPossibleRegion: 
    Dimension: 3
    Index: [0, 0, 0]
    Size: [193, 229, 193]
  BufferedRegion: 
    Dimension: 3
    Index: [0, 0, 0]
    Size: [193, 229, 193]
  RequestedRegion: 
    Dimension: 3
    Index: [0, 0, 0]
    Size: [193, 229, 193]
  Spacing: [1, 1, 1]
  Origin: [96, 132, -78]
  Direction: 
-1 0 0
0 -1 0
0 0 1

  IndexToPointMatrix: 
-1 0 0
0 -1 0
0 0 1

  PointToIndexMatrix: 
-1 0 0
0 -1 0
0 0 1

  Inverse Direction: 
-1 0 0
0 -1 0
0 0 1

  PixelContainer: 
    ImportImageContainer (0x41728b0)
      RTTI typeinfo:   itk::ImportImageContainer<unsigned long, double>
      Reference Count: 1
      Modified Time: 1200
      Debug: Off
      Object Name: 
      Observers: 
        none
      Pointer: 0x14f1f9751010
      Container manages memory: true
      Size: 8530021
      Capacity: 8530021

     Moving image = Image (0x41c78e0)
  RTTI typeinfo:   itk::Image<double, 3u>
  Reference Count: 2
  Modified Time: 1593
  Debug: Off
  Object Name: 
  Observers: 
    none
  Source: (none)
  Source output name: (none)
  Release Data: Off
  Data Released: False
  Global Release Data: Off
  PipelineMTime: 0
  UpdateMTime: 1590
  RealTimeStamp: 0 seconds 
  LargestPossibleRegion: 
    Dimension: 3
    Index: [0, 0, 0]
    Size: [160, 240, 256]
  BufferedRegion: 
    Dimension: 3
    Index: [0, 0, 0]
    Size: [160, 240, 256]
  RequestedRegion: 
    Dimension: 3
    Index: [0, 0, 0]
    Size: [160, 240, 256]
  Spacing: [1, 1, 1]
  Origin: [91.3125, 102.25, -120.062]
  Direction: 
-0.997559 -5.3674e-05 -0.0715332
5.35846e-05 -1 3.8296e-06
-0.0715332 -1.21072e-08 0.997559

  IndexToPointMatrix: 
-0.997559 -5.3674e-05 -0.0715332
5.35846e-05 -1 3.8296e-06
-0.0715332 -1.21072e-08 0.997559

  PointToIndexMatrix: 
-0.998047 5.35846e-05 -0.0715332
-5.35846e-05 -1 -1.91852e-06
-0.0715332 1.91852e-06 0.997559

  Inverse Direction: 
-0.998047 5.35846e-05 -0.0715332
-5.35846e-05 -1 -1.91852e-06
-0.0715332 1.91852e-06 0.997559

  PixelContainer: 
    ImportImageContainer (0x4290350)
      RTTI typeinfo:   itk::ImportImageContainer<unsigned long, double>
      Reference Count: 1
      Modified Time: 1587
      Debug: Off
      Object Name: 
      Observers: 
        none
      Pointer: 0x14f1f4c50010
      Container manages memory: true
      Size: 9830400
      Capacity: 9830400

     Weighting = 1
     Sampling strategy = regular
     Number of bins = 32
     Radius = 4
     Sampling percentage  = 0.25
   Transform = Affine
     Gradient step = 0.1
     Update field sigma (voxel space) = 0
     Total field sigma (voxel space) = 0
     Update field time sigma = 0
     Total field time sigma  = 0
     Number of time indices = 0
     Number of time point samples = 0
Registration using 1 total stages.

Stage 0
  iterations = 1000x500x250x100
  convergence threshold = 1e-06
  convergence window size = 10
  number of levels = 4
  using the Mattes MI metric (number of bins = 32, weight = 1, use gradient filter = 0)
  preprocessing:  winsorizing the image intensities
  Shrink factors (level 1 out of 4): [8, 8, 8]
  Shrink factors (level 2 out of 4): [4, 4, 4]
  Shrink factors (level 3 out of 4): [2, 2, 2]
  Shrink factors (level 4 out of 4): [1, 1, 1]
  smoothing sigmas per level: [3, 2, 1, 0]
  regular sampling (percentage = 0.25)

*** Running AffineTransform registration ***

DIAGNOSTIC,Iteration,metricValue,convergenceValue,ITERATION_TIME_INDEX,SINCE_LAST
 2DIAGNOSTIC,     1, -5.765901213828e-01, 1.797693134862e+308, 0.0000e+00, 0.0000e+00, 
 2DIAGNOSTIC,     2, -5.793616395862e-01, 1.797693134862e+308, 0.0000e+00, 0.0000e+00, 
 2DIAGNOSTIC,     3, -5.840724338592e-01, 1.797693134862e+308, 0.0000e+00, 0.0000e+00, 
 2DIAGNOSTIC,     4, -5.917390780361e-01, 1.797693134862e+308, 0.0000e+00, 0.0000e+00, 
 2DIAGNOSTIC,     5, -6.072606411695e-01, 1.797693134862e+308, 0.0000e+00, 0.0000e+00, 
 2DIAGNOSTIC,     6, -6.334199580503e-01, 1.797693134862e+308, 0.0000e+00, 0.0000e+00, 
 2DIAGNOSTIC,     7, -6.728546654168e-01, 1.797693134862e+308, 0.0000e+00, 0.0000e+00, 
 2DIAGNOSTIC,     8, -7.393172054430e-01, 1.797693134862e+308, 0.0000e+00, 0.0000e+00, 
 2DIAGNOSTIC,     9, -8.335161159394e-01, 1.797693134862e+308, 0.0000e+00, 0.0000e+00, 
 2DIAGNOSTIC,    10, -8.660085004363e-01, 2.817809170425e-02, 0.0000e+00, 0.0000e+00, 
 2DIAGNOSTIC,    11, -8.883570068583e-01, 2.977431228053e-02, 0.0000e+00, 0.0000e+00, 
 2DIAGNOSTIC,    12, -8.884331536883e-01, 2.854030310048e-02, 0.0000e+00, 0.0000e+00, 
 2DIAGNOSTIC,    13, -8.889007106628e-01, 2.515780758533e-02, 0.0000e+00, 0.0000e+00, 
 2DIAGNOSTIC,    14, -8.887650716741e-01, 2.029367394777e-02, 0.0000e+00, 0.0000e+00, 
 2DIAGNOSTIC,    15, -8.886186456893e-01, 1.476930114610e-02, 0.0000e+00, 0.0000e+00, 
 2DIAGNOSTIC,    16, -8.884341798106e-01, 9.355569755974e-03, 0.0000e+00, 0.0000e+00, 
 2DIAGNOSTIC,    17, -8.884687202100e-01, 4.697780622036e-03, 0.0000e+00, 0.0000e+00, 
 2DIAGNOSTIC,    18, -8.885767959148e-01, 1.541429610216e-03, 0.0000e+00, 0.0000e+00, 
 2DIAGNOSTIC,    19, -8.886400349887e-01, 4.376993461799e-04, 0.0000e+00, 0.0000e+00, 
 2DIAGNOSTIC,    20, -8.886366933021e-01, 1.164674386378e-06, 0.0000e+00, 0.0000e+00, 
DIAGNOSTIC,Iteration,metricValue,convergenceValue,ITERATION_TIME_INDEX,SINCE_LAST
 2DIAGNOSTIC,     1, -7.434990252829e-01, 1.797693134862e+308, 0.0000e+00, 0.0000e+00, 
 2DIAGNOSTIC,     2, -7.439912912657e-01, 1.797693134862e+308, 0.0000e+00, 0.0000e+00, 
 2DIAGNOSTIC,     3, -7.447798269715e-01, 1.797693134862e+308, 0.0000e+00, 0.0000e+00, 
 2DIAGNOSTIC,     4, -7.457473166493e-01, 1.797693134862e+308, 0.0000e+00, 0.0000e+00, 
 2DIAGNOSTIC,     5, -7.460382963451e-01, 1.797693134862e+308, 0.0000e+00, 0.0000e+00, 
 2DIAGNOSTIC,     6, -7.460215109350e-01, 1.797693134862e+308, 0.0000e+00, 0.0000e+00, 
 2DIAGNOSTIC,     7, -7.460869785128e-01, 1.797693134862e+308, 0.0000e+00, 0.0000e+00, 
 2DIAGNOSTIC,     8, -7.460934017719e-01, 1.797693134862e+308, 0.0000e+00, 0.0000e+00, 
 2DIAGNOSTIC,     9, -7.465875108153e-01, 1.797693134862e+308, 0.0000e+00, 0.0000e+00, 
 2DIAGNOSTIC,    10, -7.467384648528e-01, 2.510592793715e-04, 0.0000e+00, 0.0000e+00, 
 2DIAGNOSTIC,    11, -7.467746393258e-01, 1.774478524783e-04, 0.0000e+00, 0.0000e+00, 
 2DIAGNOSTIC,    12, -7.467400446038e-01, 1.147979810886e-04, 0.0000e+00, 0.0000e+00, 
 2DIAGNOSTIC,    13, -7.467475449762e-01, 7.410456527178e-05, 0.0000e+00, 0.0000e+00, 
 2DIAGNOSTIC,    14, -7.467418030588e-01, 5.822316473000e-05, 0.0000e+00, 0.0000e+00, 
 2DIAGNOSTIC,    15, -7.467170086733e-01, 4.582418358562e-05, 0.0000e+00, 0.0000e+00, 
 2DIAGNOSTIC,    16, -7.467305559028e-01, 3.083718355908e-05, 0.0000e+00, 0.0000e+00, 
 2DIAGNOSTIC,    17, -7.467328438641e-01, 1.647402489811e-05, 0.0000e+00, 0.0000e+00, 
 2DIAGNOSTIC,    18, -7.467325283424e-01, 2.058611160774e-06, 0.0000e+00, 0.0000e+00, 
DIAGNOSTIC,Iteration,metricValue,convergenceValue,ITERATION_TIME_INDEX,SINCE_LAST
 2DIAGNOSTIC,     1, -6.263115919133e-01, 1.797693134862e+308, 0.0000e+00, 0.0000e+00, 
 2DIAGNOSTIC,     2, -6.267724879380e-01, 1.797693134862e+308, 0.0000e+00, 0.0000e+00, 
 2DIAGNOSTIC,     3, -6.273150507852e-01, 1.797693134862e+308, 0.0000e+00, 0.0000e+00, 
 2DIAGNOSTIC,     4, -6.279436495660e-01, 1.797693134862e+308, 0.0000e+00, 0.0000e+00, 
 2DIAGNOSTIC,     5, -6.286068135275e-01, 1.797693134862e+308, 0.0000e+00, 0.0000e+00, 
 2DIAGNOSTIC,     6, -6.289891465896e-01, 1.797693134862e+308, 0.0000e+00, 0.0000e+00, 
 2DIAGNOSTIC,     7, -6.292617800001e-01, 1.797693134862e+308, 0.0000e+00, 0.0000e+00, 
 2DIAGNOSTIC,     8, -6.291751734950e-01, 1.797693134862e+308, 0.0000e+00, 0.0000e+00, 
 2DIAGNOSTIC,     9, -6.292197563487e-01, 1.797693134862e+308, 0.0000e+00, 0.0000e+00, 
 2DIAGNOSTIC,    10, -6.292902551767e-01, 3.212506224512e-04, 0.0000e+00, 0.0000e+00, 
 2DIAGNOSTIC,    11, -6.293046813216e-01, 2.246866637093e-04, 0.0000e+00, 0.0000e+00, 
 2DIAGNOSTIC,    12, -6.293113365931e-01, 1.416481428139e-04, 0.0000e+00, 0.0000e+00, 
 2DIAGNOSTIC,    13, -6.293096089080e-01, 7.734914277542e-05, 0.0000e+00, 0.0000e+00, 
 2DIAGNOSTIC,    14, -6.293053613205e-01, 3.505212262919e-05, 0.0000e+00, 0.0000e+00, 
 2DIAGNOSTIC,    15, -6.293045890122e-01, 1.485846803990e-05, 0.0000e+00, 0.0000e+00, 
 2DIAGNOSTIC,    16, -6.293039080562e-01, 6.365449558690e-06, 0.0000e+00, 0.0000e+00, 
 2DIAGNOSTIC,    17, -6.293037524991e-01, 5.638542802132e-06, 0.0000e+00, 0.0000e+00, 
 2DIAGNOSTIC,    18, -6.293049855556e-01, 2.322383213550e-06, 0.0000e+00, 0.0000e+00, 
DIAGNOSTIC,Iteration,metricValue,convergenceValue,ITERATION_TIME_INDEX,SINCE_LAST
 2DIAGNOSTIC,     1, -5.601258910135e-01, 1.797693134862e+308, 0.0000e+00, 0.0000e+00, 
 2DIAGNOSTIC,     2, -5.611064549212e-01, 1.797693134862e+308, 0.0000e+00, 0.0000e+00, 
 2DIAGNOSTIC,     3, -5.623394950135e-01, 1.797693134862e+308, 0.0000e+00, 0.0000e+00, 
 2DIAGNOSTIC,     4, -5.636676208885e-01, 1.797693134862e+308, 0.0000e+00, 0.0000e+00, 
 2DIAGNOSTIC,     5, -5.644790494428e-01, 1.797693134862e+308, 0.0000e+00, 0.0000e+00, 
 2DIAGNOSTIC,     6, -5.652596425761e-01, 1.797693134862e+308, 0.0000e+00, 0.0000e+00, 
 2DIAGNOSTIC,     7, -5.653062062163e-01, 1.797693134862e+308, 0.0000e+00, 0.0000e+00, 
 2DIAGNOSTIC,     8, -5.655130682078e-01, 1.797693134862e+308, 0.0000e+00, 0.0000e+00, 
 2DIAGNOSTIC,     9, -5.655678656817e-01, 1.797693134862e+308, 0.0000e+00, 0.0000e+00, 
 2DIAGNOSTIC,    10, -5.655260638664e-01, 6.260458172681e-04, 0.0000e+00, 0.0000e+00, 
 2DIAGNOSTIC,    11, -5.655301057935e-01, 4.137662933482e-04, 0.0000e+00, 0.0000e+00, 
 2DIAGNOSTIC,    12, -5.655421524449e-01, 2.411160446148e-04, 0.0000e+00, 0.0000e+00, 
 2DIAGNOSTIC,    13, -5.655593585530e-01, 1.209651865794e-04, 0.0000e+00, 0.0000e+00, 
 2DIAGNOSTIC,    14, -5.655441178969e-01, 5.372887850011e-05, 0.0000e+00, 0.0000e+00, 
 2DIAGNOSTIC,    15, -5.655454711091e-01, 1.727845342596e-05, 0.0000e+00, 0.0000e+00, 
 2DIAGNOSTIC,    16, -5.655453996232e-01, 8.440590031994e-06, 0.0000e+00, 0.0000e+00, 
 2DIAGNOSTIC,    17, -5.655449102622e-01, 1.039529834101e-06, 0.0000e+00, 0.0000e+00, 
  Elapsed time (stage 0): 0.0000e+00


Total elapsed time: 0.0000e+00
Info [verificarlo]: loaded backend libinterflop_ieee.so
Info [interflop-ieee]: load backend with:
Info [interflop-ieee]: debug = false
Info [interflop-ieee]: debug-binary = false
Info [interflop-ieee]: no-backend-name = false
Info [interflop-ieee]: print-new-line = false
Info [interflop-ieee]: print-subnormal-normalized = false
Info [interflop-ieee]: count-op = false
All_Command_lines_OK
Using double precision for computations.
=============================================================================
The composite transform comprises the following transforms (in order): 
  1. /home/mdugre/scratch/mri-registration-rp/datasets/ds004513/derivatives/mri-registration-rp/0110/antsRegistration-r8-p10/sub-s017/affine_Composite.h5[0] (type = Euler3DTransform)
  2. /home/mdugre/scratch/mri-registration-rp/datasets/ds004513/derivatives/mri-registration-rp/0110/antsRegistration-r8-p10/sub-s017/affine_Composite.h5[1] (type = Euler3DTransform)
  3. /home/mdugre/scratch/mri-registration-rp/datasets/ds004513/derivatives/mri-registration-rp/0110/antsRegistration-r8-p10/sub-s017/affine_Composite.h5[2] (type = Euler3DTransform)
  4. /home/mdugre/scratch/mri-registration-rp/datasets/ds004513/derivatives/mri-registration-rp/0110/antsRegistration-r8-p10/sub-s017/affine_Composite.h5[3] (type = AffineTransform)
=============================================================================
  number of levels = 4
  fixed image: /templateflow/tpl-MNI152NLin2009cAsym/tpl-MNI152NLin2009cAsym_res-01_desc-brain_T1w.nii.gz
  moving image: /home/mdugre/scratch/mri-registration-rp/datasets/ds004513/derivatives/mri-registration-rp/antsBrainExtraction/sub-s017/BrainExtractionBrain.nii.gz
Dimension = 3
Number of stages = 1
Use histogram matching = false
Winsorize image intensities = true
  Lower quantile = 0.005
  Upper quantile = 0.995


Stage 1 State
   Image metric = CC
     Fixed image = Image (0x47cca40)
  RTTI typeinfo:   itk::Image<double, 3u>
  Reference Count: 2
  Modified Time: 1608
  Debug: Off
  Object Name: 
  Observers: 
    none
  Source: (none)
  Source output name: (none)
  Release Data: Off
  Data Released: False
  Global Release Data: Off
  PipelineMTime: 0
  UpdateMTime: 1217
  RealTimeStamp: 0 seconds 
  LargestPossibleRegion: 
    Dimension: 3
    Index: [0, 0, 0]
    Size: [193, 229, 193]
  BufferedRegion: 
    Dimension: 3
    Index: [0, 0, 0]
    Size: [193, 229, 193]
  RequestedRegion: 
    Dimension: 3
    Index: [0, 0, 0]
    Size: [193, 229, 193]
  Spacing: [1, 1, 1]
  Origin: [96, 132, -78]
  Direction: 
-1 0 0
0 -1 0
0 0 1

  IndexToPointMatrix: 
-1 0 0
0 -1 0
0 0 1

  PointToIndexMatrix: 
-1 0 0
0 -1 0
0 0 1

  Inverse Direction: 
-1 0 0
0 -1 0
0 0 1

  PixelContainer: 
    ImportImageContainer (0x489b780)
      RTTI typeinfo:   itk::ImportImageContainer<unsigned long, double>
      Reference Count: 1
      Modified Time: 1214
      Debug: Off
      Object Name: 
      Observers: 
        none
      Pointer: 0x154513edf010
      Container manages memory: true
      Size: 8530021
      Capacity: 8530021

     Moving image = Image (0x4888570)
  RTTI typeinfo:   itk::Image<double, 3u>
  Reference Count: 2
  Modified Time: 1609
  Debug: Off
  Object Name: 
  Observers: 
    none
  Source: (none)
  Source output name: (none)
  Release Data: Off
  Data Released: False
  Global Release Data: Off
  PipelineMTime: 0
  UpdateMTime: 1606
  RealTimeStamp: 0 seconds 
  LargestPossibleRegion: 
    Dimension: 3
    Index: [0, 0, 0]
    Size: [160, 240, 256]
  BufferedRegion: 
    Dimension: 3
    Index: [0, 0, 0]
    Size: [160, 240, 256]
  RequestedRegion: 
    Dimension: 3
    Index: [0, 0, 0]
    Size: [160, 240, 256]
  Spacing: [1, 1, 1]
  Origin: [91.3357, 102.231, -120.042]
  Direction: 
-0.997442 -5.36781e-05 -0.0714818
5.35416e-05 -1 3.82465e-06
-0.0714818 -1.23894e-08 0.997442

  IndexToPointMatrix: 
-0.997444 -5.36781e-05 -0.0714818
5.35418e-05 -1 3.82465e-06
-0.0714819 -1.23894e-08 0.997442

  PointToIndexMatrix: 
-0.99744 5.35415e-05 -0.0714816
-5.36781e-05 -1 -1.23894e-08
-0.0714818 3.82465e-06 0.997442

  Inverse Direction: 
-0.997442 5.35416e-05 -0.0714818
-5.36781e-05 -1 -1.23894e-08
-0.0714818 3.82465e-06 0.997442

  PixelContainer: 
    ImportImageContainer (0x48ab0d0)
      RTTI typeinfo:   itk::ImportImageContainer<unsigned long, double>
      Reference Count: 1
      Modified Time: 1603
      Debug: Off
      Object Name: 
      Observers: 
        none
      Pointer: 0x15450f3de010
      Container manages memory: true
      Size: 9830400
      Capacity: 9830400

     Weighting = 1
     Sampling strategy = none
     Number of bins = 32
     Radius = 4
     Sampling percentage  = 1
   Transform = SyN
     Gradient step = 0.1
     Update field sigma (voxel space) = 3
     Total field sigma (voxel space) = 0
     Update field time sigma = 0
     Total field time sigma  = 0
     Number of time indices = 0
     Number of time point samples = 0
Registration using 1 total stages.

Stage 0
  iterations = 100x70x50x20
  convergence threshold = 1e-06
  convergence window size = 10
  number of levels = 4
  using the CC metric (radius = 4, weight = 1, use gradient filter = 0)
  preprocessing:  winsorizing the image intensities
  Shrink factors (level 1 out of 4): [8, 8, 8]
  Shrink factors (level 2 out of 4): [4, 4, 4]
  Shrink factors (level 3 out of 4): [2, 2, 2]
  Shrink factors (level 4 out of 4): [1, 1, 1]
  smoothing sigmas per level: [3, 2, 1, 0]
  Using default NONE metricSamplingStrategy 

*** Running SyN registration (varianceForUpdateField = 3, varianceForTotalField = 0) ***

XXDIAGNOSTIC,Iteration,metricValue,convergenceValue,ITERATION_TIME_INDEX,SINCE_LAST
 1DIAGNOSTIC,     1, -9.269647283857e-01, 1.797693134862e+308, 1.0612e+00, 1.0612e+00, 
 1DIAGNOSTIC,     2, -9.331036049601e-01, 1.797693134862e+308, 1.4417e+00, 3.8052e-01, 
 1DIAGNOSTIC,     3, -9.383261645845e-01, 1.797693134862e+308, 1.7864e+00, 3.4469e-01, 
 1DIAGNOSTIC,     4, -9.427695915137e-01, 1.797693134862e+308, 2.1192e+00, 3.3283e-01, 
 1DIAGNOSTIC,     5, -9.459547753941e-01, 1.797693134862e+308, 2.4526e+00, 3.3336e-01, 
 1DIAGNOSTIC,     6, -9.484908487288e-01, 1.797693134862e+308, 2.7950e+00, 3.4238e-01, 
 1DIAGNOSTIC,     7, -9.508148915121e-01, 1.797693134862e+308, 3.1266e+00, 3.3167e-01, 
 1DIAGNOSTIC,     8, -9.535388708952e-01, 1.797693134862e+308, 3.4597e+00, 3.3310e-01, 
 1DIAGNOSTIC,     9, -9.569872003174e-01, 1.797693134862e+308, 3.7959e+00, 3.3612e-01, 
 1DIAGNOSTIC,    10, -9.605722398039e-01, 2.086576740978e-03, 4.1293e+00, 3.3349e-01, 
 1DIAGNOSTIC,    11, -9.642881886225e-01, 1.762556741318e-03, 4.4656e+00, 3.3623e-01, 
 1DIAGNOSTIC,    12, -9.653409119518e-01, 1.512498633147e-03, 4.8075e+00, 3.4191e-01, 
 1DIAGNOSTIC,    13, -9.655946201502e-01, 1.290384232313e-03, 5.1424e+00, 3.3493e-01, 
 1DIAGNOSTIC,    14, -9.660973318928e-01, 1.088314429574e-03, 5.4733e+00, 3.3090e-01, 
 1DIAGNOSTIC,    15, -9.668435161370e-01, 8.910745248304e-04, 5.8135e+00, 3.4021e-01, 
 1DIAGNOSTIC,    16, -9.671382111733e-01, 6.888533541141e-04, 6.1569e+00, 3.4337e-01, 
 1DIAGNOSTIC,    17, -9.678457203373e-01, 5.006326073136e-04, 6.4909e+00, 3.3403e-01, 
 1DIAGNOSTIC,    18, -9.680770096679e-01, 3.362711601812e-04, 6.8257e+00, 3.3482e-01, 
 1DIAGNOSTIC,    19, -9.686567202320e-01, 2.207814604338e-04, 7.1607e+00, 3.3495e-01, 
 1DIAGNOSTIC,    20, -9.688136091491e-01, 1.506498028104e-04, 7.5018e+00, 3.4111e-01, 
 1DIAGNOSTIC,    21, -9.692820164834e-01, 1.322554833450e-04, 7.8348e+00, 3.3303e-01, 
 1DIAGNOSTIC,    22, -9.693836768344e-01, 1.188626907246e-04, 8.1661e+00, 3.3124e-01, 
 1DIAGNOSTIC,    23, -9.697725250380e-01, 1.039036227923e-04, 8.4907e+00, 3.2465e-01, 
 1DIAGNOSTIC,    24, -9.698358560533e-01, 8.735026380570e-05, 8.8239e+00, 3.3321e-01, 
 1DIAGNOSTIC,    25, -9.701669943912e-01, 7.685488646930e-05, 9.1649e+00, 3.4092e-01, 
 1DIAGNOSTIC,    26, -9.702015775424e-01, 6.360345648491e-05, 9.4990e+00, 3.3413e-01, 
 1DIAGNOSTIC,    27, -9.705068949326e-01, 5.660108809068e-05, 9.8398e+00, 3.4077e-01, 
 1DIAGNOSTIC,    28, -9.705215392407e-01, 4.729795784249e-05, 1.0174e+01, 3.3408e-01, 
 1DIAGNOSTIC,    29, -9.707821574017e-01, 4.288837522716e-05, 1.0507e+01, 3.3315e-01, 
 1DIAGNOSTIC,    30, -9.707818093016e-01, 3.623082461537e-05, 1.0834e+01, 3.2653e-01, 
 1DIAGNOSTIC,    31, -9.710483514166e-01, 3.372001806448e-05, 1.1176e+01, 3.4286e-01, 
 1DIAGNOSTIC,    32, -9.710359915576e-01, 2.896994024146e-05, 1.1517e+01, 3.4104e-01, 
 1DIAGNOSTIC,    33, -9.712567520174e-01, 2.735204653480e-05, 1.1859e+01, 3.4129e-01, 
 1DIAGNOSTIC,    34, -9.712337283435e-01, 2.358413803029e-05, 1.2201e+01, 3.4226e-01, 
 1DIAGNOSTIC,    35, -9.714370205823e-01, 2.242634085813e-05, 1.2541e+01, 3.4044e-01, 
 1DIAGNOSTIC,    36, -9.714055936948e-01, 1.922201214239e-05, 1.2884e+01, 3.4231e-01, 
 1DIAGNOSTIC,    37, -9.715941573052e-01, 1.842053279611e-05, 1.3221e+01, 3.3682e-01, 
 1DIAGNOSTIC,    38, -9.715571085958e-01, 1.574499193440e-05, 1.3561e+01, 3.4095e-01, 
 1DIAGNOSTIC,    39, -9.717310829777e-01, 1.511059102093e-05, 1.3894e+01, 3.3267e-01, 
 1DIAGNOSTIC,    40, -9.716883049821e-01, 1.275584791710e-05, 1.4218e+01, 3.2344e-01, 
 1DIAGNOSTIC,    41, -9.718528506644e-01, 1.250875351801e-05, 1.4544e+01, 3.2617e-01, 
 1DIAGNOSTIC,    42, -9.718062022960e-01, 1.067943682622e-05, 1.4886e+01, 3.4240e-01, 
 1DIAGNOSTIC,    43, -9.719611401226e-01, 1.059492958647e-05, 1.5218e+01, 3.3231e-01, 
 1DIAGNOSTIC,    44, -9.719095946781e-01, 9.019376408119e-06, 1.5547e+01, 3.2874e-01, 
 1DIAGNOSTIC,    45, -9.720549910742e-01, 9.035011211817e-06, 1.5896e+01, 3.4913e-01, 
 1DIAGNOSTIC,    46, -9.719999940189e-01, 7.650818244258e-06, 1.6240e+01, 3.4377e-01, 
 1DIAGNOSTIC,    47, -9.721369189491e-01, 7.728748309108e-06, 1.6577e+01, 3.3645e-01, 
 1DIAGNOSTIC,    48, -9.720790597353e-01, 6.501610779676e-06, 1.6913e+01, 3.3691e-01, 
 1DIAGNOSTIC,    49, -9.722077198290e-01, 6.612413944534e-06, 1.7255e+01, 3.4192e-01, 
 1DIAGNOSTIC,    50, -9.721472792253e-01, 5.498908683184e-06, 1.7591e+01, 3.3550e-01, 
 1DIAGNOSTIC,    51, -9.722682234973e-01, 5.637908077269e-06, 1.7937e+01, 3.4563e-01, 
 1DIAGNOSTIC,    52, -9.722058212497e-01, 4.635937919037e-06, 1.8280e+01, 3.4330e-01, 
 1DIAGNOSTIC,    53, -9.723212575640e-01, 4.813092616022e-06, 1.8614e+01, 3.3441e-01, 
 1DIAGNOSTIC,    54, -9.722570992237e-01, 3.914183293569e-06, 1.8963e+01, 3.4830e-01, 
 1DIAGNOSTIC,    55, -9.723678635892e-01, 4.124166844619e-06, 1.9297e+01, 3.3458e-01, 
 1DIAGNOSTIC,    56, -9.723026484414e-01, 3.322436625021e-06, 1.9639e+01, 3.4149e-01, 
 1DIAGNOSTIC,    57, -9.724100266534e-01, 3.568991375085e-06, 1.9972e+01, 3.3349e-01, 
 1DIAGNOSTIC,    58, -9.723441681449e-01, 2.860247673670e-06, 2.0319e+01, 3.4731e-01, 
 1DIAGNOSTIC,    59, -9.724484090126e-01, 3.137262368020e-06, 2.0643e+01, 3.2389e-01, 
