
##########################
# Experiment information #
##########################

EXPERIMENT_NAME: antsRegistration-r8-p23
VFC_BACKENDS: libinterflop_vprec.so --range-binary32=8 --precision-binary32=23 --range-binary64=8 --precision-binary64=23

SIF_IMG: /home/mdugre/projects/rrg-glatard/mdugre/containers/ants-vprec-no_metrics.simg

SUBJECT_ID: s035
INPUT_IMG: /home/mdugre/scratch/mri-registration-rp/datasets/ds004513/derivatives/mri-registration-rp/antsBrainExtraction/sub-s035/BrainExtractionBrain.nii.gz
OUTPUT_DIR: /home/mdugre/scratch/mri-registration-rp/datasets/ds004513/derivatives/mri-registration-rp/0110/antsRegistration-r8-p23/sub-s035

FIXED_IMG: /templateflow/tpl-MNI152NLin2009cAsym/tpl-MNI152NLin2009cAsym_res-01_desc-brain_T1w.nii.gz
DATA_DIR: /home/mdugre/scratch/mri-registration-rp/datasets/ds004513
TEMPLATEFLOW_DIR: /home/mdugre/projects/rrg-glatard/mdugre/templateflow
ITK_GLOBAL_DEFAULT_NUMBER_OF_THREADS: 16
##########################

Info [verificarlo]: loaded backend libinterflop_ieee.so
Info [interflop-ieee]: load backend with:
Info [interflop-ieee]: debug = false
Info [interflop-ieee]: debug-binary = false
Info [interflop-ieee]: no-backend-name = false
Info [interflop-ieee]: print-new-line = false
Info [interflop-ieee]: print-subnormal-normalized = false
Info [interflop-ieee]: count-op = false
All_Command_lines_OK
Using double precision for computations.
=============================================================================
The composite transform comprises the following transforms (in order): 
  1. Center of mass alignment using fixed image: /templateflow/tpl-MNI152NLin2009cAsym/tpl-MNI152NLin2009cAsym_res-01_desc-brain_T1w.nii.gz and moving image: /home/mdugre/scratch/mri-registration-rp/datasets/ds004513/derivatives/mri-registration-rp/antsBrainExtraction/sub-s035/BrainExtractionBrain.nii.gz (type = Euler3DTransform)
=============================================================================
  number of levels = 1
  fixed image: /templateflow/tpl-MNI152NLin2009cAsym/tpl-MNI152NLin2009cAsym_res-01_desc-brain_T1w.nii.gz
  moving image: /home/mdugre/scratch/mri-registration-rp/datasets/ds004513/derivatives/mri-registration-rp/antsBrainExtraction/sub-s035/BrainExtractionBrain.nii.gz
Dimension = 3
Number of stages = 1
Use histogram matching = false
Winsorize image intensities = true
  Lower quantile = 0.005
  Upper quantile = 0.995


Stage 1 State
   Image metric = MattesMI
     Fixed image = Image (0x3f28e70)
  RTTI typeinfo:   itk::Image<double, 3u>
  Reference Count: 2
  Modified Time: 2330
  Debug: Off
  Object Name: 
  Observers: 
    none
  Source: (none)
  Source output name: (none)
  Release Data: Off
  Data Released: False
  Global Release Data: Off
  PipelineMTime: 0
  UpdateMTime: 1941
  RealTimeStamp: 0 seconds 
  LargestPossibleRegion: 
    Dimension: 3
    Index: [0, 0, 0]
    Size: [193, 229, 193]
  BufferedRegion: 
    Dimension: 3
    Index: [0, 0, 0]
    Size: [193, 229, 193]
  RequestedRegion: 
    Dimension: 3
    Index: [0, 0, 0]
    Size: [193, 229, 193]
  Spacing: [1, 1, 1]
  Origin: [96, 132, -78]
  Direction: 
-1 0 0
0 -1 0
0 0 1

  IndexToPointMatrix: 
-1 0 0
0 -1 0
0 0 1

  PointToIndexMatrix: 
-1 0 0
0 -1 0
0 0 1

  Inverse Direction: 
-1 0 0
0 -1 0
0 0 1

  PixelContainer: 
    ImportImageContainer (0x3f31c60)
      RTTI typeinfo:   itk::ImportImageContainer<unsigned long, double>
      Reference Count: 1
      Modified Time: 1938
      Debug: Off
      Object Name: 
      Observers: 
        none
      Pointer: 0x1462aadd5010
      Container manages memory: true
      Size: 8530021
      Capacity: 8530021

     Moving image = Image (0x3fc5ec0)
  RTTI typeinfo:   itk::Image<double, 3u>
  Reference Count: 2
  Modified Time: 2331
  Debug: Off
  Object Name: 
  Observers: 
    none
  Source: (none)
  Source output name: (none)
  Release Data: Off
  Data Released: False
  Global Release Data: Off
  PipelineMTime: 0
  UpdateMTime: 2328
  RealTimeStamp: 0 seconds 
  LargestPossibleRegion: 
    Dimension: 3
    Index: [0, 0, 0]
    Size: [160, 240, 256]
  BufferedRegion: 
    Dimension: 3
    Index: [0, 0, 0]
    Size: [160, 240, 256]
  RequestedRegion: 
    Dimension: 3
    Index: [0, 0, 0]
    Size: [160, 240, 256]
  Spacing: [1, 1, 1]
  Origin: [98.6438, 87.6358, -117.989]
  Direction: 
-0.993515 -0.100993 -0.0522355
0.100854 -0.994887 0.00530255
-0.0525039 1.93537e-08 0.998621

  IndexToPointMatrix: 
-0.993515 -0.100993 -0.0522355
0.100854 -0.994887 0.00530255
-0.0525039 1.93537e-08 0.998621

  PointToIndexMatrix: 
-0.993515 0.100854 -0.0525039
-0.100993 -0.994887 1.93006e-08
-0.0522355 0.00530255 0.998621

  Inverse Direction: 
-0.993515 0.100854 -0.0525039
-0.100993 -0.994887 1.93006e-08
-0.0522355 0.00530255 0.998621

  PixelContainer: 
    ImportImageContainer (0x405d610)
      RTTI typeinfo:   itk::ImportImageContainer<unsigned long, double>
      Reference Count: 1
      Modified Time: 2325
      Debug: Off
      Object Name: 
      Observers: 
        none
      Pointer: 0x1462a62d4010
      Container manages memory: true
      Size: 9830400
      Capacity: 9830400

     Weighting = 1
     Sampling strategy = regular
     Number of bins = 32
     Radius = 4
     Sampling percentage  = 0.25
   Transform = Rigid
     Gradient step = 0.1
     Update field sigma (voxel space) = 0
     Total field sigma (voxel space) = 0
     Update field time sigma = 0
     Total field time sigma  = 0
     Number of time indices = 0
     Number of time point samples = 0
Registration using 1 total stages.

Stage 0
  iterations = 0
  convergence threshold = 1e-06
  convergence window size = 10
  number of levels = 1
  using the Mattes MI metric (number of bins = 32, weight = 1, use gradient filter = 0)
  preprocessing:  winsorizing the image intensities
  Shrink factors (level 1 out of 1): [1, 1, 1]
  smoothing sigmas per level: [0]
  regular sampling (percentage = 0.25)

*** Running Euler3DTransform registration ***

  Elapsed time (stage 0): 1.08684


Total elapsed time: 1.08896
Info [verificarlo]: loaded backend libinterflop_vprec.so
Info [interflop-vprec]: load backend with: 
Info [interflop-vprec]: precision-binary32 = 23
Info [interflop-vprec]: range-binary32 = 8
Info [interflop-vprec]: precision-binary64 = 23
Info [interflop-vprec]: range-binary64 = 8
Info [interflop-vprec]: mode = ob
Info [interflop-vprec]: error-mode = rel
Info [interflop-vprec]: max-abs-error-exponent = -1022
Info [interflop-vprec]: daz = false
Info [interflop-vprec]: ftz = false
Info [interflop-vprec]: 	instrument = none
Info [interflop-vprec]: 	prec-input-file = (null)
Info [interflop-vprec]: 	prec-output-file = (null)
Info [interflop-vprec]: 	prec-log-file = (null)
All_Command_lines_OK
Using double precision for computations.
=============================================================================
The composite transform comprises the following transforms (in order): 
  1. /home/mdugre/scratch/mri-registration-rp/datasets/ds004513/derivatives/mri-registration-rp/0110/antsRegistration-r8-p23/sub-s035/align_Composite.h5[0] (type = Euler3DTransform)
  2. /home/mdugre/scratch/mri-registration-rp/datasets/ds004513/derivatives/mri-registration-rp/0110/antsRegistration-r8-p23/sub-s035/align_Composite.h5[1] (type = Euler3DTransform)
=============================================================================
  number of levels = 4
  fixed image: /templateflow/tpl-MNI152NLin2009cAsym/tpl-MNI152NLin2009cAsym_res-01_desc-brain_T1w.nii.gz
  moving image: /home/mdugre/scratch/mri-registration-rp/datasets/ds004513/derivatives/mri-registration-rp/antsBrainExtraction/sub-s035/BrainExtractionBrain.nii.gz
Dimension = 3
Number of stages = 1
Use histogram matching = false
Winsorize image intensities = true
  Lower quantile = 0.005
  Upper quantile = 0.995


Stage 1 State
   Image metric = MattesMI
     Fixed image = Image (0x4e0d1e0)
  RTTI typeinfo:   itk::Image<double, 3u>
  Reference Count: 2
  Modified Time: 1578
  Debug: Off
  Object Name: 
  Observers: 
    none
  Source: (none)
  Source output name: (none)
  Release Data: Off
  Data Released: False
  Global Release Data: Off
  PipelineMTime: 0
  UpdateMTime: 1189
  RealTimeStamp: 0 seconds 
  LargestPossibleRegion: 
    Dimension: 3
    Index: [0, 0, 0]
    Size: [193, 229, 193]
  BufferedRegion: 
    Dimension: 3
    Index: [0, 0, 0]
    Size: [193, 229, 193]
  RequestedRegion: 
    Dimension: 3
    Index: [0, 0, 0]
    Size: [193, 229, 193]
  Spacing: [1, 1, 1]
  Origin: [96, 132, -78]
  Direction: 
-1 0 0
0 -1 0
0 0 1

  IndexToPointMatrix: 
-1 0 0
0 -1 0
0 0 1

  PointToIndexMatrix: 
-1 0 0
0 -1 0
0 0 1

  Inverse Direction: 
-1 0 0
0 -1 0
0 0 1

  PixelContainer: 
    ImportImageContainer (0x4ecc680)
      RTTI typeinfo:   itk::ImportImageContainer<unsigned long, double>
      Reference Count: 1
      Modified Time: 1186
      Debug: Off
      Object Name: 
      Observers: 
        none
      Pointer: 0x154ec1dc8010
      Container manages memory: true
      Size: 8530021
      Capacity: 8530021

     Moving image = Image (0x4ec8b20)
  RTTI typeinfo:   itk::Image<double, 3u>
  Reference Count: 2
  Modified Time: 1579
  Debug: Off
  Object Name: 
  Observers: 
    none
  Source: (none)
  Source output name: (none)
  Release Data: Off
  Data Released: False
  Global Release Data: Off
  PipelineMTime: 0
  UpdateMTime: 1576
  RealTimeStamp: 0 seconds 
  LargestPossibleRegion: 
    Dimension: 3
    Index: [0, 0, 0]
    Size: [160, 240, 256]
  BufferedRegion: 
    Dimension: 3
    Index: [0, 0, 0]
    Size: [160, 240, 256]
  RequestedRegion: 
    Dimension: 3
    Index: [0, 0, 0]
    Size: [160, 240, 256]
  Spacing: [1, 1, 1]
  Origin: [98.6438, 87.6358, -117.989]
  Direction: 
-0.993515 -0.100993 -0.0522355
0.100854 -0.994887 0.00530255
-0.0525039 1.93537e-08 0.998621

  IndexToPointMatrix: 
-0.993515 -0.100993 -0.0522355
0.100854 -0.994887 0.00530255
-0.0525039 1.93537e-08 0.998621

  PointToIndexMatrix: 
-0.993515 0.100854 -0.0525039
-0.100993 -0.994887 1.78814e-07
-0.0522355 0.00530246 0.998621

  Inverse Direction: 
-0.993515 0.100854 -0.0525039
-0.100993 -0.994887 1.78814e-07
-0.0522355 0.00530246 0.998621

  PixelContainer: 
    ImportImageContainer (0x4f31d50)
      RTTI typeinfo:   itk::ImportImageContainer<unsigned long, double>
      Reference Count: 1
      Modified Time: 1573
      Debug: Off
      Object Name: 
      Observers: 
        none
      Pointer: 0x154ebd2c7010
      Container manages memory: true
      Size: 9830400
      Capacity: 9830400

     Weighting = 1
     Sampling strategy = regular
     Number of bins = 32
     Radius = 4
     Sampling percentage  = 0.25
   Transform = Rigid
     Gradient step = 0.1
     Update field sigma (voxel space) = 0
     Total field sigma (voxel space) = 0
     Update field time sigma = 0
     Total field time sigma  = 0
     Number of time indices = 0
     Number of time point samples = 0
Registration using 1 total stages.

Stage 0
  iterations = 1000x500x250x100
  convergence threshold = 1e-06
  convergence window size = 10
  number of levels = 4
  using the Mattes MI metric (number of bins = 32, weight = 1, use gradient filter = 0)
  preprocessing:  winsorizing the image intensities
  Shrink factors (level 1 out of 4): [8, 8, 8]
  Shrink factors (level 2 out of 4): [4, 4, 4]
  Shrink factors (level 3 out of 4): [2, 2, 2]
  Shrink factors (level 4 out of 4): [1, 1, 1]
  smoothing sigmas per level: [3, 2, 1, 0]
  regular sampling (percentage = 0.25)

*** Running Euler3DTransform registration ***

DIAGNOSTIC,Iteration,metricValue,convergenceValue,ITERATION_TIME_INDEX,SINCE_LAST
 2DIAGNOSTIC,     1, -5.238631151379e-01, 1.797693134862e+308, 0.0000e+00, 0.0000e+00, 
 2DIAGNOSTIC,     2, -5.257892964446e-01, 1.797693134862e+308, 0.0000e+00, 0.0000e+00, 
 2DIAGNOSTIC,     3, -5.278605496862e-01, 1.797693134862e+308, 0.0000e+00, 0.0000e+00, 
 2DIAGNOSTIC,     4, -5.301572624077e-01, 1.797693134862e+308, 0.0000e+00, 0.0000e+00, 
 2DIAGNOSTIC,     5, -5.343516922464e-01, 1.797693134862e+308, 0.0000e+00, 0.0000e+00, 
 2DIAGNOSTIC,     6, -5.399326726633e-01, 1.797693134862e+308, 0.0000e+00, 0.0000e+00, 
 2DIAGNOSTIC,     7, -5.490794303078e-01, 1.797693134862e+308, 0.0000e+00, 0.0000e+00, 
 2DIAGNOSTIC,     8, -5.544731799754e-01, 1.797693134862e+308, 0.0000e+00, 0.0000e+00, 
 2DIAGNOSTIC,     9, -5.601883876489e-01, 1.797693134862e+308, 0.0000e+00, 0.0000e+00, 
 2DIAGNOSTIC,    10, -5.619160927013e-01, 5.077324736106e-03, 0.0000e+00, 0.0000e+00, 
 2DIAGNOSTIC,    11, -5.648659036021e-01, 4.800512134758e-03, 0.0000e+00, 0.0000e+00, 
 2DIAGNOSTIC,    12, -5.665617892172e-01, 4.293546083323e-03, 0.0000e+00, 0.0000e+00, 
 2DIAGNOSTIC,    13, -5.668903376363e-01, 3.574767765945e-03, 0.0000e+00, 0.0000e+00, 
 2DIAGNOSTIC,    14, -5.702077144793e-01, 2.846503918130e-03, 0.0000e+00, 0.0000e+00, 
 2DIAGNOSTIC,    15, -5.702746312907e-01, 2.103848077575e-03, 0.0000e+00, 0.0000e+00, 
 2DIAGNOSTIC,    16, -5.711385129719e-01, 1.468620546046e-03, 0.0000e+00, 0.0000e+00, 
 2DIAGNOSTIC,    17, -5.719125080034e-01, 1.074110458072e-03, 0.0000e+00, 0.0000e+00, 
 2DIAGNOSTIC,    18, -5.723872373120e-01, 7.897334850311e-04, 0.0000e+00, 0.0000e+00, 
 2DIAGNOSTIC,    19, -5.731267247990e-01, 6.365633920791e-04, 0.0000e+00, 0.0000e+00, 
 2DIAGNOSTIC,    20, -5.752783794972e-01, 5.374490471923e-04, 0.0000e+00, 0.0000e+00, 
 2DIAGNOSTIC,    21, -5.769274334504e-01, 5.087480176832e-04, 0.0000e+00, 0.0000e+00, 
 2DIAGNOSTIC,    22, -5.774701487855e-01, 4.874281851598e-04, 0.0000e+00, 0.0000e+00, 
 2DIAGNOSTIC,    23, -5.782799342559e-01, 4.465880157196e-04, 0.0000e+00, 0.0000e+00, 
 2DIAGNOSTIC,    24, -5.841927746739e-01, 5.629986730257e-04, 0.0000e+00, 0.0000e+00, 
 2DIAGNOSTIC,    25, -5.867766624797e-01, 6.665745852394e-04, 0.0000e+00, 0.0000e+00, 
 2DIAGNOSTIC,    26, -5.970082300513e-01, 9.140792132852e-04, 0.0000e+00, 0.0000e+00, 
 2DIAGNOSTIC,    27, -5.986352148946e-01, 1.098261457471e-03, 0.0000e+00, 0.0000e+00, 
 2DIAGNOSTIC,    28, -5.990754735824e-01, 1.183691504660e-03, 0.0000e+00, 0.0000e+00, 
 2DIAGNOSTIC,    29, -5.995702449650e-01, 1.173274674210e-03, 0.0000e+00, 0.0000e+00, 
 2DIAGNOSTIC,    30, -6.001158256526e-01, 1.096111361595e-03, 0.0000e+00, 0.0000e+00, 
 2DIAGNOSTIC,    31, -6.106110541062e-01, 1.114478208591e-03, 0.0000e+00, 0.0000e+00, 
 2DIAGNOSTIC,    32, -6.167975849725e-01, 1.126785226733e-03, 0.0000e+00, 0.0000e+00, 
 2DIAGNOSTIC,    33, -6.321293684971e-01, 1.273642097006e-03, 0.0000e+00, 0.0000e+00, 
 2DIAGNOSTIC,    34, -6.417250418070e-01, 1.513935929567e-03, 0.0000e+00, 0.0000e+00, 
 2DIAGNOSTIC,    35, -6.427025781176e-01, 1.641483610043e-03, 0.0000e+00, 0.0000e+00, 
 2DIAGNOSTIC,    36, -6.435514067050e-01, 1.758401413916e-03, 0.0000e+00, 0.0000e+00, 
 2DIAGNOSTIC,    37, -6.468767780364e-01, 1.766197602332e-03, 0.0000e+00, 0.0000e+00, 
 2DIAGNOSTIC,    38, -6.493157423779e-01, 1.639914969870e-03, 0.0000e+00, 0.0000e+00, 
 2DIAGNOSTIC,    39, -6.500607213033e-01, 1.380211644808e-03, 0.0000e+00, 0.0000e+00, 
 2DIAGNOSTIC,    40, -6.510613442959e-01, 1.022883086809e-03, 0.0000e+00, 0.0000e+00, 
 2DIAGNOSTIC,    41, -6.550410397611e-01, 7.604310637762e-04, 0.0000e+00, 0.0000e+00, 
 2DIAGNOSTIC,    42, -6.597132469140e-01, 5.590290771648e-04, 0.0000e+00, 0.0000e+00, 
 2DIAGNOSTIC,    43, -6.610607752488e-01, 4.975601978889e-04, 0.0000e+00, 0.0000e+00, 
 2DIAGNOSTIC,    44, -6.628521020325e-01, 5.171737237369e-04, 0.0000e+00, 0.0000e+00, 
 2DIAGNOSTIC,    45, -6.643033964324e-01, 5.130496606087e-04, 0.0000e+00, 0.0000e+00, 
 2DIAGNOSTIC,    46, -6.665140351361e-01, 4.905186858472e-04, 0.0000e+00, 0.0000e+00, 
 2DIAGNOSTIC,    47, -6.675637066047e-01, 4.650154364031e-04, 0.0000e+00, 0.0000e+00, 
 2DIAGNOSTIC,    48, -6.686486103034e-01, 4.315110220965e-04, 0.0000e+00, 0.0000e+00, 
 2DIAGNOSTIC,    49, -6.703351463542e-01, 3.825651930785e-04, 0.0000e+00, 0.0000e+00, 
 2DIAGNOSTIC,    50, -6.712860586638e-01, 3.168570941863e-04, 0.0000e+00, 0.0000e+00, 
 2DIAGNOSTIC,    51, -6.715045135665e-01, 2.614701527860e-04, 0.0000e+00, 0.0000e+00, 
 2DIAGNOSTIC,    52, -6.717874101962e-01, 2.284463866859e-04, 0.0000e+00, 0.0000e+00, 
 2DIAGNOSTIC,    53, -6.736479346594e-01, 2.032801980874e-04, 0.0000e+00, 0.0000e+00, 
 2DIAGNOSTIC,    54, -6.737468636324e-01, 1.754558074349e-04, 0.0000e+00, 0.0000e+00, 
 2DIAGNOSTIC,    55, -6.743716993398e-01, 1.493884021782e-04, 0.0000e+00, 0.0000e+00, 
 2DIAGNOSTIC,    56, -6.751313982130e-01, 1.349906251384e-04, 0.0000e+00, 0.0000e+00, 
 2DIAGNOSTIC,    57, -6.752217795180e-01, 1.174199131427e-04, 0.0000e+00, 0.0000e+00, 
 2DIAGNOSTIC,    58, -6.757017054158e-01, 1.014660354458e-04, 0.0000e+00, 0.0000e+00, 
 2DIAGNOSTIC,    59, -6.763671783432e-01, 9.469327179653e-05, 0.0000e+00, 0.0000e+00, 
 2DIAGNOSTIC,    60, -6.768872554594e-01, 9.051363503525e-05, 0.0000e+00, 0.0000e+00, 
 2DIAGNOSTIC,    61, -6.772772821532e-01, 8.247355249638e-05, 0.0000e+00, 0.0000e+00, 
 2DIAGNOSTIC,    62, -6.775534382301e-01, 7.070117850534e-05, 0.0000e+00, 0.0000e+00, 
 2DIAGNOSTIC,    63, -6.797068240692e-01, 8.206644438731e-05, 0.0000e+00, 0.0000e+00, 
 2DIAGNOSTIC,    64, -6.800090661974e-01, 8.755691656018e-05, 0.0000e+00, 0.0000e+00, 
 2DIAGNOSTIC,    65, -6.801370705855e-01, 8.979256893747e-05, 0.0000e+00, 0.0000e+00, 
 2DIAGNOSTIC,    66, -6.806689703868e-01, 9.262649293996e-05, 0.0000e+00, 0.0000e+00, 
 2DIAGNOSTIC,    67, -6.818277567217e-01, 9.491166113369e-05, 0.0000e+00, 0.0000e+00, 
 2DIAGNOSTIC,    68, -6.827747979089e-01, 9.717343035298e-05, 0.0000e+00, 0.0000e+00, 
 2DIAGNOSTIC,    69, -6.840818171310e-01, 1.029627932309e-04, 0.0000e+00, 0.0000e+00, 
 2DIAGNOSTIC,    70, -6.841798193097e-01, 1.028323489409e-04, 0.0000e+00, 0.0000e+00, 
 2DIAGNOSTIC,    71, -6.843859423680e-01, 9.691784911183e-05, 0.0000e+00, 0.0000e+00, 
 2DIAGNOSTIC,    72, -6.849856337745e-01, 8.702201125152e-05, 0.0000e+00, 0.0000e+00, 
 2DIAGNOSTIC,    73, -6.855364541349e-01, 8.569231594017e-05, 0.0000e+00, 0.0000e+00, 
 2DIAGNOSTIC,    74, -6.858287101428e-01, 7.977779314570e-05, 0.0000e+00, 0.0000e+00, 
 2DIAGNOSTIC,    75, -6.857939290034e-01, 6.704493576126e-05, 0.0000e+00, 0.0000e+00, 
 2DIAGNOSTIC,    76, -6.859645195785e-01, 5.248513817497e-05, 0.0000e+00, 0.0000e+00, 
 2DIAGNOSTIC,    77, -6.860902062500e-01, 4.072806217852e-05, 0.0000e+00, 0.0000e+00, 
 2DIAGNOSTIC,    78, -6.861581099213e-01, 3.101637996025e-05, 0.0000e+00, 0.0000e+00, 
 2DIAGNOSTIC,    79, -6.862118821800e-01, 2.642325117619e-05, 0.0000e+00, 0.0000e+00, 
 2DIAGNOSTIC,    80, -6.862194393364e-01, 2.010163231765e-05, 0.0000e+00, 0.0000e+00, 
 2DIAGNOSTIC,    81, -6.862301476496e-01, 1.321516064527e-05, 0.0000e+00, 0.0000e+00, 
 2DIAGNOSTIC,    82, -6.862392790330e-01, 8.532355380569e-06, 0.0000e+00, 0.0000e+00, 
 2DIAGNOSTIC,    83, -6.862440509529e-01, 6.153650205322e-06, 0.0000e+00, 0.0000e+00, 
 2DIAGNOSTIC,    84, -6.862448392291e-01, 4.869677519418e-06, 0.0000e+00, 0.0000e+00, 
 2DIAGNOSTIC,    85, -6.862477652840e-01, 3.006795467683e-06, 0.0000e+00, 0.0000e+00, 
 2DIAGNOSTIC,    86, -6.862461564477e-01, 1.808421996796e-06, 0.0000e+00, 0.0000e+00, 
 2DIAGNOSTIC,    87, -6.863467951881e-01, 1.661238528055e-06, 0.0000e+00, 0.0000e+00, 
 2DIAGNOSTIC,    88, -6.863467566294e-01, 1.718572824411e-06, 0.0000e+00, 0.0000e+00, 
 2DIAGNOSTIC,    89, -6.863466009509e-01, 1.921318921851e-06, 0.0000e+00, 0.0000e+00, 
 2DIAGNOSTIC,    90, -6.863466044602e-01, 2.015612217887e-06, 0.0000e+00, 0.0000e+00, 
 2DIAGNOSTIC,    91, -6.863466213806e-01, 1.999495255324e-06, 0.0000e+00, 0.0000e+00, 
 2DIAGNOSTIC,    92, -6.863466958647e-01, 1.862845492747e-06, 0.0000e+00, 0.0000e+00, 
 2DIAGNOSTIC,    93, -6.863467227054e-01, 1.606307640735e-06, 0.0000e+00, 0.0000e+00, 
 2DIAGNOSTIC,    94, -6.863466985376e-01, 1.246775529080e-06, 0.0000e+00, 0.0000e+00, 
DIAGNOSTIC,Iteration,metricValue,convergenceValue,ITERATION_TIME_INDEX,SINCE_LAST
 2DIAGNOSTIC,     1, -5.583819818157e-01, 1.797693134862e+308, 0.0000e+00, 0.0000e+00, 
 2DIAGNOSTIC,     2, -5.587399218710e-01, 1.797693134862e+308, 0.0000e+00, 0.0000e+00, 
 2DIAGNOSTIC,     3, -5.591408438695e-01, 1.797693134862e+308, 0.0000e+00, 0.0000e+00, 
 2DIAGNOSTIC,     4, -5.598805742331e-01, 1.797693134862e+308, 0.0000e+00, 0.0000e+00, 
 2DIAGNOSTIC,     5, -5.609191504442e-01, 1.797693134862e+308, 0.0000e+00, 0.0000e+00, 
 2DIAGNOSTIC,     6, -5.613542994811e-01, 1.797693134862e+308, 0.0000e+00, 0.0000e+00, 
 2DIAGNOSTIC,     7, -5.626330995416e-01, 1.797693134862e+308, 0.0000e+00, 0.0000e+00, 
 2DIAGNOSTIC,     8, -5.631011824982e-01, 1.797693134862e+308, 0.0000e+00, 0.0000e+00, 
 2DIAGNOSTIC,     9, -5.638569797187e-01, 1.797693134862e+308, 0.0000e+00, 0.0000e+00, 
 2DIAGNOSTIC,    10, -5.641499188790e-01, 7.311913781433e-04, 0.0000e+00, 0.0000e+00, 
 2DIAGNOSTIC,    11, -5.641746077758e-01, 6.394159651434e-04, 0.0000e+00, 0.0000e+00, 
 2DIAGNOSTIC,    12, -5.642332993521e-01, 5.237079183456e-04, 0.0000e+00, 0.0000e+00, 
 2DIAGNOSTIC,    13, -5.643123327436e-01, 3.969795917889e-04, 0.0000e+00, 0.0000e+00, 
 2DIAGNOSTIC,    14, -5.644050064093e-01, 2.819261694813e-04, 0.0000e+00, 0.0000e+00, 
 2DIAGNOSTIC,    15, -5.644472665996e-01, 1.932376556411e-04, 0.0000e+00, 0.0000e+00, 
 2DIAGNOSTIC,    16, -5.644705019468e-01, 1.120250357553e-04, 0.0000e+00, 0.0000e+00, 
 2DIAGNOSTIC,    17, -5.645654672982e-01, 7.111459637905e-05, 0.0000e+00, 0.0000e+00, 
 2DIAGNOSTIC,    18, -5.646934562695e-01, 4.449747411624e-05, 0.0000e+00, 0.0000e+00, 
 2DIAGNOSTIC,    19, -5.649774845058e-01, 4.407137220400e-05, 0.0000e+00, 0.0000e+00, 
 2DIAGNOSTIC,    20, -5.658690540369e-01, 6.952434685076e-05, 0.0000e+00, 0.0000e+00, 
 2DIAGNOSTIC,    21, -5.658953030893e-01, 8.695539373916e-05, 0.0000e+00, 0.0000e+00, 
 2DIAGNOSTIC,    22, -5.659059144990e-01, 9.668365347328e-05, 0.0000e+00, 0.0000e+00, 
 2DIAGNOSTIC,    23, -5.658956524015e-01, 9.836415460779e-05, 0.0000e+00, 0.0000e+00, 
 2DIAGNOSTIC,    24, -5.659038050893e-01, 9.278392456500e-05, 0.0000e+00, 0.0000e+00, 
 2DIAGNOSTIC,    25, -5.658907844809e-01, 7.937705045511e-05, 0.0000e+00, 0.0000e+00, 
 2DIAGNOSTIC,    26, -5.658991008260e-01, 6.027173177109e-05, 0.0000e+00, 0.0000e+00, 
 2DIAGNOSTIC,    27, -5.659096844549e-01, 3.925518266948e-05, 0.0000e+00, 0.0000e+00, 
 2DIAGNOSTIC,    28, -5.659105886699e-01, 1.852460228961e-05, 0.0000e+00, 0.0000e+00, 
 2DIAGNOSTIC,    29, -5.658982196179e-01, 1.876506095559e-06, 0.0000e+00, 0.0000e+00, 
 2DIAGNOSTIC,    30, -5.659042224514e-01, 1.346420735265e-06, 0.0000e+00, 0.0000e+00, 
 2DIAGNOSTIC,    31, -5.659199880485e-01, 1.495011537955e-06, 0.0000e+00, 0.0000e+00, 
 2DIAGNOSTIC,    32, -5.659864339479e-01, 2.793863575878e-06, 0.0000e+00, 0.0000e+00, 
 2DIAGNOSTIC,    33, -5.660003634885e-01, 3.870695118008e-06, 0.0000e+00, 0.0000e+00, 
 2DIAGNOSTIC,    34, -5.660106663470e-01, 4.903837824286e-06, 0.0000e+00, 0.0000e+00, 
 2DIAGNOSTIC,    35, -5.659901812737e-01, 5.029539440888e-06, 0.0000e+00, 0.0000e+00, 
 2DIAGNOSTIC,    36, -5.659891620511e-01, 4.857425338147e-06, 0.0000e+00, 0.0000e+00, 
 2DIAGNOSTIC,    37, -5.659871391719e-01, 4.414769763515e-06, 0.0000e+00, 0.0000e+00, 
 2DIAGNOSTIC,    38, -5.659986727183e-01, 3.820300751817e-06, 0.0000e+00, 0.0000e+00, 
 2DIAGNOSTIC,    39, -5.660125898021e-01, 2.999831832901e-06, 0.0000e+00, 0.0000e+00, 
 2DIAGNOSTIC,    40, -5.660215924575e-01, 2.208808187108e-06, 0.0000e+00, 0.0000e+00, 
 2DIAGNOSTIC,    41, -5.660247712600e-01, 1.537627544446e-06, 0.0000e+00, 0.0000e+00, 
 2DIAGNOSTIC,    42, -5.660438797942e-01, 1.847076502564e-06, 0.0000e+00, 0.0000e+00, 
 2DIAGNOSTIC,    43, -5.660787944396e-01, 2.596441884932e-06, 0.0000e+00, 0.0000e+00, 
 2DIAGNOSTIC,    44, -5.661228031682e-01, 3.750156816421e-06, 0.0000e+00, 0.0000e+00, 
 2DIAGNOSTIC,    45, -5.662013844926e-01, 5.206796875493e-06, 0.0000e+00, 0.0000e+00, 
 2DIAGNOSTIC,    46, -5.662347728026e-01, 6.514044860125e-06, 0.0000e+00, 0.0000e+00, 
 2DIAGNOSTIC,    47, -5.662873170270e-01, 7.751720094658e-06, 0.0000e+00, 0.0000e+00, 
 2DIAGNOSTIC,    48, -5.662872205044e-01, 8.370921420784e-06, 0.0000e+00, 0.0000e+00, 
 2DIAGNOSTIC,    49, -5.662751558975e-01, 8.246484541573e-06, 0.0000e+00, 0.0000e+00, 
 2DIAGNOSTIC,    50, -5.662679589141e-01, 7.420097925634e-06, 0.0000e+00, 0.0000e+00, 
 2DIAGNOSTIC,    51, -5.662696416048e-01, 6.019790558406e-06, 0.0000e+00, 0.0000e+00, 
 2DIAGNOSTIC,    52, -5.662703767530e-01, 4.342860677527e-06, 0.0000e+00, 0.0000e+00, 
 2DIAGNOSTIC,    53, -5.662532796668e-01, 2.540249188443e-06, 0.0000e+00, 0.0000e+00, 
DIAGNOSTIC,Iteration,metricValue,convergenceValue,ITERATION_TIME_INDEX,SINCE_LAST
 2DIAGNOSTIC,     1, -5.037791424476e-01, 1.797693134862e+308, 0.0000e+00, 0.0000e+00, 
 2DIAGNOSTIC,     2, -5.039973208767e-01, 1.797693134862e+308, 0.0000e+00, 0.0000e+00, 
 2DIAGNOSTIC,     3, -5.041953076636e-01, 1.797693134862e+308, 0.0000e+00, 0.0000e+00, 
 2DIAGNOSTIC,     4, -5.042974451908e-01, 1.797693134862e+308, 0.0000e+00, 0.0000e+00, 
 2DIAGNOSTIC,     5, -5.043080411467e-01, 1.797693134862e+308, 0.0000e+00, 0.0000e+00, 
 2DIAGNOSTIC,     6, -5.044450082775e-01, 1.797693134862e+308, 0.0000e+00, 0.0000e+00, 
 2DIAGNOSTIC,     7, -5.046356919468e-01, 1.797693134862e+308, 0.0000e+00, 0.0000e+00, 
 2DIAGNOSTIC,     8, -5.046370672822e-01, 1.797693134862e+308, 0.0000e+00, 0.0000e+00, 
 2DIAGNOSTIC,     9, -5.046362718271e-01, 1.797693134862e+308, 0.0000e+00, 0.0000e+00, 
 2DIAGNOSTIC,    10, -5.046341823249e-01, 1.104695803798e-04, 0.0000e+00, 0.0000e+00, 
 2DIAGNOSTIC,    11, -5.046334183756e-01, 7.678539587547e-05, 0.0000e+00, 0.0000e+00, 
 2DIAGNOSTIC,    12, -5.046307491963e-01, 5.183501433849e-05, 0.0000e+00, 0.0000e+00, 
 2DIAGNOSTIC,    13, -5.046289893112e-01, 3.473380287916e-05, 0.0000e+00, 0.0000e+00, 
 2DIAGNOSTIC,    14, -5.046272453836e-01, 2.136476422877e-05, 0.0000e+00, 0.0000e+00, 
 2DIAGNOSTIC,    15, -5.046264924853e-01, 8.346334528550e-06, 0.0000e+00, 0.0000e+00, 
 2DIAGNOSTIC,    16, -5.046266882110e-01, 1.022395110059e-06, 0.0000e+00, 0.0000e+00, 
 2DIAGNOSTIC,    17, -5.046287681332e-01, 1.035205450944e-06, 0.0000e+00, 0.0000e+00, 
 2DIAGNOSTIC,    18, -5.046299979372e-01, 1.204220446152e-06, 0.0000e+00, 0.0000e+00, 
 2DIAGNOSTIC,    19, -5.046273798751e-01, 1.307608503240e-06, 0.0000e+00, 0.0000e+00, 
 2DIAGNOSTIC,    20, -5.046256867464e-01, 1.331122277945e-06, 0.0000e+00, 0.0000e+00, 
 2DIAGNOSTIC,    21, -5.046278074665e-01, 1.414481480472e-06, 0.0000e+00, 0.0000e+00, 
 2DIAGNOSTIC,    22, -5.046326555933e-01, 1.551684958537e-06, 0.0000e+00, 0.0000e+00, 
 2DIAGNOSTIC,    23, -5.046366290211e-01, 1.718479808212e-06, 0.0000e+00, 0.0000e+00, 
 2DIAGNOSTIC,    24, -5.046323495684e-01, 1.700533124982e-06, 0.0000e+00, 0.0000e+00, 
 2DIAGNOSTIC,    25, -5.046300038246e-01, 1.586199607329e-06, 0.0000e+00, 0.0000e+00, 
 2DIAGNOSTIC,    26, -5.046300778925e-01, 1.455831490020e-06, 0.0000e+00, 0.0000e+00, 
 2DIAGNOSTIC,    27, -5.046301339224e-01, 1.351578578883e-06, 0.0000e+00, 0.0000e+00, 
 2DIAGNOSTIC,    28, -5.046301383676e-01, 1.262890809081e-06, 1.2800e+02, 1.2800e+02, 
 2DIAGNOSTIC,    29, -5.046301188148e-01, 1.121423108798e-06, 1.2800e+02, 0.0000e+00, 
DIAGNOSTIC,Iteration,metricValue,convergenceValue,ITERATION_TIME_INDEX,SINCE_LAST
 2DIAGNOSTIC,     1, -4.671411392890e-01, 1.797693134862e+308, 1.2800e+02, 0.0000e+00, 
 2DIAGNOSTIC,     2, -4.672778198044e-01, 1.797693134862e+308, 1.2800e+02, 0.0000e+00, 
 2DIAGNOSTIC,     3, -4.673614575729e-01, 1.797693134862e+308, 1.2800e+02, 0.0000e+00, 
 2DIAGNOSTIC,     4, -4.673777526563e-01, 1.797693134862e+308, 1.2800e+02, 0.0000e+00, 
 2DIAGNOSTIC,     5, -4.673913644129e-01, 1.797693134862e+308, 1.2800e+02, 0.0000e+00, 
 2DIAGNOSTIC,     6, -4.674250099372e-01, 1.797693134862e+308, 1.2800e+02, 0.0000e+00, 
 2DIAGNOSTIC,     7, -4.674429017722e-01, 1.797693134862e+308, 1.2800e+02, 0.0000e+00, 
 2DIAGNOSTIC,     8, -4.674443134849e-01, 1.797693134862e+308, 1.2800e+02, 0.0000e+00, 
 2DIAGNOSTIC,     9, -4.674439013791e-01, 1.797693134862e+308, 1.2800e+02, 0.0000e+00, 
 2DIAGNOSTIC,    10, -4.674437192099e-01, 3.612871278079e-05, 1.2800e+02, 0.0000e+00, 
 2DIAGNOSTIC,    11, -4.674438748959e-01, 2.014178983277e-05, 1.2800e+02, 0.0000e+00, 
 2DIAGNOSTIC,    12, -4.674438520166e-01, 1.207498799394e-05, 1.2800e+02, 0.0000e+00, 
 2DIAGNOSTIC,    13, -4.674438375155e-01, 8.317275628528e-06, 1.2800e+02, 0.0000e+00, 
 2DIAGNOSTIC,    14, -4.674437584639e-01, 5.281152835906e-06, 1.2800e+02, 0.0000e+00, 
 2DIAGNOSTIC,    15, -4.674436292405e-01, 2.892553426392e-06, 1.2800e+02, 0.0000e+00, 
 2DIAGNOSTIC,    16, -4.674437193257e-01, 1.994798796312e-06, 1.2800e+02, 0.0000e+00, 
 2DIAGNOSTIC,    17, -4.674437069517e-01, 1.839661858426e-06, 1.2800e+02, 0.0000e+00, 
 2DIAGNOSTIC,    18, -4.674435970574e-01, 1.749076215800e-06, 1.2800e+02, 0.0000e+00, 
 2DIAGNOSTIC,    19, -4.674436027930e-01, 1.657134184985e-06, 2.5600e+02, 1.2800e+02, 
 2DIAGNOSTIC,    20, -4.674435951090e-01, 1.570075713546e-06, 2.5600e+02, 0.0000e+00, 
 2DIAGNOSTIC,    21, -4.674436191932e-01, 1.498332008826e-06, 2.5600e+02, 0.0000e+00, 
 2DIAGNOSTIC,    22, -4.674436094413e-01, 1.433668334390e-06, 2.5600e+02, 0.0000e+00, 
 2DIAGNOSTIC,    23, -4.674436987899e-01, 1.377879506353e-06, 2.5600e+02, 0.0000e+00, 
 2DIAGNOSTIC,    24, -4.674436920548e-01, 1.325125933066e-06, 2.5600e+02, 0.0000e+00, 
 2DIAGNOSTIC,    25, -4.674436636406e-01, 1.272710856169e-06, 2.5600e+02, 0.0000e+00, 
 2DIAGNOSTIC,    26, -4.674436633256e-01, 1.226427536118e-06, 2.5600e+02, 0.0000e+00, 
 2DIAGNOSTIC,    27, -4.674436592223e-01, 1.182982410627e-06, 2.5600e+02, 0.0000e+00, 
 2DIAGNOSTIC,    28, -4.674436613700e-01, 1.139814649914e-06, 2.5600e+02, 0.0000e+00, 
 2DIAGNOSTIC,    29, -4.674436613108e-01, 1.099397520181e-06, 2.5600e+02, 0.0000e+00, 
 2DIAGNOSTIC,    30, -4.674436526429e-01, 1.061134718705e-06, 2.5600e+02, 0.0000e+00, 
 2DIAGNOSTIC,    31, -4.674436526995e-01, 1.025775417871e-06, 2.5600e+02, 0.0000e+00, 
  Elapsed time (stage 0): 2.5600e+02


Total elapsed time: 2.5600e+02
Info [verificarlo]: loaded backend libinterflop_vprec.so
Info [interflop-vprec]: load backend with: 
Info [interflop-vprec]: precision-binary32 = 23
Info [interflop-vprec]: range-binary32 = 8
Info [interflop-vprec]: precision-binary64 = 23
Info [interflop-vprec]: range-binary64 = 8
Info [interflop-vprec]: mode = ob
Info [interflop-vprec]: error-mode = rel
Info [interflop-vprec]: max-abs-error-exponent = -1022
Info [interflop-vprec]: daz = false
Info [interflop-vprec]: ftz = false
Info [interflop-vprec]: 	instrument = none
Info [interflop-vprec]: 	prec-input-file = (null)
Info [interflop-vprec]: 	prec-output-file = (null)
Info [interflop-vprec]: 	prec-log-file = (null)
All_Command_lines_OK
Using double precision for computations.
=============================================================================
The composite transform comprises the following transforms (in order): 
  1. /home/mdugre/scratch/mri-registration-rp/datasets/ds004513/derivatives/mri-registration-rp/0110/antsRegistration-r8-p23/sub-s035/rigid_Composite.h5[0] (type = Euler3DTransform)
  2. /home/mdugre/scratch/mri-registration-rp/datasets/ds004513/derivatives/mri-registration-rp/0110/antsRegistration-r8-p23/sub-s035/rigid_Composite.h5[1] (type = Euler3DTransform)
  3. /home/mdugre/scratch/mri-registration-rp/datasets/ds004513/derivatives/mri-registration-rp/0110/antsRegistration-r8-p23/sub-s035/rigid_Composite.h5[2] (type = Euler3DTransform)
=============================================================================
  number of levels = 4
  fixed image: /templateflow/tpl-MNI152NLin2009cAsym/tpl-MNI152NLin2009cAsym_res-01_desc-brain_T1w.nii.gz
  moving image: /home/mdugre/scratch/mri-registration-rp/datasets/ds004513/derivatives/mri-registration-rp/antsBrainExtraction/sub-s035/BrainExtractionBrain.nii.gz
Dimension = 3
Number of stages = 1
Use histogram matching = false
Winsorize image intensities = true
  Lower quantile = 0.005
  Upper quantile = 0.995


Stage 1 State
   Image metric = MattesMI
     Fixed image = Image (0x45b3490)
  RTTI typeinfo:   itk::Image<double, 3u>
  Reference Count: 2
  Modified Time: 1592
  Debug: Off
  Object Name: 
  Observers: 
    none
  Source: (none)
  Source output name: (none)
  Release Data: Off
  Data Released: False
  Global Release Data: Off
  PipelineMTime: 0
  UpdateMTime: 1203
  RealTimeStamp: 0 seconds 
  LargestPossibleRegion: 
    Dimension: 3
    Index: [0, 0, 0]
    Size: [193, 229, 193]
  BufferedRegion: 
    Dimension: 3
    Index: [0, 0, 0]
    Size: [193, 229, 193]
  RequestedRegion: 
    Dimension: 3
    Index: [0, 0, 0]
    Size: [193, 229, 193]
  Spacing: [1, 1, 1]
  Origin: [96, 132, -78]
  Direction: 
-1 0 0
0 -1 0
0 0 1

  IndexToPointMatrix: 
-1 0 0
0 -1 0
0 0 1

  PointToIndexMatrix: 
-1 0 0
0 -1 0
0 0 1

  Inverse Direction: 
-1 0 0
0 -1 0
0 0 1

  PixelContainer: 
    ImportImageContainer (0x467e940)
      RTTI typeinfo:   itk::ImportImageContainer<unsigned long, double>
      Reference Count: 1
      Modified Time: 1200
      Debug: Off
      Object Name: 
      Observers: 
        none
      Pointer: 0x153015ea3010
      Container manages memory: true
      Size: 8530021
      Capacity: 8530021

     Moving image = Image (0x466eb60)
  RTTI typeinfo:   itk::Image<double, 3u>
  Reference Count: 2
  Modified Time: 1593
  Debug: Off
  Object Name: 
  Observers: 
    none
  Source: (none)
  Source output name: (none)
  Release Data: Off
  Data Released: False
  Global Release Data: Off
  PipelineMTime: 0
  UpdateMTime: 1590
  RealTimeStamp: 0 seconds 
  LargestPossibleRegion: 
    Dimension: 3
    Index: [0, 0, 0]
    Size: [160, 240, 256]
  BufferedRegion: 
    Dimension: 3
    Index: [0, 0, 0]
    Size: [160, 240, 256]
  RequestedRegion: 
    Dimension: 3
    Index: [0, 0, 0]
    Size: [160, 240, 256]
  Spacing: [1, 1, 1]
  Origin: [98.6438, 87.6358, -117.989]
  Direction: 
-0.993515 -0.100993 -0.0522355
0.100854 -0.994887 0.00530255
-0.0525039 1.93537e-08 0.998621

  IndexToPointMatrix: 
-0.993515 -0.100993 -0.0522355
0.100854 -0.994887 0.00530255
-0.0525039 1.93537e-08 0.998621

  PointToIndexMatrix: 
-0.993515 0.100854 -0.0525039
-0.100993 -0.994887 1.78814e-07
-0.0522355 0.00530246 0.998621

  Inverse Direction: 
-0.993515 0.100854 -0.0525039
-0.100993 -0.994887 1.78814e-07
-0.0522355 0.00530246 0.998621

  PixelContainer: 
    ImportImageContainer (0x4702190)
      RTTI typeinfo:   itk::ImportImageContainer<unsigned long, double>
      Reference Count: 1
      Modified Time: 1587
      Debug: Off
      Object Name: 
      Observers: 
        none
      Pointer: 0x1530113a2010
      Container manages memory: true
      Size: 9830400
      Capacity: 9830400

     Weighting = 1
     Sampling strategy = regular
     Number of bins = 32
     Radius = 4
     Sampling percentage  = 0.25
   Transform = Affine
     Gradient step = 0.1
     Update field sigma (voxel space) = 0
     Total field sigma (voxel space) = 0
     Update field time sigma = 0
     Total field time sigma  = 0
     Number of time indices = 0
     Number of time point samples = 0
Registration using 1 total stages.

Stage 0
  iterations = 1000x500x250x100
  convergence threshold = 1e-06
  convergence window size = 10
  number of levels = 4
  using the Mattes MI metric (number of bins = 32, weight = 1, use gradient filter = 0)
  preprocessing:  winsorizing the image intensities
  Shrink factors (level 1 out of 4): [8, 8, 8]
  Shrink factors (level 2 out of 4): [4, 4, 4]
  Shrink factors (level 3 out of 4): [2, 2, 2]
  Shrink factors (level 4 out of 4): [1, 1, 1]
  smoothing sigmas per level: [3, 2, 1, 0]
  regular sampling (percentage = 0.25)

*** Running AffineTransform registration ***

DIAGNOSTIC,Iteration,metricValue,convergenceValue,ITERATION_TIME_INDEX,SINCE_LAST
 2DIAGNOSTIC,     1, -6.751574360012e-01, 1.797693134862e+308, 0.0000e+00, 0.0000e+00, 
 2DIAGNOSTIC,     2, -6.769885412230e-01, 1.797693134862e+308, 0.0000e+00, 0.0000e+00, 
 2DIAGNOSTIC,     3, -6.800609290291e-01, 1.797693134862e+308, 0.0000e+00, 0.0000e+00, 
 2DIAGNOSTIC,     4, -6.851070657676e-01, 1.797693134862e+308, 0.0000e+00, 0.0000e+00, 
 2DIAGNOSTIC,     5, -6.930018771513e-01, 1.797693134862e+308, 0.0000e+00, 0.0000e+00, 
 2DIAGNOSTIC,     6, -7.045877202436e-01, 1.797693134862e+308, 0.0000e+00, 0.0000e+00, 
 2DIAGNOSTIC,     7, -7.176712224430e-01, 1.797693134862e+308, 0.0000e+00, 0.0000e+00, 
 2DIAGNOSTIC,     8, -7.358432883316e-01, 1.797693134862e+308, 0.0000e+00, 0.0000e+00, 
 2DIAGNOSTIC,     9, -7.359812303687e-01, 1.797693134862e+308, 0.0000e+00, 0.0000e+00, 
 2DIAGNOSTIC,    10, -7.361886859537e-01, 6.819284600727e-03, 0.0000e+00, 0.0000e+00, 
 2DIAGNOSTIC,    11, -7.362280562491e-01, 6.075151682618e-03, 0.0000e+00, 0.0000e+00, 
 2DIAGNOSTIC,    12, -7.360622509501e-01, 4.965241573626e-03, 0.0000e+00, 0.0000e+00, 
 2DIAGNOSTIC,    13, -7.360335731972e-01, 3.672361482033e-03, 0.0000e+00, 0.0000e+00, 
 2DIAGNOSTIC,    14, -7.361096227474e-01, 2.384920666987e-03, 0.0000e+00, 0.0000e+00, 
 2DIAGNOSTIC,    15, -7.360038899482e-01, 1.266697871838e-03, 0.0000e+00, 0.0000e+00, 
 2DIAGNOSTIC,    16, -7.360762870479e-01, 4.618500103573e-04, 0.0000e+00, 0.0000e+00, 
 2DIAGNOSTIC,    17, -7.362602720196e-01, 9.150904017041e-06, 0.0000e+00, 0.0000e+00, 
 2DIAGNOSTIC,    18, -7.364936664944e-01, 1.178374379130e-05, 0.0000e+00, 0.0000e+00, 
 2DIAGNOSTIC,    19, -7.369449837886e-01, 2.520872554303e-05, 0.0000e+00, 0.0000e+00, 
 2DIAGNOSTIC,    20, -7.369517033697e-01, 3.911863749947e-05, 0.0000e+00, 0.0000e+00, 
 2DIAGNOSTIC,    21, -7.368705875365e-01, 4.764983795527e-05, 0.0000e+00, 0.0000e+00, 
 2DIAGNOSTIC,    22, -7.367826799045e-01, 4.664656954796e-05, 0.0000e+00, 0.0000e+00, 
 2DIAGNOSTIC,    23, -7.368189518908e-01, 4.152065427992e-05, 0.0000e+00, 0.0000e+00, 
 2DIAGNOSTIC,    24, -7.368727055107e-01, 3.511704945001e-05, 0.0000e+00, 0.0000e+00, 
 2DIAGNOSTIC,    25, -7.368350124029e-01, 2.381196419243e-05, 0.0000e+00, 0.0000e+00, 
 2DIAGNOSTIC,    26, -7.366651941667e-01, 9.939240656030e-06, 0.0000e+00, 0.0000e+00, 
DIAGNOSTIC,Iteration,metricValue,convergenceValue,ITERATION_TIME_INDEX,SINCE_LAST
 2DIAGNOSTIC,     1, -6.063425219537e-01, 1.797693134862e+308, 0.0000e+00, 0.0000e+00, 
 2DIAGNOSTIC,     2, -6.074911171124e-01, 1.797693134862e+308, 0.0000e+00, 0.0000e+00, 
 2DIAGNOSTIC,     3, -6.087682571279e-01, 1.797693134862e+308, 0.0000e+00, 0.0000e+00, 
 2DIAGNOSTIC,     4, -6.099735149582e-01, 1.797693134862e+308, 0.0000e+00, 0.0000e+00, 
 2DIAGNOSTIC,     5, -6.106436046133e-01, 1.797693134862e+308, 0.0000e+00, 0.0000e+00, 
 2DIAGNOSTIC,     6, -6.110231846622e-01, 1.797693134862e+308, 0.0000e+00, 0.0000e+00, 
 2DIAGNOSTIC,     7, -6.110398774703e-01, 1.797693134862e+308, 0.0000e+00, 0.0000e+00, 
 2DIAGNOSTIC,     8, -6.111929593998e-01, 1.797693134862e+308, 0.0000e+00, 0.0000e+00, 
 2DIAGNOSTIC,     9, -6.112888223153e-01, 1.797693134862e+308, 0.0000e+00, 0.0000e+00, 
 2DIAGNOSTIC,    10, -6.112218800811e-01, 4.906162756948e-04, 0.0000e+00, 0.0000e+00, 
 2DIAGNOSTIC,    11, -6.112706809694e-01, 3.038559723561e-04, 0.0000e+00, 0.0000e+00, 
 2DIAGNOSTIC,    12, -6.112731143951e-01, 1.654343162806e-04, 0.0000e+00, 0.0000e+00, 
 2DIAGNOSTIC,    13, -6.112613358214e-01, 7.812909202931e-05, 0.0000e+00, 0.0000e+00, 
 2DIAGNOSTIC,    14, -6.112609419683e-01, 3.601792317402e-05, 0.0000e+00, 0.0000e+00, 
 2DIAGNOSTIC,    15, -6.112450167137e-01, 1.651833814993e-05, 0.0000e+00, 0.0000e+00, 
 2DIAGNOSTIC,    16, -6.112396406550e-01, 9.105088110875e-06, 0.0000e+00, 0.0000e+00, 
 2DIAGNOSTIC,    17, -6.112373270654e-01, 2.179369868495e-06, 0.0000e+00, 0.0000e+00, 
DIAGNOSTIC,Iteration,metricValue,convergenceValue,ITERATION_TIME_INDEX,SINCE_LAST
 2DIAGNOSTIC,     1, -5.352729382869e-01, 1.797693134862e+308, 0.0000e+00, 0.0000e+00, 
 2DIAGNOSTIC,     2, -5.357253424475e-01, 1.797693134862e+308, 0.0000e+00, 0.0000e+00, 
 2DIAGNOSTIC,     3, -5.361207542006e-01, 1.797693134862e+308, 0.0000e+00, 0.0000e+00, 
