
##########################
# Experiment information #
##########################

EXPERIMENT_NAME: antsRegistration-r7-p21
VFC_BACKENDS: libinterflop_vprec.so --range-binary32=7 --precision-binary32=21 --range-binary64=7 --precision-binary64=21

SIF_IMG: /home/mdugre/projects/rrg-glatard/mdugre/containers/ants-vprec-no_metrics.simg

SUBJECT_ID: s014
INPUT_IMG: /home/mdugre/scratch/mri-registration-rp/datasets/ds004513/derivatives/mri-registration-rp/antsBrainExtraction/sub-s014/BrainExtractionBrain.nii.gz
OUTPUT_DIR: /home/mdugre/scratch/mri-registration-rp/datasets/ds004513/derivatives/mri-registration-rp/0110/antsRegistration-r7-p21/sub-s014

FIXED_IMG: /templateflow/tpl-MNI152NLin2009cAsym/tpl-MNI152NLin2009cAsym_res-01_desc-brain_T1w.nii.gz
DATA_DIR: /home/mdugre/scratch/mri-registration-rp/datasets/ds004513
TEMPLATEFLOW_DIR: /home/mdugre/projects/rrg-glatard/mdugre/templateflow
ITK_GLOBAL_DEFAULT_NUMBER_OF_THREADS: 16
##########################

Info [verificarlo]: loaded backend libinterflop_ieee.so
Info [interflop-ieee]: load backend with:
Info [interflop-ieee]: debug = false
Info [interflop-ieee]: debug-binary = false
Info [interflop-ieee]: no-backend-name = false
Info [interflop-ieee]: print-new-line = false
Info [interflop-ieee]: print-subnormal-normalized = false
Info [interflop-ieee]: count-op = false
All_Command_lines_OK
Using double precision for computations.
=============================================================================
The composite transform comprises the following transforms (in order): 
  1. Center of mass alignment using fixed image: /templateflow/tpl-MNI152NLin2009cAsym/tpl-MNI152NLin2009cAsym_res-01_desc-brain_T1w.nii.gz and moving image: /home/mdugre/scratch/mri-registration-rp/datasets/ds004513/derivatives/mri-registration-rp/antsBrainExtraction/sub-s014/BrainExtractionBrain.nii.gz (type = Euler3DTransform)
=============================================================================
  number of levels = 1
  fixed image: /templateflow/tpl-MNI152NLin2009cAsym/tpl-MNI152NLin2009cAsym_res-01_desc-brain_T1w.nii.gz
  moving image: /home/mdugre/scratch/mri-registration-rp/datasets/ds004513/derivatives/mri-registration-rp/antsBrainExtraction/sub-s014/BrainExtractionBrain.nii.gz
Dimension = 3
Number of stages = 1
Use histogram matching = false
Winsorize image intensities = true
  Lower quantile = 0.005
  Upper quantile = 0.995


Stage 1 State
   Image metric = MattesMI
     Fixed image = Image (0x35b1e70)
  RTTI typeinfo:   itk::Image<double, 3u>
  Reference Count: 2
  Modified Time: 2334
  Debug: Off
  Object Name: 
  Observers: 
    none
  Source: (none)
  Source output name: (none)
  Release Data: Off
  Data Released: False
  Global Release Data: Off
  PipelineMTime: 0
  UpdateMTime: 1943
  RealTimeStamp: 0 seconds 
  LargestPossibleRegion: 
    Dimension: 3
    Index: [0, 0, 0]
    Size: [193, 229, 193]
  BufferedRegion: 
    Dimension: 3
    Index: [0, 0, 0]
    Size: [193, 229, 193]
  RequestedRegion: 
    Dimension: 3
    Index: [0, 0, 0]
    Size: [193, 229, 193]
  Spacing: [1, 1, 1]
  Origin: [96, 132, -78]
  Direction: 
-1 0 0
0 -1 0
0 0 1

  IndexToPointMatrix: 
-1 0 0
0 -1 0
0 0 1

  PointToIndexMatrix: 
-1 0 0
0 -1 0
0 0 1

  Inverse Direction: 
-1 0 0
0 -1 0
0 0 1

  PixelContainer: 
    ImportImageContainer (0x35be140)
      RTTI typeinfo:   itk::ImportImageContainer<unsigned long, double>
      Reference Count: 1
      Modified Time: 1940
      Debug: Off
      Object Name: 
      Observers: 
        none
      Pointer: 0x151bebfeb010
      Container manages memory: true
      Size: 8530021
      Capacity: 8530021

     Moving image = Image (0x35bb310)
  RTTI typeinfo:   itk::Image<double, 3u>
  Reference Count: 2
  Modified Time: 2335
  Debug: Off
  Object Name: 
  Observers: 
    none
  Source: (none)
  Source output name: (none)
  Release Data: Off
  Data Released: False
  Global Release Data: Off
  PipelineMTime: 0
  UpdateMTime: 2332
  RealTimeStamp: 0 seconds 
  LargestPossibleRegion: 
    Dimension: 3
    Index: [0, 0, 0]
    Size: [160, 240, 256]
  BufferedRegion: 
    Dimension: 3
    Index: [0, 0, 0]
    Size: [160, 240, 256]
  RequestedRegion: 
    Dimension: 3
    Index: [0, 0, 0]
    Size: [160, 240, 256]
  Spacing: [0.999999, 1, 1]
  Origin: [84.1637, 106.709, -120.531]
  Direction: 
-0.999619 -0.0226874 -0.0157033
0.0226846 -0.999743 0.00035635
-0.0157073 -7.8229e-09 0.999877

  IndexToPointMatrix: 
-0.999619 -0.0226874 -0.0157033
0.0226845 -0.999743 0.00035635
-0.0157073 -7.8229e-09 0.999877

  PointToIndexMatrix: 
-0.99962 0.0226846 -0.0157073
-0.0226874 -0.999743 -7.83127e-09
-0.0157033 0.00035635 0.999877

  Inverse Direction: 
-0.999619 0.0226846 -0.0157073
-0.0226874 -0.999743 -7.83127e-09
-0.0157033 0.00035635 0.999877

  PixelContainer: 
    ImportImageContainer (0x36e6610)
      RTTI typeinfo:   itk::ImportImageContainer<unsigned long, double>
      Reference Count: 1
      Modified Time: 2329
      Debug: Off
      Object Name: 
      Observers: 
        none
      Pointer: 0x151be74ea010
      Container manages memory: true
      Size: 9830400
      Capacity: 9830400

     Weighting = 1
     Sampling strategy = regular
     Number of bins = 32
     Radius = 4
     Sampling percentage  = 0.25
   Transform = Rigid
     Gradient step = 0.1
     Update field sigma (voxel space) = 0
     Total field sigma (voxel space) = 0
     Update field time sigma = 0
     Total field time sigma  = 0
     Number of time indices = 0
     Number of time point samples = 0
Registration using 1 total stages.

Stage 0
  iterations = 0
  convergence threshold = 1e-06
  convergence window size = 10
  number of levels = 1
  using the Mattes MI metric (number of bins = 32, weight = 1, use gradient filter = 0)
  preprocessing:  winsorizing the image intensities
  Shrink factors (level 1 out of 1): [1, 1, 1]
  smoothing sigmas per level: [0]
  regular sampling (percentage = 0.25)

*** Running Euler3DTransform registration ***

  Elapsed time (stage 0): 1.14814


Total elapsed time: 1.15036
Info [verificarlo]: loaded backend libinterflop_vprec.so
Info [interflop-vprec]: load backend with: 
Info [interflop-vprec]: precision-binary32 = 21
Info [interflop-vprec]: range-binary32 = 7
Info [interflop-vprec]: precision-binary64 = 21
Info [interflop-vprec]: range-binary64 = 7
Info [interflop-vprec]: mode = ob
Info [interflop-vprec]: error-mode = rel
Info [interflop-vprec]: max-abs-error-exponent = -1022
Info [interflop-vprec]: daz = false
Info [interflop-vprec]: ftz = false
Info [interflop-vprec]: 	instrument = none
Info [interflop-vprec]: 	prec-input-file = (null)
Info [interflop-vprec]: 	prec-output-file = (null)
Info [interflop-vprec]: 	prec-log-file = (null)
All_Command_lines_OK
Using double precision for computations.
=============================================================================
The composite transform comprises the following transforms (in order): 
  1. /home/mdugre/scratch/mri-registration-rp/datasets/ds004513/derivatives/mri-registration-rp/0110/antsRegistration-r7-p21/sub-s014/align_Composite.h5[0] (type = Euler3DTransform)
  2. /home/mdugre/scratch/mri-registration-rp/datasets/ds004513/derivatives/mri-registration-rp/0110/antsRegistration-r7-p21/sub-s014/align_Composite.h5[1] (type = Euler3DTransform)
=============================================================================
  number of levels = 4
  fixed image: /templateflow/tpl-MNI152NLin2009cAsym/tpl-MNI152NLin2009cAsym_res-01_desc-brain_T1w.nii.gz
  moving image: /home/mdugre/scratch/mri-registration-rp/datasets/ds004513/derivatives/mri-registration-rp/antsBrainExtraction/sub-s014/BrainExtractionBrain.nii.gz
Dimension = 3
Number of stages = 1
Use histogram matching = false
Winsorize image intensities = true
  Lower quantile = 0.005
  Upper quantile = 0.995


Stage 1 State
   Image metric = MattesMI
     Fixed image = Image (0x3ead1e0)
  RTTI typeinfo:   itk::Image<double, 3u>
  Reference Count: 2
  Modified Time: 1580
  Debug: Off
  Object Name: 
  Observers: 
    none
  Source: (none)
  Source output name: (none)
  Release Data: Off
  Data Released: False
  Global Release Data: Off
  PipelineMTime: 0
  UpdateMTime: 1189
  RealTimeStamp: 0 seconds 
  LargestPossibleRegion: 
    Dimension: 3
    Index: [0, 0, 0]
    Size: [193, 229, 193]
  BufferedRegion: 
    Dimension: 3
    Index: [0, 0, 0]
    Size: [193, 229, 193]
  RequestedRegion: 
    Dimension: 3
    Index: [0, 0, 0]
    Size: [193, 229, 193]
  Spacing: [1, 1, 1]
  Origin: [96, 132, -78]
  Direction: 
-1 0 0
0 -1 0
0 0 1

  IndexToPointMatrix: 
-1 0 0
0 -1 0
0 0 1

  PointToIndexMatrix: 
-1 0 0
0 -1 0
0 0 1

  Inverse Direction: 
-1 0 0
0 -1 0
0 0 1

  PixelContainer: 
    ImportImageContainer (0x3f6c680)
      RTTI typeinfo:   itk::ImportImageContainer<unsigned long, double>
      Reference Count: 1
      Modified Time: 1186
      Debug: Off
      Object Name: 
      Observers: 
        none
      Pointer: 0x145cf0415010
      Container manages memory: true
      Size: 8530021
      Capacity: 8530021

     Moving image = Image (0x3f68b20)
  RTTI typeinfo:   itk::Image<double, 3u>
  Reference Count: 2
  Modified Time: 1581
  Debug: Off
  Object Name: 
  Observers: 
    none
  Source: (none)
  Source output name: (none)
  Release Data: Off
  Data Released: False
  Global Release Data: Off
  PipelineMTime: 0
  UpdateMTime: 1578
  RealTimeStamp: 0 seconds 
  LargestPossibleRegion: 
    Dimension: 3
    Index: [0, 0, 0]
    Size: [160, 240, 256]
  BufferedRegion: 
    Dimension: 3
    Index: [0, 0, 0]
    Size: [160, 240, 256]
  RequestedRegion: 
    Dimension: 3
    Index: [0, 0, 0]
    Size: [160, 240, 256]
  Spacing: [1, 1, 1]
  Origin: [84.1637, 106.709, -120.531]
  Direction: 
-0.999619 -0.0226874 -0.0157033
0.0226846 -0.999743 0.00035635
-0.0157073 -7.8229e-09 0.999876

  IndexToPointMatrix: 
-0.999619 -0.0226874 -0.0157033
0.0226845 -0.999743 0.00035635
-0.0157073 -7.8229e-09 0.999876

  PointToIndexMatrix: 
-0.99962 0.0226846 -0.0157073
-0.0226874 -0.999743 -7.567e-09
-0.0157033 0.00035635 0.999877

  Inverse Direction: 
-0.999619 0.0226846 -0.0157073
-0.0226874 -0.999743 -7.567e-09
-0.0157033 0.00035635 0.999877

  PixelContainer: 
    ImportImageContainer (0x3fd1d50)
      RTTI typeinfo:   itk::ImportImageContainer<unsigned long, double>
      Reference Count: 1
      Modified Time: 1575
      Debug: Off
      Object Name: 
      Observers: 
        none
      Pointer: 0x145ceb914010
      Container manages memory: true
      Size: 9830400
      Capacity: 9830400

     Weighting = 1
     Sampling strategy = regular
     Number of bins = 32
     Radius = 4
     Sampling percentage  = 0.25
   Transform = Rigid
     Gradient step = 0.1
     Update field sigma (voxel space) = 0
     Total field sigma (voxel space) = 0
     Update field time sigma = 0
     Total field time sigma  = 0
     Number of time indices = 0
     Number of time point samples = 0
Registration using 1 total stages.

Stage 0
  iterations = 1000x500x250x100
  convergence threshold = 1e-06
  convergence window size = 10
  number of levels = 4
  using the Mattes MI metric (number of bins = 32, weight = 1, use gradient filter = 0)
  preprocessing:  winsorizing the image intensities
  Shrink factors (level 1 out of 4): [8, 8, 8]
  Shrink factors (level 2 out of 4): [4, 4, 4]
  Shrink factors (level 3 out of 4): [2, 2, 2]
  Shrink factors (level 4 out of 4): [1, 1, 1]
  smoothing sigmas per level: [3, 2, 1, 0]
  regular sampling (percentage = 0.25)

*** Running Euler3DTransform registration ***

DIAGNOSTIC,Iteration,metricValue,convergenceValue,ITERATION_TIME_INDEX,SINCE_LAST
 2DIAGNOSTIC,     1, -4.770814062935e-01, 1.797693134862e+308, 0.0000e+00, 0.0000e+00, 
 2DIAGNOSTIC,     2, -4.784206280344e-01, 1.797693134862e+308, 0.0000e+00, 0.0000e+00, 
 2DIAGNOSTIC,     3, -4.807028409397e-01, 1.797693134862e+308, 0.0000e+00, 0.0000e+00, 
 2DIAGNOSTIC,     4, -4.840251969296e-01, 1.797693134862e+308, 0.0000e+00, 0.0000e+00, 
 2DIAGNOSTIC,     5, -4.883035738770e-01, 1.797693134862e+308, 0.0000e+00, 0.0000e+00, 
 2DIAGNOSTIC,     6, -4.953573159352e-01, 1.797693134862e+308, 0.0000e+00, 0.0000e+00, 
 2DIAGNOSTIC,     7, -5.007412828300e-01, 1.797693134862e+308, 0.0000e+00, 0.0000e+00, 
 2DIAGNOSTIC,     8, -5.013360388476e-01, 1.797693134862e+308, 0.0000e+00, 0.0000e+00, 
 2DIAGNOSTIC,     9, -5.085406130409e-01, 1.797693134862e+308, 0.0000e+00, 0.0000e+00, 
 2DIAGNOSTIC,    10, -5.163316877187e-01, 5.134139414268e-03, 0.0000e+00, 0.0000e+00, 
 2DIAGNOSTIC,    11, -5.170933040013e-01, 4.905936335997e-03, 0.0000e+00, 0.0000e+00, 
 2DIAGNOSTIC,    12, -5.190655026147e-01, 4.441040116554e-03, 0.0000e+00, 0.0000e+00, 
 2DIAGNOSTIC,    13, -5.243063999414e-01, 3.981694505817e-03, 0.0000e+00, 0.0000e+00, 
 2DIAGNOSTIC,    14, -5.295210619804e-01, 3.565283289191e-03, 0.0000e+00, 0.0000e+00, 
 2DIAGNOSTIC,    15, -5.298678208117e-01, 3.044266745200e-03, 0.0000e+00, 0.0000e+00, 
 2DIAGNOSTIC,    16, -5.299020002854e-01, 2.564894787907e-03, 0.0000e+00, 0.0000e+00, 
 2DIAGNOSTIC,    17, -5.300623882585e-01, 2.099802155688e-03, 0.0000e+00, 0.0000e+00, 
 2DIAGNOSTIC,    18, -5.301009197853e-01, 1.508371678311e-03, 0.0000e+00, 0.0000e+00, 
 2DIAGNOSTIC,    19, -5.302403096161e-01, 1.049793930138e-03, 0.0000e+00, 0.0000e+00, 
 2DIAGNOSTIC,    20, -5.303472863077e-01, 7.634336637231e-04, 0.0000e+00, 0.0000e+00, 
 2DIAGNOSTIC,    21, -5.303743321771e-01, 4.577730735836e-04, 0.0000e+00, 0.0000e+00, 
 2DIAGNOSTIC,    22, -5.304061793720e-01, 1.868851595555e-04, 0.0000e+00, 0.0000e+00, 
 2DIAGNOSTIC,    23, -5.303704955676e-01, 4.499260916081e-05, 0.0000e+00, 0.0000e+00, 
 2DIAGNOSTIC,    24, -5.304322885424e-01, 3.274690582662e-05, 0.0000e+00, 0.0000e+00, 
 2DIAGNOSTIC,    25, -5.304528388458e-01, 2.663545631349e-05, 0.0000e+00, 0.0000e+00, 
 2DIAGNOSTIC,    26, -5.305258729251e-01, 2.083702027391e-05, 0.0000e+00, 0.0000e+00, 
 2DIAGNOSTIC,    27, -5.307008955165e-01, 2.050966318116e-05, 0.0000e+00, 0.0000e+00, 
 2DIAGNOSTIC,    28, -5.307188346226e-01, 1.938507668793e-05, 0.0000e+00, 0.0000e+00, 
 2DIAGNOSTIC,    29, -5.309300936630e-01, 2.326760048141e-05, 0.0000e+00, 0.0000e+00, 
 2DIAGNOSTIC,    30, -5.309517515642e-01, 2.706243319921e-05, 0.0000e+00, 0.0000e+00, 
 2DIAGNOSTIC,    31, -5.309682125372e-01, 2.891903900228e-05, 0.0000e+00, 0.0000e+00, 
 2DIAGNOSTIC,    32, -5.309877786829e-01, 2.893529823812e-05, 0.0000e+00, 0.0000e+00, 
 2DIAGNOSTIC,    33, -5.310606449173e-01, 2.688779656443e-05, 0.0000e+00, 0.0000e+00, 
 2DIAGNOSTIC,    34, -5.315986977053e-01, 3.214002413020e-05, 0.0000e+00, 0.0000e+00, 
 2DIAGNOSTIC,    35, -5.317282431183e-01, 3.623609742799e-05, 0.0000e+00, 0.0000e+00, 
 2DIAGNOSTIC,    36, -5.317412391786e-01, 3.808495191328e-05, 0.0000e+00, 0.0000e+00, 
 2DIAGNOSTIC,    37, -5.317468618810e-01, 3.913829070246e-05, 0.0000e+00, 0.0000e+00, 
 2DIAGNOSTIC,    38, -5.317565804175e-01, 3.679415468265e-05, 0.0000e+00, 0.0000e+00, 
 2DIAGNOSTIC,    39, -5.317948141652e-01, 3.450518791486e-05, 0.0000e+00, 0.0000e+00, 
 2DIAGNOSTIC,    40, -5.320441642373e-01, 3.276510815318e-05, 0.0000e+00, 0.0000e+00, 
 2DIAGNOSTIC,    41, -5.322203700095e-01, 3.065279381355e-05, 0.0000e+00, 0.0000e+00, 
 2DIAGNOSTIC,    42, -5.328652237289e-01, 3.448372074574e-05, 0.0000e+00, 0.0000e+00, 
 2DIAGNOSTIC,    43, -5.330696573286e-01, 3.809570503145e-05, 0.0000e+00, 0.0000e+00, 
 2DIAGNOSTIC,    44, -5.330868783013e-01, 4.484401509794e-05, 0.0000e+00, 0.0000e+00, 
 2DIAGNOSTIC,    45, -5.330977435773e-01, 4.885744789623e-05, 0.0000e+00, 0.0000e+00, 
 2DIAGNOSTIC,    46, -5.331161787706e-01, 4.843083585371e-05, 0.0000e+00, 0.0000e+00, 
 2DIAGNOSTIC,    47, -5.331451111726e-01, 4.376128013929e-05, 0.0000e+00, 0.0000e+00, 
 2DIAGNOSTIC,    48, -5.333570780551e-01, 3.766005486861e-05, 0.0000e+00, 0.0000e+00, 
 2DIAGNOSTIC,    49, -5.336748784452e-01, 3.220838437850e-05, 0.0000e+00, 0.0000e+00, 
 2DIAGNOSTIC,    50, -5.368358746849e-01, 6.100382918650e-05, 0.0000e+00, 0.0000e+00, 
 2DIAGNOSTIC,    51, -5.370689084432e-01, 8.615525392150e-05, 0.0000e+00, 0.0000e+00, 
 2DIAGNOSTIC,    52, -5.376300644969e-01, 1.150097130077e-04, 0.0000e+00, 0.0000e+00, 
 2DIAGNOSTIC,    53, -5.379164812228e-01, 1.371385536307e-04, 0.0000e+00, 0.0000e+00, 
 2DIAGNOSTIC,    54, -5.379453267234e-01, 1.456347304380e-04, 0.0000e+00, 0.0000e+00, 
 2DIAGNOSTIC,    55, -5.379318778943e-01, 1.394697006499e-04, 0.0000e+00, 0.0000e+00, 
 2DIAGNOSTIC,    56, -5.380257750806e-01, 1.212266361602e-04, 0.0000e+00, 0.0000e+00, 
 2DIAGNOSTIC,    57, -5.381751590514e-01, 9.408161015419e-05, 0.0000e+00, 0.0000e+00, 
 2DIAGNOSTIC,    58, -5.386737917928e-01, 6.574880441043e-05, 0.0000e+00, 0.0000e+00, 
 2DIAGNOSTIC,    59, -5.395763938098e-01, 4.248717484179e-05, 0.0000e+00, 0.0000e+00, 
 2DIAGNOSTIC,    60, -5.397950526467e-01, 4.632849293800e-05, 0.0000e+00, 0.0000e+00, 
 2DIAGNOSTIC,    61, -5.398225398403e-01, 4.793209579872e-05, 0.0000e+00, 0.0000e+00, 
 2DIAGNOSTIC,    62, -5.398436841639e-01, 5.002916897680e-05, 0.0000e+00, 0.0000e+00, 
 2DIAGNOSTIC,    63, -5.398556054540e-01, 4.977858040146e-05, 0.0000e+00, 0.0000e+00, 
 2DIAGNOSTIC,    64, -5.398771839909e-01, 4.510531732005e-05, 0.0000e+00, 0.0000e+00, 
 2DIAGNOSTIC,    65, -5.399105252496e-01, 3.645060022273e-05, 0.0000e+00, 0.0000e+00, 
 2DIAGNOSTIC,    66, -5.399206927465e-01, 2.557246915914e-05, 0.0000e+00, 0.0000e+00, 
 2DIAGNOSTIC,    67, -5.399210845470e-01, 1.381750935336e-05, 0.0000e+00, 0.0000e+00, 
 2DIAGNOSTIC,    68, -5.399213364327e-01, 4.907882305755e-06, 0.0000e+00, 0.0000e+00, 
 2DIAGNOSTIC,    69, -5.399212420722e-01, 2.836247515056e-06, 0.0000e+00, 0.0000e+00, 
 2DIAGNOSTIC,    70, -5.399211406579e-01, 2.271180006969e-06, 0.0000e+00, 0.0000e+00, 
 2DIAGNOSTIC,    71, -5.399209283169e-01, 1.752093484155e-06, 0.0000e+00, 0.0000e+00, 
 2DIAGNOSTIC,    72, -5.399213426044e-01, 1.287346129104e-06, 0.0000e+00, 0.0000e+00, 
DIAGNOSTIC,Iteration,metricValue,convergenceValue,ITERATION_TIME_INDEX,SINCE_LAST
 2DIAGNOSTIC,     1, -4.411663500199e-01, 1.797693134862e+308, 0.0000e+00, 0.0000e+00, 
 2DIAGNOSTIC,     2, -4.414617154155e-01, 1.797693134862e+308, 0.0000e+00, 0.0000e+00, 
 2DIAGNOSTIC,     3, -4.419945069486e-01, 1.797693134862e+308, 0.0000e+00, 0.0000e+00, 
 2DIAGNOSTIC,     4, -4.425300752148e-01, 1.797693134862e+308, 0.0000e+00, 0.0000e+00, 
 2DIAGNOSTIC,     5, -4.431230039448e-01, 1.797693134862e+308, 0.0000e+00, 0.0000e+00, 
 2DIAGNOSTIC,     6, -4.434735066345e-01, 1.797693134862e+308, 0.0000e+00, 0.0000e+00, 
 2DIAGNOSTIC,     7, -4.435386466202e-01, 1.797693134862e+308, 0.0000e+00, 0.0000e+00, 
 2DIAGNOSTIC,     8, -4.437671083265e-01, 1.797693134862e+308, 0.0000e+00, 0.0000e+00, 
 2DIAGNOSTIC,     9, -4.440214191451e-01, 1.797693134862e+308, 0.0000e+00, 0.0000e+00, 
 2DIAGNOSTIC,    10, -4.442298649789e-01, 4.570309323800e-04, 0.0000e+00, 0.0000e+00, 
 2DIAGNOSTIC,    11, -4.444254413948e-01, 3.688278204717e-04, 0.0000e+00, 0.0000e+00, 
 2DIAGNOSTIC,    12, -4.450253460190e-01, 3.102998464294e-04, 0.0000e+00, 0.0000e+00, 
 2DIAGNOSTIC,    13, -4.453084133262e-01, 2.723228707805e-04, 0.0000e+00, 0.0000e+00, 
 2DIAGNOSTIC,    14, -4.453047387954e-01, 2.389329787120e-04, 0.0000e+00, 0.0000e+00, 
 2DIAGNOSTIC,    15, -4.453260614721e-01, 2.147543055591e-04, 0.0000e+00, 0.0000e+00, 
 2DIAGNOSTIC,    16, -4.453664029729e-01, 1.898656688418e-04, 0.0000e+00, 0.0000e+00, 
 2DIAGNOSTIC,    17, -4.454256501362e-01, 1.548191358526e-04, 0.0000e+00, 0.0000e+00, 
 2DIAGNOSTIC,    18, -4.454864673475e-01, 1.195047825616e-04, 0.0000e+00, 0.0000e+00, 
 2DIAGNOSTIC,    19, -4.455853884389e-01, 8.906974887034e-05, 0.0000e+00, 0.0000e+00, 
 2DIAGNOSTIC,    20, -4.456257220097e-01, 6.167700763217e-05, 0.0000e+00, 0.0000e+00, 
 2DIAGNOSTIC,    21, -4.456880655332e-01, 3.874323923247e-05, 0.0000e+00, 0.0000e+00, 
 2DIAGNOSTIC,    22, -4.457038197907e-01, 3.207105132338e-05, 0.0000e+00, 0.0000e+00, 
 2DIAGNOSTIC,    23, -4.457360167639e-01, 3.189417926466e-05, 0.0000e+00, 0.0000e+00, 
 2DIAGNOSTIC,    24, -4.457229274002e-01, 2.840166744877e-05, 0.0000e+00, 0.0000e+00, 
 2DIAGNOSTIC,    25, -4.457304797744e-01, 2.339346054748e-05, 0.0000e+00, 0.0000e+00, 
 2DIAGNOSTIC,    26, -4.457304328795e-01, 1.767133129286e-05, 0.0000e+00, 0.0000e+00, 
 2DIAGNOSTIC,    27, -4.457303422411e-01, 1.221132855943e-05, 0.0000e+00, 0.0000e+00, 
 2DIAGNOSTIC,    28, -4.457303200461e-01, 7.450059642450e-06, 0.0000e+00, 0.0000e+00, 
 2DIAGNOSTIC,    29, -4.457302964384e-01, 4.600379383303e-06, 0.0000e+00, 0.0000e+00, 
 2DIAGNOSTIC,    30, -4.457303216278e-01, 2.445632386203e-06, 0.0000e+00, 0.0000e+00, 
 2DIAGNOSTIC,    31, -4.457376458071e-01, 1.729516288122e-06, 0.0000e+00, 0.0000e+00, 
 2DIAGNOSTIC,    32, -4.457376031360e-01, 1.282464559715e-06, 0.0000e+00, 0.0000e+00, 
 2DIAGNOSTIC,    33, -4.457305134038e-01, 1.332526502779e-06, 0.0000e+00, 0.0000e+00, 
 2DIAGNOSTIC,    34, -4.457304327137e-01, 1.099388118972e-06, 0.0000e+00, 0.0000e+00, 
DIAGNOSTIC,Iteration,metricValue,convergenceValue,ITERATION_TIME_INDEX,SINCE_LAST
 2DIAGNOSTIC,     1, -3.900902074828e-01, 1.797693134862e+308, 0.0000e+00, 0.0000e+00, 
 2DIAGNOSTIC,     2, -3.902121404459e-01, 1.797693134862e+308, 0.0000e+00, 0.0000e+00, 
 2DIAGNOSTIC,     3, -3.903656960667e-01, 1.797693134862e+308, 0.0000e+00, 0.0000e+00, 
 2DIAGNOSTIC,     4, -3.905802107164e-01, 1.797693134862e+308, 0.0000e+00, 0.0000e+00, 
 2DIAGNOSTIC,     5, -3.907871042771e-01, 1.797693134862e+308, 0.0000e+00, 0.0000e+00, 
 2DIAGNOSTIC,     6, -3.908745398477e-01, 1.797693134862e+308, 0.0000e+00, 0.0000e+00, 
 2DIAGNOSTIC,     7, -3.909720493841e-01, 1.797693134862e+308, 0.0000e+00, 0.0000e+00, 
 2DIAGNOSTIC,     8, -3.909940979557e-01, 1.797693134862e+308, 0.0000e+00, 0.0000e+00, 
 2DIAGNOSTIC,     9, -3.910273300887e-01, 1.797693134862e+308, 0.0000e+00, 0.0000e+00, 
 2DIAGNOSTIC,    10, -3.910595465955e-01, 1.719582041546e-04, 0.0000e+00, 0.0000e+00, 
 2DIAGNOSTIC,    11, -3.910836737700e-01, 1.288230997771e-04, 0.0000e+00, 0.0000e+00, 
 2DIAGNOSTIC,    12, -3.910960254336e-01, 8.971607931381e-05, 0.0000e+00, 0.0000e+00, 
 2DIAGNOSTIC,    13, -3.911081596203e-01, 5.789202178118e-05, 0.0000e+00, 0.0000e+00, 
 2DIAGNOSTIC,    14, -3.912512068924e-01, 4.395415744411e-05, 0.0000e+00, 0.0000e+00, 
 2DIAGNOSTIC,    15, -3.912912698466e-01, 3.977801153582e-05, 0.0000e+00, 0.0000e+00, 
 2DIAGNOSTIC,    16, -3.912925858251e-01, 3.662379757481e-05, 0.0000e+00, 0.0000e+00, 
 2DIAGNOSTIC,    17, -3.913138500603e-01, 3.584917534624e-05, 0.0000e+00, 0.0000e+00, 
 2DIAGNOSTIC,    18, -3.913105731424e-01, 3.274418339542e-05, 0.0000e+00, 0.0000e+00, 
 2DIAGNOSTIC,    19, -3.913108816369e-01, 2.827749899547e-05, 0.0000e+00, 0.0000e+00, 
 2DIAGNOSTIC,    20, -3.913118788180e-01, 2.294745892588e-05, 0.0000e+00, 0.0000e+00, 
 2DIAGNOSTIC,    21, -3.913187867152e-01, 1.727266465187e-05, 0.0000e+00, 0.0000e+00, 
 2DIAGNOSTIC,    22, -3.913299697411e-01, 1.147031157233e-05, 0.0000e+00, 0.0000e+00, 
 2DIAGNOSTIC,    23, -3.913412320996e-01, 5.853202053319e-06, 0.0000e+00, 0.0000e+00, 
 2DIAGNOSTIC,    24, -3.913529908102e-01, 4.948046519647e-06, 0.0000e+00, 0.0000e+00, 
 2DIAGNOSTIC,    25, -3.913631308461e-01, 5.237936520144e-06, 0.0000e+00, 0.0000e+00, 
 2DIAGNOSTIC,    26, -3.913928881792e-01, 5.979771196471e-06, 0.0000e+00, 0.0000e+00, 
 2DIAGNOSTIC,    27, -3.914355679146e-01, 7.921633588731e-06, 0.0000e+00, 0.0000e+00, 
 2DIAGNOSTIC,    28, -3.915152058789e-01, 1.104836197825e-05, 0.0000e+00, 0.0000e+00, 
 2DIAGNOSTIC,    29, -3.915594099723e-01, 1.410559079756e-05, 0.0000e+00, 0.0000e+00, 
 2DIAGNOSTIC,    30, -3.915837095236e-01, 1.634615649062e-05, 0.0000e+00, 0.0000e+00, 
 2DIAGNOSTIC,    31, -3.916226802167e-01, 1.808097836362e-05, 0.0000e+00, 0.0000e+00, 
 2DIAGNOSTIC,    32, -3.916438630264e-01, 1.879794802855e-05, 0.0000e+00, 0.0000e+00, 
 2DIAGNOSTIC,    33, -3.918573222518e-01, 2.270509922105e-05, 0.0000e+00, 0.0000e+00, 
 2DIAGNOSTIC,    34, -3.922927566369e-01, 3.375323191696e-05, 0.0000e+00, 0.0000e+00, 
 2DIAGNOSTIC,    35, -3.928598397522e-01, 5.283540760061e-05, 0.0000e+00, 0.0000e+00, 
 2DIAGNOSTIC,    36, -3.930161493854e-01, 6.951050744501e-05, 0.0000e+00, 0.0000e+00, 
 2DIAGNOSTIC,    37, -3.932743014099e-01, 8.478660417861e-05, 0.0000e+00, 0.0000e+00, 
 2DIAGNOSTIC,    38, -3.932943104322e-01, 9.313040153624e-05, 0.0000e+00, 0.0000e+00, 
 2DIAGNOSTIC,    39, -3.932970747338e-01, 9.302942844365e-05, 0.0000e+00, 0.0000e+00, 
 2DIAGNOSTIC,    40, -3.933022128201e-01, 8.458770042261e-05, 0.0000e+00, 0.0000e+00, 
 2DIAGNOSTIC,    41, -3.933122767516e-01, 6.949541784445e-05, 0.0000e+00, 0.0000e+00, 
 2DIAGNOSTIC,    42, -3.933426997776e-01, 4.951097886790e-05, 0.0000e+00, 0.0000e+00, 
 2DIAGNOSTIC,    43, -3.933702855923e-01, 2.978533889904e-05, 0.0000e+00, 0.0000e+00, 
 2DIAGNOSTIC,    44, -3.933861036278e-01, 1.545204146911e-05, 0.0000e+00, 0.0000e+00, 
 2DIAGNOSTIC,    45, -3.933787609432e-01, 9.362518931466e-06, 0.0000e+00, 0.0000e+00, 
 2DIAGNOSTIC,    46, -3.933920962095e-01, 5.283022276082e-06, 0.0000e+00, 0.0000e+00, 
 2DIAGNOSTIC,    47, -3.934036210623e-01, 5.080655988341e-06, 0.0000e+00, 0.0000e+00, 
 2DIAGNOSTIC,    48, -3.934202192428e-01, 5.006740746334e-06, 0.0000e+00, 0.0000e+00, 
 2DIAGNOSTIC,    49, -3.934085133138e-01, 4.387771823246e-06, 0.0000e+00, 0.0000e+00, 
 2DIAGNOSTIC,    50, -3.934244456270e-01, 3.759597231656e-06, 0.0000e+00, 0.0000e+00, 
 2DIAGNOSTIC,    51, -3.934168458450e-01, 2.879944175881e-06, 0.0000e+00, 0.0000e+00, 
 2DIAGNOSTIC,    52, -3.934200620111e-01, 2.275945647421e-06, 0.0000e+00, 0.0000e+00, 
 2DIAGNOSTIC,    53, -3.934234543911e-01, 1.952009551814e-06, 0.0000e+00, 0.0000e+00, 
 2DIAGNOSTIC,    54, -3.934345809077e-01, 1.878471680424e-06, 0.0000e+00, 0.0000e+00, 
 2DIAGNOSTIC,    55, -3.934573326752e-01, 1.881988728233e-06, 0.0000e+00, 0.0000e+00, 
 2DIAGNOSTIC,    56, -3.934533239679e-01, 1.871756009204e-06, 0.0000e+00, 0.0000e+00, 
 2DIAGNOSTIC,    57, -3.934567580214e-01, 1.929323525454e-06, 0.0000e+00, 0.0000e+00, 
 2DIAGNOSTIC,    58, -3.934618641895e-01, 2.131055781566e-06, 0.0000e+00, 0.0000e+00, 
 2DIAGNOSTIC,    59, -3.934640694314e-01, 2.045590318547e-06, 0.0000e+00, 0.0000e+00, 
 2DIAGNOSTIC,    60, -3.934637728216e-01, 2.006679587982e-06, 0.0000e+00, 0.0000e+00, 
 2DIAGNOSTIC,    61, -3.934646306306e-01, 1.749718721172e-06, 0.0000e+00, 0.0000e+00, 
 2DIAGNOSTIC,    62, -3.934639735037e-01, 1.417153952639e-06, 0.0000e+00, 0.0000e+00, 
 2DIAGNOSTIC,    63, -3.934634598103e-01, 1.039268985335e-06, 0.0000e+00, 0.0000e+00, 
DIAGNOSTIC,Iteration,metricValue,convergenceValue,ITERATION_TIME_INDEX,SINCE_LAST
 2DIAGNOSTIC,     1, -3.657372391434e-01, 1.797693134862e+308, 0.0000e+00, 0.0000e+00, 
 2DIAGNOSTIC,     2, -3.658206436612e-01, 1.797693134862e+308, 5.1200e+02, 5.1200e+02, 
 2DIAGNOSTIC,     3, -3.658931980372e-01, 1.797693134862e+308, 5.1200e+02, 0.0000e+00, 
 2DIAGNOSTIC,     4, -3.659270286349e-01, 1.797693134862e+308, 5.1200e+02, 0.0000e+00, 
 2DIAGNOSTIC,     5, -3.659274753095e-01, 1.797693134862e+308, 5.1200e+02, 0.0000e+00, 
 2DIAGNOSTIC,     6, -3.659325555010e-01, 1.797693134862e+308, 5.1200e+02, 0.0000e+00, 
 2DIAGNOSTIC,     7, -3.659426974083e-01, 1.797693134862e+308, 5.1200e+02, 0.0000e+00, 
 2DIAGNOSTIC,     8, -3.659525112851e-01, 1.797693134862e+308, 5.1200e+02, 0.0000e+00, 
 2DIAGNOSTIC,     9, -3.659844348093e-01, 1.797693134862e+308, 5.1200e+02, 0.0000e+00, 
 2DIAGNOSTIC,    10, -3.659955137094e-01, 3.822732353655e-05, 5.1200e+02, 0.0000e+00, 
 2DIAGNOSTIC,    11, -3.660104296368e-01, 2.639698721736e-05, 5.1200e+02, 0.0000e+00, 
 2DIAGNOSTIC,    12, -3.660272032716e-01, 2.080764495238e-05, 5.1200e+02, 0.0000e+00, 
 2DIAGNOSTIC,    13, -3.660248089357e-01, 1.855184140377e-05, 5.1200e+02, 0.0000e+00, 
 2DIAGNOSTIC,    14, -3.660250656089e-01, 1.705306093563e-05, 5.1200e+02, 0.0000e+00, 
 2DIAGNOSTIC,    15, -3.660250901684e-01, 1.443002970791e-05, 5.1200e+02, 0.0000e+00, 
 2DIAGNOSTIC,    16, -3.660248126707e-01, 1.123739325551e-05, 5.1200e+02, 0.0000e+00, 
 2DIAGNOSTIC,    17, -3.660247647531e-01, 8.028812208238e-06, 5.1200e+02, 0.0000e+00, 
 2DIAGNOSTIC,    18, -3.660247397762e-01, 5.006220717314e-06, 5.1200e+02, 0.0000e+00, 
 2DIAGNOSTIC,    19, -3.660246392555e-01, 3.308227537288e-06, 5.1200e+02, 0.0000e+00, 
 2DIAGNOSTIC,    20, -3.660246299542e-01, 2.048057397550e-06, 5.1200e+02, 0.0000e+00, 
 2DIAGNOSTIC,    21, -3.660246944338e-01, 1.400914572576e-06, 5.1200e+02, 0.0000e+00, 
 2DIAGNOSTIC,    22, -3.660246957516e-01, 1.418076570447e-06, 5.1200e+02, 0.0000e+00, 
 2DIAGNOSTIC,    23, -3.660247683229e-01, 1.357807095911e-06, 5.1200e+02, 0.0000e+00, 
 2DIAGNOSTIC,    24, -3.660248155003e-01, 1.314808460003e-06, 5.1200e+02, 0.0000e+00, 
 2DIAGNOSTIC,    25, -3.660245988779e-01, 1.270664512019e-06, 5.1200e+02, 0.0000e+00, 
 2DIAGNOSTIC,    26, -3.660247115601e-01, 1.225510907053e-06, 5.1200e+02, 0.0000e+00, 
 2DIAGNOSTIC,    27, -3.660248065054e-01, 1.184840569914e-06, 5.1200e+02, 0.0000e+00, 
 2DIAGNOSTIC,    28, -3.660247484115e-01, 1.144224201083e-06, 5.1200e+02, 0.0000e+00, 
 2DIAGNOSTIC,    29, -3.660247576436e-01, 1.103487423444e-06, 5.1200e+02, 0.0000e+00, 
 2DIAGNOSTIC,    30, -3.660247573210e-01, 1.064812980150e-06, 5.1200e+02, 0.0000e+00, 
 2DIAGNOSTIC,    31, -3.660247703924e-01, 1.030272308564e-06, 5.1200e+02, 0.0000e+00, 
  Elapsed time (stage 0): 5.1200e+02


Total elapsed time: 5.1200e+02
Info [verificarlo]: loaded backend libinterflop_vprec.so
Info [interflop-vprec]: load backend with: 
Info [interflop-vprec]: precision-binary32 = 21
Info [interflop-vprec]: range-binary32 = 7
Info [interflop-vprec]: precision-binary64 = 21
Info [interflop-vprec]: range-binary64 = 7
Info [interflop-vprec]: mode = ob
Info [interflop-vprec]: error-mode = rel
Info [interflop-vprec]: max-abs-error-exponent = -1022
Info [interflop-vprec]: daz = false
Info [interflop-vprec]: ftz = false
Info [interflop-vprec]: 	instrument = none
Info [interflop-vprec]: 	prec-input-file = (null)
Info [interflop-vprec]: 	prec-output-file = (null)
Info [interflop-vprec]: 	prec-log-file = (null)
All_Command_lines_OK
Using double precision for computations.
=============================================================================
The composite transform comprises the following transforms (in order): 
  1. /home/mdugre/scratch/mri-registration-rp/datasets/ds004513/derivatives/mri-registration-rp/0110/antsRegistration-r7-p21/sub-s014/rigid_Composite.h5[0] (type = Euler3DTransform)
  2. /home/mdugre/scratch/mri-registration-rp/datasets/ds004513/derivatives/mri-registration-rp/0110/antsRegistration-r7-p21/sub-s014/rigid_Composite.h5[1] (type = Euler3DTransform)
  3. /home/mdugre/scratch/mri-registration-rp/datasets/ds004513/derivatives/mri-registration-rp/0110/antsRegistration-r7-p21/sub-s014/rigid_Composite.h5[2] (type = Euler3DTransform)
=============================================================================
  number of levels = 4
  fixed image: /templateflow/tpl-MNI152NLin2009cAsym/tpl-MNI152NLin2009cAsym_res-01_desc-brain_T1w.nii.gz
  moving image: /home/mdugre/scratch/mri-registration-rp/datasets/ds004513/derivatives/mri-registration-rp/antsBrainExtraction/sub-s014/BrainExtractionBrain.nii.gz
Dimension = 3
Number of stages = 1
Use histogram matching = false
Winsorize image intensities = true
  Lower quantile = 0.005
  Upper quantile = 0.995


Stage 1 State
   Image metric = MattesMI
     Fixed image = Image (0x4377490)
  RTTI typeinfo:   itk::Image<double, 3u>
  Reference Count: 2
  Modified Time: 1594
  Debug: Off
  Object Name: 
  Observers: 
    none
  Source: (none)
  Source output name: (none)
  Release Data: Off
  Data Released: False
  Global Release Data: Off
  PipelineMTime: 0
  UpdateMTime: 1203
  RealTimeStamp: 0 seconds 
  LargestPossibleRegion: 
    Dimension: 3
    Index: [0, 0, 0]
    Size: [193, 229, 193]
  BufferedRegion: 
    Dimension: 3
    Index: [0, 0, 0]
    Size: [193, 229, 193]
  RequestedRegion: 
    Dimension: 3
    Index: [0, 0, 0]
    Size: [193, 229, 193]
  Spacing: [1, 1, 1]
  Origin: [96, 132, -78]
  Direction: 
-1 0 0
0 -1 0
0 0 1

  IndexToPointMatrix: 
-1 0 0
0 -1 0
0 0 1

  PointToIndexMatrix: 
-1 0 0
0 -1 0
0 0 1

  Inverse Direction: 
-1 0 0
0 -1 0
0 0 1

  PixelContainer: 
    ImportImageContainer (0x442ffa0)
      RTTI typeinfo:   itk::ImportImageContainer<unsigned long, double>
      Reference Count: 1
      Modified Time: 1200
      Debug: Off
      Object Name: 
      Observers: 
        none
      Pointer: 0x14a6c12cd010
      Container manages memory: true
      Size: 8530021
      Capacity: 8530021

     Moving image = Image (0x4432d20)
  RTTI typeinfo:   itk::Image<double, 3u>
  Reference Count: 2
  Modified Time: 1595
  Debug: Off
  Object Name: 
  Observers: 
    none
  Source: (none)
  Source output name: (none)
  Release Data: Off
  Data Released: False
  Global Release Data: Off
  PipelineMTime: 0
  UpdateMTime: 1592
  RealTimeStamp: 0 seconds 
  LargestPossibleRegion: 
    Dimension: 3
    Index: [0, 0, 0]
    Size: [160, 240, 256]
  BufferedRegion: 
    Dimension: 3
    Index: [0, 0, 0]
    Size: [160, 240, 256]
  RequestedRegion: 
    Dimension: 3
    Index: [0, 0, 0]
    Size: [160, 240, 256]
  Spacing: [1, 1, 1]
  Origin: [84.1637, 106.709, -120.531]
  Direction: 
-0.999619 -0.0226874 -0.0157033
0.0226846 -0.999743 0.00035635
-0.0157073 -7.8229e-09 0.999876

  IndexToPointMatrix: 
-0.999619 -0.0226874 -0.0157033
0.0226845 -0.999743 0.00035635
-0.0157073 -7.8229e-09 0.999876

  PointToIndexMatrix: 
-0.99962 0.0226846 -0.0157073
-0.0226874 -0.999743 -7.567e-09
-0.0157033 0.00035635 0.999877

  Inverse Direction: 
-0.999619 0.0226846 -0.0157073
-0.0226874 -0.999743 -7.567e-09
-0.0157033 0.00035635 0.999877

  PixelContainer: 
    ImportImageContainer (0x44ee390)
      RTTI typeinfo:   itk::ImportImageContainer<unsigned long, double>
      Reference Count: 1
      Modified Time: 1589
      Debug: Off
      Object Name: 
      Observers: 
        none
      Pointer: 0x14a6bc7cc010
      Container manages memory: true
      Size: 9830400
      Capacity: 9830400

     Weighting = 1
     Sampling strategy = regular
     Number of bins = 32
     Radius = 4
     Sampling percentage  = 0.25
   Transform = Affine
     Gradient step = 0.1
     Update field sigma (voxel space) = 0
     Total field sigma (voxel space) = 0
     Update field time sigma = 0
     Total field time sigma  = 0
     Number of time indices = 0
     Number of time point samples = 0
Registration using 1 total stages.

Stage 0
  iterations = 1000x500x250x100
  convergence threshold = 1e-06
  convergence window size = 10
  number of levels = 4
  using the Mattes MI metric (number of bins = 32, weight = 1, use gradient filter = 0)
  preprocessing:  winsorizing the image intensities
  Shrink factors (level 1 out of 4): [8, 8, 8]
  Shrink factors (level 2 out of 4): [4, 4, 4]
  Shrink factors (level 3 out of 4): [2, 2, 2]
  Shrink factors (level 4 out of 4): [1, 1, 1]
  smoothing sigmas per level: [3, 2, 1, 0]
  regular sampling (percentage = 0.25)

*** Running AffineTransform registration ***

DIAGNOSTIC,Iteration,metricValue,convergenceValue,ITERATION_TIME_INDEX,SINCE_LAST
 2DIAGNOSTIC,     1, -5.239952561402e-01, 1.797693134862e+308, 0.0000e+00, 0.0000e+00, 
 2DIAGNOSTIC,     2, -5.259290360994e-01, 1.797693134862e+308, 0.0000e+00, 0.0000e+00, 
 2DIAGNOSTIC,     3, -5.288619545019e-01, 1.797693134862e+308, 0.0000e+00, 0.0000e+00, 
 2DIAGNOSTIC,     4, -5.343668609760e-01, 1.797693134862e+308, 0.0000e+00, 0.0000e+00, 
 2DIAGNOSTIC,     5, -5.439824700198e-01, 1.797693134862e+308, 0.0000e+00, 0.0000e+00, 
 2DIAGNOSTIC,     6, -5.793666213959e-01, 1.797693134862e+308, 0.0000e+00, 0.0000e+00, 
 2DIAGNOSTIC,     7, -6.244792304614e-01, 1.797693134862e+308, 0.0000e+00, 0.0000e+00, 
 2DIAGNOSTIC,     8, -6.864523863991e-01, 1.797693134862e+308, 0.0000e+00, 0.0000e+00, 
 2DIAGNOSTIC,     9, -7.149489820680e-01, 1.797693134862e+308, 0.0000e+00, 0.0000e+00, 
 2DIAGNOSTIC,    10, -7.393199957557e-01, 2.552826588141e-02, 0.0000e+00, 0.0000e+00, 
 2DIAGNOSTIC,    11, -7.621161930369e-01, 2.608828296232e-02, 0.0000e+00, 0.0000e+00, 
 2DIAGNOSTIC,    12, -7.620308657123e-01, 2.427852923131e-02, 0.0000e+00, 0.0000e+00, 
 2DIAGNOSTIC,    13, -7.626520557884e-01, 2.076185211320e-02, 0.0000e+00, 0.0000e+00, 
 2DIAGNOSTIC,    14, -7.641021886771e-01, 1.620778121230e-02, 0.0000e+00, 0.0000e+00, 
 2DIAGNOSTIC,    15, -7.657581475439e-01, 1.122249097404e-02, 0.0000e+00, 0.0000e+00, 
 2DIAGNOSTIC,    16, -7.673868827294e-01, 6.917806257140e-03, 0.0000e+00, 0.0000e+00, 
 2DIAGNOSTIC,    17, -7.696753261749e-01, 3.722014327284e-03, 0.0000e+00, 0.0000e+00, 
 2DIAGNOSTIC,    18, -7.722757491992e-01, 2.099965358077e-03, 0.0000e+00, 0.0000e+00, 
 2DIAGNOSTIC,    19, -7.759175004323e-01, 1.176387277838e-03, 0.0000e+00, 0.0000e+00, 
 2DIAGNOSTIC,    20, -7.857801577511e-01, 9.448222927881e-04, 0.0000e+00, 0.0000e+00, 
 2DIAGNOSTIC,    21, -8.011750269239e-01, 1.395508014836e-03, 0.0000e+00, 0.0000e+00, 
 2DIAGNOSTIC,    22, -8.026481578467e-01, 1.690019731678e-03, 0.0000e+00, 0.0000e+00, 
 2DIAGNOSTIC,    23, -8.030655615318e-01, 1.820824829215e-03, 0.0000e+00, 0.0000e+00, 
 2DIAGNOSTIC,    24, -8.029777627719e-01, 1.795280120109e-03, 0.0000e+00, 0.0000e+00, 
 2DIAGNOSTIC,    25, -8.029470693925e-01, 1.627709260860e-03, 0.0000e+00, 0.0000e+00, 
 2DIAGNOSTIC,    26, -8.029015513560e-01, 1.342673614546e-03, 0.0000e+00, 0.0000e+00, 
 2DIAGNOSTIC,    27, -8.026004167663e-01, 9.855372403084e-04, 0.0000e+00, 0.0000e+00, 
 2DIAGNOSTIC,    28, -8.025839550218e-01, 6.046842965547e-04, 0.0000e+00, 0.0000e+00, 
 2DIAGNOSTIC,    29, -8.026480962240e-01, 2.456214852483e-04, 0.0000e+00, 0.0000e+00, 
 2DIAGNOSTIC,    30, -8.022497159198e-01, 8.412392352747e-06, 0.0000e+00, 0.0000e+00, 
DIAGNOSTIC,Iteration,metricValue,convergenceValue,ITERATION_TIME_INDEX,SINCE_LAST
 2DIAGNOSTIC,     1, -6.564226220733e-01, 1.797693134862e+308, 0.0000e+00, 0.0000e+00, 
 2DIAGNOSTIC,     2, -6.569759184515e-01, 1.797693134862e+308, 0.0000e+00, 0.0000e+00, 
 2DIAGNOSTIC,     3, -6.574589510075e-01, 1.797693134862e+308, 0.0000e+00, 0.0000e+00, 
 2DIAGNOSTIC,     4, -6.581126988194e-01, 1.797693134862e+308, 0.0000e+00, 0.0000e+00, 
 2DIAGNOSTIC,     5, -6.591071561112e-01, 1.797693134862e+308, 0.0000e+00, 0.0000e+00, 
 2DIAGNOSTIC,     6, -6.610352175916e-01, 1.797693134862e+308, 0.0000e+00, 0.0000e+00, 
 2DIAGNOSTIC,     7, -6.638063194784e-01, 1.797693134862e+308, 0.0000e+00, 0.0000e+00, 
 2DIAGNOSTIC,     8, -6.674530046671e-01, 1.797693134862e+308, 0.0000e+00, 0.0000e+00, 
 2DIAGNOSTIC,     9, -6.703689526940e-01, 1.797693134862e+308, 0.0000e+00, 0.0000e+00, 
 2DIAGNOSTIC,    10, -6.723015277810e-01, 1.615513347096e-03, 0.0000e+00, 0.0000e+00, 
 2DIAGNOSTIC,    11, -6.769888654513e-01, 1.791415658580e-03, 0.0000e+00, 0.0000e+00, 
 2DIAGNOSTIC,    12, -6.829925072145e-01, 2.005163174518e-03, 0.0000e+00, 0.0000e+00, 
 2DIAGNOSTIC,    13, -6.880455330703e-01, 2.180411325264e-03, 0.0000e+00, 0.0000e+00, 
 2DIAGNOSTIC,    14, -6.901970594328e-01, 2.216406769835e-03, 0.0000e+00, 0.0000e+00, 
 2DIAGNOSTIC,    15, -6.912174810377e-01, 2.104596800031e-03, 0.0000e+00, 0.0000e+00, 
 2DIAGNOSTIC,    16, -6.916131126737e-01, 1.875686655729e-03, 0.0000e+00, 0.0000e+00, 
 2DIAGNOSTIC,    17, -6.928286771218e-01, 1.597713361672e-03, 0.0000e+00, 0.0000e+00, 
 2DIAGNOSTIC,    18, -6.930812568484e-01, 1.293003184276e-03, 0.0000e+00, 0.0000e+00, 
 2DIAGNOSTIC,    19, -6.932183738874e-01, 9.706095172118e-04, 0.0000e+00, 0.0000e+00, 
 2DIAGNOSTIC,    20, -6.932828404868e-01, 6.336256268811e-04, 0.0000e+00, 0.0000e+00, 
 2DIAGNOSTIC,    21, -6.933539005359e-01, 3.641459163227e-04, 0.0000e+00, 0.0000e+00, 
 2DIAGNOSTIC,    22, -6.933954383814e-01, 1.988368057094e-04, 0.0000e+00, 0.0000e+00, 
 2DIAGNOSTIC,    23, -6.934057318004e-01, 1.211067340453e-04, 0.0000e+00, 0.0000e+00, 
 2DIAGNOSTIC,    24, -6.934489136675e-01, 7.695649231725e-05, 0.0000e+00, 0.0000e+00, 
