
##########################
# Experiment information #
##########################

EXPERIMENT_NAME: antsRegistration-r8-p22
VFC_BACKENDS: libinterflop_vprec.so --range-binary32=8 --precision-binary32=22 --range-binary64=8 --precision-binary64=22

SIF_IMG: /home/mdugre/projects/rrg-glatard/mdugre/containers/ants-vprec-no_metrics.simg

SUBJECT_ID: s035
INPUT_IMG: /home/mdugre/scratch/mri-registration-rp/datasets/ds004513/derivatives/mri-registration-rp/antsBrainExtraction/sub-s035/BrainExtractionBrain.nii.gz
OUTPUT_DIR: /home/mdugre/scratch/mri-registration-rp/datasets/ds004513/derivatives/mri-registration-rp/0110/antsRegistration-r8-p22/sub-s035

FIXED_IMG: /templateflow/tpl-MNI152NLin2009cAsym/tpl-MNI152NLin2009cAsym_res-01_desc-brain_T1w.nii.gz
DATA_DIR: /home/mdugre/scratch/mri-registration-rp/datasets/ds004513
TEMPLATEFLOW_DIR: /home/mdugre/projects/rrg-glatard/mdugre/templateflow
ITK_GLOBAL_DEFAULT_NUMBER_OF_THREADS: 16
##########################

Info [verificarlo]: loaded backend libinterflop_ieee.so
Info [interflop-ieee]: load backend with:
Info [interflop-ieee]: debug = false
Info [interflop-ieee]: debug-binary = false
Info [interflop-ieee]: no-backend-name = false
Info [interflop-ieee]: print-new-line = false
Info [interflop-ieee]: print-subnormal-normalized = false
Info [interflop-ieee]: count-op = false
All_Command_lines_OK
Using double precision for computations.
=============================================================================
The composite transform comprises the following transforms (in order): 
  1. Center of mass alignment using fixed image: /templateflow/tpl-MNI152NLin2009cAsym/tpl-MNI152NLin2009cAsym_res-01_desc-brain_T1w.nii.gz and moving image: /home/mdugre/scratch/mri-registration-rp/datasets/ds004513/derivatives/mri-registration-rp/antsBrainExtraction/sub-s035/BrainExtractionBrain.nii.gz (type = Euler3DTransform)
=============================================================================
  number of levels = 1
  fixed image: /templateflow/tpl-MNI152NLin2009cAsym/tpl-MNI152NLin2009cAsym_res-01_desc-brain_T1w.nii.gz
  moving image: /home/mdugre/scratch/mri-registration-rp/datasets/ds004513/derivatives/mri-registration-rp/antsBrainExtraction/sub-s035/BrainExtractionBrain.nii.gz
Dimension = 3
Number of stages = 1
Use histogram matching = false
Winsorize image intensities = true
  Lower quantile = 0.005
  Upper quantile = 0.995


Stage 1 State
   Image metric = MattesMI
     Fixed image = Image (0x523ee70)
  RTTI typeinfo:   itk::Image<double, 3u>
  Reference Count: 2
  Modified Time: 2330
  Debug: Off
  Object Name: 
  Observers: 
    none
  Source: (none)
  Source output name: (none)
  Release Data: Off
  Data Released: False
  Global Release Data: Off
  PipelineMTime: 0
  UpdateMTime: 1941
  RealTimeStamp: 0 seconds 
  LargestPossibleRegion: 
    Dimension: 3
    Index: [0, 0, 0]
    Size: [193, 229, 193]
  BufferedRegion: 
    Dimension: 3
    Index: [0, 0, 0]
    Size: [193, 229, 193]
  RequestedRegion: 
    Dimension: 3
    Index: [0, 0, 0]
    Size: [193, 229, 193]
  Spacing: [1, 1, 1]
  Origin: [96, 132, -78]
  Direction: 
-1 0 0
0 -1 0
0 0 1

  IndexToPointMatrix: 
-1 0 0
0 -1 0
0 0 1

  PointToIndexMatrix: 
-1 0 0
0 -1 0
0 0 1

  Inverse Direction: 
-1 0 0
0 -1 0
0 0 1

  PixelContainer: 
    ImportImageContainer (0x5247c60)
      RTTI typeinfo:   itk::ImportImageContainer<unsigned long, double>
      Reference Count: 1
      Modified Time: 1938
      Debug: Off
      Object Name: 
      Observers: 
        none
      Pointer: 0x14deaecdf010
      Container manages memory: true
      Size: 8530021
      Capacity: 8530021

     Moving image = Image (0x52dbec0)
  RTTI typeinfo:   itk::Image<double, 3u>
  Reference Count: 2
  Modified Time: 2331
  Debug: Off
  Object Name: 
  Observers: 
    none
  Source: (none)
  Source output name: (none)
  Release Data: Off
  Data Released: False
  Global Release Data: Off
  PipelineMTime: 0
  UpdateMTime: 2328
  RealTimeStamp: 0 seconds 
  LargestPossibleRegion: 
    Dimension: 3
    Index: [0, 0, 0]
    Size: [160, 240, 256]
  BufferedRegion: 
    Dimension: 3
    Index: [0, 0, 0]
    Size: [160, 240, 256]
  RequestedRegion: 
    Dimension: 3
    Index: [0, 0, 0]
    Size: [160, 240, 256]
  Spacing: [1, 1, 1]
  Origin: [98.6438, 87.6358, -117.989]
  Direction: 
-0.993515 -0.100993 -0.0522355
0.100854 -0.994887 0.00530255
-0.0525039 1.93537e-08 0.998621

  IndexToPointMatrix: 
-0.993515 -0.100993 -0.0522355
0.100854 -0.994887 0.00530255
-0.0525039 1.93537e-08 0.998621

  PointToIndexMatrix: 
-0.993515 0.100854 -0.0525039
-0.100993 -0.994887 1.93006e-08
-0.0522355 0.00530255 0.998621

  Inverse Direction: 
-0.993515 0.100854 -0.0525039
-0.100993 -0.994887 1.93006e-08
-0.0522355 0.00530255 0.998621

  PixelContainer: 
    ImportImageContainer (0x5373610)
      RTTI typeinfo:   itk::ImportImageContainer<unsigned long, double>
      Reference Count: 1
      Modified Time: 2325
      Debug: Off
      Object Name: 
      Observers: 
        none
      Pointer: 0x14deaa1de010
      Container manages memory: true
      Size: 9830400
      Capacity: 9830400

     Weighting = 1
     Sampling strategy = regular
     Number of bins = 32
     Radius = 4
     Sampling percentage  = 0.25
   Transform = Rigid
     Gradient step = 0.1
     Update field sigma (voxel space) = 0
     Total field sigma (voxel space) = 0
     Update field time sigma = 0
     Total field time sigma  = 0
     Number of time indices = 0
     Number of time point samples = 0
Registration using 1 total stages.

Stage 0
  iterations = 0
  convergence threshold = 1e-06
  convergence window size = 10
  number of levels = 1
  using the Mattes MI metric (number of bins = 32, weight = 1, use gradient filter = 0)
  preprocessing:  winsorizing the image intensities
  Shrink factors (level 1 out of 1): [1, 1, 1]
  smoothing sigmas per level: [0]
  regular sampling (percentage = 0.25)

*** Running Euler3DTransform registration ***

  Elapsed time (stage 0): 1.08429


Total elapsed time: 1.08661
Info [verificarlo]: loaded backend libinterflop_vprec.so
Info [interflop-vprec]: load backend with: 
Info [interflop-vprec]: precision-binary32 = 22
Info [interflop-vprec]: range-binary32 = 8
Info [interflop-vprec]: precision-binary64 = 22
Info [interflop-vprec]: range-binary64 = 8
Info [interflop-vprec]: mode = ob
Info [interflop-vprec]: error-mode = rel
Info [interflop-vprec]: max-abs-error-exponent = -1022
Info [interflop-vprec]: daz = false
Info [interflop-vprec]: ftz = false
Info [interflop-vprec]: 	instrument = none
Info [interflop-vprec]: 	prec-input-file = (null)
Info [interflop-vprec]: 	prec-output-file = (null)
Info [interflop-vprec]: 	prec-log-file = (null)
All_Command_lines_OK
Using double precision for computations.
=============================================================================
The composite transform comprises the following transforms (in order): 
  1. /home/mdugre/scratch/mri-registration-rp/datasets/ds004513/derivatives/mri-registration-rp/0110/antsRegistration-r8-p22/sub-s035/align_Composite.h5[0] (type = Euler3DTransform)
  2. /home/mdugre/scratch/mri-registration-rp/datasets/ds004513/derivatives/mri-registration-rp/0110/antsRegistration-r8-p22/sub-s035/align_Composite.h5[1] (type = Euler3DTransform)
=============================================================================
  number of levels = 4
  fixed image: /templateflow/tpl-MNI152NLin2009cAsym/tpl-MNI152NLin2009cAsym_res-01_desc-brain_T1w.nii.gz
  moving image: /home/mdugre/scratch/mri-registration-rp/datasets/ds004513/derivatives/mri-registration-rp/antsBrainExtraction/sub-s035/BrainExtractionBrain.nii.gz
Dimension = 3
Number of stages = 1
Use histogram matching = false
Winsorize image intensities = true
  Lower quantile = 0.005
  Upper quantile = 0.995


Stage 1 State
   Image metric = MattesMI
     Fixed image = Image (0x33db1e0)
  RTTI typeinfo:   itk::Image<double, 3u>
  Reference Count: 2
  Modified Time: 1578
  Debug: Off
  Object Name: 
  Observers: 
    none
  Source: (none)
  Source output name: (none)
  Release Data: Off
  Data Released: False
  Global Release Data: Off
  PipelineMTime: 0
  UpdateMTime: 1189
  RealTimeStamp: 0 seconds 
  LargestPossibleRegion: 
    Dimension: 3
    Index: [0, 0, 0]
    Size: [193, 229, 193]
  BufferedRegion: 
    Dimension: 3
    Index: [0, 0, 0]
    Size: [193, 229, 193]
  RequestedRegion: 
    Dimension: 3
    Index: [0, 0, 0]
    Size: [193, 229, 193]
  Spacing: [1, 1, 1]
  Origin: [96, 132, -78]
  Direction: 
-1 0 0
0 -1 0
0 0 1

  IndexToPointMatrix: 
-1 0 0
0 -1 0
0 0 1

  PointToIndexMatrix: 
-1 0 0
0 -1 0
0 0 1

  Inverse Direction: 
-1 0 0
0 -1 0
0 0 1

  PixelContainer: 
    ImportImageContainer (0x349a680)
      RTTI typeinfo:   itk::ImportImageContainer<unsigned long, double>
      Reference Count: 1
      Modified Time: 1186
      Debug: Off
      Object Name: 
      Observers: 
        none
      Pointer: 0x146a36c3d010
      Container manages memory: true
      Size: 8530021
      Capacity: 8530021

     Moving image = Image (0x3496b20)
  RTTI typeinfo:   itk::Image<double, 3u>
  Reference Count: 2
  Modified Time: 1579
  Debug: Off
  Object Name: 
  Observers: 
    none
  Source: (none)
  Source output name: (none)
  Release Data: Off
  Data Released: False
  Global Release Data: Off
  PipelineMTime: 0
  UpdateMTime: 1576
  RealTimeStamp: 0 seconds 
  LargestPossibleRegion: 
    Dimension: 3
    Index: [0, 0, 0]
    Size: [160, 240, 256]
  BufferedRegion: 
    Dimension: 3
    Index: [0, 0, 0]
    Size: [160, 240, 256]
  RequestedRegion: 
    Dimension: 3
    Index: [0, 0, 0]
    Size: [160, 240, 256]
  Spacing: [1, 1, 1]
  Origin: [98.6438, 87.6358, -117.989]
  Direction: 
-0.993515 -0.100993 -0.0522355
0.100854 -0.994887 0.00530255
-0.0525039 1.93537e-08 0.998621

  IndexToPointMatrix: 
-0.993515 -0.100993 -0.0522355
0.100854 -0.994887 0.00530255
-0.0525039 1.93537e-08 0.998621

  PointToIndexMatrix: 
-0.993515 0.100854 -0.0525039
-0.100993 -0.994887 -1.78814e-07
-0.0522355 0.00530255 0.998621

  Inverse Direction: 
-0.993515 0.100854 -0.0525039
-0.100993 -0.994887 -1.78814e-07
-0.0522355 0.00530255 0.998621

  PixelContainer: 
    ImportImageContainer (0x34ffd50)
      RTTI typeinfo:   itk::ImportImageContainer<unsigned long, double>
      Reference Count: 1
      Modified Time: 1573
      Debug: Off
      Object Name: 
      Observers: 
        none
      Pointer: 0x146a3213c010
      Container manages memory: true
      Size: 9830400
      Capacity: 9830400

     Weighting = 1
     Sampling strategy = regular
     Number of bins = 32
     Radius = 4
     Sampling percentage  = 0.25
   Transform = Rigid
     Gradient step = 0.1
     Update field sigma (voxel space) = 0
     Total field sigma (voxel space) = 0
     Update field time sigma = 0
     Total field time sigma  = 0
     Number of time indices = 0
     Number of time point samples = 0
Registration using 1 total stages.

Stage 0
  iterations = 1000x500x250x100
  convergence threshold = 1e-06
  convergence window size = 10
  number of levels = 4
  using the Mattes MI metric (number of bins = 32, weight = 1, use gradient filter = 0)
  preprocessing:  winsorizing the image intensities
  Shrink factors (level 1 out of 4): [8, 8, 8]
  Shrink factors (level 2 out of 4): [4, 4, 4]
  Shrink factors (level 3 out of 4): [2, 2, 2]
  Shrink factors (level 4 out of 4): [1, 1, 1]
  smoothing sigmas per level: [3, 2, 1, 0]
  regular sampling (percentage = 0.25)

*** Running Euler3DTransform registration ***

DIAGNOSTIC,Iteration,metricValue,convergenceValue,ITERATION_TIME_INDEX,SINCE_LAST
 2DIAGNOSTIC,     1, -5.238620255814e-01, 1.797693134862e+308, 0.0000e+00, 0.0000e+00, 
 2DIAGNOSTIC,     2, -5.257895045712e-01, 1.797693134862e+308, 0.0000e+00, 0.0000e+00, 
 2DIAGNOSTIC,     3, -5.278618847225e-01, 1.797693134862e+308, 0.0000e+00, 0.0000e+00, 
 2DIAGNOSTIC,     4, -5.301596792179e-01, 1.797693134862e+308, 0.0000e+00, 0.0000e+00, 
 2DIAGNOSTIC,     5, -5.343530097433e-01, 1.797693134862e+308, 0.0000e+00, 0.0000e+00, 
 2DIAGNOSTIC,     6, -5.399395474757e-01, 1.797693134862e+308, 0.0000e+00, 0.0000e+00, 
 2DIAGNOSTIC,     7, -5.490911579400e-01, 1.797693134862e+308, 0.0000e+00, 0.0000e+00, 
 2DIAGNOSTIC,     8, -5.544368892226e-01, 1.797693134862e+308, 0.0000e+00, 0.0000e+00, 
 2DIAGNOSTIC,     9, -5.601980156232e-01, 1.797693134862e+308, 0.0000e+00, 0.0000e+00, 
 2DIAGNOSTIC,    10, -5.618409683293e-01, 5.072823112492e-03, 0.0000e+00, 0.0000e+00, 
 2DIAGNOSTIC,    11, -5.649179250087e-01, 4.799260317783e-03, 0.0000e+00, 0.0000e+00, 
 2DIAGNOSTIC,    12, -5.655125680400e-01, 4.247842608772e-03, 0.0000e+00, 0.0000e+00, 
 2DIAGNOSTIC,    13, -5.673826148955e-01, 3.557893929780e-03, 0.0000e+00, 0.0000e+00, 
 2DIAGNOSTIC,    14, -5.728843265214e-01, 2.933866741164e-03, 0.0000e+00, 0.0000e+00, 
 2DIAGNOSTIC,    15, -5.861377001495e-01, 2.721094895647e-03, 0.0000e+00, 0.0000e+00, 
 2DIAGNOSTIC,    16, -5.926394549932e-01, 2.660048834344e-03, 0.0000e+00, 0.0000e+00, 
 2DIAGNOSTIC,    17, -5.981281101280e-01, 2.800995997725e-03, 0.0000e+00, 0.0000e+00, 
 2DIAGNOSTIC,    18, -6.026374040605e-01, 2.944604870576e-03, 0.0000e+00, 0.0000e+00, 
 2DIAGNOSTIC,    19, -6.048954875027e-01, 3.010709676600e-03, 0.0000e+00, 0.0000e+00, 
 2DIAGNOSTIC,    20, -6.060414309796e-01, 2.855198338333e-03, 0.0000e+00, 0.0000e+00, 
 2DIAGNOSTIC,    21, -6.080860485310e-01, 2.572417508991e-03, 0.0000e+00, 0.0000e+00, 
 2DIAGNOSTIC,    22, -6.083592517500e-01, 2.099658025136e-03, 0.0000e+00, 0.0000e+00, 
 2DIAGNOSTIC,    23, -6.083591096314e-01, 1.516559141282e-03, 0.0000e+00, 0.0000e+00, 
 2DIAGNOSTIC,    24, -6.083627707714e-01, 9.529424595419e-04, 0.0000e+00, 0.0000e+00, 
 2DIAGNOSTIC,    25, -6.083690138445e-01, 6.099263988576e-04, 0.0000e+00, 0.0000e+00, 
 2DIAGNOSTIC,    26, -6.083793428057e-01, 3.598227799282e-04, 0.0000e+00, 0.0000e+00, 
 2DIAGNOSTIC,    27, -6.083970214607e-01, 1.946573639876e-04, 0.0000e+00, 0.0000e+00, 
 2DIAGNOSTIC,    28, -6.084268526209e-01, 1.033610481100e-04, 0.0000e+00, 0.0000e+00, 
 2DIAGNOSTIC,    29, -6.084768156895e-01, 4.817302542317e-05, 0.0000e+00, 0.0000e+00, 
 2DIAGNOSTIC,    30, -6.086448341932e-01, 1.301640126566e-05, 0.0000e+00, 0.0000e+00, 
 2DIAGNOSTIC,    31, -6.087874414142e-01, 1.354107508588e-05, 0.0000e+00, 0.0000e+00, 
 2DIAGNOSTIC,    32, -6.090180380099e-01, 2.053859472106e-05, 0.0000e+00, 0.0000e+00, 
 2DIAGNOSTIC,    33, -6.092346397667e-01, 2.841142549231e-05, 0.0000e+00, 0.0000e+00, 
 2DIAGNOSTIC,    34, -6.094864597358e-01, 3.683508255891e-05, 0.0000e+00, 0.0000e+00, 
 2DIAGNOSTIC,    35, -6.101771174590e-01, 5.100485324566e-05, 0.0000e+00, 0.0000e+00, 
 2DIAGNOSTIC,    36, -6.109446844538e-01, 6.989552522951e-05, 0.0000e+00, 0.0000e+00, 
 2DIAGNOSTIC,    37, -6.125086828547e-01, 1.017841141313e-04, 0.0000e+00, 0.0000e+00, 
 2DIAGNOSTIC,    38, -6.146173784686e-01, 1.492965467530e-04, 0.0000e+00, 0.0000e+00, 
 2DIAGNOSTIC,    39, -6.160526347435e-01, 1.981371245326e-04, 0.0000e+00, 0.0000e+00, 
 2DIAGNOSTIC,    40, -6.166349392306e-01, 2.346616032531e-04, 0.0000e+00, 0.0000e+00, 
 2DIAGNOSTIC,    41, -6.170595962339e-01, 2.538795782006e-04, 0.0000e+00, 0.0000e+00, 
 2DIAGNOSTIC,    42, -6.179470523613e-01, 2.607300065336e-04, 0.0000e+00, 0.0000e+00, 
 2DIAGNOSTIC,    43, -6.187930821557e-01, 2.538644476169e-04, 0.0000e+00, 0.0000e+00, 
 2DIAGNOSTIC,    44, -6.213335879176e-01, 2.534414258240e-04, 0.0000e+00, 0.0000e+00, 
 2DIAGNOSTIC,    45, -6.270784781895e-01, 2.973218689807e-04, 0.0000e+00, 0.0000e+00, 
 2DIAGNOSTIC,    46, -6.470104671066e-01, 5.253934343415e-04, 0.0000e+00, 0.0000e+00, 
 2DIAGNOSTIC,    47, -6.510258846044e-01, 7.443121425910e-04, 0.0000e+00, 0.0000e+00, 
 2DIAGNOSTIC,    48, -6.571709943124e-01, 9.658394889404e-04, 0.0000e+00, 0.0000e+00, 
 2DIAGNOSTIC,    49, -6.794560598841e-01, 1.316387997187e-03, 0.0000e+00, 0.0000e+00, 
 2DIAGNOSTIC,    50, -6.844568630658e-01, 1.571716120612e-03, 0.0000e+00, 0.0000e+00, 
 2DIAGNOSTIC,    51, -6.848990535833e-01, 1.672292309275e-03, 0.0000e+00, 0.0000e+00, 
 2DIAGNOSTIC,    52, -6.851561909041e-01, 1.622066692520e-03, 0.0000e+00, 0.0000e+00, 
 2DIAGNOSTIC,    53, -6.855512817643e-01, 1.431589651465e-03, 0.0000e+00, 0.0000e+00, 
 2DIAGNOSTIC,    54, -6.855618269481e-01, 1.131890870473e-03, 0.0000e+00, 0.0000e+00, 
 2DIAGNOSTIC,    55, -6.856278159662e-01, 7.807347039484e-04, 0.0000e+00, 0.0000e+00, 
 2DIAGNOSTIC,    56, -6.857176322451e-01, 5.388253948431e-04, 0.0000e+00, 0.0000e+00, 
 2DIAGNOSTIC,    57, -6.858113773284e-01, 2.898945911233e-04, 0.0000e+00, 0.0000e+00, 
 2DIAGNOSTIC,    58, -6.858806953826e-01, 6.813829360609e-05, 0.0000e+00, 0.0000e+00, 
 2DIAGNOSTIC,    59, -6.859453657479e-01, 2.341738181823e-05, 0.0000e+00, 0.0000e+00, 
 2DIAGNOSTIC,    60, -6.860507429261e-01, 1.763626942860e-05, 0.0000e+00, 0.0000e+00, 
 2DIAGNOSTIC,    61, -6.860312198526e-01, 1.359660135781e-05, 0.0000e+00, 0.0000e+00, 
 2DIAGNOSTIC,    62, -6.863056606681e-01, 1.234507446003e-05, 0.0000e+00, 0.0000e+00, 
 2DIAGNOSTIC,    63, -6.863204252744e-01, 1.296305839460e-05, 0.0000e+00, 0.0000e+00, 
 2DIAGNOSTIC,    64, -6.863210659686e-01, 1.245914284122e-05, 0.0000e+00, 0.0000e+00, 
 2DIAGNOSTIC,    65, -6.863219379408e-01, 1.131734483477e-05, 0.0000e+00, 0.0000e+00, 
 2DIAGNOSTIC,    66, -6.863246124216e-01, 9.809253167018e-06, 0.0000e+00, 0.0000e+00, 
 2DIAGNOSTIC,    67, -6.863263643032e-01, 8.083415881131e-06, 0.0000e+00, 0.0000e+00, 
 2DIAGNOSTIC,    68, -6.863306825960e-01, 6.167055827403e-06, 0.0000e+00, 0.0000e+00, 
 2DIAGNOSTIC,    69, -6.863304839253e-01, 4.202160601173e-06, 0.0000e+00, 0.0000e+00, 
 2DIAGNOSTIC,    70, -6.863305873933e-01, 2.658020923061e-06, 0.0000e+00, 0.0000e+00, 
DIAGNOSTIC,Iteration,metricValue,convergenceValue,ITERATION_TIME_INDEX,SINCE_LAST
 2DIAGNOSTIC,     1, -5.581215731575e-01, 1.797693134862e+308, 0.0000e+00, 0.0000e+00, 
 2DIAGNOSTIC,     2, -5.584988833422e-01, 1.797693134862e+308, 0.0000e+00, 0.0000e+00, 
 2DIAGNOSTIC,     3, -5.590307048211e-01, 1.797693134862e+308, 0.0000e+00, 0.0000e+00, 
 2DIAGNOSTIC,     4, -5.598271669548e-01, 1.797693134862e+308, 0.0000e+00, 0.0000e+00, 
 2DIAGNOSTIC,     5, -5.608526884737e-01, 1.797693134862e+308, 0.0000e+00, 0.0000e+00, 
 2DIAGNOSTIC,     6, -5.612238486192e-01, 1.797693134862e+308, 0.0000e+00, 0.0000e+00, 
 2DIAGNOSTIC,     7, -5.620794713107e-01, 1.797693134862e+308, 0.0000e+00, 0.0000e+00, 
 2DIAGNOSTIC,     8, -5.638314677906e-01, 1.797693134862e+308, 0.0000e+00, 0.0000e+00, 
 2DIAGNOSTIC,     9, -5.644297003898e-01, 1.797693134862e+308, 0.0000e+00, 0.0000e+00, 
 2DIAGNOSTIC,    10, -5.646410078663e-01, 8.227194817983e-04, 0.0000e+00, 0.0000e+00, 
 2DIAGNOSTIC,    11, -5.647420916632e-01, 7.347968853646e-04, 0.0000e+00, 0.0000e+00, 
 2DIAGNOSTIC,    12, -5.656913096847e-01, 6.517546236889e-04, 0.0000e+00, 0.0000e+00, 
 2DIAGNOSTIC,    13, -5.659578745810e-01, 5.516084800072e-04, 0.0000e+00, 0.0000e+00, 
 2DIAGNOSTIC,    14, -5.660694261093e-01, 4.479365254398e-04, 0.0000e+00, 0.0000e+00, 
 2DIAGNOSTIC,    15, -5.660666412523e-01, 3.532006531631e-04, 0.0000e+00, 0.0000e+00, 
 2DIAGNOSTIC,    16, -5.660622849551e-01, 2.499551250111e-04, 0.0000e+00, 0.0000e+00, 
 2DIAGNOSTIC,    17, -5.660472833419e-01, 1.594211788601e-04, 0.0000e+00, 0.0000e+00, 
 2DIAGNOSTIC,    18, -5.660527851617e-01, 1.131181192374e-04, 0.0000e+00, 0.0000e+00, 
 2DIAGNOSTIC,    19, -5.660437175783e-01, 7.723331087276e-05, 0.0000e+00, 0.0000e+00, 
 2DIAGNOSTIC,    20, -5.660500666607e-01, 4.374003200541e-05, 0.0000e+00, 0.0000e+00, 
 2DIAGNOSTIC,    21, -5.660392123893e-01, 1.115682815929e-05, 0.0000e+00, 0.0000e+00, 
 2DIAGNOSTIC,    22, -5.660517467383e-01, 2.551084614714e-06, 0.0000e+00, 0.0000e+00, 
DIAGNOSTIC,Iteration,metricValue,convergenceValue,ITERATION_TIME_INDEX,SINCE_LAST
 2DIAGNOSTIC,     1, -5.037375431401e-01, 1.797693134862e+308, 0.0000e+00, 0.0000e+00, 
 2DIAGNOSTIC,     2, -5.039307539858e-01, 1.797693134862e+308, 0.0000e+00, 0.0000e+00, 
 2DIAGNOSTIC,     3, -5.040973105055e-01, 1.797693134862e+308, 0.0000e+00, 0.0000e+00, 
 2DIAGNOSTIC,     4, -5.042012092665e-01, 1.797693134862e+308, 0.0000e+00, 0.0000e+00, 
 2DIAGNOSTIC,     5, -5.042706442621e-01, 1.797693134862e+308, 0.0000e+00, 0.0000e+00, 
 2DIAGNOSTIC,     6, -5.044217994971e-01, 1.797693134862e+308, 0.0000e+00, 0.0000e+00, 
 2DIAGNOSTIC,     7, -5.045950156926e-01, 1.797693134862e+308, 0.0000e+00, 0.0000e+00, 
 2DIAGNOSTIC,     8, -5.046017160054e-01, 1.797693134862e+308, 0.0000e+00, 0.0000e+00, 
 2DIAGNOSTIC,     9, -5.045989359779e-01, 1.797693134862e+308, 0.0000e+00, 0.0000e+00, 
 2DIAGNOSTIC,    10, -5.045993220907e-01, 1.163669508748e-04, 0.0000e+00, 0.0000e+00, 
 2DIAGNOSTIC,    11, -5.045996333273e-01, 8.331295485249e-05, 0.0000e+00, 0.0000e+00, 
 2DIAGNOSTIC,    12, -5.045989957878e-01, 5.732324491585e-05, 0.0000e+00, 0.0000e+00, 
 2DIAGNOSTIC,    13, -5.045974343715e-01, 3.753158019527e-05, 0.0000e+00, 0.0000e+00, 
 2DIAGNOSTIC,    14, -5.045968325796e-01, 2.164855910294e-05, 0.0000e+00, 0.0000e+00, 
 2DIAGNOSTIC,    15, -5.045981472600e-01, 8.691928353302e-06, 0.0000e+00, 0.0000e+00, 
 2DIAGNOSTIC,    16, -5.045973540725e-01, 1.871362131270e-06, 0.0000e+00, 0.0000e+00, 
 2DIAGNOSTIC,    17, -5.045941832134e-01, 1.494037375836e-06, 0.0000e+00, 0.0000e+00, 
 2DIAGNOSTIC,    18, -5.045941362353e-01, 1.408500994948e-06, 0.0000e+00, 0.0000e+00, 
 2DIAGNOSTIC,    19, -5.045945616342e-01, 1.293496034255e-06, 0.0000e+00, 0.0000e+00, 
 2DIAGNOSTIC,    20, -5.045951911592e-01, 1.250293998951e-06, 2.5600e+02, 2.5600e+02, 
 2DIAGNOSTIC,    21, -5.045944732575e-01, 1.231689795184e-06, 2.5600e+02, 0.0000e+00, 
 2DIAGNOSTIC,    22, -5.045938558223e-01, 1.212731256521e-06, 2.5600e+02, 0.0000e+00, 
 2DIAGNOSTIC,    23, -5.045935636695e-01, 1.172884291724e-06, 2.5600e+02, 0.0000e+00, 
 2DIAGNOSTIC,    24, -5.045934257594e-01, 1.135715156982e-06, 2.5600e+02, 0.0000e+00, 
 2DIAGNOSTIC,    25, -5.045950099677e-01, 1.183683255461e-06, 2.5600e+02, 0.0000e+00, 
 2DIAGNOSTIC,    26, -5.045928047004e-01, 1.172414284448e-06, 2.5600e+02, 0.0000e+00, 
 2DIAGNOSTIC,    27, -5.045930315459e-01, 1.107507221668e-06, 2.5600e+02, 0.0000e+00, 
 2DIAGNOSTIC,    28, -5.045907441782e-01, 1.006456803149e-06, 2.5600e+02, 0.0000e+00, 
DIAGNOSTIC,Iteration,metricValue,convergenceValue,ITERATION_TIME_INDEX,SINCE_LAST
 2DIAGNOSTIC,     1, -4.673120902228e-01, 1.797693134862e+308, 2.5600e+02, 0.0000e+00, 
 2DIAGNOSTIC,     2, -4.673989767416e-01, 1.797693134862e+308, 2.5600e+02, 0.0000e+00, 
 2DIAGNOSTIC,     3, -4.674128251775e-01, 1.797693134862e+308, 2.5600e+02, 0.0000e+00, 
 2DIAGNOSTIC,     4, -4.674119419742e-01, 1.797693134862e+308, 2.5600e+02, 0.0000e+00, 
 2DIAGNOSTIC,     5, -4.674119276306e-01, 1.797693134862e+308, 2.5600e+02, 0.0000e+00, 
 2DIAGNOSTIC,     6, -4.674118108223e-01, 1.797693134862e+308, 2.5600e+02, 0.0000e+00, 
 2DIAGNOSTIC,     7, -4.674117721691e-01, 1.797693134862e+308, 2.5600e+02, 0.0000e+00, 
 2DIAGNOSTIC,     8, -4.674118225392e-01, 1.797693134862e+308, 2.5600e+02, 0.0000e+00, 
 2DIAGNOSTIC,     9, -4.674118102312e-01, 1.797693134862e+308, 2.5600e+02, 0.0000e+00, 
 2DIAGNOSTIC,    10, -4.674118110857e-01, 9.872327320123e-06, 2.5600e+02, 0.0000e+00, 
 2DIAGNOSTIC,    11, -4.674118105046e-01, 3.539372172567e-06, 2.5600e+02, 0.0000e+00, 
 2DIAGNOSTIC,    12, -4.674118093363e-01, 2.585456216023e-06, 2.5600e+02, 0.0000e+00, 
 2DIAGNOSTIC,    13, -4.674116978570e-01, 2.427402322938e-06, 2.5600e+02, 0.0000e+00, 
 2DIAGNOSTIC,    14, -4.674116983795e-01, 2.255066345075e-06, 2.5600e+02, 0.0000e+00, 
 2DIAGNOSTIC,    15, -4.674116985027e-01, 2.106446655270e-06, 2.5600e+02, 0.0000e+00, 
 2DIAGNOSTIC,    16, -4.674116963139e-01, 1.972855950813e-06, 2.5600e+02, 0.0000e+00, 
 2DIAGNOSTIC,    17, -4.674116939289e-01, 1.854580914881e-06, 2.5600e+02, 0.0000e+00, 
 2DIAGNOSTIC,    18, -4.674116945554e-01, 1.752496283286e-06, 2.5600e+02, 0.0000e+00, 
 2DIAGNOSTIC,    19, -4.674116953624e-01, 1.661893487014e-06, 2.5600e+02, 0.0000e+00, 
 2DIAGNOSTIC,    20, -4.674116950461e-01, 1.581199170632e-06, 2.5600e+02, 0.0000e+00, 
 2DIAGNOSTIC,    21, -4.674116821174e-01, 1.508385854256e-06, 2.5600e+02, 0.0000e+00, 
 2DIAGNOSTIC,    22, -4.674116827272e-01, 1.442639262147e-06, 2.5600e+02, 0.0000e+00, 
 2DIAGNOSTIC,    23, -4.674116819372e-01, 1.379718605921e-06, 2.5600e+02, 0.0000e+00, 
 2DIAGNOSTIC,    24, -4.674116598056e-01, 1.321585217741e-06, 2.5600e+02, 0.0000e+00, 
 2DIAGNOSTIC,    25, -4.674116599185e-01, 1.268280589786e-06, 2.5600e+02, 0.0000e+00, 
 2DIAGNOSTIC,    26, -4.674116598716e-01, 1.219214705681e-06, 2.5600e+02, 0.0000e+00, 
 2DIAGNOSTIC,    27, -4.674116609053e-01, 1.173955427848e-06, 2.5600e+02, 0.0000e+00, 
 2DIAGNOSTIC,    28, -4.674117033938e-01, 1.133073638186e-06, 2.5600e+02, 0.0000e+00, 
 2DIAGNOSTIC,    29, -4.674117021329e-01, 1.095087644370e-06, 2.5600e+02, 0.0000e+00, 
 2DIAGNOSTIC,    30, -4.674117038539e-01, 1.059682907811e-06, 2.5600e+02, 0.0000e+00, 
 2DIAGNOSTIC,    31, -4.674117041394e-01, 1.026214909342e-06, 2.5600e+02, 0.0000e+00, 
  Elapsed time (stage 0): 2.5600e+02


Total elapsed time: 2.5600e+02
Info [verificarlo]: loaded backend libinterflop_vprec.so
Info [interflop-vprec]: load backend with: 
Info [interflop-vprec]: precision-binary32 = 22
Info [interflop-vprec]: range-binary32 = 8
Info [interflop-vprec]: precision-binary64 = 22
Info [interflop-vprec]: range-binary64 = 8
Info [interflop-vprec]: mode = ob
Info [interflop-vprec]: error-mode = rel
Info [interflop-vprec]: max-abs-error-exponent = -1022
Info [interflop-vprec]: daz = false
Info [interflop-vprec]: ftz = false
Info [interflop-vprec]: 	instrument = none
Info [interflop-vprec]: 	prec-input-file = (null)
Info [interflop-vprec]: 	prec-output-file = (null)
Info [interflop-vprec]: 	prec-log-file = (null)
All_Command_lines_OK
Using double precision for computations.
=============================================================================
The composite transform comprises the following transforms (in order): 
  1. /home/mdugre/scratch/mri-registration-rp/datasets/ds004513/derivatives/mri-registration-rp/0110/antsRegistration-r8-p22/sub-s035/rigid_Composite.h5[0] (type = Euler3DTransform)
  2. /home/mdugre/scratch/mri-registration-rp/datasets/ds004513/derivatives/mri-registration-rp/0110/antsRegistration-r8-p22/sub-s035/rigid_Composite.h5[1] (type = Euler3DTransform)
  3. /home/mdugre/scratch/mri-registration-rp/datasets/ds004513/derivatives/mri-registration-rp/0110/antsRegistration-r8-p22/sub-s035/rigid_Composite.h5[2] (type = Euler3DTransform)
=============================================================================
  number of levels = 4
  fixed image: /templateflow/tpl-MNI152NLin2009cAsym/tpl-MNI152NLin2009cAsym_res-01_desc-brain_T1w.nii.gz
  moving image: /home/mdugre/scratch/mri-registration-rp/datasets/ds004513/derivatives/mri-registration-rp/antsBrainExtraction/sub-s035/BrainExtractionBrain.nii.gz
Dimension = 3
Number of stages = 1
Use histogram matching = false
Winsorize image intensities = true
  Lower quantile = 0.005
  Upper quantile = 0.995


Stage 1 State
   Image metric = MattesMI
     Fixed image = Image (0x4d46490)
  RTTI typeinfo:   itk::Image<double, 3u>
  Reference Count: 2
  Modified Time: 1592
  Debug: Off
  Object Name: 
  Observers: 
    none
  Source: (none)
  Source output name: (none)
  Release Data: Off
  Data Released: False
  Global Release Data: Off
  PipelineMTime: 0
  UpdateMTime: 1203
  RealTimeStamp: 0 seconds 
  LargestPossibleRegion: 
    Dimension: 3
    Index: [0, 0, 0]
    Size: [193, 229, 193]
  BufferedRegion: 
    Dimension: 3
    Index: [0, 0, 0]
    Size: [193, 229, 193]
  RequestedRegion: 
    Dimension: 3
    Index: [0, 0, 0]
    Size: [193, 229, 193]
  Spacing: [1, 1, 1]
  Origin: [96, 132, -78]
  Direction: 
-1 0 0
0 -1 0
0 0 1

  IndexToPointMatrix: 
-1 0 0
0 -1 0
0 0 1

  PointToIndexMatrix: 
-1 0 0
0 -1 0
0 0 1

  Inverse Direction: 
-1 0 0
0 -1 0
0 0 1

  PixelContainer: 
    ImportImageContainer (0x4dfefa0)
      RTTI typeinfo:   itk::ImportImageContainer<unsigned long, double>
      Reference Count: 1
      Modified Time: 1200
      Debug: Off
      Object Name: 
      Observers: 
        none
      Pointer: 0x1504191c6010
      Container manages memory: true
      Size: 8530021
      Capacity: 8530021

     Moving image = Image (0x4e01d20)
  RTTI typeinfo:   itk::Image<double, 3u>
  Reference Count: 2
  Modified Time: 1593
  Debug: Off
  Object Name: 
  Observers: 
    none
  Source: (none)
  Source output name: (none)
  Release Data: Off
  Data Released: False
  Global Release Data: Off
  PipelineMTime: 0
  UpdateMTime: 1590
  RealTimeStamp: 0 seconds 
  LargestPossibleRegion: 
    Dimension: 3
    Index: [0, 0, 0]
    Size: [160, 240, 256]
  BufferedRegion: 
    Dimension: 3
    Index: [0, 0, 0]
    Size: [160, 240, 256]
  RequestedRegion: 
    Dimension: 3
    Index: [0, 0, 0]
    Size: [160, 240, 256]
  Spacing: [1, 1, 1]
  Origin: [98.6438, 87.6358, -117.989]
  Direction: 
-0.993515 -0.100993 -0.0522355
0.100854 -0.994887 0.00530255
-0.0525039 1.93537e-08 0.998621

  IndexToPointMatrix: 
-0.993515 -0.100993 -0.0522355
0.100854 -0.994887 0.00530255
-0.0525039 1.93537e-08 0.998621

  PointToIndexMatrix: 
-0.993515 0.100854 -0.0525039
-0.100993 -0.994887 -1.78814e-07
-0.0522355 0.00530255 0.998621

  Inverse Direction: 
-0.993515 0.100854 -0.0525039
-0.100993 -0.994887 -1.78814e-07
-0.0522355 0.00530255 0.998621

  PixelContainer: 
    ImportImageContainer (0x4ebd390)
      RTTI typeinfo:   itk::ImportImageContainer<unsigned long, double>
      Reference Count: 1
      Modified Time: 1587
      Debug: Off
      Object Name: 
      Observers: 
        none
      Pointer: 0x1504146c5010
      Container manages memory: true
      Size: 9830400
      Capacity: 9830400

     Weighting = 1
     Sampling strategy = regular
     Number of bins = 32
     Radius = 4
     Sampling percentage  = 0.25
   Transform = Affine
     Gradient step = 0.1
     Update field sigma (voxel space) = 0
     Total field sigma (voxel space) = 0
     Update field time sigma = 0
     Total field time sigma  = 0
     Number of time indices = 0
     Number of time point samples = 0
Registration using 1 total stages.

Stage 0
  iterations = 1000x500x250x100
  convergence threshold = 1e-06
  convergence window size = 10
  number of levels = 4
  using the Mattes MI metric (number of bins = 32, weight = 1, use gradient filter = 0)
  preprocessing:  winsorizing the image intensities
  Shrink factors (level 1 out of 4): [8, 8, 8]
  Shrink factors (level 2 out of 4): [4, 4, 4]
  Shrink factors (level 3 out of 4): [2, 2, 2]
  Shrink factors (level 4 out of 4): [1, 1, 1]
  smoothing sigmas per level: [3, 2, 1, 0]
  regular sampling (percentage = 0.25)

*** Running AffineTransform registration ***

DIAGNOSTIC,Iteration,metricValue,convergenceValue,ITERATION_TIME_INDEX,SINCE_LAST
 2DIAGNOSTIC,     1, -6.766095934470e-01, 1.797693134862e+308, 0.0000e+00, 0.0000e+00, 
 2DIAGNOSTIC,     2, -6.787419091822e-01, 1.797693134862e+308, 0.0000e+00, 0.0000e+00, 
 2DIAGNOSTIC,     3, -6.824018465441e-01, 1.797693134862e+308, 0.0000e+00, 0.0000e+00, 
 2DIAGNOSTIC,     4, -6.892403939825e-01, 1.797693134862e+308, 0.0000e+00, 0.0000e+00, 
 2DIAGNOSTIC,     5, -7.005476760455e-01, 1.797693134862e+308, 0.0000e+00, 0.0000e+00, 
 2DIAGNOSTIC,     6, -7.122710470077e-01, 1.797693134862e+308, 0.0000e+00, 0.0000e+00, 
 2DIAGNOSTIC,     7, -7.362965708977e-01, 1.797693134862e+308, 0.0000e+00, 0.0000e+00, 
 2DIAGNOSTIC,     8, -7.364715788687e-01, 1.797693134862e+308, 0.0000e+00, 0.0000e+00, 
 2DIAGNOSTIC,     9, -7.367882781012e-01, 1.797693134862e+308, 0.0000e+00, 0.0000e+00, 
 2DIAGNOSTIC,    10, -7.369195268943e-01, 6.937165381761e-03, 0.0000e+00, 0.0000e+00, 
 2DIAGNOSTIC,    11, -7.370758235546e-01, 5.818600299571e-03, 0.0000e+00, 0.0000e+00, 
 2DIAGNOSTIC,    12, -7.373561225837e-01, 4.443250934603e-03, 0.0000e+00, 0.0000e+00, 
 2DIAGNOSTIC,    13, -7.377003099887e-01, 3.009419624829e-03, 0.0000e+00, 0.0000e+00, 
 2DIAGNOSTIC,    14, -7.375781780323e-01, 1.709716644757e-03, 0.0000e+00, 0.0000e+00, 
 2DIAGNOSTIC,    15, -7.376214074231e-01, 7.308910713091e-04, 0.0000e+00, 0.0000e+00, 
 2DIAGNOSTIC,    16, -7.376875821484e-01, 8.501274110567e-05, 0.0000e+00, 0.0000e+00, 
 2DIAGNOSTIC,    17, -7.374455568369e-01, 6.093666269322e-05, 0.0000e+00, 0.0000e+00, 
 2DIAGNOSTIC,    18, -7.375717959533e-01, 4.067776952192e-05, 0.0000e+00, 0.0000e+00, 
 2DIAGNOSTIC,    19, -7.376774365323e-01, 2.769976991492e-05, 0.0000e+00, 0.0000e+00, 
 2DIAGNOSTIC,    20, -7.376335995099e-01, 1.532234760657e-05, 0.0000e+00, 0.0000e+00, 
 2DIAGNOSTIC,    21, -7.377365428801e-01, 7.687295195388e-06, 0.0000e+00, 0.0000e+00, 
 2DIAGNOSTIC,    22, -7.377463723420e-01, 5.198609304223e-06, 0.0000e+00, 0.0000e+00, 
 2DIAGNOSTIC,    23, -7.375809699498e-01, 5.692584422824e-06, 0.0000e+00, 0.0000e+00, 
 2DIAGNOSTIC,    24, -7.376736155649e-01, 5.262435411713e-06, 0.0000e+00, 0.0000e+00, 
 2DIAGNOSTIC,    25, -7.377643735993e-01, 6.483618406203e-06, 0.0000e+00, 0.0000e+00, 
 2DIAGNOSTIC,    26, -7.379738730307e-01, 1.133542624372e-05, 0.0000e+00, 0.0000e+00, 
 2DIAGNOSTIC,    27, -7.380023253963e-01, 1.168683414098e-05, 0.0000e+00, 0.0000e+00, 
 2DIAGNOSTIC,    28, -7.380279203841e-01, 1.319445498425e-05, 0.0000e+00, 0.0000e+00, 
 2DIAGNOSTIC,    29, -7.379700988514e-01, 1.416317380468e-05, 0.0000e+00, 0.0000e+00, 
 2DIAGNOSTIC,    30, -7.381225120246e-01, 1.517041784345e-05, 0.0000e+00, 0.0000e+00, 
 2DIAGNOSTIC,    31, -7.381774289929e-01, 1.664686587419e-05, 0.0000e+00, 0.0000e+00, 
 2DIAGNOSTIC,    32, -7.380425690976e-01, 1.509213510061e-05, 0.0000e+00, 0.0000e+00, 
 2DIAGNOSTIC,    33, -7.378724315696e-01, 8.433678217616e-06, 0.0000e+00, 0.0000e+00, 
 2DIAGNOSTIC,    34, -7.378381679726e-01, 2.188281939111e-06, 0.0000e+00, 0.0000e+00, 
DIAGNOSTIC,Iteration,metricValue,convergenceValue,ITERATION_TIME_INDEX,SINCE_LAST
 2DIAGNOSTIC,     1, -6.068623081571e-01, 1.797693134862e+308, 0.0000e+00, 0.0000e+00, 
 2DIAGNOSTIC,     2, -6.076402807471e-01, 1.797693134862e+308, 0.0000e+00, 0.0000e+00, 
 2DIAGNOSTIC,     3, -6.085863751646e-01, 1.797693134862e+308, 0.0000e+00, 0.0000e+00, 
 2DIAGNOSTIC,     4, -6.094309662137e-01, 1.797693134862e+308, 0.0000e+00, 0.0000e+00, 
 2DIAGNOSTIC,     5, -6.100554837770e-01, 1.797693134862e+308, 0.0000e+00, 0.0000e+00, 
 2DIAGNOSTIC,     6, -6.105450869282e-01, 1.797693134862e+308, 0.0000e+00, 0.0000e+00, 
 2DIAGNOSTIC,     7, -6.107208773598e-01, 1.797693134862e+308, 0.0000e+00, 0.0000e+00, 
 2DIAGNOSTIC,     8, -6.108250283895e-01, 1.797693134862e+308, 0.0000e+00, 0.0000e+00, 
 2DIAGNOSTIC,     9, -6.108455611350e-01, 1.797693134862e+308, 0.0000e+00, 0.0000e+00, 
 2DIAGNOSTIC,    10, -6.108392612280e-01, 4.242457700165e-04, 0.0000e+00, 0.0000e+00, 
 2DIAGNOSTIC,    11, -6.108469201696e-01, 2.807041309805e-04, 0.0000e+00, 0.0000e+00, 
 2DIAGNOSTIC,    12, -6.108400976263e-01, 1.657060030374e-04, 0.0000e+00, 0.0000e+00, 
 2DIAGNOSTIC,    13, -6.108256299186e-01, 8.670563797437e-05, 0.0000e+00, 0.0000e+00, 
 2DIAGNOSTIC,    14, -6.108340950827e-01, 3.943226588234e-05, 0.0000e+00, 0.0000e+00, 
 2DIAGNOSTIC,    15, -6.108220890346e-01, 1.376841214432e-05, 0.0000e+00, 0.0000e+00, 
 2DIAGNOSTIC,    16, -6.108190044953e-01, 4.317064357676e-06, 0.0000e+00, 0.0000e+00, 
DIAGNOSTIC,Iteration,metricValue,convergenceValue,ITERATION_TIME_INDEX,SINCE_LAST
 2DIAGNOSTIC,     1, -5.343216789044e-01, 1.797693134862e+308, 0.0000e+00, 0.0000e+00, 
 2DIAGNOSTIC,     2, -5.347671120681e-01, 1.797693134862e+308, 0.0000e+00, 0.0000e+00, 
 2DIAGNOSTIC,     3, -5.351328794488e-01, 1.797693134862e+308, 0.0000e+00, 0.0000e+00, 
 2DIAGNOSTIC,     4, -5.352915769786e-01, 1.797693134862e+308, 2.5600e+02, 2.5600e+02, 
 2DIAGNOSTIC,     5, -5.354168765064e-01, 1.797693134862e+308, 2.5600e+02, 0.0000e+00, 
 2DIAGNOSTIC,     6, -5.357117469644e-01, 1.797693134862e+308, 2.5600e+02, 0.0000e+00, 
 2DIAGNOSTIC,     7, -5.360429451683e-01, 1.797693134862e+308, 2.5600e+02, 0.0000e+00, 
 2DIAGNOSTIC,     8, -5.360510819456e-01, 1.797693134862e+308, 2.5600e+02, 0.0000e+00, 
 2DIAGNOSTIC,     9, -5.360684138342e-01, 1.797693134862e+308, 2.5600e+02, 0.0000e+00, 
 2DIAGNOSTIC,    10, -5.360927007129e-01, 2.129278129054e-04, 2.5600e+02, 0.0000e+00, 
 2DIAGNOSTIC,    11, -5.361012757814e-01, 1.509463770837e-04, 2.5600e+02, 0.0000e+00, 
 2DIAGNOSTIC,    12, -5.361450211024e-01, 1.070901228733e-04, 2.5600e+02, 0.0000e+00, 
 2DIAGNOSTIC,    13, -5.361793860076e-01, 7.687162511992e-05, 2.5600e+02, 0.0000e+00, 
 2DIAGNOSTIC,    14, -5.362176292842e-01, 5.185332780480e-05, 2.5600e+02, 0.0000e+00, 
 2DIAGNOSTIC,    15, -5.362755260479e-01, 3.195667852367e-05, 2.5600e+02, 0.0000e+00, 
 2DIAGNOSTIC,    16, -5.362820340862e-01, 2.146916805852e-05, 2.5600e+02, 0.0000e+00, 
 2DIAGNOSTIC,    17, -5.362726233372e-01, 2.048290429020e-05, 2.5600e+02, 0.0000e+00, 
 2DIAGNOSTIC,    18, -5.362729660580e-01, 1.814675625682e-05, 2.5600e+02, 0.0000e+00, 
 2DIAGNOSTIC,    19, -5.362714747338e-01, 1.495620291567e-05, 2.5600e+02, 0.0000e+00, 
 2DIAGNOSTIC,    20, -5.362708082242e-01, 1.146618727077e-05, 2.5600e+02, 0.0000e+00, 
 2DIAGNOSTIC,    21, -5.362699256708e-01, 7.570311629693e-06, 2.5600e+02, 0.0000e+00, 
 2DIAGNOSTIC,    22, -5.362680601339e-01, 4.486078398085e-06, 2.5600e+02, 0.0000e+00, 
 2DIAGNOSTIC,    23, -5.362671115673e-01, 2.150960348828e-06, 2.5600e+02, 0.0000e+00, 
DIAGNOSTIC,Iteration,metricValue,convergenceValue,ITERATION_TIME_INDEX,SINCE_LAST
 2DIAGNOSTIC,     1, -4.911447366002e-01, 1.797693134862e+308, 2.5600e+02, 0.0000e+00, 
 2DIAGNOSTIC,     2, -4.915131268653e-01, 1.797693134862e+308, 2.5600e+02, 0.0000e+00, 
 2DIAGNOSTIC,     3, -4.918396103976e-01, 1.797693134862e+308, 2.5600e+02, 0.0000e+00, 
 2DIAGNOSTIC,     4, -4.920781496008e-01, 1.797693134862e+308, 2.5600e+02, 0.0000e+00, 
 2DIAGNOSTIC,     5, -4.923340215613e-01, 1.797693134862e+308, 2.5600e+02, 0.0000e+00, 
 2DIAGNOSTIC,     6, -4.926846151692e-01, 1.797693134862e+308, 2.5600e+02, 0.0000e+00, 
 2DIAGNOSTIC,     7, -4.927399007097e-01, 1.797693134862e+308, 2.5600e+02, 0.0000e+00, 
 2DIAGNOSTIC,     8, -4.927398628514e-01, 1.797693134862e+308, 2.5600e+02, 0.0000e+00, 
 2DIAGNOSTIC,     9, -4.927397328510e-01, 1.797693134862e+308, 2.5600e+02, 0.0000e+00, 
 2DIAGNOSTIC,    10, -4.927394951041e-01, 2.147956519810e-04, 2.5600e+02, 0.0000e+00, 
 2DIAGNOSTIC,    11, -4.927393775045e-01, 1.433060094289e-04, 2.5600e+02, 0.0000e+00, 
 2DIAGNOSTIC,    12, -4.927393195475e-01, 8.865097547633e-05, 2.5600e+02, 0.0000e+00, 
 2DIAGNOSTIC,    13, -4.927392039733e-01, 4.921538119847e-05, 2.5600e+02, 0.0000e+00, 
 2DIAGNOSTIC,    14, -4.927390442278e-01, 2.090667644088e-05, 2.5600e+02, 0.0000e+00, 
 2DIAGNOSTIC,    15, -4.927389146814e-01, 4.153130024248e-06, 2.5600e+02, 0.0000e+00, 
 2DIAGNOSTIC,    16, -4.927389441815e-01, 1.898975311096e-06, 2.5600e+02, 0.0000e+00, 
 2DIAGNOSTIC,    17, -4.927389202250e-01, 1.793996551112e-06, 2.5600e+02, 0.0000e+00, 
 2DIAGNOSTIC,    18, -4.927388361487e-01, 1.703742446388e-06, 2.5600e+02, 0.0000e+00, 
 2DIAGNOSTIC,    19, -4.927387500582e-01, 1.622454311720e-06, 2.5600e+02, 0.0000e+00, 
 2DIAGNOSTIC,    20, -4.927386491697e-01, 1.544290112461e-06, 2.5600e+02, 0.0000e+00, 
 2DIAGNOSTIC,    21, -4.927386399070e-01, 1.474170151054e-06, 2.5600e+02, 0.0000e+00, 
 2DIAGNOSTIC,    22, -4.927386669828e-01, 1.413174126379e-06, 2.5600e+02, 0.0000e+00, 
 2DIAGNOSTIC,    23, -4.927385592994e-01, 1.354852090144e-06, 2.5600e+02, 0.0000e+00, 
 2DIAGNOSTIC,    24, -4.927385566978e-01, 1.300190046183e-06, 2.5600e+02, 0.0000e+00, 
 2DIAGNOSTIC,    25, -4.927385588582e-01, 1.249147307314e-06, 5.1200e+02, 2.5600e+02, 
 2DIAGNOSTIC,    26, -4.927385571906e-01, 1.204615618929e-06, 5.1200e+02, 0.0000e+00, 
 2DIAGNOSTIC,    27, -4.927385569247e-01, 1.164488004121e-06, 5.1200e+02, 0.0000e+00, 
 2DIAGNOSTIC,    28, -4.927385568306e-01, 1.126696245808e-06, 5.1200e+02, 0.0000e+00, 
