
##########################
# Experiment information #
##########################

EXPERIMENT_NAME: antsRegistration-r7-p21
VFC_BACKENDS: libinterflop_vprec.so --range-binary32=7 --precision-binary32=21 --range-binary64=7 --precision-binary64=21

SIF_IMG: /home/mdugre/projects/rrg-glatard/mdugre/containers/ants-vprec-no_metrics.simg

SUBJECT_ID: s017
INPUT_IMG: /home/mdugre/scratch/mri-registration-rp/datasets/ds004513/derivatives/mri-registration-rp/antsBrainExtraction/sub-s017/BrainExtractionBrain.nii.gz
OUTPUT_DIR: /home/mdugre/scratch/mri-registration-rp/datasets/ds004513/derivatives/mri-registration-rp/0110/antsRegistration-r7-p21/sub-s017

FIXED_IMG: /templateflow/tpl-MNI152NLin2009cAsym/tpl-MNI152NLin2009cAsym_res-01_desc-brain_T1w.nii.gz
DATA_DIR: /home/mdugre/scratch/mri-registration-rp/datasets/ds004513
TEMPLATEFLOW_DIR: /home/mdugre/projects/rrg-glatard/mdugre/templateflow
ITK_GLOBAL_DEFAULT_NUMBER_OF_THREADS: 16
##########################

Info [verificarlo]: loaded backend libinterflop_ieee.so
Info [interflop-ieee]: load backend with:
Info [interflop-ieee]: debug = false
Info [interflop-ieee]: debug-binary = false
Info [interflop-ieee]: no-backend-name = false
Info [interflop-ieee]: print-new-line = false
Info [interflop-ieee]: print-subnormal-normalized = false
Info [interflop-ieee]: count-op = false
All_Command_lines_OK
Using double precision for computations.
=============================================================================
The composite transform comprises the following transforms (in order): 
  1. Center of mass alignment using fixed image: /templateflow/tpl-MNI152NLin2009cAsym/tpl-MNI152NLin2009cAsym_res-01_desc-brain_T1w.nii.gz and moving image: /home/mdugre/scratch/mri-registration-rp/datasets/ds004513/derivatives/mri-registration-rp/antsBrainExtraction/sub-s017/BrainExtractionBrain.nii.gz (type = Euler3DTransform)
=============================================================================
  number of levels = 1
  fixed image: /templateflow/tpl-MNI152NLin2009cAsym/tpl-MNI152NLin2009cAsym_res-01_desc-brain_T1w.nii.gz
  moving image: /home/mdugre/scratch/mri-registration-rp/datasets/ds004513/derivatives/mri-registration-rp/antsBrainExtraction/sub-s017/BrainExtractionBrain.nii.gz
Dimension = 3
Number of stages = 1
Use histogram matching = false
Winsorize image intensities = true
  Lower quantile = 0.005
  Upper quantile = 0.995


Stage 1 State
   Image metric = MattesMI
     Fixed image = Image (0x49aae70)
  RTTI typeinfo:   itk::Image<double, 3u>
  Reference Count: 2
  Modified Time: 2334
  Debug: Off
  Object Name: 
  Observers: 
    none
  Source: (none)
  Source output name: (none)
  Release Data: Off
  Data Released: False
  Global Release Data: Off
  PipelineMTime: 0
  UpdateMTime: 1943
  RealTimeStamp: 0 seconds 
  LargestPossibleRegion: 
    Dimension: 3
    Index: [0, 0, 0]
    Size: [193, 229, 193]
  BufferedRegion: 
    Dimension: 3
    Index: [0, 0, 0]
    Size: [193, 229, 193]
  RequestedRegion: 
    Dimension: 3
    Index: [0, 0, 0]
    Size: [193, 229, 193]
  Spacing: [1, 1, 1]
  Origin: [96, 132, -78]
  Direction: 
-1 0 0
0 -1 0
0 0 1

  IndexToPointMatrix: 
-1 0 0
0 -1 0
0 0 1

  PointToIndexMatrix: 
-1 0 0
0 -1 0
0 0 1

  Inverse Direction: 
-1 0 0
0 -1 0
0 0 1

  PixelContainer: 
    ImportImageContainer (0x49b3c60)
      RTTI typeinfo:   itk::ImportImageContainer<unsigned long, double>
      Reference Count: 1
      Modified Time: 1940
      Debug: Off
      Object Name: 
      Observers: 
        none
      Pointer: 0x1540b739d010
      Container manages memory: true
      Size: 8530021
      Capacity: 8530021

     Moving image = Image (0x49b6610)
  RTTI typeinfo:   itk::Image<double, 3u>
  Reference Count: 2
  Modified Time: 2335
  Debug: Off
  Object Name: 
  Observers: 
    none
  Source: (none)
  Source output name: (none)
  Release Data: Off
  Data Released: False
  Global Release Data: Off
  PipelineMTime: 0
  UpdateMTime: 2332
  RealTimeStamp: 0 seconds 
  LargestPossibleRegion: 
    Dimension: 3
    Index: [0, 0, 0]
    Size: [160, 240, 256]
  BufferedRegion: 
    Dimension: 3
    Index: [0, 0, 0]
    Size: [160, 240, 256]
  RequestedRegion: 
    Dimension: 3
    Index: [0, 0, 0]
    Size: [160, 240, 256]
  Spacing: [1, 1, 1]
  Origin: [91.3357, 102.231, -120.042]
  Direction: 
-0.997442 -5.36781e-05 -0.0714818
5.35416e-05 -1 3.82465e-06
-0.0714818 -1.23894e-08 0.997442

  IndexToPointMatrix: 
-0.997444 -5.36781e-05 -0.0714818
5.35418e-05 -1 3.82465e-06
-0.0714819 -1.23894e-08 0.997442

  PointToIndexMatrix: 
-0.99744 5.35415e-05 -0.0714816
-5.36781e-05 -1 -1.23894e-08
-0.0714818 3.82465e-06 0.997442

  Inverse Direction: 
-0.997442 5.35416e-05 -0.0714818
-5.36781e-05 -1 -1.23894e-08
-0.0714818 3.82465e-06 0.997442

  PixelContainer: 
    ImportImageContainer (0x4a4fef0)
      RTTI typeinfo:   itk::ImportImageContainer<unsigned long, double>
      Reference Count: 1
      Modified Time: 2329
      Debug: Off
      Object Name: 
      Observers: 
        none
      Pointer: 0x1540b289c010
      Container manages memory: true
      Size: 9830400
      Capacity: 9830400

     Weighting = 1
     Sampling strategy = regular
     Number of bins = 32
     Radius = 4
     Sampling percentage  = 0.25
   Transform = Rigid
     Gradient step = 0.1
     Update field sigma (voxel space) = 0
     Total field sigma (voxel space) = 0
     Update field time sigma = 0
     Total field time sigma  = 0
     Number of time indices = 0
     Number of time point samples = 0
Registration using 1 total stages.

Stage 0
  iterations = 0
  convergence threshold = 1e-06
  convergence window size = 10
  number of levels = 1
  using the Mattes MI metric (number of bins = 32, weight = 1, use gradient filter = 0)
  preprocessing:  winsorizing the image intensities
  Shrink factors (level 1 out of 1): [1, 1, 1]
  smoothing sigmas per level: [0]
  regular sampling (percentage = 0.25)

*** Running Euler3DTransform registration ***

  Elapsed time (stage 0): 1.14165


Total elapsed time: 1.14573
Info [verificarlo]: loaded backend libinterflop_vprec.so
Info [interflop-vprec]: load backend with: 
Info [interflop-vprec]: precision-binary32 = 21
Info [interflop-vprec]: range-binary32 = 7
Info [interflop-vprec]: precision-binary64 = 21
Info [interflop-vprec]: range-binary64 = 7
Info [interflop-vprec]: mode = ob
Info [interflop-vprec]: error-mode = rel
Info [interflop-vprec]: max-abs-error-exponent = -1022
Info [interflop-vprec]: daz = false
Info [interflop-vprec]: ftz = false
Info [interflop-vprec]: 	instrument = none
Info [interflop-vprec]: 	prec-input-file = (null)
Info [interflop-vprec]: 	prec-output-file = (null)
Info [interflop-vprec]: 	prec-log-file = (null)
All_Command_lines_OK
Using double precision for computations.
=============================================================================
The composite transform comprises the following transforms (in order): 
  1. /home/mdugre/scratch/mri-registration-rp/datasets/ds004513/derivatives/mri-registration-rp/0110/antsRegistration-r7-p21/sub-s017/align_Composite.h5[0] (type = Euler3DTransform)
  2. /home/mdugre/scratch/mri-registration-rp/datasets/ds004513/derivatives/mri-registration-rp/0110/antsRegistration-r7-p21/sub-s017/align_Composite.h5[1] (type = Euler3DTransform)
=============================================================================
  number of levels = 4
  fixed image: /templateflow/tpl-MNI152NLin2009cAsym/tpl-MNI152NLin2009cAsym_res-01_desc-brain_T1w.nii.gz
  moving image: /home/mdugre/scratch/mri-registration-rp/datasets/ds004513/derivatives/mri-registration-rp/antsBrainExtraction/sub-s017/BrainExtractionBrain.nii.gz
Dimension = 3
Number of stages = 1
Use histogram matching = false
Winsorize image intensities = true
  Lower quantile = 0.005
  Upper quantile = 0.995


Stage 1 State
   Image metric = MattesMI
     Fixed image = Image (0x3db61e0)
  RTTI typeinfo:   itk::Image<double, 3u>
  Reference Count: 2
  Modified Time: 1580
  Debug: Off
  Object Name: 
  Observers: 
    none
  Source: (none)
  Source output name: (none)
  Release Data: Off
  Data Released: False
  Global Release Data: Off
  PipelineMTime: 0
  UpdateMTime: 1189
  RealTimeStamp: 0 seconds 
  LargestPossibleRegion: 
    Dimension: 3
    Index: [0, 0, 0]
    Size: [193, 229, 193]
  BufferedRegion: 
    Dimension: 3
    Index: [0, 0, 0]
    Size: [193, 229, 193]
  RequestedRegion: 
    Dimension: 3
    Index: [0, 0, 0]
    Size: [193, 229, 193]
  Spacing: [1, 1, 1]
  Origin: [96, 132, -78]
  Direction: 
-1 0 0
0 -1 0
0 0 1

  IndexToPointMatrix: 
-1 0 0
0 -1 0
0 0 1

  PointToIndexMatrix: 
-1 0 0
0 -1 0
0 0 1

  Inverse Direction: 
-1 0 0
0 -1 0
0 0 1

  PixelContainer: 
    ImportImageContainer (0x3e75680)
      RTTI typeinfo:   itk::ImportImageContainer<unsigned long, double>
      Reference Count: 1
      Modified Time: 1186
      Debug: Off
      Object Name: 
      Observers: 
        none
      Pointer: 0x14c3ea5e8010
      Container manages memory: true
      Size: 8530021
      Capacity: 8530021

     Moving image = Image (0x3e71b20)
  RTTI typeinfo:   itk::Image<double, 3u>
  Reference Count: 2
  Modified Time: 1581
  Debug: Off
  Object Name: 
  Observers: 
    none
  Source: (none)
  Source output name: (none)
  Release Data: Off
  Data Released: False
  Global Release Data: Off
  PipelineMTime: 0
  UpdateMTime: 1578
  RealTimeStamp: 0 seconds 
  LargestPossibleRegion: 
    Dimension: 3
    Index: [0, 0, 0]
    Size: [160, 240, 256]
  BufferedRegion: 
    Dimension: 3
    Index: [0, 0, 0]
    Size: [160, 240, 256]
  RequestedRegion: 
    Dimension: 3
    Index: [0, 0, 0]
    Size: [160, 240, 256]
  Spacing: [1, 1, 1]
  Origin: [91.3357, 102.231, -120.042]
  Direction: 
-0.997442 -5.36781e-05 -0.0714818
5.35417e-05 -1 3.82465e-06
-0.0714818 -1.23894e-08 0.997442

  IndexToPointMatrix: 
-0.997444 -5.36781e-05 -0.0714818
5.35418e-05 -1 3.82465e-06
-0.0714819 -1.23894e-08 0.997442

  PointToIndexMatrix: 
-0.99744 5.35416e-05 -0.0714816
-5.36781e-05 -1 -1.23891e-08
-0.0714818 3.82465e-06 0.997442

  Inverse Direction: 
-0.997442 5.35417e-05 -0.0714818
-5.36781e-05 -1 -1.23891e-08
-0.0714818 3.82465e-06 0.997442

  PixelContainer: 
    ImportImageContainer (0x3edad50)
      RTTI typeinfo:   itk::ImportImageContainer<unsigned long, double>
      Reference Count: 1
      Modified Time: 1575
      Debug: Off
      Object Name: 
      Observers: 
        none
      Pointer: 0x14c3e5ae7010
      Container manages memory: true
      Size: 9830400
      Capacity: 9830400

     Weighting = 1
     Sampling strategy = regular
     Number of bins = 32
     Radius = 4
     Sampling percentage  = 0.25
   Transform = Rigid
     Gradient step = 0.1
     Update field sigma (voxel space) = 0
     Total field sigma (voxel space) = 0
     Update field time sigma = 0
     Total field time sigma  = 0
     Number of time indices = 0
     Number of time point samples = 0
Registration using 1 total stages.

Stage 0
  iterations = 1000x500x250x100
  convergence threshold = 1e-06
  convergence window size = 10
  number of levels = 4
  using the Mattes MI metric (number of bins = 32, weight = 1, use gradient filter = 0)
  preprocessing:  winsorizing the image intensities
  Shrink factors (level 1 out of 4): [8, 8, 8]
  Shrink factors (level 2 out of 4): [4, 4, 4]
  Shrink factors (level 3 out of 4): [2, 2, 2]
  Shrink factors (level 4 out of 4): [1, 1, 1]
  smoothing sigmas per level: [3, 2, 1, 0]
  regular sampling (percentage = 0.25)

*** Running Euler3DTransform registration ***

DIAGNOSTIC,Iteration,metricValue,convergenceValue,ITERATION_TIME_INDEX,SINCE_LAST
 2DIAGNOSTIC,     1, -5.567771482101e-01, 1.797693134862e+308, 0.0000e+00, 0.0000e+00, 
 2DIAGNOSTIC,     2, -5.584245652462e-01, 1.797693134862e+308, 0.0000e+00, 0.0000e+00, 
 2DIAGNOSTIC,     3, -5.612728323317e-01, 1.797693134862e+308, 0.0000e+00, 0.0000e+00, 
 2DIAGNOSTIC,     4, -5.637800556639e-01, 1.797693134862e+308, 0.0000e+00, 0.0000e+00, 
 2DIAGNOSTIC,     5, -5.658264781312e-01, 1.797693134862e+308, 0.0000e+00, 0.0000e+00, 
 2DIAGNOSTIC,     6, -5.696501479301e-01, 1.797693134862e+308, 0.0000e+00, 0.0000e+00, 
 2DIAGNOSTIC,     7, -5.734187283155e-01, 1.797693134862e+308, 0.0000e+00, 0.0000e+00, 
 2DIAGNOSTIC,     8, -5.754482361834e-01, 1.797693134862e+308, 0.0000e+00, 0.0000e+00, 
 2DIAGNOSTIC,     9, -5.763086286706e-01, 1.797693134862e+308, 0.0000e+00, 0.0000e+00, 
 2DIAGNOSTIC,    10, -5.770946278657e-01, 2.557245076817e-03, 0.0000e+00, 0.0000e+00, 
 2DIAGNOSTIC,    11, -5.785212436386e-01, 2.175621019549e-03, 0.0000e+00, 0.0000e+00, 
 2DIAGNOSTIC,    12, -5.799338811209e-01, 1.785904838184e-03, 0.0000e+00, 0.0000e+00, 
 2DIAGNOSTIC,    13, -5.808091933626e-01, 1.437077782288e-03, 0.0000e+00, 0.0000e+00, 
 2DIAGNOSTIC,    14, -5.814246927838e-01, 1.121043627189e-03, 0.0000e+00, 0.0000e+00, 
 2DIAGNOSTIC,    15, -5.818817081479e-01, 8.274810839041e-04, 0.0000e+00, 0.0000e+00, 
 2DIAGNOSTIC,    16, -5.822304743857e-01, 6.221094196494e-04, 0.0000e+00, 0.0000e+00, 
 2DIAGNOSTIC,    17, -5.829358156915e-01, 5.128840974399e-04, 0.0000e+00, 0.0000e+00, 
 2DIAGNOSTIC,    18, -5.839273096952e-01, 4.512817780225e-04, 0.0000e+00, 0.0000e+00, 
 2DIAGNOSTIC,    19, -5.845487220613e-01, 3.929143868319e-04, 0.0000e+00, 0.0000e+00, 
 2DIAGNOSTIC,    20, -5.858998565393e-01, 3.565620743512e-04, 0.0000e+00, 0.0000e+00, 
 2DIAGNOSTIC,    21, -5.861694450054e-01, 3.295160522991e-04, 0.0000e+00, 0.0000e+00, 
 2DIAGNOSTIC,    22, -5.862571378943e-01, 3.078313663147e-04, 0.0000e+00, 0.0000e+00, 
 2DIAGNOSTIC,    23, -5.862965756156e-01, 2.789142403729e-04, 0.0000e+00, 0.0000e+00, 
 2DIAGNOSTIC,    24, -5.865924904367e-01, 2.449011811899e-04, 0.0000e+00, 0.0000e+00, 
 2DIAGNOSTIC,    25, -5.869460818896e-01, 2.064013011871e-04, 0.0000e+00, 0.0000e+00, 
 2DIAGNOSTIC,    26, -5.873477125749e-01, 1.655620573718e-04, 0.0000e+00, 0.0000e+00, 
 2DIAGNOSTIC,    27, -5.876816544125e-01, 1.311795153574e-04, 0.0000e+00, 0.0000e+00, 
 2DIAGNOSTIC,    28, -5.880600594043e-01, 1.111089847648e-04, 0.0000e+00, 0.0000e+00, 
 2DIAGNOSTIC,    29, -5.892781044388e-01, 1.125159666601e-04, 0.0000e+00, 0.0000e+00, 
 2DIAGNOSTIC,    30, -5.896638807603e-01, 1.310649849540e-04, 0.0000e+00, 0.0000e+00, 
 2DIAGNOSTIC,    31, -5.898993405660e-01, 1.441385471164e-04, 0.0000e+00, 0.0000e+00, 
 2DIAGNOSTIC,    32, -5.905603846874e-01, 1.545587471705e-04, 0.0000e+00, 0.0000e+00, 
 2DIAGNOSTIC,    33, -5.903783673738e-01, 1.473730544585e-04, 0.0000e+00, 0.0000e+00, 
 2DIAGNOSTIC,    34, -5.904374704354e-01, 1.317482583781e-04, 0.0000e+00, 0.0000e+00, 
 2DIAGNOSTIC,    35, -5.906292208002e-01, 1.121436183819e-04, 0.0000e+00, 0.0000e+00, 
 2DIAGNOSTIC,    36, -5.908219207353e-01, 9.113817906381e-05, 0.0000e+00, 0.0000e+00, 
 2DIAGNOSTIC,    37, -5.908624588793e-01, 6.760512165552e-05, 0.0000e+00, 0.0000e+00, 
 2DIAGNOSTIC,    38, -5.909362474692e-01, 4.451287872099e-05, 0.0000e+00, 0.0000e+00, 
 2DIAGNOSTIC,    39, -5.910291088014e-01, 3.492210955729e-05, 0.0000e+00, 0.0000e+00, 
 2DIAGNOSTIC,    40, -5.910693316867e-01, 2.768270563506e-05, 0.0000e+00, 0.0000e+00, 
 2DIAGNOSTIC,    41, -5.910987393105e-01, 2.111600323872e-05, 0.0000e+00, 0.0000e+00, 
 2DIAGNOSTIC,    42, -5.911091091974e-01, 2.082585136186e-05, 0.0000e+00, 0.0000e+00, 
 2DIAGNOSTIC,    43, -5.911310017986e-01, 1.684835396375e-05, 0.0000e+00, 0.0000e+00, 
 2DIAGNOSTIC,    44, -5.911670884052e-01, 1.252065185763e-05, 0.0000e+00, 0.0000e+00, 
 2DIAGNOSTIC,    45, -5.913094482345e-01, 1.081983420390e-05, 0.0000e+00, 0.0000e+00, 
 2DIAGNOSTIC,    46, -5.913264052798e-01, 1.041980653795e-05, 0.0000e+00, 0.0000e+00, 
 2DIAGNOSTIC,    47, -5.913296780450e-01, 9.572584321740e-06, 0.0000e+00, 0.0000e+00, 
 2DIAGNOSTIC,    48, -5.913406711386e-01, 8.772454630952e-06, 0.0000e+00, 0.0000e+00, 
 2DIAGNOSTIC,    49, -5.914784090093e-01, 9.502322141221e-06, 0.0000e+00, 0.0000e+00, 
 2DIAGNOSTIC,    50, -5.915099796798e-01, 9.988623395518e-06, 0.0000e+00, 0.0000e+00, 
 2DIAGNOSTIC,    51, -5.917014953509e-01, 1.167398885610e-05, 0.0000e+00, 0.0000e+00, 
 2DIAGNOSTIC,    52, -5.916163712832e-01, 1.152712182536e-05, 0.0000e+00, 0.0000e+00, 
 2DIAGNOSTIC,    53, -5.917182939664e-01, 1.152605179762e-05, 0.0000e+00, 0.0000e+00, 
 2DIAGNOSTIC,    54, -5.917224481713e-01, 1.077533920546e-05, 0.0000e+00, 0.0000e+00, 
 2DIAGNOSTIC,    55, -5.917241005476e-01, 1.032749708551e-05, 0.0000e+00, 0.0000e+00, 
 2DIAGNOSTIC,    56, -5.917261952806e-01, 9.133571967815e-06, 0.0000e+00, 0.0000e+00, 
 2DIAGNOSTIC,    57, -5.917280102283e-01, 7.222084510830e-06, 0.0000e+00, 0.0000e+00, 
 2DIAGNOSTIC,    58, -5.917304766113e-01, 4.834668049129e-06, 0.0000e+00, 0.0000e+00, 
 2DIAGNOSTIC,    59, -5.917299744912e-01, 3.243848222322e-06, 0.0000e+00, 0.0000e+00, 
 2DIAGNOSTIC,    60, -5.917298202779e-01, 1.662374596745e-06, 0.0000e+00, 0.0000e+00, 
 2DIAGNOSTIC,    61, -5.917298206019e-01, 1.579285315280e-06, 0.0000e+00, 0.0000e+00, 
DIAGNOSTIC,Iteration,metricValue,convergenceValue,ITERATION_TIME_INDEX,SINCE_LAST
 2DIAGNOSTIC,     1, -4.783437234034e-01, 1.797693134862e+308, 0.0000e+00, 0.0000e+00, 
 2DIAGNOSTIC,     2, -4.784748689859e-01, 1.797693134862e+308, 0.0000e+00, 0.0000e+00, 
 2DIAGNOSTIC,     3, -4.785465347497e-01, 1.797693134862e+308, 0.0000e+00, 0.0000e+00, 
 2DIAGNOSTIC,     4, -4.786371151355e-01, 1.797693134862e+308, 0.0000e+00, 0.0000e+00, 
 2DIAGNOSTIC,     5, -4.789995351657e-01, 1.797693134862e+308, 0.0000e+00, 0.0000e+00, 
 2DIAGNOSTIC,     6, -4.801119194175e-01, 1.797693134862e+308, 0.0000e+00, 0.0000e+00, 
 2DIAGNOSTIC,     7, -4.825801992460e-01, 1.797693134862e+308, 0.0000e+00, 0.0000e+00, 
 2DIAGNOSTIC,     8, -4.830597905608e-01, 1.797693134862e+308, 0.0000e+00, 0.0000e+00, 
 2DIAGNOSTIC,     9, -4.830371185409e-01, 1.797693134862e+308, 0.0000e+00, 0.0000e+00, 
 2DIAGNOSTIC,    10, -4.831062490490e-01, 8.278275330166e-04, 0.0000e+00, 0.0000e+00, 
 2DIAGNOSTIC,    11, -4.831181362999e-01, 7.563827760715e-04, 0.0000e+00, 0.0000e+00, 
 2DIAGNOSTIC,    12, -4.831241220157e-01, 6.340257592727e-04, 0.0000e+00, 0.0000e+00, 
 2DIAGNOSTIC,    13, -4.831105492530e-01, 4.763966107181e-04, 0.0000e+00, 0.0000e+00, 
 2DIAGNOSTIC,    14, -4.830980824916e-01, 3.034175134614e-04, 0.0000e+00, 0.0000e+00, 
 2DIAGNOSTIC,    15, -4.831027432786e-01, 1.407404317570e-04, 0.0000e+00, 0.0000e+00, 
 2DIAGNOSTIC,    16, -4.831106408668e-01, 2.464152259060e-05, 0.0000e+00, 0.0000e+00, 
 2DIAGNOSTIC,    17, -4.830916966359e-01, 4.728489971795e-06, 0.0000e+00, 0.0000e+00, 
 2DIAGNOSTIC,    18, -4.830948429088e-01, 2.683192180254e-06, 0.0000e+00, 0.0000e+00, 
DIAGNOSTIC,Iteration,metricValue,convergenceValue,ITERATION_TIME_INDEX,SINCE_LAST
 2DIAGNOSTIC,     1, -4.159720076797e-01, 1.797693134862e+308, 0.0000e+00, 0.0000e+00, 
 2DIAGNOSTIC,     2, -4.160130570535e-01, 1.797693134862e+308, 0.0000e+00, 0.0000e+00, 
 2DIAGNOSTIC,     3, -4.160318175482e-01, 1.797693134862e+308, 0.0000e+00, 0.0000e+00, 
 2DIAGNOSTIC,     4, -4.160279231308e-01, 1.797693134862e+308, 0.0000e+00, 0.0000e+00, 
 2DIAGNOSTIC,     5, -4.160297727529e-01, 1.797693134862e+308, 0.0000e+00, 0.0000e+00, 
 2DIAGNOSTIC,     6, -4.160294148531e-01, 1.797693134862e+308, 0.0000e+00, 0.0000e+00, 
 2DIAGNOSTIC,     7, -4.160277927775e-01, 1.797693134862e+308, 0.0000e+00, 0.0000e+00, 
 2DIAGNOSTIC,     8, -4.160274309553e-01, 1.797693134862e+308, 0.0000e+00, 0.0000e+00, 
 2DIAGNOSTIC,     9, -4.160267895780e-01, 1.797693134862e+308, 0.0000e+00, 0.0000e+00, 
 2DIAGNOSTIC,    10, -4.160268954516e-01, 7.535594801933e-06, 0.0000e+00, 0.0000e+00, 
 2DIAGNOSTIC,    11, -4.160262278673e-01, 3.312480747988e-06, 0.0000e+00, 0.0000e+00, 
 2DIAGNOSTIC,    12, -4.160253932131e-01, 2.015957438761e-06, 0.0000e+00, 0.0000e+00, 
 2DIAGNOSTIC,    13, -4.160247342318e-01, 1.936205092923e-06, 0.0000e+00, 0.0000e+00, 
 2DIAGNOSTIC,    14, -4.160249845478e-01, 1.733073983962e-06, 0.0000e+00, 0.0000e+00, 
 2DIAGNOSTIC,    15, -4.160251550862e-01, 1.696652554908e-06, 0.0000e+00, 0.0000e+00, 
 2DIAGNOSTIC,    16, -4.160235972929e-01, 1.623532871961e-06, 0.0000e+00, 0.0000e+00, 
 2DIAGNOSTIC,    17, -4.160244652554e-01, 1.565482893776e-06, 0.0000e+00, 0.0000e+00, 
 2DIAGNOSTIC,    18, -4.160244628456e-01, 1.527806772074e-06, 0.0000e+00, 0.0000e+00, 
 2DIAGNOSTIC,    19, -4.160239112221e-01, 1.472085630137e-06, 0.0000e+00, 0.0000e+00, 
 2DIAGNOSTIC,    20, -4.160248440219e-01, 1.477426339692e-06, 0.0000e+00, 0.0000e+00, 
 2DIAGNOSTIC,    21, -4.160242934841e-01, 1.453647244243e-06, 0.0000e+00, 0.0000e+00, 
 2DIAGNOSTIC,    22, -4.160245047107e-01, 1.419607727683e-06, 0.0000e+00, 0.0000e+00, 
 2DIAGNOSTIC,    23, -4.160247608054e-01, 1.378326295508e-06, 0.0000e+00, 0.0000e+00, 
 2DIAGNOSTIC,    24, -4.160271231550e-01, 1.414959123647e-06, 0.0000e+00, 0.0000e+00, 
 2DIAGNOSTIC,    25, -4.160261143046e-01, 1.417024813988e-06, 0.0000e+00, 0.0000e+00, 
 2DIAGNOSTIC,    26, -4.160248915534e-01, 1.333276528764e-06, 0.0000e+00, 0.0000e+00, 
 2DIAGNOSTIC,    27, -4.160235036235e-01, 1.234086360873e-06, 0.0000e+00, 0.0000e+00, 
 2DIAGNOSTIC,    28, -4.160214294247e-01, 1.086488102854e-06, 0.0000e+00, 0.0000e+00, 
DIAGNOSTIC,Iteration,metricValue,convergenceValue,ITERATION_TIME_INDEX,SINCE_LAST
 2DIAGNOSTIC,     1, -3.830227405047e-01, 1.797693134862e+308, 0.0000e+00, 0.0000e+00, 
 2DIAGNOSTIC,     2, -3.831704105142e-01, 1.797693134862e+308, 0.0000e+00, 0.0000e+00, 
 2DIAGNOSTIC,     3, -3.832483945622e-01, 1.797693134862e+308, 0.0000e+00, 0.0000e+00, 
 2DIAGNOSTIC,     4, -3.832750208416e-01, 1.797693134862e+308, 0.0000e+00, 0.0000e+00, 
 2DIAGNOSTIC,     5, -3.833024871534e-01, 1.797693134862e+308, 5.1200e+02, 5.1200e+02, 
 2DIAGNOSTIC,     6, -3.833024199109e-01, 1.797693134862e+308, 5.1200e+02, 0.0000e+00, 
 2DIAGNOSTIC,     7, -3.833001320531e-01, 1.797693134862e+308, 5.1200e+02, 0.0000e+00, 
 2DIAGNOSTIC,     8, -3.833008033410e-01, 1.797693134862e+308, 5.1200e+02, 0.0000e+00, 
 2DIAGNOSTIC,     9, -3.832984514852e-01, 1.797693134862e+308, 5.1200e+02, 0.0000e+00, 
 2DIAGNOSTIC,    10, -3.833008532060e-01, 3.570135965582e-05, 5.1200e+02, 0.0000e+00, 
 2DIAGNOSTIC,    11, -3.833020717318e-01, 1.589176702194e-05, 5.1200e+02, 0.0000e+00, 
 2DIAGNOSTIC,    12, -3.833025388216e-01, 7.282063129138e-06, 5.1200e+02, 0.0000e+00, 
 2DIAGNOSTIC,    13, -3.833022995068e-01, 3.991921521590e-06, 5.1200e+02, 0.0000e+00, 
 2DIAGNOSTIC,    14, -3.833020735386e-01, 2.389636337974e-06, 5.1200e+02, 0.0000e+00, 
 2DIAGNOSTIC,    15, -3.833019262097e-01, 2.339142990762e-06, 5.1200e+02, 0.0000e+00, 
 2DIAGNOSTIC,    16, -3.833014439423e-01, 2.249795649209e-06, 5.1200e+02, 0.0000e+00, 
 2DIAGNOSTIC,    17, -3.833019113471e-01, 2.067197841286e-06, 5.1200e+02, 0.0000e+00, 
 2DIAGNOSTIC,    18, -3.833022319569e-01, 1.931904151889e-06, 5.1200e+02, 0.0000e+00, 
 2DIAGNOSTIC,    19, -3.833034782836e-01, 1.750603768745e-06, 5.1200e+02, 0.0000e+00, 
 2DIAGNOSTIC,    20, -3.833044908252e-01, 1.705192039438e-06, 5.1200e+02, 0.0000e+00, 
 2DIAGNOSTIC,    21, -3.833060031884e-01, 1.749275653953e-06, 5.1200e+02, 0.0000e+00, 
 2DIAGNOSTIC,    22, -3.833069752711e-01, 1.815599851344e-06, 5.1200e+02, 0.0000e+00, 
 2DIAGNOSTIC,    23, -3.833124823876e-01, 2.011309757084e-06, 5.1200e+02, 0.0000e+00, 
 2DIAGNOSTIC,    24, -3.833272549169e-01, 2.577041863391e-06, 5.1200e+02, 0.0000e+00, 
 2DIAGNOSTIC,    25, -3.833612964512e-01, 3.975233328506e-06, 5.1200e+02, 0.0000e+00, 
 2DIAGNOSTIC,    26, -3.834515360492e-01, 7.550691768297e-06, 5.1200e+02, 0.0000e+00, 
 2DIAGNOSTIC,    27, -3.838077012517e-01, 2.000473205708e-05, 5.1200e+02, 0.0000e+00, 
 2DIAGNOSTIC,    28, -3.838064793262e-01, 2.953853993215e-05, 5.1200e+02, 0.0000e+00, 
 2DIAGNOSTIC,    29, -3.838057222900e-01, 3.588262589169e-05, 5.1200e+02, 0.0000e+00, 
 2DIAGNOSTIC,    30, -3.838057118992e-01, 3.866036742725e-05, 5.1200e+02, 0.0000e+00, 
 2DIAGNOSTIC,    31, -3.838058428537e-01, 3.767359814359e-05, 5.1200e+02, 0.0000e+00, 
 2DIAGNOSTIC,    32, -3.838057257833e-01, 3.316212895602e-05, 5.1200e+02, 0.0000e+00, 
 2DIAGNOSTIC,    33, -3.838057910040e-01, 2.600199797067e-05, 5.1200e+02, 0.0000e+00, 
 2DIAGNOSTIC,    34, -3.838057915273e-01, 1.733822558143e-05, 5.1200e+02, 0.0000e+00, 
 2DIAGNOSTIC,    35, -3.838057917112e-01, 8.368375835163e-06, 5.1200e+02, 0.0000e+00, 
  Elapsed time (stage 0): 5.1200e+02


Total elapsed time: 5.1200e+02
Info [verificarlo]: loaded backend libinterflop_vprec.so
Info [interflop-vprec]: load backend with: 
Info [interflop-vprec]: precision-binary32 = 21
Info [interflop-vprec]: range-binary32 = 7
Info [interflop-vprec]: precision-binary64 = 21
Info [interflop-vprec]: range-binary64 = 7
Info [interflop-vprec]: mode = ob
Info [interflop-vprec]: error-mode = rel
Info [interflop-vprec]: max-abs-error-exponent = -1022
Info [interflop-vprec]: daz = false
Info [interflop-vprec]: ftz = false
Info [interflop-vprec]: 	instrument = none
Info [interflop-vprec]: 	prec-input-file = (null)
Info [interflop-vprec]: 	prec-output-file = (null)
Info [interflop-vprec]: 	prec-log-file = (null)
All_Command_lines_OK
Using double precision for computations.
=============================================================================
The composite transform comprises the following transforms (in order): 
  1. /home/mdugre/scratch/mri-registration-rp/datasets/ds004513/derivatives/mri-registration-rp/0110/antsRegistration-r7-p21/sub-s017/rigid_Composite.h5[0] (type = Euler3DTransform)
  2. /home/mdugre/scratch/mri-registration-rp/datasets/ds004513/derivatives/mri-registration-rp/0110/antsRegistration-r7-p21/sub-s017/rigid_Composite.h5[1] (type = Euler3DTransform)
  3. /home/mdugre/scratch/mri-registration-rp/datasets/ds004513/derivatives/mri-registration-rp/0110/antsRegistration-r7-p21/sub-s017/rigid_Composite.h5[2] (type = Euler3DTransform)
=============================================================================
  number of levels = 4
  fixed image: /templateflow/tpl-MNI152NLin2009cAsym/tpl-MNI152NLin2009cAsym_res-01_desc-brain_T1w.nii.gz
  moving image: /home/mdugre/scratch/mri-registration-rp/datasets/ds004513/derivatives/mri-registration-rp/antsBrainExtraction/sub-s017/BrainExtractionBrain.nii.gz
Dimension = 3
Number of stages = 1
Use histogram matching = false
Winsorize image intensities = true
  Lower quantile = 0.005
  Upper quantile = 0.995


Stage 1 State
   Image metric = MattesMI
     Fixed image = Image (0x5210490)
  RTTI typeinfo:   itk::Image<double, 3u>
  Reference Count: 2
  Modified Time: 1594
  Debug: Off
  Object Name: 
  Observers: 
    none
  Source: (none)
  Source output name: (none)
  Release Data: Off
  Data Released: False
  Global Release Data: Off
  PipelineMTime: 0
  UpdateMTime: 1203
  RealTimeStamp: 0 seconds 
  LargestPossibleRegion: 
    Dimension: 3
    Index: [0, 0, 0]
    Size: [193, 229, 193]
  BufferedRegion: 
    Dimension: 3
    Index: [0, 0, 0]
    Size: [193, 229, 193]
  RequestedRegion: 
    Dimension: 3
    Index: [0, 0, 0]
    Size: [193, 229, 193]
  Spacing: [1, 1, 1]
  Origin: [96, 132, -78]
  Direction: 
-1 0 0
0 -1 0
0 0 1

  IndexToPointMatrix: 
-1 0 0
0 -1 0
0 0 1

  PointToIndexMatrix: 
-1 0 0
0 -1 0
0 0 1

  Inverse Direction: 
-1 0 0
0 -1 0
0 0 1

  PixelContainer: 
    ImportImageContainer (0x52c8fa0)
      RTTI typeinfo:   itk::ImportImageContainer<unsigned long, double>
      Reference Count: 1
      Modified Time: 1200
      Debug: Off
      Object Name: 
      Observers: 
        none
      Pointer: 0x14b7ecb22010
      Container manages memory: true
      Size: 8530021
      Capacity: 8530021

     Moving image = Image (0x52cbd20)
  RTTI typeinfo:   itk::Image<double, 3u>
  Reference Count: 2
  Modified Time: 1595
  Debug: Off
  Object Name: 
  Observers: 
    none
  Source: (none)
  Source output name: (none)
  Release Data: Off
  Data Released: False
  Global Release Data: Off
  PipelineMTime: 0
  UpdateMTime: 1592
  RealTimeStamp: 0 seconds 
  LargestPossibleRegion: 
    Dimension: 3
    Index: [0, 0, 0]
    Size: [160, 240, 256]
  BufferedRegion: 
    Dimension: 3
    Index: [0, 0, 0]
    Size: [160, 240, 256]
  RequestedRegion: 
    Dimension: 3
    Index: [0, 0, 0]
    Size: [160, 240, 256]
  Spacing: [1, 1, 1]
  Origin: [91.3357, 102.231, -120.042]
  Direction: 
-0.997442 -5.36781e-05 -0.0714818
5.35417e-05 -1 3.82465e-06
-0.0714818 -1.23894e-08 0.997442

  IndexToPointMatrix: 
-0.997444 -5.36781e-05 -0.0714818
5.35418e-05 -1 3.82465e-06
-0.0714819 -1.23894e-08 0.997442

  PointToIndexMatrix: 
-0.99744 5.35416e-05 -0.0714816
-5.36781e-05 -1 -1.23891e-08
-0.0714818 3.82465e-06 0.997442

  Inverse Direction: 
-0.997442 5.35417e-05 -0.0714818
-5.36781e-05 -1 -1.23891e-08
-0.0714818 3.82465e-06 0.997442

  PixelContainer: 
    ImportImageContainer (0x5387390)
      RTTI typeinfo:   itk::ImportImageContainer<unsigned long, double>
      Reference Count: 1
      Modified Time: 1589
      Debug: Off
      Object Name: 
      Observers: 
        none
      Pointer: 0x14b7e8021010
      Container manages memory: true
      Size: 9830400
      Capacity: 9830400

     Weighting = 1
     Sampling strategy = regular
     Number of bins = 32
     Radius = 4
     Sampling percentage  = 0.25
   Transform = Affine
     Gradient step = 0.1
     Update field sigma (voxel space) = 0
     Total field sigma (voxel space) = 0
     Update field time sigma = 0
     Total field time sigma  = 0
     Number of time indices = 0
     Number of time point samples = 0
Registration using 1 total stages.

Stage 0
  iterations = 1000x500x250x100
  convergence threshold = 1e-06
  convergence window size = 10
  number of levels = 4
  using the Mattes MI metric (number of bins = 32, weight = 1, use gradient filter = 0)
  preprocessing:  winsorizing the image intensities
  Shrink factors (level 1 out of 4): [8, 8, 8]
  Shrink factors (level 2 out of 4): [4, 4, 4]
  Shrink factors (level 3 out of 4): [2, 2, 2]
  Shrink factors (level 4 out of 4): [1, 1, 1]
  smoothing sigmas per level: [3, 2, 1, 0]
  regular sampling (percentage = 0.25)

*** Running AffineTransform registration ***

DIAGNOSTIC,Iteration,metricValue,convergenceValue,ITERATION_TIME_INDEX,SINCE_LAST
 2DIAGNOSTIC,     1, -5.790245997780e-01, 1.797693134862e+308, 0.0000e+00, 0.0000e+00, 
 2DIAGNOSTIC,     2, -5.813854970073e-01, 1.797693134862e+308, 0.0000e+00, 0.0000e+00, 
 2DIAGNOSTIC,     3, -5.855680000366e-01, 1.797693134862e+308, 0.0000e+00, 0.0000e+00, 
 2DIAGNOSTIC,     4, -5.930153343260e-01, 1.797693134862e+308, 0.0000e+00, 0.0000e+00, 
 2DIAGNOSTIC,     5, -6.069719772750e-01, 1.797693134862e+308, 0.0000e+00, 0.0000e+00, 
 2DIAGNOSTIC,     6, -6.301355227075e-01, 1.797693134862e+308, 0.0000e+00, 0.0000e+00, 
 2DIAGNOSTIC,     7, -6.642796689556e-01, 1.797693134862e+308, 0.0000e+00, 0.0000e+00, 
 2DIAGNOSTIC,     8, -8.038240080728e-01, 1.797693134862e+308, 0.0000e+00, 0.0000e+00, 
 2DIAGNOSTIC,     9, -8.391024729796e-01, 1.797693134862e+308, 0.0000e+00, 0.0000e+00, 
 2DIAGNOSTIC,    10, -8.541690857424e-01, 2.913653812887e-02, 0.0000e+00, 0.0000e+00, 
 2DIAGNOSTIC,    11, -8.652828955160e-01, 2.949276937765e-02, 0.0000e+00, 0.0000e+00, 
 2DIAGNOSTIC,    12, -8.757168005022e-01, 2.756334985490e-02, 0.0000e+00, 0.0000e+00, 
 2DIAGNOSTIC,    13, -8.799727891179e-01, 2.373047288104e-02, 0.0000e+00, 0.0000e+00, 
 2DIAGNOSTIC,    14, -8.854509633545e-01, 1.876835319354e-02, 0.0000e+00, 0.0000e+00, 
 2DIAGNOSTIC,    15, -8.852741222986e-01, 1.330076587242e-02, 0.0000e+00, 0.0000e+00, 
 2DIAGNOSTIC,    16, -8.853040949150e-01, 8.009510872436e-03, 0.0000e+00, 0.0000e+00, 
 2DIAGNOSTIC,    17, -8.854219417884e-01, 3.393251930137e-03, 0.0000e+00, 0.0000e+00, 
 2DIAGNOSTIC,    18, -8.853899680039e-01, 1.919701325059e-03, 0.0000e+00, 0.0000e+00, 
 2DIAGNOSTIC,    19, -8.854213464124e-01, 1.127289536092e-03, 0.0000e+00, 0.0000e+00, 
 2DIAGNOSTIC,    20, -8.856842015330e-01, 5.987598694128e-04, 0.0000e+00, 0.0000e+00, 
 2DIAGNOSTIC,    21, -8.857977195937e-01, 2.631158977252e-04, 0.0000e+00, 0.0000e+00, 
 2DIAGNOSTIC,    22, -8.859993155789e-01, 1.109747142932e-04, 0.0000e+00, 0.0000e+00, 
 2DIAGNOSTIC,    23, -8.860484032687e-01, 2.815539823004e-05, 0.0000e+00, 0.0000e+00, 
 2DIAGNOSTIC,    24, -8.859994718430e-01, 3.145630736695e-05, 0.0000e+00, 0.0000e+00, 
 2DIAGNOSTIC,    25, -8.861990816031e-01, 3.199029004893e-05, 0.0000e+00, 0.0000e+00, 
 2DIAGNOSTIC,    26, -8.864211654490e-01, 3.287749887146e-05, 0.0000e+00, 0.0000e+00, 
 2DIAGNOSTIC,    27, -8.865291635005e-01, 3.364261618936e-05, 0.0000e+00, 0.0000e+00, 
 2DIAGNOSTIC,    28, -8.873232817023e-01, 4.094079114534e-05, 0.0000e+00, 0.0000e+00, 
 2DIAGNOSTIC,    29, -8.876002257598e-01, 4.742417955023e-05, 0.0000e+00, 0.0000e+00, 
 2DIAGNOSTIC,    30, -8.876032151521e-01, 5.216558683047e-05, 0.0000e+00, 0.0000e+00, 
 2DIAGNOSTIC,    31, -8.876819429335e-01, 5.397816061244e-05, 0.0000e+00, 0.0000e+00, 
 2DIAGNOSTIC,    32, -8.881499658386e-01, 5.791311139827e-05, 0.0000e+00, 0.0000e+00, 
 2DIAGNOSTIC,    33, -8.895921921101e-01, 7.164916515492e-05, 0.0000e+00, 0.0000e+00, 
 2DIAGNOSTIC,    34, -8.895390898911e-01, 7.634910014965e-05, 0.0000e+00, 0.0000e+00, 
 2DIAGNOSTIC,    35, -8.894196914168e-01, 7.473248609733e-05, 0.0000e+00, 0.0000e+00, 
 2DIAGNOSTIC,    36, -8.890325582379e-01, 6.496510668372e-05, 0.0000e+00, 0.0000e+00, 
 2DIAGNOSTIC,    37, -8.887859463170e-01, 4.817469951742e-05, 0.0000e+00, 0.0000e+00, 
 2DIAGNOSTIC,    38, -8.888095794138e-01, 3.492074752160e-05, 0.0000e+00, 0.0000e+00, 
 2DIAGNOSTIC,    39, -8.883952538096e-01, 1.790431691820e-05, 0.0000e+00, 0.0000e+00, 
DIAGNOSTIC,Iteration,metricValue,convergenceValue,ITERATION_TIME_INDEX,SINCE_LAST
 2DIAGNOSTIC,     1, -7.465328461663e-01, 1.797693134862e+308, 0.0000e+00, 0.0000e+00, 
 2DIAGNOSTIC,     2, -7.472496013467e-01, 1.797693134862e+308, 0.0000e+00, 0.0000e+00, 
 2DIAGNOSTIC,     3, -7.478977320809e-01, 1.797693134862e+308, 0.0000e+00, 0.0000e+00, 
 2DIAGNOSTIC,     4, -7.483141146907e-01, 1.797693134862e+308, 0.0000e+00, 0.0000e+00, 
 2DIAGNOSTIC,     5, -7.491520833347e-01, 1.797693134862e+308, 0.0000e+00, 0.0000e+00, 
 2DIAGNOSTIC,     6, -7.506651220160e-01, 1.797693134862e+308, 0.0000e+00, 0.0000e+00, 
 2DIAGNOSTIC,     7, -7.506712836187e-01, 1.797693134862e+308, 0.0000e+00, 0.0000e+00, 
 2DIAGNOSTIC,     8, -7.506518814753e-01, 1.797693134862e+308, 0.0000e+00, 0.0000e+00, 
 2DIAGNOSTIC,     9, -7.506327936922e-01, 1.797693134862e+308, 0.0000e+00, 0.0000e+00, 
 2DIAGNOSTIC,    10, -7.505974328779e-01, 3.940633574040e-04, 0.0000e+00, 0.0000e+00, 
 2DIAGNOSTIC,    11, -7.505803565753e-01, 2.793651696781e-04, 0.0000e+00, 0.0000e+00, 
 2DIAGNOSTIC,    12, -7.505978122025e-01, 1.820427704065e-04, 0.0000e+00, 0.0000e+00, 
 2DIAGNOSTIC,    13, -7.505727380044e-01, 1.023320872219e-04, 0.0000e+00, 0.0000e+00, 
 2DIAGNOSTIC,    14, -7.505356521733e-01, 3.510203603969e-05, 0.0000e+00, 0.0000e+00, 
DIAGNOSTIC,Iteration,metricValue,convergenceValue,ITERATION_TIME_INDEX,SINCE_LAST
 2DIAGNOSTIC,     1, -6.296004053580e-01, 1.797693134862e+308, 0.0000e+00, 0.0000e+00, 
 2DIAGNOSTIC,     2, -6.301362441991e-01, 1.797693134862e+308, 0.0000e+00, 0.0000e+00, 
 2DIAGNOSTIC,     3, -6.306740007253e-01, 1.797693134862e+308, 0.0000e+00, 0.0000e+00, 
 2DIAGNOSTIC,     4, -6.312629592355e-01, 1.797693134862e+308, 0.0000e+00, 0.0000e+00, 
 2DIAGNOSTIC,     5, -6.321784283401e-01, 1.797693134862e+308, 0.0000e+00, 0.0000e+00, 
 2DIAGNOSTIC,     6, -6.327291577397e-01, 1.797693134862e+308, 0.0000e+00, 0.0000e+00, 
 2DIAGNOSTIC,     7, -6.327200550184e-01, 1.797693134862e+308, 0.0000e+00, 0.0000e+00, 
 2DIAGNOSTIC,     8, -6.326994454779e-01, 1.797693134862e+308, 0.0000e+00, 0.0000e+00, 
 2DIAGNOSTIC,     9, -6.327005840726e-01, 1.797693134862e+308, 0.0000e+00, 0.0000e+00, 
 2DIAGNOSTIC,    10, -6.326973284978e-01, 3.419704285598e-04, 0.0000e+00, 0.0000e+00, 
 2DIAGNOSTIC,    11, -6.326942936999e-01, 2.309486224306e-04, 0.0000e+00, 0.0000e+00, 
 2DIAGNOSTIC,    12, -6.326948123579e-01, 1.382927948038e-04, 0.0000e+00, 0.0000e+00, 
 2DIAGNOSTIC,    13, -6.326941871406e-01, 6.636235461091e-05, 0.0000e+00, 0.0000e+00, 
 2DIAGNOSTIC,    14, -6.326931433744e-01, 1.716537350314e-05, 0.0000e+00, 0.0000e+00, 
DIAGNOSTIC,Iteration,metricValue,convergenceValue,ITERATION_TIME_INDEX,SINCE_LAST
 2DIAGNOSTIC,     1, -5.638242081684e-01, 1.797693134862e+308, 0.0000e+00, 0.0000e+00, 
 2DIAGNOSTIC,     2, -5.642696002108e-01, 1.797693134862e+308, 0.0000e+00, 0.0000e+00, 
 2DIAGNOSTIC,     3, -5.647561503747e-01, 1.797693134862e+308, 0.0000e+00, 0.0000e+00, 
 2DIAGNOSTIC,     4, -5.661742586831e-01, 1.797693134862e+308, 0.0000e+00, 0.0000e+00, 
 2DIAGNOSTIC,     5, -5.661756167102e-01, 1.797693134862e+308, 0.0000e+00, 0.0000e+00, 
 2DIAGNOSTIC,     6, -5.661732932858e-01, 1.797693134862e+308, 0.0000e+00, 0.0000e+00, 
 2DIAGNOSTIC,     7, -5.661731445530e-01, 1.797693134862e+308, 0.0000e+00, 0.0000e+00, 
 2DIAGNOSTIC,     8, -5.661730705020e-01, 1.797693134862e+308, 0.0000e+00, 0.0000e+00, 
 2DIAGNOSTIC,     9, -5.661725040413e-01, 1.797693134862e+308, 0.0000e+00, 0.0000e+00, 
 2DIAGNOSTIC,    10, -5.661725686341e-01, 2.546714953844e-04, 0.0000e+00, 0.0000e+00, 
 2DIAGNOSTIC,    11, -5.661724668180e-01, 1.462160765385e-04, 0.0000e+00, 0.0000e+00, 
 2DIAGNOSTIC,    12, -5.661725082885e-01, 6.178398323523e-05, 0.0000e+00, 0.0000e+00, 
 2DIAGNOSTIC,    13, -5.661721741060e-01, 2.229960671410e-06, 0.0000e+00, 0.0000e+00, 
 2DIAGNOSTIC,    14, -5.661720266266e-01, 2.086963182019e-06, 0.0000e+00, 0.0000e+00, 
 2DIAGNOSTIC,    15, -5.661719449384e-01, 2.025308351389e-06, 0.0000e+00, 0.0000e+00, 
 2DIAGNOSTIC,    16, -5.661721206953e-01, 1.912763216760e-06, 0.0000e+00, 0.0000e+00, 
 2DIAGNOSTIC,    17, -5.661720856460e-01, 1.814989555059e-06, 0.0000e+00, 0.0000e+00, 
 2DIAGNOSTIC,    18, -5.661722612312e-01, 1.737074622844e-06, 0.0000e+00, 0.0000e+00, 
 2DIAGNOSTIC,    19, -5.661724017873e-01, 1.659172418463e-06, 0.0000e+00, 0.0000e+00, 
 2DIAGNOSTIC,    20, -5.661724676258e-01, 1.593932829523e-06, 0.0000e+00, 0.0000e+00, 
 2DIAGNOSTIC,    21, -5.661725197747e-01, 1.533483054365e-06, 0.0000e+00, 0.0000e+00, 
 2DIAGNOSTIC,    22, -5.661724312857e-01, 1.476122338105e-06, 5.1200e+02, 5.1200e+02, 
 2DIAGNOSTIC,    23, -5.661722181795e-01, 1.409358900223e-06, 5.1200e+02, 0.0000e+00, 
 2DIAGNOSTIC,    24, -5.661722878014e-01, 1.344420291823e-06, 5.1200e+02, 0.0000e+00, 
 2DIAGNOSTIC,    25, -5.661722046580e-01, 1.279581854807e-06, 5.1200e+02, 0.0000e+00, 
 2DIAGNOSTIC,    26, -5.661722053163e-01, 1.222747144834e-06, 5.1200e+02, 0.0000e+00, 
 2DIAGNOSTIC,    27, -5.661722046000e-01, 1.169713977164e-06, 5.1200e+02, 0.0000e+00, 
 2DIAGNOSTIC,    28, -5.661722044972e-01, 1.124592639221e-06, 5.1200e+02, 0.0000e+00, 
 2DIAGNOSTIC,    29, -5.661722043083e-01, 1.086224021590e-06, 5.1200e+02, 0.0000e+00, 
 2DIAGNOSTIC,    30, -5.661722043930e-01, 1.052610465770e-06, 5.1200e+02, 0.0000e+00, 
 2DIAGNOSTIC,    31, -5.661722043930e-01, 1.022924074202e-06, 5.1200e+02, 0.0000e+00, 
  Elapsed time (stage 0): 5.1200e+02


Total elapsed time: 5.1200e+02
Info [verificarlo]: loaded backend libinterflop_ieee.so
Info [interflop-ieee]: load backend with:
Info [interflop-ieee]: debug = false
Info [interflop-ieee]: debug-binary = false
Info [interflop-ieee]: no-backend-name = false
Info [interflop-ieee]: print-new-line = false
Info [interflop-ieee]: print-subnormal-normalized = false
Info [interflop-ieee]: count-op = false
All_Command_lines_OK
Using double precision for computations.
=============================================================================
The composite transform comprises the following transforms (in order): 
  1. /home/mdugre/scratch/mri-registration-rp/datasets/ds004513/derivatives/mri-registration-rp/0110/antsRegistration-r7-p21/sub-s017/affine_Composite.h5[0] (type = Euler3DTransform)
  2. /home/mdugre/scratch/mri-registration-rp/datasets/ds004513/derivatives/mri-registration-rp/0110/antsRegistration-r7-p21/sub-s017/affine_Composite.h5[1] (type = Euler3DTransform)
