
##########################
# Experiment information #
##########################

EXPERIMENT_NAME: antsRegistration-r8-p23
VFC_BACKENDS: libinterflop_vprec.so --range-binary32=8 --precision-binary32=23 --range-binary64=8 --precision-binary64=23

SIF_IMG: /home/mdugre/projects/rrg-glatard/mdugre/containers/ants-vprec-no_metrics.simg

SUBJECT_ID: s032
INPUT_IMG: /home/mdugre/scratch/mri-registration-rp/datasets/ds004513/derivatives/mri-registration-rp/antsBrainExtraction/sub-s032/BrainExtractionBrain.nii.gz
OUTPUT_DIR: /home/mdugre/scratch/mri-registration-rp/datasets/ds004513/derivatives/mri-registration-rp/0110/antsRegistration-r8-p23/sub-s032

FIXED_IMG: /templateflow/tpl-MNI152NLin2009cAsym/tpl-MNI152NLin2009cAsym_res-01_desc-brain_T1w.nii.gz
DATA_DIR: /home/mdugre/scratch/mri-registration-rp/datasets/ds004513
TEMPLATEFLOW_DIR: /home/mdugre/projects/rrg-glatard/mdugre/templateflow
ITK_GLOBAL_DEFAULT_NUMBER_OF_THREADS: 16
##########################

Info [verificarlo]: loaded backend libinterflop_ieee.so
Info [interflop-ieee]: load backend with:
Info [interflop-ieee]: debug = false
Info [interflop-ieee]: debug-binary = false
Info [interflop-ieee]: no-backend-name = false
Info [interflop-ieee]: print-new-line = false
Info [interflop-ieee]: print-subnormal-normalized = false
Info [interflop-ieee]: count-op = false
All_Command_lines_OK
Using double precision for computations.
=============================================================================
The composite transform comprises the following transforms (in order): 
  1. Center of mass alignment using fixed image: /templateflow/tpl-MNI152NLin2009cAsym/tpl-MNI152NLin2009cAsym_res-01_desc-brain_T1w.nii.gz and moving image: /home/mdugre/scratch/mri-registration-rp/datasets/ds004513/derivatives/mri-registration-rp/antsBrainExtraction/sub-s032/BrainExtractionBrain.nii.gz (type = Euler3DTransform)
=============================================================================
  number of levels = 1
  fixed image: /templateflow/tpl-MNI152NLin2009cAsym/tpl-MNI152NLin2009cAsym_res-01_desc-brain_T1w.nii.gz
  moving image: /home/mdugre/scratch/mri-registration-rp/datasets/ds004513/derivatives/mri-registration-rp/antsBrainExtraction/sub-s032/BrainExtractionBrain.nii.gz
Dimension = 3
Number of stages = 1
Use histogram matching = false
Winsorize image intensities = true
  Lower quantile = 0.005
  Upper quantile = 0.995


Stage 1 State
   Image metric = MattesMI
     Fixed image = Image (0x357ce70)
  RTTI typeinfo:   itk::Image<double, 3u>
  Reference Count: 2
  Modified Time: 2330
  Debug: Off
  Object Name: 
  Observers: 
    none
  Source: (none)
  Source output name: (none)
  Release Data: Off
  Data Released: False
  Global Release Data: Off
  PipelineMTime: 0
  UpdateMTime: 1941
  RealTimeStamp: 0 seconds 
  LargestPossibleRegion: 
    Dimension: 3
    Index: [0, 0, 0]
    Size: [193, 229, 193]
  BufferedRegion: 
    Dimension: 3
    Index: [0, 0, 0]
    Size: [193, 229, 193]
  RequestedRegion: 
    Dimension: 3
    Index: [0, 0, 0]
    Size: [193, 229, 193]
  Spacing: [1, 1, 1]
  Origin: [96, 132, -78]
  Direction: 
-1 0 0
0 -1 0
0 0 1

  IndexToPointMatrix: 
-1 0 0
0 -1 0
0 0 1

  PointToIndexMatrix: 
-1 0 0
0 -1 0
0 0 1

  Inverse Direction: 
-1 0 0
0 -1 0
0 0 1

  PixelContainer: 
    ImportImageContainer (0x3585c60)
      RTTI typeinfo:   itk::ImportImageContainer<unsigned long, double>
      Reference Count: 1
      Modified Time: 1938
      Debug: Off
      Object Name: 
      Observers: 
        none
      Pointer: 0x153e111dc010
      Container manages memory: true
      Size: 8530021
      Capacity: 8530021

     Moving image = Image (0x3619ec0)
  RTTI typeinfo:   itk::Image<double, 3u>
  Reference Count: 2
  Modified Time: 2331
  Debug: Off
  Object Name: 
  Observers: 
    none
  Source: (none)
  Source output name: (none)
  Release Data: Off
  Data Released: False
  Global Release Data: Off
  PipelineMTime: 0
  UpdateMTime: 2328
  RealTimeStamp: 0 seconds 
  LargestPossibleRegion: 
    Dimension: 3
    Index: [0, 0, 0]
    Size: [160, 240, 256]
  BufferedRegion: 
    Dimension: 3
    Index: [0, 0, 0]
    Size: [160, 240, 256]
  RequestedRegion: 
    Dimension: 3
    Index: [0, 0, 0]
    Size: [160, 240, 256]
  Spacing: [1, 1, 1]
  Origin: [73.279, 104.707, -131.187]
  Direction: 
-0.997527 0.0645574 -0.0278053
-0.0645323 -0.997914 -0.00179875
-0.0278634 4.01097e-08 0.999612

  IndexToPointMatrix: 
-0.997527 0.0645574 -0.0278053
-0.0645323 -0.997914 -0.00179875
-0.0278634 4.01097e-08 0.999612

  PointToIndexMatrix: 
-0.997527 -0.0645323 -0.0278634
0.0645574 -0.997914 4.01049e-08
-0.0278053 -0.00179875 0.999612

  Inverse Direction: 
-0.997527 -0.0645323 -0.0278634
0.0645574 -0.997914 4.01049e-08
-0.0278053 -0.00179875 0.999612

  PixelContainer: 
    ImportImageContainer (0x36b1610)
      RTTI typeinfo:   itk::ImportImageContainer<unsigned long, double>
      Reference Count: 1
      Modified Time: 2325
      Debug: Off
      Object Name: 
      Observers: 
        none
      Pointer: 0x153e0c6db010
      Container manages memory: true
      Size: 9830400
      Capacity: 9830400

     Weighting = 1
     Sampling strategy = regular
     Number of bins = 32
     Radius = 4
     Sampling percentage  = 0.25
   Transform = Rigid
     Gradient step = 0.1
     Update field sigma (voxel space) = 0
     Total field sigma (voxel space) = 0
     Update field time sigma = 0
     Total field time sigma  = 0
     Number of time indices = 0
     Number of time point samples = 0
Registration using 1 total stages.

Stage 0
  iterations = 0
  convergence threshold = 1e-06
  convergence window size = 10
  number of levels = 1
  using the Mattes MI metric (number of bins = 32, weight = 1, use gradient filter = 0)
  preprocessing:  winsorizing the image intensities
  Shrink factors (level 1 out of 1): [1, 1, 1]
  smoothing sigmas per level: [0]
  regular sampling (percentage = 0.25)

*** Running Euler3DTransform registration ***

  Elapsed time (stage 0): 1.11316


Total elapsed time: 1.11529
Info [verificarlo]: loaded backend libinterflop_vprec.so
Info [interflop-vprec]: load backend with: 
Info [interflop-vprec]: precision-binary32 = 23
Info [interflop-vprec]: range-binary32 = 8
Info [interflop-vprec]: precision-binary64 = 23
Info [interflop-vprec]: range-binary64 = 8
Info [interflop-vprec]: mode = ob
Info [interflop-vprec]: error-mode = rel
Info [interflop-vprec]: max-abs-error-exponent = -1022
Info [interflop-vprec]: daz = false
Info [interflop-vprec]: ftz = false
Info [interflop-vprec]: 	instrument = none
Info [interflop-vprec]: 	prec-input-file = (null)
Info [interflop-vprec]: 	prec-output-file = (null)
Info [interflop-vprec]: 	prec-log-file = (null)
All_Command_lines_OK
Using double precision for computations.
=============================================================================
The composite transform comprises the following transforms (in order): 
  1. /home/mdugre/scratch/mri-registration-rp/datasets/ds004513/derivatives/mri-registration-rp/0110/antsRegistration-r8-p23/sub-s032/align_Composite.h5[0] (type = Euler3DTransform)
  2. /home/mdugre/scratch/mri-registration-rp/datasets/ds004513/derivatives/mri-registration-rp/0110/antsRegistration-r8-p23/sub-s032/align_Composite.h5[1] (type = Euler3DTransform)
=============================================================================
  number of levels = 4
  fixed image: /templateflow/tpl-MNI152NLin2009cAsym/tpl-MNI152NLin2009cAsym_res-01_desc-brain_T1w.nii.gz
  moving image: /home/mdugre/scratch/mri-registration-rp/datasets/ds004513/derivatives/mri-registration-rp/antsBrainExtraction/sub-s032/BrainExtractionBrain.nii.gz
Dimension = 3
Number of stages = 1
Use histogram matching = false
Winsorize image intensities = true
  Lower quantile = 0.005
  Upper quantile = 0.995


Stage 1 State
   Image metric = MattesMI
     Fixed image = Image (0x4c321e0)
  RTTI typeinfo:   itk::Image<double, 3u>
  Reference Count: 2
  Modified Time: 1578
  Debug: Off
  Object Name: 
  Observers: 
    none
  Source: (none)
  Source output name: (none)
  Release Data: Off
  Data Released: False
  Global Release Data: Off
  PipelineMTime: 0
  UpdateMTime: 1189
  RealTimeStamp: 0 seconds 
  LargestPossibleRegion: 
    Dimension: 3
    Index: [0, 0, 0]
    Size: [193, 229, 193]
  BufferedRegion: 
    Dimension: 3
    Index: [0, 0, 0]
    Size: [193, 229, 193]
  RequestedRegion: 
    Dimension: 3
    Index: [0, 0, 0]
    Size: [193, 229, 193]
  Spacing: [1, 1, 1]
  Origin: [96, 132, -78]
  Direction: 
-1 0 0
0 -1 0
0 0 1

  IndexToPointMatrix: 
-1 0 0
0 -1 0
0 0 1

  PointToIndexMatrix: 
-1 0 0
0 -1 0
0 0 1

  Inverse Direction: 
-1 0 0
0 -1 0
0 0 1

  PixelContainer: 
    ImportImageContainer (0x4cf1680)
      RTTI typeinfo:   itk::ImportImageContainer<unsigned long, double>
      Reference Count: 1
      Modified Time: 1186
      Debug: Off
      Object Name: 
      Observers: 
        none
      Pointer: 0x153cc23db010
      Container manages memory: true
      Size: 8530021
      Capacity: 8530021

     Moving image = Image (0x4cedb20)
  RTTI typeinfo:   itk::Image<double, 3u>
  Reference Count: 2
  Modified Time: 1579
  Debug: Off
  Object Name: 
  Observers: 
    none
  Source: (none)
  Source output name: (none)
  Release Data: Off
  Data Released: False
  Global Release Data: Off
  PipelineMTime: 0
  UpdateMTime: 1576
  RealTimeStamp: 0 seconds 
  LargestPossibleRegion: 
    Dimension: 3
    Index: [0, 0, 0]
    Size: [160, 240, 256]
  BufferedRegion: 
    Dimension: 3
    Index: [0, 0, 0]
    Size: [160, 240, 256]
  RequestedRegion: 
    Dimension: 3
    Index: [0, 0, 0]
    Size: [160, 240, 256]
  Spacing: [1, 1, 1]
  Origin: [73.279, 104.707, -131.187]
  Direction: 
-0.997527 0.0645574 -0.0278053
-0.0645323 -0.997914 -0.00179875
-0.0278634 4.01097e-08 0.999612

  IndexToPointMatrix: 
-0.997527 0.0645574 -0.0278053
-0.0645323 -0.997914 -0.00179875
-0.0278634 4.01097e-08 0.999612

  PointToIndexMatrix: 
-0.997527 -0.0645323 -0.0278634
0.0645574 -0.997914 9.8953e-10
-0.0278053 -0.00179879 0.999612

  Inverse Direction: 
-0.997527 -0.0645323 -0.0278634
0.0645574 -0.997914 9.8953e-10
-0.0278053 -0.00179879 0.999612

  PixelContainer: 
    ImportImageContainer (0x4d56d50)
      RTTI typeinfo:   itk::ImportImageContainer<unsigned long, double>
      Reference Count: 1
      Modified Time: 1573
      Debug: Off
      Object Name: 
      Observers: 
        none
      Pointer: 0x153cbd8da010
      Container manages memory: true
      Size: 9830400
      Capacity: 9830400

     Weighting = 1
     Sampling strategy = regular
     Number of bins = 32
     Radius = 4
     Sampling percentage  = 0.25
   Transform = Rigid
     Gradient step = 0.1
     Update field sigma (voxel space) = 0
     Total field sigma (voxel space) = 0
     Update field time sigma = 0
     Total field time sigma  = 0
     Number of time indices = 0
     Number of time point samples = 0
Registration using 1 total stages.

Stage 0
  iterations = 1000x500x250x100
  convergence threshold = 1e-06
  convergence window size = 10
  number of levels = 4
  using the Mattes MI metric (number of bins = 32, weight = 1, use gradient filter = 0)
  preprocessing:  winsorizing the image intensities
  Shrink factors (level 1 out of 4): [8, 8, 8]
  Shrink factors (level 2 out of 4): [4, 4, 4]
  Shrink factors (level 3 out of 4): [2, 2, 2]
  Shrink factors (level 4 out of 4): [1, 1, 1]
  smoothing sigmas per level: [3, 2, 1, 0]
  regular sampling (percentage = 0.25)

*** Running Euler3DTransform registration ***

DIAGNOSTIC,Iteration,metricValue,convergenceValue,ITERATION_TIME_INDEX,SINCE_LAST
 2DIAGNOSTIC,     1, -5.480496455882e-01, 1.797693134862e+308, 0.0000e+00, 0.0000e+00, 
 2DIAGNOSTIC,     2, -5.506814953107e-01, 1.797693134862e+308, 0.0000e+00, 0.0000e+00, 
 2DIAGNOSTIC,     3, -5.546526224332e-01, 1.797693134862e+308, 0.0000e+00, 0.0000e+00, 
 2DIAGNOSTIC,     4, -5.606886823573e-01, 1.797693134862e+308, 0.0000e+00, 0.0000e+00, 
 2DIAGNOSTIC,     5, -5.693706384958e-01, 1.797693134862e+308, 0.0000e+00, 0.0000e+00, 
 2DIAGNOSTIC,     6, -5.854103313470e-01, 1.797693134862e+308, 0.0000e+00, 0.0000e+00, 
 2DIAGNOSTIC,     7, -6.232904024052e-01, 1.797693134862e+308, 0.0000e+00, 0.0000e+00, 
 2DIAGNOSTIC,     8, -6.297890198905e-01, 1.797693134862e+308, 0.0000e+00, 0.0000e+00, 
 2DIAGNOSTIC,     9, -6.366046637485e-01, 1.797693134862e+308, 0.0000e+00, 0.0000e+00, 
 2DIAGNOSTIC,    10, -6.374071533391e-01, 1.200842730687e-02, 0.0000e+00, 0.0000e+00, 
 2DIAGNOSTIC,    11, -6.403164814011e-01, 1.086030320708e-02, 0.0000e+00, 0.0000e+00, 
 2DIAGNOSTIC,    12, -6.432300215439e-01, 9.142518010459e-03, 0.0000e+00, 0.0000e+00, 
 2DIAGNOSTIC,    13, -6.441053377308e-01, 7.057672266803e-03, 0.0000e+00, 0.0000e+00, 
 2DIAGNOSTIC,    14, -6.456465417245e-01, 4.921846387180e-03, 0.0000e+00, 0.0000e+00, 
 2DIAGNOSTIC,    15, -6.476507350912e-01, 2.976112321854e-03, 0.0000e+00, 0.0000e+00, 
 2DIAGNOSTIC,    16, -6.479306168945e-01, 1.463199865361e-03, 0.0000e+00, 0.0000e+00, 
 2DIAGNOSTIC,    17, -6.488028467660e-01, 1.059087215775e-03, 0.0000e+00, 0.0000e+00, 
 2DIAGNOSTIC,    18, -6.504407022986e-01, 8.098767660078e-04, 0.0000e+00, 0.0000e+00, 
 2DIAGNOSTIC,    19, -6.516479126658e-01, 7.080462756231e-04, 0.0000e+00, 0.0000e+00, 
 2DIAGNOSTIC,    20, -6.527587578079e-01, 5.936877967981e-04, 0.0000e+00, 0.0000e+00, 
 2DIAGNOSTIC,    21, -6.540608242762e-01, 5.264796149462e-04, 0.0000e+00, 0.0000e+00, 
 2DIAGNOSTIC,    22, -6.566957005967e-01, 5.320100543126e-04, 0.0000e+00, 0.0000e+00, 
 2DIAGNOSTIC,    23, -6.572599774643e-01, 5.142068108685e-04, 0.0000e+00, 0.0000e+00, 
 2DIAGNOSTIC,    24, -6.572622678443e-01, 4.786253091800e-04, 0.0000e+00, 0.0000e+00, 
 2DIAGNOSTIC,    25, -6.573463690820e-01, 4.401521612514e-04, 0.0000e+00, 0.0000e+00, 
 2DIAGNOSTIC,    26, -6.578518510907e-01, 3.770039940310e-04, 0.0000e+00, 0.0000e+00, 
 2DIAGNOSTIC,    27, -6.591176411237e-01, 3.178896373496e-04, 0.0000e+00, 0.0000e+00, 
 2DIAGNOSTIC,    28, -6.593647420329e-01, 2.629920605577e-04, 0.0000e+00, 0.0000e+00, 
 2DIAGNOSTIC,    29, -6.595124893115e-01, 2.090585565157e-04, 0.0000e+00, 0.0000e+00, 
 2DIAGNOSTIC,    30, -6.597191308943e-01, 1.593074025789e-04, 0.0000e+00, 0.0000e+00, 
 2DIAGNOSTIC,    31, -6.597553513143e-01, 1.161548857566e-04, 0.0000e+00, 0.0000e+00, 
 2DIAGNOSTIC,    32, -6.597402894930e-01, 1.011692232824e-04, 0.0000e+00, 0.0000e+00, 
 2DIAGNOSTIC,    33, -6.598802254798e-01, 8.726002401503e-05, 0.0000e+00, 0.0000e+00, 
 2DIAGNOSTIC,    34, -6.597978645393e-01, 6.518568669573e-05, 0.0000e+00, 0.0000e+00, 
 2DIAGNOSTIC,    35, -6.597169994546e-01, 3.842395859915e-05, 0.0000e+00, 0.0000e+00, 
 2DIAGNOSTIC,    36, -6.596349523166e-01, 1.454193276177e-05, 0.0000e+00, 0.0000e+00, 
 2DIAGNOSTIC,    37, -6.595591345228e-01, 5.025590337073e-06, 0.0000e+00, 0.0000e+00, 
DIAGNOSTIC,Iteration,metricValue,convergenceValue,ITERATION_TIME_INDEX,SINCE_LAST
 2DIAGNOSTIC,     1, -5.178037658706e-01, 1.797693134862e+308, 0.0000e+00, 0.0000e+00, 
 2DIAGNOSTIC,     2, -5.184970223013e-01, 1.797693134862e+308, 0.0000e+00, 0.0000e+00, 
 2DIAGNOSTIC,     3, -5.193995821219e-01, 1.797693134862e+308, 0.0000e+00, 0.0000e+00, 
 2DIAGNOSTIC,     4, -5.200154902875e-01, 1.797693134862e+308, 0.0000e+00, 0.0000e+00, 
 2DIAGNOSTIC,     5, -5.204204369497e-01, 1.797693134862e+308, 0.0000e+00, 0.0000e+00, 
 2DIAGNOSTIC,     6, -5.210266572148e-01, 1.797693134862e+308, 0.0000e+00, 0.0000e+00, 
 2DIAGNOSTIC,     7, -5.220967354530e-01, 1.797693134862e+308, 0.0000e+00, 0.0000e+00, 
 2DIAGNOSTIC,     8, -5.251983398893e-01, 1.797693134862e+308, 0.0000e+00, 0.0000e+00, 
 2DIAGNOSTIC,     9, -5.292596089287e-01, 1.797693134862e+308, 0.0000e+00, 0.0000e+00, 
 2DIAGNOSTIC,    10, -5.308717287751e-01, 1.505296520286e-03, 0.0000e+00, 0.0000e+00, 
 2DIAGNOSTIC,    11, -5.310376723555e-01, 1.556408227343e-03, 0.0000e+00, 0.0000e+00, 
 2DIAGNOSTIC,    12, -5.311053710948e-01, 1.495824576574e-03, 0.0000e+00, 0.0000e+00, 
 2DIAGNOSTIC,    13, -5.312735771230e-01, 1.352599127579e-03, 0.0000e+00, 0.0000e+00, 
 2DIAGNOSTIC,    14, -5.315520156332e-01, 1.139231748796e-03, 0.0000e+00, 0.0000e+00, 
 2DIAGNOSTIC,    15, -5.318860854296e-01, 8.774849927136e-04, 0.0000e+00, 0.0000e+00, 
 2DIAGNOSTIC,    16, -5.323505293517e-01, 6.067981538712e-04, 0.0000e+00, 0.0000e+00, 
 2DIAGNOSTIC,    17, -5.330939213838e-01, 3.696086461115e-04, 0.0000e+00, 0.0000e+00, 
 2DIAGNOSTIC,    18, -5.339979855280e-01, 2.419569671608e-04, 0.0000e+00, 0.0000e+00, 
 2DIAGNOSTIC,    19, -5.355028979430e-01, 2.619233763970e-04, 0.0000e+00, 0.0000e+00, 
 2DIAGNOSTIC,    20, -5.363693172103e-01, 3.216328803542e-04, 0.0000e+00, 0.0000e+00, 
 2DIAGNOSTIC,    21, -5.369943800768e-01, 3.660504608770e-04, 0.0000e+00, 0.0000e+00, 
 2DIAGNOSTIC,    22, -5.385731131847e-01, 4.126281778060e-04, 0.0000e+00, 0.0000e+00, 
 2DIAGNOSTIC,    23, -5.426268892490e-01, 5.140740350825e-04, 0.0000e+00, 0.0000e+00, 
 2DIAGNOSTIC,    24, -5.447731989075e-01, 6.104811703402e-04, 0.0000e+00, 0.0000e+00, 
 2DIAGNOSTIC,    25, -5.451679247085e-01, 6.574534406647e-04, 0.0000e+00, 0.0000e+00, 
 2DIAGNOSTIC,    26, -5.459996857531e-01, 6.672558415623e-04, 0.0000e+00, 0.0000e+00, 
 2DIAGNOSTIC,    27, -5.463697969490e-01, 6.352434888890e-04, 0.0000e+00, 0.0000e+00, 
 2DIAGNOSTIC,    28, -5.467076098342e-01, 5.676214414981e-04, 0.0000e+00, 0.0000e+00, 
 2DIAGNOSTIC,    29, -5.485700505223e-01, 5.125685570697e-04, 0.0000e+00, 0.0000e+00, 
 2DIAGNOSTIC,    30, -5.492455752022e-01, 4.404660713566e-04, 0.0000e+00, 0.0000e+00, 
 2DIAGNOSTIC,    31, -5.495385652431e-01, 3.478819342260e-04, 0.0000e+00, 0.0000e+00, 
 2DIAGNOSTIC,    32, -5.496674096938e-01, 2.557272574980e-04, 0.0000e+00, 0.0000e+00, 
 2DIAGNOSTIC,    33, -5.499259726362e-01, 2.138764962307e-04, 0.0000e+00, 0.0000e+00, 
 2DIAGNOSTIC,    34, -5.501718786896e-01, 1.912289057167e-04, 0.0000e+00, 0.0000e+00, 
 2DIAGNOSTIC,    35, -5.502843560326e-01, 1.590002696613e-04, 0.0000e+00, 0.0000e+00, 
 2DIAGNOSTIC,    36, -5.504970959963e-01, 1.292628075900e-04, 0.0000e+00, 0.0000e+00, 
 2DIAGNOSTIC,    37, -5.516553460820e-01, 1.111149524314e-04, 0.0000e+00, 0.0000e+00, 
 2DIAGNOSTIC,    38, -5.524576446482e-01, 9.829168142322e-05, 0.0000e+00, 0.0000e+00, 
 2DIAGNOSTIC,    39, -5.525758201334e-01, 1.033920005250e-04, 0.0000e+00, 0.0000e+00, 
 2DIAGNOSTIC,    40, -5.534925283153e-01, 1.197417332929e-04, 0.0000e+00, 0.0000e+00, 
 2DIAGNOSTIC,    41, -5.541946843457e-01, 1.365311016196e-04, 0.0000e+00, 0.0000e+00, 
 2DIAGNOSTIC,    42, -5.550261504396e-01, 1.511922410693e-04, 0.0000e+00, 0.0000e+00, 
 2DIAGNOSTIC,    43, -5.555297174869e-01, 1.598778513211e-04, 0.0000e+00, 0.0000e+00, 
 2DIAGNOSTIC,    44, -5.558771138011e-01, 1.602625454995e-04, 0.0000e+00, 0.0000e+00, 
 2DIAGNOSTIC,    45, -5.565059820775e-01, 1.541968314294e-04, 0.0000e+00, 0.0000e+00, 
 2DIAGNOSTIC,    46, -5.568396549911e-01, 1.394549454952e-04, 0.0000e+00, 0.0000e+00, 
 2DIAGNOSTIC,    47, -5.570311075534e-01, 1.269472611054e-04, 0.0000e+00, 0.0000e+00, 
 2DIAGNOSTIC,    48, -5.572262346569e-01, 1.139768495866e-04, 0.0000e+00, 0.0000e+00, 
 2DIAGNOSTIC,    49, -5.579238361763e-01, 9.931338372423e-05, 0.0000e+00, 0.0000e+00, 
 2DIAGNOSTIC,    50, -5.615220549546e-01, 1.228749919358e-04, 0.0000e+00, 0.0000e+00, 
 2DIAGNOSTIC,    51, -5.641089741239e-01, 1.664209320687e-04, 0.0000e+00, 0.0000e+00, 
 2DIAGNOSTIC,    52, -5.654688605566e-01, 2.141584981001e-04, 0.0000e+00, 0.0000e+00, 
 2DIAGNOSTIC,    53, -5.659181780827e-01, 2.494207884730e-04, 0.0000e+00, 0.0000e+00, 
 2DIAGNOSTIC,    54, -5.664937575247e-01, 2.684767726150e-04, 0.0000e+00, 0.0000e+00, 
 2DIAGNOSTIC,    55, -5.665202931557e-01, 2.667073396285e-04, 0.0000e+00, 0.0000e+00, 
 2DIAGNOSTIC,    56, -5.668410474015e-01, 2.451816828124e-04, 0.0000e+00, 0.0000e+00, 
 2DIAGNOSTIC,    57, -5.671487594339e-01, 2.057766337389e-04, 0.0000e+00, 0.0000e+00, 
 2DIAGNOSTIC,    58, -5.671686341509e-01, 1.504235662937e-04, 0.0000e+00, 0.0000e+00, 
 2DIAGNOSTIC,    59, -5.671444016937e-01, 8.810341750523e-05, 0.0000e+00, 0.0000e+00, 
 2DIAGNOSTIC,    60, -5.671454498014e-01, 5.035301210247e-05, 0.0000e+00, 0.0000e+00, 
 2DIAGNOSTIC,    61, -5.671297251374e-01, 3.077671118376e-05, 0.0000e+00, 0.0000e+00, 
 2DIAGNOSTIC,    62, -5.671133405735e-01, 2.012031913460e-05, 0.0000e+00, 0.0000e+00, 
 2DIAGNOSTIC,    63, -5.670937555815e-01, 1.137711227679e-05, 0.0000e+00, 0.0000e+00, 
 2DIAGNOSTIC,    64, -5.671016608620e-01, 6.679222690677e-06, 0.0000e+00, 0.0000e+00, 
 2DIAGNOSTIC,    65, -5.671142902745e-01, 1.804655493765e-06, 0.0000e+00, 0.0000e+00, 
DIAGNOSTIC,Iteration,metricValue,convergenceValue,ITERATION_TIME_INDEX,SINCE_LAST
 2DIAGNOSTIC,     1, -5.012550381440e-01, 1.797693134862e+308, 0.0000e+00, 0.0000e+00, 
 2DIAGNOSTIC,     2, -5.014644400741e-01, 1.797693134862e+308, 0.0000e+00, 0.0000e+00, 
 2DIAGNOSTIC,     3, -5.016998689372e-01, 1.797693134862e+308, 0.0000e+00, 0.0000e+00, 
 2DIAGNOSTIC,     4, -5.019085810365e-01, 1.797693134862e+308, 0.0000e+00, 0.0000e+00, 
 2DIAGNOSTIC,     5, -5.019554386621e-01, 1.797693134862e+308, 0.0000e+00, 0.0000e+00, 
 2DIAGNOSTIC,     6, -5.020285717423e-01, 1.797693134862e+308, 0.0000e+00, 0.0000e+00, 
 2DIAGNOSTIC,     7, -5.020997758536e-01, 1.797693134862e+308, 0.0000e+00, 0.0000e+00, 
 2DIAGNOSTIC,     8, -5.022584209761e-01, 1.797693134862e+308, 0.0000e+00, 0.0000e+00, 
 2DIAGNOSTIC,     9, -5.023660357087e-01, 1.797693134862e+308, 0.0000e+00, 0.0000e+00, 
 2DIAGNOSTIC,    10, -5.023798919575e-01, 1.394147216568e-04, 0.0000e+00, 0.0000e+00, 
 2DIAGNOSTIC,    11, -5.023810908961e-01, 1.050671888864e-04, 0.0000e+00, 0.0000e+00, 
 2DIAGNOSTIC,    12, -5.023857789821e-01, 7.721551495211e-05, 0.0000e+00, 0.0000e+00, 
 2DIAGNOSTIC,    13, -5.023965663471e-01, 5.731614085398e-05, 0.0000e+00, 0.0000e+00, 
 2DIAGNOSTIC,    14, -5.024030976714e-01, 4.390049317206e-05, 0.0000e+00, 0.0000e+00, 
 2DIAGNOSTIC,    15, -5.024261986305e-01, 3.114183530960e-05, 0.0000e+00, 0.0000e+00, 
 2DIAGNOSTIC,    16, -5.024696632577e-01, 2.148257216414e-05, 0.0000e+00, 0.0000e+00, 
 2DIAGNOSTIC,    17, -5.025257378231e-01, 1.526993084682e-05, 0.0000e+00, 0.0000e+00, 
 2DIAGNOSTIC,    18, -5.025239833036e-01, 1.332321647896e-05, 0.0000e+00, 0.0000e+00, 
 2DIAGNOSTIC,    19, -5.025246489166e-01, 1.376268684185e-05, 0.0000e+00, 0.0000e+00, 
 2DIAGNOSTIC,    20, -5.025322123852e-01, 1.365507085614e-05, 0.0000e+00, 0.0000e+00, 
 2DIAGNOSTIC,    21, -5.025461655768e-01, 1.281081064407e-05, 0.0000e+00, 0.0000e+00, 
 2DIAGNOSTIC,    22, -5.025541484235e-01, 1.128244078812e-05, 0.0000e+00, 0.0000e+00, 
 2DIAGNOSTIC,    23, -5.025537209965e-01, 9.238442000195e-06, 0.0000e+00, 0.0000e+00, 
 2DIAGNOSTIC,    24, -5.025515003166e-01, 6.755687231859e-06, 0.0000e+00, 0.0000e+00, 
 2DIAGNOSTIC,    25, -5.025522264369e-01, 4.487708598962e-06, 0.0000e+00, 0.0000e+00, 
 2DIAGNOSTIC,    26, -5.025501767345e-01, 2.950462046673e-06, 0.0000e+00, 0.0000e+00, 
 2DIAGNOSTIC,    27, -5.025520855191e-01, 2.580246833334e-06, 1.2800e+02, 1.2800e+02, 
 2DIAGNOSTIC,    28, -5.025514771614e-01, 2.060954032476e-06, 1.2800e+02, 0.0000e+00, 
 2DIAGNOSTIC,    29, -5.025482942397e-01, 1.443523043279e-06, 1.2800e+02, 0.0000e+00, 
DIAGNOSTIC,Iteration,metricValue,convergenceValue,ITERATION_TIME_INDEX,SINCE_LAST
 2DIAGNOSTIC,     1, -4.667957550492e-01, 1.797693134862e+308, 1.2800e+02, 0.0000e+00, 
 2DIAGNOSTIC,     2, -4.669530971684e-01, 1.797693134862e+308, 1.2800e+02, 0.0000e+00, 
 2DIAGNOSTIC,     3, -4.670090529071e-01, 1.797693134862e+308, 1.2800e+02, 0.0000e+00, 
 2DIAGNOSTIC,     4, -4.670125676306e-01, 1.797693134862e+308, 1.2800e+02, 0.0000e+00, 
 2DIAGNOSTIC,     5, -4.670249048373e-01, 1.797693134862e+308, 1.2800e+02, 0.0000e+00, 
 2DIAGNOSTIC,     6, -4.670278905917e-01, 1.797693134862e+308, 1.2800e+02, 0.0000e+00, 
 2DIAGNOSTIC,     7, -4.670277955257e-01, 1.797693134862e+308, 1.2800e+02, 0.0000e+00, 
 2DIAGNOSTIC,     8, -4.670278486653e-01, 1.797693134862e+308, 1.2800e+02, 0.0000e+00, 
 2DIAGNOSTIC,     9, -4.670271149414e-01, 1.797693134862e+308, 1.2800e+02, 0.0000e+00, 
 2DIAGNOSTIC,    10, -4.670268748153e-01, 2.244786300315e-05, 1.2800e+02, 0.0000e+00, 
 2DIAGNOSTIC,    11, -4.670269916357e-01, 8.482020499787e-06, 1.2800e+02, 0.0000e+00, 
 2DIAGNOSTIC,    12, -4.670269086234e-01, 4.247798685117e-06, 1.2800e+02, 0.0000e+00, 
 2DIAGNOSTIC,    13, -4.670269439306e-01, 3.146661786760e-06, 1.2800e+02, 0.0000e+00, 
 2DIAGNOSTIC,    14, -4.670268929675e-01, 2.276545053040e-06, 1.2800e+02, 0.0000e+00, 
 2DIAGNOSTIC,    15, -4.670270335023e-01, 2.025100226011e-06, 1.2800e+02, 0.0000e+00, 
 2DIAGNOSTIC,    16, -4.670268731260e-01, 1.920816877971e-06, 1.2800e+02, 0.0000e+00, 
 2DIAGNOSTIC,    17, -4.670266101310e-01, 1.821902423718e-06, 1.2800e+02, 0.0000e+00, 
 2DIAGNOSTIC,    18, -4.670268616524e-01, 1.749779200887e-06, 1.2800e+02, 0.0000e+00, 
 2DIAGNOSTIC,    19, -4.670268589665e-01, 1.663096359988e-06, 2.5600e+02, 1.2800e+02, 
 2DIAGNOSTIC,    20, -4.670268246953e-01, 1.577572171924e-06, 2.5600e+02, 0.0000e+00, 
 2DIAGNOSTIC,    21, -4.670268341848e-01, 1.505358395992e-06, 2.5600e+02, 0.0000e+00, 
 2DIAGNOSTIC,    22, -4.670268490937e-01, 1.438819695068e-06, 2.5600e+02, 0.0000e+00, 
 2DIAGNOSTIC,    23, -4.670268625788e-01, 1.379931009536e-06, 2.5600e+02, 0.0000e+00, 
 2DIAGNOSTIC,    24, -4.670267733493e-01, 1.322409702360e-06, 2.5600e+02, 0.0000e+00, 
 2DIAGNOSTIC,    25, -4.670266936237e-01, 1.271476432294e-06, 2.5600e+02, 0.0000e+00, 
 2DIAGNOSTIC,    26, -4.670267056528e-01, 1.221356726526e-06, 2.5600e+02, 0.0000e+00, 
 2DIAGNOSTIC,    27, -4.670267045230e-01, 1.168951841483e-06, 2.5600e+02, 0.0000e+00, 
 2DIAGNOSTIC,    28, -4.670265883290e-01, 1.124074546666e-06, 2.5600e+02, 0.0000e+00, 
 2DIAGNOSTIC,    29, -4.670266130715e-01, 1.084029116624e-06, 2.5600e+02, 0.0000e+00, 
 2DIAGNOSTIC,    30, -4.670266140860e-01, 1.047190401046e-06, 2.5600e+02, 0.0000e+00, 
 2DIAGNOSTIC,    31, -4.670266113825e-01, 1.014044194746e-06, 2.5600e+02, 0.0000e+00, 
  Elapsed time (stage 0): 2.5600e+02


Total elapsed time: 2.5600e+02
Info [verificarlo]: loaded backend libinterflop_vprec.so
Info [interflop-vprec]: load backend with: 
Info [interflop-vprec]: precision-binary32 = 23
Info [interflop-vprec]: range-binary32 = 8
Info [interflop-vprec]: precision-binary64 = 23
Info [interflop-vprec]: range-binary64 = 8
Info [interflop-vprec]: mode = ob
Info [interflop-vprec]: error-mode = rel
Info [interflop-vprec]: max-abs-error-exponent = -1022
Info [interflop-vprec]: daz = false
Info [interflop-vprec]: ftz = false
Info [interflop-vprec]: 	instrument = none
Info [interflop-vprec]: 	prec-input-file = (null)
Info [interflop-vprec]: 	prec-output-file = (null)
Info [interflop-vprec]: 	prec-log-file = (null)
All_Command_lines_OK
Using double precision for computations.
=============================================================================
The composite transform comprises the following transforms (in order): 
  1. /home/mdugre/scratch/mri-registration-rp/datasets/ds004513/derivatives/mri-registration-rp/0110/antsRegistration-r8-p23/sub-s032/rigid_Composite.h5[0] (type = Euler3DTransform)
  2. /home/mdugre/scratch/mri-registration-rp/datasets/ds004513/derivatives/mri-registration-rp/0110/antsRegistration-r8-p23/sub-s032/rigid_Composite.h5[1] (type = Euler3DTransform)
  3. /home/mdugre/scratch/mri-registration-rp/datasets/ds004513/derivatives/mri-registration-rp/0110/antsRegistration-r8-p23/sub-s032/rigid_Composite.h5[2] (type = Euler3DTransform)
=============================================================================
  number of levels = 4
  fixed image: /templateflow/tpl-MNI152NLin2009cAsym/tpl-MNI152NLin2009cAsym_res-01_desc-brain_T1w.nii.gz
  moving image: /home/mdugre/scratch/mri-registration-rp/datasets/ds004513/derivatives/mri-registration-rp/antsBrainExtraction/sub-s032/BrainExtractionBrain.nii.gz
Dimension = 3
Number of stages = 1
Use histogram matching = false
Winsorize image intensities = true
  Lower quantile = 0.005
  Upper quantile = 0.995


Stage 1 State
   Image metric = MattesMI
     Fixed image = Image (0x49cd490)
  RTTI typeinfo:   itk::Image<double, 3u>
  Reference Count: 2
  Modified Time: 1592
  Debug: Off
  Object Name: 
  Observers: 
    none
  Source: (none)
  Source output name: (none)
  Release Data: Off
  Data Released: False
  Global Release Data: Off
  PipelineMTime: 0
  UpdateMTime: 1203
  RealTimeStamp: 0 seconds 
  LargestPossibleRegion: 
    Dimension: 3
    Index: [0, 0, 0]
    Size: [193, 229, 193]
  BufferedRegion: 
    Dimension: 3
    Index: [0, 0, 0]
    Size: [193, 229, 193]
  RequestedRegion: 
    Dimension: 3
    Index: [0, 0, 0]
    Size: [193, 229, 193]
  Spacing: [1, 1, 1]
  Origin: [96, 132, -78]
  Direction: 
-1 0 0
0 -1 0
0 0 1

  IndexToPointMatrix: 
-1 0 0
0 -1 0
0 0 1

  PointToIndexMatrix: 
-1 0 0
0 -1 0
0 0 1

  Inverse Direction: 
-1 0 0
0 -1 0
0 0 1

  PixelContainer: 
    ImportImageContainer (0x4a98940)
      RTTI typeinfo:   itk::ImportImageContainer<unsigned long, double>
      Reference Count: 1
      Modified Time: 1200
      Debug: Off
      Object Name: 
      Observers: 
        none
      Pointer: 0x14cb078d6010
      Container manages memory: true
      Size: 8530021
      Capacity: 8530021

     Moving image = Image (0x4a88b60)
  RTTI typeinfo:   itk::Image<double, 3u>
  Reference Count: 2
  Modified Time: 1593
  Debug: Off
  Object Name: 
  Observers: 
    none
  Source: (none)
  Source output name: (none)
  Release Data: Off
  Data Released: False
  Global Release Data: Off
  PipelineMTime: 0
  UpdateMTime: 1590
  RealTimeStamp: 0 seconds 
  LargestPossibleRegion: 
    Dimension: 3
    Index: [0, 0, 0]
    Size: [160, 240, 256]
  BufferedRegion: 
    Dimension: 3
    Index: [0, 0, 0]
    Size: [160, 240, 256]
  RequestedRegion: 
    Dimension: 3
    Index: [0, 0, 0]
    Size: [160, 240, 256]
  Spacing: [1, 1, 1]
  Origin: [73.279, 104.707, -131.187]
  Direction: 
-0.997527 0.0645574 -0.0278053
-0.0645323 -0.997914 -0.00179875
-0.0278634 4.01097e-08 0.999612

  IndexToPointMatrix: 
-0.997527 0.0645574 -0.0278053
-0.0645323 -0.997914 -0.00179875
-0.0278634 4.01097e-08 0.999612

  PointToIndexMatrix: 
-0.997527 -0.0645323 -0.0278634
0.0645574 -0.997914 9.8953e-10
-0.0278053 -0.00179879 0.999612

  Inverse Direction: 
-0.997527 -0.0645323 -0.0278634
0.0645574 -0.997914 9.8953e-10
-0.0278053 -0.00179879 0.999612

  PixelContainer: 
    ImportImageContainer (0x4b1c190)
      RTTI typeinfo:   itk::ImportImageContainer<unsigned long, double>
      Reference Count: 1
      Modified Time: 1587
      Debug: Off
      Object Name: 
      Observers: 
        none
      Pointer: 0x14cb02dd5010
      Container manages memory: true
      Size: 9830400
      Capacity: 9830400

     Weighting = 1
     Sampling strategy = regular
     Number of bins = 32
     Radius = 4
     Sampling percentage  = 0.25
   Transform = Affine
     Gradient step = 0.1
     Update field sigma (voxel space) = 0
     Total field sigma (voxel space) = 0
     Update field time sigma = 0
     Total field time sigma  = 0
     Number of time indices = 0
     Number of time point samples = 0
Registration using 1 total stages.

Stage 0
  iterations = 1000x500x250x100
  convergence threshold = 1e-06
  convergence window size = 10
  number of levels = 4
  using the Mattes MI metric (number of bins = 32, weight = 1, use gradient filter = 0)
  preprocessing:  winsorizing the image intensities
  Shrink factors (level 1 out of 4): [8, 8, 8]
  Shrink factors (level 2 out of 4): [4, 4, 4]
  Shrink factors (level 3 out of 4): [2, 2, 2]
  Shrink factors (level 4 out of 4): [1, 1, 1]
  smoothing sigmas per level: [3, 2, 1, 0]
  regular sampling (percentage = 0.25)

*** Running AffineTransform registration ***

DIAGNOSTIC,Iteration,metricValue,convergenceValue,ITERATION_TIME_INDEX,SINCE_LAST
 2DIAGNOSTIC,     1, -6.853790918243e-01, 1.797693134862e+308, 0.0000e+00, 0.0000e+00, 
 2DIAGNOSTIC,     2, -6.873056304515e-01, 1.797693134862e+308, 0.0000e+00, 0.0000e+00, 
 2DIAGNOSTIC,     3, -6.913964786811e-01, 1.797693134862e+308, 0.0000e+00, 0.0000e+00, 
 2DIAGNOSTIC,     4, -7.194263439903e-01, 1.797693134862e+308, 0.0000e+00, 0.0000e+00, 
 2DIAGNOSTIC,     5, -7.224329305679e-01, 1.797693134862e+308, 0.0000e+00, 0.0000e+00, 
 2DIAGNOSTIC,     6, -7.225370575503e-01, 1.797693134862e+308, 0.0000e+00, 0.0000e+00, 
 2DIAGNOSTIC,     7, -7.223869857513e-01, 1.797693134862e+308, 0.0000e+00, 0.0000e+00, 
 2DIAGNOSTIC,     8, -7.226817348941e-01, 1.797693134862e+308, 0.0000e+00, 0.0000e+00, 
 2DIAGNOSTIC,     9, -7.229410555935e-01, 1.797693134862e+308, 0.0000e+00, 0.0000e+00, 
 2DIAGNOSTIC,    10, -7.234795066860e-01, 3.699527828514e-03, 0.0000e+00, 0.0000e+00, 
 2DIAGNOSTIC,    11, -7.241706713921e-01, 2.446771527869e-03, 0.0000e+00, 0.0000e+00, 
 2DIAGNOSTIC,    12, -7.251031222118e-01, 1.290304125592e-03, 0.0000e+00, 0.0000e+00, 
 2DIAGNOSTIC,    13, -7.263944636522e-01, 3.388122711369e-04, 0.0000e+00, 0.0000e+00, 
 2DIAGNOSTIC,    14, -7.280811321422e-01, 3.342933837355e-04, 0.0000e+00, 0.0000e+00, 
 2DIAGNOSTIC,    15, -7.322926744158e-01, 4.899212238809e-04, 0.0000e+00, 0.0000e+00, 
 2DIAGNOSTIC,    16, -7.355745837338e-01, 6.625314681551e-04, 0.0000e+00, 0.0000e+00, 
 2DIAGNOSTIC,    17, -7.372333299694e-01, 7.877900156764e-04, 0.0000e+00, 0.0000e+00, 
 2DIAGNOSTIC,    18, -7.382889939426e-01, 8.566982047459e-04, 0.0000e+00, 0.0000e+00, 
 2DIAGNOSTIC,    19, -7.383065854039e-01, 8.448526730434e-04, 0.0000e+00, 0.0000e+00, 
 2DIAGNOSTIC,    20, -7.383947484401e-01, 7.675391840421e-04, 0.0000e+00, 0.0000e+00, 
 2DIAGNOSTIC,    21, -7.383605446869e-01, 6.379066517020e-04, 0.0000e+00, 0.0000e+00, 
 2DIAGNOSTIC,    22, -7.383274396672e-01, 4.771744638872e-04, 0.0000e+00, 0.0000e+00, 
 2DIAGNOSTIC,    23, -7.383865160884e-01, 3.098359897833e-04, 0.0000e+00, 0.0000e+00, 
 2DIAGNOSTIC,    24, -7.382704006717e-01, 1.524690881542e-04, 0.0000e+00, 0.0000e+00, 
 2DIAGNOSTIC,    25, -7.383079415817e-01, 5.946485681960e-05, 0.0000e+00, 0.0000e+00, 
 2DIAGNOSTIC,    26, -7.384248439687e-01, 1.891288430677e-05, 0.0000e+00, 0.0000e+00, 
 2DIAGNOSTIC,    27, -7.386271728843e-01, 6.243415078780e-06, 0.0000e+00, 0.0000e+00, 
 2DIAGNOSTIC,    28, -7.388481878594e-01, 1.178831241833e-05, 0.0000e+00, 0.0000e+00, 
 2DIAGNOSTIC,    29, -7.395376739279e-01, 2.541622377636e-05, 0.0000e+00, 0.0000e+00, 
 2DIAGNOSTIC,    30, -7.395783397704e-01, 3.733411745285e-05, 0.0000e+00, 0.0000e+00, 
 2DIAGNOSTIC,    31, -7.396776615654e-01, 4.595658451367e-05, 0.0000e+00, 0.0000e+00, 
 2DIAGNOSTIC,    32, -7.397699312691e-01, 5.052004005428e-05, 0.0000e+00, 0.0000e+00, 
 2DIAGNOSTIC,    33, -7.401951488801e-01, 5.580511138650e-05, 0.0000e+00, 0.0000e+00, 
 2DIAGNOSTIC,    34, -7.406541283044e-01, 5.929026249955e-05, 0.0000e+00, 0.0000e+00, 
 2DIAGNOSTIC,    35, -7.411641798356e-01, 6.304329213737e-05, 0.0000e+00, 0.0000e+00, 
 2DIAGNOSTIC,    36, -7.411610278104e-01, 6.195132968835e-05, 0.0000e+00, 0.0000e+00, 
 2DIAGNOSTIC,    37, -7.412192277822e-01, 5.798678544948e-05, 0.0000e+00, 0.0000e+00, 
 2DIAGNOSTIC,    38, -7.412009180634e-01, 5.066437220799e-05, 0.0000e+00, 0.0000e+00, 
 2DIAGNOSTIC,    39, -7.412888362348e-01, 4.664487810518e-05, 0.0000e+00, 0.0000e+00, 
 2DIAGNOSTIC,    40, -7.412505937717e-01, 3.841771239783e-05, 0.0000e+00, 0.0000e+00, 
 2DIAGNOSTIC,    41, -7.412223686576e-01, 2.777575555545e-05, 0.0000e+00, 0.0000e+00, 
 2DIAGNOSTIC,    42, -7.413256163657e-01, 1.690327652651e-05, 0.0000e+00, 0.0000e+00, 
 2DIAGNOSTIC,    43, -7.413030202586e-01, 8.537748195543e-06, 0.0000e+00, 0.0000e+00, 
 2DIAGNOSTIC,    44, -7.415322230809e-01, 5.766883525396e-06, 0.0000e+00, 0.0000e+00, 
 2DIAGNOSTIC,    45, -7.423669101101e-01, 1.420304854128e-05, 0.0000e+00, 0.0000e+00, 
 2DIAGNOSTIC,    46, -7.428468717283e-01, 2.481625137569e-05, 0.0000e+00, 0.0000e+00, 
 2DIAGNOSTIC,    47, -7.428655472355e-01, 3.329374121257e-05, 0.0000e+00, 0.0000e+00, 
 2DIAGNOSTIC,    48, -7.427845257327e-01, 3.760595255687e-05, 0.0000e+00, 0.0000e+00, 
 2DIAGNOSTIC,    49, -7.429097587855e-01, 3.993478524245e-05, 0.0000e+00, 0.0000e+00, 
 2DIAGNOSTIC,    50, -7.430318769711e-01, 3.890556350956e-05, 0.0000e+00, 0.0000e+00, 
 2DIAGNOSTIC,    51, -7.430492470999e-01, 3.405941297590e-05, 0.0000e+00, 0.0000e+00, 
 2DIAGNOSTIC,    52, -7.430652369456e-01, 2.722019297260e-05, 0.0000e+00, 0.0000e+00, 
 2DIAGNOSTIC,    53, -7.430934348466e-01, 1.823250194702e-05, 0.0000e+00, 0.0000e+00, 
 2DIAGNOSTIC,    54, -7.431247241037e-01, 9.611592691926e-06, 0.0000e+00, 0.0000e+00, 
 2DIAGNOSTIC,    55, -7.430436484133e-01, 5.622289002395e-06, 0.0000e+00, 0.0000e+00, 
 2DIAGNOSTIC,    56, -7.429649073001e-01, 4.086491919436e-06, 0.0000e+00, 0.0000e+00, 
 2DIAGNOSTIC,    57, -7.430100675158e-01, 2.749872151889e-06, 0.0000e+00, 0.0000e+00, 
DIAGNOSTIC,Iteration,metricValue,convergenceValue,ITERATION_TIME_INDEX,SINCE_LAST
 2DIAGNOSTIC,     1, -5.965914133213e-01, 1.797693134862e+308, 0.0000e+00, 0.0000e+00, 
 2DIAGNOSTIC,     2, -5.971996116108e-01, 1.797693134862e+308, 0.0000e+00, 0.0000e+00, 
 2DIAGNOSTIC,     3, -5.981173226142e-01, 1.797693134862e+308, 0.0000e+00, 0.0000e+00, 
 2DIAGNOSTIC,     4, -5.993219747656e-01, 1.797693134862e+308, 0.0000e+00, 0.0000e+00, 
 2DIAGNOSTIC,     5, -6.005732913513e-01, 1.797693134862e+308, 0.0000e+00, 0.0000e+00, 
 2DIAGNOSTIC,     6, -6.041814829073e-01, 1.797693134862e+308, 0.0000e+00, 0.0000e+00, 
 2DIAGNOSTIC,     7, -6.066788242793e-01, 1.797693134862e+308, 0.0000e+00, 0.0000e+00, 
 2DIAGNOSTIC,     8, -6.066858923624e-01, 1.797693134862e+308, 0.0000e+00, 0.0000e+00, 
 2DIAGNOSTIC,     9, -6.067353549210e-01, 1.797693134862e+308, 0.0000e+00, 0.0000e+00, 
 2DIAGNOSTIC,    10, -6.067935726282e-01, 1.351801864487e-03, 0.0000e+00, 0.0000e+00, 
 2DIAGNOSTIC,    11, -6.067810146988e-01, 1.101740728657e-03, 0.0000e+00, 0.0000e+00, 
 2DIAGNOSTIC,    12, -6.067813773590e-01, 8.172702243137e-04, 0.0000e+00, 0.0000e+00, 
 2DIAGNOSTIC,    13, -6.067816308963e-01, 5.376672554434e-04, 0.0000e+00, 0.0000e+00, 
 2DIAGNOSTIC,    14, -6.067783336742e-01, 2.916179066936e-04, 0.0000e+00, 0.0000e+00, 
 2DIAGNOSTIC,    15, -6.067640259700e-01, 8.862055390078e-05, 0.0000e+00, 0.0000e+00, 
 2DIAGNOSTIC,    16, -6.067621444834e-01, 7.180747740296e-06, 0.0000e+00, 0.0000e+00, 
 2DIAGNOSTIC,    17, -6.067746480380e-01, 4.375337099988e-06, 0.0000e+00, 0.0000e+00, 
 2DIAGNOSTIC,    18, -6.067764283879e-01, 1.843670702634e-06, 0.0000e+00, 0.0000e+00, 
DIAGNOSTIC,Iteration,metricValue,convergenceValue,ITERATION_TIME_INDEX,SINCE_LAST
 2DIAGNOSTIC,     1, -5.413531172100e-01, 1.797693134862e+308, 0.0000e+00, 0.0000e+00, 
 2DIAGNOSTIC,     2, -5.417442972955e-01, 1.797693134862e+308, 0.0000e+00, 0.0000e+00, 
 2DIAGNOSTIC,     3, -5.421842206525e-01, 1.797693134862e+308, 0.0000e+00, 0.0000e+00, 
 2DIAGNOSTIC,     4, -5.427218871733e-01, 1.797693134862e+308, 0.0000e+00, 0.0000e+00, 
 2DIAGNOSTIC,     5, -5.434299079431e-01, 1.797693134862e+308, 0.0000e+00, 0.0000e+00, 
 2DIAGNOSTIC,     6, -5.445986674125e-01, 1.797693134862e+308, 0.0000e+00, 0.0000e+00, 
 2DIAGNOSTIC,     7, -5.449506906927e-01, 1.797693134862e+308, 0.0000e+00, 0.0000e+00, 
 2DIAGNOSTIC,     8, -5.449996871382e-01, 1.797693134862e+308, 0.0000e+00, 0.0000e+00, 
 2DIAGNOSTIC,     9, -5.451389815914e-01, 1.797693134862e+308, 0.0000e+00, 0.0000e+00, 
 2DIAGNOSTIC,    10, -5.451942832791e-01, 5.268795743148e-04, 0.0000e+00, 0.0000e+00, 
 2DIAGNOSTIC,    11, -5.452158421645e-01, 4.110084033060e-04, 0.0000e+00, 0.0000e+00, 
 2DIAGNOSTIC,    12, -5.452169893042e-01, 2.948742434236e-04, 0.0000e+00, 0.0000e+00, 
 2DIAGNOSTIC,    13, -5.452182497534e-01, 1.884250518060e-04, 0.0000e+00, 0.0000e+00, 
 2DIAGNOSTIC,    14, -5.452167034267e-01, 1.002216759686e-04, 0.0000e+00, 0.0000e+00, 
 2DIAGNOSTIC,    15, -5.452142386224e-01, 3.838577274547e-05, 0.0000e+00, 0.0000e+00, 
 2DIAGNOSTIC,    16, -5.452100774378e-01, 1.872778636873e-05, 0.0000e+00, 0.0000e+00, 
