
##########################
# Experiment information #
##########################

EXPERIMENT_NAME: antsRegistration-r8-p22
VFC_BACKENDS: libinterflop_vprec.so --range-binary32=8 --precision-binary32=22 --range-binary64=8 --precision-binary64=22

SIF_IMG: /home/mdugre/projects/rrg-glatard/mdugre/containers/ants-vprec-no_metrics.simg

SUBJECT_ID: s037
INPUT_IMG: /home/mdugre/scratch/mri-registration-rp/datasets/ds004513/derivatives/mri-registration-rp/antsBrainExtraction/sub-s037/BrainExtractionBrain.nii.gz
OUTPUT_DIR: /home/mdugre/scratch/mri-registration-rp/datasets/ds004513/derivatives/mri-registration-rp/0110/antsRegistration-r8-p22/sub-s037

FIXED_IMG: /templateflow/tpl-MNI152NLin2009cAsym/tpl-MNI152NLin2009cAsym_res-01_desc-brain_T1w.nii.gz
DATA_DIR: /home/mdugre/scratch/mri-registration-rp/datasets/ds004513
TEMPLATEFLOW_DIR: /home/mdugre/projects/rrg-glatard/mdugre/templateflow
ITK_GLOBAL_DEFAULT_NUMBER_OF_THREADS: 16
##########################

Info [verificarlo]: loaded backend libinterflop_ieee.so
Info [interflop-ieee]: load backend with:
Info [interflop-ieee]: debug = false
Info [interflop-ieee]: debug-binary = false
Info [interflop-ieee]: no-backend-name = false
Info [interflop-ieee]: print-new-line = false
Info [interflop-ieee]: print-subnormal-normalized = false
Info [interflop-ieee]: count-op = false
All_Command_lines_OK
Using double precision for computations.
=============================================================================
The composite transform comprises the following transforms (in order): 
  1. Center of mass alignment using fixed image: /templateflow/tpl-MNI152NLin2009cAsym/tpl-MNI152NLin2009cAsym_res-01_desc-brain_T1w.nii.gz and moving image: /home/mdugre/scratch/mri-registration-rp/datasets/ds004513/derivatives/mri-registration-rp/antsBrainExtraction/sub-s037/BrainExtractionBrain.nii.gz (type = Euler3DTransform)
=============================================================================
  number of levels = 1
  fixed image: /templateflow/tpl-MNI152NLin2009cAsym/tpl-MNI152NLin2009cAsym_res-01_desc-brain_T1w.nii.gz
  moving image: /home/mdugre/scratch/mri-registration-rp/datasets/ds004513/derivatives/mri-registration-rp/antsBrainExtraction/sub-s037/BrainExtractionBrain.nii.gz
Dimension = 3
Number of stages = 1
Use histogram matching = false
Winsorize image intensities = true
  Lower quantile = 0.005
  Upper quantile = 0.995


Stage 1 State
   Image metric = MattesMI
     Fixed image = Image (0x4767e70)
  RTTI typeinfo:   itk::Image<double, 3u>
  Reference Count: 2
  Modified Time: 2330
  Debug: Off
  Object Name: 
  Observers: 
    none
  Source: (none)
  Source output name: (none)
  Release Data: Off
  Data Released: False
  Global Release Data: Off
  PipelineMTime: 0
  UpdateMTime: 1941
  RealTimeStamp: 0 seconds 
  LargestPossibleRegion: 
    Dimension: 3
    Index: [0, 0, 0]
    Size: [193, 229, 193]
  BufferedRegion: 
    Dimension: 3
    Index: [0, 0, 0]
    Size: [193, 229, 193]
  RequestedRegion: 
    Dimension: 3
    Index: [0, 0, 0]
    Size: [193, 229, 193]
  Spacing: [1, 1, 1]
  Origin: [96, 132, -78]
  Direction: 
-1 0 0
0 -1 0
0 0 1

  IndexToPointMatrix: 
-1 0 0
0 -1 0
0 0 1

  PointToIndexMatrix: 
-1 0 0
0 -1 0
0 0 1

  Inverse Direction: 
-1 0 0
0 -1 0
0 0 1

  PixelContainer: 
    ImportImageContainer (0x4770c60)
      RTTI typeinfo:   itk::ImportImageContainer<unsigned long, double>
      Reference Count: 1
      Modified Time: 1938
      Debug: Off
      Object Name: 
      Observers: 
        none
      Pointer: 0x149aaf503010
      Container manages memory: true
      Size: 8530021
      Capacity: 8530021

     Moving image = Image (0x4804ec0)
  RTTI typeinfo:   itk::Image<double, 3u>
  Reference Count: 2
  Modified Time: 2331
  Debug: Off
  Object Name: 
  Observers: 
    none
  Source: (none)
  Source output name: (none)
  Release Data: Off
  Data Released: False
  Global Release Data: Off
  PipelineMTime: 0
  UpdateMTime: 2328
  RealTimeStamp: 0 seconds 
  LargestPossibleRegion: 
    Dimension: 3
    Index: [0, 0, 0]
    Size: [160, 240, 256]
  BufferedRegion: 
    Dimension: 3
    Index: [0, 0, 0]
    Size: [160, 240, 256]
  RequestedRegion: 
    Dimension: 3
    Index: [0, 0, 0]
    Size: [160, 240, 256]
  Spacing: [1, 1, 1]
  Origin: [87.9508, 102.562, -147.639]
  Direction: 
-0.998659 -0.0436121 -0.0279129
0.043595 -0.999049 0.00121847
-0.0279395 -2.65543e-08 0.99961

  IndexToPointMatrix: 
-0.998659 -0.0436121 -0.0279129
0.043595 -0.999049 0.00121847
-0.0279395 -2.65543e-08 0.99961

  PointToIndexMatrix: 
-0.998659 0.043595 -0.0279395
-0.0436121 -0.999049 -2.65517e-08
-0.0279129 0.00121847 0.99961

  Inverse Direction: 
-0.998659 0.043595 -0.0279395
-0.0436121 -0.999049 -2.65517e-08
-0.0279129 0.00121847 0.99961

  PixelContainer: 
    ImportImageContainer (0x489c610)
      RTTI typeinfo:   itk::ImportImageContainer<unsigned long, double>
      Reference Count: 1
      Modified Time: 2325
      Debug: Off
      Object Name: 
      Observers: 
        none
      Pointer: 0x149aaaa02010
      Container manages memory: true
      Size: 9830400
      Capacity: 9830400

     Weighting = 1
     Sampling strategy = regular
     Number of bins = 32
     Radius = 4
     Sampling percentage  = 0.25
   Transform = Rigid
     Gradient step = 0.1
     Update field sigma (voxel space) = 0
     Total field sigma (voxel space) = 0
     Update field time sigma = 0
     Total field time sigma  = 0
     Number of time indices = 0
     Number of time point samples = 0
Registration using 1 total stages.

Stage 0
  iterations = 0
  convergence threshold = 1e-06
  convergence window size = 10
  number of levels = 1
  using the Mattes MI metric (number of bins = 32, weight = 1, use gradient filter = 0)
  preprocessing:  winsorizing the image intensities
  Shrink factors (level 1 out of 1): [1, 1, 1]
  smoothing sigmas per level: [0]
  regular sampling (percentage = 0.25)

*** Running Euler3DTransform registration ***

  Elapsed time (stage 0): 1.09741


Total elapsed time: 1.09959
Info [verificarlo]: loaded backend libinterflop_vprec.so
Info [interflop-vprec]: load backend with: 
Info [interflop-vprec]: precision-binary32 = 22
Info [interflop-vprec]: range-binary32 = 8
Info [interflop-vprec]: precision-binary64 = 22
Info [interflop-vprec]: range-binary64 = 8
Info [interflop-vprec]: mode = ob
Info [interflop-vprec]: error-mode = rel
Info [interflop-vprec]: max-abs-error-exponent = -1022
Info [interflop-vprec]: daz = false
Info [interflop-vprec]: ftz = false
Info [interflop-vprec]: 	instrument = none
Info [interflop-vprec]: 	prec-input-file = (null)
Info [interflop-vprec]: 	prec-output-file = (null)
Info [interflop-vprec]: 	prec-log-file = (null)
All_Command_lines_OK
Using double precision for computations.
=============================================================================
The composite transform comprises the following transforms (in order): 
  1. /home/mdugre/scratch/mri-registration-rp/datasets/ds004513/derivatives/mri-registration-rp/0110/antsRegistration-r8-p22/sub-s037/align_Composite.h5[0] (type = Euler3DTransform)
  2. /home/mdugre/scratch/mri-registration-rp/datasets/ds004513/derivatives/mri-registration-rp/0110/antsRegistration-r8-p22/sub-s037/align_Composite.h5[1] (type = Euler3DTransform)
=============================================================================
  number of levels = 4
  fixed image: /templateflow/tpl-MNI152NLin2009cAsym/tpl-MNI152NLin2009cAsym_res-01_desc-brain_T1w.nii.gz
  moving image: /home/mdugre/scratch/mri-registration-rp/datasets/ds004513/derivatives/mri-registration-rp/antsBrainExtraction/sub-s037/BrainExtractionBrain.nii.gz
Dimension = 3
Number of stages = 1
Use histogram matching = false
Winsorize image intensities = true
  Lower quantile = 0.005
  Upper quantile = 0.995


Stage 1 State
   Image metric = MattesMI
     Fixed image = Image (0x48a91e0)
  RTTI typeinfo:   itk::Image<double, 3u>
  Reference Count: 2
  Modified Time: 1578
  Debug: Off
  Object Name: 
  Observers: 
    none
  Source: (none)
  Source output name: (none)
  Release Data: Off
  Data Released: False
  Global Release Data: Off
  PipelineMTime: 0
  UpdateMTime: 1189
  RealTimeStamp: 0 seconds 
  LargestPossibleRegion: 
    Dimension: 3
    Index: [0, 0, 0]
    Size: [193, 229, 193]
  BufferedRegion: 
    Dimension: 3
    Index: [0, 0, 0]
    Size: [193, 229, 193]
  RequestedRegion: 
    Dimension: 3
    Index: [0, 0, 0]
    Size: [193, 229, 193]
  Spacing: [1, 1, 1]
  Origin: [96, 132, -78]
  Direction: 
-1 0 0
0 -1 0
0 0 1

  IndexToPointMatrix: 
-1 0 0
0 -1 0
0 0 1

  PointToIndexMatrix: 
-1 0 0
0 -1 0
0 0 1

  Inverse Direction: 
-1 0 0
0 -1 0
0 0 1

  PixelContainer: 
    ImportImageContainer (0x4968680)
      RTTI typeinfo:   itk::ImportImageContainer<unsigned long, double>
      Reference Count: 1
      Modified Time: 1186
      Debug: Off
      Object Name: 
      Observers: 
        none
      Pointer: 0x146eb8e0b010
      Container manages memory: true
      Size: 8530021
      Capacity: 8530021

     Moving image = Image (0x4964b20)
  RTTI typeinfo:   itk::Image<double, 3u>
  Reference Count: 2
  Modified Time: 1579
  Debug: Off
  Object Name: 
  Observers: 
    none
  Source: (none)
  Source output name: (none)
  Release Data: Off
  Data Released: False
  Global Release Data: Off
  PipelineMTime: 0
  UpdateMTime: 1576
  RealTimeStamp: 0 seconds 
  LargestPossibleRegion: 
    Dimension: 3
    Index: [0, 0, 0]
    Size: [160, 240, 256]
  BufferedRegion: 
    Dimension: 3
    Index: [0, 0, 0]
    Size: [160, 240, 256]
  RequestedRegion: 
    Dimension: 3
    Index: [0, 0, 0]
    Size: [160, 240, 256]
  Spacing: [1, 1, 1]
  Origin: [87.9508, 102.562, -147.639]
  Direction: 
-0.998659 -0.043612 -0.0279129
0.043595 -0.999048 0.00121847
-0.0279395 -2.65543e-08 0.99961

  IndexToPointMatrix: 
-0.998659 -0.043612 -0.0279129
0.043595 -0.999048 0.00121847
-0.0279395 -2.65543e-08 0.99961

  PointToIndexMatrix: 
-0.998659 0.043595 -0.0279395
-0.0436121 -0.999049 9.67412e-08
-0.0279129 0.00121848 0.99961

  Inverse Direction: 
-0.998659 0.043595 -0.0279395
-0.0436121 -0.999049 9.67412e-08
-0.0279129 0.00121848 0.99961

  PixelContainer: 
    ImportImageContainer (0x49cdd50)
      RTTI typeinfo:   itk::ImportImageContainer<unsigned long, double>
      Reference Count: 1
      Modified Time: 1573
      Debug: Off
      Object Name: 
      Observers: 
        none
      Pointer: 0x146eb430a010
      Container manages memory: true
      Size: 9830400
      Capacity: 9830400

     Weighting = 1
     Sampling strategy = regular
     Number of bins = 32
     Radius = 4
     Sampling percentage  = 0.25
   Transform = Rigid
     Gradient step = 0.1
     Update field sigma (voxel space) = 0
     Total field sigma (voxel space) = 0
     Update field time sigma = 0
     Total field time sigma  = 0
     Number of time indices = 0
     Number of time point samples = 0
Registration using 1 total stages.

Stage 0
  iterations = 1000x500x250x100
  convergence threshold = 1e-06
  convergence window size = 10
  number of levels = 4
  using the Mattes MI metric (number of bins = 32, weight = 1, use gradient filter = 0)
  preprocessing:  winsorizing the image intensities
  Shrink factors (level 1 out of 4): [8, 8, 8]
  Shrink factors (level 2 out of 4): [4, 4, 4]
  Shrink factors (level 3 out of 4): [2, 2, 2]
  Shrink factors (level 4 out of 4): [1, 1, 1]
  smoothing sigmas per level: [3, 2, 1, 0]
  regular sampling (percentage = 0.25)

*** Running Euler3DTransform registration ***

DIAGNOSTIC,Iteration,metricValue,convergenceValue,ITERATION_TIME_INDEX,SINCE_LAST
 2DIAGNOSTIC,     1, -4.299058371654e-01, 1.797693134862e+308, 0.0000e+00, 0.0000e+00, 
 2DIAGNOSTIC,     2, -4.311700753188e-01, 1.797693134862e+308, 0.0000e+00, 0.0000e+00, 
 2DIAGNOSTIC,     3, -4.334993439619e-01, 1.797693134862e+308, 0.0000e+00, 0.0000e+00, 
 2DIAGNOSTIC,     4, -4.389557007971e-01, 1.797693134862e+308, 0.0000e+00, 0.0000e+00, 
 2DIAGNOSTIC,     5, -4.438793245826e-01, 1.797693134862e+308, 0.0000e+00, 0.0000e+00, 
 2DIAGNOSTIC,     6, -4.461470997979e-01, 1.797693134862e+308, 0.0000e+00, 0.0000e+00, 
 2DIAGNOSTIC,     7, -4.511391370437e-01, 1.797693134862e+308, 0.0000e+00, 0.0000e+00, 
 2DIAGNOSTIC,     8, -4.667720383262e-01, 1.797693134862e+308, 0.0000e+00, 0.0000e+00, 
 2DIAGNOSTIC,     9, -4.752745995250e-01, 1.797693134862e+308, 0.0000e+00, 0.0000e+00, 
 2DIAGNOSTIC,    10, -4.802767988030e-01, 7.481290874270e-03, 0.0000e+00, 0.0000e+00, 
 2DIAGNOSTIC,    11, -4.820572269119e-01, 7.352876179664e-03, 0.0000e+00, 0.0000e+00, 
 2DIAGNOSTIC,    12, -4.825907687548e-01, 6.688506381305e-03, 0.0000e+00, 0.0000e+00, 
 2DIAGNOSTIC,    13, -4.874608677135e-01, 5.856836569733e-03, 0.0000e+00, 0.0000e+00, 
 2DIAGNOSTIC,    14, -4.911618992219e-01, 5.007554153976e-03, 0.0000e+00, 0.0000e+00, 
 2DIAGNOSTIC,    15, -4.965936707016e-01, 4.248640350215e-03, 0.0000e+00, 0.0000e+00, 
 2DIAGNOSTIC,    16, -5.027379624896e-01, 3.526104545477e-03, 0.0000e+00, 0.0000e+00, 
 2DIAGNOSTIC,    17, -5.096348071608e-01, 2.982529751116e-03, 0.0000e+00, 0.0000e+00, 
 2DIAGNOSTIC,    18, -5.135482780172e-01, 2.876229015845e-03, 0.0000e+00, 0.0000e+00, 
 2DIAGNOSTIC,    19, -5.204153746602e-01, 2.996824302138e-03, 0.0000e+00, 0.0000e+00, 
 2DIAGNOSTIC,    20, -5.217998028022e-01, 3.013942524321e-03, 0.0000e+00, 0.0000e+00, 
 2DIAGNOSTIC,    21, -5.226521084888e-01, 2.826075007637e-03, 0.0000e+00, 0.0000e+00, 
 2DIAGNOSTIC,    22, -5.250165581795e-01, 2.470227696296e-03, 0.0000e+00, 0.0000e+00, 
 2DIAGNOSTIC,    23, -5.333614449728e-01, 2.253034368230e-03, 0.0000e+00, 0.0000e+00, 
 2DIAGNOSTIC,    24, -5.323509855842e-01, 1.904267027707e-03, 0.0000e+00, 0.0000e+00, 
 2DIAGNOSTIC,    25, -5.382404724519e-01, 1.674100243247e-03, 0.0000e+00, 0.0000e+00, 
 2DIAGNOSTIC,    26, -5.431916783899e-01, 1.552065343661e-03, 0.0000e+00, 0.0000e+00, 
 2DIAGNOSTIC,    27, -5.433853940268e-01, 1.443113139184e-03, 0.0000e+00, 0.0000e+00, 
 2DIAGNOSTIC,    28, -5.440008364625e-01, 1.297240086407e-03, 0.0000e+00, 0.0000e+00, 
 2DIAGNOSTIC,    29, -5.447866821007e-01, 1.192943866363e-03, 0.0000e+00, 0.0000e+00, 
 2DIAGNOSTIC,    30, -5.451269983509e-01, 1.017180715513e-03, 0.0000e+00, 0.0000e+00, 
 2DIAGNOSTIC,    31, -5.453618593126e-01, 7.765171201870e-04, 0.0000e+00, 0.0000e+00, 
 2DIAGNOSTIC,    32, -5.457811939520e-01, 5.255553945711e-04, 0.0000e+00, 0.0000e+00, 
 2DIAGNOSTIC,    33, -5.470245394337e-01, 4.093665638358e-04, 0.0000e+00, 0.0000e+00, 
 2DIAGNOSTIC,    34, -5.471181613590e-01, 2.442038667032e-04, 0.0000e+00, 0.0000e+00, 
 2DIAGNOSTIC,    35, -5.475286816570e-01, 1.659932269315e-04, 0.0000e+00, 0.0000e+00, 
 2DIAGNOSTIC,    36, -5.501178512148e-01, 1.951165023609e-04, 0.0000e+00, 0.0000e+00, 
 2DIAGNOSTIC,    37, -5.529324841507e-01, 2.484938045455e-04, 0.0000e+00, 0.0000e+00, 
 2DIAGNOSTIC,    38, -5.534895507203e-01, 2.913932852473e-04, 0.0000e+00, 0.0000e+00, 
 2DIAGNOSTIC,    39, -5.549328939956e-01, 3.369663997067e-04, 0.0000e+00, 0.0000e+00, 
 2DIAGNOSTIC,    40, -5.557499300761e-01, 3.643861366171e-04, 0.0000e+00, 0.0000e+00, 
 2DIAGNOSTIC,    41, -5.561039882417e-01, 3.630708016974e-04, 0.0000e+00, 0.0000e+00, 
 2DIAGNOSTIC,    42, -5.564822409473e-01, 3.370063786498e-04, 0.0000e+00, 0.0000e+00, 
 2DIAGNOSTIC,    43, -5.571573827546e-01, 3.052595561940e-04, 0.0000e+00, 0.0000e+00, 
 2DIAGNOSTIC,    44, -5.574323828239e-01, 2.510005746344e-04, 0.0000e+00, 0.0000e+00, 
 2DIAGNOSTIC,    45, -5.600019896378e-01, 2.114541533182e-04, 0.0000e+00, 0.0000e+00, 
 2DIAGNOSTIC,    46, -5.615776763448e-01, 2.020932873884e-04, 0.0000e+00, 0.0000e+00, 
 2DIAGNOSTIC,    47, -5.618801593552e-01, 2.103396214201e-04, 0.0000e+00, 0.0000e+00, 
 2DIAGNOSTIC,    48, -5.622221068162e-01, 2.085971439648e-04, 0.0000e+00, 0.0000e+00, 
 2DIAGNOSTIC,    49, -5.624292882421e-01, 2.053902665649e-04, 0.0000e+00, 0.0000e+00, 
 2DIAGNOSTIC,    50, -5.625632767750e-01, 1.926820545020e-04, 0.0000e+00, 0.0000e+00, 
 2DIAGNOSTIC,    51, -5.653823856031e-01, 1.957565837263e-04, 0.0000e+00, 0.0000e+00, 
 2DIAGNOSTIC,    52, -5.660993301285e-01, 1.908460174973e-04, 0.0000e+00, 0.0000e+00, 
 2DIAGNOSTIC,    53, -5.676215297310e-01, 1.910533577356e-04, 0.0000e+00, 0.0000e+00, 
 2DIAGNOSTIC,    54, -5.697308613059e-01, 1.965386582558e-04, 0.0000e+00, 0.0000e+00, 
 2DIAGNOSTIC,    55, -5.699939236128e-01, 2.101742508623e-04, 0.0000e+00, 0.0000e+00, 
 2DIAGNOSTIC,    56, -5.701200661128e-01, 2.195519476833e-04, 0.0000e+00, 0.0000e+00, 
 2DIAGNOSTIC,    57, -5.707023643008e-01, 2.159591965784e-04, 0.0000e+00, 0.0000e+00, 
 2DIAGNOSTIC,    58, -5.736120609310e-01, 2.220309328232e-04, 0.0000e+00, 0.0000e+00, 
 2DIAGNOSTIC,    59, -5.745347522277e-01, 2.162548766071e-04, 0.0000e+00, 0.0000e+00, 
 2DIAGNOSTIC,    60, -5.746453128913e-01, 1.917910455927e-04, 0.0000e+00, 0.0000e+00, 
 2DIAGNOSTIC,    61, -5.754200413933e-01, 1.822180959595e-04, 0.0000e+00, 0.0000e+00, 
 2DIAGNOSTIC,    62, -5.761157600271e-01, 1.673953917254e-04, 0.0000e+00, 0.0000e+00, 
 2DIAGNOSTIC,    63, -5.768763351113e-01, 1.554536028971e-04, 0.0000e+00, 0.0000e+00, 
 2DIAGNOSTIC,    64, -5.775691126645e-01, 1.522517462911e-04, 0.0000e+00, 0.0000e+00, 
 2DIAGNOSTIC,    65, -5.784842041095e-01, 1.446054717673e-04, 0.0000e+00, 0.0000e+00, 
 2DIAGNOSTIC,    66, -5.789404986859e-01, 1.281553596361e-04, 0.0000e+00, 0.0000e+00, 
 2DIAGNOSTIC,    67, -5.792697675441e-01, 1.065815906190e-04, 0.0000e+00, 0.0000e+00, 
 2DIAGNOSTIC,    68, -5.798499672069e-01, 1.026566022998e-04, 0.0000e+00, 0.0000e+00, 
 2DIAGNOSTIC,    69, -5.814808322468e-01, 1.086500586608e-04, 0.0000e+00, 0.0000e+00, 
 2DIAGNOSTIC,    70, -5.816846644992e-01, 1.060066080326e-04, 0.0000e+00, 0.0000e+00, 
 2DIAGNOSTIC,    71, -5.823943269155e-01, 1.044529655283e-04, 0.0000e+00, 0.0000e+00, 
 2DIAGNOSTIC,    72, -5.824763197665e-01, 9.865732701164e-05, 0.0000e+00, 0.0000e+00, 
 2DIAGNOSTIC,    73, -5.824840277800e-01, 8.907640888270e-05, 0.0000e+00, 0.0000e+00, 
 2DIAGNOSTIC,    74, -5.826887086194e-01, 7.740613525112e-05, 0.0000e+00, 0.0000e+00, 
 2DIAGNOSTIC,    75, -5.828012202947e-01, 6.577359999808e-05, 0.0000e+00, 0.0000e+00, 
 2DIAGNOSTIC,    76, -5.828186611131e-01, 5.153411576618e-05, 0.0000e+00, 0.0000e+00, 
 2DIAGNOSTIC,    77, -5.828968723371e-01, 3.559958429426e-05, 0.0000e+00, 0.0000e+00, 
 2DIAGNOSTIC,    78, -5.829095914210e-01, 2.048501192466e-05, 0.0000e+00, 0.0000e+00, 
 2DIAGNOSTIC,    79, -5.829170561838e-01, 1.475849881258e-05, 0.0000e+00, 0.0000e+00, 
 2DIAGNOSTIC,    80, -5.829254579847e-01, 9.060940313806e-06, 0.0000e+00, 0.0000e+00, 
 2DIAGNOSTIC,    81, -5.829421306457e-01, 7.387511588927e-06, 0.0000e+00, 0.0000e+00, 
 2DIAGNOSTIC,    82, -5.829049542255e-01, 5.387408771800e-06, 0.0000e+00, 0.0000e+00, 
 2DIAGNOSTIC,    83, -5.829205968268e-01, 3.085239629634e-06, 0.0000e+00, 0.0000e+00, 
 2DIAGNOSTIC,    84, -5.829203670292e-01, 1.841316488740e-06, 0.0000e+00, 0.0000e+00, 
DIAGNOSTIC,Iteration,metricValue,convergenceValue,ITERATION_TIME_INDEX,SINCE_LAST
 2DIAGNOSTIC,     1, -4.745559779989e-01, 1.797693134862e+308, 0.0000e+00, 0.0000e+00, 
 2DIAGNOSTIC,     2, -4.753697432790e-01, 1.797693134862e+308, 0.0000e+00, 0.0000e+00, 
 2DIAGNOSTIC,     3, -4.765214082897e-01, 1.797693134862e+308, 0.0000e+00, 0.0000e+00, 
 2DIAGNOSTIC,     4, -4.778605137765e-01, 1.797693134862e+308, 0.0000e+00, 0.0000e+00, 
 2DIAGNOSTIC,     5, -4.792470081176e-01, 1.797693134862e+308, 0.0000e+00, 0.0000e+00, 
 2DIAGNOSTIC,     6, -4.800358489704e-01, 1.797693134862e+308, 0.0000e+00, 0.0000e+00, 
 2DIAGNOSTIC,     7, -4.809500382302e-01, 1.797693134862e+308, 0.0000e+00, 0.0000e+00, 
 2DIAGNOSTIC,     8, -4.811987418249e-01, 1.797693134862e+308, 0.0000e+00, 0.0000e+00, 
 2DIAGNOSTIC,     9, -4.817259927728e-01, 1.797693134862e+308, 0.0000e+00, 0.0000e+00, 
 2DIAGNOSTIC,    10, -4.821264823986e-01, 1.070093832728e-03, 0.0000e+00, 0.0000e+00, 
 2DIAGNOSTIC,    11, -4.822126148352e-01, 8.393675192092e-04, 0.0000e+00, 0.0000e+00, 
 2DIAGNOSTIC,    12, -4.823147548286e-01, 6.174492425302e-04, 0.0000e+00, 0.0000e+00, 
 2DIAGNOSTIC,    13, -4.824501924258e-01, 4.323898816146e-04, 0.0000e+00, 0.0000e+00, 
 2DIAGNOSTIC,    14, -4.824918521628e-01, 2.920947413800e-04, 0.0000e+00, 0.0000e+00, 
 2DIAGNOSTIC,    15, -4.825957899543e-01, 2.023944592168e-04, 0.0000e+00, 0.0000e+00, 
 2DIAGNOSTIC,    16, -4.829220007260e-01, 1.461627625931e-04, 0.0000e+00, 0.0000e+00, 
 2DIAGNOSTIC,    17, -4.864277247044e-01, 2.368626742707e-04, 0.0000e+00, 0.0000e+00, 
 2DIAGNOSTIC,    18, -4.885914193260e-01, 3.712857035412e-04, 0.0000e+00, 0.0000e+00, 
 2DIAGNOSTIC,    19, -4.889347040626e-01, 4.833960681236e-04, 0.0000e+00, 0.0000e+00, 
 2DIAGNOSTIC,    20, -4.891519815873e-01, 5.597088044568e-04, 0.0000e+00, 0.0000e+00, 
 2DIAGNOSTIC,    21, -4.896403431064e-01, 5.931675753568e-04, 0.0000e+00, 0.0000e+00, 
 2DIAGNOSTIC,    22, -4.897342584221e-01, 5.715485921481e-04, 0.0000e+00, 0.0000e+00, 
 2DIAGNOSTIC,    23, -4.898499223825e-01, 5.039578605448e-04, 0.0000e+00, 0.0000e+00, 
 2DIAGNOSTIC,    24, -4.899457381150e-01, 3.995667787420e-04, 0.0000e+00, 0.0000e+00, 
 2DIAGNOSTIC,    25, -4.901088262066e-01, 2.739886800494e-04, 0.0000e+00, 0.0000e+00, 
 2DIAGNOSTIC,    26, -4.903175433278e-01, 1.428430584462e-04, 0.0000e+00, 0.0000e+00, 
 2DIAGNOSTIC,    27, -4.905873512477e-01, 8.900092961928e-05, 0.0000e+00, 0.0000e+00, 
 2DIAGNOSTIC,    28, -4.906175449614e-01, 7.667097438648e-05, 0.0000e+00, 0.0000e+00, 
 2DIAGNOSTIC,    29, -4.906689636192e-01, 6.614464295092e-05, 0.0000e+00, 0.0000e+00, 
 2DIAGNOSTIC,    30, -4.907209728988e-01, 5.521885610865e-05, 0.0000e+00, 0.0000e+00, 
 2DIAGNOSTIC,    31, -4.907485063648e-01, 4.953833040369e-05, 0.0000e+00, 0.0000e+00, 
 2DIAGNOSTIC,    32, -4.908710902353e-01, 4.350843126919e-05, 0.0000e+00, 0.0000e+00, 
 2DIAGNOSTIC,    33, -4.909140698781e-01, 3.660860479119e-05, 0.0000e+00, 0.0000e+00, 
 2DIAGNOSTIC,    34, -4.911594933404e-01, 3.264355029959e-05, 0.0000e+00, 0.0000e+00, 
 2DIAGNOSTIC,    35, -4.911058995025e-01, 2.759551697857e-05, 0.0000e+00, 0.0000e+00, 
 2DIAGNOSTIC,    36, -4.912201041005e-01, 2.550316497607e-05, 0.0000e+00, 0.0000e+00, 
 2DIAGNOSTIC,    37, -4.912904863516e-01, 2.653574831030e-05, 0.0000e+00, 0.0000e+00, 
 2DIAGNOSTIC,    38, -4.913005936436e-01, 2.562776925964e-05, 0.0000e+00, 0.0000e+00, 
 2DIAGNOSTIC,    39, -4.912945684315e-01, 2.307340161315e-05, 0.0000e+00, 0.0000e+00, 
 2DIAGNOSTIC,    40, -4.912996169917e-01, 1.939509091203e-05, 0.0000e+00, 0.0000e+00, 
 2DIAGNOSTIC,    41, -4.912876625624e-01, 1.433142126411e-05, 0.0000e+00, 0.0000e+00, 
 2DIAGNOSTIC,    42, -4.912944498924e-01, 1.001029322715e-05, 0.0000e+00, 0.0000e+00, 
 2DIAGNOSTIC,    43, -4.912902635929e-01, 5.447591278216e-06, 0.0000e+00, 0.0000e+00, 
 2DIAGNOSTIC,    44, -4.913025649685e-01, 4.119644999984e-06, 0.0000e+00, 0.0000e+00, 
 2DIAGNOSTIC,    45, -4.913174822498e-01, 1.991875419070e-06, 0.0000e+00, 0.0000e+00, 
 2DIAGNOSTIC,    46, -4.913229647334e-01, 1.325962405579e-06, 0.0000e+00, 0.0000e+00, 
 2DIAGNOSTIC,    47, -4.913584551238e-01, 1.941540957666e-06, 0.0000e+00, 0.0000e+00, 
 2DIAGNOSTIC,    48, -4.913669606001e-01, 2.628716092485e-06, 0.0000e+00, 0.0000e+00, 
 2DIAGNOSTIC,    49, -4.913854572598e-01, 3.246346885092e-06, 0.0000e+00, 0.0000e+00, 
 2DIAGNOSTIC,    50, -4.915036361078e-01, 5.030151976157e-06, 0.0000e+00, 0.0000e+00, 
 2DIAGNOSTIC,    51, -4.916233653543e-01, 7.516515501186e-06, 0.0000e+00, 0.0000e+00, 
 2DIAGNOSTIC,    52, -4.916517239156e-01, 9.619129743267e-06, 0.0000e+00, 0.0000e+00, 
 2DIAGNOSTIC,    53, -4.917122077380e-01, 1.142039415242e-05, 0.0000e+00, 0.0000e+00, 
 2DIAGNOSTIC,    54, -4.919078739903e-01, 1.436059997066e-05, 0.0000e+00, 0.0000e+00, 
 2DIAGNOSTIC,    55, -4.918305015915e-01, 1.514035098541e-05, 0.0000e+00, 0.0000e+00, 
 2DIAGNOSTIC,    56, -4.918997558258e-01, 1.529588683098e-05, 0.0000e+00, 0.0000e+00, 
 2DIAGNOSTIC,    57, -4.918932500324e-01, 1.433791215741e-05, 0.0000e+00, 0.0000e+00, 
 2DIAGNOSTIC,    58, -4.919244055220e-01, 1.249489599805e-05, 0.0000e+00, 0.0000e+00, 
 2DIAGNOSTIC,    59, -4.919304672323e-01, 9.764041930857e-06, 0.0000e+00, 0.0000e+00, 
 2DIAGNOSTIC,    60, -4.919334684589e-01, 7.397717387201e-06, 0.0000e+00, 0.0000e+00, 
 2DIAGNOSTIC,    61, -4.919355591712e-01, 5.638316402528e-06, 0.0000e+00, 0.0000e+00, 
 2DIAGNOSTIC,    62, -4.919317254730e-01, 3.666545350063e-06, 0.0000e+00, 0.0000e+00, 
 2DIAGNOSTIC,    63, -4.919740819040e-01, 2.351665480571e-06, 0.0000e+00, 0.0000e+00, 
 2DIAGNOSTIC,    64, -4.921091817120e-01, 3.922365423271e-06, 0.0000e+00, 0.0000e+00, 
 2DIAGNOSTIC,    65, -4.926525845962e-01, 9.241792464226e-06, 0.0000e+00, 0.0000e+00, 
 2DIAGNOSTIC,    66, -4.928640654034e-01, 1.591979537076e-05, 0.0000e+00, 0.0000e+00, 
 2DIAGNOSTIC,    67, -4.928950217804e-01, 2.113780463753e-05, 0.0000e+00, 0.0000e+00, 
 2DIAGNOSTIC,    68, -4.929061023155e-01, 2.465019639711e-05, 0.0000e+00, 0.0000e+00, 
 2DIAGNOSTIC,    69, -4.928972692963e-01, 2.569670717104e-05, 0.0000e+00, 0.0000e+00, 
 2DIAGNOSTIC,    70, -4.929049241673e-01, 2.429431060936e-05, 0.0000e+00, 0.0000e+00, 
 2DIAGNOSTIC,    71, -4.929078588357e-01, 2.064947992920e-05, 0.0000e+00, 0.0000e+00, 
 2DIAGNOSTIC,    72, -4.929029215272e-01, 1.515073009713e-05, 0.0000e+00, 0.0000e+00, 
 2DIAGNOSTIC,    73, -4.928994998795e-01, 8.744407425286e-06, 0.0000e+00, 0.0000e+00, 
 2DIAGNOSTIC,    74, -4.929066477631e-01, 2.731573602569e-06, 0.0000e+00, 0.0000e+00, 
DIAGNOSTIC,Iteration,metricValue,convergenceValue,ITERATION_TIME_INDEX,SINCE_LAST
 2DIAGNOSTIC,     1, -4.336747855619e-01, 1.797693134862e+308, 0.0000e+00, 0.0000e+00, 
 2DIAGNOSTIC,     2, -4.339020865267e-01, 1.797693134862e+308, 2.5600e+02, 2.5600e+02, 
 2DIAGNOSTIC,     3, -4.340946797670e-01, 1.797693134862e+308, 2.5600e+02, 0.0000e+00, 
 2DIAGNOSTIC,     4, -4.341882721877e-01, 1.797693134862e+308, 2.5600e+02, 0.0000e+00, 
 2DIAGNOSTIC,     5, -4.343222585551e-01, 1.797693134862e+308, 2.5600e+02, 0.0000e+00, 
 2DIAGNOSTIC,     6, -4.344619736799e-01, 1.797693134862e+308, 2.5600e+02, 0.0000e+00, 
 2DIAGNOSTIC,     7, -4.345262514748e-01, 1.797693134862e+308, 2.5600e+02, 0.0000e+00, 
 2DIAGNOSTIC,     8, -4.346377047457e-01, 1.797693134862e+308, 2.5600e+02, 0.0000e+00, 
 2DIAGNOSTIC,     9, -4.349327029930e-01, 1.797693134862e+308, 2.5600e+02, 0.0000e+00, 
 2DIAGNOSTIC,    10, -4.354512161591e-01, 2.150720339900e-04, 2.5600e+02, 0.0000e+00, 
 2DIAGNOSTIC,    11, -4.354571626274e-01, 2.062905294873e-04, 2.5600e+02, 0.0000e+00, 
 2DIAGNOSTIC,    12, -4.354545743360e-01, 1.933497501710e-04, 2.5600e+02, 0.0000e+00, 
 2DIAGNOSTIC,    13, -4.354564614997e-01, 1.753003067589e-04, 2.5600e+02, 0.0000e+00, 
 2DIAGNOSTIC,    14, -4.354607774507e-01, 1.483135319038e-04, 2.5600e+02, 0.0000e+00, 
 2DIAGNOSTIC,    15, -4.354621761413e-01, 1.170014387456e-04, 2.5600e+02, 0.0000e+00, 
 2DIAGNOSTIC,    16, -4.354611211097e-01, 8.483471855254e-05, 2.5600e+02, 0.0000e+00, 
 2DIAGNOSTIC,    17, -4.354637558239e-01, 5.174792343676e-05, 2.5600e+02, 0.0000e+00, 
 2DIAGNOSTIC,    18, -4.354641031013e-01, 2.171379089488e-05, 2.5600e+02, 0.0000e+00, 
 2DIAGNOSTIC,    19, -4.354628732323e-01, 2.587523227647e-06, 2.5600e+02, 0.0000e+00, 
 2DIAGNOSTIC,    20, -4.354622865138e-01, 2.209086605962e-06, 2.5600e+02, 0.0000e+00, 
 2DIAGNOSTIC,    21, -4.354616646401e-01, 1.980243432044e-06, 2.5600e+02, 0.0000e+00, 
 2DIAGNOSTIC,    22, -4.354617156128e-01, 1.652436892347e-06, 2.5600e+02, 0.0000e+00, 
 2DIAGNOSTIC,    23, -4.354612965710e-01, 1.371102295387e-06, 2.5600e+02, 0.0000e+00, 
 2DIAGNOSTIC,    24, -4.354614446417e-01, 1.236180132723e-06, 2.5600e+02, 0.0000e+00, 
 2DIAGNOSTIC,    25, -4.354614619723e-01, 1.159350787233e-06, 2.5600e+02, 0.0000e+00, 
 2DIAGNOSTIC,    26, -4.354615278763e-01, 1.072010061547e-06, 2.5600e+02, 0.0000e+00, 
 2DIAGNOSTIC,    27, -4.354608378542e-01, 1.051636523419e-06, 2.5600e+02, 0.0000e+00, 
 2DIAGNOSTIC,    28, -4.354610549919e-01, 1.058787361022e-06, 2.5600e+02, 0.0000e+00, 
 2DIAGNOSTIC,    29, -4.354610902314e-01, 1.045652554356e-06, 2.5600e+02, 0.0000e+00, 
 2DIAGNOSTIC,    30, -4.354611491859e-01, 1.026680974660e-06, 2.5600e+02, 0.0000e+00, 
 2DIAGNOSTIC,    31, -4.354612026921e-01, 1.000049358373e-06, 2.5600e+02, 0.0000e+00, 
DIAGNOSTIC,Iteration,metricValue,convergenceValue,ITERATION_TIME_INDEX,SINCE_LAST
 2DIAGNOSTIC,     1, -4.021149055781e-01, 1.797693134862e+308, 2.5600e+02, 0.0000e+00, 
 2DIAGNOSTIC,     2, -4.021877066984e-01, 1.797693134862e+308, 2.5600e+02, 0.0000e+00, 
 2DIAGNOSTIC,     3, -4.023165276463e-01, 1.797693134862e+308, 2.5600e+02, 0.0000e+00, 
 2DIAGNOSTIC,     4, -4.023616908707e-01, 1.797693134862e+308, 2.5600e+02, 0.0000e+00, 
 2DIAGNOSTIC,     5, -4.023655196674e-01, 1.797693134862e+308, 2.5600e+02, 0.0000e+00, 
 2DIAGNOSTIC,     6, -4.023653533037e-01, 1.797693134862e+308, 2.5600e+02, 0.0000e+00, 
 2DIAGNOSTIC,     7, -4.023654664985e-01, 1.797693134862e+308, 2.5600e+02, 0.0000e+00, 
 2DIAGNOSTIC,     8, -4.023652975305e-01, 1.797693134862e+308, 2.5600e+02, 0.0000e+00, 
 2DIAGNOSTIC,     9, -4.023653073305e-01, 1.797693134862e+308, 2.5600e+02, 0.0000e+00, 
 2DIAGNOSTIC,    10, -4.023652727052e-01, 3.436429609320e-05, 2.5600e+02, 0.0000e+00, 
 2DIAGNOSTIC,    11, -4.023651911068e-01, 1.717758797004e-05, 2.5600e+02, 0.0000e+00, 
 2DIAGNOSTIC,    12, -4.023651644734e-01, 5.676739125049e-06, 2.5600e+02, 0.0000e+00, 
 2DIAGNOSTIC,    13, -4.023651534807e-01, 2.603370032536e-06, 2.5600e+02, 0.0000e+00, 
 2DIAGNOSTIC,    14, -4.023651385520e-01, 2.227032564764e-06, 2.5600e+02, 0.0000e+00, 
 2DIAGNOSTIC,    15, -4.023651381785e-01, 2.085156829340e-06, 2.5600e+02, 0.0000e+00, 
 2DIAGNOSTIC,    16, -4.023651384150e-01, 1.956460834437e-06, 2.5600e+02, 0.0000e+00, 
 2DIAGNOSTIC,    17, -4.023651382518e-01, 1.850433829255e-06, 2.5600e+02, 0.0000e+00, 
 2DIAGNOSTIC,    18, -4.023651382755e-01, 1.751133715623e-06, 2.5600e+02, 0.0000e+00, 
 2DIAGNOSTIC,    19, -4.023651024817e-01, 1.662545807572e-06, 2.5600e+02, 0.0000e+00, 
 2DIAGNOSTIC,    20, -4.023651023171e-01, 1.582527308738e-06, 2.5600e+02, 0.0000e+00, 
 2DIAGNOSTIC,    21, -4.023651024729e-01, 1.507894936019e-06, 2.5600e+02, 0.0000e+00, 
 2DIAGNOSTIC,    22, -4.023651024729e-01, 1.439592384321e-06, 2.5600e+02, 0.0000e+00, 
 2DIAGNOSTIC,    23, -4.023651024246e-01, 1.377281582879e-06, 2.5600e+02, 0.0000e+00, 
 2DIAGNOSTIC,    24, -4.023651024246e-01, 1.320074216375e-06, 2.5600e+02, 0.0000e+00, 
 2DIAGNOSTIC,    25, -4.023651024402e-01, 1.267738561725e-06, 2.5600e+02, 0.0000e+00, 
 2DIAGNOSTIC,    26, -4.023651024402e-01, 1.219665143153e-06, 2.5600e+02, 0.0000e+00, 
 2DIAGNOSTIC,    27, -4.023651023696e-01, 1.175307094474e-06, 2.5600e+02, 0.0000e+00, 
 2DIAGNOSTIC,    28, -4.023651023696e-01, 1.134232755814e-06, 2.5600e+02, 0.0000e+00, 
 2DIAGNOSTIC,    29, -4.023651026960e-01, 1.095127728654e-06, 2.5600e+02, 0.0000e+00, 
 2DIAGNOSTIC,    30, -4.023651026960e-01, 1.058625033461e-06, 2.5600e+02, 0.0000e+00, 
 2DIAGNOSTIC,    31, -4.023651065857e-01, 1.024568913370e-06, 2.5600e+02, 0.0000e+00, 
  Elapsed time (stage 0): 2.5600e+02


Total elapsed time: 2.5600e+02
Info [verificarlo]: loaded backend libinterflop_vprec.so
Info [interflop-vprec]: load backend with: 
Info [interflop-vprec]: precision-binary32 = 22
Info [interflop-vprec]: range-binary32 = 8
Info [interflop-vprec]: precision-binary64 = 22
Info [interflop-vprec]: range-binary64 = 8
Info [interflop-vprec]: mode = ob
Info [interflop-vprec]: error-mode = rel
Info [interflop-vprec]: max-abs-error-exponent = -1022
Info [interflop-vprec]: daz = false
Info [interflop-vprec]: ftz = false
Info [interflop-vprec]: 	instrument = none
Info [interflop-vprec]: 	prec-input-file = (null)
Info [interflop-vprec]: 	prec-output-file = (null)
Info [interflop-vprec]: 	prec-log-file = (null)
All_Command_lines_OK
Using double precision for computations.
=============================================================================
The composite transform comprises the following transforms (in order): 
  1. /home/mdugre/scratch/mri-registration-rp/datasets/ds004513/derivatives/mri-registration-rp/0110/antsRegistration-r8-p22/sub-s037/rigid_Composite.h5[0] (type = Euler3DTransform)
  2. /home/mdugre/scratch/mri-registration-rp/datasets/ds004513/derivatives/mri-registration-rp/0110/antsRegistration-r8-p22/sub-s037/rigid_Composite.h5[1] (type = Euler3DTransform)
  3. /home/mdugre/scratch/mri-registration-rp/datasets/ds004513/derivatives/mri-registration-rp/0110/antsRegistration-r8-p22/sub-s037/rigid_Composite.h5[2] (type = Euler3DTransform)
=============================================================================
  number of levels = 4
  fixed image: /templateflow/tpl-MNI152NLin2009cAsym/tpl-MNI152NLin2009cAsym_res-01_desc-brain_T1w.nii.gz
  moving image: /home/mdugre/scratch/mri-registration-rp/datasets/ds004513/derivatives/mri-registration-rp/antsBrainExtraction/sub-s037/BrainExtractionBrain.nii.gz
Dimension = 3
Number of stages = 1
Use histogram matching = false
Winsorize image intensities = true
  Lower quantile = 0.005
  Upper quantile = 0.995


Stage 1 State
   Image metric = MattesMI
     Fixed image = Image (0x38ca490)
  RTTI typeinfo:   itk::Image<double, 3u>
  Reference Count: 2
  Modified Time: 1592
  Debug: Off
  Object Name: 
  Observers: 
    none
  Source: (none)
  Source output name: (none)
  Release Data: Off
  Data Released: False
  Global Release Data: Off
  PipelineMTime: 0
  UpdateMTime: 1203
  RealTimeStamp: 0 seconds 
  LargestPossibleRegion: 
    Dimension: 3
    Index: [0, 0, 0]
    Size: [193, 229, 193]
  BufferedRegion: 
    Dimension: 3
    Index: [0, 0, 0]
    Size: [193, 229, 193]
  RequestedRegion: 
    Dimension: 3
    Index: [0, 0, 0]
    Size: [193, 229, 193]
  Spacing: [1, 1, 1]
  Origin: [96, 132, -78]
  Direction: 
-1 0 0
0 -1 0
0 0 1

  IndexToPointMatrix: 
-1 0 0
0 -1 0
0 0 1

  PointToIndexMatrix: 
-1 0 0
0 -1 0
0 0 1

  Inverse Direction: 
-1 0 0
0 -1 0
0 0 1

  PixelContainer: 
    ImportImageContainer (0x3982fa0)
      RTTI typeinfo:   itk::ImportImageContainer<unsigned long, double>
      Reference Count: 1
      Modified Time: 1200
      Debug: Off
      Object Name: 
      Observers: 
        none
      Pointer: 0x14960c78f010
      Container manages memory: true
      Size: 8530021
      Capacity: 8530021

     Moving image = Image (0x3985d20)
  RTTI typeinfo:   itk::Image<double, 3u>
  Reference Count: 2
  Modified Time: 1593
  Debug: Off
  Object Name: 
  Observers: 
    none
  Source: (none)
  Source output name: (none)
  Release Data: Off
  Data Released: False
  Global Release Data: Off
  PipelineMTime: 0
  UpdateMTime: 1590
  RealTimeStamp: 0 seconds 
  LargestPossibleRegion: 
    Dimension: 3
    Index: [0, 0, 0]
    Size: [160, 240, 256]
  BufferedRegion: 
    Dimension: 3
    Index: [0, 0, 0]
    Size: [160, 240, 256]
  RequestedRegion: 
    Dimension: 3
    Index: [0, 0, 0]
    Size: [160, 240, 256]
  Spacing: [1, 1, 1]
  Origin: [87.9508, 102.562, -147.639]
  Direction: 
-0.998659 -0.043612 -0.0279129
0.043595 -0.999048 0.00121847
-0.0279395 -2.65543e-08 0.99961

  IndexToPointMatrix: 
-0.998659 -0.043612 -0.0279129
0.043595 -0.999048 0.00121847
-0.0279395 -2.65543e-08 0.99961

  PointToIndexMatrix: 
-0.998659 0.043595 -0.0279395
-0.0436121 -0.999049 9.67412e-08
-0.0279129 0.00121848 0.99961

  Inverse Direction: 
-0.998659 0.043595 -0.0279395
-0.0436121 -0.999049 9.67412e-08
-0.0279129 0.00121848 0.99961

  PixelContainer: 
    ImportImageContainer (0x3a41390)
      RTTI typeinfo:   itk::ImportImageContainer<unsigned long, double>
      Reference Count: 1
      Modified Time: 1587
      Debug: Off
      Object Name: 
      Observers: 
        none
      Pointer: 0x149607c8e010
      Container manages memory: true
      Size: 9830400
      Capacity: 9830400

     Weighting = 1
     Sampling strategy = regular
     Number of bins = 32
     Radius = 4
     Sampling percentage  = 0.25
   Transform = Affine
     Gradient step = 0.1
     Update field sigma (voxel space) = 0
     Total field sigma (voxel space) = 0
     Update field time sigma = 0
     Total field time sigma  = 0
     Number of time indices = 0
     Number of time point samples = 0
Registration using 1 total stages.

Stage 0
  iterations = 1000x500x250x100
  convergence threshold = 1e-06
  convergence window size = 10
  number of levels = 4
  using the Mattes MI metric (number of bins = 32, weight = 1, use gradient filter = 0)
  preprocessing:  winsorizing the image intensities
  Shrink factors (level 1 out of 4): [8, 8, 8]
  Shrink factors (level 2 out of 4): [4, 4, 4]
  Shrink factors (level 3 out of 4): [2, 2, 2]
  Shrink factors (level 4 out of 4): [1, 1, 1]
  smoothing sigmas per level: [3, 2, 1, 0]
  regular sampling (percentage = 0.25)

*** Running AffineTransform registration ***

DIAGNOSTIC,Iteration,metricValue,convergenceValue,ITERATION_TIME_INDEX,SINCE_LAST
 2DIAGNOSTIC,     1, -5.831853916760e-01, 1.797693134862e+308, 2.5600e+02, 2.5600e+02, 
 2DIAGNOSTIC,     2, -5.848008343578e-01, 1.797693134862e+308, 2.5600e+02, 0.0000e+00, 
 2DIAGNOSTIC,     3, -5.878406113039e-01, 1.797693134862e+308, 2.5600e+02, 0.0000e+00, 
 2DIAGNOSTIC,     4, -5.927991465834e-01, 1.797693134862e+308, 2.5600e+02, 0.0000e+00, 
 2DIAGNOSTIC,     5, -6.029286586254e-01, 1.797693134862e+308, 2.5600e+02, 0.0000e+00, 
 2DIAGNOSTIC,     6, -6.198436730470e-01, 1.797693134862e+308, 2.5600e+02, 0.0000e+00, 
 2DIAGNOSTIC,     7, -6.395693144220e-01, 1.797693134862e+308, 2.5600e+02, 0.0000e+00, 
 2DIAGNOSTIC,     8, -6.959825248378e-01, 1.797693134862e+308, 2.5600e+02, 0.0000e+00, 
 2DIAGNOSTIC,     9, -7.103904332406e-01, 1.797693134862e+308, 2.5600e+02, 0.0000e+00, 
 2DIAGNOSTIC,    10, -7.141348321996e-01, 1.532030052570e-02, 2.5600e+02, 0.0000e+00, 
 2DIAGNOSTIC,    11, -7.203726473343e-01, 1.512318678485e-02, 2.5600e+02, 0.0000e+00, 
 2DIAGNOSTIC,    12, -7.205266660904e-01, 1.367164926063e-02, 2.5600e+02, 0.0000e+00, 
 2DIAGNOSTIC,    13, -7.206056437832e-01, 1.132392297970e-02, 2.5600e+02, 0.0000e+00, 
 2DIAGNOSTIC,    14, -7.206458716589e-01, 8.472718267515e-03, 2.5600e+02, 0.0000e+00, 
 2DIAGNOSTIC,    15, -7.206030332712e-01, 5.570640094211e-03, 2.5600e+02, 0.0000e+00, 
 2DIAGNOSTIC,    16, -7.205326432891e-01, 3.008819671032e-03, 2.5600e+02, 0.0000e+00, 
 2DIAGNOSTIC,    17, -7.204411491693e-01, 9.514730020294e-04, 2.5600e+02, 0.0000e+00, 
 2DIAGNOSTIC,    18, -7.205198712201e-01, 3.729690687163e-04, 2.5600e+02, 0.0000e+00, 
 2DIAGNOSTIC,    19, -7.204849974135e-01, 1.432133131177e-04, 2.5600e+02, 0.0000e+00, 
DIAGNOSTIC,Iteration,metricValue,convergenceValue,ITERATION_TIME_INDEX,SINCE_LAST
 2DIAGNOSTIC,     1, -5.938082406383e-01, 1.797693134862e+308, 2.5600e+02, 0.0000e+00, 
 2DIAGNOSTIC,     2, -5.943545874208e-01, 1.797693134862e+308, 2.5600e+02, 0.0000e+00, 
 2DIAGNOSTIC,     3, -5.952676331623e-01, 1.797693134862e+308, 2.5600e+02, 0.0000e+00, 
 2DIAGNOSTIC,     4, -5.964624050820e-01, 1.797693134862e+308, 2.5600e+02, 0.0000e+00, 
 2DIAGNOSTIC,     5, -5.980398393843e-01, 1.797693134862e+308, 2.5600e+02, 0.0000e+00, 
 2DIAGNOSTIC,     6, -5.993001808497e-01, 1.797693134862e+308, 2.5600e+02, 0.0000e+00, 
 2DIAGNOSTIC,     7, -5.995299369934e-01, 1.797693134862e+308, 2.5600e+02, 0.0000e+00, 
 2DIAGNOSTIC,     8, -5.998685458308e-01, 1.797693134862e+308, 2.5600e+02, 0.0000e+00, 
 2DIAGNOSTIC,     9, -6.001396138874e-01, 1.797693134862e+308, 2.5600e+02, 0.0000e+00, 
 2DIAGNOSTIC,    10, -6.002027609596e-01, 7.791620641877e-04, 2.5600e+02, 0.0000e+00, 
 2DIAGNOSTIC,    11, -6.003008954637e-01, 5.962287822829e-04, 2.5600e+02, 0.0000e+00, 
 2DIAGNOSTIC,    12, -6.004077097524e-01, 4.168236233452e-04, 2.5600e+02, 0.0000e+00, 
 2DIAGNOSTIC,    13, -6.005170648588e-01, 2.649713522314e-04, 2.5600e+02, 0.0000e+00, 
 2DIAGNOSTIC,    14, -6.007832431843e-01, 1.594923266481e-04, 2.5600e+02, 0.0000e+00, 
 2DIAGNOSTIC,    15, -6.015086410057e-01, 1.255483647186e-04, 2.5600e+02, 0.0000e+00, 
