
##########################
# Experiment information #
##########################

EXPERIMENT_NAME: antsRegistration-r7-p7
VFC_BACKENDS: libinterflop_vprec.so --range-binary32=7 --precision-binary32=7 --range-binary64=7 --precision-binary64=7

SIF_IMG: /home/mdugre/projects/rrg-glatard/mdugre/containers/ants-vprec-no_metrics.simg

SUBJECT_ID: s037
INPUT_IMG: /home/mdugre/scratch/mri-registration-rp/datasets/ds004513/derivatives/mri-registration-rp/antsBrainExtraction/sub-s037/BrainExtractionBrain.nii.gz
OUTPUT_DIR: /home/mdugre/scratch/mri-registration-rp/datasets/ds004513/derivatives/mri-registration-rp/0110/antsRegistration-r7-p7/sub-s037

FIXED_IMG: /templateflow/tpl-MNI152NLin2009cAsym/tpl-MNI152NLin2009cAsym_res-01_desc-brain_T1w.nii.gz
DATA_DIR: /home/mdugre/scratch/mri-registration-rp/datasets/ds004513
TEMPLATEFLOW_DIR: /home/mdugre/projects/rrg-glatard/mdugre/templateflow
ITK_GLOBAL_DEFAULT_NUMBER_OF_THREADS: 16
##########################

Info [verificarlo]: loaded backend libinterflop_ieee.so
Info [interflop-ieee]: load backend with:
Info [interflop-ieee]: debug = false
Info [interflop-ieee]: debug-binary = false
Info [interflop-ieee]: no-backend-name = false
Info [interflop-ieee]: print-new-line = false
Info [interflop-ieee]: print-subnormal-normalized = false
Info [interflop-ieee]: count-op = false
All_Command_lines_OK
Using double precision for computations.
=============================================================================
The composite transform comprises the following transforms (in order): 
  1. Center of mass alignment using fixed image: /templateflow/tpl-MNI152NLin2009cAsym/tpl-MNI152NLin2009cAsym_res-01_desc-brain_T1w.nii.gz and moving image: /home/mdugre/scratch/mri-registration-rp/datasets/ds004513/derivatives/mri-registration-rp/antsBrainExtraction/sub-s037/BrainExtractionBrain.nii.gz (type = Euler3DTransform)
=============================================================================
  number of levels = 1
  fixed image: /templateflow/tpl-MNI152NLin2009cAsym/tpl-MNI152NLin2009cAsym_res-01_desc-brain_T1w.nii.gz
  moving image: /home/mdugre/scratch/mri-registration-rp/datasets/ds004513/derivatives/mri-registration-rp/antsBrainExtraction/sub-s037/BrainExtractionBrain.nii.gz
Dimension = 3
Number of stages = 1
Use histogram matching = false
Winsorize image intensities = true
  Lower quantile = 0.005
  Upper quantile = 0.995


Stage 1 State
   Image metric = MattesMI
     Fixed image = Image (0x46e7bd0)
  RTTI typeinfo:   itk::Image<double, 3u>
  Reference Count: 2
  Modified Time: 2330
  Debug: Off
  Object Name: 
  Observers: 
    none
  Source: (none)
  Source output name: (none)
  Release Data: Off
  Data Released: False
  Global Release Data: Off
  PipelineMTime: 0
  UpdateMTime: 1941
  RealTimeStamp: 0 seconds 
  LargestPossibleRegion: 
    Dimension: 3
    Index: [0, 0, 0]
    Size: [193, 229, 193]
  BufferedRegion: 
    Dimension: 3
    Index: [0, 0, 0]
    Size: [193, 229, 193]
  RequestedRegion: 
    Dimension: 3
    Index: [0, 0, 0]
    Size: [193, 229, 193]
  Spacing: [1, 1, 1]
  Origin: [96, 132, -78]
  Direction: 
-1 0 0
0 -1 0
0 0 1

  IndexToPointMatrix: 
-1 0 0
0 -1 0
0 0 1

  PointToIndexMatrix: 
-1 0 0
0 -1 0
0 0 1

  Inverse Direction: 
-1 0 0
0 -1 0
0 0 1

  PixelContainer: 
    ImportImageContainer (0x46f09e0)
      RTTI typeinfo:   itk::ImportImageContainer<unsigned long, double>
      Reference Count: 1
      Modified Time: 1938
      Debug: Off
      Object Name: 
      Observers: 
        none
      Pointer: 0x152eccdb8010
      Container manages memory: true
      Size: 8530021
      Capacity: 8530021

     Moving image = Image (0x46f1d40)
  RTTI typeinfo:   itk::Image<double, 3u>
  Reference Count: 2
  Modified Time: 2331
  Debug: Off
  Object Name: 
  Observers: 
    none
  Source: (none)
  Source output name: (none)
  Release Data: Off
  Data Released: False
  Global Release Data: Off
  PipelineMTime: 0
  UpdateMTime: 2328
  RealTimeStamp: 0 seconds 
  LargestPossibleRegion: 
    Dimension: 3
    Index: [0, 0, 0]
    Size: [160, 240, 256]
  BufferedRegion: 
    Dimension: 3
    Index: [0, 0, 0]
    Size: [160, 240, 256]
  RequestedRegion: 
    Dimension: 3
    Index: [0, 0, 0]
    Size: [160, 240, 256]
  Spacing: [1, 1, 1]
  Origin: [87.9508, 102.562, -147.639]
  Direction: 
-0.998659 -0.0436121 -0.0279129
0.043595 -0.999049 0.00121847
-0.0279395 -2.65543e-08 0.99961

  IndexToPointMatrix: 
-0.998659 -0.0436121 -0.0279129
0.043595 -0.999049 0.00121847
-0.0279395 -2.65543e-08 0.99961

  PointToIndexMatrix: 
-0.998659 0.043595 -0.0279395
-0.0436121 -0.999049 -2.65517e-08
-0.0279129 0.00121847 0.99961

  Inverse Direction: 
-0.998659 0.043595 -0.0279395
-0.0436121 -0.999049 -2.65517e-08
-0.0279129 0.00121847 0.99961

  PixelContainer: 
    ImportImageContainer (0x4717850)
      RTTI typeinfo:   itk::ImportImageContainer<unsigned long, double>
      Reference Count: 1
      Modified Time: 2325
      Debug: Off
      Object Name: 
      Observers: 
        none
      Pointer: 0x152ec82b7010
      Container manages memory: true
      Size: 9830400
      Capacity: 9830400

     Weighting = 1
     Sampling strategy = regular
     Number of bins = 32
     Radius = 4
     Sampling percentage  = 0.25
   Transform = Rigid
     Gradient step = 0.1
     Update field sigma (voxel space) = 0
     Total field sigma (voxel space) = 0
     Update field time sigma = 0
     Total field time sigma  = 0
     Number of time indices = 0
     Number of time point samples = 0
Registration using 1 total stages.

Stage 0
  iterations = 0
  convergence threshold = 1e-06
  convergence window size = 10
  number of levels = 1
  using the Mattes MI metric (number of bins = 32, weight = 1, use gradient filter = 0)
  preprocessing:  winsorizing the image intensities
  Shrink factors (level 1 out of 1): [1, 1, 1]
  smoothing sigmas per level: [0]
  regular sampling (percentage = 0.25)

*** Running Euler3DTransform registration ***

  Elapsed time (stage 0): 1.13295


Total elapsed time: 1.13521
Info [verificarlo]: loaded backend libinterflop_vprec.so
Info [interflop-vprec]: load backend with: 
Info [interflop-vprec]: precision-binary32 = 7
Info [interflop-vprec]: range-binary32 = 7
Info [interflop-vprec]: precision-binary64 = 7
Info [interflop-vprec]: range-binary64 = 7
Info [interflop-vprec]: mode = ob
Info [interflop-vprec]: error-mode = rel
Info [interflop-vprec]: max-abs-error-exponent = -1022
Info [interflop-vprec]: daz = false
Info [interflop-vprec]: ftz = false
Info [interflop-vprec]: 	instrument = none
Info [interflop-vprec]: 	prec-input-file = (null)
Info [interflop-vprec]: 	prec-output-file = (null)
Info [interflop-vprec]: 	prec-log-file = (null)
All_Command_lines_OK
Using double precision for computations.
=============================================================================
The composite transform comprises the following transforms (in order): 
  1. /home/mdugre/scratch/mri-registration-rp/datasets/ds004513/derivatives/mri-registration-rp/0110/antsRegistration-r7-p7/sub-s037/align_Composite.h5[0] (type = Euler3DTransform)
  2. /home/mdugre/scratch/mri-registration-rp/datasets/ds004513/derivatives/mri-registration-rp/0110/antsRegistration-r7-p7/sub-s037/align_Composite.h5[1] (type = Euler3DTransform)
=============================================================================
  number of levels = 4
  fixed image: /templateflow/tpl-MNI152NLin2009cAsym/tpl-MNI152NLin2009cAsym_res-01_desc-brain_T1w.nii.gz
  moving image: /home/mdugre/scratch/mri-registration-rp/datasets/ds004513/derivatives/mri-registration-rp/antsBrainExtraction/sub-s037/BrainExtractionBrain.nii.gz
Dimension = 3
Number of stages = 1
Use histogram matching = false
Winsorize image intensities = true
  Lower quantile = 0.005
  Upper quantile = 0.995


Stage 1 State
   Image metric = MattesMI
     Fixed image = Image (0x49ba1e0)
  RTTI typeinfo:   itk::Image<double, 3u>
  Reference Count: 2
  Modified Time: 1578
  Debug: Off
  Object Name: 
  Observers: 
    none
  Source: (none)
  Source output name: (none)
  Release Data: Off
  Data Released: False
  Global Release Data: Off
  PipelineMTime: 0
  UpdateMTime: 1189
  RealTimeStamp: 0 seconds 
  LargestPossibleRegion: 
    Dimension: 3
    Index: [0, 0, 0]
    Size: [193, 229, 193]
  BufferedRegion: 
    Dimension: 3
    Index: [0, 0, 0]
    Size: [193, 229, 193]
  RequestedRegion: 
    Dimension: 3
    Index: [0, 0, 0]
    Size: [193, 229, 193]
  Spacing: [1, 1, 1]
  Origin: [96, 132, -78]
  Direction: 
-1 0 0
0 -1 0
0 0 1

  IndexToPointMatrix: 
-1 0 0
0 -1 0
0 0 1

  PointToIndexMatrix: 
-1 0 0
0 -1 0
0 0 1

  Inverse Direction: 
-1 0 0
0 -1 0
0 0 1

  PixelContainer: 
    ImportImageContainer (0x4a79680)
      RTTI typeinfo:   itk::ImportImageContainer<unsigned long, double>
      Reference Count: 1
      Modified Time: 1186
      Debug: Off
      Object Name: 
      Observers: 
        none
      Pointer: 0x149799ed6010
      Container manages memory: true
      Size: 8530021
      Capacity: 8530021

     Moving image = Image (0x4a75b20)
  RTTI typeinfo:   itk::Image<double, 3u>
  Reference Count: 2
  Modified Time: 1579
  Debug: Off
  Object Name: 
  Observers: 
    none
  Source: (none)
  Source output name: (none)
  Release Data: Off
  Data Released: False
  Global Release Data: Off
  PipelineMTime: 0
  UpdateMTime: 1576
  RealTimeStamp: 0 seconds 
  LargestPossibleRegion: 
    Dimension: 3
    Index: [0, 0, 0]
    Size: [160, 240, 256]
  BufferedRegion: 
    Dimension: 3
    Index: [0, 0, 0]
    Size: [160, 240, 256]
  RequestedRegion: 
    Dimension: 3
    Index: [0, 0, 0]
    Size: [160, 240, 256]
  Spacing: [1, 1, 1]
  Origin: [88, 102.5, -148]
  Direction: 
-1 -0.0437012 -0.0279541
0.0437012 -1 0.0012207
-0.0279541 0 1

  IndexToPointMatrix: 
-1 -0.0437012 -0.0279541
0.0437012 -1 0.0012207
-0.0279541 0 1

  PointToIndexMatrix: 
-1 0.0437012 -0.0279541
-0.0437012 -1 0
-0.0279541 0.0012207 1

  Inverse Direction: 
-1 0.0437012 -0.0279541
-0.0437012 -1 0
-0.0279541 0.0012207 1

  PixelContainer: 
    ImportImageContainer (0x4aded50)
      RTTI typeinfo:   itk::ImportImageContainer<unsigned long, double>
      Reference Count: 1
      Modified Time: 1573
      Debug: Off
      Object Name: 
      Observers: 
        none
      Pointer: 0x1497953d5010
      Container manages memory: true
      Size: 9830400
      Capacity: 9830400

     Weighting = 1
     Sampling strategy = regular
     Number of bins = 32
     Radius = 4
     Sampling percentage  = 0.25
   Transform = Rigid
     Gradient step = 0.1
     Update field sigma (voxel space) = 0
     Total field sigma (voxel space) = 0
     Update field time sigma = 0
     Total field time sigma  = 0
     Number of time indices = 0
     Number of time point samples = 0
Registration using 1 total stages.

Stage 0
  iterations = 1000x500x250x100
  convergence threshold = 1e-06
  convergence window size = 10
  number of levels = 4
  using the Mattes MI metric (number of bins = 32, weight = 1, use gradient filter = 0)
  preprocessing:  winsorizing the image intensities
  Shrink factors (level 1 out of 4): [8, 8, 8]
  Shrink factors (level 2 out of 4): [4, 4, 4]
  Shrink factors (level 3 out of 4): [2, 2, 2]
  Shrink factors (level 4 out of 4): [1, 1, 1]
  smoothing sigmas per level: [3, 2, 1, 0]
  regular sampling (percentage = 0.25)

*** Running Euler3DTransform registration ***

DIAGNOSTIC,Iteration,metricValue,convergenceValue,ITERATION_TIME_INDEX,SINCE_LAST
 2DIAGNOSTIC,     1, -4.427241453697e-01, 1.797693134862e+308, 0.0000e+00, 0.0000e+00, 
 2DIAGNOSTIC,     2, -4.428548026359e-01, 1.797693134862e+308, 0.0000e+00, 0.0000e+00, 
 2DIAGNOSTIC,     3, -4.428564155706e-01, 1.797693134862e+308, 0.0000e+00, 0.0000e+00, 
 2DIAGNOSTIC,     4, -4.428564155647e-01, 1.797693134862e+308, 0.0000e+00, 0.0000e+00, 
 2DIAGNOSTIC,     5, -4.428192985363e-01, 1.797693134862e+308, 0.0000e+00, 0.0000e+00, 
 2DIAGNOSTIC,     6, -4.427595385531e-01, 1.797693134862e+308, 0.0000e+00, 0.0000e+00, 
 2DIAGNOSTIC,     7, -4.427733766940e-01, 1.797693134862e+308, 0.0000e+00, 0.0000e+00, 
 2DIAGNOSTIC,     8, -4.427733766202e-01, 1.797693134862e+308, 0.0000e+00, 0.0000e+00, 
 2DIAGNOSTIC,     9, -4.427199145912e-01, 1.797693134862e+308, 0.0000e+00, 0.0000e+00, 
DIAGNOSTIC,Iteration,metricValue,convergenceValue,ITERATION_TIME_INDEX,SINCE_LAST
 2DIAGNOSTIC,     1, -3.599156580729e-01, 1.797693134862e+308, 0.0000e+00, 0.0000e+00, 
 2DIAGNOSTIC,     2, -3.603436999794e-01, 1.797693134862e+308, 0.0000e+00, 0.0000e+00, 
 2DIAGNOSTIC,     3, -3.608852138284e-01, 1.797693134862e+308, 0.0000e+00, 0.0000e+00, 
 2DIAGNOSTIC,     4, -3.623156298585e-01, 1.797693134862e+308, 0.0000e+00, 0.0000e+00, 
 2DIAGNOSTIC,     5, -3.626845865413e-01, 1.797693134862e+308, 0.0000e+00, 0.0000e+00, 
 2DIAGNOSTIC,     6, -3.642802737617e-01, 1.797693134862e+308, 0.0000e+00, 0.0000e+00, 
 2DIAGNOSTIC,     7, -3.686308313396e-01, 1.797693134862e+308, 0.0000e+00, 0.0000e+00, 
 2DIAGNOSTIC,     8, -3.698412033340e-01, 1.797693134862e+308, 0.0000e+00, 0.0000e+00, 
 2DIAGNOSTIC,     9, -3.708498550752e-01, 1.797693134862e+308, 0.0000e+00, 0.0000e+00, 
 2DIAGNOSTIC,    10, -3.735116542608e-01, 2.508468213511e-03, 0.0000e+00, 0.0000e+00, 
 2DIAGNOSTIC,    11, -3.792394353700e-01, 2.814637422334e-03, 0.0000e+00, 0.0000e+00, 
 2DIAGNOSTIC,    12, -3.915659027275e-01, 3.615706338516e-03, 0.0000e+00, 0.0000e+00, 
 2DIAGNOSTIC,    13, -4.076953809460e-01, 4.910844313920e-03, 0.0000e+00, 0.0000e+00, 
 2DIAGNOSTIC,    14, -4.454839494464e-01, 7.622076606448e-03, 0.0000e+00, 0.0000e+00, 
 2DIAGNOSTIC,    15, -4.809125574079e-01, 1.089714869549e-02, 0.0000e+00, 0.0000e+00, 
 2DIAGNOSTIC,    16, -4.797303222519e-01, 1.267948757783e-02, 0.0000e+00, 0.0000e+00, 
 2DIAGNOSTIC,    17, -4.799005282786e-01, 1.327949554790e-02, 0.0000e+00, 0.0000e+00, 
 2DIAGNOSTIC,    18, -4.827862470168e-01, 1.275084753326e-02, 0.0000e+00, 0.0000e+00, 
 2DIAGNOSTIC,    19, -4.821094211282e-01, 1.110714667843e-02, 0.0000e+00, 0.0000e+00, 
 2DIAGNOSTIC,    20, -4.846223832786e-01, 8.799590106724e-03, 0.0000e+00, 0.0000e+00, 
 2DIAGNOSTIC,    21, -4.872492609227e-01, 6.218422279175e-03, 0.0000e+00, 0.0000e+00, 
 2DIAGNOSTIC,    22, -4.872492609227e-01, 3.734848056176e-03, 0.0000e+00, 0.0000e+00, 
 2DIAGNOSTIC,    23, -4.872492609227e-01, 1.611914327359e-03, 0.0000e+00, 0.0000e+00, 
 2DIAGNOSTIC,    24, -4.872492609227e-01, 5.770970272906e-04, 0.0000e+00, 0.0000e+00, 
 2DIAGNOSTIC,    25, -4.872492609227e-01, 5.330156807502e-04, 0.0000e+00, 0.0000e+00, 
 2DIAGNOSTIC,    26, -4.872492609227e-01, 4.117452485537e-04, 0.0000e+00, 0.0000e+00, 
 2DIAGNOSTIC,    27, -4.872492609227e-01, 2.648671196826e-04, 0.0000e+00, 0.0000e+00, 
 2DIAGNOSTIC,    28, -4.872492609227e-01, 1.750005694145e-04, 0.0000e+00, 0.0000e+00, 
 2DIAGNOSTIC,    29, -4.872492609227e-01, 5.939859526961e-05, 0.0000e+00, 0.0000e+00, 
DIAGNOSTIC,Iteration,metricValue,convergenceValue,ITERATION_TIME_INDEX,SINCE_LAST
 2DIAGNOSTIC,     1, -4.246467662807e-01, 1.797693134862e+308, 0.0000e+00, 0.0000e+00, 
 2DIAGNOSTIC,     2, -4.246467662807e-01, 1.797693134862e+308, 0.0000e+00, 0.0000e+00, 
 2DIAGNOSTIC,     3, -4.246467662807e-01, 1.797693134862e+308, 0.0000e+00, 0.0000e+00, 
 2DIAGNOSTIC,     4, -4.246467662807e-01, 1.797693134862e+308, 0.0000e+00, 0.0000e+00, 
 2DIAGNOSTIC,     5, -4.246467662807e-01, 1.797693134862e+308, 0.0000e+00, 0.0000e+00, 
 2DIAGNOSTIC,     6, -4.246467662807e-01, 1.797693134862e+308, 0.0000e+00, 0.0000e+00, 
 2DIAGNOSTIC,     7, -4.246467662807e-01, 1.797693134862e+308, 0.0000e+00, 0.0000e+00, 
 2DIAGNOSTIC,     8, -4.246467662807e-01, 1.797693134862e+308, 0.0000e+00, 0.0000e+00, 
 2DIAGNOSTIC,     9, -4.246467662807e-01, 1.797693134862e+308, 0.0000e+00, 0.0000e+00, 
DIAGNOSTIC,Iteration,metricValue,convergenceValue,ITERATION_TIME_INDEX,SINCE_LAST
 2DIAGNOSTIC,     1, -3.888972552129e-01, 1.797693134862e+308, 0.0000e+00, 0.0000e+00, 
 2DIAGNOSTIC,     2, -3.889829827889e-01, 1.797693134862e+308, 0.0000e+00, 0.0000e+00, 
 2DIAGNOSTIC,     3, -3.890536386635e-01, 1.797693134862e+308, 0.0000e+00, 0.0000e+00, 
 2DIAGNOSTIC,     4, -3.890937255980e-01, 1.797693134862e+308, 0.0000e+00, 0.0000e+00, 
 2DIAGNOSTIC,     5, -3.890937255980e-01, 1.797693134862e+308, 0.0000e+00, 0.0000e+00, 
 2DIAGNOSTIC,     6, -3.890937255980e-01, 1.797693134862e+308, 0.0000e+00, 0.0000e+00, 
 2DIAGNOSTIC,     7, -3.890937255980e-01, 1.797693134862e+308, 0.0000e+00, 0.0000e+00, 
 2DIAGNOSTIC,     8, -3.890937255980e-01, 1.797693134862e+308, 0.0000e+00, 0.0000e+00, 
 2DIAGNOSTIC,     9, -3.890937255980e-01, 1.797693134862e+308, 0.0000e+00, 0.0000e+00, 
 2DIAGNOSTIC,    10, -3.890937255980e-01, 2.345603682209e-05, 0.0000e+00, 0.0000e+00, 
 2DIAGNOSTIC,    11, -3.890937255980e-01, 9.671535118175e-06, 0.0000e+00, 0.0000e+00, 
 2DIAGNOSTIC,    12, -3.890937255980e-01, 2.437069405073e-06, 0.0000e+00, 0.0000e+00, 
  Elapsed time (stage 0): 0.0000e+00


Total elapsed time: 0.0000e+00
Info [verificarlo]: loaded backend libinterflop_vprec.so
Info [interflop-vprec]: load backend with: 
Info [interflop-vprec]: precision-binary32 = 7
Info [interflop-vprec]: range-binary32 = 7
Info [interflop-vprec]: precision-binary64 = 7
Info [interflop-vprec]: range-binary64 = 7
Info [interflop-vprec]: mode = ob
Info [interflop-vprec]: error-mode = rel
Info [interflop-vprec]: max-abs-error-exponent = -1022
Info [interflop-vprec]: daz = false
Info [interflop-vprec]: ftz = false
Info [interflop-vprec]: 	instrument = none
Info [interflop-vprec]: 	prec-input-file = (null)
Info [interflop-vprec]: 	prec-output-file = (null)
Info [interflop-vprec]: 	prec-log-file = (null)
All_Command_lines_OK
Using double precision for computations.
=============================================================================
The composite transform comprises the following transforms (in order): 
  1. /home/mdugre/scratch/mri-registration-rp/datasets/ds004513/derivatives/mri-registration-rp/0110/antsRegistration-r7-p7/sub-s037/rigid_Composite.h5[0] (type = Euler3DTransform)
  2. /home/mdugre/scratch/mri-registration-rp/datasets/ds004513/derivatives/mri-registration-rp/0110/antsRegistration-r7-p7/sub-s037/rigid_Composite.h5[1] (type = Euler3DTransform)
  3. /home/mdugre/scratch/mri-registration-rp/datasets/ds004513/derivatives/mri-registration-rp/0110/antsRegistration-r7-p7/sub-s037/rigid_Composite.h5[2] (type = Euler3DTransform)
=============================================================================
  number of levels = 4
  fixed image: /templateflow/tpl-MNI152NLin2009cAsym/tpl-MNI152NLin2009cAsym_res-01_desc-brain_T1w.nii.gz
  moving image: /home/mdugre/scratch/mri-registration-rp/datasets/ds004513/derivatives/mri-registration-rp/antsBrainExtraction/sub-s037/BrainExtractionBrain.nii.gz
Dimension = 3
Number of stages = 1
Use histogram matching = false
Winsorize image intensities = true
  Lower quantile = 0.005
  Upper quantile = 0.995


Stage 1 State
   Image metric = MattesMI
     Fixed image = Image (0x44af1e0)
  RTTI typeinfo:   itk::Image<double, 3u>
  Reference Count: 2
  Modified Time: 1592
  Debug: Off
  Object Name: 
  Observers: 
    none
  Source: (none)
  Source output name: (none)
  Release Data: Off
  Data Released: False
  Global Release Data: Off
  PipelineMTime: 0
  UpdateMTime: 1203
  RealTimeStamp: 0 seconds 
  LargestPossibleRegion: 
    Dimension: 3
    Index: [0, 0, 0]
    Size: [193, 229, 193]
  BufferedRegion: 
    Dimension: 3
    Index: [0, 0, 0]
    Size: [193, 229, 193]
  RequestedRegion: 
    Dimension: 3
    Index: [0, 0, 0]
    Size: [193, 229, 193]
  Spacing: [1, 1, 1]
  Origin: [96, 132, -78]
  Direction: 
-1 0 0
0 -1 0
0 0 1

  IndexToPointMatrix: 
-1 0 0
0 -1 0
0 0 1

  PointToIndexMatrix: 
-1 0 0
0 -1 0
0 0 1

  Inverse Direction: 
-1 0 0
0 -1 0
0 0 1

  PixelContainer: 
    ImportImageContainer (0x457d440)
      RTTI typeinfo:   itk::ImportImageContainer<unsigned long, double>
      Reference Count: 1
      Modified Time: 1200
      Debug: Off
      Object Name: 
      Observers: 
        none
      Pointer: 0x1488479b7010
      Container manages memory: true
      Size: 8530021
      Capacity: 8530021

     Moving image = Image (0x456a9b0)
  RTTI typeinfo:   itk::Image<double, 3u>
  Reference Count: 2
  Modified Time: 1593
  Debug: Off
  Object Name: 
  Observers: 
    none
  Source: (none)
  Source output name: (none)
  Release Data: Off
  Data Released: False
  Global Release Data: Off
  PipelineMTime: 0
  UpdateMTime: 1590
  RealTimeStamp: 0 seconds 
  LargestPossibleRegion: 
    Dimension: 3
    Index: [0, 0, 0]
    Size: [160, 240, 256]
  BufferedRegion: 
    Dimension: 3
    Index: [0, 0, 0]
    Size: [160, 240, 256]
  RequestedRegion: 
    Dimension: 3
    Index: [0, 0, 0]
    Size: [160, 240, 256]
  Spacing: [1, 1, 1]
  Origin: [88, 102.5, -148]
  Direction: 
-1 -0.0437012 -0.0279541
0.0437012 -1 0.0012207
-0.0279541 0 1

  IndexToPointMatrix: 
-1 -0.0437012 -0.0279541
0.0437012 -1 0.0012207
-0.0279541 0 1

  PointToIndexMatrix: 
-1 0.0437012 -0.0279541
-0.0437012 -1 0
-0.0279541 0.0012207 1

  Inverse Direction: 
-1 0.0437012 -0.0279541
-0.0437012 -1 0
-0.0279541 0.0012207 1

  PixelContainer: 
    ImportImageContainer (0x4520710)
      RTTI typeinfo:   itk::ImportImageContainer<unsigned long, double>
      Reference Count: 1
      Modified Time: 1587
      Debug: Off
      Object Name: 
      Observers: 
        none
      Pointer: 0x148842eb6010
      Container manages memory: true
      Size: 9830400
      Capacity: 9830400

     Weighting = 1
     Sampling strategy = regular
     Number of bins = 32
     Radius = 4
     Sampling percentage  = 0.25
   Transform = Affine
     Gradient step = 0.1
     Update field sigma (voxel space) = 0
     Total field sigma (voxel space) = 0
     Update field time sigma = 0
     Total field time sigma  = 0
     Number of time indices = 0
     Number of time point samples = 0
Registration using 1 total stages.

Stage 0
  iterations = 1000x500x250x100
  convergence threshold = 1e-06
  convergence window size = 10
  number of levels = 4
  using the Mattes MI metric (number of bins = 32, weight = 1, use gradient filter = 0)
  preprocessing:  winsorizing the image intensities
  Shrink factors (level 1 out of 4): [8, 8, 8]
  Shrink factors (level 2 out of 4): [4, 4, 4]
  Shrink factors (level 3 out of 4): [2, 2, 2]
  Shrink factors (level 4 out of 4): [1, 1, 1]
  smoothing sigmas per level: [3, 2, 1, 0]
  regular sampling (percentage = 0.25)

*** Running AffineTransform registration ***

DIAGNOSTIC,Iteration,metricValue,convergenceValue,ITERATION_TIME_INDEX,SINCE_LAST
 2DIAGNOSTIC,     1, -6.035896501230e-01, 1.797693134862e+308, 0.0000e+00, 0.0000e+00, 
 2DIAGNOSTIC,     2, -6.036743372563e-01, 1.797693134862e+308, 0.0000e+00, 0.0000e+00, 
 2DIAGNOSTIC,     3, -6.034822468998e-01, 1.797693134862e+308, 0.0000e+00, 0.0000e+00, 
 2DIAGNOSTIC,     4, -6.034822425545e-01, 1.797693134862e+308, 0.0000e+00, 0.0000e+00, 
 2DIAGNOSTIC,     5, -6.034822425545e-01, 1.797693134862e+308, 0.0000e+00, 0.0000e+00, 
 2DIAGNOSTIC,     6, -6.034822419558e-01, 1.797693134862e+308, 0.0000e+00, 0.0000e+00, 
 2DIAGNOSTIC,     7, -6.034822419558e-01, 1.797693134862e+308, 0.0000e+00, 0.0000e+00, 
 2DIAGNOSTIC,     8, -6.034822419545e-01, 1.797693134862e+308, 0.0000e+00, 0.0000e+00, 
 2DIAGNOSTIC,     9, -6.034822399107e-01, 1.797693134862e+308, 0.0000e+00, 0.0000e+00, 
DIAGNOSTIC,Iteration,metricValue,convergenceValue,ITERATION_TIME_INDEX,SINCE_LAST
 2DIAGNOSTIC,     1, -4.867941184588e-01, 1.797693134862e+308, 0.0000e+00, 0.0000e+00, 
 2DIAGNOSTIC,     2, -4.867941184588e-01, 1.797693134862e+308, 0.0000e+00, 0.0000e+00, 
 2DIAGNOSTIC,     3, -4.867940861203e-01, 1.797693134862e+308, 0.0000e+00, 0.0000e+00, 
 2DIAGNOSTIC,     4, -4.867875628793e-01, 1.797693134862e+308, 0.0000e+00, 0.0000e+00, 
 2DIAGNOSTIC,     5, -4.867875627051e-01, 1.797693134862e+308, 0.0000e+00, 0.0000e+00, 
 2DIAGNOSTIC,     6, -4.867875632818e-01, 1.797693134862e+308, 0.0000e+00, 0.0000e+00, 
 2DIAGNOSTIC,     7, -4.867708534847e-01, 1.797693134862e+308, 0.0000e+00, 0.0000e+00, 
 2DIAGNOSTIC,     8, -4.867708535661e-01, 1.797693134862e+308, 0.0000e+00, 0.0000e+00, 
 2DIAGNOSTIC,     9, -4.867708535661e-01, 1.797693134862e+308, 0.0000e+00, 0.0000e+00, 
DIAGNOSTIC,Iteration,metricValue,convergenceValue,ITERATION_TIME_INDEX,SINCE_LAST
 2DIAGNOSTIC,     1, -4.252731665959e-01, 1.797693134862e+308, 0.0000e+00, 0.0000e+00, 
 2DIAGNOSTIC,     2, -4.252729466698e-01, 1.797693134862e+308, 0.0000e+00, 0.0000e+00, 
 2DIAGNOSTIC,     3, -4.252729466700e-01, 1.797693134862e+308, 0.0000e+00, 0.0000e+00, 
 2DIAGNOSTIC,     4, -4.252729466700e-01, 1.797693134862e+308, 0.0000e+00, 0.0000e+00, 
 2DIAGNOSTIC,     5, -4.252729466700e-01, 1.797693134862e+308, 0.0000e+00, 0.0000e+00, 
 2DIAGNOSTIC,     6, -4.252729466700e-01, 1.797693134862e+308, 0.0000e+00, 0.0000e+00, 
 2DIAGNOSTIC,     7, -4.252729466466e-01, 1.797693134862e+308, 0.0000e+00, 0.0000e+00, 
 2DIAGNOSTIC,     8, -4.252729466466e-01, 1.797693134862e+308, 0.0000e+00, 0.0000e+00, 
 2DIAGNOSTIC,     9, -4.252729466466e-01, 1.797693134862e+308, 0.0000e+00, 0.0000e+00, 
DIAGNOSTIC,Iteration,metricValue,convergenceValue,ITERATION_TIME_INDEX,SINCE_LAST
 2DIAGNOSTIC,     1, -3.892275499885e-01, 1.797693134862e+308, 0.0000e+00, 0.0000e+00, 
 2DIAGNOSTIC,     2, -3.892264662489e-01, 1.797693134862e+308, 0.0000e+00, 0.0000e+00, 
 2DIAGNOSTIC,     3, -3.892269699631e-01, 1.797693134862e+308, 0.0000e+00, 0.0000e+00, 
 2DIAGNOSTIC,     4, -3.892248797680e-01, 1.797693134862e+308, 0.0000e+00, 0.0000e+00, 
 2DIAGNOSTIC,     5, -3.892235919971e-01, 1.797693134862e+308, 0.0000e+00, 0.0000e+00, 
 2DIAGNOSTIC,     6, -3.892205059257e-01, 1.797693134862e+308, 0.0000e+00, 0.0000e+00, 
 2DIAGNOSTIC,     7, -3.892220551078e-01, 1.797693134862e+308, 0.0000e+00, 0.0000e+00, 
 2DIAGNOSTIC,     8, -3.892222106813e-01, 1.797693134862e+308, 0.0000e+00, 0.0000e+00, 
 2DIAGNOSTIC,     9, -3.892223118974e-01, 1.797693134862e+308, 0.0000e+00, 0.0000e+00, 
  Elapsed time (stage 0): 0.0000e+00


Total elapsed time: 0.0000e+00
Info [verificarlo]: loaded backend libinterflop_ieee.so
Info [interflop-ieee]: load backend with:
Info [interflop-ieee]: debug = false
Info [interflop-ieee]: debug-binary = false
Info [interflop-ieee]: no-backend-name = false
Info [interflop-ieee]: print-new-line = false
Info [interflop-ieee]: print-subnormal-normalized = false
Info [interflop-ieee]: count-op = false
All_Command_lines_OK
Using double precision for computations.
=============================================================================
The composite transform comprises the following transforms (in order): 
  1. /home/mdugre/scratch/mri-registration-rp/datasets/ds004513/derivatives/mri-registration-rp/0110/antsRegistration-r7-p7/sub-s037/affine_Composite.h5[0] (type = Euler3DTransform)
  2. /home/mdugre/scratch/mri-registration-rp/datasets/ds004513/derivatives/mri-registration-rp/0110/antsRegistration-r7-p7/sub-s037/affine_Composite.h5[1] (type = Euler3DTransform)
  3. /home/mdugre/scratch/mri-registration-rp/datasets/ds004513/derivatives/mri-registration-rp/0110/antsRegistration-r7-p7/sub-s037/affine_Composite.h5[2] (type = Euler3DTransform)
  4. /home/mdugre/scratch/mri-registration-rp/datasets/ds004513/derivatives/mri-registration-rp/0110/antsRegistration-r7-p7/sub-s037/affine_Composite.h5[3] (type = AffineTransform)
=============================================================================
  number of levels = 4
  fixed image: /templateflow/tpl-MNI152NLin2009cAsym/tpl-MNI152NLin2009cAsym_res-01_desc-brain_T1w.nii.gz
  moving image: /home/mdugre/scratch/mri-registration-rp/datasets/ds004513/derivatives/mri-registration-rp/antsBrainExtraction/sub-s037/BrainExtractionBrain.nii.gz
Dimension = 3
Number of stages = 1
Use histogram matching = false
Winsorize image intensities = true
  Lower quantile = 0.005
  Upper quantile = 0.995


Stage 1 State
   Image metric = CC
     Fixed image = Image (0x32c6a40)
  RTTI typeinfo:   itk::Image<double, 3u>
  Reference Count: 2
  Modified Time: 1606
  Debug: Off
  Object Name: 
  Observers: 
    none
  Source: (none)
  Source output name: (none)
  Release Data: Off
  Data Released: False
  Global Release Data: Off
  PipelineMTime: 0
  UpdateMTime: 1217
  RealTimeStamp: 0 seconds 
  LargestPossibleRegion: 
    Dimension: 3
    Index: [0, 0, 0]
    Size: [193, 229, 193]
  BufferedRegion: 
    Dimension: 3
    Index: [0, 0, 0]
    Size: [193, 229, 193]
  RequestedRegion: 
    Dimension: 3
    Index: [0, 0, 0]
    Size: [193, 229, 193]
  Spacing: [1, 1, 1]
  Origin: [96, 132, -78]
  Direction: 
-1 0 0
0 -1 0
0 0 1

  IndexToPointMatrix: 
-1 0 0
0 -1 0
0 0 1

  PointToIndexMatrix: 
-1 0 0
0 -1 0
0 0 1

  Inverse Direction: 
-1 0 0
0 -1 0
0 0 1

  PixelContainer: 
    ImportImageContainer (0x339e450)
      RTTI typeinfo:   itk::ImportImageContainer<unsigned long, double>
      Reference Count: 1
      Modified Time: 1214
      Debug: Off
      Object Name: 
      Observers: 
        none
      Pointer: 0x1507f70df010
      Container manages memory: true
      Size: 8530021
      Capacity: 8530021

     Moving image = Image (0x339da30)
  RTTI typeinfo:   itk::Image<double, 3u>
  Reference Count: 2
  Modified Time: 1607
  Debug: Off
  Object Name: 
  Observers: 
    none
  Source: (none)
  Source output name: (none)
  Release Data: Off
  Data Released: False
  Global Release Data: Off
  PipelineMTime: 0
  UpdateMTime: 1604
  RealTimeStamp: 0 seconds 
  LargestPossibleRegion: 
    Dimension: 3
    Index: [0, 0, 0]
    Size: [160, 240, 256]
  BufferedRegion: 
    Dimension: 3
    Index: [0, 0, 0]
    Size: [160, 240, 256]
  RequestedRegion: 
    Dimension: 3
    Index: [0, 0, 0]
    Size: [160, 240, 256]
  Spacing: [1, 1, 1]
  Origin: [87.9508, 102.562, -147.639]
  Direction: 
-0.998659 -0.0436121 -0.0279129
0.043595 -0.999049 0.00121847
-0.0279395 -2.65543e-08 0.99961

  IndexToPointMatrix: 
-0.998659 -0.0436121 -0.0279129
0.043595 -0.999049 0.00121847
-0.0279395 -2.65543e-08 0.99961

  PointToIndexMatrix: 
-0.998659 0.043595 -0.0279395
-0.0436121 -0.999049 -2.65517e-08
-0.0279129 0.00121847 0.99961

  Inverse Direction: 
-0.998659 0.043595 -0.0279395
-0.0436121 -0.999049 -2.65517e-08
-0.0279129 0.00121847 0.99961

  PixelContainer: 
    ImportImageContainer (0x32d31c0)
      RTTI typeinfo:   itk::ImportImageContainer<unsigned long, double>
      Reference Count: 1
      Modified Time: 1601
      Debug: Off
      Object Name: 
      Observers: 
        none
      Pointer: 0x1507f25de010
      Container manages memory: true
      Size: 9830400
      Capacity: 9830400

     Weighting = 1
     Sampling strategy = none
     Number of bins = 32
     Radius = 4
     Sampling percentage  = 1
   Transform = SyN
     Gradient step = 0.1
     Update field sigma (voxel space) = 3
     Total field sigma (voxel space) = 0
     Update field time sigma = 0
     Total field time sigma  = 0
     Number of time indices = 0
     Number of time point samples = 0
Registration using 1 total stages.

Stage 0
  iterations = 100x70x50x20
  convergence threshold = 1e-06
  convergence window size = 10
  number of levels = 4
  using the CC metric (radius = 4, weight = 1, use gradient filter = 0)
  preprocessing:  winsorizing the image intensities
  Shrink factors (level 1 out of 4): [8, 8, 8]
  Shrink factors (level 2 out of 4): [4, 4, 4]
  Shrink factors (level 3 out of 4): [2, 2, 2]
  Shrink factors (level 4 out of 4): [1, 1, 1]
  smoothing sigmas per level: [3, 2, 1, 0]
  Using default NONE metricSamplingStrategy 

*** Running SyN registration (varianceForUpdateField = 3, varianceForTotalField = 0) ***

XXDIAGNOSTIC,Iteration,metricValue,convergenceValue,ITERATION_TIME_INDEX,SINCE_LAST
 1DIAGNOSTIC,     1, -6.820472717896e-01, 1.797693134862e+308, 1.4123e+00, 1.4123e+00, 
 1DIAGNOSTIC,     2, -7.173810751544e-01, 1.797693134862e+308, 1.7620e+00, 3.4975e-01, 
 1DIAGNOSTIC,     3, -7.518347692401e-01, 1.797693134862e+308, 2.1108e+00, 3.4873e-01, 
 1DIAGNOSTIC,     4, -7.826112647318e-01, 1.797693134862e+308, 2.4427e+00, 3.3194e-01, 
 1DIAGNOSTIC,     5, -8.088399478165e-01, 1.797693134862e+308, 2.7917e+00, 3.4897e-01, 
 1DIAGNOSTIC,     6, -8.302791579180e-01, 1.797693134862e+308, 3.1325e+00, 3.4084e-01, 
 1DIAGNOSTIC,     7, -8.472693584301e-01, 1.797693134862e+308, 3.4688e+00, 3.3627e-01, 
 1DIAGNOSTIC,     8, -8.607439965222e-01, 1.797693134862e+308, 3.8050e+00, 3.3621e-01, 
 1DIAGNOSTIC,     9, -8.722050994897e-01, 1.797693134862e+308, 4.1406e+00, 3.3557e-01, 
 1DIAGNOSTIC,    10, -8.815148812407e-01, 1.574111860822e-02, 4.4729e+00, 3.3233e-01, 
 1DIAGNOSTIC,    11, -8.893789853087e-01, 1.195309177267e-02, 4.8017e+00, 3.2877e-01, 
 1DIAGNOSTIC,    12, -8.959049992186e-01, 8.979608348986e-03, 5.1366e+00, 3.3490e-01, 
 1DIAGNOSTIC,    13, -9.015561191915e-01, 6.745749999150e-03, 5.4837e+00, 3.4708e-01, 
 1DIAGNOSTIC,    14, -9.065748107109e-01, 5.112058758999e-03, 5.8116e+00, 3.2791e-01, 
 1DIAGNOSTIC,    15, -9.111378126601e-01, 3.938939764877e-03, 6.1414e+00, 3.2987e-01, 
 1DIAGNOSTIC,    16, -9.152177440736e-01, 3.097550526506e-03, 6.4796e+00, 3.3812e-01, 
 1DIAGNOSTIC,    17, -9.184570202004e-01, 2.474700128913e-03, 6.8086e+00, 3.2906e-01, 
 1DIAGNOSTIC,    18, -9.208149336469e-01, 1.989648519960e-03, 7.1690e+00, 3.6035e-01, 
 1DIAGNOSTIC,    19, -9.226332946352e-01, 1.606238661621e-03, 7.5053e+00, 3.3634e-01, 
 1DIAGNOSTIC,    20, -9.241600846515e-01, 1.292934927605e-03, 7.8380e+00, 3.3270e-01, 
 1DIAGNOSTIC,    21, -9.254922435328e-01, 1.034587118033e-03, 8.1864e+00, 3.4836e-01, 
 1DIAGNOSTIC,    22, -9.267330936873e-01, 8.200434134640e-04, 8.5399e+00, 3.5349e-01, 
 1DIAGNOSTIC,    23, -9.279460789877e-01, 6.459422767857e-04, 8.8707e+00, 3.3082e-01, 
 1DIAGNOSTIC,    24, -9.289630273656e-01, 5.083758666349e-04, 9.2045e+00, 3.3379e-01, 
 1DIAGNOSTIC,    25, -9.300570205679e-01, 4.079432295305e-04, 9.5443e+00, 3.3979e-01, 
 1DIAGNOSTIC,    26, -9.313615727025e-01, 3.441228779836e-04, 9.8807e+00, 3.3642e-01, 
 1DIAGNOSTIC,    27, -9.326181063143e-01, 3.064391667879e-04, 1.0221e+01, 3.4003e-01, 
 1DIAGNOSTIC,    28, -9.337918723882e-01, 2.832226438691e-04, 1.0558e+01, 3.3739e-01, 
 1DIAGNOSTIC,    29, -9.348986042824e-01, 2.673653708714e-04, 1.0916e+01, 3.5805e-01, 
 1DIAGNOSTIC,    30, -9.359360322137e-01, 2.547589773772e-04, 1.1275e+01, 3.5859e-01, 
 1DIAGNOSTIC,    31, -9.369197509751e-01, 2.427427095407e-04, 1.1604e+01, 3.2880e-01, 
 1DIAGNOSTIC,    32, -9.378069306464e-01, 2.296836499432e-04, 1.1940e+01, 3.3609e-01, 
 1DIAGNOSTIC,    33, -9.387234180844e-01, 2.162968817414e-04, 1.2294e+01, 3.5392e-01, 
 1DIAGNOSTIC,    34, -9.396143940835e-01, 2.010846494244e-04, 1.2630e+01, 3.3618e-01, 
 1DIAGNOSTIC,    35, -9.404949598332e-01, 1.855640885808e-04, 1.2962e+01, 3.3230e-01, 
 1DIAGNOSTIC,    36, -9.415542046030e-01, 1.741191063510e-04, 1.3296e+01, 3.3441e-01, 
 1DIAGNOSTIC,    37, -9.423910487088e-01, 1.646163604624e-04, 1.3626e+01, 3.2969e-01, 
 1DIAGNOSTIC,    38, -9.434410287876e-01, 1.584871480495e-04, 1.3955e+01, 3.2863e-01, 
 1DIAGNOSTIC,    39, -9.443177314535e-01, 1.536047388735e-04, 1.4292e+01, 3.3755e-01, 
 1DIAGNOSTIC,    40, -9.454203676019e-01, 1.512026720117e-04, 1.4638e+01, 3.4545e-01, 
 1DIAGNOSTIC,    41, -9.463405052210e-01, 1.490751250088e-04, 1.4978e+01, 3.4042e-01, 
 1DIAGNOSTIC,    42, -9.470530337409e-01, 1.447907225679e-04, 1.5316e+01, 3.3749e-01, 
 1DIAGNOSTIC,    43, -9.477132723146e-01, 1.384564162144e-04, 1.5656e+01, 3.3985e-01, 
 1DIAGNOSTIC,    44, -9.482799847876e-01, 1.296050166761e-04, 1.6001e+01, 3.4552e-01, 
 1DIAGNOSTIC,    45, -9.487820127356e-01, 1.183600595764e-04, 1.6334e+01, 3.3328e-01, 
 1DIAGNOSTIC,    46, -9.492285227721e-01, 1.065755363370e-04, 1.6665e+01, 3.3051e-01, 
 1DIAGNOSTIC,    47, -9.496339904294e-01, 9.338889825778e-05, 1.7012e+01, 3.4686e-01, 
 1DIAGNOSTIC,    48, -9.499370549093e-01, 8.069132218538e-05, 1.7346e+01, 3.3454e-01, 
 1DIAGNOSTIC,    49, -9.502641120669e-01, 6.846141933838e-05, 1.7680e+01, 3.3344e-01, 
 1DIAGNOSTIC,    50, -9.505580800762e-01, 5.889047264314e-05, 1.8025e+01, 3.4525e-01, 
 1DIAGNOSTIC,    51, -9.508284263170e-01, 5.135792901702e-05, 1.8360e+01, 3.3485e-01, 
 1DIAGNOSTIC,    52, -9.510736352522e-01, 4.495458525041e-05, 1.8697e+01, 3.3702e-01, 
 1DIAGNOSTIC,    53, -9.513104411937e-01, 3.978652434746e-05, 1.9036e+01, 3.3940e-01, 
 1DIAGNOSTIC,    54, -9.515510003964e-01, 3.567464039214e-05, 1.9386e+01, 3.4963e-01, 
 1DIAGNOSTIC,    55, -9.517845092627e-01, 3.246897885763e-05, 1.9727e+01, 3.4097e-01, 
 1DIAGNOSTIC,    56, -9.520147445150e-01, 3.004021348867e-05, 2.0063e+01, 3.3659e-01, 
 1DIAGNOSTIC,    57, -9.522498591478e-01, 2.834122189105e-05, 2.0408e+01, 3.4423e-01, 
 1DIAGNOSTIC,    58, -9.524925081994e-01, 2.692563438178e-05, 2.0757e+01, 3.4933e-01, 
 1DIAGNOSTIC,    59, -9.527372472141e-01, 2.600320770250e-05, 2.1105e+01, 3.4812e-01, 
 1DIAGNOSTIC,    60, -9.530065435162e-01, 2.554939818820e-05, 2.1456e+01, 3.5058e-01, 
 1DIAGNOSTIC,    61, -9.532610866191e-01, 2.534601574302e-05, 2.1799e+01, 3.4334e-01, 
 1DIAGNOSTIC,    62, -9.535245468283e-01, 2.528098180253e-05, 2.2128e+01, 3.2871e-01, 
 1DIAGNOSTIC,    63, -9.537178122593e-01, 2.492371099803e-05, 2.2464e+01, 3.3634e-01, 
 1DIAGNOSTIC,    64, -9.539798296063e-01, 2.464327718251e-05, 2.2795e+01, 3.3127e-01, 
 1DIAGNOSTIC,    65, -9.539782930134e-01, 2.312135533240e-05, 2.3133e+01, 3.3805e-01, 
 1DIAGNOSTIC,    66, -9.543186846222e-01, 2.214792370377e-05, 2.3475e+01, 3.4179e-01, 
 1DIAGNOSTIC,    67, -9.531105934333e-01, 1.457550506490e-05, 2.3807e+01, 3.3156e-01, 
 1DIAGNOSTIC,    68, -9.539075676396e-01, 1.075877314307e-05, 2.4151e+01, 3.4446e-01, 
 1DIAGNOSTIC,    69, -9.535547076682e-01, 5.415788249783e-06, 2.4495e+01, 3.4392e-01, 
 1DIAGNOSTIC,    70, -9.542528013176e-01, 4.009935274420e-06, 2.4861e+01, 3.6578e-01, 
 1DIAGNOSTIC,    71, -9.529844730824e-01, -2.162327799796e-06, 2.5206e+01, 3.4506e-01, 
XXDIAGNOSTIC,Iteration,metricValue,convergenceValue,ITERATION_TIME_INDEX,SINCE_LAST
 1DIAGNOSTIC,     1, -8.969660625899e-01, 1.797693134862e+308, 2.8259e+01, 3.0526e+00, 
 1DIAGNOSTIC,     2, -8.986120857621e-01, 1.797693134862e+308, 3.0691e+01, 2.4325e+00, 
 1DIAGNOSTIC,     3, -9.010040932971e-01, 1.797693134862e+308, 3.3195e+01, 2.5036e+00, 
 1DIAGNOSTIC,     4, -9.033668807783e-01, 1.797693134862e+308, 3.5499e+01, 2.3042e+00, 
 1DIAGNOSTIC,     5, -9.055397592847e-01, 1.797693134862e+308, 3.7693e+01, 2.1945e+00, 
 1DIAGNOSTIC,     6, -9.072267157616e-01, 1.797693134862e+308, 3.9876e+01, 2.1830e+00, 
 1DIAGNOSTIC,     7, -9.086195379170e-01, 1.797693134862e+308, 4.2065e+01, 2.1884e+00, 
 1DIAGNOSTIC,     8, -9.097378035417e-01, 1.797693134862e+308, 4.4454e+01, 2.3892e+00, 
 1DIAGNOSTIC,     9, -9.106415838787e-01, 1.797693134862e+308, 4.6668e+01, 2.2141e+00, 
 1DIAGNOSTIC,    10, -9.111991862610e-01, 1.058192457147e-03, 4.9263e+01, 2.5947e+00, 
 1DIAGNOSTIC,    11, -9.117189371312e-01, 8.389009281880e-04, 5.1689e+01, 2.4261e+00, 
 1DIAGNOSTIC,    12, -9.121768675813e-01, 6.355673778365e-04, 5.4130e+01, 2.4405e+00, 
 1DIAGNOSTIC,    13, -9.126308209976e-01, 4.742272358445e-04, 5.6431e+01, 2.3015e+00, 
 1DIAGNOSTIC,    14, -9.130902565865e-01, 3.554846946126e-04, 5.8649e+01, 2.2175e+00, 
 1DIAGNOSTIC,    15, -9.135007186688e-01, 2.737615639909e-04, 6.0851e+01, 2.2028e+00, 
 1DIAGNOSTIC,    16, -9.138076802979e-01, 2.159615387159e-04, 6.3090e+01, 2.2388e+00, 
 1DIAGNOSTIC,    17, -9.142504239473e-01, 1.787212019868e-04, 6.5291e+01, 2.2013e+00, 
 1DIAGNOSTIC,    18, -9.145387503835e-01, 1.533292224705e-04, 6.7646e+01, 2.3547e+00, 
 1DIAGNOSTIC,    19, -9.149448090645e-01, 1.379514965513e-04, 6.9846e+01, 2.1995e+00, 
 1DIAGNOSTIC,    20, -9.152170647803e-01, 1.242289143127e-04, 7.2062e+01, 2.2161e+00, 
 1DIAGNOSTIC,    21, -9.156368914063e-01, 1.142757162420e-04, 7.4295e+01, 2.2332e+00, 
 1DIAGNOSTIC,    22, -9.159056747618e-01, 1.048447156749e-04, 7.6493e+01, 2.1984e+00, 
