
##########################
# Experiment information #
##########################

EXPERIMENT_NAME: antsRegistration-r8-p22
VFC_BACKENDS: libinterflop_vprec.so --range-binary32=8 --precision-binary32=22 --range-binary64=8 --precision-binary64=22

SIF_IMG: /home/mdugre/projects/rrg-glatard/mdugre/containers/ants-vprec-no_metrics.simg

SUBJECT_ID: s033
INPUT_IMG: /home/mdugre/scratch/mri-registration-rp/datasets/ds004513/derivatives/mri-registration-rp/antsBrainExtraction/sub-s033/BrainExtractionBrain.nii.gz
OUTPUT_DIR: /home/mdugre/scratch/mri-registration-rp/datasets/ds004513/derivatives/mri-registration-rp/0110/antsRegistration-r8-p22/sub-s033

FIXED_IMG: /templateflow/tpl-MNI152NLin2009cAsym/tpl-MNI152NLin2009cAsym_res-01_desc-brain_T1w.nii.gz
DATA_DIR: /home/mdugre/scratch/mri-registration-rp/datasets/ds004513
TEMPLATEFLOW_DIR: /home/mdugre/projects/rrg-glatard/mdugre/templateflow
ITK_GLOBAL_DEFAULT_NUMBER_OF_THREADS: 16
##########################

Info [verificarlo]: loaded backend libinterflop_ieee.so
Info [interflop-ieee]: load backend with:
Info [interflop-ieee]: debug = false
Info [interflop-ieee]: debug-binary = false
Info [interflop-ieee]: no-backend-name = false
Info [interflop-ieee]: print-new-line = false
Info [interflop-ieee]: print-subnormal-normalized = false
Info [interflop-ieee]: count-op = false
All_Command_lines_OK
Using double precision for computations.
=============================================================================
The composite transform comprises the following transforms (in order): 
  1. Center of mass alignment using fixed image: /templateflow/tpl-MNI152NLin2009cAsym/tpl-MNI152NLin2009cAsym_res-01_desc-brain_T1w.nii.gz and moving image: /home/mdugre/scratch/mri-registration-rp/datasets/ds004513/derivatives/mri-registration-rp/antsBrainExtraction/sub-s033/BrainExtractionBrain.nii.gz (type = Euler3DTransform)
=============================================================================
  number of levels = 1
  fixed image: /templateflow/tpl-MNI152NLin2009cAsym/tpl-MNI152NLin2009cAsym_res-01_desc-brain_T1w.nii.gz
  moving image: /home/mdugre/scratch/mri-registration-rp/datasets/ds004513/derivatives/mri-registration-rp/antsBrainExtraction/sub-s033/BrainExtractionBrain.nii.gz
Dimension = 3
Number of stages = 1
Use histogram matching = false
Winsorize image intensities = true
  Lower quantile = 0.005
  Upper quantile = 0.995


Stage 1 State
   Image metric = MattesMI
     Fixed image = Image (0x37f0e70)
  RTTI typeinfo:   itk::Image<double, 3u>
  Reference Count: 2
  Modified Time: 2330
  Debug: Off
  Object Name: 
  Observers: 
    none
  Source: (none)
  Source output name: (none)
  Release Data: Off
  Data Released: False
  Global Release Data: Off
  PipelineMTime: 0
  UpdateMTime: 1941
  RealTimeStamp: 0 seconds 
  LargestPossibleRegion: 
    Dimension: 3
    Index: [0, 0, 0]
    Size: [193, 229, 193]
  BufferedRegion: 
    Dimension: 3
    Index: [0, 0, 0]
    Size: [193, 229, 193]
  RequestedRegion: 
    Dimension: 3
    Index: [0, 0, 0]
    Size: [193, 229, 193]
  Spacing: [1, 1, 1]
  Origin: [96, 132, -78]
  Direction: 
-1 0 0
0 -1 0
0 0 1

  IndexToPointMatrix: 
-1 0 0
0 -1 0
0 0 1

  PointToIndexMatrix: 
-1 0 0
0 -1 0
0 0 1

  Inverse Direction: 
-1 0 0
0 -1 0
0 0 1

  PixelContainer: 
    ImportImageContainer (0x37f9c60)
      RTTI typeinfo:   itk::ImportImageContainer<unsigned long, double>
      Reference Count: 1
      Modified Time: 1938
      Debug: Off
      Object Name: 
      Observers: 
        none
      Pointer: 0x151f51cbc010
      Container manages memory: true
      Size: 8530021
      Capacity: 8530021

     Moving image = Image (0x37f3540)
  RTTI typeinfo:   itk::Image<double, 3u>
  Reference Count: 2
  Modified Time: 2331
  Debug: Off
  Object Name: 
  Observers: 
    none
  Source: (none)
  Source output name: (none)
  Release Data: Off
  Data Released: False
  Global Release Data: Off
  PipelineMTime: 0
  UpdateMTime: 2328
  RealTimeStamp: 0 seconds 
  LargestPossibleRegion: 
    Dimension: 3
    Index: [0, 0, 0]
    Size: [160, 240, 256]
  BufferedRegion: 
    Dimension: 3
    Index: [0, 0, 0]
    Size: [160, 240, 256]
  RequestedRegion: 
    Dimension: 3
    Index: [0, 0, 0]
    Size: [160, 240, 256]
  Spacing: [1, 1, 1]
  Origin: [91.5134, 94.282, -109.927]
  Direction: 
-0.99591 -0.0698718 -0.0572835
0.0697565 -0.997556 0.00401236
-0.0574239 5.01125e-08 0.99835

  IndexToPointMatrix: 
-0.99591 -0.0698718 -0.0572835
0.0697565 -0.997556 0.00401236
-0.0574239 5.01125e-08 0.99835

  PointToIndexMatrix: 
-0.99591 0.0697565 -0.0574239
-0.0698718 -0.997556 5.01483e-08
-0.0572835 0.00401236 0.99835

  Inverse Direction: 
-0.99591 0.0697565 -0.0574239
-0.0698718 -0.997556 5.01483e-08
-0.0572835 0.00401236 0.99835

  PixelContainer: 
    ImportImageContainer (0x3905610)
      RTTI typeinfo:   itk::ImportImageContainer<unsigned long, double>
      Reference Count: 1
      Modified Time: 2325
      Debug: Off
      Object Name: 
      Observers: 
        none
      Pointer: 0x151f4d1bb010
      Container manages memory: true
      Size: 9830400
      Capacity: 9830400

     Weighting = 1
     Sampling strategy = regular
     Number of bins = 32
     Radius = 4
     Sampling percentage  = 0.25
   Transform = Rigid
     Gradient step = 0.1
     Update field sigma (voxel space) = 0
     Total field sigma (voxel space) = 0
     Update field time sigma = 0
     Total field time sigma  = 0
     Number of time indices = 0
     Number of time point samples = 0
Registration using 1 total stages.

Stage 0
  iterations = 0
  convergence threshold = 1e-06
  convergence window size = 10
  number of levels = 1
  using the Mattes MI metric (number of bins = 32, weight = 1, use gradient filter = 0)
  preprocessing:  winsorizing the image intensities
  Shrink factors (level 1 out of 1): [1, 1, 1]
  smoothing sigmas per level: [0]
  regular sampling (percentage = 0.25)

*** Running Euler3DTransform registration ***

  Elapsed time (stage 0): 1.21817


Total elapsed time: 1.22514
Info [verificarlo]: loaded backend libinterflop_vprec.so
Info [interflop-vprec]: load backend with: 
Info [interflop-vprec]: precision-binary32 = 22
Info [interflop-vprec]: range-binary32 = 8
Info [interflop-vprec]: precision-binary64 = 22
Info [interflop-vprec]: range-binary64 = 8
Info [interflop-vprec]: mode = ob
Info [interflop-vprec]: error-mode = rel
Info [interflop-vprec]: max-abs-error-exponent = -1022
Info [interflop-vprec]: daz = false
Info [interflop-vprec]: ftz = false
Info [interflop-vprec]: 	instrument = none
Info [interflop-vprec]: 	prec-input-file = (null)
Info [interflop-vprec]: 	prec-output-file = (null)
Info [interflop-vprec]: 	prec-log-file = (null)
All_Command_lines_OK
Using double precision for computations.
=============================================================================
The composite transform comprises the following transforms (in order): 
  1. /home/mdugre/scratch/mri-registration-rp/datasets/ds004513/derivatives/mri-registration-rp/0110/antsRegistration-r8-p22/sub-s033/align_Composite.h5[0] (type = Euler3DTransform)
  2. /home/mdugre/scratch/mri-registration-rp/datasets/ds004513/derivatives/mri-registration-rp/0110/antsRegistration-r8-p22/sub-s033/align_Composite.h5[1] (type = Euler3DTransform)
=============================================================================
  number of levels = 4
  fixed image: /templateflow/tpl-MNI152NLin2009cAsym/tpl-MNI152NLin2009cAsym_res-01_desc-brain_T1w.nii.gz
  moving image: /home/mdugre/scratch/mri-registration-rp/datasets/ds004513/derivatives/mri-registration-rp/antsBrainExtraction/sub-s033/BrainExtractionBrain.nii.gz
Dimension = 3
Number of stages = 1
Use histogram matching = false
Winsorize image intensities = true
  Lower quantile = 0.005
  Upper quantile = 0.995


Stage 1 State
   Image metric = MattesMI
     Fixed image = Image (0x3ce71e0)
  RTTI typeinfo:   itk::Image<double, 3u>
  Reference Count: 2
  Modified Time: 1578
  Debug: Off
  Object Name: 
  Observers: 
    none
  Source: (none)
  Source output name: (none)
  Release Data: Off
  Data Released: False
  Global Release Data: Off
  PipelineMTime: 0
  UpdateMTime: 1189
  RealTimeStamp: 0 seconds 
  LargestPossibleRegion: 
    Dimension: 3
    Index: [0, 0, 0]
    Size: [193, 229, 193]
  BufferedRegion: 
    Dimension: 3
    Index: [0, 0, 0]
    Size: [193, 229, 193]
  RequestedRegion: 
    Dimension: 3
    Index: [0, 0, 0]
    Size: [193, 229, 193]
  Spacing: [1, 1, 1]
  Origin: [96, 132, -78]
  Direction: 
-1 0 0
0 -1 0
0 0 1

  IndexToPointMatrix: 
-1 0 0
0 -1 0
0 0 1

  PointToIndexMatrix: 
-1 0 0
0 -1 0
0 0 1

  Inverse Direction: 
-1 0 0
0 -1 0
0 0 1

  PixelContainer: 
    ImportImageContainer (0x3da6680)
      RTTI typeinfo:   itk::ImportImageContainer<unsigned long, double>
      Reference Count: 1
      Modified Time: 1186
      Debug: Off
      Object Name: 
      Observers: 
        none
      Pointer: 0x1492c0aeb010
      Container manages memory: true
      Size: 8530021
      Capacity: 8530021

     Moving image = Image (0x3da2b20)
  RTTI typeinfo:   itk::Image<double, 3u>
  Reference Count: 2
  Modified Time: 1579
  Debug: Off
  Object Name: 
  Observers: 
    none
  Source: (none)
  Source output name: (none)
  Release Data: Off
  Data Released: False
  Global Release Data: Off
  PipelineMTime: 0
  UpdateMTime: 1576
  RealTimeStamp: 0 seconds 
  LargestPossibleRegion: 
    Dimension: 3
    Index: [0, 0, 0]
    Size: [160, 240, 256]
  BufferedRegion: 
    Dimension: 3
    Index: [0, 0, 0]
    Size: [160, 240, 256]
  RequestedRegion: 
    Dimension: 3
    Index: [0, 0, 0]
    Size: [160, 240, 256]
  Spacing: [1, 1, 1]
  Origin: [91.5134, 94.282, -109.927]
  Direction: 
-0.99591 -0.0698718 -0.0572835
0.0697565 -0.997556 0.00401236
-0.0574239 5.01125e-08 0.99835

  IndexToPointMatrix: 
-0.99591 -0.0698718 -0.0572835
0.0697565 -0.997556 0.00401236
-0.0574239 5.01125e-08 0.99835

  PointToIndexMatrix: 
-0.99591 0.0697565 -0.0574239
-0.0698718 -0.997556 -1.57394e-07
-0.0572835 0.00401239 0.99835

  Inverse Direction: 
-0.99591 0.0697565 -0.0574239
-0.0698718 -0.997556 -1.57394e-07
-0.0572835 0.00401239 0.99835

  PixelContainer: 
    ImportImageContainer (0x3e0bd50)
      RTTI typeinfo:   itk::ImportImageContainer<unsigned long, double>
      Reference Count: 1
      Modified Time: 1573
      Debug: Off
      Object Name: 
      Observers: 
        none
      Pointer: 0x1492bbfea010
      Container manages memory: true
      Size: 9830400
      Capacity: 9830400

     Weighting = 1
     Sampling strategy = regular
     Number of bins = 32
     Radius = 4
     Sampling percentage  = 0.25
   Transform = Rigid
     Gradient step = 0.1
     Update field sigma (voxel space) = 0
     Total field sigma (voxel space) = 0
     Update field time sigma = 0
     Total field time sigma  = 0
     Number of time indices = 0
     Number of time point samples = 0
Registration using 1 total stages.

Stage 0
  iterations = 1000x500x250x100
  convergence threshold = 1e-06
  convergence window size = 10
  number of levels = 4
  using the Mattes MI metric (number of bins = 32, weight = 1, use gradient filter = 0)
  preprocessing:  winsorizing the image intensities
  Shrink factors (level 1 out of 4): [8, 8, 8]
  Shrink factors (level 2 out of 4): [4, 4, 4]
  Shrink factors (level 3 out of 4): [2, 2, 2]
  Shrink factors (level 4 out of 4): [1, 1, 1]
  smoothing sigmas per level: [3, 2, 1, 0]
  regular sampling (percentage = 0.25)

*** Running Euler3DTransform registration ***

DIAGNOSTIC,Iteration,metricValue,convergenceValue,ITERATION_TIME_INDEX,SINCE_LAST
 2DIAGNOSTIC,     1, -4.945358417336e-01, 1.797693134862e+308, 0.0000e+00, 0.0000e+00, 
 2DIAGNOSTIC,     2, -4.961561251864e-01, 1.797693134862e+308, 0.0000e+00, 0.0000e+00, 
 2DIAGNOSTIC,     3, -4.991262242626e-01, 1.797693134862e+308, 0.0000e+00, 0.0000e+00, 
 2DIAGNOSTIC,     4, -5.030433574316e-01, 1.797693134862e+308, 0.0000e+00, 0.0000e+00, 
 2DIAGNOSTIC,     5, -5.059193323095e-01, 1.797693134862e+308, 0.0000e+00, 0.0000e+00, 
 2DIAGNOSTIC,     6, -5.092979147201e-01, 1.797693134862e+308, 0.0000e+00, 0.0000e+00, 
 2DIAGNOSTIC,     7, -5.206203752771e-01, 1.797693134862e+308, 0.0000e+00, 0.0000e+00, 
 2DIAGNOSTIC,     8, -5.236863117051e-01, 1.797693134862e+308, 0.0000e+00, 0.0000e+00, 
 2DIAGNOSTIC,     9, -5.262385794958e-01, 1.797693134862e+308, 0.0000e+00, 0.0000e+00, 
 2DIAGNOSTIC,    10, -5.306196454678e-01, 4.918987498779e-03, 0.0000e+00, 0.0000e+00, 
 2DIAGNOSTIC,    11, -5.459916444513e-01, 5.219406581266e-03, 0.0000e+00, 0.0000e+00, 
 2DIAGNOSTIC,    12, -5.733795072231e-01, 6.278032464607e-03, 0.0000e+00, 0.0000e+00, 
 2DIAGNOSTIC,    13, -6.122656771640e-01, 8.270370217211e-03, 0.0000e+00, 0.0000e+00, 
 2DIAGNOSTIC,    14, -6.253798381740e-01, 9.807743925105e-03, 0.0000e+00, 0.0000e+00, 
 2DIAGNOSTIC,    15, -6.298092532994e-01, 1.049049123015e-02, 0.0000e+00, 0.0000e+00, 
 2DIAGNOSTIC,    16, -6.312797887898e-01, 1.028034344467e-02, 0.0000e+00, 0.0000e+00, 
 2DIAGNOSTIC,    17, -6.324187745389e-01, 9.525325391379e-03, 0.0000e+00, 0.0000e+00, 
 2DIAGNOSTIC,    18, -6.332799173149e-01, 8.089519781218e-03, 0.0000e+00, 0.0000e+00, 
 2DIAGNOSTIC,    19, -6.346875280513e-01, 6.189622324345e-03, 0.0000e+00, 0.0000e+00, 
 2DIAGNOSTIC,    20, -6.353636337503e-01, 4.069748146047e-03, 0.0000e+00, 0.0000e+00, 
 2DIAGNOSTIC,    21, -6.354387353217e-01, 2.165304164942e-03, 0.0000e+00, 0.0000e+00, 
 2DIAGNOSTIC,    22, -6.356314863537e-01, 8.583950642324e-04, 0.0000e+00, 0.0000e+00, 
 2DIAGNOSTIC,    23, -6.359823298191e-01, 4.377911562164e-04, 0.0000e+00, 0.0000e+00, 
 2DIAGNOSTIC,    24, -6.363575104549e-01, 2.903025317491e-04, 0.0000e+00, 0.0000e+00, 
 2DIAGNOSTIC,    25, -6.375947514063e-01, 2.396074589073e-04, 0.0000e+00, 0.0000e+00, 
 2DIAGNOSTIC,    26, -6.378089291222e-01, 2.020818502520e-04, 0.0000e+00, 0.0000e+00, 
 2DIAGNOSTIC,    27, -6.379863219113e-01, 1.728016371487e-04, 0.0000e+00, 0.0000e+00, 
 2DIAGNOSTIC,    28, -6.378815405193e-01, 1.424540755148e-04, 0.0000e+00, 0.0000e+00, 
 2DIAGNOSTIC,    29, -6.378970406029e-01, 1.245696176303e-04, 0.0000e+00, 0.0000e+00, 
 2DIAGNOSTIC,    30, -6.391612346880e-01, 1.273524445959e-04, 0.0000e+00, 0.0000e+00, 
 2DIAGNOSTIC,    31, -6.402992641719e-01, 1.362362174204e-04, 0.0000e+00, 0.0000e+00, 
 2DIAGNOSTIC,    32, -6.403296880424e-01, 1.350141482549e-04, 0.0000e+00, 0.0000e+00, 
 2DIAGNOSTIC,    33, -6.405872961656e-01, 1.306530051691e-04, 0.0000e+00, 0.0000e+00, 
 2DIAGNOSTIC,    34, -6.406005132255e-01, 1.194330311635e-04, 0.0000e+00, 0.0000e+00, 
 2DIAGNOSTIC,    35, -6.406669142130e-01, 1.150717922997e-04, 0.0000e+00, 0.0000e+00, 
 2DIAGNOSTIC,    36, -6.407490204723e-01, 1.036969944950e-04, 0.0000e+00, 0.0000e+00, 
 2DIAGNOSTIC,    37, -6.410235284069e-01, 8.924199595586e-05, 0.0000e+00, 0.0000e+00, 
 2DIAGNOSTIC,    38, -6.413977675886e-01, 7.085686310515e-05, 0.0000e+00, 0.0000e+00, 
 2DIAGNOSTIC,    39, -6.420876074383e-01, 5.502917277879e-05, 0.0000e+00, 0.0000e+00, 
 2DIAGNOSTIC,    40, -6.421155800800e-01, 4.968791661283e-05, 0.0000e+00, 0.0000e+00, 
 2DIAGNOSTIC,    41, -6.421527621156e-01, 5.365529030196e-05, 0.0000e+00, 0.0000e+00, 
 2DIAGNOSTIC,    42, -6.422807855562e-01, 5.414036666123e-05, 0.0000e+00, 0.0000e+00, 
 2DIAGNOSTIC,    43, -6.421688418501e-01, 5.098806674742e-05, 0.0000e+00, 0.0000e+00, 
 2DIAGNOSTIC,    44, -6.425356347677e-01, 4.720795195668e-05, 0.0000e+00, 0.0000e+00, 
 2DIAGNOSTIC,    45, -6.433575417610e-01, 4.836980402459e-05, 0.0000e+00, 0.0000e+00, 
 2DIAGNOSTIC,    46, -6.442553231259e-01, 5.476196455318e-05, 0.0000e+00, 0.0000e+00, 
 2DIAGNOSTIC,    47, -6.445537391303e-01, 6.126767566794e-05, 0.0000e+00, 0.0000e+00, 
 2DIAGNOSTIC,    48, -6.449854586566e-01, 6.950935016275e-05, 0.0000e+00, 0.0000e+00, 
 2DIAGNOSTIC,    49, -6.463419148073e-01, 9.028570423347e-05, 0.0000e+00, 0.0000e+00, 
 2DIAGNOSTIC,    50, -6.465816693114e-01, 1.036438919181e-04, 0.0000e+00, 0.0000e+00, 
 2DIAGNOSTIC,    51, -6.467256031650e-01, 1.082200750399e-04, 0.0000e+00, 0.0000e+00, 
 2DIAGNOSTIC,    52, -6.470369582974e-01, 1.065167556813e-04, 0.0000e+00, 0.0000e+00, 
 2DIAGNOSTIC,    53, -6.471385382796e-01, 9.461711171402e-05, 0.0000e+00, 0.0000e+00, 
 2DIAGNOSTIC,    54, -6.471850364786e-01, 7.746301724437e-05, 0.0000e+00, 0.0000e+00, 
 2DIAGNOSTIC,    55, -6.471046224392e-01, 5.967830232190e-05, 0.0000e+00, 0.0000e+00, 
 2DIAGNOSTIC,    56, -6.472206324714e-01, 4.543358427418e-05, 0.0000e+00, 0.0000e+00, 
 2DIAGNOSTIC,    57, -6.471442545224e-01, 2.919861277420e-05, 0.0000e+00, 0.0000e+00, 
 2DIAGNOSTIC,    58, -6.472136548465e-01, 1.452423515795e-05, 0.0000e+00, 0.0000e+00, 
 2DIAGNOSTIC,    59, -6.473150900330e-01, 1.042984896251e-05, 0.0000e+00, 0.0000e+00, 
 2DIAGNOSTIC,    60, -6.472102066588e-01, 6.558412750175e-06, 0.0000e+00, 0.0000e+00, 
 2DIAGNOSTIC,    61, -6.472325691242e-01, 3.477775257069e-06, 0.0000e+00, 0.0000e+00, 
 2DIAGNOSTIC,    62, -6.471437246692e-01, 1.848217166193e-06, 0.0000e+00, 0.0000e+00, 
DIAGNOSTIC,Iteration,metricValue,convergenceValue,ITERATION_TIME_INDEX,SINCE_LAST
 2DIAGNOSTIC,     1, -5.359490748958e-01, 1.797693134862e+308, 0.0000e+00, 0.0000e+00, 
 2DIAGNOSTIC,     2, -5.368781696675e-01, 1.797693134862e+308, 0.0000e+00, 0.0000e+00, 
 2DIAGNOSTIC,     3, -5.381934169503e-01, 1.797693134862e+308, 0.0000e+00, 0.0000e+00, 
 2DIAGNOSTIC,     4, -5.397212968342e-01, 1.797693134862e+308, 0.0000e+00, 0.0000e+00, 
 2DIAGNOSTIC,     5, -5.412990166271e-01, 1.797693134862e+308, 0.0000e+00, 0.0000e+00, 
 2DIAGNOSTIC,     6, -5.426963037142e-01, 1.797693134862e+308, 0.0000e+00, 0.0000e+00, 
 2DIAGNOSTIC,     7, -5.434814288998e-01, 1.797693134862e+308, 0.0000e+00, 0.0000e+00, 
 2DIAGNOSTIC,     8, -5.437572061662e-01, 1.797693134862e+308, 0.0000e+00, 0.0000e+00, 
 2DIAGNOSTIC,     9, -5.445612013149e-01, 1.797693134862e+308, 0.0000e+00, 0.0000e+00, 
 2DIAGNOSTIC,    10, -5.452712826026e-01, 1.154697540010e-03, 0.0000e+00, 0.0000e+00, 
 2DIAGNOSTIC,    11, -5.453174557521e-01, 9.235880491959e-04, 0.0000e+00, 0.0000e+00, 
 2DIAGNOSTIC,    12, -5.453162759707e-01, 6.896115079327e-04, 0.0000e+00, 0.0000e+00, 
 2DIAGNOSTIC,    13, -5.454895656774e-01, 4.898434163637e-04, 0.0000e+00, 0.0000e+00, 
 2DIAGNOSTIC,    14, -5.458346756946e-01, 3.432269346651e-04, 0.0000e+00, 0.0000e+00, 
 2DIAGNOSTIC,    15, -5.459171765409e-01, 2.414147023398e-04, 0.0000e+00, 0.0000e+00, 
 2DIAGNOSTIC,    16, -5.467848860269e-01, 2.043995257485e-04, 0.0000e+00, 0.0000e+00, 
 2DIAGNOSTIC,    17, -5.476091517472e-01, 2.024890915810e-04, 0.0000e+00, 0.0000e+00, 
 2DIAGNOSTIC,    18, -5.479962955619e-01, 2.006574694506e-04, 0.0000e+00, 0.0000e+00, 
 2DIAGNOSTIC,    19, -5.484339234833e-01, 2.143752227244e-04, 0.0000e+00, 0.0000e+00, 
 2DIAGNOSTIC,    20, -5.484659320021e-01, 2.263695867929e-04, 0.0000e+00, 0.0000e+00, 
 2DIAGNOSTIC,    21, -5.484773972302e-01, 2.177244167183e-04, 0.0000e+00, 0.0000e+00, 
 2DIAGNOSTIC,    22, -5.484455355586e-01, 1.886497945443e-04, 0.0000e+00, 0.0000e+00, 
 2DIAGNOSTIC,    23, -5.484399403734e-01, 1.483171772868e-04, 0.0000e+00, 0.0000e+00, 
 2DIAGNOSTIC,    24, -5.484400024256e-01, 1.053770396673e-04, 0.0000e+00, 0.0000e+00, 
 2DIAGNOSTIC,    25, -5.484317258718e-01, 5.743721761835e-05, 0.0000e+00, 0.0000e+00, 
 2DIAGNOSTIC,    26, -5.484236095163e-01, 2.493101561857e-05, 0.0000e+00, 0.0000e+00, 
 2DIAGNOSTIC,    27, -5.484048022272e-01, 8.079082072024e-06, 0.0000e+00, 0.0000e+00, 
DIAGNOSTIC,Iteration,metricValue,convergenceValue,ITERATION_TIME_INDEX,SINCE_LAST
 2DIAGNOSTIC,     1, -4.668784255463e-01, 1.797693134862e+308, 0.0000e+00, 0.0000e+00, 
 2DIAGNOSTIC,     2, -4.670174874541e-01, 1.797693134862e+308, 0.0000e+00, 0.0000e+00, 
 2DIAGNOSTIC,     3, -4.670961229226e-01, 1.797693134862e+308, 0.0000e+00, 0.0000e+00, 
 2DIAGNOSTIC,     4, -4.671157784105e-01, 1.797693134862e+308, 0.0000e+00, 0.0000e+00, 
 2DIAGNOSTIC,     5, -4.671275182398e-01, 1.797693134862e+308, 0.0000e+00, 0.0000e+00, 
 2DIAGNOSTIC,     6, -4.671724397411e-01, 1.797693134862e+308, 0.0000e+00, 0.0000e+00, 
 2DIAGNOSTIC,     7, -4.672318047414e-01, 1.797693134862e+308, 0.0000e+00, 0.0000e+00, 
 2DIAGNOSTIC,     8, -4.672650781318e-01, 1.797693134862e+308, 0.0000e+00, 0.0000e+00, 
 2DIAGNOSTIC,     9, -4.673819722432e-01, 1.797693134862e+308, 0.0000e+00, 0.0000e+00, 
 2DIAGNOSTIC,    10, -4.673892209916e-01, 6.458521050769e-05, 0.0000e+00, 0.0000e+00, 
 2DIAGNOSTIC,    11, -4.673881951864e-01, 5.198034547683e-05, 0.0000e+00, 0.0000e+00, 
 2DIAGNOSTIC,    12, -4.673885235579e-01, 4.408586606690e-05, 0.0000e+00, 0.0000e+00, 
 2DIAGNOSTIC,    13, -4.673877705349e-01, 3.727101370631e-05, 0.0000e+00, 0.0000e+00, 
 2DIAGNOSTIC,    14, -4.673870679940e-01, 2.904939371660e-05, 0.0000e+00, 0.0000e+00, 
 2DIAGNOSTIC,    15, -4.673863197799e-01, 1.990206333155e-05, 0.0000e+00, 0.0000e+00, 
 2DIAGNOSTIC,    16, -4.673865015110e-01, 1.200493746210e-05, 0.0000e+00, 0.0000e+00, 
 2DIAGNOSTIC,    17, -4.673863781253e-01, 6.254023451176e-06, 0.0000e+00, 0.0000e+00, 
 2DIAGNOSTIC,    18, -4.673878904220e-01, 1.801947873338e-06, 0.0000e+00, 0.0000e+00, 
 2DIAGNOSTIC,    19, -4.673874886676e-01, 1.536715621246e-06, 0.0000e+00, 0.0000e+00, 
 2DIAGNOSTIC,    20, -4.673887050392e-01, 1.569930416855e-06, 0.0000e+00, 0.0000e+00, 
 2DIAGNOSTIC,    21, -4.673879122745e-01, 1.547721640995e-06, 0.0000e+00, 0.0000e+00, 
 2DIAGNOSTIC,    22, -4.673871172383e-01, 1.512109008756e-06, 0.0000e+00, 0.0000e+00, 
 2DIAGNOSTIC,    23, -4.673861803792e-01, 1.429142368135e-06, 0.0000e+00, 0.0000e+00, 
 2DIAGNOSTIC,    24, -4.673853504687e-01, 1.310315605560e-06, 0.0000e+00, 0.0000e+00, 
 2DIAGNOSTIC,    25, -4.673854162273e-01, 1.185664756022e-06, 0.0000e+00, 0.0000e+00, 
 2DIAGNOSTIC,    26, -4.673855892973e-01, 1.086881663032e-06, 0.0000e+00, 0.0000e+00, 
 2DIAGNOSTIC,    27, -4.673856032295e-01, 1.005056719218e-06, 0.0000e+00, 0.0000e+00, 
 2DIAGNOSTIC,    28, -4.673867204259e-01, 1.003176091613e-06, 0.0000e+00, 0.0000e+00, 
 2DIAGNOSTIC,    29, -4.673867907322e-01, 1.005415539657e-06, 0.0000e+00, 0.0000e+00, 
 2DIAGNOSTIC,    30, -4.673867971247e-01, 1.041009849594e-06, 0.0000e+00, 0.0000e+00, 
 2DIAGNOSTIC,    31, -4.673860279206e-01, 1.045610063817e-06, 0.0000e+00, 0.0000e+00, 
 2DIAGNOSTIC,    32, -4.673860549867e-01, 1.034019767657e-06, 0.0000e+00, 0.0000e+00, 
DIAGNOSTIC,Iteration,metricValue,convergenceValue,ITERATION_TIME_INDEX,SINCE_LAST
 2DIAGNOSTIC,     1, -4.256530984484e-01, 1.797693134862e+308, 0.0000e+00, 0.0000e+00, 
 2DIAGNOSTIC,     2, -4.257108257024e-01, 1.797693134862e+308, 0.0000e+00, 0.0000e+00, 
 2DIAGNOSTIC,     3, -4.258191346860e-01, 1.797693134862e+308, 0.0000e+00, 0.0000e+00, 
 2DIAGNOSTIC,     4, -4.258898397787e-01, 1.797693134862e+308, 0.0000e+00, 0.0000e+00, 
 2DIAGNOSTIC,     5, -4.259423490285e-01, 1.797693134862e+308, 2.5600e+02, 2.5600e+02, 
 2DIAGNOSTIC,     6, -4.259950077432e-01, 1.797693134862e+308, 2.5600e+02, 0.0000e+00, 
 2DIAGNOSTIC,     7, -4.260474839380e-01, 1.797693134862e+308, 2.5600e+02, 0.0000e+00, 
 2DIAGNOSTIC,     8, -4.260474805974e-01, 1.797693134862e+308, 2.5600e+02, 0.0000e+00, 
 2DIAGNOSTIC,     9, -4.260471166682e-01, 1.797693134862e+308, 2.5600e+02, 0.0000e+00, 
 2DIAGNOSTIC,    10, -4.260472950201e-01, 6.527342754391e-05, 2.5600e+02, 0.0000e+00, 
 2DIAGNOSTIC,    11, -4.260471818043e-01, 4.558368248936e-05, 2.5600e+02, 0.0000e+00, 
 2DIAGNOSTIC,    12, -4.260471512215e-01, 2.841842935063e-05, 2.5600e+02, 0.0000e+00, 
 2DIAGNOSTIC,    13, -4.260470889872e-01, 1.708617723299e-05, 2.5600e+02, 0.0000e+00, 
 2DIAGNOSTIC,    14, -4.260470713124e-01, 9.411637159742e-06, 2.5600e+02, 0.0000e+00, 
 2DIAGNOSTIC,    15, -4.260470775546e-01, 4.405323991111e-06, 2.5600e+02, 0.0000e+00, 
 2DIAGNOSTIC,    16, -4.260470751799e-01, 1.947922814646e-06, 2.5600e+02, 0.0000e+00, 
 2DIAGNOSTIC,    17, -4.260470685654e-01, 1.842386054683e-06, 2.5600e+02, 0.0000e+00, 
 2DIAGNOSTIC,    18, -4.260470779032e-01, 1.751656605355e-06, 2.5600e+02, 0.0000e+00, 
 2DIAGNOSTIC,    19, -4.260470810219e-01, 1.658766287972e-06, 2.5600e+02, 0.0000e+00, 
 2DIAGNOSTIC,    20, -4.260470987258e-01, 1.582966508054e-06, 2.5600e+02, 0.0000e+00, 
 2DIAGNOSTIC,    21, -4.260470984991e-01, 1.511246913048e-06, 2.5600e+02, 0.0000e+00, 
 2DIAGNOSTIC,    22, -4.260471199258e-01, 1.445945710485e-06, 2.5600e+02, 0.0000e+00, 
 2DIAGNOSTIC,    23, -4.260471200420e-01, 1.384314347687e-06, 2.5600e+02, 0.0000e+00, 
 2DIAGNOSTIC,    24, -4.260471207868e-01, 1.327025510062e-06, 2.5600e+02, 0.0000e+00, 
 2DIAGNOSTIC,    25, -4.260471122800e-01, 1.273922161149e-06, 2.5600e+02, 0.0000e+00, 
 2DIAGNOSTIC,    26, -4.260471133068e-01, 1.224554096110e-06, 2.5600e+02, 0.0000e+00, 
 2DIAGNOSTIC,    27, -4.260471162276e-01, 1.178460808236e-06, 2.5600e+02, 0.0000e+00, 
 2DIAGNOSTIC,    28, -4.260471166793e-01, 1.135687818274e-06, 2.5600e+02, 0.0000e+00, 
 2DIAGNOSTIC,    29, -4.260471160823e-01, 1.095790349112e-06, 2.5600e+02, 0.0000e+00, 
 2DIAGNOSTIC,    30, -4.260470102224e-01, 1.056546415225e-06, 2.5600e+02, 0.0000e+00, 
 2DIAGNOSTIC,    31, -4.260470078819e-01, 1.020033610202e-06, 2.5600e+02, 0.0000e+00, 
  Elapsed time (stage 0): 2.5600e+02


Total elapsed time: 2.5600e+02
Info [verificarlo]: loaded backend libinterflop_vprec.so
Info [interflop-vprec]: load backend with: 
Info [interflop-vprec]: precision-binary32 = 22
Info [interflop-vprec]: range-binary32 = 8
Info [interflop-vprec]: precision-binary64 = 22
Info [interflop-vprec]: range-binary64 = 8
Info [interflop-vprec]: mode = ob
Info [interflop-vprec]: error-mode = rel
Info [interflop-vprec]: max-abs-error-exponent = -1022
Info [interflop-vprec]: daz = false
Info [interflop-vprec]: ftz = false
Info [interflop-vprec]: 	instrument = none
Info [interflop-vprec]: 	prec-input-file = (null)
Info [interflop-vprec]: 	prec-output-file = (null)
Info [interflop-vprec]: 	prec-log-file = (null)
All_Command_lines_OK
Using double precision for computations.
=============================================================================
The composite transform comprises the following transforms (in order): 
  1. /home/mdugre/scratch/mri-registration-rp/datasets/ds004513/derivatives/mri-registration-rp/0110/antsRegistration-r8-p22/sub-s033/rigid_Composite.h5[0] (type = Euler3DTransform)
  2. /home/mdugre/scratch/mri-registration-rp/datasets/ds004513/derivatives/mri-registration-rp/0110/antsRegistration-r8-p22/sub-s033/rigid_Composite.h5[1] (type = Euler3DTransform)
  3. /home/mdugre/scratch/mri-registration-rp/datasets/ds004513/derivatives/mri-registration-rp/0110/antsRegistration-r8-p22/sub-s033/rigid_Composite.h5[2] (type = Euler3DTransform)
=============================================================================
  number of levels = 4
  fixed image: /templateflow/tpl-MNI152NLin2009cAsym/tpl-MNI152NLin2009cAsym_res-01_desc-brain_T1w.nii.gz
  moving image: /home/mdugre/scratch/mri-registration-rp/datasets/ds004513/derivatives/mri-registration-rp/antsBrainExtraction/sub-s033/BrainExtractionBrain.nii.gz
Dimension = 3
Number of stages = 1
Use histogram matching = false
Winsorize image intensities = true
  Lower quantile = 0.005
  Upper quantile = 0.995


Stage 1 State
   Image metric = MattesMI
     Fixed image = Image (0x3633490)
  RTTI typeinfo:   itk::Image<double, 3u>
  Reference Count: 2
  Modified Time: 1592
  Debug: Off
  Object Name: 
  Observers: 
    none
  Source: (none)
  Source output name: (none)
  Release Data: Off
  Data Released: False
  Global Release Data: Off
  PipelineMTime: 0
  UpdateMTime: 1203
  RealTimeStamp: 0 seconds 
  LargestPossibleRegion: 
    Dimension: 3
    Index: [0, 0, 0]
    Size: [193, 229, 193]
  BufferedRegion: 
    Dimension: 3
    Index: [0, 0, 0]
    Size: [193, 229, 193]
  RequestedRegion: 
    Dimension: 3
    Index: [0, 0, 0]
    Size: [193, 229, 193]
  Spacing: [1, 1, 1]
  Origin: [96, 132, -78]
  Direction: 
-1 0 0
0 -1 0
0 0 1

  IndexToPointMatrix: 
-1 0 0
0 -1 0
0 0 1

  PointToIndexMatrix: 
-1 0 0
0 -1 0
0 0 1

  Inverse Direction: 
-1 0 0
0 -1 0
0 0 1

  PixelContainer: 
    ImportImageContainer (0x36ebfa0)
      RTTI typeinfo:   itk::ImportImageContainer<unsigned long, double>
      Reference Count: 1
      Modified Time: 1200
      Debug: Off
      Object Name: 
      Observers: 
        none
      Pointer: 0x154f7de7c010
      Container manages memory: true
      Size: 8530021
      Capacity: 8530021

     Moving image = Image (0x36eed20)
  RTTI typeinfo:   itk::Image<double, 3u>
  Reference Count: 2
  Modified Time: 1593
  Debug: Off
  Object Name: 
  Observers: 
    none
  Source: (none)
  Source output name: (none)
  Release Data: Off
  Data Released: False
  Global Release Data: Off
  PipelineMTime: 0
  UpdateMTime: 1590
  RealTimeStamp: 0 seconds 
  LargestPossibleRegion: 
    Dimension: 3
    Index: [0, 0, 0]
    Size: [160, 240, 256]
  BufferedRegion: 
    Dimension: 3
    Index: [0, 0, 0]
    Size: [160, 240, 256]
  RequestedRegion: 
    Dimension: 3
    Index: [0, 0, 0]
    Size: [160, 240, 256]
  Spacing: [1, 1, 1]
  Origin: [91.5134, 94.282, -109.927]
  Direction: 
-0.99591 -0.0698718 -0.0572835
0.0697565 -0.997556 0.00401236
-0.0574239 5.01125e-08 0.99835

  IndexToPointMatrix: 
-0.99591 -0.0698718 -0.0572835
0.0697565 -0.997556 0.00401236
-0.0574239 5.01125e-08 0.99835

  PointToIndexMatrix: 
-0.99591 0.0697565 -0.0574239
-0.0698718 -0.997556 -1.57394e-07
-0.0572835 0.00401239 0.99835

  Inverse Direction: 
-0.99591 0.0697565 -0.0574239
-0.0698718 -0.997556 -1.57394e-07
-0.0572835 0.00401239 0.99835

  PixelContainer: 
    ImportImageContainer (0x37aa390)
      RTTI typeinfo:   itk::ImportImageContainer<unsigned long, double>
      Reference Count: 1
      Modified Time: 1587
      Debug: Off
      Object Name: 
      Observers: 
        none
      Pointer: 0x154f7937b010
      Container manages memory: true
      Size: 9830400
      Capacity: 9830400

     Weighting = 1
     Sampling strategy = regular
     Number of bins = 32
     Radius = 4
     Sampling percentage  = 0.25
   Transform = Affine
     Gradient step = 0.1
     Update field sigma (voxel space) = 0
     Total field sigma (voxel space) = 0
     Update field time sigma = 0
     Total field time sigma  = 0
     Number of time indices = 0
     Number of time point samples = 0
Registration using 1 total stages.

Stage 0
  iterations = 1000x500x250x100
  convergence threshold = 1e-06
  convergence window size = 10
  number of levels = 4
  using the Mattes MI metric (number of bins = 32, weight = 1, use gradient filter = 0)
  preprocessing:  winsorizing the image intensities
  Shrink factors (level 1 out of 4): [8, 8, 8]
  Shrink factors (level 2 out of 4): [4, 4, 4]
  Shrink factors (level 3 out of 4): [2, 2, 2]
  Shrink factors (level 4 out of 4): [1, 1, 1]
  smoothing sigmas per level: [3, 2, 1, 0]
  regular sampling (percentage = 0.25)

*** Running AffineTransform registration ***

DIAGNOSTIC,Iteration,metricValue,convergenceValue,ITERATION_TIME_INDEX,SINCE_LAST
 2DIAGNOSTIC,     1, -6.379085012011e-01, 1.797693134862e+308, 0.0000e+00, 0.0000e+00, 
 2DIAGNOSTIC,     2, -6.400038996709e-01, 1.797693134862e+308, 0.0000e+00, 0.0000e+00, 
 2DIAGNOSTIC,     3, -6.444706861655e-01, 1.797693134862e+308, 0.0000e+00, 0.0000e+00, 
 2DIAGNOSTIC,     4, -6.514621432674e-01, 1.797693134862e+308, 0.0000e+00, 0.0000e+00, 
 2DIAGNOSTIC,     5, -6.627715055808e-01, 1.797693134862e+308, 0.0000e+00, 0.0000e+00, 
 2DIAGNOSTIC,     6, -6.832773049286e-01, 1.797693134862e+308, 0.0000e+00, 0.0000e+00, 
 2DIAGNOSTIC,     7, -7.173741813812e-01, 1.797693134862e+308, 0.0000e+00, 0.0000e+00, 
 2DIAGNOSTIC,     8, -8.439360454185e-01, 1.797693134862e+308, 0.0000e+00, 0.0000e+00, 
 2DIAGNOSTIC,     9, -8.739659021621e-01, 1.797693134862e+308, 0.0000e+00, 0.0000e+00, 
 2DIAGNOSTIC,    10, -8.786440758169e-01, 2.433655782984e-02, 0.0000e+00, 0.0000e+00, 
 2DIAGNOSTIC,    11, -8.893543055841e-01, 2.450667906344e-02, 0.0000e+00, 0.0000e+00, 
 2DIAGNOSTIC,    12, -9.034014446371e-01, 2.293262531193e-02, 0.0000e+00, 0.0000e+00, 
 2DIAGNOSTIC,    13, -9.057908965813e-01, 1.973177544110e-02, 0.0000e+00, 0.0000e+00, 
 2DIAGNOSTIC,    14, -9.063530830141e-01, 1.548827384245e-02, 0.0000e+00, 0.0000e+00, 
 2DIAGNOSTIC,    15, -9.072498893803e-01, 1.084230388502e-02, 0.0000e+00, 0.0000e+00, 
 2DIAGNOSTIC,    16, -9.069914047694e-01, 6.351339456986e-03, 0.0000e+00, 0.0000e+00, 
 2DIAGNOSTIC,    17, -9.067284171846e-01, 2.518534940727e-03, 0.0000e+00, 0.0000e+00, 
 2DIAGNOSTIC,    18, -9.068180013678e-01, 1.409818988347e-03, 0.0000e+00, 0.0000e+00, 
 2DIAGNOSTIC,    19, -9.066843674147e-01, 8.585793921332e-04, 0.0000e+00, 0.0000e+00, 
 2DIAGNOSTIC,    20, -9.067255751528e-01, 3.699996226204e-04, 0.0000e+00, 0.0000e+00, 
 2DIAGNOSTIC,    21, -9.065797717910e-01, 6.753224277940e-05, 0.0000e+00, 0.0000e+00, 
 2DIAGNOSTIC,    22, -9.065973546799e-01, 9.567641007124e-06, 0.0000e+00, 0.0000e+00, 
DIAGNOSTIC,Iteration,metricValue,convergenceValue,ITERATION_TIME_INDEX,SINCE_LAST
 2DIAGNOSTIC,     1, -7.443511262901e-01, 1.797693134862e+308, 0.0000e+00, 0.0000e+00, 
 2DIAGNOSTIC,     2, -7.450359979901e-01, 1.797693134862e+308, 0.0000e+00, 0.0000e+00, 
 2DIAGNOSTIC,     3, -7.458426498634e-01, 1.797693134862e+308, 0.0000e+00, 0.0000e+00, 
 2DIAGNOSTIC,     4, -7.466809323487e-01, 1.797693134862e+308, 0.0000e+00, 0.0000e+00, 
 2DIAGNOSTIC,     5, -7.475597946215e-01, 1.797693134862e+308, 0.0000e+00, 0.0000e+00, 
 2DIAGNOSTIC,     6, -7.485038003251e-01, 1.797693134862e+308, 0.0000e+00, 0.0000e+00, 
 2DIAGNOSTIC,     7, -7.485439607557e-01, 1.797693134862e+308, 0.0000e+00, 0.0000e+00, 
 2DIAGNOSTIC,     8, -7.485677941692e-01, 1.797693134862e+308, 0.0000e+00, 0.0000e+00, 
 2DIAGNOSTIC,     9, -7.485716696189e-01, 1.797693134862e+308, 0.0000e+00, 0.0000e+00, 
 2DIAGNOSTIC,    10, -7.485909071276e-01, 3.937120849355e-04, 0.0000e+00, 0.0000e+00, 
 2DIAGNOSTIC,    11, -7.486039369477e-01, 2.716351080658e-04, 0.0000e+00, 0.0000e+00, 
 2DIAGNOSTIC,    12, -7.486261021083e-01, 1.681476083059e-04, 0.0000e+00, 0.0000e+00, 
 2DIAGNOSTIC,    13, -7.486290721905e-01, 8.937663479662e-05, 0.0000e+00, 0.0000e+00, 
 2DIAGNOSTIC,    14, -7.486526384230e-01, 3.702809309651e-05, 0.0000e+00, 0.0000e+00, 
 2DIAGNOSTIC,    15, -7.486608332873e-01, 1.029364396953e-05, 0.0000e+00, 0.0000e+00, 
 2DIAGNOSTIC,    16, -7.486918173709e-01, 9.291061540698e-06, 0.0000e+00, 0.0000e+00, 
 2DIAGNOSTIC,    17, -7.486777190179e-01, 8.290952572834e-06, 0.0000e+00, 0.0000e+00, 
 2DIAGNOSTIC,    18, -7.486594515298e-01, 6.948068110427e-06, 0.0000e+00, 0.0000e+00, 
 2DIAGNOSTIC,    19, -7.486521221892e-01, 5.205152645196e-06, 0.0000e+00, 0.0000e+00, 
 2DIAGNOSTIC,    20, -7.486462415919e-01, 3.550090272954e-06, 0.0000e+00, 0.0000e+00, 
 2DIAGNOSTIC,    21, -7.486159797753e-01, 1.541487497196e-06, 0.0000e+00, 0.0000e+00, 
DIAGNOSTIC,Iteration,metricValue,convergenceValue,ITERATION_TIME_INDEX,SINCE_LAST
 2DIAGNOSTIC,     1, -6.325383358154e-01, 1.797693134862e+308, 0.0000e+00, 0.0000e+00, 
 2DIAGNOSTIC,     2, -6.331269069577e-01, 1.797693134862e+308, 0.0000e+00, 0.0000e+00, 
 2DIAGNOSTIC,     3, -6.337863537137e-01, 1.797693134862e+308, 0.0000e+00, 0.0000e+00, 
 2DIAGNOSTIC,     4, -6.346262129449e-01, 1.797693134862e+308, 0.0000e+00, 0.0000e+00, 
 2DIAGNOSTIC,     5, -6.368252758136e-01, 1.797693134862e+308, 0.0000e+00, 0.0000e+00, 
 2DIAGNOSTIC,     6, -6.378211849418e-01, 1.797693134862e+308, 0.0000e+00, 0.0000e+00, 
 2DIAGNOSTIC,     7, -6.378622282952e-01, 1.797693134862e+308, 0.0000e+00, 0.0000e+00, 
 2DIAGNOSTIC,     8, -6.378362089764e-01, 1.797693134862e+308, 0.0000e+00, 0.0000e+00, 
 2DIAGNOSTIC,     9, -6.378328499752e-01, 1.797693134862e+308, 0.0000e+00, 0.0000e+00, 
 2DIAGNOSTIC,    10, -6.378326929907e-01, 6.254009887312e-04, 0.0000e+00, 0.0000e+00, 
 2DIAGNOSTIC,    11, -6.378326786796e-01, 4.484601050450e-04, 0.0000e+00, 0.0000e+00, 
 2DIAGNOSTIC,    12, -6.378269437164e-01, 2.836757249015e-04, 0.0000e+00, 0.0000e+00, 
 2DIAGNOSTIC,    13, -6.378275747316e-01, 1.422612104061e-04, 0.0000e+00, 0.0000e+00, 
 2DIAGNOSTIC,    14, -6.378252411353e-01, 3.349914304128e-05, 0.0000e+00, 0.0000e+00, 
DIAGNOSTIC,Iteration,metricValue,convergenceValue,ITERATION_TIME_INDEX,SINCE_LAST
 2DIAGNOSTIC,     1, -5.637243534568e-01, 1.797693134862e+308, 0.0000e+00, 0.0000e+00, 
 2DIAGNOSTIC,     2, -5.638324294942e-01, 1.797693134862e+308, 2.5600e+02, 2.5600e+02, 
 2DIAGNOSTIC,     3, -5.638386163843e-01, 1.797693134862e+308, 2.5600e+02, 0.0000e+00, 
 2DIAGNOSTIC,     4, -5.638367616308e-01, 1.797693134862e+308, 2.5600e+02, 0.0000e+00, 
 2DIAGNOSTIC,     5, -5.638368066321e-01, 1.797693134862e+308, 2.5600e+02, 0.0000e+00, 
 2DIAGNOSTIC,     6, -5.638365339261e-01, 1.797693134862e+308, 2.5600e+02, 0.0000e+00, 
 2DIAGNOSTIC,     7, -5.638362703139e-01, 1.797693134862e+308, 2.5600e+02, 0.0000e+00, 
 2DIAGNOSTIC,     8, -5.638364497379e-01, 1.797693134862e+308, 2.5600e+02, 0.0000e+00, 
 2DIAGNOSTIC,     9, -5.638361164871e-01, 1.797693134862e+308, 2.5600e+02, 0.0000e+00, 
 2DIAGNOSTIC,    10, -5.638361226184e-01, 8.881611712239e-06, 2.5600e+02, 0.0000e+00, 
 2DIAGNOSTIC,    11, -5.638359453060e-01, 2.917974008768e-06, 2.5600e+02, 0.0000e+00, 
 2DIAGNOSTIC,    12, -5.638358346925e-01, 2.472563532932e-06, 2.5600e+02, 0.0000e+00, 
 2DIAGNOSTIC,    13, -5.638362627029e-01, 2.369797727664e-06, 2.5600e+02, 0.0000e+00, 
 2DIAGNOSTIC,    14, -5.638363806397e-01, 2.225083038376e-06, 2.5600e+02, 0.0000e+00, 
 2DIAGNOSTIC,    15, -5.638361325075e-01, 2.097108112151e-06, 2.5600e+02, 0.0000e+00, 
 2DIAGNOSTIC,    16, -5.638358993067e-01, 1.971762464845e-06, 2.5600e+02, 0.0000e+00, 
 2DIAGNOSTIC,    17, -5.638359743584e-01, 1.856702018223e-06, 2.5600e+02, 0.0000e+00, 
 2DIAGNOSTIC,    18, -5.638357231511e-01, 1.753202593727e-06, 2.5600e+02, 0.0000e+00, 
 2DIAGNOSTIC,    19, -5.638357542357e-01, 1.653544527851e-06, 2.5600e+02, 0.0000e+00, 
 2DIAGNOSTIC,    20, -5.638355272535e-01, 1.560269426229e-06, 2.5600e+02, 0.0000e+00, 
 2DIAGNOSTIC,    21, -5.638357646445e-01, 1.480314115294e-06, 2.5600e+02, 0.0000e+00, 
 2DIAGNOSTIC,    22, -5.638357697385e-01, 1.407657679905e-06, 2.5600e+02, 0.0000e+00, 
 2DIAGNOSTIC,    23, -5.638357688026e-01, 1.353874133941e-06, 2.5600e+02, 0.0000e+00, 
 2DIAGNOSTIC,    24, -5.638357687068e-01, 1.309793980206e-06, 2.5600e+02, 0.0000e+00, 
 2DIAGNOSTIC,    25, -5.638357687068e-01, 1.265627565000e-06, 2.5600e+02, 0.0000e+00, 
 2DIAGNOSTIC,    26, -5.638357687068e-01, 1.220624464650e-06, 2.5600e+02, 0.0000e+00, 
 2DIAGNOSTIC,    27, -5.638357687068e-01, 1.180487200075e-06, 2.5600e+02, 0.0000e+00, 
 2DIAGNOSTIC,    28, -5.638357687068e-01, 1.138294726540e-06, 2.5600e+02, 0.0000e+00, 
 2DIAGNOSTIC,    29, -5.638357687068e-01, 1.099329646675e-06, 5.1200e+02, 2.5600e+02, 
 2DIAGNOSTIC,    30, -5.638357687068e-01, 1.058633409358e-06, 5.1200e+02, 0.0000e+00, 
 2DIAGNOSTIC,    31, -5.638357687068e-01, 1.024415296112e-06, 5.1200e+02, 0.0000e+00, 
  Elapsed time (stage 0): 5.1200e+02


Total elapsed time: 5.1200e+02
Info [verificarlo]: loaded backend libinterflop_ieee.so
Info [interflop-ieee]: load backend with:
Info [interflop-ieee]: debug = false
Info [interflop-ieee]: debug-binary = false
Info [interflop-ieee]: no-backend-name = false
Info [interflop-ieee]: print-new-line = false
Info [interflop-ieee]: print-subnormal-normalized = false
Info [interflop-ieee]: count-op = false
All_Command_lines_OK
Using double precision for computations.
=============================================================================
The composite transform comprises the following transforms (in order): 
  1. /home/mdugre/scratch/mri-registration-rp/datasets/ds004513/derivatives/mri-registration-rp/0110/antsRegistration-r8-p22/sub-s033/affine_Composite.h5[0] (type = Euler3DTransform)
  2. /home/mdugre/scratch/mri-registration-rp/datasets/ds004513/derivatives/mri-registration-rp/0110/antsRegistration-r8-p22/sub-s033/affine_Composite.h5[1] (type = Euler3DTransform)
