
##########################
# Experiment information #
##########################

EXPERIMENT_NAME: antsRegistration-r7-p9
VFC_BACKENDS: libinterflop_vprec.so --range-binary32=7 --precision-binary32=9 --range-binary64=7 --precision-binary64=9

SIF_IMG: /home/mdugre/projects/rrg-glatard/mdugre/containers/ants-vprec-no_metrics.simg

SUBJECT_ID: s003
INPUT_IMG: /home/mdugre/scratch/mri-registration-rp/datasets/ds004513/derivatives/mri-registration-rp/antsBrainExtraction/sub-s003/BrainExtractionBrain.nii.gz
OUTPUT_DIR: /home/mdugre/scratch/mri-registration-rp/datasets/ds004513/derivatives/mri-registration-rp/0110/antsRegistration-r7-p9/sub-s003

FIXED_IMG: /templateflow/tpl-MNI152NLin2009cAsym/tpl-MNI152NLin2009cAsym_res-01_desc-brain_T1w.nii.gz
DATA_DIR: /home/mdugre/scratch/mri-registration-rp/datasets/ds004513
TEMPLATEFLOW_DIR: /home/mdugre/projects/rrg-glatard/mdugre/templateflow
ITK_GLOBAL_DEFAULT_NUMBER_OF_THREADS: 16
##########################

Info [verificarlo]: loaded backend libinterflop_ieee.so
Info [interflop-ieee]: load backend with:
Info [interflop-ieee]: debug = false
Info [interflop-ieee]: debug-binary = false
Info [interflop-ieee]: no-backend-name = false
Info [interflop-ieee]: print-new-line = false
Info [interflop-ieee]: print-subnormal-normalized = false
Info [interflop-ieee]: count-op = false
All_Command_lines_OK
Using double precision for computations.
=============================================================================
The composite transform comprises the following transforms (in order): 
  1. Center of mass alignment using fixed image: /templateflow/tpl-MNI152NLin2009cAsym/tpl-MNI152NLin2009cAsym_res-01_desc-brain_T1w.nii.gz and moving image: /home/mdugre/scratch/mri-registration-rp/datasets/ds004513/derivatives/mri-registration-rp/antsBrainExtraction/sub-s003/BrainExtractionBrain.nii.gz (type = Euler3DTransform)
=============================================================================
  number of levels = 1
  fixed image: /templateflow/tpl-MNI152NLin2009cAsym/tpl-MNI152NLin2009cAsym_res-01_desc-brain_T1w.nii.gz
  moving image: /home/mdugre/scratch/mri-registration-rp/datasets/ds004513/derivatives/mri-registration-rp/antsBrainExtraction/sub-s003/BrainExtractionBrain.nii.gz
Dimension = 3
Number of stages = 1
Use histogram matching = false
Winsorize image intensities = true
  Lower quantile = 0.005
  Upper quantile = 0.995


Stage 1 State
   Image metric = MattesMI
     Fixed image = Image (0x3e44bd0)
  RTTI typeinfo:   itk::Image<double, 3u>
  Reference Count: 2
  Modified Time: 2334
  Debug: Off
  Object Name: 
  Observers: 
    none
  Source: (none)
  Source output name: (none)
  Release Data: Off
  Data Released: False
  Global Release Data: Off
  PipelineMTime: 0
  UpdateMTime: 1943
  RealTimeStamp: 0 seconds 
  LargestPossibleRegion: 
    Dimension: 3
    Index: [0, 0, 0]
    Size: [193, 229, 193]
  BufferedRegion: 
    Dimension: 3
    Index: [0, 0, 0]
    Size: [193, 229, 193]
  RequestedRegion: 
    Dimension: 3
    Index: [0, 0, 0]
    Size: [193, 229, 193]
  Spacing: [1, 1, 1]
  Origin: [96, 132, -78]
  Direction: 
-1 0 0
0 -1 0
0 0 1

  IndexToPointMatrix: 
-1 0 0
0 -1 0
0 0 1

  PointToIndexMatrix: 
-1 0 0
0 -1 0
0 0 1

  Inverse Direction: 
-1 0 0
0 -1 0
0 0 1

  PixelContainer: 
    ImportImageContainer (0x3e9c930)
      RTTI typeinfo:   itk::ImportImageContainer<unsigned long, double>
      Reference Count: 1
      Modified Time: 1940
      Debug: Off
      Object Name: 
      Observers: 
        none
      Pointer: 0x151602253010
      Container manages memory: true
      Size: 8530021
      Capacity: 8530021

     Moving image = Image (0x3f34610)
  RTTI typeinfo:   itk::Image<double, 3u>
  Reference Count: 2
  Modified Time: 2335
  Debug: Off
  Object Name: 
  Observers: 
    none
  Source: (none)
  Source output name: (none)
  Release Data: Off
  Data Released: False
  Global Release Data: Off
  PipelineMTime: 0
  UpdateMTime: 2332
  RealTimeStamp: 0 seconds 
  LargestPossibleRegion: 
    Dimension: 3
    Index: [0, 0, 0]
    Size: [176, 240, 256]
  BufferedRegion: 
    Dimension: 3
    Index: [0, 0, 0]
    Size: [176, 240, 256]
  RequestedRegion: 
    Dimension: 3
    Index: [0, 0, 0]
    Size: [176, 240, 256]
  Spacing: [0.999999, 1, 1]
  Origin: [93.3499, 86.9368, -128.957]
  Direction: 
-0.999513 -0.0279216 -0.0139567
0.0279189 -0.99961 0.000389866
-0.0139622 2.01492e-08 0.999903

  IndexToPointMatrix: 
-0.999512 -0.0279216 -0.0139567
0.0279189 -0.99961 0.000389866
-0.0139621 2.01492e-08 0.999903

  PointToIndexMatrix: 
-0.999514 0.0279189 -0.0139622
-0.0279216 -0.99961 2.01716e-08
-0.0139567 0.000389866 0.999903

  Inverse Direction: 
-0.999513 0.0279189 -0.0139622
-0.0279216 -0.99961 2.01716e-08
-0.0139567 0.000389866 0.999903

  PixelContainer: 
    ImportImageContainer (0x3e74850)
      RTTI typeinfo:   itk::ImportImageContainer<unsigned long, double>
      Reference Count: 1
      Modified Time: 2329
      Debug: Off
      Object Name: 
      Observers: 
        none
      Pointer: 0x1515fcfd2010
      Container manages memory: true
      Size: 10813440
      Capacity: 10813440

     Weighting = 1
     Sampling strategy = regular
     Number of bins = 32
     Radius = 4
     Sampling percentage  = 0.25
   Transform = Rigid
     Gradient step = 0.1
     Update field sigma (voxel space) = 0
     Total field sigma (voxel space) = 0
     Update field time sigma = 0
     Total field time sigma  = 0
     Number of time indices = 0
     Number of time point samples = 0
Registration using 1 total stages.

Stage 0
  iterations = 0
  convergence threshold = 1e-06
  convergence window size = 10
  number of levels = 1
  using the Mattes MI metric (number of bins = 32, weight = 1, use gradient filter = 0)
  preprocessing:  winsorizing the image intensities
  Shrink factors (level 1 out of 1): [1, 1, 1]
  smoothing sigmas per level: [0]
  regular sampling (percentage = 0.25)

*** Running Euler3DTransform registration ***

  Elapsed time (stage 0): 1.17449


Total elapsed time: 1.17816
Info [verificarlo]: loaded backend libinterflop_vprec.so
Info [interflop-vprec]: load backend with: 
Info [interflop-vprec]: precision-binary32 = 9
Info [interflop-vprec]: range-binary32 = 7
Info [interflop-vprec]: precision-binary64 = 9
Info [interflop-vprec]: range-binary64 = 7
Info [interflop-vprec]: mode = ob
Info [interflop-vprec]: error-mode = rel
Info [interflop-vprec]: max-abs-error-exponent = -1022
Info [interflop-vprec]: daz = false
Info [interflop-vprec]: ftz = false
Info [interflop-vprec]: 	instrument = none
Info [interflop-vprec]: 	prec-input-file = (null)
Info [interflop-vprec]: 	prec-output-file = (null)
Info [interflop-vprec]: 	prec-log-file = (null)
All_Command_lines_OK
Using double precision for computations.
=============================================================================
The composite transform comprises the following transforms (in order): 
  1. /home/mdugre/scratch/mri-registration-rp/datasets/ds004513/derivatives/mri-registration-rp/0110/antsRegistration-r7-p9/sub-s003/align_Composite.h5[0] (type = Euler3DTransform)
  2. /home/mdugre/scratch/mri-registration-rp/datasets/ds004513/derivatives/mri-registration-rp/0110/antsRegistration-r7-p9/sub-s003/align_Composite.h5[1] (type = Euler3DTransform)
=============================================================================
  number of levels = 4
  fixed image: /templateflow/tpl-MNI152NLin2009cAsym/tpl-MNI152NLin2009cAsym_res-01_desc-brain_T1w.nii.gz
  moving image: /home/mdugre/scratch/mri-registration-rp/datasets/ds004513/derivatives/mri-registration-rp/antsBrainExtraction/sub-s003/BrainExtractionBrain.nii.gz
Dimension = 3
Number of stages = 1
Use histogram matching = false
Winsorize image intensities = true
  Lower quantile = 0.005
  Upper quantile = 0.995


Stage 1 State
   Image metric = MattesMI
     Fixed image = Image (0x36901e0)
  RTTI typeinfo:   itk::Image<double, 3u>
  Reference Count: 2
  Modified Time: 1578
  Debug: Off
  Object Name: 
  Observers: 
    none
  Source: (none)
  Source output name: (none)
  Release Data: Off
  Data Released: False
  Global Release Data: Off
  PipelineMTime: 0
  UpdateMTime: 1189
  RealTimeStamp: 0 seconds 
  LargestPossibleRegion: 
    Dimension: 3
    Index: [0, 0, 0]
    Size: [193, 229, 193]
  BufferedRegion: 
    Dimension: 3
    Index: [0, 0, 0]
    Size: [193, 229, 193]
  RequestedRegion: 
    Dimension: 3
    Index: [0, 0, 0]
    Size: [193, 229, 193]
  Spacing: [1, 1, 1]
  Origin: [96, 132, -78]
  Direction: 
-1 0 0
0 -1 0
0 0 1

  IndexToPointMatrix: 
-1 0 0
0 -1 0
0 0 1

  PointToIndexMatrix: 
-1 0 0
0 -1 0
0 0 1

  Inverse Direction: 
-1 0 0
0 -1 0
0 0 1

  PixelContainer: 
    ImportImageContainer (0x374f680)
      RTTI typeinfo:   itk::ImportImageContainer<unsigned long, double>
      Reference Count: 1
      Modified Time: 1186
      Debug: Off
      Object Name: 
      Observers: 
        none
      Pointer: 0x148feeae0010
      Container manages memory: true
      Size: 8530021
      Capacity: 8530021

     Moving image = Image (0x374bb20)
  RTTI typeinfo:   itk::Image<double, 3u>
  Reference Count: 2
  Modified Time: 1579
  Debug: Off
  Object Name: 
  Observers: 
    none
  Source: (none)
  Source output name: (none)
  Release Data: Off
  Data Released: False
  Global Release Data: Off
  PipelineMTime: 0
  UpdateMTime: 1576
  RealTimeStamp: 0 seconds 
  LargestPossibleRegion: 
    Dimension: 3
    Index: [0, 0, 0]
    Size: [176, 240, 256]
  BufferedRegion: 
    Dimension: 3
    Index: [0, 0, 0]
    Size: [176, 240, 256]
  RequestedRegion: 
    Dimension: 3
    Index: [0, 0, 0]
    Size: [176, 240, 256]
  Spacing: [1, 1, 1]
  Origin: [93.375, 86.875, -129]
  Direction: 
-1 -0.0279236 -0.0139618
0.0279236 -1 0.000390053
-0.0139618 0 1

  IndexToPointMatrix: 
-1 -0.0279236 -0.0139618
0.0279236 -1 0.000390053
-0.0139618 0 1

  PointToIndexMatrix: 
-1 0.0279236 -0.0139618
-0.0279236 -1 0
-0.0139618 0.000390053 1

  Inverse Direction: 
-1 0.0279236 -0.0139618
-0.0279236 -1 0
-0.0139618 0.000390053 1

  PixelContainer: 
    ImportImageContainer (0x37b4d50)
      RTTI typeinfo:   itk::ImportImageContainer<unsigned long, double>
      Reference Count: 1
      Modified Time: 1573
      Debug: Off
      Object Name: 
      Observers: 
        none
      Pointer: 0x148fe985f010
      Container manages memory: true
      Size: 10813440
      Capacity: 10813440

     Weighting = 1
     Sampling strategy = regular
     Number of bins = 32
     Radius = 4
     Sampling percentage  = 0.25
   Transform = Rigid
     Gradient step = 0.1
     Update field sigma (voxel space) = 0
     Total field sigma (voxel space) = 0
     Update field time sigma = 0
     Total field time sigma  = 0
     Number of time indices = 0
     Number of time point samples = 0
Registration using 1 total stages.

Stage 0
  iterations = 1000x500x250x100
  convergence threshold = 1e-06
  convergence window size = 10
  number of levels = 4
  using the Mattes MI metric (number of bins = 32, weight = 1, use gradient filter = 0)
  preprocessing:  winsorizing the image intensities
  Shrink factors (level 1 out of 4): [8, 8, 8]
  Shrink factors (level 2 out of 4): [4, 4, 4]
  Shrink factors (level 3 out of 4): [2, 2, 2]
  Shrink factors (level 4 out of 4): [1, 1, 1]
  smoothing sigmas per level: [3, 2, 1, 0]
  regular sampling (percentage = 0.25)

*** Running Euler3DTransform registration ***

DIAGNOSTIC,Iteration,metricValue,convergenceValue,ITERATION_TIME_INDEX,SINCE_LAST
 2DIAGNOSTIC,     1, -4.836280563420e-01, 1.797693134862e+308, 0.0000e+00, 0.0000e+00, 
 2DIAGNOSTIC,     2, -4.837550560384e-01, 1.797693134862e+308, 0.0000e+00, 0.0000e+00, 
 2DIAGNOSTIC,     3, -4.839453843826e-01, 1.797693134862e+308, 0.0000e+00, 0.0000e+00, 
 2DIAGNOSTIC,     4, -4.842910627363e-01, 1.797693134862e+308, 0.0000e+00, 0.0000e+00, 
 2DIAGNOSTIC,     5, -4.843579049539e-01, 1.797693134862e+308, 0.0000e+00, 0.0000e+00, 
 2DIAGNOSTIC,     6, -4.843645561376e-01, 1.797693134862e+308, 0.0000e+00, 0.0000e+00, 
 2DIAGNOSTIC,     7, -4.843576136461e-01, 1.797693134862e+308, 0.0000e+00, 0.0000e+00, 
 2DIAGNOSTIC,     8, -4.843576136963e-01, 1.797693134862e+308, 0.0000e+00, 0.0000e+00, 
 2DIAGNOSTIC,     9, -4.843555355820e-01, 1.797693134862e+308, 0.0000e+00, 0.0000e+00, 
 2DIAGNOSTIC,    10, -4.843437369204e-01, 9.167805191884e-05, 0.0000e+00, 0.0000e+00, 
 2DIAGNOSTIC,    11, -4.843663555811e-01, 5.353728601355e-05, 0.0000e+00, 0.0000e+00, 
 2DIAGNOSTIC,    12, -4.843486108793e-01, 2.225031971999e-05, 0.0000e+00, 0.0000e+00, 
 2DIAGNOSTIC,    13, -4.843479995397e-01, 1.953483874703e-06, 0.0000e+00, 0.0000e+00, 
DIAGNOSTIC,Iteration,metricValue,convergenceValue,ITERATION_TIME_INDEX,SINCE_LAST
 2DIAGNOSTIC,     1, -3.988135596245e-01, 1.797693134862e+308, 0.0000e+00, 0.0000e+00, 
 2DIAGNOSTIC,     2, -3.990175435490e-01, 1.797693134862e+308, 0.0000e+00, 0.0000e+00, 
 2DIAGNOSTIC,     3, -3.992902694360e-01, 1.797693134862e+308, 0.0000e+00, 0.0000e+00, 
 2DIAGNOSTIC,     4, -4.000629299015e-01, 1.797693134862e+308, 0.0000e+00, 0.0000e+00, 
 2DIAGNOSTIC,     5, -4.005450327401e-01, 1.797693134862e+308, 0.0000e+00, 0.0000e+00, 
 2DIAGNOSTIC,     6, -4.010518523062e-01, 1.797693134862e+308, 0.0000e+00, 0.0000e+00, 
 2DIAGNOSTIC,     7, -4.026223598711e-01, 1.797693134862e+308, 0.0000e+00, 0.0000e+00, 
 2DIAGNOSTIC,     8, -4.046288776492e-01, 1.797693134862e+308, 0.0000e+00, 0.0000e+00, 
 2DIAGNOSTIC,     9, -4.082031534289e-01, 1.797693134862e+308, 0.0000e+00, 0.0000e+00, 
 2DIAGNOSTIC,    10, -4.148242108612e-01, 2.050080613054e-03, 0.0000e+00, 0.0000e+00, 
 2DIAGNOSTIC,    11, -4.249733354672e-01, 3.025134455467e-03, 0.0000e+00, 0.0000e+00, 
 2DIAGNOSTIC,    12, -4.480035166719e-01, 4.880193225319e-03, 0.0000e+00, 0.0000e+00, 
 2DIAGNOSTIC,    13, -4.934250830278e-01, 8.318010610395e-03, 0.0000e+00, 0.0000e+00, 
 2DIAGNOSTIC,    14, -5.253223120000e-01, 1.190116695651e-02, 0.0000e+00, 0.0000e+00, 
 2DIAGNOSTIC,    15, -5.259435512630e-01, 1.387289279914e-02, 0.0000e+00, 0.0000e+00, 
 2DIAGNOSTIC,    16, -5.258817483039e-01, 1.434662758656e-02, 0.0000e+00, 0.0000e+00, 
 2DIAGNOSTIC,    17, -5.256686511847e-01, 1.350222158955e-02, 0.0000e+00, 0.0000e+00, 
 2DIAGNOSTIC,    18, -5.261770742231e-01, 1.159300391501e-02, 0.0000e+00, 0.0000e+00, 
 2DIAGNOSTIC,    19, -5.261488925900e-01, 8.958225726758e-03, 0.0000e+00, 0.0000e+00, 
 2DIAGNOSTIC,    20, -5.262995575192e-01, 6.034881375638e-03, 0.0000e+00, 0.0000e+00, 
 2DIAGNOSTIC,    21, -5.264267830012e-01, 3.190405469218e-03, 0.0000e+00, 0.0000e+00, 
 2DIAGNOSTIC,    22, -5.265077684031e-01, 9.682715605498e-04, 0.0000e+00, 0.0000e+00, 
 2DIAGNOSTIC,    23, -5.248057341208e-01, 1.730352782797e-05, 0.0000e+00, 0.0000e+00, 
DIAGNOSTIC,Iteration,metricValue,convergenceValue,ITERATION_TIME_INDEX,SINCE_LAST
 2DIAGNOSTIC,     1, -4.732446012187e-01, 1.797693134862e+308, 0.0000e+00, 0.0000e+00, 
 2DIAGNOSTIC,     2, -4.733149824334e-01, 1.797693134862e+308, 0.0000e+00, 0.0000e+00, 
 2DIAGNOSTIC,     3, -4.733740687277e-01, 1.797693134862e+308, 0.0000e+00, 0.0000e+00, 
 2DIAGNOSTIC,     4, -4.733800418454e-01, 1.797693134862e+308, 0.0000e+00, 0.0000e+00, 
 2DIAGNOSTIC,     5, -4.733698099215e-01, 1.797693134862e+308, 0.0000e+00, 0.0000e+00, 
 2DIAGNOSTIC,     6, -4.733844289064e-01, 1.797693134862e+308, 0.0000e+00, 0.0000e+00, 
 2DIAGNOSTIC,     7, -4.733844289064e-01, 1.797693134862e+308, 0.0000e+00, 0.0000e+00, 
 2DIAGNOSTIC,     8, -4.733844289064e-01, 1.797693134862e+308, 0.0000e+00, 0.0000e+00, 
 2DIAGNOSTIC,     9, -4.733844289064e-01, 1.797693134862e+308, 0.0000e+00, 0.0000e+00, 
 2DIAGNOSTIC,    10, -4.733844289064e-01, 1.274354860908e-05, 0.0000e+00, 0.0000e+00, 
 2DIAGNOSTIC,    11, -4.733844289064e-01, 4.825733777011e-06, 0.0000e+00, 0.0000e+00, 
 2DIAGNOSTIC,    12, -4.733844289064e-01, 1.223603625158e-06, 0.0000e+00, 0.0000e+00, 
DIAGNOSTIC,Iteration,metricValue,convergenceValue,ITERATION_TIME_INDEX,SINCE_LAST
 2DIAGNOSTIC,     1, -4.396642804218e-01, 1.797693134862e+308, 0.0000e+00, 0.0000e+00, 
 2DIAGNOSTIC,     2, -4.397011675877e-01, 1.797693134862e+308, 0.0000e+00, 0.0000e+00, 
 2DIAGNOSTIC,     3, -4.396902798227e-01, 1.797693134862e+308, 0.0000e+00, 0.0000e+00, 
 2DIAGNOSTIC,     4, -4.396736052764e-01, 1.797693134862e+308, 0.0000e+00, 0.0000e+00, 
 2DIAGNOSTIC,     5, -4.396789862165e-01, 1.797693134862e+308, 0.0000e+00, 0.0000e+00, 
 2DIAGNOSTIC,     6, -4.396789862165e-01, 1.797693134862e+308, 0.0000e+00, 0.0000e+00, 
 2DIAGNOSTIC,     7, -4.396789862165e-01, 1.797693134862e+308, 0.0000e+00, 0.0000e+00, 
 2DIAGNOSTIC,     8, -4.396789862165e-01, 1.797693134862e+308, 0.0000e+00, 0.0000e+00, 
 2DIAGNOSTIC,     9, -4.396789862165e-01, 1.797693134862e+308, 0.0000e+00, 0.0000e+00, 
  Elapsed time (stage 0): 0.0000e+00


Total elapsed time: 0.0000e+00
Info [verificarlo]: loaded backend libinterflop_vprec.so
Info [interflop-vprec]: load backend with: 
Info [interflop-vprec]: precision-binary32 = 9
Info [interflop-vprec]: range-binary32 = 7
Info [interflop-vprec]: precision-binary64 = 9
Info [interflop-vprec]: range-binary64 = 7
Info [interflop-vprec]: mode = ob
Info [interflop-vprec]: error-mode = rel
Info [interflop-vprec]: max-abs-error-exponent = -1022
Info [interflop-vprec]: daz = false
Info [interflop-vprec]: ftz = false
Info [interflop-vprec]: 	instrument = none
Info [interflop-vprec]: 	prec-input-file = (null)
Info [interflop-vprec]: 	prec-output-file = (null)
Info [interflop-vprec]: 	prec-log-file = (null)
All_Command_lines_OK
Using double precision for computations.
=============================================================================
The composite transform comprises the following transforms (in order): 
  1. /home/mdugre/scratch/mri-registration-rp/datasets/ds004513/derivatives/mri-registration-rp/0110/antsRegistration-r7-p9/sub-s003/rigid_Composite.h5[0] (type = Euler3DTransform)
  2. /home/mdugre/scratch/mri-registration-rp/datasets/ds004513/derivatives/mri-registration-rp/0110/antsRegistration-r7-p9/sub-s003/rigid_Composite.h5[1] (type = Euler3DTransform)
  3. /home/mdugre/scratch/mri-registration-rp/datasets/ds004513/derivatives/mri-registration-rp/0110/antsRegistration-r7-p9/sub-s003/rigid_Composite.h5[2] (type = Euler3DTransform)
=============================================================================
  number of levels = 4
  fixed image: /templateflow/tpl-MNI152NLin2009cAsym/tpl-MNI152NLin2009cAsym_res-01_desc-brain_T1w.nii.gz
  moving image: /home/mdugre/scratch/mri-registration-rp/datasets/ds004513/derivatives/mri-registration-rp/antsBrainExtraction/sub-s003/BrainExtractionBrain.nii.gz
Dimension = 3
Number of stages = 1
Use histogram matching = false
Winsorize image intensities = true
  Lower quantile = 0.005
  Upper quantile = 0.995


Stage 1 State
   Image metric = MattesMI
     Fixed image = Image (0x48d71e0)
  RTTI typeinfo:   itk::Image<double, 3u>
  Reference Count: 2
  Modified Time: 1592
  Debug: Off
  Object Name: 
  Observers: 
    none
  Source: (none)
  Source output name: (none)
  Release Data: Off
  Data Released: False
  Global Release Data: Off
  PipelineMTime: 0
  UpdateMTime: 1203
  RealTimeStamp: 0 seconds 
  LargestPossibleRegion: 
    Dimension: 3
    Index: [0, 0, 0]
    Size: [193, 229, 193]
  BufferedRegion: 
    Dimension: 3
    Index: [0, 0, 0]
    Size: [193, 229, 193]
  RequestedRegion: 
    Dimension: 3
    Index: [0, 0, 0]
    Size: [193, 229, 193]
  Spacing: [1, 1, 1]
  Origin: [96, 132, -78]
  Direction: 
-1 0 0
0 -1 0
0 0 1

  IndexToPointMatrix: 
-1 0 0
0 -1 0
0 0 1

  PointToIndexMatrix: 
-1 0 0
0 -1 0
0 0 1

  Inverse Direction: 
-1 0 0
0 -1 0
0 0 1

  PixelContainer: 
    ImportImageContainer (0x49a5440)
      RTTI typeinfo:   itk::ImportImageContainer<unsigned long, double>
      Reference Count: 1
      Modified Time: 1200
      Debug: Off
      Object Name: 
      Observers: 
        none
      Pointer: 0x14b4f6cb8010
      Container manages memory: true
      Size: 8530021
      Capacity: 8530021

     Moving image = Image (0x49929b0)
  RTTI typeinfo:   itk::Image<double, 3u>
  Reference Count: 2
  Modified Time: 1593
  Debug: Off
  Object Name: 
  Observers: 
    none
  Source: (none)
  Source output name: (none)
  Release Data: Off
  Data Released: False
  Global Release Data: Off
  PipelineMTime: 0
  UpdateMTime: 1590
  RealTimeStamp: 0 seconds 
  LargestPossibleRegion: 
    Dimension: 3
    Index: [0, 0, 0]
    Size: [176, 240, 256]
  BufferedRegion: 
    Dimension: 3
    Index: [0, 0, 0]
    Size: [176, 240, 256]
  RequestedRegion: 
    Dimension: 3
    Index: [0, 0, 0]
    Size: [176, 240, 256]
  Spacing: [1, 1, 1]
  Origin: [93.375, 86.875, -129]
  Direction: 
-1 -0.0279236 -0.0139618
0.0279236 -1 0.000390053
-0.0139618 0 1

  IndexToPointMatrix: 
-1 -0.0279236 -0.0139618
0.0279236 -1 0.000390053
-0.0139618 0 1

  PointToIndexMatrix: 
-1 0.0279236 -0.0139618
-0.0279236 -1 0
-0.0139618 0.000390053 1

  Inverse Direction: 
-1 0.0279236 -0.0139618
-0.0279236 -1 0
-0.0139618 0.000390053 1

  PixelContainer: 
    ImportImageContainer (0x4948710)
      RTTI typeinfo:   itk::ImportImageContainer<unsigned long, double>
      Reference Count: 1
      Modified Time: 1587
      Debug: Off
      Object Name: 
      Observers: 
        none
      Pointer: 0x14b4f1a37010
      Container manages memory: true
      Size: 10813440
      Capacity: 10813440

     Weighting = 1
     Sampling strategy = regular
     Number of bins = 32
     Radius = 4
     Sampling percentage  = 0.25
   Transform = Affine
     Gradient step = 0.1
     Update field sigma (voxel space) = 0
     Total field sigma (voxel space) = 0
     Update field time sigma = 0
     Total field time sigma  = 0
     Number of time indices = 0
     Number of time point samples = 0
Registration using 1 total stages.

Stage 0
  iterations = 1000x500x250x100
  convergence threshold = 1e-06
  convergence window size = 10
  number of levels = 4
  using the Mattes MI metric (number of bins = 32, weight = 1, use gradient filter = 0)
  preprocessing:  winsorizing the image intensities
  Shrink factors (level 1 out of 4): [8, 8, 8]
  Shrink factors (level 2 out of 4): [4, 4, 4]
  Shrink factors (level 3 out of 4): [2, 2, 2]
  Shrink factors (level 4 out of 4): [1, 1, 1]
  smoothing sigmas per level: [3, 2, 1, 0]
  regular sampling (percentage = 0.25)

*** Running AffineTransform registration ***

DIAGNOSTIC,Iteration,metricValue,convergenceValue,ITERATION_TIME_INDEX,SINCE_LAST
 2DIAGNOSTIC,     1, -6.366344648144e-01, 1.797693134862e+308, 0.0000e+00, 0.0000e+00, 
 2DIAGNOSTIC,     2, -6.376921348220e-01, 1.797693134862e+308, 0.0000e+00, 0.0000e+00, 
 2DIAGNOSTIC,     3, -6.389776027753e-01, 1.797693134862e+308, 0.0000e+00, 0.0000e+00, 
 2DIAGNOSTIC,     4, -6.413706609334e-01, 1.797693134862e+308, 0.0000e+00, 0.0000e+00, 
 2DIAGNOSTIC,     5, -6.449255520394e-01, 1.797693134862e+308, 0.0000e+00, 0.0000e+00, 
 2DIAGNOSTIC,     6, -6.537665282572e-01, 1.797693134862e+308, 0.0000e+00, 0.0000e+00, 
 2DIAGNOSTIC,     7, -6.662286981868e-01, 1.797693134862e+308, 0.0000e+00, 0.0000e+00, 
 2DIAGNOSTIC,     8, -6.765328606792e-01, 1.797693134862e+308, 0.0000e+00, 0.0000e+00, 
 2DIAGNOSTIC,     9, -6.872991027506e-01, 1.797693134862e+308, 0.0000e+00, 0.0000e+00, 
 2DIAGNOSTIC,    10, -6.998881447629e-01, 6.304132240416e-03, 0.0000e+00, 0.0000e+00, 
 2DIAGNOSTIC,    11, -7.086330726581e-01, 6.751268109268e-03, 0.0000e+00, 0.0000e+00, 
 2DIAGNOSTIC,    12, -7.117429929632e-01, 6.657122659647e-03, 0.0000e+00, 0.0000e+00, 
 2DIAGNOSTIC,    13, -7.106013693903e-01, 5.988527893854e-03, 0.0000e+00, 0.0000e+00, 
 2DIAGNOSTIC,    14, -7.114694474775e-01, 4.981778349743e-03, 0.0000e+00, 0.0000e+00, 
 2DIAGNOSTIC,    15, -7.118171172607e-01, 3.766592487027e-03, 0.0000e+00, 0.0000e+00, 
 2DIAGNOSTIC,    16, -7.118643144946e-01, 2.591953137961e-03, 0.0000e+00, 0.0000e+00, 
 2DIAGNOSTIC,    17, -7.119465020802e-01, 1.631895914275e-03, 0.0000e+00, 0.0000e+00, 
 2DIAGNOSTIC,    18, -7.119847169208e-01, 8.722646781885e-04, 0.0000e+00, 0.0000e+00, 
 2DIAGNOSTIC,    19, -7.119831191025e-01, 3.461291723427e-04, 0.0000e+00, 0.0000e+00, 
 2DIAGNOSTIC,    20, -7.119737286370e-01, 9.861201543879e-05, 0.0000e+00, 0.0000e+00, 
 2DIAGNOSTIC,    21, -7.120041429649e-01, 3.771823114793e-05, 0.0000e+00, 0.0000e+00, 
 2DIAGNOSTIC,    22, -7.119707367445e-01, 3.774730203823e-05, 0.0000e+00, 0.0000e+00, 
 2DIAGNOSTIC,    23, -7.119736542898e-01, 1.344579190162e-05, 0.0000e+00, 0.0000e+00, 
 2DIAGNOSTIC,    24, -7.119736542885e-01, 4.751159646224e-06, 0.0000e+00, 0.0000e+00, 
 2DIAGNOSTIC,    25, -7.119736542903e-01, 2.051418918278e-06, 0.0000e+00, 0.0000e+00, 
DIAGNOSTIC,Iteration,metricValue,convergenceValue,ITERATION_TIME_INDEX,SINCE_LAST
 2DIAGNOSTIC,     1, -5.960170840802e-01, 1.797693134862e+308, 0.0000e+00, 0.0000e+00, 
 2DIAGNOSTIC,     2, -5.961687593269e-01, 1.797693134862e+308, 0.0000e+00, 0.0000e+00, 
 2DIAGNOSTIC,     3, -5.962160560501e-01, 1.797693134862e+308, 0.0000e+00, 0.0000e+00, 
 2DIAGNOSTIC,     4, -5.972214008635e-01, 1.797693134862e+308, 0.0000e+00, 0.0000e+00, 
 2DIAGNOSTIC,     5, -5.979852870212e-01, 1.797693134862e+308, 0.0000e+00, 0.0000e+00, 
 2DIAGNOSTIC,     6, -5.982862992175e-01, 1.797693134862e+308, 0.0000e+00, 0.0000e+00, 
 2DIAGNOSTIC,     7, -5.991550317167e-01, 1.797693134862e+308, 0.0000e+00, 0.0000e+00, 
 2DIAGNOSTIC,     8, -5.998171364676e-01, 1.797693134862e+308, 0.0000e+00, 0.0000e+00, 
 2DIAGNOSTIC,     9, -6.008373410682e-01, 1.797693134862e+308, 0.0000e+00, 0.0000e+00, 
 2DIAGNOSTIC,    10, -6.017236174109e-01, 6.301142488900e-04, 0.0000e+00, 0.0000e+00, 
 2DIAGNOSTIC,    11, -6.030907662507e-01, 6.589512562469e-04, 0.0000e+00, 0.0000e+00, 
 2DIAGNOSTIC,    12, -6.049166703069e-01, 7.016289964102e-04, 0.0000e+00, 0.0000e+00, 
 2DIAGNOSTIC,    13, -6.054482717016e-01, 6.934279430513e-04, 0.0000e+00, 0.0000e+00, 
 2DIAGNOSTIC,    14, -6.056127359005e-01, 6.630955400933e-04, 0.0000e+00, 0.0000e+00, 
 2DIAGNOSTIC,    15, -6.057127858479e-01, 6.042535226689e-04, 0.0000e+00, 0.0000e+00, 
 2DIAGNOSTIC,    16, -6.057230403599e-01, 5.058800393838e-04, 0.0000e+00, 0.0000e+00, 
 2DIAGNOSTIC,    17, -6.056946667083e-01, 3.952307230807e-04, 0.0000e+00, 0.0000e+00, 
 2DIAGNOSTIC,    18, -6.057400222448e-01, 2.787817260935e-04, 0.0000e+00, 0.0000e+00, 
 2DIAGNOSTIC,    19, -6.057417295474e-01, 1.746280063427e-04, 0.0000e+00, 0.0000e+00, 
 2DIAGNOSTIC,    20, -6.057265881826e-01, 8.503992494915e-05, 0.0000e+00, 0.0000e+00, 
 2DIAGNOSTIC,    21, -6.057197333768e-01, 2.573649249672e-05, 0.0000e+00, 0.0000e+00, 
 2DIAGNOSTIC,    22, -6.057045451949e-01, 8.059657299220e-06, 0.0000e+00, 0.0000e+00, 
 2DIAGNOSTIC,    23, -6.056952751989e-01, 1.809845498066e-06, 0.0000e+00, 0.0000e+00, 
DIAGNOSTIC,Iteration,metricValue,convergenceValue,ITERATION_TIME_INDEX,SINCE_LAST
 2DIAGNOSTIC,     1, -5.319940478924e-01, 1.797693134862e+308, 0.0000e+00, 0.0000e+00, 
 2DIAGNOSTIC,     2, -5.322542213559e-01, 1.797693134862e+308, 0.0000e+00, 0.0000e+00, 
 2DIAGNOSTIC,     3, -5.324260293225e-01, 1.797693134862e+308, 0.0000e+00, 0.0000e+00, 
 2DIAGNOSTIC,     4, -5.325728163799e-01, 1.797693134862e+308, 0.0000e+00, 0.0000e+00, 
 2DIAGNOSTIC,     5, -5.325362667872e-01, 1.797693134862e+308, 0.0000e+00, 0.0000e+00, 
 2DIAGNOSTIC,     6, -5.325376641024e-01, 1.797693134862e+308, 0.0000e+00, 0.0000e+00, 
 2DIAGNOSTIC,     7, -5.325376641024e-01, 1.797693134862e+308, 0.0000e+00, 0.0000e+00, 
 2DIAGNOSTIC,     8, -5.325376641024e-01, 1.797693134862e+308, 0.0000e+00, 0.0000e+00, 
 2DIAGNOSTIC,     9, -5.325376641024e-01, 1.797693134862e+308, 0.0000e+00, 0.0000e+00, 
 2DIAGNOSTIC,    10, -5.325376641024e-01, 4.555521693500e-05, 0.0000e+00, 0.0000e+00, 
 2DIAGNOSTIC,    11, -5.325376641024e-01, 1.732171399629e-05, 0.0000e+00, 0.0000e+00, 
 2DIAGNOSTIC,    12, -5.325376641024e-01, 3.644270579556e-06, 0.0000e+00, 0.0000e+00, 
DIAGNOSTIC,Iteration,metricValue,convergenceValue,ITERATION_TIME_INDEX,SINCE_LAST
 2DIAGNOSTIC,     1, -4.896309289181e-01, 1.797693134862e+308, 0.0000e+00, 0.0000e+00, 
 2DIAGNOSTIC,     2, -4.896510028021e-01, 1.797693134862e+308, 0.0000e+00, 0.0000e+00, 
 2DIAGNOSTIC,     3, -4.898289774394e-01, 1.797693134862e+308, 0.0000e+00, 0.0000e+00, 
 2DIAGNOSTIC,     4, -4.902547595719e-01, 1.797693134862e+308, 0.0000e+00, 0.0000e+00, 
 2DIAGNOSTIC,     5, -4.905687476954e-01, 1.797693134862e+308, 0.0000e+00, 0.0000e+00, 
 2DIAGNOSTIC,     6, -4.907753780684e-01, 1.797693134862e+308, 0.0000e+00, 0.0000e+00, 
 2DIAGNOSTIC,     7, -4.909221398448e-01, 1.797693134862e+308, 0.0000e+00, 0.0000e+00, 
 2DIAGNOSTIC,     8, -4.911575346345e-01, 1.797693134862e+308, 0.0000e+00, 0.0000e+00, 
 2DIAGNOSTIC,     9, -4.912183076469e-01, 1.797693134862e+308, 0.0000e+00, 0.0000e+00, 
 2DIAGNOSTIC,    10, -4.912157616740e-01, 2.452306191361e-04, 0.0000e+00, 0.0000e+00, 
 2DIAGNOSTIC,    11, -4.912109856354e-01, 1.973459571247e-04, 0.0000e+00, 0.0000e+00, 
 2DIAGNOSTIC,    12, -4.912048704014e-01, 1.405352886332e-04, 0.0000e+00, 0.0000e+00, 
 2DIAGNOSTIC,    13, -4.911997068022e-01, 8.704539893299e-05, 0.0000e+00, 0.0000e+00, 
 2DIAGNOSTIC,    14, -4.911997068022e-01, 5.066435676065e-05, 0.0000e+00, 0.0000e+00, 
 2DIAGNOSTIC,    15, -4.911997068022e-01, 2.661564041417e-05, 0.0000e+00, 0.0000e+00, 
 2DIAGNOSTIC,    16, -4.911997068022e-01, 1.060029743934e-05, 0.0000e+00, 0.0000e+00, 
  Elapsed time (stage 0): 0.0000e+00


Total elapsed time: 0.0000e+00
Info [verificarlo]: loaded backend libinterflop_ieee.so
Info [interflop-ieee]: load backend with:
Info [interflop-ieee]: debug = false
Info [interflop-ieee]: debug-binary = false
Info [interflop-ieee]: no-backend-name = false
Info [interflop-ieee]: print-new-line = false
Info [interflop-ieee]: print-subnormal-normalized = false
Info [interflop-ieee]: count-op = false
All_Command_lines_OK
Using double precision for computations.
=============================================================================
The composite transform comprises the following transforms (in order): 
  1. /home/mdugre/scratch/mri-registration-rp/datasets/ds004513/derivatives/mri-registration-rp/0110/antsRegistration-r7-p9/sub-s003/affine_Composite.h5[0] (type = Euler3DTransform)
  2. /home/mdugre/scratch/mri-registration-rp/datasets/ds004513/derivatives/mri-registration-rp/0110/antsRegistration-r7-p9/sub-s003/affine_Composite.h5[1] (type = Euler3DTransform)
  3. /home/mdugre/scratch/mri-registration-rp/datasets/ds004513/derivatives/mri-registration-rp/0110/antsRegistration-r7-p9/sub-s003/affine_Composite.h5[2] (type = Euler3DTransform)
  4. /home/mdugre/scratch/mri-registration-rp/datasets/ds004513/derivatives/mri-registration-rp/0110/antsRegistration-r7-p9/sub-s003/affine_Composite.h5[3] (type = AffineTransform)
=============================================================================
  number of levels = 4
  fixed image: /templateflow/tpl-MNI152NLin2009cAsym/tpl-MNI152NLin2009cAsym_res-01_desc-brain_T1w.nii.gz
  moving image: /home/mdugre/scratch/mri-registration-rp/datasets/ds004513/derivatives/mri-registration-rp/antsBrainExtraction/sub-s003/BrainExtractionBrain.nii.gz
Dimension = 3
Number of stages = 1
Use histogram matching = false
Winsorize image intensities = true
  Lower quantile = 0.005
  Upper quantile = 0.995


Stage 1 State
   Image metric = CC
     Fixed image = Image (0x526aa40)
  RTTI typeinfo:   itk::Image<double, 3u>
  Reference Count: 2
  Modified Time: 1608
  Debug: Off
  Object Name: 
  Observers: 
    none
  Source: (none)
  Source output name: (none)
  Release Data: Off
  Data Released: False
  Global Release Data: Off
  PipelineMTime: 0
  UpdateMTime: 1217
  RealTimeStamp: 0 seconds 
  LargestPossibleRegion: 
    Dimension: 3
    Index: [0, 0, 0]
    Size: [193, 229, 193]
  BufferedRegion: 
    Dimension: 3
    Index: [0, 0, 0]
    Size: [193, 229, 193]
  RequestedRegion: 
    Dimension: 3
    Index: [0, 0, 0]
    Size: [193, 229, 193]
  Spacing: [1, 1, 1]
  Origin: [96, 132, -78]
  Direction: 
-1 0 0
0 -1 0
0 0 1

  IndexToPointMatrix: 
-1 0 0
0 -1 0
0 0 1

  PointToIndexMatrix: 
-1 0 0
0 -1 0
0 0 1

  Inverse Direction: 
-1 0 0
0 -1 0
0 0 1

  PixelContainer: 
    ImportImageContainer (0x5342410)
      RTTI typeinfo:   itk::ImportImageContainer<unsigned long, double>
      Reference Count: 1
      Modified Time: 1214
      Debug: Off
      Object Name: 
      Observers: 
        none
      Pointer: 0x14c9f65df010
      Container manages memory: true
      Size: 8530021
      Capacity: 8530021

     Moving image = Image (0x5326520)
  RTTI typeinfo:   itk::Image<double, 3u>
  Reference Count: 2
  Modified Time: 1609
  Debug: Off
  Object Name: 
  Observers: 
    none
  Source: (none)
  Source output name: (none)
  Release Data: Off
  Data Released: False
  Global Release Data: Off
  PipelineMTime: 0
  UpdateMTime: 1606
  RealTimeStamp: 0 seconds 
  LargestPossibleRegion: 
    Dimension: 3
    Index: [0, 0, 0]
    Size: [176, 240, 256]
  BufferedRegion: 
    Dimension: 3
    Index: [0, 0, 0]
    Size: [176, 240, 256]
  RequestedRegion: 
    Dimension: 3
    Index: [0, 0, 0]
    Size: [176, 240, 256]
  Spacing: [0.999999, 1, 1]
  Origin: [93.3499, 86.9368, -128.957]
  Direction: 
-0.999513 -0.0279216 -0.0139567
0.0279189 -0.99961 0.000389866
-0.0139622 2.01492e-08 0.999903

  IndexToPointMatrix: 
-0.999512 -0.0279216 -0.0139567
0.0279189 -0.99961 0.000389866
-0.0139621 2.01492e-08 0.999903

  PointToIndexMatrix: 
-0.999514 0.0279189 -0.0139622
-0.0279216 -0.99961 2.01716e-08
-0.0139567 0.000389866 0.999903

  Inverse Direction: 
-0.999513 0.0279189 -0.0139622
-0.0279216 -0.99961 2.01716e-08
-0.0139567 0.000389866 0.999903

  PixelContainer: 
    ImportImageContainer (0x53490d0)
      RTTI typeinfo:   itk::ImportImageContainer<unsigned long, double>
      Reference Count: 1
      Modified Time: 1603
      Debug: Off
      Object Name: 
      Observers: 
        none
      Pointer: 0x14c9f135e010
      Container manages memory: true
      Size: 10813440
      Capacity: 10813440

     Weighting = 1
     Sampling strategy = none
     Number of bins = 32
     Radius = 4
     Sampling percentage  = 1
   Transform = SyN
     Gradient step = 0.1
     Update field sigma (voxel space) = 3
     Total field sigma (voxel space) = 0
     Update field time sigma = 0
     Total field time sigma  = 0
     Number of time indices = 0
     Number of time point samples = 0
Registration using 1 total stages.

Stage 0
  iterations = 100x70x50x20
  convergence threshold = 1e-06
  convergence window size = 10
  number of levels = 4
  using the CC metric (radius = 4, weight = 1, use gradient filter = 0)
  preprocessing:  winsorizing the image intensities
  Shrink factors (level 1 out of 4): [8, 8, 8]
  Shrink factors (level 2 out of 4): [4, 4, 4]
  Shrink factors (level 3 out of 4): [2, 2, 2]
  Shrink factors (level 4 out of 4): [1, 1, 1]
  smoothing sigmas per level: [3, 2, 1, 0]
  Using default NONE metricSamplingStrategy 

*** Running SyN registration (varianceForUpdateField = 3, varianceForTotalField = 0) ***

XXDIAGNOSTIC,Iteration,metricValue,convergenceValue,ITERATION_TIME_INDEX,SINCE_LAST
 1DIAGNOSTIC,     1, -8.499527946931e-01, 1.797693134862e+308, 1.0689e+00, 1.0689e+00, 
 1DIAGNOSTIC,     2, -8.657444595929e-01, 1.797693134862e+308, 1.4588e+00, 3.8991e-01, 
 1DIAGNOSTIC,     3, -8.799674693942e-01, 1.797693134862e+308, 1.7958e+00, 3.3702e-01, 
 1DIAGNOSTIC,     4, -8.907238861220e-01, 1.797693134862e+308, 2.1305e+00, 3.3463e-01, 
 1DIAGNOSTIC,     5, -9.002805814111e-01, 1.797693134862e+308, 2.4948e+00, 3.6430e-01, 
 1DIAGNOSTIC,     6, -9.079162412887e-01, 1.797693134862e+308, 2.8351e+00, 3.4034e-01, 
 1DIAGNOSTIC,     7, -9.139860905824e-01, 1.797693134862e+308, 3.1659e+00, 3.3082e-01, 
 1DIAGNOSTIC,     8, -9.189651101931e-01, 1.797693134862e+308, 3.5229e+00, 3.5703e-01, 
 1DIAGNOSTIC,     9, -9.232622946212e-01, 1.797693134862e+308, 3.8696e+00, 3.4669e-01, 
 1DIAGNOSTIC,    10, -9.267412961531e-01, 5.275444637042e-03, 4.2507e+00, 3.8103e-01, 
 1DIAGNOSTIC,    11, -9.293770997824e-01, 3.935065658785e-03, 4.6120e+00, 3.6128e-01, 
 1DIAGNOSTIC,    12, -9.315058337984e-01, 2.936221844202e-03, 4.9687e+00, 3.5675e-01, 
 1DIAGNOSTIC,    13, -9.333407631578e-01, 2.214692849839e-03, 5.3695e+00, 4.0079e-01, 
 1DIAGNOSTIC,    14, -9.349543985092e-01, 1.671357179867e-03, 5.8457e+00, 4.7625e-01, 
 1DIAGNOSTIC,    15, -9.364023437818e-01, 1.276675670509e-03, 6.2685e+00, 4.2281e-01, 
 1DIAGNOSTIC,    16, -9.376175409257e-01, 9.865080952125e-04, 6.6189e+00, 3.5040e-01, 
 1DIAGNOSTIC,    17, -9.387439471115e-01, 7.712374209612e-04, 7.0746e+00, 4.5565e-01, 
 1DIAGNOSTIC,    18, -9.396885804254e-01, 6.104877227387e-04, 7.5455e+00, 4.7087e-01, 
 1DIAGNOSTIC,    19, -9.405939297731e-01, 4.946507668375e-04, 7.9792e+00, 4.3376e-01, 
 1DIAGNOSTIC,    20, -9.414634635024e-01, 4.115248455734e-04, 8.3267e+00, 3.4744e-01, 
 1DIAGNOSTIC,    21, -9.423033091243e-01, 3.489825955926e-04, 8.6754e+00, 3.4876e-01, 
 1DIAGNOSTIC,    22, -9.430679295495e-01, 3.000141239020e-04, 9.0302e+00, 3.5476e-01, 
 1DIAGNOSTIC,    23, -9.438230114764e-01, 2.618656145911e-04, 9.3724e+00, 3.4219e-01, 
 1DIAGNOSTIC,    24, -9.445687801170e-01, 2.325229903173e-04, 9.7198e+00, 3.4741e-01, 
 1DIAGNOSTIC,    25, -9.452833903327e-01, 2.102145658104e-04, 1.0073e+01, 3.5318e-01, 
 1DIAGNOSTIC,    26, -9.459635148442e-01, 1.921633875335e-04, 1.0420e+01, 3.4660e-01, 
 1DIAGNOSTIC,    27, -9.466185455891e-01, 1.775777728745e-04, 1.0774e+01, 3.5456e-01, 
 1DIAGNOSTIC,    28, -9.472491217025e-01, 1.645089248631e-04, 1.1123e+01, 3.4890e-01, 
 1DIAGNOSTIC,    29, -9.478592179903e-01, 1.527807626615e-04, 1.1470e+01, 3.4721e-01, 
 1DIAGNOSTIC,    30, -9.485698240504e-01, 1.434809165703e-04, 1.1810e+01, 3.3984e-01, 
 1DIAGNOSTIC,    31, -9.491366914553e-01, 1.350340432481e-04, 1.2158e+01, 3.4832e-01, 
 1DIAGNOSTIC,    32, -9.498139603278e-01, 1.280968594883e-04, 1.2556e+01, 3.9776e-01, 
 1DIAGNOSTIC,    33, -9.503510976498e-01, 1.213592918511e-04, 1.2894e+01, 3.3758e-01, 
 1DIAGNOSTIC,    34, -9.509943098288e-01, 1.159640770340e-04, 1.3258e+01, 3.6428e-01, 
 1DIAGNOSTIC,    35, -9.516205502312e-01, 1.115067959820e-04, 1.3606e+01, 3.4761e-01, 
 1DIAGNOSTIC,    36, -9.521055137136e-01, 1.065287707620e-04, 1.3969e+01, 3.6321e-01, 
 1DIAGNOSTIC,    37, -9.525698863023e-01, 1.009253221501e-04, 1.4316e+01, 3.4696e-01, 
 1DIAGNOSTIC,    38, -9.529675055773e-01, 9.426516167423e-05, 1.4686e+01, 3.6970e-01, 
 1DIAGNOSTIC,    39, -9.533870112656e-01, 8.698182717249e-05, 1.5034e+01, 3.4860e-01, 
 1DIAGNOSTIC,    40, -9.537662103249e-01, 8.005452491914e-05, 1.5418e+01, 3.8372e-01, 
 1DIAGNOSTIC,    41, -9.541202345659e-01, 7.264902661036e-05, 1.5789e+01, 3.7133e-01, 
 1DIAGNOSTIC,    42, -9.544547707165e-01, 6.602439271114e-05, 1.6134e+01, 3.4521e-01, 
 1DIAGNOSTIC,    43, -9.547677319099e-01, 5.941086735727e-05, 1.6482e+01, 3.4716e-01, 
 1DIAGNOSTIC,    44, -9.550642693397e-01, 5.389863193561e-05, 1.6815e+01, 3.3384e-01, 
 1DIAGNOSTIC,    45, -9.553447580711e-01, 4.960723951035e-05, 1.7209e+01, 3.9393e-01, 
 1DIAGNOSTIC,    46, -9.556134259673e-01, 4.574267680958e-05, 1.7655e+01, 4.4529e-01, 
 1DIAGNOSTIC,    47, -9.559323900766e-01, 4.274574554330e-05, 1.8005e+01, 3.5061e-01, 
 1DIAGNOSTIC,    48, -9.561891915965e-01, 3.991986617176e-05, 1.8364e+01, 3.5890e-01, 
 1DIAGNOSTIC,    49, -9.564424249410e-01, 3.757085573200e-05, 1.8728e+01, 3.6434e-01, 
 1DIAGNOSTIC,    50, -9.566952249069e-01, 3.557207383281e-05, 1.9099e+01, 3.7082e-01, 
 1DIAGNOSTIC,    51, -9.569462945463e-01, 3.385514412189e-05, 1.9452e+01, 3.5232e-01, 
 1DIAGNOSTIC,    52, -9.571986390805e-01, 3.239132612498e-05, 1.9812e+01, 3.6055e-01, 
 1DIAGNOSTIC,    53, -9.574482941212e-01, 3.110920221083e-05, 2.0170e+01, 3.5801e-01, 
 1DIAGNOSTIC,    54, -9.577006206828e-01, 2.999301674273e-05, 2.0513e+01, 3.4304e-01, 
 1DIAGNOSTIC,    55, -9.579498585769e-01, 2.897830597089e-05, 2.0853e+01, 3.4012e-01, 
 1DIAGNOSTIC,    56, -9.581927667090e-01, 2.799394298802e-05, 2.1195e+01, 3.4174e-01, 
