
##########################
# Experiment information #
##########################

EXPERIMENT_NAME: antsRegistration-r7-p21
VFC_BACKENDS: libinterflop_vprec.so --range-binary32=7 --precision-binary32=21 --range-binary64=7 --precision-binary64=21

SIF_IMG: /home/mdugre/projects/rrg-glatard/mdugre/containers/ants-vprec-no_metrics.simg

SUBJECT_ID: s037
INPUT_IMG: /home/mdugre/scratch/mri-registration-rp/datasets/ds004513/derivatives/mri-registration-rp/antsBrainExtraction/sub-s037/BrainExtractionBrain.nii.gz
OUTPUT_DIR: /home/mdugre/scratch/mri-registration-rp/datasets/ds004513/derivatives/mri-registration-rp/0110/antsRegistration-r7-p21/sub-s037

FIXED_IMG: /templateflow/tpl-MNI152NLin2009cAsym/tpl-MNI152NLin2009cAsym_res-01_desc-brain_T1w.nii.gz
DATA_DIR: /home/mdugre/scratch/mri-registration-rp/datasets/ds004513
TEMPLATEFLOW_DIR: /home/mdugre/projects/rrg-glatard/mdugre/templateflow
ITK_GLOBAL_DEFAULT_NUMBER_OF_THREADS: 16
##########################

Info [verificarlo]: loaded backend libinterflop_ieee.so
Info [interflop-ieee]: load backend with:
Info [interflop-ieee]: debug = false
Info [interflop-ieee]: debug-binary = false
Info [interflop-ieee]: no-backend-name = false
Info [interflop-ieee]: print-new-line = false
Info [interflop-ieee]: print-subnormal-normalized = false
Info [interflop-ieee]: count-op = false
All_Command_lines_OK
Using double precision for computations.
=============================================================================
The composite transform comprises the following transforms (in order): 
  1. Center of mass alignment using fixed image: /templateflow/tpl-MNI152NLin2009cAsym/tpl-MNI152NLin2009cAsym_res-01_desc-brain_T1w.nii.gz and moving image: /home/mdugre/scratch/mri-registration-rp/datasets/ds004513/derivatives/mri-registration-rp/antsBrainExtraction/sub-s037/BrainExtractionBrain.nii.gz (type = Euler3DTransform)
=============================================================================
  number of levels = 1
  fixed image: /templateflow/tpl-MNI152NLin2009cAsym/tpl-MNI152NLin2009cAsym_res-01_desc-brain_T1w.nii.gz
  moving image: /home/mdugre/scratch/mri-registration-rp/datasets/ds004513/derivatives/mri-registration-rp/antsBrainExtraction/sub-s037/BrainExtractionBrain.nii.gz
Dimension = 3
Number of stages = 1
Use histogram matching = false
Winsorize image intensities = true
  Lower quantile = 0.005
  Upper quantile = 0.995


Stage 1 State
   Image metric = MattesMI
     Fixed image = Image (0x3aade70)
  RTTI typeinfo:   itk::Image<double, 3u>
  Reference Count: 2
  Modified Time: 2330
  Debug: Off
  Object Name: 
  Observers: 
    none
  Source: (none)
  Source output name: (none)
  Release Data: Off
  Data Released: False
  Global Release Data: Off
  PipelineMTime: 0
  UpdateMTime: 1941
  RealTimeStamp: 0 seconds 
  LargestPossibleRegion: 
    Dimension: 3
    Index: [0, 0, 0]
    Size: [193, 229, 193]
  BufferedRegion: 
    Dimension: 3
    Index: [0, 0, 0]
    Size: [193, 229, 193]
  RequestedRegion: 
    Dimension: 3
    Index: [0, 0, 0]
    Size: [193, 229, 193]
  Spacing: [1, 1, 1]
  Origin: [96, 132, -78]
  Direction: 
-1 0 0
0 -1 0
0 0 1

  IndexToPointMatrix: 
-1 0 0
0 -1 0
0 0 1

  PointToIndexMatrix: 
-1 0 0
0 -1 0
0 0 1

  Inverse Direction: 
-1 0 0
0 -1 0
0 0 1

  PixelContainer: 
    ImportImageContainer (0x3ab6c60)
      RTTI typeinfo:   itk::ImportImageContainer<unsigned long, double>
      Reference Count: 1
      Modified Time: 1938
      Debug: Off
      Object Name: 
      Observers: 
        none
      Pointer: 0x150659dee010
      Container manages memory: true
      Size: 8530021
      Capacity: 8530021

     Moving image = Image (0x3b4aec0)
  RTTI typeinfo:   itk::Image<double, 3u>
  Reference Count: 2
  Modified Time: 2331
  Debug: Off
  Object Name: 
  Observers: 
    none
  Source: (none)
  Source output name: (none)
  Release Data: Off
  Data Released: False
  Global Release Data: Off
  PipelineMTime: 0
  UpdateMTime: 2328
  RealTimeStamp: 0 seconds 
  LargestPossibleRegion: 
    Dimension: 3
    Index: [0, 0, 0]
    Size: [160, 240, 256]
  BufferedRegion: 
    Dimension: 3
    Index: [0, 0, 0]
    Size: [160, 240, 256]
  RequestedRegion: 
    Dimension: 3
    Index: [0, 0, 0]
    Size: [160, 240, 256]
  Spacing: [1, 1, 1]
  Origin: [87.9508, 102.562, -147.639]
  Direction: 
-0.998659 -0.0436121 -0.0279129
0.043595 -0.999049 0.00121847
-0.0279395 -2.65543e-08 0.99961

  IndexToPointMatrix: 
-0.998659 -0.0436121 -0.0279129
0.043595 -0.999049 0.00121847
-0.0279395 -2.65543e-08 0.99961

  PointToIndexMatrix: 
-0.998659 0.043595 -0.0279395
-0.0436121 -0.999049 -2.65517e-08
-0.0279129 0.00121847 0.99961

  Inverse Direction: 
-0.998659 0.043595 -0.0279395
-0.0436121 -0.999049 -2.65517e-08
-0.0279129 0.00121847 0.99961

  PixelContainer: 
    ImportImageContainer (0x3be2610)
      RTTI typeinfo:   itk::ImportImageContainer<unsigned long, double>
      Reference Count: 1
      Modified Time: 2325
      Debug: Off
      Object Name: 
      Observers: 
        none
      Pointer: 0x1506552ed010
      Container manages memory: true
      Size: 9830400
      Capacity: 9830400

     Weighting = 1
     Sampling strategy = regular
     Number of bins = 32
     Radius = 4
     Sampling percentage  = 0.25
   Transform = Rigid
     Gradient step = 0.1
     Update field sigma (voxel space) = 0
     Total field sigma (voxel space) = 0
     Update field time sigma = 0
     Total field time sigma  = 0
     Number of time indices = 0
     Number of time point samples = 0
Registration using 1 total stages.

Stage 0
  iterations = 0
  convergence threshold = 1e-06
  convergence window size = 10
  number of levels = 1
  using the Mattes MI metric (number of bins = 32, weight = 1, use gradient filter = 0)
  preprocessing:  winsorizing the image intensities
  Shrink factors (level 1 out of 1): [1, 1, 1]
  smoothing sigmas per level: [0]
  regular sampling (percentage = 0.25)

*** Running Euler3DTransform registration ***

  Elapsed time (stage 0): 1.15336


Total elapsed time: 1.1578
Info [verificarlo]: loaded backend libinterflop_vprec.so
Info [interflop-vprec]: load backend with: 
Info [interflop-vprec]: precision-binary32 = 21
Info [interflop-vprec]: range-binary32 = 7
Info [interflop-vprec]: precision-binary64 = 21
Info [interflop-vprec]: range-binary64 = 7
Info [interflop-vprec]: mode = ob
Info [interflop-vprec]: error-mode = rel
Info [interflop-vprec]: max-abs-error-exponent = -1022
Info [interflop-vprec]: daz = false
Info [interflop-vprec]: ftz = false
Info [interflop-vprec]: 	instrument = none
Info [interflop-vprec]: 	prec-input-file = (null)
Info [interflop-vprec]: 	prec-output-file = (null)
Info [interflop-vprec]: 	prec-log-file = (null)
All_Command_lines_OK
Using double precision for computations.
=============================================================================
The composite transform comprises the following transforms (in order): 
  1. /home/mdugre/scratch/mri-registration-rp/datasets/ds004513/derivatives/mri-registration-rp/0110/antsRegistration-r7-p21/sub-s037/align_Composite.h5[0] (type = Euler3DTransform)
  2. /home/mdugre/scratch/mri-registration-rp/datasets/ds004513/derivatives/mri-registration-rp/0110/antsRegistration-r7-p21/sub-s037/align_Composite.h5[1] (type = Euler3DTransform)
=============================================================================
  number of levels = 4
  fixed image: /templateflow/tpl-MNI152NLin2009cAsym/tpl-MNI152NLin2009cAsym_res-01_desc-brain_T1w.nii.gz
  moving image: /home/mdugre/scratch/mri-registration-rp/datasets/ds004513/derivatives/mri-registration-rp/antsBrainExtraction/sub-s037/BrainExtractionBrain.nii.gz
Dimension = 3
Number of stages = 1
Use histogram matching = false
Winsorize image intensities = true
  Lower quantile = 0.005
  Upper quantile = 0.995


Stage 1 State
   Image metric = MattesMI
     Fixed image = Image (0x35ce1e0)
  RTTI typeinfo:   itk::Image<double, 3u>
  Reference Count: 2
  Modified Time: 1578
  Debug: Off
  Object Name: 
  Observers: 
    none
  Source: (none)
  Source output name: (none)
  Release Data: Off
  Data Released: False
  Global Release Data: Off
  PipelineMTime: 0
  UpdateMTime: 1189
  RealTimeStamp: 0 seconds 
  LargestPossibleRegion: 
    Dimension: 3
    Index: [0, 0, 0]
    Size: [193, 229, 193]
  BufferedRegion: 
    Dimension: 3
    Index: [0, 0, 0]
    Size: [193, 229, 193]
  RequestedRegion: 
    Dimension: 3
    Index: [0, 0, 0]
    Size: [193, 229, 193]
  Spacing: [1, 1, 1]
  Origin: [96, 132, -78]
  Direction: 
-1 0 0
0 -1 0
0 0 1

  IndexToPointMatrix: 
-1 0 0
0 -1 0
0 0 1

  PointToIndexMatrix: 
-1 0 0
0 -1 0
0 0 1

  Inverse Direction: 
-1 0 0
0 -1 0
0 0 1

  PixelContainer: 
    ImportImageContainer (0x368d680)
      RTTI typeinfo:   itk::ImportImageContainer<unsigned long, double>
      Reference Count: 1
      Modified Time: 1186
      Debug: Off
      Object Name: 
      Observers: 
        none
      Pointer: 0x153f33291010
      Container manages memory: true
      Size: 8530021
      Capacity: 8530021

     Moving image = Image (0x3689b20)
  RTTI typeinfo:   itk::Image<double, 3u>
  Reference Count: 2
  Modified Time: 1579
  Debug: Off
  Object Name: 
  Observers: 
    none
  Source: (none)
  Source output name: (none)
  Release Data: Off
  Data Released: False
  Global Release Data: Off
  PipelineMTime: 0
  UpdateMTime: 1576
  RealTimeStamp: 0 seconds 
  LargestPossibleRegion: 
    Dimension: 3
    Index: [0, 0, 0]
    Size: [160, 240, 256]
  BufferedRegion: 
    Dimension: 3
    Index: [0, 0, 0]
    Size: [160, 240, 256]
  RequestedRegion: 
    Dimension: 3
    Index: [0, 0, 0]
    Size: [160, 240, 256]
  Spacing: [1, 1, 1]
  Origin: [87.9508, 102.562, -147.639]
  Direction: 
-0.998658 -0.043612 -0.0279129
0.043595 -0.999048 0.00121847
-0.0279395 -2.65543e-08 0.999609

  IndexToPointMatrix: 
-0.998658 -0.043612 -0.0279129
0.043595 -0.999048 0.00121847
-0.0279395 -2.65543e-08 0.999609

  PointToIndexMatrix: 
-0.99866 0.043595 -0.0279395
-0.0436121 -0.999049 0
-0.027913 0.0012185 0.99961

  Inverse Direction: 
-0.99866 0.043595 -0.0279395
-0.0436121 -0.999049 0
-0.027913 0.0012185 0.99961

  PixelContainer: 
    ImportImageContainer (0x36f2d50)
      RTTI typeinfo:   itk::ImportImageContainer<unsigned long, double>
      Reference Count: 1
      Modified Time: 1573
      Debug: Off
      Object Name: 
      Observers: 
        none
      Pointer: 0x153f2e790010
      Container manages memory: true
      Size: 9830400
      Capacity: 9830400

     Weighting = 1
     Sampling strategy = regular
     Number of bins = 32
     Radius = 4
     Sampling percentage  = 0.25
   Transform = Rigid
     Gradient step = 0.1
     Update field sigma (voxel space) = 0
     Total field sigma (voxel space) = 0
     Update field time sigma = 0
     Total field time sigma  = 0
     Number of time indices = 0
     Number of time point samples = 0
Registration using 1 total stages.

Stage 0
  iterations = 1000x500x250x100
  convergence threshold = 1e-06
  convergence window size = 10
  number of levels = 4
  using the Mattes MI metric (number of bins = 32, weight = 1, use gradient filter = 0)
  preprocessing:  winsorizing the image intensities
  Shrink factors (level 1 out of 4): [8, 8, 8]
  Shrink factors (level 2 out of 4): [4, 4, 4]
  Shrink factors (level 3 out of 4): [2, 2, 2]
  Shrink factors (level 4 out of 4): [1, 1, 1]
  smoothing sigmas per level: [3, 2, 1, 0]
  regular sampling (percentage = 0.25)

*** Running Euler3DTransform registration ***

DIAGNOSTIC,Iteration,metricValue,convergenceValue,ITERATION_TIME_INDEX,SINCE_LAST
 2DIAGNOSTIC,     1, -4.299063758197e-01, 1.797693134862e+308, 0.0000e+00, 0.0000e+00, 
 2DIAGNOSTIC,     2, -4.311716659362e-01, 1.797693134862e+308, 0.0000e+00, 0.0000e+00, 
 2DIAGNOSTIC,     3, -4.335029918022e-01, 1.797693134862e+308, 0.0000e+00, 0.0000e+00, 
 2DIAGNOSTIC,     4, -4.389667799809e-01, 1.797693134862e+308, 0.0000e+00, 0.0000e+00, 
 2DIAGNOSTIC,     5, -4.438861977019e-01, 1.797693134862e+308, 0.0000e+00, 0.0000e+00, 
 2DIAGNOSTIC,     6, -4.461575615185e-01, 1.797693134862e+308, 0.0000e+00, 0.0000e+00, 
 2DIAGNOSTIC,     7, -4.511528608324e-01, 1.797693134862e+308, 0.0000e+00, 0.0000e+00, 
 2DIAGNOSTIC,     8, -4.668104982708e-01, 1.797693134862e+308, 0.0000e+00, 0.0000e+00, 
 2DIAGNOSTIC,     9, -4.754266190473e-01, 1.797693134862e+308, 0.0000e+00, 0.0000e+00, 
 2DIAGNOSTIC,    10, -4.801896354911e-01, 7.485471282468e-03, 0.0000e+00, 0.0000e+00, 
 2DIAGNOSTIC,    11, -4.830395466102e-01, 7.409170664003e-03, 0.0000e+00, 0.0000e+00, 
 2DIAGNOSTIC,    12, -4.851584015440e-01, 6.861645126164e-03, 0.0000e+00, 0.0000e+00, 
 2DIAGNOSTIC,    13, -4.859861097315e-01, 5.921771314537e-03, 0.0000e+00, 0.0000e+00, 
 2DIAGNOSTIC,    14, -4.863873351135e-01, 4.838075392933e-03, 0.0000e+00, 0.0000e+00, 
 2DIAGNOSTIC,    15, -4.869656446082e-01, 3.698773441050e-03, 0.0000e+00, 0.0000e+00, 
 2DIAGNOSTIC,    16, -4.910263917287e-01, 2.617100773504e-03, 0.0000e+00, 0.0000e+00, 
 2DIAGNOSTIC,    17, -4.974891462098e-01, 1.825149706526e-03, 0.0000e+00, 0.0000e+00, 
 2DIAGNOSTIC,    18, -4.980047666361e-01, 1.495621564215e-03, 0.0000e+00, 0.0000e+00, 
 2DIAGNOSTIC,    19, -4.982605101422e-01, 1.349548692805e-03, 0.0000e+00, 0.0000e+00, 
 2DIAGNOSTIC,    20, -4.989856448683e-01, 1.260855347859e-03, 0.0000e+00, 0.0000e+00, 
 2DIAGNOSTIC,    21, -4.994240243576e-01, 1.154151189357e-03, 0.0000e+00, 0.0000e+00, 
 2DIAGNOSTIC,    22, -4.998929190346e-01, 1.017288028422e-03, 0.0000e+00, 0.0000e+00, 
 2DIAGNOSTIC,    23, -5.009512584128e-01, 8.480444772110e-04, 0.0000e+00, 0.0000e+00, 
 2DIAGNOSTIC,    24, -5.037518352807e-01, 6.968442002819e-04, 0.0000e+00, 0.0000e+00, 
 2DIAGNOSTIC,    25, -5.165210938879e-01, 8.082513174221e-04, 0.0000e+00, 0.0000e+00, 
 2DIAGNOSTIC,    26, -5.166117790358e-01, 9.181152105041e-04, 0.0000e+00, 0.0000e+00, 
 2DIAGNOSTIC,    27, -5.168135545233e-01, 1.083249720181e-03, 0.0000e+00, 0.0000e+00, 
 2DIAGNOSTIC,    28, -5.170474026402e-01, 1.153560987375e-03, 0.0000e+00, 0.0000e+00, 
 2DIAGNOSTIC,    29, -5.172988964265e-01, 1.118171350410e-03, 0.0000e+00, 0.0000e+00, 
 2DIAGNOSTIC,    30, -5.175681449225e-01, 9.951440767427e-04, 0.0000e+00, 0.0000e+00, 
 2DIAGNOSTIC,    31, -5.179533705930e-01, 8.021415939962e-04, 0.0000e+00, 0.0000e+00, 
 2DIAGNOSTIC,    32, -5.181723238915e-01, 5.625328808128e-04, 0.0000e+00, 0.0000e+00, 
 2DIAGNOSTIC,    33, -5.188086310291e-01, 3.164666917715e-04, 0.0000e+00, 0.0000e+00, 
 2DIAGNOSTIC,    34, -5.202200181791e-01, 1.215927645738e-04, 0.0000e+00, 0.0000e+00, 
 2DIAGNOSTIC,    35, -5.215832298123e-01, 1.613343860326e-04, 0.0000e+00, 0.0000e+00, 
 2DIAGNOSTIC,    36, -5.227832977295e-01, 2.039895395374e-04, 0.0000e+00, 0.0000e+00, 
 2DIAGNOSTIC,    37, -5.235585765437e-01, 2.401554602834e-04, 0.0000e+00, 0.0000e+00, 
 2DIAGNOSTIC,    38, -5.237787601763e-01, 2.584523966216e-04, 0.0000e+00, 0.0000e+00, 
 2DIAGNOSTIC,    39, -5.239502977830e-01, 2.573811181953e-04, 0.0000e+00, 0.0000e+00, 
 2DIAGNOSTIC,    40, -5.242438537110e-01, 2.397512106197e-04, 0.0000e+00, 0.0000e+00, 
 2DIAGNOSTIC,    41, -5.251533753981e-01, 2.183357324261e-04, 0.0000e+00, 0.0000e+00, 
 2DIAGNOSTIC,    42, -5.255291739035e-01, 1.851617867064e-04, 0.0000e+00, 0.0000e+00, 
 2DIAGNOSTIC,    43, -5.258293853162e-01, 1.484368196956e-04, 0.0000e+00, 0.0000e+00, 
 2DIAGNOSTIC,    44, -5.259583769160e-01, 1.193597727521e-04, 0.0000e+00, 0.0000e+00, 
 2DIAGNOSTIC,    45, -5.261670538837e-01, 9.999331265025e-05, 0.0000e+00, 0.0000e+00, 
 2DIAGNOSTIC,    46, -5.271715045463e-01, 9.898291493001e-05, 0.0000e+00, 0.0000e+00, 
 2DIAGNOSTIC,    47, -5.276733278236e-01, 1.037064489808e-04, 0.0000e+00, 0.0000e+00, 
 2DIAGNOSTIC,    48, -5.281201150381e-01, 1.063763020857e-04, 0.0000e+00, 0.0000e+00, 
 2DIAGNOSTIC,    49, -5.289089725376e-01, 1.101337638492e-04, 0.0000e+00, 0.0000e+00, 
 2DIAGNOSTIC,    50, -5.292961904024e-01, 1.106107633379e-04, 0.0000e+00, 0.0000e+00, 
 2DIAGNOSTIC,    51, -5.299549154663e-01, 1.177823755657e-04, 0.0000e+00, 0.0000e+00, 
 2DIAGNOSTIC,    52, -5.330004981202e-01, 1.505287575402e-04, 0.0000e+00, 0.0000e+00, 
 2DIAGNOSTIC,    53, -5.372925351769e-01, 2.158858062580e-04, 0.0000e+00, 0.0000e+00, 
 2DIAGNOSTIC,    54, -5.398725966716e-01, 2.855504007686e-04, 0.0000e+00, 0.0000e+00, 
 2DIAGNOSTIC,    55, -5.406048610546e-01, 3.348248883458e-04, 0.0000e+00, 0.0000e+00, 
 2DIAGNOSTIC,    56, -5.409786721722e-01, 3.646262978372e-04, 0.0000e+00, 0.0000e+00, 
 2DIAGNOSTIC,    57, -5.416566151884e-01, 3.697538330511e-04, 0.0000e+00, 0.0000e+00, 
 2DIAGNOSTIC,    58, -5.419097616101e-01, 3.450296684656e-04, 0.0000e+00, 0.0000e+00, 
 2DIAGNOSTIC,    59, -5.435781925004e-01, 3.114201973000e-04, 0.0000e+00, 0.0000e+00, 
 2DIAGNOSTIC,    60, -5.441759330678e-01, 2.586451093133e-04, 0.0000e+00, 0.0000e+00, 
 2DIAGNOSTIC,    61, -5.448086644991e-01, 1.948056331861e-04, 0.0000e+00, 0.0000e+00, 
 2DIAGNOSTIC,    62, -5.456788968885e-01, 1.491509092722e-04, 0.0000e+00, 0.0000e+00, 
 2DIAGNOSTIC,    63, -5.464931044122e-01, 1.353644909649e-04, 0.0000e+00, 0.0000e+00, 
 2DIAGNOSTIC,    64, -5.470502835636e-01, 1.361003256591e-04, 0.0000e+00, 0.0000e+00, 
 2DIAGNOSTIC,    65, -5.485740709789e-01, 1.430429623806e-04, 0.0000e+00, 0.0000e+00, 
 2DIAGNOSTIC,    66, -5.491658912384e-01, 1.439490741291e-04, 0.0000e+00, 0.0000e+00, 
 2DIAGNOSTIC,    67, -5.494600497717e-01, 1.392010808893e-04, 0.0000e+00, 0.0000e+00, 
 2DIAGNOSTIC,    68, -5.509522530384e-01, 1.352989748315e-04, 0.0000e+00, 0.0000e+00, 
 2DIAGNOSTIC,    69, -5.535103826952e-01, 1.521861167883e-04, 0.0000e+00, 0.0000e+00, 
 2DIAGNOSTIC,    70, -5.539277375907e-01, 1.613896785835e-04, 0.0000e+00, 0.0000e+00, 
 2DIAGNOSTIC,    71, -5.551849103906e-01, 1.697083682160e-04, 0.0000e+00, 0.0000e+00, 
 2DIAGNOSTIC,    72, -5.560240888733e-01, 1.746497089101e-04, 0.0000e+00, 0.0000e+00, 
 2DIAGNOSTIC,    73, -5.560869402873e-01, 1.691023358893e-04, 0.0000e+00, 0.0000e+00, 
 2DIAGNOSTIC,    74, -5.561969143790e-01, 1.520409409620e-04, 0.0000e+00, 0.0000e+00, 
 2DIAGNOSTIC,    75, -5.569948167305e-01, 1.379274127744e-04, 0.0000e+00, 0.0000e+00, 
 2DIAGNOSTIC,    76, -5.586891622667e-01, 1.275556493158e-04, 0.0000e+00, 0.0000e+00, 
 2DIAGNOSTIC,    77, -5.590969157426e-01, 1.097928202394e-04, 0.0000e+00, 0.0000e+00, 
 2DIAGNOSTIC,    78, -5.597119110194e-01, 9.660318163625e-05, 0.0000e+00, 0.0000e+00, 
 2DIAGNOSTIC,    79, -5.641932770447e-01, 1.235853276257e-04, 0.0000e+00, 0.0000e+00, 
 2DIAGNOSTIC,    80, -5.654350333924e-01, 1.482260573184e-04, 0.0000e+00, 0.0000e+00, 
 2DIAGNOSTIC,    81, -5.672686896448e-01, 1.786548095924e-04, 0.0000e+00, 0.0000e+00, 
 2DIAGNOSTIC,    82, -5.739778775555e-01, 2.416041428217e-04, 0.0000e+00, 0.0000e+00, 
 2DIAGNOSTIC,    83, -5.747585560666e-01, 2.841996948010e-04, 0.0000e+00, 0.0000e+00, 
 2DIAGNOSTIC,    84, -5.772050327477e-01, 3.149331549651e-04, 0.0000e+00, 0.0000e+00, 
 2DIAGNOSTIC,    85, -5.782180972221e-01, 3.259133591762e-04, 0.0000e+00, 0.0000e+00, 
 2DIAGNOSTIC,    86, -5.784788945728e-01, 3.176844031644e-04, 0.0000e+00, 0.0000e+00, 
 2DIAGNOSTIC,    87, -5.786532881094e-01, 2.825247174085e-04, 0.0000e+00, 0.0000e+00, 
 2DIAGNOSTIC,    88, -5.790088258228e-01, 2.262644778263e-04, 0.0000e+00, 0.0000e+00, 
 2DIAGNOSTIC,    89, -5.792352291224e-01, 1.785274670030e-04, 0.0000e+00, 0.0000e+00, 
 2DIAGNOSTIC,    90, -5.805182009864e-01, 1.300247717575e-04, 0.0000e+00, 0.0000e+00, 
 2DIAGNOSTIC,    91, -5.814457009853e-01, 8.551236237558e-05, 0.0000e+00, 0.0000e+00, 
 2DIAGNOSTIC,    92, -5.815218775687e-01, 7.375200468741e-05, 0.0000e+00, 0.0000e+00, 
 2DIAGNOSTIC,    93, -5.814715903268e-01, 5.923593446278e-05, 0.0000e+00, 0.0000e+00, 
 2DIAGNOSTIC,    94, -5.817776167355e-01, 5.506488429492e-05, 0.0000e+00, 0.0000e+00, 
 2DIAGNOSTIC,    95, -5.821472842510e-01, 5.334875233648e-05, 0.0000e+00, 0.0000e+00, 
 2DIAGNOSTIC,    96, -5.822598596747e-01, 4.849831493047e-05, 0.0000e+00, 0.0000e+00, 
 2DIAGNOSTIC,    97, -5.825183361121e-01, 4.158433424436e-05, 0.0000e+00, 0.0000e+00, 
 2DIAGNOSTIC,    98, -5.830426286666e-01, 3.578561004327e-05, 0.0000e+00, 0.0000e+00, 
 2DIAGNOSTIC,    99, -5.830503962627e-01, 2.773624646253e-05, 0.0000e+00, 0.0000e+00, 
 2DIAGNOSTIC,   100, -5.830514621326e-01, 2.396413672487e-05, 0.0000e+00, 0.0000e+00, 
 2DIAGNOSTIC,   101, -5.830585900816e-01, 2.297589522620e-05, 0.0000e+00, 0.0000e+00, 
 2DIAGNOSTIC,   102, -5.830652818198e-01, 2.027625466606e-05, 0.0000e+00, 0.0000e+00, 
 2DIAGNOSTIC,   103, -5.830698683119e-01, 1.540360757114e-05, 0.0000e+00, 0.0000e+00, 
 2DIAGNOSTIC,   104, -5.830770024955e-01, 1.074602358415e-05, 0.0000e+00, 0.0000e+00, 
 2DIAGNOSTIC,   105, -5.831002736277e-01, 7.215167357306e-06, 0.0000e+00, 0.0000e+00, 
 2DIAGNOSTIC,   106, -5.831005603731e-01, 3.649773038074e-06, 0.0000e+00, 0.0000e+00, 
 2DIAGNOSTIC,   107, -5.831051337228e-01, 1.070863751203e-06, 0.0000e+00, 0.0000e+00, 
 2DIAGNOSTIC,   108, -5.831186042840e-01, 1.119725050755e-06, 0.0000e+00, 0.0000e+00, 
 2DIAGNOSTIC,   109, -5.831193045776e-01, 1.129727621686e-06, 0.0000e+00, 0.0000e+00, 
 2DIAGNOSTIC,   110, -5.831210856663e-01, 1.073490282459e-06, 0.0000e+00, 0.0000e+00, 
DIAGNOSTIC,Iteration,metricValue,convergenceValue,ITERATION_TIME_INDEX,SINCE_LAST
 2DIAGNOSTIC,     1, -4.743350170390e-01, 1.797693134862e+308, 0.0000e+00, 0.0000e+00, 
 2DIAGNOSTIC,     2, -4.748914836638e-01, 1.797693134862e+308, 0.0000e+00, 0.0000e+00, 
 2DIAGNOSTIC,     3, -4.755894493333e-01, 1.797693134862e+308, 0.0000e+00, 0.0000e+00, 
 2DIAGNOSTIC,     4, -4.766426807377e-01, 1.797693134862e+308, 0.0000e+00, 0.0000e+00, 
 2DIAGNOSTIC,     5, -4.775536847398e-01, 1.797693134862e+308, 0.0000e+00, 0.0000e+00, 
 2DIAGNOSTIC,     6, -4.788007805597e-01, 1.797693134862e+308, 0.0000e+00, 0.0000e+00, 
 2DIAGNOSTIC,     7, -4.795985027919e-01, 1.797693134862e+308, 0.0000e+00, 0.0000e+00, 
 2DIAGNOSTIC,     8, -4.798166515851e-01, 1.797693134862e+308, 0.0000e+00, 0.0000e+00, 
 2DIAGNOSTIC,     9, -4.815657048788e-01, 1.797693134862e+308, 0.0000e+00, 0.0000e+00, 
 2DIAGNOSTIC,    10, -4.823231031500e-01, 1.095325915575e-03, 0.0000e+00, 0.0000e+00, 
 2DIAGNOSTIC,    11, -4.825685938594e-01, 9.858440162706e-04, 0.0000e+00, 0.0000e+00, 
 2DIAGNOSTIC,    12, -4.826588674521e-01, 8.396029707063e-04, 0.0000e+00, 0.0000e+00, 
 2DIAGNOSTIC,    13, -4.827365732000e-01, 6.759128956375e-04, 0.0000e+00, 0.0000e+00, 
 2DIAGNOSTIC,    14, -4.828367211508e-01, 5.222635004274e-04, 0.0000e+00, 0.0000e+00, 
 2DIAGNOSTIC,    15, -4.828570949670e-01, 3.768680744450e-04, 0.0000e+00, 0.0000e+00, 
 2DIAGNOSTIC,    16, -4.828912207549e-01, 2.629439903861e-04, 0.0000e+00, 0.0000e+00, 
 2DIAGNOSTIC,    17, -4.829254431484e-01, 1.683454773639e-04, 0.0000e+00, 0.0000e+00, 
 2DIAGNOSTIC,    18, -4.832484214911e-01, 8.544242711690e-05, 0.0000e+00, 0.0000e+00, 
 2DIAGNOSTIC,    19, -4.844194700274e-01, 9.362428043751e-05, 0.0000e+00, 0.0000e+00, 
 2DIAGNOSTIC,    20, -4.853176189944e-01, 1.403536546547e-04, 0.0000e+00, 0.0000e+00, 
 2DIAGNOSTIC,    21, -4.861293075515e-01, 1.992068412661e-04, 0.0000e+00, 0.0000e+00, 
 2DIAGNOSTIC,    22, -4.863265565604e-01, 2.420310845159e-04, 0.0000e+00, 0.0000e+00, 
 2DIAGNOSTIC,    23, -4.868004564553e-01, 2.729146572844e-04, 0.0000e+00, 0.0000e+00, 
 2DIAGNOSTIC,    24, -4.884749414585e-01, 3.188024630441e-04, 0.0000e+00, 0.0000e+00, 
 2DIAGNOSTIC,    25, -4.889077747465e-01, 3.405117446484e-04, 0.0000e+00, 0.0000e+00, 
 2DIAGNOSTIC,    26, -4.893141955073e-01, 3.390617228176e-04, 0.0000e+00, 0.0000e+00, 
 2DIAGNOSTIC,    27, -4.895422944810e-01, 3.123371790258e-04, 0.0000e+00, 0.0000e+00, 
 2DIAGNOSTIC,    28, -4.898721675659e-01, 2.715320137891e-04, 0.0000e+00, 0.0000e+00, 
 2DIAGNOSTIC,    29, -4.902258325503e-01, 2.380832048374e-04, 0.0000e+00, 0.0000e+00, 
 2DIAGNOSTIC,    30, -4.927688240090e-01, 2.513038933321e-04, 0.0000e+00, 0.0000e+00, 
 2DIAGNOSTIC,    31, -4.933851671299e-01, 2.661857094541e-04, 0.0000e+00, 0.0000e+00, 
 2DIAGNOSTIC,    32, -4.933919172592e-01, 2.592274983812e-04, 0.0000e+00, 0.0000e+00, 
 2DIAGNOSTIC,    33, -4.934042884988e-01, 2.369529803289e-04, 0.0000e+00, 0.0000e+00, 
 2DIAGNOSTIC,    34, -4.934166102822e-01, 2.225339711754e-04, 0.0000e+00, 0.0000e+00, 
 2DIAGNOSTIC,    35, -4.933992665766e-01, 1.940289456107e-04, 0.0000e+00, 0.0000e+00, 
 2DIAGNOSTIC,    36, -4.933979300467e-01, 1.551137307268e-04, 0.0000e+00, 0.0000e+00, 
 2DIAGNOSTIC,    37, -4.934083273697e-01, 1.079777171815e-04, 0.0000e+00, 0.0000e+00, 
 2DIAGNOSTIC,    38, -4.933971291251e-01, 5.853359789203e-05, 0.0000e+00, 0.0000e+00, 
 2DIAGNOSTIC,    39, -4.933997037155e-01, 1.053736553901e-05, 0.0000e+00, 0.0000e+00, 
DIAGNOSTIC,Iteration,metricValue,convergenceValue,ITERATION_TIME_INDEX,SINCE_LAST
 2DIAGNOSTIC,     1, -4.345824272883e-01, 1.797693134862e+308, 0.0000e+00, 0.0000e+00, 
 2DIAGNOSTIC,     2, -4.347523000682e-01, 1.797693134862e+308, 0.0000e+00, 0.0000e+00, 
 2DIAGNOSTIC,     3, -4.349440739800e-01, 1.797693134862e+308, 0.0000e+00, 0.0000e+00, 
 2DIAGNOSTIC,     4, -4.351087610868e-01, 1.797693134862e+308, 0.0000e+00, 0.0000e+00, 
 2DIAGNOSTIC,     5, -4.351623375782e-01, 1.797693134862e+308, 0.0000e+00, 0.0000e+00, 
 2DIAGNOSTIC,     6, -4.351588512754e-01, 1.797693134862e+308, 0.0000e+00, 0.0000e+00, 
 2DIAGNOSTIC,     7, -4.351792772419e-01, 1.797693134862e+308, 0.0000e+00, 0.0000e+00, 
 2DIAGNOSTIC,     8, -4.351912297917e-01, 1.797693134862e+308, 0.0000e+00, 0.0000e+00, 
 2DIAGNOSTIC,     9, -4.351951873897e-01, 1.797693134862e+308, 0.0000e+00, 0.0000e+00, 
 2DIAGNOSTIC,    10, -4.351948478568e-01, 8.191974292680e-05, 0.0000e+00, 0.0000e+00, 
 2DIAGNOSTIC,    11, -4.351948353813e-01, 4.679253608481e-05, 0.0000e+00, 0.0000e+00, 
 2DIAGNOSTIC,    12, -4.351948986407e-01, 2.267568770961e-05, 0.0000e+00, 0.0000e+00, 
 2DIAGNOSTIC,    13, -4.351941615280e-01, 9.838980197172e-06, 0.0000e+00, 0.0000e+00, 
 2DIAGNOSTIC,    14, -4.351942553449e-01, 5.791703221514e-06, 0.0000e+00, 0.0000e+00, 
 2DIAGNOSTIC,    15, -4.351942557414e-01, 4.319041890008e-06, 0.0000e+00, 0.0000e+00, 
 2DIAGNOSTIC,    16, -4.351943393614e-01, 2.674491324114e-06, 0.0000e+00, 0.0000e+00, 
 2DIAGNOSTIC,    17, -4.351943032437e-01, 1.932465881281e-06, 0.0000e+00, 0.0000e+00, 
 2DIAGNOSTIC,    18, -4.351943328340e-01, 1.698532500830e-06, 0.0000e+00, 0.0000e+00, 
 2DIAGNOSTIC,    19, -4.351942614978e-01, 1.629840349834e-06, 0.0000e+00, 0.0000e+00, 
 2DIAGNOSTIC,    20, -4.351943672098e-01, 1.564408962137e-06, 0.0000e+00, 0.0000e+00, 
 2DIAGNOSTIC,    21, -4.351943221496e-01, 1.505631464074e-06, 0.0000e+00, 0.0000e+00, 
 2DIAGNOSTIC,    22, -4.351943011167e-01, 1.455213043663e-06, 0.0000e+00, 0.0000e+00, 
 2DIAGNOSTIC,    23, -4.351942732223e-01, 1.386784996546e-06, 0.0000e+00, 0.0000e+00, 
 2DIAGNOSTIC,    24, -4.351943856360e-01, 1.329528283307e-06, 0.0000e+00, 0.0000e+00, 
 2DIAGNOSTIC,    25, -4.351943861220e-01, 1.276465115704e-06, 0.0000e+00, 0.0000e+00, 
 2DIAGNOSTIC,    26, -4.351943203647e-01, 1.227756173616e-06, 0.0000e+00, 0.0000e+00, 
 2DIAGNOSTIC,    27, -4.351943209283e-01, 1.181656285605e-06, 0.0000e+00, 0.0000e+00, 
 2DIAGNOSTIC,    28, -4.351943209283e-01, 1.139406925352e-06, 0.0000e+00, 0.0000e+00, 
 2DIAGNOSTIC,    29, -4.351943192720e-01, 1.098107661010e-06, 0.0000e+00, 0.0000e+00, 
 2DIAGNOSTIC,    30, -4.351942888747e-01, 1.061239380866e-06, 0.0000e+00, 0.0000e+00, 
 2DIAGNOSTIC,    31, -4.351942876723e-01, 1.025912154159e-06, 0.0000e+00, 0.0000e+00, 
DIAGNOSTIC,Iteration,metricValue,convergenceValue,ITERATION_TIME_INDEX,SINCE_LAST
 2DIAGNOSTIC,     1, -4.015021061848e-01, 1.797693134862e+308, 0.0000e+00, 0.0000e+00, 
 2DIAGNOSTIC,     2, -4.015439552797e-01, 1.797693134862e+308, 0.0000e+00, 0.0000e+00, 
 2DIAGNOSTIC,     3, -4.015471479555e-01, 1.797693134862e+308, 0.0000e+00, 0.0000e+00, 
 2DIAGNOSTIC,     4, -4.015487231335e-01, 1.797693134862e+308, 0.0000e+00, 0.0000e+00, 
 2DIAGNOSTIC,     5, -4.015483769919e-01, 1.797693134862e+308, 0.0000e+00, 0.0000e+00, 
 2DIAGNOSTIC,     6, -4.015484070235e-01, 1.797693134862e+308, 0.0000e+00, 0.0000e+00, 
 2DIAGNOSTIC,     7, -4.015482983911e-01, 1.797693134862e+308, 0.0000e+00, 0.0000e+00, 
 2DIAGNOSTIC,     8, -4.015479908513e-01, 1.797693134862e+308, 0.0000e+00, 0.0000e+00, 
 2DIAGNOSTIC,     9, -4.015479566665e-01, 1.797693134862e+308, 0.0000e+00, 0.0000e+00, 
 2DIAGNOSTIC,    10, -4.015484177738e-01, 6.738555608482e-06, 0.0000e+00, 0.0000e+00, 
 2DIAGNOSTIC,    11, -4.015493679596e-01, 3.267737401211e-06, 0.0000e+00, 0.0000e+00, 
 2DIAGNOSTIC,    12, -4.015497610536e-01, 2.827829124780e-06, 0.0000e+00, 0.0000e+00, 
 2DIAGNOSTIC,    13, -4.015516417007e-01, 2.714208378399e-06, 0.0000e+00, 0.0000e+00, 
 2DIAGNOSTIC,    14, -4.015513502032e-01, 2.656457236946e-06, 0.0000e+00, 0.0000e+00, 
 2DIAGNOSTIC,    15, -4.015520774817e-01, 2.590461765609e-06, 0.0000e+00, 0.0000e+00, 
 2DIAGNOSTIC,    16, -4.015537303539e-01, 2.563702910172e-06, 0.0000e+00, 0.0000e+00, 
 2DIAGNOSTIC,    17, -4.015540342203e-01, 2.493606386732e-06, 0.0000e+00, 0.0000e+00, 
 2DIAGNOSTIC,    18, -4.015555069286e-01, 2.420342561989e-06, 0.0000e+00, 0.0000e+00, 
 2DIAGNOSTIC,    19, -4.015580132202e-01, 2.386124238182e-06, 0.0000e+00, 0.0000e+00, 
 2DIAGNOSTIC,    20, -4.015647334854e-01, 2.541443480414e-06, 0.0000e+00, 0.0000e+00, 
 2DIAGNOSTIC,    21, -4.015771627116e-01, 3.038993389194e-06, 0.0000e+00, 0.0000e+00, 
 2DIAGNOSTIC,    22, -4.016031273764e-01, 4.187580045063e-06, 0.0000e+00, 0.0000e+00, 
 2DIAGNOSTIC,    23, -4.016273170950e-01, 5.767549029194e-06, 0.0000e+00, 0.0000e+00, 
 2DIAGNOSTIC,    24, -4.017026348321e-01, 9.010153123934e-06, 0.0000e+00, 0.0000e+00, 
 2DIAGNOSTIC,    25, -4.017260347935e-01, 1.190872018632e-05, 0.0000e+00, 0.0000e+00, 
 2DIAGNOSTIC,    26, -4.018402632833e-01, 1.674763305926e-05, 0.0000e+00, 0.0000e+00, 
 2DIAGNOSTIC,    27, -4.018502985928e-01, 1.997824145295e-05, 0.0000e+00, 0.0000e+00, 
 2DIAGNOSTIC,    28, -4.018769623092e-01, 2.193855339174e-05, 0.0000e+00, 0.0000e+00, 
 2DIAGNOSTIC,    29, -4.019854795012e-01, 2.451182833661e-05, 0.0000e+00, 0.0000e+00, 
 2DIAGNOSTIC,    30, -4.020275709599e-01, 2.577131050766e-05, 0.0000e+00, 0.0000e+00, 
 2DIAGNOSTIC,    31, -4.021116626873e-01, 2.679672754316e-05, 0.0000e+00, 0.0000e+00, 
 2DIAGNOSTIC,    32, -4.021623900544e-01, 2.700685685682e-05, 0.0000e+00, 0.0000e+00, 
 2DIAGNOSTIC,    33, -4.022352955970e-01, 2.680463578338e-05, 0.0000e+00, 0.0000e+00, 
 2DIAGNOSTIC,    34, -4.022554059611e-01, 2.611964794215e-05, 0.0000e+00, 0.0000e+00, 
 2DIAGNOSTIC,    35, -4.022696768651e-01, 2.378147747890e-05, 0.0000e+00, 0.0000e+00, 
 2DIAGNOSTIC,    36, -4.023269234453e-01, 2.278905532480e-05, 0.0000e+00, 0.0000e+00, 
 2DIAGNOSTIC,    37, -4.023392756375e-01, 2.016803194141e-05, 0.0000e+00, 0.0000e+00, 
 2DIAGNOSTIC,    38, -4.023473406361e-01, 1.645278625596e-05, 0.0000e+00, 0.0000e+00, 
 2DIAGNOSTIC,    39, -4.023638716960e-01, 1.372328444610e-05, 0.0000e+00, 0.0000e+00, 
 2DIAGNOSTIC,    40, -4.023696410150e-01, 1.072277726183e-05, 0.0000e+00, 0.0000e+00, 
 2DIAGNOSTIC,    41, -4.023780288050e-01, 8.497355806714e-06, 0.0000e+00, 0.0000e+00, 
 2DIAGNOSTIC,    42, -4.023822115491e-01, 6.532516815563e-06, 0.0000e+00, 0.0000e+00, 
 2DIAGNOSTIC,    43, -4.023947716864e-01, 5.519336134806e-06, 0.0000e+00, 0.0000e+00, 
 2DIAGNOSTIC,    44, -4.024127393100e-01, 4.707312270404e-06, 0.0000e+00, 0.0000e+00, 
 2DIAGNOSTIC,    45, -4.024171640775e-01, 3.815353695241e-06, 0.0000e+00, 0.0000e+00, 
 2DIAGNOSTIC,    46, -4.024164369337e-01, 3.535894881258e-06, 0.0000e+00, 0.0000e+00, 
 2DIAGNOSTIC,    47, -4.024166305215e-01, 3.189203005668e-06, 0.0000e+00, 0.0000e+00, 
 2DIAGNOSTIC,    48, -4.024164070187e-01, 2.724605208039e-06, 0.0000e+00, 0.0000e+00, 
 2DIAGNOSTIC,    49, -4.024164020825e-01, 2.314813027739e-06, 0.0000e+00, 0.0000e+00, 
 2DIAGNOSTIC,    50, -4.024165336715e-01, 1.843630061418e-06, 0.0000e+00, 0.0000e+00, 
 2DIAGNOSTIC,    51, -4.024163752194e-01, 1.393741912069e-06, 0.0000e+00, 0.0000e+00, 
  Elapsed time (stage 0): 0.0000e+00


Total elapsed time: 0.0000e+00
Info [verificarlo]: loaded backend libinterflop_vprec.so
Info [interflop-vprec]: load backend with: 
Info [interflop-vprec]: precision-binary32 = 21
Info [interflop-vprec]: range-binary32 = 7
Info [interflop-vprec]: precision-binary64 = 21
Info [interflop-vprec]: range-binary64 = 7
Info [interflop-vprec]: mode = ob
Info [interflop-vprec]: error-mode = rel
Info [interflop-vprec]: max-abs-error-exponent = -1022
Info [interflop-vprec]: daz = false
Info [interflop-vprec]: ftz = false
Info [interflop-vprec]: 	instrument = none
Info [interflop-vprec]: 	prec-input-file = (null)
Info [interflop-vprec]: 	prec-output-file = (null)
Info [interflop-vprec]: 	prec-log-file = (null)
All_Command_lines_OK
Using double precision for computations.
=============================================================================
The composite transform comprises the following transforms (in order): 
  1. /home/mdugre/scratch/mri-registration-rp/datasets/ds004513/derivatives/mri-registration-rp/0110/antsRegistration-r7-p21/sub-s037/rigid_Composite.h5[0] (type = Euler3DTransform)
  2. /home/mdugre/scratch/mri-registration-rp/datasets/ds004513/derivatives/mri-registration-rp/0110/antsRegistration-r7-p21/sub-s037/rigid_Composite.h5[1] (type = Euler3DTransform)
  3. /home/mdugre/scratch/mri-registration-rp/datasets/ds004513/derivatives/mri-registration-rp/0110/antsRegistration-r7-p21/sub-s037/rigid_Composite.h5[2] (type = Euler3DTransform)
=============================================================================
  number of levels = 4
  fixed image: /templateflow/tpl-MNI152NLin2009cAsym/tpl-MNI152NLin2009cAsym_res-01_desc-brain_T1w.nii.gz
  moving image: /home/mdugre/scratch/mri-registration-rp/datasets/ds004513/derivatives/mri-registration-rp/antsBrainExtraction/sub-s037/BrainExtractionBrain.nii.gz
Dimension = 3
Number of stages = 1
Use histogram matching = false
Winsorize image intensities = true
  Lower quantile = 0.005
  Upper quantile = 0.995


Stage 1 State
   Image metric = MattesMI
     Fixed image = Image (0x49c8490)
  RTTI typeinfo:   itk::Image<double, 3u>
  Reference Count: 2
  Modified Time: 1592
  Debug: Off
  Object Name: 
  Observers: 
    none
  Source: (none)
  Source output name: (none)
  Release Data: Off
  Data Released: False
  Global Release Data: Off
  PipelineMTime: 0
  UpdateMTime: 1203
  RealTimeStamp: 0 seconds 
  LargestPossibleRegion: 
    Dimension: 3
    Index: [0, 0, 0]
    Size: [193, 229, 193]
  BufferedRegion: 
    Dimension: 3
    Index: [0, 0, 0]
    Size: [193, 229, 193]
  RequestedRegion: 
    Dimension: 3
    Index: [0, 0, 0]
    Size: [193, 229, 193]
  Spacing: [1, 1, 1]
  Origin: [96, 132, -78]
  Direction: 
-1 0 0
0 -1 0
0 0 1

  IndexToPointMatrix: 
-1 0 0
0 -1 0
0 0 1

  PointToIndexMatrix: 
-1 0 0
0 -1 0
0 0 1

  Inverse Direction: 
-1 0 0
0 -1 0
0 0 1

  PixelContainer: 
    ImportImageContainer (0x4a80fa0)
      RTTI typeinfo:   itk::ImportImageContainer<unsigned long, double>
      Reference Count: 1
      Modified Time: 1200
      Debug: Off
      Object Name: 
      Observers: 
        none
      Pointer: 0x15282dc84010
      Container manages memory: true
      Size: 8530021
      Capacity: 8530021

     Moving image = Image (0x4a83d20)
  RTTI typeinfo:   itk::Image<double, 3u>
  Reference Count: 2
  Modified Time: 1593
  Debug: Off
  Object Name: 
  Observers: 
    none
  Source: (none)
  Source output name: (none)
  Release Data: Off
  Data Released: False
  Global Release Data: Off
  PipelineMTime: 0
  UpdateMTime: 1590
  RealTimeStamp: 0 seconds 
  LargestPossibleRegion: 
    Dimension: 3
    Index: [0, 0, 0]
    Size: [160, 240, 256]
  BufferedRegion: 
    Dimension: 3
    Index: [0, 0, 0]
    Size: [160, 240, 256]
  RequestedRegion: 
    Dimension: 3
    Index: [0, 0, 0]
    Size: [160, 240, 256]
  Spacing: [1, 1, 1]
  Origin: [87.9508, 102.562, -147.639]
  Direction: 
-0.998658 -0.043612 -0.0279129
0.043595 -0.999048 0.00121847
-0.0279395 -2.65543e-08 0.999609

  IndexToPointMatrix: 
-0.998658 -0.043612 -0.0279129
0.043595 -0.999048 0.00121847
-0.0279395 -2.65543e-08 0.999609

  PointToIndexMatrix: 
-0.99866 0.043595 -0.0279395
-0.0436121 -0.999049 0
-0.027913 0.0012185 0.99961

  Inverse Direction: 
-0.99866 0.043595 -0.0279395
-0.0436121 -0.999049 0
-0.027913 0.0012185 0.99961

  PixelContainer: 
    ImportImageContainer (0x4b3f390)
      RTTI typeinfo:   itk::ImportImageContainer<unsigned long, double>
      Reference Count: 1
      Modified Time: 1587
      Debug: Off
      Object Name: 
      Observers: 
        none
      Pointer: 0x152829183010
      Container manages memory: true
      Size: 9830400
      Capacity: 9830400

     Weighting = 1
     Sampling strategy = regular
     Number of bins = 32
     Radius = 4
     Sampling percentage  = 0.25
   Transform = Affine
     Gradient step = 0.1
     Update field sigma (voxel space) = 0
     Total field sigma (voxel space) = 0
     Update field time sigma = 0
     Total field time sigma  = 0
     Number of time indices = 0
     Number of time point samples = 0
Registration using 1 total stages.

Stage 0
  iterations = 1000x500x250x100
  convergence threshold = 1e-06
  convergence window size = 10
  number of levels = 4
  using the Mattes MI metric (number of bins = 32, weight = 1, use gradient filter = 0)
  preprocessing:  winsorizing the image intensities
  Shrink factors (level 1 out of 4): [8, 8, 8]
  Shrink factors (level 2 out of 4): [4, 4, 4]
  Shrink factors (level 3 out of 4): [2, 2, 2]
  Shrink factors (level 4 out of 4): [1, 1, 1]
  smoothing sigmas per level: [3, 2, 1, 0]
  regular sampling (percentage = 0.25)

*** Running AffineTransform registration ***

DIAGNOSTIC,Iteration,metricValue,convergenceValue,ITERATION_TIME_INDEX,SINCE_LAST
 2DIAGNOSTIC,     1, -5.823937405561e-01, 1.797693134862e+308, 0.0000e+00, 0.0000e+00, 
 2DIAGNOSTIC,     2, -5.840601832906e-01, 1.797693134862e+308, 0.0000e+00, 0.0000e+00, 
 2DIAGNOSTIC,     3, -5.872715005182e-01, 1.797693134862e+308, 0.0000e+00, 0.0000e+00, 
 2DIAGNOSTIC,     4, -5.927930876089e-01, 1.797693134862e+308, 0.0000e+00, 0.0000e+00, 
 2DIAGNOSTIC,     5, -6.042103635081e-01, 1.797693134862e+308, 0.0000e+00, 0.0000e+00, 
 2DIAGNOSTIC,     6, -6.179010334680e-01, 1.797693134862e+308, 0.0000e+00, 0.0000e+00, 
 2DIAGNOSTIC,     7, -6.382347374330e-01, 1.797693134862e+308, 0.0000e+00, 0.0000e+00, 
 2DIAGNOSTIC,     8, -6.807935410594e-01, 1.797693134862e+308, 0.0000e+00, 0.0000e+00, 
 2DIAGNOSTIC,     9, -6.955260703286e-01, 1.797693134862e+308, 0.0000e+00, 0.0000e+00, 
 2DIAGNOSTIC,    10, -7.050428898355e-01, 1.397669529522e-02, 0.0000e+00, 0.0000e+00, 
 2DIAGNOSTIC,    11, -7.098694325749e-01, 1.380860316197e-02, 0.0000e+00, 0.0000e+00, 
 2DIAGNOSTIC,    12, -7.154395438398e-01, 1.269656135990e-02, 0.0000e+00, 0.0000e+00, 
 2DIAGNOSTIC,    13, -7.198753821150e-01, 1.086917727608e-02, 0.0000e+00, 0.0000e+00, 
 2DIAGNOSTIC,    14, -7.202893905092e-01, 8.525875956492e-03, 0.0000e+00, 0.0000e+00, 
 2DIAGNOSTIC,    15, -7.203891597300e-01, 6.095806313601e-03, 0.0000e+00, 0.0000e+00, 
 2DIAGNOSTIC,    16, -7.205211455492e-01, 3.814324015385e-03, 0.0000e+00, 0.0000e+00, 
 2DIAGNOSTIC,    17, -7.203702913936e-01, 1.955803575946e-03, 0.0000e+00, 0.0000e+00, 
 2DIAGNOSTIC,    18, -7.203822247254e-01, 1.137856883653e-03, 0.0000e+00, 0.0000e+00, 
 2DIAGNOSTIC,    19, -7.204963871332e-01, 6.349561283037e-04, 0.0000e+00, 0.0000e+00, 
 2DIAGNOSTIC,    20, -7.207673010043e-01, 3.334466350534e-04, 0.0000e+00, 0.0000e+00, 
 2DIAGNOSTIC,    21, -7.207200528398e-01, 1.252670590042e-04, 0.0000e+00, 0.0000e+00, 
 2DIAGNOSTIC,    22, -7.207602372371e-01, 3.043990556609e-05, 0.0000e+00, 0.0000e+00, 
 2DIAGNOSTIC,    23, -7.205732001978e-01, 1.876515685314e-05, 0.0000e+00, 0.0000e+00, 
 2DIAGNOSTIC,    24, -7.202975696802e-01, 8.877032177342e-06, 0.0000e+00, 0.0000e+00, 
DIAGNOSTIC,Iteration,metricValue,convergenceValue,ITERATION_TIME_INDEX,SINCE_LAST
