
##########################
# Experiment information #
##########################

EXPERIMENT_NAME: antsRegistration-r8-p9
VFC_BACKENDS: libinterflop_vprec.so --range-binary32=8 --precision-binary32=9 --range-binary64=8 --precision-binary64=9

SIF_IMG: /home/mdugre/projects/rrg-glatard/mdugre/containers/ants-vprec-no_metrics.simg

SUBJECT_ID: s014
INPUT_IMG: /home/mdugre/scratch/mri-registration-rp/datasets/ds004513/derivatives/mri-registration-rp/antsBrainExtraction/sub-s014/BrainExtractionBrain.nii.gz
OUTPUT_DIR: /home/mdugre/scratch/mri-registration-rp/datasets/ds004513/derivatives/mri-registration-rp/0110/antsRegistration-r8-p9/sub-s014

FIXED_IMG: /templateflow/tpl-MNI152NLin2009cAsym/tpl-MNI152NLin2009cAsym_res-01_desc-brain_T1w.nii.gz
DATA_DIR: /home/mdugre/scratch/mri-registration-rp/datasets/ds004513
TEMPLATEFLOW_DIR: /home/mdugre/projects/rrg-glatard/mdugre/templateflow
ITK_GLOBAL_DEFAULT_NUMBER_OF_THREADS: 16
##########################

Info [verificarlo]: loaded backend libinterflop_ieee.so
Info [interflop-ieee]: load backend with:
Info [interflop-ieee]: debug = false
Info [interflop-ieee]: debug-binary = false
Info [interflop-ieee]: no-backend-name = false
Info [interflop-ieee]: print-new-line = false
Info [interflop-ieee]: print-subnormal-normalized = false
Info [interflop-ieee]: count-op = false
All_Command_lines_OK
Using double precision for computations.
=============================================================================
The composite transform comprises the following transforms (in order): 
  1. Center of mass alignment using fixed image: /templateflow/tpl-MNI152NLin2009cAsym/tpl-MNI152NLin2009cAsym_res-01_desc-brain_T1w.nii.gz and moving image: /home/mdugre/scratch/mri-registration-rp/datasets/ds004513/derivatives/mri-registration-rp/antsBrainExtraction/sub-s014/BrainExtractionBrain.nii.gz (type = Euler3DTransform)
=============================================================================
  number of levels = 1
  fixed image: /templateflow/tpl-MNI152NLin2009cAsym/tpl-MNI152NLin2009cAsym_res-01_desc-brain_T1w.nii.gz
  moving image: /home/mdugre/scratch/mri-registration-rp/datasets/ds004513/derivatives/mri-registration-rp/antsBrainExtraction/sub-s014/BrainExtractionBrain.nii.gz
Dimension = 3
Number of stages = 1
Use histogram matching = false
Winsorize image intensities = true
  Lower quantile = 0.005
  Upper quantile = 0.995


Stage 1 State
   Image metric = MattesMI
     Fixed image = Image (0x4fd3bd0)
  RTTI typeinfo:   itk::Image<double, 3u>
  Reference Count: 2
  Modified Time: 2334
  Debug: Off
  Object Name: 
  Observers: 
    none
  Source: (none)
  Source output name: (none)
  Release Data: Off
  Data Released: False
  Global Release Data: Off
  PipelineMTime: 0
  UpdateMTime: 1943
  RealTimeStamp: 0 seconds 
  LargestPossibleRegion: 
    Dimension: 3
    Index: [0, 0, 0]
    Size: [193, 229, 193]
  BufferedRegion: 
    Dimension: 3
    Index: [0, 0, 0]
    Size: [193, 229, 193]
  RequestedRegion: 
    Dimension: 3
    Index: [0, 0, 0]
    Size: [193, 229, 193]
  Spacing: [1, 1, 1]
  Origin: [96, 132, -78]
  Direction: 
-1 0 0
0 -1 0
0 0 1

  IndexToPointMatrix: 
-1 0 0
0 -1 0
0 0 1

  PointToIndexMatrix: 
-1 0 0
0 -1 0
0 0 1

  Inverse Direction: 
-1 0 0
0 -1 0
0 0 1

  PixelContainer: 
    ImportImageContainer (0x502b930)
      RTTI typeinfo:   itk::ImportImageContainer<unsigned long, double>
      Reference Count: 1
      Modified Time: 1940
      Debug: Off
      Object Name: 
      Observers: 
        none
      Pointer: 0x149580b01010
      Container manages memory: true
      Size: 8530021
      Capacity: 8530021

     Moving image = Image (0x50c3610)
  RTTI typeinfo:   itk::Image<double, 3u>
  Reference Count: 2
  Modified Time: 2335
  Debug: Off
  Object Name: 
  Observers: 
    none
  Source: (none)
  Source output name: (none)
  Release Data: Off
  Data Released: False
  Global Release Data: Off
  PipelineMTime: 0
  UpdateMTime: 2332
  RealTimeStamp: 0 seconds 
  LargestPossibleRegion: 
    Dimension: 3
    Index: [0, 0, 0]
    Size: [160, 240, 256]
  BufferedRegion: 
    Dimension: 3
    Index: [0, 0, 0]
    Size: [160, 240, 256]
  RequestedRegion: 
    Dimension: 3
    Index: [0, 0, 0]
    Size: [160, 240, 256]
  Spacing: [0.999999, 1, 1]
  Origin: [84.1637, 106.709, -120.531]
  Direction: 
-0.999619 -0.0226874 -0.0157033
0.0226846 -0.999743 0.00035635
-0.0157073 -7.8229e-09 0.999877

  IndexToPointMatrix: 
-0.999619 -0.0226874 -0.0157033
0.0226845 -0.999743 0.00035635
-0.0157073 -7.8229e-09 0.999877

  PointToIndexMatrix: 
-0.99962 0.0226846 -0.0157073
-0.0226874 -0.999743 -7.83127e-09
-0.0157033 0.00035635 0.999877

  Inverse Direction: 
-0.999619 0.0226846 -0.0157073
-0.0226874 -0.999743 -7.83127e-09
-0.0157033 0.00035635 0.999877

  PixelContainer: 
    ImportImageContainer (0x5003850)
      RTTI typeinfo:   itk::ImportImageContainer<unsigned long, double>
      Reference Count: 1
      Modified Time: 2329
      Debug: Off
      Object Name: 
      Observers: 
        none
      Pointer: 0x14957c000010
      Container manages memory: true
      Size: 9830400
      Capacity: 9830400

     Weighting = 1
     Sampling strategy = regular
     Number of bins = 32
     Radius = 4
     Sampling percentage  = 0.25
   Transform = Rigid
     Gradient step = 0.1
     Update field sigma (voxel space) = 0
     Total field sigma (voxel space) = 0
     Update field time sigma = 0
     Total field time sigma  = 0
     Number of time indices = 0
     Number of time point samples = 0
Registration using 1 total stages.

Stage 0
  iterations = 0
  convergence threshold = 1e-06
  convergence window size = 10
  number of levels = 1
  using the Mattes MI metric (number of bins = 32, weight = 1, use gradient filter = 0)
  preprocessing:  winsorizing the image intensities
  Shrink factors (level 1 out of 1): [1, 1, 1]
  smoothing sigmas per level: [0]
  regular sampling (percentage = 0.25)

*** Running Euler3DTransform registration ***

  Elapsed time (stage 0): 1.10078


Total elapsed time: 1.10363
Info [verificarlo]: loaded backend libinterflop_vprec.so
Info [interflop-vprec]: load backend with: 
Info [interflop-vprec]: precision-binary32 = 9
Info [interflop-vprec]: range-binary32 = 8
Info [interflop-vprec]: precision-binary64 = 9
Info [interflop-vprec]: range-binary64 = 8
Info [interflop-vprec]: mode = ob
Info [interflop-vprec]: error-mode = rel
Info [interflop-vprec]: max-abs-error-exponent = -1022
Info [interflop-vprec]: daz = false
Info [interflop-vprec]: ftz = false
Info [interflop-vprec]: 	instrument = none
Info [interflop-vprec]: 	prec-input-file = (null)
Info [interflop-vprec]: 	prec-output-file = (null)
Info [interflop-vprec]: 	prec-log-file = (null)
All_Command_lines_OK
Using double precision for computations.
=============================================================================
The composite transform comprises the following transforms (in order): 
  1. /home/mdugre/scratch/mri-registration-rp/datasets/ds004513/derivatives/mri-registration-rp/0110/antsRegistration-r8-p9/sub-s014/align_Composite.h5[0] (type = Euler3DTransform)
  2. /home/mdugre/scratch/mri-registration-rp/datasets/ds004513/derivatives/mri-registration-rp/0110/antsRegistration-r8-p9/sub-s014/align_Composite.h5[1] (type = Euler3DTransform)
=============================================================================
  number of levels = 4
  fixed image: /templateflow/tpl-MNI152NLin2009cAsym/tpl-MNI152NLin2009cAsym_res-01_desc-brain_T1w.nii.gz
  moving image: /home/mdugre/scratch/mri-registration-rp/datasets/ds004513/derivatives/mri-registration-rp/antsBrainExtraction/sub-s014/BrainExtractionBrain.nii.gz
Dimension = 3
Number of stages = 1
Use histogram matching = false
Winsorize image intensities = true
  Lower quantile = 0.005
  Upper quantile = 0.995


Stage 1 State
   Image metric = MattesMI
     Fixed image = Image (0x3b471e0)
  RTTI typeinfo:   itk::Image<double, 3u>
  Reference Count: 2
  Modified Time: 1578
  Debug: Off
  Object Name: 
  Observers: 
    none
  Source: (none)
  Source output name: (none)
  Release Data: Off
  Data Released: False
  Global Release Data: Off
  PipelineMTime: 0
  UpdateMTime: 1189
  RealTimeStamp: 0 seconds 
  LargestPossibleRegion: 
    Dimension: 3
    Index: [0, 0, 0]
    Size: [193, 229, 193]
  BufferedRegion: 
    Dimension: 3
    Index: [0, 0, 0]
    Size: [193, 229, 193]
  RequestedRegion: 
    Dimension: 3
    Index: [0, 0, 0]
    Size: [193, 229, 193]
  Spacing: [1, 1, 1]
  Origin: [96, 132, -78]
  Direction: 
-1 0 0
0 -1 0
0 0 1

  IndexToPointMatrix: 
-1 0 0
0 -1 0
0 0 1

  PointToIndexMatrix: 
-1 0 0
0 -1 0
0 0 1

  Inverse Direction: 
-1 0 0
0 -1 0
0 0 1

  PixelContainer: 
    ImportImageContainer (0x3c06680)
      RTTI typeinfo:   itk::ImportImageContainer<unsigned long, double>
      Reference Count: 1
      Modified Time: 1186
      Debug: Off
      Object Name: 
      Observers: 
        none
      Pointer: 0x14c529b07010
      Container manages memory: true
      Size: 8530021
      Capacity: 8530021

     Moving image = Image (0x3c02b20)
  RTTI typeinfo:   itk::Image<double, 3u>
  Reference Count: 2
  Modified Time: 1579
  Debug: Off
  Object Name: 
  Observers: 
    none
  Source: (none)
  Source output name: (none)
  Release Data: Off
  Data Released: False
  Global Release Data: Off
  PipelineMTime: 0
  UpdateMTime: 1576
  RealTimeStamp: 0 seconds 
  LargestPossibleRegion: 
    Dimension: 3
    Index: [0, 0, 0]
    Size: [160, 240, 256]
  BufferedRegion: 
    Dimension: 3
    Index: [0, 0, 0]
    Size: [160, 240, 256]
  RequestedRegion: 
    Dimension: 3
    Index: [0, 0, 0]
    Size: [160, 240, 256]
  Spacing: [1, 1, 1]
  Origin: [84.125, 106.75, -120.5]
  Direction: 
-1 -0.0226746 -0.0157166
0.0226746 -1 0.000356197
-0.0157166 0 1

  IndexToPointMatrix: 
-1 -0.0226746 -0.0157166
0.0226746 -1 0.000356197
-0.0157166 0 1

  PointToIndexMatrix: 
-1 0.0226746 -0.0157166
-0.0226746 -1 0
-0.0157166 0.000356197 1

  Inverse Direction: 
-1 0.0226746 -0.0157166
-0.0226746 -1 0
-0.0157166 0.000356197 1

  PixelContainer: 
    ImportImageContainer (0x3c6bd50)
      RTTI typeinfo:   itk::ImportImageContainer<unsigned long, double>
      Reference Count: 1
      Modified Time: 1573
      Debug: Off
      Object Name: 
      Observers: 
        none
      Pointer: 0x14c525006010
      Container manages memory: true
      Size: 9830400
      Capacity: 9830400

     Weighting = 1
     Sampling strategy = regular
     Number of bins = 32
     Radius = 4
     Sampling percentage  = 0.25
   Transform = Rigid
     Gradient step = 0.1
     Update field sigma (voxel space) = 0
     Total field sigma (voxel space) = 0
     Update field time sigma = 0
     Total field time sigma  = 0
     Number of time indices = 0
     Number of time point samples = 0
Registration using 1 total stages.

Stage 0
  iterations = 1000x500x250x100
  convergence threshold = 1e-06
  convergence window size = 10
  number of levels = 4
  using the Mattes MI metric (number of bins = 32, weight = 1, use gradient filter = 0)
  preprocessing:  winsorizing the image intensities
  Shrink factors (level 1 out of 4): [8, 8, 8]
  Shrink factors (level 2 out of 4): [4, 4, 4]
  Shrink factors (level 3 out of 4): [2, 2, 2]
  Shrink factors (level 4 out of 4): [1, 1, 1]
  smoothing sigmas per level: [3, 2, 1, 0]
  regular sampling (percentage = 0.25)

*** Running Euler3DTransform registration ***

DIAGNOSTIC,Iteration,metricValue,convergenceValue,ITERATION_TIME_INDEX,SINCE_LAST
 2DIAGNOSTIC,     1, -4.746304878026e-01, 1.797693134862e+308, 0.0000e+00, 0.0000e+00, 
 2DIAGNOSTIC,     2, -4.752314829115e-01, 1.797693134862e+308, 0.0000e+00, 0.0000e+00, 
 2DIAGNOSTIC,     3, -4.768026095501e-01, 1.797693134862e+308, 0.0000e+00, 0.0000e+00, 
 2DIAGNOSTIC,     4, -4.777993506423e-01, 1.797693134862e+308, 0.0000e+00, 0.0000e+00, 
 2DIAGNOSTIC,     5, -4.800854949540e-01, 1.797693134862e+308, 0.0000e+00, 0.0000e+00, 
 2DIAGNOSTIC,     6, -4.820552820133e-01, 1.797693134862e+308, 0.0000e+00, 0.0000e+00, 
 2DIAGNOSTIC,     7, -4.835711587521e-01, 1.797693134862e+308, 0.0000e+00, 0.0000e+00, 
 2DIAGNOSTIC,     8, -4.850399020824e-01, 1.797693134862e+308, 0.0000e+00, 0.0000e+00, 
 2DIAGNOSTIC,     9, -4.874223734487e-01, 1.797693134862e+308, 0.0000e+00, 0.0000e+00, 
 2DIAGNOSTIC,    10, -4.887931756797e-01, 1.985718004254e-03, 0.0000e+00, 0.0000e+00, 
 2DIAGNOSTIC,    11, -4.921985668873e-01, 1.970006674725e-03, 0.0000e+00, 0.0000e+00, 
 2DIAGNOSTIC,    12, -4.978811802273e-01, 2.083032147281e-03, 0.0000e+00, 0.0000e+00, 
 2DIAGNOSTIC,    13, -5.007772796278e-01, 2.186179671850e-03, 0.0000e+00, 0.0000e+00, 
 2DIAGNOSTIC,    14, -5.024989908452e-01, 2.187889790389e-03, 0.0000e+00, 0.0000e+00, 
 2DIAGNOSTIC,    15, -5.032907253279e-01, 2.110389992057e-03, 0.0000e+00, 0.0000e+00, 
 2DIAGNOSTIC,    16, -5.052978349957e-01, 1.993029630697e-03, 0.0000e+00, 0.0000e+00, 
 2DIAGNOSTIC,    17, -5.072024128570e-01, 1.818723152274e-03, 0.0000e+00, 0.0000e+00, 
 2DIAGNOSTIC,    18, -5.130109464061e-01, 1.727026408086e-03, 0.0000e+00, 0.0000e+00, 
 2DIAGNOSTIC,    19, -5.235709344449e-01, 1.875454398729e-03, 0.0000e+00, 0.0000e+00, 
 2DIAGNOSTIC,    20, -5.240499313865e-01, 1.881385975415e-03, 0.0000e+00, 0.0000e+00, 
 2DIAGNOSTIC,    21, -5.229018372538e-01, 1.775547385050e-03, 0.0000e+00, 0.0000e+00, 
 2DIAGNOSTIC,    22, -5.230164527454e-01, 1.668002133779e-03, 0.0000e+00, 0.0000e+00, 
 2DIAGNOSTIC,    23, -5.229661605674e-01, 1.481185102839e-03, 0.0000e+00, 0.0000e+00, 
 2DIAGNOSTIC,    24, -5.226822740316e-01, 1.201747525882e-03, 0.0000e+00, 0.0000e+00, 
 2DIAGNOSTIC,    25, -5.230256694978e-01, 8.595153029466e-04, 0.0000e+00, 0.0000e+00, 
 2DIAGNOSTIC,    26, -5.227443667009e-01, 5.060566869282e-04, 0.0000e+00, 0.0000e+00, 
 2DIAGNOSTIC,    27, -5.237049866827e-01, 1.919011148715e-04, 0.0000e+00, 0.0000e+00, 
 2DIAGNOSTIC,    28, -5.246956841716e-01, 1.354430166781e-05, 0.0000e+00, 0.0000e+00, 
 2DIAGNOSTIC,    29, -5.245823335837e-01, 4.939388825690e-05, 0.0000e+00, 0.0000e+00, 
 2DIAGNOSTIC,    30, -5.245225323056e-01, 8.712150888266e-05, 0.0000e+00, 0.0000e+00, 
 2DIAGNOSTIC,    31, -5.244966677625e-01, 9.290223544239e-05, 0.0000e+00, 0.0000e+00, 
 2DIAGNOSTIC,    32, -5.244307501989e-01, 9.006605829116e-05, 0.0000e+00, 0.0000e+00, 
 2DIAGNOSTIC,    33, -5.244573891548e-01, 7.826111289744e-05, 0.0000e+00, 0.0000e+00, 
 2DIAGNOSTIC,    34, -5.245522263210e-01, 5.662417546222e-05, 0.0000e+00, 0.0000e+00, 
 2DIAGNOSTIC,    35, -5.245422337579e-01, 3.678359481659e-05, 0.0000e+00, 0.0000e+00, 
 2DIAGNOSTIC,    36, -5.245144362146e-01, 9.540627235526e-06, 0.0000e+00, 0.0000e+00, 
DIAGNOSTIC,Iteration,metricValue,convergenceValue,ITERATION_TIME_INDEX,SINCE_LAST
 2DIAGNOSTIC,     1, -4.442847803964e-01, 1.797693134862e+308, 0.0000e+00, 0.0000e+00, 
 2DIAGNOSTIC,     2, -4.443675120113e-01, 1.797693134862e+308, 0.0000e+00, 0.0000e+00, 
 2DIAGNOSTIC,     3, -4.443035127162e-01, 1.797693134862e+308, 0.0000e+00, 0.0000e+00, 
 2DIAGNOSTIC,     4, -4.445299869461e-01, 1.797693134862e+308, 0.0000e+00, 0.0000e+00, 
 2DIAGNOSTIC,     5, -4.438038108119e-01, 1.797693134862e+308, 0.0000e+00, 0.0000e+00, 
 2DIAGNOSTIC,     6, -4.439593773298e-01, 1.797693134862e+308, 0.0000e+00, 0.0000e+00, 
 2DIAGNOSTIC,     7, -4.436409712657e-01, 1.797693134862e+308, 0.0000e+00, 0.0000e+00, 
 2DIAGNOSTIC,     8, -4.440380776748e-01, 1.797693134862e+308, 0.0000e+00, 0.0000e+00, 
 2DIAGNOSTIC,     9, -4.448398042554e-01, 1.797693134862e+308, 0.0000e+00, 0.0000e+00, 
 2DIAGNOSTIC,    10, -4.450670942720e-01, 3.961342698036e-05, 0.0000e+00, 0.0000e+00, 
 2DIAGNOSTIC,    11, -4.460091815482e-01, 1.501598950552e-04, 0.0000e+00, 0.0000e+00, 
 2DIAGNOSTIC,    12, -4.458027415782e-01, 2.213690372920e-04, 0.0000e+00, 0.0000e+00, 
 2DIAGNOSTIC,    13, -4.463101384180e-01, 2.833760237108e-04, 0.0000e+00, 0.0000e+00, 
 2DIAGNOSTIC,    14, -4.459327915742e-01, 3.038913691578e-04, 0.0000e+00, 0.0000e+00, 
 2DIAGNOSTIC,    15, -4.458376741760e-01, 2.590044516292e-04, 0.0000e+00, 0.0000e+00, 
 2DIAGNOSTIC,    16, -4.451102707923e-01, 1.738853601892e-04, 0.0000e+00, 0.0000e+00, 
 2DIAGNOSTIC,    17, -4.450418731697e-01, 6.875128906465e-05, 0.0000e+00, 0.0000e+00, 
DIAGNOSTIC,Iteration,metricValue,convergenceValue,ITERATION_TIME_INDEX,SINCE_LAST
 2DIAGNOSTIC,     1, -3.906357054199e-01, 1.797693134862e+308, 0.0000e+00, 0.0000e+00, 
 2DIAGNOSTIC,     2, -3.906299450313e-01, 1.797693134862e+308, 0.0000e+00, 0.0000e+00, 
 2DIAGNOSTIC,     3, -3.906444230966e-01, 1.797693134862e+308, 0.0000e+00, 0.0000e+00, 
 2DIAGNOSTIC,     4, -3.906443939195e-01, 1.797693134862e+308, 0.0000e+00, 0.0000e+00, 
 2DIAGNOSTIC,     5, -3.906435666097e-01, 1.797693134862e+308, 0.0000e+00, 0.0000e+00, 
 2DIAGNOSTIC,     6, -3.906384041430e-01, 1.797693134862e+308, 0.0000e+00, 0.0000e+00, 
 2DIAGNOSTIC,     7, -3.906385335696e-01, 1.797693134862e+308, 0.0000e+00, 0.0000e+00, 
 2DIAGNOSTIC,     8, -3.906375200167e-01, 1.797693134862e+308, 0.0000e+00, 0.0000e+00, 
 2DIAGNOSTIC,     9, -3.906433350219e-01, 1.797693134862e+308, 0.0000e+00, 0.0000e+00, 
 2DIAGNOSTIC,    10, -3.906482242650e-01, 1.147950727171e-06, 0.0000e+00, 0.0000e+00, 
 2DIAGNOSTIC,    11, -3.906520617474e-01, 1.448126361200e-06, 0.0000e+00, 0.0000e+00, 
 2DIAGNOSTIC,    12, -3.906553969086e-01, 1.399123727791e-06, 0.0000e+00, 0.0000e+00, 
 2DIAGNOSTIC,    13, -3.906553969086e-01, 2.037861103060e-06, 0.0000e+00, 0.0000e+00, 
 2DIAGNOSTIC,    14, -3.906553969086e-01, 2.396309682157e-06, 0.0000e+00, 0.0000e+00, 
 2DIAGNOSTIC,    15, -3.906553969086e-01, 2.451392004041e-06, 0.0000e+00, 0.0000e+00, 
 2DIAGNOSTIC,    16, -3.906553969086e-01, 2.039333040896e-06, 0.0000e+00, 0.0000e+00, 
 2DIAGNOSTIC,    17, -3.906553969086e-01, 1.498175961075e-06, 0.0000e+00, 0.0000e+00, 
DIAGNOSTIC,Iteration,metricValue,convergenceValue,ITERATION_TIME_INDEX,SINCE_LAST
 2DIAGNOSTIC,     1, -3.642350317411e-01, 1.797693134862e+308, 0.0000e+00, 0.0000e+00, 
 2DIAGNOSTIC,     2, -3.639774948454e-01, 1.797693134862e+308, 0.0000e+00, 0.0000e+00, 
 2DIAGNOSTIC,     3, -3.641577105481e-01, 1.797693134862e+308, 0.0000e+00, 0.0000e+00, 
 2DIAGNOSTIC,     4, -3.642405679946e-01, 1.797693134862e+308, 0.0000e+00, 0.0000e+00, 
 2DIAGNOSTIC,     5, -3.642756838779e-01, 1.797693134862e+308, 0.0000e+00, 0.0000e+00, 
 2DIAGNOSTIC,     6, -3.642702434582e-01, 1.797693134862e+308, 0.0000e+00, 0.0000e+00, 
 2DIAGNOSTIC,     7, -3.642751528795e-01, 1.797693134862e+308, 0.0000e+00, 0.0000e+00, 
 2DIAGNOSTIC,     8, -3.642748914479e-01, 1.797693134862e+308, 0.0000e+00, 0.0000e+00, 
 2DIAGNOSTIC,     9, -3.642686183873e-01, 1.797693134862e+308, 0.0000e+00, 0.0000e+00, 
 2DIAGNOSTIC,    10, -3.642664514107e-01, 2.990207394248e-05, 0.0000e+00, 0.0000e+00, 
 2DIAGNOSTIC,    11, -3.642656731426e-01, 2.861122097444e-05, 0.0000e+00, 0.0000e+00, 
 2DIAGNOSTIC,    12, -3.642661629736e-01, 8.005442286560e-06, 0.0000e+00, 0.0000e+00, 
  Elapsed time (stage 0): 0.0000e+00


Total elapsed time: 0.0000e+00
Info [verificarlo]: loaded backend libinterflop_vprec.so
Info [interflop-vprec]: load backend with: 
Info [interflop-vprec]: precision-binary32 = 9
Info [interflop-vprec]: range-binary32 = 8
Info [interflop-vprec]: precision-binary64 = 9
Info [interflop-vprec]: range-binary64 = 8
Info [interflop-vprec]: mode = ob
Info [interflop-vprec]: error-mode = rel
Info [interflop-vprec]: max-abs-error-exponent = -1022
Info [interflop-vprec]: daz = false
Info [interflop-vprec]: ftz = false
Info [interflop-vprec]: 	instrument = none
Info [interflop-vprec]: 	prec-input-file = (null)
Info [interflop-vprec]: 	prec-output-file = (null)
Info [interflop-vprec]: 	prec-log-file = (null)
All_Command_lines_OK
Using double precision for computations.
=============================================================================
The composite transform comprises the following transforms (in order): 
  1. /home/mdugre/scratch/mri-registration-rp/datasets/ds004513/derivatives/mri-registration-rp/0110/antsRegistration-r8-p9/sub-s014/rigid_Composite.h5[0] (type = Euler3DTransform)
  2. /home/mdugre/scratch/mri-registration-rp/datasets/ds004513/derivatives/mri-registration-rp/0110/antsRegistration-r8-p9/sub-s014/rigid_Composite.h5[1] (type = Euler3DTransform)
  3. /home/mdugre/scratch/mri-registration-rp/datasets/ds004513/derivatives/mri-registration-rp/0110/antsRegistration-r8-p9/sub-s014/rigid_Composite.h5[2] (type = Euler3DTransform)
=============================================================================
  number of levels = 4
  fixed image: /templateflow/tpl-MNI152NLin2009cAsym/tpl-MNI152NLin2009cAsym_res-01_desc-brain_T1w.nii.gz
  moving image: /home/mdugre/scratch/mri-registration-rp/datasets/ds004513/derivatives/mri-registration-rp/antsBrainExtraction/sub-s014/BrainExtractionBrain.nii.gz
Dimension = 3
Number of stages = 1
Use histogram matching = false
Winsorize image intensities = true
  Lower quantile = 0.005
  Upper quantile = 0.995


Stage 1 State
   Image metric = MattesMI
     Fixed image = Image (0x46bb1e0)
  RTTI typeinfo:   itk::Image<double, 3u>
  Reference Count: 2
  Modified Time: 1592
  Debug: Off
  Object Name: 
  Observers: 
    none
  Source: (none)
  Source output name: (none)
  Release Data: Off
  Data Released: False
  Global Release Data: Off
  PipelineMTime: 0
  UpdateMTime: 1203
  RealTimeStamp: 0 seconds 
  LargestPossibleRegion: 
    Dimension: 3
    Index: [0, 0, 0]
    Size: [193, 229, 193]
  BufferedRegion: 
    Dimension: 3
    Index: [0, 0, 0]
    Size: [193, 229, 193]
  RequestedRegion: 
    Dimension: 3
    Index: [0, 0, 0]
    Size: [193, 229, 193]
  Spacing: [1, 1, 1]
  Origin: [96, 132, -78]
  Direction: 
-1 0 0
0 -1 0
0 0 1

  IndexToPointMatrix: 
-1 0 0
0 -1 0
0 0 1

  PointToIndexMatrix: 
-1 0 0
0 -1 0
0 0 1

  Inverse Direction: 
-1 0 0
0 -1 0
0 0 1

  PixelContainer: 
    ImportImageContainer (0x4789440)
      RTTI typeinfo:   itk::ImportImageContainer<unsigned long, double>
      Reference Count: 1
      Modified Time: 1200
      Debug: Off
      Object Name: 
      Observers: 
        none
      Pointer: 0x153acdaa5010
      Container manages memory: true
      Size: 8530021
      Capacity: 8530021

     Moving image = Image (0x47769b0)
  RTTI typeinfo:   itk::Image<double, 3u>
  Reference Count: 2
  Modified Time: 1593
  Debug: Off
  Object Name: 
  Observers: 
    none
  Source: (none)
  Source output name: (none)
  Release Data: Off
  Data Released: False
  Global Release Data: Off
  PipelineMTime: 0
  UpdateMTime: 1590
  RealTimeStamp: 0 seconds 
  LargestPossibleRegion: 
    Dimension: 3
    Index: [0, 0, 0]
    Size: [160, 240, 256]
  BufferedRegion: 
    Dimension: 3
    Index: [0, 0, 0]
    Size: [160, 240, 256]
  RequestedRegion: 
    Dimension: 3
    Index: [0, 0, 0]
    Size: [160, 240, 256]
  Spacing: [1, 1, 1]
  Origin: [84.125, 106.75, -120.5]
  Direction: 
-1 -0.0226746 -0.0157166
0.0226746 -1 0.000356197
-0.0157166 0 1

  IndexToPointMatrix: 
-1 -0.0226746 -0.0157166
0.0226746 -1 0.000356197
-0.0157166 0 1

  PointToIndexMatrix: 
-1 0.0226746 -0.0157166
-0.0226746 -1 0
-0.0157166 0.000356197 1

  Inverse Direction: 
-1 0.0226746 -0.0157166
-0.0226746 -1 0
-0.0157166 0.000356197 1

  PixelContainer: 
    ImportImageContainer (0x472c710)
      RTTI typeinfo:   itk::ImportImageContainer<unsigned long, double>
      Reference Count: 1
      Modified Time: 1587
      Debug: Off
      Object Name: 
      Observers: 
        none
      Pointer: 0x153ac8fa4010
      Container manages memory: true
      Size: 9830400
      Capacity: 9830400

     Weighting = 1
     Sampling strategy = regular
     Number of bins = 32
     Radius = 4
     Sampling percentage  = 0.25
   Transform = Affine
     Gradient step = 0.1
     Update field sigma (voxel space) = 0
     Total field sigma (voxel space) = 0
     Update field time sigma = 0
     Total field time sigma  = 0
     Number of time indices = 0
     Number of time point samples = 0
Registration using 1 total stages.

Stage 0
  iterations = 1000x500x250x100
  convergence threshold = 1e-06
  convergence window size = 10
  number of levels = 4
  using the Mattes MI metric (number of bins = 32, weight = 1, use gradient filter = 0)
  preprocessing:  winsorizing the image intensities
  Shrink factors (level 1 out of 4): [8, 8, 8]
  Shrink factors (level 2 out of 4): [4, 4, 4]
  Shrink factors (level 3 out of 4): [2, 2, 2]
  Shrink factors (level 4 out of 4): [1, 1, 1]
  smoothing sigmas per level: [3, 2, 1, 0]
  regular sampling (percentage = 0.25)

*** Running AffineTransform registration ***

DIAGNOSTIC,Iteration,metricValue,convergenceValue,ITERATION_TIME_INDEX,SINCE_LAST
 2DIAGNOSTIC,     1, -5.224221546784e-01, 1.797693134862e+308, 0.0000e+00, 0.0000e+00, 
 2DIAGNOSTIC,     2, -5.242147693300e-01, 1.797693134862e+308, 0.0000e+00, 0.0000e+00, 
 2DIAGNOSTIC,     3, -5.267273170796e-01, 1.797693134862e+308, 0.0000e+00, 0.0000e+00, 
 2DIAGNOSTIC,     4, -5.299195474225e-01, 1.797693134862e+308, 0.0000e+00, 0.0000e+00, 
 2DIAGNOSTIC,     5, -5.369974749711e-01, 1.797693134862e+308, 0.0000e+00, 0.0000e+00, 
 2DIAGNOSTIC,     6, -5.479618466583e-01, 1.797693134862e+308, 0.0000e+00, 0.0000e+00, 
 2DIAGNOSTIC,     7, -5.730897869236e-01, 1.797693134862e+308, 0.0000e+00, 0.0000e+00, 
 2DIAGNOSTIC,     8, -6.244909608276e-01, 1.797693134862e+308, 0.0000e+00, 0.0000e+00, 
 2DIAGNOSTIC,     9, -7.003888121963e-01, 1.797693134862e+308, 0.0000e+00, 0.0000e+00, 
 2DIAGNOSTIC,    10, -7.603475041467e-01, 2.345203843638e-02, 0.0000e+00, 0.0000e+00, 
 2DIAGNOSTIC,    11, -7.784676748534e-01, 2.672737603414e-02, 0.0000e+00, 0.0000e+00, 
 2DIAGNOSTIC,    12, -7.799156244654e-01, 2.712747383539e-02, 0.0000e+00, 0.0000e+00, 
 2DIAGNOSTIC,    13, -7.814683050496e-01, 2.519020085331e-02, 0.0000e+00, 0.0000e+00, 
 2DIAGNOSTIC,    14, -7.836503569513e-01, 2.147116632515e-02, 0.0000e+00, 0.0000e+00, 
 2DIAGNOSTIC,    15, -7.854172170944e-01, 1.665645236732e-02, 0.0000e+00, 0.0000e+00, 
 2DIAGNOSTIC,    16, -7.871637742492e-01, 1.140902384433e-02, 0.0000e+00, 0.0000e+00, 
 2DIAGNOSTIC,    17, -7.869168907997e-01, 6.485086306007e-03, 0.0000e+00, 0.0000e+00, 
 2DIAGNOSTIC,    18, -7.870016726526e-01, 2.788186592627e-03, 0.0000e+00, 0.0000e+00, 
 2DIAGNOSTIC,    19, -7.870010157500e-01, 9.246009505465e-04, 0.0000e+00, 0.0000e+00, 
 2DIAGNOSTIC,    20, -7.869854760353e-01, 4.236318349465e-04, 0.0000e+00, 0.0000e+00, 
 2DIAGNOSTIC,    21, -7.869854760353e-01, 2.933043064649e-04, 0.0000e+00, 0.0000e+00, 
 2DIAGNOSTIC,    22, -7.869854760353e-01, 1.763197604439e-04, 0.0000e+00, 0.0000e+00, 
 2DIAGNOSTIC,    23, -7.869854760353e-01, 8.166301969986e-05, 0.0000e+00, 0.0000e+00, 
 2DIAGNOSTIC,    24, -7.869854760353e-01, 2.448700761050e-05, 0.0000e+00, 0.0000e+00, 
DIAGNOSTIC,Iteration,metricValue,convergenceValue,ITERATION_TIME_INDEX,SINCE_LAST
 2DIAGNOSTIC,     1, -6.440781505900e-01, 1.797693134862e+308, 0.0000e+00, 0.0000e+00, 
 2DIAGNOSTIC,     2, -6.443238056740e-01, 1.797693134862e+308, 0.0000e+00, 0.0000e+00, 
 2DIAGNOSTIC,     3, -6.444399131492e-01, 1.797693134862e+308, 0.0000e+00, 0.0000e+00, 
 2DIAGNOSTIC,     4, -6.445408423830e-01, 1.797693134862e+308, 0.0000e+00, 0.0000e+00, 
 2DIAGNOSTIC,     5, -6.446243446104e-01, 1.797693134862e+308, 0.0000e+00, 0.0000e+00, 
 2DIAGNOSTIC,     6, -6.443619807992e-01, 1.797693134862e+308, 0.0000e+00, 0.0000e+00, 
 2DIAGNOSTIC,     7, -6.443157476151e-01, 1.797693134862e+308, 0.0000e+00, 0.0000e+00, 
 2DIAGNOSTIC,     8, -6.444515787082e-01, 1.797693134862e+308, 0.0000e+00, 0.0000e+00, 
 2DIAGNOSTIC,     9, -6.445095157692e-01, 1.797693134862e+308, 0.0000e+00, 0.0000e+00, 
 2DIAGNOSTIC,    10, -6.444753014795e-01, 1.848080178794e-05, 0.0000e+00, 0.0000e+00, 
 2DIAGNOSTIC,    11, -6.444805641390e-01, 3.101922397122e-06, 0.0000e+00, 0.0000e+00, 
 2DIAGNOSTIC,    12, -6.447730351478e-01, 9.823368428266e-06, 0.0000e+00, 0.0000e+00, 
 2DIAGNOSTIC,    13, -6.447733510506e-01, 1.797089604150e-05, 0.0000e+00, 0.0000e+00, 
 2DIAGNOSTIC,    14, -6.448162497424e-01, 2.772197794522e-05, 0.0000e+00, 0.0000e+00, 
 2DIAGNOSTIC,    15, -6.448212483883e-01, 3.663790792076e-05, 0.0000e+00, 0.0000e+00, 
 2DIAGNOSTIC,    16, -6.448193494883e-01, 3.388442840677e-05, 0.0000e+00, 0.0000e+00, 
 2DIAGNOSTIC,    17, -6.448190625585e-01, 2.691825273169e-05, 0.0000e+00, 0.0000e+00, 
 2DIAGNOSTIC,    18, -6.448174361430e-01, 2.145011556539e-05, 0.0000e+00, 0.0000e+00, 
 2DIAGNOSTIC,    19, -6.448256374950e-01, 1.622678059812e-05, 0.0000e+00, 0.0000e+00, 
 2DIAGNOSTIC,    20, -6.448307650521e-01, 9.438686248107e-06, 0.0000e+00, 0.0000e+00, 
 2DIAGNOSTIC,    21, -6.448195461770e-01, 2.129508440987e-06, 0.0000e+00, 0.0000e+00, 
 2DIAGNOSTIC,    22, -6.448203950137e-01, 1.187971525950e-06, 0.0000e+00, 0.0000e+00, 
DIAGNOSTIC,Iteration,metricValue,convergenceValue,ITERATION_TIME_INDEX,SINCE_LAST
 2DIAGNOSTIC,     1, -5.532663049358e-01, 1.797693134862e+308, 0.0000e+00, 0.0000e+00, 
 2DIAGNOSTIC,     2, -5.537831283579e-01, 1.797693134862e+308, 0.0000e+00, 0.0000e+00, 
 2DIAGNOSTIC,     3, -5.541992137023e-01, 1.797693134862e+308, 0.0000e+00, 0.0000e+00, 
 2DIAGNOSTIC,     4, -5.547661758826e-01, 1.797693134862e+308, 0.0000e+00, 0.0000e+00, 
 2DIAGNOSTIC,     5, -5.554345621156e-01, 1.797693134862e+308, 0.0000e+00, 0.0000e+00, 
 2DIAGNOSTIC,     6, -5.557899461317e-01, 1.797693134862e+308, 0.0000e+00, 0.0000e+00, 
 2DIAGNOSTIC,     7, -5.562590942626e-01, 1.797693134862e+308, 0.0000e+00, 0.0000e+00, 
 2DIAGNOSTIC,     8, -5.564443910257e-01, 1.797693134862e+308, 0.0000e+00, 0.0000e+00, 
 2DIAGNOSTIC,     9, -5.566859520225e-01, 1.797693134862e+308, 0.0000e+00, 0.0000e+00, 
 2DIAGNOSTIC,    10, -5.567776931222e-01, 4.288360644120e-04, 0.0000e+00, 0.0000e+00, 
 2DIAGNOSTIC,    11, -5.568994971675e-01, 3.379575920507e-04, 0.0000e+00, 0.0000e+00, 
 2DIAGNOSTIC,    12, -5.570827077421e-01, 2.616931654234e-04, 0.0000e+00, 0.0000e+00, 
 2DIAGNOSTIC,    13, -5.569903163431e-01, 1.858857587565e-04, 0.0000e+00, 0.0000e+00, 
 2DIAGNOSTIC,    14, -5.570769772617e-01, 1.277230933540e-04, 0.0000e+00, 0.0000e+00, 
 2DIAGNOSTIC,    15, -5.570624322109e-01, 8.779040342603e-05, 0.0000e+00, 0.0000e+00, 
 2DIAGNOSTIC,    16, -5.570764866170e-01, 5.627756281881e-05, 0.0000e+00, 0.0000e+00, 
 2DIAGNOSTIC,    17, -5.569801666181e-01, 3.440886779776e-05, 0.0000e+00, 0.0000e+00, 
 2DIAGNOSTIC,    18, -5.569700376619e-01, 1.675531539779e-05, 0.0000e+00, 0.0000e+00, 
 2DIAGNOSTIC,    19, -5.569709173274e-01, 5.936572902709e-06, 0.0000e+00, 0.0000e+00, 
DIAGNOSTIC,Iteration,metricValue,convergenceValue,ITERATION_TIME_INDEX,SINCE_LAST
 2DIAGNOSTIC,     1, -5.026208282163e-01, 1.797693134862e+308, 0.0000e+00, 0.0000e+00, 
 2DIAGNOSTIC,     2, -5.031903219257e-01, 1.797693134862e+308, 0.0000e+00, 0.0000e+00, 
 2DIAGNOSTIC,     3, -5.032505723521e-01, 1.797693134862e+308, 0.0000e+00, 0.0000e+00, 
 2DIAGNOSTIC,     4, -5.031975316549e-01, 1.797693134862e+308, 0.0000e+00, 0.0000e+00, 
 2DIAGNOSTIC,     5, -5.031928107589e-01, 1.797693134862e+308, 0.0000e+00, 0.0000e+00, 
 2DIAGNOSTIC,     6, -5.032046616963e-01, 1.797693134862e+308, 0.0000e+00, 0.0000e+00, 
 2DIAGNOSTIC,     7, -5.032257379295e-01, 1.797693134862e+308, 0.0000e+00, 0.0000e+00, 
 2DIAGNOSTIC,     8, -5.035946931741e-01, 1.797693134862e+308, 0.0000e+00, 0.0000e+00, 
 2DIAGNOSTIC,     9, -5.039425188476e-01, 1.797693134862e+308, 0.0000e+00, 0.0000e+00, 
 2DIAGNOSTIC,    10, -5.040804642702e-01, 1.340187989239e-04, 0.0000e+00, 0.0000e+00, 
 2DIAGNOSTIC,    11, -5.040921005481e-01, 1.201425794197e-04, 0.0000e+00, 0.0000e+00, 
 2DIAGNOSTIC,    12, -5.040914704471e-01, 1.247137181598e-04, 0.0000e+00, 0.0000e+00, 
 2DIAGNOSTIC,    13, -5.040930371193e-01, 1.198469574099e-04, 0.0000e+00, 0.0000e+00, 
 2DIAGNOSTIC,    14, -5.040921619363e-01, 1.023278345316e-04, 0.0000e+00, 0.0000e+00, 
 2DIAGNOSTIC,    15, -5.040922231238e-01, 7.772192059800e-05, 0.0000e+00, 0.0000e+00, 
 2DIAGNOSTIC,    16, -5.040913961074e-01, 4.977185559771e-05, 0.0000e+00, 0.0000e+00, 
 2DIAGNOSTIC,    17, -5.040917556401e-01, 2.110171537143e-05, 0.0000e+00, 0.0000e+00, 
 2DIAGNOSTIC,    18, -5.040938170918e-01, 5.043770638258e-06, 0.0000e+00, 0.0000e+00, 
  Elapsed time (stage 0): 0.0000e+00


Total elapsed time: 0.0000e+00
Info [verificarlo]: loaded backend libinterflop_ieee.so
Info [interflop-ieee]: load backend with:
Info [interflop-ieee]: debug = false
Info [interflop-ieee]: debug-binary = false
Info [interflop-ieee]: no-backend-name = false
Info [interflop-ieee]: print-new-line = false
Info [interflop-ieee]: print-subnormal-normalized = false
Info [interflop-ieee]: count-op = false
All_Command_lines_OK
Using double precision for computations.
=============================================================================
The composite transform comprises the following transforms (in order): 
  1. /home/mdugre/scratch/mri-registration-rp/datasets/ds004513/derivatives/mri-registration-rp/0110/antsRegistration-r8-p9/sub-s014/affine_Composite.h5[0] (type = Euler3DTransform)
  2. /home/mdugre/scratch/mri-registration-rp/datasets/ds004513/derivatives/mri-registration-rp/0110/antsRegistration-r8-p9/sub-s014/affine_Composite.h5[1] (type = Euler3DTransform)
  3. /home/mdugre/scratch/mri-registration-rp/datasets/ds004513/derivatives/mri-registration-rp/0110/antsRegistration-r8-p9/sub-s014/affine_Composite.h5[2] (type = Euler3DTransform)
  4. /home/mdugre/scratch/mri-registration-rp/datasets/ds004513/derivatives/mri-registration-rp/0110/antsRegistration-r8-p9/sub-s014/affine_Composite.h5[3] (type = AffineTransform)
=============================================================================
  number of levels = 4
  fixed image: /templateflow/tpl-MNI152NLin2009cAsym/tpl-MNI152NLin2009cAsym_res-01_desc-brain_T1w.nii.gz
  moving image: /home/mdugre/scratch/mri-registration-rp/datasets/ds004513/derivatives/mri-registration-rp/antsBrainExtraction/sub-s014/BrainExtractionBrain.nii.gz
Dimension = 3
Number of stages = 1
Use histogram matching = false
Winsorize image intensities = true
  Lower quantile = 0.005
  Upper quantile = 0.995


Stage 1 State
   Image metric = CC
     Fixed image = Image (0x3382a40)
  RTTI typeinfo:   itk::Image<double, 3u>
  Reference Count: 2
  Modified Time: 1608
  Debug: Off
  Object Name: 
  Observers: 
    none
  Source: (none)
  Source output name: (none)
  Release Data: Off
  Data Released: False
  Global Release Data: Off
  PipelineMTime: 0
  UpdateMTime: 1217
  RealTimeStamp: 0 seconds 
  LargestPossibleRegion: 
    Dimension: 3
    Index: [0, 0, 0]
    Size: [193, 229, 193]
  BufferedRegion: 
    Dimension: 3
    Index: [0, 0, 0]
    Size: [193, 229, 193]
  RequestedRegion: 
    Dimension: 3
    Index: [0, 0, 0]
    Size: [193, 229, 193]
  Spacing: [1, 1, 1]
  Origin: [96, 132, -78]
  Direction: 
-1 0 0
0 -1 0
0 0 1

  IndexToPointMatrix: 
-1 0 0
0 -1 0
0 0 1

  PointToIndexMatrix: 
-1 0 0
0 -1 0
0 0 1

  Inverse Direction: 
-1 0 0
0 -1 0
0 0 1

  PixelContainer: 
    ImportImageContainer (0x345a410)
      RTTI typeinfo:   itk::ImportImageContainer<unsigned long, double>
      Reference Count: 1
      Modified Time: 1214
      Debug: Off
      Object Name: 
      Observers: 
        none
      Pointer: 0x14ca52ca9010
      Container manages memory: true
      Size: 8530021
      Capacity: 8530021

     Moving image = Image (0x343e520)
  RTTI typeinfo:   itk::Image<double, 3u>
  Reference Count: 2
  Modified Time: 1609
  Debug: Off
  Object Name: 
  Observers: 
    none
  Source: (none)
  Source output name: (none)
  Release Data: Off
  Data Released: False
  Global Release Data: Off
  PipelineMTime: 0
  UpdateMTime: 1606
  RealTimeStamp: 0 seconds 
  LargestPossibleRegion: 
    Dimension: 3
    Index: [0, 0, 0]
    Size: [160, 240, 256]
  BufferedRegion: 
    Dimension: 3
    Index: [0, 0, 0]
    Size: [160, 240, 256]
  RequestedRegion: 
    Dimension: 3
    Index: [0, 0, 0]
    Size: [160, 240, 256]
  Spacing: [0.999999, 1, 1]
  Origin: [84.1637, 106.709, -120.531]
  Direction: 
-0.999619 -0.0226874 -0.0157033
0.0226846 -0.999743 0.00035635
-0.0157073 -7.8229e-09 0.999877

  IndexToPointMatrix: 
-0.999619 -0.0226874 -0.0157033
0.0226845 -0.999743 0.00035635
-0.0157073 -7.8229e-09 0.999877

  PointToIndexMatrix: 
-0.99962 0.0226846 -0.0157073
-0.0226874 -0.999743 -7.83127e-09
-0.0157033 0.00035635 0.999877

  Inverse Direction: 
-0.999619 0.0226846 -0.0157073
-0.0226874 -0.999743 -7.83127e-09
-0.0157033 0.00035635 0.999877

  PixelContainer: 
    ImportImageContainer (0x34610d0)
      RTTI typeinfo:   itk::ImportImageContainer<unsigned long, double>
      Reference Count: 1
      Modified Time: 1603
      Debug: Off
      Object Name: 
      Observers: 
        none
      Pointer: 0x14ca4e1a8010
      Container manages memory: true
      Size: 9830400
      Capacity: 9830400

     Weighting = 1
     Sampling strategy = none
     Number of bins = 32
     Radius = 4
     Sampling percentage  = 1
   Transform = SyN
     Gradient step = 0.1
     Update field sigma (voxel space) = 3
     Total field sigma (voxel space) = 0
     Update field time sigma = 0
     Total field time sigma  = 0
     Number of time indices = 0
     Number of time point samples = 0
Registration using 1 total stages.

Stage 0
  iterations = 100x70x50x20
  convergence threshold = 1e-06
  convergence window size = 10
  number of levels = 4
  using the CC metric (radius = 4, weight = 1, use gradient filter = 0)
  preprocessing:  winsorizing the image intensities
  Shrink factors (level 1 out of 4): [8, 8, 8]
  Shrink factors (level 2 out of 4): [4, 4, 4]
  Shrink factors (level 3 out of 4): [2, 2, 2]
  Shrink factors (level 4 out of 4): [1, 1, 1]
  smoothing sigmas per level: [3, 2, 1, 0]
  Using default NONE metricSamplingStrategy 

*** Running SyN registration (varianceForUpdateField = 3, varianceForTotalField = 0) ***

XXDIAGNOSTIC,Iteration,metricValue,convergenceValue,ITERATION_TIME_INDEX,SINCE_LAST
 1DIAGNOSTIC,     1, -8.875778906012e-01, 1.797693134862e+308, 1.0273e+00, 1.0273e+00, 
 1DIAGNOSTIC,     2, -8.960756648835e-01, 1.797693134862e+308, 1.3850e+00, 3.5770e-01, 
 1DIAGNOSTIC,     3, -9.034288868238e-01, 1.797693134862e+308, 1.7528e+00, 3.6776e-01, 
 1DIAGNOSTIC,     4, -9.092456700285e-01, 1.797693134862e+308, 2.1004e+00, 3.4763e-01, 
 1DIAGNOSTIC,     5, -9.142819210507e-01, 1.797693134862e+308, 2.4448e+00, 3.4437e-01, 
 1DIAGNOSTIC,     6, -9.180580913094e-01, 1.797693134862e+308, 2.7957e+00, 3.5086e-01, 
 1DIAGNOSTIC,     7, -9.211421042479e-01, 1.797693134862e+308, 3.1710e+00, 3.7532e-01, 
 1DIAGNOSTIC,     8, -9.235865961221e-01, 1.797693134862e+308, 3.5120e+00, 3.4107e-01, 
 1DIAGNOSTIC,     9, -9.254869331872e-01, 1.797693134862e+308, 3.9039e+00, 3.9188e-01, 
 1DIAGNOSTIC,    10, -9.271073977634e-01, 2.667587110361e-03, 4.2675e+00, 3.6362e-01, 
 1DIAGNOSTIC,    11, -9.285138648700e-01, 1.964077190575e-03, 4.6272e+00, 3.5970e-01, 
 1DIAGNOSTIC,    12, -9.297253793391e-01, 1.451791354448e-03, 4.9851e+00, 3.5782e-01, 
 1DIAGNOSTIC,    13, -9.308459429799e-01, 1.088532443330e-03, 5.3375e+00, 3.5247e-01, 
 1DIAGNOSTIC,    14, -9.318878883111e-01, 8.290605971220e-04, 5.6973e+00, 3.5980e-01, 
 1DIAGNOSTIC,    15, -9.328431811919e-01, 6.514310731272e-04, 6.0542e+00, 3.5684e-01, 
 1DIAGNOSTIC,    16, -9.337306259629e-01, 5.257632430811e-04, 6.4102e+00, 3.5604e-01, 
 1DIAGNOSTIC,    17, -9.345553484224e-01, 4.370286993927e-04, 6.7786e+00, 3.6844e-01, 
 1DIAGNOSTIC,    18, -9.353191227522e-01, 3.724715216411e-04, 7.1351e+00, 3.5648e-01, 
 1DIAGNOSTIC,    19, -9.360143848966e-01, 3.220525801290e-04, 7.5143e+00, 3.7921e-01, 
 1DIAGNOSTIC,    20, -9.366676156959e-01, 2.815734901196e-04, 7.8688e+00, 3.5446e-01, 
 1DIAGNOSTIC,    21, -9.372872037835e-01, 2.482791861895e-04, 8.2367e+00, 3.6789e-01, 
 1DIAGNOSTIC,    22, -9.378617631653e-01, 2.196774848363e-04, 8.5933e+00, 3.5658e-01, 
 1DIAGNOSTIC,    23, -9.383883321993e-01, 1.949217118081e-04, 8.9468e+00, 3.5350e-01, 
 1DIAGNOSTIC,    24, -9.388853921228e-01, 1.735854762787e-04, 9.2982e+00, 3.5144e-01, 
