
##########################
# Experiment information #
##########################

EXPERIMENT_NAME: antsRegistration-r8-p8
VFC_BACKENDS: libinterflop_vprec.so --range-binary32=8 --precision-binary32=8 --range-binary64=8 --precision-binary64=8

SIF_IMG: /home/mdugre/projects/rrg-glatard/mdugre/containers/ants-vprec-no_metrics.simg

SUBJECT_ID: s037
INPUT_IMG: /home/mdugre/scratch/mri-registration-rp/datasets/ds004513/derivatives/mri-registration-rp/antsBrainExtraction/sub-s037/BrainExtractionBrain.nii.gz
OUTPUT_DIR: /home/mdugre/scratch/mri-registration-rp/datasets/ds004513/derivatives/mri-registration-rp/0110/antsRegistration-r8-p8/sub-s037

FIXED_IMG: /templateflow/tpl-MNI152NLin2009cAsym/tpl-MNI152NLin2009cAsym_res-01_desc-brain_T1w.nii.gz
DATA_DIR: /home/mdugre/scratch/mri-registration-rp/datasets/ds004513
TEMPLATEFLOW_DIR: /home/mdugre/projects/rrg-glatard/mdugre/templateflow
ITK_GLOBAL_DEFAULT_NUMBER_OF_THREADS: 16
##########################

Info [verificarlo]: loaded backend libinterflop_ieee.so
Info [interflop-ieee]: load backend with:
Info [interflop-ieee]: debug = false
Info [interflop-ieee]: debug-binary = false
Info [interflop-ieee]: no-backend-name = false
Info [interflop-ieee]: print-new-line = false
Info [interflop-ieee]: print-subnormal-normalized = false
Info [interflop-ieee]: count-op = false
All_Command_lines_OK
Using double precision for computations.
=============================================================================
The composite transform comprises the following transforms (in order): 
  1. Center of mass alignment using fixed image: /templateflow/tpl-MNI152NLin2009cAsym/tpl-MNI152NLin2009cAsym_res-01_desc-brain_T1w.nii.gz and moving image: /home/mdugre/scratch/mri-registration-rp/datasets/ds004513/derivatives/mri-registration-rp/antsBrainExtraction/sub-s037/BrainExtractionBrain.nii.gz (type = Euler3DTransform)
=============================================================================
  number of levels = 1
  fixed image: /templateflow/tpl-MNI152NLin2009cAsym/tpl-MNI152NLin2009cAsym_res-01_desc-brain_T1w.nii.gz
  moving image: /home/mdugre/scratch/mri-registration-rp/datasets/ds004513/derivatives/mri-registration-rp/antsBrainExtraction/sub-s037/BrainExtractionBrain.nii.gz
Dimension = 3
Number of stages = 1
Use histogram matching = false
Winsorize image intensities = true
  Lower quantile = 0.005
  Upper quantile = 0.995


Stage 1 State
   Image metric = MattesMI
     Fixed image = Image (0x3abdbd0)
  RTTI typeinfo:   itk::Image<double, 3u>
  Reference Count: 2
  Modified Time: 2330
  Debug: Off
  Object Name: 
  Observers: 
    none
  Source: (none)
  Source output name: (none)
  Release Data: Off
  Data Released: False
  Global Release Data: Off
  PipelineMTime: 0
  UpdateMTime: 1941
  RealTimeStamp: 0 seconds 
  LargestPossibleRegion: 
    Dimension: 3
    Index: [0, 0, 0]
    Size: [193, 229, 193]
  BufferedRegion: 
    Dimension: 3
    Index: [0, 0, 0]
    Size: [193, 229, 193]
  RequestedRegion: 
    Dimension: 3
    Index: [0, 0, 0]
    Size: [193, 229, 193]
  Spacing: [1, 1, 1]
  Origin: [96, 132, -78]
  Direction: 
-1 0 0
0 -1 0
0 0 1

  IndexToPointMatrix: 
-1 0 0
0 -1 0
0 0 1

  PointToIndexMatrix: 
-1 0 0
0 -1 0
0 0 1

  Inverse Direction: 
-1 0 0
0 -1 0
0 0 1

  PixelContainer: 
    ImportImageContainer (0x3ac69e0)
      RTTI typeinfo:   itk::ImportImageContainer<unsigned long, double>
      Reference Count: 1
      Modified Time: 1938
      Debug: Off
      Object Name: 
      Observers: 
        none
      Pointer: 0x152031a35010
      Container manages memory: true
      Size: 8530021
      Capacity: 8530021

     Moving image = Image (0x3ac7d40)
  RTTI typeinfo:   itk::Image<double, 3u>
  Reference Count: 2
  Modified Time: 2331
  Debug: Off
  Object Name: 
  Observers: 
    none
  Source: (none)
  Source output name: (none)
  Release Data: Off
  Data Released: False
  Global Release Data: Off
  PipelineMTime: 0
  UpdateMTime: 2328
  RealTimeStamp: 0 seconds 
  LargestPossibleRegion: 
    Dimension: 3
    Index: [0, 0, 0]
    Size: [160, 240, 256]
  BufferedRegion: 
    Dimension: 3
    Index: [0, 0, 0]
    Size: [160, 240, 256]
  RequestedRegion: 
    Dimension: 3
    Index: [0, 0, 0]
    Size: [160, 240, 256]
  Spacing: [1, 1, 1]
  Origin: [87.9508, 102.562, -147.639]
  Direction: 
-0.998659 -0.0436121 -0.0279129
0.043595 -0.999049 0.00121847
-0.0279395 -2.65543e-08 0.99961

  IndexToPointMatrix: 
-0.998659 -0.0436121 -0.0279129
0.043595 -0.999049 0.00121847
-0.0279395 -2.65543e-08 0.99961

  PointToIndexMatrix: 
-0.998659 0.043595 -0.0279395
-0.0436121 -0.999049 -2.65517e-08
-0.0279129 0.00121847 0.99961

  Inverse Direction: 
-0.998659 0.043595 -0.0279395
-0.0436121 -0.999049 -2.65517e-08
-0.0279129 0.00121847 0.99961

  PixelContainer: 
    ImportImageContainer (0x3aed850)
      RTTI typeinfo:   itk::ImportImageContainer<unsigned long, double>
      Reference Count: 1
      Modified Time: 2325
      Debug: Off
      Object Name: 
      Observers: 
        none
      Pointer: 0x15202cf34010
      Container manages memory: true
      Size: 9830400
      Capacity: 9830400

     Weighting = 1
     Sampling strategy = regular
     Number of bins = 32
     Radius = 4
     Sampling percentage  = 0.25
   Transform = Rigid
     Gradient step = 0.1
     Update field sigma (voxel space) = 0
     Total field sigma (voxel space) = 0
     Update field time sigma = 0
     Total field time sigma  = 0
     Number of time indices = 0
     Number of time point samples = 0
Registration using 1 total stages.

Stage 0
  iterations = 0
  convergence threshold = 1e-06
  convergence window size = 10
  number of levels = 1
  using the Mattes MI metric (number of bins = 32, weight = 1, use gradient filter = 0)
  preprocessing:  winsorizing the image intensities
  Shrink factors (level 1 out of 1): [1, 1, 1]
  smoothing sigmas per level: [0]
  regular sampling (percentage = 0.25)

*** Running Euler3DTransform registration ***

  Elapsed time (stage 0): 1.14184


Total elapsed time: 1.14393
Info [verificarlo]: loaded backend libinterflop_vprec.so
Info [interflop-vprec]: load backend with: 
Info [interflop-vprec]: precision-binary32 = 8
Info [interflop-vprec]: range-binary32 = 8
Info [interflop-vprec]: precision-binary64 = 8
Info [interflop-vprec]: range-binary64 = 8
Info [interflop-vprec]: mode = ob
Info [interflop-vprec]: error-mode = rel
Info [interflop-vprec]: max-abs-error-exponent = -1022
Info [interflop-vprec]: daz = false
Info [interflop-vprec]: ftz = false
Info [interflop-vprec]: 	instrument = none
Info [interflop-vprec]: 	prec-input-file = (null)
Info [interflop-vprec]: 	prec-output-file = (null)
Info [interflop-vprec]: 	prec-log-file = (null)
All_Command_lines_OK
Using double precision for computations.
=============================================================================
The composite transform comprises the following transforms (in order): 
  1. /home/mdugre/scratch/mri-registration-rp/datasets/ds004513/derivatives/mri-registration-rp/0110/antsRegistration-r8-p8/sub-s037/align_Composite.h5[0] (type = Euler3DTransform)
  2. /home/mdugre/scratch/mri-registration-rp/datasets/ds004513/derivatives/mri-registration-rp/0110/antsRegistration-r8-p8/sub-s037/align_Composite.h5[1] (type = Euler3DTransform)
=============================================================================
  number of levels = 4
  fixed image: /templateflow/tpl-MNI152NLin2009cAsym/tpl-MNI152NLin2009cAsym_res-01_desc-brain_T1w.nii.gz
  moving image: /home/mdugre/scratch/mri-registration-rp/datasets/ds004513/derivatives/mri-registration-rp/antsBrainExtraction/sub-s037/BrainExtractionBrain.nii.gz
Dimension = 3
Number of stages = 1
Use histogram matching = false
Winsorize image intensities = true
  Lower quantile = 0.005
  Upper quantile = 0.995


Stage 1 State
   Image metric = MattesMI
     Fixed image = Image (0x3c2b1e0)
  RTTI typeinfo:   itk::Image<double, 3u>
  Reference Count: 2
  Modified Time: 1578
  Debug: Off
  Object Name: 
  Observers: 
    none
  Source: (none)
  Source output name: (none)
  Release Data: Off
  Data Released: False
  Global Release Data: Off
  PipelineMTime: 0
  UpdateMTime: 1189
  RealTimeStamp: 0 seconds 
  LargestPossibleRegion: 
    Dimension: 3
    Index: [0, 0, 0]
    Size: [193, 229, 193]
  BufferedRegion: 
    Dimension: 3
    Index: [0, 0, 0]
    Size: [193, 229, 193]
  RequestedRegion: 
    Dimension: 3
    Index: [0, 0, 0]
    Size: [193, 229, 193]
  Spacing: [1, 1, 1]
  Origin: [96, 132, -78]
  Direction: 
-1 0 0
0 -1 0
0 0 1

  IndexToPointMatrix: 
-1 0 0
0 -1 0
0 0 1

  PointToIndexMatrix: 
-1 0 0
0 -1 0
0 0 1

  Inverse Direction: 
-1 0 0
0 -1 0
0 0 1

  PixelContainer: 
    ImportImageContainer (0x3cea680)
      RTTI typeinfo:   itk::ImportImageContainer<unsigned long, double>
      Reference Count: 1
      Modified Time: 1186
      Debug: Off
      Object Name: 
      Observers: 
        none
      Pointer: 0x151b4e93b010
      Container manages memory: true
      Size: 8530021
      Capacity: 8530021

     Moving image = Image (0x3ce6b20)
  RTTI typeinfo:   itk::Image<double, 3u>
  Reference Count: 2
  Modified Time: 1579
  Debug: Off
  Object Name: 
  Observers: 
    none
  Source: (none)
  Source output name: (none)
  Release Data: Off
  Data Released: False
  Global Release Data: Off
  PipelineMTime: 0
  UpdateMTime: 1576
  RealTimeStamp: 0 seconds 
  LargestPossibleRegion: 
    Dimension: 3
    Index: [0, 0, 0]
    Size: [160, 240, 256]
  BufferedRegion: 
    Dimension: 3
    Index: [0, 0, 0]
    Size: [160, 240, 256]
  RequestedRegion: 
    Dimension: 3
    Index: [0, 0, 0]
    Size: [160, 240, 256]
  Spacing: [1, 1, 1]
  Origin: [88, 102.5, -147.5]
  Direction: 
-1 -0.0435791 -0.0279541
0.0435791 -1 0.00121689
-0.0279541 0 1

  IndexToPointMatrix: 
-1 -0.0435791 -0.0279541
0.0435791 -1 0.00121689
-0.0279541 0 1

  PointToIndexMatrix: 
-1 0.0435791 -0.0279541
-0.0435791 -1 0
-0.0279541 0.00121689 1

  Inverse Direction: 
-1 0.0435791 -0.0279541
-0.0435791 -1 0
-0.0279541 0.00121689 1

  PixelContainer: 
    ImportImageContainer (0x3d4fd50)
      RTTI typeinfo:   itk::ImportImageContainer<unsigned long, double>
      Reference Count: 1
      Modified Time: 1573
      Debug: Off
      Object Name: 
      Observers: 
        none
      Pointer: 0x151b49e3a010
      Container manages memory: true
      Size: 9830400
      Capacity: 9830400

     Weighting = 1
     Sampling strategy = regular
     Number of bins = 32
     Radius = 4
     Sampling percentage  = 0.25
   Transform = Rigid
     Gradient step = 0.1
     Update field sigma (voxel space) = 0
     Total field sigma (voxel space) = 0
     Update field time sigma = 0
     Total field time sigma  = 0
     Number of time indices = 0
     Number of time point samples = 0
Registration using 1 total stages.

Stage 0
  iterations = 1000x500x250x100
  convergence threshold = 1e-06
  convergence window size = 10
  number of levels = 4
  using the Mattes MI metric (number of bins = 32, weight = 1, use gradient filter = 0)
  preprocessing:  winsorizing the image intensities
  Shrink factors (level 1 out of 4): [8, 8, 8]
  Shrink factors (level 2 out of 4): [4, 4, 4]
  Shrink factors (level 3 out of 4): [2, 2, 2]
  Shrink factors (level 4 out of 4): [1, 1, 1]
  smoothing sigmas per level: [3, 2, 1, 0]
  regular sampling (percentage = 0.25)

*** Running Euler3DTransform registration ***

DIAGNOSTIC,Iteration,metricValue,convergenceValue,ITERATION_TIME_INDEX,SINCE_LAST
 2DIAGNOSTIC,     1, -4.547049265570e-01, 1.797693134862e+308, 0.0000e+00, 0.0000e+00, 
 2DIAGNOSTIC,     2, -4.552277476583e-01, 1.797693134862e+308, 0.0000e+00, 0.0000e+00, 
 2DIAGNOSTIC,     3, -4.563276582803e-01, 1.797693134862e+308, 0.0000e+00, 0.0000e+00, 
 2DIAGNOSTIC,     4, -4.561583568323e-01, 1.797693134862e+308, 0.0000e+00, 0.0000e+00, 
 2DIAGNOSTIC,     5, -4.567606208545e-01, 1.797693134862e+308, 0.0000e+00, 0.0000e+00, 
 2DIAGNOSTIC,     6, -4.572901040957e-01, 1.797693134862e+308, 0.0000e+00, 0.0000e+00, 
 2DIAGNOSTIC,     7, -4.588493754619e-01, 1.797693134862e+308, 0.0000e+00, 0.0000e+00, 
 2DIAGNOSTIC,     8, -4.631002843977e-01, 1.797693134862e+308, 0.0000e+00, 0.0000e+00, 
 2DIAGNOSTIC,     9, -4.677656064212e-01, 1.797693134862e+308, 0.0000e+00, 0.0000e+00, 
 2DIAGNOSTIC,    10, -4.858799257480e-01, 2.974159494277e-03, 0.0000e+00, 0.0000e+00, 
 2DIAGNOSTIC,    11, -5.009514283710e-01, 4.611726734527e-03, 0.0000e+00, 0.0000e+00, 
 2DIAGNOSTIC,    12, -5.193573956395e-01, 6.473267909906e-03, 0.0000e+00, 0.0000e+00, 
 2DIAGNOSTIC,    13, -5.906304334007e-01, 1.065796625094e-02, 0.0000e+00, 0.0000e+00, 
 2DIAGNOSTIC,    14, -6.099574027803e-01, 1.385237232832e-02, 0.0000e+00, 0.0000e+00, 
 2DIAGNOSTIC,    15, -6.165626293374e-01, 1.555226886829e-02, 0.0000e+00, 0.0000e+00, 
 2DIAGNOSTIC,    16, -6.178151670313e-01, 1.567900520065e-02, 0.0000e+00, 0.0000e+00, 
 2DIAGNOSTIC,    17, -6.183152150512e-01, 1.442710690558e-02, 0.0000e+00, 0.0000e+00, 
 2DIAGNOSTIC,    18, -6.189951983664e-01, 1.214970419604e-02, 0.0000e+00, 0.0000e+00, 
 2DIAGNOSTIC,    19, -6.189829927535e-01, 9.156049031678e-03, 0.0000e+00, 0.0000e+00, 
 2DIAGNOSTIC,    20, -6.173903689762e-01, 6.138266556309e-03, 0.0000e+00, 0.0000e+00, 
 2DIAGNOSTIC,    21, -6.158633086788e-01, 3.249039581705e-03, 0.0000e+00, 0.0000e+00, 
 2DIAGNOSTIC,    22, -6.158633086788e-01, 7.642349632858e-04, 0.0000e+00, 0.0000e+00, 
 2DIAGNOSTIC,    23, -6.158633086788e-01, 8.018641932930e-05, 0.0000e+00, 0.0000e+00, 
DIAGNOSTIC,Iteration,metricValue,convergenceValue,ITERATION_TIME_INDEX,SINCE_LAST
 2DIAGNOSTIC,     1, -4.809360811392e-01, 1.797693134862e+308, 0.0000e+00, 0.0000e+00, 
 2DIAGNOSTIC,     2, -4.815380732172e-01, 1.797693134862e+308, 0.0000e+00, 0.0000e+00, 
 2DIAGNOSTIC,     3, -4.816405080888e-01, 1.797693134862e+308, 0.0000e+00, 0.0000e+00, 
 2DIAGNOSTIC,     4, -4.810287157331e-01, 1.797693134862e+308, 0.0000e+00, 0.0000e+00, 
 2DIAGNOSTIC,     5, -4.813717156785e-01, 1.797693134862e+308, 0.0000e+00, 0.0000e+00, 
 2DIAGNOSTIC,     6, -4.821877973097e-01, 1.797693134862e+308, 0.0000e+00, 0.0000e+00, 
 2DIAGNOSTIC,     7, -4.822697287360e-01, 1.797693134862e+308, 0.0000e+00, 0.0000e+00, 
 2DIAGNOSTIC,     8, -4.816247488053e-01, 1.797693134862e+308, 0.0000e+00, 0.0000e+00, 
 2DIAGNOSTIC,     9, -4.829253636068e-01, 1.797693134862e+308, 0.0000e+00, 0.0000e+00, 
 2DIAGNOSTIC,    10, -4.828854589867e-01, 2.280305722294e-04, 0.0000e+00, 0.0000e+00, 
 2DIAGNOSTIC,    11, -4.830914152964e-01, 2.201705071364e-04, 0.0000e+00, 0.0000e+00, 
 2DIAGNOSTIC,    12, -4.830284150160e-01, 2.207922403073e-04, 0.0000e+00, 0.0000e+00, 
 2DIAGNOSTIC,    13, -4.829325731095e-01, 2.035899771028e-04, 0.0000e+00, 0.0000e+00, 
 2DIAGNOSTIC,    14, -4.832153302519e-01, 1.560748481844e-04, 0.0000e+00, 0.0000e+00, 
 2DIAGNOSTIC,    15, -4.834172096243e-01, 1.201332666411e-04, 0.0000e+00, 0.0000e+00, 
 2DIAGNOSTIC,    16, -4.835878799913e-01, 1.142148362739e-04, 0.0000e+00, 0.0000e+00, 
 2DIAGNOSTIC,    17, -4.838188217524e-01, 1.105732868206e-04, 0.0000e+00, 0.0000e+00, 
 2DIAGNOSTIC,    18, -4.837653131167e-01, 7.307897914026e-05, 0.0000e+00, 0.0000e+00, 
 2DIAGNOSTIC,    19, -4.839331814799e-01, 7.848175668133e-05, 0.0000e+00, 0.0000e+00, 
 2DIAGNOSTIC,    20, -4.841457592109e-01, 8.069483209887e-05, 0.0000e+00, 0.0000e+00, 
 2DIAGNOSTIC,    21, -4.843176567172e-01, 8.566299376691e-05, 0.0000e+00, 0.0000e+00, 
 2DIAGNOSTIC,    22, -4.843255002180e-01, 8.085637970452e-05, 0.0000e+00, 0.0000e+00, 
 2DIAGNOSTIC,    23, -4.843461780931e-01, 6.701107657384e-05, 0.0000e+00, 0.0000e+00, 
 2DIAGNOSTIC,    24, -4.846205199910e-01, 6.168925686927e-05, 0.0000e+00, 0.0000e+00, 
 2DIAGNOSTIC,    25, -4.850030488196e-01, 6.440696927473e-05, 0.0000e+00, 0.0000e+00, 
 2DIAGNOSTIC,    26, -4.852148657417e-01, 6.916583763217e-05, 0.0000e+00, 0.0000e+00, 
 2DIAGNOSTIC,    27, -4.852577640765e-01, 7.322047436981e-05, 0.0000e+00, 0.0000e+00, 
 2DIAGNOSTIC,    28, -4.853954094595e-01, 7.198041508525e-05, 0.0000e+00, 0.0000e+00, 
 2DIAGNOSTIC,    29, -4.853954094595e-01, 6.723493206465e-05, 0.0000e+00, 0.0000e+00, 
 2DIAGNOSTIC,    30, -4.853954094595e-01, 6.042242991441e-05, 0.0000e+00, 0.0000e+00, 
 2DIAGNOSTIC,    31, -4.853954094595e-01, 5.162607319725e-05, 0.0000e+00, 0.0000e+00, 
 2DIAGNOSTIC,    32, -4.853954094595e-01, 3.875639318004e-05, 0.0000e+00, 0.0000e+00, 
 2DIAGNOSTIC,    33, -4.853954094595e-01, 2.332318215068e-05, 0.0000e+00, 0.0000e+00, 
 2DIAGNOSTIC,    34, -4.853954094595e-01, 1.118631755893e-05, 0.0000e+00, 0.0000e+00, 
 2DIAGNOSTIC,    35, -4.853954094595e-01, 5.053546134653e-06, 0.0000e+00, 0.0000e+00, 
 2DIAGNOSTIC,    36, -4.853954094595e-01, 2.248423842877e-06, 0.0000e+00, 0.0000e+00, 
DIAGNOSTIC,Iteration,metricValue,convergenceValue,ITERATION_TIME_INDEX,SINCE_LAST
 2DIAGNOSTIC,     1, -4.215803063057e-01, 1.797693134862e+308, 0.0000e+00, 0.0000e+00, 
 2DIAGNOSTIC,     2, -4.216557809774e-01, 1.797693134862e+308, 0.0000e+00, 0.0000e+00, 
 2DIAGNOSTIC,     3, -4.216557809774e-01, 1.797693134862e+308, 0.0000e+00, 0.0000e+00, 
 2DIAGNOSTIC,     4, -4.216557809774e-01, 1.797693134862e+308, 0.0000e+00, 0.0000e+00, 
 2DIAGNOSTIC,     5, -4.216557809774e-01, 1.797693134862e+308, 0.0000e+00, 0.0000e+00, 
 2DIAGNOSTIC,     6, -4.216557809774e-01, 1.797693134862e+308, 0.0000e+00, 0.0000e+00, 
 2DIAGNOSTIC,     7, -4.216557809774e-01, 1.797693134862e+308, 0.0000e+00, 0.0000e+00, 
 2DIAGNOSTIC,     8, -4.216557809774e-01, 1.797693134862e+308, 0.0000e+00, 0.0000e+00, 
 2DIAGNOSTIC,     9, -4.216557809774e-01, 1.797693134862e+308, 0.0000e+00, 0.0000e+00, 
 2DIAGNOSTIC,    10, -4.216557809774e-01, 5.092026640938e-06, 0.0000e+00, 0.0000e+00, 
DIAGNOSTIC,Iteration,metricValue,convergenceValue,ITERATION_TIME_INDEX,SINCE_LAST
 2DIAGNOSTIC,     1, -3.889935776746e-01, 1.797693134862e+308, 0.0000e+00, 0.0000e+00, 
 2DIAGNOSTIC,     2, -3.890388472667e-01, 1.797693134862e+308, 0.0000e+00, 0.0000e+00, 
 2DIAGNOSTIC,     3, -3.890928125095e-01, 1.797693134862e+308, 0.0000e+00, 0.0000e+00, 
 2DIAGNOSTIC,     4, -3.891301029157e-01, 1.797693134862e+308, 0.0000e+00, 0.0000e+00, 
 2DIAGNOSTIC,     5, -3.891244395780e-01, 1.797693134862e+308, 0.0000e+00, 0.0000e+00, 
 2DIAGNOSTIC,     6, -3.890973546365e-01, 1.797693134862e+308, 0.0000e+00, 0.0000e+00, 
 2DIAGNOSTIC,     7, -3.890686581570e-01, 1.797693134862e+308, 0.0000e+00, 0.0000e+00, 
 2DIAGNOSTIC,     8, -3.890984161262e-01, 1.797693134862e+308, 0.0000e+00, 0.0000e+00, 
 2DIAGNOSTIC,     9, -3.883952787877e-01, 1.797693134862e+308, 0.0000e+00, 0.0000e+00, 
  Elapsed time (stage 0): 0.0000e+00


Total elapsed time: 0.0000e+00
Info [verificarlo]: loaded backend libinterflop_vprec.so
Info [interflop-vprec]: load backend with: 
Info [interflop-vprec]: precision-binary32 = 8
Info [interflop-vprec]: range-binary32 = 8
Info [interflop-vprec]: precision-binary64 = 8
Info [interflop-vprec]: range-binary64 = 8
Info [interflop-vprec]: mode = ob
Info [interflop-vprec]: error-mode = rel
Info [interflop-vprec]: max-abs-error-exponent = -1022
Info [interflop-vprec]: daz = false
Info [interflop-vprec]: ftz = false
Info [interflop-vprec]: 	instrument = none
Info [interflop-vprec]: 	prec-input-file = (null)
Info [interflop-vprec]: 	prec-output-file = (null)
Info [interflop-vprec]: 	prec-log-file = (null)
All_Command_lines_OK
Using double precision for computations.
=============================================================================
The composite transform comprises the following transforms (in order): 
  1. /home/mdugre/scratch/mri-registration-rp/datasets/ds004513/derivatives/mri-registration-rp/0110/antsRegistration-r8-p8/sub-s037/rigid_Composite.h5[0] (type = Euler3DTransform)
  2. /home/mdugre/scratch/mri-registration-rp/datasets/ds004513/derivatives/mri-registration-rp/0110/antsRegistration-r8-p8/sub-s037/rigid_Composite.h5[1] (type = Euler3DTransform)
  3. /home/mdugre/scratch/mri-registration-rp/datasets/ds004513/derivatives/mri-registration-rp/0110/antsRegistration-r8-p8/sub-s037/rigid_Composite.h5[2] (type = Euler3DTransform)
=============================================================================
  number of levels = 4
  fixed image: /templateflow/tpl-MNI152NLin2009cAsym/tpl-MNI152NLin2009cAsym_res-01_desc-brain_T1w.nii.gz
  moving image: /home/mdugre/scratch/mri-registration-rp/datasets/ds004513/derivatives/mri-registration-rp/antsBrainExtraction/sub-s037/BrainExtractionBrain.nii.gz
Dimension = 3
Number of stages = 1
Use histogram matching = false
Winsorize image intensities = true
  Lower quantile = 0.005
  Upper quantile = 0.995


Stage 1 State
   Image metric = MattesMI
     Fixed image = Image (0x51b61e0)
  RTTI typeinfo:   itk::Image<double, 3u>
  Reference Count: 2
  Modified Time: 1592
  Debug: Off
  Object Name: 
  Observers: 
    none
  Source: (none)
  Source output name: (none)
  Release Data: Off
  Data Released: False
  Global Release Data: Off
  PipelineMTime: 0
  UpdateMTime: 1203
  RealTimeStamp: 0 seconds 
  LargestPossibleRegion: 
    Dimension: 3
    Index: [0, 0, 0]
    Size: [193, 229, 193]
  BufferedRegion: 
    Dimension: 3
    Index: [0, 0, 0]
    Size: [193, 229, 193]
  RequestedRegion: 
    Dimension: 3
    Index: [0, 0, 0]
    Size: [193, 229, 193]
  Spacing: [1, 1, 1]
  Origin: [96, 132, -78]
  Direction: 
-1 0 0
0 -1 0
0 0 1

  IndexToPointMatrix: 
-1 0 0
0 -1 0
0 0 1

  PointToIndexMatrix: 
-1 0 0
0 -1 0
0 0 1

  Inverse Direction: 
-1 0 0
0 -1 0
0 0 1

  PixelContainer: 
    ImportImageContainer (0x5284440)
      RTTI typeinfo:   itk::ImportImageContainer<unsigned long, double>
      Reference Count: 1
      Modified Time: 1200
      Debug: Off
      Object Name: 
      Observers: 
        none
      Pointer: 0x1526d021c010
      Container manages memory: true
      Size: 8530021
      Capacity: 8530021

     Moving image = Image (0x52719b0)
  RTTI typeinfo:   itk::Image<double, 3u>
  Reference Count: 2
  Modified Time: 1593
  Debug: Off
  Object Name: 
  Observers: 
    none
  Source: (none)
  Source output name: (none)
  Release Data: Off
  Data Released: False
  Global Release Data: Off
  PipelineMTime: 0
  UpdateMTime: 1590
  RealTimeStamp: 0 seconds 
  LargestPossibleRegion: 
    Dimension: 3
    Index: [0, 0, 0]
    Size: [160, 240, 256]
  BufferedRegion: 
    Dimension: 3
    Index: [0, 0, 0]
    Size: [160, 240, 256]
  RequestedRegion: 
    Dimension: 3
    Index: [0, 0, 0]
    Size: [160, 240, 256]
  Spacing: [1, 1, 1]
  Origin: [88, 102.5, -147.5]
  Direction: 
-1 -0.0435791 -0.0279541
0.0435791 -1 0.00121689
-0.0279541 0 1

  IndexToPointMatrix: 
-1 -0.0435791 -0.0279541
0.0435791 -1 0.00121689
-0.0279541 0 1

  PointToIndexMatrix: 
-1 0.0435791 -0.0279541
-0.0435791 -1 0
-0.0279541 0.00121689 1

  Inverse Direction: 
-1 0.0435791 -0.0279541
-0.0435791 -1 0
-0.0279541 0.00121689 1

  PixelContainer: 
    ImportImageContainer (0x5227710)
      RTTI typeinfo:   itk::ImportImageContainer<unsigned long, double>
      Reference Count: 1
      Modified Time: 1587
      Debug: Off
      Object Name: 
      Observers: 
        none
      Pointer: 0x1526cb71b010
      Container manages memory: true
      Size: 9830400
      Capacity: 9830400

     Weighting = 1
     Sampling strategy = regular
     Number of bins = 32
     Radius = 4
     Sampling percentage  = 0.25
   Transform = Affine
     Gradient step = 0.1
     Update field sigma (voxel space) = 0
     Total field sigma (voxel space) = 0
     Update field time sigma = 0
     Total field time sigma  = 0
     Number of time indices = 0
     Number of time point samples = 0
Registration using 1 total stages.

Stage 0
  iterations = 1000x500x250x100
  convergence threshold = 1e-06
  convergence window size = 10
  number of levels = 4
  using the Mattes MI metric (number of bins = 32, weight = 1, use gradient filter = 0)
  preprocessing:  winsorizing the image intensities
  Shrink factors (level 1 out of 4): [8, 8, 8]
  Shrink factors (level 2 out of 4): [4, 4, 4]
  Shrink factors (level 3 out of 4): [2, 2, 2]
  Shrink factors (level 4 out of 4): [1, 1, 1]
  smoothing sigmas per level: [3, 2, 1, 0]
  regular sampling (percentage = 0.25)

*** Running AffineTransform registration ***

DIAGNOSTIC,Iteration,metricValue,convergenceValue,ITERATION_TIME_INDEX,SINCE_LAST
 2DIAGNOSTIC,     1, -6.190792415504e-01, 1.797693134862e+308, 0.0000e+00, 0.0000e+00, 
 2DIAGNOSTIC,     2, -6.190867958142e-01, 1.797693134862e+308, 0.0000e+00, 0.0000e+00, 
 2DIAGNOSTIC,     3, -6.190838024293e-01, 1.797693134862e+308, 0.0000e+00, 0.0000e+00, 
 2DIAGNOSTIC,     4, -6.190142776377e-01, 1.797693134862e+308, 0.0000e+00, 0.0000e+00, 
 2DIAGNOSTIC,     5, -6.190073474102e-01, 1.797693134862e+308, 0.0000e+00, 0.0000e+00, 
 2DIAGNOSTIC,     6, -6.190073439834e-01, 1.797693134862e+308, 0.0000e+00, 0.0000e+00, 
 2DIAGNOSTIC,     7, -6.189824654079e-01, 1.797693134862e+308, 0.0000e+00, 0.0000e+00, 
 2DIAGNOSTIC,     8, -6.189824679491e-01, 1.797693134862e+308, 0.0000e+00, 0.0000e+00, 
 2DIAGNOSTIC,     9, -6.189824679489e-01, 1.797693134862e+308, 0.0000e+00, 0.0000e+00, 
DIAGNOSTIC,Iteration,metricValue,convergenceValue,ITERATION_TIME_INDEX,SINCE_LAST
 2DIAGNOSTIC,     1, -4.848791752668e-01, 1.797693134862e+308, 0.0000e+00, 0.0000e+00, 
 2DIAGNOSTIC,     2, -4.849248847774e-01, 1.797693134862e+308, 0.0000e+00, 0.0000e+00, 
 2DIAGNOSTIC,     3, -4.849179965360e-01, 1.797693134862e+308, 0.0000e+00, 0.0000e+00, 
 2DIAGNOSTIC,     4, -4.849068653788e-01, 1.797693134862e+308, 0.0000e+00, 0.0000e+00, 
 2DIAGNOSTIC,     5, -4.848955078829e-01, 1.797693134862e+308, 0.0000e+00, 0.0000e+00, 
 2DIAGNOSTIC,     6, -4.848962550695e-01, 1.797693134862e+308, 0.0000e+00, 0.0000e+00, 
 2DIAGNOSTIC,     7, -4.848772042193e-01, 1.797693134862e+308, 0.0000e+00, 0.0000e+00, 
 2DIAGNOSTIC,     8, -4.848772042193e-01, 1.797693134862e+308, 0.0000e+00, 0.0000e+00, 
 2DIAGNOSTIC,     9, -4.848772042193e-01, 1.797693134862e+308, 0.0000e+00, 0.0000e+00, 
DIAGNOSTIC,Iteration,metricValue,convergenceValue,ITERATION_TIME_INDEX,SINCE_LAST
 2DIAGNOSTIC,     1, -4.217087103653e-01, 1.797693134862e+308, 0.0000e+00, 0.0000e+00, 
 2DIAGNOSTIC,     2, -4.217363510621e-01, 1.797693134862e+308, 0.0000e+00, 0.0000e+00, 
 2DIAGNOSTIC,     3, -4.217369732296e-01, 1.797693134862e+308, 0.0000e+00, 0.0000e+00, 
 2DIAGNOSTIC,     4, -4.217173794046e-01, 1.797693134862e+308, 0.0000e+00, 0.0000e+00, 
 2DIAGNOSTIC,     5, -4.217112197038e-01, 1.797693134862e+308, 0.0000e+00, 0.0000e+00, 
 2DIAGNOSTIC,     6, -4.216988060011e-01, 1.797693134862e+308, 0.0000e+00, 0.0000e+00, 
 2DIAGNOSTIC,     7, -4.218143896226e-01, 1.797693134862e+308, 0.0000e+00, 0.0000e+00, 
 2DIAGNOSTIC,     8, -4.229923636399e-01, 1.797693134862e+308, 0.0000e+00, 0.0000e+00, 
 2DIAGNOSTIC,     9, -4.256147919985e-01, 1.797693134862e+308, 0.0000e+00, 0.0000e+00, 
 2DIAGNOSTIC,    10, -4.284650423276e-01, 7.444526116719e-04, 0.0000e+00, 0.0000e+00, 
 2DIAGNOSTIC,    11, -4.335956362079e-01, 1.286469794230e-03, 0.0000e+00, 0.0000e+00, 
 2DIAGNOSTIC,    12, -4.432604908357e-01, 2.153634831974e-03, 0.0000e+00, 0.0000e+00, 
 2DIAGNOSTIC,    13, -4.578707132481e-01, 3.418073614438e-03, 0.0000e+00, 0.0000e+00, 
 2DIAGNOSTIC,    14, -4.783486218994e-01, 5.117143908485e-03, 0.0000e+00, 0.0000e+00, 
 2DIAGNOSTIC,    15, -5.043463424993e-01, 7.194445761517e-03, 0.0000e+00, 0.0000e+00, 
 2DIAGNOSTIC,    16, -5.213576629096e-01, 8.971174154068e-03, 0.0000e+00, 0.0000e+00, 
 2DIAGNOSTIC,    17, -5.271953854212e-01, 9.900536024602e-03, 0.0000e+00, 0.0000e+00, 
 2DIAGNOSTIC,    18, -5.268153173637e-01, 9.837080300414e-03, 0.0000e+00, 0.0000e+00, 
 2DIAGNOSTIC,    19, -5.271391987898e-01, 8.974444248248e-03, 0.0000e+00, 0.0000e+00, 
 2DIAGNOSTIC,    20, -5.271574977687e-01, 7.464010386308e-03, 0.0000e+00, 0.0000e+00, 
 2DIAGNOSTIC,    21, -5.271245564098e-01, 5.571638149732e-03, 0.0000e+00, 0.0000e+00, 
 2DIAGNOSTIC,    22, -5.271145712401e-01, 3.628233392964e-03, 0.0000e+00, 0.0000e+00, 
 2DIAGNOSTIC,    23, -5.270616939955e-01, 1.921926072138e-03, 0.0000e+00, 0.0000e+00, 
 2DIAGNOSTIC,    24, -5.270584734038e-01, 7.003974933364e-04, 0.0000e+00, 0.0000e+00, 
 2DIAGNOSTIC,    25, -5.270621755932e-01, 1.382653272499e-04, 0.0000e+00, 0.0000e+00, 
DIAGNOSTIC,Iteration,metricValue,convergenceValue,ITERATION_TIME_INDEX,SINCE_LAST
 2DIAGNOSTIC,     1, -4.812043972774e-01, 1.797693134862e+308, 0.0000e+00, 0.0000e+00, 
 2DIAGNOSTIC,     2, -4.812258183544e-01, 1.797693134862e+308, 0.0000e+00, 0.0000e+00, 
 2DIAGNOSTIC,     3, -4.812404349351e-01, 1.797693134862e+308, 0.0000e+00, 0.0000e+00, 
 2DIAGNOSTIC,     4, -4.812421215783e-01, 1.797693134862e+308, 0.0000e+00, 0.0000e+00, 
 2DIAGNOSTIC,     5, -4.812392023371e-01, 1.797693134862e+308, 0.0000e+00, 0.0000e+00, 
 2DIAGNOSTIC,     6, -4.812326682061e-01, 1.797693134862e+308, 0.0000e+00, 0.0000e+00, 
 2DIAGNOSTIC,     7, -4.812344443568e-01, 1.797693134862e+308, 0.0000e+00, 0.0000e+00, 
 2DIAGNOSTIC,     8, -4.812339660781e-01, 1.797693134862e+308, 0.0000e+00, 0.0000e+00, 
 2DIAGNOSTIC,     9, -4.812356807118e-01, 1.797693134862e+308, 0.0000e+00, 0.0000e+00, 
 2DIAGNOSTIC,    10, -4.812354616773e-01, 1.802052814304e-06, 0.0000e+00, 0.0000e+00, 
  Elapsed time (stage 0): 0.0000e+00


Total elapsed time: 0.0000e+00
Info [verificarlo]: loaded backend libinterflop_ieee.so
Info [interflop-ieee]: load backend with:
Info [interflop-ieee]: debug = false
Info [interflop-ieee]: debug-binary = false
Info [interflop-ieee]: no-backend-name = false
Info [interflop-ieee]: print-new-line = false
Info [interflop-ieee]: print-subnormal-normalized = false
Info [interflop-ieee]: count-op = false
All_Command_lines_OK
Using double precision for computations.
=============================================================================
The composite transform comprises the following transforms (in order): 
  1. /home/mdugre/scratch/mri-registration-rp/datasets/ds004513/derivatives/mri-registration-rp/0110/antsRegistration-r8-p8/sub-s037/affine_Composite.h5[0] (type = Euler3DTransform)
  2. /home/mdugre/scratch/mri-registration-rp/datasets/ds004513/derivatives/mri-registration-rp/0110/antsRegistration-r8-p8/sub-s037/affine_Composite.h5[1] (type = Euler3DTransform)
  3. /home/mdugre/scratch/mri-registration-rp/datasets/ds004513/derivatives/mri-registration-rp/0110/antsRegistration-r8-p8/sub-s037/affine_Composite.h5[2] (type = Euler3DTransform)
  4. /home/mdugre/scratch/mri-registration-rp/datasets/ds004513/derivatives/mri-registration-rp/0110/antsRegistration-r8-p8/sub-s037/affine_Composite.h5[3] (type = AffineTransform)
=============================================================================
  number of levels = 4
  fixed image: /templateflow/tpl-MNI152NLin2009cAsym/tpl-MNI152NLin2009cAsym_res-01_desc-brain_T1w.nii.gz
  moving image: /home/mdugre/scratch/mri-registration-rp/datasets/ds004513/derivatives/mri-registration-rp/antsBrainExtraction/sub-s037/BrainExtractionBrain.nii.gz
Dimension = 3
Number of stages = 1
Use histogram matching = false
Winsorize image intensities = true
  Lower quantile = 0.005
  Upper quantile = 0.995


Stage 1 State
   Image metric = CC
     Fixed image = Image (0x46d5a40)
  RTTI typeinfo:   itk::Image<double, 3u>
  Reference Count: 2
  Modified Time: 1606
  Debug: Off
  Object Name: 
  Observers: 
    none
  Source: (none)
  Source output name: (none)
  Release Data: Off
  Data Released: False
  Global Release Data: Off
  PipelineMTime: 0
  UpdateMTime: 1217
  RealTimeStamp: 0 seconds 
  LargestPossibleRegion: 
    Dimension: 3
    Index: [0, 0, 0]
    Size: [193, 229, 193]
  BufferedRegion: 
    Dimension: 3
    Index: [0, 0, 0]
    Size: [193, 229, 193]
  RequestedRegion: 
    Dimension: 3
    Index: [0, 0, 0]
    Size: [193, 229, 193]
  Spacing: [1, 1, 1]
  Origin: [96, 132, -78]
  Direction: 
-1 0 0
0 -1 0
0 0 1

  IndexToPointMatrix: 
-1 0 0
0 -1 0
0 0 1

  PointToIndexMatrix: 
-1 0 0
0 -1 0
0 0 1

  Inverse Direction: 
-1 0 0
0 -1 0
0 0 1

  PixelContainer: 
    ImportImageContainer (0x47ad410)
      RTTI typeinfo:   itk::ImportImageContainer<unsigned long, double>
      Reference Count: 1
      Modified Time: 1214
      Debug: Off
      Object Name: 
      Observers: 
        none
      Pointer: 0x1518695e4010
      Container manages memory: true
      Size: 8530021
      Capacity: 8530021

     Moving image = Image (0x4791520)
  RTTI typeinfo:   itk::Image<double, 3u>
  Reference Count: 2
  Modified Time: 1607
  Debug: Off
  Object Name: 
  Observers: 
    none
  Source: (none)
  Source output name: (none)
  Release Data: Off
  Data Released: False
  Global Release Data: Off
  PipelineMTime: 0
  UpdateMTime: 1604
  RealTimeStamp: 0 seconds 
  LargestPossibleRegion: 
    Dimension: 3
    Index: [0, 0, 0]
    Size: [160, 240, 256]
  BufferedRegion: 
    Dimension: 3
    Index: [0, 0, 0]
    Size: [160, 240, 256]
  RequestedRegion: 
    Dimension: 3
    Index: [0, 0, 0]
    Size: [160, 240, 256]
  Spacing: [1, 1, 1]
  Origin: [87.9508, 102.562, -147.639]
  Direction: 
-0.998659 -0.0436121 -0.0279129
0.043595 -0.999049 0.00121847
-0.0279395 -2.65543e-08 0.99961

  IndexToPointMatrix: 
-0.998659 -0.0436121 -0.0279129
0.043595 -0.999049 0.00121847
-0.0279395 -2.65543e-08 0.99961

  PointToIndexMatrix: 
-0.998659 0.043595 -0.0279395
-0.0436121 -0.999049 -2.65517e-08
-0.0279129 0.00121847 0.99961

  Inverse Direction: 
-0.998659 0.043595 -0.0279395
-0.0436121 -0.999049 -2.65517e-08
-0.0279129 0.00121847 0.99961

  PixelContainer: 
    ImportImageContainer (0x47b40d0)
      RTTI typeinfo:   itk::ImportImageContainer<unsigned long, double>
      Reference Count: 1
      Modified Time: 1601
      Debug: Off
      Object Name: 
      Observers: 
        none
      Pointer: 0x151864ae3010
      Container manages memory: true
      Size: 9830400
      Capacity: 9830400

     Weighting = 1
     Sampling strategy = none
     Number of bins = 32
     Radius = 4
     Sampling percentage  = 1
   Transform = SyN
     Gradient step = 0.1
     Update field sigma (voxel space) = 3
     Total field sigma (voxel space) = 0
     Update field time sigma = 0
     Total field time sigma  = 0
     Number of time indices = 0
     Number of time point samples = 0
Registration using 1 total stages.

Stage 0
  iterations = 100x70x50x20
  convergence threshold = 1e-06
  convergence window size = 10
  number of levels = 4
  using the CC metric (radius = 4, weight = 1, use gradient filter = 0)
  preprocessing:  winsorizing the image intensities
  Shrink factors (level 1 out of 4): [8, 8, 8]
  Shrink factors (level 2 out of 4): [4, 4, 4]
  Shrink factors (level 3 out of 4): [2, 2, 2]
  Shrink factors (level 4 out of 4): [1, 1, 1]
  smoothing sigmas per level: [3, 2, 1, 0]
  Using default NONE metricSamplingStrategy 

*** Running SyN registration (varianceForUpdateField = 3, varianceForTotalField = 0) ***

XXDIAGNOSTIC,Iteration,metricValue,convergenceValue,ITERATION_TIME_INDEX,SINCE_LAST
 1DIAGNOSTIC,     1, -8.449157583948e-01, 1.797693134862e+308, 1.0642e+00, 1.0642e+00, 
 1DIAGNOSTIC,     2, -8.631813136217e-01, 1.797693134862e+308, 1.4115e+00, 3.4726e-01, 
 1DIAGNOSTIC,     3, -8.798071091869e-01, 1.797693134862e+308, 1.7429e+00, 3.3140e-01, 
 1DIAGNOSTIC,     4, -8.905219623757e-01, 1.797693134862e+308, 2.0837e+00, 3.4077e-01, 
 1DIAGNOSTIC,     5, -9.004268046018e-01, 1.797693134862e+308, 2.4208e+00, 3.3716e-01, 
 1DIAGNOSTIC,     6, -9.064993807907e-01, 1.797693134862e+308, 2.7701e+00, 3.4926e-01, 
 1DIAGNOSTIC,     7, -9.113628216055e-01, 1.797693134862e+308, 3.1162e+00, 3.4606e-01, 
 1DIAGNOSTIC,     8, -9.152360651272e-01, 1.797693134862e+308, 3.4549e+00, 3.3870e-01, 
 1DIAGNOSTIC,     9, -9.183479634835e-01, 1.797693134862e+308, 3.7963e+00, 3.4139e-01, 
 1DIAGNOSTIC,    10, -9.208744845330e-01, 5.075759634866e-03, 4.1446e+00, 3.4829e-01, 
 1DIAGNOSTIC,    11, -9.229035538125e-01, 3.539057784018e-03, 4.4823e+00, 3.3780e-01, 
 1DIAGNOSTIC,    12, -9.246017931464e-01, 2.466432137728e-03, 4.8209e+00, 3.3856e-01, 
 1DIAGNOSTIC,    13, -9.261051482486e-01, 1.776246867805e-03, 5.1596e+00, 3.3868e-01, 
 1DIAGNOSTIC,    14, -9.274892927253e-01, 1.293544311061e-03, 5.4910e+00, 3.3145e-01, 
 1DIAGNOSTIC,    15, -9.288119424073e-01, 9.917237043397e-04, 5.8240e+00, 3.3296e-01, 
 1DIAGNOSTIC,    16, -9.301246431824e-01, 7.807933769226e-04, 6.1635e+00, 3.3950e-01, 
 1DIAGNOSTIC,    17, -9.314775061336e-01, 6.366978699987e-04, 6.4994e+00, 3.3590e-01, 
 1DIAGNOSTIC,    18, -9.328776093592e-01, 5.408108024866e-04, 6.8398e+00, 3.4038e-01, 
 1DIAGNOSTIC,    19, -9.342206892164e-01, 4.775633370484e-04, 7.1921e+00, 3.5235e-01, 
 1DIAGNOSTIC,    20, -9.355912400595e-01, 4.366041268703e-04, 7.5332e+00, 3.4110e-01, 
 1DIAGNOSTIC,    21, -9.367132504519e-01, 4.052361341494e-04, 7.8740e+00, 3.4082e-01, 
 1DIAGNOSTIC,    22, -9.380149894588e-01, 3.810491086804e-04, 8.2134e+00, 3.3934e-01, 
 1DIAGNOSTIC,    23, -9.391139362515e-01, 3.581399722971e-04, 8.5472e+00, 3.3377e-01, 
 1DIAGNOSTIC,    24, -9.403083923667e-01, 3.366840055489e-04, 8.8841e+00, 3.3694e-01, 
 1DIAGNOSTIC,    25, -9.413178836334e-01, 3.140318509413e-04, 9.2186e+00, 3.3447e-01, 
 1DIAGNOSTIC,    26, -9.424412310405e-01, 2.924532059222e-04, 9.5598e+00, 3.4123e-01, 
 1DIAGNOSTIC,    27, -9.434034843095e-01, 2.712323403586e-04, 9.9041e+00, 3.4435e-01, 
 1DIAGNOSTIC,    28, -9.444938381728e-01, 2.532532705667e-04, 1.0245e+01, 3.4086e-01, 
 1DIAGNOSTIC,    29, -9.455930694781e-01, 2.383701722665e-04, 1.0585e+01, 3.4018e-01, 
 1DIAGNOSTIC,    30, -9.467144589815e-01, 2.274080999142e-04, 1.0927e+01, 3.4142e-01, 
 1DIAGNOSTIC,    31, -9.479106918356e-01, 2.184677967911e-04, 1.1264e+01, 3.3697e-01, 
 1DIAGNOSTIC,    32, -9.489674274705e-01, 2.119156913626e-04, 1.1604e+01, 3.4049e-01, 
 1DIAGNOSTIC,    33, -9.501647150868e-01, 2.069103645881e-04, 1.1945e+01, 3.4071e-01, 
 1DIAGNOSTIC,    34, -9.513223090872e-01, 2.036552867420e-04, 1.2279e+01, 3.3380e-01, 
 1DIAGNOSTIC,    35, -9.523327919061e-01, 1.987726363426e-04, 1.2613e+01, 3.3458e-01, 
 1DIAGNOSTIC,    36, -9.533355140579e-01, 1.932994775886e-04, 1.2974e+01, 3.6056e-01, 
 1DIAGNOSTIC,    37, -9.541154109280e-01, 1.840561743991e-04, 1.3308e+01, 3.3404e-01, 
 1DIAGNOSTIC,    38, -9.548549132240e-01, 1.724519710303e-04, 1.3664e+01, 3.5639e-01, 
 1DIAGNOSTIC,    39, -9.555046472935e-01, 1.586475966835e-04, 1.4010e+01, 3.4547e-01, 
 1DIAGNOSTIC,    40, -9.561650458165e-01, 1.439431080615e-04, 1.4348e+01, 3.3871e-01, 
 1DIAGNOSTIC,    41, -9.567450815575e-01, 1.294131795700e-04, 1.4687e+01, 3.3830e-01, 
 1DIAGNOSTIC,    42, -9.573109260637e-01, 1.149560369111e-04, 1.5022e+01, 3.3496e-01, 
 1DIAGNOSTIC,    43, -9.578646721473e-01, 1.025613156844e-04, 1.5363e+01, 3.4145e-01, 
 1DIAGNOSTIC,    44, -9.583612129980e-01, 9.234211369230e-05, 1.5712e+01, 3.4942e-01, 
 1DIAGNOSTIC,    45, -9.589186876863e-01, 8.430443875148e-05, 1.6062e+01, 3.4921e-01, 
 1DIAGNOSTIC,    46, -9.593462084270e-01, 7.797914412296e-05, 1.6408e+01, 3.4673e-01, 
 1DIAGNOSTIC,    47, -9.595784422572e-01, 7.100061403779e-05, 1.6751e+01, 3.4234e-01, 
 1DIAGNOSTIC,    48, -9.601640074080e-01, 6.594148102926e-05, 1.7091e+01, 3.4068e-01, 
 1DIAGNOSTIC,    49, -9.598359349945e-01, 5.670244350436e-05, 1.7455e+01, 3.6389e-01, 
 1DIAGNOSTIC,    50, -9.605717026006e-01, 5.099579001916e-05, 1.7791e+01, 3.3534e-01, 
 1DIAGNOSTIC,    51, -9.601282083820e-01, 4.134576743457e-05, 1.8138e+01, 3.4711e-01, 
 1DIAGNOSTIC,    52, -9.609562133294e-01, 3.635192702104e-05, 1.8478e+01, 3.4039e-01, 
 1DIAGNOSTIC,    53, -9.604021857612e-01, 2.796840567073e-05, 1.8816e+01, 3.3793e-01, 
 1DIAGNOSTIC,    54, -9.613189928791e-01, 2.528103705599e-05, 1.9147e+01, 3.3057e-01, 
 1DIAGNOSTIC,    55, -9.606243709166e-01, 1.941103632284e-05, 1.9494e+01, 3.4730e-01, 
 1DIAGNOSTIC,    56, -9.614714371777e-01, 1.894290217966e-05, 1.9835e+01, 3.4139e-01, 
 1DIAGNOSTIC,    57, -9.606923378293e-01, 1.362885788766e-05, 2.0186e+01, 3.5043e-01, 
 1DIAGNOSTIC,    58, -9.613841487999e-01, 1.409566158230e-05, 2.0517e+01, 3.3148e-01, 
