
##########################
# Experiment information #
##########################

EXPERIMENT_NAME: antsRegistration-r7-p23
VFC_BACKENDS: libinterflop_vprec.so --range-binary32=7 --precision-binary32=23 --range-binary64=7 --precision-binary64=23

SIF_IMG: /home/mdugre/projects/rrg-glatard/mdugre/containers/ants-vprec-no_metrics.simg

SUBJECT_ID: s020
INPUT_IMG: /home/mdugre/scratch/mri-registration-rp/datasets/ds004513/derivatives/mri-registration-rp/antsBrainExtraction/sub-s020/BrainExtractionBrain.nii.gz
OUTPUT_DIR: /home/mdugre/scratch/mri-registration-rp/datasets/ds004513/derivatives/mri-registration-rp/0110/antsRegistration-r7-p23/sub-s020

FIXED_IMG: /templateflow/tpl-MNI152NLin2009cAsym/tpl-MNI152NLin2009cAsym_res-01_desc-brain_T1w.nii.gz
DATA_DIR: /home/mdugre/scratch/mri-registration-rp/datasets/ds004513
TEMPLATEFLOW_DIR: /home/mdugre/projects/rrg-glatard/mdugre/templateflow
ITK_GLOBAL_DEFAULT_NUMBER_OF_THREADS: 16
##########################

Info [verificarlo]: loaded backend libinterflop_ieee.so
Info [interflop-ieee]: load backend with:
Info [interflop-ieee]: debug = false
Info [interflop-ieee]: debug-binary = false
Info [interflop-ieee]: no-backend-name = false
Info [interflop-ieee]: print-new-line = false
Info [interflop-ieee]: print-subnormal-normalized = false
Info [interflop-ieee]: count-op = false
All_Command_lines_OK
Using double precision for computations.
=============================================================================
The composite transform comprises the following transforms (in order): 
  1. Center of mass alignment using fixed image: /templateflow/tpl-MNI152NLin2009cAsym/tpl-MNI152NLin2009cAsym_res-01_desc-brain_T1w.nii.gz and moving image: /home/mdugre/scratch/mri-registration-rp/datasets/ds004513/derivatives/mri-registration-rp/antsBrainExtraction/sub-s020/BrainExtractionBrain.nii.gz (type = Euler3DTransform)
=============================================================================
  number of levels = 1
  fixed image: /templateflow/tpl-MNI152NLin2009cAsym/tpl-MNI152NLin2009cAsym_res-01_desc-brain_T1w.nii.gz
  moving image: /home/mdugre/scratch/mri-registration-rp/datasets/ds004513/derivatives/mri-registration-rp/antsBrainExtraction/sub-s020/BrainExtractionBrain.nii.gz
Dimension = 3
Number of stages = 1
Use histogram matching = false
Winsorize image intensities = true
  Lower quantile = 0.005
  Upper quantile = 0.995


Stage 1 State
   Image metric = MattesMI
     Fixed image = Image (0x32dde70)
  RTTI typeinfo:   itk::Image<double, 3u>
  Reference Count: 2
  Modified Time: 2334
  Debug: Off
  Object Name: 
  Observers: 
    none
  Source: (none)
  Source output name: (none)
  Release Data: Off
  Data Released: False
  Global Release Data: Off
  PipelineMTime: 0
  UpdateMTime: 1943
  RealTimeStamp: 0 seconds 
  LargestPossibleRegion: 
    Dimension: 3
    Index: [0, 0, 0]
    Size: [193, 229, 193]
  BufferedRegion: 
    Dimension: 3
    Index: [0, 0, 0]
    Size: [193, 229, 193]
  RequestedRegion: 
    Dimension: 3
    Index: [0, 0, 0]
    Size: [193, 229, 193]
  Spacing: [1, 1, 1]
  Origin: [96, 132, -78]
  Direction: 
-1 0 0
0 -1 0
0 0 1

  IndexToPointMatrix: 
-1 0 0
0 -1 0
0 0 1

  PointToIndexMatrix: 
-1 0 0
0 -1 0
0 0 1

  Inverse Direction: 
-1 0 0
0 -1 0
0 0 1

  PixelContainer: 
    ImportImageContainer (0x32e6c60)
      RTTI typeinfo:   itk::ImportImageContainer<unsigned long, double>
      Reference Count: 1
      Modified Time: 1940
      Debug: Off
      Object Name: 
      Observers: 
        none
      Pointer: 0x145922241010
      Container manages memory: true
      Size: 8530021
      Capacity: 8530021

     Moving image = Image (0x32e9610)
  RTTI typeinfo:   itk::Image<double, 3u>
  Reference Count: 2
  Modified Time: 2335
  Debug: Off
  Object Name: 
  Observers: 
    none
  Source: (none)
  Source output name: (none)
  Release Data: Off
  Data Released: False
  Global Release Data: Off
  PipelineMTime: 0
  UpdateMTime: 2332
  RealTimeStamp: 0 seconds 
  LargestPossibleRegion: 
    Dimension: 3
    Index: [0, 0, 0]
    Size: [160, 240, 256]
  BufferedRegion: 
    Dimension: 3
    Index: [0, 0, 0]
    Size: [160, 240, 256]
  RequestedRegion: 
    Dimension: 3
    Index: [0, 0, 0]
    Size: [160, 240, 256]
  Spacing: [0.999995, 1, 1]
  Origin: [87.0906, 98.7205, -152.377]
  Direction: 
-0.996975 0.0261379 -0.0731913
-0.0260677 -0.999658 -0.00191374
-0.0732163 -2.46403e-08 0.997316

  IndexToPointMatrix: 
-0.996971 0.0261379 -0.0731913
-0.0260676 -0.999658 -0.00191374
-0.0732159 -2.46403e-08 0.997316

  PointToIndexMatrix: 
-0.99698 -0.0260679 -0.0732166
0.0261379 -0.999658 -2.46993e-08
-0.0731913 -0.00191374 0.997316

  Inverse Direction: 
-0.996975 -0.0260677 -0.0732163
0.0261379 -0.999658 -2.46993e-08
-0.0731913 -0.00191374 0.997316

  PixelContainer: 
    ImportImageContainer (0x3382ef0)
      RTTI typeinfo:   itk::ImportImageContainer<unsigned long, double>
      Reference Count: 1
      Modified Time: 2329
      Debug: Off
      Object Name: 
      Observers: 
        none
      Pointer: 0x14591d740010
      Container manages memory: true
      Size: 9830400
      Capacity: 9830400

     Weighting = 1
     Sampling strategy = regular
     Number of bins = 32
     Radius = 4
     Sampling percentage  = 0.25
   Transform = Rigid
     Gradient step = 0.1
     Update field sigma (voxel space) = 0
     Total field sigma (voxel space) = 0
     Update field time sigma = 0
     Total field time sigma  = 0
     Number of time indices = 0
     Number of time point samples = 0
Registration using 1 total stages.

Stage 0
  iterations = 0
  convergence threshold = 1e-06
  convergence window size = 10
  number of levels = 1
  using the Mattes MI metric (number of bins = 32, weight = 1, use gradient filter = 0)
  preprocessing:  winsorizing the image intensities
  Shrink factors (level 1 out of 1): [1, 1, 1]
  smoothing sigmas per level: [0]
  regular sampling (percentage = 0.25)

*** Running Euler3DTransform registration ***

  Elapsed time (stage 0): 1.114


Total elapsed time: 1.12083
Info [verificarlo]: loaded backend libinterflop_vprec.so
Info [interflop-vprec]: load backend with: 
Info [interflop-vprec]: precision-binary32 = 23
Info [interflop-vprec]: range-binary32 = 7
Info [interflop-vprec]: precision-binary64 = 23
Info [interflop-vprec]: range-binary64 = 7
Info [interflop-vprec]: mode = ob
Info [interflop-vprec]: error-mode = rel
Info [interflop-vprec]: max-abs-error-exponent = -1022
Info [interflop-vprec]: daz = false
Info [interflop-vprec]: ftz = false
Info [interflop-vprec]: 	instrument = none
Info [interflop-vprec]: 	prec-input-file = (null)
Info [interflop-vprec]: 	prec-output-file = (null)
Info [interflop-vprec]: 	prec-log-file = (null)
All_Command_lines_OK
Using double precision for computations.
=============================================================================
The composite transform comprises the following transforms (in order): 
  1. /home/mdugre/scratch/mri-registration-rp/datasets/ds004513/derivatives/mri-registration-rp/0110/antsRegistration-r7-p23/sub-s020/align_Composite.h5[0] (type = Euler3DTransform)
  2. /home/mdugre/scratch/mri-registration-rp/datasets/ds004513/derivatives/mri-registration-rp/0110/antsRegistration-r7-p23/sub-s020/align_Composite.h5[1] (type = Euler3DTransform)
=============================================================================
  number of levels = 4
  fixed image: /templateflow/tpl-MNI152NLin2009cAsym/tpl-MNI152NLin2009cAsym_res-01_desc-brain_T1w.nii.gz
  moving image: /home/mdugre/scratch/mri-registration-rp/datasets/ds004513/derivatives/mri-registration-rp/antsBrainExtraction/sub-s020/BrainExtractionBrain.nii.gz
Dimension = 3
Number of stages = 1
Use histogram matching = false
Winsorize image intensities = true
  Lower quantile = 0.005
  Upper quantile = 0.995


Stage 1 State
   Image metric = MattesMI
     Fixed image = Image (0x43e51e0)
  RTTI typeinfo:   itk::Image<double, 3u>
  Reference Count: 2
  Modified Time: 1580
  Debug: Off
  Object Name: 
  Observers: 
    none
  Source: (none)
  Source output name: (none)
  Release Data: Off
  Data Released: False
  Global Release Data: Off
  PipelineMTime: 0
  UpdateMTime: 1189
  RealTimeStamp: 0 seconds 
  LargestPossibleRegion: 
    Dimension: 3
    Index: [0, 0, 0]
    Size: [193, 229, 193]
  BufferedRegion: 
    Dimension: 3
    Index: [0, 0, 0]
    Size: [193, 229, 193]
  RequestedRegion: 
    Dimension: 3
    Index: [0, 0, 0]
    Size: [193, 229, 193]
  Spacing: [1, 1, 1]
  Origin: [96, 132, -78]
  Direction: 
-1 0 0
0 -1 0
0 0 1

  IndexToPointMatrix: 
-1 0 0
0 -1 0
0 0 1

  PointToIndexMatrix: 
-1 0 0
0 -1 0
0 0 1

  Inverse Direction: 
-1 0 0
0 -1 0
0 0 1

  PixelContainer: 
    ImportImageContainer (0x44a4680)
      RTTI typeinfo:   itk::ImportImageContainer<unsigned long, double>
      Reference Count: 1
      Modified Time: 1186
      Debug: Off
      Object Name: 
      Observers: 
        none
      Pointer: 0x145f6d74e010
      Container manages memory: true
      Size: 8530021
      Capacity: 8530021

     Moving image = Image (0x44a0b20)
  RTTI typeinfo:   itk::Image<double, 3u>
  Reference Count: 2
  Modified Time: 1581
  Debug: Off
  Object Name: 
  Observers: 
    none
  Source: (none)
  Source output name: (none)
  Release Data: Off
  Data Released: False
  Global Release Data: Off
  PipelineMTime: 0
  UpdateMTime: 1578
  RealTimeStamp: 0 seconds 
  LargestPossibleRegion: 
    Dimension: 3
    Index: [0, 0, 0]
    Size: [160, 240, 256]
  BufferedRegion: 
    Dimension: 3
    Index: [0, 0, 0]
    Size: [160, 240, 256]
  RequestedRegion: 
    Dimension: 3
    Index: [0, 0, 0]
    Size: [160, 240, 256]
  Spacing: [0.999995, 1, 1]
  Origin: [87.0906, 98.7205, -152.377]
  Direction: 
-0.996975 0.0261379 -0.0731912
-0.0260677 -0.999658 -0.00191374
-0.0732163 -2.46403e-08 0.997316

  IndexToPointMatrix: 
-0.996971 0.0261379 -0.0731912
-0.0260676 -0.999658 -0.00191374
-0.0732159 -2.46403e-08 0.997316

  PointToIndexMatrix: 
-0.99698 -0.0260679 -0.0732166
0.0261379 -0.999658 -8.19564e-08
-0.0731913 -0.00191373 0.997316

  Inverse Direction: 
-0.996975 -0.0260677 -0.0732163
0.0261379 -0.999659 8.9407e-08
-0.0731913 -0.00191379 0.997316

  PixelContainer: 
    ImportImageContainer (0x4509d50)
      RTTI typeinfo:   itk::ImportImageContainer<unsigned long, double>
      Reference Count: 1
      Modified Time: 1575
      Debug: Off
      Object Name: 
      Observers: 
        none
      Pointer: 0x145f68c4d010
      Container manages memory: true
      Size: 9830400
      Capacity: 9830400

     Weighting = 1
     Sampling strategy = regular
     Number of bins = 32
     Radius = 4
     Sampling percentage  = 0.25
   Transform = Rigid
     Gradient step = 0.1
     Update field sigma (voxel space) = 0
     Total field sigma (voxel space) = 0
     Update field time sigma = 0
     Total field time sigma  = 0
     Number of time indices = 0
     Number of time point samples = 0
Registration using 1 total stages.

Stage 0
  iterations = 1000x500x250x100
  convergence threshold = 1e-06
  convergence window size = 10
  number of levels = 4
  using the Mattes MI metric (number of bins = 32, weight = 1, use gradient filter = 0)
  preprocessing:  winsorizing the image intensities
  Shrink factors (level 1 out of 4): [8, 8, 8]
  Shrink factors (level 2 out of 4): [4, 4, 4]
  Shrink factors (level 3 out of 4): [2, 2, 2]
  Shrink factors (level 4 out of 4): [1, 1, 1]
  smoothing sigmas per level: [3, 2, 1, 0]
  regular sampling (percentage = 0.25)

*** Running Euler3DTransform registration ***

DIAGNOSTIC,Iteration,metricValue,convergenceValue,ITERATION_TIME_INDEX,SINCE_LAST
 2DIAGNOSTIC,     1, -3.791271321016e-01, 1.797693134862e+308, 0.0000e+00, 0.0000e+00, 
 2DIAGNOSTIC,     2, -3.803602946150e-01, 1.797693134862e+308, 0.0000e+00, 0.0000e+00, 
 2DIAGNOSTIC,     3, -3.828956004464e-01, 1.797693134862e+308, 0.0000e+00, 0.0000e+00, 
 2DIAGNOSTIC,     4, -3.876111461184e-01, 1.797693134862e+308, 0.0000e+00, 0.0000e+00, 
 2DIAGNOSTIC,     5, -3.904928081411e-01, 1.797693134862e+308, 0.0000e+00, 0.0000e+00, 
 2DIAGNOSTIC,     6, -3.911040812535e-01, 1.797693134862e+308, 0.0000e+00, 0.0000e+00, 
 2DIAGNOSTIC,     7, -3.914906907272e-01, 1.797693134862e+308, 0.0000e+00, 0.0000e+00, 
 2DIAGNOSTIC,     8, -3.925640784184e-01, 1.797693134862e+308, 0.0000e+00, 0.0000e+00, 
 2DIAGNOSTIC,     9, -3.981711522628e-01, 1.797693134862e+308, 0.0000e+00, 0.0000e+00, 
 2DIAGNOSTIC,    10, -4.078703311743e-01, 3.864046250673e-03, 0.0000e+00, 0.0000e+00, 
 2DIAGNOSTIC,    11, -4.243481467254e-01, 4.880927994184e-03, 0.0000e+00, 0.0000e+00, 
 2DIAGNOSTIC,    12, -4.299142550718e-01, 5.667120953936e-03, 0.0000e+00, 0.0000e+00, 
 2DIAGNOSTIC,    13, -4.400144326110e-01, 6.498268263091e-03, 0.0000e+00, 0.0000e+00, 
 2DIAGNOSTIC,    14, -4.400143187586e-01, 6.843724095816e-03, 0.0000e+00, 0.0000e+00, 
 2DIAGNOSTIC,    15, -4.400154487945e-01, 6.651879023035e-03, 0.0000e+00, 0.0000e+00, 
 2DIAGNOSTIC,    16, -4.400172221641e-01, 5.902796340996e-03, 0.0000e+00, 0.0000e+00, 
 2DIAGNOSTIC,    17, -4.400202094945e-01, 4.723780715516e-03, 0.0000e+00, 0.0000e+00, 
 2DIAGNOSTIC,    18, -4.400252593401e-01, 3.293401278796e-03, 0.0000e+00, 0.0000e+00, 
 2DIAGNOSTIC,    19, -4.400337273430e-01, 1.922483667046e-03, 0.0000e+00, 0.0000e+00, 
 2DIAGNOSTIC,    20, -4.400481350655e-01, 8.447629979190e-04, 0.0000e+00, 0.0000e+00, 
 2DIAGNOSTIC,    21, -4.400723954211e-01, 3.344033272182e-04, 0.0000e+00, 0.0000e+00, 
 2DIAGNOSTIC,    22, -4.401134386632e-01, 7.153998344243e-06, 0.0000e+00, 0.0000e+00, 
 2DIAGNOSTIC,    23, -4.401823418067e-01, 1.054472001132e-05, 0.0000e+00, 0.0000e+00, 
 2DIAGNOSTIC,    24, -4.402972707886e-01, 1.600353350483e-05, 0.0000e+00, 0.0000e+00, 
 2DIAGNOSTIC,    25, -4.404884442129e-01, 2.479397119077e-05, 0.0000e+00, 0.0000e+00, 
 2DIAGNOSTIC,    26, -4.408582437879e-01, 4.025398872844e-05, 0.0000e+00, 0.0000e+00, 
 2DIAGNOSTIC,    27, -4.413836806623e-01, 6.388663029384e-05, 0.0000e+00, 0.0000e+00, 
 2DIAGNOSTIC,    28, -4.420921626843e-01, 9.681648409600e-05, 0.0000e+00, 0.0000e+00, 
 2DIAGNOSTIC,    29, -4.427958642339e-01, 1.346368024281e-04, 0.0000e+00, 0.0000e+00, 
 2DIAGNOSTIC,    30, -4.440140282811e-01, 1.846477972854e-04, 0.0000e+00, 0.0000e+00, 
 2DIAGNOSTIC,    31, -4.449887233531e-01, 2.350512664646e-04, 0.0000e+00, 0.0000e+00, 
 2DIAGNOSTIC,    32, -4.461457740190e-01, 2.848129635251e-04, 0.0000e+00, 0.0000e+00, 
 2DIAGNOSTIC,    33, -4.478213247497e-01, 3.395774950184e-04, 0.0000e+00, 0.0000e+00, 
 2DIAGNOSTIC,    34, -4.471723136114e-01, 3.478084905020e-04, 0.0000e+00, 0.0000e+00, 
 2DIAGNOSTIC,    35, -4.474270339364e-01, 3.318490164033e-04, 0.0000e+00, 0.0000e+00, 
 2DIAGNOSTIC,    36, -4.479027654001e-01, 3.008682103381e-04, 0.0000e+00, 0.0000e+00, 
 2DIAGNOSTIC,    37, -4.486133214534e-01, 2.645645076727e-04, 0.0000e+00, 0.0000e+00, 
 2DIAGNOSTIC,    38, -4.487522938859e-01, 2.194608384018e-04, 0.0000e+00, 0.0000e+00, 
 2DIAGNOSTIC,    39, -4.488091598381e-01, 1.691018259060e-04, 0.0000e+00, 0.0000e+00, 
 2DIAGNOSTIC,    40, -4.488645075582e-01, 1.267881233976e-04, 0.0000e+00, 0.0000e+00, 
 2DIAGNOSTIC,    41, -4.489990260144e-01, 9.197534671157e-05, 0.0000e+00, 0.0000e+00, 
 2DIAGNOSTIC,    42, -4.493286759546e-01, 7.251426061142e-05, 0.0000e+00, 0.0000e+00, 
 2DIAGNOSTIC,    43, -4.515117384848e-01, 1.066427698684e-04, 0.0000e+00, 0.0000e+00, 
 2DIAGNOSTIC,    44, -4.565547397059e-01, 1.941081777331e-04, 0.0000e+00, 0.0000e+00, 
 2DIAGNOSTIC,    45, -4.584865609655e-01, 2.892398906293e-04, 0.0000e+00, 0.0000e+00, 
 2DIAGNOSTIC,    46, -4.754749412500e-01, 6.017402044403e-04, 0.0000e+00, 0.0000e+00, 
 2DIAGNOSTIC,    47, -4.865808433181e-01, 1.000936361548e-03, 0.0000e+00, 0.0000e+00, 
 2DIAGNOSTIC,    48, -4.948142335353e-01, 1.397515724719e-03, 0.0000e+00, 0.0000e+00, 
 2DIAGNOSTIC,    49, -4.991254301245e-01, 1.701056062502e-03, 0.0000e+00, 0.0000e+00, 
 2DIAGNOSTIC,    50, -5.002567725842e-01, 1.844542028112e-03, 0.0000e+00, 0.0000e+00, 
 2DIAGNOSTIC,    51, -5.005369082446e-01, 1.809483164460e-03, 0.0000e+00, 0.0000e+00, 
 2DIAGNOSTIC,    52, -5.012435669897e-01, 1.613526871719e-03, 0.0000e+00, 0.0000e+00, 
 2DIAGNOSTIC,    53, -5.013025417368e-01, 1.298351597088e-03, 0.0000e+00, 0.0000e+00, 
 2DIAGNOSTIC,    54, -5.014450136458e-01, 9.366019748462e-04, 0.0000e+00, 0.0000e+00, 
 2DIAGNOSTIC,    55, -5.016700613689e-01, 5.223051156221e-04, 0.0000e+00, 0.0000e+00, 
 2DIAGNOSTIC,    56, -5.017350981259e-01, 2.675288336451e-04, 0.0000e+00, 0.0000e+00, 
 2DIAGNOSTIC,    57, -5.016994805701e-01, 1.191538792133e-04, 0.0000e+00, 0.0000e+00, 
 2DIAGNOSTIC,    58, -5.016811053454e-01, 5.417126142278e-05, 0.0000e+00, 0.0000e+00, 
 2DIAGNOSTIC,    59, -5.016196181022e-01, 3.205790950660e-05, 0.0000e+00, 0.0000e+00, 
 2DIAGNOSTIC,    60, -5.016204719358e-01, 1.968895266331e-05, 0.0000e+00, 0.0000e+00, 
 2DIAGNOSTIC,    61, -5.021209630931e-01, 1.382667526575e-05, 0.0000e+00, 0.0000e+00, 
 2DIAGNOSTIC,    62, -5.026461204267e-01, 1.933475014691e-05, 0.0000e+00, 0.0000e+00, 
 2DIAGNOSTIC,    63, -5.028473091989e-01, 2.536154069428e-05, 0.0000e+00, 0.0000e+00, 
 2DIAGNOSTIC,    64, -5.030183595617e-01, 3.191218429553e-05, 0.0000e+00, 0.0000e+00, 
 2DIAGNOSTIC,    65, -5.031723949997e-01, 3.890406348093e-05, 0.0000e+00, 0.0000e+00, 
 2DIAGNOSTIC,    66, -5.032890476479e-01, 4.360538701721e-05, 0.0000e+00, 0.0000e+00, 
 2DIAGNOSTIC,    67, -5.034351727062e-01, 4.494299036991e-05, 0.0000e+00, 0.0000e+00, 
 2DIAGNOSTIC,    68, -5.044567984748e-01, 5.121500768364e-05, 0.0000e+00, 0.0000e+00, 
 2DIAGNOSTIC,    69, -5.048206218184e-01, 5.500206060620e-05, 0.0000e+00, 0.0000e+00, 
 2DIAGNOSTIC,    70, -5.048874958064e-01, 5.398929496163e-05, 0.0000e+00, 0.0000e+00, 
 2DIAGNOSTIC,    71, -5.048604155229e-01, 5.205942302781e-05, 0.0000e+00, 0.0000e+00, 
 2DIAGNOSTIC,    72, -5.049598505995e-01, 5.060647023106e-05, 0.0000e+00, 0.0000e+00, 
 2DIAGNOSTIC,    73, -5.052433938800e-01, 4.829692537550e-05, 0.0000e+00, 0.0000e+00, 
 2DIAGNOSTIC,    74, -5.054328706092e-01, 4.431341169018e-05, 0.0000e+00, 0.0000e+00, 
 2DIAGNOSTIC,    75, -5.054817724465e-01, 3.799648192301e-05, 0.0000e+00, 0.0000e+00, 
 2DIAGNOSTIC,    76, -5.054959934977e-01, 2.946564154683e-05, 0.0000e+00, 0.0000e+00, 
 2DIAGNOSTIC,    77, -5.055114853287e-01, 1.949019688414e-05, 0.0000e+00, 0.0000e+00, 
 2DIAGNOSTIC,    78, -5.055123591187e-01, 1.591471608806e-05, 0.0000e+00, 0.0000e+00, 
 2DIAGNOSTIC,    79, -5.055133071538e-01, 1.375150126802e-05, 0.0000e+00, 0.0000e+00, 
 2DIAGNOSTIC,    80, -5.055152345251e-01, 1.093216681507e-05, 0.0000e+00, 0.0000e+00, 
 2DIAGNOSTIC,    81, -5.055184704832e-01, 7.018994935992e-06, 0.0000e+00, 0.0000e+00, 
 2DIAGNOSTIC,    82, -5.055222788879e-01, 3.305531465197e-06, 0.0000e+00, 0.0000e+00, 
 2DIAGNOSTIC,    83, -5.055282587428e-01, 1.513424407329e-06, 0.0000e+00, 0.0000e+00, 
 2DIAGNOSTIC,    84, -5.055284256247e-01, 1.035748658174e-06, 0.0000e+00, 0.0000e+00, 
DIAGNOSTIC,Iteration,metricValue,convergenceValue,ITERATION_TIME_INDEX,SINCE_LAST
 2DIAGNOSTIC,     1, -4.105929832667e-01, 1.797693134862e+308, 0.0000e+00, 0.0000e+00, 
 2DIAGNOSTIC,     2, -4.108418830829e-01, 1.797693134862e+308, 0.0000e+00, 0.0000e+00, 
 2DIAGNOSTIC,     3, -4.109719518231e-01, 1.797693134862e+308, 0.0000e+00, 0.0000e+00, 
 2DIAGNOSTIC,     4, -4.111417794900e-01, 1.797693134862e+308, 0.0000e+00, 0.0000e+00, 
 2DIAGNOSTIC,     5, -4.112778308119e-01, 1.797693134862e+308, 0.0000e+00, 0.0000e+00, 
 2DIAGNOSTIC,     6, -4.120167620020e-01, 1.797693134862e+308, 0.0000e+00, 0.0000e+00, 
 2DIAGNOSTIC,     7, -4.126272148169e-01, 1.797693134862e+308, 0.0000e+00, 0.0000e+00, 
 2DIAGNOSTIC,     8, -4.126530162178e-01, 1.797693134862e+308, 0.0000e+00, 0.0000e+00, 
 2DIAGNOSTIC,     9, -4.140943522488e-01, 1.797693134862e+308, 0.0000e+00, 0.0000e+00, 
 2DIAGNOSTIC,    10, -4.152009406023e-01, 6.545001650331e-04, 0.0000e+00, 0.0000e+00, 
 2DIAGNOSTIC,    11, -4.156530158639e-01, 7.120923540554e-04, 0.0000e+00, 0.0000e+00, 
 2DIAGNOSTIC,    12, -4.164089362724e-01, 7.546607639987e-04, 0.0000e+00, 0.0000e+00, 
 2DIAGNOSTIC,    13, -4.173484106023e-01, 7.793773779200e-04, 0.0000e+00, 0.0000e+00, 
 2DIAGNOSTIC,    14, -4.176327721407e-01, 7.511009200501e-04, 0.0000e+00, 0.0000e+00, 
 2DIAGNOSTIC,    15, -4.178095033317e-01, 6.715336314548e-04, 0.0000e+00, 0.0000e+00, 
 2DIAGNOSTIC,    16, -4.178152353485e-01, 5.728364410541e-04, 0.0000e+00, 0.0000e+00, 
 2DIAGNOSTIC,    17, -4.178052256420e-01, 4.585030765300e-04, 0.0000e+00, 0.0000e+00, 
 2DIAGNOSTIC,    18, -4.178011361276e-01, 3.142267944962e-04, 0.0000e+00, 0.0000e+00, 
 2DIAGNOSTIC,    19, -4.177894615798e-01, 2.070695750171e-04, 0.0000e+00, 0.0000e+00, 
 2DIAGNOSTIC,    20, -4.177850157253e-01, 1.296476859480e-04, 0.0000e+00, 0.0000e+00, 
 2DIAGNOSTIC,    21, -4.177816372293e-01, 6.214965450763e-05, 0.0000e+00, 0.0000e+00, 
 2DIAGNOSTIC,    22, -4.177972037949e-01, 1.854157258024e-05, 0.0000e+00, 0.0000e+00, 
 2DIAGNOSTIC,    23, -4.177852428509e-01, 4.569763582735e-06, 0.0000e+00, 0.0000e+00, 
DIAGNOSTIC,Iteration,metricValue,convergenceValue,ITERATION_TIME_INDEX,SINCE_LAST
 2DIAGNOSTIC,     1, -3.576835470728e-01, 1.797693134862e+308, 0.0000e+00, 0.0000e+00, 
 2DIAGNOSTIC,     2, -3.579502080479e-01, 1.797693134862e+308, 0.0000e+00, 0.0000e+00, 
 2DIAGNOSTIC,     3, -3.584029515846e-01, 1.797693134862e+308, 0.0000e+00, 0.0000e+00, 
 2DIAGNOSTIC,     4, -3.587381011866e-01, 1.797693134862e+308, 0.0000e+00, 0.0000e+00, 
 2DIAGNOSTIC,     5, -3.588984504734e-01, 1.797693134862e+308, 0.0000e+00, 0.0000e+00, 
 2DIAGNOSTIC,     6, -3.590467051090e-01, 1.797693134862e+308, 0.0000e+00, 0.0000e+00, 
 2DIAGNOSTIC,     7, -3.595773492916e-01, 1.797693134862e+308, 0.0000e+00, 0.0000e+00, 
 2DIAGNOSTIC,     8, -3.602904878576e-01, 1.797693134862e+308, 0.0000e+00, 0.0000e+00, 
 2DIAGNOSTIC,     9, -3.607863894052e-01, 1.797693134862e+308, 0.0000e+00, 0.0000e+00, 
 2DIAGNOSTIC,    10, -3.607823964276e-01, 5.821878632348e-04, 0.0000e+00, 0.0000e+00, 
 2DIAGNOSTIC,    11, -3.607950276451e-01, 5.133146894857e-04, 0.0000e+00, 0.0000e+00, 
 2DIAGNOSTIC,    12, -3.608136815659e-01, 4.282933359610e-04, 0.0000e+00, 0.0000e+00, 
 2DIAGNOSTIC,    13, -3.608408535746e-01, 3.458403807406e-04, 0.0000e+00, 0.0000e+00, 
 2DIAGNOSTIC,    14, -3.608501402074e-01, 2.631511689890e-04, 0.0000e+00, 0.0000e+00, 
 2DIAGNOSTIC,    15, -3.608446755844e-01, 1.765152484414e-04, 0.0000e+00, 0.0000e+00, 
 2DIAGNOSTIC,    16, -3.608412986980e-01, 9.199746939369e-05, 0.0000e+00, 0.0000e+00, 
 2DIAGNOSTIC,    17, -3.608413098870e-01, 3.312804703103e-05, 0.0000e+00, 0.0000e+00, 
 2DIAGNOSTIC,    18, -3.608405637888e-01, 8.533036528958e-06, 0.0000e+00, 0.0000e+00, 
 2DIAGNOSTIC,    19, -3.608408971576e-01, 6.539301329538e-06, 0.0000e+00, 0.0000e+00, 
 2DIAGNOSTIC,    20, -3.608401539261e-01, 4.120899259781e-06, 0.0000e+00, 0.0000e+00, 
 2DIAGNOSTIC,    21, -3.608404036875e-01, 2.183417091690e-06, 0.0000e+00, 0.0000e+00, 
DIAGNOSTIC,Iteration,metricValue,convergenceValue,ITERATION_TIME_INDEX,SINCE_LAST
 2DIAGNOSTIC,     1, -3.317977642637e-01, 1.797693134862e+308, 0.0000e+00, 0.0000e+00, 
 2DIAGNOSTIC,     2, -3.318344407703e-01, 1.797693134862e+308, 0.0000e+00, 0.0000e+00, 
 2DIAGNOSTIC,     3, -3.318755874309e-01, 1.797693134862e+308, 0.0000e+00, 0.0000e+00, 
 2DIAGNOSTIC,     4, -3.320605490498e-01, 1.797693134862e+308, 0.0000e+00, 0.0000e+00, 
 2DIAGNOSTIC,     5, -3.320653479512e-01, 1.797693134862e+308, 0.0000e+00, 0.0000e+00, 
 2DIAGNOSTIC,     6, -3.320880700917e-01, 1.797693134862e+308, 0.0000e+00, 0.0000e+00, 
 2DIAGNOSTIC,     7, -3.321277341680e-01, 1.797693134862e+308, 0.0000e+00, 0.0000e+00, 
 2DIAGNOSTIC,     8, -3.321350465752e-01, 1.797693134862e+308, 0.0000e+00, 0.0000e+00, 
 2DIAGNOSTIC,     9, -3.321348445256e-01, 1.797693134862e+308, 0.0000e+00, 0.0000e+00, 
 2DIAGNOSTIC,    10, -3.321350321704e-01, 7.311631767862e-05, 0.0000e+00, 0.0000e+00, 
 2DIAGNOSTIC,    11, -3.321346112568e-01, 5.098674467806e-05, 1.2800e+02, 1.2800e+02, 
 2DIAGNOSTIC,    12, -3.321346696174e-01, 3.087999992581e-05, 1.2800e+02, 0.0000e+00, 
 2DIAGNOSTIC,    13, -3.321344565571e-01, 1.367455757952e-05, 1.2800e+02, 0.0000e+00, 
 2DIAGNOSTIC,    14, -3.321343685119e-01, 9.256774850128e-06, 1.2800e+02, 0.0000e+00, 
 2DIAGNOSTIC,    15, -3.321344793133e-01, 5.067622353500e-06, 1.2800e+02, 0.0000e+00, 
 2DIAGNOSTIC,    16, -3.321344552503e-01, 2.289815670423e-06, 1.2800e+02, 0.0000e+00, 
 2DIAGNOSTIC,    17, -3.321343890103e-01, 1.794284420403e-06, 1.2800e+02, 0.0000e+00, 
 2DIAGNOSTIC,    18, -3.321343283970e-01, 1.706162435305e-06, 1.2800e+02, 0.0000e+00, 
 2DIAGNOSTIC,    19, -3.321343400790e-01, 1.624110974957e-06, 1.2800e+02, 0.0000e+00, 
 2DIAGNOSTIC,    20, -3.321343342885e-01, 1.562974260787e-06, 1.2800e+02, 0.0000e+00, 
 2DIAGNOSTIC,    21, -3.321342808934e-01, 1.490669542616e-06, 1.2800e+02, 0.0000e+00, 
 2DIAGNOSTIC,    22, -3.321342757808e-01, 1.429668259070e-06, 1.2800e+02, 0.0000e+00, 
 2DIAGNOSTIC,    23, -3.321342714267e-01, 1.367574258247e-06, 1.2800e+02, 0.0000e+00, 
 2DIAGNOSTIC,    24, -3.321342729540e-01, 1.308849380682e-06, 1.2800e+02, 0.0000e+00, 
 2DIAGNOSTIC,    25, -3.321342868144e-01, 1.260628012117e-06, 1.2800e+02, 0.0000e+00, 
 2DIAGNOSTIC,    26, -3.321342788528e-01, 1.216245857492e-06, 1.2800e+02, 0.0000e+00, 
 2DIAGNOSTIC,    27, -3.321342853769e-01, 1.174032223959e-06, 1.2800e+02, 0.0000e+00, 
 2DIAGNOSTIC,    28, -3.321342937361e-01, 1.133600416738e-06, 1.2800e+02, 0.0000e+00, 
 2DIAGNOSTIC,    29, -3.321342890291e-01, 1.096381874191e-06, 2.5600e+02, 1.2800e+02, 
 2DIAGNOSTIC,    30, -3.321342897185e-01, 1.061603109635e-06, 2.5600e+02, 0.0000e+00, 
 2DIAGNOSTIC,    31, -3.321342880606e-01, 1.027445595020e-06, 2.5600e+02, 0.0000e+00, 
  Elapsed time (stage 0): 2.5600e+02


Total elapsed time: 2.5600e+02
Info [verificarlo]: loaded backend libinterflop_vprec.so
Info [interflop-vprec]: load backend with: 
Info [interflop-vprec]: precision-binary32 = 23
Info [interflop-vprec]: range-binary32 = 7
Info [interflop-vprec]: precision-binary64 = 23
Info [interflop-vprec]: range-binary64 = 7
Info [interflop-vprec]: mode = ob
Info [interflop-vprec]: error-mode = rel
Info [interflop-vprec]: max-abs-error-exponent = -1022
Info [interflop-vprec]: daz = false
Info [interflop-vprec]: ftz = false
Info [interflop-vprec]: 	instrument = none
Info [interflop-vprec]: 	prec-input-file = (null)
Info [interflop-vprec]: 	prec-output-file = (null)
Info [interflop-vprec]: 	prec-log-file = (null)
All_Command_lines_OK
Using double precision for computations.
=============================================================================
The composite transform comprises the following transforms (in order): 
  1. /home/mdugre/scratch/mri-registration-rp/datasets/ds004513/derivatives/mri-registration-rp/0110/antsRegistration-r7-p23/sub-s020/rigid_Composite.h5[0] (type = Euler3DTransform)
  2. /home/mdugre/scratch/mri-registration-rp/datasets/ds004513/derivatives/mri-registration-rp/0110/antsRegistration-r7-p23/sub-s020/rigid_Composite.h5[1] (type = Euler3DTransform)
  3. /home/mdugre/scratch/mri-registration-rp/datasets/ds004513/derivatives/mri-registration-rp/0110/antsRegistration-r7-p23/sub-s020/rigid_Composite.h5[2] (type = Euler3DTransform)
=============================================================================
  number of levels = 4
  fixed image: /templateflow/tpl-MNI152NLin2009cAsym/tpl-MNI152NLin2009cAsym_res-01_desc-brain_T1w.nii.gz
  moving image: /home/mdugre/scratch/mri-registration-rp/datasets/ds004513/derivatives/mri-registration-rp/antsBrainExtraction/sub-s020/BrainExtractionBrain.nii.gz
Dimension = 3
Number of stages = 1
Use histogram matching = false
Winsorize image intensities = true
  Lower quantile = 0.005
  Upper quantile = 0.995


Stage 1 State
   Image metric = MattesMI
     Fixed image = Image (0x3480490)
  RTTI typeinfo:   itk::Image<double, 3u>
  Reference Count: 2
  Modified Time: 1594
  Debug: Off
  Object Name: 
  Observers: 
    none
  Source: (none)
  Source output name: (none)
  Release Data: Off
  Data Released: False
  Global Release Data: Off
  PipelineMTime: 0
  UpdateMTime: 1203
  RealTimeStamp: 0 seconds 
  LargestPossibleRegion: 
    Dimension: 3
    Index: [0, 0, 0]
    Size: [193, 229, 193]
  BufferedRegion: 
    Dimension: 3
    Index: [0, 0, 0]
    Size: [193, 229, 193]
  RequestedRegion: 
    Dimension: 3
    Index: [0, 0, 0]
    Size: [193, 229, 193]
  Spacing: [1, 1, 1]
  Origin: [96, 132, -78]
  Direction: 
-1 0 0
0 -1 0
0 0 1

  IndexToPointMatrix: 
-1 0 0
0 -1 0
0 0 1

  PointToIndexMatrix: 
-1 0 0
0 -1 0
0 0 1

  Inverse Direction: 
-1 0 0
0 -1 0
0 0 1

  PixelContainer: 
    ImportImageContainer (0x354b940)
      RTTI typeinfo:   itk::ImportImageContainer<unsigned long, double>
      Reference Count: 1
      Modified Time: 1200
      Debug: Off
      Object Name: 
      Observers: 
        none
      Pointer: 0x15226ce9c010
      Container manages memory: true
      Size: 8530021
      Capacity: 8530021

     Moving image = Image (0x353bb60)
  RTTI typeinfo:   itk::Image<double, 3u>
  Reference Count: 2
  Modified Time: 1595
  Debug: Off
  Object Name: 
  Observers: 
    none
  Source: (none)
  Source output name: (none)
  Release Data: Off
  Data Released: False
  Global Release Data: Off
  PipelineMTime: 0
  UpdateMTime: 1592
  RealTimeStamp: 0 seconds 
  LargestPossibleRegion: 
    Dimension: 3
    Index: [0, 0, 0]
    Size: [160, 240, 256]
  BufferedRegion: 
    Dimension: 3
    Index: [0, 0, 0]
    Size: [160, 240, 256]
  RequestedRegion: 
    Dimension: 3
    Index: [0, 0, 0]
    Size: [160, 240, 256]
  Spacing: [0.999995, 1, 1]
  Origin: [87.0906, 98.7205, -152.377]
  Direction: 
-0.996975 0.0261379 -0.0731912
-0.0260677 -0.999658 -0.00191374
-0.0732163 -2.46403e-08 0.997316

  IndexToPointMatrix: 
-0.996971 0.0261379 -0.0731912
-0.0260676 -0.999658 -0.00191374
-0.0732159 -2.46403e-08 0.997316

  PointToIndexMatrix: 
-0.99698 -0.0260679 -0.0732166
0.0261379 -0.999658 -8.19564e-08
-0.0731913 -0.00191373 0.997316

  Inverse Direction: 
-0.996975 -0.0260677 -0.0732163
0.0261379 -0.999659 8.9407e-08
-0.0731913 -0.00191379 0.997316

  PixelContainer: 
    ImportImageContainer (0x35cf190)
      RTTI typeinfo:   itk::ImportImageContainer<unsigned long, double>
      Reference Count: 1
      Modified Time: 1589
      Debug: Off
      Object Name: 
      Observers: 
        none
      Pointer: 0x15226839b010
      Container manages memory: true
      Size: 9830400
      Capacity: 9830400

     Weighting = 1
     Sampling strategy = regular
     Number of bins = 32
     Radius = 4
     Sampling percentage  = 0.25
   Transform = Affine
     Gradient step = 0.1
     Update field sigma (voxel space) = 0
     Total field sigma (voxel space) = 0
     Update field time sigma = 0
     Total field time sigma  = 0
     Number of time indices = 0
     Number of time point samples = 0
Registration using 1 total stages.

Stage 0
  iterations = 1000x500x250x100
  convergence threshold = 1e-06
  convergence window size = 10
  number of levels = 4
  using the Mattes MI metric (number of bins = 32, weight = 1, use gradient filter = 0)
  preprocessing:  winsorizing the image intensities
  Shrink factors (level 1 out of 4): [8, 8, 8]
  Shrink factors (level 2 out of 4): [4, 4, 4]
  Shrink factors (level 3 out of 4): [2, 2, 2]
  Shrink factors (level 4 out of 4): [1, 1, 1]
  smoothing sigmas per level: [3, 2, 1, 0]
  regular sampling (percentage = 0.25)

*** Running AffineTransform registration ***

DIAGNOSTIC,Iteration,metricValue,convergenceValue,ITERATION_TIME_INDEX,SINCE_LAST
 2DIAGNOSTIC,     1, -5.089033532895e-01, 1.797693134862e+308, 0.0000e+00, 0.0000e+00, 
 2DIAGNOSTIC,     2, -5.106249489292e-01, 1.797693134862e+308, 0.0000e+00, 0.0000e+00, 
 2DIAGNOSTIC,     3, -5.133551823242e-01, 1.797693134862e+308, 0.0000e+00, 0.0000e+00, 
 2DIAGNOSTIC,     4, -5.176449327646e-01, 1.797693134862e+308, 0.0000e+00, 0.0000e+00, 
 2DIAGNOSTIC,     5, -5.253482176020e-01, 1.797693134862e+308, 0.0000e+00, 0.0000e+00, 
 2DIAGNOSTIC,     6, -5.424762359333e-01, 1.797693134862e+308, 0.0000e+00, 0.0000e+00, 
 2DIAGNOSTIC,     7, -5.899243175465e-01, 1.797693134862e+308, 0.0000e+00, 0.0000e+00, 
 2DIAGNOSTIC,     8, -6.777623128331e-01, 1.797693134862e+308, 0.0000e+00, 0.0000e+00, 
 2DIAGNOSTIC,     9, -7.266930414727e-01, 1.797693134862e+308, 0.0000e+00, 0.0000e+00, 
 2DIAGNOSTIC,    10, -7.462499151494e-01, 2.804649295093e-02, 0.0000e+00, 0.0000e+00, 
 2DIAGNOSTIC,    11, -7.774457060259e-01, 2.981168220954e-02, 0.0000e+00, 0.0000e+00, 
 2DIAGNOSTIC,    12, -8.109754849841e-01, 2.977673072249e-02, 0.0000e+00, 0.0000e+00, 
 2DIAGNOSTIC,    13, -8.129708727158e-01, 2.721440588060e-02, 0.0000e+00, 0.0000e+00, 
 2DIAGNOSTIC,    14, -8.263639449132e-01, 2.321972713252e-02, 0.0000e+00, 0.0000e+00, 
 2DIAGNOSTIC,    15, -8.341787252626e-01, 1.827055561696e-02, 0.0000e+00, 0.0000e+00, 
 2DIAGNOSTIC,    16, -8.351059063203e-01, 1.290998176179e-02, 0.0000e+00, 0.0000e+00, 
 2DIAGNOSTIC,    17, -8.419589984517e-01, 8.427303454996e-03, 0.0000e+00, 0.0000e+00, 
 2DIAGNOSTIC,    18, -8.468978061040e-01, 5.879232163519e-03, 0.0000e+00, 0.0000e+00, 
 2DIAGNOSTIC,    19, -8.467598428512e-01, 4.162170288250e-03, 0.0000e+00, 0.0000e+00, 
 2DIAGNOSTIC,    20, -8.467794392452e-01, 2.652333549903e-03, 0.0000e+00, 0.0000e+00, 
 2DIAGNOSTIC,    21, -8.468750528189e-01, 1.648495331192e-03, 0.0000e+00, 0.0000e+00, 
 2DIAGNOSTIC,    22, -8.470429680780e-01, 1.206106295619e-03, 0.0000e+00, 0.0000e+00, 
 2DIAGNOSTIC,    23, -8.480111793332e-01, 7.406901674442e-04, 0.0000e+00, 0.0000e+00, 
 2DIAGNOSTIC,    24, -8.489276782942e-01, 4.812101955618e-04, 0.0000e+00, 0.0000e+00, 
 2DIAGNOSTIC,    25, -8.490233664078e-01, 3.252073947359e-04, 0.0000e+00, 0.0000e+00, 
 2DIAGNOSTIC,    26, -8.489537353941e-01, 1.636535831527e-04, 0.0000e+00, 0.0000e+00, 
 2DIAGNOSTIC,    27, -8.488433455636e-01, 9.415262392038e-05, 0.0000e+00, 0.0000e+00, 
 2DIAGNOSTIC,    28, -8.490588939040e-01, 9.144160865773e-05, 0.0000e+00, 0.0000e+00, 
 2DIAGNOSTIC,    29, -8.491649950837e-01, 7.972826800851e-05, 0.0000e+00, 0.0000e+00, 
 2DIAGNOSTIC,    30, -8.491300428479e-01, 6.141329603800e-05, 0.0000e+00, 0.0000e+00, 
 2DIAGNOSTIC,    31, -8.491482657987e-01, 4.047351595050e-05, 0.0000e+00, 0.0000e+00, 
 2DIAGNOSTIC,    32, -8.492476163327e-01, 2.025419977903e-05, 0.0000e+00, 0.0000e+00, 
 2DIAGNOSTIC,    33, -8.493904511607e-01, 1.176124134517e-05, 0.0000e+00, 0.0000e+00, 
 2DIAGNOSTIC,    34, -8.497353797806e-01, 1.647493368560e-05, 0.0000e+00, 0.0000e+00, 
 2DIAGNOSTIC,    35, -8.502515517727e-01, 2.587573061188e-05, 0.0000e+00, 0.0000e+00, 
 2DIAGNOSTIC,    36, -8.518208662712e-01, 4.770006753065e-05, 0.0000e+00, 0.0000e+00, 
 2DIAGNOSTIC,    37, -8.552675636536e-01, 9.655378334461e-05, 0.0000e+00, 0.0000e+00, 
 2DIAGNOSTIC,    38, -8.555673932162e-01, 1.377054687727e-04, 0.0000e+00, 0.0000e+00, 
 2DIAGNOSTIC,    39, -8.552332501044e-01, 1.618909079428e-04, 0.0000e+00, 0.0000e+00, 
 2DIAGNOSTIC,    40, -8.549098341794e-01, 1.666794326883e-04, 0.0000e+00, 0.0000e+00, 
 2DIAGNOSTIC,    41, -8.546958387137e-01, 1.534514180536e-04, 0.0000e+00, 0.0000e+00, 
 2DIAGNOSTIC,    42, -8.544604832703e-01, 1.246795157102e-04, 0.0000e+00, 0.0000e+00, 
 2DIAGNOSTIC,    43, -8.543566422294e-01, 8.592202956399e-05, 0.0000e+00, 0.0000e+00, 
 2DIAGNOSTIC,    44, -8.542470074806e-01, 4.341162877129e-05, 0.0000e+00, 0.0000e+00, 
 2DIAGNOSTIC,    45, -8.541452511761e-01, 2.265059527891e-06, 0.0000e+00, 0.0000e+00, 
DIAGNOSTIC,Iteration,metricValue,convergenceValue,ITERATION_TIME_INDEX,SINCE_LAST
 2DIAGNOSTIC,     1, -7.160031985742e-01, 1.797693134862e+308, 0.0000e+00, 0.0000e+00, 
 2DIAGNOSTIC,     2, -7.170208560352e-01, 1.797693134862e+308, 0.0000e+00, 0.0000e+00, 
 2DIAGNOSTIC,     3, -7.177746289408e-01, 1.797693134862e+308, 0.0000e+00, 0.0000e+00, 
 2DIAGNOSTIC,     4, -7.177988165062e-01, 1.797693134862e+308, 0.0000e+00, 0.0000e+00, 
 2DIAGNOSTIC,     5, -7.178101528140e-01, 1.797693134862e+308, 0.0000e+00, 0.0000e+00, 
 2DIAGNOSTIC,     6, -7.178043930852e-01, 1.797693134862e+308, 0.0000e+00, 0.0000e+00, 
 2DIAGNOSTIC,     7, -7.177752015032e-01, 1.797693134862e+308, 0.0000e+00, 0.0000e+00, 
 2DIAGNOSTIC,     8, -7.178114052180e-01, 1.797693134862e+308, 0.0000e+00, 0.0000e+00, 
 2DIAGNOSTIC,     9, -7.178077987256e-01, 1.797693134862e+308, 0.0000e+00, 0.0000e+00, 
 2DIAGNOSTIC,    10, -7.177766635553e-01, 1.012035947789e-04, 0.0000e+00, 0.0000e+00, 
 2DIAGNOSTIC,    11, -7.177548503048e-01, 2.946039251817e-05, 0.0000e+00, 0.0000e+00, 
DIAGNOSTIC,Iteration,metricValue,convergenceValue,ITERATION_TIME_INDEX,SINCE_LAST
 2DIAGNOSTIC,     1, -5.959530271652e-01, 1.797693134862e+308, 0.0000e+00, 0.0000e+00, 
 2DIAGNOSTIC,     2, -5.963053710353e-01, 1.797693134862e+308, 0.0000e+00, 0.0000e+00, 
 2DIAGNOSTIC,     3, -5.965309115855e-01, 1.797693134862e+308, 0.0000e+00, 0.0000e+00, 
 2DIAGNOSTIC,     4, -5.968059747495e-01, 1.797693134862e+308, 0.0000e+00, 0.0000e+00, 
 2DIAGNOSTIC,     5, -5.972194811303e-01, 1.797693134862e+308, 0.0000e+00, 0.0000e+00, 
 2DIAGNOSTIC,     6, -5.972625157427e-01, 1.797693134862e+308, 0.0000e+00, 0.0000e+00, 
 2DIAGNOSTIC,     7, -5.972667949189e-01, 1.797693134862e+308, 0.0000e+00, 0.0000e+00, 
 2DIAGNOSTIC,     8, -5.972669916724e-01, 1.797693134862e+308, 0.0000e+00, 0.0000e+00, 
 2DIAGNOSTIC,     9, -5.972675523505e-01, 1.797693134862e+308, 0.0000e+00, 0.0000e+00, 
 2DIAGNOSTIC,    10, -5.972655395177e-01, 1.408850430477e-04, 0.0000e+00, 0.0000e+00, 
 2DIAGNOSTIC,    11, -5.972637414157e-01, 8.716950122920e-05, 0.0000e+00, 0.0000e+00, 
 2DIAGNOSTIC,    12, -5.972631427619e-01, 4.894448307885e-05, 0.0000e+00, 0.0000e+00, 
 2DIAGNOSTIC,    13, -5.972614523701e-01, 2.053804745586e-05, 0.0000e+00, 0.0000e+00, 
 2DIAGNOSTIC,    14, -5.972615054302e-01, 3.520383255573e-06, 0.0000e+00, 0.0000e+00, 
 2DIAGNOSTIC,    15, -5.972635916912e-01, 1.810795526858e-06, 0.0000e+00, 0.0000e+00, 
 2DIAGNOSTIC,    16, -5.972647544059e-01, 1.653732527598e-06, 0.0000e+00, 0.0000e+00, 
 2DIAGNOSTIC,    17, -5.972635192553e-01, 1.630801191442e-06, 0.0000e+00, 0.0000e+00, 
 2DIAGNOSTIC,    18, -5.972630619215e-01, 1.626961949060e-06, 0.0000e+00, 0.0000e+00, 
 2DIAGNOSTIC,    19, -5.972616685966e-01, 1.616746824182e-06, 0.0000e+00, 0.0000e+00, 
 2DIAGNOSTIC,    20, -5.972613812358e-01, 1.557988086591e-06, 0.0000e+00, 0.0000e+00, 
 2DIAGNOSTIC,    21, -5.972617179706e-01, 1.473841498643e-06, 0.0000e+00, 0.0000e+00, 
 2DIAGNOSTIC,    22, -5.972623307258e-01, 1.402928243632e-06, 0.0000e+00, 0.0000e+00, 
 2DIAGNOSTIC,    23, -5.972615577169e-01, 1.292131662584e-06, 0.0000e+00, 0.0000e+00, 
 2DIAGNOSTIC,    24, -5.972607331544e-01, 1.183731943778e-06, 0.0000e+00, 0.0000e+00, 
 2DIAGNOSTIC,    25, -5.972602387105e-01, 1.127216054830e-06, 0.0000e+00, 0.0000e+00, 
 2DIAGNOSTIC,    26, -5.972602302005e-01, 1.109711318552e-06, 0.0000e+00, 0.0000e+00, 
 2DIAGNOSTIC,    27, -5.972594890685e-01, 1.068767288157e-06, 0.0000e+00, 0.0000e+00, 
 2DIAGNOSTIC,    28, -5.972585028853e-01, 1.017722506706e-06, 0.0000e+00, 0.0000e+00, 
DIAGNOSTIC,Iteration,metricValue,convergenceValue,ITERATION_TIME_INDEX,SINCE_LAST
 2DIAGNOSTIC,     1, -5.296115146663e-01, 1.797693134862e+308, 0.0000e+00, 0.0000e+00, 
 2DIAGNOSTIC,     2, -5.299137398990e-01, 1.797693134862e+308, 0.0000e+00, 0.0000e+00, 
 2DIAGNOSTIC,     3, -5.301670854001e-01, 1.797693134862e+308, 0.0000e+00, 0.0000e+00, 
 2DIAGNOSTIC,     4, -5.304322313460e-01, 1.797693134862e+308, 0.0000e+00, 0.0000e+00, 
 2DIAGNOSTIC,     5, -5.313735165417e-01, 1.797693134862e+308, 1.2800e+02, 1.2800e+02, 
 2DIAGNOSTIC,     6, -5.314861875531e-01, 1.797693134862e+308, 1.2800e+02, 0.0000e+00, 
 2DIAGNOSTIC,     7, -5.314864276751e-01, 1.797693134862e+308, 1.2800e+02, 0.0000e+00, 
 2DIAGNOSTIC,     8, -5.314865247286e-01, 1.797693134862e+308, 1.2800e+02, 0.0000e+00, 
