
##########################
# Experiment information #
##########################

EXPERIMENT_NAME: antsRegistration-r8-p20
VFC_BACKENDS: libinterflop_vprec.so --range-binary32=8 --precision-binary32=20 --range-binary64=8 --precision-binary64=20

SIF_IMG: /home/mdugre/projects/rrg-glatard/mdugre/containers/ants-vprec-no_metrics.simg

SUBJECT_ID: s003
INPUT_IMG: /home/mdugre/scratch/mri-registration-rp/datasets/ds004513/derivatives/mri-registration-rp/antsBrainExtraction/sub-s003/BrainExtractionBrain.nii.gz
OUTPUT_DIR: /home/mdugre/scratch/mri-registration-rp/datasets/ds004513/derivatives/mri-registration-rp/0110/antsRegistration-r8-p20/sub-s003

FIXED_IMG: /templateflow/tpl-MNI152NLin2009cAsym/tpl-MNI152NLin2009cAsym_res-01_desc-brain_T1w.nii.gz
DATA_DIR: /home/mdugre/scratch/mri-registration-rp/datasets/ds004513
TEMPLATEFLOW_DIR: /home/mdugre/projects/rrg-glatard/mdugre/templateflow
ITK_GLOBAL_DEFAULT_NUMBER_OF_THREADS: 16
##########################

Info [verificarlo]: loaded backend libinterflop_ieee.so
Info [interflop-ieee]: load backend with:
Info [interflop-ieee]: debug = false
Info [interflop-ieee]: debug-binary = false
Info [interflop-ieee]: no-backend-name = false
Info [interflop-ieee]: print-new-line = false
Info [interflop-ieee]: print-subnormal-normalized = false
Info [interflop-ieee]: count-op = false
All_Command_lines_OK
Using double precision for computations.
=============================================================================
The composite transform comprises the following transforms (in order): 
  1. Center of mass alignment using fixed image: /templateflow/tpl-MNI152NLin2009cAsym/tpl-MNI152NLin2009cAsym_res-01_desc-brain_T1w.nii.gz and moving image: /home/mdugre/scratch/mri-registration-rp/datasets/ds004513/derivatives/mri-registration-rp/antsBrainExtraction/sub-s003/BrainExtractionBrain.nii.gz (type = Euler3DTransform)
=============================================================================
  number of levels = 1
  fixed image: /templateflow/tpl-MNI152NLin2009cAsym/tpl-MNI152NLin2009cAsym_res-01_desc-brain_T1w.nii.gz
  moving image: /home/mdugre/scratch/mri-registration-rp/datasets/ds004513/derivatives/mri-registration-rp/antsBrainExtraction/sub-s003/BrainExtractionBrain.nii.gz
Dimension = 3
Number of stages = 1
Use histogram matching = false
Winsorize image intensities = true
  Lower quantile = 0.005
  Upper quantile = 0.995


Stage 1 State
   Image metric = MattesMI
     Fixed image = Image (0x4db4e70)
  RTTI typeinfo:   itk::Image<double, 3u>
  Reference Count: 2
  Modified Time: 2334
  Debug: Off
  Object Name: 
  Observers: 
    none
  Source: (none)
  Source output name: (none)
  Release Data: Off
  Data Released: False
  Global Release Data: Off
  PipelineMTime: 0
  UpdateMTime: 1943
  RealTimeStamp: 0 seconds 
  LargestPossibleRegion: 
    Dimension: 3
    Index: [0, 0, 0]
    Size: [193, 229, 193]
  BufferedRegion: 
    Dimension: 3
    Index: [0, 0, 0]
    Size: [193, 229, 193]
  RequestedRegion: 
    Dimension: 3
    Index: [0, 0, 0]
    Size: [193, 229, 193]
  Spacing: [1, 1, 1]
  Origin: [96, 132, -78]
  Direction: 
-1 0 0
0 -1 0
0 0 1

  IndexToPointMatrix: 
-1 0 0
0 -1 0
0 0 1

  PointToIndexMatrix: 
-1 0 0
0 -1 0
0 0 1

  Inverse Direction: 
-1 0 0
0 -1 0
0 0 1

  PixelContainer: 
    ImportImageContainer (0x4dc1140)
      RTTI typeinfo:   itk::ImportImageContainer<unsigned long, double>
      Reference Count: 1
      Modified Time: 1940
      Debug: Off
      Object Name: 
      Observers: 
        none
      Pointer: 0x1493d33e8010
      Container manages memory: true
      Size: 8530021
      Capacity: 8530021

     Moving image = Image (0x4dbe310)
  RTTI typeinfo:   itk::Image<double, 3u>
  Reference Count: 2
  Modified Time: 2335
  Debug: Off
  Object Name: 
  Observers: 
    none
  Source: (none)
  Source output name: (none)
  Release Data: Off
  Data Released: False
  Global Release Data: Off
  PipelineMTime: 0
  UpdateMTime: 2332
  RealTimeStamp: 0 seconds 
  LargestPossibleRegion: 
    Dimension: 3
    Index: [0, 0, 0]
    Size: [176, 240, 256]
  BufferedRegion: 
    Dimension: 3
    Index: [0, 0, 0]
    Size: [176, 240, 256]
  RequestedRegion: 
    Dimension: 3
    Index: [0, 0, 0]
    Size: [176, 240, 256]
  Spacing: [0.999999, 1, 1]
  Origin: [93.3499, 86.9368, -128.957]
  Direction: 
-0.999513 -0.0279216 -0.0139567
0.0279189 -0.99961 0.000389866
-0.0139622 2.01492e-08 0.999903

  IndexToPointMatrix: 
-0.999512 -0.0279216 -0.0139567
0.0279189 -0.99961 0.000389866
-0.0139621 2.01492e-08 0.999903

  PointToIndexMatrix: 
-0.999514 0.0279189 -0.0139622
-0.0279216 -0.99961 2.01716e-08
-0.0139567 0.000389866 0.999903

  Inverse Direction: 
-0.999513 0.0279189 -0.0139622
-0.0279216 -0.99961 2.01716e-08
-0.0139567 0.000389866 0.999903

  PixelContainer: 
    ImportImageContainer (0x4ee9610)
      RTTI typeinfo:   itk::ImportImageContainer<unsigned long, double>
      Reference Count: 1
      Modified Time: 2329
      Debug: Off
      Object Name: 
      Observers: 
        none
      Pointer: 0x1493ce167010
      Container manages memory: true
      Size: 10813440
      Capacity: 10813440

     Weighting = 1
     Sampling strategy = regular
     Number of bins = 32
     Radius = 4
     Sampling percentage  = 0.25
   Transform = Rigid
     Gradient step = 0.1
     Update field sigma (voxel space) = 0
     Total field sigma (voxel space) = 0
     Update field time sigma = 0
     Total field time sigma  = 0
     Number of time indices = 0
     Number of time point samples = 0
Registration using 1 total stages.

Stage 0
  iterations = 0
  convergence threshold = 1e-06
  convergence window size = 10
  number of levels = 1
  using the Mattes MI metric (number of bins = 32, weight = 1, use gradient filter = 0)
  preprocessing:  winsorizing the image intensities
  Shrink factors (level 1 out of 1): [1, 1, 1]
  smoothing sigmas per level: [0]
  regular sampling (percentage = 0.25)

*** Running Euler3DTransform registration ***

  Elapsed time (stage 0): 1.12653


Total elapsed time: 1.12866
Info [verificarlo]: loaded backend libinterflop_vprec.so
Info [interflop-vprec]: load backend with: 
Info [interflop-vprec]: precision-binary32 = 20
Info [interflop-vprec]: range-binary32 = 8
Info [interflop-vprec]: precision-binary64 = 20
Info [interflop-vprec]: range-binary64 = 8
Info [interflop-vprec]: mode = ob
Info [interflop-vprec]: error-mode = rel
Info [interflop-vprec]: max-abs-error-exponent = -1022
Info [interflop-vprec]: daz = false
Info [interflop-vprec]: ftz = false
Info [interflop-vprec]: 	instrument = none
Info [interflop-vprec]: 	prec-input-file = (null)
Info [interflop-vprec]: 	prec-output-file = (null)
Info [interflop-vprec]: 	prec-log-file = (null)
All_Command_lines_OK
Using double precision for computations.
=============================================================================
The composite transform comprises the following transforms (in order): 
  1. /home/mdugre/scratch/mri-registration-rp/datasets/ds004513/derivatives/mri-registration-rp/0110/antsRegistration-r8-p20/sub-s003/align_Composite.h5[0] (type = Euler3DTransform)
  2. /home/mdugre/scratch/mri-registration-rp/datasets/ds004513/derivatives/mri-registration-rp/0110/antsRegistration-r8-p20/sub-s003/align_Composite.h5[1] (type = Euler3DTransform)
=============================================================================
  number of levels = 4
  fixed image: /templateflow/tpl-MNI152NLin2009cAsym/tpl-MNI152NLin2009cAsym_res-01_desc-brain_T1w.nii.gz
  moving image: /home/mdugre/scratch/mri-registration-rp/datasets/ds004513/derivatives/mri-registration-rp/antsBrainExtraction/sub-s003/BrainExtractionBrain.nii.gz
Dimension = 3
Number of stages = 1
Use histogram matching = false
Winsorize image intensities = true
  Lower quantile = 0.005
  Upper quantile = 0.995


Stage 1 State
   Image metric = MattesMI
     Fixed image = Image (0x45751e0)
  RTTI typeinfo:   itk::Image<double, 3u>
  Reference Count: 2
  Modified Time: 1580
  Debug: Off
  Object Name: 
  Observers: 
    none
  Source: (none)
  Source output name: (none)
  Release Data: Off
  Data Released: False
  Global Release Data: Off
  PipelineMTime: 0
  UpdateMTime: 1189
  RealTimeStamp: 0 seconds 
  LargestPossibleRegion: 
    Dimension: 3
    Index: [0, 0, 0]
    Size: [193, 229, 193]
  BufferedRegion: 
    Dimension: 3
    Index: [0, 0, 0]
    Size: [193, 229, 193]
  RequestedRegion: 
    Dimension: 3
    Index: [0, 0, 0]
    Size: [193, 229, 193]
  Spacing: [1, 1, 1]
  Origin: [96, 132, -78]
  Direction: 
-1 0 0
0 -1 0
0 0 1

  IndexToPointMatrix: 
-1 0 0
0 -1 0
0 0 1

  PointToIndexMatrix: 
-1 0 0
0 -1 0
0 0 1

  Inverse Direction: 
-1 0 0
0 -1 0
0 0 1

  PixelContainer: 
    ImportImageContainer (0x4634680)
      RTTI typeinfo:   itk::ImportImageContainer<unsigned long, double>
      Reference Count: 1
      Modified Time: 1186
      Debug: Off
      Object Name: 
      Observers: 
        none
      Pointer: 0x151b0d835010
      Container manages memory: true
      Size: 8530021
      Capacity: 8530021

     Moving image = Image (0x4630b20)
  RTTI typeinfo:   itk::Image<double, 3u>
  Reference Count: 2
  Modified Time: 1581
  Debug: Off
  Object Name: 
  Observers: 
    none
  Source: (none)
  Source output name: (none)
  Release Data: Off
  Data Released: False
  Global Release Data: Off
  PipelineMTime: 0
  UpdateMTime: 1578
  RealTimeStamp: 0 seconds 
  LargestPossibleRegion: 
    Dimension: 3
    Index: [0, 0, 0]
    Size: [176, 240, 256]
  BufferedRegion: 
    Dimension: 3
    Index: [0, 0, 0]
    Size: [176, 240, 256]
  RequestedRegion: 
    Dimension: 3
    Index: [0, 0, 0]
    Size: [176, 240, 256]
  Spacing: [0.999999, 1, 1]
  Origin: [93.3499, 86.9368, -128.957]
  Direction: 
-0.999513 -0.0279216 -0.0139567
0.0279189 -0.99961 0.000389866
-0.0139622 2.01492e-08 0.999903

  IndexToPointMatrix: 
-0.999512 -0.0279216 -0.0139567
0.0279189 -0.99961 0.000389866
-0.0139621 2.01492e-08 0.999903

  PointToIndexMatrix: 
-0.999514 0.0279189 -0.0139622
-0.0279216 -0.999611 4.76837e-07
-0.0139567 0.000389576 0.999903

  Inverse Direction: 
-0.999513 0.0279189 -0.0139622
-0.0279216 -0.999611 4.76837e-07
-0.0139567 0.000389576 0.999903

  PixelContainer: 
    ImportImageContainer (0x4699d50)
      RTTI typeinfo:   itk::ImportImageContainer<unsigned long, double>
      Reference Count: 1
      Modified Time: 1575
      Debug: Off
      Object Name: 
      Observers: 
        none
      Pointer: 0x151b085b4010
      Container manages memory: true
      Size: 10813440
      Capacity: 10813440

     Weighting = 1
     Sampling strategy = regular
     Number of bins = 32
     Radius = 4
     Sampling percentage  = 0.25
   Transform = Rigid
     Gradient step = 0.1
     Update field sigma (voxel space) = 0
     Total field sigma (voxel space) = 0
     Update field time sigma = 0
     Total field time sigma  = 0
     Number of time indices = 0
     Number of time point samples = 0
Registration using 1 total stages.

Stage 0
  iterations = 1000x500x250x100
  convergence threshold = 1e-06
  convergence window size = 10
  number of levels = 4
  using the Mattes MI metric (number of bins = 32, weight = 1, use gradient filter = 0)
  preprocessing:  winsorizing the image intensities
  Shrink factors (level 1 out of 4): [8, 8, 8]
  Shrink factors (level 2 out of 4): [4, 4, 4]
  Shrink factors (level 3 out of 4): [2, 2, 2]
  Shrink factors (level 4 out of 4): [1, 1, 1]
  smoothing sigmas per level: [3, 2, 1, 0]
  regular sampling (percentage = 0.25)

*** Running Euler3DTransform registration ***

DIAGNOSTIC,Iteration,metricValue,convergenceValue,ITERATION_TIME_INDEX,SINCE_LAST
 2DIAGNOSTIC,     1, -4.871214128292e-01, 1.797693134862e+308, 0.0000e+00, 0.0000e+00, 
 2DIAGNOSTIC,     2, -4.888535361975e-01, 1.797693134862e+308, 0.0000e+00, 0.0000e+00, 
 2DIAGNOSTIC,     3, -4.919517938237e-01, 1.797693134862e+308, 0.0000e+00, 0.0000e+00, 
 2DIAGNOSTIC,     4, -5.019941873177e-01, 1.797693134862e+308, 0.0000e+00, 0.0000e+00, 
 2DIAGNOSTIC,     5, -5.199412177971e-01, 1.797693134862e+308, 0.0000e+00, 0.0000e+00, 
 2DIAGNOSTIC,     6, -5.254206773902e-01, 1.797693134862e+308, 0.0000e+00, 0.0000e+00, 
 2DIAGNOSTIC,     7, -5.366927339672e-01, 1.797693134862e+308, 0.0000e+00, 0.0000e+00, 
 2DIAGNOSTIC,     8, -5.566736959326e-01, 1.797693134862e+308, 0.0000e+00, 0.0000e+00, 
 2DIAGNOSTIC,     9, -5.582939281050e-01, 1.797693134862e+308, 0.0000e+00, 0.0000e+00, 
 2DIAGNOSTIC,    10, -5.590049296776e-01, 1.061332495261e-02, 0.0000e+00, 0.0000e+00, 
 2DIAGNOSTIC,    11, -5.619800998800e-01, 9.344692791954e-03, 0.0000e+00, 0.0000e+00, 
 2DIAGNOSTIC,    12, -5.654839166715e-01, 7.697328978155e-03, 0.0000e+00, 0.0000e+00, 
 2DIAGNOSTIC,    13, -5.658636860498e-01, 5.753398221734e-03, 0.0000e+00, 0.0000e+00, 
 2DIAGNOSTIC,    14, -5.660629310047e-01, 3.961145196497e-03, 0.0000e+00, 0.0000e+00, 
 2DIAGNOSTIC,    15, -5.660942046501e-01, 2.707215620353e-03, 0.0000e+00, 0.0000e+00, 
 2DIAGNOSTIC,    16, -5.667215521604e-01, 1.568344276648e-03, 0.0000e+00, 0.0000e+00, 
 2DIAGNOSTIC,    17, -5.672485399916e-01, 7.718884276086e-04, 0.0000e+00, 0.0000e+00, 
 2DIAGNOSTIC,    18, -5.675597792221e-01, 5.879986786044e-04, 0.0000e+00, 0.0000e+00, 
 2DIAGNOSTIC,    19, -5.676991414498e-01, 4.206799774506e-04, 0.0000e+00, 0.0000e+00, 
 2DIAGNOSTIC,    20, -5.681788542700e-01, 2.621957378494e-04, 0.0000e+00, 0.0000e+00, 
 2DIAGNOSTIC,    21, -5.690389340398e-01, 1.875487490033e-04, 0.0000e+00, 0.0000e+00, 
 2DIAGNOSTIC,    22, -5.691596821527e-01, 1.874131207372e-04, 0.0000e+00, 0.0000e+00, 
 2DIAGNOSTIC,    23, -5.700600947091e-01, 1.990642999293e-04, 0.0000e+00, 0.0000e+00, 
 2DIAGNOSTIC,    24, -5.711581066837e-01, 2.191870378234e-04, 0.0000e+00, 0.0000e+00, 
 2DIAGNOSTIC,    25, -5.734045328129e-01, 2.635227836471e-04, 0.0000e+00, 0.0000e+00, 
 2DIAGNOSTIC,    26, -5.773914907056e-01, 3.699579024836e-04, 0.0000e+00, 0.0000e+00, 
 2DIAGNOSTIC,    27, -5.972169474290e-01, 8.192047074138e-04, 0.0000e+00, 0.0000e+00, 
 2DIAGNOSTIC,    28, -6.053581712952e-01, 1.302186508256e-03, 0.0000e+00, 0.0000e+00, 
 2DIAGNOSTIC,    29, -6.060922464026e-01, 1.642438566026e-03, 0.0000e+00, 0.0000e+00, 
 2DIAGNOSTIC,    30, -6.078904972438e-01, 1.847490863278e-03, 0.0000e+00, 0.0000e+00, 
 2DIAGNOSTIC,    31, -6.095461795101e-01, 1.904368647202e-03, 0.0000e+00, 0.0000e+00, 
 2DIAGNOSTIC,    32, -6.117711790828e-01, 1.808591913266e-03, 0.0000e+00, 0.0000e+00, 
 2DIAGNOSTIC,    33, -6.130919767156e-01, 1.579456388004e-03, 0.0000e+00, 0.0000e+00, 
 2DIAGNOSTIC,    34, -6.145937249862e-01, 1.257975295029e-03, 0.0000e+00, 0.0000e+00, 
 2DIAGNOSTIC,    35, -6.147924265482e-01, 8.756737071966e-04, 0.0000e+00, 0.0000e+00, 
 2DIAGNOSTIC,    36, -6.154535433994e-01, 4.916028382438e-04, 0.0000e+00, 0.0000e+00, 
 2DIAGNOSTIC,    37, -6.203738591782e-01, 4.145559329097e-04, 0.0000e+00, 0.0000e+00, 
 2DIAGNOSTIC,    38, -6.444989513273e-01, 7.234575542403e-04, 0.0000e+00, 0.0000e+00, 
 2DIAGNOSTIC,    39, -6.471899116159e-01, 9.811462293718e-04, 0.0000e+00, 0.0000e+00, 
 2DIAGNOSTIC,    40, -6.480438854692e-01, 1.167405164745e-03, 0.0000e+00, 0.0000e+00, 
 2DIAGNOSTIC,    41, -6.483829414825e-01, 1.260631938395e-03, 0.0000e+00, 0.0000e+00, 
 2DIAGNOSTIC,    42, -6.491566654915e-01, 1.262280412885e-03, 0.0000e+00, 0.0000e+00, 
 2DIAGNOSTIC,    43, -6.502579184137e-01, 1.165885167374e-03, 0.0000e+00, 0.0000e+00, 
 2DIAGNOSTIC,    44, -6.512680345284e-01, 9.903897589588e-04, 0.0000e+00, 0.0000e+00, 
 2DIAGNOSTIC,    45, -6.511923762639e-01, 7.349437380028e-04, 0.0000e+00, 0.0000e+00, 
 2DIAGNOSTIC,    46, -6.522068664295e-01, 4.417707389381e-04, 0.0000e+00, 0.0000e+00, 
 2DIAGNOSTIC,    47, -6.532205529705e-01, 1.746348449599e-04, 0.0000e+00, 0.0000e+00, 
 2DIAGNOSTIC,    48, -6.537566729444e-01, 1.508970136302e-04, 0.0000e+00, 0.0000e+00, 
 2DIAGNOSTIC,    49, -6.546529914312e-01, 1.490789950380e-04, 0.0000e+00, 0.0000e+00, 
 2DIAGNOSTIC,    50, -6.551838336411e-01, 1.465763646948e-04, 0.0000e+00, 0.0000e+00, 
 2DIAGNOSTIC,    51, -6.552177534839e-01, 1.336577423811e-04, 0.0000e+00, 0.0000e+00, 
 2DIAGNOSTIC,    52, -6.554308976139e-01, 1.174461621042e-04, 0.0000e+00, 0.0000e+00, 
 2DIAGNOSTIC,    53, -6.558195847390e-01, 1.039444661311e-04, 0.0000e+00, 0.0000e+00, 
 2DIAGNOSTIC,    54, -6.558860908573e-01, 9.065887455183e-05, 0.0000e+00, 0.0000e+00, 
 2DIAGNOSTIC,    55, -6.558918944018e-01, 6.854693132653e-05, 0.0000e+00, 0.0000e+00, 
 2DIAGNOSTIC,    56, -6.558944090148e-01, 4.939968592206e-05, 0.0000e+00, 0.0000e+00, 
 2DIAGNOSTIC,    57, -6.558112220618e-01, 3.406910735566e-05, 0.0000e+00, 0.0000e+00, 
 2DIAGNOSTIC,    58, -6.558134806191e-01, 2.031586946484e-05, 0.0000e+00, 0.0000e+00, 
 2DIAGNOSTIC,    59, -6.558158778788e-01, 1.227557896607e-05, 0.0000e+00, 0.0000e+00, 
 2DIAGNOSTIC,    60, -6.558209133639e-01, 7.678814155507e-06, 0.0000e+00, 0.0000e+00, 
 2DIAGNOSTIC,    61, -6.558344744509e-01, 2.930513425144e-06, 0.0000e+00, 0.0000e+00, 
DIAGNOSTIC,Iteration,metricValue,convergenceValue,ITERATION_TIME_INDEX,SINCE_LAST
 2DIAGNOSTIC,     1, -5.251129699396e-01, 1.797693134862e+308, 0.0000e+00, 0.0000e+00, 
 2DIAGNOSTIC,     2, -5.257544031948e-01, 1.797693134862e+308, 0.0000e+00, 0.0000e+00, 
 2DIAGNOSTIC,     3, -5.265134002082e-01, 1.797693134862e+308, 0.0000e+00, 0.0000e+00, 
 2DIAGNOSTIC,     4, -5.273685267093e-01, 1.797693134862e+308, 0.0000e+00, 0.0000e+00, 
 2DIAGNOSTIC,     5, -5.280671511119e-01, 1.797693134862e+308, 0.0000e+00, 0.0000e+00, 
 2DIAGNOSTIC,     6, -5.283972748078e-01, 1.797693134862e+308, 0.0000e+00, 0.0000e+00, 
 2DIAGNOSTIC,     7, -5.288824145043e-01, 1.797693134862e+308, 0.0000e+00, 0.0000e+00, 
 2DIAGNOSTIC,     8, -5.297971743819e-01, 1.797693134862e+308, 0.0000e+00, 0.0000e+00, 
 2DIAGNOSTIC,     9, -5.302943394040e-01, 1.797693134862e+308, 0.0000e+00, 0.0000e+00, 
 2DIAGNOSTIC,    10, -5.303378387326e-01, 6.629312231133e-04, 0.0000e+00, 0.0000e+00, 
 2DIAGNOSTIC,    11, -5.304584942273e-01, 5.402704052839e-04, 0.0000e+00, 0.0000e+00, 
 2DIAGNOSTIC,    12, -5.309881380309e-01, 4.420645329236e-04, 0.0000e+00, 0.0000e+00, 
 2DIAGNOSTIC,    13, -5.317196879448e-01, 3.791977612125e-04, 0.0000e+00, 0.0000e+00, 
 2DIAGNOSTIC,    14, -5.320807929779e-01, 3.365591823854e-04, 0.0000e+00, 0.0000e+00, 
 2DIAGNOSTIC,    15, -5.322112307424e-01, 2.993602590999e-04, 0.0000e+00, 0.0000e+00, 
 2DIAGNOSTIC,    16, -5.330736662609e-01, 2.800303593114e-04, 0.0000e+00, 0.0000e+00, 
 2DIAGNOSTIC,    17, -5.339012930467e-01, 2.772709787805e-04, 0.0000e+00, 0.0000e+00, 
 2DIAGNOSTIC,    18, -5.340745793881e-01, 2.806537573241e-04, 0.0000e+00, 0.0000e+00, 
 2DIAGNOSTIC,    19, -5.341025708352e-01, 2.731866567472e-04, 0.0000e+00, 0.0000e+00, 
 2DIAGNOSTIC,    20, -5.341388574504e-01, 2.440003714176e-04, 0.0000e+00, 0.0000e+00, 
 2DIAGNOSTIC,    21, -5.341189468817e-01, 1.971881987077e-04, 0.0000e+00, 0.0000e+00, 
 2DIAGNOSTIC,    22, -5.341168671737e-01, 1.484860669694e-04, 0.0000e+00, 0.0000e+00, 
 2DIAGNOSTIC,    23, -5.340934835957e-01, 1.067664862646e-04, 0.0000e+00, 0.0000e+00, 
 2DIAGNOSTIC,    24, -5.341700966919e-01, 6.885868286427e-05, 0.0000e+00, 0.0000e+00, 
 2DIAGNOSTIC,    25, -5.344775454507e-01, 3.671062234692e-05, 0.0000e+00, 0.0000e+00, 
 2DIAGNOSTIC,    26, -5.345990036217e-01, 2.336168613013e-05, 0.0000e+00, 0.0000e+00, 
 2DIAGNOSTIC,    27, -5.347269480544e-01, 2.780531535468e-05, 0.0000e+00, 0.0000e+00, 
 2DIAGNOSTIC,    28, -5.348409437559e-01, 3.494801355226e-05, 0.0000e+00, 0.0000e+00, 
 2DIAGNOSTIC,    29, -5.348601111560e-01, 3.920950886380e-05, 0.0000e+00, 0.0000e+00, 
 2DIAGNOSTIC,    30, -5.349046239477e-01, 4.097139987869e-05, 0.0000e+00, 0.0000e+00, 
 2DIAGNOSTIC,    31, -5.349920127811e-01, 3.997347553814e-05, 0.0000e+00, 0.0000e+00, 
 2DIAGNOSTIC,    32, -5.361248007565e-01, 5.425535326919e-05, 0.0000e+00, 0.0000e+00, 
 2DIAGNOSTIC,    33, -5.363190256526e-01, 6.490026882031e-05, 0.0000e+00, 0.0000e+00, 
 2DIAGNOSTIC,    34, -5.362703454513e-01, 6.933743776582e-05, 0.0000e+00, 0.0000e+00, 
 2DIAGNOSTIC,    35, -5.364061745058e-01, 7.410242513941e-05, 0.0000e+00, 0.0000e+00, 
 2DIAGNOSTIC,    36, -5.365390669544e-01, 7.527651258595e-05, 0.0000e+00, 0.0000e+00, 
 2DIAGNOSTIC,    37, -5.365360128903e-01, 7.074315777814e-05, 0.0000e+00, 0.0000e+00, 
 2DIAGNOSTIC,    38, -5.365334838342e-01, 6.133272475253e-05, 0.0000e+00, 0.0000e+00, 
 2DIAGNOSTIC,    39, -5.365551149409e-01, 4.747627702573e-05, 0.0000e+00, 0.0000e+00, 
 2DIAGNOSTIC,    40, -5.365713722696e-01, 3.082588693071e-05, 0.0000e+00, 0.0000e+00, 
 2DIAGNOSTIC,    41, -5.365777213289e-01, 1.290633309875e-05, 0.0000e+00, 0.0000e+00, 
 2DIAGNOSTIC,    42, -5.365846042099e-01, 9.104918131563e-06, 0.0000e+00, 0.0000e+00, 
 2DIAGNOSTIC,    43, -5.365724277634e-01, 7.007442009987e-06, 0.0000e+00, 0.0000e+00, 
 2DIAGNOSTIC,    44, -5.365678517158e-01, 3.735223194978e-06, 0.0000e+00, 0.0000e+00, 
 2DIAGNOSTIC,    45, -5.365615664440e-01, 1.806511530679e-06, 0.0000e+00, 0.0000e+00, 
 2DIAGNOSTIC,    46, -5.365624038042e-01, 1.408166790430e-06, 0.0000e+00, 0.0000e+00, 
DIAGNOSTIC,Iteration,metricValue,convergenceValue,ITERATION_TIME_INDEX,SINCE_LAST
 2DIAGNOSTIC,     1, -4.761166686611e-01, 1.797693134862e+308, 0.0000e+00, 0.0000e+00, 
 2DIAGNOSTIC,     2, -4.762532235340e-01, 1.797693134862e+308, 0.0000e+00, 0.0000e+00, 
 2DIAGNOSTIC,     3, -4.764057948407e-01, 1.797693134862e+308, 0.0000e+00, 0.0000e+00, 
 2DIAGNOSTIC,     4, -4.765550873749e-01, 1.797693134862e+308, 0.0000e+00, 0.0000e+00, 
 2DIAGNOSTIC,     5, -4.766470062501e-01, 1.797693134862e+308, 0.0000e+00, 0.0000e+00, 
 2DIAGNOSTIC,     6, -4.767763068463e-01, 1.797693134862e+308, 0.0000e+00, 0.0000e+00, 
 2DIAGNOSTIC,     7, -4.770799232292e-01, 1.797693134862e+308, 0.0000e+00, 0.0000e+00, 
 2DIAGNOSTIC,     8, -4.778079849156e-01, 1.797693134862e+308, 0.0000e+00, 0.0000e+00, 
 2DIAGNOSTIC,     9, -4.779719192413e-01, 1.797693134862e+308, 0.0000e+00, 0.0000e+00, 
 2DIAGNOSTIC,    10, -4.780543497479e-01, 2.826487143664e-04, 0.0000e+00, 0.0000e+00, 
 2DIAGNOSTIC,    11, -4.783453957101e-01, 2.801304720756e-04, 0.0000e+00, 0.0000e+00, 
 2DIAGNOSTIC,    12, -4.786116160505e-01, 2.724589058566e-04, 0.0000e+00, 0.0000e+00, 
 2DIAGNOSTIC,    13, -4.786638261949e-01, 2.501744447371e-04, 0.0000e+00, 0.0000e+00, 
 2DIAGNOSTIC,    14, -4.787044037034e-01, 2.168503767017e-04, 0.0000e+00, 0.0000e+00, 
 2DIAGNOSTIC,    15, -4.787479491870e-01, 1.742661343613e-04, 0.0000e+00, 0.0000e+00, 
 2DIAGNOSTIC,    16, -4.788200321976e-01, 1.285977690733e-04, 0.0000e+00, 0.0000e+00, 
 2DIAGNOSTIC,    17, -4.788783857729e-01, 8.848200035776e-05, 0.0000e+00, 0.0000e+00, 
 2DIAGNOSTIC,    18, -4.788809285096e-01, 6.894534419595e-05, 0.0000e+00, 0.0000e+00, 
 2DIAGNOSTIC,    19, -4.788921299697e-01, 5.092429870381e-05, 0.0000e+00, 0.0000e+00, 
 2DIAGNOSTIC,    20, -4.788938893895e-01, 3.249503358969e-05, 0.0000e+00, 0.0000e+00, 
 2DIAGNOSTIC,    21, -4.788947951410e-01, 2.099265625852e-05, 0.0000e+00, 0.0000e+00, 
 2DIAGNOSTIC,    22, -4.788949294659e-01, 1.588182539070e-05, 0.0000e+00, 0.0000e+00, 
 2DIAGNOSTIC,    23, -4.788942517951e-01, 1.120514574103e-05, 0.0000e+00, 0.0000e+00, 
 2DIAGNOSTIC,    24, -4.788932581454e-01, 6.989091852358e-06, 0.0000e+00, 0.0000e+00, 
 2DIAGNOSTIC,    25, -4.788932461672e-01, 3.581889823481e-06, 0.0000e+00, 0.0000e+00, 
 2DIAGNOSTIC,    26, -4.788924664276e-01, 1.816104361410e-06, 0.0000e+00, 0.0000e+00, 
 2DIAGNOSTIC,    27, -4.788918406176e-01, 1.398705327095e-06, 0.0000e+00, 0.0000e+00, 
 2DIAGNOSTIC,    28, -4.788915471216e-01, 1.032737363030e-06, 0.0000e+00, 0.0000e+00, 
DIAGNOSTIC,Iteration,metricValue,convergenceValue,ITERATION_TIME_INDEX,SINCE_LAST
 2DIAGNOSTIC,     1, -4.453259143873e-01, 1.797693134862e+308, 0.0000e+00, 0.0000e+00, 
 2DIAGNOSTIC,     2, -4.453415783466e-01, 1.797693134862e+308, 0.0000e+00, 0.0000e+00, 
 2DIAGNOSTIC,     3, -4.453610785897e-01, 1.797693134862e+308, 0.0000e+00, 0.0000e+00, 
 2DIAGNOSTIC,     4, -4.453601680520e-01, 1.797693134862e+308, 0.0000e+00, 0.0000e+00, 
 2DIAGNOSTIC,     5, -4.453604375987e-01, 1.797693134862e+308, 0.0000e+00, 0.0000e+00, 
 2DIAGNOSTIC,     6, -4.453603755431e-01, 1.797693134862e+308, 0.0000e+00, 0.0000e+00, 
 2DIAGNOSTIC,     7, -4.453603889014e-01, 1.797693134862e+308, 0.0000e+00, 0.0000e+00, 
 2DIAGNOSTIC,     8, -4.453603910181e-01, 1.797693134862e+308, 0.0000e+00, 0.0000e+00, 
 2DIAGNOSTIC,     9, -4.453603497691e-01, 1.797693134862e+308, 0.0000e+00, 0.0000e+00, 
 2DIAGNOSTIC,    10, -4.453603505530e-01, 6.400556746541e-06, 0.0000e+00, 0.0000e+00, 
 2DIAGNOSTIC,    11, -4.453603484832e-01, 3.950555509544e-06, 0.0000e+00, 0.0000e+00, 
 2DIAGNOSTIC,    12, -4.453603477544e-01, 2.616850358919e-06, 0.0000e+00, 0.0000e+00, 
 2DIAGNOSTIC,    13, -4.453603459789e-01, 2.450001758109e-06, 0.0000e+00, 0.0000e+00, 
 2DIAGNOSTIC,    14, -4.453603308847e-01, 2.264202224336e-06, 0.0000e+00, 0.0000e+00, 
 2DIAGNOSTIC,    15, -4.453603325147e-01, 2.115574389186e-06, 0.0000e+00, 0.0000e+00, 
 2DIAGNOSTIC,    16, -4.453603317779e-01, 1.983464691810e-06, 0.0000e+00, 0.0000e+00, 
 2DIAGNOSTIC,    17, -4.453603316022e-01, 1.867819479764e-06, 0.0000e+00, 0.0000e+00, 
 2DIAGNOSTIC,    18, -4.453603289221e-01, 1.765382890366e-06, 0.0000e+00, 0.0000e+00, 
 2DIAGNOSTIC,    19, -4.453603288012e-01, 1.672541310262e-06, 0.0000e+00, 0.0000e+00, 
 2DIAGNOSTIC,    20, -4.453603284542e-01, 1.589175051921e-06, 0.0000e+00, 0.0000e+00, 
 2DIAGNOSTIC,    21, -4.453603291345e-01, 1.513841619866e-06, 0.0000e+00, 0.0000e+00, 
 2DIAGNOSTIC,    22, -4.453603297622e-01, 1.445455725710e-06, 0.0000e+00, 0.0000e+00, 
 2DIAGNOSTIC,    23, -4.453603296591e-01, 1.383038293203e-06, 0.0000e+00, 0.0000e+00, 
 2DIAGNOSTIC,    24, -4.453603291668e-01, 1.325425413305e-06, 0.0000e+00, 0.0000e+00, 
 2DIAGNOSTIC,    25, -4.453603169177e-01, 1.272166688465e-06, 0.0000e+00, 0.0000e+00, 
 2DIAGNOSTIC,    26, -4.453603180081e-01, 1.223059060210e-06, 0.0000e+00, 0.0000e+00, 
 2DIAGNOSTIC,    27, -4.453603158415e-01, 1.177584159850e-06, 0.0000e+00, 0.0000e+00, 
 2DIAGNOSTIC,    28, -4.453603158112e-01, 1.135361377885e-06, 0.0000e+00, 0.0000e+00, 
 2DIAGNOSTIC,    29, -4.453603158757e-01, 1.096132521194e-06, 0.0000e+00, 0.0000e+00, 
 2DIAGNOSTIC,    30, -4.453603164206e-01, 1.059612655986e-06, 0.0000e+00, 0.0000e+00, 
 2DIAGNOSTIC,    31, -4.453603167492e-01, 1.025551315807e-06, 0.0000e+00, 0.0000e+00, 
  Elapsed time (stage 0): 0.0000e+00


Total elapsed time: 0.0000e+00
Info [verificarlo]: loaded backend libinterflop_vprec.so
Info [interflop-vprec]: load backend with: 
Info [interflop-vprec]: precision-binary32 = 20
Info [interflop-vprec]: range-binary32 = 8
Info [interflop-vprec]: precision-binary64 = 20
Info [interflop-vprec]: range-binary64 = 8
Info [interflop-vprec]: mode = ob
Info [interflop-vprec]: error-mode = rel
Info [interflop-vprec]: max-abs-error-exponent = -1022
Info [interflop-vprec]: daz = false
Info [interflop-vprec]: ftz = false
Info [interflop-vprec]: 	instrument = none
Info [interflop-vprec]: 	prec-input-file = (null)
Info [interflop-vprec]: 	prec-output-file = (null)
Info [interflop-vprec]: 	prec-log-file = (null)
All_Command_lines_OK
Using double precision for computations.
=============================================================================
The composite transform comprises the following transforms (in order): 
  1. /home/mdugre/scratch/mri-registration-rp/datasets/ds004513/derivatives/mri-registration-rp/0110/antsRegistration-r8-p20/sub-s003/rigid_Composite.h5[0] (type = Euler3DTransform)
  2. /home/mdugre/scratch/mri-registration-rp/datasets/ds004513/derivatives/mri-registration-rp/0110/antsRegistration-r8-p20/sub-s003/rigid_Composite.h5[1] (type = Euler3DTransform)
  3. /home/mdugre/scratch/mri-registration-rp/datasets/ds004513/derivatives/mri-registration-rp/0110/antsRegistration-r8-p20/sub-s003/rigid_Composite.h5[2] (type = Euler3DTransform)
=============================================================================
  number of levels = 4
  fixed image: /templateflow/tpl-MNI152NLin2009cAsym/tpl-MNI152NLin2009cAsym_res-01_desc-brain_T1w.nii.gz
  moving image: /home/mdugre/scratch/mri-registration-rp/datasets/ds004513/derivatives/mri-registration-rp/antsBrainExtraction/sub-s003/BrainExtractionBrain.nii.gz
Dimension = 3
Number of stages = 1
Use histogram matching = false
Winsorize image intensities = true
  Lower quantile = 0.005
  Upper quantile = 0.995


Stage 1 State
   Image metric = MattesMI
     Fixed image = Image (0x4ac4490)
  RTTI typeinfo:   itk::Image<double, 3u>
  Reference Count: 2
  Modified Time: 1594
  Debug: Off
  Object Name: 
  Observers: 
    none
  Source: (none)
  Source output name: (none)
  Release Data: Off
  Data Released: False
  Global Release Data: Off
  PipelineMTime: 0
  UpdateMTime: 1203
  RealTimeStamp: 0 seconds 
  LargestPossibleRegion: 
    Dimension: 3
    Index: [0, 0, 0]
    Size: [193, 229, 193]
  BufferedRegion: 
    Dimension: 3
    Index: [0, 0, 0]
    Size: [193, 229, 193]
  RequestedRegion: 
    Dimension: 3
    Index: [0, 0, 0]
    Size: [193, 229, 193]
  Spacing: [1, 1, 1]
  Origin: [96, 132, -78]
  Direction: 
-1 0 0
0 -1 0
0 0 1

  IndexToPointMatrix: 
-1 0 0
0 -1 0
0 0 1

  PointToIndexMatrix: 
-1 0 0
0 -1 0
0 0 1

  Inverse Direction: 
-1 0 0
0 -1 0
0 0 1

  PixelContainer: 
    ImportImageContainer (0x4b7cfa0)
      RTTI typeinfo:   itk::ImportImageContainer<unsigned long, double>
      Reference Count: 1
      Modified Time: 1200
      Debug: Off
      Object Name: 
      Observers: 
        none
      Pointer: 0x153918734010
      Container manages memory: true
      Size: 8530021
      Capacity: 8530021

     Moving image = Image (0x4b7fd20)
  RTTI typeinfo:   itk::Image<double, 3u>
  Reference Count: 2
  Modified Time: 1595
  Debug: Off
  Object Name: 
  Observers: 
    none
  Source: (none)
  Source output name: (none)
  Release Data: Off
  Data Released: False
  Global Release Data: Off
  PipelineMTime: 0
  UpdateMTime: 1592
  RealTimeStamp: 0 seconds 
  LargestPossibleRegion: 
    Dimension: 3
    Index: [0, 0, 0]
    Size: [176, 240, 256]
  BufferedRegion: 
    Dimension: 3
    Index: [0, 0, 0]
    Size: [176, 240, 256]
  RequestedRegion: 
    Dimension: 3
    Index: [0, 0, 0]
    Size: [176, 240, 256]
  Spacing: [0.999999, 1, 1]
  Origin: [93.3499, 86.9368, -128.957]
  Direction: 
-0.999513 -0.0279216 -0.0139567
0.0279189 -0.99961 0.000389866
-0.0139622 2.01492e-08 0.999903

  IndexToPointMatrix: 
-0.999512 -0.0279216 -0.0139567
0.0279189 -0.99961 0.000389866
-0.0139621 2.01492e-08 0.999903

  PointToIndexMatrix: 
-0.999514 0.0279189 -0.0139622
-0.0279216 -0.999611 4.76837e-07
-0.0139567 0.000389576 0.999903

  Inverse Direction: 
-0.999513 0.0279189 -0.0139622
-0.0279216 -0.999611 4.76837e-07
-0.0139567 0.000389576 0.999903

  PixelContainer: 
    ImportImageContainer (0x4c3b390)
      RTTI typeinfo:   itk::ImportImageContainer<unsigned long, double>
      Reference Count: 1
      Modified Time: 1589
      Debug: Off
      Object Name: 
      Observers: 
        none
      Pointer: 0x1539134b3010
      Container manages memory: true
      Size: 10813440
      Capacity: 10813440

     Weighting = 1
     Sampling strategy = regular
     Number of bins = 32
     Radius = 4
     Sampling percentage  = 0.25
   Transform = Affine
     Gradient step = 0.1
     Update field sigma (voxel space) = 0
     Total field sigma (voxel space) = 0
     Update field time sigma = 0
     Total field time sigma  = 0
     Number of time indices = 0
     Number of time point samples = 0
Registration using 1 total stages.

Stage 0
  iterations = 1000x500x250x100
  convergence threshold = 1e-06
  convergence window size = 10
  number of levels = 4
  using the Mattes MI metric (number of bins = 32, weight = 1, use gradient filter = 0)
  preprocessing:  winsorizing the image intensities
  Shrink factors (level 1 out of 4): [8, 8, 8]
  Shrink factors (level 2 out of 4): [4, 4, 4]
  Shrink factors (level 3 out of 4): [2, 2, 2]
  Shrink factors (level 4 out of 4): [1, 1, 1]
  smoothing sigmas per level: [3, 2, 1, 0]
  regular sampling (percentage = 0.25)

*** Running AffineTransform registration ***

DIAGNOSTIC,Iteration,metricValue,convergenceValue,ITERATION_TIME_INDEX,SINCE_LAST
 2DIAGNOSTIC,     1, -6.596255106195e-01, 1.797693134862e+308, 0.0000e+00, 0.0000e+00, 
 2DIAGNOSTIC,     2, -6.621556318222e-01, 1.797693134862e+308, 0.0000e+00, 0.0000e+00, 
 2DIAGNOSTIC,     3, -6.659594906090e-01, 1.797693134862e+308, 0.0000e+00, 0.0000e+00, 
 2DIAGNOSTIC,     4, -6.720698488434e-01, 1.797693134862e+308, 0.0000e+00, 0.0000e+00, 
 2DIAGNOSTIC,     5, -6.800438409804e-01, 1.797693134862e+308, 0.0000e+00, 0.0000e+00, 
 2DIAGNOSTIC,     6, -6.912755904033e-01, 1.797693134862e+308, 0.0000e+00, 0.0000e+00, 
 2DIAGNOSTIC,     7, -7.128125636547e-01, 1.797693134862e+308, 0.0000e+00, 0.0000e+00, 
 2DIAGNOSTIC,     8, -7.203388776421e-01, 1.797693134862e+308, 0.0000e+00, 0.0000e+00, 
 2DIAGNOSTIC,     9, -7.210389124125e-01, 1.797693134862e+308, 0.0000e+00, 0.0000e+00, 
 2DIAGNOSTIC,    10, -7.207716290589e-01, 7.066942500786e-03, 0.0000e+00, 0.0000e+00, 
 2DIAGNOSTIC,    11, -7.208731315583e-01, 6.090119179904e-03, 0.0000e+00, 0.0000e+00, 
 2DIAGNOSTIC,    12, -7.208488760911e-01, 4.811968487764e-03, 0.0000e+00, 0.0000e+00, 
 2DIAGNOSTIC,    13, -7.208744257100e-01, 3.420580788182e-03, 0.0000e+00, 0.0000e+00, 
 2DIAGNOSTIC,    14, -7.209047548384e-01, 2.109034331461e-03, 0.0000e+00, 0.0000e+00, 
 2DIAGNOSTIC,    15, -7.209406899854e-01, 1.003706401479e-03, 0.0000e+00, 0.0000e+00, 
 2DIAGNOSTIC,    16, -7.208726651783e-01, 2.180335120869e-04, 0.0000e+00, 0.0000e+00, 
 2DIAGNOSTIC,    17, -7.208262894273e-01, 1.333059728476e-05, 0.0000e+00, 0.0000e+00, 
DIAGNOSTIC,Iteration,metricValue,convergenceValue,ITERATION_TIME_INDEX,SINCE_LAST
 2DIAGNOSTIC,     1, -5.919030586963e-01, 1.797693134862e+308, 0.0000e+00, 0.0000e+00, 
 2DIAGNOSTIC,     2, -5.925678213005e-01, 1.797693134862e+308, 0.0000e+00, 0.0000e+00, 
 2DIAGNOSTIC,     3, -5.936094290787e-01, 1.797693134862e+308, 0.0000e+00, 0.0000e+00, 
 2DIAGNOSTIC,     4, -5.943883257665e-01, 1.797693134862e+308, 0.0000e+00, 0.0000e+00, 
 2DIAGNOSTIC,     5, -5.950301780916e-01, 1.797693134862e+308, 0.0000e+00, 0.0000e+00, 
 2DIAGNOSTIC,     6, -5.952612635440e-01, 1.797693134862e+308, 0.0000e+00, 0.0000e+00, 
 2DIAGNOSTIC,     7, -5.952888757343e-01, 1.797693134862e+308, 0.0000e+00, 0.0000e+00, 
 2DIAGNOSTIC,     8, -5.954176882453e-01, 1.797693134862e+308, 0.0000e+00, 0.0000e+00, 
 2DIAGNOSTIC,     9, -5.958138094016e-01, 1.797693134862e+308, 0.0000e+00, 0.0000e+00, 
 2DIAGNOSTIC,    10, -5.962053981094e-01, 4.270101271623e-04, 0.0000e+00, 0.0000e+00, 
 2DIAGNOSTIC,    11, -5.974600077837e-01, 3.654377891591e-04, 0.0000e+00, 0.0000e+00, 
 2DIAGNOSTIC,    12, -6.009858088888e-01, 4.467914728143e-04, 0.0000e+00, 0.0000e+00, 
 2DIAGNOSTIC,    13, -6.010382692424e-01, 5.121460176412e-04, 0.0000e+00, 0.0000e+00, 
 2DIAGNOSTIC,    14, -6.010464388125e-01, 5.499052643546e-04, 0.0000e+00, 0.0000e+00, 
 2DIAGNOSTIC,    15, -6.010603549014e-01, 5.547522486350e-04, 0.0000e+00, 0.0000e+00, 
 2DIAGNOSTIC,    16, -6.010734670384e-01, 5.147680150835e-04, 0.0000e+00, 0.0000e+00, 
 2DIAGNOSTIC,    17, -6.010950110294e-01, 4.321140258577e-04, 0.0000e+00, 0.0000e+00, 
 2DIAGNOSTIC,    18, -6.011284764755e-01, 3.232468304932e-04, 0.0000e+00, 0.0000e+00, 
 2DIAGNOSTIC,    19, -6.011772060091e-01, 2.087831672118e-04, 0.0000e+00, 0.0000e+00, 
 2DIAGNOSTIC,    20, -6.012351277898e-01, 9.743602256958e-05, 0.0000e+00, 0.0000e+00, 
 2DIAGNOSTIC,    21, -6.013234560872e-01, 1.593958266958e-05, 0.0000e+00, 0.0000e+00, 
 2DIAGNOSTIC,    22, -6.016307364493e-01, 2.329755145422e-05, 0.0000e+00, 0.0000e+00, 
 2DIAGNOSTIC,    23, -6.016901401978e-01, 3.012547237014e-05, 0.0000e+00, 0.0000e+00, 
 2DIAGNOSTIC,    24, -6.017377702498e-01, 3.483980146760e-05, 0.0000e+00, 0.0000e+00, 
 2DIAGNOSTIC,    25, -6.018403042351e-01, 3.830375027718e-05, 0.0000e+00, 0.0000e+00, 
 2DIAGNOSTIC,    26, -6.020183416771e-01, 4.144137545025e-05, 0.0000e+00, 0.0000e+00, 
 2DIAGNOSTIC,    27, -6.020729010070e-01, 4.175141406840e-05, 0.0000e+00, 0.0000e+00, 
 2DIAGNOSTIC,    28, -6.020797551787e-01, 3.890822758914e-05, 0.0000e+00, 0.0000e+00, 
 2DIAGNOSTIC,    29, -6.021436855360e-01, 3.464354200564e-05, 0.0000e+00, 0.0000e+00, 
 2DIAGNOSTIC,    30, -6.021633525844e-01, 2.870028037610e-05, 0.0000e+00, 0.0000e+00, 
 2DIAGNOSTIC,    31, -6.021601563505e-01, 2.166752935420e-05, 0.0000e+00, 0.0000e+00, 
 2DIAGNOSTIC,    32, -6.021382226301e-01, 1.735498102143e-05, 0.0000e+00, 0.0000e+00, 
 2DIAGNOSTIC,    33, -6.021335116611e-01, 1.258467520392e-05, 0.0000e+00, 0.0000e+00, 
 2DIAGNOSTIC,    34, -6.021187514185e-01, 7.434369813153e-06, 0.0000e+00, 0.0000e+00, 
 2DIAGNOSTIC,    35, -6.021222182113e-01, 3.332230518634e-06, 0.0000e+00, 0.0000e+00, 
 2DIAGNOSTIC,    36, -6.021246503828e-01, 1.595631507485e-06, 0.0000e+00, 0.0000e+00, 
DIAGNOSTIC,Iteration,metricValue,convergenceValue,ITERATION_TIME_INDEX,SINCE_LAST
 2DIAGNOSTIC,     1, -5.255891118694e-01, 1.797693134862e+308, 0.0000e+00, 0.0000e+00, 
 2DIAGNOSTIC,     2, -5.259579586904e-01, 1.797693134862e+308, 0.0000e+00, 0.0000e+00, 
 2DIAGNOSTIC,     3, -5.263360840411e-01, 1.797693134862e+308, 0.0000e+00, 0.0000e+00, 
 2DIAGNOSTIC,     4, -5.266105569604e-01, 1.797693134862e+308, 0.0000e+00, 0.0000e+00, 
 2DIAGNOSTIC,     5, -5.269135677350e-01, 1.797693134862e+308, 0.0000e+00, 0.0000e+00, 
 2DIAGNOSTIC,     6, -5.273537489963e-01, 1.797693134862e+308, 0.0000e+00, 0.0000e+00, 
 2DIAGNOSTIC,     7, -5.284356242313e-01, 1.797693134862e+308, 0.0000e+00, 0.0000e+00, 
 2DIAGNOSTIC,     8, -5.316422961395e-01, 1.797693134862e+308, 0.0000e+00, 0.0000e+00, 
 2DIAGNOSTIC,     9, -5.316418289604e-01, 1.797693134862e+308, 0.0000e+00, 0.0000e+00, 
 2DIAGNOSTIC,    10, -5.316412267552e-01, 8.462257339456e-04, 0.0000e+00, 0.0000e+00, 
 2DIAGNOSTIC,    11, -5.316410435915e-01, 7.966243480813e-04, 0.0000e+00, 0.0000e+00, 
 2DIAGNOSTIC,    12, -5.316405450866e-01, 6.991510387927e-04, 0.0000e+00, 0.0000e+00, 
 2DIAGNOSTIC,    13, -5.316399964388e-01, 5.672121082917e-04, 0.0000e+00, 0.0000e+00, 
 2DIAGNOSTIC,    14, -5.316386279618e-01, 4.134934964809e-04, 0.0000e+00, 0.0000e+00, 
 2DIAGNOSTIC,    15, -5.316386479369e-01, 2.555645323712e-04, 0.0000e+00, 0.0000e+00, 
 2DIAGNOSTIC,    16, -5.316359191592e-01, 1.091530814724e-04, 0.0000e+00, 0.0000e+00, 
 2DIAGNOSTIC,    17, -5.316366666770e-01, 1.442271216609e-06, 0.0000e+00, 0.0000e+00, 
 2DIAGNOSTIC,    18, -5.316362084740e-01, 1.347148230427e-06, 0.0000e+00, 0.0000e+00, 
 2DIAGNOSTIC,    19, -5.316340310014e-01, 1.227211368769e-06, 0.0000e+00, 0.0000e+00, 
 2DIAGNOSTIC,    20, -5.316335192899e-01, 1.133508732439e-06, 0.0000e+00, 0.0000e+00, 
 2DIAGNOSTIC,    21, -5.316336918426e-01, 1.091790067763e-06, 0.0000e+00, 0.0000e+00, 
 2DIAGNOSTIC,    22, -5.316332670505e-01, 1.070152597198e-06, 0.0000e+00, 0.0000e+00, 
 2DIAGNOSTIC,    23, -5.316328311921e-01, 1.063347391618e-06, 0.0000e+00, 0.0000e+00, 
 2DIAGNOSTIC,    24, -5.316324970786e-01, 1.050082378294e-06, 0.0000e+00, 0.0000e+00, 
 2DIAGNOSTIC,    25, -5.316321933655e-01, 1.060002183639e-06, 0.0000e+00, 0.0000e+00, 
 2DIAGNOSTIC,    26, -5.316323493989e-01, 1.035099469388e-06, 0.0000e+00, 0.0000e+00, 
 2DIAGNOSTIC,    27, -5.316331577595e-01, 1.060432792070e-06, 0.0000e+00, 0.0000e+00, 
 2DIAGNOSTIC,    28, -5.316332216185e-01, 1.088612800820e-06, 0.0000e+00, 0.0000e+00, 
 2DIAGNOSTIC,    29, -5.316324021919e-01, 1.064749690638e-06, 0.0000e+00, 0.0000e+00, 
 2DIAGNOSTIC,    30, -5.316320895068e-01, 1.031506254537e-06, 0.0000e+00, 0.0000e+00, 
 2DIAGNOSTIC,    31, -5.316318070904e-01, 1.001419943122e-06, 0.0000e+00, 0.0000e+00, 
DIAGNOSTIC,Iteration,metricValue,convergenceValue,ITERATION_TIME_INDEX,SINCE_LAST
 2DIAGNOSTIC,     1, -4.869364291773e-01, 1.797693134862e+308, 0.0000e+00, 0.0000e+00, 
 2DIAGNOSTIC,     2, -4.871230791481e-01, 1.797693134862e+308, 0.0000e+00, 0.0000e+00, 
