
##########################
# Experiment information #
##########################

EXPERIMENT_NAME: antsRegistration-r8-p23
VFC_BACKENDS: libinterflop_vprec.so --range-binary32=8 --precision-binary32=23 --range-binary64=8 --precision-binary64=23

SIF_IMG: /home/mdugre/projects/rrg-glatard/mdugre/containers/ants-vprec-no_metrics.simg

SUBJECT_ID: s017
INPUT_IMG: /home/mdugre/scratch/mri-registration-rp/datasets/ds004513/derivatives/mri-registration-rp/antsBrainExtraction/sub-s017/BrainExtractionBrain.nii.gz
OUTPUT_DIR: /home/mdugre/scratch/mri-registration-rp/datasets/ds004513/derivatives/mri-registration-rp/0110/antsRegistration-r8-p23/sub-s017

FIXED_IMG: /templateflow/tpl-MNI152NLin2009cAsym/tpl-MNI152NLin2009cAsym_res-01_desc-brain_T1w.nii.gz
DATA_DIR: /home/mdugre/scratch/mri-registration-rp/datasets/ds004513
TEMPLATEFLOW_DIR: /home/mdugre/projects/rrg-glatard/mdugre/templateflow
ITK_GLOBAL_DEFAULT_NUMBER_OF_THREADS: 16
##########################

Info [verificarlo]: loaded backend libinterflop_ieee.so
Info [interflop-ieee]: load backend with:
Info [interflop-ieee]: debug = false
Info [interflop-ieee]: debug-binary = false
Info [interflop-ieee]: no-backend-name = false
Info [interflop-ieee]: print-new-line = false
Info [interflop-ieee]: print-subnormal-normalized = false
Info [interflop-ieee]: count-op = false
All_Command_lines_OK
Using double precision for computations.
=============================================================================
The composite transform comprises the following transforms (in order): 
  1. Center of mass alignment using fixed image: /templateflow/tpl-MNI152NLin2009cAsym/tpl-MNI152NLin2009cAsym_res-01_desc-brain_T1w.nii.gz and moving image: /home/mdugre/scratch/mri-registration-rp/datasets/ds004513/derivatives/mri-registration-rp/antsBrainExtraction/sub-s017/BrainExtractionBrain.nii.gz (type = Euler3DTransform)
=============================================================================
  number of levels = 1
  fixed image: /templateflow/tpl-MNI152NLin2009cAsym/tpl-MNI152NLin2009cAsym_res-01_desc-brain_T1w.nii.gz
  moving image: /home/mdugre/scratch/mri-registration-rp/datasets/ds004513/derivatives/mri-registration-rp/antsBrainExtraction/sub-s017/BrainExtractionBrain.nii.gz
Dimension = 3
Number of stages = 1
Use histogram matching = false
Winsorize image intensities = true
  Lower quantile = 0.005
  Upper quantile = 0.995


Stage 1 State
   Image metric = MattesMI
     Fixed image = Image (0x44ffe70)
  RTTI typeinfo:   itk::Image<double, 3u>
  Reference Count: 2
  Modified Time: 2334
  Debug: Off
  Object Name: 
  Observers: 
    none
  Source: (none)
  Source output name: (none)
  Release Data: Off
  Data Released: False
  Global Release Data: Off
  PipelineMTime: 0
  UpdateMTime: 1943
  RealTimeStamp: 0 seconds 
  LargestPossibleRegion: 
    Dimension: 3
    Index: [0, 0, 0]
    Size: [193, 229, 193]
  BufferedRegion: 
    Dimension: 3
    Index: [0, 0, 0]
    Size: [193, 229, 193]
  RequestedRegion: 
    Dimension: 3
    Index: [0, 0, 0]
    Size: [193, 229, 193]
  Spacing: [1, 1, 1]
  Origin: [96, 132, -78]
  Direction: 
-1 0 0
0 -1 0
0 0 1

  IndexToPointMatrix: 
-1 0 0
0 -1 0
0 0 1

  PointToIndexMatrix: 
-1 0 0
0 -1 0
0 0 1

  Inverse Direction: 
-1 0 0
0 -1 0
0 0 1

  PixelContainer: 
    ImportImageContainer (0x4508c60)
      RTTI typeinfo:   itk::ImportImageContainer<unsigned long, double>
      Reference Count: 1
      Modified Time: 1940
      Debug: Off
      Object Name: 
      Observers: 
        none
      Pointer: 0x14b4c2b7f010
      Container manages memory: true
      Size: 8530021
      Capacity: 8530021

     Moving image = Image (0x450b610)
  RTTI typeinfo:   itk::Image<double, 3u>
  Reference Count: 2
  Modified Time: 2335
  Debug: Off
  Object Name: 
  Observers: 
    none
  Source: (none)
  Source output name: (none)
  Release Data: Off
  Data Released: False
  Global Release Data: Off
  PipelineMTime: 0
  UpdateMTime: 2332
  RealTimeStamp: 0 seconds 
  LargestPossibleRegion: 
    Dimension: 3
    Index: [0, 0, 0]
    Size: [160, 240, 256]
  BufferedRegion: 
    Dimension: 3
    Index: [0, 0, 0]
    Size: [160, 240, 256]
  RequestedRegion: 
    Dimension: 3
    Index: [0, 0, 0]
    Size: [160, 240, 256]
  Spacing: [1, 1, 1]
  Origin: [91.3357, 102.231, -120.042]
  Direction: 
-0.997442 -5.36781e-05 -0.0714818
5.35416e-05 -1 3.82465e-06
-0.0714818 -1.23894e-08 0.997442

  IndexToPointMatrix: 
-0.997444 -5.36781e-05 -0.0714818
5.35418e-05 -1 3.82465e-06
-0.0714819 -1.23894e-08 0.997442

  PointToIndexMatrix: 
-0.99744 5.35415e-05 -0.0714816
-5.36781e-05 -1 -1.23894e-08
-0.0714818 3.82465e-06 0.997442

  Inverse Direction: 
-0.997442 5.35416e-05 -0.0714818
-5.36781e-05 -1 -1.23894e-08
-0.0714818 3.82465e-06 0.997442

  PixelContainer: 
    ImportImageContainer (0x45a4ef0)
      RTTI typeinfo:   itk::ImportImageContainer<unsigned long, double>
      Reference Count: 1
      Modified Time: 2329
      Debug: Off
      Object Name: 
      Observers: 
        none
      Pointer: 0x14b4be07e010
      Container manages memory: true
      Size: 9830400
      Capacity: 9830400

     Weighting = 1
     Sampling strategy = regular
     Number of bins = 32
     Radius = 4
     Sampling percentage  = 0.25
   Transform = Rigid
     Gradient step = 0.1
     Update field sigma (voxel space) = 0
     Total field sigma (voxel space) = 0
     Update field time sigma = 0
     Total field time sigma  = 0
     Number of time indices = 0
     Number of time point samples = 0
Registration using 1 total stages.

Stage 0
  iterations = 0
  convergence threshold = 1e-06
  convergence window size = 10
  number of levels = 1
  using the Mattes MI metric (number of bins = 32, weight = 1, use gradient filter = 0)
  preprocessing:  winsorizing the image intensities
  Shrink factors (level 1 out of 1): [1, 1, 1]
  smoothing sigmas per level: [0]
  regular sampling (percentage = 0.25)

*** Running Euler3DTransform registration ***

  Elapsed time (stage 0): 1.12767


Total elapsed time: 1.12972
Info [verificarlo]: loaded backend libinterflop_vprec.so
Info [interflop-vprec]: load backend with: 
Info [interflop-vprec]: precision-binary32 = 23
Info [interflop-vprec]: range-binary32 = 8
Info [interflop-vprec]: precision-binary64 = 23
Info [interflop-vprec]: range-binary64 = 8
Info [interflop-vprec]: mode = ob
Info [interflop-vprec]: error-mode = rel
Info [interflop-vprec]: max-abs-error-exponent = -1022
Info [interflop-vprec]: daz = false
Info [interflop-vprec]: ftz = false
Info [interflop-vprec]: 	instrument = none
Info [interflop-vprec]: 	prec-input-file = (null)
Info [interflop-vprec]: 	prec-output-file = (null)
Info [interflop-vprec]: 	prec-log-file = (null)
All_Command_lines_OK
Using double precision for computations.
=============================================================================
The composite transform comprises the following transforms (in order): 
  1. /home/mdugre/scratch/mri-registration-rp/datasets/ds004513/derivatives/mri-registration-rp/0110/antsRegistration-r8-p23/sub-s017/align_Composite.h5[0] (type = Euler3DTransform)
  2. /home/mdugre/scratch/mri-registration-rp/datasets/ds004513/derivatives/mri-registration-rp/0110/antsRegistration-r8-p23/sub-s017/align_Composite.h5[1] (type = Euler3DTransform)
=============================================================================
  number of levels = 4
  fixed image: /templateflow/tpl-MNI152NLin2009cAsym/tpl-MNI152NLin2009cAsym_res-01_desc-brain_T1w.nii.gz
  moving image: /home/mdugre/scratch/mri-registration-rp/datasets/ds004513/derivatives/mri-registration-rp/antsBrainExtraction/sub-s017/BrainExtractionBrain.nii.gz
Dimension = 3
Number of stages = 1
Use histogram matching = false
Winsorize image intensities = true
  Lower quantile = 0.005
  Upper quantile = 0.995


Stage 1 State
   Image metric = MattesMI
     Fixed image = Image (0x35901e0)
  RTTI typeinfo:   itk::Image<double, 3u>
  Reference Count: 2
  Modified Time: 1580
  Debug: Off
  Object Name: 
  Observers: 
    none
  Source: (none)
  Source output name: (none)
  Release Data: Off
  Data Released: False
  Global Release Data: Off
  PipelineMTime: 0
  UpdateMTime: 1189
  RealTimeStamp: 0 seconds 
  LargestPossibleRegion: 
    Dimension: 3
    Index: [0, 0, 0]
    Size: [193, 229, 193]
  BufferedRegion: 
    Dimension: 3
    Index: [0, 0, 0]
    Size: [193, 229, 193]
  RequestedRegion: 
    Dimension: 3
    Index: [0, 0, 0]
    Size: [193, 229, 193]
  Spacing: [1, 1, 1]
  Origin: [96, 132, -78]
  Direction: 
-1 0 0
0 -1 0
0 0 1

  IndexToPointMatrix: 
-1 0 0
0 -1 0
0 0 1

  PointToIndexMatrix: 
-1 0 0
0 -1 0
0 0 1

  Inverse Direction: 
-1 0 0
0 -1 0
0 0 1

  PixelContainer: 
    ImportImageContainer (0x364f680)
      RTTI typeinfo:   itk::ImportImageContainer<unsigned long, double>
      Reference Count: 1
      Modified Time: 1186
      Debug: Off
      Object Name: 
      Observers: 
        none
      Pointer: 0x1549ece47010
      Container manages memory: true
      Size: 8530021
      Capacity: 8530021

     Moving image = Image (0x364bb20)
  RTTI typeinfo:   itk::Image<double, 3u>
  Reference Count: 2
  Modified Time: 1581
  Debug: Off
  Object Name: 
  Observers: 
    none
  Source: (none)
  Source output name: (none)
  Release Data: Off
  Data Released: False
  Global Release Data: Off
  PipelineMTime: 0
  UpdateMTime: 1578
  RealTimeStamp: 0 seconds 
  LargestPossibleRegion: 
    Dimension: 3
    Index: [0, 0, 0]
    Size: [160, 240, 256]
  BufferedRegion: 
    Dimension: 3
    Index: [0, 0, 0]
    Size: [160, 240, 256]
  RequestedRegion: 
    Dimension: 3
    Index: [0, 0, 0]
    Size: [160, 240, 256]
  Spacing: [1, 1, 1]
  Origin: [91.3357, 102.231, -120.042]
  Direction: 
-0.997442 -5.36781e-05 -0.0714818
5.35416e-05 -1 3.82465e-06
-0.0714818 -1.23894e-08 0.997442

  IndexToPointMatrix: 
-0.997444 -5.36781e-05 -0.0714818
5.35418e-05 -1 3.82465e-06
-0.0714819 -1.23894e-08 0.997442

  PointToIndexMatrix: 
-0.99744 5.35415e-05 -0.0714816
-5.3678e-05 -1 -1.35915e-08
-0.0714818 3.82343e-06 0.997442

  Inverse Direction: 
-0.997442 5.35416e-05 -0.0714818
-5.3678e-05 -1 -1.35915e-08
-0.0714818 3.82343e-06 0.997442

  PixelContainer: 
    ImportImageContainer (0x36b4d50)
      RTTI typeinfo:   itk::ImportImageContainer<unsigned long, double>
      Reference Count: 1
      Modified Time: 1575
      Debug: Off
      Object Name: 
      Observers: 
        none
      Pointer: 0x1549e8346010
      Container manages memory: true
      Size: 9830400
      Capacity: 9830400

     Weighting = 1
     Sampling strategy = regular
     Number of bins = 32
     Radius = 4
     Sampling percentage  = 0.25
   Transform = Rigid
     Gradient step = 0.1
     Update field sigma (voxel space) = 0
     Total field sigma (voxel space) = 0
     Update field time sigma = 0
     Total field time sigma  = 0
     Number of time indices = 0
     Number of time point samples = 0
Registration using 1 total stages.

Stage 0
  iterations = 1000x500x250x100
  convergence threshold = 1e-06
  convergence window size = 10
  number of levels = 4
  using the Mattes MI metric (number of bins = 32, weight = 1, use gradient filter = 0)
  preprocessing:  winsorizing the image intensities
  Shrink factors (level 1 out of 4): [8, 8, 8]
  Shrink factors (level 2 out of 4): [4, 4, 4]
  Shrink factors (level 3 out of 4): [2, 2, 2]
  Shrink factors (level 4 out of 4): [1, 1, 1]
  smoothing sigmas per level: [3, 2, 1, 0]
  regular sampling (percentage = 0.25)

*** Running Euler3DTransform registration ***

DIAGNOSTIC,Iteration,metricValue,convergenceValue,ITERATION_TIME_INDEX,SINCE_LAST
 2DIAGNOSTIC,     1, -5.567766004436e-01, 1.797693134862e+308, 0.0000e+00, 0.0000e+00, 
 2DIAGNOSTIC,     2, -5.584230569340e-01, 1.797693134862e+308, 0.0000e+00, 0.0000e+00, 
 2DIAGNOSTIC,     3, -5.612699261409e-01, 1.797693134862e+308, 0.0000e+00, 0.0000e+00, 
 2DIAGNOSTIC,     4, -5.637775409105e-01, 1.797693134862e+308, 0.0000e+00, 0.0000e+00, 
 2DIAGNOSTIC,     5, -5.658236781800e-01, 1.797693134862e+308, 0.0000e+00, 0.0000e+00, 
 2DIAGNOSTIC,     6, -5.696428543274e-01, 1.797693134862e+308, 0.0000e+00, 0.0000e+00, 
 2DIAGNOSTIC,     7, -5.734089572810e-01, 1.797693134862e+308, 0.0000e+00, 0.0000e+00, 
 2DIAGNOSTIC,     8, -5.754972804133e-01, 1.797693134862e+308, 0.0000e+00, 0.0000e+00, 
 2DIAGNOSTIC,     9, -5.763092974867e-01, 1.797693134862e+308, 0.0000e+00, 0.0000e+00, 
 2DIAGNOSTIC,    10, -5.771887932745e-01, 2.563643921720e-03, 0.0000e+00, 0.0000e+00, 
 2DIAGNOSTIC,    11, -5.784049267720e-01, 2.175436264836e-03, 0.0000e+00, 0.0000e+00, 
 2DIAGNOSTIC,    12, -5.799902587758e-01, 1.787608292544e-03, 0.0000e+00, 0.0000e+00, 
 2DIAGNOSTIC,    13, -5.808708720268e-01, 1.440110340980e-03, 0.0000e+00, 0.0000e+00, 
 2DIAGNOSTIC,    14, -5.814992143523e-01, 1.125359699286e-03, 0.0000e+00, 0.0000e+00, 
 2DIAGNOSTIC,    15, -5.817965468775e-01, 8.273304908831e-04, 0.0000e+00, 0.0000e+00, 
 2DIAGNOSTIC,    16, -5.820914689062e-01, 6.164885233901e-04, 0.0000e+00, 0.0000e+00, 
 2DIAGNOSTIC,    17, -5.832022787464e-01, 5.146011672666e-04, 0.0000e+00, 0.0000e+00, 
 2DIAGNOSTIC,    18, -5.835129911639e-01, 4.418135099304e-04, 0.0000e+00, 0.0000e+00, 
 2DIAGNOSTIC,    19, -5.838004278145e-01, 3.649432415015e-04, 0.0000e+00, 0.0000e+00, 
 2DIAGNOSTIC,    20, -5.840808613571e-01, 2.909118727021e-04, 0.0000e+00, 0.0000e+00, 
 2DIAGNOSTIC,    21, -5.864890114892e-01, 2.815015284336e-04, 0.0000e+00, 0.0000e+00, 
 2DIAGNOSTIC,    22, -5.872594907730e-01, 2.975471780803e-04, 0.0000e+00, 0.0000e+00, 
 2DIAGNOSTIC,    23, -5.875567757807e-01, 3.095519346914e-04, 0.0000e+00, 0.0000e+00, 
 2DIAGNOSTIC,    24, -5.882932335784e-01, 3.206184575072e-04, 0.0000e+00, 0.0000e+00, 
 2DIAGNOSTIC,    25, -5.886563512244e-01, 3.136285101566e-04, 0.0000e+00, 0.0000e+00, 
 2DIAGNOSTIC,    26, -5.899788186207e-01, 3.071768739820e-04, 0.0000e+00, 0.0000e+00, 
 2DIAGNOSTIC,    27, -5.901723824084e-01, 2.953272929566e-04, 0.0000e+00, 0.0000e+00, 
 2DIAGNOSTIC,    28, -5.902545098792e-01, 2.642086609201e-04, 0.0000e+00, 0.0000e+00, 
 2DIAGNOSTIC,    29, -5.902275848511e-01, 2.155396327000e-04, 0.0000e+00, 0.0000e+00, 
 2DIAGNOSTIC,    30, -5.902532595849e-01, 1.538724612709e-04, 0.0000e+00, 0.0000e+00, 
 2DIAGNOSTIC,    31, -5.901926771275e-01, 1.184313147144e-04, 0.0000e+00, 0.0000e+00, 
 2DIAGNOSTIC,    32, -5.902463400590e-01, 8.673104634047e-05, 0.0000e+00, 0.0000e+00, 
 2DIAGNOSTIC,    33, -5.904245995775e-01, 5.592662185119e-05, 0.0000e+00, 0.0000e+00, 
 2DIAGNOSTIC,    34, -5.906520049607e-01, 3.566914682546e-05, 0.0000e+00, 0.0000e+00, 
 2DIAGNOSTIC,    35, -5.909213713479e-01, 2.159996631681e-05, 0.0000e+00, 0.0000e+00, 
 2DIAGNOSTIC,    36, -5.916162568384e-01, 3.366632390870e-05, 0.0000e+00, 0.0000e+00, 
 2DIAGNOSTIC,    37, -5.917142303263e-01, 4.558352829206e-05, 0.0000e+00, 0.0000e+00, 
 2DIAGNOSTIC,    38, -5.917143449082e-01, 5.374065201256e-05, 0.0000e+00, 0.0000e+00, 
 2DIAGNOSTIC,    39, -5.917144841625e-01, 5.617873421719e-05, 0.0000e+00, 0.0000e+00, 
 2DIAGNOSTIC,    40, -5.917145034997e-01, 5.351608679601e-05, 0.0000e+00, 0.0000e+00, 
 2DIAGNOSTIC,    41, -5.917145175554e-01, 4.513236390792e-05, 0.0000e+00, 0.0000e+00, 
 2DIAGNOSTIC,    42, -5.917147128341e-01, 3.352044986036e-05, 0.0000e+00, 0.0000e+00, 
 2DIAGNOSTIC,    43, -5.917148911840e-01, 2.143841141493e-05, 0.0000e+00, 0.0000e+00, 
 2DIAGNOSTIC,    44, -5.917150430613e-01, 1.048146496064e-05, 0.0000e+00, 0.0000e+00, 
 2DIAGNOSTIC,    45, -5.917153644719e-01, 1.802697883625e-06, 0.0000e+00, 0.0000e+00, 
DIAGNOSTIC,Iteration,metricValue,convergenceValue,ITERATION_TIME_INDEX,SINCE_LAST
 2DIAGNOSTIC,     1, -4.782877371043e-01, 1.797693134862e+308, 0.0000e+00, 0.0000e+00, 
 2DIAGNOSTIC,     2, -4.783276465380e-01, 1.797693134862e+308, 0.0000e+00, 0.0000e+00, 
 2DIAGNOSTIC,     3, -4.783501499026e-01, 1.797693134862e+308, 0.0000e+00, 0.0000e+00, 
 2DIAGNOSTIC,     4, -4.784843529745e-01, 1.797693134862e+308, 0.0000e+00, 0.0000e+00, 
 2DIAGNOSTIC,     5, -4.785769068668e-01, 1.797693134862e+308, 0.0000e+00, 0.0000e+00, 
 2DIAGNOSTIC,     6, -4.786463581037e-01, 1.797693134862e+308, 0.0000e+00, 0.0000e+00, 
 2DIAGNOSTIC,     7, -4.793506569484e-01, 1.797693134862e+308, 0.0000e+00, 0.0000e+00, 
 2DIAGNOSTIC,     8, -4.814547355818e-01, 1.797693134862e+308, 0.0000e+00, 0.0000e+00, 
 2DIAGNOSTIC,     9, -4.819737040053e-01, 1.797693134862e+308, 0.0000e+00, 0.0000e+00, 
 2DIAGNOSTIC,    10, -4.823564317614e-01, 5.868967865166e-04, 0.0000e+00, 0.0000e+00, 
 2DIAGNOSTIC,    11, -4.826384828178e-01, 6.339634233625e-04, 0.0000e+00, 0.0000e+00, 
 2DIAGNOSTIC,    12, -4.833269529305e-01, 6.518210903135e-04, 0.0000e+00, 0.0000e+00, 
 2DIAGNOSTIC,    13, -4.834816329339e-01, 6.140248971717e-04, 0.0000e+00, 0.0000e+00, 
 2DIAGNOSTIC,    14, -4.835233117554e-01, 5.335650589622e-04, 0.0000e+00, 0.0000e+00, 
 2DIAGNOSTIC,    15, -4.835249503180e-01, 4.208259463132e-04, 0.0000e+00, 0.0000e+00, 
 2DIAGNOSTIC,    16, -4.835087167650e-01, 2.861269362266e-04, 0.0000e+00, 0.0000e+00, 
 2DIAGNOSTIC,    17, -4.834934336541e-01, 1.630630368321e-04, 0.0000e+00, 0.0000e+00, 
 2DIAGNOSTIC,    18, -4.834851065854e-01, 1.072550136379e-04, 0.0000e+00, 0.0000e+00, 
 2DIAGNOSTIC,    19, -4.834819114860e-01, 6.366906427867e-05, 0.0000e+00, 0.0000e+00, 
 2DIAGNOSTIC,    20, -4.834698817091e-01, 2.971109127821e-05, 0.0000e+00, 0.0000e+00, 
 2DIAGNOSTIC,    21, -4.834571396295e-01, 3.480279605499e-06, 0.0000e+00, 0.0000e+00, 
DIAGNOSTIC,Iteration,metricValue,convergenceValue,ITERATION_TIME_INDEX,SINCE_LAST
 2DIAGNOSTIC,     1, -4.160408610810e-01, 1.797693134862e+308, 0.0000e+00, 0.0000e+00, 
 2DIAGNOSTIC,     2, -4.160748242337e-01, 1.797693134862e+308, 0.0000e+00, 0.0000e+00, 
 2DIAGNOSTIC,     3, -4.160864063748e-01, 1.797693134862e+308, 0.0000e+00, 0.0000e+00, 
 2DIAGNOSTIC,     4, -4.160875805022e-01, 1.797693134862e+308, 0.0000e+00, 0.0000e+00, 
 2DIAGNOSTIC,     5, -4.161182589165e-01, 1.797693134862e+308, 0.0000e+00, 0.0000e+00, 
 2DIAGNOSTIC,     6, -4.161217233840e-01, 1.797693134862e+308, 0.0000e+00, 0.0000e+00, 
 2DIAGNOSTIC,     7, -4.161175477965e-01, 1.797693134862e+308, 0.0000e+00, 0.0000e+00, 
 2DIAGNOSTIC,     8, -4.161163014311e-01, 1.797693134862e+308, 0.0000e+00, 0.0000e+00, 
 2DIAGNOSTIC,     9, -4.161145952010e-01, 1.797693134862e+308, 0.0000e+00, 0.0000e+00, 
 2DIAGNOSTIC,    10, -4.161151009360e-01, 1.305322868538e-05, 0.0000e+00, 0.0000e+00, 
 2DIAGNOSTIC,    11, -4.161137830937e-01, 7.945902151515e-06, 0.0000e+00, 0.0000e+00, 
 2DIAGNOSTIC,    12, -4.161134259734e-01, 5.164316807041e-06, 0.0000e+00, 0.0000e+00, 
 2DIAGNOSTIC,    13, -4.161138462679e-01, 3.237395866676e-06, 0.0000e+00, 0.0000e+00, 
 2DIAGNOSTIC,    14, -4.161126008618e-01, 1.465973393219e-06, 0.0000e+00, 0.0000e+00, 
 2DIAGNOSTIC,    15, -4.161124351882e-01, 1.387726123403e-06, 0.0000e+00, 0.0000e+00, 
 2DIAGNOSTIC,    16, -4.161126758753e-01, 1.548707134577e-06, 0.0000e+00, 0.0000e+00, 
 2DIAGNOSTIC,    17, -4.161131814354e-01, 1.583896280508e-06, 0.0000e+00, 0.0000e+00, 
 2DIAGNOSTIC,    18, -4.161135715764e-01, 1.609918325936e-06, 0.0000e+00, 0.0000e+00, 
 2DIAGNOSTIC,    19, -4.161122163431e-01, 1.537104898391e-06, 0.0000e+00, 0.0000e+00, 
 2DIAGNOSTIC,    20, -4.161107627105e-01, 1.455313790651e-06, 0.0000e+00, 0.0000e+00, 
 2DIAGNOSTIC,    21, -4.161103350534e-01, 1.337827633639e-06, 0.0000e+00, 0.0000e+00, 
 2DIAGNOSTIC,    22, -4.161113160028e-01, 1.264797501954e-06, 0.0000e+00, 0.0000e+00, 
 2DIAGNOSTIC,    23, -4.161109722677e-01, 1.216666565600e-06, 0.0000e+00, 0.0000e+00, 
 2DIAGNOSTIC,    24, -4.161111676176e-01, 1.159894227755e-06, 0.0000e+00, 0.0000e+00, 
 2DIAGNOSTIC,    25, -4.161099994581e-01, 1.087943529918e-06, 0.0000e+00, 0.0000e+00, 
 2DIAGNOSTIC,    26, -4.161086150111e-01, 1.009022119323e-06, 0.0000e+00, 0.0000e+00, 
DIAGNOSTIC,Iteration,metricValue,convergenceValue,ITERATION_TIME_INDEX,SINCE_LAST
 2DIAGNOSTIC,     1, -3.833173273236e-01, 1.797693134862e+308, 0.0000e+00, 0.0000e+00, 
 2DIAGNOSTIC,     2, -3.834168888873e-01, 1.797693134862e+308, 0.0000e+00, 0.0000e+00, 
 2DIAGNOSTIC,     3, -3.834375550890e-01, 1.797693134862e+308, 0.0000e+00, 0.0000e+00, 
 2DIAGNOSTIC,     4, -3.834593334379e-01, 1.797693134862e+308, 0.0000e+00, 0.0000e+00, 
 2DIAGNOSTIC,     5, -3.834820464713e-01, 1.797693134862e+308, 0.0000e+00, 0.0000e+00, 
 2DIAGNOSTIC,     6, -3.834850919987e-01, 1.797693134862e+308, 0.0000e+00, 0.0000e+00, 
 2DIAGNOSTIC,     7, -3.834847682633e-01, 1.797693134862e+308, 0.0000e+00, 0.0000e+00, 
 2DIAGNOSTIC,     8, -3.834845818224e-01, 1.797693134862e+308, 1.2800e+02, 1.2800e+02, 
 2DIAGNOSTIC,     9, -3.834842178777e-01, 1.797693134862e+308, 1.2800e+02, 0.0000e+00, 
 2DIAGNOSTIC,    10, -3.834842220836e-01, 2.327532470117e-05, 1.2800e+02, 0.0000e+00, 
 2DIAGNOSTIC,    11, -3.834842753090e-01, 1.143287526026e-05, 1.2800e+02, 0.0000e+00, 
 2DIAGNOSTIC,    12, -3.834840962691e-01, 6.938537764609e-06, 1.2800e+02, 0.0000e+00, 
 2DIAGNOSTIC,    13, -3.834841501877e-01, 3.913371895994e-06, 1.2800e+02, 0.0000e+00, 
 2DIAGNOSTIC,    14, -3.834841013583e-01, 2.304980214002e-06, 1.2800e+02, 0.0000e+00, 
 2DIAGNOSTIC,    15, -3.834840891146e-01, 2.025088689378e-06, 1.2800e+02, 0.0000e+00, 
 2DIAGNOSTIC,    16, -3.834839120149e-01, 1.921903317756e-06, 1.2800e+02, 0.0000e+00, 
 2DIAGNOSTIC,    17, -3.834837592135e-01, 1.816525918776e-06, 1.2800e+02, 0.0000e+00, 
 2DIAGNOSTIC,    18, -3.834836772156e-01, 1.717410299674e-06, 1.2800e+02, 0.0000e+00, 
 2DIAGNOSTIC,    19, -3.834836680526e-01, 1.618636191095e-06, 1.2800e+02, 0.0000e+00, 
 2DIAGNOSTIC,    20, -3.834836641955e-01, 1.534739050769e-06, 1.2800e+02, 0.0000e+00, 
 2DIAGNOSTIC,    21, -3.834836659995e-01, 1.466230753151e-06, 1.2800e+02, 0.0000e+00, 
 2DIAGNOSTIC,    22, -3.834836638830e-01, 1.402416611548e-06, 1.2800e+02, 0.0000e+00, 
 2DIAGNOSTIC,    23, -3.834836529839e-01, 1.349623795818e-06, 1.2800e+02, 0.0000e+00, 
 2DIAGNOSTIC,    24, -3.834836516968e-01, 1.302712088126e-06, 1.2800e+02, 0.0000e+00, 
 2DIAGNOSTIC,    25, -3.834836642266e-01, 1.261752870678e-06, 1.2800e+02, 0.0000e+00, 
 2DIAGNOSTIC,    26, -3.834835800920e-01, 1.217579236337e-06, 1.2800e+02, 0.0000e+00, 
 2DIAGNOSTIC,    27, -3.834835917337e-01, 1.173491517861e-06, 2.5600e+02, 1.2800e+02, 
 2DIAGNOSTIC,    28, -3.834835900928e-01, 1.130762739825e-06, 2.5600e+02, 0.0000e+00, 
 2DIAGNOSTIC,    29, -3.834835900013e-01, 1.091221037482e-06, 2.5600e+02, 0.0000e+00, 
 2DIAGNOSTIC,    30, -3.834835899079e-01, 1.054757772241e-06, 2.5600e+02, 0.0000e+00, 
 2DIAGNOSTIC,    31, -3.834835895928e-01, 1.021241704424e-06, 2.5600e+02, 0.0000e+00, 
  Elapsed time (stage 0): 2.5600e+02


Total elapsed time: 2.5600e+02
Info [verificarlo]: loaded backend libinterflop_vprec.so
Info [interflop-vprec]: load backend with: 
Info [interflop-vprec]: precision-binary32 = 23
Info [interflop-vprec]: range-binary32 = 8
Info [interflop-vprec]: precision-binary64 = 23
Info [interflop-vprec]: range-binary64 = 8
Info [interflop-vprec]: mode = ob
Info [interflop-vprec]: error-mode = rel
Info [interflop-vprec]: max-abs-error-exponent = -1022
Info [interflop-vprec]: daz = false
Info [interflop-vprec]: ftz = false
Info [interflop-vprec]: 	instrument = none
Info [interflop-vprec]: 	prec-input-file = (null)
Info [interflop-vprec]: 	prec-output-file = (null)
Info [interflop-vprec]: 	prec-log-file = (null)
All_Command_lines_OK
Using double precision for computations.
=============================================================================
The composite transform comprises the following transforms (in order): 
  1. /home/mdugre/scratch/mri-registration-rp/datasets/ds004513/derivatives/mri-registration-rp/0110/antsRegistration-r8-p23/sub-s017/rigid_Composite.h5[0] (type = Euler3DTransform)
  2. /home/mdugre/scratch/mri-registration-rp/datasets/ds004513/derivatives/mri-registration-rp/0110/antsRegistration-r8-p23/sub-s017/rigid_Composite.h5[1] (type = Euler3DTransform)
  3. /home/mdugre/scratch/mri-registration-rp/datasets/ds004513/derivatives/mri-registration-rp/0110/antsRegistration-r8-p23/sub-s017/rigid_Composite.h5[2] (type = Euler3DTransform)
=============================================================================
  number of levels = 4
  fixed image: /templateflow/tpl-MNI152NLin2009cAsym/tpl-MNI152NLin2009cAsym_res-01_desc-brain_T1w.nii.gz
  moving image: /home/mdugre/scratch/mri-registration-rp/datasets/ds004513/derivatives/mri-registration-rp/antsBrainExtraction/sub-s017/BrainExtractionBrain.nii.gz
Dimension = 3
Number of stages = 1
Use histogram matching = false
Winsorize image intensities = true
  Lower quantile = 0.005
  Upper quantile = 0.995


Stage 1 State
   Image metric = MattesMI
     Fixed image = Image (0x3472490)
  RTTI typeinfo:   itk::Image<double, 3u>
  Reference Count: 2
  Modified Time: 1594
  Debug: Off
  Object Name: 
  Observers: 
    none
  Source: (none)
  Source output name: (none)
  Release Data: Off
  Data Released: False
  Global Release Data: Off
  PipelineMTime: 0
  UpdateMTime: 1203
  RealTimeStamp: 0 seconds 
  LargestPossibleRegion: 
    Dimension: 3
    Index: [0, 0, 0]
    Size: [193, 229, 193]
  BufferedRegion: 
    Dimension: 3
    Index: [0, 0, 0]
    Size: [193, 229, 193]
  RequestedRegion: 
    Dimension: 3
    Index: [0, 0, 0]
    Size: [193, 229, 193]
  Spacing: [1, 1, 1]
  Origin: [96, 132, -78]
  Direction: 
-1 0 0
0 -1 0
0 0 1

  IndexToPointMatrix: 
-1 0 0
0 -1 0
0 0 1

  PointToIndexMatrix: 
-1 0 0
0 -1 0
0 0 1

  Inverse Direction: 
-1 0 0
0 -1 0
0 0 1

  PixelContainer: 
    ImportImageContainer (0x352afa0)
      RTTI typeinfo:   itk::ImportImageContainer<unsigned long, double>
      Reference Count: 1
      Modified Time: 1200
      Debug: Off
      Object Name: 
      Observers: 
        none
      Pointer: 0x1490ea3b9010
      Container manages memory: true
      Size: 8530021
      Capacity: 8530021

     Moving image = Image (0x352dd20)
  RTTI typeinfo:   itk::Image<double, 3u>
  Reference Count: 2
  Modified Time: 1595
  Debug: Off
  Object Name: 
  Observers: 
    none
  Source: (none)
  Source output name: (none)
  Release Data: Off
  Data Released: False
  Global Release Data: Off
  PipelineMTime: 0
  UpdateMTime: 1592
  RealTimeStamp: 0 seconds 
  LargestPossibleRegion: 
    Dimension: 3
    Index: [0, 0, 0]
    Size: [160, 240, 256]
  BufferedRegion: 
    Dimension: 3
    Index: [0, 0, 0]
    Size: [160, 240, 256]
  RequestedRegion: 
    Dimension: 3
    Index: [0, 0, 0]
    Size: [160, 240, 256]
  Spacing: [1, 1, 1]
  Origin: [91.3357, 102.231, -120.042]
  Direction: 
-0.997442 -5.36781e-05 -0.0714818
5.35416e-05 -1 3.82465e-06
-0.0714818 -1.23894e-08 0.997442

  IndexToPointMatrix: 
-0.997444 -5.36781e-05 -0.0714818
5.35418e-05 -1 3.82465e-06
-0.0714819 -1.23894e-08 0.997442

  PointToIndexMatrix: 
-0.99744 5.35415e-05 -0.0714816
-5.3678e-05 -1 -1.35915e-08
-0.0714818 3.82343e-06 0.997442

  Inverse Direction: 
-0.997442 5.35416e-05 -0.0714818
-5.3678e-05 -1 -1.35915e-08
-0.0714818 3.82343e-06 0.997442

  PixelContainer: 
    ImportImageContainer (0x35e9390)
      RTTI typeinfo:   itk::ImportImageContainer<unsigned long, double>
      Reference Count: 1
      Modified Time: 1589
      Debug: Off
      Object Name: 
      Observers: 
        none
      Pointer: 0x1490e58b8010
      Container manages memory: true
      Size: 9830400
      Capacity: 9830400

     Weighting = 1
     Sampling strategy = regular
     Number of bins = 32
     Radius = 4
     Sampling percentage  = 0.25
   Transform = Affine
     Gradient step = 0.1
     Update field sigma (voxel space) = 0
     Total field sigma (voxel space) = 0
     Update field time sigma = 0
     Total field time sigma  = 0
     Number of time indices = 0
     Number of time point samples = 0
Registration using 1 total stages.

Stage 0
  iterations = 1000x500x250x100
  convergence threshold = 1e-06
  convergence window size = 10
  number of levels = 4
  using the Mattes MI metric (number of bins = 32, weight = 1, use gradient filter = 0)
  preprocessing:  winsorizing the image intensities
  Shrink factors (level 1 out of 4): [8, 8, 8]
  Shrink factors (level 2 out of 4): [4, 4, 4]
  Shrink factors (level 3 out of 4): [2, 2, 2]
  Shrink factors (level 4 out of 4): [1, 1, 1]
  smoothing sigmas per level: [3, 2, 1, 0]
  regular sampling (percentage = 0.25)

*** Running AffineTransform registration ***

DIAGNOSTIC,Iteration,metricValue,convergenceValue,ITERATION_TIME_INDEX,SINCE_LAST
 2DIAGNOSTIC,     1, -5.805670573134e-01, 1.797693134862e+308, 0.0000e+00, 0.0000e+00, 
 2DIAGNOSTIC,     2, -5.831970474639e-01, 1.797693134862e+308, 0.0000e+00, 0.0000e+00, 
 2DIAGNOSTIC,     3, -5.880578710207e-01, 1.797693134862e+308, 0.0000e+00, 0.0000e+00, 
 2DIAGNOSTIC,     4, -5.967987772946e-01, 1.797693134862e+308, 0.0000e+00, 0.0000e+00, 
 2DIAGNOSTIC,     5, -6.123887820195e-01, 1.797693134862e+308, 0.0000e+00, 0.0000e+00, 
 2DIAGNOSTIC,     6, -6.399909815686e-01, 1.797693134862e+308, 0.0000e+00, 0.0000e+00, 
 2DIAGNOSTIC,     7, -6.988117917752e-01, 1.797693134862e+308, 0.0000e+00, 0.0000e+00, 
 2DIAGNOSTIC,     8, -7.606434218403e-01, 1.797693134862e+308, 0.0000e+00, 0.0000e+00, 
 2DIAGNOSTIC,     9, -8.351286837708e-01, 1.797693134862e+308, 0.0000e+00, 0.0000e+00, 
 2DIAGNOSTIC,    10, -8.597475565080e-01, 2.830180752788e-02, 0.0000e+00, 0.0000e+00, 
 2DIAGNOSTIC,    11, -8.761144689835e-01, 2.892269227516e-02, 0.0000e+00, 0.0000e+00, 
 2DIAGNOSTIC,    12, -8.846541095076e-01, 2.722186924535e-02, 0.0000e+00, 0.0000e+00, 
 2DIAGNOSTIC,    13, -8.855965480951e-01, 2.357811292051e-02, 0.0000e+00, 0.0000e+00, 
 2DIAGNOSTIC,    14, -8.855613384391e-01, 1.868392553151e-02, 0.0000e+00, 0.0000e+00, 
 2DIAGNOSTIC,    15, -8.854960263991e-01, 1.328624411951e-02, 0.0000e+00, 0.0000e+00, 
 2DIAGNOSTIC,    16, -8.857188254243e-01, 8.130461060181e-03, 0.0000e+00, 0.0000e+00, 
 2DIAGNOSTIC,    17, -8.885667738746e-01, 4.277536763315e-03, 0.0000e+00, 0.0000e+00, 
 2DIAGNOSTIC,    18, -8.886521001035e-01, 1.765129644929e-03, 0.0000e+00, 0.0000e+00, 
 2DIAGNOSTIC,    19, -8.885381801045e-01, 8.229645778765e-04, 0.0000e+00, 0.0000e+00, 
 2DIAGNOSTIC,    20, -8.884213656411e-01, 3.528692694871e-04, 0.0000e+00, 0.0000e+00, 
 2DIAGNOSTIC,    21, -8.883199036201e-01, 1.768371894973e-04, 0.0000e+00, 0.0000e+00, 
 2DIAGNOSTIC,    22, -8.883734062259e-01, 1.417051740616e-04, 0.0000e+00, 0.0000e+00, 
 2DIAGNOSTIC,    23, -8.884507841010e-01, 1.126147901880e-04, 0.0000e+00, 0.0000e+00, 
 2DIAGNOSTIC,    24, -8.885105586769e-01, 7.696369300843e-05, 0.0000e+00, 0.0000e+00, 
 2DIAGNOSTIC,    25, -8.885606557076e-01, 3.765556829124e-05, 0.0000e+00, 0.0000e+00, 
DIAGNOSTIC,Iteration,metricValue,convergenceValue,ITERATION_TIME_INDEX,SINCE_LAST
 2DIAGNOSTIC,     1, -7.472918888455e-01, 1.797693134862e+308, 0.0000e+00, 0.0000e+00, 
 2DIAGNOSTIC,     2, -7.476645734983e-01, 1.797693134862e+308, 0.0000e+00, 0.0000e+00, 
 2DIAGNOSTIC,     3, -7.480022683181e-01, 1.797693134862e+308, 0.0000e+00, 0.0000e+00, 
 2DIAGNOSTIC,     4, -7.484251129855e-01, 1.797693134862e+308, 0.0000e+00, 0.0000e+00, 
 2DIAGNOSTIC,     5, -7.488798605236e-01, 1.797693134862e+308, 0.0000e+00, 0.0000e+00, 
 2DIAGNOSTIC,     6, -7.502591991334e-01, 1.797693134862e+308, 0.0000e+00, 0.0000e+00, 
 2DIAGNOSTIC,     7, -7.502409596112e-01, 1.797693134862e+308, 0.0000e+00, 0.0000e+00, 
 2DIAGNOSTIC,     8, -7.502436283929e-01, 1.797693134862e+308, 0.0000e+00, 0.0000e+00, 
 2DIAGNOSTIC,     9, -7.502533738977e-01, 1.797693134862e+308, 0.0000e+00, 0.0000e+00, 
 2DIAGNOSTIC,    10, -7.502328005102e-01, 3.010636827438e-04, 0.0000e+00, 0.0000e+00, 
 2DIAGNOSTIC,    11, -7.502168876832e-01, 2.242199235997e-04, 0.0000e+00, 0.0000e+00, 
 2DIAGNOSTIC,    12, -7.502507643225e-01, 1.531521625640e-04, 0.0000e+00, 0.0000e+00, 
 2DIAGNOSTIC,    13, -7.502520052941e-01, 8.974926049884e-05, 0.0000e+00, 0.0000e+00, 
 2DIAGNOSTIC,    14, -7.503200279939e-01, 4.087028216644e-05, 0.0000e+00, 0.0000e+00, 
 2DIAGNOSTIC,    15, -7.504048165075e-01, 7.601040585337e-06, 0.0000e+00, 0.0000e+00, 
 2DIAGNOSTIC,    16, -7.504841601911e-01, 1.254397279969e-05, 0.0000e+00, 0.0000e+00, 
 2DIAGNOSTIC,    17, -7.505135056259e-01, 1.615964235421e-05, 0.0000e+00, 0.0000e+00, 
 2DIAGNOSTIC,    18, -7.504806562879e-01, 1.742430605380e-05, 0.0000e+00, 0.0000e+00, 
 2DIAGNOSTIC,    19, -7.504635835647e-01, 1.700012345233e-05, 0.0000e+00, 0.0000e+00, 
 2DIAGNOSTIC,    20, -7.504816470350e-01, 1.513684661639e-05, 0.0000e+00, 0.0000e+00, 
 2DIAGNOSTIC,    21, -7.505038006839e-01, 1.225021036474e-05, 0.0000e+00, 0.0000e+00, 
 2DIAGNOSTIC,    22, -7.505007656046e-01, 9.169255693615e-06, 0.0000e+00, 0.0000e+00, 
 2DIAGNOSTIC,    23, -7.504783789562e-01, 5.310607439073e-06, 0.0000e+00, 0.0000e+00, 
 2DIAGNOSTIC,    24, -7.504877135202e-01, 2.632245030575e-06, 0.0000e+00, 0.0000e+00, 
 2DIAGNOSTIC,    25, -7.505004638717e-01, 1.473301099057e-06, 0.0000e+00, 0.0000e+00, 
 2DIAGNOSTIC,    26, -7.504928879056e-01, 1.393509078795e-06, 0.0000e+00, 0.0000e+00, 
 2DIAGNOSTIC,    27, -7.504966704784e-01, 1.791213711612e-06, 0.0000e+00, 0.0000e+00, 
 2DIAGNOSTIC,    28, -7.504878368495e-01, 1.557971097091e-06, 0.0000e+00, 0.0000e+00, 
 2DIAGNOSTIC,    29, -7.505075166653e-01, 1.331881573238e-06, 0.0000e+00, 0.0000e+00, 
 2DIAGNOSTIC,    30, -7.505115671331e-01, 1.354480479679e-06, 0.0000e+00, 0.0000e+00, 
 2DIAGNOSTIC,    31, -7.504706138123e-01, 1.118213651841e-06, 0.0000e+00, 0.0000e+00, 
DIAGNOSTIC,Iteration,metricValue,convergenceValue,ITERATION_TIME_INDEX,SINCE_LAST
 2DIAGNOSTIC,     1, -6.292416049788e-01, 1.797693134862e+308, 0.0000e+00, 0.0000e+00, 
 2DIAGNOSTIC,     2, -6.297967528402e-01, 1.797693134862e+308, 0.0000e+00, 0.0000e+00, 
 2DIAGNOSTIC,     3, -6.303517176911e-01, 1.797693134862e+308, 0.0000e+00, 0.0000e+00, 
 2DIAGNOSTIC,     4, -6.310581628863e-01, 1.797693134862e+308, 0.0000e+00, 0.0000e+00, 
 2DIAGNOSTIC,     5, -6.319678745705e-01, 1.797693134862e+308, 0.0000e+00, 0.0000e+00, 
 2DIAGNOSTIC,     6, -6.330236561459e-01, 1.797693134862e+308, 0.0000e+00, 0.0000e+00, 
 2DIAGNOSTIC,     7, -6.330199064965e-01, 1.797693134862e+308, 0.0000e+00, 0.0000e+00, 
 2DIAGNOSTIC,     8, -6.330210023235e-01, 1.797693134862e+308, 0.0000e+00, 0.0000e+00, 
 2DIAGNOSTIC,     9, -6.330206785059e-01, 1.797693134862e+308, 0.0000e+00, 0.0000e+00, 
 2DIAGNOSTIC,    10, -6.330189534961e-01, 4.331844565514e-04, 0.0000e+00, 0.0000e+00, 
 2DIAGNOSTIC,    11, -6.330189035048e-01, 3.063495821422e-04, 0.0000e+00, 0.0000e+00, 
 2DIAGNOSTIC,    12, -6.330148734300e-01, 1.942703270397e-04, 0.0000e+00, 0.0000e+00, 
 2DIAGNOSTIC,    13, -6.330147476727e-01, 1.016306252910e-04, 0.0000e+00, 0.0000e+00, 
 2DIAGNOSTIC,    14, -6.330094414276e-01, 3.532201441135e-05, 0.0000e+00, 0.0000e+00, 
 2DIAGNOSTIC,    15, -6.330095114544e-01, 1.212467925504e-06, 0.0000e+00, 0.0000e+00, 
 2DIAGNOSTIC,    16, -6.330087987308e-01, 1.100906465448e-06, 0.0000e+00, 0.0000e+00, 
 2DIAGNOSTIC,    17, -6.330095136438e-01, 1.002551115695e-06, 0.0000e+00, 0.0000e+00, 
 2DIAGNOSTIC,    18, -6.330090949515e-01, 1.012412763179e-06, 0.0000e+00, 0.0000e+00, 
 2DIAGNOSTIC,    19, -6.330076834841e-01, 1.052244992437e-06, 0.0000e+00, 0.0000e+00, 
 2DIAGNOSTIC,    20, -6.330086287566e-01, 1.128953924477e-06, 0.0000e+00, 0.0000e+00, 
 2DIAGNOSTIC,    21, -6.330092696404e-01, 1.253830458833e-06, 0.0000e+00, 0.0000e+00, 
 2DIAGNOSTIC,    22, -6.330096610218e-01, 1.315531428819e-06, 0.0000e+00, 0.0000e+00, 
 2DIAGNOSTIC,    23, -6.330070601640e-01, 1.334097601717e-06, 0.0000e+00, 0.0000e+00, 
 2DIAGNOSTIC,    24, -6.330086538277e-01, 1.288406834665e-06, 0.0000e+00, 0.0000e+00, 
 2DIAGNOSTIC,    25, -6.330074764029e-01, 1.228946649473e-06, 0.0000e+00, 0.0000e+00, 
 2DIAGNOSTIC,    26, -6.330048821944e-01, 1.120165394268e-06, 0.0000e+00, 0.0000e+00, 
DIAGNOSTIC,Iteration,metricValue,convergenceValue,ITERATION_TIME_INDEX,SINCE_LAST
 2DIAGNOSTIC,     1, -5.646004139951e-01, 1.797693134862e+308, 0.0000e+00, 0.0000e+00, 
 2DIAGNOSTIC,     2, -5.648646661383e-01, 1.797693134862e+308, 0.0000e+00, 0.0000e+00, 
 2DIAGNOSTIC,     3, -5.651069052893e-01, 1.797693134862e+308, 0.0000e+00, 0.0000e+00, 
 2DIAGNOSTIC,     4, -5.653731430463e-01, 1.797693134862e+308, 0.0000e+00, 0.0000e+00, 
 2DIAGNOSTIC,     5, -5.653978453426e-01, 1.797693134862e+308, 1.2800e+02, 1.2800e+02, 
 2DIAGNOSTIC,     6, -5.653984849163e-01, 1.797693134862e+308, 1.2800e+02, 0.0000e+00, 
 2DIAGNOSTIC,     7, -5.653985156474e-01, 1.797693134862e+308, 1.2800e+02, 0.0000e+00, 
 2DIAGNOSTIC,     8, -5.653981387016e-01, 1.797693134862e+308, 1.2800e+02, 0.0000e+00, 
 2DIAGNOSTIC,     9, -5.653979705969e-01, 1.797693134862e+308, 1.2800e+02, 0.0000e+00, 
 2DIAGNOSTIC,    10, -5.653980613495e-01, 7.759783452164e-05, 1.2800e+02, 0.0000e+00, 
 2DIAGNOSTIC,    11, -5.653980870741e-01, 3.970374455331e-05, 1.2800e+02, 0.0000e+00, 
 2DIAGNOSTIC,    12, -5.653982896865e-01, 1.576699046187e-05, 1.2800e+02, 0.0000e+00, 
 2DIAGNOSTIC,    13, -5.653981679029e-01, 3.410253917160e-06, 1.2800e+02, 0.0000e+00, 
 2DIAGNOSTIC,    14, -5.653980302167e-01, 2.263279635956e-06, 1.2800e+02, 0.0000e+00, 
 2DIAGNOSTIC,    15, -5.653980546416e-01, 2.098260133115e-06, 1.2800e+02, 0.0000e+00, 
 2DIAGNOSTIC,    16, -5.653980576008e-01, 1.975712533742e-06, 1.2800e+02, 0.0000e+00, 
 2DIAGNOSTIC,    17, -5.653980507263e-01, 1.869618931769e-06, 1.2800e+02, 0.0000e+00, 
 2DIAGNOSTIC,    18, -5.653980506888e-01, 1.765204164381e-06, 1.2800e+02, 0.0000e+00, 
 2DIAGNOSTIC,    19, -5.653980507247e-01, 1.667645035050e-06, 2.5600e+02, 1.2800e+02, 
 2DIAGNOSTIC,    20, -5.653980507363e-01, 1.582750824701e-06, 2.5600e+02, 0.0000e+00, 
 2DIAGNOSTIC,    21, -5.653980507759e-01, 1.507071973633e-06, 2.5600e+02, 0.0000e+00, 
 2DIAGNOSTIC,    22, -5.653980508546e-01, 1.443696420599e-06, 2.5600e+02, 0.0000e+00, 
 2DIAGNOSTIC,    23, -5.653980507995e-01, 1.383488263597e-06, 2.5600e+02, 0.0000e+00, 
 2DIAGNOSTIC,    24, -5.653980507937e-01, 1.325371975516e-06, 2.5600e+02, 0.0000e+00, 
 2DIAGNOSTIC,    25, -5.653980507997e-01, 1.272412433757e-06, 2.5600e+02, 0.0000e+00, 
 2DIAGNOSTIC,    26, -5.653980508494e-01, 1.223601590536e-06, 2.5600e+02, 0.0000e+00, 
 2DIAGNOSTIC,    27, -5.653980509339e-01, 1.178279742414e-06, 2.5600e+02, 0.0000e+00, 
 2DIAGNOSTIC,    28, -5.653980509210e-01, 1.136193879446e-06, 2.5600e+02, 0.0000e+00, 
 2DIAGNOSTIC,    29, -5.653980509236e-01, 1.097010848529e-06, 2.5600e+02, 0.0000e+00, 
 2DIAGNOSTIC,    30, -5.653980509782e-01, 1.060440732899e-06, 2.5600e+02, 0.0000e+00, 
 2DIAGNOSTIC,    31, -5.653980509634e-01, 1.026229838989e-06, 2.5600e+02, 0.0000e+00, 
  Elapsed time (stage 0): 2.5600e+02


Total elapsed time: 2.5600e+02
Info [verificarlo]: loaded backend libinterflop_ieee.so
Info [interflop-ieee]: load backend with:
Info [interflop-ieee]: debug = false
Info [interflop-ieee]: debug-binary = false
Info [interflop-ieee]: no-backend-name = false
Info [interflop-ieee]: print-new-line = false
Info [interflop-ieee]: print-subnormal-normalized = false
Info [interflop-ieee]: count-op = false
All_Command_lines_OK
Using double precision for computations.
=============================================================================
The composite transform comprises the following transforms (in order): 
  1. /home/mdugre/scratch/mri-registration-rp/datasets/ds004513/derivatives/mri-registration-rp/0110/antsRegistration-r8-p23/sub-s017/affine_Composite.h5[0] (type = Euler3DTransform)
  2. /home/mdugre/scratch/mri-registration-rp/datasets/ds004513/derivatives/mri-registration-rp/0110/antsRegistration-r8-p23/sub-s017/affine_Composite.h5[1] (type = Euler3DTransform)
  3. /home/mdugre/scratch/mri-registration-rp/datasets/ds004513/derivatives/mri-registration-rp/0110/antsRegistration-r8-p23/sub-s017/affine_Composite.h5[2] (type = Euler3DTransform)
  4. /home/mdugre/scratch/mri-registration-rp/datasets/ds004513/derivatives/mri-registration-rp/0110/antsRegistration-r8-p23/sub-s017/affine_Composite.h5[3] (type = AffineTransform)
