
##########################
# Experiment information #
##########################

EXPERIMENT_NAME: antsRegistration-r8-p20
VFC_BACKENDS: libinterflop_vprec.so --range-binary32=8 --precision-binary32=20 --range-binary64=8 --precision-binary64=20

SIF_IMG: /home/mdugre/projects/rrg-glatard/mdugre/containers/ants-vprec-no_metrics.simg

SUBJECT_ID: s033
INPUT_IMG: /home/mdugre/scratch/mri-registration-rp/datasets/ds004513/derivatives/mri-registration-rp/antsBrainExtraction/sub-s033/BrainExtractionBrain.nii.gz
OUTPUT_DIR: /home/mdugre/scratch/mri-registration-rp/datasets/ds004513/derivatives/mri-registration-rp/0110/antsRegistration-r8-p20/sub-s033

FIXED_IMG: /templateflow/tpl-MNI152NLin2009cAsym/tpl-MNI152NLin2009cAsym_res-01_desc-brain_T1w.nii.gz
DATA_DIR: /home/mdugre/scratch/mri-registration-rp/datasets/ds004513
TEMPLATEFLOW_DIR: /home/mdugre/projects/rrg-glatard/mdugre/templateflow
ITK_GLOBAL_DEFAULT_NUMBER_OF_THREADS: 16
##########################

Info [verificarlo]: loaded backend libinterflop_ieee.so
Info [interflop-ieee]: load backend with:
Info [interflop-ieee]: debug = false
Info [interflop-ieee]: debug-binary = false
Info [interflop-ieee]: no-backend-name = false
Info [interflop-ieee]: print-new-line = false
Info [interflop-ieee]: print-subnormal-normalized = false
Info [interflop-ieee]: count-op = false
All_Command_lines_OK
Using double precision for computations.
=============================================================================
The composite transform comprises the following transforms (in order): 
  1. Center of mass alignment using fixed image: /templateflow/tpl-MNI152NLin2009cAsym/tpl-MNI152NLin2009cAsym_res-01_desc-brain_T1w.nii.gz and moving image: /home/mdugre/scratch/mri-registration-rp/datasets/ds004513/derivatives/mri-registration-rp/antsBrainExtraction/sub-s033/BrainExtractionBrain.nii.gz (type = Euler3DTransform)
=============================================================================
  number of levels = 1
  fixed image: /templateflow/tpl-MNI152NLin2009cAsym/tpl-MNI152NLin2009cAsym_res-01_desc-brain_T1w.nii.gz
  moving image: /home/mdugre/scratch/mri-registration-rp/datasets/ds004513/derivatives/mri-registration-rp/antsBrainExtraction/sub-s033/BrainExtractionBrain.nii.gz
Dimension = 3
Number of stages = 1
Use histogram matching = false
Winsorize image intensities = true
  Lower quantile = 0.005
  Upper quantile = 0.995


Stage 1 State
   Image metric = MattesMI
     Fixed image = Image (0x3b85e70)
  RTTI typeinfo:   itk::Image<double, 3u>
  Reference Count: 2
  Modified Time: 2330
  Debug: Off
  Object Name: 
  Observers: 
    none
  Source: (none)
  Source output name: (none)
  Release Data: Off
  Data Released: False
  Global Release Data: Off
  PipelineMTime: 0
  UpdateMTime: 1941
  RealTimeStamp: 0 seconds 
  LargestPossibleRegion: 
    Dimension: 3
    Index: [0, 0, 0]
    Size: [193, 229, 193]
  BufferedRegion: 
    Dimension: 3
    Index: [0, 0, 0]
    Size: [193, 229, 193]
  RequestedRegion: 
    Dimension: 3
    Index: [0, 0, 0]
    Size: [193, 229, 193]
  Spacing: [1, 1, 1]
  Origin: [96, 132, -78]
  Direction: 
-1 0 0
0 -1 0
0 0 1

  IndexToPointMatrix: 
-1 0 0
0 -1 0
0 0 1

  PointToIndexMatrix: 
-1 0 0
0 -1 0
0 0 1

  Inverse Direction: 
-1 0 0
0 -1 0
0 0 1

  PixelContainer: 
    ImportImageContainer (0x3b8ec60)
      RTTI typeinfo:   itk::ImportImageContainer<unsigned long, double>
      Reference Count: 1
      Modified Time: 1938
      Debug: Off
      Object Name: 
      Observers: 
        none
      Pointer: 0x148f0c78a010
      Container manages memory: true
      Size: 8530021
      Capacity: 8530021

     Moving image = Image (0x3b88540)
  RTTI typeinfo:   itk::Image<double, 3u>
  Reference Count: 2
  Modified Time: 2331
  Debug: Off
  Object Name: 
  Observers: 
    none
  Source: (none)
  Source output name: (none)
  Release Data: Off
  Data Released: False
  Global Release Data: Off
  PipelineMTime: 0
  UpdateMTime: 2328
  RealTimeStamp: 0 seconds 
  LargestPossibleRegion: 
    Dimension: 3
    Index: [0, 0, 0]
    Size: [160, 240, 256]
  BufferedRegion: 
    Dimension: 3
    Index: [0, 0, 0]
    Size: [160, 240, 256]
  RequestedRegion: 
    Dimension: 3
    Index: [0, 0, 0]
    Size: [160, 240, 256]
  Spacing: [1, 1, 1]
  Origin: [91.5134, 94.282, -109.927]
  Direction: 
-0.99591 -0.0698718 -0.0572835
0.0697565 -0.997556 0.00401236
-0.0574239 5.01125e-08 0.99835

  IndexToPointMatrix: 
-0.99591 -0.0698718 -0.0572835
0.0697565 -0.997556 0.00401236
-0.0574239 5.01125e-08 0.99835

  PointToIndexMatrix: 
-0.99591 0.0697565 -0.0574239
-0.0698718 -0.997556 5.01483e-08
-0.0572835 0.00401236 0.99835

  Inverse Direction: 
-0.99591 0.0697565 -0.0574239
-0.0698718 -0.997556 5.01483e-08
-0.0572835 0.00401236 0.99835

  PixelContainer: 
    ImportImageContainer (0x3c9a610)
      RTTI typeinfo:   itk::ImportImageContainer<unsigned long, double>
      Reference Count: 1
      Modified Time: 2325
      Debug: Off
      Object Name: 
      Observers: 
        none
      Pointer: 0x148f07c89010
      Container manages memory: true
      Size: 9830400
      Capacity: 9830400

     Weighting = 1
     Sampling strategy = regular
     Number of bins = 32
     Radius = 4
     Sampling percentage  = 0.25
   Transform = Rigid
     Gradient step = 0.1
     Update field sigma (voxel space) = 0
     Total field sigma (voxel space) = 0
     Update field time sigma = 0
     Total field time sigma  = 0
     Number of time indices = 0
     Number of time point samples = 0
Registration using 1 total stages.

Stage 0
  iterations = 0
  convergence threshold = 1e-06
  convergence window size = 10
  number of levels = 1
  using the Mattes MI metric (number of bins = 32, weight = 1, use gradient filter = 0)
  preprocessing:  winsorizing the image intensities
  Shrink factors (level 1 out of 1): [1, 1, 1]
  smoothing sigmas per level: [0]
  regular sampling (percentage = 0.25)

*** Running Euler3DTransform registration ***

  Elapsed time (stage 0): 1.10527


Total elapsed time: 1.10752
Info [verificarlo]: loaded backend libinterflop_vprec.so
Info [interflop-vprec]: load backend with: 
Info [interflop-vprec]: precision-binary32 = 20
Info [interflop-vprec]: range-binary32 = 8
Info [interflop-vprec]: precision-binary64 = 20
Info [interflop-vprec]: range-binary64 = 8
Info [interflop-vprec]: mode = ob
Info [interflop-vprec]: error-mode = rel
Info [interflop-vprec]: max-abs-error-exponent = -1022
Info [interflop-vprec]: daz = false
Info [interflop-vprec]: ftz = false
Info [interflop-vprec]: 	instrument = none
Info [interflop-vprec]: 	prec-input-file = (null)
Info [interflop-vprec]: 	prec-output-file = (null)
Info [interflop-vprec]: 	prec-log-file = (null)
All_Command_lines_OK
Using double precision for computations.
=============================================================================
The composite transform comprises the following transforms (in order): 
  1. /home/mdugre/scratch/mri-registration-rp/datasets/ds004513/derivatives/mri-registration-rp/0110/antsRegistration-r8-p20/sub-s033/align_Composite.h5[0] (type = Euler3DTransform)
  2. /home/mdugre/scratch/mri-registration-rp/datasets/ds004513/derivatives/mri-registration-rp/0110/antsRegistration-r8-p20/sub-s033/align_Composite.h5[1] (type = Euler3DTransform)
=============================================================================
  number of levels = 4
  fixed image: /templateflow/tpl-MNI152NLin2009cAsym/tpl-MNI152NLin2009cAsym_res-01_desc-brain_T1w.nii.gz
  moving image: /home/mdugre/scratch/mri-registration-rp/datasets/ds004513/derivatives/mri-registration-rp/antsBrainExtraction/sub-s033/BrainExtractionBrain.nii.gz
Dimension = 3
Number of stages = 1
Use histogram matching = false
Winsorize image intensities = true
  Lower quantile = 0.005
  Upper quantile = 0.995


Stage 1 State
   Image metric = MattesMI
     Fixed image = Image (0x4c4f1e0)
  RTTI typeinfo:   itk::Image<double, 3u>
  Reference Count: 2
  Modified Time: 1578
  Debug: Off
  Object Name: 
  Observers: 
    none
  Source: (none)
  Source output name: (none)
  Release Data: Off
  Data Released: False
  Global Release Data: Off
  PipelineMTime: 0
  UpdateMTime: 1189
  RealTimeStamp: 0 seconds 
  LargestPossibleRegion: 
    Dimension: 3
    Index: [0, 0, 0]
    Size: [193, 229, 193]
  BufferedRegion: 
    Dimension: 3
    Index: [0, 0, 0]
    Size: [193, 229, 193]
  RequestedRegion: 
    Dimension: 3
    Index: [0, 0, 0]
    Size: [193, 229, 193]
  Spacing: [1, 1, 1]
  Origin: [96, 132, -78]
  Direction: 
-1 0 0
0 -1 0
0 0 1

  IndexToPointMatrix: 
-1 0 0
0 -1 0
0 0 1

  PointToIndexMatrix: 
-1 0 0
0 -1 0
0 0 1

  Inverse Direction: 
-1 0 0
0 -1 0
0 0 1

  PixelContainer: 
    ImportImageContainer (0x4d0e680)
      RTTI typeinfo:   itk::ImportImageContainer<unsigned long, double>
      Reference Count: 1
      Modified Time: 1186
      Debug: Off
      Object Name: 
      Observers: 
        none
      Pointer: 0x14bac34b0010
      Container manages memory: true
      Size: 8530021
      Capacity: 8530021

     Moving image = Image (0x4d0ab20)
  RTTI typeinfo:   itk::Image<double, 3u>
  Reference Count: 2
  Modified Time: 1579
  Debug: Off
  Object Name: 
  Observers: 
    none
  Source: (none)
  Source output name: (none)
  Release Data: Off
  Data Released: False
  Global Release Data: Off
  PipelineMTime: 0
  UpdateMTime: 1576
  RealTimeStamp: 0 seconds 
  LargestPossibleRegion: 
    Dimension: 3
    Index: [0, 0, 0]
    Size: [160, 240, 256]
  BufferedRegion: 
    Dimension: 3
    Index: [0, 0, 0]
    Size: [160, 240, 256]
  RequestedRegion: 
    Dimension: 3
    Index: [0, 0, 0]
    Size: [160, 240, 256]
  Spacing: [1, 1, 1]
  Origin: [91.5134, 94.282, -109.927]
  Direction: 
-0.99591 -0.0698718 -0.0572835
0.0697565 -0.997556 0.00401236
-0.0574239 5.01125e-08 0.99835

  IndexToPointMatrix: 
-0.99591 -0.0698718 -0.0572835
0.0697565 -0.997556 0.00401236
-0.0574239 5.01125e-08 0.99835

  PointToIndexMatrix: 
-0.995912 0.0697566 -0.057424
-0.069872 -0.997557 5.02915e-08
-0.0572836 0.00401236 0.99835

  Inverse Direction: 
-0.995912 0.0697566 -0.057424
-0.069872 -0.997557 5.02915e-08
-0.0572836 0.00401236 0.99835

  PixelContainer: 
    ImportImageContainer (0x4d73d50)
      RTTI typeinfo:   itk::ImportImageContainer<unsigned long, double>
      Reference Count: 1
      Modified Time: 1573
      Debug: Off
      Object Name: 
      Observers: 
        none
      Pointer: 0x14babe9af010
      Container manages memory: true
      Size: 9830400
      Capacity: 9830400

     Weighting = 1
     Sampling strategy = regular
     Number of bins = 32
     Radius = 4
     Sampling percentage  = 0.25
   Transform = Rigid
     Gradient step = 0.1
     Update field sigma (voxel space) = 0
     Total field sigma (voxel space) = 0
     Update field time sigma = 0
     Total field time sigma  = 0
     Number of time indices = 0
     Number of time point samples = 0
Registration using 1 total stages.

Stage 0
  iterations = 1000x500x250x100
  convergence threshold = 1e-06
  convergence window size = 10
  number of levels = 4
  using the Mattes MI metric (number of bins = 32, weight = 1, use gradient filter = 0)
  preprocessing:  winsorizing the image intensities
  Shrink factors (level 1 out of 4): [8, 8, 8]
  Shrink factors (level 2 out of 4): [4, 4, 4]
  Shrink factors (level 3 out of 4): [2, 2, 2]
  Shrink factors (level 4 out of 4): [1, 1, 1]
  smoothing sigmas per level: [3, 2, 1, 0]
  regular sampling (percentage = 0.25)

*** Running Euler3DTransform registration ***

DIAGNOSTIC,Iteration,metricValue,convergenceValue,ITERATION_TIME_INDEX,SINCE_LAST
 2DIAGNOSTIC,     1, -4.945341734465e-01, 1.797693134862e+308, 0.0000e+00, 0.0000e+00, 
 2DIAGNOSTIC,     2, -4.961490478667e-01, 1.797693134862e+308, 0.0000e+00, 0.0000e+00, 
 2DIAGNOSTIC,     3, -4.991070843222e-01, 1.797693134862e+308, 0.0000e+00, 0.0000e+00, 
 2DIAGNOSTIC,     4, -5.030199348322e-01, 1.797693134862e+308, 0.0000e+00, 0.0000e+00, 
 2DIAGNOSTIC,     5, -5.058996078426e-01, 1.797693134862e+308, 0.0000e+00, 0.0000e+00, 
 2DIAGNOSTIC,     6, -5.092586114591e-01, 1.797693134862e+308, 0.0000e+00, 0.0000e+00, 
 2DIAGNOSTIC,     7, -5.205524407850e-01, 1.797693134862e+308, 0.0000e+00, 0.0000e+00, 
 2DIAGNOSTIC,     8, -5.236678575403e-01, 1.797693134862e+308, 0.0000e+00, 0.0000e+00, 
 2DIAGNOSTIC,     9, -5.255659387828e-01, 1.797693134862e+308, 0.0000e+00, 0.0000e+00, 
 2DIAGNOSTIC,    10, -5.291133482105e-01, 4.803882462585e-03, 0.0000e+00, 0.0000e+00, 
 2DIAGNOSTIC,    11, -5.331304202049e-01, 4.497143734840e-03, 0.0000e+00, 0.0000e+00, 
 2DIAGNOSTIC,    12, -5.344501395763e-01, 3.964653866995e-03, 0.0000e+00, 0.0000e+00, 
 2DIAGNOSTIC,    13, -5.363837473854e-01, 3.364202703041e-03, 0.0000e+00, 0.0000e+00, 
 2DIAGNOSTIC,    14, -5.390097488081e-01, 2.807913770466e-03, 0.0000e+00, 0.0000e+00, 
 2DIAGNOSTIC,    15, -5.408747151829e-01, 2.244978363229e-03, 0.0000e+00, 0.0000e+00, 
 2DIAGNOSTIC,    16, -5.487136881226e-01, 1.918856679925e-03, 0.0000e+00, 0.0000e+00, 
 2DIAGNOSTIC,    17, -5.530970871406e-01, 1.950634391676e-03, 0.0000e+00, 0.0000e+00, 
 2DIAGNOSTIC,    18, -5.543158345203e-01, 1.929578404972e-03, 0.0000e+00, 0.0000e+00, 
 2DIAGNOSTIC,    19, -5.550875089630e-01, 1.810047460645e-03, 0.0000e+00, 0.0000e+00, 
 2DIAGNOSTIC,    20, -5.558819903171e-01, 1.650265975195e-03, 0.0000e+00, 0.0000e+00, 
 2DIAGNOSTIC,    21, -5.568967308620e-01, 1.478724884770e-03, 0.0000e+00, 0.0000e+00, 
 2DIAGNOSTIC,    22, -5.576073547048e-01, 1.232689976217e-03, 0.0000e+00, 0.0000e+00, 
 2DIAGNOSTIC,    23, -5.589839697540e-01, 9.718970324854e-04, 0.0000e+00, 0.0000e+00, 
 2DIAGNOSTIC,    24, -5.617586427192e-01, 7.646882981665e-04, 0.0000e+00, 0.0000e+00, 
 2DIAGNOSTIC,    25, -5.664928410059e-01, 6.388452398025e-04, 0.0000e+00, 0.0000e+00, 
 2DIAGNOSTIC,    26, -5.828936009160e-01, 9.528839362357e-04, 0.0000e+00, 0.0000e+00, 
 2DIAGNOSTIC,    27, -5.978836583804e-01, 1.522027232949e-03, 0.0000e+00, 0.0000e+00, 
 2DIAGNOSTIC,    28, -6.077672759454e-01, 2.106894580733e-03, 0.0000e+00, 0.0000e+00, 
 2DIAGNOSTIC,    29, -6.119251102522e-01, 2.538608101516e-03, 0.0000e+00, 0.0000e+00, 
 2DIAGNOSTIC,    30, -6.165772668280e-01, 2.794521935516e-03, 0.0000e+00, 0.0000e+00, 
 2DIAGNOSTIC,    31, -6.211142427268e-01, 2.856766338871e-03, 0.0000e+00, 0.0000e+00, 
 2DIAGNOSTIC,    32, -6.233459514615e-01, 2.687646680148e-03, 0.0000e+00, 0.0000e+00, 
 2DIAGNOSTIC,    33, -6.242142397938e-01, 2.312275246583e-03, 0.0000e+00, 0.0000e+00, 
 2DIAGNOSTIC,    34, -6.329095666080e-01, 1.918898813516e-03, 0.0000e+00, 0.0000e+00, 
 2DIAGNOSTIC,    35, -6.369663000282e-01, 1.490845983157e-03, 0.0000e+00, 0.0000e+00, 
 2DIAGNOSTIC,    36, -6.375034396929e-01, 1.182750012105e-03, 0.0000e+00, 0.0000e+00, 
 2DIAGNOSTIC,    37, -6.382261189772e-01, 9.957157287147e-04, 0.0000e+00, 0.0000e+00, 
 2DIAGNOSTIC,    38, -6.388558975818e-01, 8.649234571669e-04, 0.0000e+00, 0.0000e+00, 
 2DIAGNOSTIC,    39, -6.390062265467e-01, 7.124384960246e-04, 0.0000e+00, 0.0000e+00, 
 2DIAGNOSTIC,    40, -6.390222374795e-01, 5.571063514530e-04, 0.0000e+00, 0.0000e+00, 
 2DIAGNOSTIC,    41, -6.397276508110e-01, 4.220524039574e-04, 0.0000e+00, 0.0000e+00, 
 2DIAGNOSTIC,    42, -6.403437632419e-01, 2.891644088272e-04, 0.0000e+00, 0.0000e+00, 
 2DIAGNOSTIC,    43, -6.404539294738e-01, 1.445339347973e-04, 0.0000e+00, 0.0000e+00, 
 2DIAGNOSTIC,    44, -6.405340046876e-01, 9.125395929230e-05, 0.0000e+00, 0.0000e+00, 
 2DIAGNOSTIC,    45, -6.403821685734e-01, 7.491543258198e-05, 0.0000e+00, 0.0000e+00, 
 2DIAGNOSTIC,    46, -6.404190845946e-01, 5.824298211684e-05, 0.0000e+00, 0.0000e+00, 
 2DIAGNOSTIC,    47, -6.403639694326e-01, 4.352004040980e-05, 0.0000e+00, 0.0000e+00, 
 2DIAGNOSTIC,    48, -6.403181691766e-01, 3.137616507616e-05, 0.0000e+00, 0.0000e+00, 
 2DIAGNOSTIC,    49, -6.403868068640e-01, 1.921545935172e-05, 0.0000e+00, 0.0000e+00, 
 2DIAGNOSTIC,    50, -6.406055321974e-01, 7.991517523245e-06, 0.0000e+00, 0.0000e+00, 
 2DIAGNOSTIC,    51, -6.407080447414e-01, 4.069722857457e-06, 0.0000e+00, 0.0000e+00, 
 2DIAGNOSTIC,    52, -6.409739128621e-01, 8.209651453671e-06, 0.0000e+00, 0.0000e+00, 
 2DIAGNOSTIC,    53, -6.412031122649e-01, 1.451275088912e-05, 0.0000e+00, 0.0000e+00, 
 2DIAGNOSTIC,    54, -6.417124030605e-01, 2.452403426197e-05, 0.0000e+00, 0.0000e+00, 
 2DIAGNOSTIC,    55, -6.423072658002e-01, 3.561800083836e-05, 0.0000e+00, 0.0000e+00, 
 2DIAGNOSTIC,    56, -6.426288692888e-01, 4.594124945815e-05, 0.0000e+00, 0.0000e+00, 
 2DIAGNOSTIC,    57, -6.426643572893e-01, 5.140805450242e-05, 0.0000e+00, 0.0000e+00, 
 2DIAGNOSTIC,    58, -6.426116998950e-01, 5.104423283408e-05, 0.0000e+00, 0.0000e+00, 
 2DIAGNOSTIC,    59, -6.425313946782e-01, 4.571277101243e-05, 0.0000e+00, 0.0000e+00, 
 2DIAGNOSTIC,    60, -6.425440866939e-01, 3.803563132693e-05, 0.0000e+00, 0.0000e+00, 
 2DIAGNOSTIC,    61, -6.429398914239e-01, 3.089548235390e-05, 0.0000e+00, 0.0000e+00, 
 2DIAGNOSTIC,    62, -6.433243978737e-01, 2.607278952191e-05, 0.0000e+00, 0.0000e+00, 
 2DIAGNOSTIC,    63, -6.435589646079e-01, 2.242668894028e-05, 0.0000e+00, 0.0000e+00, 
 2DIAGNOSTIC,    64, -6.436065483787e-01, 2.090301298818e-05, 0.0000e+00, 0.0000e+00, 
 2DIAGNOSTIC,    65, -6.438284969620e-01, 2.343749834325e-05, 0.0000e+00, 0.0000e+00, 
 2DIAGNOSTIC,    66, -6.443112037552e-01, 2.939299658326e-05, 0.0000e+00, 0.0000e+00, 
 2DIAGNOSTIC,    67, -6.453547606877e-01, 3.990543010356e-05, 0.0000e+00, 0.0000e+00, 
 2DIAGNOSTIC,    68, -6.463889310545e-01, 5.302798514425e-05, 0.0000e+00, 0.0000e+00, 
 2DIAGNOSTIC,    69, -6.470095827473e-01, 6.439064523947e-05, 0.0000e+00, 0.0000e+00, 
 2DIAGNOSTIC,    70, -6.471237490854e-01, 7.012917380587e-05, 0.0000e+00, 0.0000e+00, 
 2DIAGNOSTIC,    71, -6.470998392344e-01, 7.146969864624e-05, 0.0000e+00, 0.0000e+00, 
 2DIAGNOSTIC,    72, -6.471612868233e-01, 6.876944751301e-05, 0.0000e+00, 0.0000e+00, 
 2DIAGNOSTIC,    73, -6.470949729950e-01, 6.056078880061e-05, 0.0000e+00, 0.0000e+00, 
 2DIAGNOSTIC,    74, -6.470341368436e-01, 4.673860599786e-05, 0.0000e+00, 0.0000e+00, 
 2DIAGNOSTIC,    75, -6.471818788124e-01, 3.125803943426e-05, 0.0000e+00, 0.0000e+00, 
 2DIAGNOSTIC,    76, -6.472199079633e-01, 1.638651214053e-05, 0.0000e+00, 0.0000e+00, 
 2DIAGNOSTIC,    77, -6.472575187070e-01, 6.868335496261e-06, 0.0000e+00, 0.0000e+00, 
 2DIAGNOSTIC,    78, -6.474154803401e-01, 4.092704114333e-06, 0.0000e+00, 0.0000e+00, 
 2DIAGNOSTIC,    79, -6.474261955859e-01, 4.761776950411e-06, 0.0000e+00, 0.0000e+00, 
 2DIAGNOSTIC,    80, -6.475010627053e-01, 6.104697582724e-06, 0.0000e+00, 0.0000e+00, 
 2DIAGNOSTIC,    81, -6.475661506843e-01, 7.077246274264e-06, 0.0000e+00, 0.0000e+00, 
 2DIAGNOSTIC,    82, -6.475668427000e-01, 7.744861498715e-06, 0.0000e+00, 0.0000e+00, 
 2DIAGNOSTIC,    83, -6.475675520664e-01, 7.336007153748e-06, 0.0000e+00, 0.0000e+00, 
 2DIAGNOSTIC,    84, -6.475682617547e-01, 5.916069157928e-06, 0.0000e+00, 0.0000e+00, 
 2DIAGNOSTIC,    85, -6.476755047902e-01, 5.403408118852e-06, 0.0000e+00, 0.0000e+00, 
 2DIAGNOSTIC,    86, -6.476808110254e-01, 4.636662279999e-06, 0.0000e+00, 0.0000e+00, 
 2DIAGNOSTIC,    87, -6.476841462026e-01, 3.686070455122e-06, 0.0000e+00, 0.0000e+00, 
 2DIAGNOSTIC,    88, -6.476900877429e-01, 3.326169771936e-06, 0.0000e+00, 0.0000e+00, 
 2DIAGNOSTIC,    89, -6.476952774925e-01, 2.764306398314e-06, 0.0000e+00, 0.0000e+00, 
 2DIAGNOSTIC,    90, -6.475918903946e-01, 1.818494396288e-06, 0.0000e+00, 0.0000e+00, 
DIAGNOSTIC,Iteration,metricValue,convergenceValue,ITERATION_TIME_INDEX,SINCE_LAST
 2DIAGNOSTIC,     1, -5.365046632188e-01, 1.797693134862e+308, 0.0000e+00, 0.0000e+00, 
 2DIAGNOSTIC,     2, -5.375185123517e-01, 1.797693134862e+308, 0.0000e+00, 0.0000e+00, 
 2DIAGNOSTIC,     3, -5.391124417342e-01, 1.797693134862e+308, 0.0000e+00, 0.0000e+00, 
 2DIAGNOSTIC,     4, -5.409526334058e-01, 1.797693134862e+308, 0.0000e+00, 0.0000e+00, 
 2DIAGNOSTIC,     5, -5.421900742429e-01, 1.797693134862e+308, 0.0000e+00, 0.0000e+00, 
 2DIAGNOSTIC,     6, -5.441275255975e-01, 1.797693134862e+308, 0.0000e+00, 0.0000e+00, 
 2DIAGNOSTIC,     7, -5.447997999198e-01, 1.797693134862e+308, 0.0000e+00, 0.0000e+00, 
 2DIAGNOSTIC,     8, -5.447949055841e-01, 1.797693134862e+308, 0.0000e+00, 0.0000e+00, 
 2DIAGNOSTIC,     9, -5.465582348445e-01, 1.797693134862e+308, 0.0000e+00, 0.0000e+00, 
 2DIAGNOSTIC,    10, -5.468707919166e-01, 1.280221530505e-03, 0.0000e+00, 0.0000e+00, 
 2DIAGNOSTIC,    11, -5.468306566134e-01, 1.019386862110e-03, 0.0000e+00, 0.0000e+00, 
 2DIAGNOSTIC,    12, -5.468343533051e-01, 7.561251475507e-04, 0.0000e+00, 0.0000e+00, 
 2DIAGNOSTIC,    13, -5.468134630186e-01, 5.284837027786e-04, 0.0000e+00, 0.0000e+00, 
 2DIAGNOSTIC,    14, -5.468057464649e-01, 3.530309413205e-04, 0.0000e+00, 0.0000e+00, 
 2DIAGNOSTIC,    15, -5.467909139066e-01, 2.096229232138e-04, 0.0000e+00, 0.0000e+00, 
 2DIAGNOSTIC,    16, -5.467839679414e-01, 1.285365775556e-04, 0.0000e+00, 0.0000e+00, 
 2DIAGNOSTIC,    17, -5.467792911192e-01, 6.671560867028e-05, 0.0000e+00, 0.0000e+00, 
 2DIAGNOSTIC,    18, -5.467698752806e-01, 4.019997830243e-06, 0.0000e+00, 0.0000e+00, 
DIAGNOSTIC,Iteration,metricValue,convergenceValue,ITERATION_TIME_INDEX,SINCE_LAST
 2DIAGNOSTIC,     1, -4.646134964157e-01, 1.797693134862e+308, 0.0000e+00, 0.0000e+00, 
 2DIAGNOSTIC,     2, -4.649462220706e-01, 1.797693134862e+308, 0.0000e+00, 0.0000e+00, 
 2DIAGNOSTIC,     3, -4.652567441788e-01, 1.797693134862e+308, 0.0000e+00, 0.0000e+00, 
 2DIAGNOSTIC,     4, -4.653934526607e-01, 1.797693134862e+308, 0.0000e+00, 0.0000e+00, 
 2DIAGNOSTIC,     5, -4.655603467549e-01, 1.797693134862e+308, 0.0000e+00, 0.0000e+00, 
 2DIAGNOSTIC,     6, -4.657833990131e-01, 1.797693134862e+308, 0.0000e+00, 0.0000e+00, 
 2DIAGNOSTIC,     7, -4.659948981662e-01, 1.797693134862e+308, 0.0000e+00, 0.0000e+00, 
 2DIAGNOSTIC,     8, -4.670456245356e-01, 1.797693134862e+308, 0.0000e+00, 0.0000e+00, 
 2DIAGNOSTIC,     9, -4.670647978883e-01, 1.797693134862e+308, 0.0000e+00, 0.0000e+00, 
 2DIAGNOSTIC,    10, -4.670794460521e-01, 3.625352162730e-04, 0.0000e+00, 0.0000e+00, 
 2DIAGNOSTIC,    11, -4.671029013019e-01, 3.162090760686e-04, 0.0000e+00, 0.0000e+00, 
 2DIAGNOSTIC,    12, -4.672269208122e-01, 2.720727210407e-04, 0.0000e+00, 0.0000e+00, 
 2DIAGNOSTIC,    13, -4.672536913948e-01, 2.253052692063e-04, 0.0000e+00, 0.0000e+00, 
 2DIAGNOSTIC,    14, -4.673674940519e-01, 1.758178380558e-04, 0.0000e+00, 0.0000e+00, 
 2DIAGNOSTIC,    15, -4.675108308569e-01, 1.301908642256e-04, 0.0000e+00, 0.0000e+00, 
 2DIAGNOSTIC,    16, -4.675282644004e-01, 8.783824502109e-05, 0.0000e+00, 0.0000e+00, 
 2DIAGNOSTIC,    17, -4.675283552657e-01, 4.912617647985e-05, 0.0000e+00, 0.0000e+00, 
 2DIAGNOSTIC,    18, -4.675289808092e-01, 4.598226274422e-05, 0.0000e+00, 0.0000e+00, 
 2DIAGNOSTIC,    19, -4.675273538009e-01, 3.962296583235e-05, 0.0000e+00, 0.0000e+00, 
 2DIAGNOSTIC,    20, -4.675266161441e-01, 3.075013815033e-05, 0.0000e+00, 0.0000e+00, 
 2DIAGNOSTIC,    21, -4.675255791382e-01, 2.059432083510e-05, 0.0000e+00, 0.0000e+00, 
 2DIAGNOSTIC,    22, -4.675249728072e-01, 1.307771263558e-05, 0.0000e+00, 0.0000e+00, 
 2DIAGNOSTIC,    23, -4.675256036418e-01, 5.819817263823e-06, 0.0000e+00, 0.0000e+00, 
 2DIAGNOSTIC,    24, -4.675277449977e-01, 1.594185092386e-06, 0.0000e+00, 0.0000e+00, 
 2DIAGNOSTIC,    25, -4.675272354034e-01, 1.147458763749e-06, 0.0000e+00, 0.0000e+00, 
 2DIAGNOSTIC,    26, -4.675266280962e-01, 1.142287807558e-06, 0.0000e+00, 0.0000e+00, 
 2DIAGNOSTIC,    27, -4.675269762540e-01, 1.155414029140e-06, 0.0000e+00, 0.0000e+00, 
 2DIAGNOSTIC,    28, -4.675272083896e-01, 1.188102342592e-06, 0.0000e+00, 0.0000e+00, 
 2DIAGNOSTIC,    29, -4.675270485358e-01, 1.175221303419e-06, 0.0000e+00, 0.0000e+00, 
 2DIAGNOSTIC,    30, -4.675273293650e-01, 1.147660655489e-06, 0.0000e+00, 0.0000e+00, 
 2DIAGNOSTIC,    31, -4.675268218608e-01, 1.084698554206e-06, 0.0000e+00, 0.0000e+00, 
 2DIAGNOSTIC,    32, -4.675270812052e-01, 1.013853291161e-06, 0.0000e+00, 0.0000e+00, 
DIAGNOSTIC,Iteration,metricValue,convergenceValue,ITERATION_TIME_INDEX,SINCE_LAST
 2DIAGNOSTIC,     1, -4.257348326735e-01, 1.797693134862e+308, 0.0000e+00, 0.0000e+00, 
 2DIAGNOSTIC,     2, -4.258233233474e-01, 1.797693134862e+308, 0.0000e+00, 0.0000e+00, 
 2DIAGNOSTIC,     3, -4.259271380342e-01, 1.797693134862e+308, 0.0000e+00, 0.0000e+00, 
 2DIAGNOSTIC,     4, -4.259344573478e-01, 1.797693134862e+308, 0.0000e+00, 0.0000e+00, 
 2DIAGNOSTIC,     5, -4.259416596048e-01, 1.797693134862e+308, 0.0000e+00, 0.0000e+00, 
 2DIAGNOSTIC,     6, -4.259426159396e-01, 1.797693134862e+308, 0.0000e+00, 0.0000e+00, 
 2DIAGNOSTIC,     7, -4.259533958773e-01, 1.797693134862e+308, 0.0000e+00, 0.0000e+00, 
 2DIAGNOSTIC,     8, -4.259812239677e-01, 1.797693134862e+308, 0.0000e+00, 0.0000e+00, 
 2DIAGNOSTIC,     9, -4.260221019884e-01, 1.797693134862e+308, 0.0000e+00, 0.0000e+00, 
 2DIAGNOSTIC,    10, -4.260754074048e-01, 4.062770939624e-05, 0.0000e+00, 0.0000e+00, 
 2DIAGNOSTIC,    11, -4.260757615021e-01, 3.102298572949e-05, 0.0000e+00, 0.0000e+00, 
 2DIAGNOSTIC,    12, -4.260759686949e-01, 2.533103441718e-05, 0.0000e+00, 0.0000e+00, 
 2DIAGNOSTIC,    13, -4.260760949556e-01, 2.380690615277e-05, 0.0000e+00, 0.0000e+00, 
 2DIAGNOSTIC,    14, -4.260760616369e-01, 2.085971388917e-05, 0.0000e+00, 0.0000e+00, 
 2DIAGNOSTIC,    15, -4.260760614720e-01, 1.690721011829e-05, 0.0000e+00, 0.0000e+00, 
 2DIAGNOSTIC,    16, -4.260758701151e-01, 1.214523832783e-05, 0.0000e+00, 0.0000e+00, 
 2DIAGNOSTIC,    17, -4.260758694885e-01, 7.453772675643e-06, 0.0000e+00, 0.0000e+00, 
 2DIAGNOSTIC,    18, -4.260758689785e-01, 3.779831780203e-06, 0.0000e+00, 0.0000e+00, 
 2DIAGNOSTIC,    19, -4.260758221187e-01, 1.686451349930e-06, 0.0000e+00, 0.0000e+00, 
 2DIAGNOSTIC,    20, -4.260758127456e-01, 1.579072110056e-06, 0.0000e+00, 0.0000e+00, 
 2DIAGNOSTIC,    21, -4.260758090522e-01, 1.494097042726e-06, 0.0000e+00, 0.0000e+00, 
 2DIAGNOSTIC,    22, -4.260758095135e-01, 1.424992400016e-06, 0.0000e+00, 0.0000e+00, 
 2DIAGNOSTIC,    23, -4.260758085719e-01, 1.367464451049e-06, 1.0240e+03, 1.0240e+03, 
 2DIAGNOSTIC,    24, -4.260758303093e-01, 1.315863306997e-06, 1.0240e+03, 0.0000e+00, 
 2DIAGNOSTIC,    25, -4.260758333283e-01, 1.269536293633e-06, 1.0240e+03, 0.0000e+00, 
 2DIAGNOSTIC,    26, -4.260758376809e-01, 1.222263306143e-06, 1.0240e+03, 0.0000e+00, 
 2DIAGNOSTIC,    27, -4.260758053672e-01, 1.177810791814e-06, 1.0240e+03, 0.0000e+00, 
 2DIAGNOSTIC,    28, -4.260757895202e-01, 1.136254970002e-06, 1.0240e+03, 0.0000e+00, 
 2DIAGNOSTIC,    29, -4.260757934197e-01, 1.096586466735e-06, 1.0240e+03, 0.0000e+00, 
 2DIAGNOSTIC,    30, -4.260757945853e-01, 1.059415539968e-06, 1.0240e+03, 0.0000e+00, 
 2DIAGNOSTIC,    31, -4.260757959147e-01, 1.024705948358e-06, 1.0240e+03, 0.0000e+00, 
  Elapsed time (stage 0): 1.0240e+03


Total elapsed time: 1.0240e+03
Info [verificarlo]: loaded backend libinterflop_vprec.so
Info [interflop-vprec]: load backend with: 
Info [interflop-vprec]: precision-binary32 = 20
Info [interflop-vprec]: range-binary32 = 8
Info [interflop-vprec]: precision-binary64 = 20
Info [interflop-vprec]: range-binary64 = 8
Info [interflop-vprec]: mode = ob
Info [interflop-vprec]: error-mode = rel
Info [interflop-vprec]: max-abs-error-exponent = -1022
Info [interflop-vprec]: daz = false
Info [interflop-vprec]: ftz = false
Info [interflop-vprec]: 	instrument = none
Info [interflop-vprec]: 	prec-input-file = (null)
Info [interflop-vprec]: 	prec-output-file = (null)
Info [interflop-vprec]: 	prec-log-file = (null)
All_Command_lines_OK
Using double precision for computations.
=============================================================================
The composite transform comprises the following transforms (in order): 
  1. /home/mdugre/scratch/mri-registration-rp/datasets/ds004513/derivatives/mri-registration-rp/0110/antsRegistration-r8-p20/sub-s033/rigid_Composite.h5[0] (type = Euler3DTransform)
  2. /home/mdugre/scratch/mri-registration-rp/datasets/ds004513/derivatives/mri-registration-rp/0110/antsRegistration-r8-p20/sub-s033/rigid_Composite.h5[1] (type = Euler3DTransform)
  3. /home/mdugre/scratch/mri-registration-rp/datasets/ds004513/derivatives/mri-registration-rp/0110/antsRegistration-r8-p20/sub-s033/rigid_Composite.h5[2] (type = Euler3DTransform)
=============================================================================
  number of levels = 4
  fixed image: /templateflow/tpl-MNI152NLin2009cAsym/tpl-MNI152NLin2009cAsym_res-01_desc-brain_T1w.nii.gz
  moving image: /home/mdugre/scratch/mri-registration-rp/datasets/ds004513/derivatives/mri-registration-rp/antsBrainExtraction/sub-s033/BrainExtractionBrain.nii.gz
Dimension = 3
Number of stages = 1
Use histogram matching = false
Winsorize image intensities = true
  Lower quantile = 0.005
  Upper quantile = 0.995


Stage 1 State
   Image metric = MattesMI
     Fixed image = Image (0x4f51490)
  RTTI typeinfo:   itk::Image<double, 3u>
  Reference Count: 2
  Modified Time: 1592
  Debug: Off
  Object Name: 
  Observers: 
    none
  Source: (none)
  Source output name: (none)
  Release Data: Off
  Data Released: False
  Global Release Data: Off
  PipelineMTime: 0
  UpdateMTime: 1203
  RealTimeStamp: 0 seconds 
  LargestPossibleRegion: 
    Dimension: 3
    Index: [0, 0, 0]
    Size: [193, 229, 193]
  BufferedRegion: 
    Dimension: 3
    Index: [0, 0, 0]
    Size: [193, 229, 193]
  RequestedRegion: 
    Dimension: 3
    Index: [0, 0, 0]
    Size: [193, 229, 193]
  Spacing: [1, 1, 1]
  Origin: [96, 132, -78]
  Direction: 
-1 0 0
0 -1 0
0 0 1

  IndexToPointMatrix: 
-1 0 0
0 -1 0
0 0 1

  PointToIndexMatrix: 
-1 0 0
0 -1 0
0 0 1

  Inverse Direction: 
-1 0 0
0 -1 0
0 0 1

  PixelContainer: 
    ImportImageContainer (0x5009fa0)
      RTTI typeinfo:   itk::ImportImageContainer<unsigned long, double>
      Reference Count: 1
      Modified Time: 1200
      Debug: Off
      Object Name: 
      Observers: 
        none
      Pointer: 0x151ba9484010
      Container manages memory: true
      Size: 8530021
      Capacity: 8530021

     Moving image = Image (0x500cd20)
  RTTI typeinfo:   itk::Image<double, 3u>
  Reference Count: 2
  Modified Time: 1593
  Debug: Off
  Object Name: 
  Observers: 
    none
  Source: (none)
  Source output name: (none)
  Release Data: Off
  Data Released: False
  Global Release Data: Off
  PipelineMTime: 0
  UpdateMTime: 1590
  RealTimeStamp: 0 seconds 
  LargestPossibleRegion: 
    Dimension: 3
    Index: [0, 0, 0]
    Size: [160, 240, 256]
  BufferedRegion: 
    Dimension: 3
    Index: [0, 0, 0]
    Size: [160, 240, 256]
  RequestedRegion: 
    Dimension: 3
    Index: [0, 0, 0]
    Size: [160, 240, 256]
  Spacing: [1, 1, 1]
  Origin: [91.5134, 94.282, -109.927]
  Direction: 
-0.99591 -0.0698718 -0.0572835
0.0697565 -0.997556 0.00401236
-0.0574239 5.01125e-08 0.99835

  IndexToPointMatrix: 
-0.99591 -0.0698718 -0.0572835
0.0697565 -0.997556 0.00401236
-0.0574239 5.01125e-08 0.99835

  PointToIndexMatrix: 
-0.995912 0.0697566 -0.057424
-0.069872 -0.997557 5.02915e-08
-0.0572836 0.00401236 0.99835

  Inverse Direction: 
-0.995912 0.0697566 -0.057424
-0.069872 -0.997557 5.02915e-08
-0.0572836 0.00401236 0.99835

  PixelContainer: 
    ImportImageContainer (0x50c8390)
      RTTI typeinfo:   itk::ImportImageContainer<unsigned long, double>
      Reference Count: 1
      Modified Time: 1587
      Debug: Off
      Object Name: 
      Observers: 
        none
      Pointer: 0x151ba4983010
      Container manages memory: true
      Size: 9830400
      Capacity: 9830400

     Weighting = 1
     Sampling strategy = regular
     Number of bins = 32
     Radius = 4
     Sampling percentage  = 0.25
   Transform = Affine
     Gradient step = 0.1
     Update field sigma (voxel space) = 0
     Total field sigma (voxel space) = 0
     Update field time sigma = 0
     Total field time sigma  = 0
     Number of time indices = 0
     Number of time point samples = 0
Registration using 1 total stages.

Stage 0
  iterations = 1000x500x250x100
  convergence threshold = 1e-06
  convergence window size = 10
  number of levels = 4
  using the Mattes MI metric (number of bins = 32, weight = 1, use gradient filter = 0)
  preprocessing:  winsorizing the image intensities
  Shrink factors (level 1 out of 4): [8, 8, 8]
  Shrink factors (level 2 out of 4): [4, 4, 4]
  Shrink factors (level 3 out of 4): [2, 2, 2]
  Shrink factors (level 4 out of 4): [1, 1, 1]
  smoothing sigmas per level: [3, 2, 1, 0]
  regular sampling (percentage = 0.25)

*** Running AffineTransform registration ***

DIAGNOSTIC,Iteration,metricValue,convergenceValue,ITERATION_TIME_INDEX,SINCE_LAST
 2DIAGNOSTIC,     1, -6.384874549854e-01, 1.797693134862e+308, 0.0000e+00, 0.0000e+00, 
 2DIAGNOSTIC,     2, -6.411330380975e-01, 1.797693134862e+308, 0.0000e+00, 0.0000e+00, 
 2DIAGNOSTIC,     3, -6.455160781312e-01, 1.797693134862e+308, 0.0000e+00, 0.0000e+00, 
 2DIAGNOSTIC,     4, -6.522773557098e-01, 1.797693134862e+308, 0.0000e+00, 0.0000e+00, 
 2DIAGNOSTIC,     5, -6.630269891023e-01, 1.797693134862e+308, 0.0000e+00, 0.0000e+00, 
 2DIAGNOSTIC,     6, -6.813429645546e-01, 1.797693134862e+308, 0.0000e+00, 0.0000e+00, 
 2DIAGNOSTIC,     7, -7.289417614751e-01, 1.797693134862e+308, 0.0000e+00, 0.0000e+00, 
 2DIAGNOSTIC,     8, -8.363409420410e-01, 1.797693134862e+308, 0.0000e+00, 0.0000e+00, 
 2DIAGNOSTIC,     9, -8.646435037715e-01, 1.797693134862e+308, 0.0000e+00, 0.0000e+00, 
 2DIAGNOSTIC,    10, -8.794241878387e-01, 2.393913300565e-02, 0.0000e+00, 0.0000e+00, 
 2DIAGNOSTIC,    11, -8.964753230822e-01, 2.439566877774e-02, 0.0000e+00, 0.0000e+00, 
 2DIAGNOSTIC,    12, -9.035418673872e-01, 2.286926332296e-02, 0.0000e+00, 0.0000e+00, 
 2DIAGNOSTIC,    13, -9.047467694041e-01, 1.969844720645e-02, 0.0000e+00, 0.0000e+00, 
 2DIAGNOSTIC,    14, -9.050066760634e-01, 1.547697165760e-02, 0.0000e+00, 0.0000e+00, 
 2DIAGNOSTIC,    15, -9.052557447610e-01, 1.081127403902e-02, 0.0000e+00, 0.0000e+00, 
 2DIAGNOSTIC,    16, -9.054185261186e-01, 6.247536022860e-03, 0.0000e+00, 0.0000e+00, 
 2DIAGNOSTIC,    17, -9.060524424187e-01, 2.678083725818e-03, 0.0000e+00, 0.0000e+00, 
 2DIAGNOSTIC,    18, -9.067345201423e-01, 1.426043958165e-03, 0.0000e+00, 0.0000e+00, 
 2DIAGNOSTIC,    19, -9.068494617919e-01, 7.138159572613e-04, 0.0000e+00, 0.0000e+00, 
 2DIAGNOSTIC,    20, -9.067980228730e-01, 2.658125002428e-04, 0.0000e+00, 0.0000e+00, 
 2DIAGNOSTIC,    21, -9.068828937554e-01, 1.211166028161e-04, 0.0000e+00, 0.0000e+00, 
 2DIAGNOSTIC,    22, -9.068100298925e-01, 8.903036720970e-05, 0.0000e+00, 0.0000e+00, 
 2DIAGNOSTIC,    23, -9.068544013697e-01, 7.034410094044e-05, 0.0000e+00, 0.0000e+00, 
 2DIAGNOSTIC,    24, -9.067236645297e-01, 4.878090648415e-05, 0.0000e+00, 0.0000e+00, 
 2DIAGNOSTIC,    25, -9.064469398803e-01, 2.452765095474e-05, 0.0000e+00, 0.0000e+00, 
 2DIAGNOSTIC,    26, -9.064591796518e-01, 2.394189385600e-06, 0.0000e+00, 0.0000e+00, 
DIAGNOSTIC,Iteration,metricValue,convergenceValue,ITERATION_TIME_INDEX,SINCE_LAST
 2DIAGNOSTIC,     1, -7.447049884749e-01, 1.797693134862e+308, 0.0000e+00, 0.0000e+00, 
 2DIAGNOSTIC,     2, -7.453388066047e-01, 1.797693134862e+308, 0.0000e+00, 0.0000e+00, 
 2DIAGNOSTIC,     3, -7.460262988882e-01, 1.797693134862e+308, 0.0000e+00, 0.0000e+00, 
 2DIAGNOSTIC,     4, -7.466967477940e-01, 1.797693134862e+308, 0.0000e+00, 0.0000e+00, 
 2DIAGNOSTIC,     5, -7.475184410554e-01, 1.797693134862e+308, 0.0000e+00, 0.0000e+00, 
 2DIAGNOSTIC,     6, -7.483294770812e-01, 1.797693134862e+308, 0.0000e+00, 0.0000e+00, 
 2DIAGNOSTIC,     7, -7.483269017881e-01, 1.797693134862e+308, 0.0000e+00, 0.0000e+00, 
 2DIAGNOSTIC,     8, -7.485654937315e-01, 1.797693134862e+308, 0.0000e+00, 0.0000e+00, 
 2DIAGNOSTIC,     9, -7.486837359014e-01, 1.797693134862e+308, 0.0000e+00, 0.0000e+00, 
 2DIAGNOSTIC,    10, -7.486564543901e-01, 3.664479482226e-04, 0.0000e+00, 0.0000e+00, 
 2DIAGNOSTIC,    11, -7.486477519942e-01, 2.618222187954e-04, 0.0000e+00, 0.0000e+00, 
 2DIAGNOSTIC,    12, -7.486589373027e-01, 1.718744833708e-04, 0.0000e+00, 0.0000e+00, 
 2DIAGNOSTIC,    13, -7.486810643166e-01, 1.012171074807e-04, 0.0000e+00, 0.0000e+00, 
 2DIAGNOSTIC,    14, -7.486622011444e-01, 4.892047725572e-05, 0.0000e+00, 0.0000e+00, 
 2DIAGNOSTIC,    15, -7.486467584393e-01, 1.931184828519e-05, 0.0000e+00, 0.0000e+00, 
 2DIAGNOSTIC,    16, -7.486407713951e-01, 1.108997502795e-05, 0.0000e+00, 0.0000e+00, 
 2DIAGNOSTIC,    17, -7.486161228864e-01, 2.246598728863e-06, 0.0000e+00, 0.0000e+00, 
DIAGNOSTIC,Iteration,metricValue,convergenceValue,ITERATION_TIME_INDEX,SINCE_LAST
 2DIAGNOSTIC,     1, -6.323324073479e-01, 1.797693134862e+308, 0.0000e+00, 0.0000e+00, 
 2DIAGNOSTIC,     2, -6.329013886963e-01, 1.797693134862e+308, 0.0000e+00, 0.0000e+00, 
 2DIAGNOSTIC,     3, -6.335238859844e-01, 1.797693134862e+308, 0.0000e+00, 0.0000e+00, 
 2DIAGNOSTIC,     4, -6.342898049885e-01, 1.797693134862e+308, 0.0000e+00, 0.0000e+00, 
 2DIAGNOSTIC,     5, -6.361165770798e-01, 1.797693134862e+308, 0.0000e+00, 0.0000e+00, 
 2DIAGNOSTIC,     6, -6.361259166051e-01, 1.797693134862e+308, 0.0000e+00, 0.0000e+00, 
 2DIAGNOSTIC,     7, -6.361216475551e-01, 1.797693134862e+308, 0.0000e+00, 0.0000e+00, 
 2DIAGNOSTIC,     8, -6.361181561254e-01, 1.797693134862e+308, 0.0000e+00, 0.0000e+00, 
 2DIAGNOSTIC,     9, -6.361189699257e-01, 1.797693134862e+308, 0.0000e+00, 0.0000e+00, 
 2DIAGNOSTIC,    10, -6.361155505123e-01, 4.181983184511e-04, 0.0000e+00, 0.0000e+00, 
 2DIAGNOSTIC,    11, -6.361215093994e-01, 2.782681009659e-04, 0.0000e+00, 0.0000e+00, 
 2DIAGNOSTIC,    12, -6.361195891251e-01, 1.589359911971e-04, 0.0000e+00, 0.0000e+00, 
 2DIAGNOSTIC,    13, -6.361198639617e-01, 6.532443769305e-05, 0.0000e+00, 0.0000e+00, 
 2DIAGNOSTIC,    14, -6.361160109631e-01, 2.074079385628e-06, 0.0000e+00, 0.0000e+00, 
 2DIAGNOSTIC,    15, -6.361162872945e-01, 1.763260467483e-06, 0.0000e+00, 0.0000e+00, 
 2DIAGNOSTIC,    16, -6.361153037427e-01, 1.756942943631e-06, 0.0000e+00, 0.0000e+00, 
 2DIAGNOSTIC,    17, -6.361156577377e-01, 1.670712199767e-06, 0.0000e+00, 0.0000e+00, 
 2DIAGNOSTIC,    18, -6.361145160856e-01, 1.498482665591e-06, 0.0000e+00, 0.0000e+00, 
 2DIAGNOSTIC,    19, -6.361149569477e-01, 1.404251228312e-06, 0.0000e+00, 0.0000e+00, 
 2DIAGNOSTIC,    20, -6.361139224884e-01, 1.240720991121e-06, 0.0000e+00, 0.0000e+00, 
 2DIAGNOSTIC,    21, -6.361144525554e-01, 1.264242288447e-06, 0.0000e+00, 0.0000e+00, 
 2DIAGNOSTIC,    22, -6.361133968650e-01, 1.247279393435e-06, 0.0000e+00, 0.0000e+00, 
 2DIAGNOSTIC,    23, -6.361123070494e-01, 1.237261515546e-06, 0.0000e+00, 0.0000e+00, 
 2DIAGNOSTIC,    24, -6.361111923846e-01, 1.149571972746e-06, 0.0000e+00, 0.0000e+00, 
 2DIAGNOSTIC,    25, -6.361116809144e-01, 1.099723707140e-06, 0.0000e+00, 0.0000e+00, 
 2DIAGNOSTIC,    26, -6.361122535919e-01, 1.061905183640e-06, 0.0000e+00, 0.0000e+00, 
 2DIAGNOSTIC,    27, -6.361120420624e-01, 1.044766054670e-06, 0.0000e+00, 0.0000e+00, 
 2DIAGNOSTIC,    28, -6.361119371946e-01, 1.022111820057e-06, 0.0000e+00, 0.0000e+00, 
DIAGNOSTIC,Iteration,metricValue,convergenceValue,ITERATION_TIME_INDEX,SINCE_LAST
 2DIAGNOSTIC,     1, -5.621578626586e-01, 1.797693134862e+308, 0.0000e+00, 0.0000e+00, 
 2DIAGNOSTIC,     2, -5.624744384617e-01, 1.797693134862e+308, 0.0000e+00, 0.0000e+00, 
 2DIAGNOSTIC,     3, -5.628457947806e-01, 1.797693134862e+308, 0.0000e+00, 0.0000e+00, 
 2DIAGNOSTIC,     4, -5.632559771833e-01, 1.797693134862e+308, 0.0000e+00, 0.0000e+00, 
 2DIAGNOSTIC,     5, -5.642028066265e-01, 1.797693134862e+308, 0.0000e+00, 0.0000e+00, 
 2DIAGNOSTIC,     6, -5.642050175245e-01, 1.797693134862e+308, 0.0000e+00, 0.0000e+00, 
 2DIAGNOSTIC,     7, -5.642054487081e-01, 1.797693134862e+308, 0.0000e+00, 0.0000e+00, 
 2DIAGNOSTIC,     8, -5.642053431975e-01, 1.797693134862e+308, 0.0000e+00, 0.0000e+00, 
 2DIAGNOSTIC,     9, -5.642050240333e-01, 1.797693134862e+308, 0.0000e+00, 0.0000e+00, 
 2DIAGNOSTIC,    10, -5.642050398389e-01, 2.531625744248e-04, 0.0000e+00, 0.0000e+00, 
