
##########################
# Experiment information #
##########################

EXPERIMENT_NAME: antsRegistration-r7-p22
VFC_BACKENDS: libinterflop_vprec.so --range-binary32=7 --precision-binary32=22 --range-binary64=7 --precision-binary64=22

SIF_IMG: /home/mdugre/projects/rrg-glatard/mdugre/containers/ants-vprec-no_metrics.simg

SUBJECT_ID: s035
INPUT_IMG: /home/mdugre/scratch/mri-registration-rp/datasets/ds004513/derivatives/mri-registration-rp/antsBrainExtraction/sub-s035/BrainExtractionBrain.nii.gz
OUTPUT_DIR: /home/mdugre/scratch/mri-registration-rp/datasets/ds004513/derivatives/mri-registration-rp/0110/antsRegistration-r7-p22/sub-s035

FIXED_IMG: /templateflow/tpl-MNI152NLin2009cAsym/tpl-MNI152NLin2009cAsym_res-01_desc-brain_T1w.nii.gz
DATA_DIR: /home/mdugre/scratch/mri-registration-rp/datasets/ds004513
TEMPLATEFLOW_DIR: /home/mdugre/projects/rrg-glatard/mdugre/templateflow
ITK_GLOBAL_DEFAULT_NUMBER_OF_THREADS: 16
##########################

Info [verificarlo]: loaded backend libinterflop_ieee.so
Info [interflop-ieee]: load backend with:
Info [interflop-ieee]: debug = false
Info [interflop-ieee]: debug-binary = false
Info [interflop-ieee]: no-backend-name = false
Info [interflop-ieee]: print-new-line = false
Info [interflop-ieee]: print-subnormal-normalized = false
Info [interflop-ieee]: count-op = false
All_Command_lines_OK
Using double precision for computations.
=============================================================================
The composite transform comprises the following transforms (in order): 
  1. Center of mass alignment using fixed image: /templateflow/tpl-MNI152NLin2009cAsym/tpl-MNI152NLin2009cAsym_res-01_desc-brain_T1w.nii.gz and moving image: /home/mdugre/scratch/mri-registration-rp/datasets/ds004513/derivatives/mri-registration-rp/antsBrainExtraction/sub-s035/BrainExtractionBrain.nii.gz (type = Euler3DTransform)
=============================================================================
  number of levels = 1
  fixed image: /templateflow/tpl-MNI152NLin2009cAsym/tpl-MNI152NLin2009cAsym_res-01_desc-brain_T1w.nii.gz
  moving image: /home/mdugre/scratch/mri-registration-rp/datasets/ds004513/derivatives/mri-registration-rp/antsBrainExtraction/sub-s035/BrainExtractionBrain.nii.gz
Dimension = 3
Number of stages = 1
Use histogram matching = false
Winsorize image intensities = true
  Lower quantile = 0.005
  Upper quantile = 0.995


Stage 1 State
   Image metric = MattesMI
     Fixed image = Image (0x45aae70)
  RTTI typeinfo:   itk::Image<double, 3u>
  Reference Count: 2
  Modified Time: 2330
  Debug: Off
  Object Name: 
  Observers: 
    none
  Source: (none)
  Source output name: (none)
  Release Data: Off
  Data Released: False
  Global Release Data: Off
  PipelineMTime: 0
  UpdateMTime: 1941
  RealTimeStamp: 0 seconds 
  LargestPossibleRegion: 
    Dimension: 3
    Index: [0, 0, 0]
    Size: [193, 229, 193]
  BufferedRegion: 
    Dimension: 3
    Index: [0, 0, 0]
    Size: [193, 229, 193]
  RequestedRegion: 
    Dimension: 3
    Index: [0, 0, 0]
    Size: [193, 229, 193]
  Spacing: [1, 1, 1]
  Origin: [96, 132, -78]
  Direction: 
-1 0 0
0 -1 0
0 0 1

  IndexToPointMatrix: 
-1 0 0
0 -1 0
0 0 1

  PointToIndexMatrix: 
-1 0 0
0 -1 0
0 0 1

  Inverse Direction: 
-1 0 0
0 -1 0
0 0 1

  PixelContainer: 
    ImportImageContainer (0x45b3c60)
      RTTI typeinfo:   itk::ImportImageContainer<unsigned long, double>
      Reference Count: 1
      Modified Time: 1938
      Debug: Off
      Object Name: 
      Observers: 
        none
      Pointer: 0x15366353c010
      Container manages memory: true
      Size: 8530021
      Capacity: 8530021

     Moving image = Image (0x4647ec0)
  RTTI typeinfo:   itk::Image<double, 3u>
  Reference Count: 2
  Modified Time: 2331
  Debug: Off
  Object Name: 
  Observers: 
    none
  Source: (none)
  Source output name: (none)
  Release Data: Off
  Data Released: False
  Global Release Data: Off
  PipelineMTime: 0
  UpdateMTime: 2328
  RealTimeStamp: 0 seconds 
  LargestPossibleRegion: 
    Dimension: 3
    Index: [0, 0, 0]
    Size: [160, 240, 256]
  BufferedRegion: 
    Dimension: 3
    Index: [0, 0, 0]
    Size: [160, 240, 256]
  RequestedRegion: 
    Dimension: 3
    Index: [0, 0, 0]
    Size: [160, 240, 256]
  Spacing: [1, 1, 1]
  Origin: [98.6438, 87.6358, -117.989]
  Direction: 
-0.993515 -0.100993 -0.0522355
0.100854 -0.994887 0.00530255
-0.0525039 1.93537e-08 0.998621

  IndexToPointMatrix: 
-0.993515 -0.100993 -0.0522355
0.100854 -0.994887 0.00530255
-0.0525039 1.93537e-08 0.998621

  PointToIndexMatrix: 
-0.993515 0.100854 -0.0525039
-0.100993 -0.994887 1.93006e-08
-0.0522355 0.00530255 0.998621

  Inverse Direction: 
-0.993515 0.100854 -0.0525039
-0.100993 -0.994887 1.93006e-08
-0.0522355 0.00530255 0.998621

  PixelContainer: 
    ImportImageContainer (0x46df610)
      RTTI typeinfo:   itk::ImportImageContainer<unsigned long, double>
      Reference Count: 1
      Modified Time: 2325
      Debug: Off
      Object Name: 
      Observers: 
        none
      Pointer: 0x15365ea3b010
      Container manages memory: true
      Size: 9830400
      Capacity: 9830400

     Weighting = 1
     Sampling strategy = regular
     Number of bins = 32
     Radius = 4
     Sampling percentage  = 0.25
   Transform = Rigid
     Gradient step = 0.1
     Update field sigma (voxel space) = 0
     Total field sigma (voxel space) = 0
     Update field time sigma = 0
     Total field time sigma  = 0
     Number of time indices = 0
     Number of time point samples = 0
Registration using 1 total stages.

Stage 0
  iterations = 0
  convergence threshold = 1e-06
  convergence window size = 10
  number of levels = 1
  using the Mattes MI metric (number of bins = 32, weight = 1, use gradient filter = 0)
  preprocessing:  winsorizing the image intensities
  Shrink factors (level 1 out of 1): [1, 1, 1]
  smoothing sigmas per level: [0]
  regular sampling (percentage = 0.25)

*** Running Euler3DTransform registration ***

  Elapsed time (stage 0): 0.911728


Total elapsed time: 0.913963
Info [verificarlo]: loaded backend libinterflop_vprec.so
Info [interflop-vprec]: load backend with: 
Info [interflop-vprec]: precision-binary32 = 22
Info [interflop-vprec]: range-binary32 = 7
Info [interflop-vprec]: precision-binary64 = 22
Info [interflop-vprec]: range-binary64 = 7
Info [interflop-vprec]: mode = ob
Info [interflop-vprec]: error-mode = rel
Info [interflop-vprec]: max-abs-error-exponent = -1022
Info [interflop-vprec]: daz = false
Info [interflop-vprec]: ftz = false
Info [interflop-vprec]: 	instrument = none
Info [interflop-vprec]: 	prec-input-file = (null)
Info [interflop-vprec]: 	prec-output-file = (null)
Info [interflop-vprec]: 	prec-log-file = (null)
All_Command_lines_OK
Using double precision for computations.
=============================================================================
The composite transform comprises the following transforms (in order): 
  1. /home/mdugre/scratch/mri-registration-rp/datasets/ds004513/derivatives/mri-registration-rp/0110/antsRegistration-r7-p22/sub-s035/align_Composite.h5[0] (type = Euler3DTransform)
  2. /home/mdugre/scratch/mri-registration-rp/datasets/ds004513/derivatives/mri-registration-rp/0110/antsRegistration-r7-p22/sub-s035/align_Composite.h5[1] (type = Euler3DTransform)
=============================================================================
  number of levels = 4
  fixed image: /templateflow/tpl-MNI152NLin2009cAsym/tpl-MNI152NLin2009cAsym_res-01_desc-brain_T1w.nii.gz
  moving image: /home/mdugre/scratch/mri-registration-rp/datasets/ds004513/derivatives/mri-registration-rp/antsBrainExtraction/sub-s035/BrainExtractionBrain.nii.gz
Dimension = 3
Number of stages = 1
Use histogram matching = false
Winsorize image intensities = true
  Lower quantile = 0.005
  Upper quantile = 0.995


Stage 1 State
   Image metric = MattesMI
     Fixed image = Image (0x49131e0)
  RTTI typeinfo:   itk::Image<double, 3u>
  Reference Count: 2
  Modified Time: 1578
  Debug: Off
  Object Name: 
  Observers: 
    none
  Source: (none)
  Source output name: (none)
  Release Data: Off
  Data Released: False
  Global Release Data: Off
  PipelineMTime: 0
  UpdateMTime: 1189
  RealTimeStamp: 0 seconds 
  LargestPossibleRegion: 
    Dimension: 3
    Index: [0, 0, 0]
    Size: [193, 229, 193]
  BufferedRegion: 
    Dimension: 3
    Index: [0, 0, 0]
    Size: [193, 229, 193]
  RequestedRegion: 
    Dimension: 3
    Index: [0, 0, 0]
    Size: [193, 229, 193]
  Spacing: [1, 1, 1]
  Origin: [96, 132, -78]
  Direction: 
-1 0 0
0 -1 0
0 0 1

  IndexToPointMatrix: 
-1 0 0
0 -1 0
0 0 1

  PointToIndexMatrix: 
-1 0 0
0 -1 0
0 0 1

  Inverse Direction: 
-1 0 0
0 -1 0
0 0 1

  PixelContainer: 
    ImportImageContainer (0x49d2680)
      RTTI typeinfo:   itk::ImportImageContainer<unsigned long, double>
      Reference Count: 1
      Modified Time: 1186
      Debug: Off
      Object Name: 
      Observers: 
        none
      Pointer: 0x145872702010
      Container manages memory: true
      Size: 8530021
      Capacity: 8530021

     Moving image = Image (0x49ceb20)
  RTTI typeinfo:   itk::Image<double, 3u>
  Reference Count: 2
  Modified Time: 1579
  Debug: Off
  Object Name: 
  Observers: 
    none
  Source: (none)
  Source output name: (none)
  Release Data: Off
  Data Released: False
  Global Release Data: Off
  PipelineMTime: 0
  UpdateMTime: 1576
  RealTimeStamp: 0 seconds 
  LargestPossibleRegion: 
    Dimension: 3
    Index: [0, 0, 0]
    Size: [160, 240, 256]
  BufferedRegion: 
    Dimension: 3
    Index: [0, 0, 0]
    Size: [160, 240, 256]
  RequestedRegion: 
    Dimension: 3
    Index: [0, 0, 0]
    Size: [160, 240, 256]
  Spacing: [1, 1, 1]
  Origin: [98.6438, 87.6358, -117.989]
  Direction: 
-0.993515 -0.100993 -0.0522355
0.100854 -0.994887 0.00530255
-0.0525039 1.93537e-08 0.998621

  IndexToPointMatrix: 
-0.993515 -0.100993 -0.0522355
0.100854 -0.994887 0.00530255
-0.0525039 1.93537e-08 0.998621

  PointToIndexMatrix: 
-0.993515 0.100854 -0.0525039
-0.100993 -0.994887 -1.78814e-07
-0.0522355 0.00530255 0.998621

  Inverse Direction: 
-0.993515 0.100854 -0.0525039
-0.100993 -0.994887 -1.78814e-07
-0.0522355 0.00530255 0.998621

  PixelContainer: 
    ImportImageContainer (0x4a37d50)
      RTTI typeinfo:   itk::ImportImageContainer<unsigned long, double>
      Reference Count: 1
      Modified Time: 1573
      Debug: Off
      Object Name: 
      Observers: 
        none
      Pointer: 0x14586dc01010
      Container manages memory: true
      Size: 9830400
      Capacity: 9830400

     Weighting = 1
     Sampling strategy = regular
     Number of bins = 32
     Radius = 4
     Sampling percentage  = 0.25
   Transform = Rigid
     Gradient step = 0.1
     Update field sigma (voxel space) = 0
     Total field sigma (voxel space) = 0
     Update field time sigma = 0
     Total field time sigma  = 0
     Number of time indices = 0
     Number of time point samples = 0
Registration using 1 total stages.

Stage 0
  iterations = 1000x500x250x100
  convergence threshold = 1e-06
  convergence window size = 10
  number of levels = 4
  using the Mattes MI metric (number of bins = 32, weight = 1, use gradient filter = 0)
  preprocessing:  winsorizing the image intensities
  Shrink factors (level 1 out of 4): [8, 8, 8]
  Shrink factors (level 2 out of 4): [4, 4, 4]
  Shrink factors (level 3 out of 4): [2, 2, 2]
  Shrink factors (level 4 out of 4): [1, 1, 1]
  smoothing sigmas per level: [3, 2, 1, 0]
  regular sampling (percentage = 0.25)

*** Running Euler3DTransform registration ***

DIAGNOSTIC,Iteration,metricValue,convergenceValue,ITERATION_TIME_INDEX,SINCE_LAST
 2DIAGNOSTIC,     1, -5.238620255813e-01, 1.797693134862e+308, 0.0000e+00, 0.0000e+00, 
 2DIAGNOSTIC,     2, -5.257895045712e-01, 1.797693134862e+308, 0.0000e+00, 0.0000e+00, 
 2DIAGNOSTIC,     3, -5.278618847225e-01, 1.797693134862e+308, 0.0000e+00, 0.0000e+00, 
 2DIAGNOSTIC,     4, -5.301596792179e-01, 1.797693134862e+308, 0.0000e+00, 0.0000e+00, 
 2DIAGNOSTIC,     5, -5.343530097432e-01, 1.797693134862e+308, 0.0000e+00, 0.0000e+00, 
 2DIAGNOSTIC,     6, -5.399395474756e-01, 1.797693134862e+308, 0.0000e+00, 0.0000e+00, 
 2DIAGNOSTIC,     7, -5.490911579401e-01, 1.797693134862e+308, 0.0000e+00, 0.0000e+00, 
 2DIAGNOSTIC,     8, -5.544368892226e-01, 1.797693134862e+308, 0.0000e+00, 0.0000e+00, 
 2DIAGNOSTIC,     9, -5.601980156232e-01, 1.797693134862e+308, 0.0000e+00, 0.0000e+00, 
 2DIAGNOSTIC,    10, -5.618409683293e-01, 5.072823112499e-03, 0.0000e+00, 0.0000e+00, 
 2DIAGNOSTIC,    11, -5.649179250084e-01, 4.799260317775e-03, 0.0000e+00, 0.0000e+00, 
 2DIAGNOSTIC,    12, -5.655125680395e-01, 4.247842608740e-03, 0.0000e+00, 0.0000e+00, 
 2DIAGNOSTIC,    13, -5.673826148955e-01, 3.557893929753e-03, 0.0000e+00, 0.0000e+00, 
 2DIAGNOSTIC,    14, -5.728843265214e-01, 2.933866741143e-03, 0.0000e+00, 0.0000e+00, 
 2DIAGNOSTIC,    15, -5.861377001495e-01, 2.721094895633e-03, 0.0000e+00, 0.0000e+00, 
 2DIAGNOSTIC,    16, -5.926394549932e-01, 2.660048834338e-03, 0.0000e+00, 0.0000e+00, 
 2DIAGNOSTIC,    17, -5.981281101280e-01, 2.800995997731e-03, 0.0000e+00, 0.0000e+00, 
 2DIAGNOSTIC,    18, -6.026374040605e-01, 2.944604870588e-03, 0.0000e+00, 0.0000e+00, 
 2DIAGNOSTIC,    19, -6.048954875027e-01, 3.010709676617e-03, 0.0000e+00, 0.0000e+00, 
 2DIAGNOSTIC,    20, -6.060414309796e-01, 2.855198338351e-03, 0.0000e+00, 0.0000e+00, 
 2DIAGNOSTIC,    21, -6.080860485311e-01, 2.572417509006e-03, 0.0000e+00, 0.0000e+00, 
 2DIAGNOSTIC,    22, -6.083592517500e-01, 2.099658025137e-03, 0.0000e+00, 0.0000e+00, 
 2DIAGNOSTIC,    23, -6.083591096314e-01, 1.516559141283e-03, 0.0000e+00, 0.0000e+00, 
 2DIAGNOSTIC,    24, -6.083627707714e-01, 9.529424595425e-04, 0.0000e+00, 0.0000e+00, 
 2DIAGNOSTIC,    25, -6.083690138445e-01, 6.099263988581e-04, 0.0000e+00, 0.0000e+00, 
 2DIAGNOSTIC,    26, -6.083793428057e-01, 3.598227799283e-04, 0.0000e+00, 0.0000e+00, 
 2DIAGNOSTIC,    27, -6.083970214607e-01, 1.946573639875e-04, 0.0000e+00, 0.0000e+00, 
 2DIAGNOSTIC,    28, -6.084268526209e-01, 1.033610481097e-04, 0.0000e+00, 0.0000e+00, 
 2DIAGNOSTIC,    29, -6.084768156895e-01, 4.817302542271e-05, 0.0000e+00, 0.0000e+00, 
 2DIAGNOSTIC,    30, -6.086448341932e-01, 1.301640126510e-05, 0.0000e+00, 0.0000e+00, 
 2DIAGNOSTIC,    31, -6.087874414142e-01, 1.354107508589e-05, 0.0000e+00, 0.0000e+00, 
 2DIAGNOSTIC,    32, -6.090180380099e-01, 2.053859472106e-05, 0.0000e+00, 0.0000e+00, 
 2DIAGNOSTIC,    33, -6.092346397667e-01, 2.841142549228e-05, 0.0000e+00, 0.0000e+00, 
 2DIAGNOSTIC,    34, -6.094864597358e-01, 3.683508255884e-05, 0.0000e+00, 0.0000e+00, 
 2DIAGNOSTIC,    35, -6.101771174590e-01, 5.100485324560e-05, 0.0000e+00, 0.0000e+00, 
 2DIAGNOSTIC,    36, -6.109446844538e-01, 6.989552522942e-05, 0.0000e+00, 0.0000e+00, 
 2DIAGNOSTIC,    37, -6.125086828547e-01, 1.017841141314e-04, 0.0000e+00, 0.0000e+00, 
 2DIAGNOSTIC,    38, -6.146173784686e-01, 1.492965467531e-04, 0.0000e+00, 0.0000e+00, 
 2DIAGNOSTIC,    39, -6.160526347435e-01, 1.981371245327e-04, 0.0000e+00, 0.0000e+00, 
 2DIAGNOSTIC,    40, -6.166349392306e-01, 2.346616032531e-04, 0.0000e+00, 0.0000e+00, 
 2DIAGNOSTIC,    41, -6.170595962339e-01, 2.538795782005e-04, 0.0000e+00, 0.0000e+00, 
 2DIAGNOSTIC,    42, -6.179470523613e-01, 2.607300065335e-04, 0.0000e+00, 0.0000e+00, 
 2DIAGNOSTIC,    43, -6.187930821557e-01, 2.538644476167e-04, 0.0000e+00, 0.0000e+00, 
 2DIAGNOSTIC,    44, -6.213335879176e-01, 2.534414258238e-04, 0.0000e+00, 0.0000e+00, 
 2DIAGNOSTIC,    45, -6.270784781895e-01, 2.973218689806e-04, 0.0000e+00, 0.0000e+00, 
 2DIAGNOSTIC,    46, -6.470104671066e-01, 5.253934343414e-04, 0.0000e+00, 0.0000e+00, 
 2DIAGNOSTIC,    47, -6.510258846044e-01, 7.443121425910e-04, 0.0000e+00, 0.0000e+00, 
 2DIAGNOSTIC,    48, -6.571709943124e-01, 9.658394889404e-04, 0.0000e+00, 0.0000e+00, 
 2DIAGNOSTIC,    49, -6.794560598841e-01, 1.316387997187e-03, 0.0000e+00, 0.0000e+00, 
 2DIAGNOSTIC,    50, -6.844568630658e-01, 1.571716120612e-03, 0.0000e+00, 0.0000e+00, 
 2DIAGNOSTIC,    51, -6.848990535833e-01, 1.672292309275e-03, 0.0000e+00, 0.0000e+00, 
 2DIAGNOSTIC,    52, -6.851561909041e-01, 1.622066692520e-03, 0.0000e+00, 0.0000e+00, 
 2DIAGNOSTIC,    53, -6.855512817643e-01, 1.431589651465e-03, 0.0000e+00, 0.0000e+00, 
 2DIAGNOSTIC,    54, -6.855618269481e-01, 1.131890870473e-03, 0.0000e+00, 0.0000e+00, 
 2DIAGNOSTIC,    55, -6.856278159662e-01, 7.807347039484e-04, 0.0000e+00, 0.0000e+00, 
 2DIAGNOSTIC,    56, -6.857176322451e-01, 5.388253948431e-04, 0.0000e+00, 0.0000e+00, 
 2DIAGNOSTIC,    57, -6.858113773284e-01, 2.898945911233e-04, 0.0000e+00, 0.0000e+00, 
 2DIAGNOSTIC,    58, -6.858806953826e-01, 6.813829360610e-05, 0.0000e+00, 0.0000e+00, 
 2DIAGNOSTIC,    59, -6.859453657479e-01, 2.341738181824e-05, 0.0000e+00, 0.0000e+00, 
 2DIAGNOSTIC,    60, -6.860507429261e-01, 1.763626942861e-05, 0.0000e+00, 0.0000e+00, 
 2DIAGNOSTIC,    61, -6.860312198526e-01, 1.359660135780e-05, 0.0000e+00, 0.0000e+00, 
 2DIAGNOSTIC,    62, -6.863056606681e-01, 1.234507446003e-05, 0.0000e+00, 0.0000e+00, 
 2DIAGNOSTIC,    63, -6.863204252744e-01, 1.296305839460e-05, 0.0000e+00, 0.0000e+00, 
 2DIAGNOSTIC,    64, -6.863210659686e-01, 1.245914284122e-05, 0.0000e+00, 0.0000e+00, 
 2DIAGNOSTIC,    65, -6.863219379408e-01, 1.131734483478e-05, 0.0000e+00, 0.0000e+00, 
 2DIAGNOSTIC,    66, -6.863246124216e-01, 9.809253167015e-06, 0.0000e+00, 0.0000e+00, 
 2DIAGNOSTIC,    67, -6.863263643032e-01, 8.083415881127e-06, 0.0000e+00, 0.0000e+00, 
 2DIAGNOSTIC,    68, -6.863306825960e-01, 6.167055827410e-06, 0.0000e+00, 0.0000e+00, 
 2DIAGNOSTIC,    69, -6.863304839253e-01, 4.202160601180e-06, 0.0000e+00, 0.0000e+00, 
 2DIAGNOSTIC,    70, -6.863305873933e-01, 2.658020923064e-06, 0.0000e+00, 0.0000e+00, 
DIAGNOSTIC,Iteration,metricValue,convergenceValue,ITERATION_TIME_INDEX,SINCE_LAST
 2DIAGNOSTIC,     1, -5.581215731575e-01, 1.797693134862e+308, 0.0000e+00, 0.0000e+00, 
 2DIAGNOSTIC,     2, -5.584988833422e-01, 1.797693134862e+308, 0.0000e+00, 0.0000e+00, 
 2DIAGNOSTIC,     3, -5.590307048211e-01, 1.797693134862e+308, 0.0000e+00, 0.0000e+00, 
 2DIAGNOSTIC,     4, -5.598271669548e-01, 1.797693134862e+308, 0.0000e+00, 0.0000e+00, 
 2DIAGNOSTIC,     5, -5.608526884737e-01, 1.797693134862e+308, 0.0000e+00, 0.0000e+00, 
 2DIAGNOSTIC,     6, -5.612238486192e-01, 1.797693134862e+308, 0.0000e+00, 0.0000e+00, 
 2DIAGNOSTIC,     7, -5.620794713107e-01, 1.797693134862e+308, 0.0000e+00, 0.0000e+00, 
 2DIAGNOSTIC,     8, -5.638314677906e-01, 1.797693134862e+308, 0.0000e+00, 0.0000e+00, 
 2DIAGNOSTIC,     9, -5.644297003898e-01, 1.797693134862e+308, 0.0000e+00, 0.0000e+00, 
 2DIAGNOSTIC,    10, -5.646410078663e-01, 8.227194817983e-04, 0.0000e+00, 0.0000e+00, 
 2DIAGNOSTIC,    11, -5.647420916632e-01, 7.347968853646e-04, 0.0000e+00, 0.0000e+00, 
 2DIAGNOSTIC,    12, -5.656913096847e-01, 6.517546236889e-04, 0.0000e+00, 0.0000e+00, 
 2DIAGNOSTIC,    13, -5.659578745810e-01, 5.516084800072e-04, 0.0000e+00, 0.0000e+00, 
 2DIAGNOSTIC,    14, -5.660694261093e-01, 4.479365254398e-04, 0.0000e+00, 0.0000e+00, 
 2DIAGNOSTIC,    15, -5.660666412523e-01, 3.532006531631e-04, 0.0000e+00, 0.0000e+00, 
 2DIAGNOSTIC,    16, -5.660622849551e-01, 2.499551250111e-04, 0.0000e+00, 0.0000e+00, 
 2DIAGNOSTIC,    17, -5.660472833419e-01, 1.594211788601e-04, 0.0000e+00, 0.0000e+00, 
 2DIAGNOSTIC,    18, -5.660527851617e-01, 1.131181192374e-04, 0.0000e+00, 0.0000e+00, 
 2DIAGNOSTIC,    19, -5.660437175783e-01, 7.723331087276e-05, 0.0000e+00, 0.0000e+00, 
 2DIAGNOSTIC,    20, -5.660500666607e-01, 4.374003200541e-05, 0.0000e+00, 0.0000e+00, 
 2DIAGNOSTIC,    21, -5.660392123893e-01, 1.115682815929e-05, 0.0000e+00, 0.0000e+00, 
 2DIAGNOSTIC,    22, -5.660517467383e-01, 2.551084614714e-06, 0.0000e+00, 0.0000e+00, 
DIAGNOSTIC,Iteration,metricValue,convergenceValue,ITERATION_TIME_INDEX,SINCE_LAST
 2DIAGNOSTIC,     1, -5.037375431401e-01, 1.797693134862e+308, 0.0000e+00, 0.0000e+00, 
 2DIAGNOSTIC,     2, -5.039307539858e-01, 1.797693134862e+308, 0.0000e+00, 0.0000e+00, 
 2DIAGNOSTIC,     3, -5.040973105055e-01, 1.797693134862e+308, 0.0000e+00, 0.0000e+00, 
 2DIAGNOSTIC,     4, -5.042012092665e-01, 1.797693134862e+308, 0.0000e+00, 0.0000e+00, 
 2DIAGNOSTIC,     5, -5.042706442621e-01, 1.797693134862e+308, 0.0000e+00, 0.0000e+00, 
 2DIAGNOSTIC,     6, -5.044217994971e-01, 1.797693134862e+308, 0.0000e+00, 0.0000e+00, 
 2DIAGNOSTIC,     7, -5.045950156926e-01, 1.797693134862e+308, 0.0000e+00, 0.0000e+00, 
 2DIAGNOSTIC,     8, -5.046017160054e-01, 1.797693134862e+308, 0.0000e+00, 0.0000e+00, 
 2DIAGNOSTIC,     9, -5.045989359779e-01, 1.797693134862e+308, 0.0000e+00, 0.0000e+00, 
 2DIAGNOSTIC,    10, -5.045993220907e-01, 1.163669508748e-04, 0.0000e+00, 0.0000e+00, 
 2DIAGNOSTIC,    11, -5.045996333273e-01, 8.331295485249e-05, 0.0000e+00, 0.0000e+00, 
 2DIAGNOSTIC,    12, -5.045989957878e-01, 5.732324491585e-05, 0.0000e+00, 0.0000e+00, 
 2DIAGNOSTIC,    13, -5.045974343715e-01, 3.753158019527e-05, 0.0000e+00, 0.0000e+00, 
 2DIAGNOSTIC,    14, -5.045968325796e-01, 2.164855910294e-05, 0.0000e+00, 0.0000e+00, 
 2DIAGNOSTIC,    15, -5.045981472600e-01, 8.691928353302e-06, 0.0000e+00, 0.0000e+00, 
 2DIAGNOSTIC,    16, -5.045973540725e-01, 1.871362131270e-06, 0.0000e+00, 0.0000e+00, 
 2DIAGNOSTIC,    17, -5.045941832134e-01, 1.494037375836e-06, 0.0000e+00, 0.0000e+00, 
 2DIAGNOSTIC,    18, -5.045941362353e-01, 1.408500994948e-06, 0.0000e+00, 0.0000e+00, 
 2DIAGNOSTIC,    19, -5.045945616342e-01, 1.293496034255e-06, 0.0000e+00, 0.0000e+00, 
 2DIAGNOSTIC,    20, -5.045951911592e-01, 1.250293998951e-06, 0.0000e+00, 0.0000e+00, 
 2DIAGNOSTIC,    21, -5.045944732575e-01, 1.231689795184e-06, 0.0000e+00, 0.0000e+00, 
 2DIAGNOSTIC,    22, -5.045938558223e-01, 1.212731256521e-06, 0.0000e+00, 0.0000e+00, 
 2DIAGNOSTIC,    23, -5.045935636695e-01, 1.172884291724e-06, 0.0000e+00, 0.0000e+00, 
 2DIAGNOSTIC,    24, -5.045934257594e-01, 1.135715156982e-06, 0.0000e+00, 0.0000e+00, 
 2DIAGNOSTIC,    25, -5.045950099677e-01, 1.183683255461e-06, 0.0000e+00, 0.0000e+00, 
 2DIAGNOSTIC,    26, -5.045928047004e-01, 1.172414284448e-06, 0.0000e+00, 0.0000e+00, 
 2DIAGNOSTIC,    27, -5.045930315459e-01, 1.107507221668e-06, 0.0000e+00, 0.0000e+00, 
 2DIAGNOSTIC,    28, -5.045907441782e-01, 1.006456803149e-06, 0.0000e+00, 0.0000e+00, 
DIAGNOSTIC,Iteration,metricValue,convergenceValue,ITERATION_TIME_INDEX,SINCE_LAST
 2DIAGNOSTIC,     1, -4.673120902228e-01, 1.797693134862e+308, 0.0000e+00, 0.0000e+00, 
 2DIAGNOSTIC,     2, -4.673989767416e-01, 1.797693134862e+308, 0.0000e+00, 0.0000e+00, 
 2DIAGNOSTIC,     3, -4.674128251775e-01, 1.797693134862e+308, 0.0000e+00, 0.0000e+00, 
 2DIAGNOSTIC,     4, -4.674119419742e-01, 1.797693134862e+308, 0.0000e+00, 0.0000e+00, 
 2DIAGNOSTIC,     5, -4.674119276306e-01, 1.797693134862e+308, 0.0000e+00, 0.0000e+00, 
 2DIAGNOSTIC,     6, -4.674118108223e-01, 1.797693134862e+308, 0.0000e+00, 0.0000e+00, 
 2DIAGNOSTIC,     7, -4.674117721691e-01, 1.797693134862e+308, 0.0000e+00, 0.0000e+00, 
 2DIAGNOSTIC,     8, -4.674118225392e-01, 1.797693134862e+308, 0.0000e+00, 0.0000e+00, 
 2DIAGNOSTIC,     9, -4.674118102312e-01, 1.797693134862e+308, 0.0000e+00, 0.0000e+00, 
 2DIAGNOSTIC,    10, -4.674118110857e-01, 9.872327320123e-06, 0.0000e+00, 0.0000e+00, 
 2DIAGNOSTIC,    11, -4.674118105046e-01, 3.539372172567e-06, 0.0000e+00, 0.0000e+00, 
 2DIAGNOSTIC,    12, -4.674118093363e-01, 2.585456216023e-06, 0.0000e+00, 0.0000e+00, 
 2DIAGNOSTIC,    13, -4.674116978570e-01, 2.427402322938e-06, 0.0000e+00, 0.0000e+00, 
 2DIAGNOSTIC,    14, -4.674116983795e-01, 2.255066345075e-06, 0.0000e+00, 0.0000e+00, 
 2DIAGNOSTIC,    15, -4.674116985027e-01, 2.106446655270e-06, 0.0000e+00, 0.0000e+00, 
 2DIAGNOSTIC,    16, -4.674116963139e-01, 1.972855950813e-06, 0.0000e+00, 0.0000e+00, 
 2DIAGNOSTIC,    17, -4.674116939289e-01, 1.854580914881e-06, 0.0000e+00, 0.0000e+00, 
 2DIAGNOSTIC,    18, -4.674116945554e-01, 1.752496283286e-06, 0.0000e+00, 0.0000e+00, 
 2DIAGNOSTIC,    19, -4.674116953624e-01, 1.661893487014e-06, 0.0000e+00, 0.0000e+00, 
 2DIAGNOSTIC,    20, -4.674116950461e-01, 1.581199170632e-06, 0.0000e+00, 0.0000e+00, 
 2DIAGNOSTIC,    21, -4.674116821174e-01, 1.508385854256e-06, 0.0000e+00, 0.0000e+00, 
 2DIAGNOSTIC,    22, -4.674116827272e-01, 1.442639262147e-06, 0.0000e+00, 0.0000e+00, 
 2DIAGNOSTIC,    23, -4.674116819372e-01, 1.379718605921e-06, 0.0000e+00, 0.0000e+00, 
 2DIAGNOSTIC,    24, -4.674116598056e-01, 1.321585217741e-06, 2.5600e+02, 2.5600e+02, 
 2DIAGNOSTIC,    25, -4.674116599185e-01, 1.268280589786e-06, 2.5600e+02, 0.0000e+00, 
 2DIAGNOSTIC,    26, -4.674116598716e-01, 1.219214705681e-06, 2.5600e+02, 0.0000e+00, 
 2DIAGNOSTIC,    27, -4.674116609053e-01, 1.173955427848e-06, 2.5600e+02, 0.0000e+00, 
 2DIAGNOSTIC,    28, -4.674117033938e-01, 1.133073638186e-06, 2.5600e+02, 0.0000e+00, 
 2DIAGNOSTIC,    29, -4.674117021329e-01, 1.095087644370e-06, 2.5600e+02, 0.0000e+00, 
 2DIAGNOSTIC,    30, -4.674117038539e-01, 1.059682907811e-06, 2.5600e+02, 0.0000e+00, 
 2DIAGNOSTIC,    31, -4.674117041394e-01, 1.026214909342e-06, 2.5600e+02, 0.0000e+00, 
  Elapsed time (stage 0): 2.5600e+02


Total elapsed time: 2.5600e+02
Info [verificarlo]: loaded backend libinterflop_vprec.so
Info [interflop-vprec]: load backend with: 
Info [interflop-vprec]: precision-binary32 = 22
Info [interflop-vprec]: range-binary32 = 7
Info [interflop-vprec]: precision-binary64 = 22
Info [interflop-vprec]: range-binary64 = 7
Info [interflop-vprec]: mode = ob
Info [interflop-vprec]: error-mode = rel
Info [interflop-vprec]: max-abs-error-exponent = -1022
Info [interflop-vprec]: daz = false
Info [interflop-vprec]: ftz = false
Info [interflop-vprec]: 	instrument = none
Info [interflop-vprec]: 	prec-input-file = (null)
Info [interflop-vprec]: 	prec-output-file = (null)
Info [interflop-vprec]: 	prec-log-file = (null)
All_Command_lines_OK
Using double precision for computations.
=============================================================================
The composite transform comprises the following transforms (in order): 
  1. /home/mdugre/scratch/mri-registration-rp/datasets/ds004513/derivatives/mri-registration-rp/0110/antsRegistration-r7-p22/sub-s035/rigid_Composite.h5[0] (type = Euler3DTransform)
  2. /home/mdugre/scratch/mri-registration-rp/datasets/ds004513/derivatives/mri-registration-rp/0110/antsRegistration-r7-p22/sub-s035/rigid_Composite.h5[1] (type = Euler3DTransform)
  3. /home/mdugre/scratch/mri-registration-rp/datasets/ds004513/derivatives/mri-registration-rp/0110/antsRegistration-r7-p22/sub-s035/rigid_Composite.h5[2] (type = Euler3DTransform)
=============================================================================
  number of levels = 4
  fixed image: /templateflow/tpl-MNI152NLin2009cAsym/tpl-MNI152NLin2009cAsym_res-01_desc-brain_T1w.nii.gz
  moving image: /home/mdugre/scratch/mri-registration-rp/datasets/ds004513/derivatives/mri-registration-rp/antsBrainExtraction/sub-s035/BrainExtractionBrain.nii.gz
Dimension = 3
Number of stages = 1
Use histogram matching = false
Winsorize image intensities = true
  Lower quantile = 0.005
  Upper quantile = 0.995


Stage 1 State
   Image metric = MattesMI
     Fixed image = Image (0x4f60490)
  RTTI typeinfo:   itk::Image<double, 3u>
  Reference Count: 2
  Modified Time: 1592
  Debug: Off
  Object Name: 
  Observers: 
    none
  Source: (none)
  Source output name: (none)
  Release Data: Off
  Data Released: False
  Global Release Data: Off
  PipelineMTime: 0
  UpdateMTime: 1203
  RealTimeStamp: 0 seconds 
  LargestPossibleRegion: 
    Dimension: 3
    Index: [0, 0, 0]
    Size: [193, 229, 193]
  BufferedRegion: 
    Dimension: 3
    Index: [0, 0, 0]
    Size: [193, 229, 193]
  RequestedRegion: 
    Dimension: 3
    Index: [0, 0, 0]
    Size: [193, 229, 193]
  Spacing: [1, 1, 1]
  Origin: [96, 132, -78]
  Direction: 
-1 0 0
0 -1 0
0 0 1

  IndexToPointMatrix: 
-1 0 0
0 -1 0
0 0 1

  PointToIndexMatrix: 
-1 0 0
0 -1 0
0 0 1

  Inverse Direction: 
-1 0 0
0 -1 0
0 0 1

  PixelContainer: 
    ImportImageContainer (0x5018fa0)
      RTTI typeinfo:   itk::ImportImageContainer<unsigned long, double>
      Reference Count: 1
      Modified Time: 1200
      Debug: Off
      Object Name: 
      Observers: 
        none
      Pointer: 0x14e205c60010
      Container manages memory: true
      Size: 8530021
      Capacity: 8530021

     Moving image = Image (0x501bd20)
  RTTI typeinfo:   itk::Image<double, 3u>
  Reference Count: 2
  Modified Time: 1593
  Debug: Off
  Object Name: 
  Observers: 
    none
  Source: (none)
  Source output name: (none)
  Release Data: Off
  Data Released: False
  Global Release Data: Off
  PipelineMTime: 0
  UpdateMTime: 1590
  RealTimeStamp: 0 seconds 
  LargestPossibleRegion: 
    Dimension: 3
    Index: [0, 0, 0]
    Size: [160, 240, 256]
  BufferedRegion: 
    Dimension: 3
    Index: [0, 0, 0]
    Size: [160, 240, 256]
  RequestedRegion: 
    Dimension: 3
    Index: [0, 0, 0]
    Size: [160, 240, 256]
  Spacing: [1, 1, 1]
  Origin: [98.6438, 87.6358, -117.989]
  Direction: 
-0.993515 -0.100993 -0.0522355
0.100854 -0.994887 0.00530255
-0.0525039 1.93537e-08 0.998621

  IndexToPointMatrix: 
-0.993515 -0.100993 -0.0522355
0.100854 -0.994887 0.00530255
-0.0525039 1.93537e-08 0.998621

  PointToIndexMatrix: 
-0.993515 0.100854 -0.0525039
-0.100993 -0.994887 -1.78814e-07
-0.0522355 0.00530255 0.998621

  Inverse Direction: 
-0.993515 0.100854 -0.0525039
-0.100993 -0.994887 -1.78814e-07
-0.0522355 0.00530255 0.998621

  PixelContainer: 
    ImportImageContainer (0x50d7390)
      RTTI typeinfo:   itk::ImportImageContainer<unsigned long, double>
      Reference Count: 1
      Modified Time: 1587
      Debug: Off
      Object Name: 
      Observers: 
        none
      Pointer: 0x14e20115f010
      Container manages memory: true
      Size: 9830400
      Capacity: 9830400

     Weighting = 1
     Sampling strategy = regular
     Number of bins = 32
     Radius = 4
     Sampling percentage  = 0.25
   Transform = Affine
     Gradient step = 0.1
     Update field sigma (voxel space) = 0
     Total field sigma (voxel space) = 0
     Update field time sigma = 0
     Total field time sigma  = 0
     Number of time indices = 0
     Number of time point samples = 0
Registration using 1 total stages.

Stage 0
  iterations = 1000x500x250x100
  convergence threshold = 1e-06
  convergence window size = 10
  number of levels = 4
  using the Mattes MI metric (number of bins = 32, weight = 1, use gradient filter = 0)
  preprocessing:  winsorizing the image intensities
  Shrink factors (level 1 out of 4): [8, 8, 8]
  Shrink factors (level 2 out of 4): [4, 4, 4]
  Shrink factors (level 3 out of 4): [2, 2, 2]
  Shrink factors (level 4 out of 4): [1, 1, 1]
  smoothing sigmas per level: [3, 2, 1, 0]
  regular sampling (percentage = 0.25)

*** Running AffineTransform registration ***

DIAGNOSTIC,Iteration,metricValue,convergenceValue,ITERATION_TIME_INDEX,SINCE_LAST
 2DIAGNOSTIC,     1, -6.766095934470e-01, 1.797693134862e+308, 0.0000e+00, 0.0000e+00, 
 2DIAGNOSTIC,     2, -6.787419091822e-01, 1.797693134862e+308, 0.0000e+00, 0.0000e+00, 
 2DIAGNOSTIC,     3, -6.824018465404e-01, 1.797693134862e+308, 0.0000e+00, 0.0000e+00, 
 2DIAGNOSTIC,     4, -6.892403939741e-01, 1.797693134862e+308, 0.0000e+00, 0.0000e+00, 
 2DIAGNOSTIC,     5, -7.005476760457e-01, 1.797693134862e+308, 0.0000e+00, 0.0000e+00, 
 2DIAGNOSTIC,     6, -7.122710470084e-01, 1.797693134862e+308, 0.0000e+00, 0.0000e+00, 
 2DIAGNOSTIC,     7, -7.362965708977e-01, 1.797693134862e+308, 0.0000e+00, 0.0000e+00, 
 2DIAGNOSTIC,     8, -7.364715784019e-01, 1.797693134862e+308, 0.0000e+00, 0.0000e+00, 
 2DIAGNOSTIC,     9, -7.367882781012e-01, 1.797693134862e+308, 0.0000e+00, 0.0000e+00, 
 2DIAGNOSTIC,    10, -7.369195268936e-01, 6.937165369322e-03, 0.0000e+00, 0.0000e+00, 
 2DIAGNOSTIC,    11, -7.370758235546e-01, 5.818600292319e-03, 0.0000e+00, 0.0000e+00, 
 2DIAGNOSTIC,    12, -7.373561228370e-01, 4.443250940906e-03, 0.0000e+00, 0.0000e+00, 
 2DIAGNOSTIC,    13, -7.377003056892e-01, 3.009419504235e-03, 0.0000e+00, 0.0000e+00, 
 2DIAGNOSTIC,    14, -7.375781780323e-01, 1.709716550348e-03, 0.0000e+00, 0.0000e+00, 
 2DIAGNOSTIC,    15, -7.376214269232e-01, 7.308915167765e-04, 0.0000e+00, 0.0000e+00, 
 2DIAGNOSTIC,    16, -7.376876034276e-01, 8.501364833012e-05, 0.0000e+00, 0.0000e+00, 
 2DIAGNOSTIC,    17, -7.374455571772e-01, 6.093741288118e-05, 0.0000e+00, 0.0000e+00, 
 2DIAGNOSTIC,    18, -7.375717958366e-01, 4.067831259302e-05, 0.0000e+00, 0.0000e+00, 
 2DIAGNOSTIC,    19, -7.376774391645e-01, 2.770013748535e-05, 0.0000e+00, 0.0000e+00, 
 2DIAGNOSTIC,    20, -7.376335908926e-01, 1.532228571136e-05, 0.0000e+00, 0.0000e+00, 
 2DIAGNOSTIC,    21, -7.377365566519e-01, 7.687276077667e-06, 0.0000e+00, 0.0000e+00, 
 2DIAGNOSTIC,    22, -7.377463770174e-01, 5.198475189684e-06, 0.0000e+00, 0.0000e+00, 
 2DIAGNOSTIC,    23, -7.375809662531e-01, 5.692147327631e-06, 0.0000e+00, 0.0000e+00, 
 2DIAGNOSTIC,    24, -7.376735942411e-01, 5.261538117279e-06, 0.0000e+00, 0.0000e+00, 
 2DIAGNOSTIC,    25, -7.377643747396e-01, 6.483040224756e-06, 0.0000e+00, 0.0000e+00, 
 2DIAGNOSTIC,    26, -7.379738678850e-01, 1.133511896571e-05, 0.0000e+00, 0.0000e+00, 
 2DIAGNOSTIC,    27, -7.380022980325e-01, 1.168618321592e-05, 0.0000e+00, 0.0000e+00, 
 2DIAGNOSTIC,    28, -7.380279091141e-01, 1.319378329773e-05, 0.0000e+00, 0.0000e+00, 
 2DIAGNOSTIC,    29, -7.379700938960e-01, 1.416266636094e-05, 0.0000e+00, 0.0000e+00, 
 2DIAGNOSTIC,    30, -7.381224673414e-01, 1.516942831886e-05, 0.0000e+00, 0.0000e+00, 
 2DIAGNOSTIC,    31, -7.381774337779e-01, 1.664644216046e-05, 0.0000e+00, 0.0000e+00, 
 2DIAGNOSTIC,    32, -7.380425690766e-01, 1.509209914406e-05, 0.0000e+00, 0.0000e+00, 
 2DIAGNOSTIC,    33, -7.378724172140e-01, 8.433747823507e-06, 0.0000e+00, 0.0000e+00, 
 2DIAGNOSTIC,    34, -7.378381492201e-01, 2.188192409130e-06, 0.0000e+00, 0.0000e+00, 
DIAGNOSTIC,Iteration,metricValue,convergenceValue,ITERATION_TIME_INDEX,SINCE_LAST
 2DIAGNOSTIC,     1, -6.068623236459e-01, 1.797693134862e+308, 0.0000e+00, 0.0000e+00, 
 2DIAGNOSTIC,     2, -6.076398799862e-01, 1.797693134862e+308, 0.0000e+00, 0.0000e+00, 
 2DIAGNOSTIC,     3, -6.085855369627e-01, 1.797693134862e+308, 0.0000e+00, 0.0000e+00, 
 2DIAGNOSTIC,     4, -6.094301464814e-01, 1.797693134862e+308, 0.0000e+00, 0.0000e+00, 
 2DIAGNOSTIC,     5, -6.100545993117e-01, 1.797693134862e+308, 0.0000e+00, 0.0000e+00, 
 2DIAGNOSTIC,     6, -6.105440133863e-01, 1.797693134862e+308, 0.0000e+00, 0.0000e+00, 
 2DIAGNOSTIC,     7, -6.107300064593e-01, 1.797693134862e+308, 0.0000e+00, 0.0000e+00, 
 2DIAGNOSTIC,     8, -6.108323418274e-01, 1.797693134862e+308, 0.0000e+00, 0.0000e+00, 
 2DIAGNOSTIC,     9, -6.108442891244e-01, 1.797693134862e+308, 0.0000e+00, 0.0000e+00, 
 2DIAGNOSTIC,    10, -6.108371814170e-01, 4.245938859119e-04, 0.0000e+00, 0.0000e+00, 
 2DIAGNOSTIC,    11, -6.108349389163e-01, 2.803877340182e-04, 0.0000e+00, 0.0000e+00, 
 2DIAGNOSTIC,    12, -6.108219266881e-01, 1.646068328502e-04, 0.0000e+00, 0.0000e+00, 
 2DIAGNOSTIC,    13, -6.108188310622e-01, 8.543735791175e-05, 0.0000e+00, 0.0000e+00, 
 2DIAGNOSTIC,    14, -6.108042785579e-01, 3.736096838756e-05, 0.0000e+00, 0.0000e+00, 
 2DIAGNOSTIC,    15, -6.108014685555e-01, 1.150110772158e-05, 0.0000e+00, 0.0000e+00, 
 2DIAGNOSTIC,    16, -6.107961362497e-01, 1.997356642663e-06, 0.0000e+00, 0.0000e+00, 
DIAGNOSTIC,Iteration,metricValue,convergenceValue,ITERATION_TIME_INDEX,SINCE_LAST
 2DIAGNOSTIC,     1, -5.343278065490e-01, 1.797693134862e+308, 0.0000e+00, 0.0000e+00, 
 2DIAGNOSTIC,     2, -5.347817823562e-01, 1.797693134862e+308, 0.0000e+00, 0.0000e+00, 
 2DIAGNOSTIC,     3, -5.351405139374e-01, 1.797693134862e+308, 0.0000e+00, 0.0000e+00, 
 2DIAGNOSTIC,     4, -5.352936827646e-01, 1.797693134862e+308, 0.0000e+00, 0.0000e+00, 
 2DIAGNOSTIC,     5, -5.354211204865e-01, 1.797693134862e+308, 0.0000e+00, 0.0000e+00, 
 2DIAGNOSTIC,     6, -5.357098129474e-01, 1.797693134862e+308, 0.0000e+00, 0.0000e+00, 
 2DIAGNOSTIC,     7, -5.360231370016e-01, 1.797693134862e+308, 0.0000e+00, 0.0000e+00, 
 2DIAGNOSTIC,     8, -5.360404589361e-01, 1.797693134862e+308, 0.0000e+00, 0.0000e+00, 
 2DIAGNOSTIC,     9, -5.360656048307e-01, 1.797693134862e+308, 0.0000e+00, 0.0000e+00, 
 2DIAGNOSTIC,    10, -5.360841074422e-01, 2.100589320357e-04, 0.0000e+00, 0.0000e+00, 
 2DIAGNOSTIC,    11, -5.360933838763e-01, 1.485305762540e-04, 0.0000e+00, 0.0000e+00, 
 2DIAGNOSTIC,    12, -5.361327438117e-01, 1.054742987932e-04, 0.0000e+00, 0.0000e+00, 
 2DIAGNOSTIC,    13, -5.361694271669e-01, 7.588611851625e-05, 0.0000e+00, 0.0000e+00, 
 2DIAGNOSTIC,    14, -5.362090042016e-01, 5.131276449548e-05, 0.0000e+00, 0.0000e+00, 
 2DIAGNOSTIC,    15, -5.362737320636e-01, 3.217159489396e-05, 0.0000e+00, 0.0000e+00, 
 2DIAGNOSTIC,    16, -5.362725871882e-01, 2.188793371589e-05, 0.0000e+00, 0.0000e+00, 
 2DIAGNOSTIC,    17, -5.362756276546e-01, 2.087756960054e-05, 0.0000e+00, 0.0000e+00, 
 2DIAGNOSTIC,    18, -5.362712370155e-01, 1.859568576960e-05, 0.0000e+00, 0.0000e+00, 
 2DIAGNOSTIC,    19, -5.362719454476e-01, 1.569738772433e-05, 0.0000e+00, 0.0000e+00, 
 2DIAGNOSTIC,    20, -5.362702376900e-01, 1.221935452109e-05, 0.0000e+00, 0.0000e+00, 
 2DIAGNOSTIC,    21, -5.362684774351e-01, 8.265040403035e-06, 0.0000e+00, 0.0000e+00, 
 2DIAGNOSTIC,    22, -5.362686712857e-01, 5.005452365092e-06, 0.0000e+00, 0.0000e+00, 
 2DIAGNOSTIC,    23, -5.362679818429e-01, 2.517800412591e-06, 0.0000e+00, 0.0000e+00, 
DIAGNOSTIC,Iteration,metricValue,convergenceValue,ITERATION_TIME_INDEX,SINCE_LAST
 2DIAGNOSTIC,     1, -4.910937426506e-01, 1.797693134862e+308, 0.0000e+00, 0.0000e+00, 
 2DIAGNOSTIC,     2, -4.914691927748e-01, 1.797693134862e+308, 0.0000e+00, 0.0000e+00, 
 2DIAGNOSTIC,     3, -4.917920198249e-01, 1.797693134862e+308, 0.0000e+00, 0.0000e+00, 
 2DIAGNOSTIC,     4, -4.920591709358e-01, 1.797693134862e+308, 0.0000e+00, 0.0000e+00, 
 2DIAGNOSTIC,     5, -4.923535030601e-01, 1.797693134862e+308, 0.0000e+00, 0.0000e+00, 
 2DIAGNOSTIC,     6, -4.926525801065e-01, 1.797693134862e+308, 0.0000e+00, 0.0000e+00, 
 2DIAGNOSTIC,     7, -4.927185543503e-01, 1.797693134862e+308, 0.0000e+00, 0.0000e+00, 
 2DIAGNOSTIC,     8, -4.927477969010e-01, 1.797693134862e+308, 0.0000e+00, 0.0000e+00, 
 2DIAGNOSTIC,     9, -4.927474033015e-01, 1.797693134862e+308, 0.0000e+00, 0.0000e+00, 
 2DIAGNOSTIC,    10, -4.927475806319e-01, 2.225129270833e-04, 0.0000e+00, 0.0000e+00, 
 2DIAGNOSTIC,    11, -4.927479536414e-01, 1.494109949157e-04, 0.0000e+00, 0.0000e+00, 
 2DIAGNOSTIC,    12, -4.927479615894e-01, 9.325562173405e-05, 0.0000e+00, 0.0000e+00, 
 2DIAGNOSTIC,    13, -4.927479586847e-01, 5.190196801327e-05, 0.0000e+00, 0.0000e+00, 
 2DIAGNOSTIC,    14, -4.927479511667e-01, 2.282367426376e-05, 0.0000e+00, 0.0000e+00, 
 2DIAGNOSTIC,    15, -4.927479518814e-01, 6.793264011415e-06, 0.0000e+00, 0.0000e+00, 
 2DIAGNOSTIC,    16, -4.927479521185e-01, 3.071737554552e-06, 0.0000e+00, 0.0000e+00, 
 2DIAGNOSTIC,    17, -4.927479528274e-01, 1.899575589666e-06, 0.0000e+00, 0.0000e+00, 
 2DIAGNOSTIC,    18, -4.927479528274e-01, 1.793129478893e-06, 0.0000e+00, 0.0000e+00, 
 2DIAGNOSTIC,    19, -4.927479528274e-01, 1.683351548952e-06, 0.0000e+00, 0.0000e+00, 
 2DIAGNOSTIC,    20, -4.927479528274e-01, 1.588344529263e-06, 0.0000e+00, 0.0000e+00, 
 2DIAGNOSTIC,    21, -4.927479528274e-01, 1.512661178253e-06, 0.0000e+00, 0.0000e+00, 
 2DIAGNOSTIC,    22, -4.927479528274e-01, 1.444100803563e-06, 0.0000e+00, 0.0000e+00, 
 2DIAGNOSTIC,    23, -4.927479528274e-01, 1.381446034024e-06, 0.0000e+00, 0.0000e+00, 
 2DIAGNOSTIC,    24, -4.927479528274e-01, 1.323826825467e-06, 0.0000e+00, 0.0000e+00, 
 2DIAGNOSTIC,    25, -4.927479528274e-01, 1.270832065123e-06, 0.0000e+00, 0.0000e+00, 
 2DIAGNOSTIC,    26, -4.927479528274e-01, 1.221918719818e-06, 0.0000e+00, 0.0000e+00, 
 2DIAGNOSTIC,    27, -4.927479528274e-01, 1.176645122759e-06, 0.0000e+00, 0.0000e+00, 
 2DIAGNOSTIC,    28, -4.927479528274e-01, 1.134606549408e-06, 0.0000e+00, 0.0000e+00, 
