
##########################
# Experiment information #
##########################

EXPERIMENT_NAME: antsRegistration-r8-p23
VFC_BACKENDS: libinterflop_vprec.so --range-binary32=8 --precision-binary32=23 --range-binary64=8 --precision-binary64=23

SIF_IMG: /home/mdugre/projects/rrg-glatard/mdugre/containers/ants-vprec-no_metrics.simg

SUBJECT_ID: s014
INPUT_IMG: /home/mdugre/scratch/mri-registration-rp/datasets/ds004513/derivatives/mri-registration-rp/antsBrainExtraction/sub-s014/BrainExtractionBrain.nii.gz
OUTPUT_DIR: /home/mdugre/scratch/mri-registration-rp/datasets/ds004513/derivatives/mri-registration-rp/0110/antsRegistration-r8-p23/sub-s014

FIXED_IMG: /templateflow/tpl-MNI152NLin2009cAsym/tpl-MNI152NLin2009cAsym_res-01_desc-brain_T1w.nii.gz
DATA_DIR: /home/mdugre/scratch/mri-registration-rp/datasets/ds004513
TEMPLATEFLOW_DIR: /home/mdugre/projects/rrg-glatard/mdugre/templateflow
ITK_GLOBAL_DEFAULT_NUMBER_OF_THREADS: 16
##########################

Info [verificarlo]: loaded backend libinterflop_ieee.so
Info [interflop-ieee]: load backend with:
Info [interflop-ieee]: debug = false
Info [interflop-ieee]: debug-binary = false
Info [interflop-ieee]: no-backend-name = false
Info [interflop-ieee]: print-new-line = false
Info [interflop-ieee]: print-subnormal-normalized = false
Info [interflop-ieee]: count-op = false
All_Command_lines_OK
Using double precision for computations.
=============================================================================
The composite transform comprises the following transforms (in order): 
  1. Center of mass alignment using fixed image: /templateflow/tpl-MNI152NLin2009cAsym/tpl-MNI152NLin2009cAsym_res-01_desc-brain_T1w.nii.gz and moving image: /home/mdugre/scratch/mri-registration-rp/datasets/ds004513/derivatives/mri-registration-rp/antsBrainExtraction/sub-s014/BrainExtractionBrain.nii.gz (type = Euler3DTransform)
=============================================================================
  number of levels = 1
  fixed image: /templateflow/tpl-MNI152NLin2009cAsym/tpl-MNI152NLin2009cAsym_res-01_desc-brain_T1w.nii.gz
  moving image: /home/mdugre/scratch/mri-registration-rp/datasets/ds004513/derivatives/mri-registration-rp/antsBrainExtraction/sub-s014/BrainExtractionBrain.nii.gz
Dimension = 3
Number of stages = 1
Use histogram matching = false
Winsorize image intensities = true
  Lower quantile = 0.005
  Upper quantile = 0.995


Stage 1 State
   Image metric = MattesMI
     Fixed image = Image (0x3fc4e70)
  RTTI typeinfo:   itk::Image<double, 3u>
  Reference Count: 2
  Modified Time: 2334
  Debug: Off
  Object Name: 
  Observers: 
    none
  Source: (none)
  Source output name: (none)
  Release Data: Off
  Data Released: False
  Global Release Data: Off
  PipelineMTime: 0
  UpdateMTime: 1943
  RealTimeStamp: 0 seconds 
  LargestPossibleRegion: 
    Dimension: 3
    Index: [0, 0, 0]
    Size: [193, 229, 193]
  BufferedRegion: 
    Dimension: 3
    Index: [0, 0, 0]
    Size: [193, 229, 193]
  RequestedRegion: 
    Dimension: 3
    Index: [0, 0, 0]
    Size: [193, 229, 193]
  Spacing: [1, 1, 1]
  Origin: [96, 132, -78]
  Direction: 
-1 0 0
0 -1 0
0 0 1

  IndexToPointMatrix: 
-1 0 0
0 -1 0
0 0 1

  PointToIndexMatrix: 
-1 0 0
0 -1 0
0 0 1

  Inverse Direction: 
-1 0 0
0 -1 0
0 0 1

  PixelContainer: 
    ImportImageContainer (0x3fd1140)
      RTTI typeinfo:   itk::ImportImageContainer<unsigned long, double>
      Reference Count: 1
      Modified Time: 1940
      Debug: Off
      Object Name: 
      Observers: 
        none
      Pointer: 0x1552758bd010
      Container manages memory: true
      Size: 8530021
      Capacity: 8530021

     Moving image = Image (0x3fce310)
  RTTI typeinfo:   itk::Image<double, 3u>
  Reference Count: 2
  Modified Time: 2335
  Debug: Off
  Object Name: 
  Observers: 
    none
  Source: (none)
  Source output name: (none)
  Release Data: Off
  Data Released: False
  Global Release Data: Off
  PipelineMTime: 0
  UpdateMTime: 2332
  RealTimeStamp: 0 seconds 
  LargestPossibleRegion: 
    Dimension: 3
    Index: [0, 0, 0]
    Size: [160, 240, 256]
  BufferedRegion: 
    Dimension: 3
    Index: [0, 0, 0]
    Size: [160, 240, 256]
  RequestedRegion: 
    Dimension: 3
    Index: [0, 0, 0]
    Size: [160, 240, 256]
  Spacing: [0.999999, 1, 1]
  Origin: [84.1637, 106.709, -120.531]
  Direction: 
-0.999619 -0.0226874 -0.0157033
0.0226846 -0.999743 0.00035635
-0.0157073 -7.8229e-09 0.999877

  IndexToPointMatrix: 
-0.999619 -0.0226874 -0.0157033
0.0226845 -0.999743 0.00035635
-0.0157073 -7.8229e-09 0.999877

  PointToIndexMatrix: 
-0.99962 0.0226846 -0.0157073
-0.0226874 -0.999743 -7.83127e-09
-0.0157033 0.00035635 0.999877

  Inverse Direction: 
-0.999619 0.0226846 -0.0157073
-0.0226874 -0.999743 -7.83127e-09
-0.0157033 0.00035635 0.999877

  PixelContainer: 
    ImportImageContainer (0x40f9610)
      RTTI typeinfo:   itk::ImportImageContainer<unsigned long, double>
      Reference Count: 1
      Modified Time: 2329
      Debug: Off
      Object Name: 
      Observers: 
        none
      Pointer: 0x155270dbc010
      Container manages memory: true
      Size: 9830400
      Capacity: 9830400

     Weighting = 1
     Sampling strategy = regular
     Number of bins = 32
     Radius = 4
     Sampling percentage  = 0.25
   Transform = Rigid
     Gradient step = 0.1
     Update field sigma (voxel space) = 0
     Total field sigma (voxel space) = 0
     Update field time sigma = 0
     Total field time sigma  = 0
     Number of time indices = 0
     Number of time point samples = 0
Registration using 1 total stages.

Stage 0
  iterations = 0
  convergence threshold = 1e-06
  convergence window size = 10
  number of levels = 1
  using the Mattes MI metric (number of bins = 32, weight = 1, use gradient filter = 0)
  preprocessing:  winsorizing the image intensities
  Shrink factors (level 1 out of 1): [1, 1, 1]
  smoothing sigmas per level: [0]
  regular sampling (percentage = 0.25)

*** Running Euler3DTransform registration ***

  Elapsed time (stage 0): 1.05409


Total elapsed time: 1.05625
Info [verificarlo]: loaded backend libinterflop_vprec.so
Info [interflop-vprec]: load backend with: 
Info [interflop-vprec]: precision-binary32 = 23
Info [interflop-vprec]: range-binary32 = 8
Info [interflop-vprec]: precision-binary64 = 23
Info [interflop-vprec]: range-binary64 = 8
Info [interflop-vprec]: mode = ob
Info [interflop-vprec]: error-mode = rel
Info [interflop-vprec]: max-abs-error-exponent = -1022
Info [interflop-vprec]: daz = false
Info [interflop-vprec]: ftz = false
Info [interflop-vprec]: 	instrument = none
Info [interflop-vprec]: 	prec-input-file = (null)
Info [interflop-vprec]: 	prec-output-file = (null)
Info [interflop-vprec]: 	prec-log-file = (null)
All_Command_lines_OK
Using double precision for computations.
=============================================================================
The composite transform comprises the following transforms (in order): 
  1. /home/mdugre/scratch/mri-registration-rp/datasets/ds004513/derivatives/mri-registration-rp/0110/antsRegistration-r8-p23/sub-s014/align_Composite.h5[0] (type = Euler3DTransform)
  2. /home/mdugre/scratch/mri-registration-rp/datasets/ds004513/derivatives/mri-registration-rp/0110/antsRegistration-r8-p23/sub-s014/align_Composite.h5[1] (type = Euler3DTransform)
=============================================================================
  number of levels = 4
  fixed image: /templateflow/tpl-MNI152NLin2009cAsym/tpl-MNI152NLin2009cAsym_res-01_desc-brain_T1w.nii.gz
  moving image: /home/mdugre/scratch/mri-registration-rp/datasets/ds004513/derivatives/mri-registration-rp/antsBrainExtraction/sub-s014/BrainExtractionBrain.nii.gz
Dimension = 3
Number of stages = 1
Use histogram matching = false
Winsorize image intensities = true
  Lower quantile = 0.005
  Upper quantile = 0.995


Stage 1 State
   Image metric = MattesMI
     Fixed image = Image (0x4b5f1e0)
  RTTI typeinfo:   itk::Image<double, 3u>
  Reference Count: 2
  Modified Time: 1580
  Debug: Off
  Object Name: 
  Observers: 
    none
  Source: (none)
  Source output name: (none)
  Release Data: Off
  Data Released: False
  Global Release Data: Off
  PipelineMTime: 0
  UpdateMTime: 1189
  RealTimeStamp: 0 seconds 
  LargestPossibleRegion: 
    Dimension: 3
    Index: [0, 0, 0]
    Size: [193, 229, 193]
  BufferedRegion: 
    Dimension: 3
    Index: [0, 0, 0]
    Size: [193, 229, 193]
  RequestedRegion: 
    Dimension: 3
    Index: [0, 0, 0]
    Size: [193, 229, 193]
  Spacing: [1, 1, 1]
  Origin: [96, 132, -78]
  Direction: 
-1 0 0
0 -1 0
0 0 1

  IndexToPointMatrix: 
-1 0 0
0 -1 0
0 0 1

  PointToIndexMatrix: 
-1 0 0
0 -1 0
0 0 1

  Inverse Direction: 
-1 0 0
0 -1 0
0 0 1

  PixelContainer: 
    ImportImageContainer (0x4c1e680)
      RTTI typeinfo:   itk::ImportImageContainer<unsigned long, double>
      Reference Count: 1
      Modified Time: 1186
      Debug: Off
      Object Name: 
      Observers: 
        none
      Pointer: 0x14efeffd1010
      Container manages memory: true
      Size: 8530021
      Capacity: 8530021

     Moving image = Image (0x4c1ab20)
  RTTI typeinfo:   itk::Image<double, 3u>
  Reference Count: 2
  Modified Time: 1581
  Debug: Off
  Object Name: 
  Observers: 
    none
  Source: (none)
  Source output name: (none)
  Release Data: Off
  Data Released: False
  Global Release Data: Off
  PipelineMTime: 0
  UpdateMTime: 1578
  RealTimeStamp: 0 seconds 
  LargestPossibleRegion: 
    Dimension: 3
    Index: [0, 0, 0]
    Size: [160, 240, 256]
  BufferedRegion: 
    Dimension: 3
    Index: [0, 0, 0]
    Size: [160, 240, 256]
  RequestedRegion: 
    Dimension: 3
    Index: [0, 0, 0]
    Size: [160, 240, 256]
  Spacing: [0.999999, 1, 1]
  Origin: [84.1637, 106.709, -120.531]
  Direction: 
-0.999619 -0.0226874 -0.0157033
0.0226846 -0.999743 0.00035635
-0.0157073 -7.8229e-09 0.999877

  IndexToPointMatrix: 
-0.999619 -0.0226874 -0.0157033
0.0226845 -0.999743 0.00035635
-0.0157073 -7.8229e-09 0.999877

  PointToIndexMatrix: 
-0.99962 0.0226846 -0.0157073
-0.0226874 -0.999743 2.98023e-08
-0.0157033 0.000356346 0.999877

  Inverse Direction: 
-0.999619 0.0226846 -0.0157073
-0.0226874 -0.999743 -7.84348e-09
-0.0157033 0.00035635 0.999877

  PixelContainer: 
    ImportImageContainer (0x4c83d50)
      RTTI typeinfo:   itk::ImportImageContainer<unsigned long, double>
      Reference Count: 1
      Modified Time: 1575
      Debug: Off
      Object Name: 
      Observers: 
        none
      Pointer: 0x14efeb4d0010
      Container manages memory: true
      Size: 9830400
      Capacity: 9830400

     Weighting = 1
     Sampling strategy = regular
     Number of bins = 32
     Radius = 4
     Sampling percentage  = 0.25
   Transform = Rigid
     Gradient step = 0.1
     Update field sigma (voxel space) = 0
     Total field sigma (voxel space) = 0
     Update field time sigma = 0
     Total field time sigma  = 0
     Number of time indices = 0
     Number of time point samples = 0
Registration using 1 total stages.

Stage 0
  iterations = 1000x500x250x100
  convergence threshold = 1e-06
  convergence window size = 10
  number of levels = 4
  using the Mattes MI metric (number of bins = 32, weight = 1, use gradient filter = 0)
  preprocessing:  winsorizing the image intensities
  Shrink factors (level 1 out of 4): [8, 8, 8]
  Shrink factors (level 2 out of 4): [4, 4, 4]
  Shrink factors (level 3 out of 4): [2, 2, 2]
  Shrink factors (level 4 out of 4): [1, 1, 1]
  smoothing sigmas per level: [3, 2, 1, 0]
  regular sampling (percentage = 0.25)

*** Running Euler3DTransform registration ***

DIAGNOSTIC,Iteration,metricValue,convergenceValue,ITERATION_TIME_INDEX,SINCE_LAST
 2DIAGNOSTIC,     1, -4.770817624370e-01, 1.797693134862e+308, 0.0000e+00, 0.0000e+00, 
 2DIAGNOSTIC,     2, -4.784212444453e-01, 1.797693134862e+308, 0.0000e+00, 0.0000e+00, 
 2DIAGNOSTIC,     3, -4.807048552631e-01, 1.797693134862e+308, 0.0000e+00, 0.0000e+00, 
 2DIAGNOSTIC,     4, -4.840274950158e-01, 1.797693134862e+308, 0.0000e+00, 0.0000e+00, 
 2DIAGNOSTIC,     5, -4.883059259970e-01, 1.797693134862e+308, 0.0000e+00, 0.0000e+00, 
 2DIAGNOSTIC,     6, -4.953537286534e-01, 1.797693134862e+308, 0.0000e+00, 0.0000e+00, 
 2DIAGNOSTIC,     7, -5.007328504244e-01, 1.797693134862e+308, 0.0000e+00, 0.0000e+00, 
 2DIAGNOSTIC,     8, -5.013256155480e-01, 1.797693134862e+308, 0.0000e+00, 0.0000e+00, 
 2DIAGNOSTIC,     9, -5.084989713523e-01, 1.797693134862e+308, 0.0000e+00, 0.0000e+00, 
 2DIAGNOSTIC,    10, -5.162379617679e-01, 5.125892432551e-03, 0.0000e+00, 0.0000e+00, 
 2DIAGNOSTIC,    11, -5.168131404227e-01, 4.885345496708e-03, 0.0000e+00, 0.0000e+00, 
 2DIAGNOSTIC,    12, -5.204883336701e-01, 4.492132456103e-03, 0.0000e+00, 0.0000e+00, 
 2DIAGNOSTIC,    13, -5.229998210469e-01, 3.968434214589e-03, 0.0000e+00, 0.0000e+00, 
 2DIAGNOSTIC,    14, -5.258651391714e-01, 3.408294866254e-03, 0.0000e+00, 0.0000e+00, 
 2DIAGNOSTIC,    15, -5.270613062559e-01, 2.811655857301e-03, 0.0000e+00, 0.0000e+00, 
 2DIAGNOSTIC,    16, -5.288858373013e-01, 2.346514543567e-03, 0.0000e+00, 0.0000e+00, 
 2DIAGNOSTIC,    17, -5.292179657896e-01, 1.916313785482e-03, 0.0000e+00, 0.0000e+00, 
 2DIAGNOSTIC,    18, -5.293994306855e-01, 1.379352139290e-03, 0.0000e+00, 0.0000e+00, 
 2DIAGNOSTIC,    19, -5.295172031704e-01, 9.828125616113e-04, 0.0000e+00, 0.0000e+00, 
 2DIAGNOSTIC,    20, -5.295672553871e-01, 7.547190793583e-04, 0.0000e+00, 0.0000e+00, 
 2DIAGNOSTIC,    21, -5.296843079922e-01, 4.958427263318e-04, 0.0000e+00, 0.0000e+00, 
 2DIAGNOSTIC,    22, -5.296854205292e-01, 3.073422842733e-04, 0.0000e+00, 0.0000e+00, 
 2DIAGNOSTIC,    23, -5.296979213759e-01, 1.671418803485e-04, 0.0000e+00, 0.0000e+00, 
 2DIAGNOSTIC,    24, -5.297041286238e-01, 8.960830127695e-05, 0.0000e+00, 0.0000e+00, 
 2DIAGNOSTIC,    25, -5.296290054081e-01, 3.397098732252e-05, 0.0000e+00, 0.0000e+00, 
 2DIAGNOSTIC,    26, -5.296327218503e-01, 1.843244376404e-05, 0.0000e+00, 0.0000e+00, 
 2DIAGNOSTIC,    27, -5.296343878562e-01, 9.198776094121e-06, 0.0000e+00, 0.0000e+00, 
 2DIAGNOSTIC,    28, -5.296343859120e-01, 3.419194342338e-06, 0.0000e+00, 0.0000e+00, 
DIAGNOSTIC,Iteration,metricValue,convergenceValue,ITERATION_TIME_INDEX,SINCE_LAST
 2DIAGNOSTIC,     1, -4.331414691402e-01, 1.797693134862e+308, 0.0000e+00, 0.0000e+00, 
 2DIAGNOSTIC,     2, -4.337059132871e-01, 1.797693134862e+308, 0.0000e+00, 0.0000e+00, 
 2DIAGNOSTIC,     3, -4.343671721947e-01, 1.797693134862e+308, 0.0000e+00, 0.0000e+00, 
 2DIAGNOSTIC,     4, -4.354900278794e-01, 1.797693134862e+308, 0.0000e+00, 0.0000e+00, 
 2DIAGNOSTIC,     5, -4.367776551868e-01, 1.797693134862e+308, 0.0000e+00, 0.0000e+00, 
 2DIAGNOSTIC,     6, -4.376300649833e-01, 1.797693134862e+308, 0.0000e+00, 0.0000e+00, 
 2DIAGNOSTIC,     7, -4.393873162116e-01, 1.797693134862e+308, 0.0000e+00, 0.0000e+00, 
 2DIAGNOSTIC,     8, -4.395119453004e-01, 1.797693134862e+308, 0.0000e+00, 0.0000e+00, 
 2DIAGNOSTIC,     9, -4.398513079392e-01, 1.797693134862e+308, 0.0000e+00, 0.0000e+00, 
 2DIAGNOSTIC,    10, -4.403175506122e-01, 1.181411772781e-03, 0.0000e+00, 0.0000e+00, 
 2DIAGNOSTIC,    11, -4.412213646131e-01, 1.027332530862e-03, 0.0000e+00, 0.0000e+00, 
 2DIAGNOSTIC,    12, -4.415859925861e-01, 8.558073342182e-04, 0.0000e+00, 0.0000e+00, 
 2DIAGNOSTIC,    13, -4.418734715312e-01, 6.809860374231e-04, 0.0000e+00, 0.0000e+00, 
 2DIAGNOSTIC,    14, -4.420717293380e-01, 5.311470017810e-04, 0.0000e+00, 0.0000e+00, 
 2DIAGNOSTIC,    15, -4.422398232822e-01, 4.156325276558e-04, 0.0000e+00, 0.0000e+00, 
 2DIAGNOSTIC,    16, -4.422661504218e-01, 3.099316984767e-04, 0.0000e+00, 0.0000e+00, 
 2DIAGNOSTIC,    17, -4.426679466780e-01, 2.706973795728e-04, 0.0000e+00, 0.0000e+00, 
 2DIAGNOSTIC,    18, -4.438175601751e-01, 2.566267707594e-04, 0.0000e+00, 0.0000e+00, 
 2DIAGNOSTIC,    19, -4.442806935491e-01, 2.467498652951e-04, 0.0000e+00, 0.0000e+00, 
 2DIAGNOSTIC,    20, -4.443598100637e-01, 2.322969718730e-04, 0.0000e+00, 0.0000e+00, 
 2DIAGNOSTIC,    21, -4.443707089577e-01, 2.263692848980e-04, 0.0000e+00, 0.0000e+00, 
 2DIAGNOSTIC,    22, -4.443776342707e-01, 2.107248024491e-04, 0.0000e+00, 0.0000e+00, 
 2DIAGNOSTIC,    23, -4.443726479768e-01, 1.841159794479e-04, 0.0000e+00, 0.0000e+00, 
 2DIAGNOSTIC,    24, -4.443593337485e-01, 1.473248104300e-04, 0.0000e+00, 0.0000e+00, 
 2DIAGNOSTIC,    25, -4.443541274209e-01, 1.045187251444e-04, 0.0000e+00, 0.0000e+00, 
 2DIAGNOSTIC,    26, -4.443480419104e-01, 5.605712560595e-05, 0.0000e+00, 0.0000e+00, 
 2DIAGNOSTIC,    27, -4.443426493135e-01, 1.488303235558e-05, 0.0000e+00, 0.0000e+00, 
 2DIAGNOSTIC,    28, -4.443375650114e-01, 1.438732787747e-06, 0.0000e+00, 0.0000e+00, 
DIAGNOSTIC,Iteration,metricValue,convergenceValue,ITERATION_TIME_INDEX,SINCE_LAST
 2DIAGNOSTIC,     1, -3.883291927525e-01, 1.797693134862e+308, 0.0000e+00, 0.0000e+00, 
 2DIAGNOSTIC,     2, -3.884314541034e-01, 1.797693134862e+308, 0.0000e+00, 0.0000e+00, 
 2DIAGNOSTIC,     3, -3.886664820281e-01, 1.797693134862e+308, 0.0000e+00, 0.0000e+00, 
 2DIAGNOSTIC,     4, -3.890252561897e-01, 1.797693134862e+308, 0.0000e+00, 0.0000e+00, 
 2DIAGNOSTIC,     5, -3.893547495365e-01, 1.797693134862e+308, 0.0000e+00, 0.0000e+00, 
 2DIAGNOSTIC,     6, -3.895006062542e-01, 1.797693134862e+308, 0.0000e+00, 0.0000e+00, 
 2DIAGNOSTIC,     7, -3.896907002465e-01, 1.797693134862e+308, 0.0000e+00, 0.0000e+00, 
 2DIAGNOSTIC,     8, -3.897923747447e-01, 1.797693134862e+308, 0.0000e+00, 0.0000e+00, 
 2DIAGNOSTIC,     9, -3.898543776596e-01, 1.797693134862e+308, 0.0000e+00, 0.0000e+00, 
 2DIAGNOSTIC,    10, -3.898986588035e-01, 2.906966732802e-04, 0.0000e+00, 0.0000e+00, 
 2DIAGNOSTIC,    11, -3.899604121997e-01, 2.300783665152e-04, 0.0000e+00, 0.0000e+00, 
 2DIAGNOSTIC,    12, -3.900666467412e-01, 1.718039085847e-04, 0.0000e+00, 0.0000e+00, 
 2DIAGNOSTIC,    13, -3.901069903136e-01, 1.222378822179e-04, 0.0000e+00, 0.0000e+00, 
 2DIAGNOSTIC,    14, -3.901295335671e-01, 8.849654396188e-05, 0.0000e+00, 0.0000e+00, 
 2DIAGNOSTIC,    15, -3.902193586742e-01, 7.179166072736e-05, 0.0000e+00, 0.0000e+00, 
 2DIAGNOSTIC,    16, -3.902977921275e-01, 6.072151063700e-05, 0.0000e+00, 0.0000e+00, 
 2DIAGNOSTIC,    17, -3.904265465028e-01, 5.904027576153e-05, 0.0000e+00, 0.0000e+00, 
 2DIAGNOSTIC,    18, -3.905727926831e-01, 6.220142034241e-05, 0.0000e+00, 0.0000e+00, 
 2DIAGNOSTIC,    19, -3.906728441053e-01, 6.560964755251e-05, 0.0000e+00, 0.0000e+00, 
 2DIAGNOSTIC,    20, -3.906992160502e-01, 6.528515777931e-05, 0.0000e+00, 0.0000e+00, 
 2DIAGNOSTIC,    21, -3.907895908428e-01, 6.428743755692e-05, 0.0000e+00, 0.0000e+00, 
 2DIAGNOSTIC,    22, -3.908173585327e-01, 6.185869664166e-05, 0.0000e+00, 0.0000e+00, 
 2DIAGNOSTIC,    23, -3.908201181157e-01, 5.532801997934e-05, 0.0000e+00, 0.0000e+00, 
 2DIAGNOSTIC,    24, -3.908214154513e-01, 4.500654382752e-05, 0.0000e+00, 0.0000e+00, 
 2DIAGNOSTIC,    25, -3.908217443064e-01, 3.406788002382e-05, 0.0000e+00, 0.0000e+00, 
 2DIAGNOSTIC,    26, -3.908215721919e-01, 2.302647353618e-05, 0.0000e+00, 0.0000e+00, 
 2DIAGNOSTIC,    27, -3.908209538815e-01, 1.411896922483e-05, 0.0000e+00, 0.0000e+00, 
 2DIAGNOSTIC,    28, -3.908259999597e-01, 8.533891526281e-06, 0.0000e+00, 0.0000e+00, 
 2DIAGNOSTIC,    29, -3.908324210070e-01, 5.326143487625e-06, 0.0000e+00, 0.0000e+00, 
 2DIAGNOSTIC,    30, -3.908419034455e-01, 2.746421761693e-06, 0.0000e+00, 0.0000e+00, 
 2DIAGNOSTIC,    31, -3.908874433138e-01, 3.347803966047e-06, 0.0000e+00, 0.0000e+00, 
 2DIAGNOSTIC,    32, -3.910087553404e-01, 7.058855430925e-06, 0.0000e+00, 0.0000e+00, 
 2DIAGNOSTIC,    33, -3.910151588411e-01, 1.010751931382e-05, 1.2800e+02, 1.2800e+02, 
 2DIAGNOSTIC,    34, -3.910163146409e-01, 1.220051006535e-05, 1.2800e+02, 0.0000e+00, 
 2DIAGNOSTIC,    35, -3.910177860821e-01, 1.317727999918e-05, 1.2800e+02, 0.0000e+00, 
 2DIAGNOSTIC,    36, -3.910178042866e-01, 1.290984100319e-05, 1.2800e+02, 0.0000e+00, 
 2DIAGNOSTIC,    37, -3.910178032543e-01, 1.145867974295e-05, 1.2800e+02, 0.0000e+00, 
 2DIAGNOSTIC,    38, -3.910177901572e-01, 9.173685417783e-06, 1.2800e+02, 0.0000e+00, 
 2DIAGNOSTIC,    39, -3.910177752979e-01, 6.372536516357e-06, 1.2800e+02, 0.0000e+00, 
 2DIAGNOSTIC,    40, -3.910178428162e-01, 3.359942446414e-06, 1.2800e+02, 0.0000e+00, 
DIAGNOSTIC,Iteration,metricValue,convergenceValue,ITERATION_TIME_INDEX,SINCE_LAST
 2DIAGNOSTIC,     1, -3.637406168932e-01, 1.797693134862e+308, 1.2800e+02, 0.0000e+00, 
 2DIAGNOSTIC,     2, -3.638864962440e-01, 1.797693134862e+308, 1.2800e+02, 0.0000e+00, 
 2DIAGNOSTIC,     3, -3.640800155564e-01, 1.797693134862e+308, 1.2800e+02, 0.0000e+00, 
 2DIAGNOSTIC,     4, -3.642275974817e-01, 1.797693134862e+308, 1.2800e+02, 0.0000e+00, 
 2DIAGNOSTIC,     5, -3.642489820001e-01, 1.797693134862e+308, 1.2800e+02, 0.0000e+00, 
 2DIAGNOSTIC,     6, -3.642721861611e-01, 1.797693134862e+308, 1.2800e+02, 0.0000e+00, 
 2DIAGNOSTIC,     7, -3.643352808751e-01, 1.797693134862e+308, 1.2800e+02, 0.0000e+00, 
 2DIAGNOSTIC,     8, -3.644288996683e-01, 1.797693134862e+308, 1.2800e+02, 0.0000e+00, 
 2DIAGNOSTIC,     9, -3.645009206868e-01, 1.797693134862e+308, 1.2800e+02, 0.0000e+00, 
 2DIAGNOSTIC,    10, -3.648579279424e-01, 1.555723106510e-04, 1.2800e+02, 0.0000e+00, 
 2DIAGNOSTIC,    11, -3.654915270343e-01, 1.851910679838e-04, 1.2800e+02, 0.0000e+00, 
 2DIAGNOSTIC,    12, -3.660506701329e-01, 2.381595657212e-04, 1.2800e+02, 0.0000e+00, 
 2DIAGNOSTIC,    13, -3.661898813341e-01, 2.811386165225e-04, 1.2800e+02, 0.0000e+00, 
 2DIAGNOSTIC,    14, -3.661942795508e-01, 3.017119075197e-04, 1.2800e+02, 0.0000e+00, 
 2DIAGNOSTIC,    15, -3.661927943509e-01, 2.934236387355e-04, 1.2800e+02, 0.0000e+00, 
 2DIAGNOSTIC,    16, -3.661931633125e-01, 2.600673866437e-04, 1.2800e+02, 0.0000e+00, 
 2DIAGNOSTIC,    17, -3.661928817160e-01, 2.093919690537e-04, 1.2800e+02, 0.0000e+00, 
 2DIAGNOSTIC,    18, -3.661926147964e-01, 1.495851305672e-04, 2.5600e+02, 1.2800e+02, 
 2DIAGNOSTIC,    19, -3.661923494088e-01, 8.557990188299e-05, 2.5600e+02, 0.0000e+00, 
 2DIAGNOSTIC,    20, -3.661924813562e-01, 3.373895064124e-05, 2.5600e+02, 0.0000e+00, 
 2DIAGNOSTIC,    21, -3.661923187760e-01, 6.796709631017e-06, 2.5600e+02, 0.0000e+00, 
 2DIAGNOSTIC,    22, -3.661922922453e-01, 1.451462246331e-06, 2.5600e+02, 0.0000e+00, 
 2DIAGNOSTIC,    23, -3.661922589931e-01, 1.275314436402e-06, 2.5600e+02, 0.0000e+00, 
 2DIAGNOSTIC,    24, -3.661922979095e-01, 1.269580452344e-06, 2.5600e+02, 0.0000e+00, 
 2DIAGNOSTIC,    25, -3.661922177012e-01, 1.220479762844e-06, 2.5600e+02, 0.0000e+00, 
 2DIAGNOSTIC,    26, -3.661922059260e-01, 1.191148449729e-06, 2.5600e+02, 0.0000e+00, 
 2DIAGNOSTIC,    27, -3.661920444729e-01, 1.154745330328e-06, 2.5600e+02, 0.0000e+00, 
 2DIAGNOSTIC,    28, -3.661920397993e-01, 1.116122925422e-06, 2.5600e+02, 0.0000e+00, 
 2DIAGNOSTIC,    29, -3.661920401068e-01, 1.074931062502e-06, 2.5600e+02, 0.0000e+00, 
 2DIAGNOSTIC,    30, -3.661920400891e-01, 1.042244809957e-06, 2.5600e+02, 0.0000e+00, 
 2DIAGNOSTIC,    31, -3.661920384933e-01, 1.009500976971e-06, 2.5600e+02, 0.0000e+00, 
  Elapsed time (stage 0): 2.5600e+02


Total elapsed time: 2.5600e+02
Info [verificarlo]: loaded backend libinterflop_vprec.so
Info [interflop-vprec]: load backend with: 
Info [interflop-vprec]: precision-binary32 = 23
Info [interflop-vprec]: range-binary32 = 8
Info [interflop-vprec]: precision-binary64 = 23
Info [interflop-vprec]: range-binary64 = 8
Info [interflop-vprec]: mode = ob
Info [interflop-vprec]: error-mode = rel
Info [interflop-vprec]: max-abs-error-exponent = -1022
Info [interflop-vprec]: daz = false
Info [interflop-vprec]: ftz = false
Info [interflop-vprec]: 	instrument = none
Info [interflop-vprec]: 	prec-input-file = (null)
Info [interflop-vprec]: 	prec-output-file = (null)
Info [interflop-vprec]: 	prec-log-file = (null)
All_Command_lines_OK
Using double precision for computations.
=============================================================================
The composite transform comprises the following transforms (in order): 
  1. /home/mdugre/scratch/mri-registration-rp/datasets/ds004513/derivatives/mri-registration-rp/0110/antsRegistration-r8-p23/sub-s014/rigid_Composite.h5[0] (type = Euler3DTransform)
  2. /home/mdugre/scratch/mri-registration-rp/datasets/ds004513/derivatives/mri-registration-rp/0110/antsRegistration-r8-p23/sub-s014/rigid_Composite.h5[1] (type = Euler3DTransform)
  3. /home/mdugre/scratch/mri-registration-rp/datasets/ds004513/derivatives/mri-registration-rp/0110/antsRegistration-r8-p23/sub-s014/rigid_Composite.h5[2] (type = Euler3DTransform)
=============================================================================
  number of levels = 4
  fixed image: /templateflow/tpl-MNI152NLin2009cAsym/tpl-MNI152NLin2009cAsym_res-01_desc-brain_T1w.nii.gz
  moving image: /home/mdugre/scratch/mri-registration-rp/datasets/ds004513/derivatives/mri-registration-rp/antsBrainExtraction/sub-s014/BrainExtractionBrain.nii.gz
Dimension = 3
Number of stages = 1
Use histogram matching = false
Winsorize image intensities = true
  Lower quantile = 0.005
  Upper quantile = 0.995


Stage 1 State
   Image metric = MattesMI
     Fixed image = Image (0x427b490)
  RTTI typeinfo:   itk::Image<double, 3u>
  Reference Count: 2
  Modified Time: 1594
  Debug: Off
  Object Name: 
  Observers: 
    none
  Source: (none)
  Source output name: (none)
  Release Data: Off
  Data Released: False
  Global Release Data: Off
  PipelineMTime: 0
  UpdateMTime: 1203
  RealTimeStamp: 0 seconds 
  LargestPossibleRegion: 
    Dimension: 3
    Index: [0, 0, 0]
    Size: [193, 229, 193]
  BufferedRegion: 
    Dimension: 3
    Index: [0, 0, 0]
    Size: [193, 229, 193]
  RequestedRegion: 
    Dimension: 3
    Index: [0, 0, 0]
    Size: [193, 229, 193]
  Spacing: [1, 1, 1]
  Origin: [96, 132, -78]
  Direction: 
-1 0 0
0 -1 0
0 0 1

  IndexToPointMatrix: 
-1 0 0
0 -1 0
0 0 1

  PointToIndexMatrix: 
-1 0 0
0 -1 0
0 0 1

  Inverse Direction: 
-1 0 0
0 -1 0
0 0 1

  PixelContainer: 
    ImportImageContainer (0x4346940)
      RTTI typeinfo:   itk::ImportImageContainer<unsigned long, double>
      Reference Count: 1
      Modified Time: 1200
      Debug: Off
      Object Name: 
      Observers: 
        none
      Pointer: 0x14c154e61010
      Container manages memory: true
      Size: 8530021
      Capacity: 8530021

     Moving image = Image (0x4336b60)
  RTTI typeinfo:   itk::Image<double, 3u>
  Reference Count: 2
  Modified Time: 1595
  Debug: Off
  Object Name: 
  Observers: 
    none
  Source: (none)
  Source output name: (none)
  Release Data: Off
  Data Released: False
  Global Release Data: Off
  PipelineMTime: 0
  UpdateMTime: 1592
  RealTimeStamp: 0 seconds 
  LargestPossibleRegion: 
    Dimension: 3
    Index: [0, 0, 0]
    Size: [160, 240, 256]
  BufferedRegion: 
    Dimension: 3
    Index: [0, 0, 0]
    Size: [160, 240, 256]
  RequestedRegion: 
    Dimension: 3
    Index: [0, 0, 0]
    Size: [160, 240, 256]
  Spacing: [0.999999, 1, 1]
  Origin: [84.1637, 106.709, -120.531]
  Direction: 
-0.999619 -0.0226874 -0.0157033
0.0226846 -0.999743 0.00035635
-0.0157073 -7.8229e-09 0.999877

  IndexToPointMatrix: 
-0.999619 -0.0226874 -0.0157033
0.0226845 -0.999743 0.00035635
-0.0157073 -7.8229e-09 0.999877

  PointToIndexMatrix: 
-0.99962 0.0226846 -0.0157073
-0.0226874 -0.999743 2.98023e-08
-0.0157033 0.000356346 0.999877

  Inverse Direction: 
-0.999619 0.0226846 -0.0157073
-0.0226874 -0.999743 -7.84348e-09
-0.0157033 0.00035635 0.999877

  PixelContainer: 
    ImportImageContainer (0x43ca190)
      RTTI typeinfo:   itk::ImportImageContainer<unsigned long, double>
      Reference Count: 1
      Modified Time: 1589
      Debug: Off
      Object Name: 
      Observers: 
        none
      Pointer: 0x14c150360010
      Container manages memory: true
      Size: 9830400
      Capacity: 9830400

     Weighting = 1
     Sampling strategy = regular
     Number of bins = 32
     Radius = 4
     Sampling percentage  = 0.25
   Transform = Affine
     Gradient step = 0.1
     Update field sigma (voxel space) = 0
     Total field sigma (voxel space) = 0
     Update field time sigma = 0
     Total field time sigma  = 0
     Number of time indices = 0
     Number of time point samples = 0
Registration using 1 total stages.

Stage 0
  iterations = 1000x500x250x100
  convergence threshold = 1e-06
  convergence window size = 10
  number of levels = 4
  using the Mattes MI metric (number of bins = 32, weight = 1, use gradient filter = 0)
  preprocessing:  winsorizing the image intensities
  Shrink factors (level 1 out of 4): [8, 8, 8]
  Shrink factors (level 2 out of 4): [4, 4, 4]
  Shrink factors (level 3 out of 4): [2, 2, 2]
  Shrink factors (level 4 out of 4): [1, 1, 1]
  smoothing sigmas per level: [3, 2, 1, 0]
  regular sampling (percentage = 0.25)

*** Running AffineTransform registration ***

DIAGNOSTIC,Iteration,metricValue,convergenceValue,ITERATION_TIME_INDEX,SINCE_LAST
 2DIAGNOSTIC,     1, -5.241025585061e-01, 1.797693134862e+308, 0.0000e+00, 0.0000e+00, 
 2DIAGNOSTIC,     2, -5.259605902369e-01, 1.797693134862e+308, 0.0000e+00, 0.0000e+00, 
 2DIAGNOSTIC,     3, -5.290952710119e-01, 1.797693134862e+308, 0.0000e+00, 0.0000e+00, 
 2DIAGNOSTIC,     4, -5.342899647121e-01, 1.797693134862e+308, 0.0000e+00, 0.0000e+00, 
 2DIAGNOSTIC,     5, -5.420765257831e-01, 1.797693134862e+308, 0.0000e+00, 0.0000e+00, 
 2DIAGNOSTIC,     6, -5.520617223192e-01, 1.797693134862e+308, 0.0000e+00, 0.0000e+00, 
 2DIAGNOSTIC,     7, -5.924607894140e-01, 1.797693134862e+308, 0.0000e+00, 0.0000e+00, 
 2DIAGNOSTIC,     8, -6.797283508329e-01, 1.797693134862e+308, 0.0000e+00, 0.0000e+00, 
 2DIAGNOSTIC,     9, -7.270418056192e-01, 1.797693134862e+308, 0.0000e+00, 0.0000e+00, 
 2DIAGNOSTIC,    10, -7.503466682200e-01, 2.559805130561e-02, 0.0000e+00, 0.0000e+00, 
 2DIAGNOSTIC,    11, -7.591832857802e-01, 2.677974247738e-02, 0.0000e+00, 0.0000e+00, 
 2DIAGNOSTIC,    12, -7.613859620041e-01, 2.550948554965e-02, 0.0000e+00, 0.0000e+00, 
 2DIAGNOSTIC,    13, -7.640783343211e-01, 2.235951113284e-02, 0.0000e+00, 0.0000e+00, 
 2DIAGNOSTIC,    14, -7.714802690099e-01, 1.810758415132e-02, 0.0000e+00, 0.0000e+00, 
 2DIAGNOSTIC,    15, -7.804155719043e-01, 1.339376573856e-02, 0.0000e+00, 0.0000e+00, 
 2DIAGNOSTIC,    16, -7.969696265644e-01, 8.869974012946e-03, 0.0000e+00, 0.0000e+00, 
 2DIAGNOSTIC,    17, -8.047876749624e-01, 5.325557647309e-03, 0.0000e+00, 0.0000e+00, 
 2DIAGNOSTIC,    18, -8.079308946451e-01, 3.846786935536e-03, 0.0000e+00, 0.0000e+00, 
 2DIAGNOSTIC,    19, -8.086051814203e-01, 3.237803682391e-03, 0.0000e+00, 0.0000e+00, 
 2DIAGNOSTIC,    20, -8.099744260512e-01, 2.903486430931e-03, 0.0000e+00, 0.0000e+00, 
 2DIAGNOSTIC,    21, -8.129102902306e-01, 2.561716046958e-03, 0.0000e+00, 0.0000e+00, 
 2DIAGNOSTIC,    22, -8.144987713761e-01, 2.086299364776e-03, 0.0000e+00, 0.0000e+00, 
 2DIAGNOSTIC,    23, -8.171556174783e-01, 1.559645763454e-03, 0.0000e+00, 0.0000e+00, 
 2DIAGNOSTIC,    24, -8.174852511776e-01, 1.067424841528e-03, 0.0000e+00, 0.0000e+00, 
 2DIAGNOSTIC,    25, -8.190451489803e-01, 6.821832550623e-04, 0.0000e+00, 0.0000e+00, 
 2DIAGNOSTIC,    26, -8.195558382024e-01, 5.224700762387e-04, 0.0000e+00, 0.0000e+00, 
 2DIAGNOSTIC,    27, -8.231882867785e-01, 4.923319735361e-04, 0.0000e+00, 0.0000e+00, 
 2DIAGNOSTIC,    28, -8.244051627800e-01, 4.782454427849e-04, 0.0000e+00, 0.0000e+00, 
 2DIAGNOSTIC,    29, -8.260511930763e-01, 4.517335915157e-04, 0.0000e+00, 0.0000e+00, 
 2DIAGNOSTIC,    30, -8.307553294374e-01, 4.627622301699e-04, 0.0000e+00, 0.0000e+00, 
 2DIAGNOSTIC,    31, -8.340876066337e-01, 5.057124341761e-04, 0.0000e+00, 0.0000e+00, 
 2DIAGNOSTIC,    32, -8.359561299852e-01, 5.379286855949e-04, 0.0000e+00, 0.0000e+00, 
 2DIAGNOSTIC,    33, -8.369273959134e-01, 5.597099131596e-04, 0.0000e+00, 0.0000e+00, 
 2DIAGNOSTIC,    34, -8.374779029231e-01, 5.372820865797e-04, 0.0000e+00, 0.0000e+00, 
 2DIAGNOSTIC,    35, -8.383347128937e-01, 4.914564148796e-04, 0.0000e+00, 0.0000e+00, 
 2DIAGNOSTIC,    36, -8.396864572833e-01, 4.200036394235e-04, 0.0000e+00, 0.0000e+00, 
 2DIAGNOSTIC,    37, -8.406113301061e-01, 3.594762587548e-04, 0.0000e+00, 0.0000e+00, 
 2DIAGNOSTIC,    38, -8.423855926952e-01, 2.984352727259e-04, 0.0000e+00, 0.0000e+00, 
 2DIAGNOSTIC,    39, -8.424183955199e-01, 2.277913912335e-04, 0.0000e+00, 0.0000e+00, 
 2DIAGNOSTIC,    40, -8.422994764933e-01, 1.819212689223e-04, 0.0000e+00, 0.0000e+00, 
 2DIAGNOSTIC,    41, -8.423997734057e-01, 1.522301615436e-04, 0.0000e+00, 0.0000e+00, 
 2DIAGNOSTIC,    42, -8.423080722170e-01, 1.250707636158e-04, 0.0000e+00, 0.0000e+00, 
 2DIAGNOSTIC,    43, -8.424093436880e-01, 9.658141676920e-05, 0.0000e+00, 0.0000e+00, 
 2DIAGNOSTIC,    44, -8.422604499989e-01, 6.373776500455e-05, 0.0000e+00, 0.0000e+00, 
 2DIAGNOSTIC,    45, -8.422409043784e-01, 3.341222239529e-05, 0.0000e+00, 0.0000e+00, 
 2DIAGNOSTIC,    46, -8.421900212779e-01, 1.179251065804e-05, 0.0000e+00, 0.0000e+00, 
DIAGNOSTIC,Iteration,metricValue,convergenceValue,ITERATION_TIME_INDEX,SINCE_LAST
 2DIAGNOSTIC,     1, -6.904354920846e-01, 1.797693134862e+308, 0.0000e+00, 0.0000e+00, 
 2DIAGNOSTIC,     2, -6.910537341830e-01, 1.797693134862e+308, 0.0000e+00, 0.0000e+00, 
 2DIAGNOSTIC,     3, -6.914932683660e-01, 1.797693134862e+308, 0.0000e+00, 0.0000e+00, 
 2DIAGNOSTIC,     4, -6.919340083730e-01, 1.797693134862e+308, 0.0000e+00, 0.0000e+00, 
 2DIAGNOSTIC,     5, -6.928486176620e-01, 1.797693134862e+308, 0.0000e+00, 0.0000e+00, 
 2DIAGNOSTIC,     6, -6.933887568722e-01, 1.797693134862e+308, 0.0000e+00, 0.0000e+00, 
 2DIAGNOSTIC,     7, -6.933769529022e-01, 1.797693134862e+308, 0.0000e+00, 0.0000e+00, 
 2DIAGNOSTIC,     8, -6.934123243212e-01, 1.797693134862e+308, 0.0000e+00, 0.0000e+00, 
 2DIAGNOSTIC,     9, -6.935270079241e-01, 1.797693134862e+308, 0.0000e+00, 0.0000e+00, 
 2DIAGNOSTIC,    10, -6.935554996829e-01, 3.065131315786e-04, 0.0000e+00, 0.0000e+00, 
 2DIAGNOSTIC,    11, -6.935679510946e-01, 2.153639023357e-04, 0.0000e+00, 0.0000e+00, 
 2DIAGNOSTIC,    12, -6.935579474832e-01, 1.414313512602e-04, 0.0000e+00, 0.0000e+00, 
 2DIAGNOSTIC,    13, -6.935467072634e-01, 8.009838065756e-05, 0.0000e+00, 0.0000e+00, 
 2DIAGNOSTIC,    14, -6.935486486662e-01, 3.282082120327e-05, 0.0000e+00, 0.0000e+00, 
 2DIAGNOSTIC,    15, -6.935632358143e-01, 1.402770188645e-05, 0.0000e+00, 0.0000e+00, 
 2DIAGNOSTIC,    16, -6.935915994684e-01, 1.111405336712e-05, 0.0000e+00, 0.0000e+00, 
 2DIAGNOSTIC,    17, -6.935929510983e-01, 7.460904176131e-06, 0.0000e+00, 0.0000e+00, 
 2DIAGNOSTIC,    18, -6.936051491370e-01, 4.736515880538e-06, 0.0000e+00, 0.0000e+00, 
 2DIAGNOSTIC,    19, -6.936051751539e-01, 4.484030037860e-06, 0.0000e+00, 0.0000e+00, 
 2DIAGNOSTIC,    20, -6.936051788099e-01, 4.562651090112e-06, 0.0000e+00, 0.0000e+00, 
 2DIAGNOSTIC,    21, -6.936051877856e-01, 4.597300716669e-06, 0.0000e+00, 0.0000e+00, 
 2DIAGNOSTIC,    22, -6.936051773065e-01, 4.162063355712e-06, 0.0000e+00, 0.0000e+00, 
 2DIAGNOSTIC,    23, -6.936051773550e-01, 3.316925483880e-06, 0.0000e+00, 0.0000e+00, 
 2DIAGNOSTIC,    24, -6.936051964522e-01, 2.392855026061e-06, 0.0000e+00, 0.0000e+00, 
 2DIAGNOSTIC,    25, -6.936051984147e-01, 1.672059843055e-06, 0.0000e+00, 0.0000e+00, 
 2DIAGNOSTIC,    26, -6.936051939213e-01, 1.418168929228e-06, 0.0000e+00, 0.0000e+00, 
 2DIAGNOSTIC,    27, -6.936051958410e-01, 1.180084987201e-06, 0.0000e+00, 0.0000e+00, 
 2DIAGNOSTIC,    28, -6.936051949813e-01, 1.137491436674e-06, 0.0000e+00, 0.0000e+00, 
 2DIAGNOSTIC,    29, -6.936051968621e-01, 1.098152098179e-06, 0.0000e+00, 0.0000e+00, 
 2DIAGNOSTIC,    30, -6.936051975142e-01, 1.061428093779e-06, 0.0000e+00, 0.0000e+00, 
 2DIAGNOSTIC,    31, -6.936051964381e-01, 1.027138510738e-06, 0.0000e+00, 0.0000e+00, 
DIAGNOSTIC,Iteration,metricValue,convergenceValue,ITERATION_TIME_INDEX,SINCE_LAST
 2DIAGNOSTIC,     1, -5.884658209998e-01, 1.797693134862e+308, 0.0000e+00, 0.0000e+00, 
 2DIAGNOSTIC,     2, -5.891071487971e-01, 1.797693134862e+308, 0.0000e+00, 0.0000e+00, 
 2DIAGNOSTIC,     3, -5.898320108836e-01, 1.797693134862e+308, 0.0000e+00, 0.0000e+00, 
 2DIAGNOSTIC,     4, -5.906635271838e-01, 1.797693134862e+308, 0.0000e+00, 0.0000e+00, 
 2DIAGNOSTIC,     5, -5.917994389328e-01, 1.797693134862e+308, 0.0000e+00, 0.0000e+00, 
 2DIAGNOSTIC,     6, -5.938385393798e-01, 1.797693134862e+308, 0.0000e+00, 0.0000e+00, 
 2DIAGNOSTIC,     7, -5.938411011112e-01, 1.797693134862e+308, 0.0000e+00, 0.0000e+00, 
 2DIAGNOSTIC,     8, -5.938362598893e-01, 1.797693134862e+308, 0.0000e+00, 0.0000e+00, 
 2DIAGNOSTIC,     9, -5.938391309209e-01, 1.797693134862e+308, 0.0000e+00, 0.0000e+00, 
 2DIAGNOSTIC,    10, -5.938405859397e-01, 6.821538027561e-04, 0.0000e+00, 0.0000e+00, 
 2DIAGNOSTIC,    11, -5.938387151381e-01, 5.009962478908e-04, 0.0000e+00, 0.0000e+00, 
 2DIAGNOSTIC,    12, -5.938388164221e-01, 3.311228976154e-04, 0.0000e+00, 0.0000e+00, 
 2DIAGNOSTIC,    13, -5.938376899732e-01, 1.853647847317e-04, 1.2800e+02, 1.2800e+02, 
 2DIAGNOSTIC,    14, -5.938365630945e-01, 7.204717930247e-05, 1.2800e+02, 0.0000e+00, 
 2DIAGNOSTIC,    15, -5.938354407095e-01, 1.916972081212e-06, 1.2800e+02, 0.0000e+00, 
 2DIAGNOSTIC,    16, -5.938342718716e-01, 1.671968423392e-06, 1.2800e+02, 0.0000e+00, 
 2DIAGNOSTIC,    17, -5.938331726430e-01, 1.532447989332e-06, 1.2800e+02, 0.0000e+00, 
 2DIAGNOSTIC,    18, -5.938333725989e-01, 1.314492006715e-06, 1.2800e+02, 0.0000e+00, 
 2DIAGNOSTIC,    19, -5.938323394821e-01, 1.206292663737e-06, 1.2800e+02, 0.0000e+00, 
 2DIAGNOSTIC,    20, -5.938314141535e-01, 1.167242915615e-06, 1.2800e+02, 0.0000e+00, 
 2DIAGNOSTIC,    21, -5.938304736054e-01, 1.107653133922e-06, 1.2800e+02, 0.0000e+00, 
 2DIAGNOSTIC,    22, -5.938309537113e-01, 1.104849838215e-06, 1.2800e+02, 0.0000e+00, 
 2DIAGNOSTIC,    23, -5.938305170819e-01, 1.101081220499e-06, 1.2800e+02, 0.0000e+00, 
 2DIAGNOSTIC,    24, -5.938311171225e-01, 1.114182387345e-06, 1.2800e+02, 0.0000e+00, 
 2DIAGNOSTIC,    25, -5.938305911397e-01, 1.115251864400e-06, 1.2800e+02, 0.0000e+00, 
 2DIAGNOSTIC,    26, -5.938305362707e-01, 1.109536604732e-06, 1.2800e+02, 0.0000e+00, 
 2DIAGNOSTIC,    27, -5.938312969116e-01, 1.108555634746e-06, 1.2800e+02, 0.0000e+00, 
 2DIAGNOSTIC,    28, -5.938294968968e-01, 1.086541315184e-06, 1.2800e+02, 0.0000e+00, 
 2DIAGNOSTIC,    29, -5.938301740302e-01, 1.066226272842e-06, 1.2800e+02, 0.0000e+00, 
 2DIAGNOSTIC,    30, -5.938300900665e-01, 1.034224286121e-06, 1.2800e+02, 0.0000e+00, 
 2DIAGNOSTIC,    31, -5.938308015111e-01, 1.002894515101e-06, 1.2800e+02, 0.0000e+00, 
DIAGNOSTIC,Iteration,metricValue,convergenceValue,ITERATION_TIME_INDEX,SINCE_LAST
 2DIAGNOSTIC,     1, -5.279112557786e-01, 1.797693134862e+308, 1.2800e+02, 0.0000e+00, 
 2DIAGNOSTIC,     2, -5.279754496576e-01, 1.797693134862e+308, 1.2800e+02, 0.0000e+00, 
 2DIAGNOSTIC,     3, -5.279769027415e-01, 1.797693134862e+308, 1.2800e+02, 0.0000e+00, 
 2DIAGNOSTIC,     4, -5.279731380050e-01, 1.797693134862e+308, 1.2800e+02, 0.0000e+00, 
 2DIAGNOSTIC,     5, -5.279724621159e-01, 1.797693134862e+308, 1.2800e+02, 0.0000e+00, 
 2DIAGNOSTIC,     6, -5.279721065572e-01, 1.797693134862e+308, 1.2800e+02, 0.0000e+00, 
 2DIAGNOSTIC,     7, -5.279721202728e-01, 1.797693134862e+308, 1.2800e+02, 0.0000e+00, 
 2DIAGNOSTIC,     8, -5.279719918297e-01, 1.797693134862e+308, 1.2800e+02, 0.0000e+00, 
 2DIAGNOSTIC,     9, -5.279721064521e-01, 1.797693134862e+308, 1.2800e+02, 0.0000e+00, 
 2DIAGNOSTIC,    10, -5.279719492192e-01, 6.076624617518e-06, 1.2800e+02, 0.0000e+00, 
 2DIAGNOSTIC,    11, -5.279719276631e-01, 2.461649167118e-06, 2.5600e+02, 1.2800e+02, 
 2DIAGNOSTIC,    12, -5.279718783153e-01, 2.360916272093e-06, 2.5600e+02, 0.0000e+00, 
 2DIAGNOSTIC,    13, -5.279717069686e-01, 2.358838857658e-06, 2.5600e+02, 0.0000e+00, 
 2DIAGNOSTIC,    14, -5.279717262718e-01, 2.221753420323e-06, 2.5600e+02, 0.0000e+00, 
 2DIAGNOSTIC,    15, -5.279718357215e-01, 2.087475667018e-06, 2.5600e+02, 0.0000e+00, 
 2DIAGNOSTIC,    16, -5.279717994947e-01, 1.959690319603e-06, 2.5600e+02, 0.0000e+00, 
 2DIAGNOSTIC,    17, -5.279717632005e-01, 1.849055135478e-06, 2.5600e+02, 0.0000e+00, 
