
##########################
# Experiment information #
##########################

EXPERIMENT_NAME: antsRegistration-r7-p21
VFC_BACKENDS: libinterflop_vprec.so --range-binary32=7 --precision-binary32=21 --range-binary64=7 --precision-binary64=21

SIF_IMG: /home/mdugre/projects/rrg-glatard/mdugre/containers/ants-vprec-no_metrics.simg

SUBJECT_ID: s032
INPUT_IMG: /home/mdugre/scratch/mri-registration-rp/datasets/ds004513/derivatives/mri-registration-rp/antsBrainExtraction/sub-s032/BrainExtractionBrain.nii.gz
OUTPUT_DIR: /home/mdugre/scratch/mri-registration-rp/datasets/ds004513/derivatives/mri-registration-rp/0110/antsRegistration-r7-p21/sub-s032

FIXED_IMG: /templateflow/tpl-MNI152NLin2009cAsym/tpl-MNI152NLin2009cAsym_res-01_desc-brain_T1w.nii.gz
DATA_DIR: /home/mdugre/scratch/mri-registration-rp/datasets/ds004513
TEMPLATEFLOW_DIR: /home/mdugre/projects/rrg-glatard/mdugre/templateflow
ITK_GLOBAL_DEFAULT_NUMBER_OF_THREADS: 16
##########################

Info [verificarlo]: loaded backend libinterflop_ieee.so
Info [interflop-ieee]: load backend with:
Info [interflop-ieee]: debug = false
Info [interflop-ieee]: debug-binary = false
Info [interflop-ieee]: no-backend-name = false
Info [interflop-ieee]: print-new-line = false
Info [interflop-ieee]: print-subnormal-normalized = false
Info [interflop-ieee]: count-op = false
All_Command_lines_OK
Using double precision for computations.
=============================================================================
The composite transform comprises the following transforms (in order): 
  1. Center of mass alignment using fixed image: /templateflow/tpl-MNI152NLin2009cAsym/tpl-MNI152NLin2009cAsym_res-01_desc-brain_T1w.nii.gz and moving image: /home/mdugre/scratch/mri-registration-rp/datasets/ds004513/derivatives/mri-registration-rp/antsBrainExtraction/sub-s032/BrainExtractionBrain.nii.gz (type = Euler3DTransform)
=============================================================================
  number of levels = 1
  fixed image: /templateflow/tpl-MNI152NLin2009cAsym/tpl-MNI152NLin2009cAsym_res-01_desc-brain_T1w.nii.gz
  moving image: /home/mdugre/scratch/mri-registration-rp/datasets/ds004513/derivatives/mri-registration-rp/antsBrainExtraction/sub-s032/BrainExtractionBrain.nii.gz
Dimension = 3
Number of stages = 1
Use histogram matching = false
Winsorize image intensities = true
  Lower quantile = 0.005
  Upper quantile = 0.995


Stage 1 State
   Image metric = MattesMI
     Fixed image = Image (0x389ee70)
  RTTI typeinfo:   itk::Image<double, 3u>
  Reference Count: 2
  Modified Time: 2330
  Debug: Off
  Object Name: 
  Observers: 
    none
  Source: (none)
  Source output name: (none)
  Release Data: Off
  Data Released: False
  Global Release Data: Off
  PipelineMTime: 0
  UpdateMTime: 1941
  RealTimeStamp: 0 seconds 
  LargestPossibleRegion: 
    Dimension: 3
    Index: [0, 0, 0]
    Size: [193, 229, 193]
  BufferedRegion: 
    Dimension: 3
    Index: [0, 0, 0]
    Size: [193, 229, 193]
  RequestedRegion: 
    Dimension: 3
    Index: [0, 0, 0]
    Size: [193, 229, 193]
  Spacing: [1, 1, 1]
  Origin: [96, 132, -78]
  Direction: 
-1 0 0
0 -1 0
0 0 1

  IndexToPointMatrix: 
-1 0 0
0 -1 0
0 0 1

  PointToIndexMatrix: 
-1 0 0
0 -1 0
0 0 1

  Inverse Direction: 
-1 0 0
0 -1 0
0 0 1

  PixelContainer: 
    ImportImageContainer (0x38a7c60)
      RTTI typeinfo:   itk::ImportImageContainer<unsigned long, double>
      Reference Count: 1
      Modified Time: 1938
      Debug: Off
      Object Name: 
      Observers: 
        none
      Pointer: 0x152b4dd41010
      Container manages memory: true
      Size: 8530021
      Capacity: 8530021

     Moving image = Image (0x393bec0)
  RTTI typeinfo:   itk::Image<double, 3u>
  Reference Count: 2
  Modified Time: 2331
  Debug: Off
  Object Name: 
  Observers: 
    none
  Source: (none)
  Source output name: (none)
  Release Data: Off
  Data Released: False
  Global Release Data: Off
  PipelineMTime: 0
  UpdateMTime: 2328
  RealTimeStamp: 0 seconds 
  LargestPossibleRegion: 
    Dimension: 3
    Index: [0, 0, 0]
    Size: [160, 240, 256]
  BufferedRegion: 
    Dimension: 3
    Index: [0, 0, 0]
    Size: [160, 240, 256]
  RequestedRegion: 
    Dimension: 3
    Index: [0, 0, 0]
    Size: [160, 240, 256]
  Spacing: [1, 1, 1]
  Origin: [73.279, 104.707, -131.187]
  Direction: 
-0.997527 0.0645574 -0.0278053
-0.0645323 -0.997914 -0.00179875
-0.0278634 4.01097e-08 0.999612

  IndexToPointMatrix: 
-0.997527 0.0645574 -0.0278053
-0.0645323 -0.997914 -0.00179875
-0.0278634 4.01097e-08 0.999612

  PointToIndexMatrix: 
-0.997527 -0.0645323 -0.0278634
0.0645574 -0.997914 4.01049e-08
-0.0278053 -0.00179875 0.999612

  Inverse Direction: 
-0.997527 -0.0645323 -0.0278634
0.0645574 -0.997914 4.01049e-08
-0.0278053 -0.00179875 0.999612

  PixelContainer: 
    ImportImageContainer (0x39d3610)
      RTTI typeinfo:   itk::ImportImageContainer<unsigned long, double>
      Reference Count: 1
      Modified Time: 2325
      Debug: Off
      Object Name: 
      Observers: 
        none
      Pointer: 0x152b49240010
      Container manages memory: true
      Size: 9830400
      Capacity: 9830400

     Weighting = 1
     Sampling strategy = regular
     Number of bins = 32
     Radius = 4
     Sampling percentage  = 0.25
   Transform = Rigid
     Gradient step = 0.1
     Update field sigma (voxel space) = 0
     Total field sigma (voxel space) = 0
     Update field time sigma = 0
     Total field time sigma  = 0
     Number of time indices = 0
     Number of time point samples = 0
Registration using 1 total stages.

Stage 0
  iterations = 0
  convergence threshold = 1e-06
  convergence window size = 10
  number of levels = 1
  using the Mattes MI metric (number of bins = 32, weight = 1, use gradient filter = 0)
  preprocessing:  winsorizing the image intensities
  Shrink factors (level 1 out of 1): [1, 1, 1]
  smoothing sigmas per level: [0]
  regular sampling (percentage = 0.25)

*** Running Euler3DTransform registration ***

  Elapsed time (stage 0): 1.09786


Total elapsed time: 1.0999
Info [verificarlo]: loaded backend libinterflop_vprec.so
Info [interflop-vprec]: load backend with: 
Info [interflop-vprec]: precision-binary32 = 21
Info [interflop-vprec]: range-binary32 = 7
Info [interflop-vprec]: precision-binary64 = 21
Info [interflop-vprec]: range-binary64 = 7
Info [interflop-vprec]: mode = ob
Info [interflop-vprec]: error-mode = rel
Info [interflop-vprec]: max-abs-error-exponent = -1022
Info [interflop-vprec]: daz = false
Info [interflop-vprec]: ftz = false
Info [interflop-vprec]: 	instrument = none
Info [interflop-vprec]: 	prec-input-file = (null)
Info [interflop-vprec]: 	prec-output-file = (null)
Info [interflop-vprec]: 	prec-log-file = (null)
All_Command_lines_OK
Using double precision for computations.
=============================================================================
The composite transform comprises the following transforms (in order): 
  1. /home/mdugre/scratch/mri-registration-rp/datasets/ds004513/derivatives/mri-registration-rp/0110/antsRegistration-r7-p21/sub-s032/align_Composite.h5[0] (type = Euler3DTransform)
  2. /home/mdugre/scratch/mri-registration-rp/datasets/ds004513/derivatives/mri-registration-rp/0110/antsRegistration-r7-p21/sub-s032/align_Composite.h5[1] (type = Euler3DTransform)
=============================================================================
  number of levels = 4
  fixed image: /templateflow/tpl-MNI152NLin2009cAsym/tpl-MNI152NLin2009cAsym_res-01_desc-brain_T1w.nii.gz
  moving image: /home/mdugre/scratch/mri-registration-rp/datasets/ds004513/derivatives/mri-registration-rp/antsBrainExtraction/sub-s032/BrainExtractionBrain.nii.gz
Dimension = 3
Number of stages = 1
Use histogram matching = false
Winsorize image intensities = true
  Lower quantile = 0.005
  Upper quantile = 0.995


Stage 1 State
   Image metric = MattesMI
     Fixed image = Image (0x42861e0)
  RTTI typeinfo:   itk::Image<double, 3u>
  Reference Count: 2
  Modified Time: 1578
  Debug: Off
  Object Name: 
  Observers: 
    none
  Source: (none)
  Source output name: (none)
  Release Data: Off
  Data Released: False
  Global Release Data: Off
  PipelineMTime: 0
  UpdateMTime: 1189
  RealTimeStamp: 0 seconds 
  LargestPossibleRegion: 
    Dimension: 3
    Index: [0, 0, 0]
    Size: [193, 229, 193]
  BufferedRegion: 
    Dimension: 3
    Index: [0, 0, 0]
    Size: [193, 229, 193]
  RequestedRegion: 
    Dimension: 3
    Index: [0, 0, 0]
    Size: [193, 229, 193]
  Spacing: [1, 1, 1]
  Origin: [96, 132, -78]
  Direction: 
-1 0 0
0 -1 0
0 0 1

  IndexToPointMatrix: 
-1 0 0
0 -1 0
0 0 1

  PointToIndexMatrix: 
-1 0 0
0 -1 0
0 0 1

  Inverse Direction: 
-1 0 0
0 -1 0
0 0 1

  PixelContainer: 
    ImportImageContainer (0x4345680)
      RTTI typeinfo:   itk::ImportImageContainer<unsigned long, double>
      Reference Count: 1
      Modified Time: 1186
      Debug: Off
      Object Name: 
      Observers: 
        none
      Pointer: 0x14db12323010
      Container manages memory: true
      Size: 8530021
      Capacity: 8530021

     Moving image = Image (0x4341b20)
  RTTI typeinfo:   itk::Image<double, 3u>
  Reference Count: 2
  Modified Time: 1579
  Debug: Off
  Object Name: 
  Observers: 
    none
  Source: (none)
  Source output name: (none)
  Release Data: Off
  Data Released: False
  Global Release Data: Off
  PipelineMTime: 0
  UpdateMTime: 1576
  RealTimeStamp: 0 seconds 
  LargestPossibleRegion: 
    Dimension: 3
    Index: [0, 0, 0]
    Size: [160, 240, 256]
  BufferedRegion: 
    Dimension: 3
    Index: [0, 0, 0]
    Size: [160, 240, 256]
  RequestedRegion: 
    Dimension: 3
    Index: [0, 0, 0]
    Size: [160, 240, 256]
  Spacing: [1, 1, 1]
  Origin: [73.279, 104.707, -131.187]
  Direction: 
-0.997526 0.0645574 -0.0278053
-0.0645323 -0.997914 -0.00179875
-0.0278634 4.01097e-08 0.999612

  IndexToPointMatrix: 
-0.997526 0.0645574 -0.0278053
-0.0645323 -0.997914 -0.00179875
-0.0278634 4.01097e-08 0.999612

  PointToIndexMatrix: 
-0.997528 -0.0645323 -0.0278634
0.0645573 -0.997913 1.19209e-07
-0.0278053 -0.00179881 0.999612

  Inverse Direction: 
-0.997528 -0.0645323 -0.0278634
0.0645573 -0.997913 1.19209e-07
-0.0278053 -0.00179881 0.999612

  PixelContainer: 
    ImportImageContainer (0x43aad50)
      RTTI typeinfo:   itk::ImportImageContainer<unsigned long, double>
      Reference Count: 1
      Modified Time: 1573
      Debug: Off
      Object Name: 
      Observers: 
        none
      Pointer: 0x14db0d822010
      Container manages memory: true
      Size: 9830400
      Capacity: 9830400

     Weighting = 1
     Sampling strategy = regular
     Number of bins = 32
     Radius = 4
     Sampling percentage  = 0.25
   Transform = Rigid
     Gradient step = 0.1
     Update field sigma (voxel space) = 0
     Total field sigma (voxel space) = 0
     Update field time sigma = 0
     Total field time sigma  = 0
     Number of time indices = 0
     Number of time point samples = 0
Registration using 1 total stages.

Stage 0
  iterations = 1000x500x250x100
  convergence threshold = 1e-06
  convergence window size = 10
  number of levels = 4
  using the Mattes MI metric (number of bins = 32, weight = 1, use gradient filter = 0)
  preprocessing:  winsorizing the image intensities
  Shrink factors (level 1 out of 4): [8, 8, 8]
  Shrink factors (level 2 out of 4): [4, 4, 4]
  Shrink factors (level 3 out of 4): [2, 2, 2]
  Shrink factors (level 4 out of 4): [1, 1, 1]
  smoothing sigmas per level: [3, 2, 1, 0]
  regular sampling (percentage = 0.25)

*** Running Euler3DTransform registration ***

DIAGNOSTIC,Iteration,metricValue,convergenceValue,ITERATION_TIME_INDEX,SINCE_LAST
 2DIAGNOSTIC,     1, -5.480491141375e-01, 1.797693134862e+308, 0.0000e+00, 0.0000e+00, 
 2DIAGNOSTIC,     2, -5.506778886201e-01, 1.797693134862e+308, 0.0000e+00, 0.0000e+00, 
 2DIAGNOSTIC,     3, -5.546442877758e-01, 1.797693134862e+308, 0.0000e+00, 0.0000e+00, 
 2DIAGNOSTIC,     4, -5.606741418040e-01, 1.797693134862e+308, 0.0000e+00, 0.0000e+00, 
 2DIAGNOSTIC,     5, -5.693482042679e-01, 1.797693134862e+308, 0.0000e+00, 0.0000e+00, 
 2DIAGNOSTIC,     6, -5.853672095514e-01, 1.797693134862e+308, 0.0000e+00, 0.0000e+00, 
 2DIAGNOSTIC,     7, -6.232272573247e-01, 1.797693134862e+308, 0.0000e+00, 0.0000e+00, 
 2DIAGNOSTIC,     8, -6.298059412534e-01, 1.797693134862e+308, 0.0000e+00, 0.0000e+00, 
 2DIAGNOSTIC,     9, -6.367913044326e-01, 1.797693134862e+308, 0.0000e+00, 0.0000e+00, 
 2DIAGNOSTIC,    10, -6.377785440818e-01, 1.203311114857e-02, 0.0000e+00, 0.0000e+00, 
 2DIAGNOSTIC,    11, -6.406614418960e-01, 1.089541095240e-02, 0.0000e+00, 0.0000e+00, 
 2DIAGNOSTIC,    12, -6.431516369833e-01, 9.167023126003e-03, 0.0000e+00, 0.0000e+00, 
 2DIAGNOSTIC,    13, -6.440187611552e-01, 7.071029410202e-03, 0.0000e+00, 0.0000e+00, 
 2DIAGNOSTIC,    14, -6.458999968634e-01, 4.935139986858e-03, 0.0000e+00, 0.0000e+00, 
 2DIAGNOSTIC,    15, -6.475090575800e-01, 2.975174955871e-03, 0.0000e+00, 0.0000e+00, 
 2DIAGNOSTIC,    16, -6.475858329392e-01, 1.444027904127e-03, 0.0000e+00, 0.0000e+00, 
 2DIAGNOSTIC,    17, -6.482797301934e-01, 1.020660734088e-03, 0.0000e+00, 0.0000e+00, 
 2DIAGNOSTIC,    18, -6.495667949505e-01, 7.508764736021e-04, 0.0000e+00, 0.0000e+00, 
 2DIAGNOSTIC,    19, -6.512466687016e-01, 6.514705827217e-04, 0.0000e+00, 0.0000e+00, 
 2DIAGNOSTIC,    20, -6.522859713817e-01, 5.466966778580e-04, 0.0000e+00, 0.0000e+00, 
 2DIAGNOSTIC,    21, -6.537591570701e-01, 4.961926515171e-04, 0.0000e+00, 0.0000e+00, 
 2DIAGNOSTIC,    22, -6.559285198943e-01, 5.013209939368e-04, 0.0000e+00, 0.0000e+00, 
 2DIAGNOSTIC,    23, -6.574943875075e-01, 5.057091835363e-04, 0.0000e+00, 0.0000e+00, 
 2DIAGNOSTIC,    24, -6.574424234485e-01, 4.959897782199e-04, 0.0000e+00, 0.0000e+00, 
 2DIAGNOSTIC,    25, -6.576982980065e-01, 4.755746921989e-04, 0.0000e+00, 0.0000e+00, 
 2DIAGNOSTIC,    26, -6.578678867754e-01, 4.166432271641e-04, 0.0000e+00, 0.0000e+00, 
 2DIAGNOSTIC,    27, -6.581580595694e-01, 3.388662526735e-04, 0.0000e+00, 0.0000e+00, 
 2DIAGNOSTIC,    28, -6.583920024170e-01, 2.588572605980e-04, 0.0000e+00, 0.0000e+00, 
 2DIAGNOSTIC,    29, -6.583184913139e-01, 1.855517827636e-04, 0.0000e+00, 0.0000e+00, 
 2DIAGNOSTIC,    30, -6.584207419954e-01, 1.172760431110e-04, 0.0000e+00, 0.0000e+00, 
 2DIAGNOSTIC,    31, -6.583614907045e-01, 6.239912513071e-05, 0.0000e+00, 0.0000e+00, 
 2DIAGNOSTIC,    32, -6.585710984220e-01, 3.801663917377e-05, 0.0000e+00, 0.0000e+00, 
 2DIAGNOSTIC,    33, -6.587144787788e-01, 3.485853062356e-05, 0.0000e+00, 0.0000e+00, 
 2DIAGNOSTIC,    34, -6.590279354066e-01, 3.208570542342e-05, 0.0000e+00, 0.0000e+00, 
 2DIAGNOSTIC,    35, -6.595661200589e-01, 3.664010992369e-05, 0.0000e+00, 0.0000e+00, 
 2DIAGNOSTIC,    36, -6.596016406703e-01, 3.988674283222e-05, 0.0000e+00, 0.0000e+00, 
 2DIAGNOSTIC,    37, -6.596194797557e-01, 4.297267624806e-05, 0.0000e+00, 0.0000e+00, 
 2DIAGNOSTIC,    38, -6.596339802968e-01, 4.488099110811e-05, 0.0000e+00, 0.0000e+00, 
 2DIAGNOSTIC,    39, -6.595643499131e-01, 4.077360522806e-05, 0.0000e+00, 0.0000e+00, 
 2DIAGNOSTIC,    40, -6.597187584080e-01, 3.591513872799e-05, 0.0000e+00, 0.0000e+00, 
 2DIAGNOSTIC,    41, -6.597436943304e-01, 2.750829211740e-05, 0.0000e+00, 0.0000e+00, 
 2DIAGNOSTIC,    42, -6.597543372182e-01, 1.938201337648e-05, 0.0000e+00, 0.0000e+00, 
 2DIAGNOSTIC,    43, -6.597538890848e-01, 1.135196868269e-05, 0.0000e+00, 0.0000e+00, 
 2DIAGNOSTIC,    44, -6.597564365563e-01, 5.737129774235e-06, 0.0000e+00, 0.0000e+00, 
 2DIAGNOSTIC,    45, -6.597563726864e-01, 5.178209805438e-06, 0.0000e+00, 0.0000e+00, 
 2DIAGNOSTIC,    46, -6.597564971236e-01, 4.538352149693e-06, 0.0000e+00, 0.0000e+00, 
 2DIAGNOSTIC,    47, -6.597561823625e-01, 3.735349390178e-06, 0.0000e+00, 0.0000e+00, 
 2DIAGNOSTIC,    48, -6.597563192345e-01, 2.849967936314e-06, 0.0000e+00, 0.0000e+00, 
 2DIAGNOSTIC,    49, -6.597561860099e-01, 1.127921661143e-06, 0.0000e+00, 0.0000e+00, 
DIAGNOSTIC,Iteration,metricValue,convergenceValue,ITERATION_TIME_INDEX,SINCE_LAST
 2DIAGNOSTIC,     1, -5.174225301564e-01, 1.797693134862e+308, 0.0000e+00, 0.0000e+00, 
 2DIAGNOSTIC,     2, -5.180936321852e-01, 1.797693134862e+308, 0.0000e+00, 0.0000e+00, 
 2DIAGNOSTIC,     3, -5.191042553662e-01, 1.797693134862e+308, 0.0000e+00, 0.0000e+00, 
 2DIAGNOSTIC,     4, -5.197971648009e-01, 1.797693134862e+308, 0.0000e+00, 0.0000e+00, 
 2DIAGNOSTIC,     5, -5.202410959291e-01, 1.797693134862e+308, 0.0000e+00, 0.0000e+00, 
 2DIAGNOSTIC,     6, -5.208991716825e-01, 1.797693134862e+308, 0.0000e+00, 0.0000e+00, 
 2DIAGNOSTIC,     7, -5.220843638785e-01, 1.797693134862e+308, 0.0000e+00, 0.0000e+00, 
 2DIAGNOSTIC,     8, -5.246510403379e-01, 1.797693134862e+308, 0.0000e+00, 0.0000e+00, 
 2DIAGNOSTIC,     9, -5.255504354199e-01, 1.797693134862e+308, 0.0000e+00, 0.0000e+00, 
 2DIAGNOSTIC,    10, -5.262112163631e-01, 1.113744540778e-03, 0.0000e+00, 0.0000e+00, 
 2DIAGNOSTIC,    11, -5.273117823849e-01, 1.078121930921e-03, 0.0000e+00, 0.0000e+00, 
 2DIAGNOSTIC,    12, -5.273993162937e-01, 9.840838646784e-04, 0.0000e+00, 0.0000e+00, 
 2DIAGNOSTIC,    13, -5.275335327725e-01, 8.625564899543e-04, 0.0000e+00, 0.0000e+00, 
 2DIAGNOSTIC,    14, -5.279987678874e-01, 7.254553207422e-04, 0.0000e+00, 0.0000e+00, 
 2DIAGNOSTIC,    15, -5.283771711806e-01, 5.708502336320e-04, 0.0000e+00, 0.0000e+00, 
 2DIAGNOSTIC,    16, -5.285453159867e-01, 4.111939774186e-04, 0.0000e+00, 0.0000e+00, 
 2DIAGNOSTIC,    17, -5.285740318259e-01, 2.699310936023e-04, 0.0000e+00, 0.0000e+00, 
 2DIAGNOSTIC,    18, -5.285714236318e-01, 1.970448952886e-04, 0.0000e+00, 0.0000e+00, 
 2DIAGNOSTIC,    19, -5.285953232537e-01, 1.398205013949e-04, 0.0000e+00, 0.0000e+00, 
 2DIAGNOSTIC,    20, -5.285944350077e-01, 9.238771980805e-05, 0.0000e+00, 0.0000e+00, 
 2DIAGNOSTIC,    21, -5.285933485759e-01, 6.946180501873e-05, 0.0000e+00, 0.0000e+00, 
 2DIAGNOSTIC,    22, -5.285758483171e-01, 4.419383096715e-05, 0.0000e+00, 0.0000e+00, 
 2DIAGNOSTIC,    23, -5.285875419137e-01, 2.043743186416e-05, 0.0000e+00, 0.0000e+00, 
 2DIAGNOSTIC,    24, -5.285840223761e-01, 7.084633695933e-06, 0.0000e+00, 0.0000e+00, 
 2DIAGNOSTIC,    25, -5.285757170803e-01, 2.172191901600e-06, 0.0000e+00, 0.0000e+00, 
 2DIAGNOSTIC,    26, -5.286009851135e-01, 1.578186847359e-06, 0.0000e+00, 0.0000e+00, 
 2DIAGNOSTIC,    27, -5.286303176094e-01, 2.152421320178e-06, 0.0000e+00, 0.0000e+00, 
 2DIAGNOSTIC,    28, -5.286495325504e-01, 2.885822703289e-06, 0.0000e+00, 0.0000e+00, 
 2DIAGNOSTIC,    29, -5.286829449679e-01, 4.471526393497e-06, 0.0000e+00, 0.0000e+00, 
 2DIAGNOSTIC,    30, -5.287410328913e-01, 6.659459225268e-06, 0.0000e+00, 0.0000e+00, 
 2DIAGNOSTIC,    31, -5.287925098111e-01, 9.039148377341e-06, 0.0000e+00, 0.0000e+00, 
 2DIAGNOSTIC,    32, -5.288806283497e-01, 1.167886969573e-05, 0.0000e+00, 0.0000e+00, 
 2DIAGNOSTIC,    33, -5.289348671053e-01, 1.420590360416e-05, 0.0000e+00, 0.0000e+00, 
 2DIAGNOSTIC,    34, -5.290110106253e-01, 1.648848743315e-05, 0.0000e+00, 0.0000e+00, 
 2DIAGNOSTIC,    35, -5.290722969380e-01, 1.795771346105e-05, 0.0000e+00, 0.0000e+00, 
 2DIAGNOSTIC,    36, -5.294021058836e-01, 2.302608866921e-05, 0.0000e+00, 0.0000e+00, 
 2DIAGNOSTIC,    37, -5.296430527692e-01, 2.952979090188e-05, 0.0000e+00, 0.0000e+00, 
 2DIAGNOSTIC,    38, -5.301686543361e-01, 4.065377739877e-05, 0.0000e+00, 0.0000e+00, 
 2DIAGNOSTIC,    39, -5.306894658503e-01, 5.496315180272e-05, 0.0000e+00, 0.0000e+00, 
 2DIAGNOSTIC,    40, -5.308272905336e-01, 6.593996547191e-05, 0.0000e+00, 0.0000e+00, 
 2DIAGNOSTIC,    41, -5.311199550215e-01, 7.473468741832e-05, 0.0000e+00, 0.0000e+00, 
 2DIAGNOSTIC,    42, -5.312778915190e-01, 7.913932655159e-05, 0.0000e+00, 0.0000e+00, 
 2DIAGNOSTIC,    43, -5.316961800762e-01, 8.169089528787e-05, 0.0000e+00, 0.0000e+00, 
 2DIAGNOSTIC,    44, -5.325149291216e-01, 8.721965671730e-05, 0.0000e+00, 0.0000e+00, 
 2DIAGNOSTIC,    45, -5.347961345046e-01, 1.120368729090e-04, 0.0000e+00, 0.0000e+00, 
 2DIAGNOSTIC,    46, -5.455383449610e-01, 2.540862363556e-04, 0.0000e+00, 0.0000e+00, 
 2DIAGNOSTIC,    47, -5.493560991258e-01, 4.088614635861e-04, 0.0000e+00, 0.0000e+00, 
 2DIAGNOSTIC,    48, -5.569403995157e-01, 6.089241679112e-04, 0.0000e+00, 0.0000e+00, 
 2DIAGNOSTIC,    49, -5.598405363774e-01, 7.793699820336e-04, 0.0000e+00, 0.0000e+00, 
 2DIAGNOSTIC,    50, -5.621649203195e-01, 8.942565152239e-04, 0.0000e+00, 0.0000e+00, 
 2DIAGNOSTIC,    51, -5.636894258435e-01, 9.367721148431e-04, 0.0000e+00, 0.0000e+00, 
 2DIAGNOSTIC,    52, -5.640615974605e-01, 8.926087835415e-04, 0.0000e+00, 0.0000e+00, 
 2DIAGNOSTIC,    53, -5.644571389406e-01, 7.736214282567e-04, 0.0000e+00, 0.0000e+00, 
 2DIAGNOSTIC,    54, -5.651946322893e-01, 6.011104280324e-04, 0.0000e+00, 0.0000e+00, 
 2DIAGNOSTIC,    55, -5.656796485204e-01, 4.024545759576e-04, 0.0000e+00, 0.0000e+00, 
 2DIAGNOSTIC,    56, -5.657059391784e-01, 2.750580229952e-04, 0.0000e+00, 0.0000e+00, 
 2DIAGNOSTIC,    57, -5.657680031859e-01, 1.609218560189e-04, 0.0000e+00, 0.0000e+00, 
 2DIAGNOSTIC,    58, -5.658105342529e-01, 1.050822930119e-04, 0.0000e+00, 0.0000e+00, 
 2DIAGNOSTIC,    59, -5.659088699990e-01, 6.765114909118e-05, 0.0000e+00, 0.0000e+00, 
 2DIAGNOSTIC,    60, -5.659399333018e-01, 4.550529529943e-05, 0.0000e+00, 0.0000e+00, 
 2DIAGNOSTIC,    61, -5.659552952869e-01, 3.321620396172e-05, 0.0000e+00, 0.0000e+00, 
 2DIAGNOSTIC,    62, -5.659920486424e-01, 2.174301929665e-05, 0.0000e+00, 0.0000e+00, 
 2DIAGNOSTIC,    63, -5.660610069065e-01, 1.237375649104e-05, 0.0000e+00, 0.0000e+00, 
 2DIAGNOSTIC,    64, -5.661911762142e-01, 9.205475186621e-06, 0.0000e+00, 0.0000e+00, 
 2DIAGNOSTIC,    65, -5.664749973034e-01, 1.152736155477e-05, 0.0000e+00, 0.0000e+00, 
 2DIAGNOSTIC,    66, -5.667705498667e-01, 1.524246685405e-05, 0.0000e+00, 0.0000e+00, 
 2DIAGNOSTIC,    67, -5.668558514070e-01, 1.855492892124e-05, 0.0000e+00, 0.0000e+00, 
 2DIAGNOSTIC,    68, -5.668576021302e-01, 2.038283181425e-05, 0.0000e+00, 0.0000e+00, 
 2DIAGNOSTIC,    69, -5.668628079601e-01, 2.104532183754e-05, 0.0000e+00, 0.0000e+00, 
 2DIAGNOSTIC,    70, -5.668682274174e-01, 1.995097037198e-05, 0.0000e+00, 0.0000e+00, 
 2DIAGNOSTIC,    71, -5.668682114980e-01, 1.709224349234e-05, 0.0000e+00, 0.0000e+00, 
 2DIAGNOSTIC,    72, -5.668677988258e-01, 1.299278731207e-05, 0.0000e+00, 0.0000e+00, 
 2DIAGNOSTIC,    73, -5.668658205433e-01, 8.314963337964e-06, 0.0000e+00, 0.0000e+00, 
 2DIAGNOSTIC,    74, -5.668639727794e-01, 3.898143415542e-06, 0.0000e+00, 0.0000e+00, 
 2DIAGNOSTIC,    75, -5.668832988680e-01, 1.338206294757e-06, 0.0000e+00, 0.0000e+00, 
DIAGNOSTIC,Iteration,metricValue,convergenceValue,ITERATION_TIME_INDEX,SINCE_LAST
 2DIAGNOSTIC,     1, -4.998463276499e-01, 1.797693134862e+308, 0.0000e+00, 0.0000e+00, 
 2DIAGNOSTIC,     2, -5.001306918253e-01, 1.797693134862e+308, 0.0000e+00, 0.0000e+00, 
 2DIAGNOSTIC,     3, -5.004215477510e-01, 1.797693134862e+308, 0.0000e+00, 0.0000e+00, 
 2DIAGNOSTIC,     4, -5.006426598145e-01, 1.797693134862e+308, 0.0000e+00, 0.0000e+00, 
 2DIAGNOSTIC,     5, -5.007855623523e-01, 1.797693134862e+308, 0.0000e+00, 0.0000e+00, 
 2DIAGNOSTIC,     6, -5.010227476977e-01, 1.797693134862e+308, 0.0000e+00, 0.0000e+00, 
 2DIAGNOSTIC,     7, -5.014077452748e-01, 1.797693134862e+308, 0.0000e+00, 0.0000e+00, 
 2DIAGNOSTIC,     8, -5.023292389575e-01, 1.797693134862e+308, 0.0000e+00, 0.0000e+00, 
 2DIAGNOSTIC,     9, -5.023582413166e-01, 1.797693134862e+308, 0.0000e+00, 0.0000e+00, 
 2DIAGNOSTIC,    10, -5.023596741163e-01, 3.545394272153e-04, 0.0000e+00, 0.0000e+00, 
 2DIAGNOSTIC,    11, -5.023556684143e-01, 3.073768692410e-04, 0.0000e+00, 0.0000e+00, 
 2DIAGNOSTIC,    12, -5.023567278320e-01, 2.536369958852e-04, 0.0000e+00, 0.0000e+00, 
 2DIAGNOSTIC,    13, -5.023570902802e-01, 1.974398858729e-04, 0.0000e+00, 0.0000e+00, 
 2DIAGNOSTIC,    14, -5.023558947094e-01, 1.405209562181e-04, 0.0000e+00, 0.0000e+00, 
 2DIAGNOSTIC,    15, -5.023562551966e-01, 8.448047186095e-05, 0.0000e+00, 0.0000e+00, 
 2DIAGNOSTIC,    16, -5.023554555423e-01, 3.629644145714e-05, 0.0000e+00, 0.0000e+00, 
 2DIAGNOSTIC,    17, -5.023633226401e-01, 2.856522529862e-06, 0.0000e+00, 0.0000e+00, 
 2DIAGNOSTIC,    18, -5.023633806161e-01, 2.016028355742e-06, 0.0000e+00, 0.0000e+00, 
 2DIAGNOSTIC,    19, -5.023612720172e-01, 2.044088835862e-06, 0.0000e+00, 0.0000e+00, 
 2DIAGNOSTIC,    20, -5.023607745015e-01, 2.071040841163e-06, 0.0000e+00, 0.0000e+00, 
 2DIAGNOSTIC,    21, -5.023585259829e-01, 1.880366371436e-06, 0.0000e+00, 0.0000e+00, 
 2DIAGNOSTIC,    22, -5.023586912395e-01, 1.701567597691e-06, 0.0000e+00, 0.0000e+00, 
 2DIAGNOSTIC,    23, -5.023580034544e-01, 1.505814901701e-06, 0.0000e+00, 0.0000e+00, 
 2DIAGNOSTIC,    24, -5.023571682419e-01, 1.270345688628e-06, 0.0000e+00, 0.0000e+00, 
 2DIAGNOSTIC,    25, -5.023574104672e-01, 1.076504906806e-06, 0.0000e+00, 0.0000e+00, 
DIAGNOSTIC,Iteration,metricValue,convergenceValue,ITERATION_TIME_INDEX,SINCE_LAST
 2DIAGNOSTIC,     1, -4.668425527506e-01, 1.797693134862e+308, 0.0000e+00, 0.0000e+00, 
 2DIAGNOSTIC,     2, -4.669808755247e-01, 1.797693134862e+308, 0.0000e+00, 0.0000e+00, 
 2DIAGNOSTIC,     3, -4.670459093820e-01, 1.797693134862e+308, 0.0000e+00, 0.0000e+00, 
 2DIAGNOSTIC,     4, -4.670940961063e-01, 1.797693134862e+308, 0.0000e+00, 0.0000e+00, 
 2DIAGNOSTIC,     5, -4.670965357512e-01, 1.797693134862e+308, 0.0000e+00, 0.0000e+00, 
 2DIAGNOSTIC,     6, -4.670963784118e-01, 1.797693134862e+308, 0.0000e+00, 0.0000e+00, 
 2DIAGNOSTIC,     7, -4.670963730147e-01, 1.797693134862e+308, 0.0000e+00, 0.0000e+00, 
 2DIAGNOSTIC,     8, -4.670963698827e-01, 1.797693134862e+308, 0.0000e+00, 0.0000e+00, 
 2DIAGNOSTIC,     9, -4.670962098729e-01, 1.797693134862e+308, 0.0000e+00, 0.0000e+00, 
 2DIAGNOSTIC,    10, -4.670962334077e-01, 2.697227380336e-05, 0.0000e+00, 0.0000e+00, 
 2DIAGNOSTIC,    11, -4.670960852972e-01, 1.177853812406e-05, 0.0000e+00, 0.0000e+00, 
 2DIAGNOSTIC,    12, -4.670960758164e-01, 5.271576799734e-06, 0.0000e+00, 0.0000e+00, 
 2DIAGNOSTIC,    13, -4.670960575013e-01, 2.509242441356e-06, 0.0000e+00, 0.0000e+00, 
 2DIAGNOSTIC,    14, -4.670959488910e-01, 2.222772623531e-06, 0.0000e+00, 0.0000e+00, 
 2DIAGNOSTIC,    15, -4.670960176921e-01, 2.081360832545e-06, 0.0000e+00, 0.0000e+00, 
 2DIAGNOSTIC,    16, -4.670959922932e-01, 1.954399036663e-06, 0.0000e+00, 0.0000e+00, 
 2DIAGNOSTIC,    17, -4.670959893231e-01, 1.845388229768e-06, 0.0000e+00, 0.0000e+00, 
 2DIAGNOSTIC,    18, -4.670959606397e-01, 1.750162125121e-06, 0.0000e+00, 0.0000e+00, 
 2DIAGNOSTIC,    19, -4.670959597289e-01, 1.661581803779e-06, 0.0000e+00, 0.0000e+00, 
 2DIAGNOSTIC,    20, -4.670959257042e-01, 1.583002327707e-06, 0.0000e+00, 0.0000e+00, 
 2DIAGNOSTIC,    21, -4.670959268446e-01, 1.508509030398e-06, 0.0000e+00, 0.0000e+00, 
 2DIAGNOSTIC,    22, -4.670959274195e-01, 1.441312770349e-06, 0.0000e+00, 0.0000e+00, 
 2DIAGNOSTIC,    23, -4.670960974033e-01, 1.384669280756e-06, 0.0000e+00, 0.0000e+00, 
 2DIAGNOSTIC,    24, -4.670961006960e-01, 1.329916114665e-06, 0.0000e+00, 0.0000e+00, 
 2DIAGNOSTIC,    25, -4.670960753067e-01, 1.280405455231e-06, 0.0000e+00, 0.0000e+00, 
 2DIAGNOSTIC,    26, -4.670960734787e-01, 1.233546532746e-06, 0.0000e+00, 0.0000e+00, 
 2DIAGNOSTIC,    27, -4.670960734787e-01, 1.189276967822e-06, 0.0000e+00, 0.0000e+00, 
 2DIAGNOSTIC,    28, -4.670960734787e-01, 1.146559663760e-06, 0.0000e+00, 0.0000e+00, 
 2DIAGNOSTIC,    29, -4.670960727911e-01, 1.105910203143e-06, 0.0000e+00, 0.0000e+00, 
 2DIAGNOSTIC,    30, -4.670960727911e-01, 1.066626395700e-06, 0.0000e+00, 0.0000e+00, 
 2DIAGNOSTIC,    31, -4.670960139977e-01, 1.028322011688e-06, 0.0000e+00, 0.0000e+00, 
  Elapsed time (stage 0): 0.0000e+00


Total elapsed time: 0.0000e+00
Info [verificarlo]: loaded backend libinterflop_vprec.so
Info [interflop-vprec]: load backend with: 
Info [interflop-vprec]: precision-binary32 = 21
Info [interflop-vprec]: range-binary32 = 7
Info [interflop-vprec]: precision-binary64 = 21
Info [interflop-vprec]: range-binary64 = 7
Info [interflop-vprec]: mode = ob
Info [interflop-vprec]: error-mode = rel
Info [interflop-vprec]: max-abs-error-exponent = -1022
Info [interflop-vprec]: daz = false
Info [interflop-vprec]: ftz = false
Info [interflop-vprec]: 	instrument = none
Info [interflop-vprec]: 	prec-input-file = (null)
Info [interflop-vprec]: 	prec-output-file = (null)
Info [interflop-vprec]: 	prec-log-file = (null)
All_Command_lines_OK
Using double precision for computations.
=============================================================================
The composite transform comprises the following transforms (in order): 
  1. /home/mdugre/scratch/mri-registration-rp/datasets/ds004513/derivatives/mri-registration-rp/0110/antsRegistration-r7-p21/sub-s032/rigid_Composite.h5[0] (type = Euler3DTransform)
  2. /home/mdugre/scratch/mri-registration-rp/datasets/ds004513/derivatives/mri-registration-rp/0110/antsRegistration-r7-p21/sub-s032/rigid_Composite.h5[1] (type = Euler3DTransform)
  3. /home/mdugre/scratch/mri-registration-rp/datasets/ds004513/derivatives/mri-registration-rp/0110/antsRegistration-r7-p21/sub-s032/rigid_Composite.h5[2] (type = Euler3DTransform)
=============================================================================
  number of levels = 4
  fixed image: /templateflow/tpl-MNI152NLin2009cAsym/tpl-MNI152NLin2009cAsym_res-01_desc-brain_T1w.nii.gz
  moving image: /home/mdugre/scratch/mri-registration-rp/datasets/ds004513/derivatives/mri-registration-rp/antsBrainExtraction/sub-s032/BrainExtractionBrain.nii.gz
Dimension = 3
Number of stages = 1
Use histogram matching = false
Winsorize image intensities = true
  Lower quantile = 0.005
  Upper quantile = 0.995


Stage 1 State
   Image metric = MattesMI
     Fixed image = Image (0x4583490)
  RTTI typeinfo:   itk::Image<double, 3u>
  Reference Count: 2
  Modified Time: 1592
  Debug: Off
  Object Name: 
  Observers: 
    none
  Source: (none)
  Source output name: (none)
  Release Data: Off
  Data Released: False
  Global Release Data: Off
  PipelineMTime: 0
  UpdateMTime: 1203
  RealTimeStamp: 0 seconds 
  LargestPossibleRegion: 
    Dimension: 3
    Index: [0, 0, 0]
    Size: [193, 229, 193]
  BufferedRegion: 
    Dimension: 3
    Index: [0, 0, 0]
    Size: [193, 229, 193]
  RequestedRegion: 
    Dimension: 3
    Index: [0, 0, 0]
    Size: [193, 229, 193]
  Spacing: [1, 1, 1]
  Origin: [96, 132, -78]
  Direction: 
-1 0 0
0 -1 0
0 0 1

  IndexToPointMatrix: 
-1 0 0
0 -1 0
0 0 1

  PointToIndexMatrix: 
-1 0 0
0 -1 0
0 0 1

  Inverse Direction: 
-1 0 0
0 -1 0
0 0 1

  PixelContainer: 
    ImportImageContainer (0x463bfa0)
      RTTI typeinfo:   itk::ImportImageContainer<unsigned long, double>
      Reference Count: 1
      Modified Time: 1200
      Debug: Off
      Object Name: 
      Observers: 
        none
      Pointer: 0x14ec24de6010
      Container manages memory: true
      Size: 8530021
      Capacity: 8530021

     Moving image = Image (0x463ed20)
  RTTI typeinfo:   itk::Image<double, 3u>
  Reference Count: 2
  Modified Time: 1593
  Debug: Off
  Object Name: 
  Observers: 
    none
  Source: (none)
  Source output name: (none)
  Release Data: Off
  Data Released: False
  Global Release Data: Off
  PipelineMTime: 0
  UpdateMTime: 1590
  RealTimeStamp: 0 seconds 
  LargestPossibleRegion: 
    Dimension: 3
    Index: [0, 0, 0]
    Size: [160, 240, 256]
  BufferedRegion: 
    Dimension: 3
    Index: [0, 0, 0]
    Size: [160, 240, 256]
  RequestedRegion: 
    Dimension: 3
    Index: [0, 0, 0]
    Size: [160, 240, 256]
  Spacing: [1, 1, 1]
  Origin: [73.279, 104.707, -131.187]
  Direction: 
-0.997526 0.0645574 -0.0278053
-0.0645323 -0.997914 -0.00179875
-0.0278634 4.01097e-08 0.999612

  IndexToPointMatrix: 
-0.997526 0.0645574 -0.0278053
-0.0645323 -0.997914 -0.00179875
-0.0278634 4.01097e-08 0.999612

  PointToIndexMatrix: 
-0.997528 -0.0645323 -0.0278634
0.0645573 -0.997913 1.19209e-07
-0.0278053 -0.00179881 0.999612

  Inverse Direction: 
-0.997528 -0.0645323 -0.0278634
0.0645573 -0.997913 1.19209e-07
-0.0278053 -0.00179881 0.999612

  PixelContainer: 
    ImportImageContainer (0x46fa390)
      RTTI typeinfo:   itk::ImportImageContainer<unsigned long, double>
      Reference Count: 1
      Modified Time: 1587
      Debug: Off
      Object Name: 
      Observers: 
        none
      Pointer: 0x14ec202e5010
      Container manages memory: true
      Size: 9830400
      Capacity: 9830400

     Weighting = 1
     Sampling strategy = regular
     Number of bins = 32
     Radius = 4
     Sampling percentage  = 0.25
   Transform = Affine
     Gradient step = 0.1
     Update field sigma (voxel space) = 0
     Total field sigma (voxel space) = 0
     Update field time sigma = 0
     Total field time sigma  = 0
     Number of time indices = 0
     Number of time point samples = 0
Registration using 1 total stages.

Stage 0
  iterations = 1000x500x250x100
  convergence threshold = 1e-06
  convergence window size = 10
  number of levels = 4
  using the Mattes MI metric (number of bins = 32, weight = 1, use gradient filter = 0)
  preprocessing:  winsorizing the image intensities
  Shrink factors (level 1 out of 4): [8, 8, 8]
  Shrink factors (level 2 out of 4): [4, 4, 4]
  Shrink factors (level 3 out of 4): [2, 2, 2]
  Shrink factors (level 4 out of 4): [1, 1, 1]
  smoothing sigmas per level: [3, 2, 1, 0]
  regular sampling (percentage = 0.25)

*** Running AffineTransform registration ***

DIAGNOSTIC,Iteration,metricValue,convergenceValue,ITERATION_TIME_INDEX,SINCE_LAST
 2DIAGNOSTIC,     1, -6.840632419165e-01, 1.797693134862e+308, 0.0000e+00, 0.0000e+00, 
 2DIAGNOSTIC,     2, -6.859178497655e-01, 1.797693134862e+308, 0.0000e+00, 0.0000e+00, 
 2DIAGNOSTIC,     3, -6.884675771860e-01, 1.797693134862e+308, 0.0000e+00, 0.0000e+00, 
 2DIAGNOSTIC,     4, -6.928661000125e-01, 1.797693134862e+308, 0.0000e+00, 0.0000e+00, 
 2DIAGNOSTIC,     5, -7.013524574156e-01, 1.797693134862e+308, 0.0000e+00, 0.0000e+00, 
 2DIAGNOSTIC,     6, -7.105670961541e-01, 1.797693134862e+308, 0.0000e+00, 0.0000e+00, 
 2DIAGNOSTIC,     7, -7.212281155873e-01, 1.797693134862e+308, 0.0000e+00, 0.0000e+00, 
 2DIAGNOSTIC,     8, -7.250987025837e-01, 1.797693134862e+308, 0.0000e+00, 0.0000e+00, 
 2DIAGNOSTIC,     9, -7.273081046968e-01, 1.797693134862e+308, 0.0000e+00, 0.0000e+00, 
 2DIAGNOSTIC,    10, -7.322729441494e-01, 5.022721558305e-03, 0.0000e+00, 0.0000e+00, 
 2DIAGNOSTIC,    11, -7.340692781707e-01, 4.499218180077e-03, 0.0000e+00, 0.0000e+00, 
 2DIAGNOSTIC,    12, -7.345126524011e-01, 3.737856651908e-03, 0.0000e+00, 0.0000e+00, 
 2DIAGNOSTIC,    13, -7.344640693182e-01, 2.840535868114e-03, 0.0000e+00, 0.0000e+00, 
 2DIAGNOSTIC,    14, -7.345747602635e-01, 1.945962807859e-03, 0.0000e+00, 0.0000e+00, 
 2DIAGNOSTIC,    15, -7.347398321838e-01, 1.221081113970e-03, 0.0000e+00, 0.0000e+00, 
 2DIAGNOSTIC,    16, -7.347527817484e-01, 6.990631997318e-04, 0.0000e+00, 0.0000e+00, 
 2DIAGNOSTIC,    17, -7.348833458106e-01, 4.266318041905e-04, 0.0000e+00, 0.0000e+00, 
 2DIAGNOSTIC,    18, -7.348574401794e-01, 2.308681071947e-04, 0.0000e+00, 0.0000e+00, 
 2DIAGNOSTIC,    19, -7.349504784647e-01, 8.041056873240e-05, 0.0000e+00, 0.0000e+00, 
 2DIAGNOSTIC,    20, -7.349634322180e-01, 3.511959158454e-05, 0.0000e+00, 0.0000e+00, 
 2DIAGNOSTIC,    21, -7.352015540013e-01, 2.903383456495e-05, 0.0000e+00, 0.0000e+00, 
 2DIAGNOSTIC,    22, -7.355793233308e-01, 3.560289404909e-05, 0.0000e+00, 0.0000e+00, 
 2DIAGNOSTIC,    23, -7.361248485483e-01, 4.673921602721e-05, 0.0000e+00, 0.0000e+00, 
 2DIAGNOSTIC,    24, -7.367363121136e-01, 6.432360374724e-05, 0.0000e+00, 0.0000e+00, 
 2DIAGNOSTIC,    25, -7.366544594676e-01, 7.578915642223e-05, 0.0000e+00, 0.0000e+00, 
 2DIAGNOSTIC,    26, -7.368425794782e-01, 8.254914276429e-05, 0.0000e+00, 0.0000e+00, 
 2DIAGNOSTIC,    27, -7.370020758881e-01, 8.530558023483e-05, 0.0000e+00, 0.0000e+00, 
 2DIAGNOSTIC,    28, -7.371495056910e-01, 8.142127456114e-05, 0.0000e+00, 0.0000e+00, 
 2DIAGNOSTIC,    29, -7.372252926001e-01, 7.247724895541e-05, 0.0000e+00, 0.0000e+00, 
 2DIAGNOSTIC,    30, -7.375093393149e-01, 6.136300524581e-05, 0.0000e+00, 0.0000e+00, 
 2DIAGNOSTIC,    31, -7.376702349820e-01, 5.027624613145e-05, 0.0000e+00, 0.0000e+00, 
 2DIAGNOSTIC,    32, -7.378003686481e-01, 4.127114473394e-05, 0.0000e+00, 0.0000e+00, 
 2DIAGNOSTIC,    33, -7.380525042339e-01, 3.826081789332e-05, 0.0000e+00, 0.0000e+00, 
 2DIAGNOSTIC,    34, -7.391057143322e-01, 5.103305904975e-05, 0.0000e+00, 0.0000e+00, 
 2DIAGNOSTIC,    35, -7.393235385521e-01, 5.947011418177e-05, 0.0000e+00, 0.0000e+00, 
 2DIAGNOSTIC,    36, -7.394458720505e-01, 6.528300337528e-05, 0.0000e+00, 0.0000e+00, 
 2DIAGNOSTIC,    37, -7.394376032019e-01, 6.639272824583e-05, 0.0000e+00, 0.0000e+00, 
 2DIAGNOSTIC,    38, -7.395565097355e-01, 6.394305526817e-05, 0.0000e+00, 0.0000e+00, 
 2DIAGNOSTIC,    39, -7.396065140312e-01, 5.661614240331e-05, 0.0000e+00, 0.0000e+00, 
 2DIAGNOSTIC,    40, -7.396220467772e-01, 4.719114828350e-05, 0.0000e+00, 0.0000e+00, 
 2DIAGNOSTIC,    41, -7.396413604563e-01, 3.566919160728e-05, 0.0000e+00, 0.0000e+00, 
 2DIAGNOSTIC,    42, -7.396470272936e-01, 2.271359039010e-05, 0.0000e+00, 0.0000e+00, 
 2DIAGNOSTIC,    43, -7.396530262140e-01, 1.036141047848e-05, 0.0000e+00, 0.0000e+00, 
 2DIAGNOSTIC,    44, -7.397623438244e-01, 7.889204019746e-06, 0.0000e+00, 0.0000e+00, 
 2DIAGNOSTIC,    45, -7.397642181284e-01, 6.699131517195e-06, 0.0000e+00, 0.0000e+00, 
 2DIAGNOSTIC,    46, -7.397656099335e-01, 6.064508334062e-06, 0.0000e+00, 0.0000e+00, 
 2DIAGNOSTIC,    47, -7.397690034152e-01, 4.895435750447e-06, 0.0000e+00, 0.0000e+00, 
 2DIAGNOSTIC,    48, -7.397727029028e-01, 4.353366345931e-06, 0.0000e+00, 0.0000e+00, 
 2DIAGNOSTIC,    49, -7.397752962523e-01, 3.882049684108e-06, 0.0000e+00, 0.0000e+00, 
 2DIAGNOSTIC,    50, -7.397775858967e-01, 3.253001265385e-06, 0.0000e+00, 0.0000e+00, 
 2DIAGNOSTIC,    51, -7.397794378655e-01, 2.572789280651e-06, 0.0000e+00, 0.0000e+00, 
 2DIAGNOSTIC,    52, -7.397829589515e-01, 1.809810766331e-06, 0.0000e+00, 0.0000e+00, 
DIAGNOSTIC,Iteration,metricValue,convergenceValue,ITERATION_TIME_INDEX,SINCE_LAST
 2DIAGNOSTIC,     1, -5.965411888523e-01, 1.797693134862e+308, 5.1200e+02, 5.1200e+02, 
 2DIAGNOSTIC,     2, -5.965253998636e-01, 1.797693134862e+308, 5.1200e+02, 0.0000e+00, 
 2DIAGNOSTIC,     3, -5.965040154540e-01, 1.797693134862e+308, 5.1200e+02, 0.0000e+00, 
 2DIAGNOSTIC,     4, -5.964872596367e-01, 1.797693134862e+308, 5.1200e+02, 0.0000e+00, 
 2DIAGNOSTIC,     5, -5.964694035358e-01, 1.797693134862e+308, 5.1200e+02, 0.0000e+00, 
 2DIAGNOSTIC,     6, -5.964617540817e-01, 1.797693134862e+308, 5.1200e+02, 0.0000e+00, 
 2DIAGNOSTIC,     7, -5.964610281629e-01, 1.797693134862e+308, 5.1200e+02, 0.0000e+00, 
 2DIAGNOSTIC,     8, -5.964667606635e-01, 1.797693134862e+308, 5.1200e+02, 0.0000e+00, 
 2DIAGNOSTIC,     9, -5.964527173777e-01, 1.797693134862e+308, 5.1200e+02, 0.0000e+00, 
DIAGNOSTIC,Iteration,metricValue,convergenceValue,ITERATION_TIME_INDEX,SINCE_LAST
 2DIAGNOSTIC,     1, -5.310313363449e-01, 1.797693134862e+308, 5.1200e+02, 0.0000e+00, 
 2DIAGNOSTIC,     2, -5.312508103013e-01, 1.797693134862e+308, 5.1200e+02, 0.0000e+00, 
 2DIAGNOSTIC,     3, -5.316403659864e-01, 1.797693134862e+308, 5.1200e+02, 0.0000e+00, 
 2DIAGNOSTIC,     4, -5.322643547992e-01, 1.797693134862e+308, 5.1200e+02, 0.0000e+00, 
 2DIAGNOSTIC,     5, -5.332228893894e-01, 1.797693134862e+308, 5.1200e+02, 0.0000e+00, 
 2DIAGNOSTIC,     6, -5.343848081268e-01, 1.797693134862e+308, 5.1200e+02, 0.0000e+00, 
 2DIAGNOSTIC,     7, -5.371853154199e-01, 1.797693134862e+308, 5.1200e+02, 0.0000e+00, 
 2DIAGNOSTIC,     8, -5.374395842059e-01, 1.797693134862e+308, 5.1200e+02, 0.0000e+00, 
 2DIAGNOSTIC,     9, -5.382962682775e-01, 1.797693134862e+308, 5.1200e+02, 0.0000e+00, 
 2DIAGNOSTIC,    10, -5.393681273662e-01, 1.122387254878e-03, 5.1200e+02, 0.0000e+00, 
 2DIAGNOSTIC,    11, -5.405264278543e-01, 1.098534898893e-03, 5.1200e+02, 0.0000e+00, 
 2DIAGNOSTIC,    12, -5.429329175933e-01, 1.094175921506e-03, 5.1200e+02, 0.0000e+00, 
