
##########################
# Experiment information #
##########################

EXPERIMENT_NAME: antsRegistration-r7-p9
VFC_BACKENDS: libinterflop_vprec.so --range-binary32=7 --precision-binary32=9 --range-binary64=7 --precision-binary64=9

SIF_IMG: /home/mdugre/projects/rrg-glatard/mdugre/containers/ants-vprec-no_metrics.simg

SUBJECT_ID: s014
INPUT_IMG: /home/mdugre/scratch/mri-registration-rp/datasets/ds004513/derivatives/mri-registration-rp/antsBrainExtraction/sub-s014/BrainExtractionBrain.nii.gz
OUTPUT_DIR: /home/mdugre/scratch/mri-registration-rp/datasets/ds004513/derivatives/mri-registration-rp/0111/antsRegistration-r7-p9/sub-s014

FIXED_IMG: /templateflow/tpl-MNI152NLin2009cAsym/tpl-MNI152NLin2009cAsym_res-01_desc-brain_T1w.nii.gz
DATA_DIR: /home/mdugre/scratch/mri-registration-rp/datasets/ds004513
TEMPLATEFLOW_DIR: /home/mdugre/projects/rrg-glatard/mdugre/templateflow
ITK_GLOBAL_DEFAULT_NUMBER_OF_THREADS: 16
##########################

Info [verificarlo]: loaded backend libinterflop_ieee.so
Info [interflop-ieee]: load backend with:
Info [interflop-ieee]: debug = false
Info [interflop-ieee]: debug-binary = false
Info [interflop-ieee]: no-backend-name = false
Info [interflop-ieee]: print-new-line = false
Info [interflop-ieee]: print-subnormal-normalized = false
Info [interflop-ieee]: count-op = false
All_Command_lines_OK
Using double precision for computations.
=============================================================================
The composite transform comprises the following transforms (in order): 
  1. Center of mass alignment using fixed image: /templateflow/tpl-MNI152NLin2009cAsym/tpl-MNI152NLin2009cAsym_res-01_desc-brain_T1w.nii.gz and moving image: /home/mdugre/scratch/mri-registration-rp/datasets/ds004513/derivatives/mri-registration-rp/antsBrainExtraction/sub-s014/BrainExtractionBrain.nii.gz (type = Euler3DTransform)
=============================================================================
  number of levels = 1
  fixed image: /templateflow/tpl-MNI152NLin2009cAsym/tpl-MNI152NLin2009cAsym_res-01_desc-brain_T1w.nii.gz
  moving image: /home/mdugre/scratch/mri-registration-rp/datasets/ds004513/derivatives/mri-registration-rp/antsBrainExtraction/sub-s014/BrainExtractionBrain.nii.gz
Dimension = 3
Number of stages = 1
Use histogram matching = false
Winsorize image intensities = true
  Lower quantile = 0.005
  Upper quantile = 0.995


Stage 1 State
   Image metric = MattesMI
     Fixed image = Image (0x37b0bd0)
  RTTI typeinfo:   itk::Image<double, 3u>
  Reference Count: 2
  Modified Time: 2334
  Debug: Off
  Object Name: 
  Observers: 
    none
  Source: (none)
  Source output name: (none)
  Release Data: Off
  Data Released: False
  Global Release Data: Off
  PipelineMTime: 0
  UpdateMTime: 1943
  RealTimeStamp: 0 seconds 
  LargestPossibleRegion: 
    Dimension: 3
    Index: [0, 0, 0]
    Size: [193, 229, 193]
  BufferedRegion: 
    Dimension: 3
    Index: [0, 0, 0]
    Size: [193, 229, 193]
  RequestedRegion: 
    Dimension: 3
    Index: [0, 0, 0]
    Size: [193, 229, 193]
  Spacing: [1, 1, 1]
  Origin: [96, 132, -78]
  Direction: 
-1 0 0
0 -1 0
0 0 1

  IndexToPointMatrix: 
-1 0 0
0 -1 0
0 0 1

  PointToIndexMatrix: 
-1 0 0
0 -1 0
0 0 1

  Inverse Direction: 
-1 0 0
0 -1 0
0 0 1

  PixelContainer: 
    ImportImageContainer (0x3808930)
      RTTI typeinfo:   itk::ImportImageContainer<unsigned long, double>
      Reference Count: 1
      Modified Time: 1940
      Debug: Off
      Object Name: 
      Observers: 
        none
      Pointer: 0x1523eb075010
      Container manages memory: true
      Size: 8530021
      Capacity: 8530021

     Moving image = Image (0x38a0610)
  RTTI typeinfo:   itk::Image<double, 3u>
  Reference Count: 2
  Modified Time: 2335
  Debug: Off
  Object Name: 
  Observers: 
    none
  Source: (none)
  Source output name: (none)
  Release Data: Off
  Data Released: False
  Global Release Data: Off
  PipelineMTime: 0
  UpdateMTime: 2332
  RealTimeStamp: 0 seconds 
  LargestPossibleRegion: 
    Dimension: 3
    Index: [0, 0, 0]
    Size: [160, 240, 256]
  BufferedRegion: 
    Dimension: 3
    Index: [0, 0, 0]
    Size: [160, 240, 256]
  RequestedRegion: 
    Dimension: 3
    Index: [0, 0, 0]
    Size: [160, 240, 256]
  Spacing: [0.999999, 1, 1]
  Origin: [84.1637, 106.709, -120.531]
  Direction: 
-0.999619 -0.0226874 -0.0157033
0.0226846 -0.999743 0.00035635
-0.0157073 -7.8229e-09 0.999877

  IndexToPointMatrix: 
-0.999619 -0.0226874 -0.0157033
0.0226845 -0.999743 0.00035635
-0.0157073 -7.8229e-09 0.999877

  PointToIndexMatrix: 
-0.99962 0.0226846 -0.0157073
-0.0226874 -0.999743 -7.83127e-09
-0.0157033 0.00035635 0.999877

  Inverse Direction: 
-0.999619 0.0226846 -0.0157073
-0.0226874 -0.999743 -7.83127e-09
-0.0157033 0.00035635 0.999877

  PixelContainer: 
    ImportImageContainer (0x37e0850)
      RTTI typeinfo:   itk::ImportImageContainer<unsigned long, double>
      Reference Count: 1
      Modified Time: 2329
      Debug: Off
      Object Name: 
      Observers: 
        none
      Pointer: 0x1523e6574010
      Container manages memory: true
      Size: 9830400
      Capacity: 9830400

     Weighting = 1
     Sampling strategy = regular
     Number of bins = 32
     Radius = 4
     Sampling percentage  = 0.25
   Transform = Rigid
     Gradient step = 0.1
     Update field sigma (voxel space) = 0
     Total field sigma (voxel space) = 0
     Update field time sigma = 0
     Total field time sigma  = 0
     Number of time indices = 0
     Number of time point samples = 0
Registration using 1 total stages.

Stage 0
  iterations = 0
  convergence threshold = 1e-06
  convergence window size = 10
  number of levels = 1
  using the Mattes MI metric (number of bins = 32, weight = 1, use gradient filter = 0)
  preprocessing:  winsorizing the image intensities
  Shrink factors (level 1 out of 1): [1, 1, 1]
  smoothing sigmas per level: [0]
  regular sampling (percentage = 0.25)

*** Running Euler3DTransform registration ***

  Elapsed time (stage 0): 1.13838


Total elapsed time: 1.14058
Info [verificarlo]: loaded backend libinterflop_vprec.so
Info [interflop-vprec]: load backend with: 
Info [interflop-vprec]: precision-binary32 = 9
Info [interflop-vprec]: range-binary32 = 7
Info [interflop-vprec]: precision-binary64 = 9
Info [interflop-vprec]: range-binary64 = 7
Info [interflop-vprec]: mode = ob
Info [interflop-vprec]: error-mode = rel
Info [interflop-vprec]: max-abs-error-exponent = -1022
Info [interflop-vprec]: daz = false
Info [interflop-vprec]: ftz = false
Info [interflop-vprec]: 	instrument = none
Info [interflop-vprec]: 	prec-input-file = (null)
Info [interflop-vprec]: 	prec-output-file = (null)
Info [interflop-vprec]: 	prec-log-file = (null)
All_Command_lines_OK
Using double precision for computations.
=============================================================================
The composite transform comprises the following transforms (in order): 
  1. /home/mdugre/scratch/mri-registration-rp/datasets/ds004513/derivatives/mri-registration-rp/0111/antsRegistration-r7-p9/sub-s014/align_Composite.h5[0] (type = Euler3DTransform)
  2. /home/mdugre/scratch/mri-registration-rp/datasets/ds004513/derivatives/mri-registration-rp/0111/antsRegistration-r7-p9/sub-s014/align_Composite.h5[1] (type = Euler3DTransform)
=============================================================================
  number of levels = 4
  fixed image: /templateflow/tpl-MNI152NLin2009cAsym/tpl-MNI152NLin2009cAsym_res-01_desc-brain_T1w.nii.gz
  moving image: /home/mdugre/scratch/mri-registration-rp/datasets/ds004513/derivatives/mri-registration-rp/antsBrainExtraction/sub-s014/BrainExtractionBrain.nii.gz
Dimension = 3
Number of stages = 1
Use histogram matching = false
Winsorize image intensities = true
  Lower quantile = 0.005
  Upper quantile = 0.995


Stage 1 State
   Image metric = MattesMI
     Fixed image = Image (0x3c5e1e0)
  RTTI typeinfo:   itk::Image<double, 3u>
  Reference Count: 2
  Modified Time: 1578
  Debug: Off
  Object Name: 
  Observers: 
    none
  Source: (none)
  Source output name: (none)
  Release Data: Off
  Data Released: False
  Global Release Data: Off
  PipelineMTime: 0
  UpdateMTime: 1189
  RealTimeStamp: 0 seconds 
  LargestPossibleRegion: 
    Dimension: 3
    Index: [0, 0, 0]
    Size: [193, 229, 193]
  BufferedRegion: 
    Dimension: 3
    Index: [0, 0, 0]
    Size: [193, 229, 193]
  RequestedRegion: 
    Dimension: 3
    Index: [0, 0, 0]
    Size: [193, 229, 193]
  Spacing: [1, 1, 1]
  Origin: [96, 132, -78]
  Direction: 
-1 0 0
0 -1 0
0 0 1

  IndexToPointMatrix: 
-1 0 0
0 -1 0
0 0 1

  PointToIndexMatrix: 
-1 0 0
0 -1 0
0 0 1

  Inverse Direction: 
-1 0 0
0 -1 0
0 0 1

  PixelContainer: 
    ImportImageContainer (0x3d1d680)
      RTTI typeinfo:   itk::ImportImageContainer<unsigned long, double>
      Reference Count: 1
      Modified Time: 1186
      Debug: Off
      Object Name: 
      Observers: 
        none
      Pointer: 0x152ea941b010
      Container manages memory: true
      Size: 8530021
      Capacity: 8530021

     Moving image = Image (0x3d19b20)
  RTTI typeinfo:   itk::Image<double, 3u>
  Reference Count: 2
  Modified Time: 1579
  Debug: Off
  Object Name: 
  Observers: 
    none
  Source: (none)
  Source output name: (none)
  Release Data: Off
  Data Released: False
  Global Release Data: Off
  PipelineMTime: 0
  UpdateMTime: 1576
  RealTimeStamp: 0 seconds 
  LargestPossibleRegion: 
    Dimension: 3
    Index: [0, 0, 0]
    Size: [160, 240, 256]
  BufferedRegion: 
    Dimension: 3
    Index: [0, 0, 0]
    Size: [160, 240, 256]
  RequestedRegion: 
    Dimension: 3
    Index: [0, 0, 0]
    Size: [160, 240, 256]
  Spacing: [1, 1, 1]
  Origin: [84.125, 106.75, -120.5]
  Direction: 
-1 -0.0226746 -0.0157166
0.0226746 -1 0.000356197
-0.0157166 0 1

  IndexToPointMatrix: 
-1 -0.0226746 -0.0157166
0.0226746 -1 0.000356197
-0.0157166 0 1

  PointToIndexMatrix: 
-1 0.0226746 -0.0157166
-0.0226746 -1 0
-0.0157166 0.000356197 1

  Inverse Direction: 
-1 0.0226746 -0.0157166
-0.0226746 -1 0
-0.0157166 0.000356197 1

  PixelContainer: 
    ImportImageContainer (0x3d82d50)
      RTTI typeinfo:   itk::ImportImageContainer<unsigned long, double>
      Reference Count: 1
      Modified Time: 1573
      Debug: Off
      Object Name: 
      Observers: 
        none
      Pointer: 0x152ea491a010
      Container manages memory: true
      Size: 9830400
      Capacity: 9830400

     Weighting = 1
     Sampling strategy = regular
     Number of bins = 32
     Radius = 4
     Sampling percentage  = 0.25
   Transform = Rigid
     Gradient step = 0.1
     Update field sigma (voxel space) = 0
     Total field sigma (voxel space) = 0
     Update field time sigma = 0
     Total field time sigma  = 0
     Number of time indices = 0
     Number of time point samples = 0
Registration using 1 total stages.

Stage 0
  iterations = 1000x500x250x100
  convergence threshold = 1e-06
  convergence window size = 10
  number of levels = 4
  using the Mattes MI metric (number of bins = 32, weight = 1, use gradient filter = 0)
  preprocessing:  winsorizing the image intensities
  Shrink factors (level 1 out of 4): [8, 8, 8]
  Shrink factors (level 2 out of 4): [4, 4, 4]
  Shrink factors (level 3 out of 4): [2, 2, 2]
  Shrink factors (level 4 out of 4): [1, 1, 1]
  smoothing sigmas per level: [3, 2, 1, 0]
  regular sampling (percentage = 0.25)

*** Running Euler3DTransform registration ***

DIAGNOSTIC,Iteration,metricValue,convergenceValue,ITERATION_TIME_INDEX,SINCE_LAST
 2DIAGNOSTIC,     1, -4.746304880575e-01, 1.797693134862e+308, 0.0000e+00, 0.0000e+00, 
 2DIAGNOSTIC,     2, -4.752314829116e-01, 1.797693134862e+308, 0.0000e+00, 0.0000e+00, 
 2DIAGNOSTIC,     3, -4.768026095509e-01, 1.797693134862e+308, 0.0000e+00, 0.0000e+00, 
 2DIAGNOSTIC,     4, -4.777993506420e-01, 1.797693134862e+308, 0.0000e+00, 0.0000e+00, 
 2DIAGNOSTIC,     5, -4.800854949544e-01, 1.797693134862e+308, 0.0000e+00, 0.0000e+00, 
 2DIAGNOSTIC,     6, -4.820552823106e-01, 1.797693134862e+308, 0.0000e+00, 0.0000e+00, 
 2DIAGNOSTIC,     7, -4.835711590509e-01, 1.797693134862e+308, 0.0000e+00, 0.0000e+00, 
 2DIAGNOSTIC,     8, -4.850399023810e-01, 1.797693134862e+308, 0.0000e+00, 0.0000e+00, 
 2DIAGNOSTIC,     9, -4.874223740430e-01, 1.797693134862e+308, 0.0000e+00, 0.0000e+00, 
 2DIAGNOSTIC,    10, -4.887931762697e-01, 1.985718077245e-03, 0.0000e+00, 0.0000e+00, 
 2DIAGNOSTIC,    11, -4.921985674744e-01, 1.970006762519e-03, 0.0000e+00, 0.0000e+00, 
 2DIAGNOSTIC,    12, -4.978811808179e-01, 2.083032227122e-03, 0.0000e+00, 0.0000e+00, 
 2DIAGNOSTIC,    13, -5.007772796288e-01, 2.186179711454e-03, 0.0000e+00, 0.0000e+00, 
 2DIAGNOSTIC,    14, -5.024989908465e-01, 2.187889792642e-03, 0.0000e+00, 0.0000e+00, 
 2DIAGNOSTIC,    15, -5.032907253271e-01, 2.110389961135e-03, 0.0000e+00, 0.0000e+00, 
 2DIAGNOSTIC,    16, -5.052978349948e-01, 1.993029584259e-03, 0.0000e+00, 0.0000e+00, 
 2DIAGNOSTIC,    17, -5.072024128504e-01, 1.818723096475e-03, 0.0000e+00, 0.0000e+00, 
 2DIAGNOSTIC,    18, -5.130109464038e-01, 1.727026349272e-03, 0.0000e+00, 0.0000e+00, 
 2DIAGNOSTIC,    19, -5.235709344520e-01, 1.875454351906e-03, 0.0000e+00, 0.0000e+00, 
 2DIAGNOSTIC,    20, -5.240499313927e-01, 1.881385943201e-03, 0.0000e+00, 0.0000e+00, 
 2DIAGNOSTIC,    21, -5.229018380193e-01, 1.775547389288e-03, 0.0000e+00, 0.0000e+00, 
 2DIAGNOSTIC,    22, -5.230164529428e-01, 1.668002155810e-03, 0.0000e+00, 0.0000e+00, 
 2DIAGNOSTIC,    23, -5.229661607648e-01, 1.481185124941e-03, 0.0000e+00, 0.0000e+00, 
 2DIAGNOSTIC,    24, -5.226822742281e-01, 1.201747546097e-03, 0.0000e+00, 0.0000e+00, 
 2DIAGNOSTIC,    25, -5.230256698879e-01, 8.595153235857e-04, 0.0000e+00, 0.0000e+00, 
 2DIAGNOSTIC,    26, -5.227443674605e-01, 5.060567137044e-04, 0.0000e+00, 0.0000e+00, 
 2DIAGNOSTIC,    27, -5.237049874466e-01, 1.919011447298e-04, 0.0000e+00, 0.0000e+00, 
 2DIAGNOSTIC,    28, -5.246956849354e-01, 1.354433205273e-05, 0.0000e+00, 0.0000e+00, 
 2DIAGNOSTIC,    29, -5.245823343449e-01, 4.939391638913e-05, 0.0000e+00, 0.0000e+00, 
 2DIAGNOSTIC,    30, -5.245225330675e-01, 8.712153162917e-05, 0.0000e+00, 0.0000e+00, 
 2DIAGNOSTIC,    31, -5.244966685244e-01, 9.290226498870e-05, 0.0000e+00, 0.0000e+00, 
 2DIAGNOSTIC,    32, -5.244307509590e-01, 9.006608141088e-05, 0.0000e+00, 0.0000e+00, 
 2DIAGNOSTIC,    33, -5.244573899150e-01, 7.826112795300e-05, 0.0000e+00, 0.0000e+00, 
 2DIAGNOSTIC,    34, -5.245522270809e-01, 5.662418148208e-05, 0.0000e+00, 0.0000e+00, 
 2DIAGNOSTIC,    35, -5.245422345181e-01, 3.678359469544e-05, 0.0000e+00, 0.0000e+00, 
 2DIAGNOSTIC,    36, -5.245144369750e-01, 9.540627094004e-06, 0.0000e+00, 0.0000e+00, 
DIAGNOSTIC,Iteration,metricValue,convergenceValue,ITERATION_TIME_INDEX,SINCE_LAST
 2DIAGNOSTIC,     1, -4.442847803964e-01, 1.797693134862e+308, 0.0000e+00, 0.0000e+00, 
 2DIAGNOSTIC,     2, -4.443675120113e-01, 1.797693134862e+308, 0.0000e+00, 0.0000e+00, 
 2DIAGNOSTIC,     3, -4.443035127162e-01, 1.797693134862e+308, 0.0000e+00, 0.0000e+00, 
 2DIAGNOSTIC,     4, -4.445299869461e-01, 1.797693134862e+308, 0.0000e+00, 0.0000e+00, 
 2DIAGNOSTIC,     5, -4.438038108119e-01, 1.797693134862e+308, 0.0000e+00, 0.0000e+00, 
 2DIAGNOSTIC,     6, -4.439593773298e-01, 1.797693134862e+308, 0.0000e+00, 0.0000e+00, 
 2DIAGNOSTIC,     7, -4.436409712657e-01, 1.797693134862e+308, 0.0000e+00, 0.0000e+00, 
 2DIAGNOSTIC,     8, -4.440380776748e-01, 1.797693134862e+308, 0.0000e+00, 0.0000e+00, 
 2DIAGNOSTIC,     9, -4.448398042554e-01, 1.797693134862e+308, 0.0000e+00, 0.0000e+00, 
 2DIAGNOSTIC,    10, -4.450670942720e-01, 3.961342698036e-05, 0.0000e+00, 0.0000e+00, 
 2DIAGNOSTIC,    11, -4.460091815482e-01, 1.501598950552e-04, 0.0000e+00, 0.0000e+00, 
 2DIAGNOSTIC,    12, -4.458027415782e-01, 2.213690372920e-04, 0.0000e+00, 0.0000e+00, 
 2DIAGNOSTIC,    13, -4.463101384180e-01, 2.833760237108e-04, 0.0000e+00, 0.0000e+00, 
 2DIAGNOSTIC,    14, -4.459327915742e-01, 3.038913691578e-04, 0.0000e+00, 0.0000e+00, 
 2DIAGNOSTIC,    15, -4.458376741760e-01, 2.590044516292e-04, 0.0000e+00, 0.0000e+00, 
 2DIAGNOSTIC,    16, -4.451102707923e-01, 1.738853601892e-04, 0.0000e+00, 0.0000e+00, 
 2DIAGNOSTIC,    17, -4.450418731697e-01, 6.875128906465e-05, 0.0000e+00, 0.0000e+00, 
DIAGNOSTIC,Iteration,metricValue,convergenceValue,ITERATION_TIME_INDEX,SINCE_LAST
 2DIAGNOSTIC,     1, -3.906357054199e-01, 1.797693134862e+308, 0.0000e+00, 0.0000e+00, 
 2DIAGNOSTIC,     2, -3.906299450313e-01, 1.797693134862e+308, 0.0000e+00, 0.0000e+00, 
 2DIAGNOSTIC,     3, -3.906444230966e-01, 1.797693134862e+308, 0.0000e+00, 0.0000e+00, 
 2DIAGNOSTIC,     4, -3.906443939195e-01, 1.797693134862e+308, 0.0000e+00, 0.0000e+00, 
 2DIAGNOSTIC,     5, -3.906435666097e-01, 1.797693134862e+308, 0.0000e+00, 0.0000e+00, 
 2DIAGNOSTIC,     6, -3.906384041430e-01, 1.797693134862e+308, 0.0000e+00, 0.0000e+00, 
 2DIAGNOSTIC,     7, -3.906385335696e-01, 1.797693134862e+308, 0.0000e+00, 0.0000e+00, 
 2DIAGNOSTIC,     8, -3.906375200167e-01, 1.797693134862e+308, 0.0000e+00, 0.0000e+00, 
 2DIAGNOSTIC,     9, -3.906433350219e-01, 1.797693134862e+308, 0.0000e+00, 0.0000e+00, 
 2DIAGNOSTIC,    10, -3.906482242650e-01, 1.147950727171e-06, 0.0000e+00, 0.0000e+00, 
 2DIAGNOSTIC,    11, -3.906520617474e-01, 1.448126361200e-06, 0.0000e+00, 0.0000e+00, 
 2DIAGNOSTIC,    12, -3.906553969086e-01, 1.399123727791e-06, 0.0000e+00, 0.0000e+00, 
 2DIAGNOSTIC,    13, -3.906553969086e-01, 2.037861103060e-06, 0.0000e+00, 0.0000e+00, 
 2DIAGNOSTIC,    14, -3.906553969086e-01, 2.396309682157e-06, 0.0000e+00, 0.0000e+00, 
 2DIAGNOSTIC,    15, -3.906553969086e-01, 2.451392004041e-06, 0.0000e+00, 0.0000e+00, 
 2DIAGNOSTIC,    16, -3.906553969086e-01, 2.039333040896e-06, 0.0000e+00, 0.0000e+00, 
 2DIAGNOSTIC,    17, -3.906553969086e-01, 1.498175961075e-06, 0.0000e+00, 0.0000e+00, 
DIAGNOSTIC,Iteration,metricValue,convergenceValue,ITERATION_TIME_INDEX,SINCE_LAST
 2DIAGNOSTIC,     1, -3.642350317411e-01, 1.797693134862e+308, 0.0000e+00, 0.0000e+00, 
 2DIAGNOSTIC,     2, -3.639774948454e-01, 1.797693134862e+308, 0.0000e+00, 0.0000e+00, 
 2DIAGNOSTIC,     3, -3.641577105481e-01, 1.797693134862e+308, 0.0000e+00, 0.0000e+00, 
 2DIAGNOSTIC,     4, -3.642405679946e-01, 1.797693134862e+308, 0.0000e+00, 0.0000e+00, 
 2DIAGNOSTIC,     5, -3.642756838779e-01, 1.797693134862e+308, 0.0000e+00, 0.0000e+00, 
 2DIAGNOSTIC,     6, -3.642702434582e-01, 1.797693134862e+308, 0.0000e+00, 0.0000e+00, 
 2DIAGNOSTIC,     7, -3.642751528795e-01, 1.797693134862e+308, 0.0000e+00, 0.0000e+00, 
 2DIAGNOSTIC,     8, -3.642748914479e-01, 1.797693134862e+308, 0.0000e+00, 0.0000e+00, 
 2DIAGNOSTIC,     9, -3.642686183873e-01, 1.797693134862e+308, 0.0000e+00, 0.0000e+00, 
 2DIAGNOSTIC,    10, -3.642664514107e-01, 2.990207394248e-05, 0.0000e+00, 0.0000e+00, 
 2DIAGNOSTIC,    11, -3.642656731426e-01, 2.861122097444e-05, 0.0000e+00, 0.0000e+00, 
 2DIAGNOSTIC,    12, -3.642661629736e-01, 8.005442286560e-06, 0.0000e+00, 0.0000e+00, 
  Elapsed time (stage 0): 0.0000e+00


Total elapsed time: 0.0000e+00
Info [verificarlo]: loaded backend libinterflop_vprec.so
Info [interflop-vprec]: load backend with: 
Info [interflop-vprec]: precision-binary32 = 9
Info [interflop-vprec]: range-binary32 = 7
Info [interflop-vprec]: precision-binary64 = 9
Info [interflop-vprec]: range-binary64 = 7
Info [interflop-vprec]: mode = ob
Info [interflop-vprec]: error-mode = rel
Info [interflop-vprec]: max-abs-error-exponent = -1022
Info [interflop-vprec]: daz = false
Info [interflop-vprec]: ftz = false
Info [interflop-vprec]: 	instrument = none
Info [interflop-vprec]: 	prec-input-file = (null)
Info [interflop-vprec]: 	prec-output-file = (null)
Info [interflop-vprec]: 	prec-log-file = (null)
All_Command_lines_OK
Using double precision for computations.
=============================================================================
The composite transform comprises the following transforms (in order): 
  1. /home/mdugre/scratch/mri-registration-rp/datasets/ds004513/derivatives/mri-registration-rp/0111/antsRegistration-r7-p9/sub-s014/rigid_Composite.h5[0] (type = Euler3DTransform)
  2. /home/mdugre/scratch/mri-registration-rp/datasets/ds004513/derivatives/mri-registration-rp/0111/antsRegistration-r7-p9/sub-s014/rigid_Composite.h5[1] (type = Euler3DTransform)
  3. /home/mdugre/scratch/mri-registration-rp/datasets/ds004513/derivatives/mri-registration-rp/0111/antsRegistration-r7-p9/sub-s014/rigid_Composite.h5[2] (type = Euler3DTransform)
=============================================================================
  number of levels = 4
  fixed image: /templateflow/tpl-MNI152NLin2009cAsym/tpl-MNI152NLin2009cAsym_res-01_desc-brain_T1w.nii.gz
  moving image: /home/mdugre/scratch/mri-registration-rp/datasets/ds004513/derivatives/mri-registration-rp/antsBrainExtraction/sub-s014/BrainExtractionBrain.nii.gz
Dimension = 3
Number of stages = 1
Use histogram matching = false
Winsorize image intensities = true
  Lower quantile = 0.005
  Upper quantile = 0.995


Stage 1 State
   Image metric = MattesMI
     Fixed image = Image (0x44de1e0)
  RTTI typeinfo:   itk::Image<double, 3u>
  Reference Count: 2
  Modified Time: 1592
  Debug: Off
  Object Name: 
  Observers: 
    none
  Source: (none)
  Source output name: (none)
  Release Data: Off
  Data Released: False
  Global Release Data: Off
  PipelineMTime: 0
  UpdateMTime: 1203
  RealTimeStamp: 0 seconds 
  LargestPossibleRegion: 
    Dimension: 3
    Index: [0, 0, 0]
    Size: [193, 229, 193]
  BufferedRegion: 
    Dimension: 3
    Index: [0, 0, 0]
    Size: [193, 229, 193]
  RequestedRegion: 
    Dimension: 3
    Index: [0, 0, 0]
    Size: [193, 229, 193]
  Spacing: [1, 1, 1]
  Origin: [96, 132, -78]
  Direction: 
-1 0 0
0 -1 0
0 0 1

  IndexToPointMatrix: 
-1 0 0
0 -1 0
0 0 1

  PointToIndexMatrix: 
-1 0 0
0 -1 0
0 0 1

  Inverse Direction: 
-1 0 0
0 -1 0
0 0 1

  PixelContainer: 
    ImportImageContainer (0x45ac440)
      RTTI typeinfo:   itk::ImportImageContainer<unsigned long, double>
      Reference Count: 1
      Modified Time: 1200
      Debug: Off
      Object Name: 
      Observers: 
        none
      Pointer: 0x152672d18010
      Container manages memory: true
      Size: 8530021
      Capacity: 8530021

     Moving image = Image (0x45999b0)
  RTTI typeinfo:   itk::Image<double, 3u>
  Reference Count: 2
  Modified Time: 1593
  Debug: Off
  Object Name: 
  Observers: 
    none
  Source: (none)
  Source output name: (none)
  Release Data: Off
  Data Released: False
  Global Release Data: Off
  PipelineMTime: 0
  UpdateMTime: 1590
  RealTimeStamp: 0 seconds 
  LargestPossibleRegion: 
    Dimension: 3
    Index: [0, 0, 0]
    Size: [160, 240, 256]
  BufferedRegion: 
    Dimension: 3
    Index: [0, 0, 0]
    Size: [160, 240, 256]
  RequestedRegion: 
    Dimension: 3
    Index: [0, 0, 0]
    Size: [160, 240, 256]
  Spacing: [1, 1, 1]
  Origin: [84.125, 106.75, -120.5]
  Direction: 
-1 -0.0226746 -0.0157166
0.0226746 -1 0.000356197
-0.0157166 0 1

  IndexToPointMatrix: 
-1 -0.0226746 -0.0157166
0.0226746 -1 0.000356197
-0.0157166 0 1

  PointToIndexMatrix: 
-1 0.0226746 -0.0157166
-0.0226746 -1 0
-0.0157166 0.000356197 1

  Inverse Direction: 
-1 0.0226746 -0.0157166
-0.0226746 -1 0
-0.0157166 0.000356197 1

  PixelContainer: 
    ImportImageContainer (0x454f710)
      RTTI typeinfo:   itk::ImportImageContainer<unsigned long, double>
      Reference Count: 1
      Modified Time: 1587
      Debug: Off
      Object Name: 
      Observers: 
        none
      Pointer: 0x15266e217010
      Container manages memory: true
      Size: 9830400
      Capacity: 9830400

     Weighting = 1
     Sampling strategy = regular
     Number of bins = 32
     Radius = 4
     Sampling percentage  = 0.25
   Transform = Affine
     Gradient step = 0.1
     Update field sigma (voxel space) = 0
     Total field sigma (voxel space) = 0
     Update field time sigma = 0
     Total field time sigma  = 0
     Number of time indices = 0
     Number of time point samples = 0
Registration using 1 total stages.

Stage 0
  iterations = 1000x500x250x100
  convergence threshold = 1e-06
  convergence window size = 10
  number of levels = 4
  using the Mattes MI metric (number of bins = 32, weight = 1, use gradient filter = 0)
  preprocessing:  winsorizing the image intensities
  Shrink factors (level 1 out of 4): [8, 8, 8]
  Shrink factors (level 2 out of 4): [4, 4, 4]
  Shrink factors (level 3 out of 4): [2, 2, 2]
  Shrink factors (level 4 out of 4): [1, 1, 1]
  smoothing sigmas per level: [3, 2, 1, 0]
  regular sampling (percentage = 0.25)

*** Running AffineTransform registration ***

DIAGNOSTIC,Iteration,metricValue,convergenceValue,ITERATION_TIME_INDEX,SINCE_LAST
 2DIAGNOSTIC,     1, -5.224221564893e-01, 1.797693134862e+308, 0.0000e+00, 0.0000e+00, 
 2DIAGNOSTIC,     2, -5.242147711483e-01, 1.797693134862e+308, 0.0000e+00, 0.0000e+00, 
 2DIAGNOSTIC,     3, -5.267273178177e-01, 1.797693134862e+308, 0.0000e+00, 0.0000e+00, 
 2DIAGNOSTIC,     4, -5.299195485306e-01, 1.797693134862e+308, 0.0000e+00, 0.0000e+00, 
 2DIAGNOSTIC,     5, -5.369974749708e-01, 1.797693134862e+308, 0.0000e+00, 0.0000e+00, 
 2DIAGNOSTIC,     6, -5.479618466583e-01, 1.797693134862e+308, 0.0000e+00, 0.0000e+00, 
 2DIAGNOSTIC,     7, -5.730897869235e-01, 1.797693134862e+308, 0.0000e+00, 0.0000e+00, 
 2DIAGNOSTIC,     8, -6.244909608286e-01, 1.797693134862e+308, 0.0000e+00, 0.0000e+00, 
 2DIAGNOSTIC,     9, -7.003888122013e-01, 1.797693134862e+308, 0.0000e+00, 0.0000e+00, 
 2DIAGNOSTIC,    10, -7.603475041474e-01, 2.345203819908e-02, 0.0000e+00, 0.0000e+00, 
 2DIAGNOSTIC,    11, -7.784676748512e-01, 2.672737587310e-02, 0.0000e+00, 0.0000e+00, 
 2DIAGNOSTIC,    12, -7.799156244652e-01, 2.712747374988e-02, 0.0000e+00, 0.0000e+00, 
 2DIAGNOSTIC,    13, -7.814683050491e-01, 2.519020079795e-02, 0.0000e+00, 0.0000e+00, 
 2DIAGNOSTIC,    14, -7.836503569510e-01, 2.147116631195e-02, 0.0000e+00, 0.0000e+00, 
 2DIAGNOSTIC,    15, -7.854172170942e-01, 1.665645235784e-02, 0.0000e+00, 0.0000e+00, 
 2DIAGNOSTIC,    16, -7.871637742491e-01, 1.140902383827e-02, 0.0000e+00, 0.0000e+00, 
 2DIAGNOSTIC,    17, -7.869168907997e-01, 6.485086302741e-03, 0.0000e+00, 0.0000e+00, 
 2DIAGNOSTIC,    18, -7.870016726525e-01, 2.788186591270e-03, 0.0000e+00, 0.0000e+00, 
 2DIAGNOSTIC,    19, -7.870010157499e-01, 9.246009501879e-04, 0.0000e+00, 0.0000e+00, 
 2DIAGNOSTIC,    20, -7.869854760353e-01, 4.236318348351e-04, 0.0000e+00, 0.0000e+00, 
 2DIAGNOSTIC,    21, -7.869854760353e-01, 2.933043063709e-04, 0.0000e+00, 0.0000e+00, 
 2DIAGNOSTIC,    22, -7.869854760353e-01, 1.763197603974e-04, 0.0000e+00, 0.0000e+00, 
 2DIAGNOSTIC,    23, -7.869854760353e-01, 8.166301968100e-05, 0.0000e+00, 0.0000e+00, 
 2DIAGNOSTIC,    24, -7.869854760353e-01, 2.448700760715e-05, 0.0000e+00, 0.0000e+00, 
DIAGNOSTIC,Iteration,metricValue,convergenceValue,ITERATION_TIME_INDEX,SINCE_LAST
 2DIAGNOSTIC,     1, -6.440781505900e-01, 1.797693134862e+308, 0.0000e+00, 0.0000e+00, 
 2DIAGNOSTIC,     2, -6.443238056740e-01, 1.797693134862e+308, 0.0000e+00, 0.0000e+00, 
 2DIAGNOSTIC,     3, -6.444399131492e-01, 1.797693134862e+308, 0.0000e+00, 0.0000e+00, 
 2DIAGNOSTIC,     4, -6.445408423830e-01, 1.797693134862e+308, 0.0000e+00, 0.0000e+00, 
 2DIAGNOSTIC,     5, -6.446243446104e-01, 1.797693134862e+308, 0.0000e+00, 0.0000e+00, 
 2DIAGNOSTIC,     6, -6.443619807992e-01, 1.797693134862e+308, 0.0000e+00, 0.0000e+00, 
 2DIAGNOSTIC,     7, -6.443157476151e-01, 1.797693134862e+308, 0.0000e+00, 0.0000e+00, 
 2DIAGNOSTIC,     8, -6.444515787082e-01, 1.797693134862e+308, 0.0000e+00, 0.0000e+00, 
 2DIAGNOSTIC,     9, -6.445095157692e-01, 1.797693134862e+308, 0.0000e+00, 0.0000e+00, 
 2DIAGNOSTIC,    10, -6.444753014795e-01, 1.848080178794e-05, 0.0000e+00, 0.0000e+00, 
 2DIAGNOSTIC,    11, -6.444805641390e-01, 3.101922397122e-06, 0.0000e+00, 0.0000e+00, 
 2DIAGNOSTIC,    12, -6.447730351478e-01, 9.823368428266e-06, 0.0000e+00, 0.0000e+00, 
 2DIAGNOSTIC,    13, -6.447733510506e-01, 1.797089604150e-05, 0.0000e+00, 0.0000e+00, 
 2DIAGNOSTIC,    14, -6.448162497424e-01, 2.772197794522e-05, 0.0000e+00, 0.0000e+00, 
 2DIAGNOSTIC,    15, -6.448212483883e-01, 3.663790792076e-05, 0.0000e+00, 0.0000e+00, 
 2DIAGNOSTIC,    16, -6.448193494883e-01, 3.388442840677e-05, 0.0000e+00, 0.0000e+00, 
 2DIAGNOSTIC,    17, -6.448190625585e-01, 2.691825273169e-05, 0.0000e+00, 0.0000e+00, 
 2DIAGNOSTIC,    18, -6.448174361430e-01, 2.145011556539e-05, 0.0000e+00, 0.0000e+00, 
 2DIAGNOSTIC,    19, -6.448256374950e-01, 1.622678059812e-05, 0.0000e+00, 0.0000e+00, 
 2DIAGNOSTIC,    20, -6.448307650521e-01, 9.438686248107e-06, 0.0000e+00, 0.0000e+00, 
 2DIAGNOSTIC,    21, -6.448195461770e-01, 2.129508440987e-06, 0.0000e+00, 0.0000e+00, 
 2DIAGNOSTIC,    22, -6.448203950137e-01, 1.187971525950e-06, 0.0000e+00, 0.0000e+00, 
DIAGNOSTIC,Iteration,metricValue,convergenceValue,ITERATION_TIME_INDEX,SINCE_LAST
 2DIAGNOSTIC,     1, -5.532663049358e-01, 1.797693134862e+308, 0.0000e+00, 0.0000e+00, 
 2DIAGNOSTIC,     2, -5.537831283579e-01, 1.797693134862e+308, 0.0000e+00, 0.0000e+00, 
 2DIAGNOSTIC,     3, -5.541992137023e-01, 1.797693134862e+308, 0.0000e+00, 0.0000e+00, 
 2DIAGNOSTIC,     4, -5.547661758826e-01, 1.797693134862e+308, 0.0000e+00, 0.0000e+00, 
 2DIAGNOSTIC,     5, -5.554345621156e-01, 1.797693134862e+308, 0.0000e+00, 0.0000e+00, 
 2DIAGNOSTIC,     6, -5.557899461317e-01, 1.797693134862e+308, 0.0000e+00, 0.0000e+00, 
 2DIAGNOSTIC,     7, -5.562590942626e-01, 1.797693134862e+308, 0.0000e+00, 0.0000e+00, 
 2DIAGNOSTIC,     8, -5.564443910257e-01, 1.797693134862e+308, 0.0000e+00, 0.0000e+00, 
 2DIAGNOSTIC,     9, -5.566859520225e-01, 1.797693134862e+308, 0.0000e+00, 0.0000e+00, 
 2DIAGNOSTIC,    10, -5.567776931222e-01, 4.288360644120e-04, 0.0000e+00, 0.0000e+00, 
 2DIAGNOSTIC,    11, -5.568994971675e-01, 3.379575920507e-04, 0.0000e+00, 0.0000e+00, 
 2DIAGNOSTIC,    12, -5.570827077421e-01, 2.616931654234e-04, 0.0000e+00, 0.0000e+00, 
 2DIAGNOSTIC,    13, -5.569903163431e-01, 1.858857587565e-04, 0.0000e+00, 0.0000e+00, 
 2DIAGNOSTIC,    14, -5.570769772617e-01, 1.277230933540e-04, 0.0000e+00, 0.0000e+00, 
 2DIAGNOSTIC,    15, -5.570624322109e-01, 8.779040342603e-05, 0.0000e+00, 0.0000e+00, 
 2DIAGNOSTIC,    16, -5.570764866170e-01, 5.627756281881e-05, 0.0000e+00, 0.0000e+00, 
 2DIAGNOSTIC,    17, -5.569801666181e-01, 3.440886779776e-05, 0.0000e+00, 0.0000e+00, 
 2DIAGNOSTIC,    18, -5.569700376619e-01, 1.675531539779e-05, 0.0000e+00, 0.0000e+00, 
 2DIAGNOSTIC,    19, -5.569709173274e-01, 5.936572902709e-06, 0.0000e+00, 0.0000e+00, 
DIAGNOSTIC,Iteration,metricValue,convergenceValue,ITERATION_TIME_INDEX,SINCE_LAST
 2DIAGNOSTIC,     1, -5.026208282163e-01, 1.797693134862e+308, 0.0000e+00, 0.0000e+00, 
 2DIAGNOSTIC,     2, -5.031903219257e-01, 1.797693134862e+308, 0.0000e+00, 0.0000e+00, 
 2DIAGNOSTIC,     3, -5.032505723521e-01, 1.797693134862e+308, 0.0000e+00, 0.0000e+00, 
 2DIAGNOSTIC,     4, -5.031975316549e-01, 1.797693134862e+308, 0.0000e+00, 0.0000e+00, 
 2DIAGNOSTIC,     5, -5.031928107589e-01, 1.797693134862e+308, 0.0000e+00, 0.0000e+00, 
 2DIAGNOSTIC,     6, -5.032046616963e-01, 1.797693134862e+308, 0.0000e+00, 0.0000e+00, 
 2DIAGNOSTIC,     7, -5.032257379295e-01, 1.797693134862e+308, 0.0000e+00, 0.0000e+00, 
 2DIAGNOSTIC,     8, -5.035946931741e-01, 1.797693134862e+308, 0.0000e+00, 0.0000e+00, 
 2DIAGNOSTIC,     9, -5.039425188476e-01, 1.797693134862e+308, 0.0000e+00, 0.0000e+00, 
 2DIAGNOSTIC,    10, -5.040804642702e-01, 1.340187989239e-04, 0.0000e+00, 0.0000e+00, 
 2DIAGNOSTIC,    11, -5.040921005481e-01, 1.201425794197e-04, 0.0000e+00, 0.0000e+00, 
 2DIAGNOSTIC,    12, -5.040914704471e-01, 1.247137181598e-04, 0.0000e+00, 0.0000e+00, 
 2DIAGNOSTIC,    13, -5.040930371193e-01, 1.198469574099e-04, 0.0000e+00, 0.0000e+00, 
 2DIAGNOSTIC,    14, -5.040921619363e-01, 1.023278345316e-04, 0.0000e+00, 0.0000e+00, 
 2DIAGNOSTIC,    15, -5.040922231238e-01, 7.772192059800e-05, 0.0000e+00, 0.0000e+00, 
 2DIAGNOSTIC,    16, -5.040913961074e-01, 4.977185559771e-05, 0.0000e+00, 0.0000e+00, 
 2DIAGNOSTIC,    17, -5.040917556401e-01, 2.110171537143e-05, 0.0000e+00, 0.0000e+00, 
 2DIAGNOSTIC,    18, -5.040938170918e-01, 5.043770638258e-06, 0.0000e+00, 0.0000e+00, 
  Elapsed time (stage 0): 0.0000e+00


Total elapsed time: 0.0000e+00
Info [verificarlo]: loaded backend libinterflop_vprec.so
Info [interflop-vprec]: load backend with: 
Info [interflop-vprec]: precision-binary32 = 9
Info [interflop-vprec]: range-binary32 = 7
Info [interflop-vprec]: precision-binary64 = 9
Info [interflop-vprec]: range-binary64 = 7
Info [interflop-vprec]: mode = ob
Info [interflop-vprec]: error-mode = rel
Info [interflop-vprec]: max-abs-error-exponent = -1022
Info [interflop-vprec]: daz = false
Info [interflop-vprec]: ftz = false
Info [interflop-vprec]: 	instrument = none
Info [interflop-vprec]: 	prec-input-file = (null)
Info [interflop-vprec]: 	prec-output-file = (null)
Info [interflop-vprec]: 	prec-log-file = (null)
All_Command_lines_OK
Using double precision for computations.
=============================================================================
The composite transform comprises the following transforms (in order): 
  1. /home/mdugre/scratch/mri-registration-rp/datasets/ds004513/derivatives/mri-registration-rp/0111/antsRegistration-r7-p9/sub-s014/affine_Composite.h5[0] (type = Euler3DTransform)
  2. /home/mdugre/scratch/mri-registration-rp/datasets/ds004513/derivatives/mri-registration-rp/0111/antsRegistration-r7-p9/sub-s014/affine_Composite.h5[1] (type = Euler3DTransform)
  3. /home/mdugre/scratch/mri-registration-rp/datasets/ds004513/derivatives/mri-registration-rp/0111/antsRegistration-r7-p9/sub-s014/affine_Composite.h5[2] (type = Euler3DTransform)
  4. /home/mdugre/scratch/mri-registration-rp/datasets/ds004513/derivatives/mri-registration-rp/0111/antsRegistration-r7-p9/sub-s014/affine_Composite.h5[3] (type = AffineTransform)
=============================================================================
  number of levels = 4
  fixed image: /templateflow/tpl-MNI152NLin2009cAsym/tpl-MNI152NLin2009cAsym_res-01_desc-brain_T1w.nii.gz
  moving image: /home/mdugre/scratch/mri-registration-rp/datasets/ds004513/derivatives/mri-registration-rp/antsBrainExtraction/sub-s014/BrainExtractionBrain.nii.gz
Dimension = 3
Number of stages = 1
Use histogram matching = false
Winsorize image intensities = true
  Lower quantile = 0.005
  Upper quantile = 0.995


Stage 1 State
   Image metric = CC
     Fixed image = Image (0x36ba6f0)
  RTTI typeinfo:   itk::Image<double, 3u>
  Reference Count: 2
  Modified Time: 1606
  Debug: Off
  Object Name: 
  Observers: 
    none
  Source: (none)
  Source output name: (none)
  Release Data: Off
  Data Released: False
  Global Release Data: Off
  PipelineMTime: 0
  UpdateMTime: 1217
  RealTimeStamp: 0 seconds 
  LargestPossibleRegion: 
    Dimension: 3
    Index: [0, 0, 0]
    Size: [193, 229, 193]
  BufferedRegion: 
    Dimension: 3
    Index: [0, 0, 0]
    Size: [193, 229, 193]
  RequestedRegion: 
    Dimension: 3
    Index: [0, 0, 0]
    Size: [193, 229, 193]
  Spacing: [1, 1, 1]
  Origin: [96, 132, -78]
  Direction: 
-1 0 0
0 -1 0
0 0 1

  IndexToPointMatrix: 
-1 0 0
0 -1 0
0 0 1

  PointToIndexMatrix: 
-1 0 0
0 -1 0
0 0 1

  Inverse Direction: 
-1 0 0
0 -1 0
0 0 1

  PixelContainer: 
    ImportImageContainer (0x3793910)
      RTTI typeinfo:   itk::ImportImageContainer<unsigned long, double>
      Reference Count: 1
      Modified Time: 1214
      Debug: Off
      Object Name: 
      Observers: 
        none
      Pointer: 0x1528b36d9010
      Container manages memory: true
      Size: 8530021
      Capacity: 8530021

     Moving image = Image (0x3775ec0)
  RTTI typeinfo:   itk::Image<double, 3u>
  Reference Count: 2
  Modified Time: 1607
  Debug: Off
  Object Name: 
  Observers: 
    none
  Source: (none)
  Source output name: (none)
  Release Data: Off
  Data Released: False
  Global Release Data: Off
  PipelineMTime: 0
  UpdateMTime: 1604
  RealTimeStamp: 0 seconds 
  LargestPossibleRegion: 
    Dimension: 3
    Index: [0, 0, 0]
    Size: [160, 240, 256]
  BufferedRegion: 
    Dimension: 3
    Index: [0, 0, 0]
    Size: [160, 240, 256]
  RequestedRegion: 
    Dimension: 3
    Index: [0, 0, 0]
    Size: [160, 240, 256]
  Spacing: [1, 1, 1]
  Origin: [84.125, 106.75, -120.5]
  Direction: 
-1 -0.0226746 -0.0157166
0.0226746 -1 0.000356197
-0.0157166 0 1

  IndexToPointMatrix: 
-1 -0.0226746 -0.0157166
0.0226746 -1 0.000356197
-0.0157166 0 1

  PointToIndexMatrix: 
-1 0.0226746 -0.0157166
-0.0226746 -1 0
-0.0157166 0.000356197 1

  Inverse Direction: 
-1 0.0226746 -0.0157166
-0.0226746 -1 0
-0.0157166 0.000356197 1

  PixelContainer: 
    ImportImageContainer (0x37961d0)
      RTTI typeinfo:   itk::ImportImageContainer<unsigned long, double>
      Reference Count: 1
      Modified Time: 1601
      Debug: Off
      Object Name: 
      Observers: 
        none
      Pointer: 0x1528aebd8010
      Container manages memory: true
      Size: 9830400
      Capacity: 9830400

     Weighting = 1
     Sampling strategy = none
     Number of bins = 32
     Radius = 4
     Sampling percentage  = 1
   Transform = SyN
     Gradient step = 0.1
     Update field sigma (voxel space) = 3
     Total field sigma (voxel space) = 0
     Update field time sigma = 0
     Total field time sigma  = 0
     Number of time indices = 0
     Number of time point samples = 0
Registration using 1 total stages.

Stage 0
  iterations = 100x70x50x20
  convergence threshold = 1e-06
  convergence window size = 10
  number of levels = 4
  using the CC metric (radius = 4, weight = 1, use gradient filter = 0)
  preprocessing:  winsorizing the image intensities
  Shrink factors (level 1 out of 4): [8, 8, 8]
  Shrink factors (level 2 out of 4): [4, 4, 4]
  Shrink factors (level 3 out of 4): [2, 2, 2]
  Shrink factors (level 4 out of 4): [1, 1, 1]
  smoothing sigmas per level: [3, 2, 1, 0]
  Using default NONE metricSamplingStrategy 

*** Running SyN registration (varianceForUpdateField = 3, varianceForTotalField = 0) ***

XXDIAGNOSTIC,Iteration,metricValue,convergenceValue,ITERATION_TIME_INDEX,SINCE_LAST
 1DIAGNOSTIC,     1, -8.847656250000e-01, 1.797693134862e+308, 0.0000e+00, 0.0000e+00, 
 1DIAGNOSTIC,     2, -8.935546875000e-01, 1.797693134862e+308, 0.0000e+00, 0.0000e+00, 
 1DIAGNOSTIC,     3, -9.013671875000e-01, 1.797693134862e+308, 0.0000e+00, 0.0000e+00, 
 1DIAGNOSTIC,     4, -9.072265625000e-01, 1.797693134862e+308, 0.0000e+00, 0.0000e+00, 
 1DIAGNOSTIC,     5, -9.121093750000e-01, 1.797693134862e+308, 0.0000e+00, 0.0000e+00, 
 1DIAGNOSTIC,     6, -9.160156250000e-01, 1.797693134862e+308, 0.0000e+00, 0.0000e+00, 
 1DIAGNOSTIC,     7, -9.189453125000e-01, 1.797693134862e+308, 0.0000e+00, 0.0000e+00, 
 1DIAGNOSTIC,     8, -9.208984375000e-01, 1.797693134862e+308, 0.0000e+00, 0.0000e+00, 
 1DIAGNOSTIC,     9, -9.238281250000e-01, 1.797693134862e+308, 0.0000e+00, 0.0000e+00, 
 1DIAGNOSTIC,    10, -9.257812500000e-01, 2.724979019684e-03, 0.0000e+00, 0.0000e+00, 
 1DIAGNOSTIC,    11, -9.267578125000e-01, 2.005236871267e-03, 0.0000e+00, 0.0000e+00, 
 1DIAGNOSTIC,    12, -9.277343750000e-01, 1.478214886692e-03, 0.0000e+00, 0.0000e+00, 
 1DIAGNOSTIC,    13, -9.287109375000e-01, 1.108203745479e-03, 0.0000e+00, 0.0000e+00, 
 1DIAGNOSTIC,    14, -9.296875000000e-01, 8.403531608610e-04, 0.0000e+00, 0.0000e+00, 
 1DIAGNOSTIC,    15, -9.296875000000e-01, 6.311098108997e-04, 0.0000e+00, 0.0000e+00, 
 1DIAGNOSTIC,    16, -9.306640625000e-01, 4.848586604256e-04, 0.0000e+00, 0.0000e+00, 
 1DIAGNOSTIC,    17, -9.316406250000e-01, 3.821125818513e-04, 0.0000e+00, 0.0000e+00, 
 1DIAGNOSTIC,    18, -9.316406250000e-01, 2.877540035229e-04, 0.0000e+00, 0.0000e+00, 
 1DIAGNOSTIC,    19, -9.316406250000e-01, 2.241312036716e-04, 0.0000e+00, 0.0000e+00, 
 1DIAGNOSTIC,    20, -9.326171875000e-01, 1.915155438104e-04, 0.0000e+00, 0.0000e+00, 
 1DIAGNOSTIC,    21, -9.326171875000e-01, 1.578493797171e-04, 0.0000e+00, 0.0000e+00, 
 1DIAGNOSTIC,    22, -9.326171875000e-01, 1.258831007842e-04, 0.0000e+00, 0.0000e+00, 
