
##########################
# Experiment information #
##########################

EXPERIMENT_NAME: antsRegistration-r7-p20
VFC_BACKENDS: libinterflop_vprec.so --range-binary32=7 --precision-binary32=20 --range-binary64=7 --precision-binary64=20

SIF_IMG: /home/mdugre/projects/rrg-glatard/mdugre/containers/ants-vprec-no_metrics.simg

SUBJECT_ID: s035
INPUT_IMG: /home/mdugre/scratch/mri-registration-rp/datasets/ds004513/derivatives/mri-registration-rp/antsBrainExtraction/sub-s035/BrainExtractionBrain.nii.gz
OUTPUT_DIR: /home/mdugre/scratch/mri-registration-rp/datasets/ds004513/derivatives/mri-registration-rp/0111/antsRegistration-r7-p20/sub-s035

FIXED_IMG: /templateflow/tpl-MNI152NLin2009cAsym/tpl-MNI152NLin2009cAsym_res-01_desc-brain_T1w.nii.gz
DATA_DIR: /home/mdugre/scratch/mri-registration-rp/datasets/ds004513
TEMPLATEFLOW_DIR: /home/mdugre/projects/rrg-glatard/mdugre/templateflow
ITK_GLOBAL_DEFAULT_NUMBER_OF_THREADS: 16
##########################

Info [verificarlo]: loaded backend libinterflop_ieee.so
Info [interflop-ieee]: load backend with:
Info [interflop-ieee]: debug = false
Info [interflop-ieee]: debug-binary = false
Info [interflop-ieee]: no-backend-name = false
Info [interflop-ieee]: print-new-line = false
Info [interflop-ieee]: print-subnormal-normalized = false
Info [interflop-ieee]: count-op = false
All_Command_lines_OK
Using double precision for computations.
=============================================================================
The composite transform comprises the following transforms (in order): 
  1. Center of mass alignment using fixed image: /templateflow/tpl-MNI152NLin2009cAsym/tpl-MNI152NLin2009cAsym_res-01_desc-brain_T1w.nii.gz and moving image: /home/mdugre/scratch/mri-registration-rp/datasets/ds004513/derivatives/mri-registration-rp/antsBrainExtraction/sub-s035/BrainExtractionBrain.nii.gz (type = Euler3DTransform)
=============================================================================
  number of levels = 1
  fixed image: /templateflow/tpl-MNI152NLin2009cAsym/tpl-MNI152NLin2009cAsym_res-01_desc-brain_T1w.nii.gz
  moving image: /home/mdugre/scratch/mri-registration-rp/datasets/ds004513/derivatives/mri-registration-rp/antsBrainExtraction/sub-s035/BrainExtractionBrain.nii.gz
Dimension = 3
Number of stages = 1
Use histogram matching = false
Winsorize image intensities = true
  Lower quantile = 0.005
  Upper quantile = 0.995


Stage 1 State
   Image metric = MattesMI
     Fixed image = Image (0x4450e70)
  RTTI typeinfo:   itk::Image<double, 3u>
  Reference Count: 2
  Modified Time: 2330
  Debug: Off
  Object Name: 
  Observers: 
    none
  Source: (none)
  Source output name: (none)
  Release Data: Off
  Data Released: False
  Global Release Data: Off
  PipelineMTime: 0
  UpdateMTime: 1941
  RealTimeStamp: 0 seconds 
  LargestPossibleRegion: 
    Dimension: 3
    Index: [0, 0, 0]
    Size: [193, 229, 193]
  BufferedRegion: 
    Dimension: 3
    Index: [0, 0, 0]
    Size: [193, 229, 193]
  RequestedRegion: 
    Dimension: 3
    Index: [0, 0, 0]
    Size: [193, 229, 193]
  Spacing: [1, 1, 1]
  Origin: [96, 132, -78]
  Direction: 
-1 0 0
0 -1 0
0 0 1

  IndexToPointMatrix: 
-1 0 0
0 -1 0
0 0 1

  PointToIndexMatrix: 
-1 0 0
0 -1 0
0 0 1

  Inverse Direction: 
-1 0 0
0 -1 0
0 0 1

  PixelContainer: 
    ImportImageContainer (0x4459c60)
      RTTI typeinfo:   itk::ImportImageContainer<unsigned long, double>
      Reference Count: 1
      Modified Time: 1938
      Debug: Off
      Object Name: 
      Observers: 
        none
      Pointer: 0x148013434010
      Container manages memory: true
      Size: 8530021
      Capacity: 8530021

     Moving image = Image (0x44edec0)
  RTTI typeinfo:   itk::Image<double, 3u>
  Reference Count: 2
  Modified Time: 2331
  Debug: Off
  Object Name: 
  Observers: 
    none
  Source: (none)
  Source output name: (none)
  Release Data: Off
  Data Released: False
  Global Release Data: Off
  PipelineMTime: 0
  UpdateMTime: 2328
  RealTimeStamp: 0 seconds 
  LargestPossibleRegion: 
    Dimension: 3
    Index: [0, 0, 0]
    Size: [160, 240, 256]
  BufferedRegion: 
    Dimension: 3
    Index: [0, 0, 0]
    Size: [160, 240, 256]
  RequestedRegion: 
    Dimension: 3
    Index: [0, 0, 0]
    Size: [160, 240, 256]
  Spacing: [1, 1, 1]
  Origin: [98.6438, 87.6358, -117.989]
  Direction: 
-0.993515 -0.100993 -0.0522355
0.100854 -0.994887 0.00530255
-0.0525039 1.93537e-08 0.998621

  IndexToPointMatrix: 
-0.993515 -0.100993 -0.0522355
0.100854 -0.994887 0.00530255
-0.0525039 1.93537e-08 0.998621

  PointToIndexMatrix: 
-0.993515 0.100854 -0.0525039
-0.100993 -0.994887 1.93006e-08
-0.0522355 0.00530255 0.998621

  Inverse Direction: 
-0.993515 0.100854 -0.0525039
-0.100993 -0.994887 1.93006e-08
-0.0522355 0.00530255 0.998621

  PixelContainer: 
    ImportImageContainer (0x4585610)
      RTTI typeinfo:   itk::ImportImageContainer<unsigned long, double>
      Reference Count: 1
      Modified Time: 2325
      Debug: Off
      Object Name: 
      Observers: 
        none
      Pointer: 0x14800e933010
      Container manages memory: true
      Size: 9830400
      Capacity: 9830400

     Weighting = 1
     Sampling strategy = regular
     Number of bins = 32
     Radius = 4
     Sampling percentage  = 0.25
   Transform = Rigid
     Gradient step = 0.1
     Update field sigma (voxel space) = 0
     Total field sigma (voxel space) = 0
     Update field time sigma = 0
     Total field time sigma  = 0
     Number of time indices = 0
     Number of time point samples = 0
Registration using 1 total stages.

Stage 0
  iterations = 0
  convergence threshold = 1e-06
  convergence window size = 10
  number of levels = 1
  using the Mattes MI metric (number of bins = 32, weight = 1, use gradient filter = 0)
  preprocessing:  winsorizing the image intensities
  Shrink factors (level 1 out of 1): [1, 1, 1]
  smoothing sigmas per level: [0]
  regular sampling (percentage = 0.25)

*** Running Euler3DTransform registration ***

  Elapsed time (stage 0): 1.12612


Total elapsed time: 1.12831
Info [verificarlo]: loaded backend libinterflop_vprec.so
Info [interflop-vprec]: load backend with: 
Info [interflop-vprec]: precision-binary32 = 20
Info [interflop-vprec]: range-binary32 = 7
Info [interflop-vprec]: precision-binary64 = 20
Info [interflop-vprec]: range-binary64 = 7
Info [interflop-vprec]: mode = ob
Info [interflop-vprec]: error-mode = rel
Info [interflop-vprec]: max-abs-error-exponent = -1022
Info [interflop-vprec]: daz = false
Info [interflop-vprec]: ftz = false
Info [interflop-vprec]: 	instrument = none
Info [interflop-vprec]: 	prec-input-file = (null)
Info [interflop-vprec]: 	prec-output-file = (null)
Info [interflop-vprec]: 	prec-log-file = (null)
All_Command_lines_OK
Using double precision for computations.
=============================================================================
The composite transform comprises the following transforms (in order): 
  1. /home/mdugre/scratch/mri-registration-rp/datasets/ds004513/derivatives/mri-registration-rp/0111/antsRegistration-r7-p20/sub-s035/align_Composite.h5[0] (type = Euler3DTransform)
  2. /home/mdugre/scratch/mri-registration-rp/datasets/ds004513/derivatives/mri-registration-rp/0111/antsRegistration-r7-p20/sub-s035/align_Composite.h5[1] (type = Euler3DTransform)
=============================================================================
  number of levels = 4
  fixed image: /templateflow/tpl-MNI152NLin2009cAsym/tpl-MNI152NLin2009cAsym_res-01_desc-brain_T1w.nii.gz
  moving image: /home/mdugre/scratch/mri-registration-rp/datasets/ds004513/derivatives/mri-registration-rp/antsBrainExtraction/sub-s035/BrainExtractionBrain.nii.gz
Dimension = 3
Number of stages = 1
Use histogram matching = false
Winsorize image intensities = true
  Lower quantile = 0.005
  Upper quantile = 0.995


Stage 1 State
   Image metric = MattesMI
     Fixed image = Image (0x4cdf1e0)
  RTTI typeinfo:   itk::Image<double, 3u>
  Reference Count: 2
  Modified Time: 1578
  Debug: Off
  Object Name: 
  Observers: 
    none
  Source: (none)
  Source output name: (none)
  Release Data: Off
  Data Released: False
  Global Release Data: Off
  PipelineMTime: 0
  UpdateMTime: 1189
  RealTimeStamp: 0 seconds 
  LargestPossibleRegion: 
    Dimension: 3
    Index: [0, 0, 0]
    Size: [193, 229, 193]
  BufferedRegion: 
    Dimension: 3
    Index: [0, 0, 0]
    Size: [193, 229, 193]
  RequestedRegion: 
    Dimension: 3
    Index: [0, 0, 0]
    Size: [193, 229, 193]
  Spacing: [1, 1, 1]
  Origin: [96, 132, -78]
  Direction: 
-1 0 0
0 -1 0
0 0 1

  IndexToPointMatrix: 
-1 0 0
0 -1 0
0 0 1

  PointToIndexMatrix: 
-1 0 0
0 -1 0
0 0 1

  Inverse Direction: 
-1 0 0
0 -1 0
0 0 1

  PixelContainer: 
    ImportImageContainer (0x4d9e680)
      RTTI typeinfo:   itk::ImportImageContainer<unsigned long, double>
      Reference Count: 1
      Modified Time: 1186
      Debug: Off
      Object Name: 
      Observers: 
        none
      Pointer: 0x151b2ac71010
      Container manages memory: true
      Size: 8530021
      Capacity: 8530021

     Moving image = Image (0x4d9ab20)
  RTTI typeinfo:   itk::Image<double, 3u>
  Reference Count: 2
  Modified Time: 1579
  Debug: Off
  Object Name: 
  Observers: 
    none
  Source: (none)
  Source output name: (none)
  Release Data: Off
  Data Released: False
  Global Release Data: Off
  PipelineMTime: 0
  UpdateMTime: 1576
  RealTimeStamp: 0 seconds 
  LargestPossibleRegion: 
    Dimension: 3
    Index: [0, 0, 0]
    Size: [160, 240, 256]
  BufferedRegion: 
    Dimension: 3
    Index: [0, 0, 0]
    Size: [160, 240, 256]
  RequestedRegion: 
    Dimension: 3
    Index: [0, 0, 0]
    Size: [160, 240, 256]
  Spacing: [1, 1, 1]
  Origin: [98.6437, 87.6359, -117.989]
  Direction: 
-0.993515 -0.100993 -0.0522355
0.100854 -0.994887 0.00530255
-0.0525039 1.93537e-08 0.998621

  IndexToPointMatrix: 
-0.993515 -0.100993 -0.0522355
0.100854 -0.994887 0.00530255
-0.0525039 1.93537e-08 0.998621

  PointToIndexMatrix: 
-0.993515 0.100854 -0.0525039
-0.100993 -0.994887 -5.69969e-07
-0.0522355 0.00530244 0.998621

  Inverse Direction: 
-0.993515 0.100854 -0.0525039
-0.100993 -0.994887 -5.69969e-07
-0.0522355 0.00530244 0.998621

  PixelContainer: 
    ImportImageContainer (0x4e03d50)
      RTTI typeinfo:   itk::ImportImageContainer<unsigned long, double>
      Reference Count: 1
      Modified Time: 1573
      Debug: Off
      Object Name: 
      Observers: 
        none
      Pointer: 0x151b26170010
      Container manages memory: true
      Size: 9830400
      Capacity: 9830400

     Weighting = 1
     Sampling strategy = regular
     Number of bins = 32
     Radius = 4
     Sampling percentage  = 0.25
   Transform = Rigid
     Gradient step = 0.1
     Update field sigma (voxel space) = 0
     Total field sigma (voxel space) = 0
     Update field time sigma = 0
     Total field time sigma  = 0
     Number of time indices = 0
     Number of time point samples = 0
Registration using 1 total stages.

Stage 0
  iterations = 1000x500x250x100
  convergence threshold = 1e-06
  convergence window size = 10
  number of levels = 4
  using the Mattes MI metric (number of bins = 32, weight = 1, use gradient filter = 0)
  preprocessing:  winsorizing the image intensities
  Shrink factors (level 1 out of 4): [8, 8, 8]
  Shrink factors (level 2 out of 4): [4, 4, 4]
  Shrink factors (level 3 out of 4): [2, 2, 2]
  Shrink factors (level 4 out of 4): [1, 1, 1]
  smoothing sigmas per level: [3, 2, 1, 0]
  regular sampling (percentage = 0.25)

*** Running Euler3DTransform registration ***

DIAGNOSTIC,Iteration,metricValue,convergenceValue,ITERATION_TIME_INDEX,SINCE_LAST
 2DIAGNOSTIC,     1, -5.238612734007e-01, 1.797693134862e+308, 0.0000e+00, 0.0000e+00, 
 2DIAGNOSTIC,     2, -5.257827267414e-01, 1.797693134862e+308, 0.0000e+00, 0.0000e+00, 
 2DIAGNOSTIC,     3, -5.278513251398e-01, 1.797693134862e+308, 0.0000e+00, 0.0000e+00, 
 2DIAGNOSTIC,     4, -5.302051633645e-01, 1.797693134862e+308, 0.0000e+00, 0.0000e+00, 
 2DIAGNOSTIC,     5, -5.343236529899e-01, 1.797693134862e+308, 0.0000e+00, 0.0000e+00, 
 2DIAGNOSTIC,     6, -5.398863134279e-01, 1.797693134862e+308, 0.0000e+00, 0.0000e+00, 
 2DIAGNOSTIC,     7, -5.489906124727e-01, 1.797693134862e+308, 0.0000e+00, 0.0000e+00, 
 2DIAGNOSTIC,     8, -5.544133762600e-01, 1.797693134862e+308, 0.0000e+00, 0.0000e+00, 
 2DIAGNOSTIC,     9, -5.601564817517e-01, 1.797693134862e+308, 0.0000e+00, 0.0000e+00, 
 2DIAGNOSTIC,    10, -5.616628261863e-01, 5.058015960220e-03, 0.0000e+00, 0.0000e+00, 
 2DIAGNOSTIC,    11, -5.650943022614e-01, 4.798042651778e-03, 0.0000e+00, 0.0000e+00, 
 2DIAGNOSTIC,    12, -5.661731455409e-01, 4.277953351949e-03, 0.0000e+00, 0.0000e+00, 
 2DIAGNOSTIC,    13, -5.679397040063e-01, 3.606846508248e-03, 0.0000e+00, 0.0000e+00, 
 2DIAGNOSTIC,    14, -5.679456905221e-01, 2.795735977562e-03, 0.0000e+00, 0.0000e+00, 
 2DIAGNOSTIC,    15, -5.684160868301e-01, 2.000721363353e-03, 0.0000e+00, 0.0000e+00, 
 2DIAGNOSTIC,    16, -5.688358643129e-01, 1.313336668632e-03, 0.0000e+00, 0.0000e+00, 
 2DIAGNOSTIC,    17, -5.691980116687e-01, 8.724155013306e-04, 0.0000e+00, 0.0000e+00, 
 2DIAGNOSTIC,    18, -5.696324258409e-01, 5.654576256060e-04, 0.0000e+00, 0.0000e+00, 
 2DIAGNOSTIC,    19, -5.705294512668e-01, 4.191121380922e-04, 0.0000e+00, 0.0000e+00, 
 2DIAGNOSTIC,    20, -5.735222408327e-01, 3.622151543205e-04, 0.0000e+00, 0.0000e+00, 
 2DIAGNOSTIC,    21, -5.766123906976e-01, 4.339822444219e-04, 0.0000e+00, 0.0000e+00, 
 2DIAGNOSTIC,    22, -5.776231751320e-01, 5.050465857957e-04, 0.0000e+00, 0.0000e+00, 
 2DIAGNOSTIC,    23, -5.800709759280e-01, 6.172081829953e-04, 0.0000e+00, 0.0000e+00, 
 2DIAGNOSTIC,    24, -5.811999092313e-01, 6.852298698126e-04, 0.0000e+00, 0.0000e+00, 
 2DIAGNOSTIC,    25, -5.813927528291e-01, 6.958860581140e-04, 0.0000e+00, 0.0000e+00, 
 2DIAGNOSTIC,    26, -5.835291046422e-01, 6.900229307764e-04, 0.0000e+00, 0.0000e+00, 
 2DIAGNOSTIC,    27, -5.840460446069e-01, 6.357115511268e-04, 0.0000e+00, 0.0000e+00, 
 2DIAGNOSTIC,    28, -5.840886967537e-01, 5.347416152130e-04, 0.0000e+00, 0.0000e+00, 
 2DIAGNOSTIC,    29, -5.843405709817e-01, 4.102956559122e-04, 0.0000e+00, 0.0000e+00, 
 2DIAGNOSTIC,    30, -5.846026888752e-01, 3.096604515815e-04, 0.0000e+00, 0.0000e+00, 
 2DIAGNOSTIC,    31, -5.855978037783e-01, 2.525397790975e-04, 0.0000e+00, 0.0000e+00, 
 2DIAGNOSTIC,    32, -5.951145567094e-01, 3.391533600469e-04, 0.0000e+00, 0.0000e+00, 
 2DIAGNOSTIC,    33, -5.955910817216e-01, 4.288200365721e-04, 0.0000e+00, 0.0000e+00, 
 2DIAGNOSTIC,    34, -5.956947188179e-01, 4.926274007293e-04, 0.0000e+00, 0.0000e+00, 
 2DIAGNOSTIC,    35, -5.957658283835e-01, 5.110829444677e-04, 0.0000e+00, 0.0000e+00, 
 2DIAGNOSTIC,    36, -5.962308984995e-01, 5.153258830483e-04, 0.0000e+00, 0.0000e+00, 
 2DIAGNOSTIC,    37, -5.964265405948e-01, 4.777405329730e-04, 0.0000e+00, 0.0000e+00, 
 2DIAGNOSTIC,    38, -5.964651635954e-01, 3.975259845416e-04, 0.0000e+00, 0.0000e+00, 
 2DIAGNOSTIC,    39, -5.967966142002e-01, 2.933942848363e-04, 0.0000e+00, 0.0000e+00, 
 2DIAGNOSTIC,    40, -5.979685908702e-01, 1.857029822546e-04, 0.0000e+00, 0.0000e+00, 
 2DIAGNOSTIC,    41, -5.982291990028e-01, 7.741592478046e-05, 0.0000e+00, 0.0000e+00, 
 2DIAGNOSTIC,    42, -5.983031912389e-01, 8.044602440773e-05, 0.0000e+00, 0.0000e+00, 
 2DIAGNOSTIC,    43, -5.987393669279e-01, 8.650920770458e-05, 0.0000e+00, 0.0000e+00, 
 2DIAGNOSTIC,    44, -5.994808055152e-01, 9.348272959037e-05, 0.0000e+00, 0.0000e+00, 
 2DIAGNOSTIC,    45, -5.999308758616e-01, 9.648196251216e-05, 0.0000e+00, 0.0000e+00, 
 2DIAGNOSTIC,    46, -6.003327900303e-01, 9.944288552356e-05, 0.0000e+00, 0.0000e+00, 
 2DIAGNOSTIC,    47, -6.014897257807e-01, 1.072853332277e-04, 0.0000e+00, 0.0000e+00, 
 2DIAGNOSTIC,    48, -6.030876968286e-01, 1.211651546276e-04, 0.0000e+00, 0.0000e+00, 
 2DIAGNOSTIC,    49, -6.033111847420e-01, 1.277916802937e-04, 0.0000e+00, 0.0000e+00, 
 2DIAGNOSTIC,    50, -6.037684669085e-01, 1.382047372773e-04, 0.0000e+00, 0.0000e+00, 
 2DIAGNOSTIC,    51, -6.041801898820e-01, 1.416683755758e-04, 0.0000e+00, 0.0000e+00, 
 2DIAGNOSTIC,    52, -6.071479623297e-01, 1.599560777562e-04, 0.0000e+00, 0.0000e+00, 
 2DIAGNOSTIC,    53, -6.240778520019e-01, 3.218344000674e-04, 0.0000e+00, 0.0000e+00, 
 2DIAGNOSTIC,    54, -6.423337948166e-01, 6.144295554846e-04, 0.0000e+00, 0.0000e+00, 
 2DIAGNOSTIC,    55, -6.670418978766e-01, 1.056894320671e-03, 0.0000e+00, 0.0000e+00, 
 2DIAGNOSTIC,    56, -6.715872443480e-01, 1.420817083421e-03, 0.0000e+00, 0.0000e+00, 
 2DIAGNOSTIC,    57, -6.728455989168e-01, 1.657159216980e-03, 0.0000e+00, 0.0000e+00, 
 2DIAGNOSTIC,    58, -6.735404499025e-01, 1.744954626929e-03, 0.0000e+00, 0.0000e+00, 
 2DIAGNOSTIC,    59, -6.735204456966e-01, 1.660791918261e-03, 0.0000e+00, 0.0000e+00, 
 2DIAGNOSTIC,    60, -6.739572162101e-01, 1.426310060230e-03, 0.0000e+00, 0.0000e+00, 
 2DIAGNOSTIC,    61, -6.745376611564e-01, 1.073449573078e-03, 0.0000e+00, 0.0000e+00, 
 2DIAGNOSTIC,    62, -6.752392012401e-01, 6.595729865284e-04, 0.0000e+00, 0.0000e+00, 
 2DIAGNOSTIC,    63, -6.793620224555e-01, 3.559424050323e-04, 0.0000e+00, 0.0000e+00, 
 2DIAGNOSTIC,    64, -6.794070570508e-01, 1.600589454102e-04, 0.0000e+00, 0.0000e+00, 
 2DIAGNOSTIC,    65, -6.794448570619e-01, 1.367327665776e-04, 0.0000e+00, 0.0000e+00, 
 2DIAGNOSTIC,    66, -6.797915570568e-01, 1.365407642122e-04, 0.0000e+00, 0.0000e+00, 
 2DIAGNOSTIC,    67, -6.801870676653e-01, 1.346271553543e-04, 0.0000e+00, 0.0000e+00, 
 2DIAGNOSTIC,    68, -6.804554512934e-01, 1.261450536898e-04, 0.0000e+00, 0.0000e+00, 
 2DIAGNOSTIC,    69, -6.811062285146e-01, 1.101215412849e-04, 0.0000e+00, 0.0000e+00, 
 2DIAGNOSTIC,    70, -6.818132172790e-01, 9.209840505048e-05, 0.0000e+00, 0.0000e+00, 
 2DIAGNOSTIC,    71, -6.818079622039e-01, 6.974612057958e-05, 0.0000e+00, 0.0000e+00, 
 2DIAGNOSTIC,    72, -6.824143747164e-01, 4.926786071249e-05, 0.0000e+00, 0.0000e+00, 
 2DIAGNOSTIC,    73, -6.830146583621e-01, 5.502010926124e-05, 0.0000e+00, 0.0000e+00, 
 2DIAGNOSTIC,    74, -6.832574737322e-01, 5.707105447150e-05, 0.0000e+00, 0.0000e+00, 
 2DIAGNOSTIC,    75, -6.833947350399e-01, 5.466860211176e-05, 0.0000e+00, 0.0000e+00, 
 2DIAGNOSTIC,    76, -6.845050508460e-01, 5.610230746139e-05, 0.0000e+00, 0.0000e+00, 
 2DIAGNOSTIC,    77, -6.849011112683e-01, 5.675956812921e-05, 0.0000e+00, 0.0000e+00, 
 2DIAGNOSTIC,    78, -6.850270405325e-01, 5.420780610023e-05, 0.0000e+00, 0.0000e+00, 
 2DIAGNOSTIC,    79, -6.850348587741e-01, 5.043006988058e-05, 0.0000e+00, 0.0000e+00, 
 2DIAGNOSTIC,    80, -6.852058569123e-01, 4.713079545118e-05, 0.0000e+00, 0.0000e+00, 
 2DIAGNOSTIC,    81, -6.861080311452e-01, 4.437765670560e-05, 0.0000e+00, 0.0000e+00, 
 2DIAGNOSTIC,    82, -6.864851195865e-01, 4.274263003213e-05, 0.0000e+00, 0.0000e+00, 
 2DIAGNOSTIC,    83, -6.866639774984e-01, 4.147148506628e-05, 0.0000e+00, 0.0000e+00, 
 2DIAGNOSTIC,    84, -6.867918082434e-01, 3.846593286121e-05, 0.0000e+00, 0.0000e+00, 
 2DIAGNOSTIC,    85, -6.869358131295e-01, 3.324612332807e-05, 0.0000e+00, 0.0000e+00, 
 2DIAGNOSTIC,    86, -6.870846642414e-01, 3.158455514202e-05, 0.0000e+00, 0.0000e+00, 
 2DIAGNOSTIC,    87, -6.870282842700e-01, 2.868779911248e-05, 0.0000e+00, 0.0000e+00, 
 2DIAGNOSTIC,    88, -6.870406173890e-01, 2.394418656614e-05, 0.0000e+00, 0.0000e+00, 
 2DIAGNOSTIC,    89, -6.870531396745e-01, 1.720145599154e-05, 0.0000e+00, 0.0000e+00, 
 2DIAGNOSTIC,    90, -6.870617936700e-01, 9.797636606983e-06, 0.0000e+00, 0.0000e+00, 
 2DIAGNOSTIC,    91, -6.870636178166e-01, 6.160064385972e-06, 0.0000e+00, 0.0000e+00, 
 2DIAGNOSTIC,    92, -6.870693197284e-01, 3.948875152749e-06, 0.0000e+00, 0.0000e+00, 
 2DIAGNOSTIC,    93, -6.870726447361e-01, 2.341236795798e-06, 0.0000e+00, 0.0000e+00, 
 2DIAGNOSTIC,    94, -6.870724454961e-01, 1.182984659846e-06, 0.0000e+00, 0.0000e+00, 
DIAGNOSTIC,Iteration,metricValue,convergenceValue,ITERATION_TIME_INDEX,SINCE_LAST
 2DIAGNOSTIC,     1, -5.586030547050e-01, 1.797693134862e+308, 0.0000e+00, 0.0000e+00, 
 2DIAGNOSTIC,     2, -5.587602887964e-01, 1.797693134862e+308, 0.0000e+00, 0.0000e+00, 
 2DIAGNOSTIC,     3, -5.590614097321e-01, 1.797693134862e+308, 0.0000e+00, 0.0000e+00, 
 2DIAGNOSTIC,     4, -5.594606707203e-01, 1.797693134862e+308, 0.0000e+00, 0.0000e+00, 
 2DIAGNOSTIC,     5, -5.599749420556e-01, 1.797693134862e+308, 0.0000e+00, 0.0000e+00, 
 2DIAGNOSTIC,     6, -5.613995201157e-01, 1.797693134862e+308, 0.0000e+00, 0.0000e+00, 
 2DIAGNOSTIC,     7, -5.619402168597e-01, 1.797693134862e+308, 0.0000e+00, 0.0000e+00, 
 2DIAGNOSTIC,     8, -5.624044819112e-01, 1.797693134862e+308, 0.0000e+00, 0.0000e+00, 
 2DIAGNOSTIC,     9, -5.639969526677e-01, 1.797693134862e+308, 0.0000e+00, 0.0000e+00, 
 2DIAGNOSTIC,    10, -5.660649448843e-01, 8.022093368420e-04, 0.0000e+00, 0.0000e+00, 
 2DIAGNOSTIC,    11, -5.662868731571e-01, 8.334191603788e-04, 0.0000e+00, 0.0000e+00, 
 2DIAGNOSTIC,    12, -5.663126309387e-01, 7.940655770304e-04, 0.0000e+00, 0.0000e+00, 
 2DIAGNOSTIC,    13, -5.663317695072e-01, 7.033118946601e-04, 0.0000e+00, 0.0000e+00, 
 2DIAGNOSTIC,    14, -5.663301564932e-01, 5.755458412436e-04, 0.0000e+00, 0.0000e+00, 
 2DIAGNOSTIC,    15, -5.663250654860e-01, 4.274660418552e-04, 0.0000e+00, 0.0000e+00, 
 2DIAGNOSTIC,    16, -5.663207737036e-01, 3.039712254968e-04, 0.0000e+00, 0.0000e+00, 
 2DIAGNOSTIC,    17, -5.663281296023e-01, 1.846958943544e-04, 0.0000e+00, 0.0000e+00, 
 2DIAGNOSTIC,    18, -5.663306315174e-01, 7.443641577997e-05, 0.0000e+00, 0.0000e+00, 
 2DIAGNOSTIC,    19, -5.663338664283e-01, 9.964630516696e-06, 0.0000e+00, 0.0000e+00, 
 2DIAGNOSTIC,    20, -5.663269110818e-01, 3.012962291285e-06, 0.0000e+00, 0.0000e+00, 
 2DIAGNOSTIC,    21, -5.663215412836e-01, 1.787654653695e-06, 0.0000e+00, 0.0000e+00, 
 2DIAGNOSTIC,    22, -5.663270051679e-01, 1.349726048532e-06, 0.0000e+00, 0.0000e+00, 
 2DIAGNOSTIC,    23, -5.663301936543e-01, 1.437724701847e-06, 0.0000e+00, 0.0000e+00, 
DIAGNOSTIC,Iteration,metricValue,convergenceValue,ITERATION_TIME_INDEX,SINCE_LAST
 2DIAGNOSTIC,     1, -5.041513749903e-01, 1.797693134862e+308, 0.0000e+00, 0.0000e+00, 
 2DIAGNOSTIC,     2, -5.043939107914e-01, 1.797693134862e+308, 0.0000e+00, 0.0000e+00, 
 2DIAGNOSTIC,     3, -5.045427792784e-01, 1.797693134862e+308, 0.0000e+00, 0.0000e+00, 
 2DIAGNOSTIC,     4, -5.046563730428e-01, 1.797693134862e+308, 0.0000e+00, 0.0000e+00, 
 2DIAGNOSTIC,     5, -5.046910080451e-01, 1.797693134862e+308, 0.0000e+00, 0.0000e+00, 
 2DIAGNOSTIC,     6, -5.046961920638e-01, 1.797693134862e+308, 0.0000e+00, 0.0000e+00, 
 2DIAGNOSTIC,     7, -5.046961058562e-01, 1.797693134862e+308, 0.0000e+00, 0.0000e+00, 
 2DIAGNOSTIC,     8, -5.046959580617e-01, 1.797693134862e+308, 0.0000e+00, 0.0000e+00, 
 2DIAGNOSTIC,     9, -5.046932682616e-01, 1.797693134862e+308, 0.0000e+00, 0.0000e+00, 
 2DIAGNOSTIC,    10, -5.046939932696e-01, 5.562538964646e-05, 0.0000e+00, 0.0000e+00, 
 2DIAGNOSTIC,    11, -5.046967711056e-01, 2.660783062530e-05, 0.0000e+00, 0.0000e+00, 
 2DIAGNOSTIC,    12, -5.046986269900e-01, 1.165594208187e-05, 0.0000e+00, 0.0000e+00, 
 2DIAGNOSTIC,    13, -5.046964836435e-01, 4.429392860772e-06, 0.0000e+00, 0.0000e+00, 
 2DIAGNOSTIC,    14, -5.046983585033e-01, 2.670044993394e-06, 0.0000e+00, 0.0000e+00, 
 2DIAGNOSTIC,    15, -5.047029985810e-01, 2.575676421104e-06, 0.0000e+00, 0.0000e+00, 
 2DIAGNOSTIC,    16, -5.047101313482e-01, 2.876358289147e-06, 0.0000e+00, 0.0000e+00, 
 2DIAGNOSTIC,    17, -5.047155104629e-01, 3.229728900954e-06, 0.0000e+00, 0.0000e+00, 
 2DIAGNOSTIC,    18, -5.047163049907e-01, 3.443645789053e-06, 0.0000e+00, 0.0000e+00, 
 2DIAGNOSTIC,    19, -5.047200211268e-01, 3.514904591419e-06, 0.0000e+00, 0.0000e+00, 
 2DIAGNOSTIC,    20, -5.047211475130e-01, 3.454155858174e-06, 0.0000e+00, 0.0000e+00, 
 2DIAGNOSTIC,    21, -5.047245409516e-01, 3.386264109027e-06, 0.0000e+00, 0.0000e+00, 
 2DIAGNOSTIC,    22, -5.047246202165e-01, 3.199799308420e-06, 0.0000e+00, 0.0000e+00, 
 2DIAGNOSTIC,    23, -5.047221140449e-01, 2.754775958881e-06, 0.0000e+00, 0.0000e+00, 
 2DIAGNOSTIC,    24, -5.047217224708e-01, 2.255413169457e-06, 0.0000e+00, 0.0000e+00, 
 2DIAGNOSTIC,    25, -5.047219568730e-01, 1.814227733613e-06, 0.0000e+00, 0.0000e+00, 
 2DIAGNOSTIC,    26, -5.047218920556e-01, 1.504854785672e-06, 0.0000e+00, 0.0000e+00, 
 2DIAGNOSTIC,    27, -5.047223878991e-01, 1.315172235519e-06, 0.0000e+00, 0.0000e+00, 
 2DIAGNOSTIC,    28, -5.047215489492e-01, 1.125141670659e-06, 0.0000e+00, 0.0000e+00, 
 2DIAGNOSTIC,    29, -5.047217901616e-01, 1.027171638295e-06, 0.0000e+00, 0.0000e+00, 
DIAGNOSTIC,Iteration,metricValue,convergenceValue,ITERATION_TIME_INDEX,SINCE_LAST
 2DIAGNOSTIC,     1, -4.669980444231e-01, 1.797693134862e+308, 0.0000e+00, 0.0000e+00, 
 2DIAGNOSTIC,     2, -4.672035280808e-01, 1.797693134862e+308, 0.0000e+00, 0.0000e+00, 
 2DIAGNOSTIC,     3, -4.672816344957e-01, 1.797693134862e+308, 0.0000e+00, 0.0000e+00, 
 2DIAGNOSTIC,     4, -4.673280584015e-01, 1.797693134862e+308, 0.0000e+00, 0.0000e+00, 
 2DIAGNOSTIC,     5, -4.673988929408e-01, 1.797693134862e+308, 0.0000e+00, 0.0000e+00, 
 2DIAGNOSTIC,     6, -4.674187319482e-01, 1.797693134862e+308, 0.0000e+00, 0.0000e+00, 
 2DIAGNOSTIC,     7, -4.674257550384e-01, 1.797693134862e+308, 0.0000e+00, 0.0000e+00, 
 2DIAGNOSTIC,     8, -4.674428374546e-01, 1.797693134862e+308, 0.0000e+00, 0.0000e+00, 
 2DIAGNOSTIC,     9, -4.674683271389e-01, 1.797693134862e+308, 0.0000e+00, 0.0000e+00, 
 2DIAGNOSTIC,    10, -4.675079407993e-01, 5.811380618786e-05, 0.0000e+00, 0.0000e+00, 
 2DIAGNOSTIC,    11, -4.675086717028e-01, 3.733441301665e-05, 0.0000e+00, 0.0000e+00, 
 2DIAGNOSTIC,    12, -4.675095231196e-01, 2.739173143165e-05, 0.0000e+00, 0.0000e+00, 
 2DIAGNOSTIC,    13, -4.675097911467e-01, 2.041448295589e-05, 0.0000e+00, 0.0000e+00, 
 2DIAGNOSTIC,    14, -4.675098528607e-01, 1.472125180686e-05, 0.0000e+00, 0.0000e+00, 
 2DIAGNOSTIC,    15, -4.675094787416e-01, 1.146837049978e-05, 0.0000e+00, 0.0000e+00, 
 2DIAGNOSTIC,    16, -4.675097011642e-01, 8.537795938277e-06, 0.0000e+00, 0.0000e+00, 
 2DIAGNOSTIC,    17, -4.675094724490e-01, 5.607763348271e-06, 0.0000e+00, 0.0000e+00, 
 2DIAGNOSTIC,    18, -4.675094385131e-01, 3.225804068495e-06, 0.0000e+00, 0.0000e+00, 
 2DIAGNOSTIC,    19, -4.675094581221e-01, 1.740266545633e-06, 0.0000e+00, 0.0000e+00, 
 2DIAGNOSTIC,    20, -4.675094581221e-01, 1.601358379219e-06, 0.0000e+00, 0.0000e+00, 
 2DIAGNOSTIC,    21, -4.675094581221e-01, 1.495241220818e-06, 0.0000e+00, 0.0000e+00, 
 2DIAGNOSTIC,    22, -4.675094588411e-01, 1.423923144395e-06, 0.0000e+00, 0.0000e+00, 
 2DIAGNOSTIC,    23, -4.675094596835e-01, 1.367976602960e-06, 0.0000e+00, 0.0000e+00, 
 2DIAGNOSTIC,    24, -4.675094596835e-01, 1.319945027140e-06, 0.0000e+00, 0.0000e+00, 
 2DIAGNOSTIC,    25, -4.675094596835e-01, 1.266968952890e-06, 0.0000e+00, 0.0000e+00, 
 2DIAGNOSTIC,    26, -4.675094338797e-01, 1.223361087842e-06, 0.0000e+00, 0.0000e+00, 
 2DIAGNOSTIC,    27, -4.675094334651e-01, 1.177907610575e-06, 1.0240e+03, 1.0240e+03, 
 2DIAGNOSTIC,    28, -4.675094343877e-01, 1.135016804370e-06, 1.0240e+03, 0.0000e+00, 
 2DIAGNOSTIC,    29, -4.675094343877e-01, 1.095613102776e-06, 1.0240e+03, 0.0000e+00, 
 2DIAGNOSTIC,    30, -4.675094343877e-01, 1.058986479736e-06, 1.0240e+03, 0.0000e+00, 
 2DIAGNOSTIC,    31, -4.675094343877e-01, 1.024884029990e-06, 1.0240e+03, 0.0000e+00, 
  Elapsed time (stage 0): 1.0240e+03


Total elapsed time: 1.0240e+03
Info [verificarlo]: loaded backend libinterflop_vprec.so
Info [interflop-vprec]: load backend with: 
Info [interflop-vprec]: precision-binary32 = 20
Info [interflop-vprec]: range-binary32 = 7
Info [interflop-vprec]: precision-binary64 = 20
Info [interflop-vprec]: range-binary64 = 7
Info [interflop-vprec]: mode = ob
Info [interflop-vprec]: error-mode = rel
Info [interflop-vprec]: max-abs-error-exponent = -1022
Info [interflop-vprec]: daz = false
Info [interflop-vprec]: ftz = false
Info [interflop-vprec]: 	instrument = none
Info [interflop-vprec]: 	prec-input-file = (null)
Info [interflop-vprec]: 	prec-output-file = (null)
Info [interflop-vprec]: 	prec-log-file = (null)
All_Command_lines_OK
Using double precision for computations.
=============================================================================
The composite transform comprises the following transforms (in order): 
  1. /home/mdugre/scratch/mri-registration-rp/datasets/ds004513/derivatives/mri-registration-rp/0111/antsRegistration-r7-p20/sub-s035/rigid_Composite.h5[0] (type = Euler3DTransform)
  2. /home/mdugre/scratch/mri-registration-rp/datasets/ds004513/derivatives/mri-registration-rp/0111/antsRegistration-r7-p20/sub-s035/rigid_Composite.h5[1] (type = Euler3DTransform)
  3. /home/mdugre/scratch/mri-registration-rp/datasets/ds004513/derivatives/mri-registration-rp/0111/antsRegistration-r7-p20/sub-s035/rigid_Composite.h5[2] (type = Euler3DTransform)
=============================================================================
  number of levels = 4
  fixed image: /templateflow/tpl-MNI152NLin2009cAsym/tpl-MNI152NLin2009cAsym_res-01_desc-brain_T1w.nii.gz
  moving image: /home/mdugre/scratch/mri-registration-rp/datasets/ds004513/derivatives/mri-registration-rp/antsBrainExtraction/sub-s035/BrainExtractionBrain.nii.gz
Dimension = 3
Number of stages = 1
Use histogram matching = false
Winsorize image intensities = true
  Lower quantile = 0.005
  Upper quantile = 0.995


Stage 1 State
   Image metric = MattesMI
     Fixed image = Image (0x4404490)
  RTTI typeinfo:   itk::Image<double, 3u>
  Reference Count: 2
  Modified Time: 1592
  Debug: Off
  Object Name: 
  Observers: 
    none
  Source: (none)
  Source output name: (none)
  Release Data: Off
  Data Released: False
  Global Release Data: Off
  PipelineMTime: 0
  UpdateMTime: 1203
  RealTimeStamp: 0 seconds 
  LargestPossibleRegion: 
    Dimension: 3
    Index: [0, 0, 0]
    Size: [193, 229, 193]
  BufferedRegion: 
    Dimension: 3
    Index: [0, 0, 0]
    Size: [193, 229, 193]
  RequestedRegion: 
    Dimension: 3
    Index: [0, 0, 0]
    Size: [193, 229, 193]
  Spacing: [1, 1, 1]
  Origin: [96, 132, -78]
  Direction: 
-1 0 0
0 -1 0
0 0 1

  IndexToPointMatrix: 
-1 0 0
0 -1 0
0 0 1

  PointToIndexMatrix: 
-1 0 0
0 -1 0
0 0 1

  Inverse Direction: 
-1 0 0
0 -1 0
0 0 1

  PixelContainer: 
    ImportImageContainer (0x44bcfa0)
      RTTI typeinfo:   itk::ImportImageContainer<unsigned long, double>
      Reference Count: 1
      Modified Time: 1200
      Debug: Off
      Object Name: 
      Observers: 
        none
      Pointer: 0x15022378f010
      Container manages memory: true
      Size: 8530021
      Capacity: 8530021

     Moving image = Image (0x44bfd20)
  RTTI typeinfo:   itk::Image<double, 3u>
  Reference Count: 2
  Modified Time: 1593
  Debug: Off
  Object Name: 
  Observers: 
    none
  Source: (none)
  Source output name: (none)
  Release Data: Off
  Data Released: False
  Global Release Data: Off
  PipelineMTime: 0
  UpdateMTime: 1590
  RealTimeStamp: 0 seconds 
  LargestPossibleRegion: 
    Dimension: 3
    Index: [0, 0, 0]
    Size: [160, 240, 256]
  BufferedRegion: 
    Dimension: 3
    Index: [0, 0, 0]
    Size: [160, 240, 256]
  RequestedRegion: 
    Dimension: 3
    Index: [0, 0, 0]
    Size: [160, 240, 256]
  Spacing: [1, 1, 1]
  Origin: [98.6437, 87.6359, -117.989]
  Direction: 
-0.993515 -0.100993 -0.0522355
0.100854 -0.994887 0.00530255
-0.0525039 1.93537e-08 0.998621

  IndexToPointMatrix: 
-0.993515 -0.100993 -0.0522355
0.100854 -0.994887 0.00530255
-0.0525039 1.93537e-08 0.998621

  PointToIndexMatrix: 
-0.993515 0.100854 -0.0525039
-0.100993 -0.994887 -5.69969e-07
-0.0522355 0.00530244 0.998621

  Inverse Direction: 
-0.993515 0.100854 -0.0525039
-0.100993 -0.994887 -5.69969e-07
-0.0522355 0.00530244 0.998621

  PixelContainer: 
    ImportImageContainer (0x457b390)
      RTTI typeinfo:   itk::ImportImageContainer<unsigned long, double>
      Reference Count: 1
      Modified Time: 1587
      Debug: Off
      Object Name: 
      Observers: 
        none
      Pointer: 0x15021ec8e010
      Container manages memory: true
      Size: 9830400
      Capacity: 9830400

     Weighting = 1
     Sampling strategy = regular
     Number of bins = 32
     Radius = 4
     Sampling percentage  = 0.25
   Transform = Affine
     Gradient step = 0.1
     Update field sigma (voxel space) = 0
     Total field sigma (voxel space) = 0
     Update field time sigma = 0
     Total field time sigma  = 0
     Number of time indices = 0
     Number of time point samples = 0
Registration using 1 total stages.

Stage 0
  iterations = 1000x500x250x100
  convergence threshold = 1e-06
  convergence window size = 10
  number of levels = 4
  using the Mattes MI metric (number of bins = 32, weight = 1, use gradient filter = 0)
  preprocessing:  winsorizing the image intensities
  Shrink factors (level 1 out of 4): [8, 8, 8]
  Shrink factors (level 2 out of 4): [4, 4, 4]
  Shrink factors (level 3 out of 4): [2, 2, 2]
  Shrink factors (level 4 out of 4): [1, 1, 1]
  smoothing sigmas per level: [3, 2, 1, 0]
  regular sampling (percentage = 0.25)

*** Running AffineTransform registration ***

DIAGNOSTIC,Iteration,metricValue,convergenceValue,ITERATION_TIME_INDEX,SINCE_LAST
 2DIAGNOSTIC,     1, -6.759240568989e-01, 1.797693134862e+308, 0.0000e+00, 0.0000e+00, 
 2DIAGNOSTIC,     2, -6.778756695792e-01, 1.797693134862e+308, 0.0000e+00, 0.0000e+00, 
 2DIAGNOSTIC,     3, -6.807694749182e-01, 1.797693134862e+308, 0.0000e+00, 0.0000e+00, 
 2DIAGNOSTIC,     4, -6.864541301951e-01, 1.797693134862e+308, 0.0000e+00, 0.0000e+00, 
 2DIAGNOSTIC,     5, -6.978173702047e-01, 1.797693134862e+308, 0.0000e+00, 0.0000e+00, 
 2DIAGNOSTIC,     6, -7.102134059519e-01, 1.797693134862e+308, 0.0000e+00, 0.0000e+00, 
 2DIAGNOSTIC,     7, -7.243685274181e-01, 1.797693134862e+308, 0.0000e+00, 0.0000e+00, 
 2DIAGNOSTIC,     8, -7.357258810106e-01, 1.797693134862e+308, 0.0000e+00, 0.0000e+00, 
 2DIAGNOSTIC,     9, -7.375775000304e-01, 1.797693134862e+308, 0.0000e+00, 0.0000e+00, 
 2DIAGNOSTIC,    10, -7.382664209632e-01, 6.955899381237e-03, 0.0000e+00, 0.0000e+00, 
 2DIAGNOSTIC,    11, -7.397378366647e-01, 6.121484677511e-03, 0.0000e+00, 0.0000e+00, 
 2DIAGNOSTIC,    12, -7.397730324588e-01, 4.945598544147e-03, 0.0000e+00, 0.0000e+00, 
 2DIAGNOSTIC,    13, -7.399381682381e-01, 3.604258953103e-03, 0.0000e+00, 0.0000e+00, 
 2DIAGNOSTIC,    14, -7.401043796663e-01, 2.300416637197e-03, 0.0000e+00, 0.0000e+00, 
 2DIAGNOSTIC,    15, -7.408260622524e-01, 1.284827353506e-03, 0.0000e+00, 0.0000e+00, 
 2DIAGNOSTIC,    16, -7.410273463647e-01, 5.868099290404e-04, 0.0000e+00, 0.0000e+00, 
 2DIAGNOSTIC,    17, -7.400934335395e-01, 2.195412732709e-04, 0.0000e+00, 0.0000e+00, 
 2DIAGNOSTIC,    18, -7.401555916176e-01, 1.243368116458e-04, 0.0000e+00, 0.0000e+00, 
 2DIAGNOSTIC,    19, -7.401085021567e-01, 6.506473641803e-05, 0.0000e+00, 0.0000e+00, 
 2DIAGNOSTIC,    20, -7.400600315416e-01, 1.726793498101e-05, 0.0000e+00, 0.0000e+00, 
DIAGNOSTIC,Iteration,metricValue,convergenceValue,ITERATION_TIME_INDEX,SINCE_LAST
 2DIAGNOSTIC,     1, -6.113746434479e-01, 1.797693134862e+308, 0.0000e+00, 0.0000e+00, 
 2DIAGNOSTIC,     2, -6.116964497440e-01, 1.797693134862e+308, 0.0000e+00, 0.0000e+00, 
 2DIAGNOSTIC,     3, -6.121235507308e-01, 1.797693134862e+308, 0.0000e+00, 0.0000e+00, 
 2DIAGNOSTIC,     4, -6.124427601505e-01, 1.797693134862e+308, 0.0000e+00, 0.0000e+00, 
 2DIAGNOSTIC,     5, -6.125414129319e-01, 1.797693134862e+308, 0.0000e+00, 0.0000e+00, 
 2DIAGNOSTIC,     6, -6.125322530082e-01, 1.797693134862e+308, 0.0000e+00, 0.0000e+00, 
 2DIAGNOSTIC,     7, -6.124958110501e-01, 1.797693134862e+308, 0.0000e+00, 0.0000e+00, 
 2DIAGNOSTIC,     8, -6.124863186500e-01, 1.797693134862e+308, 0.0000e+00, 0.0000e+00, 
 2DIAGNOSTIC,     9, -6.124788417791e-01, 1.797693134862e+308, 0.0000e+00, 0.0000e+00, 
 2DIAGNOSTIC,    10, -6.124768782875e-01, 9.897746006267e-05, 0.0000e+00, 0.0000e+00, 
 2DIAGNOSTIC,    11, -6.124746059661e-01, 4.848396976496e-05, 0.0000e+00, 0.0000e+00, 
 2DIAGNOSTIC,    12, -6.124559148037e-01, 1.380617675485e-05, 0.0000e+00, 0.0000e+00, 
DIAGNOSTIC,Iteration,metricValue,convergenceValue,ITERATION_TIME_INDEX,SINCE_LAST
 2DIAGNOSTIC,     1, -5.360824316091e-01, 1.797693134862e+308, 0.0000e+00, 0.0000e+00, 
 2DIAGNOSTIC,     2, -5.362956522433e-01, 1.797693134862e+308, 0.0000e+00, 0.0000e+00, 
 2DIAGNOSTIC,     3, -5.365157890903e-01, 1.797693134862e+308, 0.0000e+00, 0.0000e+00, 
 2DIAGNOSTIC,     4, -5.365411802099e-01, 1.797693134862e+308, 0.0000e+00, 0.0000e+00, 
 2DIAGNOSTIC,     5, -5.365466671047e-01, 1.797693134862e+308, 0.0000e+00, 0.0000e+00, 
 2DIAGNOSTIC,     6, -5.365430675009e-01, 1.797693134862e+308, 0.0000e+00, 0.0000e+00, 
 2DIAGNOSTIC,     7, -5.365449929894e-01, 1.797693134862e+308, 0.0000e+00, 0.0000e+00, 
 2DIAGNOSTIC,     8, -5.365436168986e-01, 1.797693134862e+308, 0.0000e+00, 0.0000e+00, 
 2DIAGNOSTIC,     9, -5.365439403576e-01, 1.797693134862e+308, 0.0000e+00, 0.0000e+00, 
 2DIAGNOSTIC,    10, -5.365433201740e-01, 4.018677015918e-05, 0.0000e+00, 0.0000e+00, 
 2DIAGNOSTIC,    11, -5.365423661500e-01, 1.597292412552e-05, 0.0000e+00, 0.0000e+00, 
 2DIAGNOSTIC,    12, -5.365406555390e-01, 3.699176627903e-06, 0.0000e+00, 0.0000e+00, 
 2DIAGNOSTIC,    13, -5.365401735315e-01, 2.142785360940e-06, 0.0000e+00, 0.0000e+00, 
 2DIAGNOSTIC,    14, -5.365395547055e-01, 1.766638139097e-06, 0.0000e+00, 0.0000e+00, 
 2DIAGNOSTIC,    15, -5.365392269998e-01, 1.672614108286e-06, 0.0000e+00, 0.0000e+00, 
 2DIAGNOSTIC,    16, -5.365392360822e-01, 1.511016236744e-06, 0.0000e+00, 0.0000e+00, 
 2DIAGNOSTIC,    17, -5.365408657768e-01, 1.524834637008e-06, 0.0000e+00, 0.0000e+00, 
 2DIAGNOSTIC,    18, -5.365401816342e-01, 1.506536659444e-06, 0.0000e+00, 0.0000e+00, 
 2DIAGNOSTIC,    19, -5.365375554275e-01, 1.451024880264e-06, 0.0000e+00, 0.0000e+00, 
 2DIAGNOSTIC,    20, -5.365368779513e-01, 1.390115969904e-06, 0.0000e+00, 0.0000e+00, 
 2DIAGNOSTIC,    21, -5.365350301350e-01, 1.283145683255e-06, 0.0000e+00, 0.0000e+00, 
 2DIAGNOSTIC,    22, -5.365353989452e-01, 1.174712119058e-06, 0.0000e+00, 0.0000e+00, 
 2DIAGNOSTIC,    23, -5.365359081136e-01, 1.101395609382e-06, 0.0000e+00, 0.0000e+00, 
 2DIAGNOSTIC,    24, -5.365369371228e-01, 1.070665947032e-06, 0.0000e+00, 0.0000e+00, 
 2DIAGNOSTIC,    25, -5.365374361652e-01, 1.070376057954e-06, 0.0000e+00, 0.0000e+00, 
 2DIAGNOSTIC,    26, -5.365367422639e-01, 1.073974756960e-06, 0.0000e+00, 0.0000e+00, 
 2DIAGNOSTIC,    27, -5.365363932621e-01, 1.116894980273e-06, 0.0000e+00, 0.0000e+00, 
 2DIAGNOSTIC,    28, -5.365374902086e-01, 1.170978022789e-06, 0.0000e+00, 0.0000e+00, 
 2DIAGNOSTIC,    29, -5.365376407149e-01, 1.171645161134e-06, 0.0000e+00, 0.0000e+00, 
 2DIAGNOSTIC,    30, -5.365361098398e-01, 1.127271649234e-06, 0.0000e+00, 0.0000e+00, 
 2DIAGNOSTIC,    31, -5.365349466922e-01, 1.029476776604e-06, 0.0000e+00, 0.0000e+00, 
DIAGNOSTIC,Iteration,metricValue,convergenceValue,ITERATION_TIME_INDEX,SINCE_LAST
 2DIAGNOSTIC,     1, -4.919747778333e-01, 1.797693134862e+308, 0.0000e+00, 0.0000e+00, 
 2DIAGNOSTIC,     2, -4.921704092799e-01, 1.797693134862e+308, 0.0000e+00, 0.0000e+00, 
 2DIAGNOSTIC,     3, -4.923248670911e-01, 1.797693134862e+308, 0.0000e+00, 0.0000e+00, 
 2DIAGNOSTIC,     4, -4.923557973344e-01, 1.797693134862e+308, 0.0000e+00, 0.0000e+00, 
 2DIAGNOSTIC,     5, -4.923597631117e-01, 1.797693134862e+308, 0.0000e+00, 0.0000e+00, 
 2DIAGNOSTIC,     6, -4.923607593513e-01, 1.797693134862e+308, 0.0000e+00, 0.0000e+00, 
 2DIAGNOSTIC,     7, -4.923617062249e-01, 1.797693134862e+308, 0.0000e+00, 0.0000e+00, 
 2DIAGNOSTIC,     8, -4.923631528379e-01, 1.797693134862e+308, 0.0000e+00, 0.0000e+00, 
 2DIAGNOSTIC,     9, -4.923682996961e-01, 1.797693134862e+308, 0.0000e+00, 0.0000e+00, 
 2DIAGNOSTIC,    10, -4.923716976988e-01, 3.779666925838e-05, 0.0000e+00, 0.0000e+00, 
 2DIAGNOSTIC,    11, -4.923836506398e-01, 1.678274489787e-05, 0.0000e+00, 0.0000e+00, 
 2DIAGNOSTIC,    12, -4.923888198830e-01, 7.482563320657e-06, 0.0000e+00, 0.0000e+00, 
