
##########################
# Experiment information #
##########################

EXPERIMENT_NAME: antsRegistration-r7-p23
VFC_BACKENDS: libinterflop_vprec.so --range-binary32=7 --precision-binary32=23 --range-binary64=7 --precision-binary64=23

SIF_IMG: /home/mdugre/projects/rrg-glatard/mdugre/containers/ants-vprec-no_metrics.simg

SUBJECT_ID: s003
INPUT_IMG: /home/mdugre/scratch/mri-registration-rp/datasets/ds004513/derivatives/mri-registration-rp/antsBrainExtraction/sub-s003/BrainExtractionBrain.nii.gz
OUTPUT_DIR: /home/mdugre/scratch/mri-registration-rp/datasets/ds004513/derivatives/mri-registration-rp/0111/antsRegistration-r7-p23/sub-s003

FIXED_IMG: /templateflow/tpl-MNI152NLin2009cAsym/tpl-MNI152NLin2009cAsym_res-01_desc-brain_T1w.nii.gz
DATA_DIR: /home/mdugre/scratch/mri-registration-rp/datasets/ds004513
TEMPLATEFLOW_DIR: /home/mdugre/projects/rrg-glatard/mdugre/templateflow
ITK_GLOBAL_DEFAULT_NUMBER_OF_THREADS: 16
##########################

Info [verificarlo]: loaded backend libinterflop_ieee.so
Info [interflop-ieee]: load backend with:
Info [interflop-ieee]: debug = false
Info [interflop-ieee]: debug-binary = false
Info [interflop-ieee]: no-backend-name = false
Info [interflop-ieee]: print-new-line = false
Info [interflop-ieee]: print-subnormal-normalized = false
Info [interflop-ieee]: count-op = false
All_Command_lines_OK
Using double precision for computations.
=============================================================================
The composite transform comprises the following transforms (in order): 
  1. Center of mass alignment using fixed image: /templateflow/tpl-MNI152NLin2009cAsym/tpl-MNI152NLin2009cAsym_res-01_desc-brain_T1w.nii.gz and moving image: /home/mdugre/scratch/mri-registration-rp/datasets/ds004513/derivatives/mri-registration-rp/antsBrainExtraction/sub-s003/BrainExtractionBrain.nii.gz (type = Euler3DTransform)
=============================================================================
  number of levels = 1
  fixed image: /templateflow/tpl-MNI152NLin2009cAsym/tpl-MNI152NLin2009cAsym_res-01_desc-brain_T1w.nii.gz
  moving image: /home/mdugre/scratch/mri-registration-rp/datasets/ds004513/derivatives/mri-registration-rp/antsBrainExtraction/sub-s003/BrainExtractionBrain.nii.gz
Dimension = 3
Number of stages = 1
Use histogram matching = false
Winsorize image intensities = true
  Lower quantile = 0.005
  Upper quantile = 0.995


Stage 1 State
   Image metric = MattesMI
     Fixed image = Image (0x47fee70)
  RTTI typeinfo:   itk::Image<double, 3u>
  Reference Count: 2
  Modified Time: 2334
  Debug: Off
  Object Name: 
  Observers: 
    none
  Source: (none)
  Source output name: (none)
  Release Data: Off
  Data Released: False
  Global Release Data: Off
  PipelineMTime: 0
  UpdateMTime: 1943
  RealTimeStamp: 0 seconds 
  LargestPossibleRegion: 
    Dimension: 3
    Index: [0, 0, 0]
    Size: [193, 229, 193]
  BufferedRegion: 
    Dimension: 3
    Index: [0, 0, 0]
    Size: [193, 229, 193]
  RequestedRegion: 
    Dimension: 3
    Index: [0, 0, 0]
    Size: [193, 229, 193]
  Spacing: [1, 1, 1]
  Origin: [96, 132, -78]
  Direction: 
-1 0 0
0 -1 0
0 0 1

  IndexToPointMatrix: 
-1 0 0
0 -1 0
0 0 1

  PointToIndexMatrix: 
-1 0 0
0 -1 0
0 0 1

  Inverse Direction: 
-1 0 0
0 -1 0
0 0 1

  PixelContainer: 
    ImportImageContainer (0x480b140)
      RTTI typeinfo:   itk::ImportImageContainer<unsigned long, double>
      Reference Count: 1
      Modified Time: 1940
      Debug: Off
      Object Name: 
      Observers: 
        none
      Pointer: 0x153e8bbe3010
      Container manages memory: true
      Size: 8530021
      Capacity: 8530021

     Moving image = Image (0x4808310)
  RTTI typeinfo:   itk::Image<double, 3u>
  Reference Count: 2
  Modified Time: 2335
  Debug: Off
  Object Name: 
  Observers: 
    none
  Source: (none)
  Source output name: (none)
  Release Data: Off
  Data Released: False
  Global Release Data: Off
  PipelineMTime: 0
  UpdateMTime: 2332
  RealTimeStamp: 0 seconds 
  LargestPossibleRegion: 
    Dimension: 3
    Index: [0, 0, 0]
    Size: [176, 240, 256]
  BufferedRegion: 
    Dimension: 3
    Index: [0, 0, 0]
    Size: [176, 240, 256]
  RequestedRegion: 
    Dimension: 3
    Index: [0, 0, 0]
    Size: [176, 240, 256]
  Spacing: [0.999999, 1, 1]
  Origin: [93.3499, 86.9368, -128.957]
  Direction: 
-0.999513 -0.0279216 -0.0139567
0.0279189 -0.99961 0.000389866
-0.0139622 2.01492e-08 0.999903

  IndexToPointMatrix: 
-0.999512 -0.0279216 -0.0139567
0.0279189 -0.99961 0.000389866
-0.0139621 2.01492e-08 0.999903

  PointToIndexMatrix: 
-0.999514 0.0279189 -0.0139622
-0.0279216 -0.99961 2.01716e-08
-0.0139567 0.000389866 0.999903

  Inverse Direction: 
-0.999513 0.0279189 -0.0139622
-0.0279216 -0.99961 2.01716e-08
-0.0139567 0.000389866 0.999903

  PixelContainer: 
    ImportImageContainer (0x4933610)
      RTTI typeinfo:   itk::ImportImageContainer<unsigned long, double>
      Reference Count: 1
      Modified Time: 2329
      Debug: Off
      Object Name: 
      Observers: 
        none
      Pointer: 0x153e86962010
      Container manages memory: true
      Size: 10813440
      Capacity: 10813440

     Weighting = 1
     Sampling strategy = regular
     Number of bins = 32
     Radius = 4
     Sampling percentage  = 0.25
   Transform = Rigid
     Gradient step = 0.1
     Update field sigma (voxel space) = 0
     Total field sigma (voxel space) = 0
     Update field time sigma = 0
     Total field time sigma  = 0
     Number of time indices = 0
     Number of time point samples = 0
Registration using 1 total stages.

Stage 0
  iterations = 0
  convergence threshold = 1e-06
  convergence window size = 10
  number of levels = 1
  using the Mattes MI metric (number of bins = 32, weight = 1, use gradient filter = 0)
  preprocessing:  winsorizing the image intensities
  Shrink factors (level 1 out of 1): [1, 1, 1]
  smoothing sigmas per level: [0]
  regular sampling (percentage = 0.25)

*** Running Euler3DTransform registration ***

  Elapsed time (stage 0): 1.10874


Total elapsed time: 1.11125
Info [verificarlo]: loaded backend libinterflop_vprec.so
Info [interflop-vprec]: load backend with: 
Info [interflop-vprec]: precision-binary32 = 23
Info [interflop-vprec]: range-binary32 = 7
Info [interflop-vprec]: precision-binary64 = 23
Info [interflop-vprec]: range-binary64 = 7
Info [interflop-vprec]: mode = ob
Info [interflop-vprec]: error-mode = rel
Info [interflop-vprec]: max-abs-error-exponent = -1022
Info [interflop-vprec]: daz = false
Info [interflop-vprec]: ftz = false
Info [interflop-vprec]: 	instrument = none
Info [interflop-vprec]: 	prec-input-file = (null)
Info [interflop-vprec]: 	prec-output-file = (null)
Info [interflop-vprec]: 	prec-log-file = (null)
All_Command_lines_OK
Using double precision for computations.
=============================================================================
The composite transform comprises the following transforms (in order): 
  1. /home/mdugre/scratch/mri-registration-rp/datasets/ds004513/derivatives/mri-registration-rp/0111/antsRegistration-r7-p23/sub-s003/align_Composite.h5[0] (type = Euler3DTransform)
  2. /home/mdugre/scratch/mri-registration-rp/datasets/ds004513/derivatives/mri-registration-rp/0111/antsRegistration-r7-p23/sub-s003/align_Composite.h5[1] (type = Euler3DTransform)
=============================================================================
  number of levels = 4
  fixed image: /templateflow/tpl-MNI152NLin2009cAsym/tpl-MNI152NLin2009cAsym_res-01_desc-brain_T1w.nii.gz
  moving image: /home/mdugre/scratch/mri-registration-rp/datasets/ds004513/derivatives/mri-registration-rp/antsBrainExtraction/sub-s003/BrainExtractionBrain.nii.gz
Dimension = 3
Number of stages = 1
Use histogram matching = false
Winsorize image intensities = true
  Lower quantile = 0.005
  Upper quantile = 0.995


Stage 1 State
   Image metric = MattesMI
     Fixed image = Image (0x42aa1e0)
  RTTI typeinfo:   itk::Image<double, 3u>
  Reference Count: 2
  Modified Time: 1580
  Debug: Off
  Object Name: 
  Observers: 
    none
  Source: (none)
  Source output name: (none)
  Release Data: Off
  Data Released: False
  Global Release Data: Off
  PipelineMTime: 0
  UpdateMTime: 1189
  RealTimeStamp: 0 seconds 
  LargestPossibleRegion: 
    Dimension: 3
    Index: [0, 0, 0]
    Size: [193, 229, 193]
  BufferedRegion: 
    Dimension: 3
    Index: [0, 0, 0]
    Size: [193, 229, 193]
  RequestedRegion: 
    Dimension: 3
    Index: [0, 0, 0]
    Size: [193, 229, 193]
  Spacing: [1, 1, 1]
  Origin: [96, 132, -78]
  Direction: 
-1 0 0
0 -1 0
0 0 1

  IndexToPointMatrix: 
-1 0 0
0 -1 0
0 0 1

  PointToIndexMatrix: 
-1 0 0
0 -1 0
0 0 1

  Inverse Direction: 
-1 0 0
0 -1 0
0 0 1

  PixelContainer: 
    ImportImageContainer (0x4369680)
      RTTI typeinfo:   itk::ImportImageContainer<unsigned long, double>
      Reference Count: 1
      Modified Time: 1186
      Debug: Off
      Object Name: 
      Observers: 
        none
      Pointer: 0x150ead029010
      Container manages memory: true
      Size: 8530021
      Capacity: 8530021

     Moving image = Image (0x4365b20)
  RTTI typeinfo:   itk::Image<double, 3u>
  Reference Count: 2
  Modified Time: 1581
  Debug: Off
  Object Name: 
  Observers: 
    none
  Source: (none)
  Source output name: (none)
  Release Data: Off
  Data Released: False
  Global Release Data: Off
  PipelineMTime: 0
  UpdateMTime: 1578
  RealTimeStamp: 0 seconds 
  LargestPossibleRegion: 
    Dimension: 3
    Index: [0, 0, 0]
    Size: [176, 240, 256]
  BufferedRegion: 
    Dimension: 3
    Index: [0, 0, 0]
    Size: [176, 240, 256]
  RequestedRegion: 
    Dimension: 3
    Index: [0, 0, 0]
    Size: [176, 240, 256]
  Spacing: [0.999999, 1, 1]
  Origin: [93.3499, 86.9368, -128.957]
  Direction: 
-0.999513 -0.0279216 -0.0139567
0.0279189 -0.99961 0.000389866
-0.0139622 2.01492e-08 0.999902

  IndexToPointMatrix: 
-0.999512 -0.0279216 -0.0139567
0.0279189 -0.99961 0.000389866
-0.0139621 2.01492e-08 0.999902

  PointToIndexMatrix: 
-0.999514 0.0279189 -0.0139622
-0.0279216 -0.99961 2.01544e-08
-0.0139567 0.000389866 0.999903

  Inverse Direction: 
-0.999513 0.0279189 -0.0139622
-0.0279216 -0.99961 2.01544e-08
-0.0139567 0.000389866 0.999903

  PixelContainer: 
    ImportImageContainer (0x43ced50)
      RTTI typeinfo:   itk::ImportImageContainer<unsigned long, double>
      Reference Count: 1
      Modified Time: 1575
      Debug: Off
      Object Name: 
      Observers: 
        none
      Pointer: 0x150ea7da8010
      Container manages memory: true
      Size: 10813440
      Capacity: 10813440

     Weighting = 1
     Sampling strategy = regular
     Number of bins = 32
     Radius = 4
     Sampling percentage  = 0.25
   Transform = Rigid
     Gradient step = 0.1
     Update field sigma (voxel space) = 0
     Total field sigma (voxel space) = 0
     Update field time sigma = 0
     Total field time sigma  = 0
     Number of time indices = 0
     Number of time point samples = 0
Registration using 1 total stages.

Stage 0
  iterations = 1000x500x250x100
  convergence threshold = 1e-06
  convergence window size = 10
  number of levels = 4
  using the Mattes MI metric (number of bins = 32, weight = 1, use gradient filter = 0)
  preprocessing:  winsorizing the image intensities
  Shrink factors (level 1 out of 4): [8, 8, 8]
  Shrink factors (level 2 out of 4): [4, 4, 4]
  Shrink factors (level 3 out of 4): [2, 2, 2]
  Shrink factors (level 4 out of 4): [1, 1, 1]
  smoothing sigmas per level: [3, 2, 1, 0]
  regular sampling (percentage = 0.25)

*** Running Euler3DTransform registration ***

DIAGNOSTIC,Iteration,metricValue,convergenceValue,ITERATION_TIME_INDEX,SINCE_LAST
 2DIAGNOSTIC,     1, -4.871189494009e-01, 1.797693134862e+308, 0.0000e+00, 0.0000e+00, 
 2DIAGNOSTIC,     2, -4.887969025396e-01, 1.797693134862e+308, 0.0000e+00, 0.0000e+00, 
 2DIAGNOSTIC,     3, -4.919246790386e-01, 1.797693134862e+308, 0.0000e+00, 0.0000e+00, 
 2DIAGNOSTIC,     4, -5.019103115911e-01, 1.797693134862e+308, 0.0000e+00, 0.0000e+00, 
 2DIAGNOSTIC,     5, -5.198324121045e-01, 1.797693134862e+308, 0.0000e+00, 0.0000e+00, 
 2DIAGNOSTIC,     6, -5.251455742186e-01, 1.797693134862e+308, 0.0000e+00, 0.0000e+00, 
 2DIAGNOSTIC,     7, -5.365159675069e-01, 1.797693134862e+308, 0.0000e+00, 0.0000e+00, 
 2DIAGNOSTIC,     8, -5.564360150631e-01, 1.797693134862e+308, 0.0000e+00, 0.0000e+00, 
 2DIAGNOSTIC,     9, -5.572804114696e-01, 1.797693134862e+308, 0.0000e+00, 0.0000e+00, 
 2DIAGNOSTIC,    10, -5.598054385275e-01, 1.060203193282e-02, 0.0000e+00, 0.0000e+00, 
 2DIAGNOSTIC,    11, -5.645063263743e-01, 9.470598110447e-03, 0.0000e+00, 0.0000e+00, 
 2DIAGNOSTIC,    12, -5.671291994736e-01, 7.883124288862e-03, 0.0000e+00, 0.0000e+00, 
 2DIAGNOSTIC,    13, -5.693668283643e-01, 6.052267737552e-03, 0.0000e+00, 0.0000e+00, 
 2DIAGNOSTIC,    14, -5.701815294243e-01, 4.349748703799e-03, 0.0000e+00, 0.0000e+00, 
 2DIAGNOSTIC,    15, -5.717481125927e-01, 3.189121160111e-03, 0.0000e+00, 0.0000e+00, 
 2DIAGNOSTIC,    16, -5.789442192007e-01, 2.295040289035e-03, 0.0000e+00, 0.0000e+00, 
 2DIAGNOSTIC,    17, -5.925434160904e-01, 2.045630128021e-03, 0.0000e+00, 0.0000e+00, 
 2DIAGNOSTIC,    18, -6.037918705816e-01, 2.529461281489e-03, 0.0000e+00, 0.0000e+00, 
 2DIAGNOSTIC,    19, -6.070308130860e-01, 2.833496410519e-03, 0.0000e+00, 0.0000e+00, 
 2DIAGNOSTIC,    20, -6.197438090382e-01, 3.233949756060e-03, 0.0000e+00, 0.0000e+00, 
 2DIAGNOSTIC,    21, -6.289720319107e-01, 3.619717882102e-03, 0.0000e+00, 0.0000e+00, 
 2DIAGNOSTIC,    22, -6.316666590658e-01, 3.743161488815e-03, 0.0000e+00, 0.0000e+00, 
 2DIAGNOSTIC,    23, -6.348772719656e-01, 3.627204676315e-03, 0.0000e+00, 0.0000e+00, 
 2DIAGNOSTIC,    24, -6.379767070173e-01, 3.269418891562e-03, 0.0000e+00, 0.0000e+00, 
 2DIAGNOSTIC,    25, -6.443572197457e-01, 2.793176542766e-03, 0.0000e+00, 0.0000e+00, 
 2DIAGNOSTIC,    26, -6.491041579763e-01, 2.314382183316e-03, 0.0000e+00, 0.0000e+00, 
 2DIAGNOSTIC,    27, -6.493066454031e-01, 1.907837103173e-03, 0.0000e+00, 0.0000e+00, 
 2DIAGNOSTIC,    28, -6.492428143971e-01, 1.556260677181e-03, 0.0000e+00, 0.0000e+00, 
 2DIAGNOSTIC,    29, -6.492119755285e-01, 1.136031435383e-03, 0.0000e+00, 0.0000e+00, 
 2DIAGNOSTIC,    30, -6.494435557540e-01, 8.453091280087e-04, 0.0000e+00, 0.0000e+00, 
 2DIAGNOSTIC,    31, -6.497067559869e-01, 6.428776758210e-04, 0.0000e+00, 0.0000e+00, 
 2DIAGNOSTIC,    32, -6.501422111309e-01, 4.415159094835e-04, 0.0000e+00, 0.0000e+00, 
 2DIAGNOSTIC,    33, -6.507025627012e-01, 2.679756687147e-04, 0.0000e+00, 0.0000e+00, 
 2DIAGNOSTIC,    34, -6.508098002430e-01, 1.239383067162e-04, 0.0000e+00, 0.0000e+00, 
 2DIAGNOSTIC,    35, -6.506723491402e-01, 6.105615291338e-05, 0.0000e+00, 0.0000e+00, 
 2DIAGNOSTIC,    36, -6.507031381622e-01, 5.976909884228e-05, 0.0000e+00, 0.0000e+00, 
 2DIAGNOSTIC,    37, -6.507314719286e-01, 5.587417311477e-05, 0.0000e+00, 0.0000e+00, 
 2DIAGNOSTIC,    38, -6.508795088294e-01, 4.795944790534e-05, 0.0000e+00, 0.0000e+00, 
 2DIAGNOSTIC,    39, -6.510020244188e-01, 3.708957706933e-05, 0.0000e+00, 0.0000e+00, 
 2DIAGNOSTIC,    40, -6.511258393259e-01, 2.766004478100e-05, 0.0000e+00, 0.0000e+00, 
 2DIAGNOSTIC,    41, -6.512692104323e-01, 2.082074929381e-05, 0.0000e+00, 0.0000e+00, 
 2DIAGNOSTIC,    42, -6.514004242451e-01, 1.858329223075e-05, 0.0000e+00, 0.0000e+00, 
 2DIAGNOSTIC,    43, -6.514424919269e-01, 2.128079143389e-05, 0.0000e+00, 0.0000e+00, 
 2DIAGNOSTIC,    44, -6.514832947340e-01, 2.352009978547e-05, 0.0000e+00, 0.0000e+00, 
 2DIAGNOSTIC,    45, -6.515198681780e-01, 2.243194117746e-05, 0.0000e+00, 0.0000e+00, 
 2DIAGNOSTIC,    46, -6.516376970235e-01, 2.083475029126e-05, 0.0000e+00, 0.0000e+00, 
 2DIAGNOSTIC,    47, -6.516513678551e-01, 1.774899825546e-05, 0.0000e+00, 0.0000e+00, 
 2DIAGNOSTIC,    48, -6.517752779637e-01, 1.582429778128e-05, 0.0000e+00, 0.0000e+00, 
 2DIAGNOSTIC,    49, -6.520656131462e-01, 1.644591724025e-05, 0.0000e+00, 0.0000e+00, 
 2DIAGNOSTIC,    50, -6.520678371685e-01, 1.661715149064e-05, 0.0000e+00, 0.0000e+00, 
 2DIAGNOSTIC,    51, -6.521545826510e-01, 1.735937538617e-05, 0.0000e+00, 0.0000e+00, 
 2DIAGNOSTIC,    52, -6.520698328844e-01, 1.689590429960e-05, 0.0000e+00, 0.0000e+00, 
 2DIAGNOSTIC,    53, -6.520701163691e-01, 1.527749965582e-05, 0.0000e+00, 0.0000e+00, 
 2DIAGNOSTIC,    54, -6.520699975962e-01, 1.263050305729e-05, 0.0000e+00, 0.0000e+00, 
 2DIAGNOSTIC,    55, -6.520699907322e-01, 9.207991346551e-06, 0.0000e+00, 0.0000e+00, 
 2DIAGNOSTIC,    56, -6.520700092006e-01, 6.101957569601e-06, 0.0000e+00, 0.0000e+00, 
 2DIAGNOSTIC,    57, -6.520699675483e-01, 2.702642965070e-06, 0.0000e+00, 0.0000e+00, 
DIAGNOSTIC,Iteration,metricValue,convergenceValue,ITERATION_TIME_INDEX,SINCE_LAST
 2DIAGNOSTIC,     1, -5.249146912921e-01, 1.797693134862e+308, 0.0000e+00, 0.0000e+00, 
 2DIAGNOSTIC,     2, -5.252528203146e-01, 1.797693134862e+308, 0.0000e+00, 0.0000e+00, 
 2DIAGNOSTIC,     3, -5.255817213242e-01, 1.797693134862e+308, 0.0000e+00, 0.0000e+00, 
 2DIAGNOSTIC,     4, -5.259588329227e-01, 1.797693134862e+308, 0.0000e+00, 0.0000e+00, 
 2DIAGNOSTIC,     5, -5.264533400869e-01, 1.797693134862e+308, 0.0000e+00, 0.0000e+00, 
 2DIAGNOSTIC,     6, -5.269170272735e-01, 1.797693134862e+308, 0.0000e+00, 0.0000e+00, 
 2DIAGNOSTIC,     7, -5.282886758693e-01, 1.797693134862e+308, 0.0000e+00, 0.0000e+00, 
 2DIAGNOSTIC,     8, -5.288770714561e-01, 1.797693134862e+308, 0.0000e+00, 0.0000e+00, 
 2DIAGNOSTIC,     9, -5.291021057617e-01, 1.797693134862e+308, 0.0000e+00, 0.0000e+00, 
 2DIAGNOSTIC,    10, -5.293193810313e-01, 6.095684197025e-04, 0.0000e+00, 0.0000e+00, 
 2DIAGNOSTIC,    11, -5.296437138024e-01, 5.527241405875e-04, 0.0000e+00, 0.0000e+00, 
 2DIAGNOSTIC,    12, -5.300205875099e-01, 4.869770924852e-04, 0.0000e+00, 0.0000e+00, 
 2DIAGNOSTIC,    13, -5.315326833219e-01, 4.631540854288e-04, 0.0000e+00, 0.0000e+00, 
 2DIAGNOSTIC,    14, -5.330456502444e-01, 4.724736198229e-04, 0.0000e+00, 0.0000e+00, 
 2DIAGNOSTIC,    15, -5.331383661116e-01, 4.582634970120e-04, 0.0000e+00, 0.0000e+00, 
 2DIAGNOSTIC,    16, -5.333123497326e-01, 4.255816451327e-04, 0.0000e+00, 0.0000e+00, 
 2DIAGNOSTIC,    17, -5.334774710009e-01, 4.062525368624e-04, 0.0000e+00, 0.0000e+00, 
 2DIAGNOSTIC,    18, -5.335602924817e-01, 3.708041151887e-04, 0.0000e+00, 0.0000e+00, 
 2DIAGNOSTIC,    19, -5.336733940439e-01, 3.137667830240e-04, 0.0000e+00, 0.0000e+00, 
 2DIAGNOSTIC,    20, -5.337325160175e-01, 2.412327462542e-04, 0.0000e+00, 0.0000e+00, 
 2DIAGNOSTIC,    21, -5.338287137140e-01, 1.648237321994e-04, 0.0000e+00, 0.0000e+00, 
 2DIAGNOSTIC,    22, -5.339022756371e-01, 9.047097703704e-05, 0.0000e+00, 0.0000e+00, 
 2DIAGNOSTIC,    23, -5.340425296774e-01, 5.182638133965e-05, 0.0000e+00, 0.0000e+00, 
 2DIAGNOSTIC,    24, -5.347111251311e-01, 6.035147470607e-05, 0.0000e+00, 0.0000e+00, 
 2DIAGNOSTIC,    25, -5.347819397824e-01, 6.573085435353e-05, 0.0000e+00, 0.0000e+00, 
 2DIAGNOSTIC,    26, -5.348370532353e-01, 6.943932068403e-05, 0.0000e+00, 0.0000e+00, 
 2DIAGNOSTIC,    27, -5.349536252912e-01, 7.219039363483e-05, 0.0000e+00, 0.0000e+00, 
 2DIAGNOSTIC,    28, -5.351186491466e-01, 7.263769903623e-05, 0.0000e+00, 0.0000e+00, 
 2DIAGNOSTIC,    29, -5.351506425132e-01, 6.872505992590e-05, 0.0000e+00, 0.0000e+00, 
 2DIAGNOSTIC,    30, -5.352061284745e-01, 6.071632873662e-05, 0.0000e+00, 0.0000e+00, 
 2DIAGNOSTIC,    31, -5.353399037870e-01, 5.172732013276e-05, 0.0000e+00, 0.0000e+00, 
 2DIAGNOSTIC,    32, -5.353819901249e-01, 4.042928039132e-05, 0.0000e+00, 0.0000e+00, 
 2DIAGNOSTIC,    33, -5.354250745448e-01, 2.873573988620e-05, 0.0000e+00, 0.0000e+00, 
 2DIAGNOSTIC,    34, -5.354605592558e-01, 2.617433897076e-05, 0.0000e+00, 0.0000e+00, 
 2DIAGNOSTIC,    35, -5.355318850367e-01, 2.355014026021e-05, 0.0000e+00, 0.0000e+00, 
 2DIAGNOSTIC,    36, -5.356420224107e-01, 2.130743213814e-05, 0.0000e+00, 0.0000e+00, 
 2DIAGNOSTIC,    37, -5.357411297602e-01, 2.026251331989e-05, 0.0000e+00, 0.0000e+00, 
 2DIAGNOSTIC,    38, -5.358095174465e-01, 2.071349622585e-05, 0.0000e+00, 0.0000e+00, 
 2DIAGNOSTIC,    39, -5.362862613130e-01, 2.622047257425e-05, 0.0000e+00, 0.0000e+00, 
 2DIAGNOSTIC,    40, -5.370294044938e-01, 3.947531394376e-05, 0.0000e+00, 0.0000e+00, 
 2DIAGNOSTIC,    41, -5.371113245289e-01, 5.097408356074e-05, 0.0000e+00, 0.0000e+00, 
 2DIAGNOSTIC,    42, -5.371270683283e-01, 5.802100476420e-05, 0.0000e+00, 0.0000e+00, 
 2DIAGNOSTIC,    43, -5.370982986646e-01, 5.958182988683e-05, 0.0000e+00, 0.0000e+00, 
 2DIAGNOSTIC,    44, -5.371041653850e-01, 5.585393435197e-05, 0.0000e+00, 0.0000e+00, 
 2DIAGNOSTIC,    45, -5.370900232591e-01, 4.751276038294e-05, 0.0000e+00, 0.0000e+00, 
 2DIAGNOSTIC,    46, -5.370715563459e-01, 3.613961798422e-05, 0.0000e+00, 0.0000e+00, 
 2DIAGNOSTIC,    47, -5.370671382347e-01, 2.311561344831e-05, 0.0000e+00, 0.0000e+00, 
 2DIAGNOSTIC,    48, -5.370630995118e-01, 9.167680963075e-06, 0.0000e+00, 0.0000e+00, 
DIAGNOSTIC,Iteration,metricValue,convergenceValue,ITERATION_TIME_INDEX,SINCE_LAST
 2DIAGNOSTIC,     1, -4.772675459261e-01, 1.797693134862e+308, 0.0000e+00, 0.0000e+00, 
 2DIAGNOSTIC,     2, -4.774494326131e-01, 1.797693134862e+308, 0.0000e+00, 0.0000e+00, 
 2DIAGNOSTIC,     3, -4.776275908570e-01, 1.797693134862e+308, 0.0000e+00, 0.0000e+00, 
 2DIAGNOSTIC,     4, -4.778054522382e-01, 1.797693134862e+308, 0.0000e+00, 0.0000e+00, 
 2DIAGNOSTIC,     5, -4.778177154523e-01, 1.797693134862e+308, 0.0000e+00, 0.0000e+00, 
 2DIAGNOSTIC,     6, -4.778184896048e-01, 1.797693134862e+308, 0.0000e+00, 0.0000e+00, 
 2DIAGNOSTIC,     7, -4.778168299800e-01, 1.797693134862e+308, 0.0000e+00, 0.0000e+00, 
 2DIAGNOSTIC,     8, -4.778206119761e-01, 1.797693134862e+308, 0.0000e+00, 0.0000e+00, 
 2DIAGNOSTIC,     9, -4.778176443482e-01, 1.797693134862e+308, 0.0000e+00, 0.0000e+00, 
 2DIAGNOSTIC,    10, -4.778166223726e-01, 6.337321476553e-05, 0.0000e+00, 0.0000e+00, 
 2DIAGNOSTIC,    11, -4.778168921496e-01, 3.221842583487e-05, 0.0000e+00, 0.0000e+00, 
 2DIAGNOSTIC,    12, -4.778172158933e-01, 1.252120910029e-05, 0.0000e+00, 0.0000e+00, 
 2DIAGNOSTIC,    13, -4.778192527201e-01, 2.980705960581e-06, 0.0000e+00, 0.0000e+00, 
 2DIAGNOSTIC,    14, -4.778194054126e-01, 2.303225154945e-06, 0.0000e+00, 0.0000e+00, 
 2DIAGNOSTIC,    15, -4.778186691277e-01, 2.173314666370e-06, 0.0000e+00, 0.0000e+00, 
 2DIAGNOSTIC,    16, -4.778178913399e-01, 2.058393650972e-06, 0.0000e+00, 0.0000e+00, 
 2DIAGNOSTIC,    17, -4.778179204402e-01, 1.887922902663e-06, 0.0000e+00, 0.0000e+00, 
 2DIAGNOSTIC,    18, -4.778172495428e-01, 1.838315863284e-06, 0.0000e+00, 0.0000e+00, 
 2DIAGNOSTIC,    19, -4.778166039193e-01, 1.675401677656e-06, 0.0000e+00, 0.0000e+00, 
 2DIAGNOSTIC,    20, -4.778167412374e-01, 1.504011776669e-06, 0.0000e+00, 0.0000e+00, 
 2DIAGNOSTIC,    21, -4.778161332372e-01, 1.347748970176e-06, 0.0000e+00, 0.0000e+00, 
 2DIAGNOSTIC,    22, -4.778156654724e-01, 1.215918489894e-06, 0.0000e+00, 0.0000e+00, 
 2DIAGNOSTIC,    23, -4.778153689280e-01, 1.161991764975e-06, 0.0000e+00, 0.0000e+00, 
 2DIAGNOSTIC,    24, -4.778161359895e-01, 1.156536489542e-06, 0.0000e+00, 0.0000e+00, 
 2DIAGNOSTIC,    25, -4.778176538491e-01, 1.185530543492e-06, 0.0000e+00, 0.0000e+00, 
 2DIAGNOSTIC,    26, -4.778194270655e-01, 1.242173620984e-06, 0.0000e+00, 0.0000e+00, 
 2DIAGNOSTIC,    27, -4.778235449046e-01, 1.384340334830e-06, 0.0000e+00, 0.0000e+00, 
 2DIAGNOSTIC,    28, -4.778290401839e-01, 1.598178726303e-06, 0.0000e+00, 0.0000e+00, 
 2DIAGNOSTIC,    29, -4.778288076031e-01, 1.733261377257e-06, 0.0000e+00, 0.0000e+00, 
 2DIAGNOSTIC,    30, -4.778269692625e-01, 1.767665246011e-06, 0.0000e+00, 0.0000e+00, 
 2DIAGNOSTIC,    31, -4.778292419117e-01, 1.766964827281e-06, 0.0000e+00, 0.0000e+00, 
 2DIAGNOSTIC,    32, -4.778279724376e-01, 1.661124722628e-06, 0.0000e+00, 0.0000e+00, 
 2DIAGNOSTIC,    33, -4.778274441436e-01, 1.482697419966e-06, 0.0000e+00, 0.0000e+00, 
 2DIAGNOSTIC,    34, -4.778260990757e-01, 1.256673979329e-06, 0.0000e+00, 0.0000e+00, 
 2DIAGNOSTIC,    35, -4.778256636743e-01, 1.033555248092e-06, 0.0000e+00, 0.0000e+00, 
DIAGNOSTIC,Iteration,metricValue,convergenceValue,ITERATION_TIME_INDEX,SINCE_LAST
 2DIAGNOSTIC,     1, -4.449438643971e-01, 1.797693134862e+308, 0.0000e+00, 0.0000e+00, 
 2DIAGNOSTIC,     2, -4.450255224518e-01, 1.797693134862e+308, 0.0000e+00, 0.0000e+00, 
 2DIAGNOSTIC,     3, -4.451128435004e-01, 1.797693134862e+308, 0.0000e+00, 0.0000e+00, 
 2DIAGNOSTIC,     4, -4.451161485568e-01, 1.797693134862e+308, 0.0000e+00, 0.0000e+00, 
 2DIAGNOSTIC,     5, -4.451201019575e-01, 1.797693134862e+308, 0.0000e+00, 0.0000e+00, 
 2DIAGNOSTIC,     6, -4.451296482934e-01, 1.797693134862e+308, 1.2800e+02, 1.2800e+02, 
 2DIAGNOSTIC,     7, -4.451365096052e-01, 1.797693134862e+308, 1.2800e+02, 0.0000e+00, 
 2DIAGNOSTIC,     8, -4.451367694057e-01, 1.797693134862e+308, 1.2800e+02, 0.0000e+00, 
 2DIAGNOSTIC,     9, -4.451367830123e-01, 1.797693134862e+308, 1.2800e+02, 0.0000e+00, 
 2DIAGNOSTIC,    10, -4.451366769873e-01, 2.347906079830e-05, 1.2800e+02, 0.0000e+00, 
 2DIAGNOSTIC,    11, -4.451365551439e-01, 1.190428729636e-05, 1.2800e+02, 0.0000e+00, 
 2DIAGNOSTIC,    12, -4.451364604360e-01, 5.655019370276e-06, 1.2800e+02, 0.0000e+00, 
 2DIAGNOSTIC,    13, -4.451363899682e-01, 4.385312435823e-06, 1.2800e+02, 0.0000e+00, 
 2DIAGNOSTIC,    14, -4.451364047844e-01, 3.277466050639e-06, 1.2800e+02, 0.0000e+00, 
 2DIAGNOSTIC,    15, -4.451362261659e-01, 2.378277743270e-06, 1.2800e+02, 0.0000e+00, 
 2DIAGNOSTIC,    16, -4.451362355967e-01, 1.941781098871e-06, 1.2800e+02, 0.0000e+00, 
 2DIAGNOSTIC,    17, -4.451362391185e-01, 1.818421055136e-06, 1.2800e+02, 0.0000e+00, 
 2DIAGNOSTIC,    18, -4.451362400272e-01, 1.722718230353e-06, 1.2800e+02, 0.0000e+00, 
 2DIAGNOSTIC,    19, -4.451362006501e-01, 1.640384745816e-06, 1.2800e+02, 0.0000e+00, 
 2DIAGNOSTIC,    20, -4.451361986567e-01, 1.566155824667e-06, 1.2800e+02, 0.0000e+00, 
 2DIAGNOSTIC,    21, -4.451361985274e-01, 1.497628643571e-06, 1.2800e+02, 0.0000e+00, 
 2DIAGNOSTIC,    22, -4.451361985974e-01, 1.434146898648e-06, 1.2800e+02, 0.0000e+00, 
 2DIAGNOSTIC,    23, -4.451361988841e-01, 1.375277438466e-06, 1.2800e+02, 0.0000e+00, 
 2DIAGNOSTIC,    24, -4.451361987376e-01, 1.322594883488e-06, 2.5600e+02, 1.2800e+02, 
 2DIAGNOSTIC,    25, -4.451361988015e-01, 1.269835147436e-06, 2.5600e+02, 0.0000e+00, 
 2DIAGNOSTIC,    26, -4.451361950828e-01, 1.221501410756e-06, 2.5600e+02, 0.0000e+00, 
 2DIAGNOSTIC,    27, -4.451361947421e-01, 1.177001103393e-06, 2.5600e+02, 0.0000e+00, 
 2DIAGNOSTIC,    28, -4.451361961149e-01, 1.135867090704e-06, 2.5600e+02, 0.0000e+00, 
 2DIAGNOSTIC,    29, -4.451361977799e-01, 1.096760842326e-06, 2.5600e+02, 0.0000e+00, 
 2DIAGNOSTIC,    30, -4.451361982598e-01, 1.060244762527e-06, 2.5600e+02, 0.0000e+00, 
 2DIAGNOSTIC,    31, -4.451361954478e-01, 1.026036819243e-06, 2.5600e+02, 0.0000e+00, 
  Elapsed time (stage 0): 2.5600e+02


Total elapsed time: 2.5600e+02
Info [verificarlo]: loaded backend libinterflop_vprec.so
Info [interflop-vprec]: load backend with: 
Info [interflop-vprec]: precision-binary32 = 23
Info [interflop-vprec]: range-binary32 = 7
Info [interflop-vprec]: precision-binary64 = 23
Info [interflop-vprec]: range-binary64 = 7
Info [interflop-vprec]: mode = ob
Info [interflop-vprec]: error-mode = rel
Info [interflop-vprec]: max-abs-error-exponent = -1022
Info [interflop-vprec]: daz = false
Info [interflop-vprec]: ftz = false
Info [interflop-vprec]: 	instrument = none
Info [interflop-vprec]: 	prec-input-file = (null)
Info [interflop-vprec]: 	prec-output-file = (null)
Info [interflop-vprec]: 	prec-log-file = (null)
All_Command_lines_OK
Using double precision for computations.
=============================================================================
The composite transform comprises the following transforms (in order): 
  1. /home/mdugre/scratch/mri-registration-rp/datasets/ds004513/derivatives/mri-registration-rp/0111/antsRegistration-r7-p23/sub-s003/rigid_Composite.h5[0] (type = Euler3DTransform)
  2. /home/mdugre/scratch/mri-registration-rp/datasets/ds004513/derivatives/mri-registration-rp/0111/antsRegistration-r7-p23/sub-s003/rigid_Composite.h5[1] (type = Euler3DTransform)
  3. /home/mdugre/scratch/mri-registration-rp/datasets/ds004513/derivatives/mri-registration-rp/0111/antsRegistration-r7-p23/sub-s003/rigid_Composite.h5[2] (type = Euler3DTransform)
=============================================================================
  number of levels = 4
  fixed image: /templateflow/tpl-MNI152NLin2009cAsym/tpl-MNI152NLin2009cAsym_res-01_desc-brain_T1w.nii.gz
  moving image: /home/mdugre/scratch/mri-registration-rp/datasets/ds004513/derivatives/mri-registration-rp/antsBrainExtraction/sub-s003/BrainExtractionBrain.nii.gz
Dimension = 3
Number of stages = 1
Use histogram matching = false
Winsorize image intensities = true
  Lower quantile = 0.005
  Upper quantile = 0.995


Stage 1 State
   Image metric = MattesMI
     Fixed image = Image (0x4646490)
  RTTI typeinfo:   itk::Image<double, 3u>
  Reference Count: 2
  Modified Time: 1594
  Debug: Off
  Object Name: 
  Observers: 
    none
  Source: (none)
  Source output name: (none)
  Release Data: Off
  Data Released: False
  Global Release Data: Off
  PipelineMTime: 0
  UpdateMTime: 1203
  RealTimeStamp: 0 seconds 
  LargestPossibleRegion: 
    Dimension: 3
    Index: [0, 0, 0]
    Size: [193, 229, 193]
  BufferedRegion: 
    Dimension: 3
    Index: [0, 0, 0]
    Size: [193, 229, 193]
  RequestedRegion: 
    Dimension: 3
    Index: [0, 0, 0]
    Size: [193, 229, 193]
  Spacing: [1, 1, 1]
  Origin: [96, 132, -78]
  Direction: 
-1 0 0
0 -1 0
0 0 1

  IndexToPointMatrix: 
-1 0 0
0 -1 0
0 0 1

  PointToIndexMatrix: 
-1 0 0
0 -1 0
0 0 1

  Inverse Direction: 
-1 0 0
0 -1 0
0 0 1

  PixelContainer: 
    ImportImageContainer (0x4711940)
      RTTI typeinfo:   itk::ImportImageContainer<unsigned long, double>
      Reference Count: 1
      Modified Time: 1200
      Debug: Off
      Object Name: 
      Observers: 
        none
      Pointer: 0x14cdedcf3010
      Container manages memory: true
      Size: 8530021
      Capacity: 8530021

     Moving image = Image (0x4701b60)
  RTTI typeinfo:   itk::Image<double, 3u>
  Reference Count: 2
  Modified Time: 1595
  Debug: Off
  Object Name: 
  Observers: 
    none
  Source: (none)
  Source output name: (none)
  Release Data: Off
  Data Released: False
  Global Release Data: Off
  PipelineMTime: 0
  UpdateMTime: 1592
  RealTimeStamp: 0 seconds 
  LargestPossibleRegion: 
    Dimension: 3
    Index: [0, 0, 0]
    Size: [176, 240, 256]
  BufferedRegion: 
    Dimension: 3
    Index: [0, 0, 0]
    Size: [176, 240, 256]
  RequestedRegion: 
    Dimension: 3
    Index: [0, 0, 0]
    Size: [176, 240, 256]
  Spacing: [0.999999, 1, 1]
  Origin: [93.3499, 86.9368, -128.957]
  Direction: 
-0.999513 -0.0279216 -0.0139567
0.0279189 -0.99961 0.000389866
-0.0139622 2.01492e-08 0.999902

  IndexToPointMatrix: 
-0.999512 -0.0279216 -0.0139567
0.0279189 -0.99961 0.000389866
-0.0139621 2.01492e-08 0.999902

  PointToIndexMatrix: 
-0.999514 0.0279189 -0.0139622
-0.0279216 -0.99961 2.01544e-08
-0.0139567 0.000389866 0.999903

  Inverse Direction: 
-0.999513 0.0279189 -0.0139622
-0.0279216 -0.99961 2.01544e-08
-0.0139567 0.000389866 0.999903

  PixelContainer: 
    ImportImageContainer (0x4795190)
      RTTI typeinfo:   itk::ImportImageContainer<unsigned long, double>
      Reference Count: 1
      Modified Time: 1589
      Debug: Off
      Object Name: 
      Observers: 
        none
      Pointer: 0x14cde8a72010
      Container manages memory: true
      Size: 10813440
      Capacity: 10813440

     Weighting = 1
     Sampling strategy = regular
     Number of bins = 32
     Radius = 4
     Sampling percentage  = 0.25
   Transform = Affine
     Gradient step = 0.1
     Update field sigma (voxel space) = 0
     Total field sigma (voxel space) = 0
     Update field time sigma = 0
     Total field time sigma  = 0
     Number of time indices = 0
     Number of time point samples = 0
Registration using 1 total stages.

Stage 0
  iterations = 1000x500x250x100
  convergence threshold = 1e-06
  convergence window size = 10
  number of levels = 4
  using the Mattes MI metric (number of bins = 32, weight = 1, use gradient filter = 0)
  preprocessing:  winsorizing the image intensities
  Shrink factors (level 1 out of 4): [8, 8, 8]
  Shrink factors (level 2 out of 4): [4, 4, 4]
  Shrink factors (level 3 out of 4): [2, 2, 2]
  Shrink factors (level 4 out of 4): [1, 1, 1]
  smoothing sigmas per level: [3, 2, 1, 0]
  regular sampling (percentage = 0.25)

*** Running AffineTransform registration ***

DIAGNOSTIC,Iteration,metricValue,convergenceValue,ITERATION_TIME_INDEX,SINCE_LAST
 2DIAGNOSTIC,     1, -6.618616411559e-01, 1.797693134862e+308, 0.0000e+00, 0.0000e+00, 
 2DIAGNOSTIC,     2, -6.643462504636e-01, 1.797693134862e+308, 0.0000e+00, 0.0000e+00, 
 2DIAGNOSTIC,     3, -6.689434388134e-01, 1.797693134862e+308, 0.0000e+00, 0.0000e+00, 
 2DIAGNOSTIC,     4, -6.759830152307e-01, 1.797693134862e+308, 0.0000e+00, 0.0000e+00, 
 2DIAGNOSTIC,     5, -6.853553947600e-01, 1.797693134862e+308, 0.0000e+00, 0.0000e+00, 
 2DIAGNOSTIC,     6, -6.950636091247e-01, 1.797693134862e+308, 0.0000e+00, 0.0000e+00, 
 2DIAGNOSTIC,     7, -7.198701302928e-01, 1.797693134862e+308, 0.0000e+00, 0.0000e+00, 
 2DIAGNOSTIC,     8, -7.201519099919e-01, 1.797693134862e+308, 0.0000e+00, 0.0000e+00, 
 2DIAGNOSTIC,     9, -7.202081122805e-01, 1.797693134862e+308, 0.0000e+00, 0.0000e+00, 
 2DIAGNOSTIC,    10, -7.201747699808e-01, 6.774755861619e-03, 0.0000e+00, 0.0000e+00, 
 2DIAGNOSTIC,    11, -7.202401418430e-01, 5.650026658824e-03, 0.0000e+00, 0.0000e+00, 
 2DIAGNOSTIC,    12, -7.201883324639e-01, 4.284642381747e-03, 0.0000e+00, 0.0000e+00, 
 2DIAGNOSTIC,    13, -7.201687544297e-01, 2.892135280896e-03, 0.0000e+00, 0.0000e+00, 
 2DIAGNOSTIC,    14, -7.203010140389e-01, 1.657116981548e-03, 0.0000e+00, 0.0000e+00, 
 2DIAGNOSTIC,    15, -7.204192883831e-01, 6.968430448922e-04, 0.0000e+00, 0.0000e+00, 
 2DIAGNOSTIC,    16, -7.208726424936e-01, 3.461126839260e-05, 0.0000e+00, 0.0000e+00, 
 2DIAGNOSTIC,    17, -7.214307502001e-01, 5.071178580797e-05, 0.0000e+00, 0.0000e+00, 
 2DIAGNOSTIC,    18, -7.216125756956e-01, 7.064448223159e-05, 0.0000e+00, 0.0000e+00, 
 2DIAGNOSTIC,    19, -7.214927174501e-01, 8.086736990530e-05, 0.0000e+00, 0.0000e+00, 
 2DIAGNOSTIC,    20, -7.217759526270e-01, 8.787468544445e-05, 0.0000e+00, 0.0000e+00, 
 2DIAGNOSTIC,    21, -7.221305061321e-01, 9.394652156011e-05, 0.0000e+00, 0.0000e+00, 
 2DIAGNOSTIC,    22, -7.221458948377e-01, 8.987286144498e-05, 0.0000e+00, 0.0000e+00, 
 2DIAGNOSTIC,    23, -7.224208125435e-01, 8.249750223004e-05, 0.0000e+00, 0.0000e+00, 
 2DIAGNOSTIC,    24, -7.223335949119e-01, 6.906417298874e-05, 0.0000e+00, 0.0000e+00, 
 2DIAGNOSTIC,    25, -7.218107813148e-01, 4.384828317584e-05, 0.0000e+00, 0.0000e+00, 
 2DIAGNOSTIC,    26, -7.213022500378e-01, 1.568590318849e-05, 0.0000e+00, 0.0000e+00, 
DIAGNOSTIC,Iteration,metricValue,convergenceValue,ITERATION_TIME_INDEX,SINCE_LAST
 2DIAGNOSTIC,     1, -5.949748076994e-01, 1.797693134862e+308, 0.0000e+00, 0.0000e+00, 
 2DIAGNOSTIC,     2, -5.951953217281e-01, 1.797693134862e+308, 0.0000e+00, 0.0000e+00, 
 2DIAGNOSTIC,     3, -5.952628120102e-01, 1.797693134862e+308, 0.0000e+00, 0.0000e+00, 
 2DIAGNOSTIC,     4, -5.951970755471e-01, 1.797693134862e+308, 0.0000e+00, 0.0000e+00, 
 2DIAGNOSTIC,     5, -5.951692070449e-01, 1.797693134862e+308, 0.0000e+00, 0.0000e+00, 
 2DIAGNOSTIC,     6, -5.951382705219e-01, 1.797693134862e+308, 0.0000e+00, 0.0000e+00, 
 2DIAGNOSTIC,     7, -5.951499101929e-01, 1.797693134862e+308, 0.0000e+00, 0.0000e+00, 
 2DIAGNOSTIC,     8, -5.951520585688e-01, 1.797693134862e+308, 0.0000e+00, 0.0000e+00, 
 2DIAGNOSTIC,     9, -5.951490559335e-01, 1.797693134862e+308, 0.0000e+00, 0.0000e+00, 
 2DIAGNOSTIC,    10, -5.951380932133e-01, 4.038904625428e-06, 0.0000e+00, 0.0000e+00, 
DIAGNOSTIC,Iteration,metricValue,convergenceValue,ITERATION_TIME_INDEX,SINCE_LAST
 2DIAGNOSTIC,     1, -5.222753071016e-01, 1.797693134862e+308, 0.0000e+00, 0.0000e+00, 
 2DIAGNOSTIC,     2, -5.225100109998e-01, 1.797693134862e+308, 0.0000e+00, 0.0000e+00, 
 2DIAGNOSTIC,     3, -5.226999478890e-01, 1.797693134862e+308, 0.0000e+00, 0.0000e+00, 
 2DIAGNOSTIC,     4, -5.228288195411e-01, 1.797693134862e+308, 0.0000e+00, 0.0000e+00, 
 2DIAGNOSTIC,     5, -5.228754252151e-01, 1.797693134862e+308, 0.0000e+00, 0.0000e+00, 
 2DIAGNOSTIC,     6, -5.228630393517e-01, 1.797693134862e+308, 0.0000e+00, 0.0000e+00, 
 2DIAGNOSTIC,     7, -5.228659490285e-01, 1.797693134862e+308, 0.0000e+00, 0.0000e+00, 
 2DIAGNOSTIC,     8, -5.228630062632e-01, 1.797693134862e+308, 0.0000e+00, 0.0000e+00, 
 2DIAGNOSTIC,     9, -5.228609113486e-01, 1.797693134862e+308, 0.0000e+00, 0.0000e+00, 
 2DIAGNOSTIC,    10, -5.228586297293e-01, 5.861737557920e-05, 0.0000e+00, 0.0000e+00, 
 2DIAGNOSTIC,    11, -5.228595892909e-01, 2.787223889222e-05, 0.0000e+00, 0.0000e+00, 
 2DIAGNOSTIC,    12, -5.228584656427e-01, 1.044926672347e-05, 0.0000e+00, 0.0000e+00, 
 2DIAGNOSTIC,    13, -5.228577523681e-01, 2.779096648725e-06, 0.0000e+00, 0.0000e+00, 
 2DIAGNOSTIC,    14, -5.228583724080e-01, 1.150286532400e-06, 0.0000e+00, 0.0000e+00, 
 2DIAGNOSTIC,    15, -5.228562219288e-01, 1.464662903919e-06, 0.0000e+00, 0.0000e+00, 
 2DIAGNOSTIC,    16, -5.228553561644e-01, 1.346294284527e-06, 0.0000e+00, 0.0000e+00, 
 2DIAGNOSTIC,    17, -5.228537753068e-01, 1.345023671120e-06, 0.0000e+00, 0.0000e+00, 
 2DIAGNOSTIC,    18, -5.228534960317e-01, 1.297077542171e-06, 0.0000e+00, 0.0000e+00, 
 2DIAGNOSTIC,    19, -5.228522864584e-01, 1.204184553870e-06, 0.0000e+00, 0.0000e+00, 
 2DIAGNOSTIC,    20, -5.228524770500e-01, 1.107163352172e-06, 0.0000e+00, 0.0000e+00, 
 2DIAGNOSTIC,    21, -5.228530841006e-01, 1.105956027890e-06, 0.0000e+00, 0.0000e+00, 
 2DIAGNOSTIC,    22, -5.228510155999e-01, 1.063893851516e-06, 0.0000e+00, 0.0000e+00, 
 2DIAGNOSTIC,    23, -5.228512878734e-01, 1.051456116105e-06, 0.0000e+00, 0.0000e+00, 
 2DIAGNOSTIC,    24, -5.228506477918e-01, 1.071224154138e-06, 0.0000e+00, 0.0000e+00, 
 2DIAGNOSTIC,    25, -5.228501977430e-01, 1.056483709315e-06, 0.0000e+00, 0.0000e+00, 
 2DIAGNOSTIC,    26, -5.228519450512e-01, 1.082222808743e-06, 0.0000e+00, 0.0000e+00, 
 2DIAGNOSTIC,    27, -5.228519980882e-01, 1.087846303517e-06, 0.0000e+00, 0.0000e+00, 
 2DIAGNOSTIC,    28, -5.228517848600e-01, 1.093287029970e-06, 0.0000e+00, 0.0000e+00, 
 2DIAGNOSTIC,    29, -5.228532536537e-01, 1.107535260197e-06, 0.0000e+00, 0.0000e+00, 
 2DIAGNOSTIC,    30, -5.228534744416e-01, 1.125871215611e-06, 0.0000e+00, 0.0000e+00, 
 2DIAGNOSTIC,    31, -5.228522172081e-01, 1.125988925203e-06, 0.0000e+00, 0.0000e+00, 
 2DIAGNOSTIC,    32, -5.228521147646e-01, 1.080323988614e-06, 0.0000e+00, 0.0000e+00, 
 2DIAGNOSTIC,    33, -5.228516823525e-01, 1.027117946827e-06, 0.0000e+00, 0.0000e+00, 
DIAGNOSTIC,Iteration,metricValue,convergenceValue,ITERATION_TIME_INDEX,SINCE_LAST
 2DIAGNOSTIC,     1, -4.768279751372e-01, 1.797693134862e+308, 1.2800e+02, 1.2800e+02, 
 2DIAGNOSTIC,     2, -4.770118476476e-01, 1.797693134862e+308, 1.2800e+02, 0.0000e+00, 
 2DIAGNOSTIC,     3, -4.772846994144e-01, 1.797693134862e+308, 1.2800e+02, 0.0000e+00, 
 2DIAGNOSTIC,     4, -4.776013453343e-01, 1.797693134862e+308, 1.2800e+02, 0.0000e+00, 
 2DIAGNOSTIC,     5, -4.778936239365e-01, 1.797693134862e+308, 1.2800e+02, 0.0000e+00, 
 2DIAGNOSTIC,     6, -4.781921475735e-01, 1.797693134862e+308, 1.2800e+02, 0.0000e+00, 
 2DIAGNOSTIC,     7, -4.787226787549e-01, 1.797693134862e+308, 1.2800e+02, 0.0000e+00, 
 2DIAGNOSTIC,     8, -4.797003479712e-01, 1.797693134862e+308, 1.2800e+02, 0.0000e+00, 
 2DIAGNOSTIC,     9, -4.799790496194e-01, 1.797693134862e+308, 1.2800e+02, 0.0000e+00, 
 2DIAGNOSTIC,    10, -4.807526157159e-01, 5.251300892660e-04, 1.2800e+02, 0.0000e+00, 
 2DIAGNOSTIC,    11, -4.823173057792e-01, 5.930544943784e-04, 1.2800e+02, 0.0000e+00, 
 2DIAGNOSTIC,    12, -4.826880090624e-01, 6.219066205967e-04, 1.2800e+02, 0.0000e+00, 
