
##########################
# Experiment information #
##########################

EXPERIMENT_NAME: antsRegistration-r8-p20
VFC_BACKENDS: libinterflop_vprec.so --range-binary32=8 --precision-binary32=20 --range-binary64=8 --precision-binary64=20

SIF_IMG: /home/mdugre/projects/rrg-glatard/mdugre/containers/ants-vprec-no_metrics.simg

SUBJECT_ID: s025
INPUT_IMG: /home/mdugre/scratch/mri-registration-rp/datasets/ds004513/derivatives/mri-registration-rp/antsBrainExtraction/sub-s025/BrainExtractionBrain.nii.gz
OUTPUT_DIR: /home/mdugre/scratch/mri-registration-rp/datasets/ds004513/derivatives/mri-registration-rp/0111/antsRegistration-r8-p20/sub-s025

FIXED_IMG: /templateflow/tpl-MNI152NLin2009cAsym/tpl-MNI152NLin2009cAsym_res-01_desc-brain_T1w.nii.gz
DATA_DIR: /home/mdugre/scratch/mri-registration-rp/datasets/ds004513
TEMPLATEFLOW_DIR: /home/mdugre/projects/rrg-glatard/mdugre/templateflow
ITK_GLOBAL_DEFAULT_NUMBER_OF_THREADS: 16
##########################

Info [verificarlo]: loaded backend libinterflop_ieee.so
Info [interflop-ieee]: load backend with:
Info [interflop-ieee]: debug = false
Info [interflop-ieee]: debug-binary = false
Info [interflop-ieee]: no-backend-name = false
Info [interflop-ieee]: print-new-line = false
Info [interflop-ieee]: print-subnormal-normalized = false
Info [interflop-ieee]: count-op = false
All_Command_lines_OK
Using double precision for computations.
=============================================================================
The composite transform comprises the following transforms (in order): 
  1. Center of mass alignment using fixed image: /templateflow/tpl-MNI152NLin2009cAsym/tpl-MNI152NLin2009cAsym_res-01_desc-brain_T1w.nii.gz and moving image: /home/mdugre/scratch/mri-registration-rp/datasets/ds004513/derivatives/mri-registration-rp/antsBrainExtraction/sub-s025/BrainExtractionBrain.nii.gz (type = Euler3DTransform)
=============================================================================
  number of levels = 1
  fixed image: /templateflow/tpl-MNI152NLin2009cAsym/tpl-MNI152NLin2009cAsym_res-01_desc-brain_T1w.nii.gz
  moving image: /home/mdugre/scratch/mri-registration-rp/datasets/ds004513/derivatives/mri-registration-rp/antsBrainExtraction/sub-s025/BrainExtractionBrain.nii.gz
Dimension = 3
Number of stages = 1
Use histogram matching = false
Winsorize image intensities = true
  Lower quantile = 0.005
  Upper quantile = 0.995


Stage 1 State
   Image metric = MattesMI
     Fixed image = Image (0x3448e70)
  RTTI typeinfo:   itk::Image<double, 3u>
  Reference Count: 2
  Modified Time: 2334
  Debug: Off
  Object Name: 
  Observers: 
    none
  Source: (none)
  Source output name: (none)
  Release Data: Off
  Data Released: False
  Global Release Data: Off
  PipelineMTime: 0
  UpdateMTime: 1943
  RealTimeStamp: 0 seconds 
  LargestPossibleRegion: 
    Dimension: 3
    Index: [0, 0, 0]
    Size: [193, 229, 193]
  BufferedRegion: 
    Dimension: 3
    Index: [0, 0, 0]
    Size: [193, 229, 193]
  RequestedRegion: 
    Dimension: 3
    Index: [0, 0, 0]
    Size: [193, 229, 193]
  Spacing: [1, 1, 1]
  Origin: [96, 132, -78]
  Direction: 
-1 0 0
0 -1 0
0 0 1

  IndexToPointMatrix: 
-1 0 0
0 -1 0
0 0 1

  PointToIndexMatrix: 
-1 0 0
0 -1 0
0 0 1

  Inverse Direction: 
-1 0 0
0 -1 0
0 0 1

  PixelContainer: 
    ImportImageContainer (0x3451c60)
      RTTI typeinfo:   itk::ImportImageContainer<unsigned long, double>
      Reference Count: 1
      Modified Time: 1940
      Debug: Off
      Object Name: 
      Observers: 
        none
      Pointer: 0x147dca6d5010
      Container manages memory: true
      Size: 8530021
      Capacity: 8530021

     Moving image = Image (0x3454610)
  RTTI typeinfo:   itk::Image<double, 3u>
  Reference Count: 2
  Modified Time: 2335
  Debug: Off
  Object Name: 
  Observers: 
    none
  Source: (none)
  Source output name: (none)
  Release Data: Off
  Data Released: False
  Global Release Data: Off
  PipelineMTime: 0
  UpdateMTime: 2332
  RealTimeStamp: 0 seconds 
  LargestPossibleRegion: 
    Dimension: 3
    Index: [0, 0, 0]
    Size: [176, 240, 256]
  BufferedRegion: 
    Dimension: 3
    Index: [0, 0, 0]
    Size: [176, 240, 256]
  RequestedRegion: 
    Dimension: 3
    Index: [0, 0, 0]
    Size: [176, 240, 256]
  Spacing: [0.999999, 1, 1]
  Origin: [90.3778, 84.5091, -154.071]
  Direction: 
-0.999391 7.48184e-06 -0.0348969
-7.47664e-06 -1 -2.7953e-07
-0.0348969 -1.84481e-08 0.999391

  IndexToPointMatrix: 
-0.99939 7.48184e-06 -0.0348969
-7.47663e-06 -1 -2.7953e-07
-0.0348968 -1.84481e-08 0.999391

  PointToIndexMatrix: 
-0.999392 -7.47665e-06 -0.0348969
7.48184e-06 -1 -1.84481e-08
-0.0348969 -2.7953e-07 0.999391

  Inverse Direction: 
-0.999391 -7.47664e-06 -0.0348969
7.48184e-06 -1 -1.84481e-08
-0.0348969 -2.7953e-07 0.999391

  PixelContainer: 
    ImportImageContainer (0x34edef0)
      RTTI typeinfo:   itk::ImportImageContainer<unsigned long, double>
      Reference Count: 1
      Modified Time: 2329
      Debug: Off
      Object Name: 
      Observers: 
        none
      Pointer: 0x147dc5454010
      Container manages memory: true
      Size: 10813440
      Capacity: 10813440

     Weighting = 1
     Sampling strategy = regular
     Number of bins = 32
     Radius = 4
     Sampling percentage  = 0.25
   Transform = Rigid
     Gradient step = 0.1
     Update field sigma (voxel space) = 0
     Total field sigma (voxel space) = 0
     Update field time sigma = 0
     Total field time sigma  = 0
     Number of time indices = 0
     Number of time point samples = 0
Registration using 1 total stages.

Stage 0
  iterations = 0
  convergence threshold = 1e-06
  convergence window size = 10
  number of levels = 1
  using the Mattes MI metric (number of bins = 32, weight = 1, use gradient filter = 0)
  preprocessing:  winsorizing the image intensities
  Shrink factors (level 1 out of 1): [1, 1, 1]
  smoothing sigmas per level: [0]
  regular sampling (percentage = 0.25)

*** Running Euler3DTransform registration ***

  Elapsed time (stage 0): 1.12262


Total elapsed time: 1.1249
Info [verificarlo]: loaded backend libinterflop_vprec.so
Info [interflop-vprec]: load backend with: 
Info [interflop-vprec]: precision-binary32 = 20
Info [interflop-vprec]: range-binary32 = 8
Info [interflop-vprec]: precision-binary64 = 20
Info [interflop-vprec]: range-binary64 = 8
Info [interflop-vprec]: mode = ob
Info [interflop-vprec]: error-mode = rel
Info [interflop-vprec]: max-abs-error-exponent = -1022
Info [interflop-vprec]: daz = false
Info [interflop-vprec]: ftz = false
Info [interflop-vprec]: 	instrument = none
Info [interflop-vprec]: 	prec-input-file = (null)
Info [interflop-vprec]: 	prec-output-file = (null)
Info [interflop-vprec]: 	prec-log-file = (null)
All_Command_lines_OK
Using double precision for computations.
=============================================================================
The composite transform comprises the following transforms (in order): 
  1. /home/mdugre/scratch/mri-registration-rp/datasets/ds004513/derivatives/mri-registration-rp/0111/antsRegistration-r8-p20/sub-s025/align_Composite.h5[0] (type = Euler3DTransform)
  2. /home/mdugre/scratch/mri-registration-rp/datasets/ds004513/derivatives/mri-registration-rp/0111/antsRegistration-r8-p20/sub-s025/align_Composite.h5[1] (type = Euler3DTransform)
=============================================================================
  number of levels = 4
  fixed image: /templateflow/tpl-MNI152NLin2009cAsym/tpl-MNI152NLin2009cAsym_res-01_desc-brain_T1w.nii.gz
  moving image: /home/mdugre/scratch/mri-registration-rp/datasets/ds004513/derivatives/mri-registration-rp/antsBrainExtraction/sub-s025/BrainExtractionBrain.nii.gz
Dimension = 3
Number of stages = 1
Use histogram matching = false
Winsorize image intensities = true
  Lower quantile = 0.005
  Upper quantile = 0.995


Stage 1 State
   Image metric = MattesMI
     Fixed image = Image (0x39671e0)
  RTTI typeinfo:   itk::Image<double, 3u>
  Reference Count: 2
  Modified Time: 1580
  Debug: Off
  Object Name: 
  Observers: 
    none
  Source: (none)
  Source output name: (none)
  Release Data: Off
  Data Released: False
  Global Release Data: Off
  PipelineMTime: 0
  UpdateMTime: 1189
  RealTimeStamp: 0 seconds 
  LargestPossibleRegion: 
    Dimension: 3
    Index: [0, 0, 0]
    Size: [193, 229, 193]
  BufferedRegion: 
    Dimension: 3
    Index: [0, 0, 0]
    Size: [193, 229, 193]
  RequestedRegion: 
    Dimension: 3
    Index: [0, 0, 0]
    Size: [193, 229, 193]
  Spacing: [1, 1, 1]
  Origin: [96, 132, -78]
  Direction: 
-1 0 0
0 -1 0
0 0 1

  IndexToPointMatrix: 
-1 0 0
0 -1 0
0 0 1

  PointToIndexMatrix: 
-1 0 0
0 -1 0
0 0 1

  Inverse Direction: 
-1 0 0
0 -1 0
0 0 1

  PixelContainer: 
    ImportImageContainer (0x3a26680)
      RTTI typeinfo:   itk::ImportImageContainer<unsigned long, double>
      Reference Count: 1
      Modified Time: 1186
      Debug: Off
      Object Name: 
      Observers: 
        none
      Pointer: 0x1472308f4010
      Container manages memory: true
      Size: 8530021
      Capacity: 8530021

     Moving image = Image (0x3a22b20)
  RTTI typeinfo:   itk::Image<double, 3u>
  Reference Count: 2
  Modified Time: 1581
  Debug: Off
  Object Name: 
  Observers: 
    none
  Source: (none)
  Source output name: (none)
  Release Data: Off
  Data Released: False
  Global Release Data: Off
  PipelineMTime: 0
  UpdateMTime: 1578
  RealTimeStamp: 0 seconds 
  LargestPossibleRegion: 
    Dimension: 3
    Index: [0, 0, 0]
    Size: [176, 240, 256]
  BufferedRegion: 
    Dimension: 3
    Index: [0, 0, 0]
    Size: [176, 240, 256]
  RequestedRegion: 
    Dimension: 3
    Index: [0, 0, 0]
    Size: [176, 240, 256]
  Spacing: [0.999999, 1, 1]
  Origin: [90.3777, 84.5091, -154.071]
  Direction: 
-0.999391 7.48185e-06 -0.0348969
-7.47664e-06 -1 -2.7953e-07
-0.0348969 -1.84481e-08 0.999391

  IndexToPointMatrix: 
-0.999389 7.48185e-06 -0.0348969
-7.47663e-06 -1 -2.7953e-07
-0.0348968 -1.84481e-08 0.999391

  PointToIndexMatrix: 
-0.999393 -7.47666e-06 -0.0348969
7.47664e-06 -1 1.30443e-07
-0.0348969 -1.30502e-07 0.999391

  Inverse Direction: 
-0.999391 -7.47664e-06 -0.0348969
7.47664e-06 -1 1.30495e-07
-0.0348969 -1.30495e-07 0.999391

  PixelContainer: 
    ImportImageContainer (0x3a8bd50)
      RTTI typeinfo:   itk::ImportImageContainer<unsigned long, double>
      Reference Count: 1
      Modified Time: 1575
      Debug: Off
      Object Name: 
      Observers: 
        none
      Pointer: 0x14722b673010
      Container manages memory: true
      Size: 10813440
      Capacity: 10813440

     Weighting = 1
     Sampling strategy = regular
     Number of bins = 32
     Radius = 4
     Sampling percentage  = 0.25
   Transform = Rigid
     Gradient step = 0.1
     Update field sigma (voxel space) = 0
     Total field sigma (voxel space) = 0
     Update field time sigma = 0
     Total field time sigma  = 0
     Number of time indices = 0
     Number of time point samples = 0
Registration using 1 total stages.

Stage 0
  iterations = 1000x500x250x100
  convergence threshold = 1e-06
  convergence window size = 10
  number of levels = 4
  using the Mattes MI metric (number of bins = 32, weight = 1, use gradient filter = 0)
  preprocessing:  winsorizing the image intensities
  Shrink factors (level 1 out of 4): [8, 8, 8]
  Shrink factors (level 2 out of 4): [4, 4, 4]
  Shrink factors (level 3 out of 4): [2, 2, 2]
  Shrink factors (level 4 out of 4): [1, 1, 1]
  smoothing sigmas per level: [3, 2, 1, 0]
  regular sampling (percentage = 0.25)

*** Running Euler3DTransform registration ***

DIAGNOSTIC,Iteration,metricValue,convergenceValue,ITERATION_TIME_INDEX,SINCE_LAST
 2DIAGNOSTIC,     1, -5.323261991302e-01, 1.797693134862e+308, 0.0000e+00, 0.0000e+00, 
 2DIAGNOSTIC,     2, -5.346205137399e-01, 1.797693134862e+308, 0.0000e+00, 0.0000e+00, 
 2DIAGNOSTIC,     3, -5.378054665362e-01, 1.797693134862e+308, 0.0000e+00, 0.0000e+00, 
 2DIAGNOSTIC,     4, -5.422981312861e-01, 1.797693134862e+308, 0.0000e+00, 0.0000e+00, 
 2DIAGNOSTIC,     5, -5.486844004149e-01, 1.797693134862e+308, 0.0000e+00, 0.0000e+00, 
 2DIAGNOSTIC,     6, -5.542843329434e-01, 1.797693134862e+308, 0.0000e+00, 0.0000e+00, 
 2DIAGNOSTIC,     7, -5.627220971719e-01, 1.797693134862e+308, 0.0000e+00, 0.0000e+00, 
 2DIAGNOSTIC,     8, -5.766724344727e-01, 1.797693134862e+308, 0.0000e+00, 0.0000e+00, 
 2DIAGNOSTIC,     9, -5.881413431634e-01, 1.797693134862e+308, 0.0000e+00, 0.0000e+00, 
 2DIAGNOSTIC,    10, -6.010495723198e-01, 7.809606314789e-03, 0.0000e+00, 0.0000e+00, 
 2DIAGNOSTIC,    11, -6.193803340800e-01, 8.562081207346e-03, 0.0000e+00, 0.0000e+00, 
 2DIAGNOSTIC,    12, -6.194444985749e-01, 8.501144257385e-03, 0.0000e+00, 0.0000e+00, 
 2DIAGNOSTIC,    13, -6.210047899835e-01, 7.874088173918e-03, 0.0000e+00, 0.0000e+00, 
 2DIAGNOSTIC,    14, -6.218721286193e-01, 6.820705330750e-03, 0.0000e+00, 0.0000e+00, 
 2DIAGNOSTIC,    15, -6.227109199468e-01, 5.529599205431e-03, 0.0000e+00, 0.0000e+00, 
 2DIAGNOSTIC,    16, -6.241497527432e-01, 4.114038025219e-03, 0.0000e+00, 0.0000e+00, 
 2DIAGNOSTIC,    17, -6.268123227820e-01, 2.812258104719e-03, 0.0000e+00, 0.0000e+00, 
 2DIAGNOSTIC,    18, -6.352958163381e-01, 2.009913277627e-03, 0.0000e+00, 0.0000e+00, 
 2DIAGNOSTIC,    19, -6.395274470269e-01, 1.501854428303e-03, 0.0000e+00, 0.0000e+00, 
 2DIAGNOSTIC,    20, -6.413947907439e-01, 1.252120972754e-03, 0.0000e+00, 0.0000e+00, 
 2DIAGNOSTIC,    21, -6.436370242648e-01, 1.382780193973e-03, 0.0000e+00, 0.0000e+00, 
 2DIAGNOSTIC,    22, -6.532619774546e-01, 1.578968240783e-03, 0.0000e+00, 0.0000e+00, 
 2DIAGNOSTIC,    23, -6.735002742533e-01, 2.047713813586e-03, 0.0000e+00, 0.0000e+00, 
 2DIAGNOSTIC,    24, -6.995798192346e-01, 2.795587641391e-03, 0.0000e+00, 0.0000e+00, 
 2DIAGNOSTIC,    25, -7.071412677943e-01, 3.364076766097e-03, 0.0000e+00, 0.0000e+00, 
 2DIAGNOSTIC,    26, -7.083185061305e-01, 3.622057014600e-03, 0.0000e+00, 0.0000e+00, 
 2DIAGNOSTIC,    27, -7.120959020287e-01, 3.629394783672e-03, 0.0000e+00, 0.0000e+00, 
 2DIAGNOSTIC,    28, -7.187846838380e-01, 3.534512377997e-03, 0.0000e+00, 0.0000e+00, 
 2DIAGNOSTIC,    29, -7.228001043391e-01, 3.235693407836e-03, 0.0000e+00, 0.0000e+00, 
 2DIAGNOSTIC,    30, -7.265117971849e-01, 2.742066039776e-03, 0.0000e+00, 0.0000e+00, 
 2DIAGNOSTIC,    31, -7.322409756759e-01, 2.147865761614e-03, 0.0000e+00, 0.0000e+00, 
 2DIAGNOSTIC,    32, -7.350364743055e-01, 1.563962092607e-03, 0.0000e+00, 0.0000e+00, 
 2DIAGNOSTIC,    33, -7.364258119750e-01, 1.155878695630e-03, 0.0000e+00, 0.0000e+00, 
 2DIAGNOSTIC,    34, -7.365243859170e-01, 1.006168758240e-03, 0.0000e+00, 0.0000e+00, 
 2DIAGNOSTIC,    35, -7.365527186073e-01, 8.680951698396e-04, 0.0000e+00, 0.0000e+00, 
 2DIAGNOSTIC,    36, -7.363862329875e-01, 6.682898725303e-04, 0.0000e+00, 0.0000e+00, 
 2DIAGNOSTIC,    37, -7.363478936317e-01, 4.600617671587e-04, 0.0000e+00, 0.0000e+00, 
 2DIAGNOSTIC,    38, -7.362139869891e-01, 2.959665753191e-04, 0.0000e+00, 0.0000e+00, 
 2DIAGNOSTIC,    39, -7.361798833688e-01, 1.578513731573e-04, 0.0000e+00, 0.0000e+00, 
 2DIAGNOSTIC,    40, -7.361855005158e-01, 5.176341068325e-05, 0.0000e+00, 0.0000e+00, 
 2DIAGNOSTIC,    41, -7.361412781739e-01, 6.030077546768e-06, 0.0000e+00, 0.0000e+00, 
DIAGNOSTIC,Iteration,metricValue,convergenceValue,ITERATION_TIME_INDEX,SINCE_LAST
 2DIAGNOSTIC,     1, -5.924735578328e-01, 1.797693134862e+308, 0.0000e+00, 0.0000e+00, 
 2DIAGNOSTIC,     2, -5.936231822450e-01, 1.797693134862e+308, 0.0000e+00, 0.0000e+00, 
 2DIAGNOSTIC,     3, -5.948113965540e-01, 1.797693134862e+308, 0.0000e+00, 0.0000e+00, 
 2DIAGNOSTIC,     4, -5.962736516927e-01, 1.797693134862e+308, 0.0000e+00, 0.0000e+00, 
 2DIAGNOSTIC,     5, -5.976312172847e-01, 1.797693134862e+308, 0.0000e+00, 0.0000e+00, 
 2DIAGNOSTIC,     6, -5.984880154642e-01, 1.797693134862e+308, 0.0000e+00, 0.0000e+00, 
 2DIAGNOSTIC,     7, -5.998157787204e-01, 1.797693134862e+308, 0.0000e+00, 0.0000e+00, 
 2DIAGNOSTIC,     8, -6.030571546965e-01, 1.797693134862e+308, 0.0000e+00, 0.0000e+00, 
 2DIAGNOSTIC,     9, -6.063390273160e-01, 1.797693134862e+308, 0.0000e+00, 0.0000e+00, 
 2DIAGNOSTIC,    10, -6.077316911366e-01, 1.614019866854e-03, 0.0000e+00, 0.0000e+00, 
 2DIAGNOSTIC,    11, -6.085903272040e-01, 1.556592379470e-03, 0.0000e+00, 0.0000e+00, 
 2DIAGNOSTIC,    12, -6.096209570569e-01, 1.456022885345e-03, 0.0000e+00, 0.0000e+00, 
 2DIAGNOSTIC,    13, -6.124434794003e-01, 1.382452561499e-03, 0.0000e+00, 0.0000e+00, 
 2DIAGNOSTIC,    14, -6.147327718479e-01, 1.315940947903e-03, 0.0000e+00, 0.0000e+00, 
 2DIAGNOSTIC,    15, -6.169027000211e-01, 1.248875361030e-03, 0.0000e+00, 0.0000e+00, 
 2DIAGNOSTIC,    16, -6.191641751958e-01, 1.168825627384e-03, 0.0000e+00, 0.0000e+00, 
 2DIAGNOSTIC,    17, -6.202085902440e-01, 1.054806814483e-03, 0.0000e+00, 0.0000e+00, 
 2DIAGNOSTIC,    18, -6.203492312615e-01, 9.423249317643e-04, 0.0000e+00, 0.0000e+00, 
 2DIAGNOSTIC,    19, -6.205904658923e-01, 8.410913280049e-04, 0.0000e+00, 0.0000e+00, 
 2DIAGNOSTIC,    20, -6.218108929595e-01, 7.331287274652e-04, 0.0000e+00, 0.0000e+00, 
 2DIAGNOSTIC,    21, -6.218266027687e-01, 5.862060346596e-04, 0.0000e+00, 0.0000e+00, 
 2DIAGNOSTIC,    22, -6.218282064101e-01, 4.197222592744e-04, 0.0000e+00, 0.0000e+00, 
 2DIAGNOSTIC,    23, -6.218339142995e-01, 2.864498509793e-04, 0.0000e+00, 0.0000e+00, 
 2DIAGNOSTIC,    24, -6.218269853153e-01, 1.815782602954e-04, 0.0000e+00, 0.0000e+00, 
 2DIAGNOSTIC,    25, -6.218234106309e-01, 1.073516539565e-04, 0.0000e+00, 0.0000e+00, 
 2DIAGNOSTIC,    26, -6.218094677957e-01, 6.865895061600e-05, 0.0000e+00, 0.0000e+00, 
 2DIAGNOSTIC,    27, -6.218138263891e-01, 4.491810782225e-05, 0.0000e+00, 0.0000e+00, 
 2DIAGNOSTIC,    28, -6.218326732366e-01, 2.155244935798e-05, 0.0000e+00, 0.0000e+00, 
 2DIAGNOSTIC,    29, -6.218435366295e-01, 1.368173242290e-06, 0.0000e+00, 0.0000e+00, 
 2DIAGNOSTIC,    30, -6.218716657200e-01, 1.836806577844e-06, 0.0000e+00, 0.0000e+00, 
 2DIAGNOSTIC,    31, -6.218650999248e-01, 2.336310868802e-06, 0.0000e+00, 0.0000e+00, 
 2DIAGNOSTIC,    32, -6.218446740846e-01, 2.413260387343e-06, 0.0000e+00, 0.0000e+00, 
 2DIAGNOSTIC,    33, -6.218351390318e-01, 2.305813750721e-06, 0.0000e+00, 0.0000e+00, 
 2DIAGNOSTIC,    34, -6.218270999205e-01, 1.868866498930e-06, 0.0000e+00, 0.0000e+00, 
 2DIAGNOSTIC,    35, -6.218292108423e-01, 1.351097400928e-06, 0.0000e+00, 0.0000e+00, 
DIAGNOSTIC,Iteration,metricValue,convergenceValue,ITERATION_TIME_INDEX,SINCE_LAST
 2DIAGNOSTIC,     1, -5.349041589819e-01, 1.797693134862e+308, 0.0000e+00, 0.0000e+00, 
 2DIAGNOSTIC,     2, -5.352797434585e-01, 1.797693134862e+308, 0.0000e+00, 0.0000e+00, 
 2DIAGNOSTIC,     3, -5.354606597381e-01, 1.797693134862e+308, 0.0000e+00, 0.0000e+00, 
 2DIAGNOSTIC,     4, -5.354922319398e-01, 1.797693134862e+308, 0.0000e+00, 0.0000e+00, 
 2DIAGNOSTIC,     5, -5.355067148153e-01, 1.797693134862e+308, 0.0000e+00, 0.0000e+00, 
 2DIAGNOSTIC,     6, -5.355757523697e-01, 1.797693134862e+308, 0.0000e+00, 0.0000e+00, 
 2DIAGNOSTIC,     7, -5.358551568025e-01, 1.797693134862e+308, 0.0000e+00, 0.0000e+00, 
 2DIAGNOSTIC,     8, -5.358541903468e-01, 1.797693134862e+308, 0.0000e+00, 0.0000e+00, 
 2DIAGNOSTIC,     9, -5.358558296323e-01, 1.797693134862e+308, 0.0000e+00, 0.0000e+00, 
 2DIAGNOSTIC,    10, -5.358548149749e-01, 1.045960363431e-04, 0.0000e+00, 0.0000e+00, 
 2DIAGNOSTIC,    11, -5.358546201761e-01, 6.960439602359e-05, 0.0000e+00, 0.0000e+00, 
 2DIAGNOSTIC,    12, -5.358545789217e-01, 5.065121594947e-05, 0.0000e+00, 0.0000e+00, 
 2DIAGNOSTIC,    13, -5.358546493951e-01, 3.764151355956e-05, 0.0000e+00, 0.0000e+00, 
 2DIAGNOSTIC,    14, -5.358534476774e-01, 2.463318745013e-05, 0.0000e+00, 0.0000e+00, 
 2DIAGNOSTIC,    15, -5.358534224711e-01, 1.188026238963e-05, 0.0000e+00, 0.0000e+00, 
 2DIAGNOSTIC,    16, -5.358534843655e-01, 1.853096685003e-06, 0.0000e+00, 0.0000e+00, 
 2DIAGNOSTIC,    17, -5.358522909991e-01, 1.701572083929e-06, 0.0000e+00, 0.0000e+00, 
 2DIAGNOSTIC,    18, -5.358524150476e-01, 1.557082627279e-06, 0.0000e+00, 0.0000e+00, 
 2DIAGNOSTIC,    19, -5.358524678379e-01, 1.495415099931e-06, 0.0000e+00, 0.0000e+00, 
 2DIAGNOSTIC,    20, -5.358525799873e-01, 1.432428102618e-06, 0.0000e+00, 0.0000e+00, 
 2DIAGNOSTIC,    21, -5.358525982124e-01, 1.385397114133e-06, 0.0000e+00, 0.0000e+00, 
 2DIAGNOSTIC,    22, -5.358526997958e-01, 1.356331706892e-06, 0.0000e+00, 0.0000e+00, 
 2DIAGNOSTIC,    23, -5.358524451262e-01, 1.334819902103e-06, 0.0000e+00, 0.0000e+00, 
 2DIAGNOSTIC,    24, -5.358525503672e-01, 1.295189122702e-06, 0.0000e+00, 0.0000e+00, 
 2DIAGNOSTIC,    25, -5.358527279021e-01, 1.264404637692e-06, 0.0000e+00, 0.0000e+00, 
 2DIAGNOSTIC,    26, -5.358526881103e-01, 1.237794430613e-06, 0.0000e+00, 0.0000e+00, 
 2DIAGNOSTIC,    27, -5.358528158647e-01, 1.190967880878e-06, 0.0000e+00, 0.0000e+00, 
 2DIAGNOSTIC,    28, -5.358528863184e-01, 1.150044969214e-06, 0.0000e+00, 0.0000e+00, 
 2DIAGNOSTIC,    29, -5.358526209641e-01, 1.106699460886e-06, 0.0000e+00, 0.0000e+00, 
 2DIAGNOSTIC,    30, -5.358528405165e-01, 1.071283024436e-06, 0.0000e+00, 0.0000e+00, 
 2DIAGNOSTIC,    31, -5.358527889592e-01, 1.036352557091e-06, 0.0000e+00, 0.0000e+00, 
 2DIAGNOSTIC,    32, -5.358529516168e-01, 1.007195864211e-06, 0.0000e+00, 0.0000e+00, 
DIAGNOSTIC,Iteration,metricValue,convergenceValue,ITERATION_TIME_INDEX,SINCE_LAST
 2DIAGNOSTIC,     1, -4.895509249972e-01, 1.797693134862e+308, 0.0000e+00, 0.0000e+00, 
 2DIAGNOSTIC,     2, -4.895808238260e-01, 1.797693134862e+308, 0.0000e+00, 0.0000e+00, 
 2DIAGNOSTIC,     3, -4.895838027233e-01, 1.797693134862e+308, 0.0000e+00, 0.0000e+00, 
 2DIAGNOSTIC,     4, -4.895837163346e-01, 1.797693134862e+308, 0.0000e+00, 0.0000e+00, 
 2DIAGNOSTIC,     5, -4.895835365734e-01, 1.797693134862e+308, 0.0000e+00, 0.0000e+00, 
 2DIAGNOSTIC,     6, -4.895828576243e-01, 1.797693134862e+308, 0.0000e+00, 0.0000e+00, 
 2DIAGNOSTIC,     7, -4.895825538213e-01, 1.797693134862e+308, 0.0000e+00, 0.0000e+00, 
 2DIAGNOSTIC,     8, -4.895825813459e-01, 1.797693134862e+308, 0.0000e+00, 0.0000e+00, 
 2DIAGNOSTIC,     9, -4.895824878115e-01, 1.797693134862e+308, 0.0000e+00, 0.0000e+00, 
 2DIAGNOSTIC,    10, -4.895825603350e-01, 5.014504470699e-06, 0.0000e+00, 0.0000e+00, 
 2DIAGNOSTIC,    11, -4.895824485793e-01, 2.848977212186e-06, 0.0000e+00, 0.0000e+00, 
 2DIAGNOSTIC,    12, -4.895824457331e-01, 2.490679515479e-06, 0.0000e+00, 0.0000e+00, 
 2DIAGNOSTIC,    13, -4.895823361212e-01, 2.329688519473e-06, 0.0000e+00, 0.0000e+00, 
 2DIAGNOSTIC,    14, -4.895822878162e-01, 2.196561265613e-06, 0.0000e+00, 0.0000e+00, 
 2DIAGNOSTIC,    15, -4.895822933426e-01, 2.081981825067e-06, 0.0000e+00, 0.0000e+00, 
 2DIAGNOSTIC,    16, -4.895823107363e-01, 1.961535727804e-06, 0.0000e+00, 0.0000e+00, 
 2DIAGNOSTIC,    17, -4.895823170172e-01, 1.847535864088e-06, 0.0000e+00, 0.0000e+00, 
 2DIAGNOSTIC,    18, -4.895823204383e-01, 1.749533509170e-06, 0.0000e+00, 0.0000e+00, 
 2DIAGNOSTIC,    19, -4.895823176944e-01, 1.660505397551e-06, 0.0000e+00, 0.0000e+00, 
 2DIAGNOSTIC,    20, -4.895823176944e-01, 1.583826828210e-06, 0.0000e+00, 0.0000e+00, 
 2DIAGNOSTIC,    21, -4.895823046256e-01, 1.511577121457e-06, 0.0000e+00, 0.0000e+00, 
 2DIAGNOSTIC,    22, -4.895822784432e-01, 1.445519693014e-06, 0.0000e+00, 0.0000e+00, 
 2DIAGNOSTIC,    23, -4.895822784432e-01, 1.382551256535e-06, 0.0000e+00, 0.0000e+00, 
 2DIAGNOSTIC,    24, -4.895822775123e-01, 1.323694460549e-06, 0.0000e+00, 0.0000e+00, 
 2DIAGNOSTIC,    25, -4.895822782903e-01, 1.269854489186e-06, 0.0000e+00, 0.0000e+00, 
 2DIAGNOSTIC,    26, -4.895822782903e-01, 1.220802058201e-06, 0.0000e+00, 0.0000e+00, 
 2DIAGNOSTIC,    27, -4.895822782903e-01, 1.175791643354e-06, 0.0000e+00, 0.0000e+00, 
 2DIAGNOSTIC,    28, -4.895822778949e-01, 1.134295644446e-06, 0.0000e+00, 0.0000e+00, 
 2DIAGNOSTIC,    29, -4.895822778949e-01, 1.095777275251e-06, 0.0000e+00, 0.0000e+00, 
 2DIAGNOSTIC,    30, -4.895822777954e-01, 1.059945364028e-06, 0.0000e+00, 0.0000e+00, 
 2DIAGNOSTIC,    31, -4.895822777954e-01, 1.026244180670e-06, 0.0000e+00, 0.0000e+00, 
  Elapsed time (stage 0): 0.0000e+00


Total elapsed time: 0.0000e+00
Info [verificarlo]: loaded backend libinterflop_vprec.so
Info [interflop-vprec]: load backend with: 
Info [interflop-vprec]: precision-binary32 = 20
Info [interflop-vprec]: range-binary32 = 8
Info [interflop-vprec]: precision-binary64 = 20
Info [interflop-vprec]: range-binary64 = 8
Info [interflop-vprec]: mode = ob
Info [interflop-vprec]: error-mode = rel
Info [interflop-vprec]: max-abs-error-exponent = -1022
Info [interflop-vprec]: daz = false
Info [interflop-vprec]: ftz = false
Info [interflop-vprec]: 	instrument = none
Info [interflop-vprec]: 	prec-input-file = (null)
Info [interflop-vprec]: 	prec-output-file = (null)
Info [interflop-vprec]: 	prec-log-file = (null)
All_Command_lines_OK
Using double precision for computations.
=============================================================================
The composite transform comprises the following transforms (in order): 
  1. /home/mdugre/scratch/mri-registration-rp/datasets/ds004513/derivatives/mri-registration-rp/0111/antsRegistration-r8-p20/sub-s025/rigid_Composite.h5[0] (type = Euler3DTransform)
  2. /home/mdugre/scratch/mri-registration-rp/datasets/ds004513/derivatives/mri-registration-rp/0111/antsRegistration-r8-p20/sub-s025/rigid_Composite.h5[1] (type = Euler3DTransform)
  3. /home/mdugre/scratch/mri-registration-rp/datasets/ds004513/derivatives/mri-registration-rp/0111/antsRegistration-r8-p20/sub-s025/rigid_Composite.h5[2] (type = Euler3DTransform)
=============================================================================
  number of levels = 4
  fixed image: /templateflow/tpl-MNI152NLin2009cAsym/tpl-MNI152NLin2009cAsym_res-01_desc-brain_T1w.nii.gz
  moving image: /home/mdugre/scratch/mri-registration-rp/datasets/ds004513/derivatives/mri-registration-rp/antsBrainExtraction/sub-s025/BrainExtractionBrain.nii.gz
Dimension = 3
Number of stages = 1
Use histogram matching = false
Winsorize image intensities = true
  Lower quantile = 0.005
  Upper quantile = 0.995


Stage 1 State
   Image metric = MattesMI
     Fixed image = Image (0x4d70490)
  RTTI typeinfo:   itk::Image<double, 3u>
  Reference Count: 2
  Modified Time: 1594
  Debug: Off
  Object Name: 
  Observers: 
    none
  Source: (none)
  Source output name: (none)
  Release Data: Off
  Data Released: False
  Global Release Data: Off
  PipelineMTime: 0
  UpdateMTime: 1203
  RealTimeStamp: 0 seconds 
  LargestPossibleRegion: 
    Dimension: 3
    Index: [0, 0, 0]
    Size: [193, 229, 193]
  BufferedRegion: 
    Dimension: 3
    Index: [0, 0, 0]
    Size: [193, 229, 193]
  RequestedRegion: 
    Dimension: 3
    Index: [0, 0, 0]
    Size: [193, 229, 193]
  Spacing: [1, 1, 1]
  Origin: [96, 132, -78]
  Direction: 
-1 0 0
0 -1 0
0 0 1

  IndexToPointMatrix: 
-1 0 0
0 -1 0
0 0 1

  PointToIndexMatrix: 
-1 0 0
0 -1 0
0 0 1

  Inverse Direction: 
-1 0 0
0 -1 0
0 0 1

  PixelContainer: 
    ImportImageContainer (0x4e28fa0)
      RTTI typeinfo:   itk::ImportImageContainer<unsigned long, double>
      Reference Count: 1
      Modified Time: 1200
      Debug: Off
      Object Name: 
      Observers: 
        none
      Pointer: 0x1500ac066010
      Container manages memory: true
      Size: 8530021
      Capacity: 8530021

     Moving image = Image (0x4e2bd20)
  RTTI typeinfo:   itk::Image<double, 3u>
  Reference Count: 2
  Modified Time: 1595
  Debug: Off
  Object Name: 
  Observers: 
    none
  Source: (none)
  Source output name: (none)
  Release Data: Off
  Data Released: False
  Global Release Data: Off
  PipelineMTime: 0
  UpdateMTime: 1592
  RealTimeStamp: 0 seconds 
  LargestPossibleRegion: 
    Dimension: 3
    Index: [0, 0, 0]
    Size: [176, 240, 256]
  BufferedRegion: 
    Dimension: 3
    Index: [0, 0, 0]
    Size: [176, 240, 256]
  RequestedRegion: 
    Dimension: 3
    Index: [0, 0, 0]
    Size: [176, 240, 256]
  Spacing: [0.999999, 1, 1]
  Origin: [90.3777, 84.5091, -154.071]
  Direction: 
-0.999391 7.48185e-06 -0.0348969
-7.47664e-06 -1 -2.7953e-07
-0.0348969 -1.84481e-08 0.999391

  IndexToPointMatrix: 
-0.999389 7.48185e-06 -0.0348969
-7.47663e-06 -1 -2.7953e-07
-0.0348968 -1.84481e-08 0.999391

  PointToIndexMatrix: 
-0.999393 -7.47666e-06 -0.0348969
7.47664e-06 -1 1.30443e-07
-0.0348969 -1.30502e-07 0.999391

  Inverse Direction: 
-0.999391 -7.47664e-06 -0.0348969
7.47664e-06 -1 1.30495e-07
-0.0348969 -1.30495e-07 0.999391

  PixelContainer: 
    ImportImageContainer (0x4ee7390)
      RTTI typeinfo:   itk::ImportImageContainer<unsigned long, double>
      Reference Count: 1
      Modified Time: 1589
      Debug: Off
      Object Name: 
      Observers: 
        none
      Pointer: 0x1500a6de5010
      Container manages memory: true
      Size: 10813440
      Capacity: 10813440

     Weighting = 1
     Sampling strategy = regular
     Number of bins = 32
     Radius = 4
     Sampling percentage  = 0.25
   Transform = Affine
     Gradient step = 0.1
     Update field sigma (voxel space) = 0
     Total field sigma (voxel space) = 0
     Update field time sigma = 0
     Total field time sigma  = 0
     Number of time indices = 0
     Number of time point samples = 0
Registration using 1 total stages.

Stage 0
  iterations = 1000x500x250x100
  convergence threshold = 1e-06
  convergence window size = 10
  number of levels = 4
  using the Mattes MI metric (number of bins = 32, weight = 1, use gradient filter = 0)
  preprocessing:  winsorizing the image intensities
  Shrink factors (level 1 out of 4): [8, 8, 8]
  Shrink factors (level 2 out of 4): [4, 4, 4]
  Shrink factors (level 3 out of 4): [2, 2, 2]
  Shrink factors (level 4 out of 4): [1, 1, 1]
  smoothing sigmas per level: [3, 2, 1, 0]
  regular sampling (percentage = 0.25)

*** Running AffineTransform registration ***

DIAGNOSTIC,Iteration,metricValue,convergenceValue,ITERATION_TIME_INDEX,SINCE_LAST
 2DIAGNOSTIC,     1, -7.484855696257e-01, 1.797693134862e+308, 0.0000e+00, 0.0000e+00, 
 2DIAGNOSTIC,     2, -7.506511269662e-01, 1.797693134862e+308, 0.0000e+00, 0.0000e+00, 
 2DIAGNOSTIC,     3, -7.540680068626e-01, 1.797693134862e+308, 0.0000e+00, 0.0000e+00, 
 2DIAGNOSTIC,     4, -7.597503338434e-01, 1.797693134862e+308, 0.0000e+00, 0.0000e+00, 
 2DIAGNOSTIC,     5, -7.693523753575e-01, 1.797693134862e+308, 0.0000e+00, 0.0000e+00, 
 2DIAGNOSTIC,     6, -7.841304171177e-01, 1.797693134862e+308, 0.0000e+00, 0.0000e+00, 
 2DIAGNOSTIC,     7, -8.097802679743e-01, 1.797693134862e+308, 0.0000e+00, 0.0000e+00, 
 2DIAGNOSTIC,     8, -8.865460255585e-01, 1.797693134862e+308, 0.0000e+00, 0.0000e+00, 
 2DIAGNOSTIC,     9, -9.203707696648e-01, 1.797693134862e+308, 0.0000e+00, 0.0000e+00, 
 2DIAGNOSTIC,    10, -9.239887590890e-01, 1.551890255302e-02, 0.0000e+00, 0.0000e+00, 
 2DIAGNOSTIC,    11, -9.295164113091e-01, 1.569792447432e-02, 0.0000e+00, 0.0000e+00, 
 2DIAGNOSTIC,    12, -9.339212687164e-01, 1.462636897072e-02, 0.0000e+00, 0.0000e+00, 
 2DIAGNOSTIC,    13, -9.355107727823e-01, 1.252459870290e-02, 0.0000e+00, 0.0000e+00, 
 2DIAGNOSTIC,    14, -9.358581896384e-01, 9.760391206406e-03, 0.0000e+00, 0.0000e+00, 
 2DIAGNOSTIC,    15, -9.359010306080e-01, 6.753485402329e-03, 0.0000e+00, 0.0000e+00, 
 2DIAGNOSTIC,    16, -9.360637255071e-01, 3.864702123339e-03, 0.0000e+00, 0.0000e+00, 
 2DIAGNOSTIC,    17, -9.362346200127e-01, 1.456725804992e-03, 0.0000e+00, 0.0000e+00, 
 2DIAGNOSTIC,    18, -9.364831431113e-01, 5.924948052933e-04, 0.0000e+00, 0.0000e+00, 
 2DIAGNOSTIC,    19, -9.367135834084e-01, 3.578556210927e-04, 0.0000e+00, 0.0000e+00, 
 2DIAGNOSTIC,    20, -9.370619386935e-01, 1.786430653610e-04, 0.0000e+00, 0.0000e+00, 
 2DIAGNOSTIC,    21, -9.376895725566e-01, 9.467531088595e-05, 0.0000e+00, 0.0000e+00, 
 2DIAGNOSTIC,    22, -9.377884132453e-01, 7.557859199670e-05, 0.0000e+00, 0.0000e+00, 
 2DIAGNOSTIC,    23, -9.385425583099e-01, 8.416381097735e-05, 0.0000e+00, 0.0000e+00, 
 2DIAGNOSTIC,    24, -9.386940283627e-01, 9.077107596455e-05, 0.0000e+00, 0.0000e+00, 
 2DIAGNOSTIC,    25, -9.383946801220e-01, 8.514129679255e-05, 0.0000e+00, 0.0000e+00, 
 2DIAGNOSTIC,    26, -9.380778662574e-01, 7.036099062044e-05, 0.0000e+00, 0.0000e+00, 
 2DIAGNOSTIC,    27, -9.381214088515e-01, 5.280720338071e-05, 0.0000e+00, 0.0000e+00, 
 2DIAGNOSTIC,    28, -9.380299587207e-01, 3.332706895179e-05, 0.0000e+00, 0.0000e+00, 
 2DIAGNOSTIC,    29, -9.381382087411e-01, 1.586667320586e-05, 0.0000e+00, 0.0000e+00, 
 2DIAGNOSTIC,    30, -9.383012456177e-01, 3.627837491596e-06, 0.0000e+00, 0.0000e+00, 
DIAGNOSTIC,Iteration,metricValue,convergenceValue,ITERATION_TIME_INDEX,SINCE_LAST
 2DIAGNOSTIC,     1, -7.502224413537e-01, 1.797693134862e+308, 0.0000e+00, 0.0000e+00, 
 2DIAGNOSTIC,     2, -7.506694980275e-01, 1.797693134862e+308, 0.0000e+00, 0.0000e+00, 
 2DIAGNOSTIC,     3, -7.510961233931e-01, 1.797693134862e+308, 0.0000e+00, 0.0000e+00, 
 2DIAGNOSTIC,     4, -7.514885735098e-01, 1.797693134862e+308, 0.0000e+00, 0.0000e+00, 
 2DIAGNOSTIC,     5, -7.525125065635e-01, 1.797693134862e+308, 0.0000e+00, 0.0000e+00, 
 2DIAGNOSTIC,     6, -7.540113150097e-01, 1.797693134862e+308, 0.0000e+00, 0.0000e+00, 
 2DIAGNOSTIC,     7, -7.540638041719e-01, 1.797693134862e+308, 0.0000e+00, 0.0000e+00, 
 2DIAGNOSTIC,     8, -7.540940048441e-01, 1.797693134862e+308, 0.0000e+00, 0.0000e+00, 
 2DIAGNOSTIC,     9, -7.541018039033e-01, 1.797693134862e+308, 0.0000e+00, 0.0000e+00, 
 2DIAGNOSTIC,    10, -7.541006826580e-01, 3.970952161429e-04, 0.0000e+00, 0.0000e+00, 
 2DIAGNOSTIC,    11, -7.541091723460e-01, 2.996593178488e-04, 0.0000e+00, 0.0000e+00, 
 2DIAGNOSTIC,    12, -7.541580238884e-01, 2.075599606179e-04, 0.0000e+00, 0.0000e+00, 
 2DIAGNOSTIC,    13, -7.542169430972e-01, 1.259318155789e-04, 0.0000e+00, 0.0000e+00, 
 2DIAGNOSTIC,    14, -7.542587265970e-01, 5.615996435851e-05, 0.0000e+00, 0.0000e+00, 
 2DIAGNOSTIC,    15, -7.542274646297e-01, 1.471242910356e-05, 0.0000e+00, 0.0000e+00, 
 2DIAGNOSTIC,    16, -7.542300701011e-01, 1.273020459594e-05, 0.0000e+00, 0.0000e+00, 
 2DIAGNOSTIC,    17, -7.542041413629e-01, 1.054606102315e-05, 0.0000e+00, 0.0000e+00, 
 2DIAGNOSTIC,    18, -7.542092617213e-01, 8.519557607715e-06, 0.0000e+00, 0.0000e+00, 
 2DIAGNOSTIC,    19, -7.542134008088e-01, 6.312344286372e-06, 0.0000e+00, 0.0000e+00, 
 2DIAGNOSTIC,    20, -7.542056753592e-01, 3.750850572810e-06, 0.0000e+00, 0.0000e+00, 
 2DIAGNOSTIC,    21, -7.542006309950e-01, 1.303650337160e-06, 0.0000e+00, 0.0000e+00, 
DIAGNOSTIC,Iteration,metricValue,convergenceValue,ITERATION_TIME_INDEX,SINCE_LAST
 2DIAGNOSTIC,     1, -6.417924806341e-01, 1.797693134862e+308, 0.0000e+00, 0.0000e+00, 
 2DIAGNOSTIC,     2, -6.421704817387e-01, 1.797693134862e+308, 0.0000e+00, 0.0000e+00, 
 2DIAGNOSTIC,     3, -6.426023126931e-01, 1.797693134862e+308, 0.0000e+00, 0.0000e+00, 
 2DIAGNOSTIC,     4, -6.430754595609e-01, 1.797693134862e+308, 0.0000e+00, 0.0000e+00, 
 2DIAGNOSTIC,     5, -6.439634073224e-01, 1.797693134862e+308, 0.0000e+00, 0.0000e+00, 
 2DIAGNOSTIC,     6, -6.451281302577e-01, 1.797693134862e+308, 0.0000e+00, 0.0000e+00, 
 2DIAGNOSTIC,     7, -6.451481477401e-01, 1.797693134862e+308, 0.0000e+00, 0.0000e+00, 
 2DIAGNOSTIC,     8, -6.451465358024e-01, 1.797693134862e+308, 0.0000e+00, 0.0000e+00, 
 2DIAGNOSTIC,     9, -6.451458436811e-01, 1.797693134862e+308, 0.0000e+00, 0.0000e+00, 
 2DIAGNOSTIC,    10, -6.451457706848e-01, 3.959549577717e-04, 0.0000e+00, 0.0000e+00, 
 2DIAGNOSTIC,    11, -6.451432405032e-01, 2.919013892553e-04, 0.0000e+00, 0.0000e+00, 
 2DIAGNOSTIC,    12, -6.451422842388e-01, 1.932871907395e-04, 0.0000e+00, 0.0000e+00, 
 2DIAGNOSTIC,    13, -6.451417486558e-01, 1.078386416904e-04, 0.0000e+00, 0.0000e+00, 
 2DIAGNOSTIC,    14, -6.451416738938e-01, 3.959811880110e-05, 0.0000e+00, 0.0000e+00, 
 2DIAGNOSTIC,    15, -6.451384478681e-01, 2.100708598615e-06, 0.0000e+00, 0.0000e+00, 
 2DIAGNOSTIC,    16, -6.451379418683e-01, 1.377811583589e-06, 0.0000e+00, 0.0000e+00, 
 2DIAGNOSTIC,    17, -6.451364630139e-01, 1.278425489214e-06, 0.0000e+00, 0.0000e+00, 
 2DIAGNOSTIC,    18, -6.451369819011e-01, 1.217650299291e-06, 0.0000e+00, 0.0000e+00, 
 2DIAGNOSTIC,    19, -6.451346540429e-01, 1.142693205655e-06, 0.0000e+00, 0.0000e+00, 
 2DIAGNOSTIC,    20, -6.451342163997e-01, 1.117017179544e-06, 0.0000e+00, 0.0000e+00, 
 2DIAGNOSTIC,    21, -6.451366891765e-01, 1.137661964919e-06, 0.0000e+00, 0.0000e+00, 
 2DIAGNOSTIC,    22, -6.451382716631e-01, 1.201780194533e-06, 0.0000e+00, 0.0000e+00, 
 2DIAGNOSTIC,    23, -6.451394196776e-01, 1.293841218351e-06, 0.0000e+00, 0.0000e+00, 
 2DIAGNOSTIC,    24, -6.451423593137e-01, 1.441681639278e-06, 0.0000e+00, 0.0000e+00, 
 2DIAGNOSTIC,    25, -6.451435064806e-01, 1.529648062888e-06, 0.0000e+00, 0.0000e+00, 
 2DIAGNOSTIC,    26, -6.451430015844e-01, 1.569376543151e-06, 0.0000e+00, 0.0000e+00, 
 2DIAGNOSTIC,    27, -6.451423233951e-01, 1.538225717433e-06, 0.0000e+00, 0.0000e+00, 
 2DIAGNOSTIC,    28, -6.451415733620e-01, 1.473326828982e-06, 0.0000e+00, 0.0000e+00, 
 2DIAGNOSTIC,    29, -6.451406257713e-01, 1.331581760265e-06, 0.0000e+00, 0.0000e+00, 
 2DIAGNOSTIC,    30, -6.451385662000e-01, 1.139688440503e-06, 0.0000e+00, 0.0000e+00, 
DIAGNOSTIC,Iteration,metricValue,convergenceValue,ITERATION_TIME_INDEX,SINCE_LAST
 2DIAGNOSTIC,     1, -5.764944244960e-01, 1.797693134862e+308, 0.0000e+00, 0.0000e+00, 
 2DIAGNOSTIC,     2, -5.769031793594e-01, 1.797693134862e+308, 0.0000e+00, 0.0000e+00, 
 2DIAGNOSTIC,     3, -5.773752809576e-01, 1.797693134862e+308, 0.0000e+00, 0.0000e+00, 
 2DIAGNOSTIC,     4, -5.779089756253e-01, 1.797693134862e+308, 0.0000e+00, 0.0000e+00, 
 2DIAGNOSTIC,     5, -5.786381940333e-01, 1.797693134862e+308, 0.0000e+00, 0.0000e+00, 
 2DIAGNOSTIC,     6, -5.792540855985e-01, 1.797693134862e+308, 0.0000e+00, 0.0000e+00, 
 2DIAGNOSTIC,     7, -5.792537911318e-01, 1.797693134862e+308, 0.0000e+00, 0.0000e+00, 
 2DIAGNOSTIC,     8, -5.792535447609e-01, 1.797693134862e+308, 0.0000e+00, 0.0000e+00, 
 2DIAGNOSTIC,     9, -5.792534687530e-01, 1.797693134862e+308, 0.0000e+00, 0.0000e+00, 
 2DIAGNOSTIC,    10, -5.792534440256e-01, 3.403175110818e-04, 0.0000e+00, 0.0000e+00, 
 2DIAGNOSTIC,    11, -5.792536356612e-01, 2.361662950862e-04, 0.0000e+00, 0.0000e+00, 
 2DIAGNOSTIC,    12, -5.792534143822e-01, 1.453091659787e-04, 0.0000e+00, 0.0000e+00, 
 2DIAGNOSTIC,    13, -5.792534871512e-01, 7.354366168805e-05, 0.0000e+00, 0.0000e+00, 
 2DIAGNOSTIC,    14, -5.792535409097e-01, 2.383818886084e-05, 0.0000e+00, 0.0000e+00, 
 2DIAGNOSTIC,    15, -5.792538132500e-01, 2.105937505339e-06, 0.0000e+00, 0.0000e+00, 
 2DIAGNOSTIC,    16, -5.792537896756e-01, 1.998511460682e-06, 0.0000e+00, 0.0000e+00, 
 2DIAGNOSTIC,    17, -5.792538945854e-01, 1.897888556021e-06, 0.0000e+00, 0.0000e+00, 
 2DIAGNOSTIC,    18, -5.792536794128e-01, 1.793728363272e-06, 0.0000e+00, 0.0000e+00, 
 2DIAGNOSTIC,    19, -5.792535946077e-01, 1.694200799811e-06, 0.0000e+00, 0.0000e+00, 
 2DIAGNOSTIC,    20, -5.792534620683e-01, 1.598813272351e-06, 0.0000e+00, 0.0000e+00, 
 2DIAGNOSTIC,    21, -5.792532902478e-01, 1.512488243344e-06, 0.0000e+00, 0.0000e+00, 
 2DIAGNOSTIC,    22, -5.792531103122e-01, 1.425488081047e-06, 0.0000e+00, 0.0000e+00, 
 2DIAGNOSTIC,    23, -5.792531553788e-01, 1.350721311501e-06, 0.0000e+00, 0.0000e+00, 
 2DIAGNOSTIC,    24, -5.792531830194e-01, 1.286785546235e-06, 0.0000e+00, 0.0000e+00, 
 2DIAGNOSTIC,    25, -5.792529031031e-01, 1.231512771899e-06, 0.0000e+00, 0.0000e+00, 
 2DIAGNOSTIC,    26, -5.792531142021e-01, 1.188086360002e-06, 0.0000e+00, 0.0000e+00, 
 2DIAGNOSTIC,    27, -5.792528751561e-01, 1.148810629216e-06, 0.0000e+00, 0.0000e+00, 
 2DIAGNOSTIC,    28, -5.792528246899e-01, 1.110576324452e-06, 0.0000e+00, 0.0000e+00, 
 2DIAGNOSTIC,    29, -5.792531393841e-01, 1.081373172666e-06, 0.0000e+00, 0.0000e+00, 
 2DIAGNOSTIC,    30, -5.792530454389e-01, 1.051847216549e-06, 0.0000e+00, 0.0000e+00, 
 2DIAGNOSTIC,    31, -5.792531802370e-01, 1.024670390169e-06, 0.0000e+00, 0.0000e+00, 
  Elapsed time (stage 0): 0.0000e+00


Total elapsed time: 0.0000e+00
