
##########################
# Experiment information #
##########################

EXPERIMENT_NAME: antsRegistration-r7-p19
VFC_BACKENDS: libinterflop_vprec.so --range-binary32=7 --precision-binary32=19 --range-binary64=7 --precision-binary64=19

SIF_IMG: /home/mdugre/projects/rrg-glatard/mdugre/containers/ants-vprec-no_metrics.simg

SUBJECT_ID: s035
INPUT_IMG: /home/mdugre/scratch/mri-registration-rp/datasets/ds004513/derivatives/mri-registration-rp/antsBrainExtraction/sub-s035/BrainExtractionBrain.nii.gz
OUTPUT_DIR: /home/mdugre/scratch/mri-registration-rp/datasets/ds004513/derivatives/mri-registration-rp/0111/antsRegistration-r7-p19/sub-s035

FIXED_IMG: /templateflow/tpl-MNI152NLin2009cAsym/tpl-MNI152NLin2009cAsym_res-01_desc-brain_T1w.nii.gz
DATA_DIR: /home/mdugre/scratch/mri-registration-rp/datasets/ds004513
TEMPLATEFLOW_DIR: /home/mdugre/projects/rrg-glatard/mdugre/templateflow
ITK_GLOBAL_DEFAULT_NUMBER_OF_THREADS: 16
##########################

Info [verificarlo]: loaded backend libinterflop_ieee.so
Info [interflop-ieee]: load backend with:
Info [interflop-ieee]: debug = false
Info [interflop-ieee]: debug-binary = false
Info [interflop-ieee]: no-backend-name = false
Info [interflop-ieee]: print-new-line = false
Info [interflop-ieee]: print-subnormal-normalized = false
Info [interflop-ieee]: count-op = false
All_Command_lines_OK
Using double precision for computations.
=============================================================================
The composite transform comprises the following transforms (in order): 
  1. Center of mass alignment using fixed image: /templateflow/tpl-MNI152NLin2009cAsym/tpl-MNI152NLin2009cAsym_res-01_desc-brain_T1w.nii.gz and moving image: /home/mdugre/scratch/mri-registration-rp/datasets/ds004513/derivatives/mri-registration-rp/antsBrainExtraction/sub-s035/BrainExtractionBrain.nii.gz (type = Euler3DTransform)
=============================================================================
  number of levels = 1
  fixed image: /templateflow/tpl-MNI152NLin2009cAsym/tpl-MNI152NLin2009cAsym_res-01_desc-brain_T1w.nii.gz
  moving image: /home/mdugre/scratch/mri-registration-rp/datasets/ds004513/derivatives/mri-registration-rp/antsBrainExtraction/sub-s035/BrainExtractionBrain.nii.gz
Dimension = 3
Number of stages = 1
Use histogram matching = false
Winsorize image intensities = true
  Lower quantile = 0.005
  Upper quantile = 0.995


Stage 1 State
   Image metric = MattesMI
     Fixed image = Image (0x4863e70)
  RTTI typeinfo:   itk::Image<double, 3u>
  Reference Count: 2
  Modified Time: 2330
  Debug: Off
  Object Name: 
  Observers: 
    none
  Source: (none)
  Source output name: (none)
  Release Data: Off
  Data Released: False
  Global Release Data: Off
  PipelineMTime: 0
  UpdateMTime: 1941
  RealTimeStamp: 0 seconds 
  LargestPossibleRegion: 
    Dimension: 3
    Index: [0, 0, 0]
    Size: [193, 229, 193]
  BufferedRegion: 
    Dimension: 3
    Index: [0, 0, 0]
    Size: [193, 229, 193]
  RequestedRegion: 
    Dimension: 3
    Index: [0, 0, 0]
    Size: [193, 229, 193]
  Spacing: [1, 1, 1]
  Origin: [96, 132, -78]
  Direction: 
-1 0 0
0 -1 0
0 0 1

  IndexToPointMatrix: 
-1 0 0
0 -1 0
0 0 1

  PointToIndexMatrix: 
-1 0 0
0 -1 0
0 0 1

  Inverse Direction: 
-1 0 0
0 -1 0
0 0 1

  PixelContainer: 
    ImportImageContainer (0x486cc60)
      RTTI typeinfo:   itk::ImportImageContainer<unsigned long, double>
      Reference Count: 1
      Modified Time: 1938
      Debug: Off
      Object Name: 
      Observers: 
        none
      Pointer: 0x14b9d3711010
      Container manages memory: true
      Size: 8530021
      Capacity: 8530021

     Moving image = Image (0x4900ec0)
  RTTI typeinfo:   itk::Image<double, 3u>
  Reference Count: 2
  Modified Time: 2331
  Debug: Off
  Object Name: 
  Observers: 
    none
  Source: (none)
  Source output name: (none)
  Release Data: Off
  Data Released: False
  Global Release Data: Off
  PipelineMTime: 0
  UpdateMTime: 2328
  RealTimeStamp: 0 seconds 
  LargestPossibleRegion: 
    Dimension: 3
    Index: [0, 0, 0]
    Size: [160, 240, 256]
  BufferedRegion: 
    Dimension: 3
    Index: [0, 0, 0]
    Size: [160, 240, 256]
  RequestedRegion: 
    Dimension: 3
    Index: [0, 0, 0]
    Size: [160, 240, 256]
  Spacing: [1, 1, 1]
  Origin: [98.6438, 87.6358, -117.989]
  Direction: 
-0.993515 -0.100993 -0.0522355
0.100854 -0.994887 0.00530255
-0.0525039 1.93537e-08 0.998621

  IndexToPointMatrix: 
-0.993515 -0.100993 -0.0522355
0.100854 -0.994887 0.00530255
-0.0525039 1.93537e-08 0.998621

  PointToIndexMatrix: 
-0.993515 0.100854 -0.0525039
-0.100993 -0.994887 1.93006e-08
-0.0522355 0.00530255 0.998621

  Inverse Direction: 
-0.993515 0.100854 -0.0525039
-0.100993 -0.994887 1.93006e-08
-0.0522355 0.00530255 0.998621

  PixelContainer: 
    ImportImageContainer (0x4998610)
      RTTI typeinfo:   itk::ImportImageContainer<unsigned long, double>
      Reference Count: 1
      Modified Time: 2325
      Debug: Off
      Object Name: 
      Observers: 
        none
      Pointer: 0x14b9cec10010
      Container manages memory: true
      Size: 9830400
      Capacity: 9830400

     Weighting = 1
     Sampling strategy = regular
     Number of bins = 32
     Radius = 4
     Sampling percentage  = 0.25
   Transform = Rigid
     Gradient step = 0.1
     Update field sigma (voxel space) = 0
     Total field sigma (voxel space) = 0
     Update field time sigma = 0
     Total field time sigma  = 0
     Number of time indices = 0
     Number of time point samples = 0
Registration using 1 total stages.

Stage 0
  iterations = 0
  convergence threshold = 1e-06
  convergence window size = 10
  number of levels = 1
  using the Mattes MI metric (number of bins = 32, weight = 1, use gradient filter = 0)
  preprocessing:  winsorizing the image intensities
  Shrink factors (level 1 out of 1): [1, 1, 1]
  smoothing sigmas per level: [0]
  regular sampling (percentage = 0.25)

*** Running Euler3DTransform registration ***

  Elapsed time (stage 0): 1.14772


Total elapsed time: 1.15002
Info [verificarlo]: loaded backend libinterflop_vprec.so
Info [interflop-vprec]: load backend with: 
Info [interflop-vprec]: precision-binary32 = 19
Info [interflop-vprec]: range-binary32 = 7
Info [interflop-vprec]: precision-binary64 = 19
Info [interflop-vprec]: range-binary64 = 7
Info [interflop-vprec]: mode = ob
Info [interflop-vprec]: error-mode = rel
Info [interflop-vprec]: max-abs-error-exponent = -1022
Info [interflop-vprec]: daz = false
Info [interflop-vprec]: ftz = false
Info [interflop-vprec]: 	instrument = none
Info [interflop-vprec]: 	prec-input-file = (null)
Info [interflop-vprec]: 	prec-output-file = (null)
Info [interflop-vprec]: 	prec-log-file = (null)
All_Command_lines_OK
Using double precision for computations.
=============================================================================
The composite transform comprises the following transforms (in order): 
  1. /home/mdugre/scratch/mri-registration-rp/datasets/ds004513/derivatives/mri-registration-rp/0111/antsRegistration-r7-p19/sub-s035/align_Composite.h5[0] (type = Euler3DTransform)
  2. /home/mdugre/scratch/mri-registration-rp/datasets/ds004513/derivatives/mri-registration-rp/0111/antsRegistration-r7-p19/sub-s035/align_Composite.h5[1] (type = Euler3DTransform)
=============================================================================
  number of levels = 4
  fixed image: /templateflow/tpl-MNI152NLin2009cAsym/tpl-MNI152NLin2009cAsym_res-01_desc-brain_T1w.nii.gz
  moving image: /home/mdugre/scratch/mri-registration-rp/datasets/ds004513/derivatives/mri-registration-rp/antsBrainExtraction/sub-s035/BrainExtractionBrain.nii.gz
Dimension = 3
Number of stages = 1
Use histogram matching = false
Winsorize image intensities = true
  Lower quantile = 0.005
  Upper quantile = 0.995


Stage 1 State
   Image metric = MattesMI
     Fixed image = Image (0x3ffa1e0)
  RTTI typeinfo:   itk::Image<double, 3u>
  Reference Count: 2
  Modified Time: 1578
  Debug: Off
  Object Name: 
  Observers: 
    none
  Source: (none)
  Source output name: (none)
  Release Data: Off
  Data Released: False
  Global Release Data: Off
  PipelineMTime: 0
  UpdateMTime: 1189
  RealTimeStamp: 0 seconds 
  LargestPossibleRegion: 
    Dimension: 3
    Index: [0, 0, 0]
    Size: [193, 229, 193]
  BufferedRegion: 
    Dimension: 3
    Index: [0, 0, 0]
    Size: [193, 229, 193]
  RequestedRegion: 
    Dimension: 3
    Index: [0, 0, 0]
    Size: [193, 229, 193]
  Spacing: [1, 1, 1]
  Origin: [96, 132, -78]
  Direction: 
-1 0 0
0 -1 0
0 0 1

  IndexToPointMatrix: 
-1 0 0
0 -1 0
0 0 1

  PointToIndexMatrix: 
-1 0 0
0 -1 0
0 0 1

  Inverse Direction: 
-1 0 0
0 -1 0
0 0 1

  PixelContainer: 
    ImportImageContainer (0x40b9680)
      RTTI typeinfo:   itk::ImportImageContainer<unsigned long, double>
      Reference Count: 1
      Modified Time: 1186
      Debug: Off
      Object Name: 
      Observers: 
        none
      Pointer: 0x14d3f01a4010
      Container manages memory: true
      Size: 8530021
      Capacity: 8530021

     Moving image = Image (0x40b5b20)
  RTTI typeinfo:   itk::Image<double, 3u>
  Reference Count: 2
  Modified Time: 1579
  Debug: Off
  Object Name: 
  Observers: 
    none
  Source: (none)
  Source output name: (none)
  Release Data: Off
  Data Released: False
  Global Release Data: Off
  PipelineMTime: 0
  UpdateMTime: 1576
  RealTimeStamp: 0 seconds 
  LargestPossibleRegion: 
    Dimension: 3
    Index: [0, 0, 0]
    Size: [160, 240, 256]
  BufferedRegion: 
    Dimension: 3
    Index: [0, 0, 0]
    Size: [160, 240, 256]
  RequestedRegion: 
    Dimension: 3
    Index: [0, 0, 0]
    Size: [160, 240, 256]
  Spacing: [1, 1, 1]
  Origin: [98.6438, 87.6359, -117.989]
  Direction: 
-0.993515 -0.100993 -0.0522355
0.100854 -0.994887 0.00530255
-0.0525039 1.93537e-08 0.998621

  IndexToPointMatrix: 
-0.993515 -0.100993 -0.0522355
0.100854 -0.994887 0.00530255
-0.0525039 1.93537e-08 0.998621

  PointToIndexMatrix: 
-0.993515 0.100854 -0.0525039
-0.100993 -0.994887 -2.00048e-06
-0.0522356 0.00530149 0.998621

  Inverse Direction: 
-0.993515 0.100854 -0.0525039
-0.100993 -0.994887 -2.00048e-06
-0.0522356 0.00530149 0.998621

  PixelContainer: 
    ImportImageContainer (0x411ed50)
      RTTI typeinfo:   itk::ImportImageContainer<unsigned long, double>
      Reference Count: 1
      Modified Time: 1573
      Debug: Off
      Object Name: 
      Observers: 
        none
      Pointer: 0x14d3eb6a3010
      Container manages memory: true
      Size: 9830400
      Capacity: 9830400

     Weighting = 1
     Sampling strategy = regular
     Number of bins = 32
     Radius = 4
     Sampling percentage  = 0.25
   Transform = Rigid
     Gradient step = 0.1
     Update field sigma (voxel space) = 0
     Total field sigma (voxel space) = 0
     Update field time sigma = 0
     Total field time sigma  = 0
     Number of time indices = 0
     Number of time point samples = 0
Registration using 1 total stages.

Stage 0
  iterations = 1000x500x250x100
  convergence threshold = 1e-06
  convergence window size = 10
  number of levels = 4
  using the Mattes MI metric (number of bins = 32, weight = 1, use gradient filter = 0)
  preprocessing:  winsorizing the image intensities
  Shrink factors (level 1 out of 4): [8, 8, 8]
  Shrink factors (level 2 out of 4): [4, 4, 4]
  Shrink factors (level 3 out of 4): [2, 2, 2]
  Shrink factors (level 4 out of 4): [1, 1, 1]
  smoothing sigmas per level: [3, 2, 1, 0]
  regular sampling (percentage = 0.25)

*** Running Euler3DTransform registration ***

DIAGNOSTIC,Iteration,metricValue,convergenceValue,ITERATION_TIME_INDEX,SINCE_LAST
 2DIAGNOSTIC,     1, -5.238659408410e-01, 1.797693134862e+308, 0.0000e+00, 0.0000e+00, 
 2DIAGNOSTIC,     2, -5.258068814036e-01, 1.797693134862e+308, 0.0000e+00, 0.0000e+00, 
 2DIAGNOSTIC,     3, -5.278863227341e-01, 1.797693134862e+308, 0.0000e+00, 0.0000e+00, 
 2DIAGNOSTIC,     4, -5.301993987272e-01, 1.797693134862e+308, 0.0000e+00, 0.0000e+00, 
 2DIAGNOSTIC,     5, -5.344216874499e-01, 1.797693134862e+308, 0.0000e+00, 0.0000e+00, 
 2DIAGNOSTIC,     6, -5.400512253052e-01, 1.797693134862e+308, 0.0000e+00, 0.0000e+00, 
 2DIAGNOSTIC,     7, -5.492038593685e-01, 1.797693134862e+308, 0.0000e+00, 0.0000e+00, 
 2DIAGNOSTIC,     8, -5.543778405704e-01, 1.797693134862e+308, 0.0000e+00, 0.0000e+00, 
 2DIAGNOSTIC,     9, -5.605696894397e-01, 1.797693134862e+308, 0.0000e+00, 0.0000e+00, 
 2DIAGNOSTIC,    10, -5.617773433290e-01, 5.084028442822e-03, 0.0000e+00, 0.0000e+00, 
 2DIAGNOSTIC,    11, -5.647926137080e-01, 4.796669152656e-03, 0.0000e+00, 0.0000e+00, 
 2DIAGNOSTIC,    12, -5.655364732423e-01, 4.241209363692e-03, 0.0000e+00, 0.0000e+00, 
 2DIAGNOSTIC,    13, -5.666351393253e-01, 3.517849249759e-03, 0.0000e+00, 0.0000e+00, 
 2DIAGNOSTIC,    14, -5.878353906635e-01, 3.444209049289e-03, 0.0000e+00, 0.0000e+00, 
 2DIAGNOSTIC,    15, -6.081076437814e-01, 3.878743542397e-03, 0.0000e+00, 0.0000e+00, 
 2DIAGNOSTIC,    16, -6.177872939947e-01, 4.369480638290e-03, 0.0000e+00, 0.0000e+00, 
 2DIAGNOSTIC,    17, -6.219511336950e-01, 4.798754316857e-03, 0.0000e+00, 0.0000e+00, 
 2DIAGNOSTIC,    18, -6.392019622084e-01, 5.356180697118e-03, 0.0000e+00, 0.0000e+00, 
 2DIAGNOSTIC,    19, -6.552970505989e-01, 5.912960535082e-03, 0.0000e+00, 0.0000e+00, 
 2DIAGNOSTIC,    20, -6.588507900445e-01, 5.959566063558e-03, 0.0000e+00, 0.0000e+00, 
 2DIAGNOSTIC,    21, -6.571926121908e-01, 5.493101016841e-03, 0.0000e+00, 0.0000e+00, 
 2DIAGNOSTIC,    22, -6.612665129765e-01, 4.686653651579e-03, 0.0000e+00, 0.0000e+00, 
 2DIAGNOSTIC,    23, -6.643195898866e-01, 3.596602611960e-03, 0.0000e+00, 0.0000e+00, 
 2DIAGNOSTIC,    24, -6.647827644743e-01, 2.692824469715e-03, 0.0000e+00, 0.0000e+00, 
 2DIAGNOSTIC,    25, -6.656970891591e-01, 2.025887715970e-03, 0.0000e+00, 0.0000e+00, 
 2DIAGNOSTIC,    26, -6.663101241478e-01, 1.422805135476e-03, 0.0000e+00, 0.0000e+00, 
 2DIAGNOSTIC,    27, -6.665106725942e-01, 8.075022513661e-04, 0.0000e+00, 0.0000e+00, 
 2DIAGNOSTIC,    28, -6.665889244839e-01, 4.498942934317e-04, 0.0000e+00, 0.0000e+00, 
 2DIAGNOSTIC,    29, -6.679003368532e-01, 3.593491552235e-04, 0.0000e+00, 0.0000e+00, 
 2DIAGNOSTIC,    30, -6.694578188963e-01, 3.232373164295e-04, 0.0000e+00, 0.0000e+00, 
 2DIAGNOSTIC,    31, -6.695854507821e-01, 2.344608566445e-04, 0.0000e+00, 0.0000e+00, 
 2DIAGNOSTIC,    32, -6.696302644626e-01, 1.892945075240e-04, 0.0000e+00, 0.0000e+00, 
 2DIAGNOSTIC,    33, -6.701803816031e-01, 1.805131022416e-04, 0.0000e+00, 0.0000e+00, 
 2DIAGNOSTIC,    34, -6.718264658916e-01, 1.833033103740e-04, 0.0000e+00, 0.0000e+00, 
 2DIAGNOSTIC,    35, -6.737290901362e-01, 2.047420526137e-04, 0.0000e+00, 0.0000e+00, 
 2DIAGNOSTIC,    36, -6.741997955708e-01, 2.192194022796e-04, 0.0000e+00, 0.0000e+00, 
 2DIAGNOSTIC,    37, -6.743752584321e-01, 2.176941022206e-04, 0.0000e+00, 0.0000e+00, 
 2DIAGNOSTIC,    38, -6.750841887273e-01, 2.051576907895e-04, 0.0000e+00, 0.0000e+00, 
 2DIAGNOSTIC,    39, -6.753476072649e-01, 1.913384684857e-04, 0.0000e+00, 0.0000e+00, 
 2DIAGNOSTIC,    40, -6.756210785266e-01, 1.807184427222e-04, 0.0000e+00, 0.0000e+00, 
 2DIAGNOSTIC,    41, -6.762065760778e-01, 1.617211189928e-04, 0.0000e+00, 0.0000e+00, 
 2DIAGNOSTIC,    42, -6.763767631068e-01, 1.309024906971e-04, 0.0000e+00, 0.0000e+00, 
 2DIAGNOSTIC,    43, -6.767053180895e-01, 9.826158921564e-05, 0.0000e+00, 0.0000e+00, 
 2DIAGNOSTIC,    44, -6.771660647386e-01, 7.909679983586e-05, 0.0000e+00, 0.0000e+00, 
 2DIAGNOSTIC,    45, -6.773822987897e-01, 7.454249541669e-05, 0.0000e+00, 0.0000e+00, 
 2DIAGNOSTIC,    46, -6.786953545842e-01, 8.067964379107e-05, 0.0000e+00, 0.0000e+00, 
 2DIAGNOSTIC,    47, -6.811283084071e-01, 1.034730691902e-04, 0.0000e+00, 0.0000e+00, 
 2DIAGNOSTIC,    48, -6.816228820722e-01, 1.262087137517e-04, 0.0000e+00, 0.0000e+00, 
 2DIAGNOSTIC,    49, -6.821666341791e-01, 1.436042138732e-04, 0.0000e+00, 0.0000e+00, 
 2DIAGNOSTIC,    50, -6.823311800432e-01, 1.505966123954e-04, 0.0000e+00, 0.0000e+00, 
 2DIAGNOSTIC,    51, -6.835472536976e-01, 1.586255138692e-04, 0.0000e+00, 0.0000e+00, 
 2DIAGNOSTIC,    52, -6.841799522238e-01, 1.574761189146e-04, 0.0000e+00, 0.0000e+00, 
 2DIAGNOSTIC,    53, -6.842658564595e-01, 1.447586079687e-04, 0.0000e+00, 0.0000e+00, 
 2DIAGNOSTIC,    54, -6.844930016586e-01, 1.249308543300e-04, 0.0000e+00, 0.0000e+00, 
 2DIAGNOSTIC,    55, -6.847405853719e-01, 9.767311292001e-05, 0.0000e+00, 0.0000e+00, 
 2DIAGNOSTIC,    56, -6.849361023733e-01, 7.348663075354e-05, 0.0000e+00, 0.0000e+00, 
 2DIAGNOSTIC,    57, -6.853706252156e-01, 6.541757520076e-05, 0.0000e+00, 0.0000e+00, 
 2DIAGNOSTIC,    58, -6.857795837844e-01, 5.830175088792e-05, 0.0000e+00, 0.0000e+00, 
 2DIAGNOSTIC,    59, -6.860209935808e-01, 5.188909907349e-05, 0.0000e+00, 0.0000e+00, 
 2DIAGNOSTIC,    60, -6.861964833325e-01, 4.308847544403e-05, 0.0000e+00, 0.0000e+00, 
 2DIAGNOSTIC,    61, -6.860991384716e-01, 3.851400800749e-05, 0.0000e+00, 0.0000e+00, 
 2DIAGNOSTIC,    62, -6.861018537205e-01, 3.500084935534e-05, 0.0000e+00, 0.0000e+00, 
 2DIAGNOSTIC,    63, -6.861028483500e-01, 2.884478688625e-05, 0.0000e+00, 0.0000e+00, 
 2DIAGNOSTIC,    64, -6.861037561114e-01, 2.170358759387e-05, 0.0000e+00, 0.0000e+00, 
 2DIAGNOSTIC,    65, -6.861045969522e-01, 1.446109198061e-05, 0.0000e+00, 0.0000e+00, 
 2DIAGNOSTIC,    66, -6.861054007109e-01, 7.401328009766e-06, 0.0000e+00, 0.0000e+00, 
 2DIAGNOSTIC,    67, -6.861263780210e-01, 2.853582205437e-06, 0.0000e+00, 0.0000e+00, 
 2DIAGNOSTIC,    68, -6.862514215212e-01, 1.625160032406e-06, 0.0000e+00, 0.0000e+00, 
 2DIAGNOSTIC,    69, -6.862671679970e-01, 1.900678790894e-06, 0.0000e+00, 0.0000e+00, 
 2DIAGNOSTIC,    70, -6.862750868790e-01, 3.206919395371e-06, 0.0000e+00, 0.0000e+00, 
 2DIAGNOSTIC,    71, -6.863008793462e-01, 3.781396087442e-06, 0.0000e+00, 0.0000e+00, 
 2DIAGNOSTIC,    72, -6.863025954224e-01, 4.039658738048e-06, 0.0000e+00, 0.0000e+00, 
 2DIAGNOSTIC,    73, -6.863026120022e-01, 3.940850200654e-06, 0.0000e+00, 0.0000e+00, 
 2DIAGNOSTIC,    74, -6.863024463576e-01, 3.513545935308e-06, 0.0000e+00, 0.0000e+00, 
 2DIAGNOSTIC,    75, -6.863023732233e-01, 2.819245557735e-06, 0.0000e+00, 0.0000e+00, 
 2DIAGNOSTIC,    76, -6.863018901265e-01, 1.921113005057e-06, 0.0000e+00, 0.0000e+00, 
 2DIAGNOSTIC,    77, -6.863032795535e-01, 1.012175652050e-06, 0.0000e+00, 0.0000e+00, 
DIAGNOSTIC,Iteration,metricValue,convergenceValue,ITERATION_TIME_INDEX,SINCE_LAST
 2DIAGNOSTIC,     1, -5.579334118132e-01, 1.797693134862e+308, 0.0000e+00, 0.0000e+00, 
 2DIAGNOSTIC,     2, -5.583709763627e-01, 1.797693134862e+308, 0.0000e+00, 0.0000e+00, 
 2DIAGNOSTIC,     3, -5.588426360510e-01, 1.797693134862e+308, 0.0000e+00, 0.0000e+00, 
 2DIAGNOSTIC,     4, -5.596580830944e-01, 1.797693134862e+308, 0.0000e+00, 0.0000e+00, 
 2DIAGNOSTIC,     5, -5.605786841273e-01, 1.797693134862e+308, 0.0000e+00, 0.0000e+00, 
 2DIAGNOSTIC,     6, -5.609248870299e-01, 1.797693134862e+308, 0.0000e+00, 0.0000e+00, 
 2DIAGNOSTIC,     7, -5.627185218645e-01, 1.797693134862e+308, 0.0000e+00, 0.0000e+00, 
 2DIAGNOSTIC,     8, -5.641243893108e-01, 1.797693134862e+308, 0.0000e+00, 0.0000e+00, 
 2DIAGNOSTIC,     9, -5.643072942643e-01, 1.797693134862e+308, 0.0000e+00, 0.0000e+00, 
 2DIAGNOSTIC,    10, -5.660872242670e-01, 9.415447213704e-04, 0.0000e+00, 0.0000e+00, 
 2DIAGNOSTIC,    11, -5.664059255652e-01, 9.033354187534e-04, 0.0000e+00, 0.0000e+00, 
 2DIAGNOSTIC,    12, -5.664096922960e-01, 8.090220325042e-04, 0.0000e+00, 0.0000e+00, 
 2DIAGNOSTIC,    13, -5.664210720617e-01, 6.751299518803e-04, 0.0000e+00, 0.0000e+00, 
 2DIAGNOSTIC,    14, -5.664188007097e-01, 5.286397508746e-04, 0.0000e+00, 0.0000e+00, 
 2DIAGNOSTIC,    15, -5.664073501503e-01, 3.844615382401e-04, 0.0000e+00, 0.0000e+00, 
 2DIAGNOSTIC,    16, -5.664002190149e-01, 2.326930672638e-04, 0.0000e+00, 0.0000e+00, 
 2DIAGNOSTIC,    17, -5.663935152338e-01, 1.303567300898e-04, 0.0000e+00, 0.0000e+00, 
 2DIAGNOSTIC,    18, -5.664041964779e-01, 6.785898645559e-05, 0.0000e+00, 0.0000e+00, 
 2DIAGNOSTIC,    19, -5.664063081162e-01, 9.494399970368e-06, 0.0000e+00, 0.0000e+00, 
DIAGNOSTIC,Iteration,metricValue,convergenceValue,ITERATION_TIME_INDEX,SINCE_LAST
 2DIAGNOSTIC,     1, -5.040596609762e-01, 1.797693134862e+308, 0.0000e+00, 0.0000e+00, 
 2DIAGNOSTIC,     2, -5.041951040532e-01, 1.797693134862e+308, 0.0000e+00, 0.0000e+00, 
 2DIAGNOSTIC,     3, -5.042679747703e-01, 1.797693134862e+308, 0.0000e+00, 0.0000e+00, 
 2DIAGNOSTIC,     4, -5.043255828165e-01, 1.797693134862e+308, 0.0000e+00, 0.0000e+00, 
 2DIAGNOSTIC,     5, -5.043404120535e-01, 1.797693134862e+308, 0.0000e+00, 0.0000e+00, 
 2DIAGNOSTIC,     6, -5.043521047583e-01, 1.797693134862e+308, 0.0000e+00, 0.0000e+00, 
 2DIAGNOSTIC,     7, -5.043583359961e-01, 1.797693134862e+308, 0.0000e+00, 0.0000e+00, 
 2DIAGNOSTIC,     8, -5.043744937322e-01, 1.797693134862e+308, 0.0000e+00, 0.0000e+00, 
 2DIAGNOSTIC,     9, -5.043987249146e-01, 1.797693134862e+308, 0.0000e+00, 0.0000e+00, 
 2DIAGNOSTIC,    10, -5.044648765581e-01, 4.121928137968e-05, 0.0000e+00, 0.0000e+00, 
 2DIAGNOSTIC,    11, -5.044653342278e-01, 2.903976970357e-05, 0.0000e+00, 0.0000e+00, 
 2DIAGNOSTIC,    12, -5.045087488337e-01, 2.493597596837e-05, 0.0000e+00, 0.0000e+00, 
 2DIAGNOSTIC,    13, -5.045286074729e-01, 2.339130310690e-05, 0.0000e+00, 0.0000e+00, 
 2DIAGNOSTIC,    14, -5.045297125149e-01, 2.248995885021e-05, 0.0000e+00, 0.0000e+00, 
 2DIAGNOSTIC,    15, -5.045295488774e-01, 2.040267017497e-05, 0.0000e+00, 0.0000e+00, 
 2DIAGNOSTIC,    16, -5.045290935402e-01, 1.730693789229e-05, 0.0000e+00, 0.0000e+00, 
 2DIAGNOSTIC,    17, -5.045280020677e-01, 1.333945366876e-05, 0.0000e+00, 0.0000e+00, 
 2DIAGNOSTIC,    18, -5.045292254466e-01, 9.285605722741e-06, 0.0000e+00, 0.0000e+00, 
 2DIAGNOSTIC,    19, -5.045285337752e-01, 5.620081965960e-06, 0.0000e+00, 0.0000e+00, 
 2DIAGNOSTIC,    20, -5.045292928957e-01, 3.863173282381e-06, 0.0000e+00, 0.0000e+00, 
 2DIAGNOSTIC,    21, -5.045291796867e-01, 2.044372913339e-06, 0.0000e+00, 0.0000e+00, 
 2DIAGNOSTIC,    22, -5.045286313750e-01, 1.425115696500e-06, 0.0000e+00, 0.0000e+00, 
 2DIAGNOSTIC,    23, -5.045294231068e-01, 1.366521150591e-06, 0.0000e+00, 0.0000e+00, 
 2DIAGNOSTIC,    24, -5.045286329492e-01, 1.320380969227e-06, 0.0000e+00, 0.0000e+00, 
 2DIAGNOSTIC,    25, -5.045285954942e-01, 1.274331197065e-06, 0.0000e+00, 0.0000e+00, 
 2DIAGNOSTIC,    26, -5.045285429696e-01, 1.221229942956e-06, 0.0000e+00, 0.0000e+00, 
 2DIAGNOSTIC,    27, -5.045285344936e-01, 1.148292861720e-06, 0.0000e+00, 0.0000e+00, 
 2DIAGNOSTIC,    28, -5.045286025467e-01, 1.109463654850e-06, 0.0000e+00, 0.0000e+00, 
 2DIAGNOSTIC,    29, -5.045277151081e-01, 1.044417074693e-06, 0.0000e+00, 0.0000e+00, 
 2DIAGNOSTIC,    30, -5.045277033681e-01, 1.003198709389e-06, 0.0000e+00, 0.0000e+00, 
DIAGNOSTIC,Iteration,metricValue,convergenceValue,ITERATION_TIME_INDEX,SINCE_LAST
 2DIAGNOSTIC,     1, -4.672415333420e-01, 1.797693134862e+308, 0.0000e+00, 0.0000e+00, 
 2DIAGNOSTIC,     2, -4.673340248643e-01, 1.797693134862e+308, 0.0000e+00, 0.0000e+00, 
 2DIAGNOSTIC,     3, -4.673442018339e-01, 1.797693134862e+308, 0.0000e+00, 0.0000e+00, 
 2DIAGNOSTIC,     4, -4.673453693041e-01, 1.797693134862e+308, 0.0000e+00, 0.0000e+00, 
 2DIAGNOSTIC,     5, -4.673447290975e-01, 1.797693134862e+308, 0.0000e+00, 0.0000e+00, 
 2DIAGNOSTIC,     6, -4.673448810101e-01, 1.797693134862e+308, 0.0000e+00, 0.0000e+00, 
 2DIAGNOSTIC,     7, -4.673448284759e-01, 1.797693134862e+308, 0.0000e+00, 0.0000e+00, 
 2DIAGNOSTIC,     8, -4.673448256284e-01, 1.797693134862e+308, 0.0000e+00, 0.0000e+00, 
 2DIAGNOSTIC,     9, -4.673438689760e-01, 1.797693134862e+308, 0.0000e+00, 0.0000e+00, 
 2DIAGNOSTIC,    10, -4.673437889692e-01, 9.927502150925e-06, 0.0000e+00, 0.0000e+00, 
 2DIAGNOSTIC,    11, -4.673435401025e-01, 3.334440344324e-06, 0.0000e+00, 0.0000e+00, 
 2DIAGNOSTIC,    12, -4.673431813277e-01, 2.454057659834e-06, 0.0000e+00, 0.0000e+00, 
 2DIAGNOSTIC,    13, -4.673432258292e-01, 2.203102041409e-06, 0.0000e+00, 0.0000e+00, 
 2DIAGNOSTIC,    14, -4.673432537528e-01, 2.062646523013e-06, 0.0000e+00, 0.0000e+00, 
 2DIAGNOSTIC,    15, -4.673422691915e-01, 1.893437532471e-06, 0.0000e+00, 0.0000e+00, 
 2DIAGNOSTIC,    16, -4.673422594593e-01, 1.771927184688e-06, 0.0000e+00, 0.0000e+00, 
 2DIAGNOSTIC,    17, -4.673424567811e-01, 1.688723245720e-06, 0.0000e+00, 0.0000e+00, 
 2DIAGNOSTIC,    18, -4.673423261596e-01, 1.626711632861e-06, 0.0000e+00, 0.0000e+00, 
 2DIAGNOSTIC,    19, -4.673420665324e-01, 1.544984241937e-06, 0.0000e+00, 0.0000e+00, 
 2DIAGNOSTIC,    20, -4.673421755637e-01, 1.484813841907e-06, 0.0000e+00, 0.0000e+00, 
 2DIAGNOSTIC,    21, -4.673420952586e-01, 1.430487728375e-06, 0.0000e+00, 0.0000e+00, 
 2DIAGNOSTIC,    22, -4.673419197771e-01, 1.373279293913e-06, 0.0000e+00, 0.0000e+00, 
 2DIAGNOSTIC,    23, -4.673421253022e-01, 1.333989463642e-06, 0.0000e+00, 0.0000e+00, 
 2DIAGNOSTIC,    24, -4.673424548963e-01, 1.311975095203e-06, 0.0000e+00, 0.0000e+00, 
 2DIAGNOSTIC,    25, -4.673425886592e-01, 1.271733860969e-06, 0.0000e+00, 0.0000e+00, 
 2DIAGNOSTIC,    26, -4.673425730082e-01, 1.233605919110e-06, 0.0000e+00, 0.0000e+00, 
 2DIAGNOSTIC,    27, -4.673426051986e-01, 1.202502551326e-06, 0.0000e+00, 0.0000e+00, 
 2DIAGNOSTIC,    28, -4.673426772418e-01, 1.169867915436e-06, 0.0000e+00, 0.0000e+00, 
 2DIAGNOSTIC,    29, -4.673425203175e-01, 1.126956369897e-06, 0.0000e+00, 0.0000e+00, 
 2DIAGNOSTIC,    30, -4.673423418438e-01, 1.082515108747e-06, 0.0000e+00, 0.0000e+00, 
 2DIAGNOSTIC,    31, -4.673420491897e-01, 1.031603298660e-06, 0.0000e+00, 0.0000e+00, 
  Elapsed time (stage 0): 0.0000e+00


Total elapsed time: 0.0000e+00
Info [verificarlo]: loaded backend libinterflop_vprec.so
Info [interflop-vprec]: load backend with: 
Info [interflop-vprec]: precision-binary32 = 19
Info [interflop-vprec]: range-binary32 = 7
Info [interflop-vprec]: precision-binary64 = 19
Info [interflop-vprec]: range-binary64 = 7
Info [interflop-vprec]: mode = ob
Info [interflop-vprec]: error-mode = rel
Info [interflop-vprec]: max-abs-error-exponent = -1022
Info [interflop-vprec]: daz = false
Info [interflop-vprec]: ftz = false
Info [interflop-vprec]: 	instrument = none
Info [interflop-vprec]: 	prec-input-file = (null)
Info [interflop-vprec]: 	prec-output-file = (null)
Info [interflop-vprec]: 	prec-log-file = (null)
All_Command_lines_OK
Using double precision for computations.
=============================================================================
The composite transform comprises the following transforms (in order): 
  1. /home/mdugre/scratch/mri-registration-rp/datasets/ds004513/derivatives/mri-registration-rp/0111/antsRegistration-r7-p19/sub-s035/rigid_Composite.h5[0] (type = Euler3DTransform)
  2. /home/mdugre/scratch/mri-registration-rp/datasets/ds004513/derivatives/mri-registration-rp/0111/antsRegistration-r7-p19/sub-s035/rigid_Composite.h5[1] (type = Euler3DTransform)
  3. /home/mdugre/scratch/mri-registration-rp/datasets/ds004513/derivatives/mri-registration-rp/0111/antsRegistration-r7-p19/sub-s035/rigid_Composite.h5[2] (type = Euler3DTransform)
=============================================================================
  number of levels = 4
  fixed image: /templateflow/tpl-MNI152NLin2009cAsym/tpl-MNI152NLin2009cAsym_res-01_desc-brain_T1w.nii.gz
  moving image: /home/mdugre/scratch/mri-registration-rp/datasets/ds004513/derivatives/mri-registration-rp/antsBrainExtraction/sub-s035/BrainExtractionBrain.nii.gz
Dimension = 3
Number of stages = 1
Use histogram matching = false
Winsorize image intensities = true
  Lower quantile = 0.005
  Upper quantile = 0.995


Stage 1 State
   Image metric = MattesMI
     Fixed image = Image (0x46dc490)
  RTTI typeinfo:   itk::Image<double, 3u>
  Reference Count: 2
  Modified Time: 1592
  Debug: Off
  Object Name: 
  Observers: 
    none
  Source: (none)
  Source output name: (none)
  Release Data: Off
  Data Released: False
  Global Release Data: Off
  PipelineMTime: 0
  UpdateMTime: 1203
  RealTimeStamp: 0 seconds 
  LargestPossibleRegion: 
    Dimension: 3
    Index: [0, 0, 0]
    Size: [193, 229, 193]
  BufferedRegion: 
    Dimension: 3
    Index: [0, 0, 0]
    Size: [193, 229, 193]
  RequestedRegion: 
    Dimension: 3
    Index: [0, 0, 0]
    Size: [193, 229, 193]
  Spacing: [1, 1, 1]
  Origin: [96, 132, -78]
  Direction: 
-1 0 0
0 -1 0
0 0 1

  IndexToPointMatrix: 
-1 0 0
0 -1 0
0 0 1

  PointToIndexMatrix: 
-1 0 0
0 -1 0
0 0 1

  Inverse Direction: 
-1 0 0
0 -1 0
0 0 1

  PixelContainer: 
    ImportImageContainer (0x4794fa0)
      RTTI typeinfo:   itk::ImportImageContainer<unsigned long, double>
      Reference Count: 1
      Modified Time: 1200
      Debug: Off
      Object Name: 
      Observers: 
        none
      Pointer: 0x152c10ca3010
      Container manages memory: true
      Size: 8530021
      Capacity: 8530021

     Moving image = Image (0x4797d20)
  RTTI typeinfo:   itk::Image<double, 3u>
  Reference Count: 2
  Modified Time: 1593
  Debug: Off
  Object Name: 
  Observers: 
    none
  Source: (none)
  Source output name: (none)
  Release Data: Off
  Data Released: False
  Global Release Data: Off
  PipelineMTime: 0
  UpdateMTime: 1590
  RealTimeStamp: 0 seconds 
  LargestPossibleRegion: 
    Dimension: 3
    Index: [0, 0, 0]
    Size: [160, 240, 256]
  BufferedRegion: 
    Dimension: 3
    Index: [0, 0, 0]
    Size: [160, 240, 256]
  RequestedRegion: 
    Dimension: 3
    Index: [0, 0, 0]
    Size: [160, 240, 256]
  Spacing: [1, 1, 1]
  Origin: [98.6438, 87.6359, -117.989]
  Direction: 
-0.993515 -0.100993 -0.0522355
0.100854 -0.994887 0.00530255
-0.0525039 1.93537e-08 0.998621

  IndexToPointMatrix: 
-0.993515 -0.100993 -0.0522355
0.100854 -0.994887 0.00530255
-0.0525039 1.93537e-08 0.998621

  PointToIndexMatrix: 
-0.993515 0.100854 -0.0525039
-0.100993 -0.994887 -2.00048e-06
-0.0522356 0.00530149 0.998621

  Inverse Direction: 
-0.993515 0.100854 -0.0525039
-0.100993 -0.994887 -2.00048e-06
-0.0522356 0.00530149 0.998621

  PixelContainer: 
    ImportImageContainer (0x4853390)
      RTTI typeinfo:   itk::ImportImageContainer<unsigned long, double>
      Reference Count: 1
      Modified Time: 1587
      Debug: Off
      Object Name: 
      Observers: 
        none
      Pointer: 0x152c0c1a2010
      Container manages memory: true
      Size: 9830400
      Capacity: 9830400

     Weighting = 1
     Sampling strategy = regular
     Number of bins = 32
     Radius = 4
     Sampling percentage  = 0.25
   Transform = Affine
     Gradient step = 0.1
     Update field sigma (voxel space) = 0
     Total field sigma (voxel space) = 0
     Update field time sigma = 0
     Total field time sigma  = 0
     Number of time indices = 0
     Number of time point samples = 0
Registration using 1 total stages.

Stage 0
  iterations = 1000x500x250x100
  convergence threshold = 1e-06
  convergence window size = 10
  number of levels = 4
  using the Mattes MI metric (number of bins = 32, weight = 1, use gradient filter = 0)
  preprocessing:  winsorizing the image intensities
  Shrink factors (level 1 out of 4): [8, 8, 8]
  Shrink factors (level 2 out of 4): [4, 4, 4]
  Shrink factors (level 3 out of 4): [2, 2, 2]
  Shrink factors (level 4 out of 4): [1, 1, 1]
  smoothing sigmas per level: [3, 2, 1, 0]
  regular sampling (percentage = 0.25)

*** Running AffineTransform registration ***

DIAGNOSTIC,Iteration,metricValue,convergenceValue,ITERATION_TIME_INDEX,SINCE_LAST
 2DIAGNOSTIC,     1, -6.768621155146e-01, 1.797693134862e+308, 0.0000e+00, 0.0000e+00, 
 2DIAGNOSTIC,     2, -6.790648219349e-01, 1.797693134862e+308, 0.0000e+00, 0.0000e+00, 
 2DIAGNOSTIC,     3, -6.832196204969e-01, 1.797693134862e+308, 0.0000e+00, 0.0000e+00, 
 2DIAGNOSTIC,     4, -6.898265377690e-01, 1.797693134862e+308, 0.0000e+00, 0.0000e+00, 
 2DIAGNOSTIC,     5, -7.003147227405e-01, 1.797693134862e+308, 0.0000e+00, 0.0000e+00, 
 2DIAGNOSTIC,     6, -7.121351622085e-01, 1.797693134862e+308, 0.0000e+00, 0.0000e+00, 
 2DIAGNOSTIC,     7, -7.363910608546e-01, 1.797693134862e+308, 0.0000e+00, 0.0000e+00, 
 2DIAGNOSTIC,     8, -7.361069639425e-01, 1.797693134862e+308, 0.0000e+00, 0.0000e+00, 
 2DIAGNOSTIC,     9, -7.362362643580e-01, 1.797693134862e+308, 0.0000e+00, 0.0000e+00, 
 2DIAGNOSTIC,    10, -7.368484194099e-01, 6.850970742226e-03, 0.0000e+00, 0.0000e+00, 
 2DIAGNOSTIC,    11, -7.372095930041e-01, 5.753003274001e-03, 0.0000e+00, 0.0000e+00, 
 2DIAGNOSTIC,    12, -7.370783664226e-01, 4.388270774043e-03, 0.0000e+00, 0.0000e+00, 
 2DIAGNOSTIC,    13, -7.371720402798e-01, 2.976623027354e-03, 0.0000e+00, 0.0000e+00, 
 2DIAGNOSTIC,    14, -7.372367310700e-01, 1.698419212949e-03, 0.0000e+00, 0.0000e+00, 
 2DIAGNOSTIC,    15, -7.372242854607e-01, 7.152350284461e-04, 0.0000e+00, 0.0000e+00, 
 2DIAGNOSTIC,    16, -7.370458912204e-01, 6.284461335879e-05, 0.0000e+00, 0.0000e+00, 
 2DIAGNOSTIC,    17, -7.369971618864e-01, 4.575959977862e-05, 0.0000e+00, 0.0000e+00, 
 2DIAGNOSTIC,    18, -7.370743171004e-01, 2.219767502489e-05, 0.0000e+00, 0.0000e+00, 
DIAGNOSTIC,Iteration,metricValue,convergenceValue,ITERATION_TIME_INDEX,SINCE_LAST
 2DIAGNOSTIC,     1, -6.033869407531e-01, 1.797693134862e+308, 0.0000e+00, 0.0000e+00, 
 2DIAGNOSTIC,     2, -6.047246216035e-01, 1.797693134862e+308, 0.0000e+00, 0.0000e+00, 
 2DIAGNOSTIC,     3, -6.064998677560e-01, 1.797693134862e+308, 0.0000e+00, 0.0000e+00, 
 2DIAGNOSTIC,     4, -6.081401272088e-01, 1.797693134862e+308, 0.0000e+00, 0.0000e+00, 
 2DIAGNOSTIC,     5, -6.089980465653e-01, 1.797693134862e+308, 0.0000e+00, 0.0000e+00, 
 2DIAGNOSTIC,     6, -6.095793063384e-01, 1.797693134862e+308, 0.0000e+00, 0.0000e+00, 
 2DIAGNOSTIC,     7, -6.098537982269e-01, 1.797693134862e+308, 0.0000e+00, 0.0000e+00, 
 2DIAGNOSTIC,     8, -6.103282995796e-01, 1.797693134862e+308, 0.0000e+00, 0.0000e+00, 
 2DIAGNOSTIC,     9, -6.105863388105e-01, 1.797693134862e+308, 0.0000e+00, 0.0000e+00, 
 2DIAGNOSTIC,    10, -6.105680014388e-01, 7.454412756697e-04, 0.0000e+00, 0.0000e+00, 
 2DIAGNOSTIC,    11, -6.105515012278e-01, 5.024451418724e-04, 0.0000e+00, 0.0000e+00, 
 2DIAGNOSTIC,    12, -6.105450289075e-01, 3.062690520984e-04, 0.0000e+00, 0.0000e+00, 
 2DIAGNOSTIC,    13, -6.105282733083e-01, 1.747550367264e-04, 0.0000e+00, 0.0000e+00, 
 2DIAGNOSTIC,    14, -6.105116687502e-01, 9.992758120758e-05, 0.0000e+00, 0.0000e+00, 
 2DIAGNOSTIC,    15, -6.105072575189e-01, 5.255312002876e-05, 0.0000e+00, 0.0000e+00, 
 2DIAGNOSTIC,    16, -6.105032789188e-01, 2.338555758116e-05, 0.0000e+00, 0.0000e+00, 
 2DIAGNOSTIC,    17, -6.105124630935e-01, 3.176527098178e-06, 0.0000e+00, 0.0000e+00, 
DIAGNOSTIC,Iteration,metricValue,convergenceValue,ITERATION_TIME_INDEX,SINCE_LAST
 2DIAGNOSTIC,     1, -5.340702072698e-01, 1.797693134862e+308, 0.0000e+00, 0.0000e+00, 
 2DIAGNOSTIC,     2, -5.345010599343e-01, 1.797693134862e+308, 0.0000e+00, 0.0000e+00, 
 2DIAGNOSTIC,     3, -5.348276020236e-01, 1.797693134862e+308, 0.0000e+00, 0.0000e+00, 
 2DIAGNOSTIC,     4, -5.349951245724e-01, 1.797693134862e+308, 0.0000e+00, 0.0000e+00, 
 2DIAGNOSTIC,     5, -5.351559544214e-01, 1.797693134862e+308, 0.0000e+00, 0.0000e+00, 
 2DIAGNOSTIC,     6, -5.355751736128e-01, 1.797693134862e+308, 0.0000e+00, 0.0000e+00, 
 2DIAGNOSTIC,     7, -5.356361744742e-01, 1.797693134862e+308, 0.0000e+00, 0.0000e+00, 
 2DIAGNOSTIC,     8, -5.356962203482e-01, 1.797693134862e+308, 0.0000e+00, 0.0000e+00, 
 2DIAGNOSTIC,     9, -5.358221092823e-01, 1.797693134862e+308, 0.0000e+00, 0.0000e+00, 
 2DIAGNOSTIC,    10, -5.361080325194e-01, 2.246142335910e-04, 0.0000e+00, 0.0000e+00, 
 2DIAGNOSTIC,    11, -5.364670266912e-01, 1.924332289397e-04, 0.0000e+00, 0.0000e+00, 
 2DIAGNOSTIC,    12, -5.365906036082e-01, 1.726089385584e-04, 0.0000e+00, 0.0000e+00, 
 2DIAGNOSTIC,    13, -5.365861367667e-01, 1.539598707898e-04, 0.0000e+00, 0.0000e+00, 
 2DIAGNOSTIC,    14, -5.365854410109e-01, 1.307505115673e-04, 0.0000e+00, 0.0000e+00, 
 2DIAGNOSTIC,    15, -5.365806267695e-01, 1.039016191803e-04, 0.0000e+00, 0.0000e+00, 
 2DIAGNOSTIC,    16, -5.365811604220e-01, 8.478312932239e-05, 0.0000e+00, 0.0000e+00, 
 2DIAGNOSTIC,    17, -5.365807380971e-01, 6.221565357385e-05, 0.0000e+00, 0.0000e+00, 
 2DIAGNOSTIC,    18, -5.365811336384e-01, 3.852040642215e-05, 0.0000e+00, 0.0000e+00, 
 2DIAGNOSTIC,    19, -5.365813675597e-01, 1.738687960053e-05, 0.0000e+00, 0.0000e+00, 
 2DIAGNOSTIC,    20, -5.365795365157e-01, 4.208922269967e-06, 0.0000e+00, 0.0000e+00, 
 2DIAGNOSTIC,    21, -5.365805529893e-01, 1.045311797121e-06, 0.0000e+00, 0.0000e+00, 
 2DIAGNOSTIC,    22, -5.365806028215e-01, 1.193047421487e-06, 0.0000e+00, 0.0000e+00, 
 2DIAGNOSTIC,    23, -5.365805070045e-01, 1.244948788622e-06, 0.0000e+00, 0.0000e+00, 
 2DIAGNOSTIC,    24, -5.365784917034e-01, 1.248898294885e-06, 0.0000e+00, 0.0000e+00, 
 2DIAGNOSTIC,    25, -5.365784559431e-01, 1.158146028288e-06, 0.0000e+00, 0.0000e+00, 
 2DIAGNOSTIC,    26, -5.365785099510e-01, 1.096630536900e-06, 0.0000e+00, 0.0000e+00, 
 2DIAGNOSTIC,    27, -5.365785081407e-01, 1.041591024140e-06, 0.0000e+00, 0.0000e+00, 
 2DIAGNOSTIC,    28, -5.365785692814e-01, 1.011776676496e-06, 0.0000e+00, 0.0000e+00, 
 2DIAGNOSTIC,    29, -5.365786274038e-01, 1.002734355174e-06, 0.0000e+00, 0.0000e+00, 
DIAGNOSTIC,Iteration,metricValue,convergenceValue,ITERATION_TIME_INDEX,SINCE_LAST
 2DIAGNOSTIC,     1, -4.913607614255e-01, 1.797693134862e+308, 0.0000e+00, 0.0000e+00, 
 2DIAGNOSTIC,     2, -4.917030029089e-01, 1.797693134862e+308, 0.0000e+00, 0.0000e+00, 
 2DIAGNOSTIC,     3, -4.920680559431e-01, 1.797693134862e+308, 0.0000e+00, 0.0000e+00, 
 2DIAGNOSTIC,     4, -4.923209240606e-01, 1.797693134862e+308, 0.0000e+00, 0.0000e+00, 
 2DIAGNOSTIC,     5, -4.924639829616e-01, 1.797693134862e+308, 0.0000e+00, 0.0000e+00, 
 2DIAGNOSTIC,     6, -4.926297116419e-01, 1.797693134862e+308, 0.0000e+00, 0.0000e+00, 
 2DIAGNOSTIC,     7, -4.926980565370e-01, 1.797693134862e+308, 0.0000e+00, 0.0000e+00, 
 2DIAGNOSTIC,     8, -4.926980487782e-01, 1.797693134862e+308, 0.0000e+00, 0.0000e+00, 
 2DIAGNOSTIC,     9, -4.926974023603e-01, 1.797693134862e+308, 0.0000e+00, 0.0000e+00, 
 2DIAGNOSTIC,    10, -4.926974069409e-01, 1.677608402073e-04, 0.0000e+00, 0.0000e+00, 
 2DIAGNOSTIC,    11, -4.926976233309e-01, 1.041274294275e-04, 0.0000e+00, 0.0000e+00, 
 2DIAGNOSTIC,    12, -4.926975594339e-01, 5.815680591449e-05, 0.0000e+00, 0.0000e+00, 
 2DIAGNOSTIC,    13, -4.926971300069e-01, 3.030276030509e-05, 0.0000e+00, 0.0000e+00, 
 2DIAGNOSTIC,    14, -4.926974391499e-01, 1.429702248408e-05, 0.0000e+00, 0.0000e+00, 
 2DIAGNOSTIC,    15, -4.926976207839e-01, 4.687783454652e-06, 0.0000e+00, 0.0000e+00, 
 2DIAGNOSTIC,    16, -4.926971249866e-01, 1.932809925748e-06, 0.0000e+00, 0.0000e+00, 
 2DIAGNOSTIC,    17, -4.926971277565e-01, 1.827528327600e-06, 0.0000e+00, 0.0000e+00, 
 2DIAGNOSTIC,    18, -4.926971277736e-01, 1.738183253532e-06, 0.0000e+00, 0.0000e+00, 
 2DIAGNOSTIC,    19, -4.926971282479e-01, 1.640640106160e-06, 0.0000e+00, 0.0000e+00, 
 2DIAGNOSTIC,    20, -4.926971189508e-01, 1.555033995453e-06, 0.0000e+00, 0.0000e+00, 
 2DIAGNOSTIC,    21, -4.926971186715e-01, 1.486769991212e-06, 0.0000e+00, 0.0000e+00, 
 2DIAGNOSTIC,    22, -4.926971186715e-01, 1.425886497167e-06, 0.0000e+00, 0.0000e+00, 
 2DIAGNOSTIC,    23, -4.926971187209e-01, 1.360727917191e-06, 0.0000e+00, 0.0000e+00, 
 2DIAGNOSTIC,    24, -4.926971187560e-01, 1.309971901786e-06, 0.0000e+00, 0.0000e+00, 
 2DIAGNOSTIC,    25, -4.926971189122e-01, 1.268979184649e-06, 0.0000e+00, 0.0000e+00, 
 2DIAGNOSTIC,    26, -4.926971189122e-01, 1.220190654044e-06, 0.0000e+00, 0.0000e+00, 
 2DIAGNOSTIC,    27, -4.926971173551e-01, 1.175088762052e-06, 0.0000e+00, 0.0000e+00, 
 2DIAGNOSTIC,    28, -4.926971186371e-01, 1.133271715172e-06, 0.0000e+00, 0.0000e+00, 
 2DIAGNOSTIC,    29, -4.926971186371e-01, 1.094373738172e-06, 0.0000e+00, 0.0000e+00, 
 2DIAGNOSTIC,    30, -4.926971183437e-01, 1.057887237095e-06, 0.0000e+00, 0.0000e+00, 
 2DIAGNOSTIC,    31, -4.926971183437e-01, 1.023752680032e-06, 0.0000e+00, 0.0000e+00, 
  Elapsed time (stage 0): 0.0000e+00


