
##########################
# Experiment information #
##########################

EXPERIMENT_NAME: antsRegistration-r7-p7
VFC_BACKENDS: libinterflop_vprec.so --range-binary32=7 --precision-binary32=7 --range-binary64=7 --precision-binary64=7

SIF_IMG: /home/mdugre/projects/rrg-glatard/mdugre/containers/ants-vprec-no_metrics.simg

SUBJECT_ID: s014
INPUT_IMG: /home/mdugre/scratch/mri-registration-rp/datasets/ds004513/derivatives/mri-registration-rp/antsBrainExtraction/sub-s014/BrainExtractionBrain.nii.gz
OUTPUT_DIR: /home/mdugre/scratch/mri-registration-rp/datasets/ds004513/derivatives/mri-registration-rp/0111/antsRegistration-r7-p7/sub-s014

FIXED_IMG: /templateflow/tpl-MNI152NLin2009cAsym/tpl-MNI152NLin2009cAsym_res-01_desc-brain_T1w.nii.gz
DATA_DIR: /home/mdugre/scratch/mri-registration-rp/datasets/ds004513
TEMPLATEFLOW_DIR: /home/mdugre/projects/rrg-glatard/mdugre/templateflow
ITK_GLOBAL_DEFAULT_NUMBER_OF_THREADS: 16
##########################

Info [verificarlo]: loaded backend libinterflop_ieee.so
Info [interflop-ieee]: load backend with:
Info [interflop-ieee]: debug = false
Info [interflop-ieee]: debug-binary = false
Info [interflop-ieee]: no-backend-name = false
Info [interflop-ieee]: print-new-line = false
Info [interflop-ieee]: print-subnormal-normalized = false
Info [interflop-ieee]: count-op = false
All_Command_lines_OK
Using double precision for computations.
=============================================================================
The composite transform comprises the following transforms (in order): 
  1. Center of mass alignment using fixed image: /templateflow/tpl-MNI152NLin2009cAsym/tpl-MNI152NLin2009cAsym_res-01_desc-brain_T1w.nii.gz and moving image: /home/mdugre/scratch/mri-registration-rp/datasets/ds004513/derivatives/mri-registration-rp/antsBrainExtraction/sub-s014/BrainExtractionBrain.nii.gz (type = Euler3DTransform)
=============================================================================
  number of levels = 1
  fixed image: /templateflow/tpl-MNI152NLin2009cAsym/tpl-MNI152NLin2009cAsym_res-01_desc-brain_T1w.nii.gz
  moving image: /home/mdugre/scratch/mri-registration-rp/datasets/ds004513/derivatives/mri-registration-rp/antsBrainExtraction/sub-s014/BrainExtractionBrain.nii.gz
Dimension = 3
Number of stages = 1
Use histogram matching = false
Winsorize image intensities = true
  Lower quantile = 0.005
  Upper quantile = 0.995


Stage 1 State
   Image metric = MattesMI
     Fixed image = Image (0x36e6bd0)
  RTTI typeinfo:   itk::Image<double, 3u>
  Reference Count: 2
  Modified Time: 2334
  Debug: Off
  Object Name: 
  Observers: 
    none
  Source: (none)
  Source output name: (none)
  Release Data: Off
  Data Released: False
  Global Release Data: Off
  PipelineMTime: 0
  UpdateMTime: 1943
  RealTimeStamp: 0 seconds 
  LargestPossibleRegion: 
    Dimension: 3
    Index: [0, 0, 0]
    Size: [193, 229, 193]
  BufferedRegion: 
    Dimension: 3
    Index: [0, 0, 0]
    Size: [193, 229, 193]
  RequestedRegion: 
    Dimension: 3
    Index: [0, 0, 0]
    Size: [193, 229, 193]
  Spacing: [1, 1, 1]
  Origin: [96, 132, -78]
  Direction: 
-1 0 0
0 -1 0
0 0 1

  IndexToPointMatrix: 
-1 0 0
0 -1 0
0 0 1

  PointToIndexMatrix: 
-1 0 0
0 -1 0
0 0 1

  Inverse Direction: 
-1 0 0
0 -1 0
0 0 1

  PixelContainer: 
    ImportImageContainer (0x373e930)
      RTTI typeinfo:   itk::ImportImageContainer<unsigned long, double>
      Reference Count: 1
      Modified Time: 1940
      Debug: Off
      Object Name: 
      Observers: 
        none
      Pointer: 0x14afadd8a010
      Container manages memory: true
      Size: 8530021
      Capacity: 8530021

     Moving image = Image (0x37d6610)
  RTTI typeinfo:   itk::Image<double, 3u>
  Reference Count: 2
  Modified Time: 2335
  Debug: Off
  Object Name: 
  Observers: 
    none
  Source: (none)
  Source output name: (none)
  Release Data: Off
  Data Released: False
  Global Release Data: Off
  PipelineMTime: 0
  UpdateMTime: 2332
  RealTimeStamp: 0 seconds 
  LargestPossibleRegion: 
    Dimension: 3
    Index: [0, 0, 0]
    Size: [160, 240, 256]
  BufferedRegion: 
    Dimension: 3
    Index: [0, 0, 0]
    Size: [160, 240, 256]
  RequestedRegion: 
    Dimension: 3
    Index: [0, 0, 0]
    Size: [160, 240, 256]
  Spacing: [0.999999, 1, 1]
  Origin: [84.1637, 106.709, -120.531]
  Direction: 
-0.999619 -0.0226874 -0.0157033
0.0226846 -0.999743 0.00035635
-0.0157073 -7.8229e-09 0.999877

  IndexToPointMatrix: 
-0.999619 -0.0226874 -0.0157033
0.0226845 -0.999743 0.00035635
-0.0157073 -7.8229e-09 0.999877

  PointToIndexMatrix: 
-0.99962 0.0226846 -0.0157073
-0.0226874 -0.999743 -7.83127e-09
-0.0157033 0.00035635 0.999877

  Inverse Direction: 
-0.999619 0.0226846 -0.0157073
-0.0226874 -0.999743 -7.83127e-09
-0.0157033 0.00035635 0.999877

  PixelContainer: 
    ImportImageContainer (0x3716850)
      RTTI typeinfo:   itk::ImportImageContainer<unsigned long, double>
      Reference Count: 1
      Modified Time: 2329
      Debug: Off
      Object Name: 
      Observers: 
        none
      Pointer: 0x14afa9289010
      Container manages memory: true
      Size: 9830400
      Capacity: 9830400

     Weighting = 1
     Sampling strategy = regular
     Number of bins = 32
     Radius = 4
     Sampling percentage  = 0.25
   Transform = Rigid
     Gradient step = 0.1
     Update field sigma (voxel space) = 0
     Total field sigma (voxel space) = 0
     Update field time sigma = 0
     Total field time sigma  = 0
     Number of time indices = 0
     Number of time point samples = 0
Registration using 1 total stages.

Stage 0
  iterations = 0
  convergence threshold = 1e-06
  convergence window size = 10
  number of levels = 1
  using the Mattes MI metric (number of bins = 32, weight = 1, use gradient filter = 0)
  preprocessing:  winsorizing the image intensities
  Shrink factors (level 1 out of 1): [1, 1, 1]
  smoothing sigmas per level: [0]
  regular sampling (percentage = 0.25)

*** Running Euler3DTransform registration ***

  Elapsed time (stage 0): 1.11305


Total elapsed time: 1.11772
Info [verificarlo]: loaded backend libinterflop_vprec.so
Info [interflop-vprec]: load backend with: 
Info [interflop-vprec]: precision-binary32 = 7
Info [interflop-vprec]: range-binary32 = 7
Info [interflop-vprec]: precision-binary64 = 7
Info [interflop-vprec]: range-binary64 = 7
Info [interflop-vprec]: mode = ob
Info [interflop-vprec]: error-mode = rel
Info [interflop-vprec]: max-abs-error-exponent = -1022
Info [interflop-vprec]: daz = false
Info [interflop-vprec]: ftz = false
Info [interflop-vprec]: 	instrument = none
Info [interflop-vprec]: 	prec-input-file = (null)
Info [interflop-vprec]: 	prec-output-file = (null)
Info [interflop-vprec]: 	prec-log-file = (null)
All_Command_lines_OK
Using double precision for computations.
=============================================================================
The composite transform comprises the following transforms (in order): 
  1. /home/mdugre/scratch/mri-registration-rp/datasets/ds004513/derivatives/mri-registration-rp/0111/antsRegistration-r7-p7/sub-s014/align_Composite.h5[0] (type = Euler3DTransform)
  2. /home/mdugre/scratch/mri-registration-rp/datasets/ds004513/derivatives/mri-registration-rp/0111/antsRegistration-r7-p7/sub-s014/align_Composite.h5[1] (type = Euler3DTransform)
=============================================================================
  number of levels = 4
  fixed image: /templateflow/tpl-MNI152NLin2009cAsym/tpl-MNI152NLin2009cAsym_res-01_desc-brain_T1w.nii.gz
  moving image: /home/mdugre/scratch/mri-registration-rp/datasets/ds004513/derivatives/mri-registration-rp/antsBrainExtraction/sub-s014/BrainExtractionBrain.nii.gz
Dimension = 3
Number of stages = 1
Use histogram matching = false
Winsorize image intensities = true
  Lower quantile = 0.005
  Upper quantile = 0.995


Stage 1 State
   Image metric = MattesMI
     Fixed image = Image (0x3a701e0)
  RTTI typeinfo:   itk::Image<double, 3u>
  Reference Count: 2
  Modified Time: 1578
  Debug: Off
  Object Name: 
  Observers: 
    none
  Source: (none)
  Source output name: (none)
  Release Data: Off
  Data Released: False
  Global Release Data: Off
  PipelineMTime: 0
  UpdateMTime: 1189
  RealTimeStamp: 0 seconds 
  LargestPossibleRegion: 
    Dimension: 3
    Index: [0, 0, 0]
    Size: [193, 229, 193]
  BufferedRegion: 
    Dimension: 3
    Index: [0, 0, 0]
    Size: [193, 229, 193]
  RequestedRegion: 
    Dimension: 3
    Index: [0, 0, 0]
    Size: [193, 229, 193]
  Spacing: [1, 1, 1]
  Origin: [96, 132, -78]
  Direction: 
-1 0 0
0 -1 0
0 0 1

  IndexToPointMatrix: 
-1 0 0
0 -1 0
0 0 1

  PointToIndexMatrix: 
-1 0 0
0 -1 0
0 0 1

  Inverse Direction: 
-1 0 0
0 -1 0
0 0 1

  PixelContainer: 
    ImportImageContainer (0x3b2f680)
      RTTI typeinfo:   itk::ImportImageContainer<unsigned long, double>
      Reference Count: 1
      Modified Time: 1186
      Debug: Off
      Object Name: 
      Observers: 
        none
      Pointer: 0x14995d575010
      Container manages memory: true
      Size: 8530021
      Capacity: 8530021

     Moving image = Image (0x3b2bb20)
  RTTI typeinfo:   itk::Image<double, 3u>
  Reference Count: 2
  Modified Time: 1579
  Debug: Off
  Object Name: 
  Observers: 
    none
  Source: (none)
  Source output name: (none)
  Release Data: Off
  Data Released: False
  Global Release Data: Off
  PipelineMTime: 0
  UpdateMTime: 1576
  RealTimeStamp: 0 seconds 
  LargestPossibleRegion: 
    Dimension: 3
    Index: [0, 0, 0]
    Size: [160, 240, 256]
  BufferedRegion: 
    Dimension: 3
    Index: [0, 0, 0]
    Size: [160, 240, 256]
  RequestedRegion: 
    Dimension: 3
    Index: [0, 0, 0]
    Size: [160, 240, 256]
  Spacing: [1, 1, 1]
  Origin: [84, 106.5, -120.5]
  Direction: 
-1 -0.0227051 -0.0157471
0.0227051 -1 0.000356674
-0.0157471 0 1

  IndexToPointMatrix: 
-1 -0.0227051 -0.0157471
0.0227051 -1 0.000356674
-0.0157471 0 1

  PointToIndexMatrix: 
-1 0.0227051 -0.0157471
-0.0227051 -1 0
-0.0157471 0.000356674 1

  Inverse Direction: 
-1 0.0227051 -0.0157471
-0.0227051 -1 0
-0.0157471 0.000356674 1

  PixelContainer: 
    ImportImageContainer (0x3b94d50)
      RTTI typeinfo:   itk::ImportImageContainer<unsigned long, double>
      Reference Count: 1
      Modified Time: 1573
      Debug: Off
      Object Name: 
      Observers: 
        none
      Pointer: 0x149958a74010
      Container manages memory: true
      Size: 9830400
      Capacity: 9830400

     Weighting = 1
     Sampling strategy = regular
     Number of bins = 32
     Radius = 4
     Sampling percentage  = 0.25
   Transform = Rigid
     Gradient step = 0.1
     Update field sigma (voxel space) = 0
     Total field sigma (voxel space) = 0
     Update field time sigma = 0
     Total field time sigma  = 0
     Number of time indices = 0
     Number of time point samples = 0
Registration using 1 total stages.

Stage 0
  iterations = 1000x500x250x100
  convergence threshold = 1e-06
  convergence window size = 10
  number of levels = 4
  using the Mattes MI metric (number of bins = 32, weight = 1, use gradient filter = 0)
  preprocessing:  winsorizing the image intensities
  Shrink factors (level 1 out of 4): [8, 8, 8]
  Shrink factors (level 2 out of 4): [4, 4, 4]
  Shrink factors (level 3 out of 4): [2, 2, 2]
  Shrink factors (level 4 out of 4): [1, 1, 1]
  smoothing sigmas per level: [3, 2, 1, 0]
  regular sampling (percentage = 0.25)

*** Running Euler3DTransform registration ***

DIAGNOSTIC,Iteration,metricValue,convergenceValue,ITERATION_TIME_INDEX,SINCE_LAST
 2DIAGNOSTIC,     1, -4.952249625187e-01, 1.797693134862e+308, 0.0000e+00, 0.0000e+00, 
 2DIAGNOSTIC,     2, -4.952686449214e-01, 1.797693134862e+308, 0.0000e+00, 0.0000e+00, 
 2DIAGNOSTIC,     3, -4.956498257327e-01, 1.797693134862e+308, 0.0000e+00, 0.0000e+00, 
 2DIAGNOSTIC,     4, -4.965706835888e-01, 1.797693134862e+308, 0.0000e+00, 0.0000e+00, 
 2DIAGNOSTIC,     5, -4.974040672619e-01, 1.797693134862e+308, 0.0000e+00, 0.0000e+00, 
 2DIAGNOSTIC,     6, -4.994210909193e-01, 1.797693134862e+308, 0.0000e+00, 0.0000e+00, 
 2DIAGNOSTIC,     7, -5.040116219765e-01, 1.797693134862e+308, 0.0000e+00, 0.0000e+00, 
 2DIAGNOSTIC,     8, -5.037597857749e-01, 1.797693134862e+308, 0.0000e+00, 0.0000e+00, 
 2DIAGNOSTIC,     9, -5.057425013814e-01, 1.797693134862e+308, 0.0000e+00, 0.0000e+00, 
 2DIAGNOSTIC,    10, -5.047823642799e-01, 1.602727551770e-03, 0.0000e+00, 0.0000e+00, 
 2DIAGNOSTIC,    11, -5.046423939488e-01, 1.419567719134e-03, 0.0000e+00, 0.0000e+00, 
 2DIAGNOSTIC,    12, -5.043582028594e-01, 1.127609353527e-03, 0.0000e+00, 0.0000e+00, 
 2DIAGNOSTIC,    13, -5.043491538553e-01, 7.938461364582e-04, 0.0000e+00, 0.0000e+00, 
 2DIAGNOSTIC,    14, -5.039682157487e-01, 4.603100418426e-04, 0.0000e+00, 0.0000e+00, 
 2DIAGNOSTIC,    15, -5.038962044420e-01, 1.578106648824e-04, 0.0000e+00, 0.0000e+00, 
DIAGNOSTIC,Iteration,metricValue,convergenceValue,ITERATION_TIME_INDEX,SINCE_LAST
 2DIAGNOSTIC,     1, -4.019876683102e-01, 1.797693134862e+308, 0.0000e+00, 0.0000e+00, 
 2DIAGNOSTIC,     2, -4.027239524237e-01, 1.797693134862e+308, 0.0000e+00, 0.0000e+00, 
 2DIAGNOSTIC,     3, -4.030906390523e-01, 1.797693134862e+308, 0.0000e+00, 0.0000e+00, 
 2DIAGNOSTIC,     4, -4.030084515494e-01, 1.797693134862e+308, 0.0000e+00, 0.0000e+00, 
 2DIAGNOSTIC,     5, -4.039144588846e-01, 1.797693134862e+308, 0.0000e+00, 0.0000e+00, 
 2DIAGNOSTIC,     6, -4.048544102189e-01, 1.797693134862e+308, 0.0000e+00, 0.0000e+00, 
 2DIAGNOSTIC,     7, -4.050711055564e-01, 1.797693134862e+308, 0.0000e+00, 0.0000e+00, 
 2DIAGNOSTIC,     8, -4.075011771937e-01, 1.797693134862e+308, 0.0000e+00, 0.0000e+00, 
 2DIAGNOSTIC,     9, -4.076322649449e-01, 1.797693134862e+308, 0.0000e+00, 0.0000e+00, 
 2DIAGNOSTIC,    10, -4.081068079613e-01, 1.025602807999e-03, 0.0000e+00, 0.0000e+00, 
 2DIAGNOSTIC,    11, -4.097255117097e-01, 1.040938426260e-03, 0.0000e+00, 0.0000e+00, 
 2DIAGNOSTIC,    12, -4.099195112957e-01, 1.011315782395e-03, 0.0000e+00, 0.0000e+00, 
 2DIAGNOSTIC,    13, -4.113576954893e-01, 9.927150590492e-04, 0.0000e+00, 0.0000e+00, 
 2DIAGNOSTIC,    14, -4.165940578400e-01, 1.140725227604e-03, 0.0000e+00, 0.0000e+00, 
 2DIAGNOSTIC,    15, -4.207125173510e-01, 1.391360509420e-03, 0.0000e+00, 0.0000e+00, 
 2DIAGNOSTIC,    16, -4.287952912213e-01, 1.870216829611e-03, 0.0000e+00, 0.0000e+00, 
 2DIAGNOSTIC,    17, -4.346523085471e-01, 2.357103499559e-03, 0.0000e+00, 0.0000e+00, 
 2DIAGNOSTIC,    18, -4.386136506999e-01, 2.811903539638e-03, 0.0000e+00, 0.0000e+00, 
 2DIAGNOSTIC,    19, -4.440373351388e-01, 3.154793896094e-03, 0.0000e+00, 0.0000e+00, 
 2DIAGNOSTIC,    20, -4.463596514164e-01, 3.258132480812e-03, 0.0000e+00, 0.0000e+00, 
 2DIAGNOSTIC,    21, -4.468105148234e-01, 3.115409104975e-03, 0.0000e+00, 0.0000e+00, 
 2DIAGNOSTIC,    22, -4.490909398546e-01, 2.773516921057e-03, 0.0000e+00, 0.0000e+00, 
 2DIAGNOSTIC,    23, -4.495500201073e-01, 2.257612749752e-03, 0.0000e+00, 0.0000e+00, 
 2DIAGNOSTIC,    24, -4.476362301638e-01, 1.669798121066e-03, 0.0000e+00, 0.0000e+00, 
 2DIAGNOSTIC,    25, -4.478397473719e-01, 1.090097439630e-03, 0.0000e+00, 0.0000e+00, 
 2DIAGNOSTIC,    26, -4.478267310086e-01, 6.616708596016e-04, 0.0000e+00, 0.0000e+00, 
 2DIAGNOSTIC,    27, -4.477775320160e-01, 3.466871557191e-04, 0.0000e+00, 0.0000e+00, 
 2DIAGNOSTIC,    28, -4.477775320160e-01, 1.144967194468e-04, 0.0000e+00, 0.0000e+00, 
 2DIAGNOSTIC,    29, -4.477775320160e-01, 1.311444994843e-05, 0.0000e+00, 0.0000e+00, 
DIAGNOSTIC,Iteration,metricValue,convergenceValue,ITERATION_TIME_INDEX,SINCE_LAST
 2DIAGNOSTIC,     1, -3.886777141254e-01, 1.797693134862e+308, 0.0000e+00, 0.0000e+00, 
 2DIAGNOSTIC,     2, -3.887044162838e-01, 1.797693134862e+308, 0.0000e+00, 0.0000e+00, 
 2DIAGNOSTIC,     3, -3.887000430340e-01, 1.797693134862e+308, 0.0000e+00, 0.0000e+00, 
 2DIAGNOSTIC,     4, -3.886505731876e-01, 1.797693134862e+308, 0.0000e+00, 0.0000e+00, 
 2DIAGNOSTIC,     5, -3.886145521779e-01, 1.797693134862e+308, 0.0000e+00, 0.0000e+00, 
 2DIAGNOSTIC,     6, -3.886381828279e-01, 1.797693134862e+308, 0.0000e+00, 0.0000e+00, 
 2DIAGNOSTIC,     7, -3.886539466318e-01, 1.797693134862e+308, 0.0000e+00, 0.0000e+00, 
 2DIAGNOSTIC,     8, -3.886262779014e-01, 1.797693134862e+308, 0.0000e+00, 0.0000e+00, 
 2DIAGNOSTIC,     9, -3.886091903216e-01, 1.797693134862e+308, 0.0000e+00, 0.0000e+00, 
DIAGNOSTIC,Iteration,metricValue,convergenceValue,ITERATION_TIME_INDEX,SINCE_LAST
 2DIAGNOSTIC,     1, -3.603580898095e-01, 1.797693134862e+308, 0.0000e+00, 0.0000e+00, 
 2DIAGNOSTIC,     2, -3.618963556178e-01, 1.797693134862e+308, 0.0000e+00, 0.0000e+00, 
 2DIAGNOSTIC,     3, -3.618963556178e-01, 1.797693134862e+308, 0.0000e+00, 0.0000e+00, 
 2DIAGNOSTIC,     4, -3.618963556178e-01, 1.797693134862e+308, 0.0000e+00, 0.0000e+00, 
 2DIAGNOSTIC,     5, -3.618963556178e-01, 1.797693134862e+308, 0.0000e+00, 0.0000e+00, 
 2DIAGNOSTIC,     6, -3.618963556178e-01, 1.797693134862e+308, 0.0000e+00, 0.0000e+00, 
 2DIAGNOSTIC,     7, -3.618963556178e-01, 1.797693134862e+308, 0.0000e+00, 0.0000e+00, 
 2DIAGNOSTIC,     8, -3.618963556178e-01, 1.797693134862e+308, 0.0000e+00, 0.0000e+00, 
 2DIAGNOSTIC,     9, -3.618963556178e-01, 1.797693134862e+308, 0.0000e+00, 0.0000e+00, 
 2DIAGNOSTIC,    10, -3.618963556178e-01, 1.206979905683e-04, 0.0000e+00, 0.0000e+00, 
  Elapsed time (stage 0): 0.0000e+00


Total elapsed time: 0.0000e+00
Info [verificarlo]: loaded backend libinterflop_vprec.so
Info [interflop-vprec]: load backend with: 
Info [interflop-vprec]: precision-binary32 = 7
Info [interflop-vprec]: range-binary32 = 7
Info [interflop-vprec]: precision-binary64 = 7
Info [interflop-vprec]: range-binary64 = 7
Info [interflop-vprec]: mode = ob
Info [interflop-vprec]: error-mode = rel
Info [interflop-vprec]: max-abs-error-exponent = -1022
Info [interflop-vprec]: daz = false
Info [interflop-vprec]: ftz = false
Info [interflop-vprec]: 	instrument = none
Info [interflop-vprec]: 	prec-input-file = (null)
Info [interflop-vprec]: 	prec-output-file = (null)
Info [interflop-vprec]: 	prec-log-file = (null)
All_Command_lines_OK
Using double precision for computations.
=============================================================================
The composite transform comprises the following transforms (in order): 
  1. /home/mdugre/scratch/mri-registration-rp/datasets/ds004513/derivatives/mri-registration-rp/0111/antsRegistration-r7-p7/sub-s014/rigid_Composite.h5[0] (type = Euler3DTransform)
  2. /home/mdugre/scratch/mri-registration-rp/datasets/ds004513/derivatives/mri-registration-rp/0111/antsRegistration-r7-p7/sub-s014/rigid_Composite.h5[1] (type = Euler3DTransform)
  3. /home/mdugre/scratch/mri-registration-rp/datasets/ds004513/derivatives/mri-registration-rp/0111/antsRegistration-r7-p7/sub-s014/rigid_Composite.h5[2] (type = Euler3DTransform)
=============================================================================
  number of levels = 4
  fixed image: /templateflow/tpl-MNI152NLin2009cAsym/tpl-MNI152NLin2009cAsym_res-01_desc-brain_T1w.nii.gz
  moving image: /home/mdugre/scratch/mri-registration-rp/datasets/ds004513/derivatives/mri-registration-rp/antsBrainExtraction/sub-s014/BrainExtractionBrain.nii.gz
Dimension = 3
Number of stages = 1
Use histogram matching = false
Winsorize image intensities = true
  Lower quantile = 0.005
  Upper quantile = 0.995


Stage 1 State
   Image metric = MattesMI
     Fixed image = Image (0x51e21e0)
  RTTI typeinfo:   itk::Image<double, 3u>
  Reference Count: 2
  Modified Time: 1592
  Debug: Off
  Object Name: 
  Observers: 
    none
  Source: (none)
  Source output name: (none)
  Release Data: Off
  Data Released: False
  Global Release Data: Off
  PipelineMTime: 0
  UpdateMTime: 1203
  RealTimeStamp: 0 seconds 
  LargestPossibleRegion: 
    Dimension: 3
    Index: [0, 0, 0]
    Size: [193, 229, 193]
  BufferedRegion: 
    Dimension: 3
    Index: [0, 0, 0]
    Size: [193, 229, 193]
  RequestedRegion: 
    Dimension: 3
    Index: [0, 0, 0]
    Size: [193, 229, 193]
  Spacing: [1, 1, 1]
  Origin: [96, 132, -78]
  Direction: 
-1 0 0
0 -1 0
0 0 1

  IndexToPointMatrix: 
-1 0 0
0 -1 0
0 0 1

  PointToIndexMatrix: 
-1 0 0
0 -1 0
0 0 1

  Inverse Direction: 
-1 0 0
0 -1 0
0 0 1

  PixelContainer: 
    ImportImageContainer (0x52b0440)
      RTTI typeinfo:   itk::ImportImageContainer<unsigned long, double>
      Reference Count: 1
      Modified Time: 1200
      Debug: Off
      Object Name: 
      Observers: 
        none
      Pointer: 0x14bad05ed010
      Container manages memory: true
      Size: 8530021
      Capacity: 8530021

     Moving image = Image (0x529d9b0)
  RTTI typeinfo:   itk::Image<double, 3u>
  Reference Count: 2
  Modified Time: 1593
  Debug: Off
  Object Name: 
  Observers: 
    none
  Source: (none)
  Source output name: (none)
  Release Data: Off
  Data Released: False
  Global Release Data: Off
  PipelineMTime: 0
  UpdateMTime: 1590
  RealTimeStamp: 0 seconds 
  LargestPossibleRegion: 
    Dimension: 3
    Index: [0, 0, 0]
    Size: [160, 240, 256]
  BufferedRegion: 
    Dimension: 3
    Index: [0, 0, 0]
    Size: [160, 240, 256]
  RequestedRegion: 
    Dimension: 3
    Index: [0, 0, 0]
    Size: [160, 240, 256]
  Spacing: [1, 1, 1]
  Origin: [84, 106.5, -120.5]
  Direction: 
-1 -0.0227051 -0.0157471
0.0227051 -1 0.000356674
-0.0157471 0 1

  IndexToPointMatrix: 
-1 -0.0227051 -0.0157471
0.0227051 -1 0.000356674
-0.0157471 0 1

  PointToIndexMatrix: 
-1 0.0227051 -0.0157471
-0.0227051 -1 0
-0.0157471 0.000356674 1

  Inverse Direction: 
-1 0.0227051 -0.0157471
-0.0227051 -1 0
-0.0157471 0.000356674 1

  PixelContainer: 
    ImportImageContainer (0x5253710)
      RTTI typeinfo:   itk::ImportImageContainer<unsigned long, double>
      Reference Count: 1
      Modified Time: 1587
      Debug: Off
      Object Name: 
      Observers: 
        none
      Pointer: 0x14bacbaec010
      Container manages memory: true
      Size: 9830400
      Capacity: 9830400

     Weighting = 1
     Sampling strategy = regular
     Number of bins = 32
     Radius = 4
     Sampling percentage  = 0.25
   Transform = Affine
     Gradient step = 0.1
     Update field sigma (voxel space) = 0
     Total field sigma (voxel space) = 0
     Update field time sigma = 0
     Total field time sigma  = 0
     Number of time indices = 0
     Number of time point samples = 0
Registration using 1 total stages.

Stage 0
  iterations = 1000x500x250x100
  convergence threshold = 1e-06
  convergence window size = 10
  number of levels = 4
  using the Mattes MI metric (number of bins = 32, weight = 1, use gradient filter = 0)
  preprocessing:  winsorizing the image intensities
  Shrink factors (level 1 out of 4): [8, 8, 8]
  Shrink factors (level 2 out of 4): [4, 4, 4]
  Shrink factors (level 3 out of 4): [2, 2, 2]
  Shrink factors (level 4 out of 4): [1, 1, 1]
  smoothing sigmas per level: [3, 2, 1, 0]
  regular sampling (percentage = 0.25)

*** Running AffineTransform registration ***

DIAGNOSTIC,Iteration,metricValue,convergenceValue,ITERATION_TIME_INDEX,SINCE_LAST
 2DIAGNOSTIC,     1, -5.504925412212e-01, 1.797693134862e+308, 0.0000e+00, 0.0000e+00, 
 2DIAGNOSTIC,     2, -5.504925412212e-01, 1.797693134862e+308, 0.0000e+00, 0.0000e+00, 
 2DIAGNOSTIC,     3, -5.504925412212e-01, 1.797693134862e+308, 0.0000e+00, 0.0000e+00, 
 2DIAGNOSTIC,     4, -5.504925412212e-01, 1.797693134862e+308, 0.0000e+00, 0.0000e+00, 
 2DIAGNOSTIC,     5, -5.504925412212e-01, 1.797693134862e+308, 0.0000e+00, 0.0000e+00, 
 2DIAGNOSTIC,     6, -5.504925412212e-01, 1.797693134862e+308, 0.0000e+00, 0.0000e+00, 
 2DIAGNOSTIC,     7, -5.504925412212e-01, 1.797693134862e+308, 0.0000e+00, 0.0000e+00, 
 2DIAGNOSTIC,     8, -5.504925412214e-01, 1.797693134862e+308, 0.0000e+00, 0.0000e+00, 
 2DIAGNOSTIC,     9, -5.504925412214e-01, 1.797693134862e+308, 0.0000e+00, 0.0000e+00, 
DIAGNOSTIC,Iteration,metricValue,convergenceValue,ITERATION_TIME_INDEX,SINCE_LAST
 2DIAGNOSTIC,     1, -4.497409373417e-01, 1.797693134862e+308, 0.0000e+00, 0.0000e+00, 
 2DIAGNOSTIC,     2, -4.497409373922e-01, 1.797693134862e+308, 0.0000e+00, 0.0000e+00, 
 2DIAGNOSTIC,     3, -4.497411085238e-01, 1.797693134862e+308, 0.0000e+00, 0.0000e+00, 
 2DIAGNOSTIC,     4, -4.497412052388e-01, 1.797693134862e+308, 0.0000e+00, 0.0000e+00, 
 2DIAGNOSTIC,     5, -4.497411866641e-01, 1.797693134862e+308, 0.0000e+00, 0.0000e+00, 
 2DIAGNOSTIC,     6, -4.497487491289e-01, 1.797693134862e+308, 0.0000e+00, 0.0000e+00, 
 2DIAGNOSTIC,     7, -4.497487464656e-01, 1.797693134862e+308, 0.0000e+00, 0.0000e+00, 
 2DIAGNOSTIC,     8, -4.497717698520e-01, 1.797693134862e+308, 0.0000e+00, 0.0000e+00, 
 2DIAGNOSTIC,     9, -4.497717698520e-01, 1.797693134862e+308, 0.0000e+00, 0.0000e+00, 
 2DIAGNOSTIC,    10, -4.497717698520e-01, 5.306507194200e-06, 0.0000e+00, 0.0000e+00, 
 2DIAGNOSTIC,    11, -4.497717694361e-01, 5.359041680447e-06, 0.0000e+00, 0.0000e+00, 
 2DIAGNOSTIC,    12, -4.497717694359e-01, 4.910796726307e-06, 0.0000e+00, 0.0000e+00, 
 2DIAGNOSTIC,    13, -4.497717694359e-01, 4.089702624097e-06, 0.0000e+00, 0.0000e+00, 
 2DIAGNOSTIC,    14, -4.497717694359e-01, 3.014854679018e-06, 0.0000e+00, 0.0000e+00, 
 2DIAGNOSTIC,    15, -4.497717694359e-01, 1.816254008816e-06, 0.0000e+00, 0.0000e+00, 
DIAGNOSTIC,Iteration,metricValue,convergenceValue,ITERATION_TIME_INDEX,SINCE_LAST
 2DIAGNOSTIC,     1, -3.907096455519e-01, 1.797693134862e+308, 0.0000e+00, 0.0000e+00, 
 2DIAGNOSTIC,     2, -3.907157320035e-01, 1.797693134862e+308, 0.0000e+00, 0.0000e+00, 
 2DIAGNOSTIC,     3, -3.907217714426e-01, 1.797693134862e+308, 0.0000e+00, 0.0000e+00, 
 2DIAGNOSTIC,     4, -3.907236551610e-01, 1.797693134862e+308, 0.0000e+00, 0.0000e+00, 
 2DIAGNOSTIC,     5, -3.907235043045e-01, 1.797693134862e+308, 0.0000e+00, 0.0000e+00, 
 2DIAGNOSTIC,     6, -3.907235043045e-01, 1.797693134862e+308, 0.0000e+00, 0.0000e+00, 
 2DIAGNOSTIC,     7, -3.907233809121e-01, 1.797693134862e+308, 0.0000e+00, 0.0000e+00, 
 2DIAGNOSTIC,     8, -3.907236243680e-01, 1.797693134862e+308, 0.0000e+00, 0.0000e+00, 
 2DIAGNOSTIC,     9, -3.907236243680e-01, 1.797693134862e+308, 0.0000e+00, 0.0000e+00, 
 2DIAGNOSTIC,    10, -3.907231273490e-01, 1.566276275955e-06, 0.0000e+00, 0.0000e+00, 
DIAGNOSTIC,Iteration,metricValue,convergenceValue,ITERATION_TIME_INDEX,SINCE_LAST
 2DIAGNOSTIC,     1, -3.624611441848e-01, 1.797693134862e+308, 0.0000e+00, 0.0000e+00, 
 2DIAGNOSTIC,     2, -3.624612500815e-01, 1.797693134862e+308, 0.0000e+00, 0.0000e+00, 
 2DIAGNOSTIC,     3, -3.624611744354e-01, 1.797693134862e+308, 0.0000e+00, 0.0000e+00, 
 2DIAGNOSTIC,     4, -3.624611744354e-01, 1.797693134862e+308, 0.0000e+00, 0.0000e+00, 
 2DIAGNOSTIC,     5, -3.624611744354e-01, 1.797693134862e+308, 0.0000e+00, 0.0000e+00, 
 2DIAGNOSTIC,     6, -3.624611744354e-01, 1.797693134862e+308, 0.0000e+00, 0.0000e+00, 
 2DIAGNOSTIC,     7, -3.624611744354e-01, 1.797693134862e+308, 0.0000e+00, 0.0000e+00, 
 2DIAGNOSTIC,     8, -3.624611744354e-01, 1.797693134862e+308, 0.0000e+00, 0.0000e+00, 
 2DIAGNOSTIC,     9, -3.624611744354e-01, 1.797693134862e+308, 0.0000e+00, 0.0000e+00, 
  Elapsed time (stage 0): 0.0000e+00


Total elapsed time: 0.0000e+00
Info [verificarlo]: loaded backend libinterflop_vprec.so
Info [interflop-vprec]: load backend with: 
Info [interflop-vprec]: precision-binary32 = 7
Info [interflop-vprec]: range-binary32 = 7
Info [interflop-vprec]: precision-binary64 = 7
Info [interflop-vprec]: range-binary64 = 7
Info [interflop-vprec]: mode = ob
Info [interflop-vprec]: error-mode = rel
Info [interflop-vprec]: max-abs-error-exponent = -1022
Info [interflop-vprec]: daz = false
Info [interflop-vprec]: ftz = false
Info [interflop-vprec]: 	instrument = none
Info [interflop-vprec]: 	prec-input-file = (null)
Info [interflop-vprec]: 	prec-output-file = (null)
Info [interflop-vprec]: 	prec-log-file = (null)
All_Command_lines_OK
Using double precision for computations.
=============================================================================
The composite transform comprises the following transforms (in order): 
  1. /home/mdugre/scratch/mri-registration-rp/datasets/ds004513/derivatives/mri-registration-rp/0111/antsRegistration-r7-p7/sub-s014/affine_Composite.h5[0] (type = Euler3DTransform)
  2. /home/mdugre/scratch/mri-registration-rp/datasets/ds004513/derivatives/mri-registration-rp/0111/antsRegistration-r7-p7/sub-s014/affine_Composite.h5[1] (type = Euler3DTransform)
  3. /home/mdugre/scratch/mri-registration-rp/datasets/ds004513/derivatives/mri-registration-rp/0111/antsRegistration-r7-p7/sub-s014/affine_Composite.h5[2] (type = Euler3DTransform)
  4. /home/mdugre/scratch/mri-registration-rp/datasets/ds004513/derivatives/mri-registration-rp/0111/antsRegistration-r7-p7/sub-s014/affine_Composite.h5[3] (type = AffineTransform)
=============================================================================
  number of levels = 4
  fixed image: /templateflow/tpl-MNI152NLin2009cAsym/tpl-MNI152NLin2009cAsym_res-01_desc-brain_T1w.nii.gz
  moving image: /home/mdugre/scratch/mri-registration-rp/datasets/ds004513/derivatives/mri-registration-rp/antsBrainExtraction/sub-s014/BrainExtractionBrain.nii.gz
Dimension = 3
Number of stages = 1
Use histogram matching = false
Winsorize image intensities = true
  Lower quantile = 0.005
  Upper quantile = 0.995


Stage 1 State
   Image metric = CC
     Fixed image = Image (0x349f6f0)
  RTTI typeinfo:   itk::Image<double, 3u>
  Reference Count: 2
  Modified Time: 1606
  Debug: Off
  Object Name: 
  Observers: 
    none
  Source: (none)
  Source output name: (none)
  Release Data: Off
  Data Released: False
  Global Release Data: Off
  PipelineMTime: 0
  UpdateMTime: 1217
  RealTimeStamp: 0 seconds 
  LargestPossibleRegion: 
    Dimension: 3
    Index: [0, 0, 0]
    Size: [193, 229, 193]
  BufferedRegion: 
    Dimension: 3
    Index: [0, 0, 0]
    Size: [193, 229, 193]
  RequestedRegion: 
    Dimension: 3
    Index: [0, 0, 0]
    Size: [193, 229, 193]
  Spacing: [1, 1, 1]
  Origin: [96, 132, -78]
  Direction: 
-1 0 0
0 -1 0
0 0 1

  IndexToPointMatrix: 
-1 0 0
0 -1 0
0 0 1

  PointToIndexMatrix: 
-1 0 0
0 -1 0
0 0 1

  Inverse Direction: 
-1 0 0
0 -1 0
0 0 1

  PixelContainer: 
    ImportImageContainer (0x356bf80)
      RTTI typeinfo:   itk::ImportImageContainer<unsigned long, double>
      Reference Count: 1
      Modified Time: 1214
      Debug: Off
      Object Name: 
      Observers: 
        none
      Pointer: 0x152061525010
      Container manages memory: true
      Size: 8530021
      Capacity: 8530021

     Moving image = Image (0x355b030)
  RTTI typeinfo:   itk::Image<double, 3u>
  Reference Count: 2
  Modified Time: 1607
  Debug: Off
  Object Name: 
  Observers: 
    none
  Source: (none)
  Source output name: (none)
  Release Data: Off
  Data Released: False
  Global Release Data: Off
  PipelineMTime: 0
  UpdateMTime: 1604
  RealTimeStamp: 0 seconds 
  LargestPossibleRegion: 
    Dimension: 3
    Index: [0, 0, 0]
    Size: [160, 240, 256]
  BufferedRegion: 
    Dimension: 3
    Index: [0, 0, 0]
    Size: [160, 240, 256]
  RequestedRegion: 
    Dimension: 3
    Index: [0, 0, 0]
    Size: [160, 240, 256]
  Spacing: [1, 1, 1]
  Origin: [84, 106.5, -120.5]
  Direction: 
-1 -0.0227051 -0.0157471
0.0227051 -1 0.000356674
-0.0157471 0 1

  IndexToPointMatrix: 
-1 -0.0227051 -0.0157471
0.0227051 -1 0.000356674
-0.0157471 0 1

  PointToIndexMatrix: 
-1 0.0227051 -0.0157471
-0.0227051 -1 0
-0.0157471 0.000356674 1

  Inverse Direction: 
-1 0.0227051 -0.0157471
-0.0227051 -1 0
-0.0157471 0.000356674 1

  PixelContainer: 
    ImportImageContainer (0x3515290)
      RTTI typeinfo:   itk::ImportImageContainer<unsigned long, double>
      Reference Count: 1
      Modified Time: 1601
      Debug: Off
      Object Name: 
      Observers: 
        none
      Pointer: 0x15205ca24010
      Container manages memory: true
      Size: 9830400
      Capacity: 9830400

     Weighting = 1
     Sampling strategy = none
     Number of bins = 32
     Radius = 4
     Sampling percentage  = 1
   Transform = SyN
     Gradient step = 0.1
     Update field sigma (voxel space) = 3
     Total field sigma (voxel space) = 0
     Update field time sigma = 0
     Total field time sigma  = 0
     Number of time indices = 0
     Number of time point samples = 0
Registration using 1 total stages.

Stage 0
  iterations = 100x70x50x20
  convergence threshold = 1e-06
  convergence window size = 10
  number of levels = 4
  using the CC metric (radius = 4, weight = 1, use gradient filter = 0)
  preprocessing:  winsorizing the image intensities
  Shrink factors (level 1 out of 4): [8, 8, 8]
  Shrink factors (level 2 out of 4): [4, 4, 4]
  Shrink factors (level 3 out of 4): [2, 2, 2]
  Shrink factors (level 4 out of 4): [1, 1, 1]
  smoothing sigmas per level: [3, 2, 1, 0]
  Using default NONE metricSamplingStrategy 

*** Running SyN registration (varianceForUpdateField = 3, varianceForTotalField = 0) ***

XXDIAGNOSTIC,Iteration,metricValue,convergenceValue,ITERATION_TIME_INDEX,SINCE_LAST
 1DIAGNOSTIC,     1, -6.367187500000e-01, 1.797693134862e+308, 0.0000e+00, 0.0000e+00, 
 1DIAGNOSTIC,     2, -6.718750000000e-01, 1.797693134862e+308, 0.0000e+00, 0.0000e+00, 
 1DIAGNOSTIC,     3, -7.187500000000e-01, 1.797693134862e+308, 0.0000e+00, 0.0000e+00, 
 1DIAGNOSTIC,     4, -7.617187500000e-01, 1.797693134862e+308, 0.0000e+00, 0.0000e+00, 
 1DIAGNOSTIC,     5, -7.851562500000e-01, 1.797693134862e+308, 0.0000e+00, 0.0000e+00, 
 1DIAGNOSTIC,     6, -7.968750000000e-01, 1.797693134862e+308, 0.0000e+00, 0.0000e+00, 
 1DIAGNOSTIC,     7, -8.046875000000e-01, 1.797693134862e+308, 0.0000e+00, 0.0000e+00, 
 1DIAGNOSTIC,     8, -8.164062500000e-01, 1.797693134862e+308, 0.0000e+00, 0.0000e+00, 
 1DIAGNOSTIC,     9, -8.242187500000e-01, 1.797693134862e+308, 0.0000e+00, 0.0000e+00, 
 1DIAGNOSTIC,    10, -8.320312500000e-01, 1.555489181494e-02, 0.0000e+00, 0.0000e+00, 
 1DIAGNOSTIC,    11, -8.398437500000e-01, 1.092915493649e-02, 0.0000e+00, 0.0000e+00, 
 1DIAGNOSTIC,    12, -8.437500000000e-01, 7.328638620878e-03, 0.0000e+00, 0.0000e+00, 
 1DIAGNOSTIC,    13, -8.515625000000e-01, 5.165396588074e-03, 0.0000e+00, 0.0000e+00, 
 1DIAGNOSTIC,    14, -8.515625000000e-01, 3.958555865853e-03, 0.0000e+00, 0.0000e+00, 
 1DIAGNOSTIC,    15, -8.554687500000e-01, 3.215039768980e-03, 0.0000e+00, 0.0000e+00, 
 1DIAGNOSTIC,    16, -8.593750000000e-01, 2.623001467634e-03, 0.0000e+00, 0.0000e+00, 
 1DIAGNOSTIC,    17, -8.632812500000e-01, 2.102450028943e-03, 0.0000e+00, 0.0000e+00, 
 1DIAGNOSTIC,    18, -8.632812500000e-01, 1.678206041744e-03, 0.0000e+00, 0.0000e+00, 
 1DIAGNOSTIC,    19, -8.671875000000e-01, 1.362588095447e-03, 0.0000e+00, 0.0000e+00, 
 1DIAGNOSTIC,    20, -8.671875000000e-01, 1.088928725465e-03, 0.0000e+00, 0.0000e+00, 
 1DIAGNOSTIC,    21, -8.710937500000e-01, 9.349697027657e-04, 0.0000e+00, 0.0000e+00, 
 1DIAGNOSTIC,    22, -8.710937500000e-01, 7.667643472726e-04, 0.0000e+00, 0.0000e+00, 
 1DIAGNOSTIC,    23, -8.750000000000e-01, 7.205296665495e-04, 0.0000e+00, 0.0000e+00, 
 1DIAGNOSTIC,    24, -8.750000000000e-01, 6.099355701504e-04, 0.0000e+00, 0.0000e+00, 
 1DIAGNOSTIC,    25, -8.750000000000e-01, 5.043400509254e-04, 0.0000e+00, 0.0000e+00, 
 1DIAGNOSTIC,    26, -8.789062500000e-01, 4.631825775949e-04, 0.0000e+00, 0.0000e+00, 
 1DIAGNOSTIC,    27, -8.789062500000e-01, 4.298261793936e-04, 0.0000e+00, 0.0000e+00, 
 1DIAGNOSTIC,    28, -8.789062500000e-01, 3.580194642109e-04, 0.0000e+00, 0.0000e+00, 
 1DIAGNOSTIC,    29, -8.828125000000e-01, 3.506450856648e-04, 0.0000e+00, 0.0000e+00, 
 1DIAGNOSTIC,    30, -8.828125000000e-01, 3.088025507249e-04, 0.0000e+00, 0.0000e+00, 
 1DIAGNOSTIC,    31, -8.828125000000e-01, 2.838382489172e-04, 0.0000e+00, 0.0000e+00, 
 1DIAGNOSTIC,    32, -8.867187500000e-01, 2.744294751870e-04, 0.0000e+00, 0.0000e+00, 
 1DIAGNOSTIC,    33, -8.867187500000e-01, 2.791225882523e-04, 0.0000e+00, 0.0000e+00, 
 1DIAGNOSTIC,    34, -8.867187500000e-01, 2.573668920954e-04, 0.0000e+00, 0.0000e+00, 
 1DIAGNOSTIC,    35, -8.906250000000e-01, 2.495741097053e-04, 0.0000e+00, 0.0000e+00, 
 1DIAGNOSTIC,    36, -8.906250000000e-01, 2.545491507972e-04, 0.0000e+00, 0.0000e+00, 
 1DIAGNOSTIC,    37, -8.906250000000e-01, 2.353234467919e-04, 0.0000e+00, 0.0000e+00, 
 1DIAGNOSTIC,    38, -8.906250000000e-01, 1.942362501456e-04, 0.0000e+00, 0.0000e+00, 
 1DIAGNOSTIC,    39, -8.945312500000e-01, 2.044742013692e-04, 0.0000e+00, 0.0000e+00, 
 1DIAGNOSTIC,    40, -8.945312500000e-01, 1.937472038259e-04, 0.0000e+00, 0.0000e+00, 
 1DIAGNOSTIC,    41, -8.945312500000e-01, 1.643344369348e-04, 0.0000e+00, 0.0000e+00, 
 1DIAGNOSTIC,    42, -8.984375000000e-01, 1.840078580197e-04, 0.0000e+00, 0.0000e+00, 
 1DIAGNOSTIC,    43, -8.984375000000e-01, 1.844221431642e-04, 0.0000e+00, 0.0000e+00, 
 1DIAGNOSTIC,    44, -8.984375000000e-01, 1.663493440408e-04, 0.0000e+00, 0.0000e+00, 
 1DIAGNOSTIC,    45, -8.984375000000e-01, 1.624535748595e-04, 0.0000e+00, 0.0000e+00, 
 1DIAGNOSTIC,    46, -8.984375000000e-01, 1.435219574943e-04, 0.0000e+00, 0.0000e+00, 
 1DIAGNOSTIC,    47, -8.984375000000e-01, 1.116547645627e-04, 0.0000e+00, 0.0000e+00, 
 1DIAGNOSTIC,    48, -8.984375000000e-01, 6.958143007758e-05, 0.0000e+00, 0.0000e+00, 
 1DIAGNOSTIC,    49, -8.984375000000e-01, 4.955340443566e-05, 0.0000e+00, 0.0000e+00, 
 1DIAGNOSTIC,    50, -9.023437500000e-01, 5.173833163543e-05, 0.0000e+00, 0.0000e+00, 
 1DIAGNOSTIC,    51, -9.023437500000e-01, 4.750987387692e-05, 0.0000e+00, 0.0000e+00, 
 1DIAGNOSTIC,    52, -9.023437500000e-01, 6.396452785946e-05, 0.0000e+00, 0.0000e+00, 
 1DIAGNOSTIC,    53, -9.023437500000e-01, 7.407510905133e-05, 0.0000e+00, 0.0000e+00, 
 1DIAGNOSTIC,    54, -9.023437500000e-01, 7.652034950117e-05, 0.0000e+00, 0.0000e+00, 
 1DIAGNOSTIC,    55, -9.023437500000e-01, 7.125308378690e-05, 0.0000e+00, 0.0000e+00, 
 1DIAGNOSTIC,    56, -9.023437500000e-01, 5.918193975929e-05, 0.0000e+00, 0.0000e+00, 
 1DIAGNOSTIC,    57, -9.023437500000e-01, 4.227922130774e-05, 0.0000e+00, 0.0000e+00, 
 1DIAGNOSTIC,    58, -9.023437500000e-01, 2.214013161615e-05, 0.0000e+00, 0.0000e+00, 
 1DIAGNOSTIC,    59, -9.023437500000e-01, -5.037636974237e-15, 0.0000e+00, 0.0000e+00, 
XXDIAGNOSTIC,Iteration,metricValue,convergenceValue,ITERATION_TIME_INDEX,SINCE_LAST
 1DIAGNOSTIC,     1, -8.242187500000e-01, 1.797693134862e+308, 0.0000e+00, 0.0000e+00, 
 1DIAGNOSTIC,     2, -8.281250000000e-01, 1.797693134862e+308, 0.0000e+00, 0.0000e+00, 
 1DIAGNOSTIC,     3, -8.320312500000e-01, 1.797693134862e+308, 0.0000e+00, 0.0000e+00, 
 1DIAGNOSTIC,     4, -8.359375000000e-01, 1.797693134862e+308, 0.0000e+00, 0.0000e+00, 
 1DIAGNOSTIC,     5, -8.359375000000e-01, 1.797693134862e+308, 0.0000e+00, 0.0000e+00, 
 1DIAGNOSTIC,     6, -8.359375000000e-01, 1.797693134862e+308, 0.0000e+00, 0.0000e+00, 
 1DIAGNOSTIC,     7, -8.359375000000e-01, 1.797693134862e+308, 0.0000e+00, 0.0000e+00, 
 1DIAGNOSTIC,     8, -8.398437500000e-01, 1.797693134862e+308, 0.0000e+00, 0.0000e+00, 
 1DIAGNOSTIC,     9, -8.398437500000e-01, 1.797693134862e+308, 0.0000e+00, 0.0000e+00, 
 1DIAGNOSTIC,    10, -8.398437500000e-01, 1.066368941345e-03, 0.0000e+00, 0.0000e+00, 
 1DIAGNOSTIC,    11, -8.398437500000e-01, 7.143604385979e-04, 0.0000e+00, 0.0000e+00, 
 1DIAGNOSTIC,    12, -8.398437500000e-01, 4.651821445483e-04, 0.0000e+00, 0.0000e+00, 
 1DIAGNOSTIC,    13, -8.398437500000e-01, 3.105989026199e-04, 0.0000e+00, 0.0000e+00, 
 1DIAGNOSTIC,    14, -8.398437500000e-01, 2.440341713546e-04, 0.0000e+00, 0.0000e+00, 
 1DIAGNOSTIC,    15, -8.398437500000e-01, 1.657076952203e-04, 0.0000e+00, 0.0000e+00, 
 1DIAGNOSTIC,    16, -8.437500000000e-01, 1.655988841039e-04, 0.0000e+00, 0.0000e+00, 
 1DIAGNOSTIC,    17, -8.437500000000e-01, 1.460628751502e-04, 0.0000e+00, 0.0000e+00, 
 1DIAGNOSTIC,    18, -8.437500000000e-01, 1.894741998833e-04, 0.0000e+00, 0.0000e+00, 
 1DIAGNOSTIC,    19, -8.437500000000e-01, 2.119936572836e-04, 0.0000e+00, 0.0000e+00, 
 1DIAGNOSTIC,    20, -8.437500000000e-01, 2.120890208924e-04, 0.0000e+00, 0.0000e+00, 
 1DIAGNOSTIC,    21, -8.437500000000e-01, 1.916783822290e-04, 0.0000e+00, 0.0000e+00, 
