
##########################
# Experiment information #
##########################

EXPERIMENT_NAME: antsRegistration-r8-p19
VFC_BACKENDS: libinterflop_vprec.so --range-binary32=8 --precision-binary32=19 --range-binary64=8 --precision-binary64=19

SIF_IMG: /home/mdugre/projects/rrg-glatard/mdugre/containers/ants-vprec-no_metrics.simg

SUBJECT_ID: s017
INPUT_IMG: /home/mdugre/scratch/mri-registration-rp/datasets/ds004513/derivatives/mri-registration-rp/antsBrainExtraction/sub-s017/BrainExtractionBrain.nii.gz
OUTPUT_DIR: /home/mdugre/scratch/mri-registration-rp/datasets/ds004513/derivatives/mri-registration-rp/0111/antsRegistration-r8-p19/sub-s017

FIXED_IMG: /templateflow/tpl-MNI152NLin2009cAsym/tpl-MNI152NLin2009cAsym_res-01_desc-brain_T1w.nii.gz
DATA_DIR: /home/mdugre/scratch/mri-registration-rp/datasets/ds004513
TEMPLATEFLOW_DIR: /home/mdugre/projects/rrg-glatard/mdugre/templateflow
ITK_GLOBAL_DEFAULT_NUMBER_OF_THREADS: 16
##########################

Info [verificarlo]: loaded backend libinterflop_ieee.so
Info [interflop-ieee]: load backend with:
Info [interflop-ieee]: debug = false
Info [interflop-ieee]: debug-binary = false
Info [interflop-ieee]: no-backend-name = false
Info [interflop-ieee]: print-new-line = false
Info [interflop-ieee]: print-subnormal-normalized = false
Info [interflop-ieee]: count-op = false
All_Command_lines_OK
Using double precision for computations.
=============================================================================
The composite transform comprises the following transforms (in order): 
  1. Center of mass alignment using fixed image: /templateflow/tpl-MNI152NLin2009cAsym/tpl-MNI152NLin2009cAsym_res-01_desc-brain_T1w.nii.gz and moving image: /home/mdugre/scratch/mri-registration-rp/datasets/ds004513/derivatives/mri-registration-rp/antsBrainExtraction/sub-s017/BrainExtractionBrain.nii.gz (type = Euler3DTransform)
=============================================================================
  number of levels = 1
  fixed image: /templateflow/tpl-MNI152NLin2009cAsym/tpl-MNI152NLin2009cAsym_res-01_desc-brain_T1w.nii.gz
  moving image: /home/mdugre/scratch/mri-registration-rp/datasets/ds004513/derivatives/mri-registration-rp/antsBrainExtraction/sub-s017/BrainExtractionBrain.nii.gz
Dimension = 3
Number of stages = 1
Use histogram matching = false
Winsorize image intensities = true
  Lower quantile = 0.005
  Upper quantile = 0.995


Stage 1 State
   Image metric = MattesMI
     Fixed image = Image (0x51f6e70)
  RTTI typeinfo:   itk::Image<double, 3u>
  Reference Count: 2
  Modified Time: 2334
  Debug: Off
  Object Name: 
  Observers: 
    none
  Source: (none)
  Source output name: (none)
  Release Data: Off
  Data Released: False
  Global Release Data: Off
  PipelineMTime: 0
  UpdateMTime: 1943
  RealTimeStamp: 0 seconds 
  LargestPossibleRegion: 
    Dimension: 3
    Index: [0, 0, 0]
    Size: [193, 229, 193]
  BufferedRegion: 
    Dimension: 3
    Index: [0, 0, 0]
    Size: [193, 229, 193]
  RequestedRegion: 
    Dimension: 3
    Index: [0, 0, 0]
    Size: [193, 229, 193]
  Spacing: [1, 1, 1]
  Origin: [96, 132, -78]
  Direction: 
-1 0 0
0 -1 0
0 0 1

  IndexToPointMatrix: 
-1 0 0
0 -1 0
0 0 1

  PointToIndexMatrix: 
-1 0 0
0 -1 0
0 0 1

  Inverse Direction: 
-1 0 0
0 -1 0
0 0 1

  PixelContainer: 
    ImportImageContainer (0x51ffc60)
      RTTI typeinfo:   itk::ImportImageContainer<unsigned long, double>
      Reference Count: 1
      Modified Time: 1940
      Debug: Off
      Object Name: 
      Observers: 
        none
      Pointer: 0x153919c70010
      Container manages memory: true
      Size: 8530021
      Capacity: 8530021

     Moving image = Image (0x5202610)
  RTTI typeinfo:   itk::Image<double, 3u>
  Reference Count: 2
  Modified Time: 2335
  Debug: Off
  Object Name: 
  Observers: 
    none
  Source: (none)
  Source output name: (none)
  Release Data: Off
  Data Released: False
  Global Release Data: Off
  PipelineMTime: 0
  UpdateMTime: 2332
  RealTimeStamp: 0 seconds 
  LargestPossibleRegion: 
    Dimension: 3
    Index: [0, 0, 0]
    Size: [160, 240, 256]
  BufferedRegion: 
    Dimension: 3
    Index: [0, 0, 0]
    Size: [160, 240, 256]
  RequestedRegion: 
    Dimension: 3
    Index: [0, 0, 0]
    Size: [160, 240, 256]
  Spacing: [1, 1, 1]
  Origin: [91.3357, 102.231, -120.042]
  Direction: 
-0.997442 -5.36781e-05 -0.0714818
5.35416e-05 -1 3.82465e-06
-0.0714818 -1.23894e-08 0.997442

  IndexToPointMatrix: 
-0.997444 -5.36781e-05 -0.0714818
5.35418e-05 -1 3.82465e-06
-0.0714819 -1.23894e-08 0.997442

  PointToIndexMatrix: 
-0.99744 5.35415e-05 -0.0714816
-5.36781e-05 -1 -1.23894e-08
-0.0714818 3.82465e-06 0.997442

  Inverse Direction: 
-0.997442 5.35416e-05 -0.0714818
-5.36781e-05 -1 -1.23894e-08
-0.0714818 3.82465e-06 0.997442

  PixelContainer: 
    ImportImageContainer (0x529bef0)
      RTTI typeinfo:   itk::ImportImageContainer<unsigned long, double>
      Reference Count: 1
      Modified Time: 2329
      Debug: Off
      Object Name: 
      Observers: 
        none
      Pointer: 0x15391516f010
      Container manages memory: true
      Size: 9830400
      Capacity: 9830400

     Weighting = 1
     Sampling strategy = regular
     Number of bins = 32
     Radius = 4
     Sampling percentage  = 0.25
   Transform = Rigid
     Gradient step = 0.1
     Update field sigma (voxel space) = 0
     Total field sigma (voxel space) = 0
     Update field time sigma = 0
     Total field time sigma  = 0
     Number of time indices = 0
     Number of time point samples = 0
Registration using 1 total stages.

Stage 0
  iterations = 0
  convergence threshold = 1e-06
  convergence window size = 10
  number of levels = 1
  using the Mattes MI metric (number of bins = 32, weight = 1, use gradient filter = 0)
  preprocessing:  winsorizing the image intensities
  Shrink factors (level 1 out of 1): [1, 1, 1]
  smoothing sigmas per level: [0]
  regular sampling (percentage = 0.25)

*** Running Euler3DTransform registration ***

  Elapsed time (stage 0): 1.12924


Total elapsed time: 1.13134
Info [verificarlo]: loaded backend libinterflop_vprec.so
Info [interflop-vprec]: load backend with: 
Info [interflop-vprec]: precision-binary32 = 19
Info [interflop-vprec]: range-binary32 = 8
Info [interflop-vprec]: precision-binary64 = 19
Info [interflop-vprec]: range-binary64 = 8
Info [interflop-vprec]: mode = ob
Info [interflop-vprec]: error-mode = rel
Info [interflop-vprec]: max-abs-error-exponent = -1022
Info [interflop-vprec]: daz = false
Info [interflop-vprec]: ftz = false
Info [interflop-vprec]: 	instrument = none
Info [interflop-vprec]: 	prec-input-file = (null)
Info [interflop-vprec]: 	prec-output-file = (null)
Info [interflop-vprec]: 	prec-log-file = (null)
All_Command_lines_OK
Using double precision for computations.
=============================================================================
The composite transform comprises the following transforms (in order): 
  1. /home/mdugre/scratch/mri-registration-rp/datasets/ds004513/derivatives/mri-registration-rp/0111/antsRegistration-r8-p19/sub-s017/align_Composite.h5[0] (type = Euler3DTransform)
  2. /home/mdugre/scratch/mri-registration-rp/datasets/ds004513/derivatives/mri-registration-rp/0111/antsRegistration-r8-p19/sub-s017/align_Composite.h5[1] (type = Euler3DTransform)
=============================================================================
  number of levels = 4
  fixed image: /templateflow/tpl-MNI152NLin2009cAsym/tpl-MNI152NLin2009cAsym_res-01_desc-brain_T1w.nii.gz
  moving image: /home/mdugre/scratch/mri-registration-rp/datasets/ds004513/derivatives/mri-registration-rp/antsBrainExtraction/sub-s017/BrainExtractionBrain.nii.gz
Dimension = 3
Number of stages = 1
Use histogram matching = false
Winsorize image intensities = true
  Lower quantile = 0.005
  Upper quantile = 0.995


Stage 1 State
   Image metric = MattesMI
     Fixed image = Image (0x3ad01e0)
  RTTI typeinfo:   itk::Image<double, 3u>
  Reference Count: 2
  Modified Time: 1580
  Debug: Off
  Object Name: 
  Observers: 
    none
  Source: (none)
  Source output name: (none)
  Release Data: Off
  Data Released: False
  Global Release Data: Off
  PipelineMTime: 0
  UpdateMTime: 1189
  RealTimeStamp: 0 seconds 
  LargestPossibleRegion: 
    Dimension: 3
    Index: [0, 0, 0]
    Size: [193, 229, 193]
  BufferedRegion: 
    Dimension: 3
    Index: [0, 0, 0]
    Size: [193, 229, 193]
  RequestedRegion: 
    Dimension: 3
    Index: [0, 0, 0]
    Size: [193, 229, 193]
  Spacing: [1, 1, 1]
  Origin: [96, 132, -78]
  Direction: 
-1 0 0
0 -1 0
0 0 1

  IndexToPointMatrix: 
-1 0 0
0 -1 0
0 0 1

  PointToIndexMatrix: 
-1 0 0
0 -1 0
0 0 1

  Inverse Direction: 
-1 0 0
0 -1 0
0 0 1

  PixelContainer: 
    ImportImageContainer (0x3b8f680)
      RTTI typeinfo:   itk::ImportImageContainer<unsigned long, double>
      Reference Count: 1
      Modified Time: 1186
      Debug: Off
      Object Name: 
      Observers: 
        none
      Pointer: 0x14ee49498010
      Container manages memory: true
      Size: 8530021
      Capacity: 8530021

     Moving image = Image (0x3b8bb20)
  RTTI typeinfo:   itk::Image<double, 3u>
  Reference Count: 2
  Modified Time: 1581
  Debug: Off
  Object Name: 
  Observers: 
    none
  Source: (none)
  Source output name: (none)
  Release Data: Off
  Data Released: False
  Global Release Data: Off
  PipelineMTime: 0
  UpdateMTime: 1578
  RealTimeStamp: 0 seconds 
  LargestPossibleRegion: 
    Dimension: 3
    Index: [0, 0, 0]
    Size: [160, 240, 256]
  BufferedRegion: 
    Dimension: 3
    Index: [0, 0, 0]
    Size: [160, 240, 256]
  RequestedRegion: 
    Dimension: 3
    Index: [0, 0, 0]
    Size: [160, 240, 256]
  Spacing: [1, 1, 1]
  Origin: [91.3357, 102.231, -120.042]
  Direction: 
-0.997442 -5.36781e-05 -0.0714818
5.35416e-05 -1 3.82464e-06
-0.0714818 -1.23894e-08 0.997442

  IndexToPointMatrix: 
-0.997444 -5.36781e-05 -0.0714818
5.35417e-05 -1 3.82464e-06
-0.0714819 -1.23894e-08 0.997442

  PointToIndexMatrix: 
-0.99744 5.35415e-05 -0.0714817
-5.36781e-05 -1 -1.23873e-08
-0.0714818 3.82465e-06 0.997442

  Inverse Direction: 
-0.997442 5.35416e-05 -0.0714818
-5.36781e-05 -1 -1.23873e-08
-0.0714818 3.82465e-06 0.997442

  PixelContainer: 
    ImportImageContainer (0x3bf4d50)
      RTTI typeinfo:   itk::ImportImageContainer<unsigned long, double>
      Reference Count: 1
      Modified Time: 1575
      Debug: Off
      Object Name: 
      Observers: 
        none
      Pointer: 0x14ee44997010
      Container manages memory: true
      Size: 9830400
      Capacity: 9830400

     Weighting = 1
     Sampling strategy = regular
     Number of bins = 32
     Radius = 4
     Sampling percentage  = 0.25
   Transform = Rigid
     Gradient step = 0.1
     Update field sigma (voxel space) = 0
     Total field sigma (voxel space) = 0
     Update field time sigma = 0
     Total field time sigma  = 0
     Number of time indices = 0
     Number of time point samples = 0
Registration using 1 total stages.

Stage 0
  iterations = 1000x500x250x100
  convergence threshold = 1e-06
  convergence window size = 10
  number of levels = 4
  using the Mattes MI metric (number of bins = 32, weight = 1, use gradient filter = 0)
  preprocessing:  winsorizing the image intensities
  Shrink factors (level 1 out of 4): [8, 8, 8]
  Shrink factors (level 2 out of 4): [4, 4, 4]
  Shrink factors (level 3 out of 4): [2, 2, 2]
  Shrink factors (level 4 out of 4): [1, 1, 1]
  smoothing sigmas per level: [3, 2, 1, 0]
  regular sampling (percentage = 0.25)

*** Running Euler3DTransform registration ***

DIAGNOSTIC,Iteration,metricValue,convergenceValue,ITERATION_TIME_INDEX,SINCE_LAST
 2DIAGNOSTIC,     1, -5.567841896533e-01, 1.797693134862e+308, 0.0000e+00, 0.0000e+00, 
 2DIAGNOSTIC,     2, -5.584299486375e-01, 1.797693134862e+308, 0.0000e+00, 0.0000e+00, 
 2DIAGNOSTIC,     3, -5.612776536311e-01, 1.797693134862e+308, 0.0000e+00, 0.0000e+00, 
 2DIAGNOSTIC,     4, -5.637857820847e-01, 1.797693134862e+308, 0.0000e+00, 0.0000e+00, 
 2DIAGNOSTIC,     5, -5.658322369523e-01, 1.797693134862e+308, 0.0000e+00, 0.0000e+00, 
 2DIAGNOSTIC,     6, -5.696559221886e-01, 1.797693134862e+308, 0.0000e+00, 0.0000e+00, 
 2DIAGNOSTIC,     7, -5.734240060180e-01, 1.797693134862e+308, 0.0000e+00, 0.0000e+00, 
 2DIAGNOSTIC,     8, -5.754451820247e-01, 1.797693134862e+308, 0.0000e+00, 0.0000e+00, 
 2DIAGNOSTIC,     9, -5.763128886600e-01, 1.797693134862e+308, 0.0000e+00, 0.0000e+00, 
 2DIAGNOSTIC,    10, -5.770920258288e-01, 2.556396201637e-03, 0.0000e+00, 0.0000e+00, 
 2DIAGNOSTIC,    11, -5.785335537246e-01, 2.175374675076e-03, 0.0000e+00, 0.0000e+00, 
 2DIAGNOSTIC,    12, -5.797380189269e-01, 1.777497884650e-03, 0.0000e+00, 0.0000e+00, 
 2DIAGNOSTIC,    13, -5.808524308608e-01, 1.431857751716e-03, 0.0000e+00, 0.0000e+00, 
 2DIAGNOSTIC,    14, -5.808832102948e-01, 1.098036958395e-03, 0.0000e+00, 0.0000e+00, 
 2DIAGNOSTIC,    15, -5.810499738729e-01, 7.821129222485e-04, 0.0000e+00, 0.0000e+00, 
 2DIAGNOSTIC,    16, -5.811865550245e-01, 5.549649476272e-04, 0.0000e+00, 0.0000e+00, 
 2DIAGNOSTIC,    17, -5.812574475557e-01, 4.141315023586e-04, 0.0000e+00, 0.0000e+00, 
 2DIAGNOSTIC,    18, -5.818192174322e-01, 3.218416341212e-04, 0.0000e+00, 0.0000e+00, 
 2DIAGNOSTIC,    19, -5.820474531717e-01, 2.382258869856e-04, 0.0000e+00, 0.0000e+00, 
 2DIAGNOSTIC,    20, -5.820962877140e-01, 1.613387211113e-04, 0.0000e+00, 0.0000e+00, 
 2DIAGNOSTIC,    21, -5.822247289295e-01, 1.136518542416e-04, 0.0000e+00, 0.0000e+00, 
 2DIAGNOSTIC,    22, -5.822303799106e-01, 8.635493179257e-05, 0.0000e+00, 0.0000e+00, 
 2DIAGNOSTIC,    23, -5.823045849385e-01, 7.893802234359e-05, 0.0000e+00, 0.0000e+00, 
 2DIAGNOSTIC,    24, -5.835567771991e-01, 9.109652262072e-05, 0.0000e+00, 0.0000e+00, 
 2DIAGNOSTIC,    25, -5.848873032789e-01, 1.227726181705e-04, 0.0000e+00, 0.0000e+00, 
 2DIAGNOSTIC,    26, -5.850519775641e-01, 1.459708155485e-04, 0.0000e+00, 0.0000e+00, 
 2DIAGNOSTIC,    27, -5.849347613758e-01, 1.532905138225e-04, 0.0000e+00, 0.0000e+00, 
 2DIAGNOSTIC,    28, -5.850191365049e-01, 1.574079063326e-04, 0.0000e+00, 0.0000e+00, 
 2DIAGNOSTIC,    29, -5.850990544465e-01, 1.512536940821e-04, 0.0000e+00, 0.0000e+00, 
 2DIAGNOSTIC,    30, -5.851273946361e-01, 1.320430751101e-04, 0.0000e+00, 0.0000e+00, 
 2DIAGNOSTIC,    31, -5.853414914537e-01, 1.073716955690e-04, 0.0000e+00, 0.0000e+00, 
 2DIAGNOSTIC,    32, -5.867074431697e-01, 9.573458507202e-05, 0.0000e+00, 0.0000e+00, 
 2DIAGNOSTIC,    33, -5.873320322596e-01, 8.542256685275e-05, 0.0000e+00, 0.0000e+00, 
 2DIAGNOSTIC,    34, -5.874976437730e-01, 8.764687139527e-05, 0.0000e+00, 0.0000e+00, 
 2DIAGNOSTIC,    35, -5.884271934760e-01, 1.134651422153e-04, 0.0000e+00, 0.0000e+00, 
 2DIAGNOSTIC,    36, -5.892168292901e-01, 1.398901413350e-04, 0.0000e+00, 0.0000e+00, 
 2DIAGNOSTIC,    37, -5.899587237933e-01, 1.594393248135e-04, 0.0000e+00, 0.0000e+00, 
 2DIAGNOSTIC,    38, -5.901183495277e-01, 1.658469498203e-04, 0.0000e+00, 0.0000e+00, 
 2DIAGNOSTIC,    39, -5.904563358209e-01, 1.618596604206e-04, 0.0000e+00, 0.0000e+00, 
 2DIAGNOSTIC,    40, -5.908360292424e-01, 1.477860431034e-04, 0.0000e+00, 0.0000e+00, 
 2DIAGNOSTIC,    41, -5.910668494785e-01, 1.250721088159e-04, 0.0000e+00, 0.0000e+00, 
 2DIAGNOSTIC,    42, -5.911777841960e-01, 1.086458427439e-04, 0.0000e+00, 0.0000e+00, 
 2DIAGNOSTIC,    43, -5.914640266369e-01, 9.326228220167e-05, 0.0000e+00, 0.0000e+00, 
 2DIAGNOSTIC,    44, -5.915674353772e-01, 7.256294942147e-05, 0.0000e+00, 0.0000e+00, 
 2DIAGNOSTIC,    45, -5.914770325278e-01, 5.485713425466e-05, 0.0000e+00, 0.0000e+00, 
 2DIAGNOSTIC,    46, -5.915897048722e-01, 4.221978253274e-05, 0.0000e+00, 0.0000e+00, 
 2DIAGNOSTIC,    47, -5.915925289148e-01, 3.388568470977e-05, 0.0000e+00, 0.0000e+00, 
 2DIAGNOSTIC,    48, -5.915937427585e-01, 2.428851290447e-05, 0.0000e+00, 0.0000e+00, 
 2DIAGNOSTIC,    49, -5.915945029448e-01, 1.613163672884e-05, 0.0000e+00, 0.0000e+00, 
 2DIAGNOSTIC,    50, -5.915964575530e-01, 1.054836022792e-05, 0.0000e+00, 0.0000e+00, 
 2DIAGNOSTIC,    51, -5.916001723050e-01, 6.484151241125e-06, 0.0000e+00, 0.0000e+00, 
 2DIAGNOSTIC,    52, -5.917044590863e-01, 3.950971550787e-06, 0.0000e+00, 0.0000e+00, 
 2DIAGNOSTIC,    53, -5.917131373926e-01, 3.860007081448e-06, 0.0000e+00, 0.0000e+00, 
 2DIAGNOSTIC,    54, -5.917251250209e-01, 4.547100117536e-06, 0.0000e+00, 0.0000e+00, 
 2DIAGNOSTIC,    55, -5.917324467554e-01, 4.077974763143e-06, 0.0000e+00, 0.0000e+00, 
 2DIAGNOSTIC,    56, -5.917348821806e-01, 4.287642191816e-06, 0.0000e+00, 0.0000e+00, 
 2DIAGNOSTIC,    57, -5.917332766528e-01, 4.129982939798e-06, 0.0000e+00, 0.0000e+00, 
 2DIAGNOSTIC,    58, -5.917329192686e-01, 3.639597693939e-06, 0.0000e+00, 0.0000e+00, 
 2DIAGNOSTIC,    59, -5.917336000811e-01, 2.893380037866e-06, 0.0000e+00, 0.0000e+00, 
 2DIAGNOSTIC,    60, -5.917329656674e-01, 1.965868939427e-06, 0.0000e+00, 0.0000e+00, 
DIAGNOSTIC,Iteration,metricValue,convergenceValue,ITERATION_TIME_INDEX,SINCE_LAST
 2DIAGNOSTIC,     1, -4.783936518507e-01, 1.797693134862e+308, 0.0000e+00, 0.0000e+00, 
 2DIAGNOSTIC,     2, -4.784619047282e-01, 1.797693134862e+308, 0.0000e+00, 0.0000e+00, 
 2DIAGNOSTIC,     3, -4.785091634804e-01, 1.797693134862e+308, 0.0000e+00, 0.0000e+00, 
 2DIAGNOSTIC,     4, -4.785827220384e-01, 1.797693134862e+308, 0.0000e+00, 0.0000e+00, 
 2DIAGNOSTIC,     5, -4.787425457437e-01, 1.797693134862e+308, 0.0000e+00, 0.0000e+00, 
 2DIAGNOSTIC,     6, -4.793101163373e-01, 1.797693134862e+308, 0.0000e+00, 0.0000e+00, 
 2DIAGNOSTIC,     7, -4.807321950832e-01, 1.797693134862e+308, 0.0000e+00, 0.0000e+00, 
 2DIAGNOSTIC,     8, -4.812201708057e-01, 1.797693134862e+308, 0.0000e+00, 0.0000e+00, 
 2DIAGNOSTIC,     9, -4.813504978163e-01, 1.797693134862e+308, 0.0000e+00, 0.0000e+00, 
 2DIAGNOSTIC,    10, -4.822251713475e-01, 5.574098328645e-04, 0.0000e+00, 0.0000e+00, 
 2DIAGNOSTIC,    11, -4.825211930201e-01, 5.756315298792e-04, 0.0000e+00, 0.0000e+00, 
 2DIAGNOSTIC,    12, -4.825557964651e-01, 5.434735611355e-04, 0.0000e+00, 0.0000e+00, 
 2DIAGNOSTIC,    13, -4.828237201239e-01, 4.823336360394e-04, 0.0000e+00, 0.0000e+00, 
 2DIAGNOSTIC,    14, -4.828286215356e-01, 3.903746669781e-04, 0.0000e+00, 0.0000e+00, 
 2DIAGNOSTIC,    15, -4.828547411298e-01, 2.824848135683e-04, 0.0000e+00, 0.0000e+00, 
 2DIAGNOSTIC,    16, -4.828811046644e-01, 1.829876157306e-04, 0.0000e+00, 0.0000e+00, 
 2DIAGNOSTIC,    17, -4.829047594614e-01, 1.287908929806e-04, 0.0000e+00, 0.0000e+00, 
 2DIAGNOSTIC,    18, -4.828844268395e-01, 8.449547923682e-05, 0.0000e+00, 0.0000e+00, 
 2DIAGNOSTIC,    19, -4.829240231664e-01, 4.184867401324e-05, 0.0000e+00, 0.0000e+00, 
 2DIAGNOSTIC,    20, -4.829467552620e-01, 2.609074710863e-05, 0.0000e+00, 0.0000e+00, 
 2DIAGNOSTIC,    21, -4.829574253757e-01, 1.821268532086e-05, 0.0000e+00, 0.0000e+00, 
 2DIAGNOSTIC,    22, -4.829596040199e-01, 1.029333243766e-05, 0.0000e+00, 0.0000e+00, 
 2DIAGNOSTIC,    23, -4.830022076109e-01, 1.023562645767e-05, 0.0000e+00, 0.0000e+00, 
 2DIAGNOSTIC,    24, -4.830296907881e-01, 1.010659354579e-05, 0.0000e+00, 0.0000e+00, 
 2DIAGNOSTIC,    25, -4.830352238452e-01, 9.872561519346e-06, 0.0000e+00, 0.0000e+00, 
 2DIAGNOSTIC,    26, -4.830172874454e-01, 9.046285020888e-06, 0.0000e+00, 0.0000e+00, 
 2DIAGNOSTIC,    27, -4.830643958532e-01, 9.139349688055e-06, 0.0000e+00, 0.0000e+00, 
 2DIAGNOSTIC,    28, -4.831145521209e-01, 9.040183138874e-06, 0.0000e+00, 0.0000e+00, 
 2DIAGNOSTIC,    29, -4.831262723330e-01, 9.198629851180e-06, 0.0000e+00, 0.0000e+00, 
 2DIAGNOSTIC,    30, -4.831270494613e-01, 9.068710928962e-06, 0.0000e+00, 0.0000e+00, 
 2DIAGNOSTIC,    31, -4.830951372710e-01, 7.822022568625e-06, 0.0000e+00, 0.0000e+00, 
 2DIAGNOSTIC,    32, -4.830756821778e-01, 5.680040047230e-06, 0.0000e+00, 0.0000e+00, 
 2DIAGNOSTIC,    33, -4.830818143252e-01, 4.060674771794e-06, 0.0000e+00, 0.0000e+00, 
 2DIAGNOSTIC,    34, -4.830760376977e-01, 2.603168789091e-06, 0.0000e+00, 0.0000e+00, 
 2DIAGNOSTIC,    35, -4.830804248879e-01, 1.269527474340e-06, 0.0000e+00, 0.0000e+00, 
DIAGNOSTIC,Iteration,metricValue,convergenceValue,ITERATION_TIME_INDEX,SINCE_LAST
 2DIAGNOSTIC,     1, -4.157558830377e-01, 1.797693134862e+308, 0.0000e+00, 0.0000e+00, 
 2DIAGNOSTIC,     2, -4.158569457072e-01, 1.797693134862e+308, 0.0000e+00, 0.0000e+00, 
 2DIAGNOSTIC,     3, -4.158957972857e-01, 1.797693134862e+308, 0.0000e+00, 0.0000e+00, 
 2DIAGNOSTIC,     4, -4.158989694040e-01, 1.797693134862e+308, 0.0000e+00, 0.0000e+00, 
 2DIAGNOSTIC,     5, -4.158974238213e-01, 1.797693134862e+308, 0.0000e+00, 0.0000e+00, 
 2DIAGNOSTIC,     6, -4.158932620028e-01, 1.797693134862e+308, 0.0000e+00, 0.0000e+00, 
 2DIAGNOSTIC,     7, -4.158922998540e-01, 1.797693134862e+308, 0.0000e+00, 0.0000e+00, 
 2DIAGNOSTIC,     8, -4.158886277790e-01, 1.797693134862e+308, 0.0000e+00, 0.0000e+00, 
 2DIAGNOSTIC,     9, -4.158854312695e-01, 1.797693134862e+308, 0.0000e+00, 0.0000e+00, 
 2DIAGNOSTIC,    10, -4.158855228336e-01, 1.312933034206e-05, 0.0000e+00, 0.0000e+00, 
 2DIAGNOSTIC,    11, -4.158833976564e-01, 3.114795492296e-06, 0.0000e+00, 0.0000e+00, 
DIAGNOSTIC,Iteration,metricValue,convergenceValue,ITERATION_TIME_INDEX,SINCE_LAST
 2DIAGNOSTIC,     1, -3.830310362126e-01, 1.797693134862e+308, 0.0000e+00, 0.0000e+00, 
 2DIAGNOSTIC,     2, -3.831456997593e-01, 1.797693134862e+308, 0.0000e+00, 0.0000e+00, 
 2DIAGNOSTIC,     3, -3.832200090710e-01, 1.797693134862e+308, 0.0000e+00, 0.0000e+00, 
 2DIAGNOSTIC,     4, -3.832992590917e-01, 1.797693134862e+308, 0.0000e+00, 0.0000e+00, 
 2DIAGNOSTIC,     5, -3.833053615824e-01, 1.797693134862e+308, 0.0000e+00, 0.0000e+00, 
 2DIAGNOSTIC,     6, -3.833050373852e-01, 1.797693134862e+308, 0.0000e+00, 0.0000e+00, 
 2DIAGNOSTIC,     7, -3.833038653362e-01, 1.797693134862e+308, 0.0000e+00, 0.0000e+00, 
 2DIAGNOSTIC,     8, -3.833032713439e-01, 1.797693134862e+308, 0.0000e+00, 0.0000e+00, 
 2DIAGNOSTIC,     9, -3.833033223896e-01, 1.797693134862e+308, 0.0000e+00, 0.0000e+00, 
 2DIAGNOSTIC,    10, -3.833023787470e-01, 3.799764922677e-05, 0.0000e+00, 0.0000e+00, 
 2DIAGNOSTIC,    11, -3.833016550640e-01, 1.836271412281e-05, 0.0000e+00, 0.0000e+00, 
 2DIAGNOSTIC,    12, -3.833006428734e-01, 7.571672004270e-06, 0.0000e+00, 0.0000e+00, 
 2DIAGNOSTIC,    13, -3.833017834010e-01, 2.175253607878e-06, 0.0000e+00, 0.0000e+00, 
 2DIAGNOSTIC,    14, -3.833017501936e-01, 1.756668866482e-06, 0.0000e+00, 0.0000e+00, 
 2DIAGNOSTIC,    15, -3.833018679914e-01, 1.748065559359e-06, 0.0000e+00, 0.0000e+00, 
 2DIAGNOSTIC,    16, -3.833014658207e-01, 1.743424904485e-06, 0.0000e+00, 0.0000e+00, 
 2DIAGNOSTIC,    17, -3.833015969514e-01, 1.717318092294e-06, 0.0000e+00, 0.0000e+00, 
 2DIAGNOSTIC,    18, -3.833016441078e-01, 1.683452935941e-06, 0.0000e+00, 0.0000e+00, 
 2DIAGNOSTIC,    19, -3.833016409023e-01, 1.662041113237e-06, 0.0000e+00, 0.0000e+00, 
 2DIAGNOSTIC,    20, -3.833016408518e-01, 1.609626963030e-06, 0.0000e+00, 0.0000e+00, 
 2DIAGNOSTIC,    21, -3.833016392477e-01, 1.536170768472e-06, 0.0000e+00, 0.0000e+00, 
 2DIAGNOSTIC,    22, -3.833016380494e-01, 1.431806487796e-06, 0.0000e+00, 0.0000e+00, 
 2DIAGNOSTIC,    23, -3.833016393409e-01, 1.374139332176e-06, 0.0000e+00, 0.0000e+00, 
 2DIAGNOSTIC,    24, -3.833016236299e-01, 1.320085941239e-06, 0.0000e+00, 0.0000e+00, 
 2DIAGNOSTIC,    25, -3.833016236172e-01, 1.274468310060e-06, 0.0000e+00, 0.0000e+00, 
 2DIAGNOSTIC,    26, -3.833016220719e-01, 1.220258134267e-06, 0.0000e+00, 0.0000e+00, 
 2DIAGNOSTIC,    27, -3.833016037334e-01, 1.173133563882e-06, 0.0000e+00, 0.0000e+00, 
 2DIAGNOSTIC,    28, -3.833016041922e-01, 1.130849264099e-06, 0.0000e+00, 0.0000e+00, 
 2DIAGNOSTIC,    29, -3.833016052229e-01, 1.091651122664e-06, 0.0000e+00, 0.0000e+00, 
 2DIAGNOSTIC,    30, -3.833016053348e-01, 1.055300678711e-06, 0.0000e+00, 0.0000e+00, 
 2DIAGNOSTIC,    31, -3.833016092562e-01, 1.021575203951e-06, 0.0000e+00, 0.0000e+00, 
  Elapsed time (stage 0): 0.0000e+00


Total elapsed time: 0.0000e+00
Info [verificarlo]: loaded backend libinterflop_vprec.so
Info [interflop-vprec]: load backend with: 
Info [interflop-vprec]: precision-binary32 = 19
Info [interflop-vprec]: range-binary32 = 8
Info [interflop-vprec]: precision-binary64 = 19
Info [interflop-vprec]: range-binary64 = 8
Info [interflop-vprec]: mode = ob
Info [interflop-vprec]: error-mode = rel
Info [interflop-vprec]: max-abs-error-exponent = -1022
Info [interflop-vprec]: daz = false
Info [interflop-vprec]: ftz = false
Info [interflop-vprec]: 	instrument = none
Info [interflop-vprec]: 	prec-input-file = (null)
Info [interflop-vprec]: 	prec-output-file = (null)
Info [interflop-vprec]: 	prec-log-file = (null)
All_Command_lines_OK
Using double precision for computations.
=============================================================================
The composite transform comprises the following transforms (in order): 
  1. /home/mdugre/scratch/mri-registration-rp/datasets/ds004513/derivatives/mri-registration-rp/0111/antsRegistration-r8-p19/sub-s017/rigid_Composite.h5[0] (type = Euler3DTransform)
  2. /home/mdugre/scratch/mri-registration-rp/datasets/ds004513/derivatives/mri-registration-rp/0111/antsRegistration-r8-p19/sub-s017/rigid_Composite.h5[1] (type = Euler3DTransform)
  3. /home/mdugre/scratch/mri-registration-rp/datasets/ds004513/derivatives/mri-registration-rp/0111/antsRegistration-r8-p19/sub-s017/rigid_Composite.h5[2] (type = Euler3DTransform)
=============================================================================
  number of levels = 4
  fixed image: /templateflow/tpl-MNI152NLin2009cAsym/tpl-MNI152NLin2009cAsym_res-01_desc-brain_T1w.nii.gz
  moving image: /home/mdugre/scratch/mri-registration-rp/datasets/ds004513/derivatives/mri-registration-rp/antsBrainExtraction/sub-s017/BrainExtractionBrain.nii.gz
Dimension = 3
Number of stages = 1
Use histogram matching = false
Winsorize image intensities = true
  Lower quantile = 0.005
  Upper quantile = 0.995


Stage 1 State
   Image metric = MattesMI
     Fixed image = Image (0x377c490)
  RTTI typeinfo:   itk::Image<double, 3u>
  Reference Count: 2
  Modified Time: 1594
  Debug: Off
  Object Name: 
  Observers: 
    none
  Source: (none)
  Source output name: (none)
  Release Data: Off
  Data Released: False
  Global Release Data: Off
  PipelineMTime: 0
  UpdateMTime: 1203
  RealTimeStamp: 0 seconds 
  LargestPossibleRegion: 
    Dimension: 3
    Index: [0, 0, 0]
    Size: [193, 229, 193]
  BufferedRegion: 
    Dimension: 3
    Index: [0, 0, 0]
    Size: [193, 229, 193]
  RequestedRegion: 
    Dimension: 3
    Index: [0, 0, 0]
    Size: [193, 229, 193]
  Spacing: [1, 1, 1]
  Origin: [96, 132, -78]
  Direction: 
-1 0 0
0 -1 0
0 0 1

  IndexToPointMatrix: 
-1 0 0
0 -1 0
0 0 1

  PointToIndexMatrix: 
-1 0 0
0 -1 0
0 0 1

  Inverse Direction: 
-1 0 0
0 -1 0
0 0 1

  PixelContainer: 
    ImportImageContainer (0x3834fa0)
      RTTI typeinfo:   itk::ImportImageContainer<unsigned long, double>
      Reference Count: 1
      Modified Time: 1200
      Debug: Off
      Object Name: 
      Observers: 
        none
      Pointer: 0x154f9edb7010
      Container manages memory: true
      Size: 8530021
      Capacity: 8530021

     Moving image = Image (0x3837d20)
  RTTI typeinfo:   itk::Image<double, 3u>
  Reference Count: 2
  Modified Time: 1595
  Debug: Off
  Object Name: 
  Observers: 
    none
  Source: (none)
  Source output name: (none)
  Release Data: Off
  Data Released: False
  Global Release Data: Off
  PipelineMTime: 0
  UpdateMTime: 1592
  RealTimeStamp: 0 seconds 
  LargestPossibleRegion: 
    Dimension: 3
    Index: [0, 0, 0]
    Size: [160, 240, 256]
  BufferedRegion: 
    Dimension: 3
    Index: [0, 0, 0]
    Size: [160, 240, 256]
  RequestedRegion: 
    Dimension: 3
    Index: [0, 0, 0]
    Size: [160, 240, 256]
  Spacing: [1, 1, 1]
  Origin: [91.3357, 102.231, -120.042]
  Direction: 
-0.997442 -5.36781e-05 -0.0714818
5.35416e-05 -1 3.82464e-06
-0.0714818 -1.23894e-08 0.997442

  IndexToPointMatrix: 
-0.997444 -5.36781e-05 -0.0714818
5.35417e-05 -1 3.82464e-06
-0.0714819 -1.23894e-08 0.997442

  PointToIndexMatrix: 
-0.99744 5.35415e-05 -0.0714817
-5.36781e-05 -1 -1.23873e-08
-0.0714818 3.82465e-06 0.997442

  Inverse Direction: 
-0.997442 5.35416e-05 -0.0714818
-5.36781e-05 -1 -1.23873e-08
-0.0714818 3.82465e-06 0.997442

  PixelContainer: 
    ImportImageContainer (0x38f3390)
      RTTI typeinfo:   itk::ImportImageContainer<unsigned long, double>
      Reference Count: 1
      Modified Time: 1589
      Debug: Off
      Object Name: 
      Observers: 
        none
      Pointer: 0x154f9a2b6010
      Container manages memory: true
      Size: 9830400
      Capacity: 9830400

     Weighting = 1
     Sampling strategy = regular
     Number of bins = 32
     Radius = 4
     Sampling percentage  = 0.25
   Transform = Affine
     Gradient step = 0.1
     Update field sigma (voxel space) = 0
     Total field sigma (voxel space) = 0
     Update field time sigma = 0
     Total field time sigma  = 0
     Number of time indices = 0
     Number of time point samples = 0
Registration using 1 total stages.

Stage 0
  iterations = 1000x500x250x100
  convergence threshold = 1e-06
  convergence window size = 10
  number of levels = 4
  using the Mattes MI metric (number of bins = 32, weight = 1, use gradient filter = 0)
  preprocessing:  winsorizing the image intensities
  Shrink factors (level 1 out of 4): [8, 8, 8]
  Shrink factors (level 2 out of 4): [4, 4, 4]
  Shrink factors (level 3 out of 4): [2, 2, 2]
  Shrink factors (level 4 out of 4): [1, 1, 1]
  smoothing sigmas per level: [3, 2, 1, 0]
  regular sampling (percentage = 0.25)

*** Running AffineTransform registration ***

DIAGNOSTIC,Iteration,metricValue,convergenceValue,ITERATION_TIME_INDEX,SINCE_LAST
 2DIAGNOSTIC,     1, -5.807250903835e-01, 1.797693134862e+308, 0.0000e+00, 0.0000e+00, 
 2DIAGNOSTIC,     2, -5.834562329538e-01, 1.797693134862e+308, 0.0000e+00, 0.0000e+00, 
 2DIAGNOSTIC,     3, -5.887603997152e-01, 1.797693134862e+308, 0.0000e+00, 0.0000e+00, 
 2DIAGNOSTIC,     4, -5.971048308525e-01, 1.797693134862e+308, 0.0000e+00, 0.0000e+00, 
 2DIAGNOSTIC,     5, -6.118970010806e-01, 1.797693134862e+308, 0.0000e+00, 0.0000e+00, 
 2DIAGNOSTIC,     6, -6.406436780023e-01, 1.797693134862e+308, 0.0000e+00, 0.0000e+00, 
 2DIAGNOSTIC,     7, -7.211473835815e-01, 1.797693134862e+308, 0.0000e+00, 0.0000e+00, 
 2DIAGNOSTIC,     8, -7.807135961751e-01, 1.797693134862e+308, 0.0000e+00, 0.0000e+00, 
 2DIAGNOSTIC,     9, -8.266607431174e-01, 1.797693134862e+308, 0.0000e+00, 0.0000e+00, 
 2DIAGNOSTIC,    10, -8.678904090474e-01, 2.914140924035e-02, 0.0000e+00, 0.0000e+00, 
 2DIAGNOSTIC,    11, -8.692657093184e-01, 2.902140536330e-02, 0.0000e+00, 0.0000e+00, 
 2DIAGNOSTIC,    12, -8.763609793538e-01, 2.667158681948e-02, 0.0000e+00, 0.0000e+00, 
 2DIAGNOSTIC,    13, -8.776441547201e-01, 2.257096703216e-02, 0.0000e+00, 0.0000e+00, 
 2DIAGNOSTIC,    14, -8.784952102798e-01, 1.740626949690e-02, 0.0000e+00, 0.0000e+00, 
 2DIAGNOSTIC,    15, -8.789535743715e-01, 1.188088152300e-02, 0.0000e+00, 0.0000e+00, 
 2DIAGNOSTIC,    16, -8.794168459698e-01, 6.747740522842e-03, 0.0000e+00, 0.0000e+00, 
 2DIAGNOSTIC,    17, -8.800290970619e-01, 3.465771370924e-03, 0.0000e+00, 0.0000e+00, 
 2DIAGNOSTIC,    18, -8.807918382056e-01, 1.507680406347e-03, 0.0000e+00, 0.0000e+00, 
 2DIAGNOSTIC,    19, -8.816462154456e-01, 5.297192426768e-04, 0.0000e+00, 0.0000e+00, 
 2DIAGNOSTIC,    20, -8.822854211512e-01, 3.782020468807e-04, 0.0000e+00, 0.0000e+00, 
 2DIAGNOSTIC,    21, -8.834736813290e-01, 2.491717877498e-04, 0.0000e+00, 0.0000e+00, 
 2DIAGNOSTIC,    22, -8.843924700005e-01, 2.408067975213e-04, 0.0000e+00, 0.0000e+00, 
 2DIAGNOSTIC,    23, -8.859854656667e-01, 2.553058974961e-04, 0.0000e+00, 0.0000e+00, 
 2DIAGNOSTIC,    24, -8.857199879445e-01, 2.530143972268e-04, 0.0000e+00, 0.0000e+00, 
 2DIAGNOSTIC,    25, -8.855905114752e-01, 2.325065503561e-04, 0.0000e+00, 0.0000e+00, 
 2DIAGNOSTIC,    26, -8.854591210619e-01, 1.966889504252e-04, 0.0000e+00, 0.0000e+00, 
 2DIAGNOSTIC,    27, -8.855293844281e-01, 1.539769444425e-04, 0.0000e+00, 0.0000e+00, 
 2DIAGNOSTIC,    28, -8.854352049507e-01, 1.082279159902e-04, 0.0000e+00, 0.0000e+00, 
 2DIAGNOSTIC,    29, -8.852318525961e-01, 6.384143833021e-05, 0.0000e+00, 0.0000e+00, 
 2DIAGNOSTIC,    30, -8.851588781006e-01, 2.349599453792e-05, 0.0000e+00, 0.0000e+00, 
DIAGNOSTIC,Iteration,metricValue,convergenceValue,ITERATION_TIME_INDEX,SINCE_LAST
 2DIAGNOSTIC,     1, -7.455919944304e-01, 1.797693134862e+308, 0.0000e+00, 0.0000e+00, 
 2DIAGNOSTIC,     2, -7.461025038400e-01, 1.797693134862e+308, 0.0000e+00, 0.0000e+00, 
 2DIAGNOSTIC,     3, -7.467007890255e-01, 1.797693134862e+308, 0.0000e+00, 0.0000e+00, 
 2DIAGNOSTIC,     4, -7.474841881113e-01, 1.797693134862e+308, 0.0000e+00, 0.0000e+00, 
 2DIAGNOSTIC,     5, -7.488415725883e-01, 1.797693134862e+308, 0.0000e+00, 0.0000e+00, 
 2DIAGNOSTIC,     6, -7.497354415272e-01, 1.797693134862e+308, 0.0000e+00, 0.0000e+00, 
 2DIAGNOSTIC,     7, -7.497579209534e-01, 1.797693134862e+308, 0.0000e+00, 0.0000e+00, 
 2DIAGNOSTIC,     8, -7.498850322395e-01, 1.797693134862e+308, 0.0000e+00, 0.0000e+00, 
 2DIAGNOSTIC,     9, -7.500974232011e-01, 1.797693134862e+308, 0.0000e+00, 0.0000e+00, 
 2DIAGNOSTIC,    10, -7.504346407030e-01, 4.503944457919e-04, 0.0000e+00, 0.0000e+00, 
 2DIAGNOSTIC,    11, -7.506215957715e-01, 3.516817675092e-04, 0.0000e+00, 0.0000e+00, 
 2DIAGNOSTIC,    12, -7.506271217773e-01, 2.549065896578e-04, 0.0000e+00, 0.0000e+00, 
 2DIAGNOSTIC,    13, -7.506018900754e-01, 1.673893898388e-04, 0.0000e+00, 0.0000e+00, 
 2DIAGNOSTIC,    14, -7.506057510216e-01, 9.796284381375e-05, 0.0000e+00, 0.0000e+00, 
 2DIAGNOSTIC,    15, -7.505829424231e-01, 6.204942601651e-05, 0.0000e+00, 0.0000e+00, 
 2DIAGNOSTIC,    16, -7.505473396389e-01, 4.549015566802e-05, 0.0000e+00, 0.0000e+00, 
 2DIAGNOSTIC,    17, -7.505562082185e-01, 2.767780918915e-05, 0.0000e+00, 0.0000e+00, 
 2DIAGNOSTIC,    18, -7.505482442094e-01, 1.198161210051e-05, 0.0000e+00, 0.0000e+00, 
 2DIAGNOSTIC,    19, -7.505490204672e-01, 1.099127775094e-06, 0.0000e+00, 0.0000e+00, 
DIAGNOSTIC,Iteration,metricValue,convergenceValue,ITERATION_TIME_INDEX,SINCE_LAST
 2DIAGNOSTIC,     1, -6.293943921664e-01, 1.797693134862e+308, 0.0000e+00, 0.0000e+00, 
 2DIAGNOSTIC,     2, -6.299366195965e-01, 1.797693134862e+308, 0.0000e+00, 0.0000e+00, 
 2DIAGNOSTIC,     3, -6.305006741416e-01, 1.797693134862e+308, 0.0000e+00, 0.0000e+00, 
 2DIAGNOSTIC,     4, -6.311497105118e-01, 1.797693134862e+308, 0.0000e+00, 0.0000e+00, 
 2DIAGNOSTIC,     5, -6.321341033128e-01, 1.797693134862e+308, 0.0000e+00, 0.0000e+00, 
 2DIAGNOSTIC,     6, -6.330263116266e-01, 1.797693134862e+308, 0.0000e+00, 0.0000e+00, 
 2DIAGNOSTIC,     7, -6.330191485155e-01, 1.797693134862e+308, 0.0000e+00, 0.0000e+00, 
 2DIAGNOSTIC,     8, -6.330159527904e-01, 1.797693134862e+308, 0.0000e+00, 0.0000e+00, 
 2DIAGNOSTIC,     9, -6.330153223124e-01, 1.797693134862e+308, 0.0000e+00, 0.0000e+00, 
 2DIAGNOSTIC,    10, -6.330146842104e-01, 4.123389492227e-04, 0.0000e+00, 0.0000e+00, 
 2DIAGNOSTIC,    11, -6.330141020584e-01, 2.888511534101e-04, 0.0000e+00, 0.0000e+00, 
 2DIAGNOSTIC,    12, -6.330124195120e-01, 1.807645042155e-04, 0.0000e+00, 0.0000e+00, 
 2DIAGNOSTIC,    13, -6.330120262945e-01, 9.301974226450e-05, 0.0000e+00, 0.0000e+00, 
 2DIAGNOSTIC,    14, -6.330087772837e-01, 2.977447314095e-05, 0.0000e+00, 0.0000e+00, 
 2DIAGNOSTIC,    15, -6.330097409485e-01, 1.223704941516e-06, 0.0000e+00, 0.0000e+00, 
 2DIAGNOSTIC,    16, -6.330050264018e-01, 1.264434864645e-06, 0.0000e+00, 0.0000e+00, 
 2DIAGNOSTIC,    17, -6.330054393408e-01, 1.193528316352e-06, 0.0000e+00, 0.0000e+00, 
 2DIAGNOSTIC,    18, -6.330058280885e-01, 1.122100499601e-06, 0.0000e+00, 0.0000e+00, 
 2DIAGNOSTIC,    19, -6.330058877811e-01, 1.103130292154e-06, 0.0000e+00, 0.0000e+00, 
 2DIAGNOSTIC,    20, -6.330058270048e-01, 1.123480457547e-06, 0.0000e+00, 0.0000e+00, 
 2DIAGNOSTIC,    21, -6.330058266814e-01, 1.174269082020e-06, 0.0000e+00, 0.0000e+00, 
 2DIAGNOSTIC,    22, -6.330042239962e-01, 1.184838848728e-06, 0.0000e+00, 0.0000e+00, 
 2DIAGNOSTIC,    23, -6.330056225637e-01, 1.239584579565e-06, 0.0000e+00, 0.0000e+00, 
 2DIAGNOSTIC,    24, -6.330056459960e-01, 1.239990543522e-06, 0.0000e+00, 0.0000e+00, 
 2DIAGNOSTIC,    25, -6.330055945846e-01, 1.267031976691e-06, 0.0000e+00, 0.0000e+00, 
 2DIAGNOSTIC,    26, -6.330056129300e-01, 1.211553110905e-06, 0.0000e+00, 0.0000e+00, 
 2DIAGNOSTIC,    27, -6.330043669667e-01, 1.147397274484e-06, 0.0000e+00, 0.0000e+00, 
 2DIAGNOSTIC,    28, -6.330058267432e-01, 1.120422200442e-06, 0.0000e+00, 0.0000e+00, 
 2DIAGNOSTIC,    29, -6.330058234511e-01, 1.096122810636e-06, 0.0000e+00, 0.0000e+00, 
 2DIAGNOSTIC,    30, -6.330058379246e-01, 1.072651666885e-06, 0.0000e+00, 0.0000e+00, 
 2DIAGNOSTIC,    31, -6.330058343315e-01, 1.050601773842e-06, 0.0000e+00, 0.0000e+00, 
 2DIAGNOSTIC,    32, -6.330058298793e-01, 1.004510439273e-06, 0.0000e+00, 0.0000e+00, 
DIAGNOSTIC,Iteration,metricValue,convergenceValue,ITERATION_TIME_INDEX,SINCE_LAST
 2DIAGNOSTIC,     1, -5.642886728725e-01, 1.797693134862e+308, 0.0000e+00, 0.0000e+00, 
 2DIAGNOSTIC,     2, -5.646312006607e-01, 1.797693134862e+308, 0.0000e+00, 0.0000e+00, 
 2DIAGNOSTIC,     3, -5.650461730945e-01, 1.797693134862e+308, 0.0000e+00, 0.0000e+00, 
 2DIAGNOSTIC,     4, -5.656624830200e-01, 1.797693134862e+308, 0.0000e+00, 0.0000e+00, 
 2DIAGNOSTIC,     5, -5.656657267484e-01, 1.797693134862e+308, 0.0000e+00, 0.0000e+00, 
 2DIAGNOSTIC,     6, -5.656666562254e-01, 1.797693134862e+308, 0.0000e+00, 0.0000e+00, 
 2DIAGNOSTIC,     7, -5.656668133656e-01, 1.797693134862e+308, 0.0000e+00, 0.0000e+00, 
 2DIAGNOSTIC,     8, -5.656668201594e-01, 1.797693134862e+308, 0.0000e+00, 0.0000e+00, 
 2DIAGNOSTIC,     9, -5.656668187817e-01, 1.797693134862e+308, 0.0000e+00, 0.0000e+00, 
 2DIAGNOSTIC,    10, -5.656668182658e-01, 1.399515349568e-04, 0.0000e+00, 0.0000e+00, 
 2DIAGNOSTIC,    11, -5.656668182658e-01, 7.515004625669e-05, 0.0000e+00, 0.0000e+00, 
 2DIAGNOSTIC,    12, -5.656668185441e-01, 2.883704183665e-05, 0.0000e+00, 0.0000e+00, 
 2DIAGNOSTIC,    13, -5.656668185441e-01, 2.650721258407e-06, 0.0000e+00, 0.0000e+00, 
 2DIAGNOSTIC,    14, -5.656668185441e-01, 2.311642410671e-06, 0.0000e+00, 0.0000e+00, 
 2DIAGNOSTIC,    15, -5.656668185441e-01, 2.121602637628e-06, 0.0000e+00, 0.0000e+00, 
 2DIAGNOSTIC,    16, -5.656668185441e-01, 1.983874707123e-06, 0.0000e+00, 0.0000e+00, 
 2DIAGNOSTIC,    17, -5.656668185441e-01, 1.866983367620e-06, 0.0000e+00, 0.0000e+00, 
 2DIAGNOSTIC,    18, -5.656668185441e-01, 1.763278516476e-06, 0.0000e+00, 0.0000e+00, 
 2DIAGNOSTIC,    19, -5.656668185441e-01, 1.670456602418e-06, 0.0000e+00, 0.0000e+00, 
 2DIAGNOSTIC,    20, -5.656668185441e-01, 1.586905216247e-06, 0.0000e+00, 0.0000e+00, 
 2DIAGNOSTIC,    21, -5.656668185441e-01, 1.511312299647e-06, 0.0000e+00, 0.0000e+00, 
 2DIAGNOSTIC,    22, -5.656668185441e-01, 1.442599500759e-06, 0.0000e+00, 0.0000e+00, 
 2DIAGNOSTIC,    23, -5.656668185441e-01, 1.379863124318e-06, 0.0000e+00, 0.0000e+00, 
 2DIAGNOSTIC,    24, -5.656668185441e-01, 1.322355950184e-06, 0.0000e+00, 0.0000e+00, 
 2DIAGNOSTIC,    25, -5.656668185441e-01, 1.269450339202e-06, 0.0000e+00, 0.0000e+00, 
 2DIAGNOSTIC,    26, -5.656668185441e-01, 1.220615231938e-06, 0.0000e+00, 0.0000e+00, 
 2DIAGNOSTIC,    27, -5.656668185441e-01, 1.175398260209e-06, 0.0000e+00, 0.0000e+00, 
 2DIAGNOSTIC,    28, -5.656668185441e-01, 1.133411692202e-06, 0.0000e+00, 0.0000e+00, 
 2DIAGNOSTIC,    29, -5.656668185441e-01, 1.094321286289e-06, 0.0000e+00, 0.0000e+00, 
 2DIAGNOSTIC,    30, -5.656668185441e-01, 1.057837374363e-06, 0.0000e+00, 0.0000e+00, 
 2DIAGNOSTIC,    31, -5.656668185441e-01, 1.023707671327e-06, 0.0000e+00, 0.0000e+00, 
  Elapsed time (stage 0): 0.0000e+00


Total elapsed time: 0.0000e+00
Info [verificarlo]: loaded backend libinterflop_vprec.so
Info [interflop-vprec]: load backend with: 
Info [interflop-vprec]: precision-binary32 = 19
Info [interflop-vprec]: range-binary32 = 8
