
##########################
# Experiment information #
##########################

EXPERIMENT_NAME: antsRegistration-r7-p19
VFC_BACKENDS: libinterflop_vprec.so --range-binary32=7 --precision-binary32=19 --range-binary64=7 --precision-binary64=19

SIF_IMG: /home/mdugre/projects/rrg-glatard/mdugre/containers/ants-vprec-no_metrics.simg

SUBJECT_ID: s017
INPUT_IMG: /home/mdugre/scratch/mri-registration-rp/datasets/ds004513/derivatives/mri-registration-rp/antsBrainExtraction/sub-s017/BrainExtractionBrain.nii.gz
OUTPUT_DIR: /home/mdugre/scratch/mri-registration-rp/datasets/ds004513/derivatives/mri-registration-rp/0111/antsRegistration-r7-p19/sub-s017

FIXED_IMG: /templateflow/tpl-MNI152NLin2009cAsym/tpl-MNI152NLin2009cAsym_res-01_desc-brain_T1w.nii.gz
DATA_DIR: /home/mdugre/scratch/mri-registration-rp/datasets/ds004513
TEMPLATEFLOW_DIR: /home/mdugre/projects/rrg-glatard/mdugre/templateflow
ITK_GLOBAL_DEFAULT_NUMBER_OF_THREADS: 16
##########################

Info [verificarlo]: loaded backend libinterflop_ieee.so
Info [interflop-ieee]: load backend with:
Info [interflop-ieee]: debug = false
Info [interflop-ieee]: debug-binary = false
Info [interflop-ieee]: no-backend-name = false
Info [interflop-ieee]: print-new-line = false
Info [interflop-ieee]: print-subnormal-normalized = false
Info [interflop-ieee]: count-op = false
All_Command_lines_OK
Using double precision for computations.
=============================================================================
The composite transform comprises the following transforms (in order): 
  1. Center of mass alignment using fixed image: /templateflow/tpl-MNI152NLin2009cAsym/tpl-MNI152NLin2009cAsym_res-01_desc-brain_T1w.nii.gz and moving image: /home/mdugre/scratch/mri-registration-rp/datasets/ds004513/derivatives/mri-registration-rp/antsBrainExtraction/sub-s017/BrainExtractionBrain.nii.gz (type = Euler3DTransform)
=============================================================================
  number of levels = 1
  fixed image: /templateflow/tpl-MNI152NLin2009cAsym/tpl-MNI152NLin2009cAsym_res-01_desc-brain_T1w.nii.gz
  moving image: /home/mdugre/scratch/mri-registration-rp/datasets/ds004513/derivatives/mri-registration-rp/antsBrainExtraction/sub-s017/BrainExtractionBrain.nii.gz
Dimension = 3
Number of stages = 1
Use histogram matching = false
Winsorize image intensities = true
  Lower quantile = 0.005
  Upper quantile = 0.995


Stage 1 State
   Image metric = MattesMI
     Fixed image = Image (0x3dbae70)
  RTTI typeinfo:   itk::Image<double, 3u>
  Reference Count: 2
  Modified Time: 2334
  Debug: Off
  Object Name: 
  Observers: 
    none
  Source: (none)
  Source output name: (none)
  Release Data: Off
  Data Released: False
  Global Release Data: Off
  PipelineMTime: 0
  UpdateMTime: 1943
  RealTimeStamp: 0 seconds 
  LargestPossibleRegion: 
    Dimension: 3
    Index: [0, 0, 0]
    Size: [193, 229, 193]
  BufferedRegion: 
    Dimension: 3
    Index: [0, 0, 0]
    Size: [193, 229, 193]
  RequestedRegion: 
    Dimension: 3
    Index: [0, 0, 0]
    Size: [193, 229, 193]
  Spacing: [1, 1, 1]
  Origin: [96, 132, -78]
  Direction: 
-1 0 0
0 -1 0
0 0 1

  IndexToPointMatrix: 
-1 0 0
0 -1 0
0 0 1

  PointToIndexMatrix: 
-1 0 0
0 -1 0
0 0 1

  Inverse Direction: 
-1 0 0
0 -1 0
0 0 1

  PixelContainer: 
    ImportImageContainer (0x3dc3c60)
      RTTI typeinfo:   itk::ImportImageContainer<unsigned long, double>
      Reference Count: 1
      Modified Time: 1940
      Debug: Off
      Object Name: 
      Observers: 
        none
      Pointer: 0x14da86c57010
      Container manages memory: true
      Size: 8530021
      Capacity: 8530021

     Moving image = Image (0x3dc6610)
  RTTI typeinfo:   itk::Image<double, 3u>
  Reference Count: 2
  Modified Time: 2335
  Debug: Off
  Object Name: 
  Observers: 
    none
  Source: (none)
  Source output name: (none)
  Release Data: Off
  Data Released: False
  Global Release Data: Off
  PipelineMTime: 0
  UpdateMTime: 2332
  RealTimeStamp: 0 seconds 
  LargestPossibleRegion: 
    Dimension: 3
    Index: [0, 0, 0]
    Size: [160, 240, 256]
  BufferedRegion: 
    Dimension: 3
    Index: [0, 0, 0]
    Size: [160, 240, 256]
  RequestedRegion: 
    Dimension: 3
    Index: [0, 0, 0]
    Size: [160, 240, 256]
  Spacing: [1, 1, 1]
  Origin: [91.3357, 102.231, -120.042]
  Direction: 
-0.997442 -5.36781e-05 -0.0714818
5.35416e-05 -1 3.82465e-06
-0.0714818 -1.23894e-08 0.997442

  IndexToPointMatrix: 
-0.997444 -5.36781e-05 -0.0714818
5.35418e-05 -1 3.82465e-06
-0.0714819 -1.23894e-08 0.997442

  PointToIndexMatrix: 
-0.99744 5.35415e-05 -0.0714816
-5.36781e-05 -1 -1.23894e-08
-0.0714818 3.82465e-06 0.997442

  Inverse Direction: 
-0.997442 5.35416e-05 -0.0714818
-5.36781e-05 -1 -1.23894e-08
-0.0714818 3.82465e-06 0.997442

  PixelContainer: 
    ImportImageContainer (0x3e5fef0)
      RTTI typeinfo:   itk::ImportImageContainer<unsigned long, double>
      Reference Count: 1
      Modified Time: 2329
      Debug: Off
      Object Name: 
      Observers: 
        none
      Pointer: 0x14da82156010
      Container manages memory: true
      Size: 9830400
      Capacity: 9830400

     Weighting = 1
     Sampling strategy = regular
     Number of bins = 32
     Radius = 4
     Sampling percentage  = 0.25
   Transform = Rigid
     Gradient step = 0.1
     Update field sigma (voxel space) = 0
     Total field sigma (voxel space) = 0
     Update field time sigma = 0
     Total field time sigma  = 0
     Number of time indices = 0
     Number of time point samples = 0
Registration using 1 total stages.

Stage 0
  iterations = 0
  convergence threshold = 1e-06
  convergence window size = 10
  number of levels = 1
  using the Mattes MI metric (number of bins = 32, weight = 1, use gradient filter = 0)
  preprocessing:  winsorizing the image intensities
  Shrink factors (level 1 out of 1): [1, 1, 1]
  smoothing sigmas per level: [0]
  regular sampling (percentage = 0.25)

*** Running Euler3DTransform registration ***

  Elapsed time (stage 0): 1.12893


Total elapsed time: 1.13122
Info [verificarlo]: loaded backend libinterflop_vprec.so
Info [interflop-vprec]: load backend with: 
Info [interflop-vprec]: precision-binary32 = 19
Info [interflop-vprec]: range-binary32 = 7
Info [interflop-vprec]: precision-binary64 = 19
Info [interflop-vprec]: range-binary64 = 7
Info [interflop-vprec]: mode = ob
Info [interflop-vprec]: error-mode = rel
Info [interflop-vprec]: max-abs-error-exponent = -1022
Info [interflop-vprec]: daz = false
Info [interflop-vprec]: ftz = false
Info [interflop-vprec]: 	instrument = none
Info [interflop-vprec]: 	prec-input-file = (null)
Info [interflop-vprec]: 	prec-output-file = (null)
Info [interflop-vprec]: 	prec-log-file = (null)
All_Command_lines_OK
Using double precision for computations.
=============================================================================
The composite transform comprises the following transforms (in order): 
  1. /home/mdugre/scratch/mri-registration-rp/datasets/ds004513/derivatives/mri-registration-rp/0111/antsRegistration-r7-p19/sub-s017/align_Composite.h5[0] (type = Euler3DTransform)
  2. /home/mdugre/scratch/mri-registration-rp/datasets/ds004513/derivatives/mri-registration-rp/0111/antsRegistration-r7-p19/sub-s017/align_Composite.h5[1] (type = Euler3DTransform)
=============================================================================
  number of levels = 4
  fixed image: /templateflow/tpl-MNI152NLin2009cAsym/tpl-MNI152NLin2009cAsym_res-01_desc-brain_T1w.nii.gz
  moving image: /home/mdugre/scratch/mri-registration-rp/datasets/ds004513/derivatives/mri-registration-rp/antsBrainExtraction/sub-s017/BrainExtractionBrain.nii.gz
Dimension = 3
Number of stages = 1
Use histogram matching = false
Winsorize image intensities = true
  Lower quantile = 0.005
  Upper quantile = 0.995


Stage 1 State
   Image metric = MattesMI
     Fixed image = Image (0x40f61e0)
  RTTI typeinfo:   itk::Image<double, 3u>
  Reference Count: 2
  Modified Time: 1580
  Debug: Off
  Object Name: 
  Observers: 
    none
  Source: (none)
  Source output name: (none)
  Release Data: Off
  Data Released: False
  Global Release Data: Off
  PipelineMTime: 0
  UpdateMTime: 1189
  RealTimeStamp: 0 seconds 
  LargestPossibleRegion: 
    Dimension: 3
    Index: [0, 0, 0]
    Size: [193, 229, 193]
  BufferedRegion: 
    Dimension: 3
    Index: [0, 0, 0]
    Size: [193, 229, 193]
  RequestedRegion: 
    Dimension: 3
    Index: [0, 0, 0]
    Size: [193, 229, 193]
  Spacing: [1, 1, 1]
  Origin: [96, 132, -78]
  Direction: 
-1 0 0
0 -1 0
0 0 1

  IndexToPointMatrix: 
-1 0 0
0 -1 0
0 0 1

  PointToIndexMatrix: 
-1 0 0
0 -1 0
0 0 1

  Inverse Direction: 
-1 0 0
0 -1 0
0 0 1

  PixelContainer: 
    ImportImageContainer (0x41b5680)
      RTTI typeinfo:   itk::ImportImageContainer<unsigned long, double>
      Reference Count: 1
      Modified Time: 1186
      Debug: Off
      Object Name: 
      Observers: 
        none
      Pointer: 0x150512f3b010
      Container manages memory: true
      Size: 8530021
      Capacity: 8530021

     Moving image = Image (0x41b1b20)
  RTTI typeinfo:   itk::Image<double, 3u>
  Reference Count: 2
  Modified Time: 1581
  Debug: Off
  Object Name: 
  Observers: 
    none
  Source: (none)
  Source output name: (none)
  Release Data: Off
  Data Released: False
  Global Release Data: Off
  PipelineMTime: 0
  UpdateMTime: 1578
  RealTimeStamp: 0 seconds 
  LargestPossibleRegion: 
    Dimension: 3
    Index: [0, 0, 0]
    Size: [160, 240, 256]
  BufferedRegion: 
    Dimension: 3
    Index: [0, 0, 0]
    Size: [160, 240, 256]
  RequestedRegion: 
    Dimension: 3
    Index: [0, 0, 0]
    Size: [160, 240, 256]
  Spacing: [1, 1, 1]
  Origin: [91.3357, 102.231, -120.042]
  Direction: 
-0.997442 -5.36781e-05 -0.0714818
5.35416e-05 -1 3.82464e-06
-0.0714818 -1.23894e-08 0.997442

  IndexToPointMatrix: 
-0.997444 -5.36781e-05 -0.0714818
5.35417e-05 -1 3.82464e-06
-0.0714819 -1.23894e-08 0.997442

  PointToIndexMatrix: 
-0.99744 5.35415e-05 -0.0714817
-5.36781e-05 -1 -1.23873e-08
-0.0714818 3.82465e-06 0.997442

  Inverse Direction: 
-0.997442 5.35416e-05 -0.0714818
-5.36781e-05 -1 -1.23873e-08
-0.0714818 3.82465e-06 0.997442

  PixelContainer: 
    ImportImageContainer (0x421ad50)
      RTTI typeinfo:   itk::ImportImageContainer<unsigned long, double>
      Reference Count: 1
      Modified Time: 1575
      Debug: Off
      Object Name: 
      Observers: 
        none
      Pointer: 0x15050e43a010
      Container manages memory: true
      Size: 9830400
      Capacity: 9830400

     Weighting = 1
     Sampling strategy = regular
     Number of bins = 32
     Radius = 4
     Sampling percentage  = 0.25
   Transform = Rigid
     Gradient step = 0.1
     Update field sigma (voxel space) = 0
     Total field sigma (voxel space) = 0
     Update field time sigma = 0
     Total field time sigma  = 0
     Number of time indices = 0
     Number of time point samples = 0
Registration using 1 total stages.

Stage 0
  iterations = 1000x500x250x100
  convergence threshold = 1e-06
  convergence window size = 10
  number of levels = 4
  using the Mattes MI metric (number of bins = 32, weight = 1, use gradient filter = 0)
  preprocessing:  winsorizing the image intensities
  Shrink factors (level 1 out of 4): [8, 8, 8]
  Shrink factors (level 2 out of 4): [4, 4, 4]
  Shrink factors (level 3 out of 4): [2, 2, 2]
  Shrink factors (level 4 out of 4): [1, 1, 1]
  smoothing sigmas per level: [3, 2, 1, 0]
  regular sampling (percentage = 0.25)

*** Running Euler3DTransform registration ***

DIAGNOSTIC,Iteration,metricValue,convergenceValue,ITERATION_TIME_INDEX,SINCE_LAST
 2DIAGNOSTIC,     1, -5.567841896532e-01, 1.797693134862e+308, 0.0000e+00, 0.0000e+00, 
 2DIAGNOSTIC,     2, -5.584299486374e-01, 1.797693134862e+308, 0.0000e+00, 0.0000e+00, 
 2DIAGNOSTIC,     3, -5.612776539881e-01, 1.797693134862e+308, 0.0000e+00, 0.0000e+00, 
 2DIAGNOSTIC,     4, -5.637857822656e-01, 1.797693134862e+308, 0.0000e+00, 0.0000e+00, 
 2DIAGNOSTIC,     5, -5.658322373283e-01, 1.797693134862e+308, 0.0000e+00, 0.0000e+00, 
 2DIAGNOSTIC,     6, -5.696559315143e-01, 1.797693134862e+308, 0.0000e+00, 0.0000e+00, 
 2DIAGNOSTIC,     7, -5.734240215817e-01, 1.797693134862e+308, 0.0000e+00, 0.0000e+00, 
 2DIAGNOSTIC,     8, -5.754455385239e-01, 1.797693134862e+308, 0.0000e+00, 0.0000e+00, 
 2DIAGNOSTIC,     9, -5.763128009798e-01, 1.797693134862e+308, 0.0000e+00, 0.0000e+00, 
 2DIAGNOSTIC,    10, -5.770924745229e-01, 2.556427445021e-03, 0.0000e+00, 0.0000e+00, 
 2DIAGNOSTIC,    11, -5.785340067726e-01, 2.175417422773e-03, 0.0000e+00, 0.0000e+00, 
 2DIAGNOSTIC,    12, -5.797395914885e-01, 1.777592522608e-03, 0.0000e+00, 0.0000e+00, 
 2DIAGNOSTIC,    13, -5.808531577132e-01, 1.431954419437e-03, 0.0000e+00, 0.0000e+00, 
 2DIAGNOSTIC,    14, -5.808851026753e-01, 1.098169333416e-03, 0.0000e+00, 0.0000e+00, 
 2DIAGNOSTIC,    15, -5.810503527244e-01, 7.822132621213e-04, 0.0000e+00, 0.0000e+00, 
 2DIAGNOSTIC,    16, -5.811876731800e-01, 5.550522639351e-04, 0.0000e+00, 0.0000e+00, 
 2DIAGNOSTIC,    17, -5.812572216179e-01, 4.141590484702e-04, 0.0000e+00, 0.0000e+00, 
 2DIAGNOSTIC,    18, -5.818106251016e-01, 3.215941715013e-04, 0.0000e+00, 0.0000e+00, 
 2DIAGNOSTIC,    19, -5.819716918171e-01, 2.360009059633e-04, 0.0000e+00, 0.0000e+00, 
 2DIAGNOSTIC,    20, -5.823803480024e-01, 1.664973627296e-04, 0.0000e+00, 0.0000e+00, 
 2DIAGNOSTIC,    21, -5.829166709503e-01, 1.343375976238e-04, 0.0000e+00, 0.0000e+00, 
 2DIAGNOSTIC,    22, -5.834544376720e-01, 1.309921093792e-04, 0.0000e+00, 0.0000e+00, 
 2DIAGNOSTIC,    23, -5.842144557041e-01, 1.558499089796e-04, 0.0000e+00, 0.0000e+00, 
 2DIAGNOSTIC,    24, -5.863853983120e-01, 2.090926567800e-04, 0.0000e+00, 0.0000e+00, 
 2DIAGNOSTIC,    25, -5.876647359852e-01, 2.660314357529e-04, 0.0000e+00, 0.0000e+00, 
 2DIAGNOSTIC,    26, -5.880773654197e-01, 3.039754219606e-04, 0.0000e+00, 0.0000e+00, 
 2DIAGNOSTIC,    27, -5.887711312192e-01, 3.247876031289e-04, 0.0000e+00, 0.0000e+00, 
 2DIAGNOSTIC,    28, -5.894842927733e-01, 3.356798672838e-04, 0.0000e+00, 0.0000e+00, 
 2DIAGNOSTIC,    29, -5.902530869533e-01, 3.291988206037e-04, 0.0000e+00, 0.0000e+00, 
 2DIAGNOSTIC,    30, -5.905421094997e-01, 3.030862708006e-04, 0.0000e+00, 0.0000e+00, 
 2DIAGNOSTIC,    31, -5.912922812403e-01, 2.709141787577e-04, 0.0000e+00, 0.0000e+00, 
 2DIAGNOSTIC,    32, -5.909778581008e-01, 2.187249397791e-04, 0.0000e+00, 0.0000e+00, 
 2DIAGNOSTIC,    33, -5.913620052430e-01, 1.655959935275e-04, 0.0000e+00, 0.0000e+00, 
 2DIAGNOSTIC,    34, -5.916685415492e-01, 1.351576359349e-04, 0.0000e+00, 0.0000e+00, 
 2DIAGNOSTIC,    35, -5.917420407380e-01, 1.125080967615e-04, 0.0000e+00, 0.0000e+00, 
 2DIAGNOSTIC,    36, -5.917462550274e-01, 8.615408385994e-05, 0.0000e+00, 0.0000e+00, 
 2DIAGNOSTIC,    37, -5.917453464546e-01, 6.230414608853e-05, 0.0000e+00, 0.0000e+00, 
 2DIAGNOSTIC,    38, -5.917472873175e-01, 4.293576341224e-05, 0.0000e+00, 0.0000e+00, 
 2DIAGNOSTIC,    39, -5.917495833084e-01, 3.008885083802e-05, 0.0000e+00, 0.0000e+00, 
 2DIAGNOSTIC,    40, -5.917508634559e-01, 1.838799811920e-05, 0.0000e+00, 0.0000e+00, 
 2DIAGNOSTIC,    41, -5.917547165027e-01, 1.478752280706e-05, 0.0000e+00, 0.0000e+00, 
 2DIAGNOSTIC,    42, -5.917555737342e-01, 6.309374853120e-06, 0.0000e+00, 0.0000e+00, 
 2DIAGNOSTIC,    43, -5.917554915273e-01, 1.971067490211e-06, 0.0000e+00, 0.0000e+00, 
 2DIAGNOSTIC,    44, -5.917551098668e-01, 1.086889626349e-06, 0.0000e+00, 0.0000e+00, 
 2DIAGNOSTIC,    45, -5.917550835210e-01, 1.003360040577e-06, 0.0000e+00, 0.0000e+00, 
DIAGNOSTIC,Iteration,metricValue,convergenceValue,ITERATION_TIME_INDEX,SINCE_LAST
 2DIAGNOSTIC,     1, -4.784209585338e-01, 1.797693134862e+308, 0.0000e+00, 0.0000e+00, 
 2DIAGNOSTIC,     2, -4.785579129100e-01, 1.797693134862e+308, 0.0000e+00, 0.0000e+00, 
 2DIAGNOSTIC,     3, -4.787495743356e-01, 1.797693134862e+308, 0.0000e+00, 0.0000e+00, 
 2DIAGNOSTIC,     4, -4.789210903474e-01, 1.797693134862e+308, 0.0000e+00, 0.0000e+00, 
 2DIAGNOSTIC,     5, -4.792376026065e-01, 1.797693134862e+308, 0.0000e+00, 0.0000e+00, 
 2DIAGNOSTIC,     6, -4.805547395475e-01, 1.797693134862e+308, 0.0000e+00, 0.0000e+00, 
 2DIAGNOSTIC,     7, -4.816328729867e-01, 1.797693134862e+308, 0.0000e+00, 0.0000e+00, 
 2DIAGNOSTIC,     8, -4.823503791459e-01, 1.797693134862e+308, 0.0000e+00, 0.0000e+00, 
 2DIAGNOSTIC,     9, -4.823809667190e-01, 1.797693134862e+308, 0.0000e+00, 0.0000e+00, 
 2DIAGNOSTIC,    10, -4.823925283414e-01, 6.731819400667e-04, 0.0000e+00, 0.0000e+00, 
 2DIAGNOSTIC,    11, -4.823756481225e-01, 5.976335050280e-04, 0.0000e+00, 0.0000e+00, 
 2DIAGNOSTIC,    12, -4.823744428342e-01, 4.869685469024e-04, 0.0000e+00, 0.0000e+00, 
 2DIAGNOSTIC,    13, -4.823764808767e-01, 3.586631513994e-04, 0.0000e+00, 0.0000e+00, 
 2DIAGNOSTIC,    14, -4.823970398334e-01, 2.253810717428e-04, 0.0000e+00, 0.0000e+00, 
 2DIAGNOSTIC,    15, -4.824374637131e-01, 1.030688216472e-04, 0.0000e+00, 0.0000e+00, 
 2DIAGNOSTIC,    16, -4.825028006518e-01, 3.704895772640e-05, 0.0000e+00, 0.0000e+00, 
 2DIAGNOSTIC,    17, -4.825145973165e-01, 1.272926087714e-05, 0.0000e+00, 0.0000e+00, 
 2DIAGNOSTIC,    18, -4.825283211736e-01, 1.410605667952e-05, 0.0000e+00, 0.0000e+00, 
 2DIAGNOSTIC,    19, -4.825479105325e-01, 1.574596422131e-05, 0.0000e+00, 0.0000e+00, 
 2DIAGNOSTIC,    20, -4.825572462782e-01, 1.651007949784e-05, 0.0000e+00, 0.0000e+00, 
 2DIAGNOSTIC,    21, -4.825550833042e-01, 1.525622036861e-05, 0.0000e+00, 0.0000e+00, 
 2DIAGNOSTIC,    22, -4.825425944726e-01, 1.248898146028e-05, 0.0000e+00, 0.0000e+00, 
 2DIAGNOSTIC,    23, -4.825458316904e-01, 9.093224046214e-06, 0.0000e+00, 0.0000e+00, 
 2DIAGNOSTIC,    24, -4.825306195108e-01, 5.368263933034e-06, 0.0000e+00, 0.0000e+00, 
 2DIAGNOSTIC,    25, -4.825516901073e-01, 2.979241674417e-06, 0.0000e+00, 0.0000e+00, 
 2DIAGNOSTIC,    26, -4.825542167987e-01, 2.141685362764e-06, 0.0000e+00, 0.0000e+00, 
 2DIAGNOSTIC,    27, -4.825474806030e-01, 1.393260406372e-06, 0.0000e+00, 0.0000e+00, 
DIAGNOSTIC,Iteration,metricValue,convergenceValue,ITERATION_TIME_INDEX,SINCE_LAST
 2DIAGNOSTIC,     1, -4.154897165716e-01, 1.797693134862e+308, 0.0000e+00, 0.0000e+00, 
 2DIAGNOSTIC,     2, -4.156286217779e-01, 1.797693134862e+308, 0.0000e+00, 0.0000e+00, 
 2DIAGNOSTIC,     3, -4.156980551684e-01, 1.797693134862e+308, 0.0000e+00, 0.0000e+00, 
 2DIAGNOSTIC,     4, -4.156920586674e-01, 1.797693134862e+308, 0.0000e+00, 0.0000e+00, 
 2DIAGNOSTIC,     5, -4.156897713219e-01, 1.797693134862e+308, 0.0000e+00, 0.0000e+00, 
 2DIAGNOSTIC,     6, -4.156894685810e-01, 1.797693134862e+308, 0.0000e+00, 0.0000e+00, 
 2DIAGNOSTIC,     7, -4.156853328660e-01, 1.797693134862e+308, 0.0000e+00, 0.0000e+00, 
 2DIAGNOSTIC,     8, -4.156870839082e-01, 1.797693134862e+308, 0.0000e+00, 0.0000e+00, 
 2DIAGNOSTIC,     9, -4.156855397314e-01, 1.797693134862e+308, 0.0000e+00, 0.0000e+00, 
 2DIAGNOSTIC,    10, -4.156861840074e-01, 1.926123213747e-05, 0.0000e+00, 0.0000e+00, 
 2DIAGNOSTIC,    11, -4.156861428135e-01, 5.410496965619e-06, 0.0000e+00, 0.0000e+00, 
 2DIAGNOSTIC,    12, -4.156862732056e-01, 1.446953137779e-06, 0.0000e+00, 0.0000e+00, 
 2DIAGNOSTIC,    13, -4.156854601117e-01, 1.817681151123e-06, 0.0000e+00, 0.0000e+00, 
 2DIAGNOSTIC,    14, -4.156853289433e-01, 1.894520286996e-06, 0.0000e+00, 0.0000e+00, 
 2DIAGNOSTIC,    15, -4.156853377957e-01, 1.890234192600e-06, 0.0000e+00, 0.0000e+00, 
 2DIAGNOSTIC,    16, -4.156852096176e-01, 1.892869928868e-06, 0.0000e+00, 0.0000e+00, 
 2DIAGNOSTIC,    17, -4.156851795830e-01, 1.733722530074e-06, 0.0000e+00, 0.0000e+00, 
 2DIAGNOSTIC,    18, -4.156851794209e-01, 1.673484297859e-06, 0.0000e+00, 0.0000e+00, 
 2DIAGNOSTIC,    19, -4.156851769148e-01, 1.571698700159e-06, 0.0000e+00, 0.0000e+00, 
 2DIAGNOSTIC,    20, -4.156851763132e-01, 1.510887771561e-06, 0.0000e+00, 0.0000e+00, 
 2DIAGNOSTIC,    21, -4.156851727892e-01, 1.461019454002e-06, 0.0000e+00, 0.0000e+00, 
 2DIAGNOSTIC,    22, -4.156851749405e-01, 1.425179657295e-06, 0.0000e+00, 0.0000e+00, 
 2DIAGNOSTIC,    23, -4.156851746965e-01, 1.369931245908e-06, 0.0000e+00, 0.0000e+00, 
 2DIAGNOSTIC,    24, -4.156851763635e-01, 1.316436718773e-06, 0.0000e+00, 0.0000e+00, 
 2DIAGNOSTIC,    25, -4.156851766584e-01, 1.268093780059e-06, 0.0000e+00, 0.0000e+00, 
 2DIAGNOSTIC,    26, -4.156851779926e-01, 1.220261507000e-06, 0.0000e+00, 0.0000e+00, 
 2DIAGNOSTIC,    27, -4.156851763988e-01, 1.175181720638e-06, 0.0000e+00, 0.0000e+00, 
 2DIAGNOSTIC,    28, -4.156851719235e-01, 1.133210793355e-06, 0.0000e+00, 0.0000e+00, 
 2DIAGNOSTIC,    29, -4.156851714522e-01, 1.094067335332e-06, 0.0000e+00, 0.0000e+00, 
 2DIAGNOSTIC,    30, -4.156851697052e-01, 1.057487583403e-06, 0.0000e+00, 0.0000e+00, 
 2DIAGNOSTIC,    31, -4.156851681981e-01, 1.023171958568e-06, 0.0000e+00, 0.0000e+00, 
DIAGNOSTIC,Iteration,metricValue,convergenceValue,ITERATION_TIME_INDEX,SINCE_LAST
 2DIAGNOSTIC,     1, -3.828768115289e-01, 1.797693134862e+308, 0.0000e+00, 0.0000e+00, 
 2DIAGNOSTIC,     2, -3.829267396313e-01, 1.797693134862e+308, 0.0000e+00, 0.0000e+00, 
 2DIAGNOSTIC,     3, -3.829455367478e-01, 1.797693134862e+308, 0.0000e+00, 0.0000e+00, 
 2DIAGNOSTIC,     4, -3.829552029652e-01, 1.797693134862e+308, 0.0000e+00, 0.0000e+00, 
 2DIAGNOSTIC,     5, -3.829595843737e-01, 1.797693134862e+308, 0.0000e+00, 0.0000e+00, 
 2DIAGNOSTIC,     6, -3.829636632768e-01, 1.797693134862e+308, 0.0000e+00, 0.0000e+00, 
 2DIAGNOSTIC,     7, -3.829799274123e-01, 1.797693134862e+308, 0.0000e+00, 0.0000e+00, 
 2DIAGNOSTIC,     8, -3.830342630843e-01, 1.797693134862e+308, 0.0000e+00, 0.0000e+00, 
 2DIAGNOSTIC,     9, -3.833310005199e-01, 1.797693134862e+308, 0.0000e+00, 0.0000e+00, 
 2DIAGNOSTIC,    10, -3.837098088149e-01, 9.670263063244e-05, 0.0000e+00, 0.0000e+00, 
 2DIAGNOSTIC,    11, -3.837215140481e-01, 1.218338938510e-04, 0.0000e+00, 0.0000e+00, 
 2DIAGNOSTIC,    12, -3.837266940538e-01, 1.360208934188e-04, 0.0000e+00, 0.0000e+00, 
 2DIAGNOSTIC,    13, -3.837276935428e-01, 1.373338974298e-04, 0.0000e+00, 0.0000e+00, 
 2DIAGNOSTIC,    14, -3.837256256636e-01, 1.262813381753e-04, 0.0000e+00, 0.0000e+00, 
 2DIAGNOSTIC,    15, -3.837254643961e-01, 1.052743824247e-04, 0.0000e+00, 0.0000e+00, 
 2DIAGNOSTIC,    16, -3.837251290637e-01, 7.776739490155e-05, 0.0000e+00, 0.0000e+00, 
 2DIAGNOSTIC,    17, -3.837251739808e-01, 4.758541161364e-05, 0.0000e+00, 0.0000e+00, 
 2DIAGNOSTIC,    18, -3.837247241996e-01, 1.860038219945e-05, 0.0000e+00, 0.0000e+00, 
 2DIAGNOSTIC,    19, -3.837245989510e-01, 2.268569124546e-06, 0.0000e+00, 0.0000e+00, 
 2DIAGNOSTIC,    20, -3.837246011180e-01, 1.547258631669e-06, 0.0000e+00, 0.0000e+00, 
 2DIAGNOSTIC,    21, -3.837245791888e-01, 1.304772852463e-06, 0.0000e+00, 0.0000e+00, 
 2DIAGNOSTIC,    22, -3.837245817521e-01, 1.276458164522e-06, 0.0000e+00, 0.0000e+00, 
 2DIAGNOSTIC,    23, -3.837245816698e-01, 1.300347780210e-06, 0.0000e+00, 0.0000e+00, 
 2DIAGNOSTIC,    24, -3.837245809801e-01, 1.266028949155e-06, 0.0000e+00, 0.0000e+00, 
 2DIAGNOSTIC,    25, -3.837245804336e-01, 1.235110805381e-06, 0.0000e+00, 0.0000e+00, 
 2DIAGNOSTIC,    26, -3.837245813377e-01, 1.200085704076e-06, 0.0000e+00, 0.0000e+00, 
 2DIAGNOSTIC,    27, -3.837245800903e-01, 1.171154418153e-06, 0.0000e+00, 0.0000e+00, 
 2DIAGNOSTIC,    28, -3.837245779714e-01, 1.132865409148e-06, 0.0000e+00, 0.0000e+00, 
 2DIAGNOSTIC,    29, -3.837245736205e-01, 1.093997677601e-06, 2.0480e+03, 2.0480e+03, 
 2DIAGNOSTIC,    30, -3.837245744935e-01, 1.057888539234e-06, 2.0480e+03, 0.0000e+00, 
 2DIAGNOSTIC,    31, -3.837245758329e-01, 1.023647452907e-06, 2.0480e+03, 0.0000e+00, 
  Elapsed time (stage 0): 2.0480e+03


Total elapsed time: 2.0480e+03
Info [verificarlo]: loaded backend libinterflop_vprec.so
Info [interflop-vprec]: load backend with: 
Info [interflop-vprec]: precision-binary32 = 19
Info [interflop-vprec]: range-binary32 = 7
Info [interflop-vprec]: precision-binary64 = 19
Info [interflop-vprec]: range-binary64 = 7
Info [interflop-vprec]: mode = ob
Info [interflop-vprec]: error-mode = rel
Info [interflop-vprec]: max-abs-error-exponent = -1022
Info [interflop-vprec]: daz = false
Info [interflop-vprec]: ftz = false
Info [interflop-vprec]: 	instrument = none
Info [interflop-vprec]: 	prec-input-file = (null)
Info [interflop-vprec]: 	prec-output-file = (null)
Info [interflop-vprec]: 	prec-log-file = (null)
All_Command_lines_OK
Using double precision for computations.
=============================================================================
The composite transform comprises the following transforms (in order): 
  1. /home/mdugre/scratch/mri-registration-rp/datasets/ds004513/derivatives/mri-registration-rp/0111/antsRegistration-r7-p19/sub-s017/rigid_Composite.h5[0] (type = Euler3DTransform)
  2. /home/mdugre/scratch/mri-registration-rp/datasets/ds004513/derivatives/mri-registration-rp/0111/antsRegistration-r7-p19/sub-s017/rigid_Composite.h5[1] (type = Euler3DTransform)
  3. /home/mdugre/scratch/mri-registration-rp/datasets/ds004513/derivatives/mri-registration-rp/0111/antsRegistration-r7-p19/sub-s017/rigid_Composite.h5[2] (type = Euler3DTransform)
=============================================================================
  number of levels = 4
  fixed image: /templateflow/tpl-MNI152NLin2009cAsym/tpl-MNI152NLin2009cAsym_res-01_desc-brain_T1w.nii.gz
  moving image: /home/mdugre/scratch/mri-registration-rp/datasets/ds004513/derivatives/mri-registration-rp/antsBrainExtraction/sub-s017/BrainExtractionBrain.nii.gz
Dimension = 3
Number of stages = 1
Use histogram matching = false
Winsorize image intensities = true
  Lower quantile = 0.005
  Upper quantile = 0.995


Stage 1 State
   Image metric = MattesMI
     Fixed image = Image (0x4058490)
  RTTI typeinfo:   itk::Image<double, 3u>
  Reference Count: 2
  Modified Time: 1594
  Debug: Off
  Object Name: 
  Observers: 
    none
  Source: (none)
  Source output name: (none)
  Release Data: Off
  Data Released: False
  Global Release Data: Off
  PipelineMTime: 0
  UpdateMTime: 1203
  RealTimeStamp: 0 seconds 
  LargestPossibleRegion: 
    Dimension: 3
    Index: [0, 0, 0]
    Size: [193, 229, 193]
  BufferedRegion: 
    Dimension: 3
    Index: [0, 0, 0]
    Size: [193, 229, 193]
  RequestedRegion: 
    Dimension: 3
    Index: [0, 0, 0]
    Size: [193, 229, 193]
  Spacing: [1, 1, 1]
  Origin: [96, 132, -78]
  Direction: 
-1 0 0
0 -1 0
0 0 1

  IndexToPointMatrix: 
-1 0 0
0 -1 0
0 0 1

  PointToIndexMatrix: 
-1 0 0
0 -1 0
0 0 1

  Inverse Direction: 
-1 0 0
0 -1 0
0 0 1

  PixelContainer: 
    ImportImageContainer (0x4110fa0)
      RTTI typeinfo:   itk::ImportImageContainer<unsigned long, double>
      Reference Count: 1
      Modified Time: 1200
      Debug: Off
      Object Name: 
      Observers: 
        none
      Pointer: 0x153da834f010
      Container manages memory: true
      Size: 8530021
      Capacity: 8530021

     Moving image = Image (0x4113d20)
  RTTI typeinfo:   itk::Image<double, 3u>
  Reference Count: 2
  Modified Time: 1595
  Debug: Off
  Object Name: 
  Observers: 
    none
  Source: (none)
  Source output name: (none)
  Release Data: Off
  Data Released: False
  Global Release Data: Off
  PipelineMTime: 0
  UpdateMTime: 1592
  RealTimeStamp: 0 seconds 
  LargestPossibleRegion: 
    Dimension: 3
    Index: [0, 0, 0]
    Size: [160, 240, 256]
  BufferedRegion: 
    Dimension: 3
    Index: [0, 0, 0]
    Size: [160, 240, 256]
  RequestedRegion: 
    Dimension: 3
    Index: [0, 0, 0]
    Size: [160, 240, 256]
  Spacing: [1, 1, 1]
  Origin: [91.3357, 102.231, -120.042]
  Direction: 
-0.997442 -5.36781e-05 -0.0714818
5.35416e-05 -1 3.82464e-06
-0.0714818 -1.23894e-08 0.997442

  IndexToPointMatrix: 
-0.997444 -5.36781e-05 -0.0714818
5.35417e-05 -1 3.82464e-06
-0.0714819 -1.23894e-08 0.997442

  PointToIndexMatrix: 
-0.99744 5.35415e-05 -0.0714817
-5.36781e-05 -1 -1.23873e-08
-0.0714818 3.82465e-06 0.997442

  Inverse Direction: 
-0.997442 5.35416e-05 -0.0714818
-5.36781e-05 -1 -1.23873e-08
-0.0714818 3.82465e-06 0.997442

  PixelContainer: 
    ImportImageContainer (0x41cf390)
      RTTI typeinfo:   itk::ImportImageContainer<unsigned long, double>
      Reference Count: 1
      Modified Time: 1589
      Debug: Off
      Object Name: 
      Observers: 
        none
      Pointer: 0x153da384e010
      Container manages memory: true
      Size: 9830400
      Capacity: 9830400

     Weighting = 1
     Sampling strategy = regular
     Number of bins = 32
     Radius = 4
     Sampling percentage  = 0.25
   Transform = Affine
     Gradient step = 0.1
     Update field sigma (voxel space) = 0
     Total field sigma (voxel space) = 0
     Update field time sigma = 0
     Total field time sigma  = 0
     Number of time indices = 0
     Number of time point samples = 0
Registration using 1 total stages.

Stage 0
  iterations = 1000x500x250x100
  convergence threshold = 1e-06
  convergence window size = 10
  number of levels = 4
  using the Mattes MI metric (number of bins = 32, weight = 1, use gradient filter = 0)
  preprocessing:  winsorizing the image intensities
  Shrink factors (level 1 out of 4): [8, 8, 8]
  Shrink factors (level 2 out of 4): [4, 4, 4]
  Shrink factors (level 3 out of 4): [2, 2, 2]
  Shrink factors (level 4 out of 4): [1, 1, 1]
  smoothing sigmas per level: [3, 2, 1, 0]
  regular sampling (percentage = 0.25)

*** Running AffineTransform registration ***

DIAGNOSTIC,Iteration,metricValue,convergenceValue,ITERATION_TIME_INDEX,SINCE_LAST
 2DIAGNOSTIC,     1, -5.790656323491e-01, 1.797693134862e+308, 0.0000e+00, 0.0000e+00, 
 2DIAGNOSTIC,     2, -5.816700725394e-01, 1.797693134862e+308, 0.0000e+00, 0.0000e+00, 
 2DIAGNOSTIC,     3, -5.858866061614e-01, 1.797693134862e+308, 0.0000e+00, 0.0000e+00, 
 2DIAGNOSTIC,     4, -5.939304190797e-01, 1.797693134862e+308, 0.0000e+00, 0.0000e+00, 
 2DIAGNOSTIC,     5, -6.094978247726e-01, 1.797693134862e+308, 0.0000e+00, 0.0000e+00, 
 2DIAGNOSTIC,     6, -6.326287266169e-01, 1.797693134862e+308, 0.0000e+00, 0.0000e+00, 
 2DIAGNOSTIC,     7, -6.774110478031e-01, 1.797693134862e+308, 0.0000e+00, 0.0000e+00, 
 2DIAGNOSTIC,     8, -8.143039758676e-01, 1.797693134862e+308, 0.0000e+00, 0.0000e+00, 
 2DIAGNOSTIC,     9, -8.521956292336e-01, 1.797693134862e+308, 0.0000e+00, 0.0000e+00, 
 2DIAGNOSTIC,    10, -8.657510711865e-01, 3.038919709267e-02, 0.0000e+00, 0.0000e+00, 
 2DIAGNOSTIC,    11, -8.762693492929e-01, 3.052052657079e-02, 0.0000e+00, 0.0000e+00, 
 2DIAGNOSTIC,    12, -8.849796767108e-01, 2.827195822986e-02, 0.0000e+00, 0.0000e+00, 
 2DIAGNOSTIC,    13, -8.852719264066e-01, 2.400837774718e-02, 0.0000e+00, 0.0000e+00, 
 2DIAGNOSTIC,    14, -8.857456940280e-01, 1.855255854751e-02, 0.0000e+00, 0.0000e+00, 
 2DIAGNOSTIC,    15, -8.869007551910e-01, 1.275684189598e-02, 0.0000e+00, 0.0000e+00, 
 2DIAGNOSTIC,    16, -8.871858237255e-01, 7.221113152888e-03, 0.0000e+00, 0.0000e+00, 
 2DIAGNOSTIC,    17, -8.871613860850e-01, 2.688594588342e-03, 0.0000e+00, 0.0000e+00, 
 2DIAGNOSTIC,    18, -8.869164610710e-01, 1.273535961864e-03, 0.0000e+00, 0.0000e+00, 
 2DIAGNOSTIC,    19, -8.866944277012e-01, 6.346634558770e-04, 0.0000e+00, 0.0000e+00, 
 2DIAGNOSTIC,    20, -8.864994562519e-01, 2.486751935783e-04, 0.0000e+00, 0.0000e+00, 
 2DIAGNOSTIC,    21, -8.861726183358e-01, 5.215541239543e-05, 0.0000e+00, 0.0000e+00, 
 2DIAGNOSTIC,    22, -8.861964811714e-01, 1.378475866700e-05, 0.0000e+00, 0.0000e+00, 
DIAGNOSTIC,Iteration,metricValue,convergenceValue,ITERATION_TIME_INDEX,SINCE_LAST
 2DIAGNOSTIC,     1, -7.456395971488e-01, 1.797693134862e+308, 0.0000e+00, 0.0000e+00, 
 2DIAGNOSTIC,     2, -7.465036362085e-01, 1.797693134862e+308, 0.0000e+00, 0.0000e+00, 
 2DIAGNOSTIC,     3, -7.471476393421e-01, 1.797693134862e+308, 0.0000e+00, 0.0000e+00, 
 2DIAGNOSTIC,     4, -7.476892762636e-01, 1.797693134862e+308, 0.0000e+00, 0.0000e+00, 
 2DIAGNOSTIC,     5, -7.482913192918e-01, 1.797693134862e+308, 0.0000e+00, 0.0000e+00, 
 2DIAGNOSTIC,     6, -7.489636482580e-01, 1.797693134862e+308, 0.0000e+00, 0.0000e+00, 
 2DIAGNOSTIC,     7, -7.498839589883e-01, 1.797693134862e+308, 0.0000e+00, 0.0000e+00, 
 2DIAGNOSTIC,     8, -7.499909101155e-01, 1.797693134862e+308, 0.0000e+00, 0.0000e+00, 
 2DIAGNOSTIC,     9, -7.502581838689e-01, 1.797693134862e+308, 0.0000e+00, 0.0000e+00, 
 2DIAGNOSTIC,    10, -7.507253142000e-01, 4.397391487953e-04, 0.0000e+00, 0.0000e+00, 
 2DIAGNOSTIC,    11, -7.507911469153e-01, 3.535697663644e-04, 0.0000e+00, 0.0000e+00, 
 2DIAGNOSTIC,    12, -7.507719624609e-01, 2.766878770671e-04, 0.0000e+00, 0.0000e+00, 
 2DIAGNOSTIC,    13, -7.507506708832e-01, 2.052557889841e-04, 0.0000e+00, 0.0000e+00, 
 2DIAGNOSTIC,    14, -7.507452178102e-01, 1.401790376735e-04, 0.0000e+00, 0.0000e+00, 
 2DIAGNOSTIC,    15, -7.507522141408e-01, 8.620515306358e-05, 0.0000e+00, 0.0000e+00, 
 2DIAGNOSTIC,    16, -7.507285460521e-01, 4.608459488019e-05, 0.0000e+00, 0.0000e+00, 
 2DIAGNOSTIC,    17, -7.507039718956e-01, 2.680697118478e-05, 0.0000e+00, 0.0000e+00, 
 2DIAGNOSTIC,    18, -7.506967223380e-01, 9.472120466203e-06, 0.0000e+00, 0.0000e+00, 
DIAGNOSTIC,Iteration,metricValue,convergenceValue,ITERATION_TIME_INDEX,SINCE_LAST
 2DIAGNOSTIC,     1, -6.296851588520e-01, 1.797693134862e+308, 0.0000e+00, 0.0000e+00, 
 2DIAGNOSTIC,     2, -6.302122197884e-01, 1.797693134862e+308, 0.0000e+00, 0.0000e+00, 
 2DIAGNOSTIC,     3, -6.307054634734e-01, 1.797693134862e+308, 0.0000e+00, 0.0000e+00, 
 2DIAGNOSTIC,     4, -6.313001378569e-01, 1.797693134862e+308, 0.0000e+00, 0.0000e+00, 
 2DIAGNOSTIC,     5, -6.320846512685e-01, 1.797693134862e+308, 0.0000e+00, 0.0000e+00, 
 2DIAGNOSTIC,     6, -6.324060230290e-01, 1.797693134862e+308, 0.0000e+00, 0.0000e+00, 
 2DIAGNOSTIC,     7, -6.324626708839e-01, 1.797693134862e+308, 0.0000e+00, 0.0000e+00, 
 2DIAGNOSTIC,     8, -6.324603961410e-01, 1.797693134862e+308, 0.0000e+00, 0.0000e+00, 
 2DIAGNOSTIC,     9, -6.324577972359e-01, 1.797693134862e+308, 0.0000e+00, 0.0000e+00, 
 2DIAGNOSTIC,    10, -6.324547453440e-01, 2.983223117144e-04, 0.0000e+00, 0.0000e+00, 
 2DIAGNOSTIC,    11, -6.324512879264e-01, 1.977753334394e-04, 0.0000e+00, 0.0000e+00, 
 2DIAGNOSTIC,    12, -6.324493487285e-01, 1.163564181813e-04, 0.0000e+00, 0.0000e+00, 
 2DIAGNOSTIC,    13, -6.324477142489e-01, 5.413254138258e-05, 0.0000e+00, 0.0000e+00, 
 2DIAGNOSTIC,    14, -6.324475644265e-01, 1.464507734765e-05, 0.0000e+00, 0.0000e+00, 
 2DIAGNOSTIC,    15, -6.324455136556e-01, 2.503179719976e-06, 0.0000e+00, 0.0000e+00, 
DIAGNOSTIC,Iteration,metricValue,convergenceValue,ITERATION_TIME_INDEX,SINCE_LAST
 2DIAGNOSTIC,     1, -5.631081114202e-01, 1.797693134862e+308, 0.0000e+00, 0.0000e+00, 
 2DIAGNOSTIC,     2, -5.636443771644e-01, 1.797693134862e+308, 0.0000e+00, 0.0000e+00, 
 2DIAGNOSTIC,     3, -5.642129234429e-01, 1.797693134862e+308, 0.0000e+00, 0.0000e+00, 
 2DIAGNOSTIC,     4, -5.649202554825e-01, 1.797693134862e+308, 0.0000e+00, 0.0000e+00, 
 2DIAGNOSTIC,     5, -5.662696937085e-01, 1.797693134862e+308, 0.0000e+00, 0.0000e+00, 
 2DIAGNOSTIC,     6, -5.662698145547e-01, 1.797693134862e+308, 0.0000e+00, 0.0000e+00, 
 2DIAGNOSTIC,     7, -5.662698191977e-01, 1.797693134862e+308, 0.0000e+00, 0.0000e+00, 
 2DIAGNOSTIC,     8, -5.662698134815e-01, 1.797693134862e+308, 0.0000e+00, 0.0000e+00, 
 2DIAGNOSTIC,     9, -5.662698135936e-01, 1.797693134862e+308, 0.0000e+00, 0.0000e+00, 
 2DIAGNOSTIC,    10, -5.662696730683e-01, 3.816861269679e-04, 0.0000e+00, 0.0000e+00, 
 2DIAGNOSTIC,    11, -5.662696889326e-01, 2.482576607063e-04, 0.0000e+00, 0.0000e+00, 
 2DIAGNOSTIC,    12, -5.662696880640e-01, 1.381550349272e-04, 0.0000e+00, 0.0000e+00, 
 2DIAGNOSTIC,    13, -5.662696880640e-01, 5.460110245799e-05, 0.0000e+00, 0.0000e+00, 
 2DIAGNOSTIC,    14, -5.662696880640e-01, 2.258625753190e-06, 0.0000e+00, 0.0000e+00, 
 2DIAGNOSTIC,    15, -5.662696880640e-01, 2.104688907253e-06, 0.0000e+00, 0.0000e+00, 
 2DIAGNOSTIC,    16, -5.662696880640e-01, 1.974993106821e-06, 0.0000e+00, 0.0000e+00, 
 2DIAGNOSTIC,    17, -5.662696880640e-01, 1.861573995864e-06, 0.0000e+00, 0.0000e+00, 
 2DIAGNOSTIC,    18, -5.662696880640e-01, 1.761182854304e-06, 0.0000e+00, 0.0000e+00, 
 2DIAGNOSTIC,    19, -5.662696880640e-01, 1.671774770770e-06, 0.0000e+00, 0.0000e+00, 
 2DIAGNOSTIC,    20, -5.662696880640e-01, 1.587738747220e-06, 0.0000e+00, 0.0000e+00, 
 2DIAGNOSTIC,    21, -5.662696880640e-01, 1.512094424554e-06, 0.0000e+00, 0.0000e+00, 
 2DIAGNOSTIC,    22, -5.662696880640e-01, 1.443312106005e-06, 0.0000e+00, 0.0000e+00, 
 2DIAGNOSTIC,    23, -5.662696880640e-01, 1.380515083110e-06, 0.0000e+00, 0.0000e+00, 
 2DIAGNOSTIC,    24, -5.662696880640e-01, 1.322954687508e-06, 0.0000e+00, 0.0000e+00, 
 2DIAGNOSTIC,    25, -5.662696880640e-01, 1.270002115625e-06, 0.0000e+00, 0.0000e+00, 
 2DIAGNOSTIC,    26, -5.662696880640e-01, 1.221125363292e-06, 0.0000e+00, 0.0000e+00, 
 2DIAGNOSTIC,    27, -5.662696880640e-01, 1.175871289269e-06, 0.0000e+00, 0.0000e+00, 
 2DIAGNOSTIC,    28, -5.662696880640e-01, 1.133851524254e-06, 0.0000e+00, 0.0000e+00, 
 2DIAGNOSTIC,    29, -5.662696880640e-01, 1.094731297148e-06, 0.0000e+00, 0.0000e+00, 
 2DIAGNOSTIC,    30, -5.662696880640e-01, 1.058220497223e-06, 0.0000e+00, 0.0000e+00, 
 2DIAGNOSTIC,    31, -5.662696880640e-01, 1.024066466911e-06, 0.0000e+00, 0.0000e+00, 
  Elapsed time (stage 0): 0.0000e+00


Total elapsed time: 0.0000e+00
Info [verificarlo]: loaded backend libinterflop_vprec.so
Info [interflop-vprec]: load backend with: 
Info [interflop-vprec]: precision-binary32 = 19
Info [interflop-vprec]: range-binary32 = 7
Info [interflop-vprec]: precision-binary64 = 19
Info [interflop-vprec]: range-binary64 = 7
Info [interflop-vprec]: mode = ob
Info [interflop-vprec]: error-mode = rel
Info [interflop-vprec]: max-abs-error-exponent = -1022
Info [interflop-vprec]: daz = false
Info [interflop-vprec]: ftz = false
Info [interflop-vprec]: 	instrument = none
Info [interflop-vprec]: 	prec-input-file = (null)
Info [interflop-vprec]: 	prec-output-file = (null)
Info [interflop-vprec]: 	prec-log-file = (null)
All_Command_lines_OK
Using double precision for computations.
=============================================================================
The composite transform comprises the following transforms (in order): 
  1. /home/mdugre/scratch/mri-registration-rp/datasets/ds004513/derivatives/mri-registration-rp/0111/antsRegistration-r7-p19/sub-s017/affine_Composite.h5[0] (type = Euler3DTransform)
  2. /home/mdugre/scratch/mri-registration-rp/datasets/ds004513/derivatives/mri-registration-rp/0111/antsRegistration-r7-p19/sub-s017/affine_Composite.h5[1] (type = Euler3DTransform)
  3. /home/mdugre/scratch/mri-registration-rp/datasets/ds004513/derivatives/mri-registration-rp/0111/antsRegistration-r7-p19/sub-s017/affine_Composite.h5[2] (type = Euler3DTransform)
  4. /home/mdugre/scratch/mri-registration-rp/datasets/ds004513/derivatives/mri-registration-rp/0111/antsRegistration-r7-p19/sub-s017/affine_Composite.h5[3] (type = AffineTransform)
=============================================================================
  number of levels = 4
  fixed image: /templateflow/tpl-MNI152NLin2009cAsym/tpl-MNI152NLin2009cAsym_res-01_desc-brain_T1w.nii.gz
  moving image: /home/mdugre/scratch/mri-registration-rp/datasets/ds004513/derivatives/mri-registration-rp/antsBrainExtraction/sub-s017/BrainExtractionBrain.nii.gz
Dimension = 3
Number of stages = 1
Use histogram matching = false
Winsorize image intensities = true
  Lower quantile = 0.005
  Upper quantile = 0.995


Stage 1 State
   Image metric = CC
     Fixed image = Image (0x3cb06f0)
  RTTI typeinfo:   itk::Image<double, 3u>
  Reference Count: 2
  Modified Time: 1608
  Debug: Off
  Object Name: 
  Observers: 
    none
  Source: (none)
  Source output name: (none)
  Release Data: Off
  Data Released: False
  Global Release Data: Off
  PipelineMTime: 0
  UpdateMTime: 1217
  RealTimeStamp: 0 seconds 
  LargestPossibleRegion: 
    Dimension: 3
    Index: [0, 0, 0]
    Size: [193, 229, 193]
  BufferedRegion: 
    Dimension: 3
    Index: [0, 0, 0]
    Size: [193, 229, 193]
  RequestedRegion: 
    Dimension: 3
