
##########################
# Experiment information #
##########################

EXPERIMENT_NAME: antsRegistration-r8-p7
VFC_BACKENDS: libinterflop_vprec.so --range-binary32=8 --precision-binary32=7 --range-binary64=8 --precision-binary64=7

SIF_IMG: /home/mdugre/projects/rrg-glatard/mdugre/containers/ants-vprec-no_metrics.simg

SUBJECT_ID: s037
INPUT_IMG: /home/mdugre/scratch/mri-registration-rp/datasets/ds004513/derivatives/mri-registration-rp/antsBrainExtraction/sub-s037/BrainExtractionBrain.nii.gz
OUTPUT_DIR: /home/mdugre/scratch/mri-registration-rp/datasets/ds004513/derivatives/mri-registration-rp/0111/antsRegistration-r8-p7/sub-s037

FIXED_IMG: /templateflow/tpl-MNI152NLin2009cAsym/tpl-MNI152NLin2009cAsym_res-01_desc-brain_T1w.nii.gz
DATA_DIR: /home/mdugre/scratch/mri-registration-rp/datasets/ds004513
TEMPLATEFLOW_DIR: /home/mdugre/projects/rrg-glatard/mdugre/templateflow
ITK_GLOBAL_DEFAULT_NUMBER_OF_THREADS: 16
##########################

Info [verificarlo]: loaded backend libinterflop_ieee.so
Info [interflop-ieee]: load backend with:
Info [interflop-ieee]: debug = false
Info [interflop-ieee]: debug-binary = false
Info [interflop-ieee]: no-backend-name = false
Info [interflop-ieee]: print-new-line = false
Info [interflop-ieee]: print-subnormal-normalized = false
Info [interflop-ieee]: count-op = false
All_Command_lines_OK
Using double precision for computations.
=============================================================================
The composite transform comprises the following transforms (in order): 
  1. Center of mass alignment using fixed image: /templateflow/tpl-MNI152NLin2009cAsym/tpl-MNI152NLin2009cAsym_res-01_desc-brain_T1w.nii.gz and moving image: /home/mdugre/scratch/mri-registration-rp/datasets/ds004513/derivatives/mri-registration-rp/antsBrainExtraction/sub-s037/BrainExtractionBrain.nii.gz (type = Euler3DTransform)
=============================================================================
  number of levels = 1
  fixed image: /templateflow/tpl-MNI152NLin2009cAsym/tpl-MNI152NLin2009cAsym_res-01_desc-brain_T1w.nii.gz
  moving image: /home/mdugre/scratch/mri-registration-rp/datasets/ds004513/derivatives/mri-registration-rp/antsBrainExtraction/sub-s037/BrainExtractionBrain.nii.gz
Dimension = 3
Number of stages = 1
Use histogram matching = false
Winsorize image intensities = true
  Lower quantile = 0.005
  Upper quantile = 0.995


Stage 1 State
   Image metric = MattesMI
     Fixed image = Image (0x4d56bd0)
  RTTI typeinfo:   itk::Image<double, 3u>
  Reference Count: 2
  Modified Time: 2330
  Debug: Off
  Object Name: 
  Observers: 
    none
  Source: (none)
  Source output name: (none)
  Release Data: Off
  Data Released: False
  Global Release Data: Off
  PipelineMTime: 0
  UpdateMTime: 1941
  RealTimeStamp: 0 seconds 
  LargestPossibleRegion: 
    Dimension: 3
    Index: [0, 0, 0]
    Size: [193, 229, 193]
  BufferedRegion: 
    Dimension: 3
    Index: [0, 0, 0]
    Size: [193, 229, 193]
  RequestedRegion: 
    Dimension: 3
    Index: [0, 0, 0]
    Size: [193, 229, 193]
  Spacing: [1, 1, 1]
  Origin: [96, 132, -78]
  Direction: 
-1 0 0
0 -1 0
0 0 1

  IndexToPointMatrix: 
-1 0 0
0 -1 0
0 0 1

  PointToIndexMatrix: 
-1 0 0
0 -1 0
0 0 1

  Inverse Direction: 
-1 0 0
0 -1 0
0 0 1

  PixelContainer: 
    ImportImageContainer (0x4d5f9e0)
      RTTI typeinfo:   itk::ImportImageContainer<unsigned long, double>
      Reference Count: 1
      Modified Time: 1938
      Debug: Off
      Object Name: 
      Observers: 
        none
      Pointer: 0x153c7182e010
      Container manages memory: true
      Size: 8530021
      Capacity: 8530021

     Moving image = Image (0x4d60d40)
  RTTI typeinfo:   itk::Image<double, 3u>
  Reference Count: 2
  Modified Time: 2331
  Debug: Off
  Object Name: 
  Observers: 
    none
  Source: (none)
  Source output name: (none)
  Release Data: Off
  Data Released: False
  Global Release Data: Off
  PipelineMTime: 0
  UpdateMTime: 2328
  RealTimeStamp: 0 seconds 
  LargestPossibleRegion: 
    Dimension: 3
    Index: [0, 0, 0]
    Size: [160, 240, 256]
  BufferedRegion: 
    Dimension: 3
    Index: [0, 0, 0]
    Size: [160, 240, 256]
  RequestedRegion: 
    Dimension: 3
    Index: [0, 0, 0]
    Size: [160, 240, 256]
  Spacing: [1, 1, 1]
  Origin: [87.9508, 102.562, -147.639]
  Direction: 
-0.998659 -0.0436121 -0.0279129
0.043595 -0.999049 0.00121847
-0.0279395 -2.65543e-08 0.99961

  IndexToPointMatrix: 
-0.998659 -0.0436121 -0.0279129
0.043595 -0.999049 0.00121847
-0.0279395 -2.65543e-08 0.99961

  PointToIndexMatrix: 
-0.998659 0.043595 -0.0279395
-0.0436121 -0.999049 -2.65517e-08
-0.0279129 0.00121847 0.99961

  Inverse Direction: 
-0.998659 0.043595 -0.0279395
-0.0436121 -0.999049 -2.65517e-08
-0.0279129 0.00121847 0.99961

  PixelContainer: 
    ImportImageContainer (0x4d86850)
      RTTI typeinfo:   itk::ImportImageContainer<unsigned long, double>
      Reference Count: 1
      Modified Time: 2325
      Debug: Off
      Object Name: 
      Observers: 
        none
      Pointer: 0x153c6cd2d010
      Container manages memory: true
      Size: 9830400
      Capacity: 9830400

     Weighting = 1
     Sampling strategy = regular
     Number of bins = 32
     Radius = 4
     Sampling percentage  = 0.25
   Transform = Rigid
     Gradient step = 0.1
     Update field sigma (voxel space) = 0
     Total field sigma (voxel space) = 0
     Update field time sigma = 0
     Total field time sigma  = 0
     Number of time indices = 0
     Number of time point samples = 0
Registration using 1 total stages.

Stage 0
  iterations = 0
  convergence threshold = 1e-06
  convergence window size = 10
  number of levels = 1
  using the Mattes MI metric (number of bins = 32, weight = 1, use gradient filter = 0)
  preprocessing:  winsorizing the image intensities
  Shrink factors (level 1 out of 1): [1, 1, 1]
  smoothing sigmas per level: [0]
  regular sampling (percentage = 0.25)

*** Running Euler3DTransform registration ***

  Elapsed time (stage 0): 1.1435


Total elapsed time: 1.1533
Info [verificarlo]: loaded backend libinterflop_vprec.so
Info [interflop-vprec]: load backend with: 
Info [interflop-vprec]: precision-binary32 = 7
Info [interflop-vprec]: range-binary32 = 8
Info [interflop-vprec]: precision-binary64 = 7
Info [interflop-vprec]: range-binary64 = 8
Info [interflop-vprec]: mode = ob
Info [interflop-vprec]: error-mode = rel
Info [interflop-vprec]: max-abs-error-exponent = -1022
Info [interflop-vprec]: daz = false
Info [interflop-vprec]: ftz = false
Info [interflop-vprec]: 	instrument = none
Info [interflop-vprec]: 	prec-input-file = (null)
Info [interflop-vprec]: 	prec-output-file = (null)
Info [interflop-vprec]: 	prec-log-file = (null)
All_Command_lines_OK
Using double precision for computations.
=============================================================================
The composite transform comprises the following transforms (in order): 
  1. /home/mdugre/scratch/mri-registration-rp/datasets/ds004513/derivatives/mri-registration-rp/0111/antsRegistration-r8-p7/sub-s037/align_Composite.h5[0] (type = Euler3DTransform)
  2. /home/mdugre/scratch/mri-registration-rp/datasets/ds004513/derivatives/mri-registration-rp/0111/antsRegistration-r8-p7/sub-s037/align_Composite.h5[1] (type = Euler3DTransform)
=============================================================================
  number of levels = 4
  fixed image: /templateflow/tpl-MNI152NLin2009cAsym/tpl-MNI152NLin2009cAsym_res-01_desc-brain_T1w.nii.gz
  moving image: /home/mdugre/scratch/mri-registration-rp/datasets/ds004513/derivatives/mri-registration-rp/antsBrainExtraction/sub-s037/BrainExtractionBrain.nii.gz
Dimension = 3
Number of stages = 1
Use histogram matching = false
Winsorize image intensities = true
  Lower quantile = 0.005
  Upper quantile = 0.995


Stage 1 State
   Image metric = MattesMI
     Fixed image = Image (0x4f951e0)
  RTTI typeinfo:   itk::Image<double, 3u>
  Reference Count: 2
  Modified Time: 1578
  Debug: Off
  Object Name: 
  Observers: 
    none
  Source: (none)
  Source output name: (none)
  Release Data: Off
  Data Released: False
  Global Release Data: Off
  PipelineMTime: 0
  UpdateMTime: 1189
  RealTimeStamp: 0 seconds 
  LargestPossibleRegion: 
    Dimension: 3
    Index: [0, 0, 0]
    Size: [193, 229, 193]
  BufferedRegion: 
    Dimension: 3
    Index: [0, 0, 0]
    Size: [193, 229, 193]
  RequestedRegion: 
    Dimension: 3
    Index: [0, 0, 0]
    Size: [193, 229, 193]
  Spacing: [1, 1, 1]
  Origin: [96, 132, -78]
  Direction: 
-1 0 0
0 -1 0
0 0 1

  IndexToPointMatrix: 
-1 0 0
0 -1 0
0 0 1

  PointToIndexMatrix: 
-1 0 0
0 -1 0
0 0 1

  Inverse Direction: 
-1 0 0
0 -1 0
0 0 1

  PixelContainer: 
    ImportImageContainer (0x5054680)
      RTTI typeinfo:   itk::ImportImageContainer<unsigned long, double>
      Reference Count: 1
      Modified Time: 1186
      Debug: Off
      Object Name: 
      Observers: 
        none
      Pointer: 0x15533e5ed010
      Container manages memory: true
      Size: 8530021
      Capacity: 8530021

     Moving image = Image (0x5050b20)
  RTTI typeinfo:   itk::Image<double, 3u>
  Reference Count: 2
  Modified Time: 1579
  Debug: Off
  Object Name: 
  Observers: 
    none
  Source: (none)
  Source output name: (none)
  Release Data: Off
  Data Released: False
  Global Release Data: Off
  PipelineMTime: 0
  UpdateMTime: 1576
  RealTimeStamp: 0 seconds 
  LargestPossibleRegion: 
    Dimension: 3
    Index: [0, 0, 0]
    Size: [160, 240, 256]
  BufferedRegion: 
    Dimension: 3
    Index: [0, 0, 0]
    Size: [160, 240, 256]
  RequestedRegion: 
    Dimension: 3
    Index: [0, 0, 0]
    Size: [160, 240, 256]
  Spacing: [1, 1, 1]
  Origin: [88, 102.5, -148]
  Direction: 
-1 -0.0437012 -0.0279541
0.0437012 -1 0.0012207
-0.0279541 0 1

  IndexToPointMatrix: 
-1 -0.0437012 -0.0279541
0.0437012 -1 0.0012207
-0.0279541 0 1

  PointToIndexMatrix: 
-1 0.0437012 -0.0279541
-0.0437012 -1 0
-0.0279541 0.0012207 1

  Inverse Direction: 
-1 0.0437012 -0.0279541
-0.0437012 -1 0
-0.0279541 0.0012207 1

  PixelContainer: 
    ImportImageContainer (0x50b9d50)
      RTTI typeinfo:   itk::ImportImageContainer<unsigned long, double>
      Reference Count: 1
      Modified Time: 1573
      Debug: Off
      Object Name: 
      Observers: 
        none
      Pointer: 0x155339aec010
      Container manages memory: true
      Size: 9830400
      Capacity: 9830400

     Weighting = 1
     Sampling strategy = regular
     Number of bins = 32
     Radius = 4
     Sampling percentage  = 0.25
   Transform = Rigid
     Gradient step = 0.1
     Update field sigma (voxel space) = 0
     Total field sigma (voxel space) = 0
     Update field time sigma = 0
     Total field time sigma  = 0
     Number of time indices = 0
     Number of time point samples = 0
Registration using 1 total stages.

Stage 0
  iterations = 1000x500x250x100
  convergence threshold = 1e-06
  convergence window size = 10
  number of levels = 4
  using the Mattes MI metric (number of bins = 32, weight = 1, use gradient filter = 0)
  preprocessing:  winsorizing the image intensities
  Shrink factors (level 1 out of 4): [8, 8, 8]
  Shrink factors (level 2 out of 4): [4, 4, 4]
  Shrink factors (level 3 out of 4): [2, 2, 2]
  Shrink factors (level 4 out of 4): [1, 1, 1]
  smoothing sigmas per level: [3, 2, 1, 0]
  regular sampling (percentage = 0.25)

*** Running Euler3DTransform registration ***

DIAGNOSTIC,Iteration,metricValue,convergenceValue,ITERATION_TIME_INDEX,SINCE_LAST
 2DIAGNOSTIC,     1, -4.427241453685e-01, 1.797693134862e+308, 0.0000e+00, 0.0000e+00, 
 2DIAGNOSTIC,     2, -4.428548026347e-01, 1.797693134862e+308, 0.0000e+00, 0.0000e+00, 
 2DIAGNOSTIC,     3, -4.428564155694e-01, 1.797693134862e+308, 0.0000e+00, 0.0000e+00, 
 2DIAGNOSTIC,     4, -4.428564155635e-01, 1.797693134862e+308, 0.0000e+00, 0.0000e+00, 
 2DIAGNOSTIC,     5, -4.428192985352e-01, 1.797693134862e+308, 0.0000e+00, 0.0000e+00, 
 2DIAGNOSTIC,     6, -4.427595385519e-01, 1.797693134862e+308, 0.0000e+00, 0.0000e+00, 
 2DIAGNOSTIC,     7, -4.427733766928e-01, 1.797693134862e+308, 0.0000e+00, 0.0000e+00, 
 2DIAGNOSTIC,     8, -4.427733766190e-01, 1.797693134862e+308, 0.0000e+00, 0.0000e+00, 
 2DIAGNOSTIC,     9, -4.427199145900e-01, 1.797693134862e+308, 0.0000e+00, 0.0000e+00, 
DIAGNOSTIC,Iteration,metricValue,convergenceValue,ITERATION_TIME_INDEX,SINCE_LAST
 2DIAGNOSTIC,     1, -3.599156580729e-01, 1.797693134862e+308, 0.0000e+00, 0.0000e+00, 
 2DIAGNOSTIC,     2, -3.603436999794e-01, 1.797693134862e+308, 0.0000e+00, 0.0000e+00, 
 2DIAGNOSTIC,     3, -3.608852138284e-01, 1.797693134862e+308, 0.0000e+00, 0.0000e+00, 
 2DIAGNOSTIC,     4, -3.623156298585e-01, 1.797693134862e+308, 0.0000e+00, 0.0000e+00, 
 2DIAGNOSTIC,     5, -3.626845865413e-01, 1.797693134862e+308, 0.0000e+00, 0.0000e+00, 
 2DIAGNOSTIC,     6, -3.642802737617e-01, 1.797693134862e+308, 0.0000e+00, 0.0000e+00, 
 2DIAGNOSTIC,     7, -3.686308313396e-01, 1.797693134862e+308, 0.0000e+00, 0.0000e+00, 
 2DIAGNOSTIC,     8, -3.698412033340e-01, 1.797693134862e+308, 0.0000e+00, 0.0000e+00, 
 2DIAGNOSTIC,     9, -3.708498550752e-01, 1.797693134862e+308, 0.0000e+00, 0.0000e+00, 
 2DIAGNOSTIC,    10, -3.735116542608e-01, 2.508468213511e-03, 0.0000e+00, 0.0000e+00, 
 2DIAGNOSTIC,    11, -3.792394353700e-01, 2.814637422334e-03, 0.0000e+00, 0.0000e+00, 
 2DIAGNOSTIC,    12, -3.915659027275e-01, 3.615706338516e-03, 0.0000e+00, 0.0000e+00, 
 2DIAGNOSTIC,    13, -4.076953809460e-01, 4.910844313920e-03, 0.0000e+00, 0.0000e+00, 
 2DIAGNOSTIC,    14, -4.454839494464e-01, 7.622076606448e-03, 0.0000e+00, 0.0000e+00, 
 2DIAGNOSTIC,    15, -4.809125574079e-01, 1.089714869549e-02, 0.0000e+00, 0.0000e+00, 
 2DIAGNOSTIC,    16, -4.797303222519e-01, 1.267948757783e-02, 0.0000e+00, 0.0000e+00, 
 2DIAGNOSTIC,    17, -4.799005282786e-01, 1.327949554790e-02, 0.0000e+00, 0.0000e+00, 
 2DIAGNOSTIC,    18, -4.827862470168e-01, 1.275084753326e-02, 0.0000e+00, 0.0000e+00, 
 2DIAGNOSTIC,    19, -4.821094211282e-01, 1.110714667843e-02, 0.0000e+00, 0.0000e+00, 
 2DIAGNOSTIC,    20, -4.846223832786e-01, 8.799590106724e-03, 0.0000e+00, 0.0000e+00, 
 2DIAGNOSTIC,    21, -4.872492609227e-01, 6.218422279175e-03, 0.0000e+00, 0.0000e+00, 
 2DIAGNOSTIC,    22, -4.872492609227e-01, 3.734848056176e-03, 0.0000e+00, 0.0000e+00, 
 2DIAGNOSTIC,    23, -4.872492609227e-01, 1.611914327359e-03, 0.0000e+00, 0.0000e+00, 
 2DIAGNOSTIC,    24, -4.872492609227e-01, 5.770970272906e-04, 0.0000e+00, 0.0000e+00, 
 2DIAGNOSTIC,    25, -4.872492609227e-01, 5.330156807502e-04, 0.0000e+00, 0.0000e+00, 
 2DIAGNOSTIC,    26, -4.872492609227e-01, 4.117452485537e-04, 0.0000e+00, 0.0000e+00, 
 2DIAGNOSTIC,    27, -4.872492609227e-01, 2.648671196826e-04, 0.0000e+00, 0.0000e+00, 
 2DIAGNOSTIC,    28, -4.872492609227e-01, 1.750005694145e-04, 0.0000e+00, 0.0000e+00, 
 2DIAGNOSTIC,    29, -4.872492609227e-01, 5.939859526961e-05, 0.0000e+00, 0.0000e+00, 
DIAGNOSTIC,Iteration,metricValue,convergenceValue,ITERATION_TIME_INDEX,SINCE_LAST
 2DIAGNOSTIC,     1, -4.246467662807e-01, 1.797693134862e+308, 0.0000e+00, 0.0000e+00, 
 2DIAGNOSTIC,     2, -4.246467662807e-01, 1.797693134862e+308, 0.0000e+00, 0.0000e+00, 
 2DIAGNOSTIC,     3, -4.246467662807e-01, 1.797693134862e+308, 0.0000e+00, 0.0000e+00, 
 2DIAGNOSTIC,     4, -4.246467662807e-01, 1.797693134862e+308, 0.0000e+00, 0.0000e+00, 
 2DIAGNOSTIC,     5, -4.246467662807e-01, 1.797693134862e+308, 0.0000e+00, 0.0000e+00, 
 2DIAGNOSTIC,     6, -4.246467662807e-01, 1.797693134862e+308, 0.0000e+00, 0.0000e+00, 
 2DIAGNOSTIC,     7, -4.246467662807e-01, 1.797693134862e+308, 0.0000e+00, 0.0000e+00, 
 2DIAGNOSTIC,     8, -4.246467662807e-01, 1.797693134862e+308, 0.0000e+00, 0.0000e+00, 
 2DIAGNOSTIC,     9, -4.246467662807e-01, 1.797693134862e+308, 0.0000e+00, 0.0000e+00, 
DIAGNOSTIC,Iteration,metricValue,convergenceValue,ITERATION_TIME_INDEX,SINCE_LAST
 2DIAGNOSTIC,     1, -3.888972552129e-01, 1.797693134862e+308, 0.0000e+00, 0.0000e+00, 
 2DIAGNOSTIC,     2, -3.889829827889e-01, 1.797693134862e+308, 0.0000e+00, 0.0000e+00, 
 2DIAGNOSTIC,     3, -3.890536386635e-01, 1.797693134862e+308, 0.0000e+00, 0.0000e+00, 
 2DIAGNOSTIC,     4, -3.890937255980e-01, 1.797693134862e+308, 0.0000e+00, 0.0000e+00, 
 2DIAGNOSTIC,     5, -3.890937255980e-01, 1.797693134862e+308, 0.0000e+00, 0.0000e+00, 
 2DIAGNOSTIC,     6, -3.890937255980e-01, 1.797693134862e+308, 0.0000e+00, 0.0000e+00, 
 2DIAGNOSTIC,     7, -3.890937255980e-01, 1.797693134862e+308, 0.0000e+00, 0.0000e+00, 
 2DIAGNOSTIC,     8, -3.890937255980e-01, 1.797693134862e+308, 0.0000e+00, 0.0000e+00, 
 2DIAGNOSTIC,     9, -3.890937255980e-01, 1.797693134862e+308, 0.0000e+00, 0.0000e+00, 
 2DIAGNOSTIC,    10, -3.890937255980e-01, 2.345603682209e-05, 0.0000e+00, 0.0000e+00, 
 2DIAGNOSTIC,    11, -3.890937255980e-01, 9.671535118175e-06, 0.0000e+00, 0.0000e+00, 
 2DIAGNOSTIC,    12, -3.890937255980e-01, 2.437069405073e-06, 0.0000e+00, 0.0000e+00, 
  Elapsed time (stage 0): 0.0000e+00


Total elapsed time: 0.0000e+00
Info [verificarlo]: loaded backend libinterflop_vprec.so
Info [interflop-vprec]: load backend with: 
Info [interflop-vprec]: precision-binary32 = 7
Info [interflop-vprec]: range-binary32 = 8
Info [interflop-vprec]: precision-binary64 = 7
Info [interflop-vprec]: range-binary64 = 8
Info [interflop-vprec]: mode = ob
Info [interflop-vprec]: error-mode = rel
Info [interflop-vprec]: max-abs-error-exponent = -1022
Info [interflop-vprec]: daz = false
Info [interflop-vprec]: ftz = false
Info [interflop-vprec]: 	instrument = none
Info [interflop-vprec]: 	prec-input-file = (null)
Info [interflop-vprec]: 	prec-output-file = (null)
Info [interflop-vprec]: 	prec-log-file = (null)
All_Command_lines_OK
Using double precision for computations.
=============================================================================
The composite transform comprises the following transforms (in order): 
  1. /home/mdugre/scratch/mri-registration-rp/datasets/ds004513/derivatives/mri-registration-rp/0111/antsRegistration-r8-p7/sub-s037/rigid_Composite.h5[0] (type = Euler3DTransform)
  2. /home/mdugre/scratch/mri-registration-rp/datasets/ds004513/derivatives/mri-registration-rp/0111/antsRegistration-r8-p7/sub-s037/rigid_Composite.h5[1] (type = Euler3DTransform)
  3. /home/mdugre/scratch/mri-registration-rp/datasets/ds004513/derivatives/mri-registration-rp/0111/antsRegistration-r8-p7/sub-s037/rigid_Composite.h5[2] (type = Euler3DTransform)
=============================================================================
  number of levels = 4
  fixed image: /templateflow/tpl-MNI152NLin2009cAsym/tpl-MNI152NLin2009cAsym_res-01_desc-brain_T1w.nii.gz
  moving image: /home/mdugre/scratch/mri-registration-rp/datasets/ds004513/derivatives/mri-registration-rp/antsBrainExtraction/sub-s037/BrainExtractionBrain.nii.gz
Dimension = 3
Number of stages = 1
Use histogram matching = false
Winsorize image intensities = true
  Lower quantile = 0.005
  Upper quantile = 0.995


Stage 1 State
   Image metric = MattesMI
     Fixed image = Image (0x46d71e0)
  RTTI typeinfo:   itk::Image<double, 3u>
  Reference Count: 2
  Modified Time: 1592
  Debug: Off
  Object Name: 
  Observers: 
    none
  Source: (none)
  Source output name: (none)
  Release Data: Off
  Data Released: False
  Global Release Data: Off
  PipelineMTime: 0
  UpdateMTime: 1203
  RealTimeStamp: 0 seconds 
  LargestPossibleRegion: 
    Dimension: 3
    Index: [0, 0, 0]
    Size: [193, 229, 193]
  BufferedRegion: 
    Dimension: 3
    Index: [0, 0, 0]
    Size: [193, 229, 193]
  RequestedRegion: 
    Dimension: 3
    Index: [0, 0, 0]
    Size: [193, 229, 193]
  Spacing: [1, 1, 1]
  Origin: [96, 132, -78]
  Direction: 
-1 0 0
0 -1 0
0 0 1

  IndexToPointMatrix: 
-1 0 0
0 -1 0
0 0 1

  PointToIndexMatrix: 
-1 0 0
0 -1 0
0 0 1

  Inverse Direction: 
-1 0 0
0 -1 0
0 0 1

  PixelContainer: 
    ImportImageContainer (0x47a5440)
      RTTI typeinfo:   itk::ImportImageContainer<unsigned long, double>
      Reference Count: 1
      Modified Time: 1200
      Debug: Off
      Object Name: 
      Observers: 
        none
      Pointer: 0x151f2a446010
      Container manages memory: true
      Size: 8530021
      Capacity: 8530021

     Moving image = Image (0x47929b0)
  RTTI typeinfo:   itk::Image<double, 3u>
  Reference Count: 2
  Modified Time: 1593
  Debug: Off
  Object Name: 
  Observers: 
    none
  Source: (none)
  Source output name: (none)
  Release Data: Off
  Data Released: False
  Global Release Data: Off
  PipelineMTime: 0
  UpdateMTime: 1590
  RealTimeStamp: 0 seconds 
  LargestPossibleRegion: 
    Dimension: 3
    Index: [0, 0, 0]
    Size: [160, 240, 256]
  BufferedRegion: 
    Dimension: 3
    Index: [0, 0, 0]
    Size: [160, 240, 256]
  RequestedRegion: 
    Dimension: 3
    Index: [0, 0, 0]
    Size: [160, 240, 256]
  Spacing: [1, 1, 1]
  Origin: [88, 102.5, -148]
  Direction: 
-1 -0.0437012 -0.0279541
0.0437012 -1 0.0012207
-0.0279541 0 1

  IndexToPointMatrix: 
-1 -0.0437012 -0.0279541
0.0437012 -1 0.0012207
-0.0279541 0 1

  PointToIndexMatrix: 
-1 0.0437012 -0.0279541
-0.0437012 -1 0
-0.0279541 0.0012207 1

  Inverse Direction: 
-1 0.0437012 -0.0279541
-0.0437012 -1 0
-0.0279541 0.0012207 1

  PixelContainer: 
    ImportImageContainer (0x4748710)
      RTTI typeinfo:   itk::ImportImageContainer<unsigned long, double>
      Reference Count: 1
      Modified Time: 1587
      Debug: Off
      Object Name: 
      Observers: 
        none
      Pointer: 0x151f25945010
      Container manages memory: true
      Size: 9830400
      Capacity: 9830400

     Weighting = 1
     Sampling strategy = regular
     Number of bins = 32
     Radius = 4
     Sampling percentage  = 0.25
   Transform = Affine
     Gradient step = 0.1
     Update field sigma (voxel space) = 0
     Total field sigma (voxel space) = 0
     Update field time sigma = 0
     Total field time sigma  = 0
     Number of time indices = 0
     Number of time point samples = 0
Registration using 1 total stages.

Stage 0
  iterations = 1000x500x250x100
  convergence threshold = 1e-06
  convergence window size = 10
  number of levels = 4
  using the Mattes MI metric (number of bins = 32, weight = 1, use gradient filter = 0)
  preprocessing:  winsorizing the image intensities
  Shrink factors (level 1 out of 4): [8, 8, 8]
  Shrink factors (level 2 out of 4): [4, 4, 4]
  Shrink factors (level 3 out of 4): [2, 2, 2]
  Shrink factors (level 4 out of 4): [1, 1, 1]
  smoothing sigmas per level: [3, 2, 1, 0]
  regular sampling (percentage = 0.25)

*** Running AffineTransform registration ***

DIAGNOSTIC,Iteration,metricValue,convergenceValue,ITERATION_TIME_INDEX,SINCE_LAST
 2DIAGNOSTIC,     1, -6.035896501245e-01, 1.797693134862e+308, 0.0000e+00, 0.0000e+00, 
 2DIAGNOSTIC,     2, -6.036743372578e-01, 1.797693134862e+308, 0.0000e+00, 0.0000e+00, 
 2DIAGNOSTIC,     3, -6.034822469014e-01, 1.797693134862e+308, 0.0000e+00, 0.0000e+00, 
 2DIAGNOSTIC,     4, -6.034822425560e-01, 1.797693134862e+308, 0.0000e+00, 0.0000e+00, 
 2DIAGNOSTIC,     5, -6.034822425560e-01, 1.797693134862e+308, 0.0000e+00, 0.0000e+00, 
 2DIAGNOSTIC,     6, -6.034822419573e-01, 1.797693134862e+308, 0.0000e+00, 0.0000e+00, 
 2DIAGNOSTIC,     7, -6.034822419573e-01, 1.797693134862e+308, 0.0000e+00, 0.0000e+00, 
 2DIAGNOSTIC,     8, -6.034822419560e-01, 1.797693134862e+308, 0.0000e+00, 0.0000e+00, 
 2DIAGNOSTIC,     9, -6.034822399123e-01, 1.797693134862e+308, 0.0000e+00, 0.0000e+00, 
DIAGNOSTIC,Iteration,metricValue,convergenceValue,ITERATION_TIME_INDEX,SINCE_LAST
 2DIAGNOSTIC,     1, -4.867941184588e-01, 1.797693134862e+308, 0.0000e+00, 0.0000e+00, 
 2DIAGNOSTIC,     2, -4.867941184588e-01, 1.797693134862e+308, 0.0000e+00, 0.0000e+00, 
 2DIAGNOSTIC,     3, -4.867940861203e-01, 1.797693134862e+308, 0.0000e+00, 0.0000e+00, 
 2DIAGNOSTIC,     4, -4.867875628793e-01, 1.797693134862e+308, 0.0000e+00, 0.0000e+00, 
 2DIAGNOSTIC,     5, -4.867875627051e-01, 1.797693134862e+308, 0.0000e+00, 0.0000e+00, 
 2DIAGNOSTIC,     6, -4.867875632818e-01, 1.797693134862e+308, 0.0000e+00, 0.0000e+00, 
 2DIAGNOSTIC,     7, -4.867708534847e-01, 1.797693134862e+308, 0.0000e+00, 0.0000e+00, 
 2DIAGNOSTIC,     8, -4.867708535661e-01, 1.797693134862e+308, 0.0000e+00, 0.0000e+00, 
 2DIAGNOSTIC,     9, -4.867708535661e-01, 1.797693134862e+308, 0.0000e+00, 0.0000e+00, 
DIAGNOSTIC,Iteration,metricValue,convergenceValue,ITERATION_TIME_INDEX,SINCE_LAST
 2DIAGNOSTIC,     1, -4.252731665959e-01, 1.797693134862e+308, 0.0000e+00, 0.0000e+00, 
 2DIAGNOSTIC,     2, -4.252729466698e-01, 1.797693134862e+308, 0.0000e+00, 0.0000e+00, 
 2DIAGNOSTIC,     3, -4.252729466700e-01, 1.797693134862e+308, 0.0000e+00, 0.0000e+00, 
 2DIAGNOSTIC,     4, -4.252729466700e-01, 1.797693134862e+308, 0.0000e+00, 0.0000e+00, 
 2DIAGNOSTIC,     5, -4.252729466700e-01, 1.797693134862e+308, 0.0000e+00, 0.0000e+00, 
 2DIAGNOSTIC,     6, -4.252729466700e-01, 1.797693134862e+308, 0.0000e+00, 0.0000e+00, 
 2DIAGNOSTIC,     7, -4.252729466466e-01, 1.797693134862e+308, 0.0000e+00, 0.0000e+00, 
 2DIAGNOSTIC,     8, -4.252729466466e-01, 1.797693134862e+308, 0.0000e+00, 0.0000e+00, 
 2DIAGNOSTIC,     9, -4.252729466466e-01, 1.797693134862e+308, 0.0000e+00, 0.0000e+00, 
DIAGNOSTIC,Iteration,metricValue,convergenceValue,ITERATION_TIME_INDEX,SINCE_LAST
 2DIAGNOSTIC,     1, -3.892275499885e-01, 1.797693134862e+308, 0.0000e+00, 0.0000e+00, 
 2DIAGNOSTIC,     2, -3.892264662489e-01, 1.797693134862e+308, 0.0000e+00, 0.0000e+00, 
 2DIAGNOSTIC,     3, -3.892269699631e-01, 1.797693134862e+308, 0.0000e+00, 0.0000e+00, 
 2DIAGNOSTIC,     4, -3.892248797680e-01, 1.797693134862e+308, 0.0000e+00, 0.0000e+00, 
 2DIAGNOSTIC,     5, -3.892235919971e-01, 1.797693134862e+308, 0.0000e+00, 0.0000e+00, 
 2DIAGNOSTIC,     6, -3.892205059257e-01, 1.797693134862e+308, 0.0000e+00, 0.0000e+00, 
 2DIAGNOSTIC,     7, -3.892220551078e-01, 1.797693134862e+308, 0.0000e+00, 0.0000e+00, 
 2DIAGNOSTIC,     8, -3.892222106813e-01, 1.797693134862e+308, 0.0000e+00, 0.0000e+00, 
 2DIAGNOSTIC,     9, -3.892223118974e-01, 1.797693134862e+308, 0.0000e+00, 0.0000e+00, 
  Elapsed time (stage 0): 0.0000e+00


Total elapsed time: 0.0000e+00
Info [verificarlo]: loaded backend libinterflop_vprec.so
Info [interflop-vprec]: load backend with: 
Info [interflop-vprec]: precision-binary32 = 7
Info [interflop-vprec]: range-binary32 = 8
Info [interflop-vprec]: precision-binary64 = 7
Info [interflop-vprec]: range-binary64 = 8
Info [interflop-vprec]: mode = ob
Info [interflop-vprec]: error-mode = rel
Info [interflop-vprec]: max-abs-error-exponent = -1022
Info [interflop-vprec]: daz = false
Info [interflop-vprec]: ftz = false
Info [interflop-vprec]: 	instrument = none
Info [interflop-vprec]: 	prec-input-file = (null)
Info [interflop-vprec]: 	prec-output-file = (null)
Info [interflop-vprec]: 	prec-log-file = (null)
All_Command_lines_OK
Using double precision for computations.
=============================================================================
The composite transform comprises the following transforms (in order): 
  1. /home/mdugre/scratch/mri-registration-rp/datasets/ds004513/derivatives/mri-registration-rp/0111/antsRegistration-r8-p7/sub-s037/affine_Composite.h5[0] (type = Euler3DTransform)
  2. /home/mdugre/scratch/mri-registration-rp/datasets/ds004513/derivatives/mri-registration-rp/0111/antsRegistration-r8-p7/sub-s037/affine_Composite.h5[1] (type = Euler3DTransform)
  3. /home/mdugre/scratch/mri-registration-rp/datasets/ds004513/derivatives/mri-registration-rp/0111/antsRegistration-r8-p7/sub-s037/affine_Composite.h5[2] (type = Euler3DTransform)
  4. /home/mdugre/scratch/mri-registration-rp/datasets/ds004513/derivatives/mri-registration-rp/0111/antsRegistration-r8-p7/sub-s037/affine_Composite.h5[3] (type = AffineTransform)
=============================================================================
  number of levels = 4
  fixed image: /templateflow/tpl-MNI152NLin2009cAsym/tpl-MNI152NLin2009cAsym_res-01_desc-brain_T1w.nii.gz
  moving image: /home/mdugre/scratch/mri-registration-rp/datasets/ds004513/derivatives/mri-registration-rp/antsBrainExtraction/sub-s037/BrainExtractionBrain.nii.gz
Dimension = 3
Number of stages = 1
Use histogram matching = false
Winsorize image intensities = true
  Lower quantile = 0.005
  Upper quantile = 0.995


Stage 1 State
   Image metric = CC
     Fixed image = Image (0x3a456f0)
  RTTI typeinfo:   itk::Image<double, 3u>
  Reference Count: 2
  Modified Time: 1606
  Debug: Off
  Object Name: 
  Observers: 
    none
  Source: (none)
  Source output name: (none)
  Release Data: Off
  Data Released: False
  Global Release Data: Off
  PipelineMTime: 0
  UpdateMTime: 1217
  RealTimeStamp: 0 seconds 
  LargestPossibleRegion: 
    Dimension: 3
    Index: [0, 0, 0]
    Size: [193, 229, 193]
  BufferedRegion: 
    Dimension: 3
    Index: [0, 0, 0]
    Size: [193, 229, 193]
  RequestedRegion: 
    Dimension: 3
    Index: [0, 0, 0]
    Size: [193, 229, 193]
  Spacing: [1, 1, 1]
  Origin: [96, 132, -78]
  Direction: 
-1 0 0
0 -1 0
0 0 1

  IndexToPointMatrix: 
-1 0 0
0 -1 0
0 0 1

  PointToIndexMatrix: 
-1 0 0
0 -1 0
0 0 1

  Inverse Direction: 
-1 0 0
0 -1 0
0 0 1

  PixelContainer: 
    ImportImageContainer (0x3b11f80)
      RTTI typeinfo:   itk::ImportImageContainer<unsigned long, double>
      Reference Count: 1
      Modified Time: 1214
      Debug: Off
      Object Name: 
      Observers: 
        none
      Pointer: 0x1482d8e88010
      Container manages memory: true
      Size: 8530021
      Capacity: 8530021

     Moving image = Image (0x3b00fc0)
  RTTI typeinfo:   itk::Image<double, 3u>
  Reference Count: 2
  Modified Time: 1607
  Debug: Off
  Object Name: 
  Observers: 
    none
  Source: (none)
  Source output name: (none)
  Release Data: Off
  Data Released: False
  Global Release Data: Off
  PipelineMTime: 0
  UpdateMTime: 1604
  RealTimeStamp: 0 seconds 
  LargestPossibleRegion: 
    Dimension: 3
    Index: [0, 0, 0]
    Size: [160, 240, 256]
  BufferedRegion: 
    Dimension: 3
    Index: [0, 0, 0]
    Size: [160, 240, 256]
  RequestedRegion: 
    Dimension: 3
    Index: [0, 0, 0]
    Size: [160, 240, 256]
  Spacing: [1, 1, 1]
  Origin: [88, 102.5, -148]
  Direction: 
-1 -0.0437012 -0.0279541
0.0437012 -1 0.0012207
-0.0279541 0 1

  IndexToPointMatrix: 
-1 -0.0437012 -0.0279541
0.0437012 -1 0.0012207
-0.0279541 0 1

  PointToIndexMatrix: 
-1 0.0437012 -0.0279541
-0.0437012 -1 0
-0.0279541 0.0012207 1

  Inverse Direction: 
-1 0.0437012 -0.0279541
-0.0437012 -1 0
-0.0279541 0.0012207 1

  PixelContainer: 
    ImportImageContainer (0x3a76990)
      RTTI typeinfo:   itk::ImportImageContainer<unsigned long, double>
      Reference Count: 1
      Modified Time: 1601
      Debug: Off
      Object Name: 
      Observers: 
        none
      Pointer: 0x1482d4387010
      Container manages memory: true
      Size: 9830400
      Capacity: 9830400

     Weighting = 1
     Sampling strategy = none
     Number of bins = 32
     Radius = 4
     Sampling percentage  = 1
   Transform = SyN
     Gradient step = 0.1
     Update field sigma (voxel space) = 3
     Total field sigma (voxel space) = 0
     Update field time sigma = 0
     Total field time sigma  = 0
     Number of time indices = 0
     Number of time point samples = 0
Registration using 1 total stages.

Stage 0
  iterations = 100x70x50x20
  convergence threshold = 1e-06
  convergence window size = 10
  number of levels = 4
  using the CC metric (radius = 4, weight = 1, use gradient filter = 0)
  preprocessing:  winsorizing the image intensities
  Shrink factors (level 1 out of 4): [8, 8, 8]
  Shrink factors (level 2 out of 4): [4, 4, 4]
  Shrink factors (level 3 out of 4): [2, 2, 2]
  Shrink factors (level 4 out of 4): [1, 1, 1]
  smoothing sigmas per level: [3, 2, 1, 0]
  Using default NONE metricSamplingStrategy 

*** Running SyN registration (varianceForUpdateField = 3, varianceForTotalField = 0) ***

XXDIAGNOSTIC,Iteration,metricValue,convergenceValue,ITERATION_TIME_INDEX,SINCE_LAST
 1DIAGNOSTIC,     1, -6.992187500000e-01, 1.797693134862e+308, 0.0000e+00, 0.0000e+00, 
 1DIAGNOSTIC,     2, -7.304687500000e-01, 1.797693134862e+308, 0.0000e+00, 0.0000e+00, 
 1DIAGNOSTIC,     3, -7.734375000000e-01, 1.797693134862e+308, 0.0000e+00, 0.0000e+00, 
 1DIAGNOSTIC,     4, -8.085937500000e-01, 1.797693134862e+308, 0.0000e+00, 0.0000e+00, 
 1DIAGNOSTIC,     5, -8.242187500000e-01, 1.797693134862e+308, 0.0000e+00, 0.0000e+00, 
 1DIAGNOSTIC,     6, -8.359375000000e-01, 1.797693134862e+308, 0.0000e+00, 0.0000e+00, 
 1DIAGNOSTIC,     7, -8.398437500000e-01, 1.797693134862e+308, 0.0000e+00, 0.0000e+00, 
 1DIAGNOSTIC,     8, -8.476562500000e-01, 1.797693134862e+308, 0.0000e+00, 0.0000e+00, 
 1DIAGNOSTIC,     9, -8.515625000000e-01, 1.797693134862e+308, 0.0000e+00, 0.0000e+00, 
 1DIAGNOSTIC,    10, -8.554687500000e-01, 1.164064372318e-02, 0.0000e+00, 0.0000e+00, 
 1DIAGNOSTIC,    11, -8.593750000000e-01, 7.709469536622e-03, 0.0000e+00, 0.0000e+00, 
 1DIAGNOSTIC,    12, -8.632812500000e-01, 4.778075241635e-03, 0.0000e+00, 0.0000e+00, 
 1DIAGNOSTIC,    13, -8.632812500000e-01, 3.017837829232e-03, 0.0000e+00, 0.0000e+00, 
 1DIAGNOSTIC,    14, -8.671875000000e-01, 2.204194192421e-03, 0.0000e+00, 0.0000e+00, 
 1DIAGNOSTIC,    15, -8.710937500000e-01, 1.744722922344e-03, 0.0000e+00, 0.0000e+00, 
 1DIAGNOSTIC,    16, -8.710937500000e-01, 1.434253978506e-03, 0.0000e+00, 0.0000e+00, 
 1DIAGNOSTIC,    17, -8.710937500000e-01, 1.107518718063e-03, 0.0000e+00, 0.0000e+00, 
 1DIAGNOSTIC,    18, -8.750000000000e-01, 9.384874357906e-04, 0.0000e+00, 0.0000e+00, 
 1DIAGNOSTIC,    19, -8.750000000000e-01, 7.680066272554e-04, 0.0000e+00, 0.0000e+00, 
 1DIAGNOSTIC,    20, -8.750000000000e-01, 6.085462605344e-04, 0.0000e+00, 0.0000e+00, 
 1DIAGNOSTIC,    21, -8.750000000000e-01, 4.713579255219e-04, 0.0000e+00, 0.0000e+00, 
 1DIAGNOSTIC,    22, -8.789062500000e-01, 4.241848849011e-04, 0.0000e+00, 0.0000e+00, 
 1DIAGNOSTIC,    23, -8.789062500000e-01, 3.384721497944e-04, 0.0000e+00, 0.0000e+00, 
 1DIAGNOSTIC,    24, -8.789062500000e-01, 2.818926234646e-04, 0.0000e+00, 0.0000e+00, 
 1DIAGNOSTIC,    25, -8.789062500000e-01, 2.579126827105e-04, 0.0000e+00, 0.0000e+00, 
 1DIAGNOSTIC,    26, -8.789062500000e-01, 2.117614054003e-04, 0.0000e+00, 0.0000e+00, 
 1DIAGNOSTIC,    27, -8.828125000000e-01, 1.957242343513e-04, 0.0000e+00, 0.0000e+00, 
 1DIAGNOSTIC,    28, -8.828125000000e-01, 2.074574829512e-04, 0.0000e+00, 0.0000e+00, 
 1DIAGNOSTIC,    29, -8.828125000000e-01, 2.000353852550e-04, 0.0000e+00, 0.0000e+00, 
 1DIAGNOSTIC,    30, -8.828125000000e-01, 1.754428602277e-04, 0.0000e+00, 0.0000e+00, 
 1DIAGNOSTIC,    31, -8.828125000000e-01, 1.344786641553e-04, 0.0000e+00, 0.0000e+00, 
 1DIAGNOSTIC,    32, -8.828125000000e-01, 1.235291132359e-04, 0.0000e+00, 0.0000e+00, 
 1DIAGNOSTIC,    33, -8.828125000000e-01, 1.012838127055e-04, 0.0000e+00, 0.0000e+00, 
 1DIAGNOSTIC,    34, -8.828125000000e-01, 7.147215214779e-05, 0.0000e+00, 0.0000e+00, 
 1DIAGNOSTIC,    35, -8.828125000000e-01, 3.699159224820e-05, 0.0000e+00, 0.0000e+00, 
 1DIAGNOSTIC,    36, -8.828125000000e-01, -8.149730890139e-15, 0.0000e+00, 0.0000e+00, 
XXDIAGNOSTIC,Iteration,metricValue,convergenceValue,ITERATION_TIME_INDEX,SINCE_LAST
 1DIAGNOSTIC,     1, -7.929687500000e-01, 1.797693134862e+308, 0.0000e+00, 0.0000e+00, 
 1DIAGNOSTIC,     2, -7.929687500000e-01, 1.797693134862e+308, 0.0000e+00, 0.0000e+00, 
 1DIAGNOSTIC,     3, -7.968750000000e-01, 1.797693134862e+308, 0.0000e+00, 0.0000e+00, 
 1DIAGNOSTIC,     4, -7.968750000000e-01, 1.797693134862e+308, 0.0000e+00, 0.0000e+00, 
 1DIAGNOSTIC,     5, -8.007812500000e-01, 1.797693134862e+308, 0.0000e+00, 0.0000e+00, 
 1DIAGNOSTIC,     6, -8.007812500000e-01, 1.797693134862e+308, 0.0000e+00, 0.0000e+00, 
 1DIAGNOSTIC,     7, -8.007812500000e-01, 1.797693134862e+308, 0.0000e+00, 0.0000e+00, 
 1DIAGNOSTIC,     8, -8.007812500000e-01, 1.797693134862e+308, 0.0000e+00, 0.0000e+00, 
 1DIAGNOSTIC,     9, -8.046875000000e-01, 1.797693134862e+308, 0.0000e+00, 0.0000e+00, 
 1DIAGNOSTIC,    10, -8.046875000000e-01, 9.426160221452e-04, 0.0000e+00, 0.0000e+00, 
 1DIAGNOSTIC,    11, -8.046875000000e-01, 7.755671894086e-04, 0.0000e+00, 0.0000e+00, 
 1DIAGNOSTIC,    12, -8.085937500000e-01, 6.832760274846e-04, 0.0000e+00, 0.0000e+00, 
 1DIAGNOSTIC,    13, -8.085937500000e-01, 6.475527690048e-04, 0.0000e+00, 0.0000e+00, 
 1DIAGNOSTIC,    14, -8.085937500000e-01, 5.553277266626e-04, 0.0000e+00, 0.0000e+00, 
 1DIAGNOSTIC,    15, -8.125000000000e-01, 6.099620402747e-04, 0.0000e+00, 0.0000e+00, 
 1DIAGNOSTIC,    16, -8.125000000000e-01, 6.004233237734e-04, 0.0000e+00, 0.0000e+00, 
 1DIAGNOSTIC,    17, -8.125000000000e-01, 5.374015001676e-04, 0.0000e+00, 0.0000e+00, 
 1DIAGNOSTIC,    18, -8.125000000000e-01, 4.306225529558e-04, 0.0000e+00, 0.0000e+00, 
 1DIAGNOSTIC,    19, -8.125000000000e-01, 3.686530014775e-04, 0.0000e+00, 0.0000e+00, 
 1DIAGNOSTIC,    20, -8.125000000000e-01, 2.785543883706e-04, 0.0000e+00, 0.0000e+00, 
 1DIAGNOSTIC,    21, -8.164062500000e-01, 2.344588681146e-04, 0.0000e+00, 0.0000e+00, 
 1DIAGNOSTIC,    22, -8.164062500000e-01, 2.345243961574e-04, 0.0000e+00, 0.0000e+00, 
 1DIAGNOSTIC,    23, -8.164062500000e-01, 2.138177967431e-04, 0.0000e+00, 0.0000e+00, 
 1DIAGNOSTIC,    24, -8.164062500000e-01, 1.743163500283e-04, 0.0000e+00, 0.0000e+00, 
 1DIAGNOSTIC,    25, -8.164062500000e-01, 1.762071385351e-04, 0.0000e+00, 0.0000e+00, 
 1DIAGNOSTIC,    26, -8.164062500000e-01, 1.607602134121e-04, 0.0000e+00, 0.0000e+00, 
 1DIAGNOSTIC,    27, -8.164062500000e-01, 1.309760765672e-04, 0.0000e+00, 0.0000e+00, 
 1DIAGNOSTIC,    28, -8.164062500000e-01, 9.187866684783e-05, 0.0000e+00, 0.0000e+00, 
 1DIAGNOSTIC,    29, -8.164062500000e-01, 4.729031778161e-05, 0.0000e+00, 0.0000e+00, 
 1DIAGNOSTIC,    30, -8.203125000000e-01, 4.569164316243e-05, 0.0000e+00, 0.0000e+00, 
 1DIAGNOSTIC,    31, -8.203125000000e-01, 8.287965073952e-05, 0.0000e+00, 0.0000e+00, 
 1DIAGNOSTIC,    32, -8.203125000000e-01, 1.102790125982e-04, 0.0000e+00, 0.0000e+00, 
 1DIAGNOSTIC,    33, -8.203125000000e-01, 1.262914567509e-04, 0.0000e+00, 0.0000e+00, 
 1DIAGNOSTIC,    34, -8.203125000000e-01, 1.290819735780e-04, 0.0000e+00, 0.0000e+00, 
 1DIAGNOSTIC,    35, -8.203125000000e-01, 1.189873515684e-04, 0.0000e+00, 0.0000e+00, 
 1DIAGNOSTIC,    36, -8.203125000000e-01, 9.788147906199e-05, 0.0000e+00, 0.0000e+00, 
 1DIAGNOSTIC,    37, -8.203125000000e-01, 6.928574811887e-05, 0.0000e+00, 0.0000e+00, 
 1DIAGNOSTIC,    38, -8.203125000000e-01, 3.596508962558e-05, 0.0000e+00, 0.0000e+00, 
 1DIAGNOSTIC,    39, -8.203125000000e-01, -7.382983113757e-15, 0.0000e+00, 0.0000e+00, 
XXDIAGNOSTIC,Iteration,metricValue,convergenceValue,ITERATION_TIME_INDEX,SINCE_LAST
 1DIAGNOSTIC,     1, -7.968750000000e-01, 1.797693134862e+308, 0.0000e+00, 0.0000e+00, 
 1DIAGNOSTIC,     2, -7.968750000000e-01, 1.797693134862e+308, 0.0000e+00, 0.0000e+00, 
 1DIAGNOSTIC,     3, -7.968750000000e-01, 1.797693134862e+308, 0.0000e+00, 0.0000e+00, 
 1DIAGNOSTIC,     4, -8.007812500000e-01, 1.797693134862e+308, 0.0000e+00, 0.0000e+00, 
 1DIAGNOSTIC,     5, -8.007812500000e-01, 1.797693134862e+308, 0.0000e+00, 0.0000e+00, 
 1DIAGNOSTIC,     6, -8.007812500000e-01, 1.797693134862e+308, 0.0000e+00, 0.0000e+00, 
 1DIAGNOSTIC,     7, -8.007812500000e-01, 1.797693134862e+308, 0.0000e+00, 0.0000e+00, 
 1DIAGNOSTIC,     8, -8.007812500000e-01, 1.797693134862e+308, 0.0000e+00, 0.0000e+00, 
 1DIAGNOSTIC,     9, -8.007812500000e-01, 1.797693134862e+308, 0.0000e+00, 0.0000e+00, 
 1DIAGNOSTIC,    10, -8.007812500000e-01, 3.572889162446e-04, 0.0000e+00, 0.0000e+00, 
 1DIAGNOSTIC,    11, -8.007812500000e-01, 2.363468548182e-04, 0.0000e+00, 0.0000e+00, 
 1DIAGNOSTIC,    12, -8.007812500000e-01, 1.155215658634e-04, 0.0000e+00, 0.0000e+00, 
 1DIAGNOSTIC,    13, -8.007812500000e-01, -2.195466031196e-14, 0.0000e+00, 0.0000e+00, 
XXDIAGNOSTIC,Iteration,metricValue,convergenceValue,ITERATION_TIME_INDEX,SINCE_LAST
 1DIAGNOSTIC,     1, -8.046875000000e-01, 1.797693134862e+308, 0.0000e+00, 0.0000e+00, 
