
##########################
# Experiment information #
##########################

EXPERIMENT_NAME: antsRegistration-r7-p22
VFC_BACKENDS: libinterflop_vprec.so --range-binary32=7 --precision-binary32=22 --range-binary64=7 --precision-binary64=22

SIF_IMG: /home/mdugre/projects/rrg-glatard/mdugre/containers/ants-vprec-no_metrics.simg

SUBJECT_ID: s032
INPUT_IMG: /home/mdugre/scratch/mri-registration-rp/datasets/ds004513/derivatives/mri-registration-rp/antsBrainExtraction/sub-s032/BrainExtractionBrain.nii.gz
OUTPUT_DIR: /home/mdugre/scratch/mri-registration-rp/datasets/ds004513/derivatives/mri-registration-rp/0111/antsRegistration-r7-p22/sub-s032

FIXED_IMG: /templateflow/tpl-MNI152NLin2009cAsym/tpl-MNI152NLin2009cAsym_res-01_desc-brain_T1w.nii.gz
DATA_DIR: /home/mdugre/scratch/mri-registration-rp/datasets/ds004513
TEMPLATEFLOW_DIR: /home/mdugre/projects/rrg-glatard/mdugre/templateflow
ITK_GLOBAL_DEFAULT_NUMBER_OF_THREADS: 16
##########################

Info [verificarlo]: loaded backend libinterflop_ieee.so
Info [interflop-ieee]: load backend with:
Info [interflop-ieee]: debug = false
Info [interflop-ieee]: debug-binary = false
Info [interflop-ieee]: no-backend-name = false
Info [interflop-ieee]: print-new-line = false
Info [interflop-ieee]: print-subnormal-normalized = false
Info [interflop-ieee]: count-op = false
All_Command_lines_OK
Using double precision for computations.
=============================================================================
The composite transform comprises the following transforms (in order): 
  1. Center of mass alignment using fixed image: /templateflow/tpl-MNI152NLin2009cAsym/tpl-MNI152NLin2009cAsym_res-01_desc-brain_T1w.nii.gz and moving image: /home/mdugre/scratch/mri-registration-rp/datasets/ds004513/derivatives/mri-registration-rp/antsBrainExtraction/sub-s032/BrainExtractionBrain.nii.gz (type = Euler3DTransform)
=============================================================================
  number of levels = 1
  fixed image: /templateflow/tpl-MNI152NLin2009cAsym/tpl-MNI152NLin2009cAsym_res-01_desc-brain_T1w.nii.gz
  moving image: /home/mdugre/scratch/mri-registration-rp/datasets/ds004513/derivatives/mri-registration-rp/antsBrainExtraction/sub-s032/BrainExtractionBrain.nii.gz
Dimension = 3
Number of stages = 1
Use histogram matching = false
Winsorize image intensities = true
  Lower quantile = 0.005
  Upper quantile = 0.995


Stage 1 State
   Image metric = MattesMI
     Fixed image = Image (0x3724e70)
  RTTI typeinfo:   itk::Image<double, 3u>
  Reference Count: 2
  Modified Time: 2330
  Debug: Off
  Object Name: 
  Observers: 
    none
  Source: (none)
  Source output name: (none)
  Release Data: Off
  Data Released: False
  Global Release Data: Off
  PipelineMTime: 0
  UpdateMTime: 1941
  RealTimeStamp: 0 seconds 
  LargestPossibleRegion: 
    Dimension: 3
    Index: [0, 0, 0]
    Size: [193, 229, 193]
  BufferedRegion: 
    Dimension: 3
    Index: [0, 0, 0]
    Size: [193, 229, 193]
  RequestedRegion: 
    Dimension: 3
    Index: [0, 0, 0]
    Size: [193, 229, 193]
  Spacing: [1, 1, 1]
  Origin: [96, 132, -78]
  Direction: 
-1 0 0
0 -1 0
0 0 1

  IndexToPointMatrix: 
-1 0 0
0 -1 0
0 0 1

  PointToIndexMatrix: 
-1 0 0
0 -1 0
0 0 1

  Inverse Direction: 
-1 0 0
0 -1 0
0 0 1

  PixelContainer: 
    ImportImageContainer (0x372dc60)
      RTTI typeinfo:   itk::ImportImageContainer<unsigned long, double>
      Reference Count: 1
      Modified Time: 1938
      Debug: Off
      Object Name: 
      Observers: 
        none
      Pointer: 0x14e1bac29010
      Container manages memory: true
      Size: 8530021
      Capacity: 8530021

     Moving image = Image (0x37c1ec0)
  RTTI typeinfo:   itk::Image<double, 3u>
  Reference Count: 2
  Modified Time: 2331
  Debug: Off
  Object Name: 
  Observers: 
    none
  Source: (none)
  Source output name: (none)
  Release Data: Off
  Data Released: False
  Global Release Data: Off
  PipelineMTime: 0
  UpdateMTime: 2328
  RealTimeStamp: 0 seconds 
  LargestPossibleRegion: 
    Dimension: 3
    Index: [0, 0, 0]
    Size: [160, 240, 256]
  BufferedRegion: 
    Dimension: 3
    Index: [0, 0, 0]
    Size: [160, 240, 256]
  RequestedRegion: 
    Dimension: 3
    Index: [0, 0, 0]
    Size: [160, 240, 256]
  Spacing: [1, 1, 1]
  Origin: [73.279, 104.707, -131.187]
  Direction: 
-0.997527 0.0645574 -0.0278053
-0.0645323 -0.997914 -0.00179875
-0.0278634 4.01097e-08 0.999612

  IndexToPointMatrix: 
-0.997527 0.0645574 -0.0278053
-0.0645323 -0.997914 -0.00179875
-0.0278634 4.01097e-08 0.999612

  PointToIndexMatrix: 
-0.997527 -0.0645323 -0.0278634
0.0645574 -0.997914 4.01049e-08
-0.0278053 -0.00179875 0.999612

  Inverse Direction: 
-0.997527 -0.0645323 -0.0278634
0.0645574 -0.997914 4.01049e-08
-0.0278053 -0.00179875 0.999612

  PixelContainer: 
    ImportImageContainer (0x3859610)
      RTTI typeinfo:   itk::ImportImageContainer<unsigned long, double>
      Reference Count: 1
      Modified Time: 2325
      Debug: Off
      Object Name: 
      Observers: 
        none
      Pointer: 0x14e1b6128010
      Container manages memory: true
      Size: 9830400
      Capacity: 9830400

     Weighting = 1
     Sampling strategy = regular
     Number of bins = 32
     Radius = 4
     Sampling percentage  = 0.25
   Transform = Rigid
     Gradient step = 0.1
     Update field sigma (voxel space) = 0
     Total field sigma (voxel space) = 0
     Update field time sigma = 0
     Total field time sigma  = 0
     Number of time indices = 0
     Number of time point samples = 0
Registration using 1 total stages.

Stage 0
  iterations = 0
  convergence threshold = 1e-06
  convergence window size = 10
  number of levels = 1
  using the Mattes MI metric (number of bins = 32, weight = 1, use gradient filter = 0)
  preprocessing:  winsorizing the image intensities
  Shrink factors (level 1 out of 1): [1, 1, 1]
  smoothing sigmas per level: [0]
  regular sampling (percentage = 0.25)

*** Running Euler3DTransform registration ***

  Elapsed time (stage 0): 1.17769


Total elapsed time: 1.18099
Info [verificarlo]: loaded backend libinterflop_vprec.so
Info [interflop-vprec]: load backend with: 
Info [interflop-vprec]: precision-binary32 = 22
Info [interflop-vprec]: range-binary32 = 7
Info [interflop-vprec]: precision-binary64 = 22
Info [interflop-vprec]: range-binary64 = 7
Info [interflop-vprec]: mode = ob
Info [interflop-vprec]: error-mode = rel
Info [interflop-vprec]: max-abs-error-exponent = -1022
Info [interflop-vprec]: daz = false
Info [interflop-vprec]: ftz = false
Info [interflop-vprec]: 	instrument = none
Info [interflop-vprec]: 	prec-input-file = (null)
Info [interflop-vprec]: 	prec-output-file = (null)
Info [interflop-vprec]: 	prec-log-file = (null)
All_Command_lines_OK
Using double precision for computations.
=============================================================================
The composite transform comprises the following transforms (in order): 
  1. /home/mdugre/scratch/mri-registration-rp/datasets/ds004513/derivatives/mri-registration-rp/0111/antsRegistration-r7-p22/sub-s032/align_Composite.h5[0] (type = Euler3DTransform)
  2. /home/mdugre/scratch/mri-registration-rp/datasets/ds004513/derivatives/mri-registration-rp/0111/antsRegistration-r7-p22/sub-s032/align_Composite.h5[1] (type = Euler3DTransform)
=============================================================================
  number of levels = 4
  fixed image: /templateflow/tpl-MNI152NLin2009cAsym/tpl-MNI152NLin2009cAsym_res-01_desc-brain_T1w.nii.gz
  moving image: /home/mdugre/scratch/mri-registration-rp/datasets/ds004513/derivatives/mri-registration-rp/antsBrainExtraction/sub-s032/BrainExtractionBrain.nii.gz
Dimension = 3
Number of stages = 1
Use histogram matching = false
Winsorize image intensities = true
  Lower quantile = 0.005
  Upper quantile = 0.995


Stage 1 State
   Image metric = MattesMI
     Fixed image = Image (0x51681e0)
  RTTI typeinfo:   itk::Image<double, 3u>
  Reference Count: 2
  Modified Time: 1578
  Debug: Off
  Object Name: 
  Observers: 
    none
  Source: (none)
  Source output name: (none)
  Release Data: Off
  Data Released: False
  Global Release Data: Off
  PipelineMTime: 0
  UpdateMTime: 1189
  RealTimeStamp: 0 seconds 
  LargestPossibleRegion: 
    Dimension: 3
    Index: [0, 0, 0]
    Size: [193, 229, 193]
  BufferedRegion: 
    Dimension: 3
    Index: [0, 0, 0]
    Size: [193, 229, 193]
  RequestedRegion: 
    Dimension: 3
    Index: [0, 0, 0]
    Size: [193, 229, 193]
  Spacing: [1, 1, 1]
  Origin: [96, 132, -78]
  Direction: 
-1 0 0
0 -1 0
0 0 1

  IndexToPointMatrix: 
-1 0 0
0 -1 0
0 0 1

  PointToIndexMatrix: 
-1 0 0
0 -1 0
0 0 1

  Inverse Direction: 
-1 0 0
0 -1 0
0 0 1

  PixelContainer: 
    ImportImageContainer (0x5227680)
      RTTI typeinfo:   itk::ImportImageContainer<unsigned long, double>
      Reference Count: 1
      Modified Time: 1186
      Debug: Off
      Object Name: 
      Observers: 
        none
      Pointer: 0x14ec43cb5010
      Container manages memory: true
      Size: 8530021
      Capacity: 8530021

     Moving image = Image (0x5223b20)
  RTTI typeinfo:   itk::Image<double, 3u>
  Reference Count: 2
  Modified Time: 1579
  Debug: Off
  Object Name: 
  Observers: 
    none
  Source: (none)
  Source output name: (none)
  Release Data: Off
  Data Released: False
  Global Release Data: Off
  PipelineMTime: 0
  UpdateMTime: 1576
  RealTimeStamp: 0 seconds 
  LargestPossibleRegion: 
    Dimension: 3
    Index: [0, 0, 0]
    Size: [160, 240, 256]
  BufferedRegion: 
    Dimension: 3
    Index: [0, 0, 0]
    Size: [160, 240, 256]
  RequestedRegion: 
    Dimension: 3
    Index: [0, 0, 0]
    Size: [160, 240, 256]
  Spacing: [1, 1, 1]
  Origin: [73.279, 104.707, -131.187]
  Direction: 
-0.997527 0.0645574 -0.0278053
-0.0645323 -0.997914 -0.00179875
-0.0278634 4.01097e-08 0.999612

  IndexToPointMatrix: 
-0.997527 0.0645574 -0.0278053
-0.0645323 -0.997914 -0.00179875
-0.0278634 4.01097e-08 0.999612

  PointToIndexMatrix: 
-0.997527 -0.0645323 -0.0278634
0.0645574 -0.997914 1.20141e-07
-0.0278053 -0.00179879 0.999612

  Inverse Direction: 
-0.997527 -0.0645323 -0.0278634
0.0645574 -0.997914 1.20141e-07
-0.0278053 -0.00179879 0.999612

  PixelContainer: 
    ImportImageContainer (0x528cd50)
      RTTI typeinfo:   itk::ImportImageContainer<unsigned long, double>
      Reference Count: 1
      Modified Time: 1573
      Debug: Off
      Object Name: 
      Observers: 
        none
      Pointer: 0x14ec3f1b4010
      Container manages memory: true
      Size: 9830400
      Capacity: 9830400

     Weighting = 1
     Sampling strategy = regular
     Number of bins = 32
     Radius = 4
     Sampling percentage  = 0.25
   Transform = Rigid
     Gradient step = 0.1
     Update field sigma (voxel space) = 0
     Total field sigma (voxel space) = 0
     Update field time sigma = 0
     Total field time sigma  = 0
     Number of time indices = 0
     Number of time point samples = 0
Registration using 1 total stages.

Stage 0
  iterations = 1000x500x250x100
  convergence threshold = 1e-06
  convergence window size = 10
  number of levels = 4
  using the Mattes MI metric (number of bins = 32, weight = 1, use gradient filter = 0)
  preprocessing:  winsorizing the image intensities
  Shrink factors (level 1 out of 4): [8, 8, 8]
  Shrink factors (level 2 out of 4): [4, 4, 4]
  Shrink factors (level 3 out of 4): [2, 2, 2]
  Shrink factors (level 4 out of 4): [1, 1, 1]
  smoothing sigmas per level: [3, 2, 1, 0]
  regular sampling (percentage = 0.25)

*** Running Euler3DTransform registration ***

DIAGNOSTIC,Iteration,metricValue,convergenceValue,ITERATION_TIME_INDEX,SINCE_LAST
 2DIAGNOSTIC,     1, -5.480496539163e-01, 1.797693134862e+308, 0.0000e+00, 0.0000e+00, 
 2DIAGNOSTIC,     2, -5.506820685036e-01, 1.797693134862e+308, 0.0000e+00, 0.0000e+00, 
 2DIAGNOSTIC,     3, -5.546528299182e-01, 1.797693134862e+308, 0.0000e+00, 0.0000e+00, 
 2DIAGNOSTIC,     4, -5.606874426643e-01, 1.797693134862e+308, 0.0000e+00, 0.0000e+00, 
 2DIAGNOSTIC,     5, -5.693706353780e-01, 1.797693134862e+308, 0.0000e+00, 0.0000e+00, 
 2DIAGNOSTIC,     6, -5.853954908169e-01, 1.797693134862e+308, 0.0000e+00, 0.0000e+00, 
 2DIAGNOSTIC,     7, -6.232652083085e-01, 1.797693134862e+308, 0.0000e+00, 0.0000e+00, 
 2DIAGNOSTIC,     8, -6.298309205744e-01, 1.797693134862e+308, 0.0000e+00, 0.0000e+00, 
 2DIAGNOSTIC,     9, -6.363078365223e-01, 1.797693134862e+308, 0.0000e+00, 0.0000e+00, 
 2DIAGNOSTIC,    10, -6.372391055365e-01, 1.198949544758e-02, 0.0000e+00, 0.0000e+00, 
 2DIAGNOSTIC,    11, -6.405911929497e-01, 1.085788978433e-02, 0.0000e+00, 0.0000e+00, 
 2DIAGNOSTIC,    12, -6.435061217483e-01, 9.153423559236e-03, 0.0000e+00, 0.0000e+00, 
 2DIAGNOSTIC,    13, -6.443358877120e-01, 7.077494028634e-03, 0.0000e+00, 0.0000e+00, 
 2DIAGNOSTIC,    14, -6.468783870310e-01, 4.980923009529e-03, 0.0000e+00, 0.0000e+00, 
 2DIAGNOSTIC,    15, -6.495850099504e-01, 3.084668639715e-03, 0.0000e+00, 0.0000e+00, 
 2DIAGNOSTIC,    16, -6.518176533437e-01, 1.660590009439e-03, 0.0000e+00, 0.0000e+00, 
 2DIAGNOSTIC,    17, -6.536051806820e-01, 1.339467462601e-03, 0.0000e+00, 0.0000e+00, 
 2DIAGNOSTIC,    18, -6.548295801213e-01, 1.129380866172e-03, 0.0000e+00, 0.0000e+00, 
 2DIAGNOSTIC,    19, -6.552632509947e-01, 1.006606894890e-03, 0.0000e+00, 0.0000e+00, 
 2DIAGNOSTIC,    20, -6.563452515340e-01, 8.480039005629e-04, 0.0000e+00, 0.0000e+00, 
 2DIAGNOSTIC,    21, -6.569760633873e-01, 7.114396079090e-04, 0.0000e+00, 0.0000e+00, 
 2DIAGNOSTIC,    22, -6.571286452745e-01, 5.856684132391e-04, 0.0000e+00, 0.0000e+00, 
 2DIAGNOSTIC,    23, -6.572280279476e-01, 4.350254144340e-04, 0.0000e+00, 0.0000e+00, 
 2DIAGNOSTIC,    24, -6.575766179287e-01, 3.111709689263e-04, 0.0000e+00, 0.0000e+00, 
 2DIAGNOSTIC,    25, -6.583582383246e-01, 2.309695676455e-04, 0.0000e+00, 0.0000e+00, 
 2DIAGNOSTIC,    26, -6.584129353090e-01, 1.743990753480e-04, 0.0000e+00, 0.0000e+00, 
 2DIAGNOSTIC,    27, -6.584319617456e-01, 1.360751720533e-04, 0.0000e+00, 0.0000e+00, 
 2DIAGNOSTIC,    28, -6.587885103037e-01, 1.136847448719e-04, 0.0000e+00, 0.0000e+00, 
 2DIAGNOSTIC,    29, -6.596109394058e-01, 1.011763827267e-04, 0.0000e+00, 0.0000e+00, 
 2DIAGNOSTIC,    30, -6.596356006118e-01, 9.594656764655e-05, 0.0000e+00, 0.0000e+00, 
 2DIAGNOSTIC,    31, -6.597820327251e-01, 9.354953241453e-05, 0.0000e+00, 0.0000e+00, 
 2DIAGNOSTIC,    32, -6.597317205657e-01, 8.429328490946e-05, 0.0000e+00, 0.0000e+00, 
 2DIAGNOSTIC,    33, -6.597636982236e-01, 6.944241444699e-05, 0.0000e+00, 0.0000e+00, 
 2DIAGNOSTIC,    34, -6.598393900227e-01, 5.411493662774e-05, 0.0000e+00, 0.0000e+00, 
 2DIAGNOSTIC,    35, -6.598448140574e-01, 4.466606673803e-05, 0.0000e+00, 0.0000e+00, 
 2DIAGNOSTIC,    36, -6.598486756584e-01, 3.253189592771e-05, 0.0000e+00, 0.0000e+00, 
 2DIAGNOSTIC,    37, -6.598587885202e-01, 1.843880532638e-05, 0.0000e+00, 0.0000e+00, 
 2DIAGNOSTIC,    38, -6.598586735937e-01, 7.365290914021e-06, 0.0000e+00, 0.0000e+00, 
 2DIAGNOSTIC,    39, -6.598585191173e-01, 5.628686210041e-06, 0.0000e+00, 0.0000e+00, 
 2DIAGNOSTIC,    40, -6.598583773622e-01, 3.747899002090e-06, 0.0000e+00, 0.0000e+00, 
 2DIAGNOSTIC,    41, -6.598584558713e-01, 3.301679827688e-06, 0.0000e+00, 0.0000e+00, 
 2DIAGNOSTIC,    42, -6.597664248670e-01, 1.133115942072e-06, 0.0000e+00, 0.0000e+00, 
DIAGNOSTIC,Iteration,metricValue,convergenceValue,ITERATION_TIME_INDEX,SINCE_LAST
 2DIAGNOSTIC,     1, -5.174755760663e-01, 1.797693134862e+308, 0.0000e+00, 0.0000e+00, 
 2DIAGNOSTIC,     2, -5.181207284805e-01, 1.797693134862e+308, 0.0000e+00, 0.0000e+00, 
 2DIAGNOSTIC,     3, -5.190965306472e-01, 1.797693134862e+308, 0.0000e+00, 0.0000e+00, 
 2DIAGNOSTIC,     4, -5.198098189945e-01, 1.797693134862e+308, 0.0000e+00, 0.0000e+00, 
 2DIAGNOSTIC,     5, -5.202033961390e-01, 1.797693134862e+308, 0.0000e+00, 0.0000e+00, 
 2DIAGNOSTIC,     6, -5.208935071297e-01, 1.797693134862e+308, 0.0000e+00, 0.0000e+00, 
 2DIAGNOSTIC,     7, -5.219960628018e-01, 1.797693134862e+308, 0.0000e+00, 0.0000e+00, 
 2DIAGNOSTIC,     8, -5.244312278096e-01, 1.797693134862e+308, 0.0000e+00, 0.0000e+00, 
 2DIAGNOSTIC,     9, -5.249979155383e-01, 1.797693134862e+308, 0.0000e+00, 0.0000e+00, 
 2DIAGNOSTIC,    10, -5.250819387445e-01, 1.011671130585e-03, 0.0000e+00, 0.0000e+00, 
 2DIAGNOSTIC,    11, -5.256237635162e-01, 9.207655834394e-04, 0.0000e+00, 0.0000e+00, 
 2DIAGNOSTIC,    12, -5.261065662972e-01, 8.117866639363e-04, 0.0000e+00, 0.0000e+00, 
 2DIAGNOSTIC,    13, -5.262402905229e-01, 6.906961860803e-04, 0.0000e+00, 0.0000e+00, 
 2DIAGNOSTIC,    14, -5.269784695937e-01, 5.811356183870e-04, 0.0000e+00, 0.0000e+00, 
 2DIAGNOSTIC,    15, -5.275791261062e-01, 4.700461549508e-04, 0.0000e+00, 0.0000e+00, 
 2DIAGNOSTIC,    16, -5.277145259360e-01, 3.577372349770e-04, 0.0000e+00, 0.0000e+00, 
 2DIAGNOSTIC,    17, -5.280127386504e-01, 2.689175152977e-04, 0.0000e+00, 0.0000e+00, 
 2DIAGNOSTIC,    18, -5.285566026325e-01, 2.548613837409e-04, 0.0000e+00, 0.0000e+00, 
 2DIAGNOSTIC,    19, -5.313456011741e-01, 3.141739926844e-04, 0.0000e+00, 0.0000e+00, 
 2DIAGNOSTIC,    20, -5.330361322801e-01, 3.840495894759e-04, 0.0000e+00, 0.0000e+00, 
 2DIAGNOSTIC,    21, -5.349316936461e-01, 4.740077079112e-04, 0.0000e+00, 0.0000e+00, 
 2DIAGNOSTIC,    22, -5.366503378822e-01, 5.660530362350e-04, 0.0000e+00, 0.0000e+00, 
 2DIAGNOSTIC,    23, -5.371599629699e-01, 6.115070559543e-04, 0.0000e+00, 0.0000e+00, 
 2DIAGNOSTIC,    24, -5.381828604738e-01, 6.348489265582e-04, 0.0000e+00, 0.0000e+00, 
 2DIAGNOSTIC,    25, -5.401990824676e-01, 6.524795521162e-04, 0.0000e+00, 0.0000e+00, 
 2DIAGNOSTIC,    26, -5.468875996985e-01, 7.477209858430e-04, 0.0000e+00, 0.0000e+00, 
 2DIAGNOSTIC,    27, -5.501079565802e-01, 8.324709642784e-04, 0.0000e+00, 0.0000e+00, 
 2DIAGNOSTIC,    28, -5.505643909703e-01, 8.512827180701e-04, 0.0000e+00, 0.0000e+00, 
 2DIAGNOSTIC,    29, -5.509951272943e-01, 8.500906587661e-04, 0.0000e+00, 0.0000e+00, 
 2DIAGNOSTIC,    30, -5.511517626073e-01, 8.009982417287e-04, 0.0000e+00, 0.0000e+00, 
 2DIAGNOSTIC,    31, -5.522585993992e-01, 7.286873252571e-04, 0.0000e+00, 0.0000e+00, 
 2DIAGNOSTIC,    32, -5.559926494199e-01, 6.817983555664e-04, 0.0000e+00, 0.0000e+00, 
 2DIAGNOSTIC,    33, -5.571156253168e-01, 5.995874819114e-04, 0.0000e+00, 0.0000e+00, 
 2DIAGNOSTIC,    34, -5.583546083817e-01, 5.025611954787e-04, 0.0000e+00, 0.0000e+00, 
 2DIAGNOSTIC,    35, -5.590325660012e-01, 4.028847398512e-04, 0.0000e+00, 0.0000e+00, 
 2DIAGNOSTIC,    36, -5.603364725730e-01, 3.871915185459e-04, 0.0000e+00, 0.0000e+00, 
 2DIAGNOSTIC,    37, -5.605353052275e-01, 3.834345129697e-04, 0.0000e+00, 0.0000e+00, 
 2DIAGNOSTIC,    38, -5.605741690616e-01, 3.502707617938e-04, 0.0000e+00, 0.0000e+00, 
 2DIAGNOSTIC,    39, -5.607896339524e-01, 2.952568863068e-04, 0.0000e+00, 0.0000e+00, 
 2DIAGNOSTIC,    40, -5.609948307971e-01, 2.199486825900e-04, 0.0000e+00, 0.0000e+00, 
 2DIAGNOSTIC,    41, -5.611460039640e-01, 1.424692719716e-04, 0.0000e+00, 0.0000e+00, 
 2DIAGNOSTIC,    42, -5.615766347176e-01, 1.074375966520e-04, 0.0000e+00, 0.0000e+00, 
 2DIAGNOSTIC,    43, -5.616412462998e-01, 7.828095588967e-05, 0.0000e+00, 0.0000e+00, 
 2DIAGNOSTIC,    44, -5.617206489292e-01, 5.887766091878e-05, 0.0000e+00, 0.0000e+00, 
 2DIAGNOSTIC,    45, -5.617895119354e-01, 4.314859839042e-05, 0.0000e+00, 0.0000e+00, 
 2DIAGNOSTIC,    46, -5.617979962227e-01, 3.898712926063e-05, 0.0000e+00, 0.0000e+00, 
 2DIAGNOSTIC,    47, -5.618162420289e-01, 3.375781254838e-05, 0.0000e+00, 0.0000e+00, 
 2DIAGNOSTIC,    48, -5.618475654093e-01, 2.631896658157e-05, 0.0000e+00, 0.0000e+00, 
 2DIAGNOSTIC,    49, -5.619431105176e-01, 2.007315067234e-05, 0.0000e+00, 0.0000e+00, 
 2DIAGNOSTIC,    50, -5.623502182980e-01, 1.862358263349e-05, 0.0000e+00, 0.0000e+00, 
 2DIAGNOSTIC,    51, -5.624850796798e-01, 1.823360228543e-05, 0.0000e+00, 0.0000e+00, 
 2DIAGNOSTIC,    52, -5.626953293836e-01, 2.264216513387e-05, 0.0000e+00, 0.0000e+00, 
 2DIAGNOSTIC,    53, -5.653884510752e-01, 5.195557789499e-05, 0.0000e+00, 0.0000e+00, 
 2DIAGNOSTIC,    54, -5.659334231356e-01, 8.050689406108e-05, 0.0000e+00, 0.0000e+00, 
 2DIAGNOSTIC,    55, -5.661161487348e-01, 1.028218506171e-04, 0.0000e+00, 0.0000e+00, 
 2DIAGNOSTIC,    56, -5.667819805868e-01, 1.211631039155e-04, 0.0000e+00, 0.0000e+00, 
 2DIAGNOSTIC,    57, -5.670775220250e-01, 1.299842591538e-04, 0.0000e+00, 0.0000e+00, 
 2DIAGNOSTIC,    58, -5.671753150533e-01, 1.268458501348e-04, 0.0000e+00, 0.0000e+00, 
 2DIAGNOSTIC,    59, -5.672355564410e-01, 1.129248392066e-04, 0.0000e+00, 0.0000e+00, 
 2DIAGNOSTIC,    60, -5.672637117790e-01, 9.279682564652e-05, 0.0000e+00, 0.0000e+00, 
 2DIAGNOSTIC,    61, -5.672706327319e-01, 6.589443422518e-05, 0.0000e+00, 0.0000e+00, 
 2DIAGNOSTIC,    62, -5.672683942324e-01, 3.472503725055e-05, 0.0000e+00, 0.0000e+00, 
 2DIAGNOSTIC,    63, -5.672698272778e-01, 2.345213310815e-05, 0.0000e+00, 0.0000e+00, 
 2DIAGNOSTIC,    64, -5.672757875517e-01, 1.485332398674e-05, 0.0000e+00, 0.0000e+00, 
 2DIAGNOSTIC,    65, -5.672737311847e-01, 6.470768904539e-06, 0.0000e+00, 0.0000e+00, 
 2DIAGNOSTIC,    66, -5.672976424406e-01, 3.142488555805e-06, 0.0000e+00, 0.0000e+00, 
 2DIAGNOSTIC,    67, -5.672864551186e-01, 1.843348476270e-06, 0.0000e+00, 0.0000e+00, 
 2DIAGNOSTIC,    68, -5.672951384039e-01, 1.258350619676e-06, 0.0000e+00, 0.0000e+00, 
 2DIAGNOSTIC,    69, -5.673335036151e-01, 1.349215818028e-06, 0.0000e+00, 0.0000e+00, 
 2DIAGNOSTIC,    70, -5.673434153196e-01, 1.623706529482e-06, 0.0000e+00, 0.0000e+00, 
 2DIAGNOSTIC,    71, -5.673392449332e-01, 1.799942061174e-06, 0.0000e+00, 0.0000e+00, 
 2DIAGNOSTIC,    72, -5.673327345601e-01, 1.785957304882e-06, 0.0000e+00, 0.0000e+00, 
 2DIAGNOSTIC,    73, -5.673261953556e-01, 1.609607236734e-06, 0.0000e+00, 0.0000e+00, 
 2DIAGNOSTIC,    74, -5.673206638905e-01, 1.325606910609e-06, 0.0000e+00, 0.0000e+00, 
 2DIAGNOSTIC,    75, -5.673304133268e-01, 1.010239043951e-06, 0.0000e+00, 0.0000e+00, 
DIAGNOSTIC,Iteration,metricValue,convergenceValue,ITERATION_TIME_INDEX,SINCE_LAST
 2DIAGNOSTIC,     1, -5.009225606753e-01, 1.797693134862e+308, 0.0000e+00, 0.0000e+00, 
 2DIAGNOSTIC,     2, -5.012859283932e-01, 1.797693134862e+308, 0.0000e+00, 0.0000e+00, 
 2DIAGNOSTIC,     3, -5.016427991354e-01, 1.797693134862e+308, 0.0000e+00, 0.0000e+00, 
 2DIAGNOSTIC,     4, -5.018871751142e-01, 1.797693134862e+308, 0.0000e+00, 0.0000e+00, 
 2DIAGNOSTIC,     5, -5.019240967626e-01, 1.797693134862e+308, 0.0000e+00, 0.0000e+00, 
 2DIAGNOSTIC,     6, -5.020001587254e-01, 1.797693134862e+308, 0.0000e+00, 0.0000e+00, 
 2DIAGNOSTIC,     7, -5.021952554152e-01, 1.797693134862e+308, 0.0000e+00, 0.0000e+00, 
 2DIAGNOSTIC,     8, -5.023374835376e-01, 1.797693134862e+308, 0.0000e+00, 0.0000e+00, 
 2DIAGNOSTIC,     9, -5.023601845766e-01, 1.797693134862e+308, 0.0000e+00, 0.0000e+00, 
 2DIAGNOSTIC,    10, -5.023567649822e-01, 1.740125385048e-04, 0.0000e+00, 0.0000e+00, 
 2DIAGNOSTIC,    11, -5.023623279049e-01, 1.190905901031e-04, 0.0000e+00, 0.0000e+00, 
 2DIAGNOSTIC,    12, -5.023606493328e-01, 7.947509832885e-05, 0.0000e+00, 0.0000e+00, 
 2DIAGNOSTIC,    13, -5.023614895890e-01, 5.423146598532e-05, 0.0000e+00, 0.0000e+00, 
 2DIAGNOSTIC,    14, -5.023586428820e-01, 3.774814651929e-05, 0.0000e+00, 0.0000e+00, 
 2DIAGNOSTIC,    15, -5.023585980032e-01, 2.171147628029e-05, 0.0000e+00, 0.0000e+00, 
 2DIAGNOSTIC,    16, -5.023575551727e-01, 8.410579238005e-06, 0.0000e+00, 0.0000e+00, 
 2DIAGNOSTIC,    17, -5.023559277067e-01, 2.397000747917e-06, 0.0000e+00, 0.0000e+00, 
 2DIAGNOSTIC,    18, -5.023548504605e-01, 1.424153518406e-06, 0.0000e+00, 0.0000e+00, 
 2DIAGNOSTIC,    19, -5.023549034586e-01, 1.268502338683e-06, 0.0000e+00, 0.0000e+00, 
 2DIAGNOSTIC,    20, -5.023545129830e-01, 1.052686947958e-06, 0.0000e+00, 0.0000e+00, 
 2DIAGNOSTIC,    21, -5.023536803348e-01, 1.035658631070e-06, 0.0000e+00, 0.0000e+00, 
 2DIAGNOSTIC,    22, -5.023540328190e-01, 1.030525198294e-06, 0.0000e+00, 0.0000e+00, 
 2DIAGNOSTIC,    23, -5.023530889283e-01, 1.063503124052e-06, 0.0000e+00, 0.0000e+00, 
 2DIAGNOSTIC,    24, -5.023525764153e-01, 1.043937586521e-06, 0.0000e+00, 0.0000e+00, 
 2DIAGNOSTIC,    25, -5.023527398207e-01, 1.055148043043e-06, 0.0000e+00, 0.0000e+00, 
 2DIAGNOSTIC,    26, -5.023514933866e-01, 1.036433184429e-06, 0.0000e+00, 0.0000e+00, 
DIAGNOSTIC,Iteration,metricValue,convergenceValue,ITERATION_TIME_INDEX,SINCE_LAST
 2DIAGNOSTIC,     1, -4.666631783131e-01, 1.797693134862e+308, 0.0000e+00, 0.0000e+00, 
 2DIAGNOSTIC,     2, -4.668618589408e-01, 1.797693134862e+308, 0.0000e+00, 0.0000e+00, 
 2DIAGNOSTIC,     3, -4.669665515321e-01, 1.797693134862e+308, 0.0000e+00, 0.0000e+00, 
 2DIAGNOSTIC,     4, -4.669987320371e-01, 1.797693134862e+308, 0.0000e+00, 0.0000e+00, 
 2DIAGNOSTIC,     5, -4.670088990664e-01, 1.797693134862e+308, 0.0000e+00, 0.0000e+00, 
 2DIAGNOSTIC,     6, -4.670109316116e-01, 1.797693134862e+308, 0.0000e+00, 0.0000e+00, 
 2DIAGNOSTIC,     7, -4.670241386394e-01, 1.797693134862e+308, 0.0000e+00, 0.0000e+00, 
 2DIAGNOSTIC,     8, -4.670495660275e-01, 1.797693134862e+308, 0.0000e+00, 0.0000e+00, 
 2DIAGNOSTIC,     9, -4.670658162704e-01, 1.797693134862e+308, 2.5600e+02, 2.5600e+02, 
 2DIAGNOSTIC,    10, -4.670657271507e-01, 4.280981400932e-05, 2.5600e+02, 0.0000e+00, 
 2DIAGNOSTIC,    11, -4.670653841426e-01, 2.271886333970e-05, 2.5600e+02, 0.0000e+00, 
 2DIAGNOSTIC,    12, -4.670654674933e-01, 1.415269731424e-05, 2.5600e+02, 0.0000e+00, 
 2DIAGNOSTIC,    13, -4.670651351004e-01, 1.068983032557e-05, 2.5600e+02, 0.0000e+00, 
 2DIAGNOSTIC,    14, -4.670649291158e-01, 8.344581846301e-06, 2.5600e+02, 0.0000e+00, 
 2DIAGNOSTIC,    15, -4.670646480178e-01, 6.177171626390e-06, 2.5600e+02, 0.0000e+00, 
 2DIAGNOSTIC,    16, -4.670645796469e-01, 3.990711579527e-06, 2.5600e+02, 0.0000e+00, 
 2DIAGNOSTIC,    17, -4.670645151436e-01, 2.328080012402e-06, 2.5600e+02, 0.0000e+00, 
 2DIAGNOSTIC,    18, -4.670645206148e-01, 1.651704162123e-06, 2.5600e+02, 0.0000e+00, 
 2DIAGNOSTIC,    19, -4.670645204458e-01, 1.577584522197e-06, 2.5600e+02, 0.0000e+00, 
 2DIAGNOSTIC,    20, -4.670645200737e-01, 1.517202358879e-06, 2.5600e+02, 0.0000e+00, 
 2DIAGNOSTIC,    21, -4.670645189776e-01, 1.458987859686e-06, 2.5600e+02, 0.0000e+00, 
 2DIAGNOSTIC,    22, -4.670645192643e-01, 1.413471426022e-06, 2.5600e+02, 0.0000e+00, 
 2DIAGNOSTIC,    23, -4.670645189759e-01, 1.365974027973e-06, 2.5600e+02, 0.0000e+00, 
 2DIAGNOSTIC,    24, -4.670645158346e-01, 1.318684899908e-06, 2.5600e+02, 0.0000e+00, 
 2DIAGNOSTIC,    25, -4.670645158346e-01, 1.268806137739e-06, 2.5600e+02, 0.0000e+00, 
 2DIAGNOSTIC,    26, -4.670645120159e-01, 1.221268094750e-06, 2.5600e+02, 0.0000e+00, 
 2DIAGNOSTIC,    27, -4.670645120960e-01, 1.175821485483e-06, 2.5600e+02, 0.0000e+00, 
 2DIAGNOSTIC,    28, -4.670645120960e-01, 1.133782425833e-06, 2.5600e+02, 0.0000e+00, 
 2DIAGNOSTIC,    29, -4.670645123749e-01, 1.094690836735e-06, 2.5600e+02, 0.0000e+00, 
 2DIAGNOSTIC,    30, -4.670645123749e-01, 1.058242621671e-06, 2.5600e+02, 0.0000e+00, 
 2DIAGNOSTIC,    31, -4.670645123412e-01, 1.024162037559e-06, 2.5600e+02, 0.0000e+00, 
  Elapsed time (stage 0): 2.5600e+02


Total elapsed time: 2.5600e+02
Info [verificarlo]: loaded backend libinterflop_vprec.so
Info [interflop-vprec]: load backend with: 
Info [interflop-vprec]: precision-binary32 = 22
Info [interflop-vprec]: range-binary32 = 7
Info [interflop-vprec]: precision-binary64 = 22
Info [interflop-vprec]: range-binary64 = 7
Info [interflop-vprec]: mode = ob
Info [interflop-vprec]: error-mode = rel
Info [interflop-vprec]: max-abs-error-exponent = -1022
Info [interflop-vprec]: daz = false
Info [interflop-vprec]: ftz = false
Info [interflop-vprec]: 	instrument = none
Info [interflop-vprec]: 	prec-input-file = (null)
Info [interflop-vprec]: 	prec-output-file = (null)
Info [interflop-vprec]: 	prec-log-file = (null)
All_Command_lines_OK
Using double precision for computations.
=============================================================================
The composite transform comprises the following transforms (in order): 
  1. /home/mdugre/scratch/mri-registration-rp/datasets/ds004513/derivatives/mri-registration-rp/0111/antsRegistration-r7-p22/sub-s032/rigid_Composite.h5[0] (type = Euler3DTransform)
  2. /home/mdugre/scratch/mri-registration-rp/datasets/ds004513/derivatives/mri-registration-rp/0111/antsRegistration-r7-p22/sub-s032/rigid_Composite.h5[1] (type = Euler3DTransform)
  3. /home/mdugre/scratch/mri-registration-rp/datasets/ds004513/derivatives/mri-registration-rp/0111/antsRegistration-r7-p22/sub-s032/rigid_Composite.h5[2] (type = Euler3DTransform)
=============================================================================
  number of levels = 4
  fixed image: /templateflow/tpl-MNI152NLin2009cAsym/tpl-MNI152NLin2009cAsym_res-01_desc-brain_T1w.nii.gz
  moving image: /home/mdugre/scratch/mri-registration-rp/datasets/ds004513/derivatives/mri-registration-rp/antsBrainExtraction/sub-s032/BrainExtractionBrain.nii.gz
Dimension = 3
Number of stages = 1
Use histogram matching = false
Winsorize image intensities = true
  Lower quantile = 0.005
  Upper quantile = 0.995


Stage 1 State
   Image metric = MattesMI
     Fixed image = Image (0x3381490)
  RTTI typeinfo:   itk::Image<double, 3u>
  Reference Count: 2
  Modified Time: 1592
  Debug: Off
  Object Name: 
  Observers: 
    none
  Source: (none)
  Source output name: (none)
  Release Data: Off
  Data Released: False
  Global Release Data: Off
  PipelineMTime: 0
  UpdateMTime: 1203
  RealTimeStamp: 0 seconds 
  LargestPossibleRegion: 
    Dimension: 3
    Index: [0, 0, 0]
    Size: [193, 229, 193]
  BufferedRegion: 
    Dimension: 3
    Index: [0, 0, 0]
    Size: [193, 229, 193]
  RequestedRegion: 
    Dimension: 3
    Index: [0, 0, 0]
    Size: [193, 229, 193]
  Spacing: [1, 1, 1]
  Origin: [96, 132, -78]
  Direction: 
-1 0 0
0 -1 0
0 0 1

  IndexToPointMatrix: 
-1 0 0
0 -1 0
0 0 1

  PointToIndexMatrix: 
-1 0 0
0 -1 0
0 0 1

  Inverse Direction: 
-1 0 0
0 -1 0
0 0 1

  PixelContainer: 
    ImportImageContainer (0x344c940)
      RTTI typeinfo:   itk::ImportImageContainer<unsigned long, double>
      Reference Count: 1
      Modified Time: 1200
      Debug: Off
      Object Name: 
      Observers: 
        none
      Pointer: 0x1466a56c1010
      Container manages memory: true
      Size: 8530021
      Capacity: 8530021

     Moving image = Image (0x343cb60)
  RTTI typeinfo:   itk::Image<double, 3u>
  Reference Count: 2
  Modified Time: 1593
  Debug: Off
  Object Name: 
  Observers: 
    none
  Source: (none)
  Source output name: (none)
  Release Data: Off
  Data Released: False
  Global Release Data: Off
  PipelineMTime: 0
  UpdateMTime: 1590
  RealTimeStamp: 0 seconds 
  LargestPossibleRegion: 
    Dimension: 3
    Index: [0, 0, 0]
    Size: [160, 240, 256]
  BufferedRegion: 
    Dimension: 3
    Index: [0, 0, 0]
    Size: [160, 240, 256]
  RequestedRegion: 
    Dimension: 3
    Index: [0, 0, 0]
    Size: [160, 240, 256]
  Spacing: [1, 1, 1]
  Origin: [73.279, 104.707, -131.187]
  Direction: 
-0.997527 0.0645574 -0.0278053
-0.0645323 -0.997914 -0.00179875
-0.0278634 4.01097e-08 0.999612

  IndexToPointMatrix: 
-0.997527 0.0645574 -0.0278053
-0.0645323 -0.997914 -0.00179875
-0.0278634 4.01097e-08 0.999612

  PointToIndexMatrix: 
-0.997527 -0.0645323 -0.0278634
0.0645574 -0.997914 1.20141e-07
-0.0278053 -0.00179879 0.999612

  Inverse Direction: 
-0.997527 -0.0645323 -0.0278634
0.0645574 -0.997914 1.20141e-07
-0.0278053 -0.00179879 0.999612

  PixelContainer: 
    ImportImageContainer (0x34d0190)
      RTTI typeinfo:   itk::ImportImageContainer<unsigned long, double>
      Reference Count: 1
      Modified Time: 1587
      Debug: Off
      Object Name: 
      Observers: 
        none
      Pointer: 0x1466a0bc0010
      Container manages memory: true
      Size: 9830400
      Capacity: 9830400

     Weighting = 1
     Sampling strategy = regular
     Number of bins = 32
     Radius = 4
     Sampling percentage  = 0.25
   Transform = Affine
     Gradient step = 0.1
     Update field sigma (voxel space) = 0
     Total field sigma (voxel space) = 0
     Update field time sigma = 0
     Total field time sigma  = 0
     Number of time indices = 0
     Number of time point samples = 0
Registration using 1 total stages.

Stage 0
  iterations = 1000x500x250x100
  convergence threshold = 1e-06
  convergence window size = 10
  number of levels = 4
  using the Mattes MI metric (number of bins = 32, weight = 1, use gradient filter = 0)
  preprocessing:  winsorizing the image intensities
  Shrink factors (level 1 out of 4): [8, 8, 8]
  Shrink factors (level 2 out of 4): [4, 4, 4]
  Shrink factors (level 3 out of 4): [2, 2, 2]
  Shrink factors (level 4 out of 4): [1, 1, 1]
  smoothing sigmas per level: [3, 2, 1, 0]
  regular sampling (percentage = 0.25)

*** Running AffineTransform registration ***

DIAGNOSTIC,Iteration,metricValue,convergenceValue,ITERATION_TIME_INDEX,SINCE_LAST
 2DIAGNOSTIC,     1, -6.840227230353e-01, 1.797693134862e+308, 0.0000e+00, 0.0000e+00, 
 2DIAGNOSTIC,     2, -6.860610752954e-01, 1.797693134862e+308, 0.0000e+00, 0.0000e+00, 
 2DIAGNOSTIC,     3, -6.890012874433e-01, 1.797693134862e+308, 0.0000e+00, 0.0000e+00, 
 2DIAGNOSTIC,     4, -6.929736616624e-01, 1.797693134862e+308, 0.0000e+00, 0.0000e+00, 
 2DIAGNOSTIC,     5, -7.034760746468e-01, 1.797693134862e+308, 0.0000e+00, 0.0000e+00, 
 2DIAGNOSTIC,     6, -7.215244423246e-01, 1.797693134862e+308, 0.0000e+00, 0.0000e+00, 
 2DIAGNOSTIC,     7, -7.215239732601e-01, 1.797693134862e+308, 0.0000e+00, 0.0000e+00, 
 2DIAGNOSTIC,     8, -7.215265717017e-01, 1.797693134862e+308, 0.0000e+00, 0.0000e+00, 
 2DIAGNOSTIC,     9, -7.215306600191e-01, 1.797693134862e+308, 0.0000e+00, 0.0000e+00, 
 2DIAGNOSTIC,    10, -7.215375800348e-01, 4.334787003201e-03, 0.0000e+00, 0.0000e+00, 
 2DIAGNOSTIC,    11, -7.215494093520e-01, 3.375914879872e-03, 0.0000e+00, 0.0000e+00, 
 2DIAGNOSTIC,    12, -7.215696334195e-01, 2.348782301452e-03, 0.0000e+00, 0.0000e+00, 
 2DIAGNOSTIC,    13, -7.216036224183e-01, 1.371787802829e-03, 0.0000e+00, 0.0000e+00, 
 2DIAGNOSTIC,    14, -7.216619643772e-01, 5.250141137097e-04, 0.0000e+00, 0.0000e+00, 
 2DIAGNOSTIC,    15, -7.217610441018e-01, 1.363662647082e-05, 0.0000e+00, 0.0000e+00, 
 2DIAGNOSTIC,    16, -7.219305259348e-01, 2.041464925227e-05, 0.0000e+00, 0.0000e+00, 
 2DIAGNOSTIC,    17, -7.222225963139e-01, 3.145831950967e-05, 0.0000e+00, 0.0000e+00, 
 2DIAGNOSTIC,    18, -7.224511730552e-01, 4.352735915531e-05, 0.0000e+00, 0.0000e+00, 
 2DIAGNOSTIC,    19, -7.231526895620e-01, 6.519896385897e-05, 0.0000e+00, 0.0000e+00, 
 2DIAGNOSTIC,    20, -7.240190686495e-01, 9.585729484153e-05, 0.0000e+00, 0.0000e+00, 
 2DIAGNOSTIC,    21, -7.247304284609e-01, 1.281651948847e-04, 0.0000e+00, 0.0000e+00, 
 2DIAGNOSTIC,    22, -7.251959151337e-01, 1.543849333551e-04, 0.0000e+00, 0.0000e+00, 
 2DIAGNOSTIC,    23, -7.256232442547e-01, 1.720259550117e-04, 0.0000e+00, 0.0000e+00, 
 2DIAGNOSTIC,    24, -7.266267736978e-01, 1.896246241268e-04, 0.0000e+00, 0.0000e+00, 
 2DIAGNOSTIC,    25, -7.315350846725e-01, 2.669616515329e-04, 0.0000e+00, 0.0000e+00, 
 2DIAGNOSTIC,    26, -7.318667491669e-01, 3.188763627571e-04, 0.0000e+00, 0.0000e+00, 
 2DIAGNOSTIC,    27, -7.317008988190e-01, 3.398528693842e-04, 0.0000e+00, 0.0000e+00, 
 2DIAGNOSTIC,    28, -7.317445165561e-01, 3.323290801234e-04, 0.0000e+00, 0.0000e+00, 
 2DIAGNOSTIC,    29, -7.319381034903e-01, 3.056838689587e-04, 0.0000e+00, 0.0000e+00, 
 2DIAGNOSTIC,    30, -7.323208946509e-01, 2.671526325442e-04, 0.0000e+00, 0.0000e+00, 
 2DIAGNOSTIC,    31, -7.329336683274e-01, 2.225452656165e-04, 0.0000e+00, 0.0000e+00, 
 2DIAGNOSTIC,    32, -7.335388030165e-01, 1.738797526615e-04, 0.0000e+00, 0.0000e+00, 
 2DIAGNOSTIC,    33, -7.343787278823e-01, 1.273449790701e-04, 0.0000e+00, 0.0000e+00, 
 2DIAGNOSTIC,    34, -7.356752425997e-01, 9.651738388942e-05, 0.0000e+00, 0.0000e+00, 
 2DIAGNOSTIC,    35, -7.360919659566e-01, 1.179241386158e-04, 0.0000e+00, 0.0000e+00, 
 2DIAGNOSTIC,    36, -7.361137217283e-01, 1.309918967469e-04, 0.0000e+00, 0.0000e+00, 
 2DIAGNOSTIC,    37, -7.365441921487e-01, 1.339598892459e-04, 0.0000e+00, 0.0000e+00, 
 2DIAGNOSTIC,    38, -7.369417030456e-01, 1.284823265528e-04, 0.0000e+00, 0.0000e+00, 
 2DIAGNOSTIC,    39, -7.374791954890e-01, 1.182359151225e-04, 0.0000e+00, 0.0000e+00, 
 2DIAGNOSTIC,    40, -7.374810836872e-01, 1.009796540696e-04, 0.0000e+00, 0.0000e+00, 
 2DIAGNOSTIC,    41, -7.376730019578e-01, 8.295605442062e-05, 0.0000e+00, 0.0000e+00, 
 2DIAGNOSTIC,    42, -7.377183858530e-01, 6.397674854728e-05, 0.0000e+00, 0.0000e+00, 
 2DIAGNOSTIC,    43, -7.379298595847e-01, 4.907811243700e-05, 0.0000e+00, 0.0000e+00, 
 2DIAGNOSTIC,    44, -7.381218365011e-01, 4.336124598733e-05, 0.0000e+00, 0.0000e+00, 
 2DIAGNOSTIC,    45, -7.383333369990e-01, 3.935314956295e-05, 0.0000e+00, 0.0000e+00, 
 2DIAGNOSTIC,    46, -7.385401042056e-01, 3.375221441600e-05, 0.0000e+00, 0.0000e+00, 
 2DIAGNOSTIC,    47, -7.385785519285e-01, 2.907732373505e-05, 0.0000e+00, 0.0000e+00, 
 2DIAGNOSTIC,    48, -7.388161904365e-01, 2.696648097543e-05, 0.0000e+00, 0.0000e+00, 
 2DIAGNOSTIC,    49, -7.389014233285e-01, 2.736072847058e-05, 0.0000e+00, 0.0000e+00, 
 2DIAGNOSTIC,    50, -7.389421808372e-01, 2.547071936691e-05, 0.0000e+00, 0.0000e+00, 
 2DIAGNOSTIC,    51, -7.389757230506e-01, 2.303364722696e-05, 0.0000e+00, 0.0000e+00, 
 2DIAGNOSTIC,    52, -7.390634876627e-01, 1.953193530753e-05, 0.0000e+00, 0.0000e+00, 
 2DIAGNOSTIC,    53, -7.395969360536e-01, 1.980315078527e-05, 0.0000e+00, 0.0000e+00, 
 2DIAGNOSTIC,    54, -7.398368725794e-01, 2.120916684200e-05, 0.0000e+00, 0.0000e+00, 
 2DIAGNOSTIC,    55, -7.398368683186e-01, 2.207420037107e-05, 0.0000e+00, 0.0000e+00, 
 2DIAGNOSTIC,    56, -7.398419821797e-01, 2.241718915002e-05, 0.0000e+00, 0.0000e+00, 
 2DIAGNOSTIC,    57, -7.398491018237e-01, 2.092769341197e-05, 0.0000e+00, 0.0000e+00, 
 2DIAGNOSTIC,    58, -7.398539766096e-01, 1.908624349183e-05, 0.0000e+00, 0.0000e+00, 
 2DIAGNOSTIC,    59, -7.397589092663e-01, 1.542649398889e-05, 0.0000e+00, 0.0000e+00, 
 2DIAGNOSTIC,    60, -7.397655052854e-01, 1.083763737108e-05, 0.0000e+00, 0.0000e+00, 
 2DIAGNOSTIC,    61, -7.397717615873e-01, 5.706499819041e-06, 0.0000e+00, 0.0000e+00, 
DIAGNOSTIC,Iteration,metricValue,convergenceValue,ITERATION_TIME_INDEX,SINCE_LAST
 2DIAGNOSTIC,     1, -5.981704790887e-01, 1.797693134862e+308, 0.0000e+00, 0.0000e+00, 
 2DIAGNOSTIC,     2, -5.987030744627e-01, 1.797693134862e+308, 0.0000e+00, 0.0000e+00, 
 2DIAGNOSTIC,     3, -5.994662384047e-01, 1.797693134862e+308, 0.0000e+00, 0.0000e+00, 
 2DIAGNOSTIC,     4, -6.001118631445e-01, 1.797693134862e+308, 0.0000e+00, 0.0000e+00, 
 2DIAGNOSTIC,     5, -6.001213759539e-01, 1.797693134862e+308, 0.0000e+00, 0.0000e+00, 
 2DIAGNOSTIC,     6, -6.001350460132e-01, 1.797693134862e+308, 0.0000e+00, 0.0000e+00, 
 2DIAGNOSTIC,     7, -6.000671833596e-01, 1.797693134862e+308, 0.0000e+00, 0.0000e+00, 
 2DIAGNOSTIC,     8, -6.000845180734e-01, 1.797693134862e+308, 0.0000e+00, 0.0000e+00, 
 2DIAGNOSTIC,     9, -6.000532118997e-01, 1.797693134862e+308, 0.0000e+00, 0.0000e+00, 
 2DIAGNOSTIC,    10, -6.000565801427e-01, 1.681545028662e-04, 0.0000e+00, 0.0000e+00, 
 2DIAGNOSTIC,    11, -6.000360687183e-01, 7.953332893886e-05, 0.0000e+00, 0.0000e+00, 
 2DIAGNOSTIC,    12, -6.000224302742e-01, 1.880535942624e-05, 0.0000e+00, 0.0000e+00, 
DIAGNOSTIC,Iteration,metricValue,convergenceValue,ITERATION_TIME_INDEX,SINCE_LAST
 2DIAGNOSTIC,     1, -5.345101999878e-01, 1.797693134862e+308, 0.0000e+00, 0.0000e+00, 
 2DIAGNOSTIC,     2, -5.346656989817e-01, 1.797693134862e+308, 0.0000e+00, 0.0000e+00, 
 2DIAGNOSTIC,     3, -5.349348494254e-01, 1.797693134862e+308, 0.0000e+00, 0.0000e+00, 
 2DIAGNOSTIC,     4, -5.354132462649e-01, 1.797693134862e+308, 0.0000e+00, 0.0000e+00, 
 2DIAGNOSTIC,     5, -5.361170984672e-01, 1.797693134862e+308, 0.0000e+00, 0.0000e+00, 
 2DIAGNOSTIC,     6, -5.368593179839e-01, 1.797693134862e+308, 0.0000e+00, 0.0000e+00, 
