
##########################
# Experiment information #
##########################

EXPERIMENT_NAME: antsRegistration-r7-p22
VFC_BACKENDS: libinterflop_vprec.so --range-binary32=7 --precision-binary32=22 --range-binary64=7 --precision-binary64=22

SIF_IMG: /home/mdugre/projects/rrg-glatard/mdugre/containers/ants-vprec-no_metrics.simg

SUBJECT_ID: s017
INPUT_IMG: /home/mdugre/scratch/mri-registration-rp/datasets/ds004513/derivatives/mri-registration-rp/antsBrainExtraction/sub-s017/BrainExtractionBrain.nii.gz
OUTPUT_DIR: /home/mdugre/scratch/mri-registration-rp/datasets/ds004513/derivatives/mri-registration-rp/0111/antsRegistration-r7-p22/sub-s017

FIXED_IMG: /templateflow/tpl-MNI152NLin2009cAsym/tpl-MNI152NLin2009cAsym_res-01_desc-brain_T1w.nii.gz
DATA_DIR: /home/mdugre/scratch/mri-registration-rp/datasets/ds004513
TEMPLATEFLOW_DIR: /home/mdugre/projects/rrg-glatard/mdugre/templateflow
ITK_GLOBAL_DEFAULT_NUMBER_OF_THREADS: 16
##########################

Info [verificarlo]: loaded backend libinterflop_ieee.so
Info [interflop-ieee]: load backend with:
Info [interflop-ieee]: debug = false
Info [interflop-ieee]: debug-binary = false
Info [interflop-ieee]: no-backend-name = false
Info [interflop-ieee]: print-new-line = false
Info [interflop-ieee]: print-subnormal-normalized = false
Info [interflop-ieee]: count-op = false
All_Command_lines_OK
Using double precision for computations.
=============================================================================
The composite transform comprises the following transforms (in order): 
  1. Center of mass alignment using fixed image: /templateflow/tpl-MNI152NLin2009cAsym/tpl-MNI152NLin2009cAsym_res-01_desc-brain_T1w.nii.gz and moving image: /home/mdugre/scratch/mri-registration-rp/datasets/ds004513/derivatives/mri-registration-rp/antsBrainExtraction/sub-s017/BrainExtractionBrain.nii.gz (type = Euler3DTransform)
=============================================================================
  number of levels = 1
  fixed image: /templateflow/tpl-MNI152NLin2009cAsym/tpl-MNI152NLin2009cAsym_res-01_desc-brain_T1w.nii.gz
  moving image: /home/mdugre/scratch/mri-registration-rp/datasets/ds004513/derivatives/mri-registration-rp/antsBrainExtraction/sub-s017/BrainExtractionBrain.nii.gz
Dimension = 3
Number of stages = 1
Use histogram matching = false
Winsorize image intensities = true
  Lower quantile = 0.005
  Upper quantile = 0.995


Stage 1 State
   Image metric = MattesMI
     Fixed image = Image (0x4e1ee70)
  RTTI typeinfo:   itk::Image<double, 3u>
  Reference Count: 2
  Modified Time: 2334
  Debug: Off
  Object Name: 
  Observers: 
    none
  Source: (none)
  Source output name: (none)
  Release Data: Off
  Data Released: False
  Global Release Data: Off
  PipelineMTime: 0
  UpdateMTime: 1943
  RealTimeStamp: 0 seconds 
  LargestPossibleRegion: 
    Dimension: 3
    Index: [0, 0, 0]
    Size: [193, 229, 193]
  BufferedRegion: 
    Dimension: 3
    Index: [0, 0, 0]
    Size: [193, 229, 193]
  RequestedRegion: 
    Dimension: 3
    Index: [0, 0, 0]
    Size: [193, 229, 193]
  Spacing: [1, 1, 1]
  Origin: [96, 132, -78]
  Direction: 
-1 0 0
0 -1 0
0 0 1

  IndexToPointMatrix: 
-1 0 0
0 -1 0
0 0 1

  PointToIndexMatrix: 
-1 0 0
0 -1 0
0 0 1

  Inverse Direction: 
-1 0 0
0 -1 0
0 0 1

  PixelContainer: 
    ImportImageContainer (0x4e27c60)
      RTTI typeinfo:   itk::ImportImageContainer<unsigned long, double>
      Reference Count: 1
      Modified Time: 1940
      Debug: Off
      Object Name: 
      Observers: 
        none
      Pointer: 0x150e5e8b2010
      Container manages memory: true
      Size: 8530021
      Capacity: 8530021

     Moving image = Image (0x4e2a610)
  RTTI typeinfo:   itk::Image<double, 3u>
  Reference Count: 2
  Modified Time: 2335
  Debug: Off
  Object Name: 
  Observers: 
    none
  Source: (none)
  Source output name: (none)
  Release Data: Off
  Data Released: False
  Global Release Data: Off
  PipelineMTime: 0
  UpdateMTime: 2332
  RealTimeStamp: 0 seconds 
  LargestPossibleRegion: 
    Dimension: 3
    Index: [0, 0, 0]
    Size: [160, 240, 256]
  BufferedRegion: 
    Dimension: 3
    Index: [0, 0, 0]
    Size: [160, 240, 256]
  RequestedRegion: 
    Dimension: 3
    Index: [0, 0, 0]
    Size: [160, 240, 256]
  Spacing: [1, 1, 1]
  Origin: [91.3357, 102.231, -120.042]
  Direction: 
-0.997442 -5.36781e-05 -0.0714818
5.35416e-05 -1 3.82465e-06
-0.0714818 -1.23894e-08 0.997442

  IndexToPointMatrix: 
-0.997444 -5.36781e-05 -0.0714818
5.35418e-05 -1 3.82465e-06
-0.0714819 -1.23894e-08 0.997442

  PointToIndexMatrix: 
-0.99744 5.35415e-05 -0.0714816
-5.36781e-05 -1 -1.23894e-08
-0.0714818 3.82465e-06 0.997442

  Inverse Direction: 
-0.997442 5.35416e-05 -0.0714818
-5.36781e-05 -1 -1.23894e-08
-0.0714818 3.82465e-06 0.997442

  PixelContainer: 
    ImportImageContainer (0x4ec3ef0)
      RTTI typeinfo:   itk::ImportImageContainer<unsigned long, double>
      Reference Count: 1
      Modified Time: 2329
      Debug: Off
      Object Name: 
      Observers: 
        none
      Pointer: 0x150e59db1010
      Container manages memory: true
      Size: 9830400
      Capacity: 9830400

     Weighting = 1
     Sampling strategy = regular
     Number of bins = 32
     Radius = 4
     Sampling percentage  = 0.25
   Transform = Rigid
     Gradient step = 0.1
     Update field sigma (voxel space) = 0
     Total field sigma (voxel space) = 0
     Update field time sigma = 0
     Total field time sigma  = 0
     Number of time indices = 0
     Number of time point samples = 0
Registration using 1 total stages.

Stage 0
  iterations = 0
  convergence threshold = 1e-06
  convergence window size = 10
  number of levels = 1
  using the Mattes MI metric (number of bins = 32, weight = 1, use gradient filter = 0)
  preprocessing:  winsorizing the image intensities
  Shrink factors (level 1 out of 1): [1, 1, 1]
  smoothing sigmas per level: [0]
  regular sampling (percentage = 0.25)

*** Running Euler3DTransform registration ***

  Elapsed time (stage 0): 1.09951


Total elapsed time: 1.10168
Info [verificarlo]: loaded backend libinterflop_vprec.so
Info [interflop-vprec]: load backend with: 
Info [interflop-vprec]: precision-binary32 = 22
Info [interflop-vprec]: range-binary32 = 7
Info [interflop-vprec]: precision-binary64 = 22
Info [interflop-vprec]: range-binary64 = 7
Info [interflop-vprec]: mode = ob
Info [interflop-vprec]: error-mode = rel
Info [interflop-vprec]: max-abs-error-exponent = -1022
Info [interflop-vprec]: daz = false
Info [interflop-vprec]: ftz = false
Info [interflop-vprec]: 	instrument = none
Info [interflop-vprec]: 	prec-input-file = (null)
Info [interflop-vprec]: 	prec-output-file = (null)
Info [interflop-vprec]: 	prec-log-file = (null)
All_Command_lines_OK
Using double precision for computations.
=============================================================================
The composite transform comprises the following transforms (in order): 
  1. /home/mdugre/scratch/mri-registration-rp/datasets/ds004513/derivatives/mri-registration-rp/0111/antsRegistration-r7-p22/sub-s017/align_Composite.h5[0] (type = Euler3DTransform)
  2. /home/mdugre/scratch/mri-registration-rp/datasets/ds004513/derivatives/mri-registration-rp/0111/antsRegistration-r7-p22/sub-s017/align_Composite.h5[1] (type = Euler3DTransform)
=============================================================================
  number of levels = 4
  fixed image: /templateflow/tpl-MNI152NLin2009cAsym/tpl-MNI152NLin2009cAsym_res-01_desc-brain_T1w.nii.gz
  moving image: /home/mdugre/scratch/mri-registration-rp/datasets/ds004513/derivatives/mri-registration-rp/antsBrainExtraction/sub-s017/BrainExtractionBrain.nii.gz
Dimension = 3
Number of stages = 1
Use histogram matching = false
Winsorize image intensities = true
  Lower quantile = 0.005
  Upper quantile = 0.995


Stage 1 State
   Image metric = MattesMI
     Fixed image = Image (0x3bfe1e0)
  RTTI typeinfo:   itk::Image<double, 3u>
  Reference Count: 2
  Modified Time: 1580
  Debug: Off
  Object Name: 
  Observers: 
    none
  Source: (none)
  Source output name: (none)
  Release Data: Off
  Data Released: False
  Global Release Data: Off
  PipelineMTime: 0
  UpdateMTime: 1189
  RealTimeStamp: 0 seconds 
  LargestPossibleRegion: 
    Dimension: 3
    Index: [0, 0, 0]
    Size: [193, 229, 193]
  BufferedRegion: 
    Dimension: 3
    Index: [0, 0, 0]
    Size: [193, 229, 193]
  RequestedRegion: 
    Dimension: 3
    Index: [0, 0, 0]
    Size: [193, 229, 193]
  Spacing: [1, 1, 1]
  Origin: [96, 132, -78]
  Direction: 
-1 0 0
0 -1 0
0 0 1

  IndexToPointMatrix: 
-1 0 0
0 -1 0
0 0 1

  PointToIndexMatrix: 
-1 0 0
0 -1 0
0 0 1

  Inverse Direction: 
-1 0 0
0 -1 0
0 0 1

  PixelContainer: 
    ImportImageContainer (0x3cbd680)
      RTTI typeinfo:   itk::ImportImageContainer<unsigned long, double>
      Reference Count: 1
      Modified Time: 1186
      Debug: Off
      Object Name: 
      Observers: 
        none
      Pointer: 0x148e40426010
      Container manages memory: true
      Size: 8530021
      Capacity: 8530021

     Moving image = Image (0x3cb9b20)
  RTTI typeinfo:   itk::Image<double, 3u>
  Reference Count: 2
  Modified Time: 1581
  Debug: Off
  Object Name: 
  Observers: 
    none
  Source: (none)
  Source output name: (none)
  Release Data: Off
  Data Released: False
  Global Release Data: Off
  PipelineMTime: 0
  UpdateMTime: 1578
  RealTimeStamp: 0 seconds 
  LargestPossibleRegion: 
    Dimension: 3
    Index: [0, 0, 0]
    Size: [160, 240, 256]
  BufferedRegion: 
    Dimension: 3
    Index: [0, 0, 0]
    Size: [160, 240, 256]
  RequestedRegion: 
    Dimension: 3
    Index: [0, 0, 0]
    Size: [160, 240, 256]
  Spacing: [1, 1, 1]
  Origin: [91.3357, 102.231, -120.042]
  Direction: 
-0.997442 -5.36781e-05 -0.0714818
5.35416e-05 -1 3.82465e-06
-0.0714818 -1.23894e-08 0.997442

  IndexToPointMatrix: 
-0.997444 -5.36781e-05 -0.0714818
5.35417e-05 -1 3.82465e-06
-0.0714819 -1.23894e-08 0.997442

  PointToIndexMatrix: 
-0.99744 5.35415e-05 -0.0714816
-5.3678e-05 -1 -1.36206e-08
-0.0714818 3.82343e-06 0.997442

  Inverse Direction: 
-0.997442 5.35417e-05 -0.0714818
-5.36781e-05 -1 -1.239e-08
-0.0714818 3.82465e-06 0.997442

  PixelContainer: 
    ImportImageContainer (0x3d22d50)
      RTTI typeinfo:   itk::ImportImageContainer<unsigned long, double>
      Reference Count: 1
      Modified Time: 1575
      Debug: Off
      Object Name: 
      Observers: 
        none
      Pointer: 0x148e3b925010
      Container manages memory: true
      Size: 9830400
      Capacity: 9830400

     Weighting = 1
     Sampling strategy = regular
     Number of bins = 32
     Radius = 4
     Sampling percentage  = 0.25
   Transform = Rigid
     Gradient step = 0.1
     Update field sigma (voxel space) = 0
     Total field sigma (voxel space) = 0
     Update field time sigma = 0
     Total field time sigma  = 0
     Number of time indices = 0
     Number of time point samples = 0
Registration using 1 total stages.

Stage 0
  iterations = 1000x500x250x100
  convergence threshold = 1e-06
  convergence window size = 10
  number of levels = 4
  using the Mattes MI metric (number of bins = 32, weight = 1, use gradient filter = 0)
  preprocessing:  winsorizing the image intensities
  Shrink factors (level 1 out of 4): [8, 8, 8]
  Shrink factors (level 2 out of 4): [4, 4, 4]
  Shrink factors (level 3 out of 4): [2, 2, 2]
  Shrink factors (level 4 out of 4): [1, 1, 1]
  smoothing sigmas per level: [3, 2, 1, 0]
  regular sampling (percentage = 0.25)

*** Running Euler3DTransform registration ***

DIAGNOSTIC,Iteration,metricValue,convergenceValue,ITERATION_TIME_INDEX,SINCE_LAST
 2DIAGNOSTIC,     1, -5.567763681080e-01, 1.797693134862e+308, 0.0000e+00, 0.0000e+00, 
 2DIAGNOSTIC,     2, -5.584235827555e-01, 1.797693134862e+308, 0.0000e+00, 0.0000e+00, 
 2DIAGNOSTIC,     3, -5.612709631567e-01, 1.797693134862e+308, 0.0000e+00, 0.0000e+00, 
 2DIAGNOSTIC,     4, -5.637773312237e-01, 1.797693134862e+308, 0.0000e+00, 0.0000e+00, 
 2DIAGNOSTIC,     5, -5.658214635794e-01, 1.797693134862e+308, 0.0000e+00, 0.0000e+00, 
 2DIAGNOSTIC,     6, -5.696425127560e-01, 1.797693134862e+308, 0.0000e+00, 0.0000e+00, 
 2DIAGNOSTIC,     7, -5.734083539600e-01, 1.797693134862e+308, 0.0000e+00, 0.0000e+00, 
 2DIAGNOSTIC,     8, -5.754515694501e-01, 1.797693134862e+308, 0.0000e+00, 0.0000e+00, 
 2DIAGNOSTIC,     9, -5.762121561586e-01, 1.797693134862e+308, 0.0000e+00, 0.0000e+00, 
 2DIAGNOSTIC,    10, -5.762289624646e-01, 2.510190228755e-03, 0.0000e+00, 0.0000e+00, 
 2DIAGNOSTIC,    11, -5.785981800377e-01, 2.142352013405e-03, 0.0000e+00, 0.0000e+00, 
 2DIAGNOSTIC,    12, -5.804297886655e-01, 1.782832348652e-03, 0.0000e+00, 0.0000e+00, 
 2DIAGNOSTIC,    13, -5.817123002383e-01, 1.474797199392e-03, 0.0000e+00, 0.0000e+00, 
 2DIAGNOSTIC,    14, -5.818807873010e-01, 1.174887054583e-03, 0.0000e+00, 0.0000e+00, 
 2DIAGNOSTIC,    15, -5.838786434985e-01, 9.422925087515e-04, 0.0000e+00, 0.0000e+00, 
 2DIAGNOSTIC,    16, -5.862687056528e-01, 8.408451103777e-04, 0.0000e+00, 0.0000e+00, 
 2DIAGNOSTIC,    17, -5.868004445347e-01, 7.956808603560e-04, 0.0000e+00, 0.0000e+00, 
 2DIAGNOSTIC,    18, -5.883891065921e-01, 7.830103967409e-04, 0.0000e+00, 0.0000e+00, 
 2DIAGNOSTIC,    19, -5.896519214215e-01, 7.530213123293e-04, 0.0000e+00, 0.0000e+00, 
 2DIAGNOSTIC,    20, -5.907818111258e-01, 6.826941464503e-04, 0.0000e+00, 0.0000e+00, 
 2DIAGNOSTIC,    21, -5.909650825260e-01, 6.139515768773e-04, 0.0000e+00, 0.0000e+00, 
 2DIAGNOSTIC,    22, -5.912124329308e-01, 5.410367142194e-04, 0.0000e+00, 0.0000e+00, 
 2DIAGNOSTIC,    23, -5.913223968144e-01, 4.547461682015e-04, 0.0000e+00, 0.0000e+00, 
 2DIAGNOSTIC,    24, -5.914596775420e-01, 3.386075586755e-04, 0.0000e+00, 0.0000e+00, 
 2DIAGNOSTIC,    25, -5.916604911549e-01, 2.422966169944e-04, 0.0000e+00, 0.0000e+00, 
 2DIAGNOSTIC,    26, -5.917115262135e-01, 1.771865422015e-04, 0.0000e+00, 0.0000e+00, 
 2DIAGNOSTIC,    27, -5.917274778712e-01, 1.101181520548e-04, 0.0000e+00, 0.0000e+00, 
 2DIAGNOSTIC,    28, -5.917302540151e-01, 6.514720323335e-05, 0.0000e+00, 0.0000e+00, 
 2DIAGNOSTIC,    29, -5.917424108275e-01, 3.831773999247e-05, 0.0000e+00, 0.0000e+00, 
 2DIAGNOSTIC,    30, -5.917418766265e-01, 2.812172498162e-05, 0.0000e+00, 0.0000e+00, 
 2DIAGNOSTIC,    31, -5.917419300358e-01, 1.884697597290e-05, 0.0000e+00, 0.0000e+00, 
 2DIAGNOSTIC,    32, -5.917418345866e-01, 1.227136037404e-05, 0.0000e+00, 0.0000e+00, 
 2DIAGNOSTIC,    33, -5.917418650584e-01, 6.647438491186e-06, 0.0000e+00, 0.0000e+00, 
 2DIAGNOSTIC,    34, -5.917418372377e-01, 2.717765530777e-06, 0.0000e+00, 0.0000e+00, 
 2DIAGNOSTIC,    35, -5.917416533860e-01, 1.625689647403e-06, 0.0000e+00, 0.0000e+00, 
 2DIAGNOSTIC,    36, -5.917417497403e-01, 1.217552110327e-06, 0.0000e+00, 0.0000e+00, 
 2DIAGNOSTIC,    37, -5.917416927826e-01, 1.011151419657e-06, 0.0000e+00, 0.0000e+00, 
DIAGNOSTIC,Iteration,metricValue,convergenceValue,ITERATION_TIME_INDEX,SINCE_LAST
 2DIAGNOSTIC,     1, -4.783274287286e-01, 1.797693134862e+308, 0.0000e+00, 0.0000e+00, 
 2DIAGNOSTIC,     2, -4.784367823917e-01, 1.797693134862e+308, 0.0000e+00, 0.0000e+00, 
 2DIAGNOSTIC,     3, -4.785914334020e-01, 1.797693134862e+308, 0.0000e+00, 0.0000e+00, 
 2DIAGNOSTIC,     4, -4.786630498405e-01, 1.797693134862e+308, 0.0000e+00, 0.0000e+00, 
 2DIAGNOSTIC,     5, -4.787764711150e-01, 1.797693134862e+308, 0.0000e+00, 0.0000e+00, 
 2DIAGNOSTIC,     6, -4.793333780471e-01, 1.797693134862e+308, 0.0000e+00, 0.0000e+00, 
 2DIAGNOSTIC,     7, -4.807941467126e-01, 1.797693134862e+308, 0.0000e+00, 0.0000e+00, 
 2DIAGNOSTIC,     8, -4.821773510743e-01, 1.797693134862e+308, 0.0000e+00, 0.0000e+00, 
 2DIAGNOSTIC,     9, -4.822407458724e-01, 1.797693134862e+308, 0.0000e+00, 0.0000e+00, 
 2DIAGNOSTIC,    10, -4.823619276349e-01, 6.523030024193e-04, 0.0000e+00, 0.0000e+00, 
 2DIAGNOSTIC,    11, -4.826293620900e-01, 6.392515956486e-04, 0.0000e+00, 0.0000e+00, 
 2DIAGNOSTIC,    12, -4.829092338429e-01, 5.885973846015e-04, 0.0000e+00, 0.0000e+00, 
 2DIAGNOSTIC,    13, -4.830460427690e-01, 5.050679198133e-04, 0.0000e+00, 0.0000e+00, 
 2DIAGNOSTIC,    14, -4.831722487326e-01, 3.972655394248e-04, 0.0000e+00, 0.0000e+00, 
 2DIAGNOSTIC,    15, -4.831664857726e-01, 2.730217795108e-04, 0.0000e+00, 0.0000e+00, 
 2DIAGNOSTIC,    16, -4.831529459693e-01, 1.586316896003e-04, 0.0000e+00, 0.0000e+00, 
 2DIAGNOSTIC,    17, -4.831613964989e-01, 9.296040923715e-05, 0.0000e+00, 0.0000e+00, 
 2DIAGNOSTIC,    18, -4.831720446332e-01, 7.191290427790e-05, 0.0000e+00, 0.0000e+00, 
 2DIAGNOSTIC,    19, -4.831816478697e-01, 4.889784214965e-05, 0.0000e+00, 0.0000e+00, 
 2DIAGNOSTIC,    20, -4.831727464891e-01, 2.704788600012e-05, 0.0000e+00, 0.0000e+00, 
 2DIAGNOSTIC,    21, -4.832259526105e-01, 1.382523012814e-05, 0.0000e+00, 0.0000e+00, 
 2DIAGNOSTIC,    22, -4.832559460684e-01, 8.860089344802e-06, 0.0000e+00, 0.0000e+00, 
 2DIAGNOSTIC,    23, -4.832172485094e-01, 6.035392180713e-06, 0.0000e+00, 0.0000e+00, 
 2DIAGNOSTIC,    24, -4.832423687119e-01, 6.786919680826e-06, 0.0000e+00, 0.0000e+00, 
 2DIAGNOSTIC,    25, -4.832420959559e-01, 6.820341552249e-06, 0.0000e+00, 0.0000e+00, 
 2DIAGNOSTIC,    26, -4.831991348393e-01, 5.019599128048e-06, 0.0000e+00, 0.0000e+00, 
 2DIAGNOSTIC,    27, -4.831922742968e-01, 3.046066884289e-06, 0.0000e+00, 0.0000e+00, 
 2DIAGNOSTIC,    28, -4.831939111199e-01, 1.309212132969e-06, 0.0000e+00, 0.0000e+00, 
DIAGNOSTIC,Iteration,metricValue,convergenceValue,ITERATION_TIME_INDEX,SINCE_LAST
 2DIAGNOSTIC,     1, -4.159202331599e-01, 1.797693134862e+308, 0.0000e+00, 0.0000e+00, 
 2DIAGNOSTIC,     2, -4.159466380379e-01, 1.797693134862e+308, 0.0000e+00, 0.0000e+00, 
 2DIAGNOSTIC,     3, -4.159611246414e-01, 1.797693134862e+308, 0.0000e+00, 0.0000e+00, 
 2DIAGNOSTIC,     4, -4.159583279804e-01, 1.797693134862e+308, 0.0000e+00, 0.0000e+00, 
 2DIAGNOSTIC,     5, -4.159569335539e-01, 1.797693134862e+308, 0.0000e+00, 0.0000e+00, 
 2DIAGNOSTIC,     6, -4.159585732503e-01, 1.797693134862e+308, 0.0000e+00, 0.0000e+00, 
 2DIAGNOSTIC,     7, -4.159575547955e-01, 1.797693134862e+308, 0.0000e+00, 0.0000e+00, 
 2DIAGNOSTIC,     8, -4.159568824718e-01, 1.797693134862e+308, 0.0000e+00, 0.0000e+00, 
 2DIAGNOSTIC,     9, -4.159563454017e-01, 1.797693134862e+308, 0.0000e+00, 0.0000e+00, 
 2DIAGNOSTIC,    10, -4.159567534730e-01, 6.040778805227e-06, 0.0000e+00, 0.0000e+00, 
 2DIAGNOSTIC,    11, -4.159560499922e-01, 3.136081698912e-06, 0.0000e+00, 0.0000e+00, 
 2DIAGNOSTIC,    12, -4.159552984658e-01, 2.128692448686e-06, 0.0000e+00, 0.0000e+00, 
 2DIAGNOSTIC,    13, -4.159552460844e-01, 2.088368125305e-06, 0.0000e+00, 0.0000e+00, 
 2DIAGNOSTIC,    14, -4.159552285077e-01, 1.950322427197e-06, 0.0000e+00, 0.0000e+00, 
 2DIAGNOSTIC,    15, -4.159552720329e-01, 1.794318594428e-06, 0.0000e+00, 0.0000e+00, 
 2DIAGNOSTIC,    16, -4.159544771756e-01, 1.724490878902e-06, 0.0000e+00, 0.0000e+00, 
 2DIAGNOSTIC,    17, -4.159544838043e-01, 1.648506760751e-06, 0.0000e+00, 0.0000e+00, 
 2DIAGNOSTIC,    18, -4.159544935319e-01, 1.576233144306e-06, 0.0000e+00, 0.0000e+00, 
 2DIAGNOSTIC,    19, -4.159544904378e-01, 1.507941152119e-06, 0.0000e+00, 0.0000e+00, 
 2DIAGNOSTIC,    20, -4.159545059262e-01, 1.476582155373e-06, 0.0000e+00, 0.0000e+00, 
 2DIAGNOSTIC,    21, -4.159545216946e-01, 1.437291415933e-06, 0.0000e+00, 0.0000e+00, 
 2DIAGNOSTIC,    22, -4.159545195193e-01, 1.385303725017e-06, 0.0000e+00, 0.0000e+00, 
 2DIAGNOSTIC,    23, -4.159546292627e-01, 1.344641961838e-06, 0.0000e+00, 0.0000e+00, 
 2DIAGNOSTIC,    24, -4.159546284869e-01, 1.309841766384e-06, 0.0000e+00, 0.0000e+00, 
 2DIAGNOSTIC,    25, -4.159546276362e-01, 1.280905101868e-06, 0.0000e+00, 0.0000e+00, 
 2DIAGNOSTIC,    26, -4.159546178045e-01, 1.232084923933e-06, 0.0000e+00, 0.0000e+00, 
 2DIAGNOSTIC,    27, -4.159538100721e-01, 1.165599597494e-06, 0.0000e+00, 0.0000e+00, 
 2DIAGNOSTIC,    28, -4.159538092816e-01, 1.105609209552e-06, 0.0000e+00, 0.0000e+00, 
 2DIAGNOSTIC,    29, -4.159538088368e-01, 1.052123079923e-06, 0.0000e+00, 0.0000e+00, 
 2DIAGNOSTIC,    30, -4.159538088368e-01, 1.006348286037e-06, 0.0000e+00, 0.0000e+00, 
DIAGNOSTIC,Iteration,metricValue,convergenceValue,ITERATION_TIME_INDEX,SINCE_LAST
 2DIAGNOSTIC,     1, -3.831129689657e-01, 1.797693134862e+308, 0.0000e+00, 0.0000e+00, 
 2DIAGNOSTIC,     2, -3.832102052396e-01, 1.797693134862e+308, 0.0000e+00, 0.0000e+00, 
 2DIAGNOSTIC,     3, -3.832919708019e-01, 1.797693134862e+308, 0.0000e+00, 0.0000e+00, 
 2DIAGNOSTIC,     4, -3.833681033479e-01, 1.797693134862e+308, 0.0000e+00, 0.0000e+00, 
 2DIAGNOSTIC,     5, -3.833704552624e-01, 1.797693134862e+308, 0.0000e+00, 0.0000e+00, 
 2DIAGNOSTIC,     6, -3.833704431628e-01, 1.797693134862e+308, 0.0000e+00, 0.0000e+00, 
 2DIAGNOSTIC,     7, -3.833704812476e-01, 1.797693134862e+308, 0.0000e+00, 0.0000e+00, 
 2DIAGNOSTIC,     8, -3.833703435028e-01, 1.797693134862e+308, 0.0000e+00, 0.0000e+00, 
 2DIAGNOSTIC,     9, -3.833702859592e-01, 1.797693134862e+308, 0.0000e+00, 0.0000e+00, 
 2DIAGNOSTIC,    10, -3.833702374993e-01, 3.678198865791e-05, 0.0000e+00, 0.0000e+00, 
 2DIAGNOSTIC,    11, -3.833700962302e-01, 1.837285595943e-05, 0.0000e+00, 0.0000e+00, 
 2DIAGNOSTIC,    12, -3.833701461685e-01, 7.569004666585e-06, 0.0000e+00, 0.0000e+00, 
 2DIAGNOSTIC,    13, -3.833701445104e-01, 2.523196473939e-06, 0.0000e+00, 0.0000e+00, 
 2DIAGNOSTIC,    14, -3.833701456280e-01, 2.219373371859e-06, 0.0000e+00, 0.0000e+00, 
 2DIAGNOSTIC,    15, -3.833701400623e-01, 2.076574051255e-06, 0.0000e+00, 0.0000e+00, 
 2DIAGNOSTIC,    16, -3.833701398763e-01, 1.954740166246e-06, 0.0000e+00, 0.0000e+00, 
 2DIAGNOSTIC,    17, -3.833701397748e-01, 1.851774350484e-06, 0.0000e+00, 0.0000e+00, 
 2DIAGNOSTIC,    18, -3.833701397310e-01, 1.756031999818e-06, 0.0000e+00, 0.0000e+00, 
 2DIAGNOSTIC,    19, -3.833701396161e-01, 1.668915467844e-06, 0.0000e+00, 0.0000e+00, 
 2DIAGNOSTIC,    20, -3.833701395485e-01, 1.589131755325e-06, 0.0000e+00, 0.0000e+00, 
 2DIAGNOSTIC,    21, -3.833701396476e-01, 1.511804561642e-06, 2.5600e+02, 2.5600e+02, 
 2DIAGNOSTIC,    22, -3.833701405855e-01, 1.443271197873e-06, 2.5600e+02, 0.0000e+00, 
 2DIAGNOSTIC,    23, -3.833701408333e-01, 1.380678417907e-06, 2.5600e+02, 0.0000e+00, 
 2DIAGNOSTIC,    24, -3.833701349610e-01, 1.323174142427e-06, 2.5600e+02, 0.0000e+00, 
 2DIAGNOSTIC,    25, -3.833701349610e-01, 1.270121918813e-06, 2.5600e+02, 0.0000e+00, 
 2DIAGNOSTIC,    26, -3.833701349610e-01, 1.221165476212e-06, 2.5600e+02, 0.0000e+00, 
 2DIAGNOSTIC,    27, -3.833701349610e-01, 1.175860566180e-06, 2.5600e+02, 0.0000e+00, 
 2DIAGNOSTIC,    28, -3.833701349610e-01, 1.133827987665e-06, 2.5600e+02, 0.0000e+00, 
 2DIAGNOSTIC,    29, -3.833701349610e-01, 1.094733263360e-06, 2.5600e+02, 0.0000e+00, 
 2DIAGNOSTIC,    30, -3.833701349610e-01, 1.058281309155e-06, 2.5600e+02, 0.0000e+00, 
 2DIAGNOSTIC,    31, -3.833701349610e-01, 1.024212802105e-06, 2.5600e+02, 0.0000e+00, 
  Elapsed time (stage 0): 2.5600e+02


Total elapsed time: 2.5600e+02
Info [verificarlo]: loaded backend libinterflop_vprec.so
Info [interflop-vprec]: load backend with: 
Info [interflop-vprec]: precision-binary32 = 22
Info [interflop-vprec]: range-binary32 = 7
Info [interflop-vprec]: precision-binary64 = 22
Info [interflop-vprec]: range-binary64 = 7
Info [interflop-vprec]: mode = ob
Info [interflop-vprec]: error-mode = rel
Info [interflop-vprec]: max-abs-error-exponent = -1022
Info [interflop-vprec]: daz = false
Info [interflop-vprec]: ftz = false
Info [interflop-vprec]: 	instrument = none
Info [interflop-vprec]: 	prec-input-file = (null)
Info [interflop-vprec]: 	prec-output-file = (null)
Info [interflop-vprec]: 	prec-log-file = (null)
All_Command_lines_OK
Using double precision for computations.
=============================================================================
The composite transform comprises the following transforms (in order): 
  1. /home/mdugre/scratch/mri-registration-rp/datasets/ds004513/derivatives/mri-registration-rp/0111/antsRegistration-r7-p22/sub-s017/rigid_Composite.h5[0] (type = Euler3DTransform)
  2. /home/mdugre/scratch/mri-registration-rp/datasets/ds004513/derivatives/mri-registration-rp/0111/antsRegistration-r7-p22/sub-s017/rigid_Composite.h5[1] (type = Euler3DTransform)
  3. /home/mdugre/scratch/mri-registration-rp/datasets/ds004513/derivatives/mri-registration-rp/0111/antsRegistration-r7-p22/sub-s017/rigid_Composite.h5[2] (type = Euler3DTransform)
=============================================================================
  number of levels = 4
  fixed image: /templateflow/tpl-MNI152NLin2009cAsym/tpl-MNI152NLin2009cAsym_res-01_desc-brain_T1w.nii.gz
  moving image: /home/mdugre/scratch/mri-registration-rp/datasets/ds004513/derivatives/mri-registration-rp/antsBrainExtraction/sub-s017/BrainExtractionBrain.nii.gz
Dimension = 3
Number of stages = 1
Use histogram matching = false
Winsorize image intensities = true
  Lower quantile = 0.005
  Upper quantile = 0.995


Stage 1 State
   Image metric = MattesMI
     Fixed image = Image (0x4b91490)
  RTTI typeinfo:   itk::Image<double, 3u>
  Reference Count: 2
  Modified Time: 1594
  Debug: Off
  Object Name: 
  Observers: 
    none
  Source: (none)
  Source output name: (none)
  Release Data: Off
  Data Released: False
  Global Release Data: Off
  PipelineMTime: 0
  UpdateMTime: 1203
  RealTimeStamp: 0 seconds 
  LargestPossibleRegion: 
    Dimension: 3
    Index: [0, 0, 0]
    Size: [193, 229, 193]
  BufferedRegion: 
    Dimension: 3
    Index: [0, 0, 0]
    Size: [193, 229, 193]
  RequestedRegion: 
    Dimension: 3
    Index: [0, 0, 0]
    Size: [193, 229, 193]
  Spacing: [1, 1, 1]
  Origin: [96, 132, -78]
  Direction: 
-1 0 0
0 -1 0
0 0 1

  IndexToPointMatrix: 
-1 0 0
0 -1 0
0 0 1

  PointToIndexMatrix: 
-1 0 0
0 -1 0
0 0 1

  Inverse Direction: 
-1 0 0
0 -1 0
0 0 1

  PixelContainer: 
    ImportImageContainer (0x4c5c940)
      RTTI typeinfo:   itk::ImportImageContainer<unsigned long, double>
      Reference Count: 1
      Modified Time: 1200
      Debug: Off
      Object Name: 
      Observers: 
        none
      Pointer: 0x14d53ae9b010
      Container manages memory: true
      Size: 8530021
      Capacity: 8530021

     Moving image = Image (0x4c4cb60)
  RTTI typeinfo:   itk::Image<double, 3u>
  Reference Count: 2
  Modified Time: 1595
  Debug: Off
  Object Name: 
  Observers: 
    none
  Source: (none)
  Source output name: (none)
  Release Data: Off
  Data Released: False
  Global Release Data: Off
  PipelineMTime: 0
  UpdateMTime: 1592
  RealTimeStamp: 0 seconds 
  LargestPossibleRegion: 
    Dimension: 3
    Index: [0, 0, 0]
    Size: [160, 240, 256]
  BufferedRegion: 
    Dimension: 3
    Index: [0, 0, 0]
    Size: [160, 240, 256]
  RequestedRegion: 
    Dimension: 3
    Index: [0, 0, 0]
    Size: [160, 240, 256]
  Spacing: [1, 1, 1]
  Origin: [91.3357, 102.231, -120.042]
  Direction: 
-0.997442 -5.36781e-05 -0.0714818
5.35416e-05 -1 3.82465e-06
-0.0714818 -1.23894e-08 0.997442

  IndexToPointMatrix: 
-0.997444 -5.36781e-05 -0.0714818
5.35417e-05 -1 3.82465e-06
-0.0714819 -1.23894e-08 0.997442

  PointToIndexMatrix: 
-0.99744 5.35415e-05 -0.0714816
-5.3678e-05 -1 -1.36206e-08
-0.0714818 3.82343e-06 0.997442

  Inverse Direction: 
-0.997442 5.35417e-05 -0.0714818
-5.36781e-05 -1 -1.239e-08
-0.0714818 3.82465e-06 0.997442

  PixelContainer: 
    ImportImageContainer (0x4ce0190)
      RTTI typeinfo:   itk::ImportImageContainer<unsigned long, double>
      Reference Count: 1
      Modified Time: 1589
      Debug: Off
      Object Name: 
      Observers: 
        none
      Pointer: 0x14d53639a010
      Container manages memory: true
      Size: 9830400
      Capacity: 9830400

     Weighting = 1
     Sampling strategy = regular
     Number of bins = 32
     Radius = 4
     Sampling percentage  = 0.25
   Transform = Affine
     Gradient step = 0.1
     Update field sigma (voxel space) = 0
     Total field sigma (voxel space) = 0
     Update field time sigma = 0
     Total field time sigma  = 0
     Number of time indices = 0
     Number of time point samples = 0
Registration using 1 total stages.

Stage 0
  iterations = 1000x500x250x100
  convergence threshold = 1e-06
  convergence window size = 10
  number of levels = 4
  using the Mattes MI metric (number of bins = 32, weight = 1, use gradient filter = 0)
  preprocessing:  winsorizing the image intensities
  Shrink factors (level 1 out of 4): [8, 8, 8]
  Shrink factors (level 2 out of 4): [4, 4, 4]
  Shrink factors (level 3 out of 4): [2, 2, 2]
  Shrink factors (level 4 out of 4): [1, 1, 1]
  smoothing sigmas per level: [3, 2, 1, 0]
  regular sampling (percentage = 0.25)

*** Running AffineTransform registration ***

DIAGNOSTIC,Iteration,metricValue,convergenceValue,ITERATION_TIME_INDEX,SINCE_LAST
 2DIAGNOSTIC,     1, -5.804008381939e-01, 1.797693134862e+308, 0.0000e+00, 0.0000e+00, 
 2DIAGNOSTIC,     2, -5.831954407290e-01, 1.797693134862e+308, 0.0000e+00, 0.0000e+00, 
 2DIAGNOSTIC,     3, -5.884071810364e-01, 1.797693134862e+308, 0.0000e+00, 0.0000e+00, 
 2DIAGNOSTIC,     4, -5.967880232322e-01, 1.797693134862e+308, 0.0000e+00, 0.0000e+00, 
 2DIAGNOSTIC,     5, -6.115610957241e-01, 1.797693134862e+308, 0.0000e+00, 0.0000e+00, 
 2DIAGNOSTIC,     6, -6.396139477982e-01, 1.797693134862e+308, 0.0000e+00, 0.0000e+00, 
 2DIAGNOSTIC,     7, -7.006055143966e-01, 1.797693134862e+308, 0.0000e+00, 0.0000e+00, 
 2DIAGNOSTIC,     8, -7.737191522420e-01, 1.797693134862e+308, 0.0000e+00, 0.0000e+00, 
 2DIAGNOSTIC,     9, -8.254921192349e-01, 1.797693134862e+308, 0.0000e+00, 0.0000e+00, 
 2DIAGNOSTIC,    10, -8.600568461868e-01, 2.836339410118e-02, 0.0000e+00, 0.0000e+00, 
 2DIAGNOSTIC,    11, -8.761653444860e-01, 2.890930656282e-02, 0.0000e+00, 0.0000e+00, 
 2DIAGNOSTIC,    12, -8.810420091304e-01, 2.703313756536e-02, 0.0000e+00, 0.0000e+00, 
 2DIAGNOSTIC,    13, -8.811332629566e-01, 2.325332535039e-02, 0.0000e+00, 0.0000e+00, 
 2DIAGNOSTIC,    14, -8.832974100273e-01, 1.832852895753e-02, 0.0000e+00, 0.0000e+00, 
 2DIAGNOSTIC,    15, -8.848056008737e-01, 1.295269179699e-02, 0.0000e+00, 0.0000e+00, 
 2DIAGNOSTIC,    16, -8.862512084517e-01, 7.876455116704e-03, 0.0000e+00, 0.0000e+00, 
 2DIAGNOSTIC,    17, -8.875253267195e-01, 4.122630294740e-03, 0.0000e+00, 0.0000e+00, 
 2DIAGNOSTIC,    18, -8.882742027215e-01, 1.974549749776e-03, 0.0000e+00, 0.0000e+00, 
 2DIAGNOSTIC,    19, -8.880946111463e-01, 8.865367274796e-04, 0.0000e+00, 0.0000e+00, 
 2DIAGNOSTIC,    20, -8.880532152506e-01, 4.621577272929e-04, 0.0000e+00, 0.0000e+00, 
 2DIAGNOSTIC,    21, -8.876829098606e-01, 3.099044165154e-04, 0.0000e+00, 0.0000e+00, 
 2DIAGNOSTIC,    22, -8.875965114981e-01, 2.233502719293e-04, 0.0000e+00, 0.0000e+00, 
 2DIAGNOSTIC,    23, -8.873366162998e-01, 1.213330345782e-04, 0.0000e+00, 0.0000e+00, 
 2DIAGNOSTIC,    24, -8.872108004636e-01, 4.777406367606e-05, 0.0000e+00, 0.0000e+00, 
DIAGNOSTIC,Iteration,metricValue,convergenceValue,ITERATION_TIME_INDEX,SINCE_LAST
 2DIAGNOSTIC,     1, -7.470215020845e-01, 1.797693134862e+308, 0.0000e+00, 0.0000e+00, 
 2DIAGNOSTIC,     2, -7.474897273081e-01, 1.797693134862e+308, 0.0000e+00, 0.0000e+00, 
 2DIAGNOSTIC,     3, -7.479603933971e-01, 1.797693134862e+308, 0.0000e+00, 0.0000e+00, 
 2DIAGNOSTIC,     4, -7.483341406992e-01, 1.797693134862e+308, 0.0000e+00, 0.0000e+00, 
 2DIAGNOSTIC,     5, -7.489080813001e-01, 1.797693134862e+308, 0.0000e+00, 0.0000e+00, 
 2DIAGNOSTIC,     6, -7.494659502327e-01, 1.797693134862e+308, 0.0000e+00, 0.0000e+00, 
 2DIAGNOSTIC,     7, -7.498872833879e-01, 1.797693134862e+308, 0.0000e+00, 0.0000e+00, 
 2DIAGNOSTIC,     8, -7.502119799118e-01, 1.797693134862e+308, 0.0000e+00, 0.0000e+00, 
 2DIAGNOSTIC,     9, -7.503424819177e-01, 1.797693134862e+308, 0.0000e+00, 0.0000e+00, 
 2DIAGNOSTIC,    10, -7.505595420871e-01, 3.229840433924e-04, 0.0000e+00, 0.0000e+00, 
 2DIAGNOSTIC,    11, -7.505389240808e-01, 2.583878403506e-04, 0.0000e+00, 0.0000e+00, 
 2DIAGNOSTIC,    12, -7.505818468188e-01, 1.976774298937e-04, 0.0000e+00, 0.0000e+00, 
 2DIAGNOSTIC,    13, -7.505872910364e-01, 1.425998195988e-04, 0.0000e+00, 0.0000e+00, 
 2DIAGNOSTIC,    14, -7.505787574790e-01, 9.237481530111e-05, 0.0000e+00, 0.0000e+00, 
 2DIAGNOSTIC,    15, -7.505717133123e-01, 5.474159939625e-05, 0.0000e+00, 0.0000e+00, 
 2DIAGNOSTIC,    16, -7.505659300874e-01, 2.992262984514e-05, 0.0000e+00, 0.0000e+00, 
 2DIAGNOSTIC,    17, -7.505559319828e-01, 1.451900562847e-05, 0.0000e+00, 0.0000e+00, 
 2DIAGNOSTIC,    18, -7.505596066848e-01, 6.542888685290e-06, 0.0000e+00, 0.0000e+00, 
DIAGNOSTIC,Iteration,metricValue,convergenceValue,ITERATION_TIME_INDEX,SINCE_LAST
 2DIAGNOSTIC,     1, -6.292984555982e-01, 1.797693134862e+308, 0.0000e+00, 0.0000e+00, 
 2DIAGNOSTIC,     2, -6.299056278028e-01, 1.797693134862e+308, 0.0000e+00, 0.0000e+00, 
 2DIAGNOSTIC,     3, -6.305072497319e-01, 1.797693134862e+308, 0.0000e+00, 0.0000e+00, 
 2DIAGNOSTIC,     4, -6.311659104718e-01, 1.797693134862e+308, 0.0000e+00, 0.0000e+00, 
 2DIAGNOSTIC,     5, -6.322527022747e-01, 1.797693134862e+308, 0.0000e+00, 0.0000e+00, 
 2DIAGNOSTIC,     6, -6.331524469041e-01, 1.797693134862e+308, 0.0000e+00, 0.0000e+00, 
 2DIAGNOSTIC,     7, -6.331544365458e-01, 1.797693134862e+308, 0.0000e+00, 0.0000e+00, 
 2DIAGNOSTIC,     8, -6.331493815579e-01, 1.797693134862e+308, 0.0000e+00, 0.0000e+00, 
 2DIAGNOSTIC,     9, -6.331506875632e-01, 1.797693134862e+308, 0.0000e+00, 0.0000e+00, 
 2DIAGNOSTIC,    10, -6.331480300892e-01, 4.357095357710e-04, 0.0000e+00, 0.0000e+00, 
 2DIAGNOSTIC,    11, -6.331463082839e-01, 3.037856834080e-04, 0.0000e+00, 0.0000e+00, 
 2DIAGNOSTIC,    12, -6.331431850090e-01, 1.897330666388e-04, 0.0000e+00, 0.0000e+00, 
 2DIAGNOSTIC,    13, -6.331372208366e-01, 9.727437597802e-05, 0.0000e+00, 0.0000e+00, 
 2DIAGNOSTIC,    14, -6.331379170265e-01, 2.995396404104e-05, 0.0000e+00, 0.0000e+00, 
DIAGNOSTIC,Iteration,metricValue,convergenceValue,ITERATION_TIME_INDEX,SINCE_LAST
 2DIAGNOSTIC,     1, -5.646564817494e-01, 1.797693134862e+308, 0.0000e+00, 0.0000e+00, 
 2DIAGNOSTIC,     2, -5.648843339354e-01, 1.797693134862e+308, 0.0000e+00, 0.0000e+00, 
 2DIAGNOSTIC,     3, -5.651241938083e-01, 1.797693134862e+308, 0.0000e+00, 0.0000e+00, 
 2DIAGNOSTIC,     4, -5.653544257964e-01, 1.797693134862e+308, 0.0000e+00, 0.0000e+00, 
 2DIAGNOSTIC,     5, -5.653565196871e-01, 1.797693134862e+308, 0.0000e+00, 0.0000e+00, 
 2DIAGNOSTIC,     6, -5.653998543667e-01, 1.797693134862e+308, 0.0000e+00, 0.0000e+00, 
 2DIAGNOSTIC,     7, -5.654351306492e-01, 1.797693134862e+308, 0.0000e+00, 0.0000e+00, 
 2DIAGNOSTIC,     8, -5.654419685298e-01, 1.797693134862e+308, 0.0000e+00, 0.0000e+00, 
 2DIAGNOSTIC,     9, -5.654418614774e-01, 1.797693134862e+308, 0.0000e+00, 0.0000e+00, 
 2DIAGNOSTIC,    10, -5.654416295461e-01, 8.061575663432e-05, 0.0000e+00, 0.0000e+00, 
 2DIAGNOSTIC,    11, -5.654410399276e-01, 4.590361811692e-05, 0.0000e+00, 0.0000e+00, 
 2DIAGNOSTIC,    12, -5.654411635585e-01, 2.247046648365e-05, 0.0000e+00, 0.0000e+00, 
 2DIAGNOSTIC,    13, -5.654412821072e-01, 9.897265580039e-06, 0.0000e+00, 0.0000e+00, 
 2DIAGNOSTIC,    14, -5.654409991819e-01, 6.737394114067e-06, 2.5600e+02, 2.5600e+02, 
 2DIAGNOSTIC,    15, -5.654405549519e-01, 3.623227662050e-06, 2.5600e+02, 0.0000e+00, 
 2DIAGNOSTIC,    16, -5.654404653275e-01, 2.090582800152e-06, 2.5600e+02, 0.0000e+00, 
 2DIAGNOSTIC,    17, -5.654403679492e-01, 1.762738123280e-06, 2.5600e+02, 0.0000e+00, 
 2DIAGNOSTIC,    18, -5.654402819015e-01, 1.669211333433e-06, 2.5600e+02, 0.0000e+00, 
 2DIAGNOSTIC,    19, -5.654401665560e-01, 1.588682938973e-06, 2.5600e+02, 0.0000e+00, 
 2DIAGNOSTIC,    20, -5.654402222597e-01, 1.520247097472e-06, 2.5600e+02, 0.0000e+00, 
 2DIAGNOSTIC,    21, -5.654401424264e-01, 1.448446220256e-06, 2.5600e+02, 0.0000e+00, 
 2DIAGNOSTIC,    22, -5.654401760511e-01, 1.392502323089e-06, 2.5600e+02, 0.0000e+00, 
 2DIAGNOSTIC,    23, -5.654402211956e-01, 1.349849618228e-06, 2.5600e+02, 0.0000e+00, 
 2DIAGNOSTIC,    24, -5.654402442319e-01, 1.308431474265e-06, 2.5600e+02, 0.0000e+00, 
 2DIAGNOSTIC,    25, -5.654401586268e-01, 1.261083358281e-06, 2.5600e+02, 0.0000e+00, 
 2DIAGNOSTIC,    26, -5.654403339403e-01, 1.220000100194e-06, 2.5600e+02, 0.0000e+00, 
 2DIAGNOSTIC,    27, -5.654403418099e-01, 1.180366688031e-06, 2.5600e+02, 0.0000e+00, 
 2DIAGNOSTIC,    28, -5.654403429669e-01, 1.141699874925e-06, 2.5600e+02, 0.0000e+00, 
 2DIAGNOSTIC,    29, -5.654403407380e-01, 1.102976734994e-06, 2.5600e+02, 0.0000e+00, 
 2DIAGNOSTIC,    30, -5.654403395595e-01, 1.067086542753e-06, 2.5600e+02, 0.0000e+00, 
 2DIAGNOSTIC,    31, -5.654403447368e-01, 1.031463281419e-06, 2.5600e+02, 0.0000e+00, 
  Elapsed time (stage 0): 2.5600e+02


Total elapsed time: 2.5600e+02
Info [verificarlo]: loaded backend libinterflop_vprec.so
Info [interflop-vprec]: load backend with: 
Info [interflop-vprec]: precision-binary32 = 22
Info [interflop-vprec]: range-binary32 = 7
Info [interflop-vprec]: precision-binary64 = 22
Info [interflop-vprec]: range-binary64 = 7
Info [interflop-vprec]: mode = ob
Info [interflop-vprec]: error-mode = rel
Info [interflop-vprec]: max-abs-error-exponent = -1022
Info [interflop-vprec]: daz = false
Info [interflop-vprec]: ftz = false
Info [interflop-vprec]: 	instrument = none
Info [interflop-vprec]: 	prec-input-file = (null)
Info [interflop-vprec]: 	prec-output-file = (null)
Info [interflop-vprec]: 	prec-log-file = (null)
All_Command_lines_OK
Using double precision for computations.
=============================================================================
The composite transform comprises the following transforms (in order): 
  1. /home/mdugre/scratch/mri-registration-rp/datasets/ds004513/derivatives/mri-registration-rp/0111/antsRegistration-r7-p22/sub-s017/affine_Composite.h5[0] (type = Euler3DTransform)
  2. /home/mdugre/scratch/mri-registration-rp/datasets/ds004513/derivatives/mri-registration-rp/0111/antsRegistration-r7-p22/sub-s017/affine_Composite.h5[1] (type = Euler3DTransform)
  3. /home/mdugre/scratch/mri-registration-rp/datasets/ds004513/derivatives/mri-registration-rp/0111/antsRegistration-r7-p22/sub-s017/affine_Composite.h5[2] (type = Euler3DTransform)
  4. /home/mdugre/scratch/mri-registration-rp/datasets/ds004513/derivatives/mri-registration-rp/0111/antsRegistration-r7-p22/sub-s017/affine_Composite.h5[3] (type = AffineTransform)
=============================================================================
  number of levels = 4
  fixed image: /templateflow/tpl-MNI152NLin2009cAsym/tpl-MNI152NLin2009cAsym_res-01_desc-brain_T1w.nii.gz
  moving image: /home/mdugre/scratch/mri-registration-rp/datasets/ds004513/derivatives/mri-registration-rp/antsBrainExtraction/sub-s017/BrainExtractionBrain.nii.gz
Dimension = 3
Number of stages = 1
Use histogram matching = false
Winsorize image intensities = true
  Lower quantile = 0.005
  Upper quantile = 0.995


Stage 1 State
   Image metric = CC
     Fixed image = Image (0x45636f0)
  RTTI typeinfo:   itk::Image<double, 3u>
  Reference Count: 2
  Modified Time: 1608
  Debug: Off
  Object Name: 
  Observers: 
    none
  Source: (none)
  Source output name: (none)
  Release Data: Off
  Data Released: False
  Global Release Data: Off
  PipelineMTime: 0
  UpdateMTime: 1217
  RealTimeStamp: 0 seconds 
  LargestPossibleRegion: 
    Dimension: 3
    Index: [0, 0, 0]
    Size: [193, 229, 193]
  BufferedRegion: 
    Dimension: 3
    Index: [0, 0, 0]
    Size: [193, 229, 193]
  RequestedRegion: 
    Dimension: 3
    Index: [0, 0, 0]
    Size: [193, 229, 193]
  Spacing: [1, 1, 1]
  Origin: [96, 132, -78]
  Direction: 
-1 0 0
0 -1 0
0 0 1

  IndexToPointMatrix: 
-1 0 0
0 -1 0
0 0 1

  PointToIndexMatrix: 
-1 0 0
0 -1 0
0 0 1

  Inverse Direction: 
-1 0 0
0 -1 0
0 0 1

  PixelContainer: 
    ImportImageContainer (0x456f760)
      RTTI typeinfo:   itk::ImportImageContainer<unsigned long, double>
      Reference Count: 1
      Modified Time: 1214
      Debug: Off
      Object Name: 
      Observers: 
        none
      Pointer: 0x14a6f1e0a010
      Container manages memory: true
      Size: 8530021
      Capacity: 8530021

