
##########################
# Experiment information #
##########################

EXPERIMENT_NAME: antsRegistration-r7-p20
VFC_BACKENDS: libinterflop_vprec.so --range-binary32=7 --precision-binary32=20 --range-binary64=7 --precision-binary64=20

SIF_IMG: /home/mdugre/projects/rrg-glatard/mdugre/containers/ants-vprec-no_metrics.simg

SUBJECT_ID: s032
INPUT_IMG: /home/mdugre/scratch/mri-registration-rp/datasets/ds004513/derivatives/mri-registration-rp/antsBrainExtraction/sub-s032/BrainExtractionBrain.nii.gz
OUTPUT_DIR: /home/mdugre/scratch/mri-registration-rp/datasets/ds004513/derivatives/mri-registration-rp/0111/antsRegistration-r7-p20/sub-s032

FIXED_IMG: /templateflow/tpl-MNI152NLin2009cAsym/tpl-MNI152NLin2009cAsym_res-01_desc-brain_T1w.nii.gz
DATA_DIR: /home/mdugre/scratch/mri-registration-rp/datasets/ds004513
TEMPLATEFLOW_DIR: /home/mdugre/projects/rrg-glatard/mdugre/templateflow
ITK_GLOBAL_DEFAULT_NUMBER_OF_THREADS: 16
##########################

Info [verificarlo]: loaded backend libinterflop_ieee.so
Info [interflop-ieee]: load backend with:
Info [interflop-ieee]: debug = false
Info [interflop-ieee]: debug-binary = false
Info [interflop-ieee]: no-backend-name = false
Info [interflop-ieee]: print-new-line = false
Info [interflop-ieee]: print-subnormal-normalized = false
Info [interflop-ieee]: count-op = false
All_Command_lines_OK
Using double precision for computations.
=============================================================================
The composite transform comprises the following transforms (in order): 
  1. Center of mass alignment using fixed image: /templateflow/tpl-MNI152NLin2009cAsym/tpl-MNI152NLin2009cAsym_res-01_desc-brain_T1w.nii.gz and moving image: /home/mdugre/scratch/mri-registration-rp/datasets/ds004513/derivatives/mri-registration-rp/antsBrainExtraction/sub-s032/BrainExtractionBrain.nii.gz (type = Euler3DTransform)
=============================================================================
  number of levels = 1
  fixed image: /templateflow/tpl-MNI152NLin2009cAsym/tpl-MNI152NLin2009cAsym_res-01_desc-brain_T1w.nii.gz
  moving image: /home/mdugre/scratch/mri-registration-rp/datasets/ds004513/derivatives/mri-registration-rp/antsBrainExtraction/sub-s032/BrainExtractionBrain.nii.gz
Dimension = 3
Number of stages = 1
Use histogram matching = false
Winsorize image intensities = true
  Lower quantile = 0.005
  Upper quantile = 0.995


Stage 1 State
   Image metric = MattesMI
     Fixed image = Image (0x3ec3e70)
  RTTI typeinfo:   itk::Image<double, 3u>
  Reference Count: 2
  Modified Time: 2330
  Debug: Off
  Object Name: 
  Observers: 
    none
  Source: (none)
  Source output name: (none)
  Release Data: Off
  Data Released: False
  Global Release Data: Off
  PipelineMTime: 0
  UpdateMTime: 1941
  RealTimeStamp: 0 seconds 
  LargestPossibleRegion: 
    Dimension: 3
    Index: [0, 0, 0]
    Size: [193, 229, 193]
  BufferedRegion: 
    Dimension: 3
    Index: [0, 0, 0]
    Size: [193, 229, 193]
  RequestedRegion: 
    Dimension: 3
    Index: [0, 0, 0]
    Size: [193, 229, 193]
  Spacing: [1, 1, 1]
  Origin: [96, 132, -78]
  Direction: 
-1 0 0
0 -1 0
0 0 1

  IndexToPointMatrix: 
-1 0 0
0 -1 0
0 0 1

  PointToIndexMatrix: 
-1 0 0
0 -1 0
0 0 1

  Inverse Direction: 
-1 0 0
0 -1 0
0 0 1

  PixelContainer: 
    ImportImageContainer (0x3eccc60)
      RTTI typeinfo:   itk::ImportImageContainer<unsigned long, double>
      Reference Count: 1
      Modified Time: 1938
      Debug: Off
      Object Name: 
      Observers: 
        none
      Pointer: 0x147d6606c010
      Container manages memory: true
      Size: 8530021
      Capacity: 8530021

     Moving image = Image (0x3f60ec0)
  RTTI typeinfo:   itk::Image<double, 3u>
  Reference Count: 2
  Modified Time: 2331
  Debug: Off
  Object Name: 
  Observers: 
    none
  Source: (none)
  Source output name: (none)
  Release Data: Off
  Data Released: False
  Global Release Data: Off
  PipelineMTime: 0
  UpdateMTime: 2328
  RealTimeStamp: 0 seconds 
  LargestPossibleRegion: 
    Dimension: 3
    Index: [0, 0, 0]
    Size: [160, 240, 256]
  BufferedRegion: 
    Dimension: 3
    Index: [0, 0, 0]
    Size: [160, 240, 256]
  RequestedRegion: 
    Dimension: 3
    Index: [0, 0, 0]
    Size: [160, 240, 256]
  Spacing: [1, 1, 1]
  Origin: [73.279, 104.707, -131.187]
  Direction: 
-0.997527 0.0645574 -0.0278053
-0.0645323 -0.997914 -0.00179875
-0.0278634 4.01097e-08 0.999612

  IndexToPointMatrix: 
-0.997527 0.0645574 -0.0278053
-0.0645323 -0.997914 -0.00179875
-0.0278634 4.01097e-08 0.999612

  PointToIndexMatrix: 
-0.997527 -0.0645323 -0.0278634
0.0645574 -0.997914 4.01049e-08
-0.0278053 -0.00179875 0.999612

  Inverse Direction: 
-0.997527 -0.0645323 -0.0278634
0.0645574 -0.997914 4.01049e-08
-0.0278053 -0.00179875 0.999612

  PixelContainer: 
    ImportImageContainer (0x3ff8610)
      RTTI typeinfo:   itk::ImportImageContainer<unsigned long, double>
      Reference Count: 1
      Modified Time: 2325
      Debug: Off
      Object Name: 
      Observers: 
        none
      Pointer: 0x147d6156b010
      Container manages memory: true
      Size: 9830400
      Capacity: 9830400

     Weighting = 1
     Sampling strategy = regular
     Number of bins = 32
     Radius = 4
     Sampling percentage  = 0.25
   Transform = Rigid
     Gradient step = 0.1
     Update field sigma (voxel space) = 0
     Total field sigma (voxel space) = 0
     Update field time sigma = 0
     Total field time sigma  = 0
     Number of time indices = 0
     Number of time point samples = 0
Registration using 1 total stages.

Stage 0
  iterations = 0
  convergence threshold = 1e-06
  convergence window size = 10
  number of levels = 1
  using the Mattes MI metric (number of bins = 32, weight = 1, use gradient filter = 0)
  preprocessing:  winsorizing the image intensities
  Shrink factors (level 1 out of 1): [1, 1, 1]
  smoothing sigmas per level: [0]
  regular sampling (percentage = 0.25)

*** Running Euler3DTransform registration ***

  Elapsed time (stage 0): 1.07696


Total elapsed time: 1.07913
Info [verificarlo]: loaded backend libinterflop_vprec.so
Info [interflop-vprec]: load backend with: 
Info [interflop-vprec]: precision-binary32 = 20
Info [interflop-vprec]: range-binary32 = 7
Info [interflop-vprec]: precision-binary64 = 20
Info [interflop-vprec]: range-binary64 = 7
Info [interflop-vprec]: mode = ob
Info [interflop-vprec]: error-mode = rel
Info [interflop-vprec]: max-abs-error-exponent = -1022
Info [interflop-vprec]: daz = false
Info [interflop-vprec]: ftz = false
Info [interflop-vprec]: 	instrument = none
Info [interflop-vprec]: 	prec-input-file = (null)
Info [interflop-vprec]: 	prec-output-file = (null)
Info [interflop-vprec]: 	prec-log-file = (null)
All_Command_lines_OK
Using double precision for computations.
=============================================================================
The composite transform comprises the following transforms (in order): 
  1. /home/mdugre/scratch/mri-registration-rp/datasets/ds004513/derivatives/mri-registration-rp/0111/antsRegistration-r7-p20/sub-s032/align_Composite.h5[0] (type = Euler3DTransform)
  2. /home/mdugre/scratch/mri-registration-rp/datasets/ds004513/derivatives/mri-registration-rp/0111/antsRegistration-r7-p20/sub-s032/align_Composite.h5[1] (type = Euler3DTransform)
=============================================================================
  number of levels = 4
  fixed image: /templateflow/tpl-MNI152NLin2009cAsym/tpl-MNI152NLin2009cAsym_res-01_desc-brain_T1w.nii.gz
  moving image: /home/mdugre/scratch/mri-registration-rp/datasets/ds004513/derivatives/mri-registration-rp/antsBrainExtraction/sub-s032/BrainExtractionBrain.nii.gz
Dimension = 3
Number of stages = 1
Use histogram matching = false
Winsorize image intensities = true
  Lower quantile = 0.005
  Upper quantile = 0.995


Stage 1 State
   Image metric = MattesMI
     Fixed image = Image (0x37ae1e0)
  RTTI typeinfo:   itk::Image<double, 3u>
  Reference Count: 2
  Modified Time: 1578
  Debug: Off
  Object Name: 
  Observers: 
    none
  Source: (none)
  Source output name: (none)
  Release Data: Off
  Data Released: False
  Global Release Data: Off
  PipelineMTime: 0
  UpdateMTime: 1189
  RealTimeStamp: 0 seconds 
  LargestPossibleRegion: 
    Dimension: 3
    Index: [0, 0, 0]
    Size: [193, 229, 193]
  BufferedRegion: 
    Dimension: 3
    Index: [0, 0, 0]
    Size: [193, 229, 193]
  RequestedRegion: 
    Dimension: 3
    Index: [0, 0, 0]
    Size: [193, 229, 193]
  Spacing: [1, 1, 1]
  Origin: [96, 132, -78]
  Direction: 
-1 0 0
0 -1 0
0 0 1

  IndexToPointMatrix: 
-1 0 0
0 -1 0
0 0 1

  PointToIndexMatrix: 
-1 0 0
0 -1 0
0 0 1

  Inverse Direction: 
-1 0 0
0 -1 0
0 0 1

  PixelContainer: 
    ImportImageContainer (0x386d680)
      RTTI typeinfo:   itk::ImportImageContainer<unsigned long, double>
      Reference Count: 1
      Modified Time: 1186
      Debug: Off
      Object Name: 
      Observers: 
        none
      Pointer: 0x1526acd04010
      Container manages memory: true
      Size: 8530021
      Capacity: 8530021

     Moving image = Image (0x3869b20)
  RTTI typeinfo:   itk::Image<double, 3u>
  Reference Count: 2
  Modified Time: 1579
  Debug: Off
  Object Name: 
  Observers: 
    none
  Source: (none)
  Source output name: (none)
  Release Data: Off
  Data Released: False
  Global Release Data: Off
  PipelineMTime: 0
  UpdateMTime: 1576
  RealTimeStamp: 0 seconds 
  LargestPossibleRegion: 
    Dimension: 3
    Index: [0, 0, 0]
    Size: [160, 240, 256]
  BufferedRegion: 
    Dimension: 3
    Index: [0, 0, 0]
    Size: [160, 240, 256]
  RequestedRegion: 
    Dimension: 3
    Index: [0, 0, 0]
    Size: [160, 240, 256]
  Spacing: [1, 1, 1]
  Origin: [73.2791, 104.707, -131.187]
  Direction: 
-0.997527 0.0645574 -0.0278053
-0.0645323 -0.997914 -0.00179875
-0.0278634 4.01097e-08 0.999612

  IndexToPointMatrix: 
-0.997527 0.0645574 -0.0278053
-0.0645323 -0.997914 -0.00179875
-0.0278634 4.01097e-08 0.999612

  PointToIndexMatrix: 
-0.997526 -0.0645323 -0.0278634
0.0645574 -0.997914 4.00469e-08
-0.0278053 -0.00179875 0.999612

  Inverse Direction: 
-0.997526 -0.0645323 -0.0278634
0.0645574 -0.997914 4.00469e-08
-0.0278053 -0.00179875 0.999612

  PixelContainer: 
    ImportImageContainer (0x38d2d50)
      RTTI typeinfo:   itk::ImportImageContainer<unsigned long, double>
      Reference Count: 1
      Modified Time: 1573
      Debug: Off
      Object Name: 
      Observers: 
        none
      Pointer: 0x1526a8203010
      Container manages memory: true
      Size: 9830400
      Capacity: 9830400

     Weighting = 1
     Sampling strategy = regular
     Number of bins = 32
     Radius = 4
     Sampling percentage  = 0.25
   Transform = Rigid
     Gradient step = 0.1
     Update field sigma (voxel space) = 0
     Total field sigma (voxel space) = 0
     Update field time sigma = 0
     Total field time sigma  = 0
     Number of time indices = 0
     Number of time point samples = 0
Registration using 1 total stages.

Stage 0
  iterations = 1000x500x250x100
  convergence threshold = 1e-06
  convergence window size = 10
  number of levels = 4
  using the Mattes MI metric (number of bins = 32, weight = 1, use gradient filter = 0)
  preprocessing:  winsorizing the image intensities
  Shrink factors (level 1 out of 4): [8, 8, 8]
  Shrink factors (level 2 out of 4): [4, 4, 4]
  Shrink factors (level 3 out of 4): [2, 2, 2]
  Shrink factors (level 4 out of 4): [1, 1, 1]
  smoothing sigmas per level: [3, 2, 1, 0]
  regular sampling (percentage = 0.25)

*** Running Euler3DTransform registration ***

DIAGNOSTIC,Iteration,metricValue,convergenceValue,ITERATION_TIME_INDEX,SINCE_LAST
 2DIAGNOSTIC,     1, -5.480491500392e-01, 1.797693134862e+308, 0.0000e+00, 0.0000e+00, 
 2DIAGNOSTIC,     2, -5.506893811187e-01, 1.797693134862e+308, 0.0000e+00, 0.0000e+00, 
 2DIAGNOSTIC,     3, -5.546706345732e-01, 1.797693134862e+308, 0.0000e+00, 0.0000e+00, 
 2DIAGNOSTIC,     4, -5.607200997171e-01, 1.797693134862e+308, 0.0000e+00, 0.0000e+00, 
 2DIAGNOSTIC,     5, -5.694172096669e-01, 1.797693134862e+308, 0.0000e+00, 0.0000e+00, 
 2DIAGNOSTIC,     6, -5.855908215141e-01, 1.797693134862e+308, 0.0000e+00, 0.0000e+00, 
 2DIAGNOSTIC,     7, -6.234314675381e-01, 1.797693134862e+308, 0.0000e+00, 0.0000e+00, 
 2DIAGNOSTIC,     8, -6.299058095453e-01, 1.797693134862e+308, 0.0000e+00, 0.0000e+00, 
 2DIAGNOSTIC,     9, -6.363717025982e-01, 1.797693134862e+308, 0.0000e+00, 0.0000e+00, 
 2DIAGNOSTIC,    10, -6.369613652500e-01, 1.198397952412e-02, 0.0000e+00, 0.0000e+00, 
 2DIAGNOSTIC,    11, -6.393828469312e-01, 1.079658597404e-02, 0.0000e+00, 0.0000e+00, 
 2DIAGNOSTIC,    12, -6.419068682315e-01, 9.037584441503e-03, 0.0000e+00, 0.0000e+00, 
 2DIAGNOSTIC,    13, -6.430160051853e-01, 6.936107066636e-03, 0.0000e+00, 0.0000e+00, 
 2DIAGNOSTIC,    14, -6.440575955043e-01, 4.780461472857e-03, 0.0000e+00, 0.0000e+00, 
 2DIAGNOSTIC,    15, -6.472452960608e-01, 2.867674955419e-03, 0.0000e+00, 0.0000e+00, 
 2DIAGNOSTIC,    16, -6.506218234480e-01, 1.486229864586e-03, 0.0000e+00, 0.0000e+00, 
 2DIAGNOSTIC,    17, -6.526005458824e-01, 1.222618979920e-03, 0.0000e+00, 0.0000e+00, 
 2DIAGNOSTIC,    18, -6.532125680039e-01, 1.056196909201e-03, 0.0000e+00, 0.0000e+00, 
 2DIAGNOSTIC,    19, -6.552670661000e-01, 1.019328670334e-03, 0.0000e+00, 0.0000e+00, 
 2DIAGNOSTIC,    20, -6.562790787878e-01, 9.262624054872e-04, 0.0000e+00, 0.0000e+00, 
 2DIAGNOSTIC,    21, -6.564603118373e-01, 8.109606957770e-04, 0.0000e+00, 0.0000e+00, 
 2DIAGNOSTIC,    22, -6.566726113644e-01, 6.886456037590e-04, 0.0000e+00, 0.0000e+00, 
 2DIAGNOSTIC,    23, -6.569360890437e-01, 5.415724331487e-04, 0.0000e+00, 0.0000e+00, 
 2DIAGNOSTIC,    24, -6.575299361024e-01, 3.866560673730e-04, 0.0000e+00, 0.0000e+00, 
 2DIAGNOSTIC,    25, -6.588733730212e-01, 2.890346162054e-04, 0.0000e+00, 0.0000e+00, 
 2DIAGNOSTIC,    26, -6.592986585174e-01, 2.375909558559e-04, 0.0000e+00, 0.0000e+00, 
 2DIAGNOSTIC,    27, -6.593961319123e-01, 2.032031314143e-04, 0.0000e+00, 0.0000e+00, 
 2DIAGNOSTIC,    28, -6.594649659141e-01, 1.628997763456e-04, 0.0000e+00, 0.0000e+00, 
 2DIAGNOSTIC,    29, -6.596742502706e-01, 1.448850168971e-04, 0.0000e+00, 0.0000e+00, 
 2DIAGNOSTIC,    30, -6.597480260302e-01, 1.303997805265e-04, 0.0000e+00, 0.0000e+00, 
 2DIAGNOSTIC,    31, -6.597433262822e-01, 1.071616882689e-04, 0.0000e+00, 0.0000e+00, 
 2DIAGNOSTIC,    32, -6.597440287339e-01, 7.869463572908e-05, 0.0000e+00, 0.0000e+00, 
 2DIAGNOSTIC,    33, -6.597509985390e-01, 4.840100440053e-05, 0.0000e+00, 0.0000e+00, 
 2DIAGNOSTIC,    34, -6.597589759193e-01, 2.290530009473e-05, 0.0000e+00, 0.0000e+00, 
 2DIAGNOSTIC,    35, -6.597631405405e-01, 1.388928021809e-05, 0.0000e+00, 0.0000e+00, 
 2DIAGNOSTIC,    36, -6.596779011762e-01, 8.395277384308e-06, 0.0000e+00, 0.0000e+00, 
 2DIAGNOSTIC,    37, -6.596894370532e-01, 3.863726653796e-06, 0.0000e+00, 0.0000e+00, 
DIAGNOSTIC,Iteration,metricValue,convergenceValue,ITERATION_TIME_INDEX,SINCE_LAST
 2DIAGNOSTIC,     1, -5.174640494085e-01, 1.797693134862e+308, 0.0000e+00, 0.0000e+00, 
 2DIAGNOSTIC,     2, -5.182428558750e-01, 1.797693134862e+308, 0.0000e+00, 0.0000e+00, 
 2DIAGNOSTIC,     3, -5.192064045912e-01, 1.797693134862e+308, 0.0000e+00, 0.0000e+00, 
 2DIAGNOSTIC,     4, -5.198152723042e-01, 1.797693134862e+308, 0.0000e+00, 0.0000e+00, 
 2DIAGNOSTIC,     5, -5.202558160627e-01, 1.797693134862e+308, 0.0000e+00, 0.0000e+00, 
 2DIAGNOSTIC,     6, -5.208153760247e-01, 1.797693134862e+308, 0.0000e+00, 0.0000e+00, 
 2DIAGNOSTIC,     7, -5.218404730196e-01, 1.797693134862e+308, 0.0000e+00, 0.0000e+00, 
 2DIAGNOSTIC,     8, -5.244915697861e-01, 1.797693134862e+308, 0.0000e+00, 0.0000e+00, 
 2DIAGNOSTIC,     9, -5.248361164878e-01, 1.797693134862e+308, 0.0000e+00, 0.0000e+00, 
 2DIAGNOSTIC,    10, -5.251442235004e-01, 9.950044493433e-04, 0.0000e+00, 0.0000e+00, 
 2DIAGNOSTIC,    11, -5.252852774783e-01, 8.896784914418e-04, 0.0000e+00, 0.0000e+00, 
 2DIAGNOSTIC,    12, -5.269676778221e-01, 8.323355462666e-04, 0.0000e+00, 0.0000e+00, 
 2DIAGNOSTIC,    13, -5.278163016884e-01, 7.808280689713e-04, 0.0000e+00, 0.0000e+00, 
 2DIAGNOSTIC,    14, -5.286038774428e-01, 7.199397754641e-04, 0.0000e+00, 0.0000e+00, 
 2DIAGNOSTIC,    15, -5.318526565430e-01, 7.367810533496e-04, 0.0000e+00, 0.0000e+00, 
 2DIAGNOSTIC,    16, -5.354578532499e-01, 8.225838013885e-04, 0.0000e+00, 0.0000e+00, 
 2DIAGNOSTIC,    17, -5.373112937227e-01, 9.093501252381e-04, 0.0000e+00, 0.0000e+00, 
 2DIAGNOSTIC,    18, -5.418800454385e-01, 1.119318678566e-03, 0.0000e+00, 0.0000e+00, 
 2DIAGNOSTIC,    19, -5.470990763643e-01, 1.358777528254e-03, 0.0000e+00, 0.0000e+00, 
 2DIAGNOSTIC,    20, -5.583117625067e-01, 1.752882280075e-03, 0.0000e+00, 0.0000e+00, 
 2DIAGNOSTIC,    21, -5.594465427393e-01, 1.969754848493e-03, 0.0000e+00, 0.0000e+00, 
 2DIAGNOSTIC,    22, -5.607427099608e-01, 2.058724834498e-03, 0.0000e+00, 0.0000e+00, 
 2DIAGNOSTIC,    23, -5.627017760150e-01, 2.015371423667e-03, 0.0000e+00, 0.0000e+00, 
 2DIAGNOSTIC,    24, -5.646695479025e-01, 1.844100581550e-03, 0.0000e+00, 0.0000e+00, 
 2DIAGNOSTIC,    25, -5.648693463706e-01, 1.582935578269e-03, 0.0000e+00, 0.0000e+00, 
 2DIAGNOSTIC,    26, -5.651848360765e-01, 1.275772392129e-03, 0.0000e+00, 0.0000e+00, 
 2DIAGNOSTIC,    27, -5.657207190851e-01, 9.215568174339e-04, 0.0000e+00, 0.0000e+00, 
 2DIAGNOSTIC,    28, -5.660428395151e-01, 5.984900184042e-04, 0.0000e+00, 0.0000e+00, 
 2DIAGNOSTIC,    29, -5.662493073509e-01, 3.351060238807e-04, 0.0000e+00, 0.0000e+00, 
 2DIAGNOSTIC,    30, -5.663691543966e-01, 2.574000600910e-04, 0.0000e+00, 0.0000e+00, 
 2DIAGNOSTIC,    31, -5.664783468112e-01, 1.820335841059e-04, 0.0000e+00, 0.0000e+00, 
 2DIAGNOSTIC,    32, -5.668683369538e-01, 1.214501266665e-04, 0.0000e+00, 0.0000e+00, 
 2DIAGNOSTIC,    33, -5.669077588470e-01, 8.396900635514e-05, 0.0000e+00, 0.0000e+00, 
 2DIAGNOSTIC,    34, -5.669077466285e-01, 7.128895484999e-05, 0.0000e+00, 0.0000e+00, 
 2DIAGNOSTIC,    35, -5.669079893561e-01, 5.576911524349e-05, 0.0000e+00, 0.0000e+00, 
 2DIAGNOSTIC,    36, -5.669078736313e-01, 4.034539273635e-05, 0.0000e+00, 0.0000e+00, 
 2DIAGNOSTIC,    37, -5.669081549220e-01, 2.942235017246e-05, 0.0000e+00, 0.0000e+00, 
 2DIAGNOSTIC,    38, -5.669084899471e-01, 2.073243140718e-05, 0.0000e+00, 0.0000e+00, 
 2DIAGNOSTIC,    39, -5.669083896346e-01, 1.341940777309e-05, 0.0000e+00, 0.0000e+00, 
 2DIAGNOSTIC,    40, -5.669084693461e-01, 6.873695392078e-06, 0.0000e+00, 0.0000e+00, 
 2DIAGNOSTIC,    41, -5.669089741564e-01, 1.334935018839e-06, 0.0000e+00, 0.0000e+00, 
DIAGNOSTIC,Iteration,metricValue,convergenceValue,ITERATION_TIME_INDEX,SINCE_LAST
 2DIAGNOSTIC,     1, -5.009510248759e-01, 1.797693134862e+308, 0.0000e+00, 0.0000e+00, 
 2DIAGNOSTIC,     2, -5.013456058067e-01, 1.797693134862e+308, 0.0000e+00, 0.0000e+00, 
 2DIAGNOSTIC,     3, -5.018034554510e-01, 1.797693134862e+308, 0.0000e+00, 0.0000e+00, 
 2DIAGNOSTIC,     4, -5.020510337359e-01, 1.797693134862e+308, 0.0000e+00, 0.0000e+00, 
 2DIAGNOSTIC,     5, -5.022094088547e-01, 1.797693134862e+308, 0.0000e+00, 0.0000e+00, 
 2DIAGNOSTIC,     6, -5.022216977378e-01, 1.797693134862e+308, 0.0000e+00, 0.0000e+00, 
 2DIAGNOSTIC,     7, -5.022354821527e-01, 1.797693134862e+308, 0.0000e+00, 0.0000e+00, 
 2DIAGNOSTIC,     8, -5.022461633748e-01, 1.797693134862e+308, 0.0000e+00, 0.0000e+00, 
 2DIAGNOSTIC,     9, -5.022677954116e-01, 1.797693134862e+308, 0.0000e+00, 0.0000e+00, 
 2DIAGNOSTIC,    10, -5.022973476798e-01, 1.476136072883e-04, 0.0000e+00, 0.0000e+00, 
 2DIAGNOSTIC,    11, -5.023258064104e-01, 8.438382283740e-05, 0.0000e+00, 0.0000e+00, 
 2DIAGNOSTIC,    12, -5.023592185294e-01, 4.420690164737e-05, 0.0000e+00, 0.0000e+00, 
 2DIAGNOSTIC,    13, -5.023930168422e-01, 2.763548232153e-05, 0.0000e+00, 0.0000e+00, 
 2DIAGNOSTIC,    14, -5.024102782617e-01, 2.166011120468e-05, 0.0000e+00, 0.0000e+00, 
 2DIAGNOSTIC,    15, -5.024031465187e-01, 2.041044209777e-05, 0.0000e+00, 0.0000e+00, 
 2DIAGNOSTIC,    16, -5.024153995619e-01, 1.851996863339e-05, 0.0000e+00, 0.0000e+00, 
 2DIAGNOSTIC,    17, -5.024137286883e-01, 1.571638989273e-05, 0.0000e+00, 0.0000e+00, 
 2DIAGNOSTIC,    18, -5.024087515595e-01, 1.210983380588e-05, 0.0000e+00, 0.0000e+00, 
 2DIAGNOSTIC,    19, -5.024093422804e-01, 8.585917031574e-06, 0.0000e+00, 0.0000e+00, 
 2DIAGNOSTIC,    20, -5.024079901672e-01, 5.571619951419e-06, 0.0000e+00, 0.0000e+00, 
 2DIAGNOSTIC,    21, -5.024083490783e-01, 3.237490507478e-06, 0.0000e+00, 0.0000e+00, 
 2DIAGNOSTIC,    22, -5.024084943278e-01, 1.795124180616e-06, 0.0000e+00, 0.0000e+00, 
 2DIAGNOSTIC,    23, -5.024083242623e-01, 1.265311600385e-06, 0.0000e+00, 0.0000e+00, 
 2DIAGNOSTIC,    24, -5.024080668521e-01, 1.200005239226e-06, 0.0000e+00, 0.0000e+00, 
DIAGNOSTIC,Iteration,metricValue,convergenceValue,ITERATION_TIME_INDEX,SINCE_LAST
 2DIAGNOSTIC,     1, -4.669285400357e-01, 1.797693134862e+308, 0.0000e+00, 0.0000e+00, 
 2DIAGNOSTIC,     2, -4.670370544550e-01, 1.797693134862e+308, 0.0000e+00, 0.0000e+00, 
 2DIAGNOSTIC,     3, -4.670532697074e-01, 1.797693134862e+308, 0.0000e+00, 0.0000e+00, 
 2DIAGNOSTIC,     4, -4.670820634540e-01, 1.797693134862e+308, 0.0000e+00, 0.0000e+00, 
 2DIAGNOSTIC,     5, -4.670832151626e-01, 1.797693134862e+308, 0.0000e+00, 0.0000e+00, 
 2DIAGNOSTIC,     6, -4.670826217755e-01, 1.797693134862e+308, 0.0000e+00, 0.0000e+00, 
 2DIAGNOSTIC,     7, -4.670822058210e-01, 1.797693134862e+308, 0.0000e+00, 0.0000e+00, 
 2DIAGNOSTIC,     8, -4.670822240072e-01, 1.797693134862e+308, 0.0000e+00, 0.0000e+00, 
 2DIAGNOSTIC,     9, -4.670820996853e-01, 1.797693134862e+308, 0.0000e+00, 0.0000e+00, 
 2DIAGNOSTIC,    10, -4.670819715825e-01, 1.614782495372e-05, 0.0000e+00, 0.0000e+00, 
 2DIAGNOSTIC,    11, -4.670817775657e-01, 6.725286666898e-06, 0.0000e+00, 0.0000e+00, 
 2DIAGNOSTIC,    12, -4.670816081507e-01, 4.019143498624e-06, 0.0000e+00, 0.0000e+00, 
 2DIAGNOSTIC,    13, -4.670816047754e-01, 2.326328079422e-06, 0.0000e+00, 0.0000e+00, 
 2DIAGNOSTIC,    14, -4.670814664153e-01, 2.129678576032e-06, 0.0000e+00, 0.0000e+00, 
 2DIAGNOSTIC,    15, -4.670814699403e-01, 2.019836240347e-06, 0.0000e+00, 0.0000e+00, 
 2DIAGNOSTIC,    16, -4.670814711088e-01, 1.910962361323e-06, 0.0000e+00, 0.0000e+00, 
 2DIAGNOSTIC,    17, -4.670814711088e-01, 1.807043205980e-06, 0.0000e+00, 0.0000e+00, 
 2DIAGNOSTIC,    18, -4.670814631277e-01, 1.720972890182e-06, 0.0000e+00, 0.0000e+00, 
 2DIAGNOSTIC,    19, -4.670814631277e-01, 1.644329660273e-06, 0.0000e+00, 0.0000e+00, 
 2DIAGNOSTIC,    20, -4.670814631277e-01, 1.574370759115e-06, 0.0000e+00, 0.0000e+00, 
 2DIAGNOSTIC,    21, -4.670814629410e-01, 1.507042471156e-06, 0.0000e+00, 0.0000e+00, 
 2DIAGNOSTIC,    22, -4.670814629410e-01, 1.441850671899e-06, 0.0000e+00, 0.0000e+00, 
 2DIAGNOSTIC,    23, -4.670814263751e-01, 1.381781639262e-06, 0.0000e+00, 0.0000e+00, 
 2DIAGNOSTIC,    24, -4.670814263751e-01, 1.323373392231e-06, 0.0000e+00, 0.0000e+00, 
 2DIAGNOSTIC,    25, -4.670814263751e-01, 1.269919611843e-06, 0.0000e+00, 0.0000e+00, 
 2DIAGNOSTIC,    26, -4.670814263751e-01, 1.220840167702e-06, 0.0000e+00, 0.0000e+00, 
 2DIAGNOSTIC,    27, -4.670814263751e-01, 1.175668670382e-06, 0.0000e+00, 0.0000e+00, 
 2DIAGNOSTIC,    28, -4.670814263751e-01, 1.133814009895e-06, 0.0000e+00, 0.0000e+00, 
 2DIAGNOSTIC,    29, -4.670814283012e-01, 1.095118224839e-06, 0.0000e+00, 0.0000e+00, 
 2DIAGNOSTIC,    30, -4.670814283012e-01, 1.059172508248e-06, 0.0000e+00, 0.0000e+00, 
 2DIAGNOSTIC,    31, -4.670814283012e-01, 1.025658643662e-06, 0.0000e+00, 0.0000e+00, 
  Elapsed time (stage 0): 0.0000e+00


Total elapsed time: 0.0000e+00
Info [verificarlo]: loaded backend libinterflop_vprec.so
Info [interflop-vprec]: load backend with: 
Info [interflop-vprec]: precision-binary32 = 20
Info [interflop-vprec]: range-binary32 = 7
Info [interflop-vprec]: precision-binary64 = 20
Info [interflop-vprec]: range-binary64 = 7
Info [interflop-vprec]: mode = ob
Info [interflop-vprec]: error-mode = rel
Info [interflop-vprec]: max-abs-error-exponent = -1022
Info [interflop-vprec]: daz = false
Info [interflop-vprec]: ftz = false
Info [interflop-vprec]: 	instrument = none
Info [interflop-vprec]: 	prec-input-file = (null)
Info [interflop-vprec]: 	prec-output-file = (null)
Info [interflop-vprec]: 	prec-log-file = (null)
All_Command_lines_OK
Using double precision for computations.
=============================================================================
The composite transform comprises the following transforms (in order): 
  1. /home/mdugre/scratch/mri-registration-rp/datasets/ds004513/derivatives/mri-registration-rp/0111/antsRegistration-r7-p20/sub-s032/rigid_Composite.h5[0] (type = Euler3DTransform)
  2. /home/mdugre/scratch/mri-registration-rp/datasets/ds004513/derivatives/mri-registration-rp/0111/antsRegistration-r7-p20/sub-s032/rigid_Composite.h5[1] (type = Euler3DTransform)
  3. /home/mdugre/scratch/mri-registration-rp/datasets/ds004513/derivatives/mri-registration-rp/0111/antsRegistration-r7-p20/sub-s032/rigid_Composite.h5[2] (type = Euler3DTransform)
=============================================================================
  number of levels = 4
  fixed image: /templateflow/tpl-MNI152NLin2009cAsym/tpl-MNI152NLin2009cAsym_res-01_desc-brain_T1w.nii.gz
  moving image: /home/mdugre/scratch/mri-registration-rp/datasets/ds004513/derivatives/mri-registration-rp/antsBrainExtraction/sub-s032/BrainExtractionBrain.nii.gz
Dimension = 3
Number of stages = 1
Use histogram matching = false
Winsorize image intensities = true
  Lower quantile = 0.005
  Upper quantile = 0.995


Stage 1 State
   Image metric = MattesMI
     Fixed image = Image (0x3ef9490)
  RTTI typeinfo:   itk::Image<double, 3u>
  Reference Count: 2
  Modified Time: 1592
  Debug: Off
  Object Name: 
  Observers: 
    none
  Source: (none)
  Source output name: (none)
  Release Data: Off
  Data Released: False
  Global Release Data: Off
  PipelineMTime: 0
  UpdateMTime: 1203
  RealTimeStamp: 0 seconds 
  LargestPossibleRegion: 
    Dimension: 3
    Index: [0, 0, 0]
    Size: [193, 229, 193]
  BufferedRegion: 
    Dimension: 3
    Index: [0, 0, 0]
    Size: [193, 229, 193]
  RequestedRegion: 
    Dimension: 3
    Index: [0, 0, 0]
    Size: [193, 229, 193]
  Spacing: [1, 1, 1]
  Origin: [96, 132, -78]
  Direction: 
-1 0 0
0 -1 0
0 0 1

  IndexToPointMatrix: 
-1 0 0
0 -1 0
0 0 1

  PointToIndexMatrix: 
-1 0 0
0 -1 0
0 0 1

  Inverse Direction: 
-1 0 0
0 -1 0
0 0 1

  PixelContainer: 
    ImportImageContainer (0x3fb1fa0)
      RTTI typeinfo:   itk::ImportImageContainer<unsigned long, double>
      Reference Count: 1
      Modified Time: 1200
      Debug: Off
      Object Name: 
      Observers: 
        none
      Pointer: 0x1519c6c72010
      Container manages memory: true
      Size: 8530021
      Capacity: 8530021

     Moving image = Image (0x3fb4d20)
  RTTI typeinfo:   itk::Image<double, 3u>
  Reference Count: 2
  Modified Time: 1593
  Debug: Off
  Object Name: 
  Observers: 
    none
  Source: (none)
  Source output name: (none)
  Release Data: Off
  Data Released: False
  Global Release Data: Off
  PipelineMTime: 0
  UpdateMTime: 1590
  RealTimeStamp: 0 seconds 
  LargestPossibleRegion: 
    Dimension: 3
    Index: [0, 0, 0]
    Size: [160, 240, 256]
  BufferedRegion: 
    Dimension: 3
    Index: [0, 0, 0]
    Size: [160, 240, 256]
  RequestedRegion: 
    Dimension: 3
    Index: [0, 0, 0]
    Size: [160, 240, 256]
  Spacing: [1, 1, 1]
  Origin: [73.2791, 104.707, -131.187]
  Direction: 
-0.997527 0.0645574 -0.0278053
-0.0645323 -0.997914 -0.00179875
-0.0278634 4.01097e-08 0.999612

  IndexToPointMatrix: 
-0.997527 0.0645574 -0.0278053
-0.0645323 -0.997914 -0.00179875
-0.0278634 4.01097e-08 0.999612

  PointToIndexMatrix: 
-0.997526 -0.0645323 -0.0278634
0.0645574 -0.997914 4.00469e-08
-0.0278053 -0.00179875 0.999612

  Inverse Direction: 
-0.997526 -0.0645323 -0.0278634
0.0645574 -0.997914 4.00469e-08
-0.0278053 -0.00179875 0.999612

  PixelContainer: 
    ImportImageContainer (0x4070390)
      RTTI typeinfo:   itk::ImportImageContainer<unsigned long, double>
      Reference Count: 1
      Modified Time: 1587
      Debug: Off
      Object Name: 
      Observers: 
        none
      Pointer: 0x1519c2171010
      Container manages memory: true
      Size: 9830400
      Capacity: 9830400

     Weighting = 1
     Sampling strategy = regular
     Number of bins = 32
     Radius = 4
     Sampling percentage  = 0.25
   Transform = Affine
     Gradient step = 0.1
     Update field sigma (voxel space) = 0
     Total field sigma (voxel space) = 0
     Update field time sigma = 0
     Total field time sigma  = 0
     Number of time indices = 0
     Number of time point samples = 0
Registration using 1 total stages.

Stage 0
  iterations = 1000x500x250x100
  convergence threshold = 1e-06
  convergence window size = 10
  number of levels = 4
  using the Mattes MI metric (number of bins = 32, weight = 1, use gradient filter = 0)
  preprocessing:  winsorizing the image intensities
  Shrink factors (level 1 out of 4): [8, 8, 8]
  Shrink factors (level 2 out of 4): [4, 4, 4]
  Shrink factors (level 3 out of 4): [2, 2, 2]
  Shrink factors (level 4 out of 4): [1, 1, 1]
  smoothing sigmas per level: [3, 2, 1, 0]
  regular sampling (percentage = 0.25)

*** Running AffineTransform registration ***

DIAGNOSTIC,Iteration,metricValue,convergenceValue,ITERATION_TIME_INDEX,SINCE_LAST
 2DIAGNOSTIC,     1, -6.851813490900e-01, 1.797693134862e+308, 0.0000e+00, 0.0000e+00, 
 2DIAGNOSTIC,     2, -6.868104314909e-01, 1.797693134862e+308, 0.0000e+00, 0.0000e+00, 
 2DIAGNOSTIC,     3, -6.894774603398e-01, 1.797693134862e+308, 0.0000e+00, 0.0000e+00, 
 2DIAGNOSTIC,     4, -6.939675720253e-01, 1.797693134862e+308, 0.0000e+00, 0.0000e+00, 
 2DIAGNOSTIC,     5, -7.086038602686e-01, 1.797693134862e+308, 0.0000e+00, 0.0000e+00, 
 2DIAGNOSTIC,     6, -7.202887537598e-01, 1.797693134862e+308, 0.0000e+00, 0.0000e+00, 
 2DIAGNOSTIC,     7, -7.232773776386e-01, 1.797693134862e+308, 0.0000e+00, 0.0000e+00, 
 2DIAGNOSTIC,     8, -7.268607563986e-01, 1.797693134862e+308, 0.0000e+00, 0.0000e+00, 
 2DIAGNOSTIC,     9, -7.293012436910e-01, 1.797693134862e+308, 0.0000e+00, 0.0000e+00, 
 2DIAGNOSTIC,    10, -7.305209204265e-01, 4.983709299926e-03, 0.0000e+00, 0.0000e+00, 
 2DIAGNOSTIC,    11, -7.320058877852e-01, 4.174653347342e-03, 0.0000e+00, 0.0000e+00, 
 2DIAGNOSTIC,    12, -7.324432775218e-01, 3.203307894246e-03, 0.0000e+00, 0.0000e+00, 
 2DIAGNOSTIC,    13, -7.332585160154e-01, 2.208635643186e-03, 0.0000e+00, 0.0000e+00, 
 2DIAGNOSTIC,    14, -7.338637898989e-01, 1.295800534650e-03, 0.0000e+00, 0.0000e+00, 
 2DIAGNOSTIC,    15, -7.342904886949e-01, 7.801398642131e-04, 0.0000e+00, 0.0000e+00, 
 2DIAGNOSTIC,    16, -7.356104217561e-01, 5.799813723834e-04, 0.0000e+00, 0.0000e+00, 
 2DIAGNOSTIC,    17, -7.360241903154e-01, 4.276670199458e-04, 0.0000e+00, 0.0000e+00, 
 2DIAGNOSTIC,    18, -7.360328867247e-01, 3.312603249447e-04, 0.0000e+00, 0.0000e+00, 
 2DIAGNOSTIC,    19, -7.360119608456e-01, 2.649251157603e-04, 0.0000e+00, 0.0000e+00, 
 2DIAGNOSTIC,    20, -7.360745334387e-01, 2.055442528366e-04, 0.0000e+00, 0.0000e+00, 
 2DIAGNOSTIC,    21, -7.360356222000e-01, 1.596484412286e-04, 0.0000e+00, 0.0000e+00, 
 2DIAGNOSTIC,    22, -7.360962492635e-01, 1.117940806553e-04, 0.0000e+00, 0.0000e+00, 
 2DIAGNOSTIC,    23, -7.362875326617e-01, 7.515045733724e-05, 0.0000e+00, 0.0000e+00, 
 2DIAGNOSTIC,    24, -7.364439661945e-01, 4.723914792844e-05, 0.0000e+00, 0.0000e+00, 
 2DIAGNOSTIC,    25, -7.364057378180e-01, 2.283796451478e-05, 0.0000e+00, 0.0000e+00, 
 2DIAGNOSTIC,    26, -7.364639840836e-01, 1.900077359705e-05, 0.0000e+00, 0.0000e+00, 
 2DIAGNOSTIC,    27, -7.366270454317e-01, 2.213736345355e-05, 0.0000e+00, 0.0000e+00, 
 2DIAGNOSTIC,    28, -7.365959934450e-01, 2.264947658739e-05, 0.0000e+00, 0.0000e+00, 
 2DIAGNOSTIC,    29, -7.368373819467e-01, 2.406103922260e-05, 0.0000e+00, 0.0000e+00, 
 2DIAGNOSTIC,    30, -7.371826422786e-01, 2.852598298356e-05, 0.0000e+00, 0.0000e+00, 
 2DIAGNOSTIC,    31, -7.376519249506e-01, 3.545353235743e-05, 0.0000e+00, 0.0000e+00, 
 2DIAGNOSTIC,    32, -7.377194418106e-01, 4.009545730728e-05, 0.0000e+00, 0.0000e+00, 
 2DIAGNOSTIC,    33, -7.377768908278e-01, 4.374096406379e-05, 0.0000e+00, 0.0000e+00, 
 2DIAGNOSTIC,    34, -7.377134219918e-01, 4.424745816823e-05, 0.0000e+00, 0.0000e+00, 
 2DIAGNOSTIC,    35, -7.377489456660e-01, 4.052474994584e-05, 0.0000e+00, 0.0000e+00, 
 2DIAGNOSTIC,    36, -7.375697670894e-01, 3.181275341795e-05, 0.0000e+00, 0.0000e+00, 
 2DIAGNOSTIC,    37, -7.375876007949e-01, 2.265622393309e-05, 0.0000e+00, 0.0000e+00, 
 2DIAGNOSTIC,    38, -7.376079688931e-01, 1.182201929551e-05, 0.0000e+00, 0.0000e+00, 
 2DIAGNOSTIC,    39, -7.376306752535e-01, 3.085797749026e-06, 0.0000e+00, 0.0000e+00, 
DIAGNOSTIC,Iteration,metricValue,convergenceValue,ITERATION_TIME_INDEX,SINCE_LAST
 2DIAGNOSTIC,     1, -5.969640137930e-01, 1.797693134862e+308, 0.0000e+00, 0.0000e+00, 
 2DIAGNOSTIC,     2, -5.973934587862e-01, 1.797693134862e+308, 0.0000e+00, 0.0000e+00, 
 2DIAGNOSTIC,     3, -5.979654516546e-01, 1.797693134862e+308, 0.0000e+00, 0.0000e+00, 
 2DIAGNOSTIC,     4, -5.985310575927e-01, 1.797693134862e+308, 0.0000e+00, 0.0000e+00, 
 2DIAGNOSTIC,     5, -5.985832835967e-01, 1.797693134862e+308, 0.0000e+00, 0.0000e+00, 
 2DIAGNOSTIC,     6, -5.985505450682e-01, 1.797693134862e+308, 0.0000e+00, 0.0000e+00, 
 2DIAGNOSTIC,     7, -5.985415892339e-01, 1.797693134862e+308, 0.0000e+00, 0.0000e+00, 
 2DIAGNOSTIC,     8, -5.985446792232e-01, 1.797693134862e+308, 0.0000e+00, 0.0000e+00, 
 2DIAGNOSTIC,     9, -5.985230405894e-01, 1.797693134862e+308, 0.0000e+00, 0.0000e+00, 
 2DIAGNOSTIC,    10, -5.985216886198e-01, 1.433694234668e-04, 0.0000e+00, 0.0000e+00, 
 2DIAGNOSTIC,    11, -5.985179588934e-01, 7.135883808215e-05, 0.0000e+00, 0.0000e+00, 
 2DIAGNOSTIC,    12, -5.985197709962e-01, 2.194351437762e-05, 0.0000e+00, 0.0000e+00, 
DIAGNOSTIC,Iteration,metricValue,convergenceValue,ITERATION_TIME_INDEX,SINCE_LAST
 2DIAGNOSTIC,     1, -5.332589660215e-01, 1.797693134862e+308, 0.0000e+00, 0.0000e+00, 
 2DIAGNOSTIC,     2, -5.334693092618e-01, 1.797693134862e+308, 0.0000e+00, 0.0000e+00, 
 2DIAGNOSTIC,     3, -5.337370387158e-01, 1.797693134862e+308, 0.0000e+00, 0.0000e+00, 
 2DIAGNOSTIC,     4, -5.340683182893e-01, 1.797693134862e+308, 0.0000e+00, 0.0000e+00, 
 2DIAGNOSTIC,     5, -5.345768390536e-01, 1.797693134862e+308, 0.0000e+00, 0.0000e+00, 
 2DIAGNOSTIC,     6, -5.352380863745e-01, 1.797693134862e+308, 0.0000e+00, 0.0000e+00, 
 2DIAGNOSTIC,     7, -5.369727193881e-01, 1.797693134862e+308, 0.0000e+00, 0.0000e+00, 
 2DIAGNOSTIC,     8, -5.399542450935e-01, 1.797693134862e+308, 0.0000e+00, 0.0000e+00, 
 2DIAGNOSTIC,     9, -5.413545491707e-01, 1.797693134862e+308, 0.0000e+00, 0.0000e+00, 
 2DIAGNOSTIC,    10, -5.421366910306e-01, 1.147314960486e-03, 0.0000e+00, 0.0000e+00, 
 2DIAGNOSTIC,    11, -5.429104757759e-01, 1.190787186195e-03, 0.0000e+00, 0.0000e+00, 
 2DIAGNOSTIC,    12, -5.437652514982e-01, 1.166057304852e-03, 0.0000e+00, 0.0000e+00, 
 2DIAGNOSTIC,    13, -5.439917170122e-01, 1.057948347377e-03, 0.0000e+00, 0.0000e+00, 
 2DIAGNOSTIC,    14, -5.442161846603e-01, 8.905832492550e-04, 0.0000e+00, 0.0000e+00, 
 2DIAGNOSTIC,    15, -5.444592383969e-01, 6.925033867320e-04, 0.0000e+00, 0.0000e+00, 
 2DIAGNOSTIC,    16, -5.445866575206e-01, 4.817708904197e-04, 0.0000e+00, 0.0000e+00, 
 2DIAGNOSTIC,    17, -5.445889458318e-01, 3.035280610073e-04, 0.0000e+00, 0.0000e+00, 
 2DIAGNOSTIC,    18, -5.445863698272e-01, 2.039328364115e-04, 0.0000e+00, 0.0000e+00, 
 2DIAGNOSTIC,    19, -5.445866139061e-01, 1.349006270239e-04, 0.0000e+00, 0.0000e+00, 
 2DIAGNOSTIC,    20, -5.445867593598e-01, 8.066717167985e-05, 0.0000e+00, 0.0000e+00, 
 2DIAGNOSTIC,    21, -5.445841102764e-01, 4.304988076593e-05, 0.0000e+00, 0.0000e+00, 
 2DIAGNOSTIC,    22, -5.445853722021e-01, 2.544643441318e-05, 0.0000e+00, 0.0000e+00, 
 2DIAGNOSTIC,    23, -5.445846503403e-01, 1.226402773775e-05, 0.0000e+00, 0.0000e+00, 
 2DIAGNOSTIC,    24, -5.445847011432e-01, 3.964373529820e-06, 0.0000e+00, 0.0000e+00, 
 2DIAGNOSTIC,    25, -5.445838552051e-01, 1.097041391868e-06, 0.0000e+00, 0.0000e+00, 
 2DIAGNOSTIC,    26, -5.445835487374e-01, 1.034853715956e-06, 0.0000e+00, 0.0000e+00, 
 2DIAGNOSTIC,    27, -5.445836624387e-01, 1.043827057401e-06, 0.0000e+00, 0.0000e+00, 
DIAGNOSTIC,Iteration,metricValue,convergenceValue,ITERATION_TIME_INDEX,SINCE_LAST
 2DIAGNOSTIC,     1, -4.998326637621e-01, 1.797693134862e+308, 0.0000e+00, 0.0000e+00, 
 2DIAGNOSTIC,     2, -5.000933164936e-01, 1.797693134862e+308, 0.0000e+00, 0.0000e+00, 
 2DIAGNOSTIC,     3, -5.002657893507e-01, 1.797693134862e+308, 0.0000e+00, 0.0000e+00, 
 2DIAGNOSTIC,     4, -5.003588889930e-01, 1.797693134862e+308, 0.0000e+00, 0.0000e+00, 
 2DIAGNOSTIC,     5, -5.004895132368e-01, 1.797693134862e+308, 0.0000e+00, 0.0000e+00, 
 2DIAGNOSTIC,     6, -5.004921491148e-01, 1.797693134862e+308, 0.0000e+00, 0.0000e+00, 
 2DIAGNOSTIC,     7, -5.004918670790e-01, 1.797693134862e+308, 0.0000e+00, 0.0000e+00, 
 2DIAGNOSTIC,     8, -5.004915147359e-01, 1.797693134862e+308, 0.0000e+00, 0.0000e+00, 
 2DIAGNOSTIC,     9, -5.004916040202e-01, 1.797693134862e+308, 0.0000e+00, 0.0000e+00, 
 2DIAGNOSTIC,    10, -5.004914344535e-01, 7.291837422953e-05, 0.0000e+00, 0.0000e+00, 
 2DIAGNOSTIC,    11, -5.004911196116e-01, 3.847091279506e-05, 0.0000e+00, 0.0000e+00, 
 2DIAGNOSTIC,    12, -5.004909882272e-01, 1.882739262080e-05, 0.0000e+00, 0.0000e+00, 
 2DIAGNOSTIC,    13, -5.004910962425e-01, 8.240607285617e-06, 0.0000e+00, 0.0000e+00, 
 2DIAGNOSTIC,    14, -5.004910730308e-01, 2.265209707614e-06, 0.0000e+00, 0.0000e+00, 
 2DIAGNOSTIC,    15, -5.004910292038e-01, 2.028695017059e-06, 0.0000e+00, 0.0000e+00, 
 2DIAGNOSTIC,    16, -5.004910178020e-01, 1.923922527722e-06, 0.0000e+00, 0.0000e+00, 
 2DIAGNOSTIC,    17, -5.004909977755e-01, 1.827715160996e-06, 0.0000e+00, 0.0000e+00, 
 2DIAGNOSTIC,    18, -5.004909965221e-01, 1.734753215785e-06, 0.0000e+00, 0.0000e+00, 
 2DIAGNOSTIC,    19, -5.004909965221e-01, 1.657263617089e-06, 0.0000e+00, 0.0000e+00, 
 2DIAGNOSTIC,    20, -5.004909965221e-01, 1.584603562428e-06, 0.0000e+00, 0.0000e+00, 
 2DIAGNOSTIC,    21, -5.004909965221e-01, 1.511077271962e-06, 0.0000e+00, 0.0000e+00, 
 2DIAGNOSTIC,    22, -5.004909965221e-01, 1.441130171295e-06, 0.0000e+00, 0.0000e+00, 
 2DIAGNOSTIC,    23, -5.004909965221e-01, 1.380416745522e-06, 0.0000e+00, 0.0000e+00, 
 2DIAGNOSTIC,    24, -5.004909965221e-01, 1.324512081242e-06, 0.0000e+00, 0.0000e+00, 
 2DIAGNOSTIC,    25, -5.004909965221e-01, 1.272202030153e-06, 0.0000e+00, 0.0000e+00, 
 2DIAGNOSTIC,    26, -5.004909965221e-01, 1.223727234927e-06, 0.0000e+00, 0.0000e+00, 
 2DIAGNOSTIC,    27, -5.004909965221e-01, 1.178425634588e-06, 0.0000e+00, 0.0000e+00, 
 2DIAGNOSTIC,    28, -5.004909965221e-01, 1.136334767143e-06, 0.0000e+00, 0.0000e+00, 
 2DIAGNOSTIC,    29, -5.004909965221e-01, 1.097147000362e-06, 0.0000e+00, 0.0000e+00, 
 2DIAGNOSTIC,    30, -5.004909965221e-01, 1.060571996871e-06, 0.0000e+00, 0.0000e+00, 
 2DIAGNOSTIC,    31, -5.004909965221e-01, 1.026356885619e-06, 0.0000e+00, 0.0000e+00, 
  Elapsed time (stage 0): 0.0000e+00


Total elapsed time: 0.0000e+00
Info [verificarlo]: loaded backend libinterflop_vprec.so
Info [interflop-vprec]: load backend with: 
Info [interflop-vprec]: precision-binary32 = 20
Info [interflop-vprec]: range-binary32 = 7
Info [interflop-vprec]: precision-binary64 = 20
Info [interflop-vprec]: range-binary64 = 7
Info [interflop-vprec]: mode = ob
Info [interflop-vprec]: error-mode = rel
Info [interflop-vprec]: max-abs-error-exponent = -1022
Info [interflop-vprec]: daz = false
Info [interflop-vprec]: ftz = false
Info [interflop-vprec]: 	instrument = none
Info [interflop-vprec]: 	prec-input-file = (null)
Info [interflop-vprec]: 	prec-output-file = (null)
Info [interflop-vprec]: 	prec-log-file = (null)
All_Command_lines_OK
Using double precision for computations.
=============================================================================
