
##########################
# Experiment information #
##########################

EXPERIMENT_NAME: antsRegistration-r8-p8
VFC_BACKENDS: libinterflop_vprec.so --range-binary32=8 --precision-binary32=8 --range-binary64=8 --precision-binary64=8

SIF_IMG: /home/mdugre/projects/rrg-glatard/mdugre/containers/ants-vprec-no_metrics.simg

SUBJECT_ID: s037
INPUT_IMG: /home/mdugre/scratch/mri-registration-rp/datasets/ds004513/derivatives/mri-registration-rp/antsBrainExtraction/sub-s037/BrainExtractionBrain.nii.gz
OUTPUT_DIR: /home/mdugre/scratch/mri-registration-rp/datasets/ds004513/derivatives/mri-registration-rp/0111/antsRegistration-r8-p8/sub-s037

FIXED_IMG: /templateflow/tpl-MNI152NLin2009cAsym/tpl-MNI152NLin2009cAsym_res-01_desc-brain_T1w.nii.gz
DATA_DIR: /home/mdugre/scratch/mri-registration-rp/datasets/ds004513
TEMPLATEFLOW_DIR: /home/mdugre/projects/rrg-glatard/mdugre/templateflow
ITK_GLOBAL_DEFAULT_NUMBER_OF_THREADS: 16
##########################

Info [verificarlo]: loaded backend libinterflop_ieee.so
Info [interflop-ieee]: load backend with:
Info [interflop-ieee]: debug = false
Info [interflop-ieee]: debug-binary = false
Info [interflop-ieee]: no-backend-name = false
Info [interflop-ieee]: print-new-line = false
Info [interflop-ieee]: print-subnormal-normalized = false
Info [interflop-ieee]: count-op = false
All_Command_lines_OK
Using double precision for computations.
=============================================================================
The composite transform comprises the following transforms (in order): 
  1. Center of mass alignment using fixed image: /templateflow/tpl-MNI152NLin2009cAsym/tpl-MNI152NLin2009cAsym_res-01_desc-brain_T1w.nii.gz and moving image: /home/mdugre/scratch/mri-registration-rp/datasets/ds004513/derivatives/mri-registration-rp/antsBrainExtraction/sub-s037/BrainExtractionBrain.nii.gz (type = Euler3DTransform)
=============================================================================
  number of levels = 1
  fixed image: /templateflow/tpl-MNI152NLin2009cAsym/tpl-MNI152NLin2009cAsym_res-01_desc-brain_T1w.nii.gz
  moving image: /home/mdugre/scratch/mri-registration-rp/datasets/ds004513/derivatives/mri-registration-rp/antsBrainExtraction/sub-s037/BrainExtractionBrain.nii.gz
Dimension = 3
Number of stages = 1
Use histogram matching = false
Winsorize image intensities = true
  Lower quantile = 0.005
  Upper quantile = 0.995


Stage 1 State
   Image metric = MattesMI
     Fixed image = Image (0x5122bd0)
  RTTI typeinfo:   itk::Image<double, 3u>
  Reference Count: 2
  Modified Time: 2330
  Debug: Off
  Object Name: 
  Observers: 
    none
  Source: (none)
  Source output name: (none)
  Release Data: Off
  Data Released: False
  Global Release Data: Off
  PipelineMTime: 0
  UpdateMTime: 1941
  RealTimeStamp: 0 seconds 
  LargestPossibleRegion: 
    Dimension: 3
    Index: [0, 0, 0]
    Size: [193, 229, 193]
  BufferedRegion: 
    Dimension: 3
    Index: [0, 0, 0]
    Size: [193, 229, 193]
  RequestedRegion: 
    Dimension: 3
    Index: [0, 0, 0]
    Size: [193, 229, 193]
  Spacing: [1, 1, 1]
  Origin: [96, 132, -78]
  Direction: 
-1 0 0
0 -1 0
0 0 1

  IndexToPointMatrix: 
-1 0 0
0 -1 0
0 0 1

  PointToIndexMatrix: 
-1 0 0
0 -1 0
0 0 1

  Inverse Direction: 
-1 0 0
0 -1 0
0 0 1

  PixelContainer: 
    ImportImageContainer (0x512b9e0)
      RTTI typeinfo:   itk::ImportImageContainer<unsigned long, double>
      Reference Count: 1
      Modified Time: 1938
      Debug: Off
      Object Name: 
      Observers: 
        none
      Pointer: 0x14abdc61b010
      Container manages memory: true
      Size: 8530021
      Capacity: 8530021

     Moving image = Image (0x512cd40)
  RTTI typeinfo:   itk::Image<double, 3u>
  Reference Count: 2
  Modified Time: 2331
  Debug: Off
  Object Name: 
  Observers: 
    none
  Source: (none)
  Source output name: (none)
  Release Data: Off
  Data Released: False
  Global Release Data: Off
  PipelineMTime: 0
  UpdateMTime: 2328
  RealTimeStamp: 0 seconds 
  LargestPossibleRegion: 
    Dimension: 3
    Index: [0, 0, 0]
    Size: [160, 240, 256]
  BufferedRegion: 
    Dimension: 3
    Index: [0, 0, 0]
    Size: [160, 240, 256]
  RequestedRegion: 
    Dimension: 3
    Index: [0, 0, 0]
    Size: [160, 240, 256]
  Spacing: [1, 1, 1]
  Origin: [87.9508, 102.562, -147.639]
  Direction: 
-0.998659 -0.0436121 -0.0279129
0.043595 -0.999049 0.00121847
-0.0279395 -2.65543e-08 0.99961

  IndexToPointMatrix: 
-0.998659 -0.0436121 -0.0279129
0.043595 -0.999049 0.00121847
-0.0279395 -2.65543e-08 0.99961

  PointToIndexMatrix: 
-0.998659 0.043595 -0.0279395
-0.0436121 -0.999049 -2.65517e-08
-0.0279129 0.00121847 0.99961

  Inverse Direction: 
-0.998659 0.043595 -0.0279395
-0.0436121 -0.999049 -2.65517e-08
-0.0279129 0.00121847 0.99961

  PixelContainer: 
    ImportImageContainer (0x5152850)
      RTTI typeinfo:   itk::ImportImageContainer<unsigned long, double>
      Reference Count: 1
      Modified Time: 2325
      Debug: Off
      Object Name: 
      Observers: 
        none
      Pointer: 0x14abd7b1a010
      Container manages memory: true
      Size: 9830400
      Capacity: 9830400

     Weighting = 1
     Sampling strategy = regular
     Number of bins = 32
     Radius = 4
     Sampling percentage  = 0.25
   Transform = Rigid
     Gradient step = 0.1
     Update field sigma (voxel space) = 0
     Total field sigma (voxel space) = 0
     Update field time sigma = 0
     Total field time sigma  = 0
     Number of time indices = 0
     Number of time point samples = 0
Registration using 1 total stages.

Stage 0
  iterations = 0
  convergence threshold = 1e-06
  convergence window size = 10
  number of levels = 1
  using the Mattes MI metric (number of bins = 32, weight = 1, use gradient filter = 0)
  preprocessing:  winsorizing the image intensities
  Shrink factors (level 1 out of 1): [1, 1, 1]
  smoothing sigmas per level: [0]
  regular sampling (percentage = 0.25)

*** Running Euler3DTransform registration ***

  Elapsed time (stage 0): 1.16827


Total elapsed time: 1.17059
Info [verificarlo]: loaded backend libinterflop_vprec.so
Info [interflop-vprec]: load backend with: 
Info [interflop-vprec]: precision-binary32 = 8
Info [interflop-vprec]: range-binary32 = 8
Info [interflop-vprec]: precision-binary64 = 8
Info [interflop-vprec]: range-binary64 = 8
Info [interflop-vprec]: mode = ob
Info [interflop-vprec]: error-mode = rel
Info [interflop-vprec]: max-abs-error-exponent = -1022
Info [interflop-vprec]: daz = false
Info [interflop-vprec]: ftz = false
Info [interflop-vprec]: 	instrument = none
Info [interflop-vprec]: 	prec-input-file = (null)
Info [interflop-vprec]: 	prec-output-file = (null)
Info [interflop-vprec]: 	prec-log-file = (null)
All_Command_lines_OK
Using double precision for computations.
=============================================================================
The composite transform comprises the following transforms (in order): 
  1. /home/mdugre/scratch/mri-registration-rp/datasets/ds004513/derivatives/mri-registration-rp/0111/antsRegistration-r8-p8/sub-s037/align_Composite.h5[0] (type = Euler3DTransform)
  2. /home/mdugre/scratch/mri-registration-rp/datasets/ds004513/derivatives/mri-registration-rp/0111/antsRegistration-r8-p8/sub-s037/align_Composite.h5[1] (type = Euler3DTransform)
=============================================================================
  number of levels = 4
  fixed image: /templateflow/tpl-MNI152NLin2009cAsym/tpl-MNI152NLin2009cAsym_res-01_desc-brain_T1w.nii.gz
  moving image: /home/mdugre/scratch/mri-registration-rp/datasets/ds004513/derivatives/mri-registration-rp/antsBrainExtraction/sub-s037/BrainExtractionBrain.nii.gz
Dimension = 3
Number of stages = 1
Use histogram matching = false
Winsorize image intensities = true
  Lower quantile = 0.005
  Upper quantile = 0.995


Stage 1 State
   Image metric = MattesMI
     Fixed image = Image (0x47af1e0)
  RTTI typeinfo:   itk::Image<double, 3u>
  Reference Count: 2
  Modified Time: 1578
  Debug: Off
  Object Name: 
  Observers: 
    none
  Source: (none)
  Source output name: (none)
  Release Data: Off
  Data Released: False
  Global Release Data: Off
  PipelineMTime: 0
  UpdateMTime: 1189
  RealTimeStamp: 0 seconds 
  LargestPossibleRegion: 
    Dimension: 3
    Index: [0, 0, 0]
    Size: [193, 229, 193]
  BufferedRegion: 
    Dimension: 3
    Index: [0, 0, 0]
    Size: [193, 229, 193]
  RequestedRegion: 
    Dimension: 3
    Index: [0, 0, 0]
    Size: [193, 229, 193]
  Spacing: [1, 1, 1]
  Origin: [96, 132, -78]
  Direction: 
-1 0 0
0 -1 0
0 0 1

  IndexToPointMatrix: 
-1 0 0
0 -1 0
0 0 1

  PointToIndexMatrix: 
-1 0 0
0 -1 0
0 0 1

  Inverse Direction: 
-1 0 0
0 -1 0
0 0 1

  PixelContainer: 
    ImportImageContainer (0x486e680)
      RTTI typeinfo:   itk::ImportImageContainer<unsigned long, double>
      Reference Count: 1
      Modified Time: 1186
      Debug: Off
      Object Name: 
      Observers: 
        none
      Pointer: 0x148c4fe5c010
      Container manages memory: true
      Size: 8530021
      Capacity: 8530021

     Moving image = Image (0x486ab20)
  RTTI typeinfo:   itk::Image<double, 3u>
  Reference Count: 2
  Modified Time: 1579
  Debug: Off
  Object Name: 
  Observers: 
    none
  Source: (none)
  Source output name: (none)
  Release Data: Off
  Data Released: False
  Global Release Data: Off
  PipelineMTime: 0
  UpdateMTime: 1576
  RealTimeStamp: 0 seconds 
  LargestPossibleRegion: 
    Dimension: 3
    Index: [0, 0, 0]
    Size: [160, 240, 256]
  BufferedRegion: 
    Dimension: 3
    Index: [0, 0, 0]
    Size: [160, 240, 256]
  RequestedRegion: 
    Dimension: 3
    Index: [0, 0, 0]
    Size: [160, 240, 256]
  Spacing: [1, 1, 1]
  Origin: [88, 102.5, -147.5]
  Direction: 
-1 -0.0435791 -0.0279541
0.0435791 -1 0.00121689
-0.0279541 0 1

  IndexToPointMatrix: 
-1 -0.0435791 -0.0279541
0.0435791 -1 0.00121689
-0.0279541 0 1

  PointToIndexMatrix: 
-1 0.0435791 -0.0279541
-0.0435791 -1 0
-0.0279541 0.00121689 1

  Inverse Direction: 
-1 0.0435791 -0.0279541
-0.0435791 -1 0
-0.0279541 0.00121689 1

  PixelContainer: 
    ImportImageContainer (0x48d3d50)
      RTTI typeinfo:   itk::ImportImageContainer<unsigned long, double>
      Reference Count: 1
      Modified Time: 1573
      Debug: Off
      Object Name: 
      Observers: 
        none
      Pointer: 0x148c4b35b010
      Container manages memory: true
      Size: 9830400
      Capacity: 9830400

     Weighting = 1
     Sampling strategy = regular
     Number of bins = 32
     Radius = 4
     Sampling percentage  = 0.25
   Transform = Rigid
     Gradient step = 0.1
     Update field sigma (voxel space) = 0
     Total field sigma (voxel space) = 0
     Update field time sigma = 0
     Total field time sigma  = 0
     Number of time indices = 0
     Number of time point samples = 0
Registration using 1 total stages.

Stage 0
  iterations = 1000x500x250x100
  convergence threshold = 1e-06
  convergence window size = 10
  number of levels = 4
  using the Mattes MI metric (number of bins = 32, weight = 1, use gradient filter = 0)
  preprocessing:  winsorizing the image intensities
  Shrink factors (level 1 out of 4): [8, 8, 8]
  Shrink factors (level 2 out of 4): [4, 4, 4]
  Shrink factors (level 3 out of 4): [2, 2, 2]
  Shrink factors (level 4 out of 4): [1, 1, 1]
  smoothing sigmas per level: [3, 2, 1, 0]
  regular sampling (percentage = 0.25)

*** Running Euler3DTransform registration ***

DIAGNOSTIC,Iteration,metricValue,convergenceValue,ITERATION_TIME_INDEX,SINCE_LAST
 2DIAGNOSTIC,     1, -4.547049265570e-01, 1.797693134862e+308, 0.0000e+00, 0.0000e+00, 
 2DIAGNOSTIC,     2, -4.552277476583e-01, 1.797693134862e+308, 0.0000e+00, 0.0000e+00, 
 2DIAGNOSTIC,     3, -4.563276582803e-01, 1.797693134862e+308, 0.0000e+00, 0.0000e+00, 
 2DIAGNOSTIC,     4, -4.561583568323e-01, 1.797693134862e+308, 0.0000e+00, 0.0000e+00, 
 2DIAGNOSTIC,     5, -4.567606208545e-01, 1.797693134862e+308, 0.0000e+00, 0.0000e+00, 
 2DIAGNOSTIC,     6, -4.572901040957e-01, 1.797693134862e+308, 0.0000e+00, 0.0000e+00, 
 2DIAGNOSTIC,     7, -4.588493754619e-01, 1.797693134862e+308, 0.0000e+00, 0.0000e+00, 
 2DIAGNOSTIC,     8, -4.631002843977e-01, 1.797693134862e+308, 0.0000e+00, 0.0000e+00, 
 2DIAGNOSTIC,     9, -4.677656064212e-01, 1.797693134862e+308, 0.0000e+00, 0.0000e+00, 
 2DIAGNOSTIC,    10, -4.858799257480e-01, 2.974159494277e-03, 0.0000e+00, 0.0000e+00, 
 2DIAGNOSTIC,    11, -5.009514283710e-01, 4.611726734527e-03, 0.0000e+00, 0.0000e+00, 
 2DIAGNOSTIC,    12, -5.193573956395e-01, 6.473267909906e-03, 0.0000e+00, 0.0000e+00, 
 2DIAGNOSTIC,    13, -5.906304334007e-01, 1.065796625094e-02, 0.0000e+00, 0.0000e+00, 
 2DIAGNOSTIC,    14, -6.099574027803e-01, 1.385237232832e-02, 0.0000e+00, 0.0000e+00, 
 2DIAGNOSTIC,    15, -6.165626293374e-01, 1.555226886829e-02, 0.0000e+00, 0.0000e+00, 
 2DIAGNOSTIC,    16, -6.178151670313e-01, 1.567900520065e-02, 0.0000e+00, 0.0000e+00, 
 2DIAGNOSTIC,    17, -6.183152150512e-01, 1.442710690558e-02, 0.0000e+00, 0.0000e+00, 
 2DIAGNOSTIC,    18, -6.189951983664e-01, 1.214970419604e-02, 0.0000e+00, 0.0000e+00, 
 2DIAGNOSTIC,    19, -6.189829927535e-01, 9.156049031678e-03, 0.0000e+00, 0.0000e+00, 
 2DIAGNOSTIC,    20, -6.173903689762e-01, 6.138266556309e-03, 0.0000e+00, 0.0000e+00, 
 2DIAGNOSTIC,    21, -6.158633086788e-01, 3.249039581705e-03, 0.0000e+00, 0.0000e+00, 
 2DIAGNOSTIC,    22, -6.158633086788e-01, 7.642349632858e-04, 0.0000e+00, 0.0000e+00, 
 2DIAGNOSTIC,    23, -6.158633086788e-01, 8.018641932930e-05, 0.0000e+00, 0.0000e+00, 
DIAGNOSTIC,Iteration,metricValue,convergenceValue,ITERATION_TIME_INDEX,SINCE_LAST
 2DIAGNOSTIC,     1, -4.809360811392e-01, 1.797693134862e+308, 0.0000e+00, 0.0000e+00, 
 2DIAGNOSTIC,     2, -4.815380732172e-01, 1.797693134862e+308, 0.0000e+00, 0.0000e+00, 
 2DIAGNOSTIC,     3, -4.816405080888e-01, 1.797693134862e+308, 0.0000e+00, 0.0000e+00, 
 2DIAGNOSTIC,     4, -4.810287157331e-01, 1.797693134862e+308, 0.0000e+00, 0.0000e+00, 
 2DIAGNOSTIC,     5, -4.813717156785e-01, 1.797693134862e+308, 0.0000e+00, 0.0000e+00, 
 2DIAGNOSTIC,     6, -4.821877973097e-01, 1.797693134862e+308, 0.0000e+00, 0.0000e+00, 
 2DIAGNOSTIC,     7, -4.822697287360e-01, 1.797693134862e+308, 0.0000e+00, 0.0000e+00, 
 2DIAGNOSTIC,     8, -4.816247488053e-01, 1.797693134862e+308, 0.0000e+00, 0.0000e+00, 
 2DIAGNOSTIC,     9, -4.829253636068e-01, 1.797693134862e+308, 0.0000e+00, 0.0000e+00, 
 2DIAGNOSTIC,    10, -4.828854589867e-01, 2.280305722294e-04, 0.0000e+00, 0.0000e+00, 
 2DIAGNOSTIC,    11, -4.830914152964e-01, 2.201705071364e-04, 0.0000e+00, 0.0000e+00, 
 2DIAGNOSTIC,    12, -4.830284150160e-01, 2.207922403073e-04, 0.0000e+00, 0.0000e+00, 
 2DIAGNOSTIC,    13, -4.829325731095e-01, 2.035899771028e-04, 0.0000e+00, 0.0000e+00, 
 2DIAGNOSTIC,    14, -4.832153302519e-01, 1.560748481844e-04, 0.0000e+00, 0.0000e+00, 
 2DIAGNOSTIC,    15, -4.834172096243e-01, 1.201332666411e-04, 0.0000e+00, 0.0000e+00, 
 2DIAGNOSTIC,    16, -4.835878799913e-01, 1.142148362739e-04, 0.0000e+00, 0.0000e+00, 
 2DIAGNOSTIC,    17, -4.838188217524e-01, 1.105732868206e-04, 0.0000e+00, 0.0000e+00, 
 2DIAGNOSTIC,    18, -4.837653131167e-01, 7.307897914026e-05, 0.0000e+00, 0.0000e+00, 
 2DIAGNOSTIC,    19, -4.839331814799e-01, 7.848175668133e-05, 0.0000e+00, 0.0000e+00, 
 2DIAGNOSTIC,    20, -4.841457592109e-01, 8.069483209887e-05, 0.0000e+00, 0.0000e+00, 
 2DIAGNOSTIC,    21, -4.843176567172e-01, 8.566299376691e-05, 0.0000e+00, 0.0000e+00, 
 2DIAGNOSTIC,    22, -4.843255002180e-01, 8.085637970452e-05, 0.0000e+00, 0.0000e+00, 
 2DIAGNOSTIC,    23, -4.843461780931e-01, 6.701107657384e-05, 0.0000e+00, 0.0000e+00, 
 2DIAGNOSTIC,    24, -4.846205199910e-01, 6.168925686927e-05, 0.0000e+00, 0.0000e+00, 
 2DIAGNOSTIC,    25, -4.850030488196e-01, 6.440696927473e-05, 0.0000e+00, 0.0000e+00, 
 2DIAGNOSTIC,    26, -4.852148657417e-01, 6.916583763217e-05, 0.0000e+00, 0.0000e+00, 
 2DIAGNOSTIC,    27, -4.852577640765e-01, 7.322047436981e-05, 0.0000e+00, 0.0000e+00, 
 2DIAGNOSTIC,    28, -4.853954094595e-01, 7.198041508525e-05, 0.0000e+00, 0.0000e+00, 
 2DIAGNOSTIC,    29, -4.853954094595e-01, 6.723493206465e-05, 0.0000e+00, 0.0000e+00, 
 2DIAGNOSTIC,    30, -4.853954094595e-01, 6.042242991441e-05, 0.0000e+00, 0.0000e+00, 
 2DIAGNOSTIC,    31, -4.853954094595e-01, 5.162607319725e-05, 0.0000e+00, 0.0000e+00, 
 2DIAGNOSTIC,    32, -4.853954094595e-01, 3.875639318004e-05, 0.0000e+00, 0.0000e+00, 
 2DIAGNOSTIC,    33, -4.853954094595e-01, 2.332318215068e-05, 0.0000e+00, 0.0000e+00, 
 2DIAGNOSTIC,    34, -4.853954094595e-01, 1.118631755893e-05, 0.0000e+00, 0.0000e+00, 
 2DIAGNOSTIC,    35, -4.853954094595e-01, 5.053546134653e-06, 0.0000e+00, 0.0000e+00, 
 2DIAGNOSTIC,    36, -4.853954094595e-01, 2.248423842877e-06, 0.0000e+00, 0.0000e+00, 
DIAGNOSTIC,Iteration,metricValue,convergenceValue,ITERATION_TIME_INDEX,SINCE_LAST
 2DIAGNOSTIC,     1, -4.215803063057e-01, 1.797693134862e+308, 0.0000e+00, 0.0000e+00, 
 2DIAGNOSTIC,     2, -4.216557809774e-01, 1.797693134862e+308, 0.0000e+00, 0.0000e+00, 
 2DIAGNOSTIC,     3, -4.216557809774e-01, 1.797693134862e+308, 0.0000e+00, 0.0000e+00, 
 2DIAGNOSTIC,     4, -4.216557809774e-01, 1.797693134862e+308, 0.0000e+00, 0.0000e+00, 
 2DIAGNOSTIC,     5, -4.216557809774e-01, 1.797693134862e+308, 0.0000e+00, 0.0000e+00, 
 2DIAGNOSTIC,     6, -4.216557809774e-01, 1.797693134862e+308, 0.0000e+00, 0.0000e+00, 
 2DIAGNOSTIC,     7, -4.216557809774e-01, 1.797693134862e+308, 0.0000e+00, 0.0000e+00, 
 2DIAGNOSTIC,     8, -4.216557809774e-01, 1.797693134862e+308, 0.0000e+00, 0.0000e+00, 
 2DIAGNOSTIC,     9, -4.216557809774e-01, 1.797693134862e+308, 0.0000e+00, 0.0000e+00, 
 2DIAGNOSTIC,    10, -4.216557809774e-01, 5.092026640938e-06, 0.0000e+00, 0.0000e+00, 
DIAGNOSTIC,Iteration,metricValue,convergenceValue,ITERATION_TIME_INDEX,SINCE_LAST
 2DIAGNOSTIC,     1, -3.889935776746e-01, 1.797693134862e+308, 0.0000e+00, 0.0000e+00, 
 2DIAGNOSTIC,     2, -3.890388472667e-01, 1.797693134862e+308, 0.0000e+00, 0.0000e+00, 
 2DIAGNOSTIC,     3, -3.890928125095e-01, 1.797693134862e+308, 0.0000e+00, 0.0000e+00, 
 2DIAGNOSTIC,     4, -3.891301029157e-01, 1.797693134862e+308, 0.0000e+00, 0.0000e+00, 
 2DIAGNOSTIC,     5, -3.891244395780e-01, 1.797693134862e+308, 0.0000e+00, 0.0000e+00, 
 2DIAGNOSTIC,     6, -3.890973546365e-01, 1.797693134862e+308, 0.0000e+00, 0.0000e+00, 
 2DIAGNOSTIC,     7, -3.890686581570e-01, 1.797693134862e+308, 0.0000e+00, 0.0000e+00, 
 2DIAGNOSTIC,     8, -3.890984161262e-01, 1.797693134862e+308, 0.0000e+00, 0.0000e+00, 
 2DIAGNOSTIC,     9, -3.883952787877e-01, 1.797693134862e+308, 0.0000e+00, 0.0000e+00, 
  Elapsed time (stage 0): 0.0000e+00


Total elapsed time: 0.0000e+00
Info [verificarlo]: loaded backend libinterflop_vprec.so
Info [interflop-vprec]: load backend with: 
Info [interflop-vprec]: precision-binary32 = 8
Info [interflop-vprec]: range-binary32 = 8
Info [interflop-vprec]: precision-binary64 = 8
Info [interflop-vprec]: range-binary64 = 8
Info [interflop-vprec]: mode = ob
Info [interflop-vprec]: error-mode = rel
Info [interflop-vprec]: max-abs-error-exponent = -1022
Info [interflop-vprec]: daz = false
Info [interflop-vprec]: ftz = false
Info [interflop-vprec]: 	instrument = none
Info [interflop-vprec]: 	prec-input-file = (null)
Info [interflop-vprec]: 	prec-output-file = (null)
Info [interflop-vprec]: 	prec-log-file = (null)
All_Command_lines_OK
Using double precision for computations.
=============================================================================
The composite transform comprises the following transforms (in order): 
  1. /home/mdugre/scratch/mri-registration-rp/datasets/ds004513/derivatives/mri-registration-rp/0111/antsRegistration-r8-p8/sub-s037/rigid_Composite.h5[0] (type = Euler3DTransform)
  2. /home/mdugre/scratch/mri-registration-rp/datasets/ds004513/derivatives/mri-registration-rp/0111/antsRegistration-r8-p8/sub-s037/rigid_Composite.h5[1] (type = Euler3DTransform)
  3. /home/mdugre/scratch/mri-registration-rp/datasets/ds004513/derivatives/mri-registration-rp/0111/antsRegistration-r8-p8/sub-s037/rigid_Composite.h5[2] (type = Euler3DTransform)
=============================================================================
  number of levels = 4
  fixed image: /templateflow/tpl-MNI152NLin2009cAsym/tpl-MNI152NLin2009cAsym_res-01_desc-brain_T1w.nii.gz
  moving image: /home/mdugre/scratch/mri-registration-rp/datasets/ds004513/derivatives/mri-registration-rp/antsBrainExtraction/sub-s037/BrainExtractionBrain.nii.gz
Dimension = 3
Number of stages = 1
Use histogram matching = false
Winsorize image intensities = true
  Lower quantile = 0.005
  Upper quantile = 0.995


Stage 1 State
   Image metric = MattesMI
     Fixed image = Image (0x443d1e0)
  RTTI typeinfo:   itk::Image<double, 3u>
  Reference Count: 2
  Modified Time: 1592
  Debug: Off
  Object Name: 
  Observers: 
    none
  Source: (none)
  Source output name: (none)
  Release Data: Off
  Data Released: False
  Global Release Data: Off
  PipelineMTime: 0
  UpdateMTime: 1203
  RealTimeStamp: 0 seconds 
  LargestPossibleRegion: 
    Dimension: 3
    Index: [0, 0, 0]
    Size: [193, 229, 193]
  BufferedRegion: 
    Dimension: 3
    Index: [0, 0, 0]
    Size: [193, 229, 193]
  RequestedRegion: 
    Dimension: 3
    Index: [0, 0, 0]
    Size: [193, 229, 193]
  Spacing: [1, 1, 1]
  Origin: [96, 132, -78]
  Direction: 
-1 0 0
0 -1 0
0 0 1

  IndexToPointMatrix: 
-1 0 0
0 -1 0
0 0 1

  PointToIndexMatrix: 
-1 0 0
0 -1 0
0 0 1

  Inverse Direction: 
-1 0 0
0 -1 0
0 0 1

  PixelContainer: 
    ImportImageContainer (0x450b440)
      RTTI typeinfo:   itk::ImportImageContainer<unsigned long, double>
      Reference Count: 1
      Modified Time: 1200
      Debug: Off
      Object Name: 
      Observers: 
        none
      Pointer: 0x14b28ac4c010
      Container manages memory: true
      Size: 8530021
      Capacity: 8530021

     Moving image = Image (0x44f89b0)
  RTTI typeinfo:   itk::Image<double, 3u>
  Reference Count: 2
  Modified Time: 1593
  Debug: Off
  Object Name: 
  Observers: 
    none
  Source: (none)
  Source output name: (none)
  Release Data: Off
  Data Released: False
  Global Release Data: Off
  PipelineMTime: 0
  UpdateMTime: 1590
  RealTimeStamp: 0 seconds 
  LargestPossibleRegion: 
    Dimension: 3
    Index: [0, 0, 0]
    Size: [160, 240, 256]
  BufferedRegion: 
    Dimension: 3
    Index: [0, 0, 0]
    Size: [160, 240, 256]
  RequestedRegion: 
    Dimension: 3
    Index: [0, 0, 0]
    Size: [160, 240, 256]
  Spacing: [1, 1, 1]
  Origin: [88, 102.5, -147.5]
  Direction: 
-1 -0.0435791 -0.0279541
0.0435791 -1 0.00121689
-0.0279541 0 1

  IndexToPointMatrix: 
-1 -0.0435791 -0.0279541
0.0435791 -1 0.00121689
-0.0279541 0 1

  PointToIndexMatrix: 
-1 0.0435791 -0.0279541
-0.0435791 -1 0
-0.0279541 0.00121689 1

  Inverse Direction: 
-1 0.0435791 -0.0279541
-0.0435791 -1 0
-0.0279541 0.00121689 1

  PixelContainer: 
    ImportImageContainer (0x44ae710)
      RTTI typeinfo:   itk::ImportImageContainer<unsigned long, double>
      Reference Count: 1
      Modified Time: 1587
      Debug: Off
      Object Name: 
      Observers: 
        none
      Pointer: 0x14b28614b010
      Container manages memory: true
      Size: 9830400
      Capacity: 9830400

     Weighting = 1
     Sampling strategy = regular
     Number of bins = 32
     Radius = 4
     Sampling percentage  = 0.25
   Transform = Affine
     Gradient step = 0.1
     Update field sigma (voxel space) = 0
     Total field sigma (voxel space) = 0
     Update field time sigma = 0
     Total field time sigma  = 0
     Number of time indices = 0
     Number of time point samples = 0
Registration using 1 total stages.

Stage 0
  iterations = 1000x500x250x100
  convergence threshold = 1e-06
  convergence window size = 10
  number of levels = 4
  using the Mattes MI metric (number of bins = 32, weight = 1, use gradient filter = 0)
  preprocessing:  winsorizing the image intensities
  Shrink factors (level 1 out of 4): [8, 8, 8]
  Shrink factors (level 2 out of 4): [4, 4, 4]
  Shrink factors (level 3 out of 4): [2, 2, 2]
  Shrink factors (level 4 out of 4): [1, 1, 1]
  smoothing sigmas per level: [3, 2, 1, 0]
  regular sampling (percentage = 0.25)

*** Running AffineTransform registration ***

DIAGNOSTIC,Iteration,metricValue,convergenceValue,ITERATION_TIME_INDEX,SINCE_LAST
 2DIAGNOSTIC,     1, -6.190792415504e-01, 1.797693134862e+308, 0.0000e+00, 0.0000e+00, 
 2DIAGNOSTIC,     2, -6.190867958142e-01, 1.797693134862e+308, 0.0000e+00, 0.0000e+00, 
 2DIAGNOSTIC,     3, -6.190838024293e-01, 1.797693134862e+308, 0.0000e+00, 0.0000e+00, 
 2DIAGNOSTIC,     4, -6.190142776377e-01, 1.797693134862e+308, 0.0000e+00, 0.0000e+00, 
 2DIAGNOSTIC,     5, -6.190073474102e-01, 1.797693134862e+308, 0.0000e+00, 0.0000e+00, 
 2DIAGNOSTIC,     6, -6.190073439834e-01, 1.797693134862e+308, 0.0000e+00, 0.0000e+00, 
 2DIAGNOSTIC,     7, -6.189824654079e-01, 1.797693134862e+308, 0.0000e+00, 0.0000e+00, 
 2DIAGNOSTIC,     8, -6.189824679491e-01, 1.797693134862e+308, 0.0000e+00, 0.0000e+00, 
 2DIAGNOSTIC,     9, -6.189824679489e-01, 1.797693134862e+308, 0.0000e+00, 0.0000e+00, 
DIAGNOSTIC,Iteration,metricValue,convergenceValue,ITERATION_TIME_INDEX,SINCE_LAST
 2DIAGNOSTIC,     1, -4.848791752668e-01, 1.797693134862e+308, 0.0000e+00, 0.0000e+00, 
 2DIAGNOSTIC,     2, -4.849248847774e-01, 1.797693134862e+308, 0.0000e+00, 0.0000e+00, 
 2DIAGNOSTIC,     3, -4.849179965360e-01, 1.797693134862e+308, 0.0000e+00, 0.0000e+00, 
 2DIAGNOSTIC,     4, -4.849068653788e-01, 1.797693134862e+308, 0.0000e+00, 0.0000e+00, 
 2DIAGNOSTIC,     5, -4.848955078829e-01, 1.797693134862e+308, 0.0000e+00, 0.0000e+00, 
 2DIAGNOSTIC,     6, -4.848962550695e-01, 1.797693134862e+308, 0.0000e+00, 0.0000e+00, 
 2DIAGNOSTIC,     7, -4.848772042193e-01, 1.797693134862e+308, 0.0000e+00, 0.0000e+00, 
 2DIAGNOSTIC,     8, -4.848772042193e-01, 1.797693134862e+308, 0.0000e+00, 0.0000e+00, 
 2DIAGNOSTIC,     9, -4.848772042193e-01, 1.797693134862e+308, 0.0000e+00, 0.0000e+00, 
DIAGNOSTIC,Iteration,metricValue,convergenceValue,ITERATION_TIME_INDEX,SINCE_LAST
 2DIAGNOSTIC,     1, -4.217087103653e-01, 1.797693134862e+308, 0.0000e+00, 0.0000e+00, 
 2DIAGNOSTIC,     2, -4.217363510621e-01, 1.797693134862e+308, 0.0000e+00, 0.0000e+00, 
 2DIAGNOSTIC,     3, -4.217369732296e-01, 1.797693134862e+308, 0.0000e+00, 0.0000e+00, 
 2DIAGNOSTIC,     4, -4.217173794046e-01, 1.797693134862e+308, 0.0000e+00, 0.0000e+00, 
 2DIAGNOSTIC,     5, -4.217112197038e-01, 1.797693134862e+308, 0.0000e+00, 0.0000e+00, 
 2DIAGNOSTIC,     6, -4.216988060011e-01, 1.797693134862e+308, 0.0000e+00, 0.0000e+00, 
 2DIAGNOSTIC,     7, -4.218143896226e-01, 1.797693134862e+308, 0.0000e+00, 0.0000e+00, 
 2DIAGNOSTIC,     8, -4.229923636399e-01, 1.797693134862e+308, 0.0000e+00, 0.0000e+00, 
 2DIAGNOSTIC,     9, -4.256147919985e-01, 1.797693134862e+308, 0.0000e+00, 0.0000e+00, 
 2DIAGNOSTIC,    10, -4.284650423276e-01, 7.444526116719e-04, 0.0000e+00, 0.0000e+00, 
 2DIAGNOSTIC,    11, -4.335956362079e-01, 1.286469794230e-03, 0.0000e+00, 0.0000e+00, 
 2DIAGNOSTIC,    12, -4.432604908357e-01, 2.153634831974e-03, 0.0000e+00, 0.0000e+00, 
 2DIAGNOSTIC,    13, -4.578707132481e-01, 3.418073614438e-03, 0.0000e+00, 0.0000e+00, 
 2DIAGNOSTIC,    14, -4.783486218994e-01, 5.117143908485e-03, 0.0000e+00, 0.0000e+00, 
 2DIAGNOSTIC,    15, -5.043463424993e-01, 7.194445761517e-03, 0.0000e+00, 0.0000e+00, 
 2DIAGNOSTIC,    16, -5.213576629096e-01, 8.971174154068e-03, 0.0000e+00, 0.0000e+00, 
 2DIAGNOSTIC,    17, -5.271953854212e-01, 9.900536024602e-03, 0.0000e+00, 0.0000e+00, 
 2DIAGNOSTIC,    18, -5.268153173637e-01, 9.837080300414e-03, 0.0000e+00, 0.0000e+00, 
 2DIAGNOSTIC,    19, -5.271391987898e-01, 8.974444248248e-03, 0.0000e+00, 0.0000e+00, 
 2DIAGNOSTIC,    20, -5.271574977687e-01, 7.464010386308e-03, 0.0000e+00, 0.0000e+00, 
 2DIAGNOSTIC,    21, -5.271245564098e-01, 5.571638149732e-03, 0.0000e+00, 0.0000e+00, 
 2DIAGNOSTIC,    22, -5.271145712401e-01, 3.628233392964e-03, 0.0000e+00, 0.0000e+00, 
 2DIAGNOSTIC,    23, -5.270616939955e-01, 1.921926072138e-03, 0.0000e+00, 0.0000e+00, 
 2DIAGNOSTIC,    24, -5.270584734038e-01, 7.003974933364e-04, 0.0000e+00, 0.0000e+00, 
 2DIAGNOSTIC,    25, -5.270621755932e-01, 1.382653272499e-04, 0.0000e+00, 0.0000e+00, 
DIAGNOSTIC,Iteration,metricValue,convergenceValue,ITERATION_TIME_INDEX,SINCE_LAST
 2DIAGNOSTIC,     1, -4.812043972774e-01, 1.797693134862e+308, 0.0000e+00, 0.0000e+00, 
 2DIAGNOSTIC,     2, -4.812258183544e-01, 1.797693134862e+308, 0.0000e+00, 0.0000e+00, 
 2DIAGNOSTIC,     3, -4.812404349351e-01, 1.797693134862e+308, 0.0000e+00, 0.0000e+00, 
 2DIAGNOSTIC,     4, -4.812421215783e-01, 1.797693134862e+308, 0.0000e+00, 0.0000e+00, 
 2DIAGNOSTIC,     5, -4.812392023371e-01, 1.797693134862e+308, 0.0000e+00, 0.0000e+00, 
 2DIAGNOSTIC,     6, -4.812326682061e-01, 1.797693134862e+308, 0.0000e+00, 0.0000e+00, 
 2DIAGNOSTIC,     7, -4.812344443568e-01, 1.797693134862e+308, 0.0000e+00, 0.0000e+00, 
 2DIAGNOSTIC,     8, -4.812339660781e-01, 1.797693134862e+308, 0.0000e+00, 0.0000e+00, 
 2DIAGNOSTIC,     9, -4.812356807118e-01, 1.797693134862e+308, 0.0000e+00, 0.0000e+00, 
 2DIAGNOSTIC,    10, -4.812354616773e-01, 1.802052814304e-06, 0.0000e+00, 0.0000e+00, 
  Elapsed time (stage 0): 0.0000e+00


Total elapsed time: 0.0000e+00
Info [verificarlo]: loaded backend libinterflop_vprec.so
Info [interflop-vprec]: load backend with: 
Info [interflop-vprec]: precision-binary32 = 8
Info [interflop-vprec]: range-binary32 = 8
Info [interflop-vprec]: precision-binary64 = 8
Info [interflop-vprec]: range-binary64 = 8
Info [interflop-vprec]: mode = ob
Info [interflop-vprec]: error-mode = rel
Info [interflop-vprec]: max-abs-error-exponent = -1022
Info [interflop-vprec]: daz = false
Info [interflop-vprec]: ftz = false
Info [interflop-vprec]: 	instrument = none
Info [interflop-vprec]: 	prec-input-file = (null)
Info [interflop-vprec]: 	prec-output-file = (null)
Info [interflop-vprec]: 	prec-log-file = (null)
All_Command_lines_OK
Using double precision for computations.
=============================================================================
The composite transform comprises the following transforms (in order): 
  1. /home/mdugre/scratch/mri-registration-rp/datasets/ds004513/derivatives/mri-registration-rp/0111/antsRegistration-r8-p8/sub-s037/affine_Composite.h5[0] (type = Euler3DTransform)
  2. /home/mdugre/scratch/mri-registration-rp/datasets/ds004513/derivatives/mri-registration-rp/0111/antsRegistration-r8-p8/sub-s037/affine_Composite.h5[1] (type = Euler3DTransform)
  3. /home/mdugre/scratch/mri-registration-rp/datasets/ds004513/derivatives/mri-registration-rp/0111/antsRegistration-r8-p8/sub-s037/affine_Composite.h5[2] (type = Euler3DTransform)
  4. /home/mdugre/scratch/mri-registration-rp/datasets/ds004513/derivatives/mri-registration-rp/0111/antsRegistration-r8-p8/sub-s037/affine_Composite.h5[3] (type = AffineTransform)
=============================================================================
  number of levels = 4
  fixed image: /templateflow/tpl-MNI152NLin2009cAsym/tpl-MNI152NLin2009cAsym_res-01_desc-brain_T1w.nii.gz
  moving image: /home/mdugre/scratch/mri-registration-rp/datasets/ds004513/derivatives/mri-registration-rp/antsBrainExtraction/sub-s037/BrainExtractionBrain.nii.gz
Dimension = 3
Number of stages = 1
Use histogram matching = false
Winsorize image intensities = true
  Lower quantile = 0.005
  Upper quantile = 0.995


Stage 1 State
   Image metric = CC
     Fixed image = Image (0x3e876f0)
  RTTI typeinfo:   itk::Image<double, 3u>
  Reference Count: 2
  Modified Time: 1606
  Debug: Off
  Object Name: 
  Observers: 
    none
  Source: (none)
  Source output name: (none)
  Release Data: Off
  Data Released: False
  Global Release Data: Off
  PipelineMTime: 0
  UpdateMTime: 1217
  RealTimeStamp: 0 seconds 
  LargestPossibleRegion: 
    Dimension: 3
    Index: [0, 0, 0]
    Size: [193, 229, 193]
  BufferedRegion: 
    Dimension: 3
    Index: [0, 0, 0]
    Size: [193, 229, 193]
  RequestedRegion: 
    Dimension: 3
    Index: [0, 0, 0]
    Size: [193, 229, 193]
  Spacing: [1, 1, 1]
  Origin: [96, 132, -78]
  Direction: 
-1 0 0
0 -1 0
0 0 1

  IndexToPointMatrix: 
-1 0 0
0 -1 0
0 0 1

  PointToIndexMatrix: 
-1 0 0
0 -1 0
0 0 1

  Inverse Direction: 
-1 0 0
0 -1 0
0 0 1

  PixelContainer: 
    ImportImageContainer (0x3f60910)
      RTTI typeinfo:   itk::ImportImageContainer<unsigned long, double>
      Reference Count: 1
      Modified Time: 1214
      Debug: Off
      Object Name: 
      Observers: 
        none
      Pointer: 0x147c49ab6010
      Container manages memory: true
      Size: 8530021
      Capacity: 8530021

     Moving image = Image (0x3f42ec0)
  RTTI typeinfo:   itk::Image<double, 3u>
  Reference Count: 2
  Modified Time: 1607
  Debug: Off
  Object Name: 
  Observers: 
    none
  Source: (none)
  Source output name: (none)
  Release Data: Off
  Data Released: False
  Global Release Data: Off
  PipelineMTime: 0
  UpdateMTime: 1604
  RealTimeStamp: 0 seconds 
  LargestPossibleRegion: 
    Dimension: 3
    Index: [0, 0, 0]
    Size: [160, 240, 256]
  BufferedRegion: 
    Dimension: 3
    Index: [0, 0, 0]
    Size: [160, 240, 256]
  RequestedRegion: 
    Dimension: 3
    Index: [0, 0, 0]
    Size: [160, 240, 256]
  Spacing: [1, 1, 1]
  Origin: [88, 102.5, -147.5]
  Direction: 
-1 -0.0435791 -0.0279541
0.0435791 -1 0.00121689
-0.0279541 0 1

  IndexToPointMatrix: 
-1 -0.0435791 -0.0279541
0.0435791 -1 0.00121689
-0.0279541 0 1

  PointToIndexMatrix: 
-1 0.0435791 -0.0279541
-0.0435791 -1 0
-0.0279541 0.00121689 1

  Inverse Direction: 
-1 0.0435791 -0.0279541
-0.0435791 -1 0
-0.0279541 0.00121689 1

  PixelContainer: 
    ImportImageContainer (0x3f631d0)
      RTTI typeinfo:   itk::ImportImageContainer<unsigned long, double>
      Reference Count: 1
      Modified Time: 1601
      Debug: Off
      Object Name: 
      Observers: 
        none
      Pointer: 0x147c44fb5010
      Container manages memory: true
      Size: 9830400
      Capacity: 9830400

     Weighting = 1
     Sampling strategy = none
     Number of bins = 32
     Radius = 4
     Sampling percentage  = 1
   Transform = SyN
     Gradient step = 0.1
     Update field sigma (voxel space) = 3
     Total field sigma (voxel space) = 0
     Update field time sigma = 0
     Total field time sigma  = 0
     Number of time indices = 0
     Number of time point samples = 0
Registration using 1 total stages.

Stage 0
  iterations = 100x70x50x20
  convergence threshold = 1e-06
  convergence window size = 10
  number of levels = 4
  using the CC metric (radius = 4, weight = 1, use gradient filter = 0)
  preprocessing:  winsorizing the image intensities
  Shrink factors (level 1 out of 4): [8, 8, 8]
  Shrink factors (level 2 out of 4): [4, 4, 4]
  Shrink factors (level 3 out of 4): [2, 2, 2]
  Shrink factors (level 4 out of 4): [1, 1, 1]
  smoothing sigmas per level: [3, 2, 1, 0]
  Using default NONE metricSamplingStrategy 

*** Running SyN registration (varianceForUpdateField = 3, varianceForTotalField = 0) ***

XXDIAGNOSTIC,Iteration,metricValue,convergenceValue,ITERATION_TIME_INDEX,SINCE_LAST
 1DIAGNOSTIC,     1, -8.730468750000e-01, 1.797693134862e+308, 0.0000e+00, 0.0000e+00, 
 1DIAGNOSTIC,     2, -8.906250000000e-01, 1.797693134862e+308, 0.0000e+00, 0.0000e+00, 
 1DIAGNOSTIC,     3, -9.062500000000e-01, 1.797693134862e+308, 0.0000e+00, 0.0000e+00, 
 1DIAGNOSTIC,     4, -9.160156250000e-01, 1.797693134862e+308, 0.0000e+00, 0.0000e+00, 
 1DIAGNOSTIC,     5, -9.238281250000e-01, 1.797693134862e+308, 0.0000e+00, 0.0000e+00, 
 1DIAGNOSTIC,     6, -9.257812500000e-01, 1.797693134862e+308, 0.0000e+00, 0.0000e+00, 
 1DIAGNOSTIC,     7, -9.296875000000e-01, 1.797693134862e+308, 0.0000e+00, 0.0000e+00, 
 1DIAGNOSTIC,     8, -9.316406250000e-01, 1.797693134862e+308, 0.0000e+00, 0.0000e+00, 
 1DIAGNOSTIC,     9, -9.335937500000e-01, 1.797693134862e+308, 0.0000e+00, 0.0000e+00, 
 1DIAGNOSTIC,    10, -9.355468750000e-01, 3.865155012568e-03, 0.0000e+00, 0.0000e+00, 
 1DIAGNOSTIC,    11, -9.375000000000e-01, 2.508138412925e-03, 0.0000e+00, 0.0000e+00, 
 1DIAGNOSTIC,    12, -9.375000000000e-01, 1.602586674504e-03, 0.0000e+00, 0.0000e+00, 
 1DIAGNOSTIC,    13, -9.394531250000e-01, 1.107792978383e-03, 0.0000e+00, 0.0000e+00, 
 1DIAGNOSTIC,    14, -9.394531250000e-01, 7.948588807241e-04, 0.0000e+00, 0.0000e+00, 
 1DIAGNOSTIC,    15, -9.414062500000e-01, 6.521788891433e-04, 0.0000e+00, 0.0000e+00, 
 1DIAGNOSTIC,    16, -9.414062500000e-01, 5.031268958229e-04, 0.0000e+00, 0.0000e+00, 
 1DIAGNOSTIC,    17, -9.433593750000e-01, 4.315129364661e-04, 0.0000e+00, 0.0000e+00, 
 1DIAGNOSTIC,    18, -9.453125000000e-01, 3.937644195744e-04, 0.0000e+00, 0.0000e+00, 
 1DIAGNOSTIC,    19, -9.453125000000e-01, 3.537525100026e-04, 0.0000e+00, 0.0000e+00, 
 1DIAGNOSTIC,    20, -9.472656250000e-01, 3.447503584856e-04, 0.0000e+00, 0.0000e+00, 
 1DIAGNOSTIC,    21, -9.472656250000e-01, 3.327009177093e-04, 0.0000e+00, 0.0000e+00, 
 1DIAGNOSTIC,    22, -9.492187500000e-01, 3.172810582771e-04, 0.0000e+00, 0.0000e+00, 
 1DIAGNOSTIC,    23, -9.492187500000e-01, 2.989700748259e-04, 0.0000e+00, 0.0000e+00, 
 1DIAGNOSTIC,    24, -9.492187500000e-01, 2.539634348802e-04, 0.0000e+00, 0.0000e+00, 
 1DIAGNOSTIC,    25, -9.511718750000e-01, 2.371043656117e-04, 0.0000e+00, 0.0000e+00, 
 1DIAGNOSTIC,    26, -9.511718750000e-01, 1.980232483188e-04, 0.0000e+00, 0.0000e+00, 
 1DIAGNOSTIC,    27, -9.531250000000e-01, 1.869284448139e-04, 0.0000e+00, 0.0000e+00, 
 1DIAGNOSTIC,    28, -9.531250000000e-01, 1.801249632305e-04, 0.0000e+00, 0.0000e+00, 
 1DIAGNOSTIC,    29, -9.550781250000e-01, 1.771479472619e-04, 0.0000e+00, 0.0000e+00, 
 1DIAGNOSTIC,    30, -9.550781250000e-01, 1.770985346006e-04, 0.0000e+00, 0.0000e+00, 
 1DIAGNOSTIC,    31, -9.570312500000e-01, 1.789114064851e-04, 0.0000e+00, 0.0000e+00, 
 1DIAGNOSTIC,    32, -9.570312500000e-01, 1.819710056455e-04, 0.0000e+00, 0.0000e+00, 
 1DIAGNOSTIC,    33, -9.589843750000e-01, 1.857828221818e-04, 0.0000e+00, 0.0000e+00, 
 1DIAGNOSTIC,    34, -9.589843750000e-01, 1.710402784897e-04, 0.0000e+00, 0.0000e+00, 
 1DIAGNOSTIC,    35, -9.609375000000e-01, 1.749381360651e-04, 0.0000e+00, 0.0000e+00, 
 1DIAGNOSTIC,    36, -9.609375000000e-01, 1.613297064822e-04, 0.0000e+00, 0.0000e+00, 
 1DIAGNOSTIC,    37, -9.628906250000e-01, 1.652711479011e-04, 0.0000e+00, 0.0000e+00, 
 1DIAGNOSTIC,    38, -9.628906250000e-01, 1.526458386695e-04, 0.0000e+00, 0.0000e+00, 
 1DIAGNOSTIC,    39, -9.628906250000e-01, 1.414856245213e-04, 0.0000e+00, 0.0000e+00, 
 1DIAGNOSTIC,    40, -9.648437500000e-01, 1.319730390450e-04, 0.0000e+00, 0.0000e+00, 
 1DIAGNOSTIC,    41, -9.648437500000e-01, 1.243408769684e-04, 0.0000e+00, 0.0000e+00, 
 1DIAGNOSTIC,    42, -9.648437500000e-01, 1.049940067278e-04, 0.0000e+00, 0.0000e+00, 
 1DIAGNOSTIC,    43, -9.648437500000e-01, 9.054776661100e-05, 0.0000e+00, 0.0000e+00, 
 1DIAGNOSTIC,    44, -9.648437500000e-01, 6.789120588351e-05, 0.0000e+00, 0.0000e+00, 
 1DIAGNOSTIC,    45, -9.667968750000e-01, 6.585821136959e-05, 0.0000e+00, 0.0000e+00, 
 1DIAGNOSTIC,    46, -9.667968750000e-01, 5.682094313382e-05, 0.0000e+00, 0.0000e+00, 
 1DIAGNOSTIC,    47, -9.667968750000e-01, 5.558548820756e-05, 0.0000e+00, 0.0000e+00, 
 1DIAGNOSTIC,    48, -9.667968750000e-01, 4.942419854342e-05, 0.0000e+00, 0.0000e+00, 
 1DIAGNOSTIC,    49, -9.667968750000e-01, 3.838582547382e-05, 0.0000e+00, 0.0000e+00, 
 1DIAGNOSTIC,    50, -9.667968750000e-01, 3.567622588152e-05, 0.0000e+00, 0.0000e+00, 
 1DIAGNOSTIC,    51, -9.667968750000e-01, 2.960317393044e-05, 0.0000e+00, 0.0000e+00, 
 1DIAGNOSTIC,    52, -9.687500000000e-01, 3.238139651274e-05, 0.0000e+00, 0.0000e+00, 
 1DIAGNOSTIC,    53, -9.687500000000e-01, 3.175737084368e-05, 0.0000e+00, 0.0000e+00, 
 1DIAGNOSTIC,    54, -9.687500000000e-01, 2.792407341932e-05, 0.0000e+00, 0.0000e+00, 
 1DIAGNOSTIC,    55, -9.687500000000e-01, 3.236753287888e-05, 0.0000e+00, 0.0000e+00, 
 1DIAGNOSTIC,    56, -9.687500000000e-01, 3.349348673900e-05, 0.0000e+00, 0.0000e+00, 
