
##########################
# Experiment information #
##########################

EXPERIMENT_NAME: antsRegistration-r8-p20
VFC_BACKENDS: libinterflop_vprec.so --range-binary32=8 --precision-binary32=20 --range-binary64=8 --precision-binary64=20

SIF_IMG: /home/mdugre/projects/rrg-glatard/mdugre/containers/ants-vprec-no_metrics.simg

SUBJECT_ID: s037
INPUT_IMG: /home/mdugre/scratch/mri-registration-rp/datasets/ds004513/derivatives/mri-registration-rp/antsBrainExtraction/sub-s037/BrainExtractionBrain.nii.gz
OUTPUT_DIR: /home/mdugre/scratch/mri-registration-rp/datasets/ds004513/derivatives/mri-registration-rp/0111/antsRegistration-r8-p20/sub-s037

FIXED_IMG: /templateflow/tpl-MNI152NLin2009cAsym/tpl-MNI152NLin2009cAsym_res-01_desc-brain_T1w.nii.gz
DATA_DIR: /home/mdugre/scratch/mri-registration-rp/datasets/ds004513
TEMPLATEFLOW_DIR: /home/mdugre/projects/rrg-glatard/mdugre/templateflow
ITK_GLOBAL_DEFAULT_NUMBER_OF_THREADS: 16
##########################

Info [verificarlo]: loaded backend libinterflop_ieee.so
Info [interflop-ieee]: load backend with:
Info [interflop-ieee]: debug = false
Info [interflop-ieee]: debug-binary = false
Info [interflop-ieee]: no-backend-name = false
Info [interflop-ieee]: print-new-line = false
Info [interflop-ieee]: print-subnormal-normalized = false
Info [interflop-ieee]: count-op = false
All_Command_lines_OK
Using double precision for computations.
=============================================================================
The composite transform comprises the following transforms (in order): 
  1. Center of mass alignment using fixed image: /templateflow/tpl-MNI152NLin2009cAsym/tpl-MNI152NLin2009cAsym_res-01_desc-brain_T1w.nii.gz and moving image: /home/mdugre/scratch/mri-registration-rp/datasets/ds004513/derivatives/mri-registration-rp/antsBrainExtraction/sub-s037/BrainExtractionBrain.nii.gz (type = Euler3DTransform)
=============================================================================
  number of levels = 1
  fixed image: /templateflow/tpl-MNI152NLin2009cAsym/tpl-MNI152NLin2009cAsym_res-01_desc-brain_T1w.nii.gz
  moving image: /home/mdugre/scratch/mri-registration-rp/datasets/ds004513/derivatives/mri-registration-rp/antsBrainExtraction/sub-s037/BrainExtractionBrain.nii.gz
Dimension = 3
Number of stages = 1
Use histogram matching = false
Winsorize image intensities = true
  Lower quantile = 0.005
  Upper quantile = 0.995


Stage 1 State
   Image metric = MattesMI
     Fixed image = Image (0x4d71e70)
  RTTI typeinfo:   itk::Image<double, 3u>
  Reference Count: 2
  Modified Time: 2330
  Debug: Off
  Object Name: 
  Observers: 
    none
  Source: (none)
  Source output name: (none)
  Release Data: Off
  Data Released: False
  Global Release Data: Off
  PipelineMTime: 0
  UpdateMTime: 1941
  RealTimeStamp: 0 seconds 
  LargestPossibleRegion: 
    Dimension: 3
    Index: [0, 0, 0]
    Size: [193, 229, 193]
  BufferedRegion: 
    Dimension: 3
    Index: [0, 0, 0]
    Size: [193, 229, 193]
  RequestedRegion: 
    Dimension: 3
    Index: [0, 0, 0]
    Size: [193, 229, 193]
  Spacing: [1, 1, 1]
  Origin: [96, 132, -78]
  Direction: 
-1 0 0
0 -1 0
0 0 1

  IndexToPointMatrix: 
-1 0 0
0 -1 0
0 0 1

  PointToIndexMatrix: 
-1 0 0
0 -1 0
0 0 1

  Inverse Direction: 
-1 0 0
0 -1 0
0 0 1

  PixelContainer: 
    ImportImageContainer (0x4d7ac60)
      RTTI typeinfo:   itk::ImportImageContainer<unsigned long, double>
      Reference Count: 1
      Modified Time: 1938
      Debug: Off
      Object Name: 
      Observers: 
        none
      Pointer: 0x150ac3a81010
      Container manages memory: true
      Size: 8530021
      Capacity: 8530021

     Moving image = Image (0x4e0eec0)
  RTTI typeinfo:   itk::Image<double, 3u>
  Reference Count: 2
  Modified Time: 2331
  Debug: Off
  Object Name: 
  Observers: 
    none
  Source: (none)
  Source output name: (none)
  Release Data: Off
  Data Released: False
  Global Release Data: Off
  PipelineMTime: 0
  UpdateMTime: 2328
  RealTimeStamp: 0 seconds 
  LargestPossibleRegion: 
    Dimension: 3
    Index: [0, 0, 0]
    Size: [160, 240, 256]
  BufferedRegion: 
    Dimension: 3
    Index: [0, 0, 0]
    Size: [160, 240, 256]
  RequestedRegion: 
    Dimension: 3
    Index: [0, 0, 0]
    Size: [160, 240, 256]
  Spacing: [1, 1, 1]
  Origin: [87.9508, 102.562, -147.639]
  Direction: 
-0.998659 -0.0436121 -0.0279129
0.043595 -0.999049 0.00121847
-0.0279395 -2.65543e-08 0.99961

  IndexToPointMatrix: 
-0.998659 -0.0436121 -0.0279129
0.043595 -0.999049 0.00121847
-0.0279395 -2.65543e-08 0.99961

  PointToIndexMatrix: 
-0.998659 0.043595 -0.0279395
-0.0436121 -0.999049 -2.65517e-08
-0.0279129 0.00121847 0.99961

  Inverse Direction: 
-0.998659 0.043595 -0.0279395
-0.0436121 -0.999049 -2.65517e-08
-0.0279129 0.00121847 0.99961

  PixelContainer: 
    ImportImageContainer (0x4ea6610)
      RTTI typeinfo:   itk::ImportImageContainer<unsigned long, double>
      Reference Count: 1
      Modified Time: 2325
      Debug: Off
      Object Name: 
      Observers: 
        none
      Pointer: 0x150abef80010
      Container manages memory: true
      Size: 9830400
      Capacity: 9830400

     Weighting = 1
     Sampling strategy = regular
     Number of bins = 32
     Radius = 4
     Sampling percentage  = 0.25
   Transform = Rigid
     Gradient step = 0.1
     Update field sigma (voxel space) = 0
     Total field sigma (voxel space) = 0
     Update field time sigma = 0
     Total field time sigma  = 0
     Number of time indices = 0
     Number of time point samples = 0
Registration using 1 total stages.

Stage 0
  iterations = 0
  convergence threshold = 1e-06
  convergence window size = 10
  number of levels = 1
  using the Mattes MI metric (number of bins = 32, weight = 1, use gradient filter = 0)
  preprocessing:  winsorizing the image intensities
  Shrink factors (level 1 out of 1): [1, 1, 1]
  smoothing sigmas per level: [0]
  regular sampling (percentage = 0.25)

*** Running Euler3DTransform registration ***

  Elapsed time (stage 0): 1.15048


Total elapsed time: 1.15255
Info [verificarlo]: loaded backend libinterflop_vprec.so
Info [interflop-vprec]: load backend with: 
Info [interflop-vprec]: precision-binary32 = 20
Info [interflop-vprec]: range-binary32 = 8
Info [interflop-vprec]: precision-binary64 = 20
Info [interflop-vprec]: range-binary64 = 8
Info [interflop-vprec]: mode = ob
Info [interflop-vprec]: error-mode = rel
Info [interflop-vprec]: max-abs-error-exponent = -1022
Info [interflop-vprec]: daz = false
Info [interflop-vprec]: ftz = false
Info [interflop-vprec]: 	instrument = none
Info [interflop-vprec]: 	prec-input-file = (null)
Info [interflop-vprec]: 	prec-output-file = (null)
Info [interflop-vprec]: 	prec-log-file = (null)
All_Command_lines_OK
Using double precision for computations.
=============================================================================
The composite transform comprises the following transforms (in order): 
  1. /home/mdugre/scratch/mri-registration-rp/datasets/ds004513/derivatives/mri-registration-rp/0111/antsRegistration-r8-p20/sub-s037/align_Composite.h5[0] (type = Euler3DTransform)
  2. /home/mdugre/scratch/mri-registration-rp/datasets/ds004513/derivatives/mri-registration-rp/0111/antsRegistration-r8-p20/sub-s037/align_Composite.h5[1] (type = Euler3DTransform)
=============================================================================
  number of levels = 4
  fixed image: /templateflow/tpl-MNI152NLin2009cAsym/tpl-MNI152NLin2009cAsym_res-01_desc-brain_T1w.nii.gz
  moving image: /home/mdugre/scratch/mri-registration-rp/datasets/ds004513/derivatives/mri-registration-rp/antsBrainExtraction/sub-s037/BrainExtractionBrain.nii.gz
Dimension = 3
Number of stages = 1
Use histogram matching = false
Winsorize image intensities = true
  Lower quantile = 0.005
  Upper quantile = 0.995


Stage 1 State
   Image metric = MattesMI
     Fixed image = Image (0x32931e0)
  RTTI typeinfo:   itk::Image<double, 3u>
  Reference Count: 2
  Modified Time: 1578
  Debug: Off
  Object Name: 
  Observers: 
    none
  Source: (none)
  Source output name: (none)
  Release Data: Off
  Data Released: False
  Global Release Data: Off
  PipelineMTime: 0
  UpdateMTime: 1189
  RealTimeStamp: 0 seconds 
  LargestPossibleRegion: 
    Dimension: 3
    Index: [0, 0, 0]
    Size: [193, 229, 193]
  BufferedRegion: 
    Dimension: 3
    Index: [0, 0, 0]
    Size: [193, 229, 193]
  RequestedRegion: 
    Dimension: 3
    Index: [0, 0, 0]
    Size: [193, 229, 193]
  Spacing: [1, 1, 1]
  Origin: [96, 132, -78]
  Direction: 
-1 0 0
0 -1 0
0 0 1

  IndexToPointMatrix: 
-1 0 0
0 -1 0
0 0 1

  PointToIndexMatrix: 
-1 0 0
0 -1 0
0 0 1

  Inverse Direction: 
-1 0 0
0 -1 0
0 0 1

  PixelContainer: 
    ImportImageContainer (0x3352680)
      RTTI typeinfo:   itk::ImportImageContainer<unsigned long, double>
      Reference Count: 1
      Modified Time: 1186
      Debug: Off
      Object Name: 
      Observers: 
        none
      Pointer: 0x14ebcbc91010
      Container manages memory: true
      Size: 8530021
      Capacity: 8530021

     Moving image = Image (0x334eb20)
  RTTI typeinfo:   itk::Image<double, 3u>
  Reference Count: 2
  Modified Time: 1579
  Debug: Off
  Object Name: 
  Observers: 
    none
  Source: (none)
  Source output name: (none)
  Release Data: Off
  Data Released: False
  Global Release Data: Off
  PipelineMTime: 0
  UpdateMTime: 1576
  RealTimeStamp: 0 seconds 
  LargestPossibleRegion: 
    Dimension: 3
    Index: [0, 0, 0]
    Size: [160, 240, 256]
  BufferedRegion: 
    Dimension: 3
    Index: [0, 0, 0]
    Size: [160, 240, 256]
  RequestedRegion: 
    Dimension: 3
    Index: [0, 0, 0]
    Size: [160, 240, 256]
  Spacing: [1, 1, 1]
  Origin: [87.9508, 102.562, -147.639]
  Direction: 
-0.998658 -0.0436121 -0.0279129
0.043595 -0.999049 0.00121847
-0.0279395 -2.65543e-08 0.999609

  IndexToPointMatrix: 
-0.998658 -0.0436121 -0.0279129
0.043595 -0.999049 0.00121847
-0.0279395 -2.65543e-08 0.999609

  PointToIndexMatrix: 
-0.99866 0.043595 -0.0279396
-0.043612 -0.999048 2.38419e-07
-0.027913 0.00121832 0.99961

  Inverse Direction: 
-0.99866 0.043595 -0.0279396
-0.043612 -0.999048 2.38419e-07
-0.027913 0.00121832 0.99961

  PixelContainer: 
    ImportImageContainer (0x33b7d50)
      RTTI typeinfo:   itk::ImportImageContainer<unsigned long, double>
      Reference Count: 1
      Modified Time: 1573
      Debug: Off
      Object Name: 
      Observers: 
        none
      Pointer: 0x14ebc7190010
      Container manages memory: true
      Size: 9830400
      Capacity: 9830400

     Weighting = 1
     Sampling strategy = regular
     Number of bins = 32
     Radius = 4
     Sampling percentage  = 0.25
   Transform = Rigid
     Gradient step = 0.1
     Update field sigma (voxel space) = 0
     Total field sigma (voxel space) = 0
     Update field time sigma = 0
     Total field time sigma  = 0
     Number of time indices = 0
     Number of time point samples = 0
Registration using 1 total stages.

Stage 0
  iterations = 1000x500x250x100
  convergence threshold = 1e-06
  convergence window size = 10
  number of levels = 4
  using the Mattes MI metric (number of bins = 32, weight = 1, use gradient filter = 0)
  preprocessing:  winsorizing the image intensities
  Shrink factors (level 1 out of 4): [8, 8, 8]
  Shrink factors (level 2 out of 4): [4, 4, 4]
  Shrink factors (level 3 out of 4): [2, 2, 2]
  Shrink factors (level 4 out of 4): [1, 1, 1]
  smoothing sigmas per level: [3, 2, 1, 0]
  regular sampling (percentage = 0.25)

*** Running Euler3DTransform registration ***

DIAGNOSTIC,Iteration,metricValue,convergenceValue,ITERATION_TIME_INDEX,SINCE_LAST
 2DIAGNOSTIC,     1, -4.299046080010e-01, 1.797693134862e+308, 0.0000e+00, 0.0000e+00, 
 2DIAGNOSTIC,     2, -4.311612725653e-01, 1.797693134862e+308, 0.0000e+00, 0.0000e+00, 
 2DIAGNOSTIC,     3, -4.334715421000e-01, 1.797693134862e+308, 0.0000e+00, 0.0000e+00, 
 2DIAGNOSTIC,     4, -4.388894590128e-01, 1.797693134862e+308, 0.0000e+00, 0.0000e+00, 
 2DIAGNOSTIC,     5, -4.438745033452e-01, 1.797693134862e+308, 0.0000e+00, 0.0000e+00, 
 2DIAGNOSTIC,     6, -4.461309533796e-01, 1.797693134862e+308, 0.0000e+00, 0.0000e+00, 
 2DIAGNOSTIC,     7, -4.511278239309e-01, 1.797693134862e+308, 0.0000e+00, 0.0000e+00, 
 2DIAGNOSTIC,     8, -4.668054837515e-01, 1.797693134862e+308, 0.0000e+00, 0.0000e+00, 
 2DIAGNOSTIC,     9, -4.755222585206e-01, 1.797693134862e+308, 0.0000e+00, 0.0000e+00, 
 2DIAGNOSTIC,    10, -4.796236461240e-01, 7.459319830028e-03, 0.0000e+00, 0.0000e+00, 
 2DIAGNOSTIC,    11, -4.808814162798e-01, 7.271197461103e-03, 0.0000e+00, 0.0000e+00, 
 2DIAGNOSTIC,    12, -4.820955420032e-01, 6.599480382812e-03, 0.0000e+00, 0.0000e+00, 
 2DIAGNOSTIC,    13, -4.835051021026e-01, 5.604818265154e-03, 0.0000e+00, 0.0000e+00, 
 2DIAGNOSTIC,    14, -4.859014426586e-01, 4.585402372145e-03, 0.0000e+00, 0.0000e+00, 
 2DIAGNOSTIC,    15, -4.882783394103e-01, 3.598452282310e-03, 0.0000e+00, 0.0000e+00, 
 2DIAGNOSTIC,    16, -4.891311776327e-01, 2.537127182092e-03, 0.0000e+00, 0.0000e+00, 
 2DIAGNOSTIC,    17, -4.907345649041e-01, 1.602425749976e-03, 0.0000e+00, 0.0000e+00, 
 2DIAGNOSTIC,    18, -4.915790139888e-01, 1.182159832415e-03, 0.0000e+00, 0.0000e+00, 
 2DIAGNOSTIC,    19, -4.921492379704e-01, 9.924233006078e-04, 0.0000e+00, 0.0000e+00, 
 2DIAGNOSTIC,    20, -4.923254685640e-01, 8.595574097361e-04, 0.0000e+00, 0.0000e+00, 
 2DIAGNOSTIC,    21, -4.929654097830e-01, 7.150651207321e-04, 0.0000e+00, 0.0000e+00, 
 2DIAGNOSTIC,    22, -4.937353168574e-01, 5.718890967277e-04, 0.0000e+00, 0.0000e+00, 
 2DIAGNOSTIC,    23, -4.943215528919e-01, 4.391521134283e-04, 0.0000e+00, 0.0000e+00, 
 2DIAGNOSTIC,    24, -4.953312980202e-01, 3.612401951053e-04, 0.0000e+00, 0.0000e+00, 
 2DIAGNOSTIC,    25, -4.971101709729e-01, 3.555826217339e-04, 0.0000e+00, 0.0000e+00, 
 2DIAGNOSTIC,    26, -4.980419322199e-01, 3.565752358444e-04, 0.0000e+00, 0.0000e+00, 
 2DIAGNOSTIC,    27, -4.989010106525e-01, 3.780931486988e-04, 0.0000e+00, 0.0000e+00, 
 2DIAGNOSTIC,    28, -5.009302392453e-01, 4.235636389293e-04, 0.0000e+00, 0.0000e+00, 
 2DIAGNOSTIC,    29, -5.084751324266e-01, 5.912911731397e-04, 0.0000e+00, 0.0000e+00, 
 2DIAGNOSTIC,    30, -5.182173133235e-01, 8.829009268089e-04, 0.0000e+00, 0.0000e+00, 
 2DIAGNOSTIC,    31, -5.211676128916e-01, 1.135853225013e-03, 0.0000e+00, 0.0000e+00, 
 2DIAGNOSTIC,    32, -5.268263587445e-01, 1.385334174038e-03, 0.0000e+00, 0.0000e+00, 
 2DIAGNOSTIC,    33, -5.336939645965e-01, 1.619094076955e-03, 0.0000e+00, 0.0000e+00, 
 2DIAGNOSTIC,    34, -5.346598707241e-01, 1.713747098726e-03, 0.0000e+00, 0.0000e+00, 
 2DIAGNOSTIC,    35, -5.359503528769e-01, 1.690641012878e-03, 0.0000e+00, 0.0000e+00, 
 2DIAGNOSTIC,    36, -5.369139273794e-01, 1.540957467714e-03, 0.0000e+00, 0.0000e+00, 
 2DIAGNOSTIC,    37, -5.373540114884e-01, 1.275351571718e-03, 0.0000e+00, 0.0000e+00, 
 2DIAGNOSTIC,    38, -5.376789787741e-01, 9.372745293868e-04, 0.0000e+00, 0.0000e+00, 
 2DIAGNOSTIC,    39, -5.379379825610e-01, 6.420403783957e-04, 0.0000e+00, 0.0000e+00, 
 2DIAGNOSTIC,    40, -5.383648258895e-01, 4.495457178187e-04, 0.0000e+00, 0.0000e+00, 
 2DIAGNOSTIC,    41, -5.389848261871e-01, 2.733991696649e-04, 0.0000e+00, 0.0000e+00, 
 2DIAGNOSTIC,    42, -5.393628244082e-01, 1.604133755307e-04, 0.0000e+00, 0.0000e+00, 
 2DIAGNOSTIC,    43, -5.393688370742e-01, 1.295038708590e-04, 0.0000e+00, 0.0000e+00, 
 2DIAGNOSTIC,    44, -5.394070434166e-01, 1.007481882286e-04, 0.0000e+00, 0.0000e+00, 
 2DIAGNOSTIC,    45, -5.395063568606e-01, 8.117707784376e-05, 0.0000e+00, 0.0000e+00, 
 2DIAGNOSTIC,    46, -5.395302977557e-01, 6.682531926835e-05, 0.0000e+00, 0.0000e+00, 
 2DIAGNOSTIC,    47, -5.395612590490e-01, 5.243520106939e-05, 0.0000e+00, 0.0000e+00, 
 2DIAGNOSTIC,    48, -5.396661033287e-01, 3.891642317493e-05, 0.0000e+00, 0.0000e+00, 
 2DIAGNOSTIC,    49, -5.420848713371e-01, 5.328771273319e-05, 0.0000e+00, 0.0000e+00, 
 2DIAGNOSTIC,    50, -5.437189565430e-01, 8.439212873120e-05, 0.0000e+00, 0.0000e+00, 
 2DIAGNOSTIC,    51, -5.445487909931e-01, 1.219219266089e-04, 0.0000e+00, 0.0000e+00, 
 2DIAGNOSTIC,    52, -5.454193658934e-01, 1.602092194403e-04, 0.0000e+00, 0.0000e+00, 
 2DIAGNOSTIC,    53, -5.460083712597e-01, 1.879779609730e-04, 0.0000e+00, 0.0000e+00, 
 2DIAGNOSTIC,    54, -5.473294985644e-01, 2.103823177912e-04, 0.0000e+00, 0.0000e+00, 
 2DIAGNOSTIC,    55, -5.489077739151e-01, 2.283428809751e-04, 0.0000e+00, 0.0000e+00, 
 2DIAGNOSTIC,    56, -5.496661272468e-01, 2.315571155423e-04, 0.0000e+00, 0.0000e+00, 
 2DIAGNOSTIC,    57, -5.500018201221e-01, 2.165932643397e-04, 0.0000e+00, 0.0000e+00, 
 2DIAGNOSTIC,    58, -5.500646816863e-01, 1.827899573530e-04, 0.0000e+00, 0.0000e+00, 
 2DIAGNOSTIC,    59, -5.505754591262e-01, 1.600740958209e-04, 0.0000e+00, 0.0000e+00, 
 2DIAGNOSTIC,    60, -5.512949332226e-01, 1.442826280569e-04, 0.0000e+00, 0.0000e+00, 
 2DIAGNOSTIC,    61, -5.521752982253e-01, 1.305716063542e-04, 0.0000e+00, 0.0000e+00, 
 2DIAGNOSTIC,    62, -5.526743977492e-01, 1.171908196208e-04, 0.0000e+00, 0.0000e+00, 
 2DIAGNOSTIC,    63, -5.552858076278e-01, 1.212215084535e-04, 0.0000e+00, 0.0000e+00, 
 2DIAGNOSTIC,    64, -5.564961249712e-01, 1.345968992930e-04, 0.0000e+00, 0.0000e+00, 
 2DIAGNOSTIC,    65, -5.570152538285e-01, 1.522452572564e-04, 0.0000e+00, 0.0000e+00, 
 2DIAGNOSTIC,    66, -5.575377074384e-01, 1.656313225678e-04, 0.0000e+00, 0.0000e+00, 
 2DIAGNOSTIC,    67, -5.597040896584e-01, 1.833497943435e-04, 0.0000e+00, 0.0000e+00, 
 2DIAGNOSTIC,    68, -5.665140261860e-01, 2.378651703345e-04, 0.0000e+00, 0.0000e+00, 
 2DIAGNOSTIC,    69, -5.734084452770e-01, 3.252687578774e-04, 0.0000e+00, 0.0000e+00, 
 2DIAGNOSTIC,    70, -5.735200832469e-01, 3.846004425992e-04, 0.0000e+00, 0.0000e+00, 
 2DIAGNOSTIC,    71, -5.742411733859e-01, 4.190788698851e-04, 0.0000e+00, 0.0000e+00, 
 2DIAGNOSTIC,    72, -5.752975391640e-01, 4.238324459534e-04, 0.0000e+00, 0.0000e+00, 
 2DIAGNOSTIC,    73, -5.763094093573e-01, 4.133881216281e-04, 0.0000e+00, 0.0000e+00, 
 2DIAGNOSTIC,    74, -5.767945384234e-01, 3.750967279556e-04, 0.0000e+00, 0.0000e+00, 
 2DIAGNOSTIC,    75, -5.770975053574e-01, 3.085887219522e-04, 0.0000e+00, 0.0000e+00, 
 2DIAGNOSTIC,    76, -5.773573011358e-01, 2.208490783666e-04, 0.0000e+00, 0.0000e+00, 
 2DIAGNOSTIC,    77, -5.809753105005e-01, 1.543014962393e-04, 0.0000e+00, 0.0000e+00, 
 2DIAGNOSTIC,    78, -5.824677074830e-01, 1.305052054253e-04, 0.0000e+00, 0.0000e+00, 
 2DIAGNOSTIC,    79, -5.827134590161e-01, 1.439488471586e-04, 0.0000e+00, 0.0000e+00, 
 2DIAGNOSTIC,    80, -5.830002465437e-01, 1.463509716460e-04, 0.0000e+00, 0.0000e+00, 
 2DIAGNOSTIC,    81, -5.834054649349e-01, 1.420601725333e-04, 0.0000e+00, 0.0000e+00, 
 2DIAGNOSTIC,    82, -5.836602923662e-01, 1.322616981925e-04, 0.0000e+00, 0.0000e+00, 
 2DIAGNOSTIC,    83, -5.839136256006e-01, 1.179398665528e-04, 0.0000e+00, 0.0000e+00, 
 2DIAGNOSTIC,    84, -5.842092918588e-01, 9.794692293149e-05, 0.0000e+00, 0.0000e+00, 
 2DIAGNOSTIC,    85, -5.841519438388e-01, 7.094215572301e-05, 0.0000e+00, 0.0000e+00, 
 2DIAGNOSTIC,    86, -5.843995027129e-01, 4.048229188105e-05, 0.0000e+00, 0.0000e+00, 
 2DIAGNOSTIC,    87, -5.842138781878e-01, 2.782052890553e-05, 0.0000e+00, 0.0000e+00, 
 2DIAGNOSTIC,    88, -5.842379581833e-01, 2.208925132508e-05, 0.0000e+00, 0.0000e+00, 
 2DIAGNOSTIC,    89, -5.842865865392e-01, 1.615235134744e-05, 0.0000e+00, 0.0000e+00, 
 2DIAGNOSTIC,    90, -5.847452434220e-01, 1.321014806317e-05, 0.0000e+00, 0.0000e+00, 
 2DIAGNOSTIC,    91, -5.856306540003e-01, 1.658911671529e-05, 0.0000e+00, 0.0000e+00, 
 2DIAGNOSTIC,    92, -5.867173590631e-01, 2.597667829771e-05, 0.0000e+00, 0.0000e+00, 
 2DIAGNOSTIC,    93, -5.871386596054e-01, 3.643129730115e-05, 0.0000e+00, 0.0000e+00, 
 2DIAGNOSTIC,    94, -5.872172629968e-01, 4.535744683940e-05, 0.0000e+00, 0.0000e+00, 
 2DIAGNOSTIC,    95, -5.876298641596e-01, 5.171811056072e-05, 0.0000e+00, 0.0000e+00, 
 2DIAGNOSTIC,    96, -5.880621272038e-01, 5.662845736506e-05, 0.0000e+00, 0.0000e+00, 
 2DIAGNOSTIC,    97, -5.887826385829e-01, 5.879207437509e-05, 0.0000e+00, 0.0000e+00, 
 2DIAGNOSTIC,    98, -5.890901307683e-01, 5.704076478768e-05, 0.0000e+00, 0.0000e+00, 
 2DIAGNOSTIC,    99, -5.893521599742e-01, 5.160185101484e-05, 0.0000e+00, 0.0000e+00, 
 2DIAGNOSTIC,   100, -5.903089680599e-01, 4.878008868447e-05, 0.0000e+00, 0.0000e+00, 
 2DIAGNOSTIC,   101, -5.908364324012e-01, 4.843780502542e-05, 0.0000e+00, 0.0000e+00, 
 2DIAGNOSTIC,   102, -5.912159350966e-01, 5.094424384608e-05, 0.0000e+00, 0.0000e+00, 
 2DIAGNOSTIC,   103, -5.914570857822e-01, 5.195495536232e-05, 0.0000e+00, 0.0000e+00, 
 2DIAGNOSTIC,   104, -5.917206176926e-01, 4.969386321965e-05, 0.0000e+00, 0.0000e+00, 
 2DIAGNOSTIC,   105, -5.919213357699e-01, 4.569687444646e-05, 0.0000e+00, 0.0000e+00, 
 2DIAGNOSTIC,   106, -5.920806581930e-01, 4.020207124718e-05, 0.0000e+00, 0.0000e+00, 
 2DIAGNOSTIC,   107, -5.929678172511e-01, 3.887082423560e-05, 0.0000e+00, 0.0000e+00, 
 2DIAGNOSTIC,   108, -5.930699669877e-01, 3.575827123586e-05, 0.0000e+00, 0.0000e+00, 
 2DIAGNOSTIC,   109, -5.930693308222e-01, 3.048409290274e-05, 0.0000e+00, 0.0000e+00, 
 2DIAGNOSTIC,   110, -5.931005942497e-01, 2.712259542443e-05, 0.0000e+00, 0.0000e+00, 
 2DIAGNOSTIC,   111, -5.931251055908e-01, 2.379022903219e-05, 0.0000e+00, 0.0000e+00, 
 2DIAGNOSTIC,   112, -5.931456042603e-01, 2.003991654491e-05, 0.0000e+00, 0.0000e+00, 
 2DIAGNOSTIC,   113, -5.931776997890e-01, 1.568129549564e-05, 0.0000e+00, 0.0000e+00, 
 2DIAGNOSTIC,   114, -5.932138602189e-01, 1.133563260515e-05, 0.0000e+00, 0.0000e+00, 
 2DIAGNOSTIC,   115, -5.933398939344e-01, 7.518248821087e-06, 0.0000e+00, 0.0000e+00, 
 2DIAGNOSTIC,   116, -5.932467299459e-01, 3.247282124452e-06, 0.0000e+00, 0.0000e+00, 
 2DIAGNOSTIC,   117, -5.933627727840e-01, 3.248167668625e-06, 0.0000e+00, 0.0000e+00, 
 2DIAGNOSTIC,   118, -5.933722015235e-01, 3.445170609611e-06, 0.0000e+00, 0.0000e+00, 
 2DIAGNOSTIC,   119, -5.934827913365e-01, 3.805903366140e-06, 0.0000e+00, 0.0000e+00, 
 2DIAGNOSTIC,   120, -5.935156963062e-01, 4.084517998647e-06, 0.0000e+00, 0.0000e+00, 
 2DIAGNOSTIC,   121, -5.934824044516e-01, 3.959236311470e-06, 0.0000e+00, 0.0000e+00, 
 2DIAGNOSTIC,   122, -5.932533720167e-01, 2.605280291291e-06, 0.0000e+00, 0.0000e+00, 
 2DIAGNOSTIC,   123, -5.932683522311e-01, 1.268246376633e-06, 0.0000e+00, 0.0000e+00, 
DIAGNOSTIC,Iteration,metricValue,convergenceValue,ITERATION_TIME_INDEX,SINCE_LAST
 2DIAGNOSTIC,     1, -4.823285668961e-01, 1.797693134862e+308, 0.0000e+00, 0.0000e+00, 
 2DIAGNOSTIC,     2, -4.831301822420e-01, 1.797693134862e+308, 0.0000e+00, 0.0000e+00, 
 2DIAGNOSTIC,     3, -4.841424546725e-01, 1.797693134862e+308, 0.0000e+00, 0.0000e+00, 
 2DIAGNOSTIC,     4, -4.857282968497e-01, 1.797693134862e+308, 0.0000e+00, 0.0000e+00, 
 2DIAGNOSTIC,     5, -4.868136261831e-01, 1.797693134862e+308, 0.0000e+00, 0.0000e+00, 
 2DIAGNOSTIC,     6, -4.877429196024e-01, 1.797693134862e+308, 0.0000e+00, 0.0000e+00, 
 2DIAGNOSTIC,     7, -4.885412154129e-01, 1.797693134862e+308, 0.0000e+00, 0.0000e+00, 
 2DIAGNOSTIC,     8, -4.892248932440e-01, 1.797693134862e+308, 0.0000e+00, 0.0000e+00, 
 2DIAGNOSTIC,     9, -4.892370124811e-01, 1.797693134862e+308, 0.0000e+00, 0.0000e+00, 
 2DIAGNOSTIC,    10, -4.894003510518e-01, 1.021866977944e-03, 0.0000e+00, 0.0000e+00, 
 2DIAGNOSTIC,    11, -4.896044616244e-01, 7.876549487206e-04, 0.0000e+00, 0.0000e+00, 
 2DIAGNOSTIC,    12, -4.897420103030e-01, 5.672454403550e-04, 0.0000e+00, 0.0000e+00, 
 2DIAGNOSTIC,    13, -4.898493826631e-01, 3.788044447363e-04, 0.0000e+00, 0.0000e+00, 
 2DIAGNOSTIC,    14, -4.899438822891e-01, 2.528594059153e-04, 0.0000e+00, 0.0000e+00, 
 2DIAGNOSTIC,    15, -4.900951367496e-01, 1.686203440190e-04, 0.0000e+00, 0.0000e+00, 
 2DIAGNOSTIC,    16, -4.906327758548e-01, 1.323542558056e-04, 0.0000e+00, 0.0000e+00, 
 2DIAGNOSTIC,    17, -4.908378759382e-01, 1.216425474148e-04, 0.0000e+00, 0.0000e+00, 
 2DIAGNOSTIC,    18, -4.908752806892e-01, 1.245602108997e-04, 0.0000e+00, 0.0000e+00, 
 2DIAGNOSTIC,    19, -4.909486930871e-01, 1.186465217323e-04, 0.0000e+00, 0.0000e+00, 
 2DIAGNOSTIC,    20, -4.910894228042e-01, 1.111398007968e-04, 0.0000e+00, 0.0000e+00, 
 2DIAGNOSTIC,    21, -4.911268439285e-01, 1.004501248469e-04, 0.0000e+00, 0.0000e+00, 
 2DIAGNOSTIC,    22, -4.915477217608e-01, 9.617241662347e-05, 0.0000e+00, 0.0000e+00, 
 2DIAGNOSTIC,    23, -4.922686200627e-01, 1.042589501926e-04, 0.0000e+00, 0.0000e+00, 
 2DIAGNOSTIC,    24, -4.925189476337e-01, 1.100994504531e-04, 0.0000e+00, 0.0000e+00, 
 2DIAGNOSTIC,    25, -4.929015780887e-01, 1.175052330161e-04, 0.0000e+00, 0.0000e+00, 
 2DIAGNOSTIC,    26, -4.930003401831e-01, 1.275534607981e-04, 0.0000e+00, 0.0000e+00, 
 2DIAGNOSTIC,    27, -4.930517963615e-01, 1.304307430133e-04, 0.0000e+00, 0.0000e+00, 
 2DIAGNOSTIC,    28, -4.933413341021e-01, 1.275118420849e-04, 0.0000e+00, 0.0000e+00, 
 2DIAGNOSTIC,    29, -4.933929826086e-01, 1.151434605761e-04, 0.0000e+00, 0.0000e+00, 
 2DIAGNOSTIC,    30, -4.934167270615e-01, 9.621555900306e-05, 0.0000e+00, 0.0000e+00, 
 2DIAGNOSTIC,    31, -4.934890734337e-01, 7.160487719896e-05, 0.0000e+00, 0.0000e+00, 
 2DIAGNOSTIC,    32, -4.934969100838e-01, 4.936005036359e-05, 0.0000e+00, 0.0000e+00, 
 2DIAGNOSTIC,    33, -4.934915163682e-01, 3.636588757214e-05, 0.0000e+00, 0.0000e+00, 
 2DIAGNOSTIC,    34, -4.934859497830e-01, 2.479114103776e-05, 0.0000e+00, 0.0000e+00, 
 2DIAGNOSTIC,    35, -4.934798189022e-01, 1.788141646086e-05, 0.0000e+00, 0.0000e+00, 
 2DIAGNOSTIC,    36, -4.934726771233e-01, 1.124418337294e-05, 0.0000e+00, 0.0000e+00, 
 2DIAGNOSTIC,    37, -4.934736402876e-01, 4.683693865120e-06, 0.0000e+00, 0.0000e+00, 
 2DIAGNOSTIC,    38, -4.934671983369e-01, 2.420077700370e-06, 0.0000e+00, 0.0000e+00, 
DIAGNOSTIC,Iteration,metricValue,convergenceValue,ITERATION_TIME_INDEX,SINCE_LAST
 2DIAGNOSTIC,     1, -4.342592066968e-01, 1.797693134862e+308, 0.0000e+00, 0.0000e+00, 
 2DIAGNOSTIC,     2, -4.344423214314e-01, 1.797693134862e+308, 0.0000e+00, 0.0000e+00, 
 2DIAGNOSTIC,     3, -4.345698432007e-01, 1.797693134862e+308, 0.0000e+00, 0.0000e+00, 
 2DIAGNOSTIC,     4, -4.346294938693e-01, 1.797693134862e+308, 0.0000e+00, 0.0000e+00, 
 2DIAGNOSTIC,     5, -4.346825835858e-01, 1.797693134862e+308, 0.0000e+00, 0.0000e+00, 
 2DIAGNOSTIC,     6, -4.349171336233e-01, 1.797693134862e+308, 0.0000e+00, 0.0000e+00, 
 2DIAGNOSTIC,     7, -4.350548047877e-01, 1.797693134862e+308, 0.0000e+00, 0.0000e+00, 
 2DIAGNOSTIC,     8, -4.350542948749e-01, 1.797693134862e+308, 0.0000e+00, 0.0000e+00, 
 2DIAGNOSTIC,     9, -4.350527832793e-01, 1.797693134862e+308, 0.0000e+00, 0.0000e+00, 
 2DIAGNOSTIC,    10, -4.350527182498e-01, 1.276631684764e-04, 0.0000e+00, 0.0000e+00, 
 2DIAGNOSTIC,    11, -4.350526578617e-01, 9.355269402801e-05, 0.0000e+00, 0.0000e+00, 
 2DIAGNOSTIC,    12, -4.350530072770e-01, 6.670651816924e-05, 0.0000e+00, 0.0000e+00, 
 2DIAGNOSTIC,    13, -4.350528794022e-01, 4.472694821679e-05, 0.0000e+00, 0.0000e+00, 
 2DIAGNOSTIC,    14, -4.350521888157e-01, 2.496872415558e-05, 0.0000e+00, 0.0000e+00, 
 2DIAGNOSTIC,    15, -4.350524159313e-01, 7.877445631993e-06, 0.0000e+00, 0.0000e+00, 
 2DIAGNOSTIC,    16, -4.350521936278e-01, 1.803871044287e-06, 0.0000e+00, 0.0000e+00, 
 2DIAGNOSTIC,    17, -4.350523283257e-01, 1.759343157201e-06, 0.0000e+00, 0.0000e+00, 
 2DIAGNOSTIC,    18, -4.350521374517e-01, 1.706273491761e-06, 0.0000e+00, 0.0000e+00, 
 2DIAGNOSTIC,    19, -4.350515761050e-01, 1.593964201761e-06, 0.0000e+00, 0.0000e+00, 
 2DIAGNOSTIC,    20, -4.350517051792e-01, 1.503146057694e-06, 0.0000e+00, 0.0000e+00, 
 2DIAGNOSTIC,    21, -4.350525936400e-01, 1.453893141705e-06, 0.0000e+00, 0.0000e+00, 
 2DIAGNOSTIC,    22, -4.350518219415e-01, 1.401292271858e-06, 0.0000e+00, 0.0000e+00, 
 2DIAGNOSTIC,    23, -4.350518353088e-01, 1.355910501072e-06, 0.0000e+00, 0.0000e+00, 
 2DIAGNOSTIC,    24, -4.350517623144e-01, 1.296322446907e-06, 0.0000e+00, 0.0000e+00, 
 2DIAGNOSTIC,    25, -4.350517631720e-01, 1.250011603754e-06, 0.0000e+00, 0.0000e+00, 
 2DIAGNOSTIC,    26, -4.350517638842e-01, 1.203129127138e-06, 0.0000e+00, 0.0000e+00, 
 2DIAGNOSTIC,    27, -4.350517636508e-01, 1.165156660043e-06, 0.0000e+00, 0.0000e+00, 
 2DIAGNOSTIC,    28, -4.350517636508e-01, 1.127528944364e-06, 0.0000e+00, 0.0000e+00, 
 2DIAGNOSTIC,    29, -4.350517636508e-01, 1.080595178900e-06, 0.0000e+00, 0.0000e+00, 
 2DIAGNOSTIC,    30, -4.350517636508e-01, 1.040432866944e-06, 0.0000e+00, 0.0000e+00, 
 2DIAGNOSTIC,    31, -4.350517636508e-01, 1.023952053723e-06, 0.0000e+00, 0.0000e+00, 
DIAGNOSTIC,Iteration,metricValue,convergenceValue,ITERATION_TIME_INDEX,SINCE_LAST
 2DIAGNOSTIC,     1, -4.015065746805e-01, 1.797693134862e+308, 0.0000e+00, 0.0000e+00, 
 2DIAGNOSTIC,     2, -4.016939770986e-01, 1.797693134862e+308, 0.0000e+00, 0.0000e+00, 
 2DIAGNOSTIC,     3, -4.017666144723e-01, 1.797693134862e+308, 0.0000e+00, 0.0000e+00, 
 2DIAGNOSTIC,     4, -4.018104386359e-01, 1.797693134862e+308, 0.0000e+00, 0.0000e+00, 
 2DIAGNOSTIC,     5, -4.018239746241e-01, 1.797693134862e+308, 0.0000e+00, 0.0000e+00, 
 2DIAGNOSTIC,     6, -4.018570313916e-01, 1.797693134862e+308, 0.0000e+00, 0.0000e+00, 
 2DIAGNOSTIC,     7, -4.019045825137e-01, 1.797693134862e+308, 0.0000e+00, 0.0000e+00, 
 2DIAGNOSTIC,     8, -4.019063269125e-01, 1.797693134862e+308, 0.0000e+00, 0.0000e+00, 
 2DIAGNOSTIC,     9, -4.019073363087e-01, 1.797693134862e+308, 0.0000e+00, 0.0000e+00, 
 2DIAGNOSTIC,    10, -4.019084889210e-01, 5.522751240897e-05, 0.0000e+00, 0.0000e+00, 
 2DIAGNOSTIC,    11, -4.019082844573e-01, 3.199411469940e-05, 0.0000e+00, 0.0000e+00, 
 2DIAGNOSTIC,    12, -4.019084357958e-01, 2.094770429566e-05, 0.0000e+00, 0.0000e+00, 
 2DIAGNOSTIC,    13, -4.019086378752e-01, 1.387103565419e-05, 0.0000e+00, 0.0000e+00, 
 2DIAGNOSTIC,    14, -4.019087895083e-01, 9.027530700395e-06, 0.0000e+00, 0.0000e+00, 
 2DIAGNOSTIC,    15, -4.019087817839e-01, 4.833793986900e-06, 0.0000e+00, 0.0000e+00, 
 2DIAGNOSTIC,    16, -4.019088426389e-01, 2.321090033411e-06, 0.0000e+00, 0.0000e+00, 
 2DIAGNOSTIC,    17, -4.019088550677e-01, 2.051369075891e-06, 0.0000e+00, 0.0000e+00, 
 2DIAGNOSTIC,    18, -4.019090577374e-01, 1.870635006784e-06, 0.0000e+00, 0.0000e+00, 
 2DIAGNOSTIC,    19, -4.019088153451e-01, 1.726414356036e-06, 0.0000e+00, 0.0000e+00, 
 2DIAGNOSTIC,    20, -4.019088348659e-01, 1.633959789138e-06, 0.0000e+00, 0.0000e+00, 
 2DIAGNOSTIC,    21, -4.019086638491e-01, 1.533633877449e-06, 0.0000e+00, 0.0000e+00, 
 2DIAGNOSTIC,    22, -4.019086850024e-01, 1.446115419329e-06, 0.0000e+00, 0.0000e+00, 
 2DIAGNOSTIC,    23, -4.019087705606e-01, 1.374809660441e-06, 0.0000e+00, 0.0000e+00, 
 2DIAGNOSTIC,    24, -4.019090521688e-01, 1.322999010220e-06, 0.0000e+00, 0.0000e+00, 
 2DIAGNOSTIC,    25, -4.019088941645e-01, 1.270796050737e-06, 0.0000e+00, 0.0000e+00, 
 2DIAGNOSTIC,    26, -4.019088859561e-01, 1.224496248599e-06, 0.0000e+00, 0.0000e+00, 
 2DIAGNOSTIC,    27, -4.019087566160e-01, 1.178348109837e-06, 0.0000e+00, 0.0000e+00, 
 2DIAGNOSTIC,    28, -4.019087864424e-01, 1.141446533869e-06, 0.0000e+00, 0.0000e+00, 
 2DIAGNOSTIC,    29, -4.019088461926e-01, 1.101925309575e-06, 0.0000e+00, 0.0000e+00, 
 2DIAGNOSTIC,    30, -4.019088822668e-01, 1.066008234282e-06, 0.0000e+00, 0.0000e+00, 
 2DIAGNOSTIC,    31, -4.019086579720e-01, 1.023021124459e-06, 0.0000e+00, 0.0000e+00, 
  Elapsed time (stage 0): 0.0000e+00


Total elapsed time: 0.0000e+00
Info [verificarlo]: loaded backend libinterflop_vprec.so
Info [interflop-vprec]: load backend with: 
Info [interflop-vprec]: precision-binary32 = 20
Info [interflop-vprec]: range-binary32 = 8
Info [interflop-vprec]: precision-binary64 = 20
Info [interflop-vprec]: range-binary64 = 8
Info [interflop-vprec]: mode = ob
Info [interflop-vprec]: error-mode = rel
Info [interflop-vprec]: max-abs-error-exponent = -1022
Info [interflop-vprec]: daz = false
Info [interflop-vprec]: ftz = false
Info [interflop-vprec]: 	instrument = none
Info [interflop-vprec]: 	prec-input-file = (null)
Info [interflop-vprec]: 	prec-output-file = (null)
Info [interflop-vprec]: 	prec-log-file = (null)
All_Command_lines_OK
Using double precision for computations.
=============================================================================
The composite transform comprises the following transforms (in order): 
  1. /home/mdugre/scratch/mri-registration-rp/datasets/ds004513/derivatives/mri-registration-rp/0111/antsRegistration-r8-p20/sub-s037/rigid_Composite.h5[0] (type = Euler3DTransform)
  2. /home/mdugre/scratch/mri-registration-rp/datasets/ds004513/derivatives/mri-registration-rp/0111/antsRegistration-r8-p20/sub-s037/rigid_Composite.h5[1] (type = Euler3DTransform)
  3. /home/mdugre/scratch/mri-registration-rp/datasets/ds004513/derivatives/mri-registration-rp/0111/antsRegistration-r8-p20/sub-s037/rigid_Composite.h5[2] (type = Euler3DTransform)
=============================================================================
  number of levels = 4
  fixed image: /templateflow/tpl-MNI152NLin2009cAsym/tpl-MNI152NLin2009cAsym_res-01_desc-brain_T1w.nii.gz
  moving image: /home/mdugre/scratch/mri-registration-rp/datasets/ds004513/derivatives/mri-registration-rp/antsBrainExtraction/sub-s037/BrainExtractionBrain.nii.gz
Dimension = 3
Number of stages = 1
Use histogram matching = false
Winsorize image intensities = true
  Lower quantile = 0.005
  Upper quantile = 0.995


Stage 1 State
   Image metric = MattesMI
     Fixed image = Image (0x428f490)
  RTTI typeinfo:   itk::Image<double, 3u>
  Reference Count: 2
  Modified Time: 1592
  Debug: Off
  Object Name: 
  Observers: 
    none
  Source: (none)
  Source output name: (none)
  Release Data: Off
  Data Released: False
  Global Release Data: Off
  PipelineMTime: 0
  UpdateMTime: 1203
  RealTimeStamp: 0 seconds 
  LargestPossibleRegion: 
    Dimension: 3
    Index: [0, 0, 0]
    Size: [193, 229, 193]
  BufferedRegion: 
    Dimension: 3
    Index: [0, 0, 0]
    Size: [193, 229, 193]
  RequestedRegion: 
    Dimension: 3
    Index: [0, 0, 0]
    Size: [193, 229, 193]
  Spacing: [1, 1, 1]
  Origin: [96, 132, -78]
  Direction: 
-1 0 0
0 -1 0
0 0 1

  IndexToPointMatrix: 
-1 0 0
0 -1 0
0 0 1

  PointToIndexMatrix: 
-1 0 0
0 -1 0
0 0 1

  Inverse Direction: 
-1 0 0
0 -1 0
0 0 1

  PixelContainer: 
    ImportImageContainer (0x4347fa0)
      RTTI typeinfo:   itk::ImportImageContainer<unsigned long, double>
      Reference Count: 1
      Modified Time: 1200
      Debug: Off
      Object Name: 
      Observers: 
        none
      Pointer: 0x14bad0595010
      Container manages memory: true
      Size: 8530021
      Capacity: 8530021

     Moving image = Image (0x434ad20)
  RTTI typeinfo:   itk::Image<double, 3u>
  Reference Count: 2
  Modified Time: 1593
  Debug: Off
  Object Name: 
  Observers: 
    none
  Source: (none)
  Source output name: (none)
  Release Data: Off
  Data Released: False
  Global Release Data: Off
  PipelineMTime: 0
  UpdateMTime: 1590
  RealTimeStamp: 0 seconds 
  LargestPossibleRegion: 
    Dimension: 3
    Index: [0, 0, 0]
    Size: [160, 240, 256]
  BufferedRegion: 
    Dimension: 3
    Index: [0, 0, 0]
    Size: [160, 240, 256]
  RequestedRegion: 
    Dimension: 3
    Index: [0, 0, 0]
    Size: [160, 240, 256]
  Spacing: [1, 1, 1]
  Origin: [87.9508, 102.562, -147.639]
  Direction: 
-0.998658 -0.0436121 -0.0279129
0.043595 -0.999049 0.00121847
-0.0279395 -2.65543e-08 0.999609

  IndexToPointMatrix: 
-0.998658 -0.0436121 -0.0279129
0.043595 -0.999049 0.00121847
-0.0279395 -2.65543e-08 0.999609

  PointToIndexMatrix: 
-0.99866 0.043595 -0.0279396
-0.043612 -0.999048 2.38419e-07
-0.027913 0.00121832 0.99961

  Inverse Direction: 
-0.99866 0.043595 -0.0279396
-0.043612 -0.999048 2.38419e-07
-0.027913 0.00121832 0.99961

  PixelContainer: 
    ImportImageContainer (0x4406390)
      RTTI typeinfo:   itk::ImportImageContainer<unsigned long, double>
      Reference Count: 1
      Modified Time: 1587
      Debug: Off
      Object Name: 
      Observers: 
        none
      Pointer: 0x14bacba94010
      Container manages memory: true
      Size: 9830400
      Capacity: 9830400

     Weighting = 1
     Sampling strategy = regular
     Number of bins = 32
     Radius = 4
     Sampling percentage  = 0.25
   Transform = Affine
     Gradient step = 0.1
     Update field sigma (voxel space) = 0
     Total field sigma (voxel space) = 0
     Update field time sigma = 0
     Total field time sigma  = 0
     Number of time indices = 0
     Number of time point samples = 0
Registration using 1 total stages.

Stage 0
  iterations = 1000x500x250x100
  convergence threshold = 1e-06
  convergence window size = 10
  number of levels = 4
  using the Mattes MI metric (number of bins = 32, weight = 1, use gradient filter = 0)
  preprocessing:  winsorizing the image intensities
  Shrink factors (level 1 out of 4): [8, 8, 8]
  Shrink factors (level 2 out of 4): [4, 4, 4]
  Shrink factors (level 3 out of 4): [2, 2, 2]
  Shrink factors (level 4 out of 4): [1, 1, 1]
  smoothing sigmas per level: [3, 2, 1, 0]
  regular sampling (percentage = 0.25)

*** Running AffineTransform registration ***

DIAGNOSTIC,Iteration,metricValue,convergenceValue,ITERATION_TIME_INDEX,SINCE_LAST
 2DIAGNOSTIC,     1, -5.869810029329e-01, 1.797693134862e+308, 0.0000e+00, 0.0000e+00, 
 2DIAGNOSTIC,     2, -5.884172899154e-01, 1.797693134862e+308, 0.0000e+00, 0.0000e+00, 
 2DIAGNOSTIC,     3, -5.910295073717e-01, 1.797693134862e+308, 0.0000e+00, 0.0000e+00, 
 2DIAGNOSTIC,     4, -5.957337135889e-01, 1.797693134862e+308, 0.0000e+00, 0.0000e+00, 
 2DIAGNOSTIC,     5, -6.032631515544e-01, 1.797693134862e+308, 0.0000e+00, 0.0000e+00, 
 2DIAGNOSTIC,     6, -6.132754312339e-01, 1.797693134862e+308, 0.0000e+00, 0.0000e+00, 
 2DIAGNOSTIC,     7, -6.299412227941e-01, 1.797693134862e+308, 0.0000e+00, 0.0000e+00, 
 2DIAGNOSTIC,     8, -6.622555573312e-01, 1.797693134862e+308, 0.0000e+00, 0.0000e+00, 
 2DIAGNOSTIC,     9, -6.873818185241e-01, 1.797693134862e+308, 0.0000e+00, 0.0000e+00, 
 2DIAGNOSTIC,    10, -6.874065103002e-01, 1.158487366642e-02, 0.0000e+00, 0.0000e+00, 
 2DIAGNOSTIC,    11, -6.878698995012e-01, 1.141022835232e-02, 0.0000e+00, 0.0000e+00, 
 2DIAGNOSTIC,    12, -6.884785136196e-01, 1.032972032142e-02, 0.0000e+00, 0.0000e+00, 
 2DIAGNOSTIC,    13, -6.893898159892e-01, 8.601023427243e-03, 0.0000e+00, 0.0000e+00, 
 2DIAGNOSTIC,    14, -6.908732572381e-01, 6.542805529531e-03, 0.0000e+00, 0.0000e+00, 
 2DIAGNOSTIC,    15, -6.923759611700e-01, 4.457430565490e-03, 0.0000e+00, 0.0000e+00, 
 2DIAGNOSTIC,    16, -6.938938957207e-01, 2.566683414579e-03, 0.0000e+00, 0.0000e+00, 
 2DIAGNOSTIC,    17, -6.984819849406e-01, 1.205696571446e-03, 0.0000e+00, 0.0000e+00, 
 2DIAGNOSTIC,    18, -7.093260490029e-01, 9.153065789251e-04, 0.0000e+00, 0.0000e+00, 
 2DIAGNOSTIC,    19, -7.135518032617e-01, 1.234559048939e-03, 0.0000e+00, 0.0000e+00, 
 2DIAGNOSTIC,    20, -7.128170903975e-01, 1.391319717187e-03, 0.0000e+00, 0.0000e+00, 
 2DIAGNOSTIC,    21, -7.129607463069e-01, 1.419879436772e-03, 0.0000e+00, 0.0000e+00, 
 2DIAGNOSTIC,    22, -7.129878758004e-01, 1.325011966194e-03, 0.0000e+00, 0.0000e+00, 
 2DIAGNOSTIC,    23, -7.130832978328e-01, 1.129928009548e-03, 0.0000e+00, 0.0000e+00, 
 2DIAGNOSTIC,    24, -7.132130596294e-01, 8.741353405324e-04, 0.0000e+00, 0.0000e+00, 
 2DIAGNOSTIC,    25, -7.132833536237e-01, 5.880538735859e-04, 0.0000e+00, 0.0000e+00, 
 2DIAGNOSTIC,    26, -7.133651708903e-01, 2.973464736881e-04, 0.0000e+00, 0.0000e+00, 
 2DIAGNOSTIC,    27, -7.132651247699e-01, 6.735694343392e-05, 0.0000e+00, 0.0000e+00, 
 2DIAGNOSTIC,    28, -7.133009186122e-01, 9.965382249677e-06, 0.0000e+00, 0.0000e+00, 
 2DIAGNOSTIC,    29, -7.130866671338e-01, 1.424500154636e-05, 0.0000e+00, 0.0000e+00, 
 2DIAGNOSTIC,    30, -7.131285678723e-01, 7.325277109171e-06, 0.0000e+00, 0.0000e+00, 
 2DIAGNOSTIC,    31, -7.133559987227e-01, 5.266404663307e-06, 0.0000e+00, 0.0000e+00, 
 2DIAGNOSTIC,    32, -7.137295272990e-01, 8.065721506224e-06, 0.0000e+00, 0.0000e+00, 
